,TIME,SRC,PACKET_SIZE,CUMULATIVE_PACKET_SIZE,PAGE_NUMBER,TOTAL_PACKET_SIZE
0,0.0,74.125.130.0-255,146,146,34,277700
1,2.9e-05,172.31.33.0-255,66,212,34,277700
2,3.6e-05,74.125.130.0-255,1484,1696,34,277700
3,4.1e-05,172.31.33.0-255,66,1762,34,277700
4,4.4e-05,74.125.130.0-255,1484,3246,34,277700
5,4.6e-05,172.31.33.0-255,66,3312,34,277700
6,5.1e-05,74.125.130.0-255,2902,6214,34,277700
7,5.3e-05,172.31.33.0-255,66,6280,34,277700
8,8.4e-05,74.125.130.0-255,5738,12018,34,277700
9,8.9e-05,172.31.33.0-255,66,12084,34,277700
10,0.000107,74.125.130.0-255,4947,17031,34,277700
11,0.00011,172.31.33.0-255,66,17097,34,277700
12,0.000113,74.125.130.0-255,1484,18581,34,277700
13,0.000115,172.31.33.0-255,66,18647,34,277700
14,0.00014,74.125.130.0-255,4320,22967,34,277700
15,0.000143,172.31.33.0-255,66,23033,34,277700
16,0.000153,172.31.33.0-255,66,23099,34,277700
17,0.000301,74.125.130.0-255,1484,24583,34,277700
18,0.000305,172.31.33.0-255,66,24649,34,277700
19,0.000311,74.125.130.0-255,2902,27551,34,277700
20,0.000314,172.31.33.0-255,66,27617,34,277700
21,0.000332,74.125.130.0-255,5738,33355,34,277700
22,0.000336,172.31.33.0-255,66,33421,34,277700
23,0.00034,74.125.130.0-255,2902,36323,34,277700
24,0.000342,172.31.33.0-255,66,36389,34,277700
25,0.000364,74.125.130.0-255,4320,40709,34,277700
26,0.000367,172.31.33.0-255,66,40775,34,277700
27,0.000408,74.125.130.0-255,7156,47931,34,277700
28,0.000412,172.31.33.0-255,66,47997,34,277700
29,0.000428,74.125.130.0-255,1484,49481,34,277700
30,0.000432,172.31.33.0-255,66,49547,34,277700
31,0.000443,172.31.33.0-255,66,49613,34,277700
32,0.000445,74.125.130.0-255,377,49990,34,277700
33,0.00059,74.125.130.0-255,99,50089,34,277700
34,0.000792,172.31.33.0-255,66,50155,34,277700
35,0.00082,74.125.130.0-255,1484,51639,34,277700
36,0.000836,74.125.130.0-255,2902,54541,34,277700
37,0.000839,172.31.33.0-255,66,54607,34,277700
38,0.000842,74.125.130.0-255,1484,56091,34,277700
39,0.000859,74.125.130.0-255,4320,60411,34,277700
40,0.000862,172.31.33.0-255,66,60477,34,277700
41,0.000869,74.125.130.0-255,5738,66215,34,277700
42,0.000871,172.31.33.0-255,66,66281,34,277700
43,0.000889,74.125.130.0-255,1484,67765,34,277700
44,0.000906,74.125.130.0-255,4320,72085,34,277700
45,0.000909,172.31.33.0-255,66,72151,34,277700
46,0.000939,172.31.33.0-255,66,72217,34,277700
47,0.000953,74.125.130.0-255,2184,74401,34,277700
48,0.000957,172.31.33.0-255,66,74467,34,277700
49,0.001012,74.125.130.0-255,1484,75951,34,277700
50,0.001029,74.125.130.0-255,2902,78853,34,277700
51,0.001032,172.31.33.0-255,66,78919,34,277700
52,0.001036,74.125.130.0-255,1484,80403,34,277700
53,0.001053,74.125.130.0-255,4320,84723,34,277700
54,0.001056,172.31.33.0-255,66,84789,34,277700
55,0.001061,74.125.130.0-255,2902,87691,34,277700
56,0.001063,172.31.33.0-255,66,87757,34,277700
57,0.001068,74.125.130.0-255,4320,92077,34,277700
58,0.00107,172.31.33.0-255,66,92143,34,277700
59,0.001103,172.31.33.0-255,66,92209,34,277700
60,0.001126,74.125.130.0-255,7156,99365,34,277700
61,0.001129,172.31.33.0-255,66,99431,34,277700
62,0.001147,74.125.130.0-255,766,100197,34,277700
63,0.001332,172.31.33.0-255,66,100263,34,277700
64,0.001364,74.125.130.0-255,1484,101747,34,277700
65,0.001379,74.125.130.0-255,2902,104649,34,277700
66,0.001383,172.31.33.0-255,66,104715,34,277700
67,0.00139,74.125.130.0-255,5738,110453,34,277700
68,0.001392,172.31.33.0-255,66,110519,34,277700
69,0.001417,74.125.130.0-255,4320,114839,34,277700
70,0.001422,172.31.33.0-255,66,114905,34,277700
71,0.001437,74.125.130.0-255,4320,119225,34,277700
72,0.001439,172.31.33.0-255,66,119291,34,277700
73,0.00146,74.125.130.0-255,1484,120775,34,277700
74,0.001466,74.125.130.0-255,4320,125095,34,277700
75,0.001469,172.31.33.0-255,66,125161,34,277700
76,0.001489,74.125.130.0-255,5738,130899,34,277700
77,0.001492,172.31.33.0-255,66,130965,34,277700
78,0.001513,74.125.130.0-255,3602,134567,34,277700
79,0.001516,172.31.33.0-255,66,134633,34,277700
80,0.00167,74.125.130.0-255,1484,136117,34,277700
81,0.001682,74.125.130.0-255,2902,139019,34,277700
82,0.001685,172.31.33.0-255,66,139085,34,277700
83,0.001712,74.125.130.0-255,5738,144823,34,277700
84,0.001715,172.31.33.0-255,66,144889,34,277700
85,0.001721,74.125.130.0-255,5738,150627,34,277700
86,0.001724,172.31.33.0-255,66,150693,34,277700
87,0.001727,74.125.130.0-255,1484,152177,34,277700
88,0.001744,74.125.130.0-255,5738,157915,34,277700
89,0.001747,172.31.33.0-255,66,157981,34,277700
90,0.001763,74.125.130.0-255,1484,159465,34,277700
91,0.001776,74.125.130.0-255,4320,163785,34,277700
92,0.00178,172.31.33.0-255,66,163851,34,277700
93,0.001802,74.125.130.0-255,5020,168871,34,277700
94,0.001805,172.31.33.0-255,66,168937,34,277700
95,0.003797,74.125.130.0-255,5738,174675,34,277700
96,0.003802,172.31.33.0-255,66,174741,34,277700
97,0.005782,74.125.130.0-255,5738,180479,34,277700
98,0.005786,172.31.33.0-255,66,180545,34,277700
99,0.007805,74.125.130.0-255,5738,186283,34,277700
100,0.00781,172.31.33.0-255,66,186349,34,277700
101,0.009801,74.125.130.0-255,5738,192087,34,277700
102,0.009806,172.31.33.0-255,66,192153,34,277700
103,0.011805,74.125.130.0-255,5738,197891,34,277700
104,0.011812,172.31.33.0-255,66,197957,34,277700
105,0.013827,74.125.130.0-255,5738,203695,34,277700
106,0.013833,172.31.33.0-255,66,203761,34,277700
107,0.015828,74.125.130.0-255,5738,209499,34,277700
108,0.015838,172.31.33.0-255,66,209565,34,277700
109,0.017824,74.125.130.0-255,5738,215303,34,277700
110,0.017831,172.31.33.0-255,66,215369,34,277700
111,0.019828,74.125.130.0-255,5738,221107,34,277700
112,0.019835,172.31.33.0-255,66,221173,34,277700
113,0.021845,74.125.130.0-255,5738,226911,34,277700
114,0.021865,172.31.33.0-255,66,226977,34,277700
115,0.023871,74.125.130.0-255,5738,232715,34,277700
116,0.023886,172.31.33.0-255,66,232781,34,277700
117,0.025879,74.125.130.0-255,5738,238519,34,277700
118,0.02589,172.31.33.0-255,66,238585,34,277700
119,0.027907,74.125.130.0-255,5738,244323,34,277700
120,0.027925,172.31.33.0-255,66,244389,34,277700
121,0.029928,74.125.130.0-255,5738,250127,34,277700
122,0.029934,172.31.33.0-255,66,250193,34,277700
123,0.030226,172.31.33.0-255,172,250365,34,277700
124,0.03026,172.31.33.0-255,1114,251479,34,277700
125,0.030328,172.31.33.0-255,1514,252993,34,277700
126,0.03033,172.31.33.0-255,1293,254286,34,277700
127,0.031759,104.244.42.0-255,66,254352,34,277700
128,0.031892,104.244.42.0-255,66,254418,34,277700
129,0.031943,74.125.130.0-255,5738,260156,34,277700
130,0.031953,172.31.33.0-255,66,260222,34,277700
131,0.031984,104.244.42.0-255,66,260288,34,277700
132,0.03395,74.125.130.0-255,5738,266026,34,277700
133,0.03396,172.31.33.0-255,66,266092,34,277700
134,0.035969,74.125.130.0-255,5738,271830,34,277700
135,0.035987,172.31.33.0-255,66,271896,34,277700
136,0.038012,74.125.130.0-255,5738,277634,34,277700
137,0.03803,172.31.33.0-255,66,277700,34,277700
138,0.0,172.217.194.0-255,152,152,34,304210
139,2.3e-05,172.31.33.0-255,66,218,34,304210
140,3e-05,172.217.194.0-255,1484,1702,34,304210
141,3.4e-05,172.31.33.0-255,66,1768,34,304210
142,4.4e-05,172.217.194.0-255,2902,4670,34,304210
143,4.7e-05,172.31.33.0-255,66,4736,34,304210
144,0.000103,172.217.194.0-255,4320,9056,34,304210
145,0.000107,172.31.33.0-255,66,9122,34,304210
146,0.000113,172.217.194.0-255,4882,14004,34,304210
147,0.000115,172.31.33.0-255,66,14070,34,304210
148,0.000188,172.217.194.0-255,1484,15554,34,304210
149,0.000191,172.31.33.0-255,66,15620,34,304210
150,0.000197,172.217.194.0-255,2902,18522,34,304210
151,0.000198,172.31.33.0-255,66,18588,34,304210
152,0.000201,172.217.194.0-255,1484,20072,34,304210
153,0.000202,172.31.33.0-255,66,20138,34,304210
154,0.00022,172.217.194.0-255,4320,24458,34,304210
155,0.000223,172.31.33.0-255,66,24524,34,304210
156,0.000268,172.217.194.0-255,2902,27426,34,304210
157,0.000271,172.31.33.0-255,66,27492,34,304210
158,0.000285,172.217.194.0-255,3961,31453,34,304210
159,0.000292,172.31.33.0-255,66,31519,34,304210
160,0.000295,172.217.194.0-255,1484,33003,34,304210
161,0.000298,172.31.33.0-255,66,33069,34,304210
162,0.000334,172.217.194.0-255,5738,38807,34,304210
163,0.000337,172.31.33.0-255,66,38873,34,304210
164,0.000348,172.31.33.0-255,66,38939,34,304210
165,0.000414,172.217.194.0-255,1484,40423,34,304210
166,0.000418,172.31.33.0-255,66,40489,34,304210
167,0.000422,172.217.194.0-255,2902,43391,34,304210
168,0.000424,172.31.33.0-255,66,43457,34,304210
169,0.000454,172.217.194.0-255,5738,49195,34,304210
170,0.000457,172.31.33.0-255,66,49261,34,304210
171,0.000479,172.217.194.0-255,7098,56359,34,304210
172,0.000481,172.31.33.0-255,66,56425,34,304210
173,0.000496,172.217.194.0-255,376,56801,34,304210
174,0.000589,172.217.194.0-255,1484,58285,34,304210
175,0.000592,172.31.33.0-255,66,58351,34,304210
176,0.000597,172.217.194.0-255,2902,61253,34,304210
177,0.000599,172.31.33.0-255,66,61319,34,304210
178,0.000624,172.217.194.0-255,5738,67057,34,304210
179,0.000626,172.31.33.0-255,66,67123,34,304210
180,0.000632,172.217.194.0-255,5738,72861,34,304210
181,0.000634,172.31.33.0-255,66,72927,34,304210
182,0.000668,172.217.194.0-255,1125,74052,34,304210
183,0.000742,172.217.194.0-255,1484,75536,34,304210
184,0.000745,172.31.33.0-255,66,75602,34,304210
185,0.000749,172.217.194.0-255,1484,77086,34,304210
186,0.00077,172.217.194.0-255,1484,78570,34,304210
187,0.000773,172.31.33.0-255,66,78636,34,304210
188,0.000779,172.217.194.0-255,5738,84374,34,304210
189,0.00078,172.31.33.0-255,66,84440,34,304210
190,0.000783,172.217.194.0-255,1484,85924,34,304210
191,0.000808,172.217.194.0-255,4320,90244,34,304210
192,0.000811,172.31.33.0-255,66,90310,34,304210
193,0.00082,172.31.33.0-255,66,90376,34,304210
194,0.000847,172.217.194.0-255,4320,94696,34,304210
195,0.000849,172.31.33.0-255,66,94762,34,304210
196,0.000855,172.217.194.0-255,4471,99233,34,304210
197,0.000857,172.31.33.0-255,66,99299,34,304210
198,0.001005,172.217.194.0-255,1484,100783,34,304210
199,0.00101,172.217.194.0-255,2902,103685,34,304210
200,0.001013,172.31.33.0-255,66,103751,34,304210
201,0.001038,172.217.194.0-255,5738,109489,34,304210
202,0.001042,172.31.33.0-255,66,109555,34,304210
203,0.001042,172.217.194.0-255,4320,113875,34,304210
204,0.001045,172.31.33.0-255,66,113941,34,304210
205,0.001059,172.217.194.0-255,1484,115425,34,304210
206,0.001063,172.217.194.0-255,2902,118327,34,304210
207,0.001065,172.31.33.0-255,66,118393,34,304210
208,0.001104,172.31.33.0-255,66,118459,34,304210
209,0.001109,172.217.194.0-255,5020,123479,34,304210
210,0.001111,172.31.33.0-255,66,123545,34,304210
211,0.001368,172.217.194.0-255,1484,125029,34,304210
212,0.001376,172.217.194.0-255,2902,127931,34,304210
213,0.001379,172.31.33.0-255,66,127997,34,304210
214,0.001386,172.217.194.0-255,5738,133735,34,304210
215,0.001388,172.31.33.0-255,66,133801,34,304210
216,0.00142,172.217.194.0-255,6797,140598,34,304210
217,0.001423,172.31.33.0-255,66,140664,34,304210
218,0.001434,172.217.194.0-255,1484,142148,34,304210
219,0.001454,172.217.194.0-255,5738,147886,34,304210
220,0.001457,172.31.33.0-255,66,147952,34,304210
221,0.001462,172.217.194.0-255,5738,153690,34,304210
222,0.001464,172.31.33.0-255,66,153756,34,304210
223,0.00148,172.217.194.0-255,2902,156658,34,304210
224,0.001483,172.31.33.0-255,66,156724,34,304210
225,0.001514,172.31.33.0-255,66,156790,34,304210
226,0.001525,172.217.194.0-255,6438,163228,34,304210
227,0.001594,172.217.194.0-255,1484,164712,34,304210
228,0.0016,172.217.194.0-255,2902,167614,34,304210
229,0.001605,172.217.194.0-255,5738,173352,34,304210
230,0.001615,172.217.194.0-255,1484,174836,34,304210
231,0.001629,172.217.194.0-255,4320,179156,34,304210
232,0.001643,172.217.194.0-255,1484,180640,34,304210
233,0.001671,172.217.194.0-255,2902,183542,34,304210
234,0.001706,172.217.194.0-255,5020,188562,34,304210
235,0.002109,172.217.194.0-255,1484,190046,34,304210
236,0.002125,172.217.194.0-255,2902,192948,34,304210
237,0.002129,172.217.194.0-255,2902,195850,34,304210
238,0.002144,172.217.194.0-255,2902,198752,34,304210
239,0.002155,172.217.194.0-255,1484,200236,34,304210
240,0.002173,172.217.194.0-255,5738,205974,34,304210
241,0.002183,172.217.194.0-255,4320,210294,34,304210
242,0.002191,172.217.194.0-255,1484,211778,34,304210
243,0.002194,172.217.194.0-255,1484,213262,34,304210
244,0.002202,172.217.194.0-255,2902,216164,34,304210
245,0.002216,172.217.194.0-255,4320,220484,34,304210
246,0.002228,172.217.194.0-255,2184,222668,34,304210
247,0.002395,172.217.194.0-255,1484,224152,34,304210
248,0.002407,172.217.194.0-255,2902,227054,34,304210
249,0.002432,172.217.194.0-255,5738,232792,34,304210
250,0.002471,172.217.194.0-255,4320,237112,34,304210
251,0.002484,172.217.194.0-255,2543,239655,34,304210
252,0.002632,172.217.194.0-255,1484,241139,34,304210
253,0.002648,172.217.194.0-255,1484,242623,34,304210
254,0.002656,172.217.194.0-255,1484,244107,34,304210
255,0.002675,172.217.194.0-255,1484,245591,34,304210
256,0.002693,172.217.194.0-255,4320,249911,34,304210
257,0.002695,172.217.194.0-255,1484,251395,34,304210
258,0.002714,172.217.194.0-255,4320,255715,34,304210
259,0.002732,172.217.194.0-255,5738,261453,34,304210
260,0.00296,172.217.194.0-255,1484,262937,34,304210
261,0.002986,172.217.194.0-255,1484,264421,34,304210
262,0.002996,172.217.194.0-255,1484,265905,34,304210
263,0.003,172.217.194.0-255,4320,270225,34,304210
264,0.003015,172.217.194.0-255,1484,271709,34,304210
265,0.003017,172.217.194.0-255,1484,273193,34,304210
266,0.003027,172.217.194.0-255,2902,276095,34,304210
267,0.003041,172.217.194.0-255,5738,281833,34,304210
268,0.00306,172.217.194.0-255,2902,284735,34,304210
269,0.003063,172.217.194.0-255,2902,287637,34,304210
270,0.003076,172.217.194.0-255,1484,289121,34,304210
271,0.003098,172.217.194.0-255,6438,295559,34,304210
272,0.003149,172.217.194.0-255,3844,299403,34,304210
273,0.003165,172.217.194.0-255,105,299508,34,304210
274,0.004256,172.31.33.0-255,66,299574,34,304210
275,0.0145,172.31.33.0-255,105,299679,34,304210
276,0.016782,172.217.194.0-255,66,299745,34,304210
277,0.031298,172.31.33.0-255,172,299917,34,304210
278,0.031323,172.31.33.0-255,1113,301030,34,304210
279,0.031363,172.31.33.0-255,1514,302544,34,304210
280,0.031365,172.31.33.0-255,1294,303838,34,304210
281,0.032859,104.244.42.0-255,66,303904,34,304210
282,0.032867,104.244.42.0-255,66,303970,34,304210
283,0.032965,104.244.42.0-255,66,304036,34,304210
284,0.034606,104.244.42.0-255,108,304144,34,304210
285,0.034622,172.31.33.0-255,66,304210,34,304210
286,0.0,172.217.194.0-255,153,153,34,211019
287,2.6e-05,172.31.33.0-255,66,219,34,211019
288,3.3e-05,172.217.194.0-255,1484,1703,34,211019
289,3.7e-05,172.31.33.0-255,66,1769,34,211019
290,4.1e-05,172.217.194.0-255,2902,4671,34,211019
291,4.4e-05,172.31.33.0-255,66,4737,34,211019
292,7.4e-05,172.217.194.0-255,7156,11893,34,211019
293,7.6e-05,172.31.33.0-255,66,11959,34,211019
294,8e-05,172.217.194.0-255,2028,13987,34,211019
295,8.4e-05,172.31.33.0-255,66,14053,34,211019
296,0.000341,172.217.194.0-255,1484,15537,34,211019
297,0.000345,172.217.194.0-255,1484,17021,34,211019
298,0.000347,172.31.33.0-255,66,17087,34,211019
299,0.000351,172.31.33.0-255,66,17153,34,211019
300,0.000363,172.217.194.0-255,1484,18637,34,211019
301,0.000366,172.31.33.0-255,66,18703,34,211019
302,0.000372,172.217.194.0-255,4320,23023,34,211019
303,0.000374,172.31.33.0-255,66,23089,34,211019
304,0.000409,172.217.194.0-255,2902,25991,34,211019
305,0.000412,172.31.33.0-255,66,26057,34,211019
306,0.000442,172.217.194.0-255,6797,32854,34,211019
307,0.000446,172.31.33.0-255,66,32920,34,211019
308,0.000452,172.217.194.0-255,5738,38658,34,211019
309,0.000453,172.31.33.0-255,66,38724,34,211019
310,0.000491,172.31.33.0-255,66,38790,34,211019
311,0.000512,172.31.33.0-255,66,38856,34,211019
312,0.000549,172.31.33.0-255,66,38922,34,211019
313,0.000966,172.217.194.0-255,361,39283,34,211019
314,0.000971,172.31.33.0-255,66,39349,34,211019
315,0.001212,172.217.194.0-255,1484,40833,34,211019
316,0.001228,172.217.194.0-255,2902,43735,34,211019
317,0.001232,172.31.33.0-255,66,43801,34,211019
318,0.00127,172.217.194.0-255,5738,49539,34,211019
319,0.001274,172.31.33.0-255,66,49605,34,211019
320,0.001278,172.217.194.0-255,1484,51089,34,211019
321,0.0013,172.217.194.0-255,7156,58245,34,211019
322,0.001303,172.31.33.0-255,66,58311,34,211019
323,0.001309,172.217.194.0-255,2902,61213,34,211019
324,0.001311,172.31.33.0-255,66,61279,34,211019
325,0.001333,172.217.194.0-255,7156,68435,34,211019
326,0.001335,172.31.33.0-255,66,68501,34,211019
327,0.001341,172.217.194.0-255,5020,73521,34,211019
328,0.001343,172.31.33.0-255,66,73587,34,211019
329,0.001397,172.217.194.0-255,1484,75071,34,211019
330,0.001411,172.217.194.0-255,2902,77973,34,211019
331,0.001413,172.31.33.0-255,66,78039,34,211019
332,0.001417,172.217.194.0-255,2902,80941,34,211019
333,0.001419,172.31.33.0-255,66,81007,34,211019
334,0.001441,172.217.194.0-255,2902,83909,34,211019
335,0.001443,172.31.33.0-255,66,83975,34,211019
336,0.001447,172.217.194.0-255,2902,86877,34,211019
337,0.001449,172.31.33.0-255,66,86943,34,211019
338,0.001472,172.217.194.0-255,4320,91263,34,211019
339,0.001474,172.31.33.0-255,66,91329,34,211019
340,0.001496,172.217.194.0-255,5738,97067,34,211019
341,0.001498,172.31.33.0-255,66,97133,34,211019
342,0.001504,172.217.194.0-255,5738,102871,34,211019
343,0.001507,172.31.33.0-255,66,102937,34,211019
344,0.001549,172.217.194.0-255,5738,108675,34,211019
345,0.001551,172.31.33.0-255,66,108741,34,211019
346,0.001577,172.31.33.0-255,66,108807,34,211019
347,0.00159,172.31.33.0-255,66,108873,34,211019
348,0.001613,172.217.194.0-255,2902,111775,34,211019
349,0.001616,172.31.33.0-255,66,111841,34,211019
350,0.001625,172.31.33.0-255,66,111907,34,211019
351,0.001669,172.31.33.0-255,66,111973,34,211019
352,0.001698,172.31.33.0-255,66,112039,34,211019
353,0.001743,172.31.33.0-255,66,112105,34,211019
354,0.001759,172.217.194.0-255,2184,114289,34,211019
355,0.001761,172.31.33.0-255,66,114355,34,211019
356,0.002,172.217.194.0-255,1484,115839,34,211019
357,0.002013,172.217.194.0-255,2902,118741,34,211019
358,0.002015,172.31.33.0-255,66,118807,34,211019
359,0.002035,172.217.194.0-255,5738,124545,34,211019
360,0.002037,172.31.33.0-255,66,124611,34,211019
361,0.002049,172.217.194.0-255,4320,128931,34,211019
362,0.002051,172.31.33.0-255,66,128997,34,211019
363,0.002081,172.31.33.0-255,66,129063,34,211019
364,0.002117,172.31.33.0-255,66,129129,34,211019
365,0.002134,172.217.194.0-255,1920,131049,34,211019
366,0.002136,172.31.33.0-255,66,131115,34,211019
367,0.004669,172.217.194.0-255,5738,136853,34,211019
368,0.004675,172.31.33.0-255,66,136919,34,211019
369,0.00724,172.217.194.0-255,5738,142657,34,211019
370,0.007245,172.31.33.0-255,66,142723,34,211019
371,0.009802,172.217.194.0-255,5738,148461,34,211019
372,0.009808,172.31.33.0-255,66,148527,34,211019
373,0.012371,172.217.194.0-255,4320,152847,34,211019
374,0.012378,172.31.33.0-255,66,152913,34,211019
375,0.012396,172.217.194.0-255,1484,154397,34,211019
376,0.01501,172.217.194.0-255,4320,158717,34,211019
377,0.015032,172.31.33.0-255,66,158783,34,211019
378,0.01761,172.217.194.0-255,5738,164521,34,211019
379,0.017629,172.31.33.0-255,66,164587,34,211019
380,0.020204,172.217.194.0-255,5738,170325,34,211019
381,0.020218,172.31.33.0-255,66,170391,34,211019
382,0.022774,172.217.194.0-255,5738,176129,34,211019
383,0.022782,172.31.33.0-255,66,176195,34,211019
384,0.025399,172.217.194.0-255,5738,181933,34,211019
385,0.025412,172.31.33.0-255,66,181999,34,211019
386,0.027962,172.217.194.0-255,5738,187737,34,211019
387,0.027969,172.31.33.0-255,66,187803,34,211019
388,0.030548,172.217.194.0-255,5738,193541,34,211019
389,0.030564,172.31.33.0-255,66,193607,34,211019
390,0.033128,172.217.194.0-255,5738,199345,34,211019
391,0.033148,172.31.33.0-255,66,199411,34,211019
392,0.035703,172.217.194.0-255,5738,205149,34,211019
393,0.035709,172.31.33.0-255,66,205215,34,211019
394,0.038281,172.217.194.0-255,5738,210953,34,211019
395,0.038286,172.31.33.0-255,66,211019,34,211019
396,0.0,74.125.24.0-255,153,153,34,71960
397,2.1e-05,172.31.33.0-255,66,219,34,71960
398,2.8e-05,74.125.24.0-255,1484,1703,34,71960
399,3.2e-05,172.31.33.0-255,66,1769,34,71960
400,4.4e-05,74.125.24.0-255,2902,4671,34,71960
401,4.7e-05,172.31.33.0-255,66,4737,34,71960
402,9.9e-05,74.125.24.0-255,7156,11893,34,71960
403,0.000105,172.31.33.0-255,66,11959,34,71960
404,0.000269,74.125.24.0-255,2020,13979,34,71960
405,0.000273,172.31.33.0-255,66,14045,34,71960
406,0.00034,74.125.24.0-255,7156,21201,34,71960
407,0.000344,172.31.33.0-255,66,21267,34,71960
408,0.000367,74.125.24.0-255,4320,25587,34,71960
409,0.00037,172.31.33.0-255,66,25653,34,71960
410,0.000619,172.31.33.0-255,66,25719,34,71960
411,0.00066,172.31.33.0-255,66,25785,34,71960
412,0.001166,172.31.33.0-255,66,25851,34,71960
413,0.001199,172.31.33.0-255,66,25917,34,71960
414,0.001902,74.125.24.0-255,2902,28819,34,71960
415,0.001909,172.31.33.0-255,66,28885,34,71960
416,0.001942,172.31.33.0-255,66,28951,34,71960
417,0.001977,172.31.33.0-255,66,29017,34,71960
418,0.002005,74.125.24.0-255,5738,34755,34,71960
419,0.002007,172.31.33.0-255,66,34821,34,71960
420,0.002887,74.125.24.0-255,1484,36305,34,71960
421,0.00289,172.31.33.0-255,66,36371,34,71960
422,0.002919,172.31.33.0-255,66,36437,34,71960
423,0.002944,172.31.33.0-255,66,36503,34,71960
424,0.002977,172.31.33.0-255,66,36569,34,71960
425,0.002998,74.125.24.0-255,2902,39471,34,71960
426,0.003,172.31.33.0-255,66,39537,34,71960
427,0.003869,74.125.24.0-255,2902,42439,34,71960
428,0.003871,172.31.33.0-255,66,42505,34,71960
429,0.003884,74.125.24.0-255,5738,48243,34,71960
430,0.003889,172.31.33.0-255,66,48309,34,71960
431,0.0039,74.125.24.0-255,4320,52629,34,71960
432,0.003905,172.31.33.0-255,66,52695,34,71960
433,0.004179,74.125.24.0-255,1484,54179,34,71960
434,0.00422,74.125.24.0-255,4320,58499,34,71960
435,0.004222,172.31.33.0-255,66,58565,34,71960
436,0.006834,74.125.24.0-255,4320,62885,34,71960
437,0.010612,172.31.33.0-255,66,62951,34,71960
438,0.012675,172.31.33.0-255,66,63017,34,71960
439,0.012679,74.125.24.0-255,1484,64501,34,71960
440,0.012978,74.125.24.0-255,7156,71657,34,71960
441,0.012984,172.31.33.0-255,66,71723,34,71960
442,0.013024,172.31.33.0-255,66,71789,34,71960
443,0.013478,172.31.33.0-255,105,71894,34,71960
444,0.015481,74.125.24.0-255,66,71960,34,71960
445,0.0,74.125.130.0-255,153,153,34,293389
446,1.5e-05,172.31.33.0-255,66,219,34,293389
447,2.2e-05,74.125.130.0-255,1484,1703,34,293389
448,2.6e-05,172.31.33.0-255,66,1769,34,293389
449,2.9e-05,74.125.130.0-255,1484,3253,34,293389
450,3.2e-05,172.31.33.0-255,66,3319,34,293389
451,5e-05,74.125.130.0-255,1484,4803,34,293389
452,5.3e-05,172.31.33.0-255,66,4869,34,293389
453,6.2e-05,74.125.130.0-255,7156,12025,34,293389
454,6.4e-05,172.31.33.0-255,66,12091,34,293389
455,6.9e-05,74.125.130.0-255,2019,14110,34,293389
456,7.1e-05,172.31.33.0-255,66,14176,34,293389
457,0.000305,74.125.130.0-255,1484,15660,34,293389
458,0.000311,172.31.33.0-255,66,15726,34,293389
459,0.000317,74.125.130.0-255,2902,18628,34,293389
460,0.000319,172.31.33.0-255,66,18694,34,293389
461,0.000347,74.125.130.0-255,4320,23014,34,293389
462,0.00035,172.31.33.0-255,66,23080,34,293389
463,0.00038,74.125.130.0-255,7156,30236,34,293389
464,0.000383,172.31.33.0-255,66,30302,34,293389
465,0.000402,74.125.130.0-255,2543,32845,34,293389
466,0.000405,172.31.33.0-255,66,32911,34,293389
467,0.000417,172.31.33.0-255,66,32977,34,293389
468,0.000455,172.31.33.0-255,66,33043,34,293389
469,0.000467,74.125.130.0-255,1484,34527,34,293389
470,0.000469,172.31.33.0-255,66,34593,34,293389
471,0.000483,172.31.33.0-255,66,34659,34,293389
472,0.000486,74.125.130.0-255,766,35425,34,293389
473,0.000488,172.31.33.0-255,66,35491,34,293389
474,0.000511,74.125.130.0-255,677,36168,34,293389
475,0.000776,74.125.130.0-255,1484,37652,34,293389
476,0.00078,172.31.33.0-255,66,37718,34,293389
477,0.000794,74.125.130.0-255,2902,40620,34,293389
478,0.000796,172.31.33.0-255,66,40686,34,293389
479,0.000819,74.125.130.0-255,5738,46424,34,293389
480,0.000821,172.31.33.0-255,66,46490,34,293389
481,0.000834,74.125.130.0-255,1484,47974,34,293389
482,0.000837,74.125.130.0-255,1484,49458,34,293389
483,0.00084,172.31.33.0-255,66,49524,34,293389
484,0.00086,74.125.130.0-255,1484,51008,34,293389
485,0.000867,74.125.130.0-255,5738,56746,34,293389
486,0.00087,172.31.33.0-255,66,56812,34,293389
487,0.000877,74.125.130.0-255,5738,62550,34,293389
488,0.000878,172.31.33.0-255,66,62616,34,293389
489,0.000907,74.125.130.0-255,7156,69772,34,293389
490,0.000912,172.31.33.0-255,66,69838,34,293389
491,0.000914,74.125.130.0-255,766,70604,34,293389
492,0.001044,74.125.130.0-255,1484,72088,34,293389
493,0.001048,172.31.33.0-255,66,72154,34,293389
494,0.001052,74.125.130.0-255,1484,73638,34,293389
495,0.001066,74.125.130.0-255,1484,75122,34,293389
496,0.001069,172.31.33.0-255,66,75188,34,293389
497,0.001076,74.125.130.0-255,5738,80926,34,293389
498,0.001078,172.31.33.0-255,66,80992,34,293389
499,0.001082,74.125.130.0-255,2902,83894,34,293389
500,0.001084,172.31.33.0-255,66,83960,34,293389
501,0.001101,74.125.130.0-255,4320,88280,34,293389
502,0.001103,172.31.33.0-255,66,88346,34,293389
503,0.001133,74.125.130.0-255,5738,94084,34,293389
504,0.001137,172.31.33.0-255,66,94150,34,293389
505,0.00115,172.31.33.0-255,66,94216,34,293389
506,0.001244,74.125.130.0-255,1484,95700,34,293389
507,0.00125,74.125.130.0-255,2902,98602,34,293389
508,0.001253,172.31.33.0-255,66,98668,34,293389
509,0.001277,74.125.130.0-255,1484,100152,34,293389
510,0.001288,74.125.130.0-255,2902,103054,34,293389
511,0.001291,172.31.33.0-255,66,103120,34,293389
512,0.001296,74.125.130.0-255,2902,106022,34,293389
513,0.001298,172.31.33.0-255,66,106088,34,293389
514,0.001311,74.125.130.0-255,2902,108990,34,293389
515,0.001313,172.31.33.0-255,66,109056,34,293389
516,0.001325,74.125.130.0-255,1484,110540,34,293389
517,0.00135,172.31.33.0-255,66,110606,34,293389
518,0.001355,74.125.130.0-255,4320,114926,34,293389
519,0.001357,172.31.33.0-255,66,114992,34,293389
520,0.001395,74.125.130.0-255,3602,118594,34,293389
521,0.001399,172.31.33.0-255,66,118660,34,293389
522,0.00143,74.125.130.0-255,2902,121562,34,293389
523,0.001433,172.31.33.0-255,66,121628,34,293389
524,0.001439,74.125.130.0-255,4320,125948,34,293389
525,0.001441,172.31.33.0-255,66,126014,34,293389
526,0.001478,172.31.33.0-255,66,126080,34,293389
527,0.0015,74.125.130.0-255,4320,130400,34,293389
528,0.001503,172.31.33.0-255,66,130466,34,293389
529,0.001509,74.125.130.0-255,5738,136204,34,293389
530,0.001511,172.31.33.0-255,66,136270,34,293389
531,0.001575,172.31.33.0-255,66,136336,34,293389
532,0.001863,74.125.130.0-255,1484,137820,34,293389
533,0.001877,74.125.130.0-255,2902,140722,34,293389
534,0.00188,172.31.33.0-255,66,140788,34,293389
535,0.001884,74.125.130.0-255,1484,142272,34,293389
536,0.001888,74.125.130.0-255,2902,145174,34,293389
537,0.00189,172.31.33.0-255,66,145240,34,293389
538,0.001915,74.125.130.0-255,5738,150978,34,293389
539,0.001918,172.31.33.0-255,66,151044,34,293389
540,0.001938,74.125.130.0-255,2902,153946,34,293389
541,0.00194,172.31.33.0-255,66,154012,34,293389
542,0.001965,172.31.33.0-255,66,154078,34,293389
543,0.002021,74.125.130.0-255,4320,158398,34,293389
544,0.002024,172.31.33.0-255,66,158464,34,293389
545,0.002041,74.125.130.0-255,2184,160648,34,293389
546,0.002044,172.31.33.0-255,66,160714,34,293389
547,0.00206,74.125.130.0-255,1484,162198,34,293389
548,0.002071,74.125.130.0-255,2902,165100,34,293389
549,0.002073,172.31.33.0-255,66,165166,34,293389
550,0.002093,74.125.130.0-255,5738,170904,34,293389
551,0.002095,172.31.33.0-255,66,170970,34,293389
552,0.002098,74.125.130.0-255,1484,172454,34,293389
553,0.002128,74.125.130.0-255,5738,178192,34,293389
554,0.002131,172.31.33.0-255,66,178258,34,293389
555,0.002147,74.125.130.0-255,1484,179742,34,293389
556,0.002172,172.31.33.0-255,66,179808,34,293389
557,0.002188,74.125.130.0-255,1484,181292,34,293389
558,0.002206,74.125.130.0-255,3602,184894,34,293389
559,0.002209,172.31.33.0-255,66,184960,34,293389
560,0.002389,74.125.130.0-255,1484,186444,34,293389
561,0.002406,74.125.130.0-255,2902,189346,34,293389
562,0.002409,172.31.33.0-255,66,189412,34,293389
563,0.002415,74.125.130.0-255,5738,195150,34,293389
564,0.002417,172.31.33.0-255,66,195216,34,293389
565,0.002454,172.31.33.0-255,66,195282,34,293389
566,0.002471,74.125.130.0-255,2902,198184,34,293389
567,0.002474,172.31.33.0-255,66,198250,34,293389
568,0.002479,74.125.130.0-255,4320,202570,34,293389
569,0.002481,172.31.33.0-255,66,202636,34,293389
570,0.002515,74.125.130.0-255,6438,209074,34,293389
571,0.002518,172.31.33.0-255,66,209140,34,293389
572,0.002584,74.125.130.0-255,1484,210624,34,293389
573,0.0026,74.125.130.0-255,2902,213526,34,293389
574,0.002602,172.31.33.0-255,66,213592,34,293389
575,0.002605,74.125.130.0-255,1484,215076,34,293389
576,0.002634,74.125.130.0-255,5738,220814,34,293389
577,0.002637,172.31.33.0-255,66,220880,34,293389
578,0.002659,74.125.130.0-255,4320,225200,34,293389
579,0.002661,172.31.33.0-255,66,225266,34,293389
580,0.002664,74.125.130.0-255,1484,226750,34,293389
581,0.00268,74.125.130.0-255,4320,231070,34,293389
582,0.002682,172.31.33.0-255,66,231136,34,293389
583,0.002695,74.125.130.0-255,5738,236874,34,293389
584,0.002697,172.31.33.0-255,66,236940,34,293389
585,0.002714,74.125.130.0-255,1484,238424,34,293389
586,0.002717,74.125.130.0-255,1484,239908,34,293389
587,0.002719,172.31.33.0-255,66,239974,34,293389
588,0.002721,74.125.130.0-255,1484,241458,34,293389
589,0.002736,74.125.130.0-255,1484,242942,34,293389
590,0.002738,172.31.33.0-255,66,243008,34,293389
591,0.00274,74.125.130.0-255,766,243774,34,293389
592,0.00277,74.125.130.0-255,1484,245258,34,293389
593,0.002772,172.31.33.0-255,66,245324,34,293389
594,0.002775,74.125.130.0-255,1484,246808,34,293389
595,0.002791,74.125.130.0-255,1484,248292,34,293389
596,0.002793,172.31.33.0-255,66,248358,34,293389
597,0.002795,74.125.130.0-255,1484,249842,34,293389
598,0.002812,74.125.130.0-255,4320,254162,34,293389
599,0.002814,172.31.33.0-255,66,254228,34,293389
600,0.002819,74.125.130.0-255,4320,258548,34,293389
601,0.00282,172.31.33.0-255,66,258614,34,293389
602,0.002824,74.125.130.0-255,2902,261516,34,293389
603,0.002826,172.31.33.0-255,66,261582,34,293389
604,0.002848,74.125.130.0-255,2902,264484,34,293389
605,0.00285,172.31.33.0-255,66,264550,34,293389
606,0.002853,74.125.130.0-255,1484,266034,34,293389
607,0.002875,172.31.33.0-255,66,266100,34,293389
608,0.002908,74.125.130.0-255,4320,270420,34,293389
609,0.00291,172.31.33.0-255,66,270486,34,293389
610,0.00293,74.125.130.0-255,6438,276924,34,293389
611,0.002932,172.31.33.0-255,66,276990,34,293389
612,0.002939,74.125.130.0-255,7156,284146,34,293389
613,0.002941,172.31.33.0-255,66,284212,34,293389
614,0.002964,74.125.130.0-255,4320,288532,34,293389
615,0.002967,172.31.33.0-255,66,288598,34,293389
616,0.002977,172.31.33.0-255,66,288664,34,293389
617,0.002979,74.125.130.0-255,97,288761,34,293389
618,0.00302,74.125.130.0-255,105,288866,34,293389
619,0.009444,172.31.33.0-255,66,288932,34,293389
620,0.009477,172.31.33.0-255,105,289037,34,293389
621,0.01168,74.125.130.0-255,66,289103,34,293389
622,0.025703,172.31.33.0-255,167,289270,34,293389
623,0.02573,172.31.33.0-255,1113,290383,34,293389
624,0.025786,172.31.33.0-255,1514,291897,34,293389
625,0.025787,172.31.33.0-255,1294,293191,34,293389
626,0.027278,104.244.42.0-255,66,293257,34,293389
627,0.027318,104.244.42.0-255,66,293323,34,293389
628,0.027391,104.244.42.0-255,66,293389,34,293389
629,0.0,74.125.200.0-255,152,152,34,305186
630,1.4e-05,172.31.33.0-255,66,218,34,305186
631,2.1e-05,74.125.200.0-255,1484,1702,34,305186
632,2.6e-05,172.31.33.0-255,66,1768,34,305186
633,3.1e-05,74.125.200.0-255,1484,3252,34,305186
634,4.1e-05,172.31.33.0-255,66,3318,34,305186
635,4.8e-05,74.125.200.0-255,2902,6220,34,305186
636,5.1e-05,172.31.33.0-255,66,6286,34,305186
637,5.8e-05,74.125.200.0-255,5738,12024,34,305186
638,6.1e-05,172.31.33.0-255,66,12090,34,305186
639,9.4e-05,74.125.200.0-255,2019,14109,34,305186
640,9.6e-05,172.31.33.0-255,66,14175,34,305186
641,0.000141,74.125.200.0-255,1484,15659,34,305186
642,0.000144,172.31.33.0-255,66,15725,34,305186
643,0.000148,74.125.200.0-255,1484,17209,34,305186
644,0.000149,172.31.33.0-255,66,17275,34,305186
645,0.00017,74.125.200.0-255,1484,18759,34,305186
646,0.000172,172.31.33.0-255,66,18825,34,305186
647,0.000185,74.125.200.0-255,5738,24563,34,305186
648,0.000188,172.31.33.0-255,66,24629,34,305186
649,0.000192,74.125.200.0-255,2902,27531,34,305186
650,0.000194,172.31.33.0-255,66,27597,34,305186
651,0.0002,74.125.200.0-255,3961,31558,34,305186
652,0.000202,172.31.33.0-255,66,31624,34,305186
653,0.00052,74.125.200.0-255,1484,33108,34,305186
654,0.000526,172.31.33.0-255,66,33174,34,305186
655,0.000531,74.125.200.0-255,1484,34658,34,305186
656,0.000534,172.31.33.0-255,66,34724,34,305186
657,0.000539,74.125.200.0-255,2902,37626,34,305186
658,0.000546,172.31.33.0-255,66,37692,34,305186
659,0.000551,74.125.200.0-255,2902,40594,34,305186
660,0.000553,172.31.33.0-255,66,40660,34,305186
661,0.000582,74.125.200.0-255,2902,43562,34,305186
662,0.00059,172.31.33.0-255,66,43628,34,305186
663,0.000596,74.125.200.0-255,5379,49007,34,305186
664,0.000599,172.31.33.0-255,66,49073,34,305186
665,0.000605,74.125.200.0-255,5738,54811,34,305186
666,0.000608,172.31.33.0-255,66,54877,34,305186
667,0.000639,74.125.200.0-255,2902,57779,34,305186
668,0.000641,172.31.33.0-255,66,57845,34,305186
669,0.000682,74.125.200.0-255,347,58192,34,305186
670,0.000687,172.31.33.0-255,66,58258,34,305186
671,0.000862,74.125.200.0-255,1484,59742,34,305186
672,0.000867,172.31.33.0-255,66,59808,34,305186
673,0.000873,74.125.200.0-255,2902,62710,34,305186
674,0.000875,172.31.33.0-255,66,62776,34,305186
675,0.000878,74.125.200.0-255,1484,64260,34,305186
676,0.000912,74.125.200.0-255,1484,65744,34,305186
677,0.000915,172.31.33.0-255,66,65810,34,305186
678,0.000921,74.125.200.0-255,4320,70130,34,305186
679,0.000923,172.31.33.0-255,66,70196,34,305186
680,0.000937,172.31.33.0-255,66,70262,34,305186
681,0.000949,172.31.33.0-255,66,70328,34,305186
682,0.00099,74.125.200.0-255,5020,75348,34,305186
683,0.000993,172.31.33.0-255,66,75414,34,305186
684,0.001005,172.31.33.0-255,101,75515,34,305186
685,0.001257,74.125.200.0-255,1484,76999,34,305186
686,0.001267,74.125.200.0-255,2902,79901,34,305186
687,0.001271,172.31.33.0-255,66,79967,34,305186
688,0.001303,74.125.200.0-255,5738,85705,34,305186
689,0.001307,172.31.33.0-255,66,85771,34,305186
690,0.001345,74.125.200.0-255,2902,88673,34,305186
691,0.001348,172.31.33.0-255,66,88739,34,305186
692,0.001369,74.125.200.0-255,4320,93059,34,305186
693,0.001373,172.31.33.0-255,66,93125,34,305186
694,0.001406,74.125.200.0-255,7156,100281,34,305186
695,0.001409,172.31.33.0-255,66,100347,34,305186
696,0.001437,172.31.33.0-255,66,100413,34,305186
697,0.00144,74.125.200.0-255,766,101179,34,305186
698,0.002132,74.125.200.0-255,1484,102663,34,305186
699,0.00214,172.31.33.0-255,66,102729,34,305186
700,0.002146,74.125.200.0-255,2902,105631,34,305186
701,0.002149,172.31.33.0-255,66,105697,34,305186
702,0.002161,74.125.200.0-255,5738,111435,34,305186
703,0.002165,172.31.33.0-255,66,111501,34,305186
704,0.00217,74.125.200.0-255,4320,115821,34,305186
705,0.002202,74.125.200.0-255,7156,122977,34,305186
706,0.002216,74.125.200.0-255,4320,127297,34,305186
707,0.002454,74.125.200.0-255,1484,128781,34,305186
708,0.002468,74.125.200.0-255,2902,131683,34,305186
709,0.002496,74.125.200.0-255,5738,137421,34,305186
710,0.002541,74.125.200.0-255,1484,138905,34,305186
711,0.002559,74.125.200.0-255,2902,141807,34,305186
712,0.002678,74.125.200.0-255,2902,144709,34,305186
713,0.002724,74.125.200.0-255,2902,147611,34,305186
714,0.002744,74.125.200.0-255,3602,151213,34,305186
715,0.002777,74.125.200.0-255,4320,155533,34,305186
716,0.002799,74.125.200.0-255,4320,159853,34,305186
717,0.002817,74.125.200.0-255,1484,161337,34,305186
718,0.00282,74.125.200.0-255,1484,162821,34,305186
719,0.002824,74.125.200.0-255,2902,165723,34,305186
720,0.002834,74.125.200.0-255,2902,168625,34,305186
721,0.002856,74.125.200.0-255,7156,175781,34,305186
722,0.002862,74.125.200.0-255,4320,180101,34,305186
723,0.002865,74.125.200.0-255,1484,181585,34,305186
724,0.002867,74.125.200.0-255,1484,183069,34,305186
725,0.002904,74.125.200.0-255,2184,185253,34,305186
726,0.002931,74.125.200.0-255,1484,186737,34,305186
727,0.002949,74.125.200.0-255,1484,188221,34,305186
728,0.002961,74.125.200.0-255,1484,189705,34,305186
729,0.002967,74.125.200.0-255,5738,195443,34,305186
730,0.002972,74.125.200.0-255,2902,198345,34,305186
731,0.002985,74.125.200.0-255,4320,202665,34,305186
732,0.003013,74.125.200.0-255,7156,209821,34,305186
733,0.003034,74.125.200.0-255,1484,211305,34,305186
734,0.003041,74.125.200.0-255,7156,218461,34,305186
735,0.003064,74.125.200.0-255,5738,224199,34,305186
736,0.003079,74.125.200.0-255,2184,226383,34,305186
737,0.003086,74.125.200.0-255,7156,233539,34,305186
738,0.003099,74.125.200.0-255,2902,236441,34,305186
739,0.003111,74.125.200.0-255,4320,240761,34,305186
740,0.003127,74.125.200.0-255,1484,242245,34,305186
741,0.003133,74.125.200.0-255,5738,247983,34,305186
742,0.003155,74.125.200.0-255,5020,253003,34,305186
743,0.003174,74.125.200.0-255,2902,255905,34,305186
744,0.003194,74.125.200.0-255,4320,260225,34,305186
745,0.003214,74.125.200.0-255,4320,264545,34,305186
746,0.003218,74.125.200.0-255,2902,267447,34,305186
747,0.003256,74.125.200.0-255,1484,268931,34,305186
748,0.003273,74.125.200.0-255,2902,271833,34,305186
749,0.003288,74.125.200.0-255,1484,273317,34,305186
750,0.003291,74.125.200.0-255,766,274083,34,305186
751,0.003293,74.125.200.0-255,66,274149,34,305186
752,0.003314,74.125.200.0-255,5738,279887,34,305186
753,0.003333,74.125.200.0-255,2902,282789,34,305186
754,0.00335,74.125.200.0-255,2902,285691,34,305186
755,0.003373,74.125.200.0-255,7156,292847,34,305186
756,0.00338,74.125.200.0-255,7156,300003,34,305186
757,0.003382,74.125.200.0-255,459,300462,34,305186
758,0.003385,74.125.200.0-255,97,300559,34,305186
759,0.003445,74.125.200.0-255,105,300664,34,305186
760,0.005387,172.31.33.0-255,66,300730,34,305186
761,0.007677,172.31.33.0-255,105,300835,34,305186
762,0.015375,74.125.200.0-255,66,300901,34,305186
763,0.030411,172.31.33.0-255,166,301067,34,305186
764,0.030446,172.31.33.0-255,1137,302204,34,305186
765,0.030512,172.31.33.0-255,1514,303718,34,305186
766,0.030514,172.31.33.0-255,1270,304988,34,305186
767,0.032023,104.244.42.0-255,66,305054,34,305186
768,0.032103,104.244.42.0-255,66,305120,34,305186
769,0.032124,104.244.42.0-255,66,305186,34,305186
770,0.0,74.125.24.0-255,153,153,34,244941
771,1.7e-05,172.31.33.0-255,66,219,34,244941
772,2.4e-05,74.125.24.0-255,1484,1703,34,244941
773,2.8e-05,172.31.33.0-255,66,1769,34,244941
774,3.2e-05,74.125.24.0-255,2902,4671,34,244941
775,3.5e-05,172.31.33.0-255,66,4737,34,244941
776,4.2e-05,74.125.24.0-255,7156,11893,34,244941
777,4.5e-05,172.31.33.0-255,66,11959,34,244941
778,4.8e-05,74.125.24.0-255,1981,13940,34,244941
779,5.2e-05,172.31.33.0-255,66,14006,34,244941
780,0.000106,74.125.24.0-255,1484,15490,34,244941
781,0.00011,172.31.33.0-255,66,15556,34,244941
782,0.000116,74.125.24.0-255,2902,18458,34,244941
783,0.000118,172.31.33.0-255,66,18524,34,244941
784,0.000142,74.125.24.0-255,5738,24262,34,244941
785,0.000144,172.31.33.0-255,66,24328,34,244941
786,0.000148,74.125.24.0-255,1484,25812,34,244941
787,0.000151,172.31.33.0-255,66,25878,34,244941
788,0.000167,74.125.24.0-255,4320,30198,34,244941
789,0.00017,172.31.33.0-255,66,30264,34,244941
790,0.000202,74.125.24.0-255,4320,34584,34,244941
791,0.000204,172.31.33.0-255,66,34650,34,244941
792,0.000218,74.125.24.0-255,2543,37193,34,244941
793,0.000219,172.31.33.0-255,66,37259,34,244941
794,0.000225,74.125.24.0-255,7156,44415,34,244941
795,0.00023,172.31.33.0-255,66,44481,34,244941
796,0.00026,74.125.24.0-255,3961,48442,34,244941
797,0.000263,172.31.33.0-255,66,48508,34,244941
798,0.000451,74.125.24.0-255,1484,49992,34,244941
799,0.000454,172.31.33.0-255,66,50058,34,244941
800,0.000468,74.125.24.0-255,2902,52960,34,244941
801,0.000472,172.31.33.0-255,66,53026,34,244941
802,0.000477,74.125.24.0-255,5738,58764,34,244941
803,0.000478,172.31.33.0-255,66,58830,34,244941
804,0.000514,74.125.24.0-255,2902,61732,34,244941
805,0.000517,172.31.33.0-255,66,61798,34,244941
806,0.00053,74.125.24.0-255,4573,66371,34,244941
807,0.000532,172.31.33.0-255,66,66437,34,244941
808,0.000614,74.125.24.0-255,1484,67921,34,244941
809,0.000626,74.125.24.0-255,2902,70823,34,244941
810,0.000629,172.31.33.0-255,66,70889,34,244941
811,0.000632,74.125.24.0-255,1484,72373,34,244941
812,0.000652,74.125.24.0-255,4320,76693,34,244941
813,0.000654,172.31.33.0-255,66,76759,34,244941
814,0.000677,74.125.24.0-255,4320,81079,34,244941
815,0.00068,172.31.33.0-255,66,81145,34,244941
816,0.000698,74.125.24.0-255,2543,83688,34,244941
817,0.0007,172.31.33.0-255,66,83754,34,244941
818,0.000706,74.125.24.0-255,7156,90910,34,244941
819,0.000708,172.31.33.0-255,66,90976,34,244941
820,0.000743,172.31.33.0-255,66,91042,34,244941
821,0.001099,74.125.24.0-255,1484,92526,34,244941
822,0.001107,74.125.24.0-255,2902,95428,34,244941
823,0.001111,172.31.33.0-255,66,95494,34,244941
824,0.001133,74.125.24.0-255,5738,101232,34,244941
825,0.001136,172.31.33.0-255,66,101298,34,244941
826,0.001153,74.125.24.0-255,4320,105618,34,244941
827,0.001156,172.31.33.0-255,66,105684,34,244941
828,0.001192,172.31.33.0-255,66,105750,34,244941
829,0.0012,172.31.33.0-255,66,105816,34,244941
830,0.001212,74.125.24.0-255,1484,107300,34,244941
831,0.001228,74.125.24.0-255,3602,110902,34,244941
832,0.00123,172.31.33.0-255,66,110968,34,244941
833,0.001235,74.125.24.0-255,5738,116706,34,244941
834,0.001236,172.31.33.0-255,66,116772,34,244941
835,0.001262,74.125.24.0-255,4320,121092,34,244941
836,0.001264,172.31.33.0-255,66,121158,34,244941
837,0.001291,172.31.33.0-255,66,121224,34,244941
838,0.001301,172.31.33.0-255,66,121290,34,244941
839,0.001331,74.125.24.0-255,6438,127728,34,244941
840,0.001333,172.31.33.0-255,66,127794,34,244941
841,0.00134,74.125.24.0-255,7156,134950,34,244941
842,0.001343,172.31.33.0-255,66,135016,34,244941
843,0.00138,74.125.24.0-255,2902,137918,34,244941
844,0.001383,172.31.33.0-255,66,137984,34,244941
845,0.00141,172.31.33.0-255,66,138050,34,244941
846,0.001443,172.31.33.0-255,66,138116,34,244941
847,0.001447,74.125.24.0-255,2902,141018,34,244941
848,0.001449,172.31.33.0-255,66,141084,34,244941
849,0.001464,74.125.24.0-255,5738,146822,34,244941
850,0.001467,172.31.33.0-255,66,146888,34,244941
851,0.001484,74.125.24.0-255,7156,154044,34,244941
852,0.001486,172.31.33.0-255,66,154110,34,244941
853,0.001512,172.31.33.0-255,66,154176,34,244941
854,0.001525,74.125.24.0-255,4320,158496,34,244941
855,0.001527,172.31.33.0-255,66,158562,34,244941
856,0.00154,74.125.24.0-255,3602,162164,34,244941
857,0.001542,172.31.33.0-255,66,162230,34,244941
858,0.001689,74.125.24.0-255,1484,163714,34,244941
859,0.001693,74.125.24.0-255,2902,166616,34,244941
860,0.001695,172.31.33.0-255,66,166682,34,244941
861,0.001715,74.125.24.0-255,5738,172420,34,244941
862,0.001717,172.31.33.0-255,66,172486,34,244941
863,0.001735,74.125.24.0-255,5738,178224,34,244941
864,0.001737,172.31.33.0-255,66,178290,34,244941
865,0.001759,74.125.24.0-255,5738,184028,34,244941
866,0.001761,172.31.33.0-255,66,184094,34,244941
867,0.001826,172.31.33.0-255,66,184160,34,244941
868,0.001858,74.125.24.0-255,3602,187762,34,244941
869,0.001861,172.31.33.0-255,66,187828,34,244941
870,0.001872,172.31.33.0-255,66,187894,34,244941
871,0.001882,172.31.33.0-255,66,187960,34,244941
872,0.001886,74.125.24.0-255,4320,192280,34,244941
873,0.001888,172.31.33.0-255,66,192346,34,244941
874,0.001915,74.125.24.0-255,5020,197366,34,244941
875,0.001918,172.31.33.0-255,66,197432,34,244941
876,0.001927,172.31.33.0-255,66,197498,34,244941
877,0.001964,172.31.33.0-255,66,197564,34,244941
878,0.001968,74.125.24.0-255,2184,199748,34,244941
879,0.00197,172.31.33.0-255,66,199814,34,244941
880,0.002003,74.125.24.0-255,1484,201298,34,244941
881,0.002006,74.125.24.0-255,1484,202782,34,244941
882,0.002008,172.31.33.0-255,66,202848,34,244941
883,0.002025,74.125.24.0-255,1484,204332,34,244941
884,0.00203,74.125.24.0-255,5738,210070,34,244941
885,0.002033,172.31.33.0-255,66,210136,34,244941
886,0.002048,74.125.24.0-255,4320,214456,34,244941
887,0.002051,172.31.33.0-255,66,214522,34,244941
888,0.00208,172.31.33.0-255,66,214588,34,244941
889,0.002085,74.125.24.0-255,5738,220326,34,244941
890,0.002086,172.31.33.0-255,66,220392,34,244941
891,0.002108,74.125.24.0-255,2902,223294,34,244941
892,0.00211,172.31.33.0-255,66,223360,34,244941
893,0.002123,74.125.24.0-255,2184,225544,34,244941
894,0.002124,172.31.33.0-255,66,225610,34,244941
895,0.002128,74.125.24.0-255,2902,228512,34,244941
896,0.00213,172.31.33.0-255,66,228578,34,244941
897,0.002155,74.125.24.0-255,2902,231480,34,244941
898,0.002158,172.31.33.0-255,66,231546,34,244941
899,0.002162,74.125.24.0-255,4320,235866,34,244941
900,0.002164,172.31.33.0-255,66,235932,34,244941
901,0.002222,74.125.24.0-255,5738,241670,34,244941
902,0.002235,74.125.24.0-255,2579,244249,34,244941
903,0.002265,74.125.24.0-255,105,244354,34,244941
904,0.012683,172.31.33.0-255,66,244420,34,244941
905,0.01296,74.125.24.0-255,105,244525,34,244941
906,0.01297,172.31.33.0-255,78,244603,34,244941
907,0.013743,172.31.33.0-255,101,244704,34,244941
908,0.014738,172.31.33.0-255,105,244809,34,244941
909,0.016039,74.125.24.0-255,66,244875,34,244941
910,0.017147,74.125.24.0-255,66,244941,34,244941
911,0.0,172.217.24.0-255,153,153,34,285409
912,2.3e-05,172.31.33.0-255,66,219,34,285409
913,3e-05,172.217.24.0-255,1484,1703,34,285409
914,3.4e-05,172.31.33.0-255,66,1769,34,285409
915,4e-05,172.217.24.0-255,2902,4671,34,285409
916,5.2e-05,172.31.33.0-255,66,4737,34,285409
917,5.8e-05,172.217.24.0-255,4320,9057,34,285409
918,6.2e-05,172.31.33.0-255,66,9123,34,285409
919,6.8e-05,172.217.24.0-255,4320,13443,34,285409
920,7.1e-05,172.31.33.0-255,66,13509,34,285409
921,9.7e-05,172.217.24.0-255,5002,18511,34,285409
922,0.000105,172.31.33.0-255,66,18577,34,285409
923,0.000117,172.31.33.0-255,66,18643,34,285409
924,0.000122,172.217.24.0-255,2543,21186,34,285409
925,0.000124,172.31.33.0-255,66,21252,34,285409
926,0.000154,172.217.24.0-255,2902,24154,34,285409
927,0.000162,172.31.33.0-255,66,24220,34,285409
928,0.00017,172.217.24.0-255,7156,31376,34,285409
929,0.000172,172.31.33.0-255,66,31442,34,285409
930,0.000208,172.217.24.0-255,5738,37180,34,285409
931,0.00021,172.31.33.0-255,66,37246,34,285409
932,0.000234,172.217.24.0-255,1125,38371,34,285409
933,0.000236,172.31.33.0-255,66,38437,34,285409
934,0.0003,172.217.24.0-255,1484,39921,34,285409
935,0.000303,172.31.33.0-255,66,39987,34,285409
936,0.000308,172.217.24.0-255,2902,42889,34,285409
937,0.00031,172.31.33.0-255,66,42955,34,285409
938,0.000342,172.217.24.0-255,5738,48693,34,285409
939,0.000344,172.31.33.0-255,66,48759,34,285409
940,0.000352,172.217.24.0-255,6797,55556,34,285409
941,0.000354,172.31.33.0-255,66,55622,34,285409
942,0.000392,172.217.24.0-255,359,55981,34,285409
943,0.000936,172.217.24.0-255,386,56367,34,285409
944,0.001027,172.217.24.0-255,1484,57851,34,285409
945,0.001032,172.31.33.0-255,66,57917,34,285409
946,0.001038,172.217.24.0-255,2902,60819,34,285409
947,0.00104,172.31.33.0-255,66,60885,34,285409
948,0.001052,172.217.24.0-255,5738,66623,34,285409
949,0.001055,172.31.33.0-255,66,66689,34,285409
950,0.001103,172.31.33.0-255,66,66755,34,285409
951,0.001131,172.217.24.0-255,5379,72134,34,285409
952,0.001133,172.31.33.0-255,66,72200,34,285409
953,0.001141,172.217.24.0-255,7156,79356,34,285409
954,0.001148,172.31.33.0-255,66,79422,34,285409
955,0.001152,172.217.24.0-255,2543,81965,34,285409
956,0.001154,172.31.33.0-255,66,82031,34,285409
957,0.001548,172.217.24.0-255,1484,83515,34,285409
958,0.00157,172.217.24.0-255,2902,86417,34,285409
959,0.001574,172.31.33.0-255,66,86483,34,285409
960,0.001602,172.217.24.0-255,5738,92221,34,285409
961,0.001605,172.31.33.0-255,66,92287,34,285409
962,0.00161,172.217.24.0-255,4320,96607,34,285409
963,0.001611,172.31.33.0-255,66,96673,34,285409
964,0.001617,172.217.24.0-255,4320,100993,34,285409
965,0.001622,172.31.33.0-255,66,101059,34,285409
966,0.001646,172.217.24.0-255,7156,108215,34,285409
967,0.001652,172.31.33.0-255,66,108281,34,285409
968,0.001661,172.31.33.0-255,66,108347,34,285409
969,0.001708,172.217.24.0-255,1484,109831,34,285409
970,0.001712,172.217.24.0-255,2902,112733,34,285409
971,0.001714,172.31.33.0-255,66,112799,34,285409
972,0.001718,172.217.24.0-255,2902,115701,34,285409
973,0.001719,172.31.33.0-255,66,115767,34,285409
974,0.001741,172.217.24.0-255,2902,118669,34,285409
975,0.001743,172.31.33.0-255,66,118735,34,285409
976,0.001758,172.31.33.0-255,66,118801,34,285409
977,0.001784,172.217.24.0-255,2902,121703,34,285409
978,0.00179,172.31.33.0-255,66,121769,34,285409
979,0.001798,172.217.24.0-255,7156,128925,34,285409
980,0.0018,172.31.33.0-255,66,128991,34,285409
981,0.001803,172.217.24.0-255,1484,130475,34,285409
982,0.001825,172.217.24.0-255,2184,132659,34,285409
983,0.001827,172.31.33.0-255,66,132725,34,285409
984,0.002063,172.217.24.0-255,1484,134209,34,285409
985,0.002079,172.217.24.0-255,2902,137111,34,285409
986,0.002084,172.217.24.0-255,5738,142849,34,285409
987,0.002089,172.31.33.0-255,66,142915,34,285409
988,0.002095,172.31.33.0-255,66,142981,34,285409
989,0.002122,172.217.24.0-255,5738,148719,34,285409
990,0.002124,172.31.33.0-255,66,148785,34,285409
991,0.002155,172.217.24.0-255,7156,155941,34,285409
992,0.002157,172.31.33.0-255,66,156007,34,285409
993,0.002163,172.217.24.0-255,5738,161745,34,285409
994,0.002165,172.31.33.0-255,66,161811,34,285409
995,0.002197,172.217.24.0-255,5020,166831,34,285409
996,0.002203,172.31.33.0-255,66,166897,34,285409
997,0.00222,172.217.24.0-255,2902,169799,34,285409
998,0.002224,172.31.33.0-255,66,169865,34,285409
999,0.002245,172.217.24.0-255,2902,172767,34,285409
1000,0.002247,172.31.33.0-255,66,172833,34,285409
1001,0.002251,172.217.24.0-255,2902,175735,34,285409
1002,0.002253,172.31.33.0-255,66,175801,34,285409
1003,0.002258,172.217.24.0-255,4320,180121,34,285409
1004,0.002264,172.31.33.0-255,66,180187,34,285409
1005,0.002274,172.31.33.0-255,66,180253,34,285409
1006,0.002293,172.217.24.0-255,2902,183155,34,285409
1007,0.002298,172.31.33.0-255,66,183221,34,285409
1008,0.00233,172.31.33.0-255,66,183287,34,285409
1009,0.00235,172.217.24.0-255,1484,184771,34,285409
1010,0.00236,172.217.24.0-255,1484,186255,34,285409
1011,0.002362,172.31.33.0-255,66,186321,34,285409
1012,0.002387,172.217.24.0-255,1484,187805,34,285409
1013,0.002393,172.217.24.0-255,5738,193543,34,285409
1014,0.002395,172.31.33.0-255,66,193609,34,285409
1015,0.002433,172.31.33.0-255,66,193675,34,285409
1016,0.002457,172.217.24.0-255,1484,195159,34,285409
1017,0.002491,172.217.24.0-255,4320,199479,34,285409
1018,0.002494,172.31.33.0-255,66,199545,34,285409
1019,0.002522,172.217.24.0-255,6438,205983,34,285409
1020,0.002525,172.31.33.0-255,66,206049,34,285409
1021,0.002637,172.217.24.0-255,1484,207533,34,285409
1022,0.002653,172.217.24.0-255,2902,210435,34,285409
1023,0.002656,172.31.33.0-255,66,210501,34,285409
1024,0.002662,172.217.24.0-255,4320,214821,34,285409
1025,0.002664,172.31.33.0-255,66,214887,34,285409
1026,0.002682,172.217.24.0-255,1484,216371,34,285409
1027,0.002688,172.217.24.0-255,5738,222109,34,285409
1028,0.00269,172.31.33.0-255,66,222175,34,285409
1029,0.002693,172.217.24.0-255,1484,223659,34,285409
1030,0.002714,172.217.24.0-255,5738,229397,34,285409
1031,0.002717,172.31.33.0-255,66,229463,34,285409
1032,0.002744,172.217.24.0-255,4320,233783,34,285409
1033,0.002746,172.31.33.0-255,66,233849,34,285409
1034,0.00277,172.217.24.0-255,6438,240287,34,285409
1035,0.002773,172.31.33.0-255,66,240353,34,285409
1036,0.002812,172.217.24.0-255,1484,241837,34,285409
1037,0.00283,172.217.24.0-255,2902,244739,34,285409
1038,0.002833,172.31.33.0-255,66,244805,34,285409
1039,0.002837,172.217.24.0-255,4320,249125,34,285409
1040,0.002839,172.31.33.0-255,66,249191,34,285409
1041,0.002854,172.217.24.0-255,1484,250675,34,285409
1042,0.0029,172.217.24.0-255,2902,253577,34,285409
1043,0.002902,172.31.33.0-255,66,253643,34,285409
1044,0.002934,172.31.33.0-255,66,253709,34,285409
1045,0.002937,172.217.24.0-255,2902,256611,34,285409
1046,0.00294,172.31.33.0-255,66,256677,34,285409
1047,0.002946,172.217.24.0-255,7156,263833,34,285409
1048,0.002952,172.31.33.0-255,66,263899,34,285409
1049,0.002971,172.217.24.0-255,766,264665,34,285409
1050,0.003356,172.217.24.0-255,1484,266149,34,285409
1051,0.00336,172.31.33.0-255,66,266215,34,285409
1052,0.003366,172.217.24.0-255,2902,269117,34,285409
1053,0.003368,172.31.33.0-255,66,269183,34,285409
1054,0.003372,172.217.24.0-255,2902,272085,34,285409
1055,0.003378,172.31.33.0-255,66,272151,34,285409
1056,0.003407,172.217.24.0-255,1484,273635,34,285409
1057,0.003418,172.31.33.0-255,66,273701,34,285409
1058,0.003449,172.31.33.0-255,66,273767,34,285409
1059,0.003476,172.217.24.0-255,5020,278787,34,285409
1060,0.003478,172.31.33.0-255,66,278853,34,285409
1061,0.003481,172.217.24.0-255,1484,280337,34,285409
1062,0.003509,172.31.33.0-255,66,280403,34,285409
1063,0.003535,172.31.33.0-255,66,280469,34,285409
1064,0.003538,172.217.24.0-255,2902,283371,34,285409
1065,0.00354,172.31.33.0-255,66,283437,34,285409
1066,0.003542,172.217.24.0-255,1467,284904,34,285409
1067,0.003545,172.217.24.0-255,97,285001,34,285409
1068,0.003546,172.31.33.0-255,66,285067,34,285409
1069,0.003584,172.217.24.0-255,105,285172,34,285409
1070,0.014115,172.31.33.0-255,66,285238,34,285409
1071,0.014159,172.31.33.0-255,105,285343,34,285409
1072,0.016025,172.217.24.0-255,66,285409,34,285409
1073,0.0,172.31.33.0-255,105,105,34,342
1074,0.002556,74.125.24.0-255,66,171,34,342
1075,0.002869,74.125.24.0-255,105,276,34,342
1076,0.002873,172.31.33.0-255,66,342,34,342
1077,0.0,74.125.200.0-255,148,148,34,316222
1078,2.2e-05,172.31.33.0-255,66,214,34,316222
1079,2.7e-05,74.125.200.0-255,1484,1698,34,316222
1080,3.1e-05,172.31.33.0-255,66,1764,34,316222
1081,4.3e-05,74.125.200.0-255,1484,3248,34,316222
1082,4.5e-05,172.31.33.0-255,66,3314,34,316222
1083,6.3e-05,74.125.200.0-255,1484,4798,34,316222
1084,6.5e-05,172.31.33.0-255,66,4864,34,316222
1085,8.7e-05,74.125.200.0-255,1484,6348,34,316222
1086,8.9e-05,172.31.33.0-255,66,6414,34,316222
1087,9.6e-05,74.125.200.0-255,5738,12152,34,316222
1088,9.8e-05,172.31.33.0-255,66,12218,34,316222
1089,0.000101,74.125.200.0-255,2164,14382,34,316222
1090,0.000103,172.31.33.0-255,66,14448,34,316222
1091,0.000131,74.125.200.0-255,1484,15932,34,316222
1092,0.000134,172.31.33.0-255,66,15998,34,316222
1093,0.000143,74.125.200.0-255,1484,17482,34,316222
1094,0.000145,172.31.33.0-255,66,17548,34,316222
1095,0.000152,74.125.200.0-255,2902,20450,34,316222
1096,0.000153,172.31.33.0-255,66,20516,34,316222
1097,0.000157,74.125.200.0-255,2902,23418,34,316222
1098,0.000159,172.31.33.0-255,66,23484,34,316222
1099,0.000178,74.125.200.0-255,1484,24968,34,316222
1100,0.00018,172.31.33.0-255,66,25034,34,316222
1101,0.000198,74.125.200.0-255,2902,27936,34,316222
1102,0.000201,172.31.33.0-255,66,28002,34,316222
1103,0.000222,74.125.200.0-255,3961,31963,34,316222
1104,0.000224,172.31.33.0-255,66,32029,34,316222
1105,0.000251,74.125.200.0-255,2902,34931,34,316222
1106,0.000253,172.31.33.0-255,66,34997,34,316222
1107,0.000272,74.125.200.0-255,4320,39317,34,316222
1108,0.000275,172.31.33.0-255,66,39383,34,316222
1109,0.000281,74.125.200.0-255,5738,45121,34,316222
1110,0.000283,172.31.33.0-255,66,45187,34,316222
1111,0.000305,74.125.200.0-255,2902,48089,34,316222
1112,0.000307,74.125.200.0-255,1125,49214,34,316222
1113,0.000309,172.31.33.0-255,66,49280,34,316222
1114,0.000579,172.31.33.0-255,66,49346,34,316222
1115,0.000625,74.125.200.0-255,1484,50830,34,316222
1116,0.000646,74.125.200.0-255,2902,53732,34,316222
1117,0.000649,172.31.33.0-255,66,53798,34,316222
1118,0.000654,74.125.200.0-255,2902,56700,34,316222
1119,0.000657,172.31.33.0-255,66,56766,34,316222
1120,0.000687,74.125.200.0-255,2902,59668,34,316222
1121,0.00069,172.31.33.0-255,66,59734,34,316222
1122,0.00071,74.125.200.0-255,1484,61218,34,316222
1123,0.000717,74.125.200.0-255,5379,66597,34,316222
1124,0.000721,172.31.33.0-255,66,66663,34,316222
1125,0.000756,74.125.200.0-255,4320,70983,34,316222
1126,0.00076,172.31.33.0-255,66,71049,34,316222
1127,0.000782,74.125.200.0-255,5738,76787,34,316222
1128,0.000786,172.31.33.0-255,66,76853,34,316222
1129,0.000812,74.125.200.0-255,1484,78337,34,316222
1130,0.000829,74.125.200.0-255,5379,83716,34,316222
1131,0.000832,74.125.200.0-255,1484,85200,34,316222
1132,0.000833,172.31.33.0-255,66,85266,34,316222
1133,0.000851,74.125.200.0-255,5738,91004,34,316222
1134,0.000854,172.31.33.0-255,66,91070,34,316222
1135,0.00089,74.125.200.0-255,5738,96808,34,316222
1136,0.000894,172.31.33.0-255,66,96874,34,316222
1137,0.000915,74.125.200.0-255,4543,101417,34,316222
1138,0.000918,172.31.33.0-255,66,101483,34,316222
1139,0.000987,74.125.200.0-255,1484,102967,34,316222
1140,0.000999,74.125.200.0-255,2902,105869,34,316222
1141,0.001002,172.31.33.0-255,66,105935,34,316222
1142,0.001005,74.125.200.0-255,1484,107419,34,316222
1143,0.001023,74.125.200.0-255,2902,110321,34,316222
1144,0.001026,172.31.33.0-255,66,110387,34,316222
1145,0.001062,74.125.200.0-255,4320,114707,34,316222
1146,0.001065,172.31.33.0-255,66,114773,34,316222
1147,0.001082,74.125.200.0-255,3396,118169,34,316222
1148,0.001085,172.31.33.0-255,66,118235,34,316222
1149,0.001177,74.125.200.0-255,1484,119719,34,316222
1150,0.001183,74.125.200.0-255,1484,121203,34,316222
1151,0.001185,172.31.33.0-255,66,121269,34,316222
1152,0.001204,74.125.200.0-255,1484,122753,34,316222
1153,0.001209,74.125.200.0-255,5738,128491,34,316222
1154,0.001211,172.31.33.0-255,66,128557,34,316222
1155,0.001215,74.125.200.0-255,2902,131459,34,316222
1156,0.001216,172.31.33.0-255,66,131525,34,316222
1157,0.001239,74.125.200.0-255,2902,134427,34,316222
1158,0.001241,172.31.33.0-255,66,134493,34,316222
1159,0.001264,74.125.200.0-255,7156,141649,34,316222
1160,0.001267,172.31.33.0-255,66,141715,34,316222
1161,0.00127,74.125.200.0-255,1484,143199,34,316222
1162,0.00129,172.31.33.0-255,66,143265,34,316222
1163,0.001483,74.125.200.0-255,1484,144749,34,316222
1164,0.001488,74.125.200.0-255,1484,146233,34,316222
1165,0.001491,172.31.33.0-255,66,146299,34,316222
1166,0.001508,74.125.200.0-255,1484,147783,34,316222
1167,0.001513,74.125.200.0-255,5738,153521,34,316222
1168,0.001515,172.31.33.0-255,66,153587,34,316222
1169,0.001519,74.125.200.0-255,2902,156489,34,316222
1170,0.001521,172.31.33.0-255,66,156555,34,316222
1171,0.00154,74.125.200.0-255,2902,159457,34,316222
1172,0.001542,172.31.33.0-255,66,159523,34,316222
1173,0.001565,74.125.200.0-255,7156,166679,34,316222
1174,0.001567,172.31.33.0-255,66,166745,34,316222
1175,0.001588,74.125.200.0-255,7156,173901,34,316222
1176,0.001592,172.31.33.0-255,66,173967,34,316222
1177,0.001613,74.125.200.0-255,2902,176869,34,316222
1178,0.001616,172.31.33.0-255,66,176935,34,316222
1179,0.001619,74.125.200.0-255,766,177701,34,316222
1180,0.001706,74.125.200.0-255,1484,179185,34,316222
1181,0.00171,172.31.33.0-255,66,179251,34,316222
1182,0.001727,74.125.200.0-255,2902,182153,34,316222
1183,0.00173,172.31.33.0-255,66,182219,34,316222
1184,0.001751,74.125.200.0-255,4320,186539,34,316222
1185,0.001753,172.31.33.0-255,66,186605,34,316222
1186,0.001768,74.125.200.0-255,4320,190925,34,316222
1187,0.00177,172.31.33.0-255,66,190991,34,316222
1188,0.001787,74.125.200.0-255,4320,195311,34,316222
1189,0.001789,172.31.33.0-255,66,195377,34,316222
1190,0.001793,74.125.200.0-255,4320,199697,34,316222
1191,0.001794,172.31.33.0-255,66,199763,34,316222
1192,0.00183,74.125.200.0-255,2902,202665,34,316222
1193,0.001832,172.31.33.0-255,66,202731,34,316222
1194,0.001857,172.31.33.0-255,66,202797,34,316222
1195,0.001878,74.125.200.0-255,1484,204281,34,316222
1196,0.001881,74.125.200.0-255,1484,205765,34,316222
1197,0.001882,172.31.33.0-255,66,205831,34,316222
1198,0.001899,74.125.200.0-255,1484,207315,34,316222
1199,0.001903,74.125.200.0-255,2902,210217,34,316222
1200,0.001905,172.31.33.0-255,66,210283,34,316222
1201,0.001917,74.125.200.0-255,2902,213185,34,316222
1202,0.001918,172.31.33.0-255,66,213251,34,316222
1203,0.001921,74.125.200.0-255,1484,214735,34,316222
1204,0.001947,74.125.200.0-255,7156,221891,34,316222
1205,0.001949,172.31.33.0-255,66,221957,34,316222
1206,0.001987,74.125.200.0-255,7156,229113,34,316222
1207,0.001989,172.31.33.0-255,66,229179,34,316222
1208,0.001999,74.125.200.0-255,2902,232081,34,316222
1209,0.002001,172.31.33.0-255,66,232147,34,316222
1210,0.002019,74.125.200.0-255,5020,237167,34,316222
1211,0.002021,172.31.33.0-255,66,237233,34,316222
1212,0.002034,74.125.200.0-255,1484,238717,34,316222
1213,0.002046,74.125.200.0-255,2902,241619,34,316222
1214,0.002048,172.31.33.0-255,66,241685,34,316222
1215,0.002063,74.125.200.0-255,1484,243169,34,316222
1216,0.002095,74.125.200.0-255,4320,247489,34,316222
1217,0.002099,172.31.33.0-255,66,247555,34,316222
1218,0.002105,74.125.200.0-255,7156,254711,34,316222
1219,0.002106,172.31.33.0-255,66,254777,34,316222
1220,0.002109,74.125.200.0-255,1484,256261,34,316222
1221,0.002125,74.125.200.0-255,7156,263417,34,316222
1222,0.002127,172.31.33.0-255,66,263483,34,316222
1223,0.002154,172.31.33.0-255,66,263549,34,316222
1224,0.002186,74.125.200.0-255,1484,265033,34,316222
1225,0.002212,74.125.200.0-255,2902,267935,34,316222
1226,0.002217,172.31.33.0-255,66,268001,34,316222
1227,0.002225,74.125.200.0-255,5738,273739,34,316222
1228,0.002228,172.31.33.0-255,66,273805,34,316222
1229,0.002232,74.125.200.0-255,2902,276707,34,316222
1230,0.002236,172.31.33.0-255,66,276773,34,316222
1231,0.002263,74.125.200.0-255,4320,281093,34,316222
1232,0.002267,172.31.33.0-255,66,281159,34,316222
1233,0.002281,172.31.33.0-255,66,281225,34,316222
1234,0.002292,172.31.33.0-255,66,281291,34,316222
1235,0.002423,74.125.200.0-255,1484,282775,34,316222
1236,0.00244,74.125.200.0-255,2902,285677,34,316222
1237,0.002442,172.31.33.0-255,66,285743,34,316222
1238,0.002448,74.125.200.0-255,4320,290063,34,316222
1239,0.002451,172.31.33.0-255,66,290129,34,316222
1240,0.002466,74.125.200.0-255,1484,291613,34,316222
1241,0.002506,172.31.33.0-255,66,291679,34,316222
1242,0.002571,172.31.33.0-255,66,291745,34,316222
1243,0.002581,74.125.200.0-255,5738,297483,34,316222
1244,0.002586,172.31.33.0-255,66,297549,34,316222
1245,0.002606,74.125.200.0-255,1484,299033,34,316222
1246,0.002669,172.31.33.0-255,66,299099,34,316222
1247,0.002677,74.125.200.0-255,3602,302701,34,316222
1248,0.002682,172.31.33.0-255,66,302767,34,316222
1249,0.00269,74.125.200.0-255,4320,307087,34,316222
1250,0.002696,172.31.33.0-255,66,307153,34,316222
1251,0.002705,74.125.200.0-255,5738,312891,34,316222
1252,0.00271,172.31.33.0-255,66,312957,34,316222
1253,0.002712,74.125.200.0-255,1484,314441,34,316222
1254,0.002715,74.125.200.0-255,1276,315717,34,316222
1255,0.002718,172.31.33.0-255,66,315783,34,316222
1256,0.002721,74.125.200.0-255,97,315880,34,316222
1257,0.002724,74.125.200.0-255,105,315985,34,316222
1258,0.008761,172.31.33.0-255,66,316051,34,316222
1259,0.008794,172.31.33.0-255,105,316156,34,316222
1260,0.011342,74.125.200.0-255,66,316222,34,316222
1261,0.0,74.125.68.0-255,153,153,34,327204
1262,2.3e-05,172.31.33.0-255,66,219,34,327204
1263,3e-05,74.125.68.0-255,1484,1703,34,327204
1264,3.4e-05,172.31.33.0-255,66,1769,34,327204
1265,6.5e-05,74.125.68.0-255,2902,4671,34,327204
1266,6.8e-05,172.31.33.0-255,66,4737,34,327204
1267,7.3e-05,74.125.68.0-255,5738,10475,34,327204
1268,7.5e-05,172.31.33.0-255,66,10541,34,327204
1269,0.000105,74.125.68.0-255,3410,13951,34,327204
1270,0.000108,172.31.33.0-255,66,14017,34,327204
1271,0.000133,74.125.68.0-255,1484,15501,34,327204
1272,0.000136,172.31.33.0-255,66,15567,34,327204
1273,0.000159,74.125.68.0-255,2902,18469,34,327204
1274,0.000162,172.31.33.0-255,66,18535,34,327204
1275,0.000198,74.125.68.0-255,2902,21437,34,327204
1276,0.0002,172.31.33.0-255,66,21503,34,327204
1277,0.00023,74.125.68.0-255,2902,24405,34,327204
1278,0.000235,172.31.33.0-255,66,24471,34,327204
1279,0.000242,74.125.68.0-255,6797,31268,34,327204
1280,0.000246,172.31.33.0-255,66,31334,34,327204
1281,0.000329,74.125.68.0-255,1484,32818,34,327204
1282,0.000333,172.31.33.0-255,66,32884,34,327204
1283,0.000338,74.125.68.0-255,1484,34368,34,327204
1284,0.00034,172.31.33.0-255,66,34434,34,327204
1285,0.000343,74.125.68.0-255,1484,35918,34,327204
1286,0.000346,172.31.33.0-255,66,35984,34,327204
1287,0.000375,74.125.68.0-255,1484,37468,34,327204
1288,0.000378,172.31.33.0-255,66,37534,34,327204
1289,0.000386,74.125.68.0-255,5738,43272,34,327204
1290,0.000389,172.31.33.0-255,66,43338,34,327204
1291,0.000393,74.125.68.0-255,2902,46240,34,327204
1292,0.000396,172.31.33.0-255,66,46306,34,327204
1293,0.000429,74.125.68.0-255,2543,48849,34,327204
1294,0.000432,172.31.33.0-255,66,48915,34,327204
1295,0.00044,74.125.68.0-255,5738,54653,34,327204
1296,0.000442,172.31.33.0-255,66,54719,34,327204
1297,0.000447,74.125.68.0-255,4320,59039,34,327204
1298,0.000451,172.31.33.0-255,66,59105,34,327204
1299,0.000479,74.125.68.0-255,4320,63425,34,327204
1300,0.000483,172.31.33.0-255,66,63491,34,327204
1301,0.000505,74.125.68.0-255,3125,66616,34,327204
1302,0.000508,172.31.33.0-255,66,66682,34,327204
1303,0.000923,74.125.68.0-255,1484,68166,34,327204
1304,0.000934,74.125.68.0-255,2902,71068,34,327204
1305,0.000938,172.31.33.0-255,66,71134,34,327204
1306,0.000971,74.125.68.0-255,5738,76872,34,327204
1307,0.000975,172.31.33.0-255,66,76938,34,327204
1308,0.000983,74.125.68.0-255,7156,84094,34,327204
1309,0.000986,172.31.33.0-255,66,84160,34,327204
1310,0.001024,172.31.33.0-255,66,84226,34,327204
1311,0.001052,74.125.68.0-255,2184,86410,34,327204
1312,0.001055,172.31.33.0-255,66,86476,34,327204
1313,0.002147,74.125.68.0-255,1484,87960,34,327204
1314,0.002154,74.125.68.0-255,1484,89444,34,327204
1315,0.002157,172.31.33.0-255,66,89510,34,327204
1316,0.002182,74.125.68.0-255,1484,90994,34,327204
1317,0.002184,74.125.68.0-255,1484,92478,34,327204
1318,0.002186,172.31.33.0-255,66,92544,34,327204
1319,0.00221,74.125.68.0-255,2902,95446,34,327204
1320,0.002227,172.31.33.0-255,66,95512,34,327204
1321,0.002232,74.125.68.0-255,2902,98414,34,327204
1322,0.002234,172.31.33.0-255,66,98480,34,327204
1323,0.002284,74.125.68.0-255,4320,102800,34,327204
1324,0.002287,172.31.33.0-255,66,102866,34,327204
1325,0.002296,74.125.68.0-255,4320,107186,34,327204
1326,0.002298,172.31.33.0-255,66,107252,34,327204
1327,0.0023,74.125.68.0-255,1484,108736,34,327204
1328,0.002324,74.125.68.0-255,1484,110220,34,327204
1329,0.002327,172.31.33.0-255,66,110286,34,327204
1330,0.00235,74.125.68.0-255,1484,111770,34,327204
1331,0.002362,74.125.68.0-255,1484,113254,34,327204
1332,0.002363,172.31.33.0-255,66,113320,34,327204
1333,0.002366,74.125.68.0-255,1484,114804,34,327204
1334,0.002385,74.125.68.0-255,2902,117706,34,327204
1335,0.002387,172.31.33.0-255,66,117772,34,327204
1336,0.002408,74.125.68.0-255,3602,121374,34,327204
1337,0.00241,172.31.33.0-255,66,121440,34,327204
1338,0.002681,74.125.68.0-255,1484,122924,34,327204
1339,0.002703,74.125.68.0-255,2902,125826,34,327204
1340,0.002705,172.31.33.0-255,66,125892,34,327204
1341,0.002708,74.125.68.0-255,1484,127376,34,327204
1342,0.002724,74.125.68.0-255,1484,128860,34,327204
1343,0.002726,172.31.33.0-255,66,128926,34,327204
1344,0.002737,74.125.68.0-255,2902,131828,34,327204
1345,0.002742,172.31.33.0-255,66,131894,34,327204
1346,0.002764,74.125.68.0-255,4320,136214,34,327204
1347,0.002766,172.31.33.0-255,66,136280,34,327204
1348,0.002791,74.125.68.0-255,1484,137764,34,327204
1349,0.002794,74.125.68.0-255,2902,140666,34,327204
1350,0.002796,172.31.33.0-255,66,140732,34,327204
1351,0.002799,74.125.68.0-255,1484,142216,34,327204
1352,0.002803,74.125.68.0-255,5738,147954,34,327204
1353,0.002805,172.31.33.0-255,66,148020,34,327204
1354,0.002835,74.125.68.0-255,7156,155176,34,327204
1355,0.002837,172.31.33.0-255,66,155242,34,327204
1356,0.002859,74.125.68.0-255,766,156008,34,327204
1357,0.002864,74.125.68.0-255,5738,161746,34,327204
1358,0.002866,172.31.33.0-255,66,161812,34,327204
1359,0.00289,74.125.68.0-255,2902,164714,34,327204
1360,0.002892,172.31.33.0-255,66,164780,34,327204
1361,0.002897,74.125.68.0-255,4320,169100,34,327204
1362,0.002898,172.31.33.0-255,66,169166,34,327204
1363,0.002904,74.125.68.0-255,5738,174904,34,327204
1364,0.002906,172.31.33.0-255,66,174970,34,327204
1365,0.002942,172.31.33.0-255,66,175036,34,327204
1366,0.002947,74.125.68.0-255,3602,178638,34,327204
1367,0.002948,172.31.33.0-255,66,178704,34,327204
1368,0.002981,74.125.68.0-255,1484,180188,34,327204
1369,0.002995,74.125.68.0-255,2902,183090,34,327204
1370,0.002997,172.31.33.0-255,66,183156,34,327204
1371,0.003024,74.125.68.0-255,5738,188894,34,327204
1372,0.003026,172.31.33.0-255,66,188960,34,327204
1373,0.003031,74.125.68.0-255,5738,194698,34,327204
1374,0.003033,172.31.33.0-255,66,194764,34,327204
1375,0.00307,74.125.68.0-255,5738,200502,34,327204
1376,0.003072,172.31.33.0-255,66,200568,34,327204
1377,0.003093,74.125.68.0-255,1484,202052,34,327204
1378,0.003097,74.125.68.0-255,4320,206372,34,327204
1379,0.003099,172.31.33.0-255,66,206438,34,327204
1380,0.003104,74.125.68.0-255,5738,212176,34,327204
1381,0.003106,172.31.33.0-255,66,212242,34,327204
1382,0.003129,74.125.68.0-255,2184,214426,34,327204
1383,0.003131,172.31.33.0-255,66,214492,34,327204
1384,0.003149,74.125.68.0-255,2902,217394,34,327204
1385,0.003151,172.31.33.0-255,66,217460,34,327204
1386,0.003156,74.125.68.0-255,4320,221780,34,327204
1387,0.003157,172.31.33.0-255,66,221846,34,327204
1388,0.003185,74.125.68.0-255,2902,224748,34,327204
1389,0.003187,172.31.33.0-255,66,224814,34,327204
1390,0.003205,74.125.68.0-255,7156,231970,34,327204
1391,0.003207,172.31.33.0-255,66,232036,34,327204
1392,0.003217,172.31.33.0-255,66,232102,34,327204
1393,0.00324,74.125.68.0-255,6438,238540,34,327204
1394,0.003242,172.31.33.0-255,66,238606,34,327204
1395,0.003282,74.125.68.0-255,5738,244344,34,327204
1396,0.003284,172.31.33.0-255,66,244410,34,327204
1397,0.003288,74.125.68.0-255,1484,245894,34,327204
1398,0.0033,74.125.68.0-255,2902,248796,34,327204
1399,0.003309,172.31.33.0-255,66,248862,34,327204
1400,0.003315,74.125.68.0-255,5738,254600,34,327204
1401,0.003317,172.31.33.0-255,66,254666,34,327204
1402,0.003348,74.125.68.0-255,2902,257568,34,327204
1403,0.003351,172.31.33.0-255,66,257634,34,327204
1404,0.003354,74.125.68.0-255,1484,259118,34,327204
1405,0.00336,74.125.68.0-255,5738,264856,34,327204
1406,0.003362,172.31.33.0-255,66,264922,34,327204
1407,0.003418,172.31.33.0-255,66,264988,34,327204
1408,0.003422,74.125.68.0-255,2902,267890,34,327204
1409,0.003424,172.31.33.0-255,66,267956,34,327204
1410,0.003442,74.125.68.0-255,5738,273694,34,327204
1411,0.003445,172.31.33.0-255,66,273760,34,327204
1412,0.003448,74.125.68.0-255,2902,276662,34,327204
1413,0.003451,172.31.33.0-255,66,276728,34,327204
1414,0.003526,74.125.68.0-255,1484,278212,34,327204
1415,0.003545,74.125.68.0-255,2902,281114,34,327204
1416,0.003571,74.125.68.0-255,5738,286852,34,327204
1417,0.003585,74.125.68.0-255,1484,288336,34,327204
1418,0.003609,74.125.68.0-255,7156,295492,34,327204
1419,0.003643,74.125.68.0-255,5020,300512,34,327204
1420,0.003667,74.125.68.0-255,5738,306250,34,327204
1421,0.003689,74.125.68.0-255,4320,310570,34,327204
1422,0.003711,74.125.68.0-255,7156,317726,34,327204
1423,0.003742,74.125.68.0-255,5738,323464,34,327204
1424,0.003762,74.125.68.0-255,3398,326862,34,327204
1425,0.00379,74.125.68.0-255,105,326967,34,327204
1426,0.00911,172.31.33.0-255,66,327033,34,327204
1427,0.011514,172.31.33.0-255,105,327138,34,327204
1428,0.013753,74.125.68.0-255,66,327204,34,327204
1429,0.0,172.217.194.0-255,219,219,34,265256
1430,2.7e-05,172.31.33.0-255,66,285,34,265256
1431,3.4e-05,172.217.194.0-255,1484,1769,34,265256
1432,3.9e-05,172.31.33.0-255,66,1835,34,265256
1433,4.5e-05,172.217.194.0-255,4320,6155,34,265256
1434,4.7e-05,172.31.33.0-255,66,6221,34,265256
1435,8.5e-05,172.217.194.0-255,7156,13377,34,265256
1436,8.8e-05,172.31.33.0-255,66,13443,34,265256
1437,0.00011,172.31.33.0-255,66,13509,34,265256
1438,0.000141,172.217.194.0-255,2902,16411,34,265256
1439,0.000144,172.31.33.0-255,66,16477,34,265256
1440,0.000179,172.217.194.0-255,5738,22215,34,265256
1441,0.000182,172.31.33.0-255,66,22281,34,265256
1442,0.000186,172.217.194.0-255,1125,23406,34,265256
1443,0.000189,172.31.33.0-255,66,23472,34,265256
1444,0.002649,172.217.194.0-255,1484,24956,34,265256
1445,0.002655,172.31.33.0-255,66,25022,34,265256
1446,0.002666,172.217.194.0-255,2902,27924,34,265256
1447,0.002668,172.31.33.0-255,66,27990,34,265256
1448,0.002675,172.217.194.0-255,5738,33728,34,265256
1449,0.002677,172.31.33.0-255,66,33794,34,265256
1450,0.002705,172.31.33.0-255,66,33860,34,265256
1451,0.002723,172.217.194.0-255,1484,35344,34,265256
1452,0.002725,172.31.33.0-255,66,35410,34,265256
1453,0.002735,172.31.33.0-255,66,35476,34,265256
1454,0.002737,172.217.194.0-255,766,36242,34,265256
1455,0.002739,172.31.33.0-255,66,36308,34,265256
1456,0.003201,172.217.194.0-255,364,36672,34,265256
1457,0.003205,172.31.33.0-255,66,36738,34,265256
1458,0.003237,172.217.194.0-255,1484,38222,34,265256
1459,0.003259,172.217.194.0-255,4320,42542,34,265256
1460,0.003262,172.217.194.0-255,1484,44026,34,265256
1461,0.003278,172.217.194.0-255,5738,49764,34,265256
1462,0.003298,172.217.194.0-255,5738,55502,34,265256
1463,0.003314,172.217.194.0-255,2902,58404,34,265256
1464,0.003328,172.217.194.0-255,4320,62724,34,265256
1465,0.004743,172.31.33.0-255,66,62790,34,265256
1466,0.004826,172.217.194.0-255,1484,64274,34,265256
1467,0.004842,172.217.194.0-255,2902,67176,34,265256
1468,0.004846,172.217.194.0-255,2902,70078,34,265256
1469,0.004849,172.31.33.0-255,66,70144,34,265256
1470,0.004854,172.31.33.0-255,66,70210,34,265256
1471,0.004869,172.217.194.0-255,7156,77366,34,265256
1472,0.00488,172.31.33.0-255,66,77432,34,265256
1473,0.004911,172.217.194.0-255,4320,81752,34,265256
1474,0.004916,172.31.33.0-255,66,81818,34,265256
1475,0.00494,172.217.194.0-255,6438,88256,34,265256
1476,0.004941,172.31.33.0-255,66,88322,34,265256
1477,0.004947,172.31.33.0-255,66,88388,34,265256
1478,0.004968,172.217.194.0-255,4320,92708,34,265256
1479,0.004979,172.31.33.0-255,66,92774,34,265256
1480,0.004995,172.217.194.0-255,5738,98512,34,265256
1481,0.005001,172.217.194.0-255,5738,104250,34,265256
1482,0.005001,172.31.33.0-255,66,104316,34,265256
1483,0.005002,172.217.194.0-255,1484,105800,34,265256
1484,0.005004,172.31.33.0-255,66,105866,34,265256
1485,0.005045,172.217.194.0-255,2902,108768,34,265256
1486,0.005056,172.31.33.0-255,66,108834,34,265256
1487,0.005073,172.217.194.0-255,766,109600,34,265256
1488,0.005078,172.31.33.0-255,66,109666,34,265256
1489,0.005187,172.217.194.0-255,1484,111150,34,265256
1490,0.005191,172.217.194.0-255,1484,112634,34,265256
1491,0.005198,172.31.33.0-255,66,112700,34,265256
1492,0.005204,172.217.194.0-255,1484,114184,34,265256
1493,0.005217,172.217.194.0-255,4320,118504,34,265256
1494,0.00522,172.31.33.0-255,66,118570,34,265256
1495,0.005234,172.217.194.0-255,4320,122890,34,265256
1496,0.005237,172.31.33.0-255,66,122956,34,265256
1497,0.005256,172.217.194.0-255,4320,127276,34,265256
1498,0.005259,172.31.33.0-255,66,127342,34,265256
1499,0.00527,172.217.194.0-255,2902,130244,34,265256
1500,0.005279,172.31.33.0-255,66,130310,34,265256
1501,0.0053,172.31.33.0-255,66,130376,34,265256
1502,0.005355,172.217.194.0-255,2902,133278,34,265256
1503,0.005361,172.31.33.0-255,66,133344,34,265256
1504,0.005372,172.217.194.0-255,766,134110,34,265256
1505,0.005442,172.217.194.0-255,1484,135594,34,265256
1506,0.005445,172.31.33.0-255,66,135660,34,265256
1507,0.00545,172.217.194.0-255,2902,138562,34,265256
1508,0.005458,172.31.33.0-255,66,138628,34,265256
1509,0.005498,172.217.194.0-255,5738,144366,34,265256
1510,0.005501,172.217.194.0-255,1484,145850,34,265256
1511,0.005507,172.31.33.0-255,66,145916,34,265256
1512,0.005519,172.217.194.0-255,5738,151654,34,265256
1513,0.005523,172.217.194.0-255,4320,155974,34,265256
1514,0.005529,172.31.33.0-255,66,156040,34,265256
1515,0.005582,172.217.194.0-255,4320,160360,34,265256
1516,0.005585,172.31.33.0-255,66,160426,34,265256
1517,0.005614,172.31.33.0-255,66,160492,34,265256
1518,0.005625,172.31.33.0-255,66,160558,34,265256
1519,0.005639,172.217.194.0-255,1484,162042,34,265256
1520,0.005648,172.217.194.0-255,4320,166362,34,265256
1521,0.005651,172.31.33.0-255,66,166428,34,265256
1522,0.005686,172.217.194.0-255,5738,172166,34,265256
1523,0.005689,172.31.33.0-255,66,172232,34,265256
1524,0.005725,172.31.33.0-255,66,172298,34,265256
1525,0.005779,172.217.194.0-255,1484,173782,34,265256
1526,0.00582,172.217.194.0-255,2902,176684,34,265256
1527,0.005823,172.31.33.0-255,66,176750,34,265256
1528,0.005841,172.217.194.0-255,4320,181070,34,265256
1529,0.00585,172.31.33.0-255,66,181136,34,265256
1530,0.005883,172.217.194.0-255,7156,188292,34,265256
1531,0.005888,172.31.33.0-255,66,188358,34,265256
1532,0.005897,172.217.194.0-255,1484,189842,34,265256
1533,0.005913,172.217.194.0-255,5738,195580,34,265256
1534,0.005918,172.31.33.0-255,66,195646,34,265256
1535,0.005925,172.217.194.0-255,4320,199966,34,265256
1536,0.005931,172.31.33.0-255,66,200032,34,265256
1537,0.005935,172.217.194.0-255,1484,201516,34,265256
1538,0.005951,172.217.194.0-255,4320,205836,34,265256
1539,0.005954,172.31.33.0-255,66,205902,34,265256
1540,0.005962,172.217.194.0-255,766,206668,34,265256
1541,0.006187,172.217.194.0-255,1484,208152,34,265256
1542,0.006191,172.31.33.0-255,66,208218,34,265256
1543,0.006196,172.217.194.0-255,2902,211120,34,265256
1544,0.006204,172.31.33.0-255,66,211186,34,265256
1545,0.006208,172.217.194.0-255,4320,215506,34,265256
1546,0.006216,172.31.33.0-255,66,215572,34,265256
1547,0.006223,172.217.194.0-255,1484,217056,34,265256
1548,0.006235,172.217.194.0-255,2902,219958,34,265256
1549,0.006241,172.31.33.0-255,66,220024,34,265256
1550,0.006257,172.217.194.0-255,2902,222926,34,265256
1551,0.006261,172.31.33.0-255,66,222992,34,265256
1552,0.006269,172.217.194.0-255,1484,224476,34,265256
1553,0.006274,172.217.194.0-255,5738,230214,34,265256
1554,0.006276,172.31.33.0-255,66,230280,34,265256
1555,0.006301,172.217.194.0-255,2902,233182,34,265256
1556,0.006307,172.217.194.0-255,7156,240338,34,265256
1557,0.006307,172.31.33.0-255,66,240404,34,265256
1558,0.006311,172.31.33.0-255,66,240470,34,265256
1559,0.006356,172.217.194.0-255,1484,241954,34,265256
1560,0.006385,172.31.33.0-255,66,242020,34,265256
1561,0.006393,172.217.194.0-255,2184,244204,34,265256
1562,0.006396,172.217.194.0-255,1484,245688,34,265256
1563,0.006397,172.31.33.0-255,66,245754,34,265256
1564,0.00643,172.31.33.0-255,66,245820,34,265256
1565,0.006519,172.217.194.0-255,1484,247304,34,265256
1566,0.006535,172.217.194.0-255,2902,250206,34,265256
1567,0.006538,172.31.33.0-255,66,250272,34,265256
1568,0.006553,172.217.194.0-255,5738,256010,34,265256
1569,0.006562,172.31.33.0-255,66,256076,34,265256
1570,0.006604,172.217.194.0-255,5738,261814,34,265256
1571,0.006606,172.31.33.0-255,66,261880,34,265256
1572,0.006621,172.217.194.0-255,2902,264782,34,265256
1573,0.006627,172.31.33.0-255,66,264848,34,265256
1574,0.00667,172.31.33.0-255,66,264914,34,265256
1575,0.00675,172.217.194.0-255,105,265019,34,265256
1576,0.007401,172.31.33.0-255,66,265085,34,265256
1577,0.007428,172.31.33.0-255,105,265190,34,265256
1578,0.009705,172.217.194.0-255,66,265256,34,265256
1579,0.0,172.217.194.0-255,153,153,34,184200
1580,2e-05,172.31.33.0-255,66,219,34,184200
1581,5.1e-05,172.217.194.0-255,1484,1703,34,184200
1582,5.5e-05,172.31.33.0-255,66,1769,34,184200
1583,6.1e-05,172.217.194.0-255,2902,4671,34,184200
1584,6.3e-05,172.31.33.0-255,66,4737,34,184200
1585,7e-05,172.217.194.0-255,7156,11893,34,184200
1586,7.3e-05,172.31.33.0-255,66,11959,34,184200
1587,7.9e-05,172.217.194.0-255,4943,16902,34,184200
1588,8.2e-05,172.31.33.0-255,66,16968,34,184200
1589,0.000101,172.217.194.0-255,5738,22706,34,184200
1590,0.000103,172.31.33.0-255,66,22772,34,184200
1591,0.000125,172.31.33.0-255,66,22838,34,184200
1592,0.000202,172.217.194.0-255,1484,24322,34,184200
1593,0.000205,172.31.33.0-255,66,24388,34,184200
1594,0.00021,172.217.194.0-255,2902,27290,34,184200
1595,0.000213,172.31.33.0-255,66,27356,34,184200
1596,0.000218,172.217.194.0-255,4320,31676,34,184200
1597,0.00022,172.31.33.0-255,66,31742,34,184200
1598,0.000234,172.217.194.0-255,1484,33226,34,184200
1599,0.000236,172.31.33.0-255,66,33292,34,184200
1600,0.000242,172.217.194.0-255,5738,39030,34,184200
1601,0.000244,172.31.33.0-255,66,39096,34,184200
1602,0.000248,172.217.194.0-255,2902,41998,34,184200
1603,0.000249,172.31.33.0-255,66,42064,34,184200
1604,0.000285,172.31.33.0-255,66,42130,34,184200
1605,0.000291,172.217.194.0-255,5332,47462,34,184200
1606,0.000294,172.31.33.0-255,66,47528,34,184200
1607,0.000445,172.217.194.0-255,365,47893,34,184200
1608,0.000449,172.31.33.0-255,66,47959,34,184200
1609,0.000591,172.217.194.0-255,1484,49443,34,184200
1610,0.000597,172.217.194.0-255,2902,52345,34,184200
1611,0.0006,172.31.33.0-255,66,52411,34,184200
1612,0.000613,172.217.194.0-255,1484,53895,34,184200
1613,0.000632,172.217.194.0-255,4320,58215,34,184200
1614,0.000634,172.31.33.0-255,66,58281,34,184200
1615,0.000653,172.217.194.0-255,7156,65437,34,184200
1616,0.000655,172.31.33.0-255,66,65503,34,184200
1617,0.000679,172.217.194.0-255,4320,69823,34,184200
1618,0.000681,172.31.33.0-255,66,69889,34,184200
1619,0.000693,172.31.33.0-255,66,69955,34,184200
1620,0.000879,172.217.194.0-255,1484,71439,34,184200
1621,0.000884,172.217.194.0-255,2902,74341,34,184200
1622,0.000887,172.31.33.0-255,66,74407,34,184200
1623,0.000911,172.217.194.0-255,5738,80145,34,184200
1624,0.000914,172.31.33.0-255,66,80211,34,184200
1625,0.00094,172.31.33.0-255,66,80277,34,184200
1626,0.000951,172.217.194.0-255,4320,84597,34,184200
1627,0.000953,172.31.33.0-255,66,84663,34,184200
1628,0.000964,172.31.33.0-255,66,84729,34,184200
1629,0.001041,172.217.194.0-255,1484,86213,34,184200
1630,0.001044,172.217.194.0-255,1484,87697,34,184200
1631,0.001046,172.31.33.0-255,66,87763,34,184200
1632,0.001062,172.217.194.0-255,1484,89247,34,184200
1633,0.001067,172.217.194.0-255,5738,94985,34,184200
1634,0.001069,172.31.33.0-255,66,95051,34,184200
1635,0.001097,172.31.33.0-255,66,95117,34,184200
1636,0.0011,172.217.194.0-255,1484,96601,34,184200
1637,0.00112,172.217.194.0-255,5738,102339,34,184200
1638,0.001122,172.31.33.0-255,66,102405,34,184200
1639,0.001143,172.217.194.0-255,3602,106007,34,184200
1640,0.001146,172.31.33.0-255,66,106073,34,184200
1641,0.001209,172.217.194.0-255,1484,107557,34,184200
1642,0.001215,172.217.194.0-255,2902,110459,34,184200
1643,0.001218,172.31.33.0-255,66,110525,34,184200
1644,0.001223,172.217.194.0-255,4320,114845,34,184200
1645,0.001225,172.31.33.0-255,66,114911,34,184200
1646,0.001249,172.217.194.0-255,1484,116395,34,184200
1647,0.001262,172.31.33.0-255,66,116461,34,184200
1648,0.001266,172.217.194.0-255,2902,119363,34,184200
1649,0.001268,172.31.33.0-255,66,119429,34,184200
1650,0.001285,172.217.194.0-255,7156,126585,34,184200
1651,0.001288,172.31.33.0-255,66,126651,34,184200
1652,0.001291,172.217.194.0-255,766,127417,34,184200
1653,0.00154,172.217.194.0-255,1484,128901,34,184200
1654,0.001543,172.31.33.0-255,66,128967,34,184200
1655,0.001561,172.217.194.0-255,2902,131869,34,184200
1656,0.001563,172.31.33.0-255,66,131935,34,184200
1657,0.001567,172.217.194.0-255,2902,134837,34,184200
1658,0.001569,172.31.33.0-255,66,134903,34,184200
1659,0.001593,172.217.194.0-255,2902,137805,34,184200
1660,0.001595,172.31.33.0-255,66,137871,34,184200
1661,0.001607,172.31.33.0-255,66,137937,34,184200
1662,0.001635,172.31.33.0-255,66,138003,34,184200
1663,0.001808,172.217.194.0-255,1484,139487,34,184200
1664,0.001813,172.217.194.0-255,1484,140971,34,184200
1665,0.001815,172.31.33.0-255,66,141037,34,184200
1666,0.001827,172.217.194.0-255,1484,142521,34,184200
1667,0.001831,172.217.194.0-255,2902,145423,34,184200
1668,0.001833,172.31.33.0-255,66,145489,34,184200
1669,0.001855,172.217.194.0-255,2902,148391,34,184200
1670,0.001858,172.31.33.0-255,66,148457,34,184200
1671,0.001862,172.217.194.0-255,4320,152777,34,184200
1672,0.001864,172.31.33.0-255,66,152843,34,184200
1673,0.001892,172.31.33.0-255,66,152909,34,184200
1674,0.001902,172.31.33.0-255,66,152975,34,184200
1675,0.00193,172.217.194.0-255,7156,160131,34,184200
1676,0.001932,172.31.33.0-255,66,160197,34,184200
1677,0.001966,172.31.33.0-255,66,160263,34,184200
1678,0.001971,172.217.194.0-255,4320,164583,34,184200
1679,0.001973,172.31.33.0-255,66,164649,34,184200
1680,0.00199,172.217.194.0-255,7156,171805,34,184200
1681,0.001993,172.31.33.0-255,66,171871,34,184200
1682,0.002002,172.217.194.0-255,766,172637,34,184200
1683,0.002005,172.217.194.0-255,1484,174121,34,184200
1684,0.002007,172.31.33.0-255,66,174187,34,184200
1685,0.002073,172.31.33.0-255,66,174253,34,184200
1686,0.0021,172.31.33.0-255,66,174319,34,184200
1687,0.002105,172.217.194.0-255,4320,178639,34,184200
1688,0.002107,172.31.33.0-255,66,178705,34,184200
1689,0.002135,172.31.33.0-255,66,178771,34,184200
1690,0.002147,172.217.194.0-255,2902,181673,34,184200
1691,0.00215,172.31.33.0-255,66,181739,34,184200
1692,0.002183,172.31.33.0-255,66,181805,34,184200
1693,0.002193,172.31.33.0-255,66,181871,34,184200
1694,0.002221,172.31.33.0-255,66,181937,34,184200
1695,0.002235,172.217.194.0-255,1855,183792,34,184200
1696,0.002237,172.31.33.0-255,66,183858,34,184200
1697,0.002239,172.217.194.0-255,105,183963,34,184200
1698,0.003871,172.31.33.0-255,66,184029,34,184200
1699,0.003906,172.31.33.0-255,105,184134,34,184200
1700,0.006005,172.217.194.0-255,66,184200,34,184200
1701,0.0,74.125.200.0-255,152,152,34,275753
1702,2.9e-05,172.31.33.0-255,66,218,34,275753
1703,3.6e-05,74.125.200.0-255,1484,1702,34,275753
1704,4e-05,172.31.33.0-255,66,1768,34,275753
1705,4.5e-05,74.125.200.0-255,2902,4670,34,275753
1706,4.7e-05,172.31.33.0-255,66,4736,34,275753
1707,4.9e-05,74.125.200.0-255,1484,6220,34,275753
1708,5.2e-05,172.31.33.0-255,66,6286,34,275753
1709,5.7e-05,74.125.200.0-255,2902,9188,34,275753
1710,6e-05,172.31.33.0-255,66,9254,34,275753
1711,9.1e-05,74.125.200.0-255,1484,10738,34,275753
1712,9.3e-05,172.31.33.0-255,66,10804,34,275753
1713,0.000115,74.125.200.0-255,3505,14309,34,275753
1714,0.000117,172.31.33.0-255,66,14375,34,275753
1715,0.000382,74.125.200.0-255,1484,15859,34,275753
1716,0.000386,172.31.33.0-255,66,15925,34,275753
1717,0.000391,74.125.200.0-255,2902,18827,34,275753
1718,0.000395,172.31.33.0-255,66,18893,34,275753
1719,0.000419,74.125.200.0-255,5738,24631,34,275753
1720,0.000421,172.31.33.0-255,66,24697,34,275753
1721,0.000441,74.125.200.0-255,6797,31494,34,275753
1722,0.000444,172.31.33.0-255,66,31560,34,275753
1723,0.000485,74.125.200.0-255,5738,37298,34,275753
1724,0.000488,172.31.33.0-255,66,37364,34,275753
1725,0.000501,74.125.200.0-255,1484,38848,34,275753
1726,0.000505,172.31.33.0-255,66,38914,34,275753
1727,0.000509,74.125.200.0-255,4320,43234,34,275753
1728,0.000512,172.31.33.0-255,66,43300,34,275753
1729,0.000516,74.125.200.0-255,5379,48679,34,275753
1730,0.000519,172.31.33.0-255,66,48745,34,275753
1731,0.002353,74.125.200.0-255,1484,50229,34,275753
1732,0.00236,172.31.33.0-255,66,50295,34,275753
1733,0.002367,74.125.200.0-255,2902,53197,34,275753
1734,0.002369,172.31.33.0-255,66,53263,34,275753
1735,0.002372,74.125.200.0-255,1484,54747,34,275753
1736,0.002384,74.125.200.0-255,1484,56231,34,275753
1737,0.002387,172.31.33.0-255,66,56297,34,275753
1738,0.002416,74.125.200.0-255,4320,60617,34,275753
1739,0.002418,172.31.33.0-255,66,60683,34,275753
1740,0.002422,74.125.200.0-255,2902,63585,34,275753
1741,0.00244,172.31.33.0-255,66,63651,34,275753
1742,0.002444,74.125.200.0-255,1484,65135,34,275753
1743,0.002447,74.125.200.0-255,1125,66260,34,275753
1744,0.002448,172.31.33.0-255,66,66326,34,275753
1745,0.002479,74.125.200.0-255,7156,73482,34,275753
1746,0.002482,172.31.33.0-255,66,73548,34,275753
1747,0.002486,74.125.200.0-255,2902,76450,34,275753
1748,0.002487,172.31.33.0-255,66,76516,34,275753
1749,0.002501,74.125.200.0-255,4320,80836,34,275753
1750,0.002504,172.31.33.0-255,66,80902,34,275753
1751,0.002538,172.31.33.0-255,66,80968,34,275753
1752,0.00254,74.125.200.0-255,1484,82452,34,275753
1753,0.002564,172.31.33.0-255,66,82518,34,275753
1754,0.002566,74.125.200.0-255,766,83284,34,275753
1755,0.002695,74.125.200.0-255,1484,84768,34,275753
1756,0.002698,172.31.33.0-255,66,84834,34,275753
1757,0.002701,74.125.200.0-255,1484,86318,34,275753
1758,0.002722,74.125.200.0-255,1484,87802,34,275753
1759,0.002724,172.31.33.0-255,66,87868,34,275753
1760,0.002738,74.125.200.0-255,4320,92188,34,275753
1761,0.00274,172.31.33.0-255,66,92254,34,275753
1762,0.002743,74.125.200.0-255,1484,93738,34,275753
1763,0.00276,74.125.200.0-255,2902,96640,34,275753
1764,0.002762,172.31.33.0-255,66,96706,34,275753
1765,0.002774,74.125.200.0-255,3846,100552,34,275753
1766,0.002776,172.31.33.0-255,66,100618,34,275753
1767,0.002822,172.31.33.0-255,66,100684,34,275753
1768,0.002825,74.125.200.0-255,1484,102168,34,275753
1769,0.002827,74.125.200.0-255,1484,103652,34,275753
1770,0.002829,172.31.33.0-255,66,103718,34,275753
1771,0.002876,74.125.200.0-255,2902,106620,34,275753
1772,0.002878,172.31.33.0-255,66,106686,34,275753
1773,0.002883,74.125.200.0-255,3238,109924,34,275753
1774,0.002885,172.31.33.0-255,66,109990,34,275753
1775,0.003051,74.125.200.0-255,1484,111474,34,275753
1776,0.003072,74.125.200.0-255,2902,114376,34,275753
1777,0.003074,172.31.33.0-255,66,114442,34,275753
1778,0.003093,74.125.200.0-255,4320,118762,34,275753
1779,0.003096,172.31.33.0-255,66,118828,34,275753
1780,0.00311,74.125.200.0-255,4320,123148,34,275753
1781,0.003112,172.31.33.0-255,66,123214,34,275753
1782,0.003136,74.125.200.0-255,4320,127534,34,275753
1783,0.003138,172.31.33.0-255,66,127600,34,275753
1784,0.003147,172.31.33.0-255,66,127666,34,275753
1785,0.003175,74.125.200.0-255,1484,129150,34,275753
1786,0.003189,74.125.200.0-255,6438,135588,34,275753
1787,0.003191,172.31.33.0-255,66,135654,34,275753
1788,0.003282,74.125.200.0-255,1484,137138,34,275753
1789,0.003294,74.125.200.0-255,2902,140040,34,275753
1790,0.003296,172.31.33.0-255,66,140106,34,275753
1791,0.003314,74.125.200.0-255,4320,144426,34,275753
1792,0.003316,172.31.33.0-255,66,144492,34,275753
1793,0.003329,74.125.200.0-255,1484,145976,34,275753
1794,0.003334,74.125.200.0-255,4320,150296,34,275753
1795,0.003336,172.31.33.0-255,66,150362,34,275753
1796,0.003354,74.125.200.0-255,1484,151846,34,275753
1797,0.003369,74.125.200.0-255,7156,159002,34,275753
1798,0.003371,172.31.33.0-255,66,159068,34,275753
1799,0.003389,74.125.200.0-255,2902,161970,34,275753
1800,0.003392,172.31.33.0-255,66,162036,34,275753
1801,0.003401,172.31.33.0-255,66,162102,34,275753
1802,0.003418,74.125.200.0-255,2902,165004,34,275753
1803,0.00342,172.31.33.0-255,66,165070,34,275753
1804,0.003438,74.125.200.0-255,5738,170808,34,275753
1805,0.00344,172.31.33.0-255,66,170874,34,275753
1806,0.003446,74.125.200.0-255,5738,176612,34,275753
1807,0.003448,172.31.33.0-255,66,176678,34,275753
1808,0.003455,74.125.200.0-255,7156,183834,34,275753
1809,0.003456,172.31.33.0-255,66,183900,34,275753
1810,0.003493,74.125.200.0-255,7156,191056,34,275753
1811,0.003495,172.31.33.0-255,66,191122,34,275753
1812,0.003515,74.125.200.0-255,5020,196142,34,275753
1813,0.003517,172.31.33.0-255,66,196208,34,275753
1814,0.003533,74.125.200.0-255,2902,199110,34,275753
1815,0.003535,172.31.33.0-255,66,199176,34,275753
1816,0.00355,74.125.200.0-255,5738,204914,34,275753
1817,0.003552,172.31.33.0-255,66,204980,34,275753
1818,0.003556,74.125.200.0-255,1484,206464,34,275753
1819,0.003601,172.31.33.0-255,66,206530,34,275753
1820,0.00361,172.31.33.0-255,66,206596,34,275753
1821,0.003631,74.125.200.0-255,2902,209498,34,275753
1822,0.003634,172.31.33.0-255,66,209564,34,275753
1823,0.003659,74.125.200.0-255,6438,216002,34,275753
1824,0.003662,172.31.33.0-255,66,216068,34,275753
1825,0.003666,74.125.200.0-255,2902,218970,34,275753
1826,0.003668,172.31.33.0-255,66,219036,34,275753
1827,0.00367,74.125.200.0-255,1484,220520,34,275753
1828,0.003709,172.31.33.0-255,66,220586,34,275753
1829,0.003715,74.125.200.0-255,5738,226324,34,275753
1830,0.003717,172.31.33.0-255,66,226390,34,275753
1831,0.003752,74.125.200.0-255,7156,233546,34,275753
1832,0.003755,172.31.33.0-255,66,233612,34,275753
1833,0.003783,172.31.33.0-255,66,233678,34,275753
1834,0.003849,172.31.33.0-255,66,233744,34,275753
1835,0.003859,172.31.33.0-255,66,233810,34,275753
1836,0.003886,74.125.200.0-255,1484,235294,34,275753
1837,0.003903,74.125.200.0-255,7156,242450,34,275753
1838,0.003906,172.31.33.0-255,66,242516,34,275753
1839,0.003935,172.31.33.0-255,66,242582,34,275753
1840,0.003952,74.125.200.0-255,4320,246902,34,275753
1841,0.003955,172.31.33.0-255,66,246968,34,275753
1842,0.003969,74.125.200.0-255,5738,252706,34,275753
1843,0.003972,172.31.33.0-255,66,252772,34,275753
1844,0.004009,74.125.200.0-255,4320,257092,34,275753
1845,0.004012,172.31.33.0-255,66,257158,34,275753
1846,0.004033,74.125.200.0-255,6438,263596,34,275753
1847,0.004036,172.31.33.0-255,66,263662,34,275753
1848,0.004047,172.31.33.0-255,66,263728,34,275753
1849,0.004052,74.125.200.0-255,4320,268048,34,275753
1850,0.004055,172.31.33.0-255,66,268114,34,275753
1851,0.004085,74.125.200.0-255,2660,270774,34,275753
1852,0.00409,172.31.33.0-255,66,270840,34,275753
1853,0.004094,74.125.200.0-255,97,270937,34,275753
1854,0.004129,74.125.200.0-255,105,271042,34,275753
1855,0.013399,172.31.33.0-255,66,271108,34,275753
1856,0.013431,172.31.33.0-255,105,271213,34,275753
1857,0.013662,74.125.200.0-255,105,271318,34,275753
1858,0.013674,172.31.33.0-255,78,271396,34,275753
1859,0.015718,74.125.200.0-255,66,271462,34,275753
1860,0.035754,172.31.33.0-255,172,271634,34,275753
1861,0.035781,172.31.33.0-255,1112,272746,34,275753
1862,0.03585,172.31.33.0-255,1514,274260,34,275753
1863,0.035852,172.31.33.0-255,1295,275555,34,275753
1864,0.037337,104.244.42.0-255,66,275621,34,275753
1865,0.037347,104.244.42.0-255,66,275687,34,275753
1866,0.03744,104.244.42.0-255,66,275753,34,275753
1867,0.0,74.125.200.0-255,152,152,34,356457
1868,3.5e-05,172.31.33.0-255,66,218,34,356457
1869,4.2e-05,74.125.200.0-255,1484,1702,34,356457
1870,4.6e-05,172.31.33.0-255,66,1768,34,356457
1871,5.2e-05,74.125.200.0-255,2902,4670,34,356457
1872,6.2e-05,172.31.33.0-255,66,4736,34,356457
1873,6.9e-05,74.125.200.0-255,4320,9056,34,356457
1874,7.2e-05,172.31.33.0-255,66,9122,34,356457
1875,0.00011,74.125.200.0-255,4892,14014,34,356457
1876,0.000114,172.31.33.0-255,66,14080,34,356457
1877,0.000151,74.125.200.0-255,4320,18400,34,356457
1878,0.000154,172.31.33.0-255,66,18466,34,356457
1879,0.000157,74.125.200.0-255,1484,19950,34,356457
1880,0.000159,172.31.33.0-255,66,20016,34,356457
1881,0.000187,74.125.200.0-255,4320,24336,34,356457
1882,0.00019,172.31.33.0-255,66,24402,34,356457
1883,0.000219,74.125.200.0-255,6797,31199,34,356457
1884,0.000222,172.31.33.0-255,66,31265,34,356457
1885,0.000251,74.125.200.0-255,7156,38421,34,356457
1886,0.000253,172.31.33.0-255,66,38487,34,356457
1887,0.000264,172.31.33.0-255,66,38553,34,356457
1888,0.000292,74.125.200.0-255,1125,39678,34,356457
1889,0.000294,172.31.33.0-255,66,39744,34,356457
1890,0.000317,74.125.200.0-255,1484,41228,34,356457
1891,0.00032,74.125.200.0-255,1484,42712,34,356457
1892,0.000324,172.31.33.0-255,66,42778,34,356457
1893,0.000331,172.31.33.0-255,66,42844,34,356457
1894,0.000341,74.125.200.0-255,2902,45746,34,356457
1895,0.000344,172.31.33.0-255,66,45812,34,356457
1896,0.000349,74.125.200.0-255,2902,48714,34,356457
1897,0.000351,172.31.33.0-255,66,48780,34,356457
1898,0.000378,74.125.200.0-255,5738,54518,34,356457
1899,0.000381,172.31.33.0-255,66,54584,34,356457
1900,0.000405,74.125.200.0-255,2842,57426,34,356457
1901,0.000407,172.31.33.0-255,66,57492,34,356457
1902,0.00053,74.125.200.0-255,129,57621,34,356457
1903,0.000574,74.125.200.0-255,346,57967,34,356457
1904,0.001072,172.31.33.0-255,66,58033,34,356457
1905,0.001723,74.125.200.0-255,1484,59517,34,356457
1906,0.001733,74.125.200.0-255,2902,62419,34,356457
1907,0.001737,172.31.33.0-255,66,62485,34,356457
1908,0.001764,74.125.200.0-255,2902,65387,34,356457
1909,0.001766,172.31.33.0-255,66,65453,34,356457
1910,0.001794,74.125.200.0-255,2902,68355,34,356457
1911,0.001797,172.31.33.0-255,66,68421,34,356457
1912,0.001804,74.125.200.0-255,7156,75577,34,356457
1913,0.001806,172.31.33.0-255,66,75643,34,356457
1914,0.001815,74.125.200.0-255,2902,78545,34,356457
1915,0.001817,172.31.33.0-255,66,78611,34,356457
1916,0.001844,74.125.200.0-255,2902,81513,34,356457
1917,0.001846,172.31.33.0-255,66,81579,34,356457
1918,0.001854,74.125.200.0-255,5738,87317,34,356457
1919,0.001856,172.31.33.0-255,66,87383,34,356457
1920,0.00188,74.125.200.0-255,1484,88867,34,356457
1921,0.001886,74.125.200.0-255,3602,92469,34,356457
1922,0.001888,172.31.33.0-255,66,92535,34,356457
1923,0.002506,74.125.200.0-255,1484,94019,34,356457
1924,0.002517,74.125.200.0-255,1484,95503,34,356457
1925,0.00252,172.31.33.0-255,66,95569,34,356457
1926,0.002543,74.125.200.0-255,2902,98471,34,356457
1927,0.002545,172.31.33.0-255,66,98537,34,356457
1928,0.002568,74.125.200.0-255,2902,101439,34,356457
1929,0.00257,172.31.33.0-255,66,101505,34,356457
1930,0.002573,74.125.200.0-255,1484,102989,34,356457
1931,0.002591,74.125.200.0-255,1484,104473,34,356457
1932,0.002594,172.31.33.0-255,66,104539,34,356457
1933,0.002618,74.125.200.0-255,4320,108859,34,356457
1934,0.002621,172.31.33.0-255,66,108925,34,356457
1935,0.002624,74.125.200.0-255,1484,110409,34,356457
1936,0.002627,74.125.200.0-255,1484,111893,34,356457
1937,0.002628,172.31.33.0-255,66,111959,34,356457
1938,0.002655,74.125.200.0-255,1484,113443,34,356457
1939,0.002657,74.125.200.0-255,1484,114927,34,356457
1940,0.002659,172.31.33.0-255,66,114993,34,356457
1941,0.002682,74.125.200.0-255,1484,116477,34,356457
1942,0.002686,74.125.200.0-255,1484,117961,34,356457
1943,0.002687,172.31.33.0-255,66,118027,34,356457
1944,0.00273,74.125.200.0-255,4320,122347,34,356457
1945,0.002732,172.31.33.0-255,66,122413,34,356457
1946,0.002769,74.125.200.0-255,5020,127433,34,356457
1947,0.002771,172.31.33.0-255,66,127499,34,356457
1948,0.002821,74.125.200.0-255,1484,128983,34,356457
1949,0.002837,74.125.200.0-255,2902,131885,34,356457
1950,0.002839,172.31.33.0-255,66,131951,34,356457
1951,0.002864,74.125.200.0-255,4320,136271,34,356457
1952,0.002867,172.31.33.0-255,66,136337,34,356457
1953,0.002885,74.125.200.0-255,1484,137821,34,356457
1954,0.002888,74.125.200.0-255,1484,139305,34,356457
1955,0.00289,172.31.33.0-255,66,139371,34,356457
1956,0.002894,74.125.200.0-255,2902,142273,34,356457
1957,0.002896,172.31.33.0-255,66,142339,34,356457
1958,0.002913,74.125.200.0-255,4320,146659,34,356457
1959,0.002915,172.31.33.0-255,66,146725,34,356457
1960,0.002936,74.125.200.0-255,1484,148209,34,356457
1961,0.002938,74.125.200.0-255,1484,149693,34,356457
1962,0.00294,172.31.33.0-255,66,149759,34,356457
1963,0.002944,74.125.200.0-255,2902,152661,34,356457
1964,0.002946,172.31.33.0-255,66,152727,34,356457
1965,0.002998,74.125.200.0-255,5738,158465,34,356457
1966,0.003001,172.31.33.0-255,66,158531,34,356457
1967,0.003005,74.125.200.0-255,2902,161433,34,356457
1968,0.003006,172.31.33.0-255,66,161499,34,356457
1969,0.003009,74.125.200.0-255,766,162265,34,356457
1970,0.00325,74.125.200.0-255,1484,163749,34,356457
1971,0.003252,172.31.33.0-255,66,163815,34,356457
1972,0.003256,74.125.200.0-255,1484,165299,34,356457
1973,0.003273,74.125.200.0-255,1484,166783,34,356457
1974,0.003275,172.31.33.0-255,66,166849,34,356457
1975,0.003278,74.125.200.0-255,1484,168333,34,356457
1976,0.003297,74.125.200.0-255,1484,169817,34,356457
1977,0.003299,172.31.33.0-255,66,169883,34,356457
1978,0.003304,74.125.200.0-255,4320,174203,34,356457
1979,0.003306,172.31.33.0-255,66,174269,34,356457
1980,0.003344,74.125.200.0-255,1484,175753,34,356457
1981,0.003356,74.125.200.0-255,5738,181491,34,356457
1982,0.003359,172.31.33.0-255,66,181557,34,356457
1983,0.003382,74.125.200.0-255,5738,187295,34,356457
1984,0.003384,172.31.33.0-255,66,187361,34,356457
1985,0.003403,74.125.200.0-255,1484,188845,34,356457
1986,0.003423,74.125.200.0-255,5738,194583,34,356457
1987,0.003425,172.31.33.0-255,66,194649,34,356457
1988,0.003429,74.125.200.0-255,2184,196833,34,356457
1989,0.003431,172.31.33.0-255,66,196899,34,356457
1990,0.00367,74.125.200.0-255,1484,198383,34,356457
1991,0.003681,74.125.200.0-255,1484,199867,34,356457
1992,0.003683,172.31.33.0-255,66,199933,34,356457
1993,0.003705,74.125.200.0-255,2902,202835,34,356457
1994,0.003707,172.31.33.0-255,66,202901,34,356457
1995,0.00373,74.125.200.0-255,4320,207221,34,356457
1996,0.003745,74.125.200.0-255,1484,208705,34,356457
1997,0.003747,74.125.200.0-255,1484,210189,34,356457
1998,0.00375,74.125.200.0-255,1484,211673,34,356457
1999,0.003765,74.125.200.0-255,1484,213157,34,356457
2000,0.003778,74.125.200.0-255,1484,214641,34,356457
2001,0.003791,74.125.200.0-255,4320,218961,34,356457
2002,0.003794,74.125.200.0-255,1484,220445,34,356457
2003,0.003811,74.125.200.0-255,2902,223347,34,356457
2004,0.003826,74.125.200.0-255,1484,224831,34,356457
2005,0.003837,74.125.200.0-255,4320,229151,34,356457
2006,0.003841,74.125.200.0-255,2184,231335,34,356457
2007,0.003869,74.125.200.0-255,2902,234237,34,356457
2008,0.003903,74.125.200.0-255,1484,235721,34,356457
2009,0.003925,74.125.200.0-255,1484,237205,34,356457
2010,0.003934,74.125.200.0-255,1484,238689,34,356457
2011,0.003956,74.125.200.0-255,2902,241591,34,356457
2012,0.003961,74.125.200.0-255,4320,245911,34,356457
2013,0.003984,74.125.200.0-255,2902,248813,34,356457
2014,0.003996,74.125.200.0-255,1484,250297,34,356457
2015,0.004024,74.125.200.0-255,5738,256035,34,356457
2016,0.00404,74.125.200.0-255,2902,258937,34,356457
2017,0.00405,74.125.200.0-255,1484,260421,34,356457
2018,0.004066,74.125.200.0-255,1484,261905,34,356457
2019,0.004095,74.125.200.0-255,3602,265507,34,356457
2020,0.004148,74.125.200.0-255,1484,266991,34,356457
2021,0.004165,74.125.200.0-255,2902,269893,34,356457
2022,0.004191,74.125.200.0-255,2902,272795,34,356457
2023,0.004204,74.125.200.0-255,1484,274279,34,356457
2024,0.004243,74.125.200.0-255,4320,278599,34,356457
2025,0.004259,74.125.200.0-255,1484,280083,34,356457
2026,0.004262,74.125.200.0-255,1484,281567,34,356457
2027,0.004279,74.125.200.0-255,2902,284469,34,356457
2028,0.004284,74.125.200.0-255,4320,288789,34,356457
2029,0.004304,74.125.200.0-255,7156,295945,34,356457
2030,0.004308,74.125.200.0-255,3602,299547,34,356457
2031,0.004334,74.125.200.0-255,1484,301031,34,356457
2032,0.004349,74.125.200.0-255,1484,302515,34,356457
2033,0.004363,74.125.200.0-255,4320,306835,34,356457
2034,0.004401,74.125.200.0-255,5738,312573,34,356457
2035,0.004426,74.125.200.0-255,7156,319729,34,356457
2036,0.004443,74.125.200.0-255,4320,324049,34,356457
2037,0.00446,74.125.200.0-255,2184,326233,34,356457
2038,0.004467,74.125.200.0-255,7156,333389,34,356457
2039,0.004552,74.125.200.0-255,5738,339127,34,356457
2040,0.004624,74.125.200.0-255,2902,342029,34,356457
2041,0.004629,74.125.200.0-255,5738,347767,34,356457
2042,0.004646,74.125.200.0-255,1187,348954,34,356457
2043,0.004678,74.125.200.0-255,105,349059,34,356457
2044,0.006624,172.31.33.0-255,66,349125,34,356457
2045,0.010893,172.31.33.0-255,105,349230,34,356457
2046,0.013163,74.125.200.0-255,66,349296,34,356457
2047,0.033959,172.31.33.0-255,167,349463,34,356457
2048,0.033989,172.31.33.0-255,1113,350576,34,356457
2049,0.034058,172.31.33.0-255,1514,352090,34,356457
2050,0.03406,172.31.33.0-255,1514,353604,34,356457
2051,0.034061,172.31.33.0-255,1514,355118,34,356457
2052,0.034062,172.31.33.0-255,1075,356193,34,356457
2053,0.035529,104.244.42.0-255,66,356259,34,356457
2054,0.035538,104.244.42.0-255,66,356325,34,356457
2055,0.035616,104.244.42.0-255,66,356391,34,356457
2056,0.03562,104.244.42.0-255,66,356457,34,356457
2057,0.0,172.31.33.0-255,105,105,34,342
2058,0.002245,74.125.200.0-255,66,171,34,342
2059,0.002338,74.125.200.0-255,105,276,34,342
2060,0.002342,172.31.33.0-255,66,342,34,342
2061,0.0,172.217.194.0-255,153,153,34,231998
2062,2.6e-05,172.31.33.0-255,66,219,34,231998
2063,3.3e-05,172.217.194.0-255,1484,1703,34,231998
2064,3.8e-05,172.31.33.0-255,66,1769,34,231998
2065,4.3e-05,172.217.194.0-255,2902,4671,34,231998
2066,4.6e-05,172.31.33.0-255,66,4737,34,231998
2067,5.4e-05,172.217.194.0-255,7156,11893,34,231998
2068,5.8e-05,172.31.33.0-255,66,11959,34,231998
2069,6.2e-05,172.217.194.0-255,2048,14007,34,231998
2070,6.5e-05,172.31.33.0-255,66,14073,34,231998
2071,0.000112,172.217.194.0-255,1484,15557,34,231998
2072,0.000115,172.31.33.0-255,66,15623,34,231998
2073,0.00012,172.217.194.0-255,2902,18525,34,231998
2074,0.000123,172.31.33.0-255,66,18591,34,231998
2075,0.000127,172.217.194.0-255,1484,20075,34,231998
2076,0.000129,172.31.33.0-255,66,20141,34,231998
2077,0.000144,172.217.194.0-255,4320,24461,34,231998
2078,0.000147,172.31.33.0-255,66,24527,34,231998
2079,0.000174,172.217.194.0-255,6797,31324,34,231998
2080,0.000177,172.31.33.0-255,66,31390,34,231998
2081,0.000372,172.217.194.0-255,1484,32874,34,231998
2082,0.000378,172.31.33.0-255,66,32940,34,231998
2083,0.000385,172.217.194.0-255,2902,35842,34,231998
2084,0.000388,172.31.33.0-255,66,35908,34,231998
2085,0.000408,172.217.194.0-255,5738,41646,34,231998
2086,0.000411,172.31.33.0-255,66,41712,34,231998
2087,0.000415,172.217.194.0-255,2902,44614,34,231998
2088,0.000417,172.31.33.0-255,66,44680,34,231998
2089,0.000432,172.217.194.0-255,2902,47582,34,231998
2090,0.000435,172.31.33.0-255,66,47648,34,231998
2091,0.000438,172.217.194.0-255,1484,49132,34,231998
2092,0.00044,172.31.33.0-255,66,49198,34,231998
2093,0.000478,172.217.194.0-255,2902,52100,34,231998
2094,0.000492,172.217.194.0-255,1411,53511,34,231998
2095,0.000554,172.31.33.0-255,66,53577,34,231998
2096,0.000783,172.217.194.0-255,100,53677,34,231998
2097,0.00083,172.217.194.0-255,1484,55161,34,231998
2098,0.000834,172.31.33.0-255,66,55227,34,231998
2099,0.000839,172.217.194.0-255,2902,58129,34,231998
2100,0.000877,172.217.194.0-255,7156,65285,34,231998
2101,0.000881,172.217.194.0-255,2902,68187,34,231998
2102,0.000891,172.217.194.0-255,1484,69671,34,231998
2103,0.000896,172.217.194.0-255,2902,72573,34,231998
2104,0.0009,172.31.33.0-255,66,72639,34,231998
2105,0.000936,172.217.194.0-255,1484,74123,34,231998
2106,0.000948,172.31.33.0-255,66,74189,34,231998
2107,0.000954,172.217.194.0-255,3902,78091,34,231998
2108,0.000963,172.31.33.0-255,66,78157,34,231998
2109,0.001213,172.217.194.0-255,1484,79641,34,231998
2110,0.001219,172.217.194.0-255,2902,82543,34,231998
2111,0.001225,172.31.33.0-255,66,82609,34,231998
2112,0.001246,172.217.194.0-255,2902,85511,34,231998
2113,0.001254,172.31.33.0-255,66,85577,34,231998
2114,0.001267,172.217.194.0-255,2902,88479,34,231998
2115,0.001288,172.31.33.0-255,66,88545,34,231998
2116,0.001303,172.217.194.0-255,2902,91447,34,231998
2117,0.001342,172.31.33.0-255,66,91513,34,231998
2118,0.001409,172.217.194.0-255,1484,92997,34,231998
2119,0.001413,172.217.194.0-255,1484,94481,34,231998
2120,0.001416,172.31.33.0-255,66,94547,34,231998
2121,0.001429,172.217.194.0-255,1484,96031,34,231998
2122,0.001435,172.217.194.0-255,5738,101769,34,231998
2123,0.001445,172.31.33.0-255,66,101835,34,231998
2124,0.001448,172.217.194.0-255,1484,103319,34,231998
2125,0.00149,172.217.194.0-255,1484,104803,34,231998
2126,0.001507,172.217.194.0-255,5738,110541,34,231998
2127,0.001524,172.217.194.0-255,3602,114143,34,231998
2128,0.001528,172.31.33.0-255,66,114209,34,231998
2129,0.001533,172.31.33.0-255,66,114275,34,231998
2130,0.001567,172.217.194.0-255,1484,115759,34,231998
2131,0.001572,172.217.194.0-255,2902,118661,34,231998
2132,0.001597,172.217.194.0-255,5738,124399,34,231998
2133,0.001601,172.31.33.0-255,66,124465,34,231998
2134,0.001607,172.31.33.0-255,66,124531,34,231998
2135,0.001625,172.217.194.0-255,2902,127433,34,231998
2136,0.001643,172.217.194.0-255,5738,133171,34,231998
2137,0.001648,172.31.33.0-255,66,133237,34,231998
2138,0.00167,172.217.194.0-255,4320,137557,34,231998
2139,0.001685,172.31.33.0-255,66,137623,34,231998
2140,0.001938,172.217.194.0-255,1484,139107,34,231998
2141,0.001953,172.217.194.0-255,2902,142009,34,231998
2142,0.00196,172.217.194.0-255,5738,147747,34,231998
2143,0.001984,172.31.33.0-255,66,147813,34,231998
2144,0.00199,172.217.194.0-255,4320,152133,34,231998
2145,0.002,172.31.33.0-255,66,152199,34,231998
2146,0.002013,172.217.194.0-255,2902,155101,34,231998
2147,0.002033,172.217.194.0-255,4320,159421,34,231998
2148,0.002039,172.217.194.0-255,3602,163023,34,231998
2149,0.002048,172.31.33.0-255,66,163089,34,231998
2150,0.002085,172.217.194.0-255,1484,164573,34,231998
2151,0.002112,172.217.194.0-255,2902,167475,34,231998
2152,0.002115,172.31.33.0-255,66,167541,34,231998
2153,0.002139,172.217.194.0-255,5738,173279,34,231998
2154,0.002145,172.217.194.0-255,4320,177599,34,231998
2155,0.002157,172.217.194.0-255,7156,184755,34,231998
2156,0.002196,172.217.194.0-255,1484,186239,34,231998
2157,0.002256,172.217.194.0-255,1484,187723,34,231998
2158,0.002274,172.217.194.0-255,7156,194879,34,231998
2159,0.00232,172.217.194.0-255,6438,201317,34,231998
2160,0.002334,172.217.194.0-255,4320,205637,34,231998
2161,0.002437,172.217.194.0-255,4320,209957,34,231998
2162,0.00245,172.217.194.0-255,5738,215695,34,231998
2163,0.002465,172.217.194.0-255,1484,217179,34,231998
2164,0.002469,172.217.194.0-255,2902,220081,34,231998
2165,0.002472,172.217.194.0-255,1484,221565,34,231998
2166,0.002478,172.217.194.0-255,5617,227182,34,231998
2167,0.002481,172.217.194.0-255,105,227287,34,231998
2168,0.009736,172.31.33.0-255,66,227353,34,231998
2169,0.011165,172.217.194.0-255,105,227458,34,231998
2170,0.011177,172.31.33.0-255,78,227536,34,231998
2171,0.011938,172.31.33.0-255,105,227641,34,231998
2172,0.013875,172.217.194.0-255,66,227707,34,231998
2173,0.037289,172.31.33.0-255,172,227879,34,231998
2174,0.037325,172.31.33.0-255,1112,228991,34,231998
2175,0.037394,172.31.33.0-255,1514,230505,34,231998
2176,0.037396,172.31.33.0-255,1295,231800,34,231998
2177,0.038828,104.244.42.0-255,66,231866,34,231998
2178,0.038854,104.244.42.0-255,66,231932,34,231998
2179,0.03894,104.244.42.0-255,66,231998,34,231998
2180,0.0,74.125.200.0-255,153,153,34,334901
2181,1.9e-05,172.31.33.0-255,66,219,34,334901
2182,2.6e-05,74.125.200.0-255,1484,1703,34,334901
2183,3e-05,172.31.33.0-255,66,1769,34,334901
2184,4.6e-05,74.125.200.0-255,2902,4671,34,334901
2185,5e-05,172.31.33.0-255,66,4737,34,334901
2186,7.9e-05,74.125.200.0-255,5738,10475,34,334901
2187,8.1e-05,172.31.33.0-255,66,10541,34,334901
2188,0.000104,74.125.200.0-255,6340,16881,34,334901
2189,0.000107,172.31.33.0-255,66,16947,34,334901
2190,0.000112,74.125.200.0-255,4320,21267,34,334901
2191,0.000114,172.31.33.0-255,66,21333,34,334901
2192,0.000135,74.125.200.0-255,7156,28489,34,334901
2193,0.000138,172.31.33.0-255,66,28555,34,334901
2194,0.00016,74.125.200.0-255,2543,31098,34,334901
2195,0.000163,172.31.33.0-255,66,31164,34,334901
2196,0.000188,74.125.200.0-255,1484,32648,34,334901
2197,0.00019,172.31.33.0-255,66,32714,34,334901
2198,0.000206,74.125.200.0-255,2902,35616,34,334901
2199,0.000208,172.31.33.0-255,66,35682,34,334901
2200,0.000233,74.125.200.0-255,5738,41420,34,334901
2201,0.000235,172.31.33.0-255,66,41486,34,334901
2202,0.000239,74.125.200.0-255,2902,44388,34,334901
2203,0.000241,172.31.33.0-255,66,44454,34,334901
2204,0.000245,74.125.200.0-255,1484,45938,34,334901
2205,0.000247,172.31.33.0-255,66,46004,34,334901
2206,0.00027,74.125.200.0-255,2543,48547,34,334901
2207,0.000273,172.31.33.0-255,66,48613,34,334901
2208,0.000312,74.125.200.0-255,7156,55769,34,334901
2209,0.000315,172.31.33.0-255,66,55835,34,334901
2210,0.000329,74.125.200.0-255,1484,57319,34,334901
2211,0.000331,172.31.33.0-255,66,57385,34,334901
2212,0.000336,74.125.200.0-255,4320,61705,34,334901
2213,0.000339,172.31.33.0-255,66,61771,34,334901
2214,0.000341,74.125.200.0-255,1484,63255,34,334901
2215,0.000367,74.125.200.0-255,2815,66070,34,334901
2216,0.00037,172.31.33.0-255,66,66136,34,334901
2217,0.000373,74.125.200.0-255,130,66266,34,334901
2218,0.000497,74.125.200.0-255,1484,67750,34,334901
2219,0.000516,172.31.33.0-255,66,67816,34,334901
2220,0.000525,74.125.200.0-255,2902,70718,34,334901
2221,0.000528,172.31.33.0-255,66,70784,34,334901
2222,0.000535,74.125.200.0-255,5738,76522,34,334901
2223,0.000538,172.31.33.0-255,66,76588,34,334901
2224,0.000581,172.31.33.0-255,66,76654,34,334901
2225,0.000585,74.125.200.0-255,1484,78138,34,334901
2226,0.000609,74.125.200.0-255,7156,85294,34,334901
2227,0.000612,172.31.33.0-255,66,85360,34,334901
2228,0.000615,74.125.200.0-255,1484,86844,34,334901
2229,0.000635,74.125.200.0-255,5379,92223,34,334901
2230,0.000638,172.31.33.0-255,66,92289,34,334901
2231,0.001321,74.125.200.0-255,1484,93773,34,334901
2232,0.001329,74.125.200.0-255,2902,96675,34,334901
2233,0.001334,172.31.33.0-255,66,96741,34,334901
2234,0.001339,74.125.200.0-255,2902,99643,34,334901
2235,0.001341,172.31.33.0-255,66,99709,34,334901
2236,0.001356,74.125.200.0-255,2902,102611,34,334901
2237,0.001359,172.31.33.0-255,66,102677,34,334901
2238,0.001385,74.125.200.0-255,5738,108415,34,334901
2239,0.001388,172.31.33.0-255,66,108481,34,334901
2240,0.001395,74.125.200.0-255,7156,115637,34,334901
2241,0.001397,172.31.33.0-255,66,115703,34,334901
2242,0.001446,172.31.33.0-255,66,115769,34,334901
2243,0.001561,74.125.200.0-255,1484,117253,34,334901
2244,0.001583,74.125.200.0-255,2902,120155,34,334901
2245,0.001587,172.31.33.0-255,66,120221,34,334901
2246,0.00159,74.125.200.0-255,1484,121705,34,334901
2247,0.00161,74.125.200.0-255,4320,126025,34,334901
2248,0.001613,172.31.33.0-255,66,126091,34,334901
2249,0.001634,74.125.200.0-255,5738,131829,34,334901
2250,0.001636,172.31.33.0-255,66,131895,34,334901
2251,0.001644,74.125.200.0-255,7156,139051,34,334901
2252,0.001646,172.31.33.0-255,66,139117,34,334901
2253,0.001668,74.125.200.0-255,1484,140601,34,334901
2254,0.001682,74.125.200.0-255,4320,144921,34,334901
2255,0.001685,172.31.33.0-255,66,144987,34,334901
2256,0.001709,74.125.200.0-255,5020,150007,34,334901
2257,0.001712,172.31.33.0-255,66,150073,34,334901
2258,0.001724,172.31.33.0-255,66,150139,34,334901
2259,0.001729,74.125.200.0-255,2902,153041,34,334901
2260,0.001731,172.31.33.0-255,66,153107,34,334901
2261,0.001756,74.125.200.0-255,1484,154591,34,334901
2262,0.001763,74.125.200.0-255,5738,160329,34,334901
2263,0.001765,172.31.33.0-255,66,160395,34,334901
2264,0.00179,74.125.200.0-255,5738,166133,34,334901
2265,0.001794,172.31.33.0-255,66,166199,34,334901
2266,0.001801,74.125.200.0-255,6438,172637,34,334901
2267,0.001803,172.31.33.0-255,66,172703,34,334901
2268,0.001825,74.125.200.0-255,1484,174187,34,334901
2269,0.001844,74.125.200.0-255,2902,177089,34,334901
2270,0.001847,172.31.33.0-255,66,177155,34,334901
2271,0.00187,74.125.200.0-255,5738,182893,34,334901
2272,0.001873,172.31.33.0-255,66,182959,34,334901
2273,0.001877,74.125.200.0-255,2902,185861,34,334901
2274,0.001879,172.31.33.0-255,66,185927,34,334901
2275,0.001894,74.125.200.0-255,1484,187411,34,334901
2276,0.001901,74.125.200.0-255,5738,193149,34,334901
2277,0.001903,172.31.33.0-255,66,193215,34,334901
2278,0.001921,74.125.200.0-255,7156,200371,34,334901
2279,0.001924,172.31.33.0-255,66,200437,34,334901
2280,0.001949,74.125.200.0-255,4320,204757,34,334901
2281,0.001952,172.31.33.0-255,66,204823,34,334901
2282,0.001956,74.125.200.0-255,2184,207007,34,334901
2283,0.001958,172.31.33.0-255,66,207073,34,334901
2284,0.001992,74.125.200.0-255,1484,208557,34,334901
2285,0.002014,74.125.200.0-255,1484,210041,34,334901
2286,0.002018,172.31.33.0-255,66,210107,34,334901
2287,0.002023,74.125.200.0-255,2902,213009,34,334901
2288,0.002025,172.31.33.0-255,66,213075,34,334901
2289,0.00203,74.125.200.0-255,4320,217395,34,334901
2290,0.002032,172.31.33.0-255,66,217461,34,334901
2291,0.002059,172.31.33.0-255,66,217527,34,334901
2292,0.002068,172.31.33.0-255,66,217593,34,334901
2293,0.002079,172.31.33.0-255,66,217659,34,334901
2294,0.002084,74.125.200.0-255,4320,221979,34,334901
2295,0.002086,172.31.33.0-255,66,222045,34,334901
2296,0.002089,74.125.200.0-255,1484,223529,34,334901
2297,0.00211,74.125.200.0-255,4320,227849,34,334901
2298,0.002114,172.31.33.0-255,66,227915,34,334901
2299,0.00214,74.125.200.0-255,7156,235071,34,334901
2300,0.002143,172.31.33.0-255,66,235137,34,334901
2301,0.002159,74.125.200.0-255,1484,236621,34,334901
2302,0.002165,74.125.200.0-255,4320,240941,34,334901
2303,0.002168,172.31.33.0-255,66,241007,34,334901
2304,0.002191,74.125.200.0-255,5738,246745,34,334901
2305,0.002194,172.31.33.0-255,66,246811,34,334901
2306,0.002199,74.125.200.0-255,2184,248995,34,334901
2307,0.002201,172.31.33.0-255,66,249061,34,334901
2308,0.002206,74.125.200.0-255,2902,251963,34,334901
2309,0.002208,172.31.33.0-255,66,252029,34,334901
2310,0.002215,74.125.200.0-255,7156,259185,34,334901
2311,0.002218,172.31.33.0-255,66,259251,34,334901
2312,0.002221,74.125.200.0-255,1484,260735,34,334901
2313,0.00225,74.125.200.0-255,4320,265055,34,334901
2314,0.002254,172.31.33.0-255,66,265121,34,334901
2315,0.002262,74.125.200.0-255,7156,272277,34,334901
2316,0.002264,172.31.33.0-255,66,272343,34,334901
2317,0.002296,74.125.200.0-255,5738,278081,34,334901
2318,0.0023,172.31.33.0-255,66,278147,34,334901
2319,0.002337,74.125.200.0-255,5306,283453,34,334901
2320,0.002342,172.31.33.0-255,66,283519,34,334901
2321,0.002409,74.125.200.0-255,1484,285003,34,334901
2322,0.002427,74.125.200.0-255,2902,287905,34,334901
2323,0.002431,172.31.33.0-255,66,287971,34,334901
2324,0.002438,74.125.200.0-255,4320,292291,34,334901
2325,0.00244,172.31.33.0-255,66,292357,34,334901
2326,0.002469,74.125.200.0-255,5738,298095,34,334901
2327,0.002473,172.31.33.0-255,66,298161,34,334901
2328,0.002493,74.125.200.0-255,2902,301063,34,334901
2329,0.002497,172.31.33.0-255,66,301129,34,334901
2330,0.002503,74.125.200.0-255,4320,305449,34,334901
2331,0.002505,172.31.33.0-255,66,305515,34,334901
2332,0.002515,74.125.200.0-255,5738,311253,34,334901
2333,0.002517,172.31.33.0-255,66,311319,34,334901
2334,0.002545,74.125.200.0-255,5738,317057,34,334901
2335,0.002548,172.31.33.0-255,66,317123,34,334901
2336,0.002568,74.125.200.0-255,766,317889,34,334901
2337,0.002924,74.125.200.0-255,1484,319373,34,334901
2338,0.002927,172.31.33.0-255,66,319439,34,334901
2339,0.002932,74.125.200.0-255,1484,320923,34,334901
2340,0.002947,74.125.200.0-255,1484,322407,34,334901
2341,0.002949,172.31.33.0-255,66,322473,34,334901
2342,0.002953,74.125.200.0-255,1484,323957,34,334901
2343,0.002971,74.125.200.0-255,2902,326859,34,334901
2344,0.002973,172.31.33.0-255,66,326925,34,334901
2345,0.002979,74.125.200.0-255,4320,331245,34,334901
2346,0.002982,172.31.33.0-255,66,331311,34,334901
2347,0.002986,74.125.200.0-255,2902,334213,34,334901
2348,0.002988,172.31.33.0-255,66,334279,34,334901
2349,0.003043,172.31.33.0-255,66,334345,34,334901
2350,0.003046,74.125.200.0-255,97,334442,34,334901
2351,0.003093,74.125.200.0-255,105,334547,34,334901
2352,0.013174,74.125.200.0-255,105,334652,34,334901
2353,0.013195,172.31.33.0-255,78,334730,34,334901
2354,0.015995,172.31.33.0-255,105,334835,34,334901
2355,0.018578,74.125.200.0-255,66,334901,34,334901
2356,0.0,74.125.130.0-255,146,146,34,267300
2357,1.3e-05,172.31.33.0-255,66,212,34,267300
2358,3.1e-05,74.125.130.0-255,1484,1696,34,267300
2359,3.4e-05,172.31.33.0-255,66,1762,34,267300
2360,5.7e-05,74.125.130.0-255,1484,3246,34,267300
2361,5.9e-05,172.31.33.0-255,66,3312,34,267300
2362,6.3e-05,74.125.130.0-255,2902,6214,34,267300
2363,6.6e-05,172.31.33.0-255,66,6280,34,267300
2364,7.1e-05,74.125.130.0-255,5738,12018,34,267300
2365,7.3e-05,172.31.33.0-255,66,12084,34,267300
2366,0.000109,74.125.130.0-255,2048,14132,34,267300
2367,0.000111,172.31.33.0-255,66,14198,34,267300
2368,0.000114,74.125.130.0-255,2902,17100,34,267300
2369,0.000116,172.31.33.0-255,66,17166,34,267300
2370,0.000119,74.125.130.0-255,2902,20068,34,267300
2371,0.000121,172.31.33.0-255,66,20134,34,267300
2372,0.000136,74.125.130.0-255,4320,24454,34,267300
2373,0.000138,172.31.33.0-255,66,24520,34,267300
2374,0.000156,74.125.130.0-255,5738,30258,34,267300
2375,0.00016,172.31.33.0-255,66,30324,34,267300
2376,0.000179,74.125.130.0-255,7156,37480,34,267300
2377,0.000181,172.31.33.0-255,66,37546,34,267300
2378,0.000243,74.125.130.0-255,7156,44702,34,267300
2379,0.000248,172.31.33.0-255,66,44768,34,267300
2380,0.000268,74.125.130.0-255,3602,48370,34,267300
2381,0.000271,172.31.33.0-255,66,48436,34,267300
2382,0.00031,172.31.33.0-255,66,48502,34,267300
2383,0.000327,74.125.130.0-255,2902,51404,34,267300
2384,0.000329,172.31.33.0-255,66,51470,34,267300
2385,0.000365,74.125.130.0-255,1484,52954,34,267300
2386,0.000369,172.31.33.0-255,66,53020,34,267300
2387,0.000384,74.125.130.0-255,4211,57231,34,267300
2388,0.000387,74.125.130.0-255,120,57351,34,267300
2389,0.000464,172.31.33.0-255,66,57417,34,267300
2390,0.000507,74.125.130.0-255,1484,58901,34,267300
2391,0.000534,74.125.130.0-255,2902,61803,34,267300
2392,0.00054,74.125.130.0-255,5738,67541,34,267300
2393,0.000558,74.125.130.0-255,5738,73279,34,267300
2394,0.000582,74.125.130.0-255,1125,74404,34,267300
2395,0.00059,172.31.33.0-255,66,74470,34,267300
2396,0.000599,74.125.130.0-255,1484,75954,34,267300
2397,0.000616,74.125.130.0-255,2902,78856,34,267300
2398,0.000619,74.125.130.0-255,1484,80340,34,267300
2399,0.000648,74.125.130.0-255,4320,84660,34,267300
2400,0.000663,172.31.33.0-255,66,84726,34,267300
2401,0.000675,74.125.130.0-255,1484,86210,34,267300
2402,0.000695,74.125.130.0-255,5694,91904,34,267300
2403,0.000715,172.31.33.0-255,66,91970,34,267300
2404,0.000745,74.125.130.0-255,1484,93454,34,267300
2405,0.000764,74.125.130.0-255,2902,96356,34,267300
2406,0.000771,74.125.130.0-255,5738,102094,34,267300
2407,0.000816,172.31.33.0-255,66,102160,34,267300
2408,0.000825,74.125.130.0-255,2902,105062,34,267300
2409,0.000831,172.31.33.0-255,66,105128,34,267300
2410,0.000892,172.31.33.0-255,66,105194,34,267300
2411,0.000912,74.125.130.0-255,2184,107378,34,267300
2412,0.000931,74.125.130.0-255,1484,108862,34,267300
2413,0.000971,172.31.33.0-255,66,108928,34,267300
2414,0.001008,74.125.130.0-255,4320,113248,34,267300
2415,0.001016,172.31.33.0-255,66,113314,34,267300
2416,0.001032,74.125.130.0-255,2902,116216,34,267300
2417,0.001047,74.125.130.0-255,2902,119118,34,267300
2418,0.001089,172.31.33.0-255,66,119184,34,267300
2419,0.001145,172.31.33.0-255,66,119250,34,267300
2420,0.001183,172.31.33.0-255,66,119316,34,267300
2421,0.001298,74.125.130.0-255,7156,126472,34,267300
2422,0.001315,74.125.130.0-255,5020,131492,34,267300
2423,0.001328,74.125.130.0-255,1484,132976,34,267300
2424,0.001339,74.125.130.0-255,2902,135878,34,267300
2425,0.00135,172.31.33.0-255,66,135944,34,267300
2426,0.001354,74.125.130.0-255,2902,138846,34,267300
2427,0.001358,172.31.33.0-255,66,138912,34,267300
2428,0.001367,74.125.130.0-255,2902,141814,34,267300
2429,0.001383,172.31.33.0-255,66,141880,34,267300
2430,0.001393,74.125.130.0-255,4320,146200,34,267300
2431,0.001409,74.125.130.0-255,7156,153356,34,267300
2432,0.00143,172.31.33.0-255,66,153422,34,267300
2433,0.001455,74.125.130.0-255,4320,157742,34,267300
2434,0.001476,172.31.33.0-255,66,157808,34,267300
2435,0.002603,74.125.130.0-255,1484,159292,34,267300
2436,0.002607,74.125.130.0-255,1484,160776,34,267300
2437,0.00261,172.31.33.0-255,66,160842,34,267300
2438,0.002628,74.125.130.0-255,1484,162326,34,267300
2439,0.002633,74.125.130.0-255,5738,168064,34,267300
2440,0.002637,172.31.33.0-255,66,168130,34,267300
2441,0.002654,74.125.130.0-255,7156,175286,34,267300
2442,0.002668,74.125.130.0-255,1484,176770,34,267300
2443,0.00267,172.31.33.0-255,66,176836,34,267300
2444,0.002706,74.125.130.0-255,7156,183992,34,267300
2445,0.00272,74.125.130.0-255,2902,186894,34,267300
2446,0.002763,74.125.130.0-255,1484,188378,34,267300
2447,0.002775,74.125.130.0-255,3602,191980,34,267300
2448,0.002795,74.125.130.0-255,7156,199136,34,267300
2449,0.002903,74.125.130.0-255,4320,203456,34,267300
2450,0.002912,74.125.130.0-255,1484,204940,34,267300
2451,0.002929,74.125.130.0-255,2902,207842,34,267300
2452,0.002939,74.125.130.0-255,2902,210744,34,267300
2453,0.002956,74.125.130.0-255,5020,215764,34,267300
2454,0.002993,74.125.130.0-255,5738,221502,34,267300
2455,0.003023,74.125.130.0-255,4320,225822,34,267300
2456,0.003199,74.125.130.0-255,6438,232260,34,267300
2457,0.003216,74.125.130.0-255,1484,233744,34,267300
2458,0.003251,172.31.33.0-255,66,233810,34,267300
2459,0.003304,172.31.33.0-255,66,233876,34,267300
2460,0.003377,74.125.130.0-255,3602,237478,34,267300
2461,0.003396,74.125.130.0-255,1484,238962,34,267300
2462,0.003399,74.125.130.0-255,1484,240446,34,267300
2463,0.003412,74.125.130.0-255,2902,243348,34,267300
2464,0.003435,172.31.33.0-255,66,243414,34,267300
2465,0.003447,74.125.130.0-255,5738,249152,34,267300
2466,0.003452,172.31.33.0-255,66,249218,34,267300
2467,0.003467,74.125.130.0-255,2902,252120,34,267300
2468,0.003483,74.125.130.0-255,7156,259276,34,267300
2469,0.003504,74.125.130.0-255,3090,262366,34,267300
2470,0.003508,172.31.33.0-255,66,262432,34,267300
2471,0.003518,172.31.33.0-255,66,262498,34,267300
2472,0.003522,74.125.130.0-255,105,262603,34,267300
2473,0.004712,172.31.33.0-255,66,262669,34,267300
2474,0.004767,172.31.33.0-255,105,262774,34,267300
2475,0.00693,74.125.130.0-255,66,262840,34,267300
2476,0.02409,172.31.33.0-255,167,263007,34,267300
2477,0.024113,172.31.33.0-255,1113,264120,34,267300
2478,0.024167,172.31.33.0-255,1514,265634,34,267300
2479,0.024169,172.31.33.0-255,1294,266928,34,267300
2480,0.025644,104.244.42.0-255,66,266994,34,267300
2481,0.025698,104.244.42.0-255,66,267060,34,267300
2482,0.025731,104.244.42.0-255,66,267126,34,267300
2483,0.02695,104.244.42.0-255,108,267234,34,267300
2484,0.026968,172.31.33.0-255,66,267300,34,267300
2485,0.0,172.217.194.0-255,153,153,34,219457
2486,2.7e-05,172.31.33.0-255,66,219,34,219457
2487,3.4e-05,172.217.194.0-255,1484,1703,34,219457
2488,3.9e-05,172.31.33.0-255,66,1769,34,219457
2489,4.6e-05,172.217.194.0-255,2902,4671,34,219457
2490,4.9e-05,172.31.33.0-255,66,4737,34,219457
2491,5.7e-05,172.217.194.0-255,7156,11893,34,219457
2492,6e-05,172.31.33.0-255,66,11959,34,219457
2493,6.8e-05,172.217.194.0-255,5738,17697,34,219457
2494,7.1e-05,172.31.33.0-255,66,17763,34,219457
2495,0.0001,172.217.194.0-255,6401,24164,34,219457
2496,0.000104,172.31.33.0-255,66,24230,34,219457
2497,0.000112,172.217.194.0-255,6797,31027,34,219457
2498,0.000115,172.31.33.0-255,66,31093,34,219457
2499,0.000214,172.217.194.0-255,1484,32577,34,219457
2500,0.000218,172.31.33.0-255,66,32643,34,219457
2501,0.000225,172.217.194.0-255,2902,35545,34,219457
2502,0.000227,172.31.33.0-255,66,35611,34,219457
2503,0.000233,172.217.194.0-255,5738,41349,34,219457
2504,0.000236,172.31.33.0-255,66,41415,34,219457
2505,0.000257,172.217.194.0-255,2902,44317,34,219457
2506,0.000259,172.31.33.0-255,66,44383,34,219457
2507,0.000279,172.217.194.0-255,3961,48344,34,219457
2508,0.000282,172.31.33.0-255,66,48410,34,219457
2509,0.000462,172.217.194.0-255,1484,49894,34,219457
2510,0.000467,172.31.33.0-255,66,49960,34,219457
2511,0.000473,172.217.194.0-255,2902,52862,34,219457
2512,0.000476,172.31.33.0-255,66,52928,34,219457
2513,0.000479,172.217.194.0-255,1484,54412,34,219457
2514,0.000481,172.31.33.0-255,66,54478,34,219457
2515,0.000508,172.217.194.0-255,4320,58798,34,219457
2516,0.000511,172.31.33.0-255,66,58864,34,219457
2517,0.000539,172.217.194.0-255,7093,65957,34,219457
2518,0.000542,172.31.33.0-255,66,66023,34,219457
2519,0.000559,172.217.194.0-255,382,66405,34,219457
2520,0.000719,172.217.194.0-255,1484,67889,34,219457
2521,0.00073,172.31.33.0-255,66,67955,34,219457
2522,0.000736,172.217.194.0-255,2902,70857,34,219457
2523,0.000738,172.31.33.0-255,66,70923,34,219457
2524,0.000744,172.217.194.0-255,4320,75243,34,219457
2525,0.000746,172.31.33.0-255,66,75309,34,219457
2526,0.000758,172.217.194.0-255,1484,76793,34,219457
2527,0.000788,172.217.194.0-255,5738,82531,34,219457
2528,0.000791,172.31.33.0-255,66,82597,34,219457
2529,0.000833,172.217.194.0-255,2543,85140,34,219457
2530,0.000837,172.31.33.0-255,66,85206,34,219457
2531,0.000849,172.31.33.0-255,66,85272,34,219457
2532,0.000856,172.217.194.0-255,6797,92069,34,219457
2533,0.000859,172.31.33.0-255,66,92135,34,219457
2534,0.001273,172.217.194.0-255,1484,93619,34,219457
2535,0.00128,172.217.194.0-255,2902,96521,34,219457
2536,0.001284,172.31.33.0-255,66,96587,34,219457
2537,0.001289,172.217.194.0-255,2902,99489,34,219457
2538,0.001291,172.31.33.0-255,66,99555,34,219457
2539,0.001309,172.217.194.0-255,2902,102457,34,219457
2540,0.001312,172.31.33.0-255,66,102523,34,219457
2541,0.001315,172.217.194.0-255,1484,104007,34,219457
2542,0.001341,172.31.33.0-255,66,104073,34,219457
2543,0.001363,172.217.194.0-255,1484,105557,34,219457
2544,0.001375,172.31.33.0-255,66,105623,34,219457
2545,0.00139,172.217.194.0-255,4320,109943,34,219457
2546,0.001392,172.31.33.0-255,66,110009,34,219457
2547,0.001399,172.217.194.0-255,5738,115747,34,219457
2548,0.001401,172.31.33.0-255,66,115813,34,219457
2549,0.001442,172.31.33.0-255,66,115879,34,219457
2550,0.001456,172.31.33.0-255,66,115945,34,219457
2551,0.001469,172.217.194.0-255,2184,118129,34,219457
2552,0.001472,172.31.33.0-255,66,118195,34,219457
2553,0.001493,172.217.194.0-255,7156,125351,34,219457
2554,0.001496,172.31.33.0-255,66,125417,34,219457
2555,0.001522,172.217.194.0-255,5738,131155,34,219457
2556,0.001525,172.31.33.0-255,66,131221,34,219457
2557,0.001538,172.31.33.0-255,66,131287,34,219457
2558,0.001557,172.217.194.0-255,1484,132771,34,219457
2559,0.00159,172.31.33.0-255,66,132837,34,219457
2560,0.001638,172.217.194.0-255,1484,134321,34,219457
2561,0.001663,172.217.194.0-255,2902,137223,34,219457
2562,0.001666,172.31.33.0-255,66,137289,34,219457
2563,0.001673,172.217.194.0-255,5738,143027,34,219457
2564,0.001675,172.31.33.0-255,66,143093,34,219457
2565,0.001686,172.31.33.0-255,66,143159,34,219457
2566,0.001712,172.217.194.0-255,4320,147479,34,219457
2567,0.001715,172.31.33.0-255,66,147545,34,219457
2568,0.00175,172.31.33.0-255,66,147611,34,219457
2569,0.001861,172.217.194.0-255,1484,149095,34,219457
2570,0.001867,172.217.194.0-255,2902,151997,34,219457
2571,0.00187,172.31.33.0-255,66,152063,34,219457
2572,0.001892,172.217.194.0-255,5738,157801,34,219457
2573,0.001896,172.31.33.0-255,66,157867,34,219457
2574,0.001928,172.31.33.0-255,66,157933,34,219457
2575,0.001948,172.217.194.0-255,2902,160835,34,219457
2576,0.00195,172.31.33.0-255,66,160901,34,219457
2577,0.001961,172.31.33.0-255,66,160967,34,219457
2578,0.001966,172.217.194.0-255,2184,163151,34,219457
2579,0.001967,172.31.33.0-255,66,163217,34,219457
2580,0.001989,172.217.194.0-255,2902,166119,34,219457
2581,0.001992,172.31.33.0-255,66,166185,34,219457
2582,0.002016,172.217.194.0-255,7156,173341,34,219457
2583,0.002019,172.31.33.0-255,66,173407,34,219457
2584,0.00206,172.217.194.0-255,5738,179145,34,219457
2585,0.002063,172.31.33.0-255,66,179211,34,219457
2586,0.002081,172.217.194.0-255,2902,182113,34,219457
2587,0.002083,172.31.33.0-255,66,182179,34,219457
2588,0.00209,172.217.194.0-255,5738,187917,34,219457
2589,0.002092,172.31.33.0-255,66,187983,34,219457
2590,0.00212,172.31.33.0-255,66,188049,34,219457
2591,0.002123,172.217.194.0-255,1484,189533,34,219457
2592,0.002155,172.31.33.0-255,66,189599,34,219457
2593,0.002158,172.217.194.0-255,1484,191083,34,219457
2594,0.002161,172.217.194.0-255,1484,192567,34,219457
2595,0.002162,172.31.33.0-255,66,192633,34,219457
2596,0.002193,172.31.33.0-255,66,192699,34,219457
2597,0.0022,172.217.194.0-255,7156,199855,34,219457
2598,0.002203,172.31.33.0-255,66,199921,34,219457
2599,0.002205,172.217.194.0-255,1484,201405,34,219457
2600,0.002238,172.217.194.0-255,7156,208561,34,219457
2601,0.002242,172.31.33.0-255,66,208627,34,219457
2602,0.002268,172.31.33.0-255,66,208693,34,219457
2603,0.002296,172.217.194.0-255,3602,212295,34,219457
2604,0.002299,172.31.33.0-255,66,212361,34,219457
2605,0.002311,172.31.33.0-255,66,212427,34,219457
2606,0.002322,172.31.33.0-255,66,212493,34,219457
2607,0.002351,172.217.194.0-255,1484,213977,34,219457
2608,0.002363,172.31.33.0-255,66,214043,34,219457
2609,0.002368,172.217.194.0-255,4320,218363,34,219457
2610,0.00237,172.31.33.0-255,66,218429,34,219457
2611,0.002373,172.217.194.0-255,589,219018,34,219457
2612,0.002376,172.217.194.0-255,97,219115,34,219457
2613,0.002411,172.217.194.0-255,105,219220,34,219457
2614,0.00418,172.31.33.0-255,66,219286,34,219457
2615,0.004217,172.31.33.0-255,105,219391,34,219457
2616,0.00623,172.217.194.0-255,66,219457,34,219457
2617,0.0,172.217.194.0-255,153,153,34,186697
2618,3.3e-05,172.31.33.0-255,66,219,34,186697
2619,3.9e-05,172.217.194.0-255,1484,1703,34,186697
2620,4.3e-05,172.31.33.0-255,66,1769,34,186697
2621,4.8e-05,172.217.194.0-255,2902,4671,34,186697
2622,5.8e-05,172.31.33.0-255,66,4737,34,186697
2623,6.6e-05,172.217.194.0-255,7156,11893,34,186697
2624,6.9e-05,172.31.33.0-255,66,11959,34,186697
2625,9.5e-05,172.217.194.0-255,1484,13443,34,186697
2626,9.7e-05,172.31.33.0-255,66,13509,34,186697
2627,0.000139,172.31.33.0-255,66,13575,34,186697
2628,0.000147,172.217.194.0-255,5379,18954,34,186697
2629,0.000149,172.31.33.0-255,66,19020,34,186697
2630,0.000246,172.217.194.0-255,1484,20504,34,186697
2631,0.00025,172.31.33.0-255,66,20570,34,186697
2632,0.000254,172.217.194.0-255,1484,22054,34,186697
2633,0.000256,172.31.33.0-255,66,22120,34,186697
2634,0.000293,172.217.194.0-255,1484,23604,34,186697
2635,0.000297,172.31.33.0-255,66,23670,34,186697
2636,0.000304,172.217.194.0-255,5738,29408,34,186697
2637,0.000307,172.31.33.0-255,66,29474,34,186697
2638,0.000319,172.217.194.0-255,5738,35212,34,186697
2639,0.000322,172.31.33.0-255,66,35278,34,186697
2640,0.000329,172.217.194.0-255,6797,42075,34,186697
2641,0.000332,172.31.33.0-255,66,42141,34,186697
2642,0.000336,172.217.194.0-255,2902,45043,34,186697
2643,0.000338,172.31.33.0-255,66,45109,34,186697
2644,0.000373,172.217.194.0-255,5738,50847,34,186697
2645,0.000377,172.31.33.0-255,66,50913,34,186697
2646,0.000403,172.217.194.0-255,2832,53745,34,186697
2647,0.000406,172.217.194.0-255,98,53843,34,186697
2648,0.00041,172.31.33.0-255,66,53909,34,186697
2649,0.000484,172.217.194.0-255,1484,55393,34,186697
2650,0.000488,172.31.33.0-255,66,55459,34,186697
2651,0.000492,172.217.194.0-255,1484,56943,34,186697
2652,0.000515,172.217.194.0-255,1484,58427,34,186697
2653,0.000518,172.31.33.0-255,66,58493,34,186697
2654,0.000526,172.217.194.0-255,5738,64231,34,186697
2655,0.000529,172.31.33.0-255,66,64297,34,186697
2656,0.000538,172.217.194.0-255,2902,67199,34,186697
2657,0.000541,172.31.33.0-255,66,67265,34,186697
2658,0.000577,172.31.33.0-255,66,67331,34,186697
2659,0.000581,172.217.194.0-255,1484,68815,34,186697
2660,0.000615,172.31.33.0-255,66,68881,34,186697
2661,0.001145,172.217.194.0-255,1484,70365,34,186697
2662,0.001152,172.217.194.0-255,2902,73267,34,186697
2663,0.001155,172.31.33.0-255,66,73333,34,186697
2664,0.001159,172.217.194.0-255,1484,74817,34,186697
2665,0.001189,172.217.194.0-255,4320,79137,34,186697
2666,0.001192,172.31.33.0-255,66,79203,34,186697
2667,0.001214,172.31.33.0-255,66,79269,34,186697
2668,0.001226,172.31.33.0-255,66,79335,34,186697
2669,0.001228,172.217.194.0-255,766,80101,34,186697
2670,0.001415,172.217.194.0-255,1484,81585,34,186697
2671,0.00142,172.31.33.0-255,66,81651,34,186697
2672,0.001425,172.217.194.0-255,2902,84553,34,186697
2673,0.001427,172.31.33.0-255,66,84619,34,186697
2674,0.001449,172.217.194.0-255,5738,90357,34,186697
2675,0.001452,172.31.33.0-255,66,90423,34,186697
2676,0.001464,172.217.194.0-255,5738,96161,34,186697
2677,0.001467,172.31.33.0-255,66,96227,34,186697
2678,0.001473,172.217.194.0-255,4320,100547,34,186697
2679,0.001476,172.31.33.0-255,66,100613,34,186697
2680,0.001521,172.31.33.0-255,66,100679,34,186697
2681,0.001527,172.217.194.0-255,5020,105699,34,186697
2682,0.001529,172.31.33.0-255,66,105765,34,186697
2683,0.001565,172.217.194.0-255,1484,107249,34,186697
2684,0.001586,172.217.194.0-255,2902,110151,34,186697
2685,0.001589,172.31.33.0-255,66,110217,34,186697
2686,0.001595,172.217.194.0-255,5738,115955,34,186697
2687,0.001597,172.31.33.0-255,66,116021,34,186697
2688,0.001603,172.217.194.0-255,5738,121759,34,186697
2689,0.001612,172.31.33.0-255,66,121825,34,186697
2690,0.001652,172.31.33.0-255,66,121891,34,186697
2691,0.001656,172.217.194.0-255,2902,124793,34,186697
2692,0.001659,172.31.33.0-255,66,124859,34,186697
2693,0.00169,172.217.194.0-255,2184,127043,34,186697
2694,0.001693,172.31.33.0-255,66,127109,34,186697
2695,0.001769,172.217.194.0-255,1484,128593,34,186697
2696,0.001773,172.217.194.0-255,1484,130077,34,186697
2697,0.001776,172.31.33.0-255,66,130143,34,186697
2698,0.001787,172.217.194.0-255,1484,131627,34,186697
2699,0.001797,172.217.194.0-255,4320,135947,34,186697
2700,0.0018,172.31.33.0-255,66,136013,34,186697
2701,0.001819,172.217.194.0-255,1484,137497,34,186697
2702,0.001826,172.217.194.0-255,7156,144653,34,186697
2703,0.001829,172.31.33.0-255,66,144719,34,186697
2704,0.001869,172.31.33.0-255,66,144785,34,186697
2705,0.001873,172.217.194.0-255,2184,146969,34,186697
2706,0.001875,172.31.33.0-255,66,147035,34,186697
2707,0.001929,172.217.194.0-255,1484,148519,34,186697
2708,0.001934,172.217.194.0-255,2902,151421,34,186697
2709,0.001937,172.31.33.0-255,66,151487,34,186697
2710,0.00194,172.217.194.0-255,1484,152971,34,186697
2711,0.001964,172.217.194.0-255,4320,157291,34,186697
2712,0.001967,172.31.33.0-255,66,157357,34,186697
2713,0.001979,172.217.194.0-255,7156,164513,34,186697
2714,0.001988,172.31.33.0-255,66,164579,34,186697
2715,0.002004,172.31.33.0-255,66,164645,34,186697
2716,0.002009,172.217.194.0-255,4320,168965,34,186697
2717,0.002011,172.31.33.0-255,66,169031,34,186697
2718,0.002058,172.31.33.0-255,66,169097,34,186697
2719,0.00207,172.31.33.0-255,66,169163,34,186697
2720,0.002089,172.31.33.0-255,66,169229,34,186697
2721,0.002094,172.217.194.0-255,4320,173549,34,186697
2722,0.002096,172.31.33.0-255,66,173615,34,186697
2723,0.002126,172.217.194.0-255,7156,180771,34,186697
2724,0.00213,172.31.33.0-255,66,180837,34,186697
2725,0.00214,172.31.33.0-255,66,180903,34,186697
2726,0.002191,172.31.33.0-255,66,180969,34,186697
2727,0.002223,172.217.194.0-255,766,181735,34,186697
2728,0.002233,172.31.33.0-255,66,181801,34,186697
2729,0.002243,172.31.33.0-255,66,181867,34,186697
2730,0.002261,172.31.33.0-255,66,181933,34,186697
2731,0.002275,172.31.33.0-255,66,181999,34,186697
2732,0.002285,172.31.33.0-255,66,182065,34,186697
2733,0.002309,172.217.194.0-255,105,182170,34,186697
2734,0.012271,172.31.33.0-255,66,182236,34,186697
2735,0.012311,172.31.33.0-255,105,182341,34,186697
2736,0.014299,172.217.194.0-255,66,182407,34,186697
2737,0.031449,172.31.33.0-255,171,182578,34,186697
2738,0.031478,172.31.33.0-255,1136,183714,34,186697
2739,0.031531,172.31.33.0-255,1514,185228,34,186697
2740,0.031532,172.31.33.0-255,1271,186499,34,186697
2741,0.032964,104.244.42.0-255,66,186565,34,186697
2742,0.033038,104.244.42.0-255,66,186631,34,186697
2743,0.033074,104.244.42.0-255,66,186697,34,186697
2744,0.0,172.217.194.0-255,150,150,34,139684
2745,1.5e-05,172.31.33.0-255,66,216,34,139684
2746,2.2e-05,172.217.194.0-255,1484,1700,34,139684
2747,2.6e-05,172.31.33.0-255,66,1766,34,139684
2748,3.9e-05,172.217.194.0-255,2902,4668,34,139684
2749,4.3e-05,172.31.33.0-255,66,4734,34,139684
2750,5e-05,172.217.194.0-255,7156,11890,34,139684
2751,5.4e-05,172.31.33.0-255,66,11956,34,139684
2752,0.000109,172.31.33.0-255,66,12022,34,139684
2753,0.000114,172.217.194.0-255,2543,14565,34,139684
2754,0.000116,172.31.33.0-255,66,14631,34,139684
2755,0.000233,172.217.194.0-255,1484,16115,34,139684
2756,0.000237,172.31.33.0-255,66,16181,34,139684
2757,0.000243,172.217.194.0-255,2902,19083,34,139684
2758,0.000246,172.31.33.0-255,66,19149,34,139684
2759,0.000256,172.217.194.0-255,5738,24887,34,139684
2760,0.000258,172.31.33.0-255,66,24953,34,139684
2761,0.000289,172.31.33.0-255,66,25019,34,139684
2762,0.000314,172.217.194.0-255,1125,26144,34,139684
2763,0.000316,172.31.33.0-255,66,26210,34,139684
2764,0.000326,172.31.33.0-255,66,26276,34,139684
2765,0.000329,172.217.194.0-255,1419,27695,34,139684
2766,0.000331,172.31.33.0-255,66,27761,34,139684
2767,0.000368,172.217.194.0-255,383,28144,34,139684
2768,0.00037,172.31.33.0-255,66,28210,34,139684
2769,0.000487,172.217.194.0-255,1484,29694,34,139684
2770,0.000491,172.31.33.0-255,66,29760,34,139684
2771,0.000495,172.217.194.0-255,2902,32662,34,139684
2772,0.000497,172.31.33.0-255,66,32728,34,139684
2773,0.000504,172.217.194.0-255,5738,38466,34,139684
2774,0.00051,172.31.33.0-255,66,38532,34,139684
2775,0.000548,172.217.194.0-255,5738,44270,34,139684
2776,0.000551,172.31.33.0-255,66,44336,34,139684
2777,0.000576,172.217.194.0-255,2543,46879,34,139684
2778,0.000579,172.31.33.0-255,66,46945,34,139684
2779,0.000589,172.31.33.0-255,66,47011,34,139684
2780,0.000595,172.217.194.0-255,1484,48495,34,139684
2781,0.000619,172.217.194.0-255,5379,53874,34,139684
2782,0.000621,172.31.33.0-255,66,53940,34,139684
2783,0.001096,172.217.194.0-255,1484,55424,34,139684
2784,0.001103,172.217.194.0-255,2902,58326,34,139684
2785,0.001106,172.31.33.0-255,66,58392,34,139684
2786,0.001114,172.217.194.0-255,5738,64130,34,139684
2787,0.001115,172.31.33.0-255,66,64196,34,139684
2788,0.001171,172.31.33.0-255,66,64262,34,139684
2789,0.001177,172.217.194.0-255,5738,70000,34,139684
2790,0.001179,172.31.33.0-255,66,70066,34,139684
2791,0.001208,172.217.194.0-255,1484,71550,34,139684
2792,0.001222,172.217.194.0-255,3602,75152,34,139684
2793,0.001225,172.31.33.0-255,66,75218,34,139684
2794,0.001298,172.217.194.0-255,1484,76702,34,139684
2795,0.001304,172.217.194.0-255,2902,79604,34,139684
2796,0.001306,172.31.33.0-255,66,79670,34,139684
2797,0.001325,172.217.194.0-255,2902,82572,34,139684
2798,0.001327,172.31.33.0-255,66,82638,34,139684
2799,0.001352,172.217.194.0-255,2902,85540,34,139684
2800,0.001354,172.31.33.0-255,66,85606,34,139684
2801,0.001367,172.31.33.0-255,66,85672,34,139684
2802,0.001379,172.31.33.0-255,66,85738,34,139684
2803,0.001529,172.217.194.0-255,1484,87222,34,139684
2804,0.001535,172.217.194.0-255,2902,90124,34,139684
2805,0.001538,172.31.33.0-255,66,90190,34,139684
2806,0.001567,172.217.194.0-255,5738,95928,34,139684
2807,0.00157,172.31.33.0-255,66,95994,34,139684
2808,0.00158,172.31.33.0-255,66,96060,34,139684
2809,0.001619,172.217.194.0-255,1484,97544,34,139684
2810,0.001637,172.31.33.0-255,66,97610,34,139684
2811,0.001667,172.217.194.0-255,5020,102630,34,139684
2812,0.001669,172.31.33.0-255,66,102696,34,139684
2813,0.001911,172.217.194.0-255,1484,104180,34,139684
2814,0.001931,172.217.194.0-255,2902,107082,34,139684
2815,0.001934,172.31.33.0-255,66,107148,34,139684
2816,0.001941,172.217.194.0-255,5738,112886,34,139684
2817,0.001943,172.31.33.0-255,66,112952,34,139684
2818,0.001972,172.217.194.0-255,4320,117272,34,139684
2819,0.001975,172.31.33.0-255,66,117338,34,139684
2820,0.002009,172.31.33.0-255,66,117404,34,139684
2821,0.002015,172.217.194.0-255,5738,123142,34,139684
2822,0.002018,172.31.33.0-255,66,123208,34,139684
2823,0.002038,172.217.194.0-255,5020,128228,34,139684
2824,0.002041,172.31.33.0-255,66,128294,34,139684
2825,0.00213,172.217.194.0-255,1484,129778,34,139684
2826,0.002135,172.217.194.0-255,1484,131262,34,139684
2827,0.002137,172.31.33.0-255,66,131328,34,139684
2828,0.002168,172.217.194.0-255,1484,132812,34,139684
2829,0.002175,172.217.194.0-255,5738,138550,34,139684
2830,0.002177,172.31.33.0-255,66,138616,34,139684
2831,0.002215,172.31.33.0-255,66,138682,34,139684
2832,0.002255,172.31.33.0-255,66,138748,34,139684
2833,0.002271,172.31.33.0-255,66,138814,34,139684
2834,0.002284,172.31.33.0-255,66,138880,34,139684
2835,0.002299,172.31.33.0-255,66,138946,34,139684
2836,0.002311,172.31.33.0-255,66,139012,34,139684
2837,0.002397,172.31.33.0-255,66,139078,34,139684
2838,0.002408,172.31.33.0-255,66,139144,34,139684
2839,0.002421,172.31.33.0-255,66,139210,34,139684
2840,0.002434,172.31.33.0-255,66,139276,34,139684
2841,0.002447,172.31.33.0-255,66,139342,34,139684
2842,0.002477,172.217.194.0-255,105,139447,34,139684
2843,0.015775,172.31.33.0-255,66,139513,34,139684
2844,0.015818,172.31.33.0-255,105,139618,34,139684
2845,0.018125,172.217.194.0-255,66,139684,34,139684
2846,0.0,172.217.194.0-255,153,153,34,94556
2847,2.9e-05,172.31.33.0-255,66,219,34,94556
2848,3.6e-05,172.217.194.0-255,1484,1703,34,94556
2849,4.3e-05,172.31.33.0-255,66,1769,34,94556
2850,5.5e-05,172.217.194.0-255,2902,4671,34,94556
2851,5.8e-05,172.31.33.0-255,66,4737,34,94556
2852,0.000154,172.217.194.0-255,4320,9057,34,94556
2853,0.000159,172.31.33.0-255,66,9123,34,94556
2854,0.000187,172.217.194.0-255,2902,12025,34,94556
2855,0.00019,172.31.33.0-255,66,12091,34,94556
2856,0.000434,172.217.194.0-255,2020,14111,34,94556
2857,0.000439,172.31.33.0-255,66,14177,34,94556
2858,0.000521,172.217.194.0-255,4320,18497,34,94556
2859,0.000526,172.31.33.0-255,66,18563,34,94556
2860,0.000566,172.31.33.0-255,66,18629,34,94556
2861,0.001135,172.31.33.0-255,66,18695,34,94556
2862,0.001161,172.31.33.0-255,66,18761,34,94556
2863,0.001803,172.217.194.0-255,2902,21663,34,94556
2864,0.001805,172.31.33.0-255,66,21729,34,94556
2865,0.001834,172.31.33.0-255,66,21795,34,94556
2866,0.001861,172.31.33.0-255,66,21861,34,94556
2867,0.001872,172.217.194.0-255,1484,23345,34,94556
2868,0.001877,172.31.33.0-255,66,23411,34,94556
2869,0.002796,172.31.33.0-255,66,23477,34,94556
2870,0.002834,172.31.33.0-255,66,23543,34,94556
2871,0.003779,172.217.194.0-255,4320,27863,34,94556
2872,0.003784,172.31.33.0-255,66,27929,34,94556
2873,0.003827,172.31.33.0-255,66,27995,34,94556
2874,0.00477,172.217.194.0-255,4320,32315,34,94556
2875,0.004776,172.31.33.0-255,66,32381,34,94556
2876,0.004812,172.31.33.0-255,66,32447,34,94556
2877,0.005431,172.217.194.0-255,5738,38185,34,94556
2878,0.005436,172.31.33.0-255,66,38251,34,94556
2879,0.005463,172.217.194.0-255,7156,45407,34,94556
2880,0.005466,172.31.33.0-255,66,45473,34,94556
2881,0.00593,172.217.194.0-255,7156,52629,34,94556
2882,0.005938,172.31.33.0-255,66,52695,34,94556
2883,0.005985,172.31.33.0-255,66,52761,34,94556
2884,0.006996,172.31.33.0-255,66,52827,34,94556
2885,0.007034,172.31.33.0-255,66,52893,34,94556
2886,0.007907,172.217.194.0-255,1484,54377,34,94556
2887,0.00795,172.217.194.0-255,4320,58697,34,94556
2888,0.007954,172.31.33.0-255,66,58763,34,94556
2889,0.007995,172.31.33.0-255,66,58829,34,94556
2890,0.008012,172.217.194.0-255,4320,63149,34,94556
2891,0.008015,172.31.33.0-255,66,63215,34,94556
2892,0.008951,172.217.194.0-255,2902,66117,34,94556
2893,0.008955,172.31.33.0-255,66,66183,34,94556
2894,0.008989,172.31.33.0-255,66,66249,34,94556
2895,0.009036,172.217.194.0-255,7156,73405,34,94556
2896,0.00904,172.31.33.0-255,66,73471,34,94556
2897,0.009287,172.31.33.0-255,101,73572,34,94556
2898,0.009953,172.31.33.0-255,66,73638,34,94556
2899,0.009985,172.217.194.0-255,4320,77958,34,94556
2900,0.009988,172.31.33.0-255,66,78024,34,94556
2901,0.010459,172.31.33.0-255,66,78090,34,94556
2902,0.010532,172.31.33.0-255,66,78156,34,94556
2903,0.011455,172.31.33.0-255,66,78222,34,94556
2904,0.011487,172.217.194.0-255,7156,85378,34,94556
2905,0.011491,172.31.33.0-255,66,85444,34,94556
2906,0.012407,172.31.33.0-255,66,85510,34,94556
2907,0.01279,172.31.33.0-255,66,85576,34,94556
2908,0.013684,172.217.194.0-255,66,85642,34,94556
2909,0.013739,172.217.194.0-255,4320,89962,34,94556
2910,0.013744,172.31.33.0-255,66,90028,34,94556
2911,0.016954,172.31.33.0-255,66,90094,34,94556
2912,0.018053,172.31.33.0-255,105,90199,34,94556
2913,0.025458,172.217.194.0-255,66,90265,34,94556
2914,0.037593,172.31.33.0-255,172,90437,34,94556
2915,0.037624,172.31.33.0-255,1112,91549,34,94556
2916,0.037683,172.31.33.0-255,1514,93063,34,94556
2917,0.037685,172.31.33.0-255,1295,94358,34,94556
2918,0.039158,104.244.42.0-255,66,94424,34,94556
2919,0.039173,104.244.42.0-255,66,94490,34,94556
2920,0.03926,104.244.42.0-255,66,94556,34,94556
2921,0.0,74.125.68.0-255,152,152,34,358567
2922,3e-05,172.31.33.0-255,66,218,34,358567
2923,3.7e-05,74.125.68.0-255,1484,1702,34,358567
2924,4e-05,172.31.33.0-255,66,1768,34,358567
2925,4.4e-05,74.125.68.0-255,2902,4670,34,358567
2926,5.5e-05,172.31.33.0-255,66,4736,34,358567
2927,7.3e-05,74.125.68.0-255,2902,7638,34,358567
2928,7.9e-05,172.31.33.0-255,66,7704,34,358567
2929,8.4e-05,74.125.68.0-255,4320,12024,34,358567
2930,8.6e-05,172.31.33.0-255,66,12090,34,358567
2931,0.000113,74.125.68.0-255,4320,16410,34,358567
2932,0.000115,172.31.33.0-255,66,16476,34,358567
2933,0.000141,74.125.68.0-255,4881,21357,34,358567
2934,0.000144,172.31.33.0-255,66,21423,34,358567
2935,0.000147,74.125.68.0-255,1484,22907,34,358567
2936,0.000149,172.31.33.0-255,66,22973,34,358567
2937,0.00018,172.31.33.0-255,66,23039,34,358567
2938,0.000243,74.125.68.0-255,1484,24523,34,358567
2939,0.000245,172.31.33.0-255,66,24589,34,358567
2940,0.000267,74.125.68.0-255,2902,27491,34,358567
2941,0.00027,172.31.33.0-255,66,27557,34,358567
2942,0.000273,74.125.68.0-255,1484,29041,34,358567
2943,0.000275,172.31.33.0-255,66,29107,34,358567
2944,0.000294,74.125.68.0-255,2902,32009,34,358567
2945,0.000296,172.31.33.0-255,66,32075,34,358567
2946,0.000343,172.31.33.0-255,66,32141,34,358567
2947,0.000349,74.125.68.0-255,5738,37879,34,358567
2948,0.000351,172.31.33.0-255,66,37945,34,358567
2949,0.000374,74.125.68.0-255,2902,40847,34,358567
2950,0.000381,172.31.33.0-255,66,40913,34,358567
2951,0.000388,74.125.68.0-255,7156,48069,34,358567
2952,0.000391,172.31.33.0-255,66,48135,34,358567
2953,0.000411,74.125.68.0-255,1402,49537,34,358567
2954,0.00061,74.125.68.0-255,377,49914,34,358567
2955,0.000614,172.31.33.0-255,66,49980,34,358567
2956,0.000945,74.125.68.0-255,1484,51464,34,358567
2957,0.000953,74.125.68.0-255,1484,52948,34,358567
2958,0.000956,172.31.33.0-255,66,53014,34,358567
2959,0.000979,74.125.68.0-255,1484,54498,34,358567
2960,0.000985,74.125.68.0-255,4320,58818,34,358567
2961,0.000987,172.31.33.0-255,66,58884,34,358567
2962,0.001017,74.125.68.0-255,1484,60368,34,358567
2963,0.001021,74.125.68.0-255,1484,61852,34,358567
2964,0.001023,172.31.33.0-255,66,61918,34,358567
2965,0.001046,74.125.68.0-255,1484,63402,34,358567
2966,0.001066,74.125.68.0-255,2902,66304,34,358567
2967,0.001068,172.31.33.0-255,66,66370,34,358567
2968,0.001093,74.125.68.0-255,1125,67495,34,358567
2969,0.001098,74.125.68.0-255,4320,71815,34,358567
2970,0.0011,172.31.33.0-255,66,71881,34,358567
2971,0.001126,74.125.68.0-255,2902,74783,34,358567
2972,0.001128,172.31.33.0-255,66,74849,34,358567
2973,0.001144,74.125.68.0-255,2902,77751,34,358567
2974,0.001146,172.31.33.0-255,66,77817,34,358567
2975,0.001169,74.125.68.0-255,1484,79301,34,358567
2976,0.001183,74.125.68.0-255,4320,83621,34,358567
2977,0.001185,172.31.33.0-255,66,83687,34,358567
2978,0.001205,74.125.68.0-255,5738,89425,34,358567
2979,0.001207,172.31.33.0-255,66,89491,34,358567
2980,0.001235,74.125.68.0-255,1484,90975,34,358567
2981,0.001242,74.125.68.0-255,5738,96713,34,358567
2982,0.001244,172.31.33.0-255,66,96779,34,358567
2983,0.001275,74.125.68.0-255,4472,101251,34,358567
2984,0.001277,172.31.33.0-255,66,101317,34,358567
2985,0.001394,74.125.68.0-255,1484,102801,34,358567
2986,0.001422,74.125.68.0-255,1484,104285,34,358567
2987,0.001424,172.31.33.0-255,66,104351,34,358567
2988,0.001484,74.125.68.0-255,2902,107253,34,358567
2989,0.001486,172.31.33.0-255,66,107319,34,358567
2990,0.001522,74.125.68.0-255,1484,108803,34,358567
2991,0.001534,74.125.68.0-255,1484,110287,34,358567
2992,0.001536,172.31.33.0-255,66,110353,34,358567
2993,0.001556,74.125.68.0-255,1484,111837,34,358567
2994,0.001577,74.125.68.0-255,2902,114739,34,358567
2995,0.001578,172.31.33.0-255,66,114805,34,358567
2996,0.001602,74.125.68.0-255,1484,116289,34,358567
2997,0.001608,74.125.68.0-255,5738,122027,34,358567
2998,0.001611,172.31.33.0-255,66,122093,34,358567
2999,0.00164,172.31.33.0-255,66,122159,34,358567
3000,0.00166,74.125.68.0-255,1484,123643,34,358567
3001,0.001674,74.125.68.0-255,3602,127245,34,358567
3002,0.001676,172.31.33.0-255,66,127311,34,358567
3003,0.001865,74.125.68.0-255,1484,128795,34,358567
3004,0.001881,74.125.68.0-255,1484,130279,34,358567
3005,0.001882,172.31.33.0-255,66,130345,34,358567
3006,0.001906,74.125.68.0-255,2902,133247,34,358567
3007,0.001907,172.31.33.0-255,66,133313,34,358567
3008,0.001911,74.125.68.0-255,2902,136215,34,358567
3009,0.001913,172.31.33.0-255,66,136281,34,358567
3010,0.001932,74.125.68.0-255,2902,139183,34,358567
3011,0.001934,172.31.33.0-255,66,139249,34,358567
3012,0.001938,74.125.68.0-255,2902,142151,34,358567
3013,0.00194,172.31.33.0-255,66,142217,34,358567
3014,0.001942,74.125.68.0-255,1484,143701,34,358567
3015,0.001965,74.125.68.0-255,2902,146603,34,358567
3016,0.001967,172.31.33.0-255,66,146669,34,358567
3017,0.001969,74.125.68.0-255,1484,148153,34,358567
3018,0.001995,74.125.68.0-255,7156,155309,34,358567
3019,0.001997,172.31.33.0-255,66,155375,34,358567
3020,0.002055,172.31.33.0-255,66,155441,34,358567
3021,0.002059,74.125.68.0-255,4320,159761,34,358567
3022,0.00206,172.31.33.0-255,66,159827,34,358567
3023,0.002065,74.125.68.0-255,5738,165565,34,358567
3024,0.00207,172.31.33.0-255,66,165631,34,358567
3025,0.002073,74.125.68.0-255,2902,168533,34,358567
3026,0.002075,172.31.33.0-255,66,168599,34,358567
3027,0.002109,172.31.33.0-255,66,168665,34,358567
3028,0.002117,74.125.68.0-255,4320,172985,34,358567
3029,0.002119,172.31.33.0-255,66,173051,34,358567
3030,0.002136,74.125.68.0-255,5020,178071,34,358567
3031,0.002138,172.31.33.0-255,66,178137,34,358567
3032,0.002187,74.125.68.0-255,4320,182457,34,358567
3033,0.002189,172.31.33.0-255,66,182523,34,358567
3034,0.002209,74.125.68.0-255,1484,184007,34,358567
3035,0.002215,74.125.68.0-255,7156,191163,34,358567
3036,0.002217,172.31.33.0-255,66,191229,34,358567
3037,0.002244,74.125.68.0-255,4320,195549,34,358567
3038,0.002246,172.31.33.0-255,66,195615,34,358567
3039,0.002269,74.125.68.0-255,5738,201353,34,358567
3040,0.002271,172.31.33.0-255,66,201419,34,358567
3041,0.002275,74.125.68.0-255,2902,204321,34,358567
3042,0.002276,172.31.33.0-255,66,204387,34,358567
3043,0.002313,172.31.33.0-255,66,204453,34,358567
3044,0.002336,74.125.68.0-255,1484,205937,34,358567
3045,0.002358,74.125.68.0-255,2902,208839,34,358567
3046,0.00236,172.31.33.0-255,66,208905,34,358567
3047,0.002372,74.125.68.0-255,1484,210389,34,358567
3048,0.002384,74.125.68.0-255,1484,211873,34,358567
3049,0.002386,172.31.33.0-255,66,211939,34,358567
3050,0.002404,74.125.68.0-255,1484,213423,34,358567
3051,0.002409,74.125.68.0-255,5738,219161,34,358567
3052,0.002411,172.31.33.0-255,66,219227,34,358567
3053,0.002435,74.125.68.0-255,2902,222129,34,358567
3054,0.002437,172.31.33.0-255,66,222195,34,358567
3055,0.00244,74.125.68.0-255,1484,223679,34,358567
3056,0.002442,74.125.68.0-255,1484,225163,34,358567
3057,0.002444,172.31.33.0-255,66,225229,34,358567
3058,0.002488,74.125.68.0-255,1484,226713,34,358567
3059,0.002501,74.125.68.0-255,1484,228197,34,358567
3060,0.002503,172.31.33.0-255,66,228263,34,358567
3061,0.002505,74.125.68.0-255,1484,229747,34,358567
3062,0.002541,74.125.68.0-255,2902,232649,34,358567
3063,0.002543,172.31.33.0-255,66,232715,34,358567
3064,0.002569,74.125.68.0-255,2902,235617,34,358567
3065,0.002571,172.31.33.0-255,66,235683,34,358567
3066,0.002583,74.125.68.0-255,3602,239285,34,358567
3067,0.002585,172.31.33.0-255,66,239351,34,358567
3068,0.002613,74.125.68.0-255,1484,240835,34,358567
3069,0.002615,74.125.68.0-255,1484,242319,34,358567
3070,0.002617,172.31.33.0-255,66,242385,34,358567
3071,0.002638,74.125.68.0-255,1484,243869,34,358567
3072,0.002652,74.125.68.0-255,1484,245353,34,358567
3073,0.002654,172.31.33.0-255,66,245419,34,358567
3074,0.00266,74.125.68.0-255,4320,249739,34,358567
3075,0.002662,172.31.33.0-255,66,249805,34,358567
3076,0.002688,74.125.68.0-255,4320,254125,34,358567
3077,0.002691,172.31.33.0-255,66,254191,34,358567
3078,0.002693,74.125.68.0-255,1484,255675,34,358567
3079,0.002695,74.125.68.0-255,1484,257159,34,358567
3080,0.002697,172.31.33.0-255,66,257225,34,358567
3081,0.002721,74.125.68.0-255,2902,260127,34,358567
3082,0.002723,172.31.33.0-255,66,260193,34,358567
3083,0.002747,74.125.68.0-255,2902,263095,34,358567
3084,0.002748,172.31.33.0-255,66,263161,34,358567
3085,0.002763,74.125.68.0-255,2902,266063,34,358567
3086,0.002765,172.31.33.0-255,66,266129,34,358567
3087,0.002777,74.125.68.0-255,2902,269031,34,358567
3088,0.002782,172.31.33.0-255,66,269097,34,358567
3089,0.002806,74.125.68.0-255,4320,273417,34,358567
3090,0.002808,172.31.33.0-255,66,273483,34,358567
3091,0.00281,74.125.68.0-255,766,274249,34,358567
3092,0.002833,74.125.68.0-255,1484,275733,34,358567
3093,0.002834,172.31.33.0-255,66,275799,34,358567
3094,0.002858,74.125.68.0-255,4320,280119,34,358567
3095,0.00286,172.31.33.0-255,66,280185,34,358567
3096,0.002865,74.125.68.0-255,5738,285923,34,358567
3097,0.002866,172.31.33.0-255,66,285989,34,358567
3098,0.002902,74.125.68.0-255,4320,290309,34,358567
3099,0.002904,172.31.33.0-255,66,290375,34,358567
3100,0.002915,74.125.68.0-255,4320,294695,34,358567
3101,0.002917,172.31.33.0-255,66,294761,34,358567
3102,0.002934,74.125.68.0-255,2902,297663,34,358567
3103,0.002936,172.31.33.0-255,66,297729,34,358567
3104,0.002959,74.125.68.0-255,7156,304885,34,358567
3105,0.002961,172.31.33.0-255,66,304951,34,358567
3106,0.002985,74.125.68.0-255,3602,308553,34,358567
3107,0.002987,172.31.33.0-255,66,308619,34,358567
3108,0.003013,74.125.68.0-255,4320,312939,34,358567
3109,0.003014,172.31.33.0-255,66,313005,34,358567
3110,0.003052,74.125.68.0-255,2902,315907,34,358567
3111,0.003054,172.31.33.0-255,66,315973,34,358567
3112,0.00307,74.125.68.0-255,2902,318875,34,358567
3113,0.003071,172.31.33.0-255,66,318941,34,358567
3114,0.003077,74.125.68.0-255,5738,324679,34,358567
3115,0.003079,172.31.33.0-255,66,324745,34,358567
3116,0.003084,74.125.68.0-255,7156,331901,34,358567
3117,0.003086,172.31.33.0-255,66,331967,34,358567
3118,0.003108,74.125.68.0-255,7156,339123,34,358567
3119,0.00311,172.31.33.0-255,66,339189,34,358567
3120,0.00313,74.125.68.0-255,2902,342091,34,358567
3121,0.003132,172.31.33.0-255,66,342157,34,358567
3122,0.003149,74.125.68.0-255,2902,345059,34,358567
3123,0.003151,172.31.33.0-255,66,345125,34,358567
3124,0.003169,74.125.68.0-255,6438,351563,34,358567
3125,0.003171,172.31.33.0-255,66,351629,34,358567
3126,0.003193,74.125.68.0-255,2239,353868,34,358567
3127,0.003195,172.31.33.0-255,66,353934,34,358567
3128,0.003236,74.125.68.0-255,105,354039,34,358567
3129,0.007159,172.31.33.0-255,66,354105,34,358567
3130,0.007869,172.31.33.0-255,105,354210,34,358567
3131,0.010165,74.125.68.0-255,66,354276,34,358567
3132,0.026618,172.31.33.0-255,172,354448,34,358567
3133,0.026642,172.31.33.0-255,1113,355561,34,358567
3134,0.026682,172.31.33.0-255,1514,357075,34,358567
3135,0.026684,172.31.33.0-255,1294,358369,34,358567
3136,0.028159,104.244.42.0-255,66,358435,34,358567
3137,0.028189,104.244.42.0-255,66,358501,34,358567
3138,0.028214,104.244.42.0-255,66,358567,34,358567
3139,0.0,172.31.33.0-255,105,105,34,276
3140,0.002067,157.240.7.0-255,105,210,34,276
3141,0.002082,172.31.33.0-255,66,276,34,276
3142,0.0,172.31.33.0-255,105,105,34,342
3143,0.002258,74.125.130.0-255,66,171,34,342
3144,0.002292,74.125.130.0-255,105,276,34,342
3145,0.002296,172.31.33.0-255,66,342,34,342
3146,0.0,74.125.24.0-255,153,153,34,228619
3147,2e-05,172.31.33.0-255,66,219,34,228619
3148,2.7e-05,74.125.24.0-255,1484,1703,34,228619
3149,3.2e-05,172.31.33.0-255,66,1769,34,228619
3150,3.8e-05,74.125.24.0-255,2902,4671,34,228619
3151,4e-05,172.31.33.0-255,66,4737,34,228619
3152,4.8e-05,74.125.24.0-255,7156,11893,34,228619
3153,5e-05,172.31.33.0-255,66,11959,34,228619
3154,5.5e-05,74.125.24.0-255,2103,14062,34,228619
3155,5.8e-05,172.31.33.0-255,66,14128,34,228619
3156,0.000141,74.125.24.0-255,1484,15612,34,228619
3157,0.000144,172.31.33.0-255,66,15678,34,228619
3158,0.000149,74.125.24.0-255,2902,18580,34,228619
3159,0.000151,172.31.33.0-255,66,18646,34,228619
3160,0.000158,74.125.24.0-255,5738,24384,34,228619
3161,0.000161,172.31.33.0-255,66,24450,34,228619
3162,0.000184,74.125.24.0-255,6797,31247,34,228619
3163,0.000187,172.31.33.0-255,66,31313,34,228619
3164,0.000219,74.125.24.0-255,4320,35633,34,228619
3165,0.000221,172.31.33.0-255,66,35699,34,228619
3166,0.000243,74.125.24.0-255,5738,41437,34,228619
3167,0.000246,172.31.33.0-255,66,41503,34,228619
3168,0.000284,74.125.24.0-255,6797,48300,34,228619
3169,0.000287,172.31.33.0-255,66,48366,34,228619
3170,0.000302,74.125.24.0-255,5738,54104,34,228619
3171,0.000305,172.31.33.0-255,66,54170,34,228619
3172,0.000329,74.125.24.0-255,1484,55654,34,228619
3173,0.000331,172.31.33.0-255,66,55720,34,228619
3174,0.000342,172.31.33.0-255,66,55786,34,228619
3175,0.000373,74.125.24.0-255,1746,57532,34,228619
3176,0.000377,172.31.33.0-255,66,57598,34,228619
3177,0.00056,74.125.24.0-255,1484,59082,34,228619
3178,0.000579,74.125.24.0-255,2902,61984,34,228619
3179,0.000583,172.31.33.0-255,66,62050,34,228619
3180,0.00059,74.125.24.0-255,5738,67788,34,228619
3181,0.000592,172.31.33.0-255,66,67854,34,228619
3182,0.000626,172.31.33.0-255,66,67920,34,228619
3183,0.000647,74.125.24.0-255,2543,70463,34,228619
3184,0.000649,172.31.33.0-255,66,70529,34,228619
3185,0.000656,74.125.24.0-255,5738,76267,34,228619
3186,0.000658,172.31.33.0-255,66,76333,34,228619
3187,0.000682,74.125.24.0-255,3961,80294,34,228619
3188,0.000685,172.31.33.0-255,66,80360,34,228619
3189,0.001293,74.125.24.0-255,1484,81844,34,228619
3190,0.001298,74.125.24.0-255,1484,83328,34,228619
3191,0.001301,172.31.33.0-255,66,83394,34,228619
3192,0.001318,74.125.24.0-255,1484,84878,34,228619
3193,0.001325,74.125.24.0-255,5738,90616,34,228619
3194,0.001328,172.31.33.0-255,66,90682,34,228619
3195,0.001333,74.125.24.0-255,4320,95002,34,228619
3196,0.001336,172.31.33.0-255,66,95068,34,228619
3197,0.001378,172.31.33.0-255,66,95134,34,228619
3198,0.001388,172.31.33.0-255,66,95200,34,228619
3199,0.00146,74.125.24.0-255,1484,96684,34,228619
3200,0.001464,74.125.24.0-255,2902,99586,34,228619
3201,0.001469,172.31.33.0-255,66,99652,34,228619
3202,0.001477,74.125.24.0-255,1484,101136,34,228619
3203,0.001505,74.125.24.0-255,5738,106874,34,228619
3204,0.001507,172.31.33.0-255,66,106940,34,228619
3205,0.00154,172.31.33.0-255,66,107006,34,228619
3206,0.00155,172.31.33.0-255,66,107072,34,228619
3207,0.001566,74.125.24.0-255,766,107838,34,228619
3208,0.001584,74.125.24.0-255,7156,114994,34,228619
3209,0.001586,172.31.33.0-255,66,115060,34,228619
3210,0.001624,172.31.33.0-255,66,115126,34,228619
3211,0.001637,172.31.33.0-255,66,115192,34,228619
3212,0.001652,74.125.24.0-255,1484,116676,34,228619
3213,0.001654,74.125.24.0-255,1484,118160,34,228619
3214,0.001656,172.31.33.0-255,66,118226,34,228619
3215,0.001679,74.125.24.0-255,1484,119710,34,228619
3216,0.001685,74.125.24.0-255,5738,125448,34,228619
3217,0.001687,172.31.33.0-255,66,125514,34,228619
3218,0.001694,74.125.24.0-255,7156,132670,34,228619
3219,0.001696,172.31.33.0-255,66,132736,34,228619
3220,0.001714,74.125.24.0-255,5738,138474,34,228619
3221,0.001717,172.31.33.0-255,66,138540,34,228619
3222,0.001723,74.125.24.0-255,7156,145696,34,228619
3223,0.001725,172.31.33.0-255,66,145762,34,228619
3224,0.001761,74.125.24.0-255,3602,149364,34,228619
3225,0.001764,172.31.33.0-255,66,149430,34,228619
3226,0.001786,74.125.24.0-255,4320,153750,34,228619
3227,0.001788,172.31.33.0-255,66,153816,34,228619
3228,0.001805,74.125.24.0-255,4320,158136,34,228619
3229,0.001807,172.31.33.0-255,66,158202,34,228619
3230,0.00183,74.125.24.0-255,5738,163940,34,228619
3231,0.001833,172.31.33.0-255,66,164006,34,228619
3232,0.00185,172.31.33.0-255,66,164072,34,228619
3233,0.001856,74.125.24.0-255,7156,171228,34,228619
3234,0.001858,172.31.33.0-255,66,171294,34,228619
3235,0.001905,74.125.24.0-255,1484,172778,34,228619
3236,0.001929,172.31.33.0-255,66,172844,34,228619
3237,0.001947,74.125.24.0-255,7156,180000,34,228619
3238,0.001951,172.31.33.0-255,66,180066,34,228619
3239,0.001972,172.31.33.0-255,66,180132,34,228619
3240,0.001975,74.125.24.0-255,3602,183734,34,228619
3241,0.001977,172.31.33.0-255,66,183800,34,228619
3242,0.002067,74.125.24.0-255,1484,185284,34,228619
3243,0.002072,74.125.24.0-255,2902,188186,34,228619
3244,0.002074,172.31.33.0-255,66,188252,34,228619
3245,0.002078,74.125.24.0-255,2902,191154,34,228619
3246,0.00208,172.31.33.0-255,66,191220,34,228619
3247,0.002094,74.125.24.0-255,2902,194122,34,228619
3248,0.002096,172.31.33.0-255,66,194188,34,228619
3249,0.002122,172.31.33.0-255,66,194254,34,228619
3250,0.002141,74.125.24.0-255,2902,197156,34,228619
3251,0.002144,172.31.33.0-255,66,197222,34,228619
3252,0.002162,74.125.24.0-255,4320,201542,34,228619
3253,0.002164,172.31.33.0-255,66,201608,34,228619
3254,0.002187,74.125.24.0-255,6438,208046,34,228619
3255,0.00219,172.31.33.0-255,66,208112,34,228619
3256,0.002207,74.125.24.0-255,2902,211014,34,228619
3257,0.002209,172.31.33.0-255,66,211080,34,228619
3258,0.002245,172.31.33.0-255,66,211146,34,228619
3259,0.002257,172.31.33.0-255,66,211212,34,228619
3260,0.002261,74.125.24.0-255,4320,215532,34,228619
3261,0.002263,172.31.33.0-255,66,215598,34,228619
3262,0.002293,172.31.33.0-255,66,215664,34,228619
3263,0.002305,172.31.33.0-255,66,215730,34,228619
3264,0.002309,74.125.24.0-255,4320,220050,34,228619
3265,0.002311,172.31.33.0-255,66,220116,34,228619
3266,0.002331,74.125.24.0-255,3802,223918,34,228619
3267,0.002334,172.31.33.0-255,66,223984,34,228619
3268,0.002346,74.125.24.0-255,105,224089,34,228619
3269,0.011186,172.31.33.0-255,66,224155,34,228619
3270,0.011236,172.31.33.0-255,105,224260,34,228619
3271,0.013566,74.125.24.0-255,66,224326,34,228619
3272,0.033236,172.31.33.0-255,172,224498,34,228619
3273,0.033269,172.31.33.0-255,1112,225610,34,228619
3274,0.033335,172.31.33.0-255,1514,227124,34,228619
3275,0.033337,172.31.33.0-255,1297,228421,34,228619
3276,0.034736,104.244.42.0-255,66,228487,34,228619
3277,0.034762,104.244.42.0-255,66,228553,34,228619
3278,0.034833,104.244.42.0-255,66,228619,34,228619
3279,0.0,172.217.194.0-255,219,219,34,164126
3280,2.8e-05,172.31.33.0-255,66,285,34,164126
3281,3.5e-05,172.217.194.0-255,1484,1769,34,164126
3282,3.9e-05,172.31.33.0-255,66,1835,34,164126
3283,4.4e-05,172.217.194.0-255,4320,6155,34,164126
3284,4.7e-05,172.31.33.0-255,66,6221,34,164126
3285,5.1e-05,172.217.194.0-255,4320,10541,34,164126
3286,5.4e-05,172.31.33.0-255,66,10607,34,164126
3287,8.4e-05,172.31.33.0-255,66,10673,34,164126
3288,0.000101,172.217.194.0-255,5738,16411,34,164126
3289,0.000103,172.31.33.0-255,66,16477,34,164126
3290,0.000117,172.217.194.0-255,3961,20438,34,164126
3291,0.000119,172.31.33.0-255,66,20504,34,164126
3292,0.000392,172.217.194.0-255,1484,21988,34,164126
3293,0.000396,172.31.33.0-255,66,22054,34,164126
3294,0.000401,172.217.194.0-255,2902,24956,34,164126
3295,0.000402,172.31.33.0-255,66,25022,34,164126
3296,0.000405,172.217.194.0-255,1484,26506,34,164126
3297,0.000407,172.31.33.0-255,66,26572,34,164126
3298,0.000426,172.217.194.0-255,4320,30892,34,164126
3299,0.000428,172.31.33.0-255,66,30958,34,164126
3300,0.00044,172.217.194.0-255,4320,35278,34,164126
3301,0.000443,172.31.33.0-255,66,35344,34,164126
3302,0.000484,172.31.33.0-255,66,35410,34,164126
3303,0.000488,172.31.33.0-255,66,35476,34,164126
3304,0.000491,172.217.194.0-255,98,35574,34,164126
3305,0.000492,172.31.33.0-255,66,35640,34,164126
3306,0.000616,172.217.194.0-255,1484,37124,34,164126
3307,0.00062,172.31.33.0-255,66,37190,34,164126
3308,0.000633,172.217.194.0-255,2902,40092,34,164126
3309,0.000636,172.31.33.0-255,66,40158,34,164126
3310,0.000645,172.217.194.0-255,4320,44478,34,164126
3311,0.000647,172.31.33.0-255,66,44544,34,164126
3312,0.000663,172.217.194.0-255,1484,46028,34,164126
3313,0.000666,172.217.194.0-255,1484,47512,34,164126
3314,0.000668,172.31.33.0-255,66,47578,34,164126
3315,0.000684,172.217.194.0-255,2902,50480,34,164126
3316,0.000686,172.31.33.0-255,66,50546,34,164126
3317,0.000705,172.217.194.0-255,6797,57343,34,164126
3318,0.000708,172.31.33.0-255,66,57409,34,164126
3319,0.000712,172.217.194.0-255,4320,61729,34,164126
3320,0.000715,172.31.33.0-255,66,61795,34,164126
3321,0.000744,172.31.33.0-255,66,61861,34,164126
3322,0.000775,172.217.194.0-255,4320,66181,34,164126
3323,0.000778,172.31.33.0-255,66,66247,34,164126
3324,0.000783,172.217.194.0-255,5738,71985,34,164126
3325,0.000785,172.31.33.0-255,66,72051,34,164126
3326,0.000789,172.217.194.0-255,2902,74953,34,164126
3327,0.000792,172.31.33.0-255,66,75019,34,164126
3328,0.000811,172.31.33.0-255,66,75085,34,164126
3329,0.000814,172.217.194.0-255,1484,76569,34,164126
3330,0.000849,172.31.33.0-255,66,76635,34,164126
3331,0.000881,172.217.194.0-255,5738,82373,34,164126
3332,0.000883,172.31.33.0-255,66,82439,34,164126
3333,0.000901,172.217.194.0-255,7156,89595,34,164126
3334,0.000903,172.31.33.0-255,66,89661,34,164126
3335,0.000908,172.217.194.0-255,3679,93340,34,164126
3336,0.000909,172.31.33.0-255,66,93406,34,164126
3337,0.000925,172.217.194.0-255,7156,100562,34,164126
3338,0.000927,172.31.33.0-255,66,100628,34,164126
3339,0.000963,172.31.33.0-255,66,100694,34,164126
3340,0.000976,172.217.194.0-255,766,101460,34,164126
3341,0.000978,172.31.33.0-255,66,101526,34,164126
3342,0.001025,172.217.194.0-255,1484,103010,34,164126
3343,0.001028,172.31.33.0-255,66,103076,34,164126
3344,0.001033,172.217.194.0-255,2902,105978,34,164126
3345,0.001035,172.31.33.0-255,66,106044,34,164126
3346,0.001046,172.217.194.0-255,2902,108946,34,164126
3347,0.001049,172.31.33.0-255,66,109012,34,164126
3348,0.00106,172.217.194.0-255,2902,111914,34,164126
3349,0.001062,172.217.194.0-255,1484,113398,34,164126
3350,0.001063,172.31.33.0-255,66,113464,34,164126
3351,0.001089,172.31.33.0-255,66,113530,34,164126
3352,0.001128,172.31.33.0-255,66,113596,34,164126
3353,0.001144,172.217.194.0-255,766,114362,34,164126
3354,0.001449,172.217.194.0-255,1484,115846,34,164126
3355,0.001452,172.31.33.0-255,66,115912,34,164126
3356,0.001457,172.217.194.0-255,2902,118814,34,164126
3357,0.001459,172.31.33.0-255,66,118880,34,164126
3358,0.001475,172.217.194.0-255,5738,124618,34,164126
3359,0.001478,172.31.33.0-255,66,124684,34,164126
3360,0.001481,172.217.194.0-255,1484,126168,34,164126
3361,0.00151,172.31.33.0-255,66,126234,34,164126
3362,0.001535,172.217.194.0-255,7156,133390,34,164126
3363,0.001539,172.31.33.0-255,66,133456,34,164126
3364,0.001555,172.217.194.0-255,6438,139894,34,164126
3365,0.001558,172.31.33.0-255,66,139960,34,164126
3366,0.001718,172.217.194.0-255,1484,141444,34,164126
3367,0.001733,172.217.194.0-255,2902,144346,34,164126
3368,0.001736,172.31.33.0-255,66,144412,34,164126
3369,0.001758,172.217.194.0-255,5738,150150,34,164126
3370,0.001761,172.31.33.0-255,66,150216,34,164126
3371,0.001794,172.31.33.0-255,66,150282,34,164126
3372,0.001799,172.31.33.0-255,66,150348,34,164126
3373,0.001845,172.31.33.0-255,66,150414,34,164126
3374,0.001873,172.31.33.0-255,66,150480,34,164126
3375,0.001884,172.31.33.0-255,66,150546,34,164126
3376,0.001949,172.217.194.0-255,5738,156284,34,164126
3377,0.001953,172.31.33.0-255,66,156350,34,164126
3378,0.001996,172.31.33.0-255,66,156416,34,164126
3379,0.002007,172.31.33.0-255,66,156482,34,164126
3380,0.002019,172.31.33.0-255,66,156548,34,164126
3381,0.002032,172.31.33.0-255,66,156614,34,164126
3382,0.002047,172.217.194.0-255,105,156719,34,164126
3383,0.002969,172.31.33.0-255,66,156785,34,164126
3384,0.002994,172.31.33.0-255,105,156890,34,164126
3385,0.005237,172.217.194.0-255,66,156956,34,164126
3386,0.034621,172.31.33.0-255,172,157128,34,164126
3387,0.034655,172.31.33.0-255,1112,158240,34,164126
3388,0.034699,172.31.33.0-255,1514,159754,34,164126
3389,0.0347,172.31.33.0-255,1514,161268,34,164126
3390,0.034706,172.31.33.0-255,1514,162782,34,164126
3391,0.034707,172.31.33.0-255,1080,163862,34,164126
3392,0.036116,104.244.42.0-255,66,163928,34,164126
3393,0.036143,104.244.42.0-255,66,163994,34,164126
3394,0.03621,104.244.42.0-255,66,164060,34,164126
3395,0.03623,104.244.42.0-255,66,164126,34,164126
3396,0.0,172.217.27.0-255,143,143,34,272503
3397,1.4e-05,172.31.33.0-255,66,209,34,272503
3398,2e-05,172.217.27.0-255,1484,1693,34,272503
3399,2.3e-05,172.31.33.0-255,66,1759,34,272503
3400,2.9e-05,172.217.27.0-255,2902,4661,34,272503
3401,3.4e-05,172.31.33.0-255,66,4727,34,272503
3402,4.7e-05,172.217.27.0-255,7156,11883,34,272503
3403,5e-05,172.31.33.0-255,66,11949,34,272503
3404,7.3e-05,172.217.27.0-255,4320,16269,34,272503
3405,7.5e-05,172.31.33.0-255,66,16335,34,272503
3406,0.00011,172.31.33.0-255,66,16401,34,272503
3407,0.000115,172.217.27.0-255,5379,21780,34,272503
3408,0.000118,172.31.33.0-255,66,21846,34,272503
3409,0.000185,172.217.27.0-255,1484,23330,34,272503
3410,0.000187,172.31.33.0-255,66,23396,34,272503
3411,0.000209,172.217.27.0-255,2902,26298,34,272503
3412,0.000212,172.31.33.0-255,66,26364,34,272503
3413,0.000219,172.217.27.0-255,5738,32102,34,272503
3414,0.000221,172.31.33.0-255,66,32168,34,272503
3415,0.000228,172.217.27.0-255,6797,38965,34,272503
3416,0.000231,172.31.33.0-255,66,39031,34,272503
3417,0.000249,172.217.27.0-255,7156,46187,34,272503
3418,0.000252,172.31.33.0-255,66,46253,34,272503
3419,0.000292,172.217.27.0-255,7156,53409,34,272503
3420,0.000294,172.31.33.0-255,66,53475,34,272503
3421,0.00031,172.217.27.0-255,2543,56018,34,272503
3422,0.000313,172.31.33.0-255,66,56084,34,272503
3423,0.000386,172.217.27.0-255,356,56440,34,272503
3424,0.000389,172.31.33.0-255,66,56506,34,272503
3425,0.000668,172.217.27.0-255,386,56892,34,272503
3426,0.000672,172.31.33.0-255,66,56958,34,272503
3427,0.000802,172.217.27.0-255,1484,58442,34,272503
3428,0.000809,172.217.27.0-255,2902,61344,34,272503
3429,0.000813,172.31.33.0-255,66,61410,34,272503
3430,0.000818,172.217.27.0-255,4320,65730,34,272503
3431,0.000821,172.31.33.0-255,66,65796,34,272503
3432,0.000845,172.217.27.0-255,1484,67280,34,272503
3433,0.000851,172.217.27.0-255,5738,73018,34,272503
3434,0.000854,172.31.33.0-255,66,73084,34,272503
3435,0.000859,172.217.27.0-255,4320,77404,34,272503
3436,0.000861,172.31.33.0-255,66,77470,34,272503
3437,0.000874,172.217.27.0-255,2543,80013,34,272503
3438,0.000877,172.31.33.0-255,66,80079,34,272503
3439,0.000891,172.217.27.0-255,5738,85817,34,272503
3440,0.000894,172.31.33.0-255,66,85883,34,272503
3441,0.000912,172.217.27.0-255,5379,91262,34,272503
3442,0.000915,172.31.33.0-255,66,91328,34,272503
3443,0.001091,172.217.27.0-255,1484,92812,34,272503
3444,0.001112,172.217.27.0-255,2902,95714,34,272503
3445,0.001115,172.31.33.0-255,66,95780,34,272503
3446,0.001122,172.217.27.0-255,5738,101518,34,272503
3447,0.001125,172.31.33.0-255,66,101584,34,272503
3448,0.001161,172.31.33.0-255,66,101650,34,272503
3449,0.001174,172.31.33.0-255,66,101716,34,272503
3450,0.001192,172.217.27.0-255,5020,106736,34,272503
3451,0.001195,172.31.33.0-255,66,106802,34,272503
3452,0.001242,172.217.27.0-255,1484,108286,34,272503
3453,0.001247,172.217.27.0-255,2902,111188,34,272503
3454,0.001249,172.31.33.0-255,66,111254,34,272503
3455,0.00131,172.217.27.0-255,5738,116992,34,272503
3456,0.001313,172.31.33.0-255,66,117058,34,272503
3457,0.001327,172.31.33.0-255,66,117124,34,272503
3458,0.001356,172.31.33.0-255,66,117190,34,272503
3459,0.001432,172.217.27.0-255,1484,118674,34,272503
3460,0.001439,172.217.27.0-255,2902,121576,34,272503
3461,0.001442,172.31.33.0-255,66,121642,34,272503
3462,0.001459,172.217.27.0-255,5738,127380,34,272503
3463,0.001462,172.31.33.0-255,66,127446,34,272503
3464,0.001493,172.31.33.0-255,66,127512,34,272503
3465,0.001511,172.217.27.0-255,1484,128996,34,272503
3466,0.001523,172.31.33.0-255,66,129062,34,272503
3467,0.001525,172.217.27.0-255,766,129828,34,272503
3468,0.001591,172.217.27.0-255,1484,131312,34,272503
3469,0.001594,172.31.33.0-255,66,131378,34,272503
3470,0.0016,172.217.27.0-255,2902,134280,34,272503
3471,0.001602,172.31.33.0-255,66,134346,34,272503
3472,0.001605,172.217.27.0-255,1484,135830,34,272503
3473,0.00163,172.217.27.0-255,4320,140150,34,272503
3474,0.001633,172.31.33.0-255,66,140216,34,272503
3475,0.001644,172.31.33.0-255,66,140282,34,272503
3476,0.00166,172.217.27.0-255,2902,143184,34,272503
3477,0.001662,172.31.33.0-255,66,143250,34,272503
3478,0.001665,172.217.27.0-255,1484,144734,34,272503
3479,0.001669,172.217.27.0-255,2902,147636,34,272503
3480,0.001671,172.31.33.0-255,66,147702,34,272503
3481,0.001688,172.217.27.0-255,4320,152022,34,272503
3482,0.001691,172.31.33.0-255,66,152088,34,272503
3483,0.001694,172.217.27.0-255,2184,154272,34,272503
3484,0.001696,172.31.33.0-255,66,154338,34,272503
3485,0.001745,172.217.27.0-255,1484,155822,34,272503
3486,0.00175,172.217.27.0-255,2902,158724,34,272503
3487,0.001773,172.217.27.0-255,5738,164462,34,272503
3488,0.001793,172.217.27.0-255,5738,170200,34,272503
3489,0.001825,172.217.27.0-255,7156,177356,34,272503
3490,0.001838,172.217.27.0-255,2184,179540,34,272503
3491,0.001882,172.217.27.0-255,1484,181024,34,272503
3492,0.001895,172.217.27.0-255,2902,183926,34,272503
3493,0.001898,172.217.27.0-255,1484,185410,34,272503
3494,0.001916,172.217.27.0-255,2902,188312,34,272503
3495,0.001932,172.217.27.0-255,5738,194050,34,272503
3496,0.001952,172.217.27.0-255,5738,199788,34,272503
3497,0.001964,172.217.27.0-255,4320,204108,34,272503
3498,0.001973,172.217.27.0-255,1484,205592,34,272503
3499,0.001979,172.31.33.0-255,66,205658,34,272503
3500,0.001997,172.217.27.0-255,1484,207142,34,272503
3501,0.002016,172.217.27.0-255,6438,213580,34,272503
3502,0.002034,172.31.33.0-255,66,213646,34,272503
3503,0.002063,172.217.27.0-255,1484,215130,34,272503
3504,0.002068,172.217.27.0-255,2902,218032,34,272503
3505,0.002074,172.217.27.0-255,5738,223770,34,272503
3506,0.002087,172.217.27.0-255,4320,228090,34,272503
3507,0.002167,172.217.27.0-255,766,228856,34,272503
3508,0.002181,172.217.27.0-255,1484,230340,34,272503
3509,0.002186,172.31.33.0-255,66,230406,34,272503
3510,0.002197,172.217.27.0-255,4320,234726,34,272503
3511,0.002201,172.217.27.0-255,2902,237628,34,272503
3512,0.002207,172.31.33.0-255,66,237694,34,272503
3513,0.002224,172.217.27.0-255,4320,242014,34,272503
3514,0.002236,172.31.33.0-255,66,242080,34,272503
3515,0.00225,172.217.27.0-255,1484,243564,34,272503
3516,0.002254,172.31.33.0-255,66,243630,34,272503
3517,0.002277,172.217.27.0-255,5738,249368,34,272503
3518,0.002288,172.217.27.0-255,1484,250852,34,272503
3519,0.002302,172.217.27.0-255,3602,254454,34,272503
3520,0.002307,172.31.33.0-255,66,254520,34,272503
3521,0.002339,172.217.27.0-255,1484,256004,34,272503
3522,0.002353,172.217.27.0-255,2902,258906,34,272503
3523,0.002359,172.217.27.0-255,4320,263226,34,272503
3524,0.002369,172.217.27.0-255,1484,264710,34,272503
3525,0.002375,172.31.33.0-255,66,264776,34,272503
3526,0.002386,172.217.27.0-255,7156,271932,34,272503
3527,0.002391,172.31.33.0-255,66,271998,34,272503
3528,0.002418,172.217.27.0-255,97,272095,34,272503
3529,0.002431,172.31.33.0-255,66,272161,34,272503
3530,0.002473,172.217.27.0-255,105,272266,34,272503
3531,0.004786,172.31.33.0-255,66,272332,34,272503
3532,0.004819,172.31.33.0-255,105,272437,34,272503
3533,0.006411,172.217.27.0-255,66,272503,34,272503
3534,0.0,74.125.130.0-255,153,153,34,254752
3535,2.3e-05,172.31.33.0-255,66,219,34,254752
3536,2.9e-05,74.125.130.0-255,1484,1703,34,254752
3537,3.3e-05,172.31.33.0-255,66,1769,34,254752
3538,3.7e-05,74.125.130.0-255,2902,4671,34,254752
3539,3.9e-05,172.31.33.0-255,66,4737,34,254752
3540,5.1e-05,74.125.130.0-255,5738,10475,34,254752
3541,5.4e-05,172.31.33.0-255,66,10541,34,254752
3542,5.9e-05,74.125.130.0-255,4320,14861,34,254752
3543,6.1e-05,172.31.33.0-255,66,14927,34,254752
3544,8.5e-05,74.125.130.0-255,2047,16974,34,254752
3545,8.8e-05,172.31.33.0-255,66,17040,34,254752
3546,0.000102,172.31.33.0-255,66,17106,34,254752
3547,0.000132,74.125.130.0-255,5379,22485,34,254752
3548,0.000135,172.31.33.0-255,66,22551,34,254752
3549,0.000163,74.125.130.0-255,1484,24035,34,254752
3550,0.000165,172.31.33.0-255,66,24101,34,254752
3551,0.000183,74.125.130.0-255,2902,27003,34,254752
3552,0.000185,172.31.33.0-255,66,27069,34,254752
3553,0.000192,74.125.130.0-255,5738,32807,34,254752
3554,0.000194,172.31.33.0-255,66,32873,34,254752
3555,0.0002,74.125.130.0-255,6797,39670,34,254752
3556,0.000201,172.31.33.0-255,66,39736,34,254752
3557,0.000524,74.125.130.0-255,1484,41220,34,254752
3558,0.000528,172.31.33.0-255,66,41286,34,254752
3559,0.00055,74.125.130.0-255,1484,42770,34,254752
3560,0.000554,172.31.33.0-255,66,42836,34,254752
3561,0.000563,74.125.130.0-255,1484,44320,34,254752
3562,0.000565,172.31.33.0-255,66,44386,34,254752
3563,0.000575,74.125.130.0-255,5738,50124,34,254752
3564,0.000577,172.31.33.0-255,66,50190,34,254752
3565,0.000582,74.125.130.0-255,5738,55928,34,254752
3566,0.000584,172.31.33.0-255,66,55994,34,254752
3567,0.000587,74.125.130.0-255,1125,57119,34,254752
3568,0.000589,172.31.33.0-255,66,57185,34,254752
3569,0.001631,74.125.130.0-255,1484,58669,34,254752
3570,0.001637,172.31.33.0-255,66,58735,34,254752
3571,0.001646,74.125.130.0-255,2902,61637,34,254752
3572,0.001648,172.31.33.0-255,66,61703,34,254752
3573,0.001658,74.125.130.0-255,4320,66023,34,254752
3574,0.00166,172.31.33.0-255,66,66089,34,254752
3575,0.001682,74.125.130.0-255,1484,67573,34,254752
3576,0.001685,172.31.33.0-255,66,67639,34,254752
3577,0.001692,74.125.130.0-255,1484,69123,34,254752
3578,0.001694,172.31.33.0-255,66,69189,34,254752
3579,0.001698,74.125.130.0-255,2902,72091,34,254752
3580,0.0017,172.31.33.0-255,66,72157,34,254752
3581,0.001706,74.125.130.0-255,5738,77895,34,254752
3582,0.001708,172.31.33.0-255,66,77961,34,254752
3583,0.001733,74.125.130.0-255,4320,82281,34,254752
3584,0.001735,172.31.33.0-255,66,82347,34,254752
3585,0.001758,74.125.130.0-255,1484,83831,34,254752
3586,0.00176,172.31.33.0-255,66,83897,34,254752
3587,0.001778,74.125.130.0-255,1484,85381,34,254752
3588,0.00178,172.31.33.0-255,66,85447,34,254752
3589,0.001785,74.125.130.0-255,4320,89767,34,254752
3590,0.001787,172.31.33.0-255,66,89833,34,254752
3591,0.001832,74.125.130.0-255,2184,92017,34,254752
3592,0.001834,172.31.33.0-255,66,92083,34,254752
3593,0.002243,74.125.130.0-255,1484,93567,34,254752
3594,0.002257,74.125.130.0-255,2902,96469,34,254752
3595,0.002275,74.125.130.0-255,5738,102207,34,254752
3596,0.002278,74.125.130.0-255,1484,103691,34,254752
3597,0.002301,74.125.130.0-255,5738,109429,34,254752
3598,0.002303,74.125.130.0-255,1484,110913,34,254752
3599,0.002315,74.125.130.0-255,2902,113815,34,254752
3600,0.002335,74.125.130.0-255,5738,119553,34,254752
3601,0.002347,74.125.130.0-255,4320,123873,34,254752
3602,0.002381,74.125.130.0-255,2184,126057,34,254752
3603,0.002525,74.125.130.0-255,1484,127541,34,254752
3604,0.002527,74.125.130.0-255,1484,129025,34,254752
3605,0.002537,74.125.130.0-255,1484,130509,34,254752
3606,0.002542,74.125.130.0-255,4320,134829,34,254752
3607,0.002556,74.125.130.0-255,1484,136313,34,254752
3608,0.002568,74.125.130.0-255,1484,137797,34,254752
3609,0.002598,74.125.130.0-255,2902,140699,34,254752
3610,0.002621,74.125.130.0-255,4320,145019,34,254752
3611,0.002632,74.125.130.0-255,2902,147921,34,254752
3612,0.002634,74.125.130.0-255,1484,149405,34,254752
3613,0.002637,74.125.130.0-255,2184,151589,34,254752
3614,0.002715,74.125.130.0-255,1484,153073,34,254752
3615,0.002719,74.125.130.0-255,2902,155975,34,254752
3616,0.002728,74.125.130.0-255,1484,157459,34,254752
3617,0.00274,74.125.130.0-255,2902,160361,34,254752
3618,0.002742,74.125.130.0-255,1484,161845,34,254752
3619,0.002756,74.125.130.0-255,1484,163329,34,254752
3620,0.002779,74.125.130.0-255,4320,167649,34,254752
3621,0.002797,74.125.130.0-255,7156,174805,34,254752
3622,0.0028,74.125.130.0-255,1484,176289,34,254752
3623,0.002817,74.125.130.0-255,4320,180609,34,254752
3624,0.00283,74.125.130.0-255,1484,182093,34,254752
3625,0.002845,74.125.130.0-255,1484,183577,34,254752
3626,0.00285,74.125.130.0-255,5020,188597,34,254752
3627,0.002854,74.125.130.0-255,4320,192917,34,254752
3628,0.00287,74.125.130.0-255,7156,200073,34,254752
3629,0.002904,74.125.130.0-255,2902,202975,34,254752
3630,0.002943,74.125.130.0-255,2902,205877,34,254752
3631,0.002984,74.125.130.0-255,2902,208779,34,254752
3632,0.003077,74.125.130.0-255,1484,210263,34,254752
3633,0.003088,74.125.130.0-255,2902,213165,34,254752
3634,0.003102,74.125.130.0-255,5020,218185,34,254752
3635,0.003158,74.125.130.0-255,2902,221087,34,254752
3636,0.003224,74.125.130.0-255,4320,225407,34,254752
3637,0.003345,74.125.130.0-255,1484,226891,34,254752
3638,0.003365,74.125.130.0-255,1484,228375,34,254752
3639,0.003385,74.125.130.0-255,2902,231277,34,254752
3640,0.00339,172.31.33.0-255,78,231355,34,254752
3641,0.003393,74.125.130.0-255,1484,232839,34,254752
3642,0.003414,74.125.130.0-255,1484,234323,34,254752
3643,0.003421,74.125.130.0-255,7156,241479,34,254752
3644,0.003435,74.125.130.0-255,4320,245799,34,254752
3645,0.003454,74.125.130.0-255,4320,250119,34,254752
3646,0.003528,74.125.130.0-255,105,250224,34,254752
3647,0.005704,172.31.33.0-255,66,250290,34,254752
3648,0.008034,172.31.33.0-255,105,250395,34,254752
3649,0.010602,74.125.130.0-255,66,250461,34,254752
3650,0.038045,172.31.33.0-255,172,250633,34,254752
3651,0.038074,172.31.33.0-255,1113,251746,34,254752
3652,0.03814,172.31.33.0-255,1514,253260,34,254752
3653,0.038141,172.31.33.0-255,1294,254554,34,254752
3654,0.039599,104.244.42.0-255,66,254620,34,254752
3655,0.039612,104.244.42.0-255,66,254686,34,254752
3656,0.03971,104.244.42.0-255,66,254752,34,254752
3657,0.0,216.58.221.0-255,152,152,34,312126
3658,3.1e-05,172.31.33.0-255,66,218,34,312126
3659,3.9e-05,216.58.221.0-255,1484,1702,34,312126
3660,4.3e-05,172.31.33.0-255,66,1768,34,312126
3661,5e-05,216.58.221.0-255,2902,4670,34,312126
3662,5.3e-05,172.31.33.0-255,66,4736,34,312126
3663,5.7e-05,216.58.221.0-255,2902,7638,34,312126
3664,6e-05,172.31.33.0-255,66,7704,34,312126
3665,8.7e-05,216.58.221.0-255,4320,12024,34,312126
3666,9.2e-05,216.58.221.0-255,4320,16344,34,312126
3667,9.3e-05,172.31.33.0-255,66,16410,34,312126
3668,9.6e-05,172.31.33.0-255,66,16476,34,312126
3669,0.000118,216.58.221.0-255,4895,21371,34,312126
3670,0.000121,172.31.33.0-255,66,21437,34,312126
3671,0.00013,172.31.33.0-255,66,21503,34,312126
3672,0.000132,216.58.221.0-255,1125,22628,34,312126
3673,0.000134,172.31.33.0-255,66,22694,34,312126
3674,0.000297,216.58.221.0-255,1484,24178,34,312126
3675,0.000302,172.31.33.0-255,66,24244,34,312126
3676,0.000316,216.58.221.0-255,2902,27146,34,312126
3677,0.000319,172.31.33.0-255,66,27212,34,312126
3678,0.000325,216.58.221.0-255,4320,31532,34,312126
3679,0.000328,172.31.33.0-255,66,31598,34,312126
3680,0.000348,216.58.221.0-255,5738,37336,34,312126
3681,0.000353,172.31.33.0-255,66,37402,34,312126
3682,0.000373,216.58.221.0-255,1484,38886,34,312126
3683,0.000376,172.31.33.0-255,66,38952,34,312126
3684,0.00042,216.58.221.0-255,1125,40077,34,312126
3685,0.000423,172.31.33.0-255,66,40143,34,312126
3686,0.000639,216.58.221.0-255,1484,41627,34,312126
3687,0.000644,172.31.33.0-255,66,41693,34,312126
3688,0.000664,216.58.221.0-255,2902,44595,34,312126
3689,0.000667,172.31.33.0-255,66,44661,34,312126
3690,0.000673,216.58.221.0-255,4320,48981,34,312126
3691,0.000675,172.31.33.0-255,66,49047,34,312126
3692,0.00069,216.58.221.0-255,1484,50531,34,312126
3693,0.000696,216.58.221.0-255,2902,53433,34,312126
3694,0.0007,216.58.221.0-255,3961,57394,34,312126
3695,0.0007,172.31.33.0-255,66,57460,34,312126
3696,0.000702,216.58.221.0-255,356,57816,34,312126
3697,0.000703,172.31.33.0-255,66,57882,34,312126
3698,0.000868,172.31.33.0-255,66,57948,34,312126
3699,0.001329,216.58.221.0-255,137,58085,34,312126
3700,0.001373,216.58.221.0-255,1484,59569,34,312126
3701,0.001379,172.31.33.0-255,66,59635,34,312126
3702,0.001438,216.58.221.0-255,1484,61119,34,312126
3703,0.001471,216.58.221.0-255,1484,62603,34,312126
3704,0.001475,172.31.33.0-255,66,62669,34,312126
3705,0.001504,216.58.221.0-255,2902,65571,34,312126
3706,0.001508,172.31.33.0-255,66,65637,34,312126
3707,0.001514,216.58.221.0-255,5738,71375,34,312126
3708,0.001517,172.31.33.0-255,66,71441,34,312126
3709,0.001553,216.58.221.0-255,3961,75402,34,312126
3710,0.001558,172.31.33.0-255,66,75468,34,312126
3711,0.001857,216.58.221.0-255,1484,76952,34,312126
3712,0.001872,216.58.221.0-255,2902,79854,34,312126
3713,0.001876,172.31.33.0-255,66,79920,34,312126
3714,0.001895,216.58.221.0-255,4320,84240,34,312126
3715,0.001897,172.31.33.0-255,66,84306,34,312126
3716,0.001912,216.58.221.0-255,1484,85790,34,312126
3717,0.001918,216.58.221.0-255,6797,92587,34,312126
3718,0.00192,172.31.33.0-255,66,92653,34,312126
3719,0.001957,216.58.221.0-255,4320,96973,34,312126
3720,0.001959,172.31.33.0-255,66,97039,34,312126
3721,0.001964,216.58.221.0-255,4320,101359,34,312126
3722,0.001965,172.31.33.0-255,66,101425,34,312126
3723,0.001971,216.58.221.0-255,5738,107163,34,312126
3724,0.001973,172.31.33.0-255,66,107229,34,312126
3725,0.001977,216.58.221.0-255,2902,110131,34,312126
3726,0.00198,172.31.33.0-255,66,110197,34,312126
3727,0.001982,216.58.221.0-255,1484,111681,34,312126
3728,0.001986,216.58.221.0-255,2902,114583,34,312126
3729,0.001988,172.31.33.0-255,66,114649,34,312126
3730,0.002007,216.58.221.0-255,1484,116133,34,312126
3731,0.002014,216.58.221.0-255,7156,123289,34,312126
3732,0.002017,172.31.33.0-255,66,123355,34,312126
3733,0.002034,216.58.221.0-255,2902,126257,34,312126
3734,0.002037,172.31.33.0-255,66,126323,34,312126
3735,0.002039,216.58.221.0-255,766,127089,34,312126
3736,0.002072,216.58.221.0-255,1484,128573,34,312126
3737,0.002075,172.31.33.0-255,66,128639,34,312126
3738,0.002128,216.58.221.0-255,1484,130123,34,312126
3739,0.002196,216.58.221.0-255,1484,131607,34,312126
3740,0.002199,172.31.33.0-255,66,131673,34,312126
3741,0.002202,216.58.221.0-255,1484,133157,34,312126
3742,0.002216,216.58.221.0-255,2902,136059,34,312126
3743,0.002218,172.31.33.0-255,66,136125,34,312126
3744,0.00224,216.58.221.0-255,1484,137609,34,312126
3745,0.002251,216.58.221.0-255,1484,139093,34,312126
3746,0.002254,172.31.33.0-255,66,139159,34,312126
3747,0.002268,216.58.221.0-255,1484,140643,34,312126
3748,0.002272,216.58.221.0-255,1484,142127,34,312126
3749,0.002274,172.31.33.0-255,66,142193,34,312126
3750,0.002278,216.58.221.0-255,2902,145095,34,312126
3751,0.002281,172.31.33.0-255,66,145161,34,312126
3752,0.002299,216.58.221.0-255,5738,150899,34,312126
3753,0.002301,172.31.33.0-255,66,150965,34,312126
3754,0.002303,216.58.221.0-255,1484,152449,34,312126
3755,0.002324,216.58.221.0-255,4320,156769,34,312126
3756,0.002327,172.31.33.0-255,66,156835,34,312126
3757,0.002343,216.58.221.0-255,1484,158319,34,312126
3758,0.00236,216.58.221.0-255,3602,161921,34,312126
3759,0.002363,172.31.33.0-255,66,161987,34,312126
3760,0.002747,216.58.221.0-255,1484,163471,34,312126
3761,0.002764,216.58.221.0-255,1484,164955,34,312126
3762,0.002765,172.31.33.0-255,66,165021,34,312126
3763,0.002781,216.58.221.0-255,2902,167923,34,312126
3764,0.002783,172.31.33.0-255,66,167989,34,312126
3765,0.002799,216.58.221.0-255,1484,169473,34,312126
3766,0.002815,216.58.221.0-255,4320,173793,34,312126
3767,0.002817,172.31.33.0-255,66,173859,34,312126
3768,0.002819,216.58.221.0-255,1484,175343,34,312126
3769,0.002823,216.58.221.0-255,2902,178245,34,312126
3770,0.002825,172.31.33.0-255,66,178311,34,312126
3771,0.002842,216.58.221.0-255,4320,182631,34,312126
3772,0.002844,172.31.33.0-255,66,182697,34,312126
3773,0.002852,216.58.221.0-255,1484,184181,34,312126
3774,0.002878,216.58.221.0-255,2902,187083,34,312126
3775,0.00288,172.31.33.0-255,66,187149,34,312126
3776,0.002902,172.31.33.0-255,66,187215,34,312126
3777,0.002905,216.58.221.0-255,766,187981,34,312126
3778,0.0038,216.58.221.0-255,1484,189465,34,312126
3779,0.003802,172.31.33.0-255,66,189531,34,312126
3780,0.003819,216.58.221.0-255,2902,192433,34,312126
3781,0.003821,172.31.33.0-255,66,192499,34,312126
3782,0.00384,216.58.221.0-255,1484,193983,34,312126
3783,0.003859,216.58.221.0-255,1484,195467,34,312126
3784,0.003861,172.31.33.0-255,66,195533,34,312126
3785,0.003883,216.58.221.0-255,7156,202689,34,312126
3786,0.003885,172.31.33.0-255,66,202755,34,312126
3787,0.003889,216.58.221.0-255,4320,207075,34,312126
3788,0.003891,172.31.33.0-255,66,207141,34,312126
3789,0.003904,216.58.221.0-255,2902,210043,34,312126
3790,0.003906,172.31.33.0-255,66,210109,34,312126
3791,0.003911,216.58.221.0-255,4320,214429,34,312126
3792,0.003912,172.31.33.0-255,66,214495,34,312126
3793,0.003934,216.58.221.0-255,4320,218815,34,312126
3794,0.003936,172.31.33.0-255,66,218881,34,312126
3795,0.00394,216.58.221.0-255,3602,222483,34,312126
3796,0.003942,172.31.33.0-255,66,222549,34,312126
3797,0.003945,216.58.221.0-255,1484,224033,34,312126
3798,0.003949,216.58.221.0-255,4320,228353,34,312126
3799,0.003951,172.31.33.0-255,66,228419,34,312126
3800,0.00399,216.58.221.0-255,5738,234157,34,312126
3801,0.003993,172.31.33.0-255,66,234223,34,312126
3802,0.003997,216.58.221.0-255,2902,237125,34,312126
3803,0.004001,216.58.221.0-255,4320,241445,34,312126
3804,0.004042,216.58.221.0-255,5738,247183,34,312126
3805,0.004044,216.58.221.0-255,766,247949,34,312126
3806,0.004054,216.58.221.0-255,1484,249433,34,312126
3807,0.004076,216.58.221.0-255,4320,253753,34,312126
3808,0.004095,216.58.221.0-255,5738,259491,34,312126
3809,0.004115,216.58.221.0-255,4320,263811,34,312126
3810,0.004191,216.58.221.0-255,4320,268131,34,312126
3811,0.004214,216.58.221.0-255,1484,269615,34,312126
3812,0.004227,216.58.221.0-255,4320,273935,34,312126
3813,0.004254,216.58.221.0-255,2902,276837,34,312126
3814,0.004259,216.58.221.0-255,2902,279739,34,312126
3815,0.004263,216.58.221.0-255,4320,284059,34,312126
3816,0.004274,216.58.221.0-255,5738,289797,34,312126
3817,0.004278,216.58.221.0-255,3602,293399,34,312126
3818,0.004296,216.58.221.0-255,4320,297719,34,312126
3819,0.0043,216.58.221.0-255,2902,300621,34,312126
3820,0.004318,216.58.221.0-255,4320,304941,34,312126
3821,0.004349,216.58.221.0-255,1484,306425,34,312126
3822,0.004366,216.58.221.0-255,1484,307909,34,312126
3823,0.004378,216.58.221.0-255,3708,311617,34,312126
3824,0.00439,216.58.221.0-255,105,311722,34,312126
3825,0.008622,172.31.33.0-255,66,311788,34,312126
3826,0.009165,172.31.33.0-255,101,311889,34,312126
3827,0.01107,216.58.221.0-255,66,311955,34,312126
3828,0.011263,172.31.33.0-255,105,312060,34,312126
3829,0.013165,216.58.221.0-255,66,312126,34,312126
3830,0.0,172.31.33.0-255,105,105,34,276
3831,0.002069,157.240.7.0-255,105,210,34,276
3832,0.002083,172.31.33.0-255,66,276,34,276
3833,0.0,172.31.33.0-255,105,105,34,276
3834,0.001775,157.240.7.0-255,105,210,34,276
3835,0.001783,172.31.33.0-255,66,276,34,276
3836,0.0,172.31.33.0-255,105,105,34,342
3837,0.002203,74.125.24.0-255,66,171,34,342
3838,0.002215,74.125.24.0-255,105,276,34,342
3839,0.00222,172.31.33.0-255,66,342,34,342
3840,0.0,172.31.33.0-255,105,105,34,276
3841,0.001615,157.240.7.0-255,105,210,34,276
3842,0.001629,172.31.33.0-255,66,276,34,276
3843,0.0,172.217.194.0-255,153,153,34,218005
3844,1.2e-05,172.31.33.0-255,66,219,34,218005
3845,3e-05,172.217.194.0-255,1484,1703,34,218005
3846,3.4e-05,172.31.33.0-255,66,1769,34,218005
3847,4e-05,172.217.194.0-255,2902,4671,34,218005
3848,4.3e-05,172.31.33.0-255,66,4737,34,218005
3849,5e-05,172.217.194.0-255,7156,11893,34,218005
3850,5.3e-05,172.31.33.0-255,66,11959,34,218005
3851,5.6e-05,172.217.194.0-255,1484,13443,34,218005
3852,5.8e-05,172.31.33.0-255,66,13509,34,218005
3853,6.2e-05,172.217.194.0-255,591,14100,34,218005
3854,6.4e-05,172.31.33.0-255,66,14166,34,218005
3855,0.00014,172.217.194.0-255,1484,15650,34,218005
3856,0.000143,172.31.33.0-255,66,15716,34,218005
3857,0.000146,172.217.194.0-255,1484,17200,34,218005
3858,0.000148,172.31.33.0-255,66,17266,34,218005
3859,0.000163,172.217.194.0-255,1484,18750,34,218005
3860,0.000164,172.31.33.0-255,66,18816,34,218005
3861,0.000185,172.217.194.0-255,5738,24554,34,218005
3862,0.000187,172.31.33.0-255,66,24620,34,218005
3863,0.000192,172.217.194.0-255,2902,27522,34,218005
3864,0.000193,172.31.33.0-255,66,27588,34,218005
3865,0.00021,172.217.194.0-255,3961,31549,34,218005
3866,0.000212,172.31.33.0-255,66,31615,34,218005
3867,0.000238,172.217.194.0-255,7156,38771,34,218005
3868,0.000241,172.31.33.0-255,66,38837,34,218005
3869,0.000244,172.217.194.0-255,1484,40321,34,218005
3870,0.000246,172.31.33.0-255,66,40387,34,218005
3871,0.000268,172.31.33.0-255,66,40453,34,218005
3872,0.000767,172.217.194.0-255,1484,41937,34,218005
3873,0.000772,172.31.33.0-255,66,42003,34,218005
3874,0.000778,172.217.194.0-255,2902,44905,34,218005
3875,0.00078,172.31.33.0-255,66,44971,34,218005
3876,0.000785,172.217.194.0-255,2902,47873,34,218005
3877,0.000787,172.31.33.0-255,66,47939,34,218005
3878,0.000804,172.217.194.0-255,2902,50841,34,218005
3879,0.000806,172.31.33.0-255,66,50907,34,218005
3880,0.000836,172.31.33.0-255,66,50973,34,218005
3881,0.000841,172.217.194.0-255,4320,55293,34,218005
3882,0.000843,172.31.33.0-255,66,55359,34,218005
3883,0.000863,172.217.194.0-255,5738,61097,34,218005
3884,0.000864,172.31.33.0-255,66,61163,34,218005
3885,0.000892,172.217.194.0-255,7156,68319,34,218005
3886,0.000894,172.31.33.0-255,66,68385,34,218005
3887,0.000912,172.217.194.0-255,5958,74343,34,218005
3888,0.000914,172.31.33.0-255,66,74409,34,218005
3889,0.000919,172.217.194.0-255,3961,78370,34,218005
3890,0.000921,172.31.33.0-255,66,78436,34,218005
3891,0.001886,172.217.194.0-255,1484,79920,34,218005
3892,0.001893,172.217.194.0-255,1484,81404,34,218005
3893,0.001899,172.31.33.0-255,66,81470,34,218005
3894,0.00192,172.217.194.0-255,1484,82954,34,218005
3895,0.001927,172.217.194.0-255,5738,88692,34,218005
3896,0.00193,172.31.33.0-255,66,88758,34,218005
3897,0.001934,172.217.194.0-255,2902,91660,34,218005
3898,0.001936,172.31.33.0-255,66,91726,34,218005
3899,0.001964,172.31.33.0-255,66,91792,34,218005
3900,0.001971,172.217.194.0-255,7156,98948,34,218005
3901,0.001974,172.31.33.0-255,66,99014,34,218005
3902,0.001999,172.217.194.0-255,3602,102616,34,218005
3903,0.002001,172.31.33.0-255,66,102682,34,218005
3904,0.0022,172.217.194.0-255,1484,104166,34,218005
3905,0.002206,172.217.194.0-255,2902,107068,34,218005
3906,0.002208,172.31.33.0-255,66,107134,34,218005
3907,0.002229,172.217.194.0-255,5738,112872,34,218005
3908,0.002232,172.31.33.0-255,66,112938,34,218005
3909,0.002258,172.31.33.0-255,66,113004,34,218005
3910,0.002281,172.217.194.0-255,2902,115906,34,218005
3911,0.002284,172.31.33.0-255,66,115972,34,218005
3912,0.002296,172.31.33.0-255,66,116038,34,218005
3913,0.002302,172.217.194.0-255,4320,120358,34,218005
3914,0.002304,172.31.33.0-255,66,120424,34,218005
3915,0.002332,172.217.194.0-255,5738,126162,34,218005
3916,0.002335,172.31.33.0-255,66,126228,34,218005
3917,0.002347,172.31.33.0-255,66,126294,34,218005
3918,0.002351,172.217.194.0-255,1484,127778,34,218005
3919,0.002385,172.31.33.0-255,66,127844,34,218005
3920,0.004721,172.217.194.0-255,5738,133582,34,218005
3921,0.004724,172.31.33.0-255,66,133648,34,218005
3922,0.007041,172.217.194.0-255,5738,139386,34,218005
3923,0.007046,172.31.33.0-255,66,139452,34,218005
3924,0.009394,172.217.194.0-255,5738,145190,34,218005
3925,0.009401,172.31.33.0-255,66,145256,34,218005
3926,0.011763,172.217.194.0-255,5738,150994,34,218005
3927,0.011771,172.31.33.0-255,66,151060,34,218005
3928,0.014102,172.217.194.0-255,4320,155380,34,218005
3929,0.01411,172.31.33.0-255,66,155446,34,218005
3930,0.014128,172.217.194.0-255,1484,156930,34,218005
3931,0.016466,172.217.194.0-255,4320,161250,34,218005
3932,0.016473,172.31.33.0-255,66,161316,34,218005
3933,0.0188,172.217.194.0-255,5738,167054,34,218005
3934,0.018806,172.31.33.0-255,66,167120,34,218005
3935,0.021122,172.217.194.0-255,5738,172858,34,218005
3936,0.02113,172.31.33.0-255,66,172924,34,218005
3937,0.023463,172.217.194.0-255,5738,178662,34,218005
3938,0.02347,172.31.33.0-255,66,178728,34,218005
3939,0.02582,172.217.194.0-255,5738,184466,34,218005
3940,0.025828,172.31.33.0-255,66,184532,34,218005
3941,0.026015,172.31.33.0-255,167,184699,34,218005
3942,0.026044,172.31.33.0-255,1113,185812,34,218005
3943,0.026127,172.31.33.0-255,101,185913,34,218005
3944,0.026195,172.31.33.0-255,1514,187427,34,218005
3945,0.026197,172.31.33.0-255,1294,188721,34,218005
3946,0.027567,104.244.42.0-255,66,188787,34,218005
3947,0.027706,104.244.42.0-255,66,188853,34,218005
3948,0.02776,104.244.42.0-255,66,188919,34,218005
3949,0.028171,172.217.194.0-255,5738,194657,34,218005
3950,0.028176,172.31.33.0-255,66,194723,34,218005
3951,0.028401,172.217.194.0-255,66,194789,34,218005
3952,0.030594,172.217.194.0-255,5738,200527,34,218005
3953,0.030601,172.31.33.0-255,66,200593,34,218005
3954,0.03297,172.217.194.0-255,5738,206331,34,218005
3955,0.032977,172.31.33.0-255,66,206397,34,218005
3956,0.035328,172.217.194.0-255,5738,212135,34,218005
3957,0.035333,172.31.33.0-255,66,212201,34,218005
3958,0.037659,172.217.194.0-255,5738,217939,34,218005
3959,0.037667,172.31.33.0-255,66,218005,34,218005
3960,0.0,172.217.194.0-255,152,152,34,149142
3961,2.5e-05,172.31.33.0-255,66,218,34,149142
3962,3.1e-05,172.217.194.0-255,1484,1702,34,149142
3963,3.5e-05,172.31.33.0-255,66,1768,34,149142
3964,3.8e-05,172.217.194.0-255,1484,3252,34,149142
3965,4e-05,172.31.33.0-255,66,3318,34,149142
3966,7e-05,172.217.194.0-255,1484,4802,34,149142
3967,7.2e-05,172.31.33.0-255,66,4868,34,149142
3968,8e-05,172.217.194.0-255,7156,12024,34,149142
3969,8.2e-05,172.31.33.0-255,66,12090,34,149142
3970,8.5e-05,172.217.194.0-255,1981,14071,34,149142
3971,8.7e-05,172.31.33.0-255,66,14137,34,149142
3972,0.000248,172.217.194.0-255,1484,15621,34,149142
3973,0.000253,172.31.33.0-255,66,15687,34,149142
3974,0.000258,172.217.194.0-255,2902,18589,34,149142
3975,0.00026,172.31.33.0-255,66,18655,34,149142
3976,0.000263,172.217.194.0-255,2902,21557,34,149142
3977,0.000265,172.31.33.0-255,66,21623,34,149142
3978,0.000295,172.217.194.0-255,2902,24525,34,149142
3979,0.000298,172.31.33.0-255,66,24591,34,149142
3980,0.000331,172.217.194.0-255,2902,27493,34,149142
3981,0.000334,172.31.33.0-255,66,27559,34,149142
3982,0.000359,172.217.194.0-255,3961,31520,34,149142
3983,0.000362,172.31.33.0-255,66,31586,34,149142
3984,0.000885,172.217.194.0-255,1484,33070,34,149142
3985,0.000891,172.31.33.0-255,66,33136,34,149142
3986,0.000901,172.217.194.0-255,2902,36038,34,149142
3987,0.000903,172.31.33.0-255,66,36104,34,149142
3988,0.000916,172.217.194.0-255,5738,41842,34,149142
3989,0.000918,172.31.33.0-255,66,41908,34,149142
3990,0.000941,172.217.194.0-255,4320,46228,34,149142
3991,0.000947,172.31.33.0-255,66,46294,34,149142
3992,0.000982,172.31.33.0-255,66,46360,34,149142
3993,0.000986,172.217.194.0-255,1484,47844,34,149142
3994,0.001017,172.31.33.0-255,66,47910,34,149142
3995,0.00102,172.217.194.0-255,100,48010,34,149142
3996,0.001071,172.217.194.0-255,1484,49494,34,149142
3997,0.001076,172.31.33.0-255,66,49560,34,149142
3998,0.00108,172.217.194.0-255,2902,52462,34,149142
3999,0.001083,172.31.33.0-255,66,52528,34,149142
4000,0.001085,172.217.194.0-255,1484,54012,34,149142
4001,0.001105,172.217.194.0-255,2902,56914,34,149142
4002,0.001113,172.31.33.0-255,66,56980,34,149142
4003,0.00112,172.217.194.0-255,5738,62718,34,149142
4004,0.001124,172.31.33.0-255,66,62784,34,149142
4005,0.001128,172.217.194.0-255,2902,65686,34,149142
4006,0.00113,172.31.33.0-255,66,65752,34,149142
4007,0.001172,172.31.33.0-255,66,65818,34,149142
4008,0.001179,172.217.194.0-255,6438,72256,34,149142
4009,0.001181,172.31.33.0-255,66,72322,34,149142
4010,0.00138,172.217.194.0-255,1484,73806,34,149142
4011,0.001384,172.217.194.0-255,2902,76708,34,149142
4012,0.001387,172.31.33.0-255,66,76774,34,149142
4013,0.001412,172.217.194.0-255,5738,82512,34,149142
4014,0.001414,172.31.33.0-255,66,82578,34,149142
4015,0.001436,172.31.33.0-255,66,82644,34,149142
4016,0.001449,172.217.194.0-255,2902,85546,34,149142
4017,0.001454,172.31.33.0-255,66,85612,34,149142
4018,0.001489,172.31.33.0-255,66,85678,34,149142
4019,0.001526,172.217.194.0-255,2184,87862,34,149142
4020,0.001529,172.31.33.0-255,66,87928,34,149142
4021,0.001547,172.31.33.0-255,66,87994,34,149142
4022,0.001556,172.31.33.0-255,66,88060,34,149142
4023,0.001561,172.217.194.0-255,5738,93798,34,149142
4024,0.001563,172.31.33.0-255,66,93864,34,149142
4025,0.001587,172.217.194.0-255,2902,96766,34,149142
4026,0.001589,172.31.33.0-255,66,96832,34,149142
4027,0.001613,172.217.194.0-255,1484,98316,34,149142
4028,0.001625,172.31.33.0-255,66,98382,34,149142
4029,0.00166,172.31.33.0-255,66,98448,34,149142
4030,0.001745,172.217.194.0-255,1484,99932,34,149142
4031,0.001757,172.217.194.0-255,2902,102834,34,149142
4032,0.00176,172.31.33.0-255,66,102900,34,149142
4033,0.001764,172.217.194.0-255,2902,105802,34,149142
4034,0.001783,172.217.194.0-255,2902,108704,34,149142
4035,0.001788,172.31.33.0-255,66,108770,34,149142
4036,0.001825,172.217.194.0-255,1484,110254,34,149142
4037,0.001833,172.31.33.0-255,66,110320,34,149142
4038,0.001856,172.31.33.0-255,66,110386,34,149142
4039,0.001882,172.217.194.0-255,766,111152,34,149142
4040,0.00191,172.31.33.0-255,66,111218,34,149142
4041,0.001976,172.217.194.0-255,5020,116238,34,149142
4042,0.001979,172.31.33.0-255,66,116304,34,149142
4043,0.001986,172.31.33.0-255,66,116370,34,149142
4044,0.002004,172.217.194.0-255,7156,123526,34,149142
4045,0.002046,172.217.194.0-255,5738,129264,34,149142
4046,0.002094,172.31.33.0-255,66,129330,34,149142
4047,0.002125,172.31.33.0-255,66,129396,34,149142
4048,0.002359,172.217.194.0-255,1484,130880,34,149142
4049,0.002374,172.217.194.0-255,1484,132364,34,149142
4050,0.002377,172.31.33.0-255,66,132430,34,149142
4051,0.002398,172.217.194.0-255,1484,133914,34,149142
4052,0.002403,172.217.194.0-255,4320,138234,34,149142
4053,0.002413,172.217.194.0-255,1484,139718,34,149142
4054,0.002422,172.217.194.0-255,1484,141202,34,149142
4055,0.002426,172.31.33.0-255,66,141268,34,149142
4056,0.002443,172.217.194.0-255,5738,147006,34,149142
4057,0.002472,172.217.194.0-255,1728,148734,34,149142
4058,0.002478,172.31.33.0-255,66,148800,34,149142
4059,0.002488,172.217.194.0-255,105,148905,34,149142
4060,0.004127,172.31.33.0-255,66,148971,34,149142
4061,0.004163,172.31.33.0-255,105,149076,34,149142
4062,0.006763,172.217.194.0-255,66,149142,34,149142
4063,0.0,172.217.194.0-255,143,143,34,177046
4064,2.7e-05,172.31.33.0-255,66,209,34,177046
4065,3.3e-05,172.217.194.0-255,1484,1693,34,177046
4066,3.7e-05,172.31.33.0-255,66,1759,34,177046
4067,4.1e-05,172.217.194.0-255,2902,4661,34,177046
4068,4.3e-05,172.31.33.0-255,66,4727,34,177046
4069,4.6e-05,172.217.194.0-255,1484,6211,34,177046
4070,4.8e-05,172.31.33.0-255,66,6277,34,177046
4071,9.1e-05,172.217.194.0-255,2902,9179,34,177046
4072,9.4e-05,172.31.33.0-255,66,9245,34,177046
4073,0.000104,172.31.33.0-255,66,9311,34,177046
4074,0.000113,172.31.33.0-255,66,9377,34,177046
4075,0.000158,172.217.194.0-255,3961,13338,34,177046
4076,0.000162,172.31.33.0-255,66,13404,34,177046
4077,0.000167,172.217.194.0-255,2902,16306,34,177046
4078,0.000169,172.31.33.0-255,66,16372,34,177046
4079,0.000203,172.217.194.0-255,1484,17856,34,177046
4080,0.000205,172.31.33.0-255,66,17922,34,177046
4081,0.000215,172.31.33.0-255,66,17988,34,177046
4082,0.000224,172.217.194.0-255,3961,21949,34,177046
4083,0.000226,172.31.33.0-255,66,22015,34,177046
4084,0.000242,172.31.33.0-255,66,22081,34,177046
4085,0.000245,172.217.194.0-255,98,22179,34,177046
4086,0.000247,172.31.33.0-255,66,22245,34,177046
4087,0.000533,172.217.194.0-255,365,22610,34,177046
4088,0.000537,172.31.33.0-255,66,22676,34,177046
4089,0.000791,172.217.194.0-255,1484,24160,34,177046
4090,0.000795,172.31.33.0-255,66,24226,34,177046
4091,0.000802,172.217.194.0-255,2902,27128,34,177046
4092,0.000805,172.31.33.0-255,66,27194,34,177046
4093,0.000815,172.217.194.0-255,5738,32932,34,177046
4094,0.000818,172.31.33.0-255,66,32998,34,177046
4095,0.000853,172.31.33.0-255,66,33064,34,177046
4096,0.000885,172.31.33.0-255,66,33130,34,177046
4097,0.001077,172.217.194.0-255,1484,34614,34,177046
4098,0.001083,172.217.194.0-255,1484,36098,34,177046
4099,0.001086,172.31.33.0-255,66,36164,34,177046
4100,0.001115,172.217.194.0-255,1484,37648,34,177046
4101,0.001121,172.217.194.0-255,5738,43386,34,177046
4102,0.001123,172.31.33.0-255,66,43452,34,177046
4103,0.001129,172.217.194.0-255,5738,49190,34,177046
4104,0.001131,172.31.33.0-255,66,49256,34,177046
4105,0.001136,172.217.194.0-255,4320,53576,34,177046
4106,0.001138,172.31.33.0-255,66,53642,34,177046
4107,0.001178,172.31.33.0-255,66,53708,34,177046
4108,0.001184,172.217.194.0-255,5020,58728,34,177046
4109,0.001186,172.31.33.0-255,66,58794,34,177046
4110,0.001191,172.217.194.0-255,5738,64532,34,177046
4111,0.001193,172.31.33.0-255,66,64598,34,177046
4112,0.001226,172.217.194.0-255,1484,66082,34,177046
4113,0.001264,172.31.33.0-255,66,66148,34,177046
4114,0.001279,172.31.33.0-255,66,66214,34,177046
4115,0.001282,172.217.194.0-255,2184,68398,34,177046
4116,0.001285,172.31.33.0-255,66,68464,34,177046
4117,0.001482,172.217.194.0-255,1484,69948,34,177046
4118,0.001489,172.217.194.0-255,2902,72850,34,177046
4119,0.001492,172.31.33.0-255,66,72916,34,177046
4120,0.001496,172.217.194.0-255,2902,75818,34,177046
4121,0.001498,172.31.33.0-255,66,75884,34,177046
4122,0.001515,172.217.194.0-255,2902,78786,34,177046
4123,0.001517,172.31.33.0-255,66,78852,34,177046
4124,0.001522,172.217.194.0-255,4320,83172,34,177046
4125,0.001524,172.31.33.0-255,66,83238,34,177046
4126,0.001545,172.31.33.0-255,66,83304,34,177046
4127,0.001572,172.217.194.0-255,1484,84788,34,177046
4128,0.001599,172.31.33.0-255,66,84854,34,177046
4129,0.001761,172.217.194.0-255,1484,86338,34,177046
4130,0.001778,172.217.194.0-255,1484,87822,34,177046
4131,0.001779,172.31.33.0-255,66,87888,34,177046
4132,0.001802,172.217.194.0-255,1484,89372,34,177046
4133,0.001807,172.217.194.0-255,5738,95110,34,177046
4134,0.001809,172.31.33.0-255,66,95176,34,177046
4135,0.001821,172.217.194.0-255,5738,100914,34,177046
4136,0.001823,172.31.33.0-255,66,100980,34,177046
4137,0.001847,172.217.194.0-255,7156,108136,34,177046
4138,0.001849,172.31.33.0-255,66,108202,34,177046
4139,0.001858,172.31.33.0-255,66,108268,34,177046
4140,0.001901,172.217.194.0-255,1484,109752,34,177046
4141,0.001917,172.217.194.0-255,2902,112654,34,177046
4142,0.001919,172.31.33.0-255,66,112720,34,177046
4143,0.001937,172.217.194.0-255,5738,118458,34,177046
4144,0.001939,172.31.33.0-255,66,118524,34,177046
4145,0.001961,172.217.194.0-255,5738,124262,34,177046
4146,0.001963,172.31.33.0-255,66,124328,34,177046
4147,0.001995,172.217.194.0-255,4320,128648,34,177046
4148,0.001997,172.31.33.0-255,66,128714,34,177046
4149,0.002014,172.31.33.0-255,66,128780,34,177046
4150,0.002053,172.217.194.0-255,1484,130264,34,177046
4151,0.002055,172.217.194.0-255,1484,131748,34,177046
4152,0.002058,172.31.33.0-255,66,131814,34,177046
4153,0.002077,172.217.194.0-255,1484,133298,34,177046
4154,0.002082,172.217.194.0-255,4320,137618,34,177046
4155,0.002084,172.31.33.0-255,66,137684,34,177046
4156,0.002096,172.217.194.0-255,1484,139168,34,177046
4157,0.002104,172.217.194.0-255,7156,146324,34,177046
4158,0.002106,172.31.33.0-255,66,146390,34,177046
4159,0.002112,172.217.194.0-255,5738,152128,34,177046
4160,0.002114,172.31.33.0-255,66,152194,34,177046
4161,0.002142,172.31.33.0-255,66,152260,34,177046
4162,0.002145,172.217.194.0-255,2184,154444,34,177046
4163,0.002146,172.31.33.0-255,66,154510,34,177046
4164,0.00215,172.217.194.0-255,2902,157412,34,177046
4165,0.002151,172.31.33.0-255,66,157478,34,177046
4166,0.002177,172.217.194.0-255,7156,164634,34,177046
4167,0.002179,172.31.33.0-255,66,164700,34,177046
4168,0.002183,172.217.194.0-255,1484,166184,34,177046
4169,0.00221,172.217.194.0-255,7156,173340,34,177046
4170,0.002213,172.31.33.0-255,66,173406,34,177046
4171,0.002268,172.217.194.0-255,2902,176308,34,177046
4172,0.002271,172.31.33.0-255,66,176374,34,177046
4173,0.002298,172.31.33.0-255,66,176440,34,177046
4174,0.002309,172.31.33.0-255,66,176506,34,177046
4175,0.00232,172.31.33.0-255,66,176572,34,177046
4176,0.00236,172.31.33.0-255,66,176638,34,177046
4177,0.002371,172.31.33.0-255,66,176704,34,177046
4178,0.002373,172.217.194.0-255,105,176809,34,177046
4179,0.01353,172.31.33.0-255,66,176875,34,177046
4180,0.013563,172.31.33.0-255,105,176980,34,177046
4181,0.015872,172.217.194.0-255,66,177046,34,177046
4182,0.0,172.217.194.0-255,153,153,34,206170
4183,1.3e-05,172.31.33.0-255,66,219,34,206170
4184,1.7e-05,172.217.194.0-255,1484,1703,34,206170
4185,2.1e-05,172.31.33.0-255,66,1769,34,206170
4186,4.6e-05,172.217.194.0-255,2902,4671,34,206170
4187,5.3e-05,172.31.33.0-255,66,4737,34,206170
4188,5.7e-05,172.217.194.0-255,2902,7639,34,206170
4189,6e-05,172.31.33.0-255,66,7705,34,206170
4190,9.8e-05,172.217.194.0-255,1484,9189,34,206170
4191,0.0001,172.31.33.0-255,66,9255,34,206170
4192,0.000129,172.31.33.0-255,66,9321,34,206170
4193,0.00014,172.31.33.0-255,66,9387,34,206170
4194,0.000167,172.217.194.0-255,2902,12289,34,206170
4195,0.000169,172.31.33.0-255,66,12355,34,206170
4196,0.000184,172.217.194.0-255,2902,15257,34,206170
4197,0.000187,172.31.33.0-255,66,15323,34,206170
4198,0.000222,172.217.194.0-255,1484,16807,34,206170
4199,0.000227,172.31.33.0-255,66,16873,34,206170
4200,0.000229,172.31.33.0-255,66,16939,34,206170
4201,0.000252,172.31.33.0-255,66,17005,34,206170
4202,0.00028,172.217.194.0-255,4320,21325,34,206170
4203,0.000282,172.31.33.0-255,66,21391,34,206170
4204,0.000285,172.217.194.0-255,1417,22808,34,206170
4205,0.000287,172.31.33.0-255,66,22874,34,206170
4206,0.000289,172.217.194.0-255,100,22974,34,206170
4207,0.000291,172.31.33.0-255,66,23040,34,206170
4208,0.000412,172.217.194.0-255,1484,24524,34,206170
4209,0.000416,172.31.33.0-255,66,24590,34,206170
4210,0.000434,172.217.194.0-255,2902,27492,34,206170
4211,0.000437,172.31.33.0-255,66,27558,34,206170
4212,0.000443,172.217.194.0-255,5738,33296,34,206170
4213,0.000445,172.31.33.0-255,66,33362,34,206170
4214,0.000473,172.217.194.0-255,1484,34846,34,206170
4215,0.000499,172.31.33.0-255,66,34912,34,206170
4216,0.000522,172.217.194.0-255,4320,39232,34,206170
4217,0.000524,172.31.33.0-255,66,39298,34,206170
4218,0.000551,172.217.194.0-255,7156,46454,34,206170
4219,0.000554,172.31.33.0-255,66,46520,34,206170
4220,0.000558,172.217.194.0-255,2184,48704,34,206170
4221,0.00056,172.31.33.0-255,66,48770,34,206170
4222,0.000671,172.217.194.0-255,1484,50254,34,206170
4223,0.000698,172.217.194.0-255,1484,51738,34,206170
4224,0.000701,172.31.33.0-255,66,51804,34,206170
4225,0.00072,172.217.194.0-255,2902,54706,34,206170
4226,0.000723,172.31.33.0-255,66,54772,34,206170
4227,0.000725,172.217.194.0-255,1484,56256,34,206170
4228,0.000758,172.217.194.0-255,2902,59158,34,206170
4229,0.000761,172.31.33.0-255,66,59224,34,206170
4230,0.000786,172.217.194.0-255,2902,62126,34,206170
4231,0.000788,172.31.33.0-255,66,62192,34,206170
4232,0.000793,172.217.194.0-255,4320,66512,34,206170
4233,0.000795,172.31.33.0-255,66,66578,34,206170
4234,0.000813,172.217.194.0-255,2902,69480,34,206170
4235,0.000815,172.31.33.0-255,66,69546,34,206170
4236,0.000845,172.217.194.0-255,5738,75284,34,206170
4237,0.000848,172.31.33.0-255,66,75350,34,206170
4238,0.000869,172.217.194.0-255,1484,76834,34,206170
4239,0.000879,172.217.194.0-255,1484,78318,34,206170
4240,0.000881,172.31.33.0-255,66,78384,34,206170
4241,0.000893,172.217.194.0-255,5020,83404,34,206170
4242,0.000899,172.31.33.0-255,66,83470,34,206170
4243,0.001012,172.217.194.0-255,1484,84954,34,206170
4244,0.001057,172.217.194.0-255,2902,87856,34,206170
4245,0.00106,172.31.33.0-255,66,87922,34,206170
4246,0.001066,172.217.194.0-255,5738,93660,34,206170
4247,0.001067,172.31.33.0-255,66,93726,34,206170
4248,0.001082,172.31.33.0-255,66,93792,34,206170
4249,0.001115,172.217.194.0-255,1484,95276,34,206170
4250,0.001123,172.217.194.0-255,7156,102432,34,206170
4251,0.001125,172.31.33.0-255,66,102498,34,206170
4252,0.00113,172.217.194.0-255,3602,106100,34,206170
4253,0.001132,172.31.33.0-255,66,106166,34,206170
4254,0.001321,172.217.194.0-255,1484,107650,34,206170
4255,0.001327,172.217.194.0-255,2902,110552,34,206170
4256,0.00133,172.31.33.0-255,66,110618,34,206170
4257,0.001358,172.217.194.0-255,4320,114938,34,206170
4258,0.001361,172.31.33.0-255,66,115004,34,206170
4259,0.001366,172.217.194.0-255,5738,120742,34,206170
4260,0.001368,172.31.33.0-255,66,120808,34,206170
4261,0.001405,172.31.33.0-255,66,120874,34,206170
4262,0.001454,172.31.33.0-255,66,120940,34,206170
4263,0.00147,172.217.194.0-255,766,121706,34,206170
4264,0.001474,172.217.194.0-255,2902,124608,34,206170
4265,0.001477,172.31.33.0-255,66,124674,34,206170
4266,0.001502,172.217.194.0-255,7156,131830,34,206170
4267,0.001505,172.31.33.0-255,66,131896,34,206170
4268,0.001527,172.217.194.0-255,1484,133380,34,206170
4269,0.001543,172.217.194.0-255,7156,140536,34,206170
4270,0.001545,172.31.33.0-255,66,140602,34,206170
4271,0.001577,172.31.33.0-255,66,140668,34,206170
4272,0.001592,172.217.194.0-255,766,141434,34,206170
4273,0.001603,172.217.194.0-255,1484,142918,34,206170
4274,0.001605,172.31.33.0-255,66,142984,34,206170
4275,0.001609,172.217.194.0-255,2902,145886,34,206170
4276,0.001611,172.31.33.0-255,66,145952,34,206170
4277,0.001632,172.217.194.0-255,5738,151690,34,206170
4278,0.001634,172.31.33.0-255,66,151756,34,206170
4279,0.001649,172.217.194.0-255,7156,158912,34,206170
4280,0.001651,172.31.33.0-255,66,158978,34,206170
4281,0.001674,172.217.194.0-255,1484,160462,34,206170
4282,0.001679,172.217.194.0-255,4320,164782,34,206170
4283,0.001683,172.31.33.0-255,66,164848,34,206170
4284,0.001704,172.31.33.0-255,66,164914,34,206170
4285,0.001741,172.217.194.0-255,1484,166398,34,206170
4286,0.001752,172.217.194.0-255,2902,169300,34,206170
4287,0.001755,172.31.33.0-255,66,169366,34,206170
4288,0.001774,172.217.194.0-255,2902,172268,34,206170
4289,0.001776,172.31.33.0-255,66,172334,34,206170
4290,0.001801,172.217.194.0-255,2902,175236,34,206170
4291,0.001803,172.31.33.0-255,66,175302,34,206170
4292,0.001813,172.31.33.0-255,66,175368,34,206170
4293,0.001842,172.217.194.0-255,4320,179688,34,206170
4294,0.001856,172.31.33.0-255,66,179754,34,206170
4295,0.00186,172.31.33.0-255,66,179820,34,206170
4296,0.001879,172.217.194.0-255,1484,181304,34,206170
4297,0.001892,172.31.33.0-255,66,181370,34,206170
4298,0.001919,172.31.33.0-255,66,181436,34,206170
4299,0.00197,172.31.33.0-255,66,181502,34,206170
4300,0.001983,172.217.194.0-255,2184,183686,34,206170
4301,0.001988,172.31.33.0-255,66,183752,34,206170
4302,0.001994,172.217.194.0-255,5738,189490,34,206170
4303,0.001996,172.31.33.0-255,66,189556,34,206170
4304,0.002026,172.31.33.0-255,66,189622,34,206170
4305,0.002037,172.31.33.0-255,66,189688,34,206170
4306,0.002056,172.217.194.0-255,1484,191172,34,206170
4307,0.002075,172.217.194.0-255,4320,195492,34,206170
4308,0.002078,172.31.33.0-255,66,195558,34,206170
4309,0.002114,172.31.33.0-255,66,195624,34,206170
4310,0.002141,172.217.194.0-255,2902,198526,34,206170
4311,0.002145,172.31.33.0-255,66,198592,34,206170
4312,0.002185,172.31.33.0-255,66,198658,34,206170
4313,0.002211,172.217.194.0-255,105,198763,34,206170
4314,0.004487,172.31.33.0-255,66,198829,34,206170
4315,0.004524,172.31.33.0-255,105,198934,34,206170
4316,0.006854,172.217.194.0-255,66,199000,34,206170
4317,0.036686,172.31.33.0-255,176,199176,34,206170
4318,0.036713,172.31.33.0-255,1113,200289,34,206170
4319,0.036793,172.31.33.0-255,1514,201803,34,206170
4320,0.036814,172.31.33.0-255,1514,203317,34,206170
4321,0.036815,172.31.33.0-255,1514,204831,34,206170
4322,0.036835,172.31.33.0-255,1075,205906,34,206170
4323,0.038235,104.244.42.0-255,66,205972,34,206170
4324,0.038267,104.244.42.0-255,66,206038,34,206170
4325,0.03834,104.244.42.0-255,66,206104,34,206170
4326,0.038444,104.244.42.0-255,66,206170,34,206170
4327,0.0,172.31.33.0-255,105,105,34,342
4328,0.002221,172.217.194.0-255,66,171,34,342
4329,0.002269,172.217.194.0-255,105,276,34,342
4330,0.002272,172.31.33.0-255,66,342,34,342
4331,0.0,74.125.24.0-255,150,150,34,211104
4332,1.9e-05,172.31.33.0-255,66,216,34,211104
4333,2.6e-05,74.125.24.0-255,1484,1700,34,211104
4334,3.1e-05,172.31.33.0-255,66,1766,34,211104
4335,4.4e-05,74.125.24.0-255,2902,4668,34,211104
4336,4.7e-05,172.31.33.0-255,66,4734,34,211104
4337,5.4e-05,74.125.24.0-255,5738,10472,34,211104
4338,5.7e-05,172.31.33.0-255,66,10538,34,211104
4339,7.6e-05,74.125.24.0-255,3472,14010,34,211104
4340,8.3e-05,172.31.33.0-255,66,14076,34,211104
4341,0.000217,74.125.24.0-255,1484,15560,34,211104
4342,0.000222,172.31.33.0-255,66,15626,34,211104
4343,0.000228,74.125.24.0-255,2902,18528,34,211104
4344,0.00023,172.31.33.0-255,66,18594,34,211104
4345,0.00027,74.125.24.0-255,5738,24332,34,211104
4346,0.000273,172.31.33.0-255,66,24398,34,211104
4347,0.00028,74.125.24.0-255,6797,31195,34,211104
4348,0.000282,172.31.33.0-255,66,31261,34,211104
4349,0.000323,74.125.24.0-255,4320,35581,34,211104
4350,0.000326,172.31.33.0-255,66,35647,34,211104
4351,0.000356,74.125.24.0-255,4320,39967,34,211104
4352,0.00036,172.31.33.0-255,66,40033,34,211104
4353,0.000386,172.31.33.0-255,66,40099,34,211104
4354,0.000417,172.31.33.0-255,66,40165,34,211104
4355,0.000428,172.31.33.0-255,66,40231,34,211104
4356,0.000463,74.125.24.0-255,110,40341,34,211104
4357,0.000466,172.31.33.0-255,66,40407,34,211104
4358,0.000625,74.125.24.0-255,1484,41891,34,211104
4359,0.00063,172.31.33.0-255,66,41957,34,211104
4360,0.000636,74.125.24.0-255,2902,44859,34,211104
4361,0.000639,172.31.33.0-255,66,44925,34,211104
4362,0.000651,74.125.24.0-255,5738,50663,34,211104
4363,0.000654,172.31.33.0-255,66,50729,34,211104
4364,0.000695,172.31.33.0-255,66,50795,34,211104
4365,0.000709,172.31.33.0-255,66,50861,34,211104
4366,0.000712,74.125.24.0-255,1484,52345,34,211104
4367,0.00074,74.125.24.0-255,2786,55131,34,211104
4368,0.000743,172.31.33.0-255,66,55197,34,211104
4369,0.001167,74.125.24.0-255,1484,56681,34,211104
4370,0.001174,74.125.24.0-255,2902,59583,34,211104
4371,0.001178,172.31.33.0-255,66,59649,34,211104
4372,0.001186,74.125.24.0-255,5738,65387,34,211104
4373,0.001187,172.31.33.0-255,66,65453,34,211104
4374,0.001225,172.31.33.0-255,66,65519,34,211104
4375,0.001255,74.125.24.0-255,4320,69839,34,211104
4376,0.001258,172.31.33.0-255,66,69905,34,211104
4377,0.001265,74.125.24.0-255,7156,77061,34,211104
4378,0.001269,172.31.33.0-255,66,77127,34,211104
4379,0.001279,74.125.24.0-255,3602,80729,34,211104
4380,0.001281,172.31.33.0-255,66,80795,34,211104
4381,0.002048,74.125.24.0-255,1484,82279,34,211104
4382,0.002054,74.125.24.0-255,2902,85181,34,211104
4383,0.002057,172.31.33.0-255,66,85247,34,211104
4384,0.002061,74.125.24.0-255,2902,88149,34,211104
4385,0.002062,172.31.33.0-255,66,88215,34,211104
4386,0.002091,74.125.24.0-255,2902,91117,34,211104
4387,0.002093,172.31.33.0-255,66,91183,34,211104
4388,0.002099,74.125.24.0-255,4320,95503,34,211104
4389,0.002101,172.31.33.0-255,66,95569,34,211104
4390,0.002135,74.125.24.0-255,7156,102725,34,211104
4391,0.002137,172.31.33.0-255,66,102791,34,211104
4392,0.002153,172.31.33.0-255,66,102857,34,211104
4393,0.002156,74.125.24.0-255,1484,104341,34,211104
4394,0.002213,74.125.24.0-255,2902,107243,34,211104
4395,0.002216,172.31.33.0-255,66,107309,34,211104
4396,0.002222,74.125.24.0-255,5738,113047,34,211104
4397,0.002224,172.31.33.0-255,66,113113,34,211104
4398,0.002228,74.125.24.0-255,4320,117433,34,211104
4399,0.00223,172.31.33.0-255,66,117499,34,211104
4400,0.002241,172.31.33.0-255,66,117565,34,211104
4401,0.002244,74.125.24.0-255,1484,119049,34,211104
4402,0.002273,74.125.24.0-255,6438,125487,34,211104
4403,0.002275,172.31.33.0-255,66,125553,34,211104
4404,0.004809,74.125.24.0-255,5738,131291,34,211104
4405,0.004814,172.31.33.0-255,66,131357,34,211104
4406,0.007345,74.125.24.0-255,5738,137095,34,211104
4407,0.007352,172.31.33.0-255,66,137161,34,211104
4408,0.00991,74.125.24.0-255,5738,142899,34,211104
4409,0.00992,172.31.33.0-255,66,142965,34,211104
4410,0.012451,74.125.24.0-255,5738,148703,34,211104
4411,0.012459,172.31.33.0-255,66,148769,34,211104
4412,0.014992,74.125.24.0-255,5738,154507,34,211104
4413,0.015003,172.31.33.0-255,66,154573,34,211104
4414,0.017546,74.125.24.0-255,5738,160311,34,211104
4415,0.017554,172.31.33.0-255,66,160377,34,211104
4416,0.020081,74.125.24.0-255,5738,166115,34,211104
4417,0.020091,172.31.33.0-255,66,166181,34,211104
4418,0.022033,172.31.33.0-255,176,166357,34,211104
4419,0.022061,172.31.33.0-255,1113,167470,34,211104
4420,0.022116,172.31.33.0-255,1514,168984,34,211104
4421,0.022118,172.31.33.0-255,1294,170278,34,211104
4422,0.022625,74.125.24.0-255,5738,176016,34,211104
4423,0.022631,172.31.33.0-255,66,176082,34,211104
4424,0.023563,104.244.42.0-255,66,176148,34,211104
4425,0.023603,104.244.42.0-255,66,176214,34,211104
4426,0.023635,104.244.42.0-255,66,176280,34,211104
4427,0.02522,74.125.24.0-255,5738,182018,34,211104
4428,0.025241,172.31.33.0-255,66,182084,34,211104
4429,0.027796,74.125.24.0-255,5738,187822,34,211104
4430,0.027818,172.31.33.0-255,66,187888,34,211104
4431,0.030388,74.125.24.0-255,5738,193626,34,211104
4432,0.030407,172.31.33.0-255,66,193692,34,211104
4433,0.032982,74.125.24.0-255,5738,199430,34,211104
4434,0.033003,172.31.33.0-255,66,199496,34,211104
4435,0.035562,74.125.24.0-255,5738,205234,34,211104
4436,0.035584,172.31.33.0-255,66,205300,34,211104
4437,0.038162,74.125.24.0-255,5738,211038,34,211104
4438,0.038182,172.31.33.0-255,66,211104,34,211104
4439,0.0,74.125.68.0-255,143,143,34,373683
4440,2.4e-05,172.31.33.0-255,66,209,34,373683
4441,3e-05,74.125.68.0-255,1484,1693,34,373683
4442,3.5e-05,172.31.33.0-255,66,1759,34,373683
4443,3.8e-05,74.125.68.0-255,1484,3243,34,373683
4444,4e-05,172.31.33.0-255,66,3309,34,373683
4445,6.4e-05,74.125.68.0-255,1484,4793,34,373683
4446,6.7e-05,172.31.33.0-255,66,4859,34,373683
4447,7.3e-05,74.125.68.0-255,5738,10597,34,373683
4448,7.6e-05,172.31.33.0-255,66,10663,34,373683
4449,8.2e-05,74.125.68.0-255,3438,14101,34,373683
4450,8.5e-05,172.31.33.0-255,66,14167,34,373683
4451,0.000126,74.125.68.0-255,4320,18487,34,373683
4452,0.000129,172.31.33.0-255,66,18553,34,373683
4453,0.000132,74.125.68.0-255,1484,20037,34,373683
4454,0.000134,172.31.33.0-255,66,20103,34,373683
4455,0.000165,74.125.68.0-255,2902,23005,34,373683
4456,0.000168,172.31.33.0-255,66,23071,34,373683
4457,0.000172,74.125.68.0-255,2902,25973,34,373683
4458,0.000174,172.31.33.0-255,66,26039,34,373683
4459,0.000187,74.125.68.0-255,2902,28941,34,373683
4460,0.000191,172.31.33.0-255,66,29007,34,373683
4461,0.00023,74.125.68.0-255,2543,31550,34,373683
4462,0.000234,172.31.33.0-255,66,31616,34,373683
4463,0.000368,74.125.68.0-255,1484,33100,34,373683
4464,0.000377,172.31.33.0-255,66,33166,34,373683
4465,0.000387,74.125.68.0-255,1484,34650,34,373683
4466,0.000389,172.31.33.0-255,66,34716,34,373683
4467,0.000393,74.125.68.0-255,2902,37618,34,373683
4468,0.000395,172.31.33.0-255,66,37684,34,373683
4469,0.000412,74.125.68.0-255,1484,39168,34,373683
4470,0.000414,172.31.33.0-255,66,39234,34,373683
4471,0.000441,74.125.68.0-255,4320,43554,34,373683
4472,0.000444,172.31.33.0-255,66,43620,34,373683
4473,0.000446,74.125.68.0-255,1484,45104,34,373683
4474,0.00045,74.125.68.0-255,2902,48006,34,373683
4475,0.000453,172.31.33.0-255,66,48072,34,373683
4476,0.000475,74.125.68.0-255,6797,54869,34,373683
4477,0.000477,172.31.33.0-255,66,54935,34,373683
4478,0.000482,74.125.68.0-255,2902,57837,34,373683
4479,0.000483,172.31.33.0-255,66,57903,34,373683
4480,0.0005,74.125.68.0-255,1484,59387,34,373683
4481,0.000514,74.125.68.0-255,4320,63707,34,373683
4482,0.000518,172.31.33.0-255,66,63773,34,373683
4483,0.000531,74.125.68.0-255,1484,65257,34,373683
4484,0.000534,74.125.68.0-255,1125,66382,34,373683
4485,0.000538,172.31.33.0-255,66,66448,34,373683
4486,0.000673,74.125.68.0-255,393,66841,34,373683
4487,0.000725,74.125.68.0-255,350,67191,34,373683
4488,0.000816,74.125.68.0-255,1484,68675,34,373683
4489,0.000821,172.31.33.0-255,66,68741,34,373683
4490,0.000825,74.125.68.0-255,1484,70225,34,373683
4491,0.000844,74.125.68.0-255,1484,71709,34,373683
4492,0.000848,172.31.33.0-255,66,71775,34,373683
4493,0.000854,74.125.68.0-255,4320,76095,34,373683
4494,0.000856,172.31.33.0-255,66,76161,34,373683
4495,0.000894,74.125.68.0-255,2902,79063,34,373683
4496,0.000899,172.31.33.0-255,66,79129,34,373683
4497,0.000903,74.125.68.0-255,2902,82031,34,373683
4498,0.000905,172.31.33.0-255,66,82097,34,373683
4499,0.000918,74.125.68.0-255,1484,83581,34,373683
4500,0.000935,74.125.68.0-255,576,84157,34,373683
4501,0.000937,172.31.33.0-255,66,84223,34,373683
4502,0.001283,74.125.68.0-255,1484,85707,34,373683
4503,0.001288,74.125.68.0-255,1484,87191,34,373683
4504,0.001291,172.31.33.0-255,66,87257,34,373683
4505,0.001306,74.125.68.0-255,2902,90159,34,373683
4506,0.001308,172.31.33.0-255,66,90225,34,373683
4507,0.001335,74.125.68.0-255,5738,95963,34,373683
4508,0.001337,172.31.33.0-255,66,96029,34,373683
4509,0.001341,74.125.68.0-255,2902,98931,34,373683
4510,0.001343,172.31.33.0-255,66,98997,34,373683
4511,0.001347,74.125.68.0-255,2902,101899,34,373683
4512,0.001349,172.31.33.0-255,66,101965,34,373683
4513,0.001373,74.125.68.0-255,1484,103449,34,373683
4514,0.001384,172.31.33.0-255,66,103515,34,373683
4515,0.001388,74.125.68.0-255,2902,106417,34,373683
4516,0.00139,172.31.33.0-255,66,106483,34,373683
4517,0.001406,74.125.68.0-255,2902,109385,34,373683
4518,0.001408,172.31.33.0-255,66,109451,34,373683
4519,0.001431,74.125.68.0-255,766,110217,34,373683
4520,0.001691,172.31.33.0-255,66,110283,34,373683
4521,0.001955,74.125.68.0-255,1484,111767,34,373683
4522,0.001963,74.125.68.0-255,2902,114669,34,373683
4523,0.001967,172.31.33.0-255,66,114735,34,373683
4524,0.001989,74.125.68.0-255,5738,120473,34,373683
4525,0.001992,172.31.33.0-255,66,120539,34,373683
4526,0.001995,74.125.68.0-255,1484,122023,34,373683
4527,0.002012,74.125.68.0-255,4320,126343,34,373683
4528,0.002014,172.31.33.0-255,66,126409,34,373683
4529,0.002022,74.125.68.0-255,2902,129311,34,373683
4530,0.002023,172.31.33.0-255,66,129377,34,373683
4531,0.002039,74.125.68.0-255,4320,133697,34,373683
4532,0.002042,172.31.33.0-255,66,133763,34,373683
4533,0.002049,74.125.68.0-255,5738,139501,34,373683
4534,0.002073,172.31.33.0-255,66,139567,34,373683
4535,0.002096,74.125.68.0-255,5020,144587,34,373683
4536,0.0021,172.31.33.0-255,66,144653,34,373683
4537,0.002247,74.125.68.0-255,1484,146137,34,373683
4538,0.002262,74.125.68.0-255,2902,149039,34,373683
4539,0.002266,172.31.33.0-255,66,149105,34,373683
4540,0.002281,74.125.68.0-255,1484,150589,34,373683
4541,0.002307,74.125.68.0-255,2902,153491,34,373683
4542,0.00231,172.31.33.0-255,66,153557,34,373683
4543,0.002322,74.125.68.0-255,2902,156459,34,373683
4544,0.002325,172.31.33.0-255,66,156525,34,373683
4545,0.002328,74.125.68.0-255,1484,158009,34,373683
4546,0.002331,74.125.68.0-255,1484,159493,34,373683
4547,0.002332,172.31.33.0-255,66,159559,34,373683
4548,0.002351,74.125.68.0-255,4320,163879,34,373683
4549,0.002354,172.31.33.0-255,66,163945,34,373683
4550,0.002373,74.125.68.0-255,1484,165429,34,373683
4551,0.002376,74.125.68.0-255,1484,166913,34,373683
4552,0.002378,172.31.33.0-255,66,166979,34,373683
4553,0.002382,74.125.68.0-255,1484,168463,34,373683
4554,0.002384,74.125.68.0-255,1484,169947,34,373683
4555,0.002386,172.31.33.0-255,66,170013,34,373683
4556,0.002409,74.125.68.0-255,2902,172915,34,373683
4557,0.002412,172.31.33.0-255,66,172981,34,373683
4558,0.002415,74.125.68.0-255,1484,174465,34,373683
4559,0.00243,74.125.68.0-255,2902,177367,34,373683
4560,0.002432,172.31.33.0-255,66,177433,34,373683
4561,0.002436,74.125.68.0-255,2184,179617,34,373683
4562,0.002438,172.31.33.0-255,66,179683,34,373683
4563,0.00252,74.125.68.0-255,1484,181167,34,373683
4564,0.002551,74.125.68.0-255,2902,184069,34,373683
4565,0.002556,172.31.33.0-255,66,184135,34,373683
4566,0.002565,74.125.68.0-255,2902,187037,34,373683
4567,0.002568,172.31.33.0-255,66,187103,34,373683
4568,0.00258,74.125.68.0-255,1484,188587,34,373683
4569,0.002618,74.125.68.0-255,4320,192907,34,373683
4570,0.00262,172.31.33.0-255,66,192973,34,373683
4571,0.002638,74.125.68.0-255,1484,194457,34,373683
4572,0.002641,74.125.68.0-255,1484,195941,34,373683
4573,0.002643,172.31.33.0-255,66,196007,34,373683
4574,0.002654,172.31.33.0-255,66,196073,34,373683
4575,0.002656,74.125.68.0-255,1484,197557,34,373683
4576,0.002659,74.125.68.0-255,1484,199041,34,373683
4577,0.002661,172.31.33.0-255,66,199107,34,373683
4578,0.002665,74.125.68.0-255,2902,202009,34,373683
4579,0.002668,172.31.33.0-255,66,202075,34,373683
4580,0.00267,74.125.68.0-255,1484,203559,34,373683
4581,0.002689,74.125.68.0-255,1484,205043,34,373683
4582,0.002692,172.31.33.0-255,66,205109,34,373683
4583,0.002694,74.125.68.0-255,766,205875,34,373683
4584,0.00273,74.125.68.0-255,1484,207359,34,373683
4585,0.002733,172.31.33.0-255,66,207425,34,373683
4586,0.002738,74.125.68.0-255,4320,211745,34,373683
4587,0.00274,172.31.33.0-255,66,211811,34,373683
4588,0.002758,74.125.68.0-255,1484,213295,34,373683
4589,0.002779,74.125.68.0-255,2902,216197,34,373683
4590,0.002783,172.31.33.0-255,66,216263,34,373683
4591,0.002787,74.125.68.0-255,2902,219165,34,373683
4592,0.002789,172.31.33.0-255,66,219231,34,373683
4593,0.002801,74.125.68.0-255,2902,222133,34,373683
4594,0.002804,172.31.33.0-255,66,222199,34,373683
4595,0.002808,74.125.68.0-255,2902,225101,34,373683
4596,0.00281,172.31.33.0-255,66,225167,34,373683
4597,0.002814,74.125.68.0-255,2902,228069,34,373683
4598,0.002816,172.31.33.0-255,66,228135,34,373683
4599,0.002837,74.125.68.0-255,1484,229619,34,373683
4600,0.002849,74.125.68.0-255,7156,236775,34,373683
4601,0.002852,172.31.33.0-255,66,236841,34,373683
4602,0.00287,74.125.68.0-255,1484,238325,34,373683
4603,0.002875,74.125.68.0-255,2184,240509,34,373683
4604,0.002877,172.31.33.0-255,66,240575,34,373683
4605,0.003057,74.125.68.0-255,1484,242059,34,373683
4606,0.003072,74.125.68.0-255,2902,244961,34,373683
4607,0.003075,172.31.33.0-255,66,245027,34,373683
4608,0.003096,74.125.68.0-255,5738,250765,34,373683
4609,0.003098,74.125.68.0-255,1484,252249,34,373683
4610,0.003108,172.31.33.0-255,66,252315,34,373683
4611,0.003112,74.125.68.0-255,1484,253799,34,373683
4612,0.003114,172.31.33.0-255,66,253865,34,373683
4613,0.003127,74.125.68.0-255,1484,255349,34,373683
4614,0.00313,74.125.68.0-255,1484,256833,34,373683
4615,0.003132,172.31.33.0-255,66,256899,34,373683
4616,0.003167,74.125.68.0-255,7156,264055,34,373683
4617,0.00317,172.31.33.0-255,66,264121,34,373683
4618,0.003188,74.125.68.0-255,1484,265605,34,373683
4619,0.003195,74.125.68.0-255,5738,271343,34,373683
4620,0.003197,172.31.33.0-255,66,271409,34,373683
4621,0.003214,74.125.68.0-255,3602,275011,34,373683
4622,0.003219,172.31.33.0-255,66,275077,34,373683
4623,0.003334,74.125.68.0-255,1484,276561,34,373683
4624,0.003352,74.125.68.0-255,2902,279463,34,373683
4625,0.003355,172.31.33.0-255,66,279529,34,373683
4626,0.003373,74.125.68.0-255,4320,283849,34,373683
4627,0.003375,172.31.33.0-255,66,283915,34,373683
4628,0.00338,74.125.68.0-255,4320,288235,34,373683
4629,0.003382,172.31.33.0-255,66,288301,34,373683
4630,0.003399,74.125.68.0-255,1484,289785,34,373683
4631,0.003403,74.125.68.0-255,2902,292687,34,373683
4632,0.003405,172.31.33.0-255,66,292753,34,373683
4633,0.003436,172.31.33.0-255,66,292819,34,373683
4634,0.003441,74.125.68.0-255,4320,297139,34,373683
4635,0.003443,172.31.33.0-255,66,297205,34,373683
4636,0.003469,74.125.68.0-255,3602,300807,34,373683
4637,0.003472,172.31.33.0-255,66,300873,34,373683
4638,0.004202,74.125.68.0-255,1484,302357,34,373683
4639,0.004221,74.125.68.0-255,1484,303841,34,373683
4640,0.004224,172.31.33.0-255,66,303907,34,373683
4641,0.004227,74.125.68.0-255,1484,305391,34,373683
4642,0.004252,74.125.68.0-255,4320,309711,34,373683
4643,0.004255,172.31.33.0-255,66,309777,34,373683
4644,0.004258,74.125.68.0-255,1484,311261,34,373683
4645,0.004276,74.125.68.0-255,2902,314163,34,373683
4646,0.004278,172.31.33.0-255,66,314229,34,373683
4647,0.004281,74.125.68.0-255,1484,315713,34,373683
4648,0.004285,74.125.68.0-255,2902,318615,34,373683
4649,0.004287,172.31.33.0-255,66,318681,34,373683
4650,0.004302,74.125.68.0-255,1484,320165,34,373683
4651,0.004312,74.125.68.0-255,1484,321649,34,373683
4652,0.004314,172.31.33.0-255,66,321715,34,373683
4653,0.004327,74.125.68.0-255,2902,324617,34,373683
4654,0.004329,172.31.33.0-255,66,324683,34,373683
4655,0.004343,74.125.68.0-255,1484,326167,34,373683
4656,0.004357,74.125.68.0-255,2902,329069,34,373683
4657,0.004359,172.31.33.0-255,66,329135,34,373683
4658,0.004378,74.125.68.0-255,2902,332037,34,373683
4659,0.00438,172.31.33.0-255,66,332103,34,373683
4660,0.004401,74.125.68.0-255,3602,335705,34,373683
4661,0.004404,172.31.33.0-255,66,335771,34,373683
4662,0.00441,74.125.68.0-255,7156,342927,34,373683
4663,0.004412,172.31.33.0-255,66,342993,34,373683
4664,0.004429,74.125.68.0-255,2902,345895,34,373683
4665,0.004431,172.31.33.0-255,66,345961,34,373683
4666,0.004449,74.125.68.0-255,7156,353117,34,373683
4667,0.004452,172.31.33.0-255,66,353183,34,373683
4668,0.004457,74.125.68.0-255,2902,356085,34,373683
4669,0.004458,172.31.33.0-255,66,356151,34,373683
4670,0.004484,172.31.33.0-255,66,356217,34,373683
4671,0.00449,74.125.68.0-255,5020,361237,34,373683
4672,0.004492,172.31.33.0-255,66,361303,34,373683
4673,0.004533,74.125.68.0-255,1484,362787,34,373683
4674,0.004535,74.125.68.0-255,1484,364271,34,373683
4675,0.004539,172.31.33.0-255,66,364337,34,373683
4676,0.004554,74.125.68.0-255,1484,365821,34,373683
4677,0.004568,74.125.68.0-255,1484,367305,34,373683
4678,0.00457,172.31.33.0-255,66,367371,34,373683
4679,0.004575,74.125.68.0-255,2902,370273,34,373683
4680,0.004577,172.31.33.0-255,66,370339,34,373683
4681,0.004591,74.125.68.0-255,2839,373178,34,373683
4682,0.004593,172.31.33.0-255,66,373244,34,373683
4683,0.004596,74.125.68.0-255,97,373341,34,373683
4684,0.004683,74.125.68.0-255,105,373446,34,373683
4685,0.005191,172.31.33.0-255,66,373512,34,373683
4686,0.005227,172.31.33.0-255,105,373617,34,373683
4687,0.007413,74.125.68.0-255,66,373683,34,373683
4688,0.0,74.125.24.0-255,153,153,34,260543
4689,3e-05,172.31.33.0-255,66,219,34,260543
4690,3.6e-05,74.125.24.0-255,1484,1703,34,260543
4691,4e-05,172.31.33.0-255,66,1769,34,260543
4692,4.4e-05,74.125.24.0-255,2902,4671,34,260543
4693,4.7e-05,172.31.33.0-255,66,4737,34,260543
4694,4.9e-05,74.125.24.0-255,1484,6221,34,260543
4695,5.1e-05,172.31.33.0-255,66,6287,34,260543
4696,6e-05,74.125.24.0-255,5738,12025,34,260543
4697,6.4e-05,172.31.33.0-255,66,12091,34,260543
4698,9.9e-05,74.125.24.0-255,2017,14108,34,260543
4699,0.000101,172.31.33.0-255,66,14174,34,260543
4700,0.000118,74.125.24.0-255,2902,17076,34,260543
4701,0.00012,172.31.33.0-255,66,17142,34,260543
4702,0.000123,74.125.24.0-255,1484,18626,34,260543
4703,0.000125,172.31.33.0-255,66,18692,34,260543
4704,0.000148,74.125.24.0-255,5738,24430,34,260543
4705,0.000151,172.31.33.0-255,66,24496,34,260543
4706,0.000181,74.125.24.0-255,6797,31293,34,260543
4707,0.000183,172.31.33.0-255,66,31359,34,260543
4708,0.000434,74.125.24.0-255,1484,32843,34,260543
4709,0.000439,74.125.24.0-255,2902,35745,34,260543
4710,0.000447,172.31.33.0-255,66,35811,34,260543
4711,0.000451,172.31.33.0-255,66,35877,34,260543
4712,0.000465,74.125.24.0-255,2902,38779,34,260543
4713,0.000468,172.31.33.0-255,66,38845,34,260543
4714,0.000489,74.125.24.0-255,2902,41747,34,260543
4715,0.000492,172.31.33.0-255,66,41813,34,260543
4716,0.000498,74.125.24.0-255,4320,46133,34,260543
4717,0.000499,172.31.33.0-255,66,46199,34,260543
4718,0.000512,74.125.24.0-255,2543,48742,34,260543
4719,0.000515,172.31.33.0-255,66,48808,34,260543
4720,0.000533,74.125.24.0-255,4320,53128,34,260543
4721,0.000536,172.31.33.0-255,66,53194,34,260543
4722,0.000564,172.31.33.0-255,66,53260,34,260543
4723,0.000568,74.125.24.0-255,2543,55803,34,260543
4724,0.00057,172.31.33.0-255,66,55869,34,260543
4725,0.000573,74.125.24.0-255,366,56235,34,260543
4726,0.000654,74.125.24.0-255,127,56362,34,260543
4727,0.000777,172.31.33.0-255,66,56428,34,260543
4728,0.000929,74.125.24.0-255,1484,57912,34,260543
4729,0.000937,74.125.24.0-255,2902,60814,34,260543
4730,0.00094,172.31.33.0-255,66,60880,34,260543
4731,0.000946,74.125.24.0-255,4320,65200,34,260543
4732,0.000948,172.31.33.0-255,66,65266,34,260543
4733,0.00096,74.125.24.0-255,1484,66750,34,260543
4734,0.000966,74.125.24.0-255,5738,72488,34,260543
4735,0.000968,172.31.33.0-255,66,72554,34,260543
4736,0.000988,74.125.24.0-255,2902,75456,34,260543
4737,0.00099,172.31.33.0-255,66,75522,34,260543
4738,0.001016,172.31.33.0-255,66,75588,34,260543
4739,0.001021,74.125.24.0-255,3961,79549,34,260543
4740,0.001023,172.31.33.0-255,66,79615,34,260543
4741,0.001695,74.125.24.0-255,347,79962,34,260543
4742,0.001732,74.125.24.0-255,1484,81446,34,260543
4743,0.001736,172.31.33.0-255,66,81512,34,260543
4744,0.001766,74.125.24.0-255,1484,82996,34,260543
4745,0.001779,74.125.24.0-255,2902,85898,34,260543
4746,0.001781,172.31.33.0-255,66,85964,34,260543
4747,0.001785,74.125.24.0-255,4320,90284,34,260543
4748,0.001787,172.31.33.0-255,66,90350,34,260543
4749,0.001792,74.125.24.0-255,5738,96088,34,260543
4750,0.001794,172.31.33.0-255,66,96154,34,260543
4751,0.001821,172.31.33.0-255,66,96220,34,260543
4752,0.001824,74.125.24.0-255,2902,99122,34,260543
4753,0.001826,172.31.33.0-255,66,99188,34,260543
4754,0.001841,74.125.24.0-255,3602,102790,34,260543
4755,0.001842,172.31.33.0-255,66,102856,34,260543
4756,0.001862,74.125.24.0-255,2902,105758,34,260543
4757,0.001864,172.31.33.0-255,66,105824,34,260543
4758,0.001882,74.125.24.0-255,4320,110144,34,260543
4759,0.001884,172.31.33.0-255,66,110210,34,260543
4760,0.001889,74.125.24.0-255,5738,115948,34,260543
4761,0.00189,172.31.33.0-255,66,116014,34,260543
4762,0.001901,74.125.24.0-255,2902,118916,34,260543
4763,0.001903,172.31.33.0-255,66,118982,34,260543
4764,0.001906,74.125.24.0-255,1484,120466,34,260543
4765,0.001921,74.125.24.0-255,7156,127622,34,260543
4766,0.001923,172.31.33.0-255,66,127688,34,260543
4767,0.001945,172.31.33.0-255,66,127754,34,260543
4768,0.001948,74.125.24.0-255,766,128520,34,260543
4769,0.00211,74.125.24.0-255,1484,130004,34,260543
4770,0.002112,172.31.33.0-255,66,130070,34,260543
4771,0.002131,74.125.24.0-255,2902,132972,34,260543
4772,0.002133,172.31.33.0-255,66,133038,34,260543
4773,0.002136,74.125.24.0-255,2902,135940,34,260543
4774,0.002138,172.31.33.0-255,66,136006,34,260543
4775,0.00215,74.125.24.0-255,2902,138908,34,260543
4776,0.002152,172.31.33.0-255,66,138974,34,260543
4777,0.002188,172.31.33.0-255,66,139040,34,260543
4778,0.002204,74.125.24.0-255,4320,143360,34,260543
4779,0.002206,172.31.33.0-255,66,143426,34,260543
4780,0.00221,74.125.24.0-255,2902,146328,34,260543
4781,0.002211,172.31.33.0-255,66,146394,34,260543
4782,0.002234,74.125.24.0-255,2902,149296,34,260543
4783,0.002236,172.31.33.0-255,66,149362,34,260543
4784,0.002253,74.125.24.0-255,5020,154382,34,260543
4785,0.002255,172.31.33.0-255,66,154448,34,260543
4786,0.00309,74.125.24.0-255,1484,155932,34,260543
4787,0.003095,74.125.24.0-255,2902,158834,34,260543
4788,0.003098,172.31.33.0-255,66,158900,34,260543
4789,0.003111,74.125.24.0-255,4320,163220,34,260543
4790,0.003113,172.31.33.0-255,66,163286,34,260543
4791,0.003124,74.125.24.0-255,1484,164770,34,260543
4792,0.003144,74.125.24.0-255,5738,170508,34,260543
4793,0.003147,172.31.33.0-255,66,170574,34,260543
4794,0.003162,74.125.24.0-255,4320,174894,34,260543
4795,0.003164,172.31.33.0-255,66,174960,34,260543
4796,0.003169,74.125.24.0-255,4320,179280,34,260543
4797,0.003172,172.31.33.0-255,66,179346,34,260543
4798,0.003198,74.125.24.0-255,7156,186502,34,260543
4799,0.003201,172.31.33.0-255,66,186568,34,260543
4800,0.00321,172.31.33.0-255,66,186634,34,260543
4801,0.003228,74.125.24.0-255,3602,190236,34,260543
4802,0.00323,172.31.33.0-255,66,190302,34,260543
4803,0.00324,74.125.24.0-255,5738,196040,34,260543
4804,0.003243,172.31.33.0-255,66,196106,34,260543
4805,0.003246,74.125.24.0-255,1484,197590,34,260543
4806,0.003248,74.125.24.0-255,1484,199074,34,260543
4807,0.00325,172.31.33.0-255,66,199140,34,260543
4808,0.003286,172.31.33.0-255,66,199206,34,260543
4809,0.003288,74.125.24.0-255,766,199972,34,260543
4810,0.003783,74.125.24.0-255,1484,201456,34,260543
4811,0.003788,172.31.33.0-255,66,201522,34,260543
4812,0.003793,74.125.24.0-255,2902,204424,34,260543
4813,0.003796,172.31.33.0-255,66,204490,34,260543
4814,0.003802,74.125.24.0-255,5738,210228,34,260543
4815,0.003804,172.31.33.0-255,66,210294,34,260543
4816,0.003809,74.125.24.0-255,4320,214614,34,260543
4817,0.003811,172.31.33.0-255,66,214680,34,260543
4818,0.003828,74.125.24.0-255,2902,217582,34,260543
4819,0.003831,172.31.33.0-255,66,217648,34,260543
4820,0.003867,74.125.24.0-255,5738,223386,34,260543
4821,0.00387,172.31.33.0-255,66,223452,34,260543
4822,0.003892,172.31.33.0-255,66,223518,34,260543
4823,0.003896,74.125.24.0-255,2184,225702,34,260543
4824,0.003898,172.31.33.0-255,66,225768,34,260543
4825,0.00392,74.125.24.0-255,7156,232924,34,260543
4826,0.003922,172.31.33.0-255,66,232990,34,260543
4827,0.003958,74.125.24.0-255,2902,235892,34,260543
4828,0.003963,172.31.33.0-255,66,235958,34,260543
4829,0.003976,172.31.33.0-255,66,236024,34,260543
4830,0.00399,172.31.33.0-255,66,236090,34,260543
4831,0.003995,74.125.24.0-255,1484,237574,34,260543
4832,0.004046,172.31.33.0-255,66,237640,34,260543
4833,0.004059,172.31.33.0-255,66,237706,34,260543
4834,0.004064,74.125.24.0-255,2184,239890,34,260543
4835,0.004067,172.31.33.0-255,66,239956,34,260543
4836,0.00407,74.125.24.0-255,1484,241440,34,260543
4837,0.004074,74.125.24.0-255,1484,242924,34,260543
4838,0.004076,172.31.33.0-255,66,242990,34,260543
4839,0.004099,74.125.24.0-255,1484,244474,34,260543
4840,0.004106,74.125.24.0-255,5738,250212,34,260543
4841,0.004109,172.31.33.0-255,66,250278,34,260543
4842,0.004144,172.31.33.0-255,66,250344,34,260543
4843,0.004147,74.125.24.0-255,1484,251828,34,260543
4844,0.004156,74.125.24.0-255,7156,258984,34,260543
4845,0.004159,172.31.33.0-255,66,259050,34,260543
4846,0.004161,74.125.24.0-255,968,260018,34,260543
4847,0.004197,74.125.24.0-255,105,260123,34,260543
4848,0.012802,172.31.33.0-255,66,260189,34,260543
4849,0.01283,172.31.33.0-255,105,260294,34,260543
4850,0.01482,74.125.24.0-255,105,260399,34,260543
4851,0.014831,172.31.33.0-255,78,260477,34,260543
4852,0.015075,74.125.24.0-255,66,260543,34,260543
4853,0.0,172.217.194.0-255,219,219,34,75536
4854,2.6e-05,172.31.33.0-255,66,285,34,75536
4855,3.3e-05,172.217.194.0-255,1484,1769,34,75536
4856,3.7e-05,172.31.33.0-255,66,1835,34,75536
4857,4.2e-05,172.217.194.0-255,4320,6155,34,75536
4858,4.5e-05,172.31.33.0-255,66,6221,34,75536
4859,8.4e-05,172.217.194.0-255,2902,9123,34,75536
4860,8.7e-05,172.31.33.0-255,66,9189,34,75536
4861,0.000108,172.217.194.0-255,6031,15220,34,75536
4862,0.000111,172.31.33.0-255,66,15286,34,75536
4863,0.000251,172.31.33.0-255,66,15352,34,75536
4864,0.00027,172.217.194.0-255,5379,20731,34,75536
4865,0.000273,172.31.33.0-255,66,20797,34,75536
4866,0.000491,172.217.194.0-255,7156,27953,34,75536
4867,0.000496,172.31.33.0-255,66,28019,34,75536
4868,0.00052,172.31.33.0-255,66,28085,34,75536
4869,0.000745,172.217.194.0-255,4320,32405,34,75536
4870,0.00075,172.31.33.0-255,66,32471,34,75536
4871,0.000783,172.31.33.0-255,66,32537,34,75536
4872,0.00104,172.217.194.0-255,4320,36857,34,75536
4873,0.001045,172.31.33.0-255,66,36923,34,75536
4874,0.001091,172.31.33.0-255,66,36989,34,75536
4875,0.001604,172.31.33.0-255,66,37055,34,75536
4876,0.001639,172.31.33.0-255,66,37121,34,75536
4877,0.002058,172.217.194.0-255,2902,40023,34,75536
4878,0.00206,172.31.33.0-255,66,40089,34,75536
4879,0.002084,172.31.33.0-255,66,40155,34,75536
4880,0.002156,172.31.33.0-255,66,40221,34,75536
4881,0.00217,172.217.194.0-255,917,41138,34,75536
4882,0.002657,172.217.194.0-255,4320,45458,34,75536
4883,0.002661,172.31.33.0-255,66,45524,34,75536
4884,0.002703,172.31.33.0-255,66,45590,34,75536
4885,0.003696,172.217.194.0-255,4320,49910,34,75536
4886,0.004029,172.217.194.0-255,1484,51394,34,75536
4887,0.005053,172.217.194.0-255,4320,55714,34,75536
4888,0.005104,172.217.194.0-255,2902,58616,34,75536
4889,0.006108,172.217.194.0-255,4320,62936,34,75536
4890,0.006172,172.217.194.0-255,7156,70092,34,75536
4891,0.006193,172.217.194.0-255,5207,75299,34,75536
4892,0.008877,172.31.33.0-255,66,75365,34,75536
4893,0.014996,172.31.33.0-255,105,75470,34,75536
4894,0.016996,172.217.194.0-255,66,75536,34,75536
4895,0.0,74.125.24.0-255,220,220,34,162679
4896,2.1e-05,172.31.33.0-255,66,286,34,162679
4897,2.8e-05,74.125.24.0-255,1484,1770,34,162679
4898,3.2e-05,172.31.33.0-255,66,1836,34,162679
4899,3.7e-05,74.125.24.0-255,4320,6156,34,162679
4900,4e-05,172.31.33.0-255,66,6222,34,162679
4901,4.3e-05,74.125.24.0-255,2902,9124,34,162679
4902,4.5e-05,172.31.33.0-255,66,9190,34,162679
4903,5e-05,74.125.24.0-255,4320,13510,34,162679
4904,5.3e-05,172.31.33.0-255,66,13576,34,162679
4905,0.000108,172.31.33.0-255,66,13642,34,162679
4906,0.000117,172.31.33.0-255,66,13708,34,162679
4907,0.000139,74.125.24.0-255,5738,19446,34,162679
4908,0.000141,172.31.33.0-255,66,19512,34,162679
4909,0.000166,172.31.33.0-255,66,19578,34,162679
4910,0.000185,74.125.24.0-255,2902,22480,34,162679
4911,0.000187,172.31.33.0-255,66,22546,34,162679
4912,0.000215,172.31.33.0-255,66,22612,34,162679
4913,0.000245,172.31.33.0-255,66,22678,34,162679
4914,0.00025,74.125.24.0-255,4320,26998,34,162679
4915,0.000252,172.31.33.0-255,66,27064,34,162679
4916,0.000266,74.125.24.0-255,4320,31384,34,162679
4917,0.000268,172.31.33.0-255,66,31450,34,162679
4918,0.00027,74.125.24.0-255,1484,32934,34,162679
4919,0.000272,172.31.33.0-255,66,33000,34,162679
4920,0.000312,172.31.33.0-255,66,33066,34,162679
4921,0.000314,74.125.24.0-255,344,33410,34,162679
4922,0.000364,74.125.24.0-255,1484,34894,34,162679
4923,0.000366,172.31.33.0-255,66,34960,34,162679
4924,0.00038,74.125.24.0-255,4320,39280,34,162679
4925,0.000383,172.31.33.0-255,66,39346,34,162679
4926,0.000387,74.125.24.0-255,2902,42248,34,162679
4927,0.000389,172.31.33.0-255,66,42314,34,162679
4928,0.000417,74.125.24.0-255,2902,45216,34,162679
4929,0.000419,172.31.33.0-255,66,45282,34,162679
4930,0.00043,172.31.33.0-255,66,45348,34,162679
4931,0.000462,172.31.33.0-255,66,45414,34,162679
4932,0.00049,74.125.24.0-255,4320,49734,34,162679
4933,0.000492,172.31.33.0-255,66,49800,34,162679
4934,0.000506,74.125.24.0-255,4320,54120,34,162679
4935,0.000508,172.31.33.0-255,66,54186,34,162679
4936,0.00051,74.125.24.0-255,1484,55670,34,162679
4937,0.00054,172.31.33.0-255,66,55736,34,162679
4938,0.000568,172.31.33.0-255,66,55802,34,162679
4939,0.000584,74.125.24.0-255,3602,59404,34,162679
4940,0.000586,172.31.33.0-255,66,59470,34,162679
4941,0.000702,74.125.24.0-255,1484,60954,34,162679
4942,0.000707,74.125.24.0-255,2902,63856,34,162679
4943,0.00071,172.31.33.0-255,66,63922,34,162679
4944,0.000734,74.125.24.0-255,5738,69660,34,162679
4945,0.000737,172.31.33.0-255,66,69726,34,162679
4946,0.000743,74.125.24.0-255,5738,75464,34,162679
4947,0.000744,172.31.33.0-255,66,75530,34,162679
4948,0.00076,74.125.24.0-255,7156,82686,34,162679
4949,0.000762,172.31.33.0-255,66,82752,34,162679
4950,0.000772,172.31.33.0-255,66,82818,34,162679
4951,0.000823,74.125.24.0-255,2184,85002,34,162679
4952,0.000825,172.31.33.0-255,66,85068,34,162679
4953,0.000843,74.125.24.0-255,2902,87970,34,162679
4954,0.000847,172.31.33.0-255,66,88036,34,162679
4955,0.000865,74.125.24.0-255,2902,90938,34,162679
4956,0.000868,172.31.33.0-255,66,91004,34,162679
4957,0.000874,74.125.24.0-255,7156,98160,34,162679
4958,0.000876,172.31.33.0-255,66,98226,34,162679
4959,0.000906,172.31.33.0-255,66,98292,34,162679
4960,0.000926,74.125.24.0-255,1484,99776,34,162679
4961,0.000933,74.125.24.0-255,6438,106214,34,162679
4962,0.000935,172.31.33.0-255,66,106280,34,162679
4963,0.000939,74.125.24.0-255,2902,109182,34,162679
4964,0.000941,172.31.33.0-255,66,109248,34,162679
4965,0.00098,74.125.24.0-255,7156,116404,34,162679
4966,0.000984,172.31.33.0-255,66,116470,34,162679
4967,0.00099,172.31.33.0-255,66,116536,34,162679
4968,0.000993,74.125.24.0-255,766,117302,34,162679
4969,0.001022,74.125.24.0-255,2902,120204,34,162679
4970,0.001024,172.31.33.0-255,66,120270,34,162679
4971,0.001052,172.31.33.0-255,66,120336,34,162679
4972,0.001086,74.125.24.0-255,2902,123238,34,162679
4973,0.001095,172.31.33.0-255,66,123304,34,162679
4974,0.001101,172.31.33.0-255,66,123370,34,162679
4975,0.001107,74.125.24.0-255,5738,129108,34,162679
4976,0.001109,172.31.33.0-255,66,129174,34,162679
4977,0.00112,172.31.33.0-255,66,129240,34,162679
4978,0.001126,74.125.24.0-255,7156,136396,34,162679
4979,0.001128,172.31.33.0-255,66,136462,34,162679
4980,0.001154,172.31.33.0-255,66,136528,34,162679
4981,0.001196,74.125.24.0-255,4320,140848,34,162679
4982,0.001204,172.31.33.0-255,66,140914,34,162679
4983,0.001209,74.125.24.0-255,4320,145234,34,162679
4984,0.001213,172.31.33.0-255,66,145300,34,162679
4985,0.001231,74.125.24.0-255,766,146066,34,162679
4986,0.001246,172.31.33.0-255,66,146132,34,162679
4987,0.001283,74.125.24.0-255,1484,147616,34,162679
4988,0.001297,74.125.24.0-255,2902,150518,34,162679
4989,0.001302,172.31.33.0-255,66,150584,34,162679
4990,0.001324,74.125.24.0-255,5738,156322,34,162679
4991,0.001362,172.31.33.0-255,66,156388,34,162679
4992,0.001369,74.125.24.0-255,1484,157872,34,162679
4993,0.001374,74.125.24.0-255,4465,162337,34,162679
4994,0.001377,74.125.24.0-255,105,162442,34,162679
4995,0.00138,172.31.33.0-255,66,162508,34,162679
4996,0.011626,172.31.33.0-255,105,162613,34,162679
4997,0.013577,74.125.24.0-255,66,162679,34,162679
4998,0.0,74.125.68.0-255,153,153,34,288473
4999,2.4e-05,172.31.33.0-255,66,219,34,288473
5000,3.1e-05,74.125.68.0-255,1484,1703,34,288473
5001,3.5e-05,172.31.33.0-255,66,1769,34,288473
5002,4.1e-05,74.125.68.0-255,2902,4671,34,288473
5003,5.1e-05,172.31.33.0-255,66,4737,34,288473
5004,5.6e-05,74.125.68.0-255,2902,7639,34,288473
5005,5.9e-05,172.31.33.0-255,66,7705,34,288473
5006,6.5e-05,74.125.68.0-255,4320,12025,34,288473
5007,6.8e-05,172.31.33.0-255,66,12091,34,288473
5008,9.4e-05,74.125.68.0-255,2083,14174,34,288473
5009,9.7e-05,172.31.33.0-255,66,14240,34,288473
5010,0.000126,74.125.68.0-255,2902,17142,34,288473
5011,0.000128,172.31.33.0-255,66,17208,34,288473
5012,0.000134,74.125.68.0-255,4320,21528,34,288473
5013,0.000136,172.31.33.0-255,66,21594,34,288473
5014,0.000143,74.125.68.0-255,4320,25914,34,288473
5015,0.000145,172.31.33.0-255,66,25980,34,288473
5016,0.000167,74.125.68.0-255,1484,27464,34,288473
5017,0.00017,172.31.33.0-255,66,27530,34,288473
5018,0.000192,74.125.68.0-255,3961,31491,34,288473
5019,0.000195,172.31.33.0-255,66,31557,34,288473
5020,0.000318,74.125.68.0-255,1484,33041,34,288473
5021,0.000322,172.31.33.0-255,66,33107,34,288473
5022,0.000326,74.125.68.0-255,1484,34591,34,288473
5023,0.000328,172.31.33.0-255,66,34657,34,288473
5024,0.000351,74.125.68.0-255,1484,36141,34,288473
5025,0.000354,172.31.33.0-255,66,36207,34,288473
5026,0.000364,74.125.68.0-255,4320,40527,34,288473
5027,0.000367,172.31.33.0-255,66,40593,34,288473
5028,0.000404,172.31.33.0-255,66,40659,34,288473
5029,0.00041,74.125.68.0-255,5738,46397,34,288473
5030,0.000413,172.31.33.0-255,66,46463,34,288473
5031,0.000444,74.125.68.0-255,4320,50783,34,288473
5032,0.000447,172.31.33.0-255,66,50849,34,288473
5033,0.000454,74.125.68.0-255,5686,56535,34,288473
5034,0.000457,172.31.33.0-255,66,56601,34,288473
5035,0.000485,74.125.68.0-255,118,56719,34,288473
5036,0.00049,74.125.68.0-255,330,57049,34,288473
5037,0.000686,74.125.68.0-255,1484,58533,34,288473
5038,0.000693,172.31.33.0-255,66,58599,34,288473
5039,0.000698,74.125.68.0-255,2902,61501,34,288473
5040,0.0007,172.31.33.0-255,66,61567,34,288473
5041,0.000705,74.125.68.0-255,4320,65887,34,288473
5042,0.000713,172.31.33.0-255,66,65953,34,288473
5043,0.000745,172.31.33.0-255,66,66019,34,288473
5044,0.00075,74.125.68.0-255,4320,70339,34,288473
5045,0.000752,172.31.33.0-255,66,70405,34,288473
5046,0.000815,172.31.33.0-255,66,70471,34,288473
5047,0.000826,74.125.68.0-255,3602,74073,34,288473
5048,0.000834,172.31.33.0-255,66,74139,34,288473
5049,0.001028,74.125.68.0-255,1484,75623,34,288473
5050,0.001046,74.125.68.0-255,1484,77107,34,288473
5051,0.001049,74.125.68.0-255,2902,80009,34,288473
5052,0.001054,172.31.33.0-255,66,80075,34,288473
5053,0.001061,172.31.33.0-255,66,80141,34,288473
5054,0.001107,74.125.68.0-255,4320,84461,34,288473
5055,0.00111,172.31.33.0-255,66,84527,34,288473
5056,0.001137,74.125.68.0-255,1484,86011,34,288473
5057,0.001144,74.125.68.0-255,7156,93167,34,288473
5058,0.00115,172.31.33.0-255,66,93233,34,288473
5059,0.001161,74.125.68.0-255,4320,97553,34,288473
5060,0.001163,172.31.33.0-255,66,97619,34,288473
5061,0.001188,74.125.68.0-255,4320,101939,34,288473
5062,0.001191,172.31.33.0-255,66,102005,34,288473
5063,0.001226,74.125.68.0-255,6438,108443,34,288473
5064,0.001229,172.31.33.0-255,66,108509,34,288473
5065,0.001262,74.125.68.0-255,1484,109993,34,288473
5066,0.001281,74.125.68.0-255,2902,112895,34,288473
5067,0.001283,172.31.33.0-255,66,112961,34,288473
5068,0.00129,74.125.68.0-255,5738,118699,34,288473
5069,0.001292,172.31.33.0-255,66,118765,34,288473
5070,0.001296,74.125.68.0-255,2902,121667,34,288473
5071,0.001303,172.31.33.0-255,66,121733,34,288473
5072,0.001306,74.125.68.0-255,1484,123217,34,288473
5073,0.001333,74.125.68.0-255,2902,126119,34,288473
5074,0.001335,172.31.33.0-255,66,126185,34,288473
5075,0.001341,74.125.68.0-255,4320,130505,34,288473
5076,0.001343,172.31.33.0-255,66,130571,34,288473
5077,0.001372,74.125.68.0-255,4320,134891,34,288473
5078,0.001375,172.31.33.0-255,66,134957,34,288473
5079,0.001381,74.125.68.0-255,5738,140695,34,288473
5080,0.001384,172.31.33.0-255,66,140761,34,288473
5081,0.001391,74.125.68.0-255,6438,147199,34,288473
5082,0.001394,172.31.33.0-255,66,147265,34,288473
5083,0.001408,74.125.68.0-255,5738,153003,34,288473
5084,0.00141,172.31.33.0-255,66,153069,34,288473
5085,0.001444,74.125.68.0-255,1484,154553,34,288473
5086,0.00147,74.125.68.0-255,5738,160291,34,288473
5087,0.001474,172.31.33.0-255,66,160357,34,288473
5088,0.00148,74.125.68.0-255,4320,164677,34,288473
5089,0.001481,172.31.33.0-255,66,164743,34,288473
5090,0.001491,74.125.68.0-255,5738,170481,34,288473
5091,0.001494,172.31.33.0-255,66,170547,34,288473
5092,0.001497,74.125.68.0-255,1484,172031,34,288473
5093,0.001526,74.125.68.0-255,5020,177051,34,288473
5094,0.001529,172.31.33.0-255,66,177117,34,288473
5095,0.002175,74.125.68.0-255,1484,178601,34,288473
5096,0.002184,74.125.68.0-255,2902,181503,34,288473
5097,0.00219,172.31.33.0-255,66,181569,34,288473
5098,0.002197,74.125.68.0-255,4320,185889,34,288473
5099,0.0022,172.31.33.0-255,66,185955,34,288473
5100,0.002216,74.125.68.0-255,1484,187439,34,288473
5101,0.002224,74.125.68.0-255,2902,190341,34,288473
5102,0.002227,172.31.33.0-255,66,190407,34,288473
5103,0.002231,74.125.68.0-255,2902,193309,34,288473
5104,0.002234,172.31.33.0-255,66,193375,34,288473
5105,0.002266,74.125.68.0-255,7156,200531,34,288473
5106,0.002269,172.31.33.0-255,66,200597,34,288473
5107,0.002281,172.31.33.0-255,66,200663,34,288473
5108,0.002674,74.125.68.0-255,1484,202147,34,288473
5109,0.002688,74.125.68.0-255,2902,205049,34,288473
5110,0.002691,172.31.33.0-255,66,205115,34,288473
5111,0.002722,74.125.68.0-255,5738,210853,34,288473
5112,0.002725,172.31.33.0-255,66,210919,34,288473
5113,0.002728,74.125.68.0-255,1484,212403,34,288473
5114,0.002731,74.125.68.0-255,1484,213887,34,288473
5115,0.002744,172.31.33.0-255,66,213953,34,288473
5116,0.002776,74.125.68.0-255,5738,219691,34,288473
5117,0.002779,172.31.33.0-255,66,219757,34,288473
5118,0.002793,172.31.33.0-255,66,219823,34,288473
5119,0.002797,74.125.68.0-255,2184,222007,34,288473
5120,0.002799,172.31.33.0-255,66,222073,34,288473
5121,0.002912,74.125.68.0-255,1484,223557,34,288473
5122,0.002917,74.125.68.0-255,2902,226459,34,288473
5123,0.002919,172.31.33.0-255,66,226525,34,288473
5124,0.002943,74.125.68.0-255,5738,232263,34,288473
5125,0.002946,172.31.33.0-255,66,232329,34,288473
5126,0.002967,74.125.68.0-255,1484,233813,34,288473
5127,0.002997,172.31.33.0-255,66,233879,34,288473
5128,0.003032,172.31.33.0-255,66,233945,34,288473
5129,0.003065,74.125.68.0-255,5020,238965,34,288473
5130,0.003067,172.31.33.0-255,66,239031,34,288473
5131,0.003072,74.125.68.0-255,4320,243351,34,288473
5132,0.003075,172.31.33.0-255,66,243417,34,288473
5133,0.003079,74.125.68.0-255,2902,246319,34,288473
5134,0.003086,172.31.33.0-255,66,246385,34,288473
5135,0.003123,172.31.33.0-255,66,246451,34,288473
5136,0.003138,172.31.33.0-255,66,246517,34,288473
5137,0.003158,74.125.68.0-255,2902,249419,34,288473
5138,0.003161,172.31.33.0-255,66,249485,34,288473
5139,0.003196,172.31.33.0-255,66,249551,34,288473
5140,0.003201,74.125.68.0-255,4320,253871,34,288473
5141,0.003204,172.31.33.0-255,66,253937,34,288473
5142,0.003214,172.31.33.0-255,66,254003,34,288473
5143,0.00325,74.125.68.0-255,6438,260441,34,288473
5144,0.003252,172.31.33.0-255,66,260507,34,288473
5145,0.003255,74.125.68.0-255,1484,261991,34,288473
5146,0.003275,74.125.68.0-255,1484,263475,34,288473
5147,0.003277,172.31.33.0-255,66,263541,34,288473
5148,0.003305,74.125.68.0-255,1484,265025,34,288473
5149,0.00331,74.125.68.0-255,4320,269345,34,288473
5150,0.003313,172.31.33.0-255,66,269411,34,288473
5151,0.003316,74.125.68.0-255,1484,270895,34,288473
5152,0.003319,74.125.68.0-255,1484,272379,34,288473
5153,0.003321,172.31.33.0-255,66,272445,34,288473
5154,0.00333,74.125.68.0-255,4320,276765,34,288473
5155,0.003333,172.31.33.0-255,66,276831,34,288473
5156,0.003339,74.125.68.0-255,5738,282569,34,288473
5157,0.003342,172.31.33.0-255,66,282635,34,288473
5158,0.003346,74.125.68.0-255,2902,285537,34,288473
5159,0.003348,172.31.33.0-255,66,285603,34,288473
5160,0.003351,74.125.68.0-255,1484,287087,34,288473
5161,0.003353,74.125.68.0-255,698,287785,34,288473
5162,0.003356,172.31.33.0-255,66,287851,34,288473
5163,0.003358,74.125.68.0-255,97,287948,34,288473
5164,0.003416,74.125.68.0-255,105,288053,34,288473
5165,0.011695,172.31.33.0-255,66,288119,34,288473
5166,0.011745,172.31.33.0-255,105,288224,34,288473
5167,0.0129,74.125.68.0-255,105,288329,34,288473
5168,0.012916,172.31.33.0-255,78,288407,34,288473
5169,0.013682,74.125.68.0-255,66,288473,34,288473
5170,0.0,172.217.194.0-255,153,153,34,195509
5171,2.2e-05,172.31.33.0-255,66,219,34,195509
5172,2.9e-05,172.217.194.0-255,1484,1703,34,195509
5173,3.4e-05,172.31.33.0-255,66,1769,34,195509
5174,3.9e-05,172.217.194.0-255,2902,4671,34,195509
5175,4.1e-05,172.31.33.0-255,66,4737,34,195509
5176,4.8e-05,172.217.194.0-255,5738,10475,34,195509
5177,5.1e-05,172.31.33.0-255,66,10541,34,195509
5178,7.3e-05,172.217.194.0-255,1484,12025,34,195509
5179,7.6e-05,172.31.33.0-255,66,12091,34,195509
5180,9.3e-05,172.217.194.0-255,2011,14102,34,195509
5181,9.5e-05,172.31.33.0-255,66,14168,34,195509
5182,0.000101,172.217.194.0-255,4320,18488,34,195509
5183,0.000103,172.31.33.0-255,66,18554,34,195509
5184,0.000136,172.31.33.0-255,66,18620,34,195509
5185,0.00014,172.217.194.0-255,2543,21163,34,195509
5186,0.000141,172.31.33.0-255,66,21229,34,195509
5187,0.000235,172.217.194.0-255,1484,22713,34,195509
5188,0.000239,172.31.33.0-255,66,22779,34,195509
5189,0.000244,172.217.194.0-255,2902,25681,34,195509
5190,0.000246,172.31.33.0-255,66,25747,34,195509
5191,0.00025,172.217.194.0-255,2902,28649,34,195509
5192,0.000252,172.31.33.0-255,66,28715,34,195509
5193,0.00027,172.217.194.0-255,2902,31617,34,195509
5194,0.000273,172.31.33.0-255,66,31683,34,195509
5195,0.000317,172.217.194.0-255,2902,34585,34,195509
5196,0.000319,172.31.33.0-255,66,34651,34,195509
5197,0.000336,172.217.194.0-255,5738,40389,34,195509
5198,0.000338,172.31.33.0-255,66,40455,34,195509
5199,0.000368,172.217.194.0-255,5379,45834,34,195509
5200,0.000371,172.31.33.0-255,66,45900,34,195509
5201,0.000383,172.31.33.0-255,66,45966,34,195509
5202,0.000385,172.217.194.0-255,647,46613,34,195509
5203,0.001,172.31.33.0-255,66,46679,34,195509
5204,0.001153,172.217.194.0-255,1484,48163,34,195509
5205,0.001162,172.217.194.0-255,2902,51065,34,195509
5206,0.001166,172.31.33.0-255,66,51131,34,195509
5207,0.001174,172.217.194.0-255,5738,56869,34,195509
5208,0.001176,172.31.33.0-255,66,56935,34,195509
5209,0.001203,172.31.33.0-255,66,57001,34,195509
5210,0.001221,172.217.194.0-255,1484,58485,34,195509
5211,0.001234,172.31.33.0-255,66,58551,34,195509
5212,0.001238,172.217.194.0-255,2184,60735,34,195509
5213,0.001241,172.31.33.0-255,66,60801,34,195509
5214,0.001326,172.217.194.0-255,1484,62285,34,195509
5215,0.001332,172.217.194.0-255,2902,65187,34,195509
5216,0.001335,172.31.33.0-255,66,65253,34,195509
5217,0.001357,172.217.194.0-255,5738,70991,34,195509
5218,0.001359,172.31.33.0-255,66,71057,34,195509
5219,0.001365,172.217.194.0-255,2902,73959,34,195509
5220,0.001367,172.31.33.0-255,66,74025,34,195509
5221,0.001394,172.31.33.0-255,66,74091,34,195509
5222,0.0014,172.217.194.0-255,7156,81247,34,195509
5223,0.001402,172.31.33.0-255,66,81313,34,195509
5224,0.001422,172.217.194.0-255,1484,82797,34,195509
5225,0.001436,172.217.194.0-255,5738,88535,34,195509
5226,0.001438,172.31.33.0-255,66,88601,34,195509
5227,0.001461,172.217.194.0-255,5888,94489,34,195509
5228,0.001464,172.31.33.0-255,66,94555,34,195509
5229,0.001474,172.31.33.0-255,66,94621,34,195509
5230,0.001501,172.217.194.0-255,5738,100359,34,195509
5231,0.001504,172.31.33.0-255,66,100425,34,195509
5232,0.001515,172.31.33.0-255,66,100491,34,195509
5233,0.001536,172.217.194.0-255,2902,103393,34,195509
5234,0.001539,172.31.33.0-255,66,103459,34,195509
5235,0.001561,172.217.194.0-255,7156,110615,34,195509
5236,0.001564,172.31.33.0-255,66,110681,34,195509
5237,0.001586,172.217.194.0-255,7156,117837,34,195509
5238,0.001589,172.31.33.0-255,66,117903,34,195509
5239,0.001614,172.217.194.0-255,7156,125059,34,195509
5240,0.001617,172.31.33.0-255,66,125125,34,195509
5241,0.001622,172.217.194.0-255,4320,129445,34,195509
5242,0.001624,172.31.33.0-255,66,129511,34,195509
5243,0.001644,172.31.33.0-255,66,129577,34,195509
5244,0.001677,172.31.33.0-255,66,129643,34,195509
5245,0.001697,172.217.194.0-255,2184,131827,34,195509
5246,0.001699,172.31.33.0-255,66,131893,34,195509
5247,0.001711,172.31.33.0-255,66,131959,34,195509
5248,0.001731,172.217.194.0-255,5020,136979,34,195509
5249,0.001733,172.31.33.0-255,66,137045,34,195509
5250,0.001736,172.217.194.0-255,1484,138529,34,195509
5251,0.00179,172.31.33.0-255,66,138595,34,195509
5252,0.001803,172.217.194.0-255,4320,142915,34,195509
5253,0.001806,172.31.33.0-255,66,142981,34,195509
5254,0.001815,172.217.194.0-255,4320,147301,34,195509
5255,0.001818,172.31.33.0-255,66,147367,34,195509
5256,0.001849,172.31.33.0-255,66,147433,34,195509
5257,0.001872,172.217.194.0-255,1484,148917,34,195509
5258,0.001875,172.217.194.0-255,1484,150401,34,195509
5259,0.001877,172.31.33.0-255,66,150467,34,195509
5260,0.001895,172.217.194.0-255,1484,151951,34,195509
5261,0.001901,172.217.194.0-255,5738,157689,34,195509
5262,0.001903,172.31.33.0-255,66,157755,34,195509
5263,0.001919,172.217.194.0-255,2902,160657,34,195509
5264,0.001921,172.31.33.0-255,66,160723,34,195509
5265,0.00194,172.31.33.0-255,66,160789,34,195509
5266,0.001953,172.217.194.0-255,1484,162273,34,195509
5267,0.001958,172.217.194.0-255,4320,166593,34,195509
5268,0.00196,172.31.33.0-255,66,166659,34,195509
5269,0.001979,172.217.194.0-255,2902,169561,34,195509
5270,0.001982,172.31.33.0-255,66,169627,34,195509
5271,0.002028,172.217.194.0-255,3602,173229,34,195509
5272,0.002032,172.31.33.0-255,66,173295,34,195509
5273,0.002065,172.217.194.0-255,1484,174779,34,195509
5274,0.002082,172.217.194.0-255,2902,177681,34,195509
5275,0.002085,172.31.33.0-255,66,177747,34,195509
5276,0.002113,172.217.194.0-255,2902,180649,34,195509
5277,0.002116,172.31.33.0-255,66,180715,34,195509
5278,0.00213,172.217.194.0-255,4320,185035,34,195509
5279,0.002133,172.31.33.0-255,66,185101,34,195509
5280,0.002157,172.217.194.0-255,2902,188003,34,195509
5281,0.00216,172.31.33.0-255,66,188069,34,195509
5282,0.002169,172.31.33.0-255,66,188135,34,195509
5283,0.002195,172.31.33.0-255,66,188201,34,195509
5284,0.002216,172.217.194.0-255,2184,190385,34,195509
5285,0.002218,172.31.33.0-255,66,190451,34,195509
5286,0.002229,172.31.33.0-255,66,190517,34,195509
5287,0.002242,172.31.33.0-255,66,190583,34,195509
5288,0.002257,172.217.194.0-255,4320,194903,34,195509
5289,0.002258,172.31.33.0-255,66,194969,34,195509
5290,0.002288,172.31.33.0-255,66,195035,34,195509
5291,0.00232,172.31.33.0-255,66,195101,34,195509
5292,0.00233,172.31.33.0-255,66,195167,34,195509
5293,0.002358,172.217.194.0-255,105,195272,34,195509
5294,0.015578,172.31.33.0-255,66,195338,34,195509
5295,0.015628,172.31.33.0-255,105,195443,34,195509
5296,0.018093,172.217.194.0-255,66,195509,34,195509
5297,0.0,172.217.194.0-255,156,156,34,192172
5298,2e-05,172.31.33.0-255,66,222,34,192172
5299,3.7e-05,172.217.194.0-255,1484,1706,34,192172
5300,4.1e-05,172.31.33.0-255,66,1772,34,192172
5301,4.5e-05,172.217.194.0-255,2902,4674,34,192172
5302,4.7e-05,172.31.33.0-255,66,4740,34,192172
5303,4.9e-05,172.217.194.0-255,1484,6224,34,192172
5304,5.1e-05,172.31.33.0-255,66,6290,34,192172
5305,9.9e-05,172.217.194.0-255,2902,9192,34,192172
5306,0.000101,172.31.33.0-255,66,9258,34,192172
5307,0.000123,172.217.194.0-255,4889,14147,34,192172
5308,0.000126,172.31.33.0-255,66,14213,34,192172
5309,0.000235,172.217.194.0-255,1484,15697,34,192172
5310,0.000238,172.31.33.0-255,66,15763,34,192172
5311,0.000242,172.217.194.0-255,1484,17247,34,192172
5312,0.000243,172.31.33.0-255,66,17313,34,192172
5313,0.000261,172.217.194.0-255,1484,18797,34,192172
5314,0.000263,172.31.33.0-255,66,18863,34,192172
5315,0.000269,172.217.194.0-255,5738,24601,34,192172
5316,0.000271,172.31.33.0-255,66,24667,34,192172
5317,0.000305,172.217.194.0-255,4320,28987,34,192172
5318,0.000308,172.31.33.0-255,66,29053,34,192172
5319,0.000318,172.217.194.0-255,2543,31596,34,192172
5320,0.00032,172.31.33.0-255,66,31662,34,192172
5321,0.000367,172.217.194.0-255,1484,33146,34,192172
5322,0.00037,172.31.33.0-255,66,33212,34,192172
5323,0.000374,172.217.194.0-255,2902,36114,34,192172
5324,0.000376,172.31.33.0-255,66,36180,34,192172
5325,0.000388,172.217.194.0-255,1484,37664,34,192172
5326,0.00039,172.31.33.0-255,66,37730,34,192172
5327,0.000413,172.217.194.0-255,4320,42050,34,192172
5328,0.000415,172.31.33.0-255,66,42116,34,192172
5329,0.000421,172.217.194.0-255,6797,48913,34,192172
5330,0.000423,172.31.33.0-255,66,48979,34,192172
5331,0.000459,172.217.194.0-255,4320,53299,34,192172
5332,0.000463,172.31.33.0-255,66,53365,34,192172
5333,0.000485,172.217.194.0-255,2902,56267,34,192172
5334,0.000487,172.31.33.0-255,66,56333,34,192172
5335,0.000497,172.31.33.0-255,66,56399,34,192172
5336,0.000511,172.217.194.0-255,1455,57854,34,192172
5337,0.000551,172.217.194.0-255,377,58231,34,192172
5338,0.000554,172.31.33.0-255,66,58297,34,192172
5339,0.000797,172.217.194.0-255,1484,59781,34,192172
5340,0.000806,172.217.194.0-255,2902,62683,34,192172
5341,0.000809,172.31.33.0-255,66,62749,34,192172
5342,0.000827,172.217.194.0-255,1484,64233,34,192172
5343,0.000843,172.217.194.0-255,4320,68553,34,192172
5344,0.000846,172.31.33.0-255,66,68619,34,192172
5345,0.000879,172.31.33.0-255,66,68685,34,192172
5346,0.000889,172.31.33.0-255,66,68751,34,192172
5347,0.000901,172.217.194.0-255,1484,70235,34,192172
5348,0.000904,172.217.194.0-255,766,71001,34,192172
5349,0.000906,172.31.33.0-255,66,71067,34,192172
5350,0.000994,172.217.194.0-255,1484,72551,34,192172
5351,0.000998,172.217.194.0-255,1484,74035,34,192172
5352,0.001001,172.31.33.0-255,66,74101,34,192172
5353,0.001018,172.217.194.0-255,1484,75585,34,192172
5354,0.001023,172.217.194.0-255,5738,81323,34,192172
5355,0.001026,172.31.33.0-255,66,81389,34,192172
5356,0.001045,172.217.194.0-255,5738,87127,34,192172
5357,0.001047,172.31.33.0-255,66,87193,34,192172
5358,0.00106,172.217.194.0-255,5738,92931,34,192172
5359,0.001063,172.31.33.0-255,66,92997,34,192172
5360,0.001081,172.217.194.0-255,1484,94481,34,192172
5361,0.001094,172.31.33.0-255,66,94547,34,192172
5362,0.001376,172.217.194.0-255,1484,96031,34,192172
5363,0.001381,172.217.194.0-255,2902,98933,34,192172
5364,0.001384,172.31.33.0-255,66,98999,34,192172
5365,0.00139,172.217.194.0-255,5738,104737,34,192172
5366,0.001392,172.31.33.0-255,66,104803,34,192172
5367,0.001402,172.217.194.0-255,1484,106287,34,192172
5368,0.001419,172.31.33.0-255,66,106353,34,192172
5369,0.001434,172.217.194.0-255,1484,107837,34,192172
5370,0.001437,172.217.194.0-255,2902,110739,34,192172
5371,0.001439,172.31.33.0-255,66,110805,34,192172
5372,0.001462,172.31.33.0-255,66,110871,34,192172
5373,0.001536,172.217.194.0-255,1484,112355,34,192172
5374,0.001549,172.217.194.0-255,2902,115257,34,192172
5375,0.001551,172.31.33.0-255,66,115323,34,192172
5376,0.001568,172.217.194.0-255,2902,118225,34,192172
5377,0.001571,172.31.33.0-255,66,118291,34,192172
5378,0.001586,172.217.194.0-255,2902,121193,34,192172
5379,0.001588,172.31.33.0-255,66,121259,34,192172
5380,0.001593,172.217.194.0-255,5738,126997,34,192172
5381,0.001594,172.31.33.0-255,66,127063,34,192172
5382,0.001607,172.217.194.0-255,5738,132801,34,192172
5383,0.001609,172.31.33.0-255,66,132867,34,192172
5384,0.001626,172.217.194.0-255,1484,134351,34,192172
5385,0.001644,172.31.33.0-255,66,134417,34,192172
5386,0.001659,172.217.194.0-255,2184,136601,34,192172
5387,0.001661,172.31.33.0-255,66,136667,34,192172
5388,0.001954,172.217.194.0-255,1484,138151,34,192172
5389,0.001957,172.217.194.0-255,1484,139635,34,192172
5390,0.001958,172.31.33.0-255,66,139701,34,192172
5391,0.001969,172.217.194.0-255,1484,141185,34,192172
5392,0.001972,172.217.194.0-255,2902,144087,34,192172
5393,0.001974,172.31.33.0-255,66,144153,34,192172
5394,0.001985,172.217.194.0-255,2902,147055,34,192172
5395,0.001987,172.31.33.0-255,66,147121,34,192172
5396,0.002006,172.217.194.0-255,4320,151441,34,192172
5397,0.002008,172.31.33.0-255,66,151507,34,192172
5398,0.002033,172.31.33.0-255,66,151573,34,192172
5399,0.002049,172.217.194.0-255,4320,155893,34,192172
5400,0.002051,172.31.33.0-255,66,155959,34,192172
5401,0.00208,172.31.33.0-255,66,156025,34,192172
5402,0.002096,172.31.33.0-255,66,156091,34,192172
5403,0.002125,172.31.33.0-255,66,156157,34,192172
5404,0.002143,172.217.194.0-255,5020,161177,34,192172
5405,0.002144,172.31.33.0-255,66,161243,34,192172
5406,0.002158,172.31.33.0-255,66,161309,34,192172
5407,0.002194,172.217.194.0-255,7156,168465,34,192172
5408,0.002196,172.31.33.0-255,66,168531,34,192172
5409,0.002224,172.31.33.0-255,66,168597,34,192172
5410,0.00223,172.217.194.0-255,7156,175753,34,192172
5411,0.002232,172.31.33.0-255,66,175819,34,192172
5412,0.002251,172.31.33.0-255,66,175885,34,192172
5413,0.002279,172.31.33.0-255,66,175951,34,192172
5414,0.002296,172.217.194.0-255,766,176717,34,192172
5415,0.002315,172.31.33.0-255,66,176783,34,192172
5416,0.002347,172.217.194.0-255,4320,181103,34,192172
5417,0.002349,172.31.33.0-255,66,181169,34,192172
5418,0.002368,172.31.33.0-255,66,181235,34,192172
5419,0.002373,172.217.194.0-255,6064,187299,34,192172
5420,0.002375,172.31.33.0-255,66,187365,34,192172
5421,0.002377,172.217.194.0-255,105,187470,34,192172
5422,0.007282,172.31.33.0-255,66,187536,34,192172
5423,0.007305,172.31.33.0-255,105,187641,34,192172
5424,0.009883,172.217.194.0-255,66,187707,34,192172
5425,0.024628,172.31.33.0-255,172,187879,34,192172
5426,0.024652,172.31.33.0-255,1113,188992,34,192172
5427,0.024707,172.31.33.0-255,1514,190506,34,192172
5428,0.024708,172.31.33.0-255,1294,191800,34,192172
5429,0.02618,104.244.42.0-255,66,191866,34,192172
5430,0.026188,104.244.42.0-255,66,191932,34,192172
5431,0.026296,104.244.42.0-255,66,191998,34,192172
5432,0.030069,104.244.42.0-255,108,192106,34,192172
5433,0.030086,172.31.33.0-255,66,192172,34,192172
5434,0.0,172.217.194.0-255,150,150,34,203454
5435,2.3e-05,172.31.33.0-255,66,216,34,203454
5436,3e-05,172.217.194.0-255,1484,1700,34,203454
5437,3.5e-05,172.31.33.0-255,66,1766,34,203454
5438,4e-05,172.217.194.0-255,2902,4668,34,203454
5439,4.3e-05,172.31.33.0-255,66,4734,34,203454
5440,4.9e-05,172.217.194.0-255,4320,9054,34,203454
5441,6.1e-05,172.31.33.0-255,66,9120,34,203454
5442,8.1e-05,172.217.194.0-255,1484,10604,34,203454
5443,8.4e-05,172.31.33.0-255,66,10670,34,203454
5444,0.000101,172.31.33.0-255,66,10736,34,203454
5445,0.000134,172.217.194.0-255,2048,12784,34,203454
5446,0.000137,172.31.33.0-255,66,12850,34,203454
5447,0.000144,172.217.194.0-255,6797,19647,34,203454
5448,0.000146,172.31.33.0-255,66,19713,34,203454
5449,0.000202,172.217.194.0-255,1484,21197,34,203454
5450,0.000206,172.217.194.0-255,2902,24099,34,203454
5451,0.00021,172.31.33.0-255,66,24165,34,203454
5452,0.000214,172.31.33.0-255,66,24231,34,203454
5453,0.00024,172.217.194.0-255,5738,29969,34,203454
5454,0.000243,172.31.33.0-255,66,30035,34,203454
5455,0.000282,172.31.33.0-255,66,30101,34,203454
5456,0.000311,172.217.194.0-255,2902,33003,34,203454
5457,0.000314,172.31.33.0-255,66,33069,34,203454
5458,0.000343,172.217.194.0-255,7087,40156,34,203454
5459,0.000346,172.31.33.0-255,66,40222,34,203454
5460,0.000348,172.217.194.0-255,365,40587,34,203454
5461,0.00035,172.31.33.0-255,66,40653,34,203454
5462,0.00039,172.217.194.0-255,1484,42137,34,203454
5463,0.000393,172.31.33.0-255,66,42203,34,203454
5464,0.000424,172.217.194.0-255,4320,46523,34,203454
5465,0.000427,172.31.33.0-255,66,46589,34,203454
5466,0.00043,172.217.194.0-255,1484,48073,34,203454
5467,0.000436,172.217.194.0-255,2902,50975,34,203454
5468,0.000439,172.31.33.0-255,66,51041,34,203454
5469,0.000478,172.31.33.0-255,66,51107,34,203454
5470,0.000498,172.31.33.0-255,66,51173,34,203454
5471,0.001153,172.217.194.0-255,1484,52657,34,203454
5472,0.00116,172.217.194.0-255,2902,55559,34,203454
5473,0.001164,172.31.33.0-255,66,55625,34,203454
5474,0.001171,172.217.194.0-255,5738,61363,34,203454
5475,0.001173,172.31.33.0-255,66,61429,34,203454
5476,0.001184,172.217.194.0-255,4320,65749,34,203454
5477,0.001186,172.31.33.0-255,66,65815,34,203454
5478,0.001192,172.217.194.0-255,4320,70135,34,203454
5479,0.001194,172.31.33.0-255,66,70201,34,203454
5480,0.001233,172.217.194.0-255,7156,77357,34,203454
5481,0.001245,172.31.33.0-255,66,77423,34,203454
5482,0.001248,172.31.33.0-255,66,77489,34,203454
5483,0.001994,172.217.194.0-255,1484,78973,34,203454
5484,0.002013,172.217.194.0-255,2902,81875,34,203454
5485,0.002017,172.31.33.0-255,66,81941,34,203454
5486,0.002052,172.217.194.0-255,5738,87679,34,203454
5487,0.002055,172.31.33.0-255,66,87745,34,203454
5488,0.002059,172.217.194.0-255,1484,89229,34,203454
5489,0.002097,172.31.33.0-255,66,89295,34,203454
5490,0.002101,172.217.194.0-255,1484,90779,34,203454
5491,0.002107,172.217.194.0-255,5738,96517,34,203454
5492,0.002113,172.31.33.0-255,66,96583,34,203454
5493,0.00212,172.217.194.0-255,6438,103021,34,203454
5494,0.002122,172.31.33.0-255,66,103087,34,203454
5495,0.002731,172.217.194.0-255,1484,104571,34,203454
5496,0.002738,172.217.194.0-255,2902,107473,34,203454
5497,0.002742,172.31.33.0-255,66,107539,34,203454
5498,0.002786,172.217.194.0-255,5738,113277,34,203454
5499,0.002789,172.31.33.0-255,66,113343,34,203454
5500,0.002799,172.31.33.0-255,66,113409,34,203454
5501,0.002833,172.217.194.0-255,4320,117729,34,203454
5502,0.002835,172.31.33.0-255,66,117795,34,203454
5503,0.002846,172.31.33.0-255,66,117861,34,203454
5504,0.00285,172.217.194.0-255,2184,120045,34,203454
5505,0.002856,172.31.33.0-255,66,120111,34,203454
5506,0.003074,172.217.194.0-255,1484,121595,34,203454
5507,0.00309,172.217.194.0-255,2902,124497,34,203454
5508,0.003092,172.31.33.0-255,66,124563,34,203454
5509,0.003097,172.217.194.0-255,4320,128883,34,203454
5510,0.003099,172.31.33.0-255,66,128949,34,203454
5511,0.003117,172.217.194.0-255,1484,130433,34,203454
5512,0.003124,172.217.194.0-255,2902,133335,34,203454
5513,0.003126,172.31.33.0-255,66,133401,34,203454
5514,0.003149,172.217.194.0-255,7156,140557,34,203454
5515,0.003151,172.31.33.0-255,66,140623,34,203454
5516,0.003193,172.31.33.0-255,66,140689,34,203454
5517,0.003422,172.217.194.0-255,1484,142173,34,203454
5518,0.003441,172.217.194.0-255,2902,145075,34,203454
5519,0.003444,172.31.33.0-255,66,145141,34,203454
5520,0.003447,172.217.194.0-255,1484,146625,34,203454
5521,0.003471,172.217.194.0-255,4320,150945,34,203454
5522,0.003473,172.31.33.0-255,66,151011,34,203454
5523,0.003487,172.31.33.0-255,66,151077,34,203454
5524,0.003514,172.217.194.0-255,1484,152561,34,203454
5525,0.00353,172.217.194.0-255,5738,158299,34,203454
5526,0.003532,172.31.33.0-255,66,158365,34,203454
5527,0.003565,172.31.33.0-255,66,158431,34,203454
5528,0.003618,172.217.194.0-255,1484,159915,34,203454
5529,0.003635,172.217.194.0-255,2902,162817,34,203454
5530,0.003637,172.31.33.0-255,66,162883,34,203454
5531,0.00364,172.217.194.0-255,1484,164367,34,203454
5532,0.003665,172.217.194.0-255,4320,168687,34,203454
5533,0.003667,172.31.33.0-255,66,168753,34,203454
5534,0.003699,172.217.194.0-255,4320,173073,34,203454
5535,0.003702,172.31.33.0-255,66,173139,34,203454
5536,0.003726,172.217.194.0-255,4320,177459,34,203454
5537,0.003728,172.31.33.0-255,66,177525,34,203454
5538,0.003734,172.217.194.0-255,7156,184681,34,203454
5539,0.003737,172.31.33.0-255,66,184747,34,203454
5540,0.003769,172.31.33.0-255,66,184813,34,203454
5541,0.003776,172.217.194.0-255,7156,191969,34,203454
5542,0.003778,172.31.33.0-255,66,192035,34,203454
5543,0.003812,172.31.33.0-255,66,192101,34,203454
5544,0.003821,172.31.33.0-255,66,192167,34,203454
5545,0.003857,172.31.33.0-255,66,192233,34,203454
5546,0.003894,172.31.33.0-255,66,192299,34,203454
5547,0.003904,172.31.33.0-255,66,192365,34,203454
5548,0.003945,172.217.194.0-255,5738,198103,34,203454
5549,0.003948,172.31.33.0-255,66,198169,34,203454
5550,0.003978,172.31.33.0-255,66,198235,34,203454
5551,0.003991,172.31.33.0-255,66,198301,34,203454
5552,0.004013,172.31.33.0-255,66,198367,34,203454
5553,0.004016,172.217.194.0-255,97,198464,34,203454
5554,0.004084,172.217.194.0-255,105,198569,34,203454
5555,0.013177,172.31.33.0-255,66,198635,34,203454
5556,0.013228,172.31.33.0-255,105,198740,34,203454
5557,0.013431,172.217.194.0-255,105,198845,34,203454
5558,0.013443,172.31.33.0-255,78,198923,34,203454
5559,0.015268,172.217.194.0-255,66,198989,34,203454
5560,0.03554,172.31.33.0-255,172,199161,34,203454
5561,0.035571,172.31.33.0-255,1112,200273,34,203454
5562,0.035627,172.31.33.0-255,1514,201787,34,203454
5563,0.035629,172.31.33.0-255,1295,203082,34,203454
5564,0.037086,104.244.42.0-255,66,203148,34,203454
5565,0.037113,104.244.42.0-255,66,203214,34,203454
5566,0.037171,104.244.42.0-255,66,203280,34,203454
5567,0.038191,104.244.42.0-255,108,203388,34,203454
5568,0.038198,172.31.33.0-255,66,203454,34,203454
5569,0.0,172.217.24.0-255,150,150,34,312051
5570,2.5e-05,172.31.33.0-255,66,216,34,312051
5571,3.1e-05,172.217.24.0-255,1484,1700,34,312051
5572,3.5e-05,172.31.33.0-255,66,1766,34,312051
5573,4e-05,172.217.24.0-255,2902,4668,34,312051
5574,4.2e-05,172.31.33.0-255,66,4734,34,312051
5575,7e-05,172.217.24.0-255,7156,11890,34,312051
5576,7.3e-05,172.31.33.0-255,66,11956,34,312051
5577,7.7e-05,172.217.24.0-255,1985,13941,34,312051
5578,8e-05,172.31.33.0-255,66,14007,34,312051
5579,0.000676,172.217.24.0-255,1484,15491,34,312051
5580,0.000682,172.31.33.0-255,66,15557,34,312051
5581,0.000708,172.217.24.0-255,2902,18459,34,312051
5582,0.000711,172.31.33.0-255,66,18525,34,312051
5583,0.000717,172.217.24.0-255,5738,24263,34,312051
5584,0.000719,172.31.33.0-255,66,24329,34,312051
5585,0.000726,172.217.24.0-255,5738,30067,34,312051
5586,0.000727,172.31.33.0-255,66,30133,34,312051
5587,0.000732,172.217.24.0-255,2902,33035,34,312051
5588,0.000734,172.31.33.0-255,66,33101,34,312051
5589,0.000765,172.217.24.0-255,3961,37062,34,312051
5590,0.000769,172.31.33.0-255,66,37128,34,312051
5591,0.000782,172.31.33.0-255,66,37194,34,312051
5592,0.00079,172.31.33.0-255,66,37260,34,312051
5593,0.000817,172.217.24.0-255,5020,42280,34,312051
5594,0.00082,172.31.33.0-255,66,42346,34,312051
5595,0.000823,172.217.24.0-255,392,42738,34,312051
5596,0.000825,172.31.33.0-255,66,42804,34,312051
5597,0.00178,172.217.24.0-255,115,42919,34,312051
5598,0.001786,172.31.33.0-255,66,42985,34,312051
5599,0.002001,172.217.24.0-255,1484,44469,34,312051
5600,0.002005,172.217.24.0-255,1484,45953,34,312051
5601,0.002007,172.31.33.0-255,66,46019,34,312051
5602,0.002027,172.217.24.0-255,1484,47503,34,312051
5603,0.002033,172.217.24.0-255,5738,53241,34,312051
5604,0.002035,172.31.33.0-255,66,53307,34,312051
5605,0.002038,172.217.24.0-255,1484,54791,34,312051
5606,0.002061,172.217.24.0-255,2902,57693,34,312051
5607,0.002063,172.31.33.0-255,66,57759,34,312051
5608,0.002069,172.217.24.0-255,5738,63497,34,312051
5609,0.00207,172.31.33.0-255,66,63563,34,312051
5610,0.002077,172.217.24.0-255,7156,70719,34,312051
5611,0.002082,172.31.33.0-255,66,70785,34,312051
5612,0.002109,172.217.24.0-255,4320,75105,34,312051
5613,0.002111,172.31.33.0-255,66,75171,34,312051
5614,0.002114,172.217.24.0-255,2184,77355,34,312051
5615,0.002116,172.31.33.0-255,66,77421,34,312051
5616,0.002742,172.217.24.0-255,1484,78905,34,312051
5617,0.00276,172.217.24.0-255,2902,81807,34,312051
5618,0.002763,172.31.33.0-255,66,81873,34,312051
5619,0.002767,172.217.24.0-255,4320,86193,34,312051
5620,0.002769,172.31.33.0-255,66,86259,34,312051
5621,0.002785,172.217.24.0-255,1484,87743,34,312051
5622,0.002814,172.31.33.0-255,66,87809,34,312051
5623,0.002821,172.217.24.0-255,7156,94965,34,312051
5624,0.002822,172.31.33.0-255,66,95031,34,312051
5625,0.002853,172.217.24.0-255,5020,100051,34,312051
5626,0.002856,172.31.33.0-255,66,100117,34,312051
5627,0.002877,172.217.24.0-255,1484,101601,34,312051
5628,0.002881,172.217.24.0-255,2902,104503,34,312051
5629,0.002883,172.31.33.0-255,66,104569,34,312051
5630,0.002886,172.217.24.0-255,1484,106053,34,312051
5631,0.002907,172.217.24.0-255,1484,107537,34,312051
5632,0.002909,172.31.33.0-255,66,107603,34,312051
5633,0.002914,172.217.24.0-255,4320,111923,34,312051
5634,0.002916,172.31.33.0-255,66,111989,34,312051
5635,0.002923,172.217.24.0-255,7156,119145,34,312051
5636,0.002928,172.31.33.0-255,66,119211,34,312051
5637,0.002945,172.217.24.0-255,1484,120695,34,312051
5638,0.002949,172.217.24.0-255,2902,123597,34,312051
5639,0.002951,172.31.33.0-255,66,123663,34,312051
5640,0.002982,172.31.33.0-255,66,123729,34,312051
5641,0.00308,172.217.24.0-255,1484,125213,34,312051
5642,0.003093,172.217.24.0-255,2902,128115,34,312051
5643,0.003094,172.31.33.0-255,66,128181,34,312051
5644,0.003117,172.217.24.0-255,4320,132501,34,312051
5645,0.003119,172.31.33.0-255,66,132567,34,312051
5646,0.003122,172.217.24.0-255,1484,134051,34,312051
5647,0.003143,172.217.24.0-255,7156,141207,34,312051
5648,0.003145,172.31.33.0-255,66,141273,34,312051
5649,0.003152,172.217.24.0-255,5738,147011,34,312051
5650,0.003154,172.31.33.0-255,66,147077,34,312051
5651,0.003177,172.217.24.0-255,1484,148561,34,312051
5652,0.00318,172.217.24.0-255,2902,151463,34,312051
5653,0.003183,172.31.33.0-255,66,151529,34,312051
5654,0.003187,172.217.24.0-255,4320,155849,34,312051
5655,0.003189,172.31.33.0-255,66,155915,34,312051
5656,0.003213,172.217.24.0-255,2184,158099,34,312051
5657,0.003215,172.31.33.0-255,66,158165,34,312051
5658,0.003339,172.217.24.0-255,1484,159649,34,312051
5659,0.003342,172.217.24.0-255,1484,161133,34,312051
5660,0.003344,172.31.33.0-255,66,161199,34,312051
5661,0.003355,172.217.24.0-255,1484,162683,34,312051
5662,0.00336,172.217.24.0-255,1484,164167,34,312051
5663,0.003362,172.31.33.0-255,66,164233,34,312051
5664,0.003387,172.217.24.0-255,2902,167135,34,312051
5665,0.003405,172.217.24.0-255,2902,170037,34,312051
5666,0.003419,172.217.24.0-255,5738,175775,34,312051
5667,0.003434,172.217.24.0-255,1484,177259,34,312051
5668,0.003459,172.217.24.0-255,4320,181579,34,312051
5669,0.003469,172.217.24.0-255,2184,183763,34,312051
5670,0.003773,172.217.24.0-255,1484,185247,34,312051
5671,0.003785,172.217.24.0-255,2902,188149,34,312051
5672,0.003805,172.217.24.0-255,4320,192469,34,312051
5673,0.003814,172.217.24.0-255,1484,193953,34,312051
5674,0.003817,172.217.24.0-255,2902,196855,34,312051
5675,0.003846,172.217.24.0-255,2902,199757,34,312051
5676,0.003852,172.217.24.0-255,7156,206913,34,312051
5677,0.003864,172.217.24.0-255,2902,209815,34,312051
5678,0.00404,172.217.24.0-255,1484,211299,34,312051
5679,0.004065,172.217.24.0-255,2902,214201,34,312051
5680,0.004068,172.217.24.0-255,1484,215685,34,312051
5681,0.004071,172.217.24.0-255,2902,218587,34,312051
5682,0.004086,172.31.33.0-255,66,218653,34,312051
5683,0.004094,172.217.24.0-255,1484,220137,34,312051
5684,0.004116,172.217.24.0-255,4320,224457,34,312051
5685,0.004125,172.31.33.0-255,66,224523,34,312051
5686,0.004185,172.31.33.0-255,66,224589,34,312051
5687,0.004186,172.217.24.0-255,5738,230327,34,312051
5688,0.00419,172.31.33.0-255,66,230393,34,312051
5689,0.004191,172.217.24.0-255,3602,233995,34,312051
5690,0.004201,172.31.33.0-255,66,234061,34,312051
5691,0.004328,172.217.24.0-255,1484,235545,34,312051
5692,0.004343,172.217.24.0-255,2902,238447,34,312051
5693,0.004346,172.217.24.0-255,1484,239931,34,312051
5694,0.004353,172.31.33.0-255,66,239997,34,312051
5695,0.004366,172.217.24.0-255,4320,244317,34,312051
5696,0.004371,172.31.33.0-255,66,244383,34,312051
5697,0.004375,172.217.24.0-255,5738,250121,34,312051
5698,0.004382,172.31.33.0-255,66,250187,34,312051
5699,0.004401,172.217.24.0-255,7156,257343,34,312051
5700,0.004411,172.31.33.0-255,66,257409,34,312051
5701,0.00444,172.217.24.0-255,7156,264565,34,312051
5702,0.004445,172.31.33.0-255,66,264631,34,312051
5703,0.004473,172.217.24.0-255,3602,268233,34,312051
5704,0.004486,172.31.33.0-255,66,268299,34,312051
5705,0.004486,172.217.24.0-255,4320,272619,34,312051
5706,0.004489,172.217.24.0-255,2902,275521,34,312051
5707,0.004491,172.31.33.0-255,66,275587,34,312051
5708,0.004508,172.31.33.0-255,66,275653,34,312051
5709,0.004514,172.217.24.0-255,2902,278555,34,312051
5710,0.00452,172.217.24.0-255,2902,281457,34,312051
5711,0.004522,172.31.33.0-255,66,281523,34,312051
5712,0.004554,172.31.33.0-255,66,281589,34,312051
5713,0.00459,172.217.24.0-255,2184,283773,34,312051
5714,0.0046,172.31.33.0-255,66,283839,34,312051
5715,0.004617,172.217.24.0-255,2902,286741,34,312051
5716,0.004621,172.31.33.0-255,66,286807,34,312051
5717,0.004648,172.217.24.0-255,2902,289709,34,312051
5718,0.004651,172.31.33.0-255,66,289775,34,312051
5719,0.004655,172.217.24.0-255,1484,291259,34,312051
5720,0.004681,172.217.24.0-255,2902,294161,34,312051
5721,0.004686,172.217.24.0-255,4320,298481,34,312051
5722,0.004691,172.31.33.0-255,66,298547,34,312051
5723,0.004696,172.31.33.0-255,66,298613,34,312051
5724,0.004701,172.217.24.0-255,1484,300097,34,312051
5725,0.004704,172.217.24.0-255,1484,301581,34,312051
5726,0.004709,172.31.33.0-255,66,301647,34,312051
5727,0.004717,172.217.24.0-255,1484,303131,34,312051
5728,0.004735,172.217.24.0-255,2902,306033,34,312051
5729,0.004738,172.31.33.0-255,66,306099,34,312051
5730,0.004748,172.217.24.0-255,1484,307583,34,312051
5731,0.004772,172.217.24.0-255,3963,311546,34,312051
5732,0.004775,172.217.24.0-255,97,311643,34,312051
5733,0.004777,172.31.33.0-255,66,311709,34,312051
5734,0.004834,172.217.24.0-255,105,311814,34,312051
5735,0.006897,172.31.33.0-255,66,311880,34,312051
5736,0.006931,172.31.33.0-255,105,311985,34,312051
5737,0.008839,172.217.24.0-255,66,312051,34,312051
5738,0.0,172.217.194.0-255,146,146,34,237787
5739,2.5e-05,172.31.33.0-255,66,212,34,237787
5740,3.2e-05,172.217.194.0-255,1484,1696,34,237787
5741,3.5e-05,172.31.33.0-255,66,1762,34,237787
5742,4e-05,172.217.194.0-255,2902,4664,34,237787
5743,4.2e-05,172.31.33.0-255,66,4730,34,237787
5744,4.9e-05,172.217.194.0-255,7156,11886,34,237787
5745,5.1e-05,172.31.33.0-255,66,11952,34,237787
5746,7.6e-05,172.217.194.0-255,2902,14854,34,237787
5747,7.8e-05,172.31.33.0-255,66,14920,34,237787
5748,0.000109,172.31.33.0-255,66,14986,34,237787
5749,0.000113,172.217.194.0-255,2543,17529,34,237787
5750,0.000114,172.31.33.0-255,66,17595,34,237787
5751,0.000375,172.217.194.0-255,1484,19079,34,237787
5752,0.000379,172.31.33.0-255,66,19145,34,237787
5753,0.000394,172.217.194.0-255,2902,22047,34,237787
5754,0.000396,172.31.33.0-255,66,22113,34,237787
5755,0.00041,172.217.194.0-255,1484,23597,34,237787
5756,0.000413,172.31.33.0-255,66,23663,34,237787
5757,0.000437,172.217.194.0-255,4320,27983,34,237787
5758,0.000439,172.31.33.0-255,66,28049,34,237787
5759,0.000442,172.217.194.0-255,1484,29533,34,237787
5760,0.000443,172.31.33.0-255,66,29599,34,237787
5761,0.000459,172.217.194.0-255,7156,36755,34,237787
5762,0.000462,172.31.33.0-255,66,36821,34,237787
5763,0.00048,172.217.194.0-255,5379,42200,34,237787
5764,0.000482,172.31.33.0-255,66,42266,34,237787
5765,0.000495,172.217.194.0-255,1484,43750,34,237787
5766,0.000498,172.31.33.0-255,66,43816,34,237787
5767,0.000515,172.217.194.0-255,7156,50972,34,237787
5768,0.000517,172.31.33.0-255,66,51038,34,237787
5769,0.000535,172.217.194.0-255,1402,52440,34,237787
5770,0.000589,172.217.194.0-255,1484,53924,34,237787
5771,0.000593,172.31.33.0-255,66,53990,34,237787
5772,0.000602,172.217.194.0-255,2902,56892,34,237787
5773,0.000604,172.31.33.0-255,66,56958,34,237787
5774,0.000607,172.217.194.0-255,1484,58442,34,237787
5775,0.00062,172.217.194.0-255,4320,62762,34,237787
5776,0.000622,172.31.33.0-255,66,62828,34,237787
5777,0.000653,172.217.194.0-255,7087,69915,34,237787
5778,0.000655,172.31.33.0-255,66,69981,34,237787
5779,0.000658,172.217.194.0-255,1484,71465,34,237787
5780,0.000676,172.217.194.0-255,5738,77203,34,237787
5781,0.000679,172.31.33.0-255,66,77269,34,237787
5782,0.000751,172.217.194.0-255,1484,78753,34,237787
5783,0.00077,172.31.33.0-255,66,78819,34,237787
5784,0.000809,172.217.194.0-255,1484,80303,34,237787
5785,0.000827,172.217.194.0-255,2902,83205,34,237787
5786,0.00083,172.31.33.0-255,66,83271,34,237787
5787,0.000836,172.217.194.0-255,5738,89009,34,237787
5788,0.000837,172.31.33.0-255,66,89075,34,237787
5789,0.000876,172.31.33.0-255,66,89141,34,237787
5790,0.000885,172.31.33.0-255,66,89207,34,237787
5791,0.000913,172.217.194.0-255,2184,91391,34,237787
5792,0.000916,172.31.33.0-255,66,91457,34,237787
5793,0.002025,172.217.194.0-255,1484,92941,34,237787
5794,0.002036,172.217.194.0-255,2902,95843,34,237787
5795,0.002041,172.31.33.0-255,66,95909,34,237787
5796,0.002048,172.217.194.0-255,5738,101647,34,237787
5797,0.00205,172.31.33.0-255,66,101713,34,237787
5798,0.002069,172.217.194.0-255,4320,106033,34,237787
5799,0.002072,172.31.33.0-255,66,106099,34,237787
5800,0.002095,172.31.33.0-255,66,106165,34,237787
5801,0.002102,172.217.194.0-255,5738,111903,34,237787
5802,0.002103,172.31.33.0-255,66,111969,34,237787
5803,0.002117,172.217.194.0-255,5020,116989,34,237787
5804,0.00212,172.31.33.0-255,66,117055,34,237787
5805,0.002337,172.217.194.0-255,1484,118539,34,237787
5806,0.002355,172.217.194.0-255,2902,121441,34,237787
5807,0.002357,172.31.33.0-255,66,121507,34,237787
5808,0.002364,172.217.194.0-255,5738,127245,34,237787
5809,0.002365,172.31.33.0-255,66,127311,34,237787
5810,0.002387,172.217.194.0-255,5738,133049,34,237787
5811,0.002388,172.31.33.0-255,66,133115,34,237787
5812,0.002411,172.217.194.0-255,7156,140271,34,237787
5813,0.002413,172.31.33.0-255,66,140337,34,237787
5814,0.002427,172.217.194.0-255,5738,146075,34,237787
5815,0.002429,172.31.33.0-255,66,146141,34,237787
5816,0.002467,172.31.33.0-255,66,146207,34,237787
5817,0.00248,172.31.33.0-255,66,146273,34,237787
5818,0.002501,172.217.194.0-255,7156,153429,34,237787
5819,0.002502,172.31.33.0-255,66,153495,34,237787
5820,0.00252,172.217.194.0-255,6438,159933,34,237787
5821,0.002522,172.31.33.0-255,66,159999,34,237787
5822,0.002526,172.217.194.0-255,2902,162901,34,237787
5823,0.002528,172.31.33.0-255,66,162967,34,237787
5824,0.00256,172.31.33.0-255,66,163033,34,237787
5825,0.00257,172.217.194.0-255,1484,164517,34,237787
5826,0.002576,172.217.194.0-255,5738,170255,34,237787
5827,0.002578,172.31.33.0-255,66,170321,34,237787
5828,0.002597,172.31.33.0-255,66,170387,34,237787
5829,0.002599,172.217.194.0-255,766,171153,34,237787
5830,0.00267,172.217.194.0-255,1484,172637,34,237787
5831,0.002673,172.31.33.0-255,66,172703,34,237787
5832,0.00269,172.217.194.0-255,2902,175605,34,237787
5833,0.002692,172.31.33.0-255,66,175671,34,237787
5834,0.002695,172.217.194.0-255,1484,177155,34,237787
5835,0.002719,172.217.194.0-255,4320,181475,34,237787
5836,0.002721,172.31.33.0-255,66,181541,34,237787
5837,0.002731,172.31.33.0-255,66,181607,34,237787
5838,0.002759,172.31.33.0-255,66,181673,34,237787
5839,0.002771,172.217.194.0-255,6438,188111,34,237787
5840,0.002774,172.31.33.0-255,66,188177,34,237787
5841,0.002814,172.217.194.0-255,4320,192497,34,237787
5842,0.002861,172.217.194.0-255,5738,198235,34,237787
5843,0.002871,172.217.194.0-255,2184,200419,34,237787
5844,0.002874,172.217.194.0-255,1484,201903,34,237787
5845,0.002876,172.217.194.0-255,1484,203387,34,237787
5846,0.002889,172.217.194.0-255,2902,206289,34,237787
5847,0.002976,172.217.194.0-255,2184,208473,34,237787
5848,0.003046,172.217.194.0-255,1484,209957,34,237787
5849,0.003076,172.217.194.0-255,1484,211441,34,237787
5850,0.003088,172.217.194.0-255,2902,214343,34,237787
5851,0.003104,172.217.194.0-255,1484,215827,34,237787
5852,0.003109,172.217.194.0-255,4320,220147,34,237787
5853,0.003164,172.217.194.0-255,7156,227303,34,237787
5854,0.003182,172.217.194.0-255,2902,230205,34,237787
5855,0.003186,172.217.194.0-255,2766,232971,34,237787
5856,0.003188,172.217.194.0-255,105,233076,34,237787
5857,0.011343,172.31.33.0-255,66,233142,34,237787
5858,0.012319,172.217.194.0-255,105,233247,34,237787
5859,0.012336,172.31.33.0-255,78,233325,34,237787
5860,0.016565,172.31.33.0-255,105,233430,34,237787
5861,0.018763,172.217.194.0-255,66,233496,34,237787
5862,0.036581,172.31.33.0-255,172,233668,34,237787
5863,0.036612,172.31.33.0-255,1112,234780,34,237787
5864,0.036662,172.31.33.0-255,1514,236294,34,237787
5865,0.036663,172.31.33.0-255,1295,237589,34,237787
5866,0.038148,104.244.42.0-255,66,237655,34,237787
5867,0.038169,104.244.42.0-255,66,237721,34,237787
5868,0.038236,104.244.42.0-255,66,237787,34,237787
5869,0.0,172.217.160.0-255,152,152,34,214266
5870,1.4e-05,172.31.33.0-255,66,218,34,214266
5871,1.9e-05,172.217.160.0-255,1484,1702,34,214266
5872,2.3e-05,172.31.33.0-255,66,1768,34,214266
5873,2.8e-05,172.217.160.0-255,2902,4670,34,214266
5874,3.8e-05,172.31.33.0-255,66,4736,34,214266
5875,4.4e-05,172.217.160.0-255,7156,11892,34,214266
5876,4.7e-05,172.31.33.0-255,66,11958,34,214266
5877,6.7e-05,172.217.160.0-255,4320,16278,34,214266
5878,7e-05,172.31.33.0-255,66,16344,34,214266
5879,0.000104,172.31.33.0-255,66,16410,34,214266
5880,0.00013,172.217.160.0-255,6797,23207,34,214266
5881,0.000132,172.31.33.0-255,66,23273,34,214266
5882,0.000158,172.217.160.0-255,1484,24757,34,214266
5883,0.00016,172.31.33.0-255,66,24823,34,214266
5884,0.000163,172.217.160.0-255,2902,27725,34,214266
5885,0.000165,172.31.33.0-255,66,27791,34,214266
5886,0.000167,172.217.160.0-255,1484,29275,34,214266
5887,0.000168,172.31.33.0-255,66,29341,34,214266
5888,0.000195,172.217.160.0-255,4320,33661,34,214266
5889,0.000197,172.31.33.0-255,66,33727,34,214266
5890,0.000226,172.217.160.0-255,5738,39465,34,214266
5891,0.000228,172.31.33.0-255,66,39531,34,214266
5892,0.000253,172.31.33.0-255,66,39597,34,214266
5893,0.000258,172.217.160.0-255,7156,46753,34,214266
5894,0.000259,172.31.33.0-255,66,46819,34,214266
5895,0.000262,172.217.160.0-255,2849,49668,34,214266
5896,0.000263,172.31.33.0-255,66,49734,34,214266
5897,0.000549,172.217.160.0-255,105,49839,34,214266
5898,0.000554,172.31.33.0-255,66,49905,34,214266
5899,0.000642,172.217.160.0-255,1484,51389,34,214266
5900,0.000648,172.217.160.0-255,2902,54291,34,214266
5901,0.000652,172.31.33.0-255,66,54357,34,214266
5902,0.000658,172.217.160.0-255,5738,60095,34,214266
5903,0.000661,172.31.33.0-255,66,60161,34,214266
5904,0.000665,172.217.160.0-255,2902,63063,34,214266
5905,0.000672,172.31.33.0-255,66,63129,34,214266
5906,0.000716,172.31.33.0-255,66,63195,34,214266
5907,0.00072,172.217.160.0-255,1484,64679,34,214266
5908,0.000759,172.31.33.0-255,66,64745,34,214266
5909,0.001712,172.217.160.0-255,1484,66229,34,214266
5910,0.00172,172.217.160.0-255,2902,69131,34,214266
5911,0.001724,172.31.33.0-255,66,69197,34,214266
5912,0.001731,172.217.160.0-255,5738,74935,34,214266
5913,0.001733,172.31.33.0-255,66,75001,34,214266
5914,0.001737,172.217.160.0-255,2902,77903,34,214266
5915,0.001744,172.31.33.0-255,66,77969,34,214266
5916,0.001748,172.217.160.0-255,2902,80871,34,214266
5917,0.00175,172.31.33.0-255,66,80937,34,214266
5918,0.001791,172.31.33.0-255,66,81003,34,214266
5919,0.001816,172.217.160.0-255,3602,84605,34,214266
5920,0.001818,172.31.33.0-255,66,84671,34,214266
5921,0.001892,172.217.160.0-255,1484,86155,34,214266
5922,0.001896,172.217.160.0-255,2902,89057,34,214266
5923,0.001899,172.31.33.0-255,66,89123,34,214266
5924,0.00192,172.217.160.0-255,1484,90607,34,214266
5925,0.001925,172.217.160.0-255,4320,94927,34,214266
5926,0.001927,172.31.33.0-255,66,94993,34,214266
5927,0.001955,172.217.160.0-255,4320,99313,34,214266
5928,0.001957,172.31.33.0-255,66,99379,34,214266
5929,0.001963,172.217.160.0-255,5738,105117,34,214266
5930,0.001965,172.31.33.0-255,66,105183,34,214266
5931,0.001988,172.217.160.0-255,4320,109503,34,214266
5932,0.00199,172.31.33.0-255,66,109569,34,214266
5933,0.00202,172.31.33.0-255,66,109635,34,214266
5934,0.002037,172.31.33.0-255,66,109701,34,214266
5935,0.002078,172.31.33.0-255,66,109767,34,214266
5936,0.00208,172.217.160.0-255,1484,111251,34,214266
5937,0.002103,172.217.160.0-255,2902,114153,34,214266
5938,0.002105,172.31.33.0-255,66,114219,34,214266
5939,0.002111,172.217.160.0-255,5738,119957,34,214266
5940,0.002112,172.31.33.0-255,66,120023,34,214266
5941,0.002149,172.31.33.0-255,66,120089,34,214266
5942,0.002158,172.31.33.0-255,66,120155,34,214266
5943,0.00223,172.31.33.0-255,66,120221,34,214266
5944,0.00224,172.31.33.0-255,66,120287,34,214266
5945,0.002254,172.217.160.0-255,4320,124607,34,214266
5946,0.002257,172.31.33.0-255,66,124673,34,214266
5947,0.002287,172.31.33.0-255,66,124739,34,214266
5948,0.002309,172.217.160.0-255,1484,126223,34,214266
5949,0.002327,172.217.160.0-255,2902,129125,34,214266
5950,0.00233,172.31.33.0-255,66,129191,34,214266
5951,0.002336,172.217.160.0-255,5738,134929,34,214266
5952,0.002338,172.31.33.0-255,66,134995,34,214266
5953,0.002341,172.217.160.0-255,1484,136479,34,214266
5954,0.002368,172.217.160.0-255,4320,140799,34,214266
5955,0.00237,172.31.33.0-255,66,140865,34,214266
5956,0.002376,172.217.160.0-255,5738,146603,34,214266
5957,0.002378,172.31.33.0-255,66,146669,34,214266
5958,0.002409,172.217.160.0-255,7156,153825,34,214266
5959,0.002412,172.31.33.0-255,66,153891,34,214266
5960,0.002417,172.217.160.0-255,5020,158911,34,214266
5961,0.002419,172.31.33.0-255,66,158977,34,214266
5962,0.002513,172.217.160.0-255,1484,160461,34,214266
5963,0.002517,172.217.160.0-255,1484,161945,34,214266
5964,0.002521,172.31.33.0-255,66,162011,34,214266
5965,0.002575,172.217.160.0-255,1484,163495,34,214266
5966,0.002584,172.217.160.0-255,5738,169233,34,214266
5967,0.002588,172.31.33.0-255,66,169299,34,214266
5968,0.002596,172.217.160.0-255,4320,173619,34,214266
5969,0.002609,172.31.33.0-255,66,173685,34,214266
5970,0.002622,172.217.160.0-255,5738,179423,34,214266
5971,0.002627,172.31.33.0-255,66,179489,34,214266
5972,0.002643,172.31.33.0-255,66,179555,34,214266
5973,0.002648,172.217.160.0-255,2184,181739,34,214266
5974,0.002651,172.31.33.0-255,66,181805,34,214266
5975,0.002657,172.217.160.0-255,2902,184707,34,214266
5976,0.00266,172.31.33.0-255,66,184773,34,214266
5977,0.002669,172.217.160.0-255,7156,191929,34,214266
5978,0.002673,172.31.33.0-255,66,191995,34,214266
5979,0.002694,172.31.33.0-255,66,192061,34,214266
5980,0.002704,172.217.160.0-255,7156,199217,34,214266
5981,0.002707,172.31.33.0-255,66,199283,34,214266
5982,0.002714,172.217.160.0-255,5020,204303,34,214266
5983,0.002718,172.31.33.0-255,66,204369,34,214266
5984,0.002726,172.217.160.0-255,5738,210107,34,214266
5985,0.002729,172.31.33.0-255,66,210173,34,214266
5986,0.002751,172.217.160.0-255,2902,213075,34,214266
5987,0.00276,172.217.160.0-255,849,213924,34,214266
5988,0.002789,172.217.160.0-255,105,214029,34,214266
5989,0.007216,172.31.33.0-255,66,214095,34,214266
5990,0.009671,172.31.33.0-255,105,214200,34,214266
5991,0.011289,172.217.160.0-255,66,214266,34,214266
5992,0.0,172.217.194.0-255,153,153,34,149385
5993,2.5e-05,172.31.33.0-255,66,219,34,149385
5994,3.2e-05,172.217.194.0-255,1484,1703,34,149385
5995,3.6e-05,172.31.33.0-255,66,1769,34,149385
5996,4.2e-05,172.217.194.0-255,2902,4671,34,149385
5997,5.2e-05,172.31.33.0-255,66,4737,34,149385
5998,6e-05,172.217.194.0-255,7156,11893,34,149385
5999,6.2e-05,172.31.33.0-255,66,11959,34,149385
6000,6.7e-05,172.217.194.0-255,2128,14087,34,149385
6001,7e-05,172.31.33.0-255,66,14153,34,149385
6002,0.000122,172.31.33.0-255,66,14219,34,149385
6003,0.000153,172.217.194.0-255,1484,15703,34,149385
6004,0.000156,172.31.33.0-255,66,15769,34,149385
6005,0.000175,172.31.33.0-255,66,15835,34,149385
6006,0.00018,172.217.194.0-255,4320,20155,34,149385
6007,0.000183,172.31.33.0-255,66,20221,34,149385
6008,0.000226,172.31.33.0-255,66,20287,34,149385
6009,0.000385,172.217.194.0-255,1484,21771,34,149385
6010,0.000391,172.31.33.0-255,66,21837,34,149385
6011,0.000399,172.217.194.0-255,2902,24739,34,149385
6012,0.000402,172.31.33.0-255,66,24805,34,149385
6013,0.000413,172.217.194.0-255,4320,29125,34,149385
6014,0.000417,172.31.33.0-255,66,29191,34,149385
6015,0.000442,172.217.194.0-255,1484,30675,34,149385
6016,0.000449,172.31.33.0-255,66,30741,34,149385
6017,0.000457,172.217.194.0-255,5738,36479,34,149385
6018,0.000459,172.31.33.0-255,66,36545,34,149385
6019,0.000462,172.217.194.0-255,1125,37670,34,149385
6020,0.000465,172.31.33.0-255,66,37736,34,149385
6021,0.000514,172.217.194.0-255,378,38114,34,149385
6022,0.000549,172.217.194.0-255,1484,39598,34,149385
6023,0.000553,172.31.33.0-255,66,39664,34,149385
6024,0.000559,172.217.194.0-255,4320,43984,34,149385
6025,0.000561,172.31.33.0-255,66,44050,34,149385
6026,0.000573,172.217.194.0-255,4320,48370,34,149385
6027,0.000576,172.31.33.0-255,66,48436,34,149385
6028,0.000616,172.31.33.0-255,66,48502,34,149385
6029,0.000646,172.217.194.0-255,7156,55658,34,149385
6030,0.000651,172.31.33.0-255,66,55724,34,149385
6031,0.00067,172.217.194.0-255,6737,62461,34,149385
6032,0.000673,172.31.33.0-255,66,62527,34,149385
6033,0.00106,172.217.194.0-255,1484,64011,34,149385
6034,0.001067,172.217.194.0-255,2902,66913,34,149385
6035,0.001071,172.31.33.0-255,66,66979,34,149385
6036,0.001076,172.217.194.0-255,4320,71299,34,149385
6037,0.001078,172.31.33.0-255,66,71365,34,149385
6038,0.00111,172.217.194.0-255,1484,72849,34,149385
6039,0.001126,172.31.33.0-255,66,72915,34,149385
6040,0.001131,172.217.194.0-255,2902,75817,34,149385
6041,0.001134,172.31.33.0-255,66,75883,34,149385
6042,0.001165,172.31.33.0-255,66,75949,34,149385
6043,0.001188,172.217.194.0-255,1484,77433,34,149385
6044,0.001192,172.217.194.0-255,2902,80335,34,149385
6045,0.001195,172.31.33.0-255,66,80401,34,149385
6046,0.001216,172.217.194.0-255,5738,86139,34,149385
6047,0.001219,172.31.33.0-255,66,86205,34,149385
6048,0.001257,172.31.33.0-255,66,86271,34,149385
6049,0.001278,172.217.194.0-255,1484,87755,34,149385
6050,0.001282,172.217.194.0-255,1484,89239,34,149385
6051,0.001285,172.31.33.0-255,66,89305,34,149385
6052,0.001296,172.31.33.0-255,66,89371,34,149385
6053,0.001325,172.217.194.0-255,1484,90855,34,149385
6054,0.001337,172.217.194.0-255,2902,93757,34,149385
6055,0.00134,172.31.33.0-255,66,93823,34,149385
6056,0.001371,172.217.194.0-255,5738,99561,34,149385
6057,0.001375,172.31.33.0-255,66,99627,34,149385
6058,0.001388,172.31.33.0-255,66,99693,34,149385
6059,0.001405,172.31.33.0-255,66,99759,34,149385
6060,0.001435,172.217.194.0-255,2184,101943,34,149385
6061,0.001438,172.31.33.0-255,66,102009,34,149385
6062,0.001538,172.217.194.0-255,1484,103493,34,149385
6063,0.001543,172.217.194.0-255,2902,106395,34,149385
6064,0.001547,172.31.33.0-255,66,106461,34,149385
6065,0.00155,172.217.194.0-255,1484,107945,34,149385
6066,0.001573,172.217.194.0-255,4320,112265,34,149385
6067,0.001577,172.31.33.0-255,66,112331,34,149385
6068,0.001583,172.217.194.0-255,5738,118069,34,149385
6069,0.001586,172.31.33.0-255,66,118135,34,149385
6070,0.001623,172.217.194.0-255,7156,125291,34,149385
6071,0.001626,172.31.33.0-255,66,125357,34,149385
6072,0.001642,172.31.33.0-255,66,125423,34,149385
6073,0.001649,172.217.194.0-255,5738,131161,34,149385
6074,0.001653,172.31.33.0-255,66,131227,34,149385
6075,0.001708,172.31.33.0-255,66,131293,34,149385
6076,0.001729,172.31.33.0-255,66,131359,34,149385
6077,0.001779,172.31.33.0-255,66,131425,34,149385
6078,0.001824,172.31.33.0-255,66,131491,34,149385
6079,0.001855,172.31.33.0-255,66,131557,34,149385
6080,0.001877,172.31.33.0-255,66,131623,34,149385
6081,0.001907,172.217.194.0-255,6438,138061,34,149385
6082,0.00191,172.31.33.0-255,66,138127,34,149385
6083,0.001936,172.31.33.0-255,66,138193,34,149385
6084,0.001951,172.31.33.0-255,66,138259,34,149385
6085,0.001982,172.217.194.0-255,6411,144670,34,149385
6086,0.001985,172.31.33.0-255,66,144736,34,149385
6087,0.001988,172.217.194.0-255,105,144841,34,149385
6088,0.007241,172.31.33.0-255,66,144907,34,149385
6089,0.007265,172.31.33.0-255,105,145012,34,149385
6090,0.009522,172.217.194.0-255,66,145078,34,149385
6091,0.033116,172.31.33.0-255,188,145266,34,149385
6092,0.033141,172.31.33.0-255,957,146223,34,149385
6093,0.03318,172.31.33.0-255,1514,147737,34,149385
6094,0.033181,172.31.33.0-255,1450,149187,34,149385
6095,0.034664,104.244.42.0-255,66,149253,34,149385
6096,0.034702,104.244.42.0-255,66,149319,34,149385
6097,0.03479,104.244.42.0-255,66,149385,34,149385
6098,0.0,172.217.24.0-255,220,220,34,294935
6099,1.3e-05,172.31.33.0-255,66,286,34,294935
6100,2e-05,172.217.24.0-255,1484,1770,34,294935
6101,2.3e-05,172.31.33.0-255,66,1836,34,294935
6102,2.7e-05,172.217.24.0-255,1484,3320,34,294935
6103,2.9e-05,172.31.33.0-255,66,3386,34,294935
6104,5.1e-05,172.217.24.0-255,2902,6288,34,294935
6105,5.4e-05,172.31.33.0-255,66,6354,34,294935
6106,5.8e-05,172.217.24.0-255,2902,9256,34,294935
6107,6e-05,172.31.33.0-255,66,9322,34,294935
6108,6.5e-05,172.217.24.0-255,4320,13642,34,294935
6109,6.7e-05,172.31.33.0-255,66,13708,34,294935
6110,9.7e-05,172.217.24.0-255,4320,18028,34,294935
6111,9.8e-05,172.31.33.0-255,66,18094,34,294935
6112,0.000117,172.217.24.0-255,4800,22894,34,294935
6113,0.000119,172.31.33.0-255,66,22960,34,294935
6114,0.000125,172.217.24.0-255,7156,30116,34,294935
6115,0.000127,172.31.33.0-255,66,30182,34,294935
6116,0.000129,172.217.24.0-255,1125,31307,34,294935
6117,0.000132,172.31.33.0-255,66,31373,34,294935
6118,0.000252,172.217.24.0-255,1484,32857,34,294935
6119,0.000256,172.31.33.0-255,66,32923,34,294935
6120,0.000277,172.217.24.0-255,2902,35825,34,294935
6121,0.00028,172.31.33.0-255,66,35891,34,294935
6122,0.000285,172.217.24.0-255,5738,41629,34,294935
6123,0.000287,172.31.33.0-255,66,41695,34,294935
6124,0.000337,172.31.33.0-255,66,41761,34,294935
6125,0.000347,172.31.33.0-255,66,41827,34,294935
6126,0.00035,172.217.24.0-255,1062,42889,34,294935
6127,0.000352,172.31.33.0-255,66,42955,34,294935
6128,0.000999,172.217.24.0-255,134,43089,34,294935
6129,0.001244,172.217.24.0-255,1484,44573,34,294935
6130,0.00125,172.31.33.0-255,66,44639,34,294935
6131,0.001256,172.217.24.0-255,2902,47541,34,294935
6132,0.001257,172.31.33.0-255,66,47607,34,294935
6133,0.001285,172.217.24.0-255,5738,53345,34,294935
6134,0.001287,172.31.33.0-255,66,53411,34,294935
6135,0.001299,172.217.24.0-255,2902,56313,34,294935
6136,0.001301,172.31.33.0-255,66,56379,34,294935
6137,0.001315,172.217.24.0-255,2902,59281,34,294935
6138,0.001317,172.31.33.0-255,66,59347,34,294935
6139,0.001337,172.217.24.0-255,1484,60831,34,294935
6140,0.001364,172.31.33.0-255,66,60897,34,294935
6141,0.001384,172.217.24.0-255,4320,65217,34,294935
6142,0.001386,172.31.33.0-255,66,65283,34,294935
6143,0.00139,172.217.24.0-255,2184,67467,34,294935
6144,0.001392,172.31.33.0-255,66,67533,34,294935
6145,0.001668,172.217.24.0-255,1484,69017,34,294935
6146,0.001674,172.217.24.0-255,2902,71919,34,294935
6147,0.001678,172.31.33.0-255,66,71985,34,294935
6148,0.001685,172.217.24.0-255,5738,77723,34,294935
6149,0.001686,172.31.33.0-255,66,77789,34,294935
6150,0.001697,172.217.24.0-255,1484,79273,34,294935
6151,0.001712,172.217.24.0-255,7156,86429,34,294935
6152,0.001714,172.31.33.0-255,66,86495,34,294935
6153,0.001736,172.217.24.0-255,4320,90815,34,294935
6154,0.001738,172.31.33.0-255,66,90881,34,294935
6155,0.001743,172.217.24.0-255,4320,95201,34,294935
6156,0.001744,172.31.33.0-255,66,95267,34,294935
6157,0.001762,172.217.24.0-255,6438,101705,34,294935
6158,0.001764,172.31.33.0-255,66,101771,34,294935
6159,0.001792,172.217.24.0-255,1484,103255,34,294935
6160,0.001813,172.217.24.0-255,1484,104739,34,294935
6161,0.001815,172.31.33.0-255,66,104805,34,294935
6162,0.001826,172.217.24.0-255,1484,106289,34,294935
6163,0.001837,172.217.24.0-255,2902,109191,34,294935
6164,0.001839,172.31.33.0-255,66,109257,34,294935
6165,0.001857,172.217.24.0-255,2902,112159,34,294935
6166,0.001859,172.31.33.0-255,66,112225,34,294935
6167,0.001892,172.217.24.0-255,2902,115127,34,294935
6168,0.001895,172.31.33.0-255,66,115193,34,294935
6169,0.001908,172.217.24.0-255,7156,122349,34,294935
6170,0.001911,172.31.33.0-255,66,122415,34,294935
6171,0.001925,172.217.24.0-255,2902,125317,34,294935
6172,0.001927,172.31.33.0-255,66,125383,34,294935
6173,0.001943,172.217.24.0-255,1484,126867,34,294935
6174,0.001965,172.31.33.0-255,66,126933,34,294935
6175,0.001999,172.217.24.0-255,1484,128417,34,294935
6176,0.002014,172.217.24.0-255,2902,131319,34,294935
6177,0.002017,172.31.33.0-255,66,131385,34,294935
6178,0.002019,172.217.24.0-255,1484,132869,34,294935
6179,0.002041,172.217.24.0-255,4320,137189,34,294935
6180,0.002043,172.31.33.0-255,66,137255,34,294935
6181,0.002046,172.217.24.0-255,1484,138739,34,294935
6182,0.002048,172.217.24.0-255,1484,140223,34,294935
6183,0.002049,172.31.33.0-255,66,140289,34,294935
6184,0.002052,172.217.24.0-255,1484,141773,34,294935
6185,0.002057,172.217.24.0-255,4320,146093,34,294935
6186,0.002058,172.31.33.0-255,66,146159,34,294935
6187,0.002069,172.31.33.0-255,66,146225,34,294935
6188,0.002072,172.217.24.0-255,2902,149127,34,294935
6189,0.002075,172.31.33.0-255,66,149193,34,294935
6190,0.002078,172.217.24.0-255,2184,151377,34,294935
6191,0.00208,172.31.33.0-255,66,151443,34,294935
6192,0.002104,172.217.24.0-255,1484,152927,34,294935
6193,0.002108,172.217.24.0-255,2902,155829,34,294935
6194,0.00211,172.31.33.0-255,66,155895,34,294935
6195,0.002115,172.217.24.0-255,4320,160215,34,294935
6196,0.002117,172.31.33.0-255,66,160281,34,294935
6197,0.002129,172.217.24.0-255,1484,161765,34,294935
6198,0.002141,172.217.24.0-255,5738,167503,34,294935
6199,0.002144,172.31.33.0-255,66,167569,34,294935
6200,0.002162,172.217.24.0-255,7156,174725,34,294935
6201,0.002164,172.31.33.0-255,66,174791,34,294935
6202,0.002218,172.31.33.0-255,66,174857,34,294935
6203,0.002492,172.217.24.0-255,1484,176341,34,294935
6204,0.002496,172.217.24.0-255,2902,179243,34,294935
6205,0.002498,172.31.33.0-255,66,179309,34,294935
6206,0.002501,172.217.24.0-255,1484,180793,34,294935
6207,0.00252,172.217.24.0-255,4320,185113,34,294935
6208,0.002522,172.31.33.0-255,66,185179,34,294935
6209,0.002535,172.217.24.0-255,1484,186663,34,294935
6210,0.002561,172.31.33.0-255,66,186729,34,294935
6211,0.002587,172.217.24.0-255,2902,189631,34,294935
6212,0.002589,172.31.33.0-255,66,189697,34,294935
6213,0.0026,172.31.33.0-255,66,189763,34,294935
6214,0.002632,172.217.24.0-255,1484,191247,34,294935
6215,0.002635,172.217.24.0-255,1484,192731,34,294935
6216,0.002637,172.31.33.0-255,66,192797,34,294935
6217,0.002657,172.217.24.0-255,1484,194281,34,294935
6218,0.002662,172.217.24.0-255,2902,197183,34,294935
6219,0.002664,172.31.33.0-255,66,197249,34,294935
6220,0.002668,172.217.24.0-255,4320,201569,34,294935
6221,0.00267,172.31.33.0-255,66,201635,34,294935
6222,0.002695,172.217.24.0-255,7156,208791,34,294935
6223,0.002698,172.31.33.0-255,66,208857,34,294935
6224,0.002714,172.217.24.0-255,1484,210341,34,294935
6225,0.00272,172.217.24.0-255,5738,216079,34,294935
6226,0.002722,172.31.33.0-255,66,216145,34,294935
6227,0.00275,172.31.33.0-255,66,216211,34,294935
6228,0.002753,172.217.24.0-255,1484,217695,34,294935
6229,0.002772,172.217.24.0-255,4320,222015,34,294935
6230,0.002775,172.31.33.0-255,66,222081,34,294935
6231,0.002779,172.217.24.0-255,4320,226401,34,294935
6232,0.002782,172.31.33.0-255,66,226467,34,294935
6233,0.002796,172.217.24.0-255,2902,229369,34,294935
6234,0.002799,172.31.33.0-255,66,229435,34,294935
6235,0.002816,172.217.24.0-255,5738,235173,34,294935
6236,0.002819,172.31.33.0-255,66,235239,34,294935
6237,0.002855,172.31.33.0-255,66,235305,34,294935
6238,0.002861,172.217.24.0-255,6438,241743,34,294935
6239,0.002863,172.31.33.0-255,66,241809,34,294935
6240,0.002943,172.217.24.0-255,1484,243293,34,294935
6241,0.002959,172.217.24.0-255,1484,244777,34,294935
6242,0.002962,172.31.33.0-255,66,244843,34,294935
6243,0.002965,172.217.24.0-255,1484,246327,34,294935
6244,0.00298,172.217.24.0-255,1484,247811,34,294935
6245,0.002982,172.31.33.0-255,66,247877,34,294935
6246,0.002994,172.217.24.0-255,1484,249361,34,294935
6247,0.003016,172.217.24.0-255,4320,253681,34,294935
6248,0.003019,172.31.33.0-255,66,253747,34,294935
6249,0.003029,172.31.33.0-255,66,253813,34,294935
6250,0.003032,172.217.24.0-255,1484,255297,34,294935
6251,0.003049,172.217.24.0-255,7156,262453,34,294935
6252,0.003052,172.31.33.0-255,66,262519,34,294935
6253,0.003069,172.217.24.0-255,1484,264003,34,294935
6254,0.003074,172.217.24.0-255,3602,267605,34,294935
6255,0.003077,172.31.33.0-255,66,267671,34,294935
6256,0.003115,172.217.24.0-255,1484,269155,34,294935
6257,0.00312,172.217.24.0-255,2902,272057,34,294935
6258,0.003123,172.31.33.0-255,66,272123,34,294935
6259,0.003146,172.217.24.0-255,5738,277861,34,294935
6260,0.003149,172.31.33.0-255,66,277927,34,294935
6261,0.00317,172.217.24.0-255,5738,283665,34,294935
6262,0.003173,172.31.33.0-255,66,283731,34,294935
6263,0.003194,172.217.24.0-255,2902,286633,34,294935
6264,0.003197,172.31.33.0-255,66,286699,34,294935
6265,0.003202,172.217.24.0-255,2902,289601,34,294935
6266,0.003205,172.31.33.0-255,66,289667,34,294935
6267,0.00321,172.217.24.0-255,4320,293987,34,294935
6268,0.003212,172.31.33.0-255,66,294053,34,294935
6269,0.003226,172.217.24.0-255,423,294476,34,294935
6270,0.003238,172.217.24.0-255,105,294581,34,294935
6271,0.010728,172.217.24.0-255,105,294686,34,294935
6272,0.010745,172.31.33.0-255,78,294764,34,294935
6273,0.014638,172.31.33.0-255,105,294869,34,294935
6274,0.016551,172.217.24.0-255,66,294935,34,294935
6275,0.0,172.217.194.0-255,143,143,34,201562
6276,2.4e-05,172.217.194.0-255,1484,1627,34,201562
6277,3e-05,172.31.33.0-255,66,1693,34,201562
6278,3.7e-05,172.217.194.0-255,2902,4595,34,201562
6279,4e-05,172.31.33.0-255,66,4661,34,201562
6280,4.4e-05,172.217.194.0-255,2902,7563,34,201562
6281,4.7e-05,172.31.33.0-255,66,7629,34,201562
6282,7.2e-05,172.217.194.0-255,4320,11949,34,201562
6283,7.9e-05,172.31.33.0-255,66,12015,34,201562
6284,8.7e-05,172.217.194.0-255,7156,19171,34,201562
6285,8.9e-05,172.31.33.0-255,66,19237,34,201562
6286,0.000119,172.217.194.0-255,654,19891,34,201562
6287,0.00013,172.31.33.0-255,66,19957,34,201562
6288,0.000134,172.217.194.0-255,2543,22500,34,201562
6289,0.000136,172.31.33.0-255,66,22566,34,201562
6290,0.000379,172.217.194.0-255,1484,24050,34,201562
6291,0.000387,172.217.194.0-255,2902,26952,34,201562
6292,0.000391,172.31.33.0-255,66,27018,34,201562
6293,0.000395,172.217.194.0-255,1484,28502,34,201562
6294,0.000422,172.217.194.0-255,4320,32822,34,201562
6295,0.000425,172.31.33.0-255,66,32888,34,201562
6296,0.000466,172.31.33.0-255,66,32954,34,201562
6297,0.000478,172.31.33.0-255,66,33020,34,201562
6298,0.000846,172.217.194.0-255,119,33139,34,201562
6299,0.00086,172.217.194.0-255,376,33515,34,201562
6300,0.001013,172.217.194.0-255,1484,34999,34,201562
6301,0.001018,172.31.33.0-255,66,35065,34,201562
6302,0.001022,172.217.194.0-255,1484,36549,34,201562
6303,0.001047,172.217.194.0-255,1484,38033,34,201562
6304,0.00105,172.31.33.0-255,66,38099,34,201562
6305,0.001057,172.217.194.0-255,5738,43837,34,201562
6306,0.001059,172.31.33.0-255,66,43903,34,201562
6307,0.001063,172.217.194.0-255,2902,46805,34,201562
6308,0.001069,172.31.33.0-255,66,46871,34,201562
6309,0.001095,172.217.194.0-255,2902,49773,34,201562
6310,0.001097,172.31.33.0-255,66,49839,34,201562
6311,0.00112,172.217.194.0-255,7156,56995,34,201562
6312,0.001122,172.31.33.0-255,66,57061,34,201562
6313,0.001127,172.217.194.0-255,4320,61381,34,201562
6314,0.00113,172.31.33.0-255,66,61447,34,201562
6315,0.001171,172.217.194.0-255,6438,67885,34,201562
6316,0.001174,172.31.33.0-255,66,67951,34,201562
6317,0.002746,172.217.194.0-255,1484,69435,34,201562
6318,0.002753,172.217.194.0-255,2902,72337,34,201562
6319,0.002757,172.31.33.0-255,66,72403,34,201562
6320,0.002761,172.217.194.0-255,1484,73887,34,201562
6321,0.002775,172.217.194.0-255,1484,75371,34,201562
6322,0.002777,172.31.33.0-255,66,75437,34,201562
6323,0.002814,172.31.33.0-255,66,75503,34,201562
6324,0.00282,172.217.194.0-255,4320,79823,34,201562
6325,0.002823,172.31.33.0-255,66,79889,34,201562
6326,0.00285,172.217.194.0-255,5738,85627,34,201562
6327,0.002853,172.31.33.0-255,66,85693,34,201562
6328,0.002863,172.217.194.0-255,5020,90713,34,201562
6329,0.002865,172.31.33.0-255,66,90779,34,201562
6330,0.002956,172.217.194.0-255,1484,92263,34,201562
6331,0.002972,172.217.194.0-255,2902,95165,34,201562
6332,0.002974,172.31.33.0-255,66,95231,34,201562
6333,0.002996,172.217.194.0-255,5738,100969,34,201562
6334,0.002999,172.31.33.0-255,66,101035,34,201562
6335,0.003025,172.217.194.0-255,4320,105355,34,201562
6336,0.003028,172.31.33.0-255,66,105421,34,201562
6337,0.003055,172.217.194.0-255,7156,112577,34,201562
6338,0.003058,172.31.33.0-255,66,112643,34,201562
6339,0.003068,172.31.33.0-255,66,112709,34,201562
6340,0.003089,172.217.194.0-255,3602,116311,34,201562
6341,0.003092,172.31.33.0-255,66,116377,34,201562
6342,0.003183,172.217.194.0-255,1484,117861,34,201562
6343,0.003201,172.217.194.0-255,2902,120763,34,201562
6344,0.003203,172.31.33.0-255,66,120829,34,201562
6345,0.003235,172.217.194.0-255,4320,125149,34,201562
6346,0.003238,172.31.33.0-255,66,125215,34,201562
6347,0.003244,172.217.194.0-255,5738,130953,34,201562
6348,0.003246,172.31.33.0-255,66,131019,34,201562
6349,0.003251,172.217.194.0-255,4320,135339,34,201562
6350,0.003265,172.31.33.0-255,66,135405,34,201562
6351,0.003299,172.217.194.0-255,7156,142561,34,201562
6352,0.003301,172.31.33.0-255,66,142627,34,201562
6353,0.003311,172.31.33.0-255,66,142693,34,201562
6354,0.003356,172.217.194.0-255,1484,144177,34,201562
6355,0.003368,172.217.194.0-255,2902,147079,34,201562
6356,0.00337,172.31.33.0-255,66,147145,34,201562
6357,0.003377,172.217.194.0-255,5738,152883,34,201562
6358,0.003379,172.31.33.0-255,66,152949,34,201562
6359,0.003409,172.217.194.0-255,7156,160105,34,201562
6360,0.003412,172.31.33.0-255,66,160171,34,201562
6361,0.003415,172.217.194.0-255,1484,161655,34,201562
6362,0.003419,172.217.194.0-255,2902,164557,34,201562
6363,0.003422,172.31.33.0-255,66,164623,34,201562
6364,0.003448,172.217.194.0-255,5738,170361,34,201562
6365,0.003451,172.31.33.0-255,66,170427,34,201562
6366,0.003484,172.217.194.0-255,6438,176865,34,201562
6367,0.003487,172.31.33.0-255,66,176931,34,201562
6368,0.00349,172.217.194.0-255,1484,178415,34,201562
6369,0.003492,172.31.33.0-255,78,178493,34,201562
6370,0.003527,172.31.33.0-255,66,178559,34,201562
6371,0.003543,172.31.33.0-255,66,178625,34,201562
6372,0.003556,172.31.33.0-255,66,178691,34,201562
6373,0.003569,172.31.33.0-255,66,178757,34,201562
6374,0.003613,172.217.194.0-255,1484,180241,34,201562
6375,0.003649,172.31.33.0-255,66,180307,34,201562
6376,0.003695,172.217.194.0-255,2902,183209,34,201562
6377,0.003702,172.217.194.0-255,6438,189647,34,201562
6378,0.003744,172.217.194.0-255,7156,196803,34,201562
6379,0.003785,172.217.194.0-255,4320,201123,34,201562
6380,0.003859,172.217.194.0-255,97,201220,34,201562
6381,0.003862,172.217.194.0-255,105,201325,34,201562
6382,0.009464,172.31.33.0-255,66,201391,34,201562
6383,0.012091,172.31.33.0-255,105,201496,34,201562
6384,0.01431,172.217.194.0-255,66,201562,34,201562
6385,0.0,74.125.24.0-255,152,152,34,170351
6386,2e-05,172.31.33.0-255,66,218,34,170351
6387,5e-05,74.125.24.0-255,1484,1702,34,170351
6388,5.4e-05,172.31.33.0-255,66,1768,34,170351
6389,5.9e-05,74.125.24.0-255,2902,4670,34,170351
6390,6.1e-05,172.31.33.0-255,66,4736,34,170351
6391,6.5e-05,74.125.24.0-255,2902,7638,34,170351
6392,6.7e-05,172.31.33.0-255,66,7704,34,170351
6393,8.9e-05,74.125.24.0-255,2902,10606,34,170351
6394,9e-05,172.31.33.0-255,66,10672,34,170351
6395,9.4e-05,74.125.24.0-255,3529,14201,34,170351
6396,9.6e-05,172.31.33.0-255,66,14267,34,170351
6397,0.000125,74.125.24.0-255,4320,18587,34,170351
6398,0.000131,172.31.33.0-255,66,18653,34,170351
6399,0.000156,74.125.24.0-255,7156,25809,34,170351
6400,0.000158,172.31.33.0-255,66,25875,34,170351
6401,0.000162,74.125.24.0-255,5379,31254,34,170351
6402,0.000164,172.31.33.0-255,66,31320,34,170351
6403,0.000226,74.125.24.0-255,1484,32804,34,170351
6404,0.000229,172.31.33.0-255,66,32870,34,170351
6405,0.000233,74.125.24.0-255,2902,35772,34,170351
6406,0.000234,172.31.33.0-255,66,35838,34,170351
6407,0.000255,74.125.24.0-255,5738,41576,34,170351
6408,0.000257,172.31.33.0-255,66,41642,34,170351
6409,0.00029,172.31.33.0-255,66,41708,34,170351
6410,0.000321,74.125.24.0-255,5379,47087,34,170351
6411,0.000324,172.31.33.0-255,66,47153,34,170351
6412,0.000334,172.31.33.0-255,66,47219,34,170351
6413,0.000369,74.125.24.0-255,113,47332,34,170351
6414,0.000372,172.31.33.0-255,66,47398,34,170351
6415,0.000376,74.125.24.0-255,329,47727,34,170351
6416,0.000744,74.125.24.0-255,1484,49211,34,170351
6417,0.000749,172.31.33.0-255,66,49277,34,170351
6418,0.000778,74.125.24.0-255,2902,52179,34,170351
6419,0.000782,172.31.33.0-255,66,52245,34,170351
6420,0.000789,74.125.24.0-255,5738,57983,34,170351
6421,0.00079,172.31.33.0-255,66,58049,34,170351
6422,0.00082,74.125.24.0-255,5738,63787,34,170351
6423,0.000823,172.31.33.0-255,66,63853,34,170351
6424,0.000854,74.125.24.0-255,7156,71009,34,170351
6425,0.000858,172.31.33.0-255,66,71075,34,170351
6426,0.000869,74.125.24.0-255,2184,73259,34,170351
6427,0.000875,172.31.33.0-255,66,73325,34,170351
6428,0.001141,74.125.24.0-255,1484,74809,34,170351
6429,0.001146,74.125.24.0-255,2902,77711,34,170351
6430,0.00115,172.31.33.0-255,66,77777,34,170351
6431,0.001178,74.125.24.0-255,5738,83515,34,170351
6432,0.00118,172.31.33.0-255,66,83581,34,170351
6433,0.001216,172.31.33.0-255,66,83647,34,170351
6434,0.001241,74.125.24.0-255,2902,86549,34,170351
6435,0.001244,172.31.33.0-255,66,86615,34,170351
6436,0.001254,172.31.33.0-255,66,86681,34,170351
6437,0.001414,74.125.24.0-255,1484,88165,34,170351
6438,0.001419,74.125.24.0-255,2902,91067,34,170351
6439,0.001421,172.31.33.0-255,66,91133,34,170351
6440,0.001449,74.125.24.0-255,5738,96871,34,170351
6441,0.001452,172.31.33.0-255,66,96937,34,170351
6442,0.001455,74.125.24.0-255,2902,99839,34,170351
6443,0.001457,172.31.33.0-255,66,99905,34,170351
6444,0.001489,172.31.33.0-255,66,99971,34,170351
6445,0.001511,74.125.24.0-255,766,100737,34,170351
6446,0.001522,172.31.33.0-255,66,100803,34,170351
6447,0.001577,74.125.24.0-255,1484,102287,34,170351
6448,0.001582,74.125.24.0-255,2902,105189,34,170351
6449,0.001586,172.31.33.0-255,66,105255,34,170351
6450,0.001597,74.125.24.0-255,5738,110993,34,170351
6451,0.001615,74.125.24.0-255,2902,113895,34,170351
6452,0.001618,172.31.33.0-255,66,113961,34,170351
6453,0.001655,172.31.33.0-255,66,114027,34,170351
6454,0.001699,74.125.24.0-255,2184,116211,34,170351
6455,0.001703,172.31.33.0-255,66,116277,34,170351
6456,0.001707,172.31.33.0-255,66,116343,34,170351
6457,0.001811,74.125.24.0-255,1484,117827,34,170351
6458,0.001835,74.125.24.0-255,2902,120729,34,170351
6459,0.001838,172.31.33.0-255,66,120795,34,170351
6460,0.001845,74.125.24.0-255,5738,126533,34,170351
6461,0.001849,74.125.24.0-255,2902,129435,34,170351
6462,0.001865,172.31.33.0-255,66,129501,34,170351
6463,0.001933,172.31.33.0-255,66,129567,34,170351
6464,0.001957,74.125.24.0-255,1484,131051,34,170351
6465,0.002017,172.31.33.0-255,66,131117,34,170351
6466,0.002033,74.125.24.0-255,3602,134719,34,170351
6467,0.002051,172.31.33.0-255,66,134785,34,170351
6468,0.002667,74.125.24.0-255,1484,136269,34,170351
6469,0.002672,74.125.24.0-255,2902,139171,34,170351
6470,0.002676,172.31.33.0-255,66,139237,34,170351
6471,0.002681,74.125.24.0-255,2902,142139,34,170351
6472,0.002683,172.31.33.0-255,66,142205,34,170351
6473,0.002701,74.125.24.0-255,2902,145107,34,170351
6474,0.002703,172.31.33.0-255,66,145173,34,170351
6475,0.002723,172.31.33.0-255,66,145239,34,170351
6476,0.002737,74.125.24.0-255,1484,146723,34,170351
6477,0.002751,172.31.33.0-255,66,146789,34,170351
6478,0.003209,74.125.24.0-255,1484,148273,34,170351
6479,0.003225,74.125.24.0-255,2902,151175,34,170351
6480,0.003228,172.31.33.0-255,66,151241,34,170351
6481,0.003233,74.125.24.0-255,5738,156979,34,170351
6482,0.003235,172.31.33.0-255,66,157045,34,170351
6483,0.003268,172.31.33.0-255,66,157111,34,170351
6484,0.003291,74.125.24.0-255,5738,162849,34,170351
6485,0.003293,172.31.33.0-255,66,162915,34,170351
6486,0.003329,172.31.33.0-255,66,162981,34,170351
6487,0.003338,172.31.33.0-255,66,163047,34,170351
6488,0.003369,172.31.33.0-255,66,163113,34,170351
6489,0.003404,172.31.33.0-255,66,163179,34,170351
6490,0.003427,172.31.33.0-255,66,163245,34,170351
6491,0.003456,74.125.24.0-255,6698,169943,34,170351
6492,0.003466,172.31.33.0-255,66,170009,34,170351
6493,0.003474,74.125.24.0-255,105,170114,34,170351
6494,0.004073,172.31.33.0-255,66,170180,34,170351
6495,0.004104,172.31.33.0-255,105,170285,34,170351
6496,0.006338,74.125.24.0-255,66,170351,34,170351
6497,0.0,74.125.24.0-255,143,143,34,219471
6498,2.1e-05,172.31.33.0-255,66,209,34,219471
6499,2.8e-05,74.125.24.0-255,1484,1693,34,219471
6500,3.2e-05,172.31.33.0-255,66,1759,34,219471
6501,3.6e-05,74.125.24.0-255,2902,4661,34,219471
6502,4.7e-05,172.31.33.0-255,66,4727,34,219471
6503,5.4e-05,74.125.24.0-255,7156,11883,34,219471
6504,5.7e-05,172.31.33.0-255,66,11949,34,219471
6505,8.7e-05,74.125.24.0-255,2039,13988,34,219471
6506,9e-05,172.31.33.0-255,66,14054,34,219471
6507,0.00013,74.125.24.0-255,1484,15538,34,219471
6508,0.000132,172.31.33.0-255,66,15604,34,219471
6509,0.000149,74.125.24.0-255,2902,18506,34,219471
6510,0.000152,172.31.33.0-255,66,18572,34,219471
6511,0.000154,74.125.24.0-255,1484,20056,34,219471
6512,0.000156,172.31.33.0-255,66,20122,34,219471
6513,0.000193,74.125.24.0-255,4320,24442,34,219471
6514,0.000199,74.125.24.0-255,5738,30180,34,219471
6515,0.000203,172.31.33.0-255,66,30246,34,219471
6516,0.000205,172.31.33.0-255,66,30312,34,219471
6517,0.000236,172.31.33.0-255,66,30378,34,219471
6518,0.000246,74.125.24.0-255,1125,31503,34,219471
6519,0.000252,172.31.33.0-255,66,31569,34,219471
6520,0.000275,74.125.24.0-255,3961,35530,34,219471
6521,0.000277,172.31.33.0-255,66,35596,34,219471
6522,0.000296,74.125.24.0-255,4320,39916,34,219471
6523,0.000298,172.31.33.0-255,66,39982,34,219471
6524,0.0003,74.125.24.0-255,1484,41466,34,219471
6525,0.000302,172.31.33.0-255,66,41532,34,219471
6526,0.000332,172.31.33.0-255,66,41598,34,219471
6527,0.000336,74.125.24.0-255,2543,44141,34,219471
6528,0.000338,172.31.33.0-255,66,44207,34,219471
6529,0.000409,74.125.24.0-255,647,44854,34,219471
6530,0.000432,74.125.24.0-255,1484,46338,34,219471
6531,0.000434,172.31.33.0-255,66,46404,34,219471
6532,0.000454,74.125.24.0-255,4320,50724,34,219471
6533,0.000456,172.31.33.0-255,66,50790,34,219471
6534,0.000459,74.125.24.0-255,1484,52274,34,219471
6535,0.000486,74.125.24.0-255,5738,58012,34,219471
6536,0.000488,172.31.33.0-255,66,58078,34,219471
6537,0.000512,74.125.24.0-255,2902,60980,34,219471
6538,0.000514,172.31.33.0-255,66,61046,34,219471
6539,0.000517,74.125.24.0-255,1125,62171,34,219471
6540,0.000538,74.125.24.0-255,1484,63655,34,219471
6541,0.00054,172.31.33.0-255,66,63721,34,219471
6542,0.000544,74.125.24.0-255,2902,66623,34,219471
6543,0.000546,172.31.33.0-255,66,66689,34,219471
6544,0.000549,74.125.24.0-255,1484,68173,34,219471
6545,0.000577,74.125.24.0-255,4320,72493,34,219471
6546,0.00058,172.31.33.0-255,66,72559,34,219471
6547,0.000591,172.31.33.0-255,66,72625,34,219471
6548,0.000622,74.125.24.0-255,1484,74109,34,219471
6549,0.000634,172.31.33.0-255,66,74175,34,219471
6550,0.000654,74.125.24.0-255,1484,75659,34,219471
6551,0.000658,74.125.24.0-255,2902,78561,34,219471
6552,0.00066,172.31.33.0-255,66,78627,34,219471
6553,0.000667,74.125.24.0-255,4320,82947,34,219471
6554,0.000669,172.31.33.0-255,66,83013,34,219471
6555,0.000701,74.125.24.0-255,1484,84497,34,219471
6556,0.000725,172.31.33.0-255,66,84563,34,219471
6557,0.000737,172.31.33.0-255,66,84629,34,219471
6558,0.000808,172.31.33.0-255,66,84695,34,219471
6559,0.000839,74.125.24.0-255,5379,90074,34,219471
6560,0.000843,172.31.33.0-255,66,90140,34,219471
6561,0.000904,74.125.24.0-255,1484,91624,34,219471
6562,0.000919,74.125.24.0-255,2902,94526,34,219471
6563,0.000922,172.31.33.0-255,66,94592,34,219471
6564,0.000926,74.125.24.0-255,1484,96076,34,219471
6565,0.000954,74.125.24.0-255,4320,100396,34,219471
6566,0.000957,172.31.33.0-255,66,100462,34,219471
6567,0.000961,74.125.24.0-255,1484,101946,34,219471
6568,0.000978,172.31.33.0-255,66,102012,34,219471
6569,0.001003,74.125.24.0-255,7156,109168,34,219471
6570,0.001006,172.31.33.0-255,66,109234,34,219471
6571,0.001029,74.125.24.0-255,6438,115672,34,219471
6572,0.001032,172.31.33.0-255,66,115738,34,219471
6573,0.001059,74.125.24.0-255,1484,117222,34,219471
6574,0.001065,172.31.33.0-255,66,117288,34,219471
6575,0.001078,74.125.24.0-255,5738,123026,34,219471
6576,0.00108,172.31.33.0-255,66,123092,34,219471
6577,0.001142,172.31.33.0-255,66,123158,34,219471
6578,0.001157,172.31.33.0-255,66,123224,34,219471
6579,0.001162,74.125.24.0-255,3602,126826,34,219471
6580,0.001165,172.31.33.0-255,66,126892,34,219471
6581,0.001334,74.125.24.0-255,1484,128376,34,219471
6582,0.001358,74.125.24.0-255,2902,131278,34,219471
6583,0.001361,172.31.33.0-255,66,131344,34,219471
6584,0.001369,74.125.24.0-255,5738,137082,34,219471
6585,0.001371,172.31.33.0-255,66,137148,34,219471
6586,0.00141,172.31.33.0-255,66,137214,34,219471
6587,0.00144,74.125.24.0-255,2902,140116,34,219471
6588,0.001442,172.31.33.0-255,66,140182,34,219471
6589,0.001446,74.125.24.0-255,1484,141666,34,219471
6590,0.001449,74.125.24.0-255,1484,143150,34,219471
6591,0.001451,172.31.33.0-255,66,143216,34,219471
6592,0.001488,172.31.33.0-255,66,143282,34,219471
6593,0.00173,74.125.24.0-255,1484,144766,34,219471
6594,0.001748,74.125.24.0-255,1484,146250,34,219471
6595,0.001752,172.31.33.0-255,66,146316,34,219471
6596,0.001784,74.125.24.0-255,2902,149218,34,219471
6597,0.00179,74.125.24.0-255,5738,154956,34,219471
6598,0.001795,172.31.33.0-255,66,155022,34,219471
6599,0.001798,172.31.33.0-255,66,155088,34,219471
6600,0.001828,74.125.24.0-255,7156,162244,34,219471
6601,0.00183,172.31.33.0-255,66,162310,34,219471
6602,0.001837,74.125.24.0-255,5738,168048,34,219471
6603,0.001839,172.31.33.0-255,66,168114,34,219471
6604,0.001881,172.31.33.0-255,66,168180,34,219471
6605,0.001884,74.125.24.0-255,766,168946,34,219471
6606,0.00191,74.125.24.0-255,1484,170430,34,219471
6607,0.001913,172.31.33.0-255,66,170496,34,219471
6608,0.001943,74.125.24.0-255,2902,173398,34,219471
6609,0.001946,172.31.33.0-255,66,173464,34,219471
6610,0.001952,74.125.24.0-255,5738,179202,34,219471
6611,0.001955,172.31.33.0-255,66,179268,34,219471
6612,0.001965,74.125.24.0-255,5738,185006,34,219471
6613,0.001968,172.31.33.0-255,66,185072,34,219471
6614,0.00197,74.125.24.0-255,1484,186556,34,219471
6615,0.002007,172.31.33.0-255,66,186622,34,219471
6616,0.002013,74.125.24.0-255,5020,191642,34,219471
6617,0.002014,172.31.33.0-255,66,191708,34,219471
6618,0.002116,74.125.24.0-255,1484,193192,34,219471
6619,0.002121,74.125.24.0-255,2902,196094,34,219471
6620,0.002124,172.31.33.0-255,66,196160,34,219471
6621,0.002152,74.125.24.0-255,5738,201898,34,219471
6622,0.002155,172.31.33.0-255,66,201964,34,219471
6623,0.002185,172.31.33.0-255,66,202030,34,219471
6624,0.002209,74.125.24.0-255,4320,206350,34,219471
6625,0.002211,172.31.33.0-255,66,206416,34,219471
6626,0.002214,74.125.24.0-255,1484,207900,34,219471
6627,0.002245,172.31.33.0-255,66,207966,34,219471
6628,0.002252,74.125.24.0-255,7156,215122,34,219471
6629,0.002254,172.31.33.0-255,66,215188,34,219471
6630,0.002275,74.125.24.0-255,3661,218849,34,219471
6631,0.002277,172.31.33.0-255,66,218915,34,219471
6632,0.00228,74.125.24.0-255,97,219012,34,219471
6633,0.002301,74.125.24.0-255,105,219117,34,219471
6634,0.012632,74.125.24.0-255,105,219222,34,219471
6635,0.012651,172.31.33.0-255,78,219300,34,219471
6636,0.016138,172.31.33.0-255,105,219405,34,219471
6637,0.018475,74.125.24.0-255,66,219471,34,219471
6638,0.0,74.125.130.0-255,152,152,34,307557
6639,2.4e-05,172.31.33.0-255,66,218,34,307557
6640,3e-05,74.125.130.0-255,1484,1702,34,307557
6641,3.3e-05,172.31.33.0-255,66,1768,34,307557
6642,3.8e-05,74.125.130.0-255,2902,4670,34,307557
6643,4.8e-05,172.31.33.0-255,66,4736,34,307557
6644,5.3e-05,74.125.130.0-255,5738,10474,34,307557
6645,5.6e-05,172.31.33.0-255,66,10540,34,307557
6646,6e-05,74.125.130.0-255,3419,13959,34,307557
6647,6.3e-05,172.31.33.0-255,66,14025,34,307557
6648,6.7e-05,74.125.130.0-255,4320,18345,34,307557
6649,7e-05,172.31.33.0-255,66,18411,34,307557
6650,8e-05,172.31.33.0-255,66,18477,34,307557
6651,8.4e-05,74.125.130.0-255,2543,21020,34,307557
6652,8.9e-05,172.31.33.0-255,66,21086,34,307557
6653,0.000179,74.125.130.0-255,1484,22570,34,307557
6654,0.000185,172.31.33.0-255,66,22636,34,307557
6655,0.00019,74.125.130.0-255,2902,25538,34,307557
6656,0.000192,172.31.33.0-255,66,25604,34,307557
6657,0.000221,74.125.130.0-255,5738,31342,34,307557
6658,0.000224,172.31.33.0-255,66,31408,34,307557
6659,0.000234,74.125.130.0-255,5738,37146,34,307557
6660,0.000237,172.31.33.0-255,66,37212,34,307557
6661,0.000269,74.125.130.0-255,6797,44009,34,307557
6662,0.000273,172.31.33.0-255,66,44075,34,307557
6663,0.000285,74.125.130.0-255,7156,51231,34,307557
6664,0.000288,172.31.33.0-255,66,51297,34,307557
6665,0.000332,74.125.130.0-255,4249,55546,34,307557
6666,0.000336,172.31.33.0-255,66,55612,34,307557
6667,0.000339,74.125.130.0-255,397,56009,34,307557
6668,0.000341,172.31.33.0-255,66,56075,34,307557
6669,0.000472,74.125.130.0-255,1484,57559,34,307557
6670,0.000477,74.125.130.0-255,1484,59043,34,307557
6671,0.00048,172.31.33.0-255,66,59109,34,307557
6672,0.000512,74.125.130.0-255,1484,60593,34,307557
6673,0.000519,74.125.130.0-255,5738,66331,34,307557
6674,0.000523,172.31.33.0-255,66,66397,34,307557
6675,0.000529,74.125.130.0-255,5738,72135,34,307557
6676,0.000531,172.31.33.0-255,66,72201,34,307557
6677,0.000557,74.125.130.0-255,7156,79357,34,307557
6678,0.000566,172.31.33.0-255,66,79423,34,307557
6679,0.000569,74.125.130.0-255,1484,80907,34,307557
6680,0.000601,74.125.130.0-255,5738,86645,34,307557
6681,0.000606,172.31.33.0-255,66,86711,34,307557
6682,0.000624,74.125.130.0-255,3602,90313,34,307557
6683,0.000627,172.31.33.0-255,66,90379,34,307557
6684,0.001278,74.125.130.0-255,1484,91863,34,307557
6685,0.001287,74.125.130.0-255,2902,94765,34,307557
6686,0.001291,172.31.33.0-255,66,94831,34,307557
6687,0.001318,74.125.130.0-255,5738,100569,34,307557
6688,0.00132,172.31.33.0-255,66,100635,34,307557
6689,0.001331,74.125.130.0-255,1484,102119,34,307557
6690,0.00135,74.125.130.0-255,5738,107857,34,307557
6691,0.001352,172.31.33.0-255,66,107923,34,307557
6692,0.001355,74.125.130.0-255,1484,109407,34,307557
6693,0.001376,74.125.130.0-255,7156,116563,34,307557
6694,0.001378,172.31.33.0-255,66,116629,34,307557
6695,0.001408,172.31.33.0-255,66,116695,34,307557
6696,0.002667,74.125.130.0-255,1484,118179,34,307557
6697,0.002672,74.125.130.0-255,1484,119663,34,307557
6698,0.002675,172.31.33.0-255,66,119729,34,307557
6699,0.002698,74.125.130.0-255,1484,121213,34,307557
6700,0.002702,74.125.130.0-255,4320,125533,34,307557
6701,0.002704,172.31.33.0-255,66,125599,34,307557
6702,0.002723,74.125.130.0-255,1484,127083,34,307557
6703,0.002726,74.125.130.0-255,1484,128567,34,307557
6704,0.002727,172.31.33.0-255,66,128633,34,307557
6705,0.00275,74.125.130.0-255,5738,134371,34,307557
6706,0.002752,172.31.33.0-255,66,134437,34,307557
6707,0.002778,74.125.130.0-255,2902,137339,34,307557
6708,0.00278,172.31.33.0-255,66,137405,34,307557
6709,0.002785,74.125.130.0-255,4320,141725,34,307557
6710,0.002786,172.31.33.0-255,66,141791,34,307557
6711,0.002789,74.125.130.0-255,1484,143275,34,307557
6712,0.002795,74.125.130.0-255,1484,144759,34,307557
6713,0.002796,172.31.33.0-255,66,144825,34,307557
6714,0.002801,74.125.130.0-255,4320,149145,34,307557
6715,0.002802,172.31.33.0-255,66,149211,34,307557
6716,0.002806,74.125.130.0-255,2184,151395,34,307557
6717,0.002807,172.31.33.0-255,66,151461,34,307557
6718,0.003164,74.125.130.0-255,1484,152945,34,307557
6719,0.003179,74.125.130.0-255,2902,155847,34,307557
6720,0.003181,172.31.33.0-255,66,155913,34,307557
6721,0.003204,74.125.130.0-255,5738,161651,34,307557
6722,0.003206,172.31.33.0-255,66,161717,34,307557
6723,0.00321,74.125.130.0-255,2902,164619,34,307557
6724,0.003211,172.31.33.0-255,66,164685,34,307557
6725,0.003232,74.125.130.0-255,4320,169005,34,307557
6726,0.003233,172.31.33.0-255,66,169071,34,307557
6727,0.003239,74.125.130.0-255,1484,170555,34,307557
6728,0.003262,74.125.130.0-255,7156,177711,34,307557
6729,0.003264,172.31.33.0-255,66,177777,34,307557
6730,0.003269,74.125.130.0-255,4320,182097,34,307557
6731,0.003271,172.31.33.0-255,66,182163,34,307557
6732,0.003292,74.125.130.0-255,2902,185065,34,307557
6733,0.003294,172.31.33.0-255,66,185131,34,307557
6734,0.003306,172.31.33.0-255,66,185197,34,307557
6735,0.003308,74.125.130.0-255,1484,186681,34,307557
6736,0.003335,74.125.130.0-255,2902,189583,34,307557
6737,0.003337,172.31.33.0-255,66,189649,34,307557
6738,0.003341,74.125.130.0-255,5738,195387,34,307557
6739,0.003343,172.31.33.0-255,66,195453,34,307557
6740,0.003365,74.125.130.0-255,5738,201191,34,307557
6741,0.003367,172.31.33.0-255,66,201257,34,307557
6742,0.003391,74.125.130.0-255,4320,205577,34,307557
6743,0.003393,172.31.33.0-255,66,205643,34,307557
6744,0.003411,74.125.130.0-255,1484,207127,34,307557
6745,0.003424,74.125.130.0-255,5020,212147,34,307557
6746,0.003426,172.31.33.0-255,66,212213,34,307557
6747,0.003535,74.125.130.0-255,1484,213697,34,307557
6748,0.003549,74.125.130.0-255,2902,216599,34,307557
6749,0.003552,172.31.33.0-255,66,216665,34,307557
6750,0.003555,74.125.130.0-255,2902,219567,34,307557
6751,0.003556,172.31.33.0-255,66,219633,34,307557
6752,0.003582,74.125.130.0-255,4320,223953,34,307557
6753,0.003584,172.31.33.0-255,66,224019,34,307557
6754,0.003595,74.125.130.0-255,1484,225503,34,307557
6755,0.003623,74.125.130.0-255,4320,229823,34,307557
6756,0.003626,172.31.33.0-255,66,229889,34,307557
6757,0.003649,74.125.130.0-255,2902,232791,34,307557
6758,0.003651,172.31.33.0-255,66,232857,34,307557
6759,0.003655,74.125.130.0-255,2902,235759,34,307557
6760,0.003657,172.31.33.0-255,66,235825,34,307557
6761,0.003674,74.125.130.0-255,4320,240145,34,307557
6762,0.003676,172.31.33.0-255,66,240211,34,307557
6763,0.0037,74.125.130.0-255,6438,246649,34,307557
6764,0.003707,172.31.33.0-255,66,246715,34,307557
6765,0.003841,74.125.130.0-255,1484,248199,34,307557
6766,0.003854,74.125.130.0-255,2902,251101,34,307557
6767,0.003857,172.31.33.0-255,66,251167,34,307557
6768,0.003879,74.125.130.0-255,1484,252651,34,307557
6769,0.003884,74.125.130.0-255,2902,255553,34,307557
6770,0.003886,172.31.33.0-255,66,255619,34,307557
6771,0.003909,74.125.130.0-255,5738,261357,34,307557
6772,0.003912,172.31.33.0-255,66,261423,34,307557
6773,0.003966,172.31.33.0-255,66,261489,34,307557
6774,0.003969,74.125.130.0-255,1484,262973,34,307557
6775,0.003994,74.125.130.0-255,1484,264457,34,307557
6776,0.003997,172.31.33.0-255,66,264523,34,307557
6777,0.004054,172.31.33.0-255,66,264589,34,307557
6778,0.004079,172.31.33.0-255,66,264655,34,307557
6779,0.004098,172.31.33.0-255,66,264721,34,307557
6780,0.004112,172.31.33.0-255,66,264787,34,307557
6781,0.004117,74.125.130.0-255,2184,266971,34,307557
6782,0.004119,172.31.33.0-255,66,267037,34,307557
6783,0.004164,74.125.130.0-255,1484,268521,34,307557
6784,0.004168,74.125.130.0-255,1484,270005,34,307557
6785,0.00417,172.31.33.0-255,66,270071,34,307557
6786,0.004201,74.125.130.0-255,1484,271555,34,307557
6787,0.004208,74.125.130.0-255,5738,277293,34,307557
6788,0.004212,172.31.33.0-255,66,277359,34,307557
6789,0.00422,74.125.130.0-255,5738,283097,34,307557
6790,0.004223,172.31.33.0-255,66,283163,34,307557
6791,0.004245,74.125.130.0-255,4320,287483,34,307557
6792,0.004248,172.31.33.0-255,66,287549,34,307557
6793,0.00427,74.125.130.0-255,2184,289733,34,307557
6794,0.004304,74.125.130.0-255,2902,292635,34,307557
6795,0.00431,74.125.130.0-255,4320,296955,34,307557
6796,0.004317,74.125.130.0-255,5738,302693,34,307557
6797,0.00433,74.125.130.0-255,1484,304177,34,307557
6798,0.004399,74.125.130.0-255,3038,307215,34,307557
6799,0.004443,74.125.130.0-255,105,307320,34,307557
6800,0.007195,172.31.33.0-255,66,307386,34,307557
6801,0.009892,172.31.33.0-255,105,307491,34,307557
6802,0.012438,74.125.130.0-255,66,307557,34,307557
6803,0.0,74.125.130.0-255,153,153,34,339743
6804,2.9e-05,172.31.33.0-255,66,219,34,339743
6805,3.8e-05,74.125.130.0-255,1484,1703,34,339743
6806,4.4e-05,172.31.33.0-255,66,1769,34,339743
6807,6e-05,74.125.130.0-255,2902,4671,34,339743
6808,6.5e-05,172.31.33.0-255,66,4737,34,339743
6809,7.3e-05,74.125.130.0-255,5738,10475,34,339743
6810,7.7e-05,172.31.33.0-255,66,10541,34,339743
6811,8.2e-05,74.125.130.0-255,2902,13443,34,339743
6812,8.5e-05,172.31.33.0-255,66,13509,34,339743
6813,0.00016,172.31.33.0-255,66,13575,34,339743
6814,0.000166,74.125.130.0-255,4320,17895,34,339743
6815,0.00017,172.31.33.0-255,66,17961,34,339743
6816,0.000182,74.125.130.0-255,2543,20504,34,339743
6817,0.000185,172.31.33.0-255,66,20570,34,339743
6818,0.000303,74.125.130.0-255,1484,22054,34,339743
6819,0.000307,172.31.33.0-255,66,22120,34,339743
6820,0.000313,74.125.130.0-255,2902,25022,34,339743
6821,0.000317,172.31.33.0-255,66,25088,34,339743
6822,0.000345,74.125.130.0-255,5738,30826,34,339743
6823,0.000354,172.31.33.0-255,66,30892,34,339743
6824,0.000362,74.125.130.0-255,4320,35212,34,339743
6825,0.000365,172.31.33.0-255,66,35278,34,339743
6826,0.000399,74.125.130.0-255,2543,37821,34,339743
6827,0.000402,172.31.33.0-255,66,37887,34,339743
6828,0.000406,74.125.130.0-255,1484,39371,34,339743
6829,0.000408,172.31.33.0-255,66,39437,34,339743
6830,0.000413,74.125.130.0-255,2902,42339,34,339743
6831,0.000417,172.31.33.0-255,66,42405,34,339743
6832,0.000424,74.125.130.0-255,5738,48143,34,339743
6833,0.000426,172.31.33.0-255,66,48209,34,339743
6834,0.000469,74.125.130.0-255,5738,53947,34,339743
6835,0.000473,172.31.33.0-255,66,54013,34,339743
6836,0.000504,74.125.130.0-255,1378,55391,34,339743
6837,0.000526,74.125.130.0-255,119,55510,34,339743
6838,0.000765,74.125.130.0-255,1484,56994,34,339743
6839,0.000772,172.31.33.0-255,66,57060,34,339743
6840,0.00078,74.125.130.0-255,2902,59962,34,339743
6841,0.000796,172.31.33.0-255,66,60028,34,339743
6842,0.000807,74.125.130.0-255,5738,65766,34,339743
6843,0.000812,172.31.33.0-255,66,65832,34,339743
6844,0.000817,74.125.130.0-255,2902,68734,34,339743
6845,0.000823,172.31.33.0-255,66,68800,34,339743
6846,0.000831,74.125.130.0-255,4320,73120,34,339743
6847,0.000834,172.31.33.0-255,66,73186,34,339743
6848,0.000851,172.31.33.0-255,66,73252,34,339743
6849,0.00086,74.125.130.0-255,5738,78990,34,339743
6850,0.000865,172.31.33.0-255,66,79056,34,339743
6851,0.000941,74.125.130.0-255,2184,81240,34,339743
6852,0.000945,172.31.33.0-255,66,81306,34,339743
6853,0.001039,74.125.130.0-255,1484,82790,34,339743
6854,0.001058,74.125.130.0-255,2902,85692,34,339743
6855,0.001063,172.31.33.0-255,66,85758,34,339743
6856,0.001098,74.125.130.0-255,5738,91496,34,339743
6857,0.001103,172.31.33.0-255,66,91562,34,339743
6858,0.001109,74.125.130.0-255,2902,94464,34,339743
6859,0.001111,172.31.33.0-255,66,94530,34,339743
6860,0.001118,74.125.130.0-255,4320,98850,34,339743
6861,0.001122,172.31.33.0-255,66,98916,34,339743
6862,0.001162,74.125.130.0-255,5738,104654,34,339743
6863,0.001166,172.31.33.0-255,66,104720,34,339743
6864,0.001169,74.125.130.0-255,1484,106204,34,339743
6865,0.001208,74.125.130.0-255,5738,111942,34,339743
6866,0.001212,172.31.33.0-255,66,112008,34,339743
6867,0.001219,74.125.130.0-255,3336,115344,34,339743
6868,0.001223,172.31.33.0-255,66,115410,34,339743
6869,0.001237,74.125.130.0-255,4320,119730,34,339743
6870,0.001241,172.31.33.0-255,66,119796,34,339743
6871,0.001245,74.125.130.0-255,1484,121280,34,339743
6872,0.001281,74.125.130.0-255,2902,124182,34,339743
6873,0.001285,172.31.33.0-255,66,124248,34,339743
6874,0.001294,74.125.130.0-255,5738,129986,34,339743
6875,0.001297,172.31.33.0-255,66,130052,34,339743
6876,0.001307,74.125.130.0-255,1484,131536,34,339743
6877,0.001314,74.125.130.0-255,2902,134438,34,339743
6878,0.001317,172.31.33.0-255,66,134504,34,339743
6879,0.001355,74.125.130.0-255,5738,140242,34,339743
6880,0.001359,172.31.33.0-255,66,140308,34,339743
6881,0.001363,74.125.130.0-255,1484,141792,34,339743
6882,0.001369,74.125.130.0-255,2902,144694,34,339743
6883,0.001378,172.31.33.0-255,66,144760,34,339743
6884,0.001412,74.125.130.0-255,5020,149780,34,339743
6885,0.001417,172.31.33.0-255,66,149846,34,339743
6886,0.001711,74.125.130.0-255,1484,151330,34,339743
6887,0.001745,74.125.130.0-255,2902,154232,34,339743
6888,0.001752,172.31.33.0-255,66,154298,34,339743
6889,0.001795,74.125.130.0-255,5738,160036,34,339743
6890,0.001801,172.31.33.0-255,66,160102,34,339743
6891,0.001821,74.125.130.0-255,7156,167258,34,339743
6892,0.001826,172.31.33.0-255,66,167324,34,339743
6893,0.001838,74.125.130.0-255,5738,173062,34,339743
6894,0.001842,172.31.33.0-255,66,173128,34,339743
6895,0.001852,74.125.130.0-255,7156,180284,34,339743
6896,0.001857,172.31.33.0-255,66,180350,34,339743
6897,0.001865,74.125.130.0-255,3602,183952,34,339743
6898,0.001868,172.31.33.0-255,66,184018,34,339743
6899,0.002046,74.125.130.0-255,1484,185502,34,339743
6900,0.002051,74.125.130.0-255,1484,186986,34,339743
6901,0.002063,172.31.33.0-255,66,187052,34,339743
6902,0.002068,74.125.130.0-255,1484,188536,34,339743
6903,0.002076,74.125.130.0-255,4320,192856,34,339743
6904,0.002086,172.31.33.0-255,66,192922,34,339743
6905,0.002127,172.31.33.0-255,66,192988,34,339743
6906,0.002133,74.125.130.0-255,2902,195890,34,339743
6907,0.002136,172.31.33.0-255,66,195956,34,339743
6908,0.002166,172.31.33.0-255,66,196022,34,339743
6909,0.002169,74.125.130.0-255,766,196788,34,339743
6910,0.002503,74.125.130.0-255,1484,198272,34,339743
6911,0.002509,172.31.33.0-255,66,198338,34,339743
6912,0.002515,74.125.130.0-255,2902,201240,34,339743
6913,0.002518,172.31.33.0-255,66,201306,34,339743
6914,0.002526,74.125.130.0-255,1484,202790,34,339743
6915,0.002531,74.125.130.0-255,1484,204274,34,339743
6916,0.002533,172.31.33.0-255,66,204340,34,339743
6917,0.002561,74.125.130.0-255,1484,205824,34,339743
6918,0.002566,74.125.130.0-255,2902,208726,34,339743
6919,0.002577,172.31.33.0-255,66,208792,34,339743
6920,0.002603,74.125.130.0-255,1484,210276,34,339743
6921,0.002638,74.125.130.0-255,1484,211760,34,339743
6922,0.002641,172.31.33.0-255,66,211826,34,339743
6923,0.002646,74.125.130.0-255,2902,214728,34,339743
6924,0.002649,172.31.33.0-255,66,214794,34,339743
6925,0.002663,74.125.130.0-255,5738,220532,34,339743
6926,0.002665,172.31.33.0-255,66,220598,34,339743
6927,0.002672,74.125.130.0-255,4320,224918,34,339743
6928,0.002675,172.31.33.0-255,66,224984,34,339743
6929,0.002678,74.125.130.0-255,1484,226468,34,339743
6930,0.002681,74.125.130.0-255,1484,227952,34,339743
6931,0.002684,172.31.33.0-255,66,228018,34,339743
6932,0.002714,74.125.130.0-255,1484,229502,34,339743
6933,0.002724,74.125.130.0-255,2184,231686,34,339743
6934,0.002727,172.31.33.0-255,66,231752,34,339743
6935,0.002731,74.125.130.0-255,1484,233236,34,339743
6936,0.002758,74.125.130.0-255,1484,234720,34,339743
6937,0.002761,172.31.33.0-255,66,234786,34,339743
6938,0.002769,74.125.130.0-255,7156,241942,34,339743
6939,0.002773,172.31.33.0-255,66,242008,34,339743
6940,0.002781,74.125.130.0-255,1484,243492,34,339743
6941,0.002784,74.125.130.0-255,1484,244976,34,339743
6942,0.002787,172.31.33.0-255,66,245042,34,339743
6943,0.002885,74.125.130.0-255,7156,252198,34,339743
6944,0.002888,74.125.130.0-255,766,252964,34,339743
6945,0.002894,74.125.130.0-255,4320,257284,34,339743
6946,0.002899,74.125.130.0-255,4320,261604,34,339743
6947,0.002915,74.125.130.0-255,1484,263088,34,339743
6948,0.002934,74.125.130.0-255,5738,268826,34,339743
6949,0.002952,74.125.130.0-255,1484,270310,34,339743
6950,0.002955,74.125.130.0-255,1484,271794,34,339743
6951,0.002968,74.125.130.0-255,1484,273278,34,339743
6952,0.002985,74.125.130.0-255,4320,277598,34,339743
6953,0.003011,74.125.130.0-255,4320,281918,34,339743
6954,0.003017,74.125.130.0-255,4320,286238,34,339743
6955,0.00302,74.125.130.0-255,766,287004,34,339743
6956,0.003025,74.125.130.0-255,2902,289906,34,339743
6957,0.003028,74.125.130.0-255,1484,291390,34,339743
6958,0.003063,74.125.130.0-255,5738,297128,34,339743
6959,0.003094,74.125.130.0-255,5738,302866,34,339743
6960,0.00311,74.125.130.0-255,1484,304350,34,339743
6961,0.003118,74.125.130.0-255,7156,311506,34,339743
6962,0.003138,74.125.130.0-255,1484,312990,34,339743
6963,0.003145,74.125.130.0-255,7156,320146,34,339743
6964,0.003148,74.125.130.0-255,766,320912,34,339743
6965,0.003151,74.125.130.0-255,1484,322396,34,339743
6966,0.003177,74.125.130.0-255,4320,326716,34,339743
6967,0.003181,74.125.130.0-255,1484,328200,34,339743
6968,0.003204,74.125.130.0-255,5738,333938,34,339743
6969,0.003235,74.125.130.0-255,2902,336840,34,339743
6970,0.003258,74.125.130.0-255,2347,339187,34,339743
6971,0.003265,74.125.130.0-255,97,339284,34,339743
6972,0.003379,74.125.130.0-255,105,339389,34,339743
6973,0.013433,74.125.130.0-255,105,339494,34,339743
6974,0.013459,172.31.33.0-255,78,339572,34,339743
6975,0.01804,172.31.33.0-255,105,339677,34,339743
6976,0.024447,74.125.130.0-255,66,339743,34,339743
6977,0.0,172.217.194.0-255,153,153,34,187529
6978,3.2e-05,172.31.33.0-255,66,219,34,187529
6979,3.9e-05,172.217.194.0-255,1484,1703,34,187529
6980,4.2e-05,172.31.33.0-255,66,1769,34,187529
6981,4.7e-05,172.217.194.0-255,2902,4671,34,187529
6982,4.9e-05,172.31.33.0-255,66,4737,34,187529
6983,9e-05,172.217.194.0-255,5738,10475,34,187529
6984,9.3e-05,172.31.33.0-255,66,10541,34,187529
6985,0.00011,172.217.194.0-255,1484,12025,34,187529
6986,0.000113,172.31.33.0-255,66,12091,34,187529
6987,0.000142,172.217.194.0-255,4320,16411,34,187529
6988,0.000145,172.31.33.0-255,66,16477,34,187529
6989,0.000156,172.217.194.0-255,2128,18605,34,187529
6990,0.000157,172.31.33.0-255,66,18671,34,187529
6991,0.000167,172.217.194.0-255,7156,25827,34,187529
6992,0.000168,172.31.33.0-255,66,25893,34,187529
6993,0.000194,172.217.194.0-255,1484,27377,34,187529
6994,0.000196,172.31.33.0-255,66,27443,34,187529
6995,0.000228,172.31.33.0-255,66,27509,34,187529
6996,0.000258,172.31.33.0-255,66,27575,34,187529
6997,0.000423,172.217.194.0-255,1484,29059,34,187529
6998,0.000426,172.31.33.0-255,66,29125,34,187529
6999,0.000433,172.217.194.0-255,2902,32027,34,187529
7000,0.000434,172.31.33.0-255,66,32093,34,187529
7001,0.000458,172.217.194.0-255,2902,34995,34,187529
7002,0.000462,172.31.33.0-255,66,35061,34,187529
7003,0.000473,172.217.194.0-255,2902,37963,34,187529
7004,0.000475,172.31.33.0-255,66,38029,34,187529
7005,0.00048,172.217.194.0-255,2902,40931,34,187529
7006,0.000481,172.31.33.0-255,66,40997,34,187529
7007,0.000516,172.217.194.0-255,4273,45270,34,187529
7008,0.000521,172.31.33.0-255,66,45336,34,187529
7009,0.001395,172.217.194.0-255,1484,46820,34,187529
7010,0.001405,172.217.194.0-255,2902,49722,34,187529
7011,0.001409,172.31.33.0-255,66,49788,34,187529
7012,0.001414,172.217.194.0-255,1484,51272,34,187529
7013,0.001431,172.217.194.0-255,4320,55592,34,187529
7014,0.001433,172.31.33.0-255,66,55658,34,187529
7015,0.001445,172.217.194.0-255,1484,57142,34,187529
7016,0.001471,172.31.33.0-255,66,57208,34,187529
7017,0.001474,172.217.194.0-255,1484,58692,34,187529
7018,0.00151,172.217.194.0-255,2902,61594,34,187529
7019,0.001512,172.31.33.0-255,66,61660,34,187529
7020,0.001533,172.217.194.0-255,6438,68098,34,187529
7021,0.001535,172.31.33.0-255,66,68164,34,187529
7022,0.002301,172.217.194.0-255,1484,69648,34,187529
7023,0.002315,172.217.194.0-255,2902,72550,34,187529
7024,0.002317,172.31.33.0-255,66,72616,34,187529
7025,0.002333,172.217.194.0-255,2902,75518,34,187529
7026,0.002335,172.31.33.0-255,66,75584,34,187529
7027,0.00235,172.217.194.0-255,2902,78486,34,187529
7028,0.002353,172.31.33.0-255,66,78552,34,187529
7029,0.00236,172.217.194.0-255,7156,85708,34,187529
7030,0.002361,172.31.33.0-255,66,85774,34,187529
7031,0.002364,172.217.194.0-255,1484,87258,34,187529
7032,0.002383,172.217.194.0-255,2902,90160,34,187529
7033,0.002386,172.31.33.0-255,66,90226,34,187529
7034,0.0047,172.217.194.0-255,1484,91710,34,187529
7035,0.004716,172.217.194.0-255,4320,96030,34,187529
7036,0.004719,172.31.33.0-255,66,96096,34,187529
7037,0.00706,172.217.194.0-255,5738,101834,34,187529
7038,0.007068,172.31.33.0-255,66,101900,34,187529
7039,0.009414,172.217.194.0-255,5738,107638,34,187529
7040,0.009424,172.31.33.0-255,66,107704,34,187529
7041,0.011758,172.217.194.0-255,5738,113442,34,187529
7042,0.011772,172.31.33.0-255,66,113508,34,187529
7043,0.014138,172.217.194.0-255,5738,119246,34,187529
7044,0.014147,172.31.33.0-255,66,119312,34,187529
7045,0.016485,172.217.194.0-255,5738,125050,34,187529
7046,0.016491,172.31.33.0-255,66,125116,34,187529
7047,0.018823,172.217.194.0-255,5738,130854,34,187529
7048,0.018829,172.31.33.0-255,66,130920,34,187529
7049,0.021172,172.217.194.0-255,5738,136658,34,187529
7050,0.021179,172.31.33.0-255,66,136724,34,187529
7051,0.023521,172.217.194.0-255,5738,142462,34,187529
7052,0.023527,172.31.33.0-255,66,142528,34,187529
7053,0.02374,172.31.33.0-255,188,142716,34,187529
7054,0.023766,172.31.33.0-255,957,143673,34,187529
7055,0.023815,172.31.33.0-255,1514,145187,34,187529
7056,0.023817,172.31.33.0-255,1450,146637,34,187529
7057,0.025303,104.244.42.0-255,66,146703,34,187529
7058,0.02531,104.244.42.0-255,66,146769,34,187529
7059,0.025355,104.244.42.0-255,66,146835,34,187529
7060,0.025829,172.217.194.0-255,5738,152573,34,187529
7061,0.025833,172.31.33.0-255,66,152639,34,187529
7062,0.028156,172.217.194.0-255,5738,158377,34,187529
7063,0.028161,172.31.33.0-255,66,158443,34,187529
7064,0.030514,172.217.194.0-255,5738,164181,34,187529
7065,0.03052,172.31.33.0-255,66,164247,34,187529
7066,0.03287,172.217.194.0-255,5738,169985,34,187529
7067,0.032877,172.31.33.0-255,66,170051,34,187529
7068,0.035206,172.217.194.0-255,5738,175789,34,187529
7069,0.035211,172.31.33.0-255,66,175855,34,187529
7070,0.037541,172.217.194.0-255,5738,181593,34,187529
7071,0.037546,172.31.33.0-255,66,181659,34,187529
7072,0.03987,172.217.194.0-255,4320,185979,34,187529
7073,0.039875,172.31.33.0-255,66,186045,34,187529
7074,0.039908,172.217.194.0-255,1484,187529,34,187529
7075,0.0,172.217.194.0-255,150,150,34,182984
7076,1.3e-05,172.31.33.0-255,66,216,34,182984
7077,1.8e-05,172.217.194.0-255,1484,1700,34,182984
7078,2.1e-05,172.31.33.0-255,66,1766,34,182984
7079,4.5e-05,172.217.194.0-255,2902,4668,34,182984
7080,5.2e-05,172.31.33.0-255,66,4734,34,182984
7081,5.6e-05,172.217.194.0-255,2902,7636,34,182984
7082,5.9e-05,172.31.33.0-255,66,7702,34,182984
7083,8.9e-05,172.217.194.0-255,4320,12022,34,182984
7084,9.2e-05,172.31.33.0-255,66,12088,34,182984
7085,9.5e-05,172.217.194.0-255,2049,14137,34,182984
7086,9.8e-05,172.31.33.0-255,66,14203,34,182984
7087,0.000123,172.217.194.0-255,2902,17105,34,182984
7088,0.000125,172.31.33.0-255,66,17171,34,182984
7089,0.00013,172.217.194.0-255,4320,21491,34,182984
7090,0.000132,172.31.33.0-255,66,21557,34,182984
7091,0.000162,172.31.33.0-255,66,21623,34,182984
7092,0.000182,172.217.194.0-255,1125,22748,34,182984
7093,0.000184,172.31.33.0-255,66,22814,34,182984
7094,0.000298,172.217.194.0-255,1484,24298,34,182984
7095,0.000301,172.31.33.0-255,66,24364,34,182984
7096,0.000307,172.217.194.0-255,2902,27266,34,182984
7097,0.00031,172.31.33.0-255,66,27332,34,182984
7098,0.000312,172.217.194.0-255,1484,28816,34,182984
7099,0.000314,172.31.33.0-255,66,28882,34,182984
7100,0.000353,172.217.194.0-255,4320,33202,34,182984
7101,0.000356,172.31.33.0-255,66,33268,34,182984
7102,0.000362,172.217.194.0-255,5738,39006,34,182984
7103,0.000364,172.31.33.0-255,66,39072,34,182984
7104,0.000373,172.217.194.0-255,6797,45869,34,182984
7105,0.000376,172.31.33.0-255,66,45935,34,182984
7106,0.000412,172.31.33.0-255,66,46001,34,182984
7107,0.000441,172.217.194.0-255,119,46120,34,182984
7108,0.000464,172.217.194.0-255,381,46501,34,182984
7109,0.000711,172.217.194.0-255,1484,47985,34,182984
7110,0.000715,172.31.33.0-255,66,48051,34,182984
7111,0.00072,172.217.194.0-255,2902,50953,34,182984
7112,0.000722,172.31.33.0-255,66,51019,34,182984
7113,0.000724,172.217.194.0-255,1484,52503,34,182984
7114,0.000751,172.217.194.0-255,4320,56823,34,182984
7115,0.000753,172.31.33.0-255,66,56889,34,182984
7116,0.000759,172.217.194.0-255,5738,62627,34,182984
7117,0.00076,172.31.33.0-255,66,62693,34,182984
7118,0.000792,172.31.33.0-255,66,62759,34,182984
7119,0.000809,172.217.194.0-255,2902,65661,34,182984
7120,0.000811,172.31.33.0-255,66,65727,34,182984
7121,0.000834,172.217.194.0-255,2184,67911,34,182984
7122,0.000836,172.31.33.0-255,66,67977,34,182984
7123,0.000932,172.217.194.0-255,1484,69461,34,182984
7124,0.000937,172.217.194.0-255,2902,72363,34,182984
7125,0.000939,172.31.33.0-255,66,72429,34,182984
7126,0.000964,172.217.194.0-255,5738,78167,34,182984
7127,0.000966,172.31.33.0-255,66,78233,34,182984
7128,0.000971,172.217.194.0-255,4320,82553,34,182984
7129,0.000973,172.31.33.0-255,66,82619,34,182984
7130,0.001008,172.31.33.0-255,66,82685,34,182984
7131,0.001024,172.31.33.0-255,66,82751,34,182984
7132,0.001793,172.217.194.0-255,1484,84235,34,182984
7133,0.001812,172.217.194.0-255,2902,87137,34,182984
7134,0.001816,172.31.33.0-255,66,87203,34,182984
7135,0.001851,172.217.194.0-255,2902,90105,34,182984
7136,0.001853,172.31.33.0-255,66,90171,34,182984
7137,0.001866,172.217.194.0-255,2902,93073,34,182984
7138,0.001872,172.31.33.0-255,66,93139,34,182984
7139,0.001884,172.31.33.0-255,66,93205,34,182984
7140,0.001895,172.31.33.0-255,66,93271,34,182984
7141,0.001897,172.217.194.0-255,766,94037,34,182984
7142,0.00228,172.217.194.0-255,1484,95521,34,182984
7143,0.002285,172.31.33.0-255,66,95587,34,182984
7144,0.002291,172.217.194.0-255,2902,98489,34,182984
7145,0.002292,172.31.33.0-255,66,98555,34,182984
7146,0.002304,172.217.194.0-255,5738,104293,34,182984
7147,0.002305,172.31.33.0-255,66,104359,34,182984
7148,0.002309,172.217.194.0-255,1484,105843,34,182984
7149,0.002346,172.31.33.0-255,66,105909,34,182984
7150,0.002355,172.31.33.0-255,66,105975,34,182984
7151,0.002363,172.217.194.0-255,2184,108159,34,182984
7152,0.002365,172.31.33.0-255,66,108225,34,182984
7153,0.002395,172.217.194.0-255,2902,111127,34,182984
7154,0.002396,172.31.33.0-255,66,111193,34,182984
7155,0.002399,172.217.194.0-255,1484,112677,34,182984
7156,0.002421,172.217.194.0-255,5738,118415,34,182984
7157,0.002423,172.31.33.0-255,66,118481,34,182984
7158,0.002427,172.217.194.0-255,2902,121383,34,182984
7159,0.002428,172.31.33.0-255,66,121449,34,182984
7160,0.002434,172.217.194.0-255,5738,127187,34,182984
7161,0.002439,172.31.33.0-255,66,127253,34,182984
7162,0.002442,172.217.194.0-255,1484,128737,34,182984
7163,0.002496,172.217.194.0-255,1484,130221,34,182984
7164,0.002498,172.31.33.0-255,66,130287,34,182984
7165,0.002528,172.31.33.0-255,66,130353,34,182984
7166,0.002551,172.217.194.0-255,3602,133955,34,182984
7167,0.002553,172.31.33.0-255,66,134021,34,182984
7168,0.002641,172.217.194.0-255,1484,135505,34,182984
7169,0.002647,172.217.194.0-255,2902,138407,34,182984
7170,0.002649,172.31.33.0-255,66,138473,34,182984
7171,0.002654,172.217.194.0-255,4320,142793,34,182984
7172,0.002657,172.31.33.0-255,66,142859,34,182984
7173,0.002683,172.217.194.0-255,1484,144343,34,182984
7174,0.002696,172.31.33.0-255,66,144409,34,182984
7175,0.002699,172.217.194.0-255,1484,145893,34,182984
7176,0.002715,172.31.33.0-255,66,145959,34,182984
7177,0.002717,172.217.194.0-255,766,146725,34,182984
7178,0.002802,172.217.194.0-255,1484,148209,34,182984
7179,0.002805,172.31.33.0-255,66,148275,34,182984
7180,0.002809,172.217.194.0-255,2902,151177,34,182984
7181,0.002811,172.31.33.0-255,66,151243,34,182984
7182,0.002813,172.217.194.0-255,1484,152727,34,182984
7183,0.002839,172.217.194.0-255,4320,157047,34,182984
7184,0.002841,172.31.33.0-255,66,157113,34,182984
7185,0.002854,172.31.33.0-255,66,157179,34,182984
7186,0.002886,172.31.33.0-255,66,157245,34,182984
7187,0.002897,172.31.33.0-255,66,157311,34,182984
7188,0.002913,172.217.194.0-255,1484,158795,34,182984
7189,0.002917,172.217.194.0-255,2902,161697,34,182984
7190,0.002922,172.31.33.0-255,66,161763,34,182984
7191,0.00296,172.31.33.0-255,66,161829,34,182984
7192,0.003,172.217.194.0-255,5738,167567,34,182984
7193,0.003003,172.31.33.0-255,66,167633,34,182984
7194,0.003038,172.31.33.0-255,66,167699,34,182984
7195,0.003049,172.31.33.0-255,66,167765,34,182984
7196,0.003068,172.31.33.0-255,66,167831,34,182984
7197,0.003097,172.217.194.0-255,1484,169315,34,182984
7198,0.003103,172.217.194.0-255,6017,175332,34,182984
7199,0.003105,172.31.33.0-255,66,175398,34,182984
7200,0.003108,172.217.194.0-255,105,175503,34,182984
7201,0.009033,172.31.33.0-255,66,175569,34,182984
7202,0.009071,172.31.33.0-255,105,175674,34,182984
7203,0.011387,172.217.194.0-255,66,175740,34,182984
7204,0.027403,172.31.33.0-255,250,175990,34,182984
7205,0.027437,172.31.33.0-255,1113,177103,34,182984
7206,0.027497,172.31.33.0-255,1514,178617,34,182984
7207,0.027498,172.31.33.0-255,1514,180131,34,182984
7208,0.027502,172.31.33.0-255,1514,181645,34,182984
7209,0.027503,172.31.33.0-255,1075,182720,34,182984
7210,0.028958,104.244.42.0-255,66,182786,34,182984
7211,0.029007,104.244.42.0-255,66,182852,34,182984
7212,0.029095,104.244.42.0-255,66,182918,34,182984
7213,0.029107,104.244.42.0-255,66,182984,34,182984
7214,0.0,172.253.118.0-255,143,143,34,167378
7215,2.7e-05,172.31.33.0-255,66,209,34,167378
7216,3.4e-05,172.253.118.0-255,1484,1693,34,167378
7217,3.8e-05,172.31.33.0-255,66,1759,34,167378
7218,4.1e-05,172.253.118.0-255,1484,3243,34,167378
7219,5e-05,172.31.33.0-255,66,3309,34,167378
7220,8.5e-05,172.253.118.0-255,4320,7629,34,167378
7221,8.8e-05,172.253.118.0-255,1484,9113,34,167378
7222,9e-05,172.31.33.0-255,66,9179,34,167378
7223,9.4e-05,172.31.33.0-255,66,9245,34,167378
7224,0.000121,172.31.33.0-255,66,9311,34,167378
7225,0.000126,172.253.118.0-255,5738,15049,34,167378
7226,0.000128,172.31.33.0-255,66,15115,34,167378
7227,0.000189,172.253.118.0-255,6797,21912,34,167378
7228,0.000193,172.31.33.0-255,66,21978,34,167378
7229,0.000235,172.253.118.0-255,1484,23462,34,167378
7230,0.000238,172.31.33.0-255,66,23528,34,167378
7231,0.000242,172.253.118.0-255,1484,25012,34,167378
7232,0.000245,172.31.33.0-255,66,25078,34,167378
7233,0.000258,172.253.118.0-255,1484,26562,34,167378
7234,0.00026,172.31.33.0-255,66,26628,34,167378
7235,0.00027,172.253.118.0-255,2902,29530,34,167378
7236,0.000274,172.31.33.0-255,66,29596,34,167378
7237,0.00031,172.253.118.0-255,2902,32498,34,167378
7238,0.000314,172.31.33.0-255,66,32564,34,167378
7239,0.000329,172.31.33.0-255,66,32630,34,167378
7240,0.00034,172.31.33.0-255,66,32696,34,167378
7241,0.0004,172.253.118.0-255,130,32826,34,167378
7242,0.000405,172.31.33.0-255,66,32892,34,167378
7243,0.000561,172.253.118.0-255,1484,34376,34,167378
7244,0.000566,172.253.118.0-255,1484,35860,34,167378
7245,0.00057,172.31.33.0-255,66,35926,34,167378
7246,0.0006,172.253.118.0-255,1484,37410,34,167378
7247,0.000608,172.253.118.0-255,5738,43148,34,167378
7248,0.000611,172.31.33.0-255,66,43214,34,167378
7249,0.000625,172.31.33.0-255,66,43280,34,167378
7250,0.000674,172.253.118.0-255,5738,49018,34,167378
7251,0.000677,172.31.33.0-255,66,49084,34,167378
7252,0.000703,172.253.118.0-255,3961,53045,34,167378
7253,0.000706,172.31.33.0-255,66,53111,34,167378
7254,0.00084,172.253.118.0-255,1484,54595,34,167378
7255,0.000856,172.253.118.0-255,2902,57497,34,167378
7256,0.00086,172.31.33.0-255,66,57563,34,167378
7257,0.000867,172.253.118.0-255,5738,63301,34,167378
7258,0.000869,172.31.33.0-255,66,63367,34,167378
7259,0.000896,172.253.118.0-255,1484,64851,34,167378
7260,0.000926,172.31.33.0-255,66,64917,34,167378
7261,0.000933,172.253.118.0-255,5738,70655,34,167378
7262,0.000935,172.31.33.0-255,66,70721,34,167378
7263,0.000961,172.253.118.0-255,5020,75741,34,167378
7264,0.000964,172.31.33.0-255,66,75807,34,167378
7265,0.001141,172.253.118.0-255,1484,77291,34,167378
7266,0.001147,172.253.118.0-255,1484,78775,34,167378
7267,0.001149,172.31.33.0-255,66,78841,34,167378
7268,0.001176,172.253.118.0-255,1484,80325,34,167378
7269,0.00118,172.253.118.0-255,2902,83227,34,167378
7270,0.001183,172.31.33.0-255,66,83293,34,167378
7271,0.001187,172.253.118.0-255,4320,87613,34,167378
7272,0.001189,172.31.33.0-255,66,87679,34,167378
7273,0.001231,172.31.33.0-255,66,87745,34,167378
7274,0.001236,172.253.118.0-255,4320,92065,34,167378
7275,0.001238,172.31.33.0-255,66,92131,34,167378
7276,0.001272,172.253.118.0-255,5738,97869,34,167378
7277,0.001276,172.31.33.0-255,66,97935,34,167378
7278,0.001307,172.31.33.0-255,66,98001,34,167378
7279,0.001308,172.253.118.0-255,5738,103739,34,167378
7280,0.00131,172.253.118.0-255,1484,105223,34,167378
7281,0.00131,172.31.33.0-255,66,105289,34,167378
7282,0.001364,172.31.33.0-255,66,105355,34,167378
7283,0.001368,172.253.118.0-255,1484,106839,34,167378
7284,0.001434,172.31.33.0-255,66,106905,34,167378
7285,0.001458,172.253.118.0-255,1484,108389,34,167378
7286,0.00147,172.31.33.0-255,66,108455,34,167378
7287,0.001498,172.31.33.0-255,66,108521,34,167378
7288,0.001511,172.31.33.0-255,66,108587,34,167378
7289,0.001543,172.31.33.0-255,66,108653,34,167378
7290,0.001549,172.253.118.0-255,5738,114391,34,167378
7291,0.001551,172.31.33.0-255,66,114457,34,167378
7292,0.001585,172.31.33.0-255,66,114523,34,167378
7293,0.001631,172.253.118.0-255,1484,116007,34,167378
7294,0.001637,172.253.118.0-255,2902,118909,34,167378
7295,0.001639,172.31.33.0-255,66,118975,34,167378
7296,0.001644,172.253.118.0-255,2902,121877,34,167378
7297,0.001645,172.31.33.0-255,66,121943,34,167378
7298,0.001665,172.253.118.0-255,2902,124845,34,167378
7299,0.001668,172.31.33.0-255,66,124911,34,167378
7300,0.001679,172.31.33.0-255,66,124977,34,167378
7301,0.001711,172.253.118.0-255,1484,126461,34,167378
7302,0.001723,172.31.33.0-255,66,126527,34,167378
7303,0.001793,172.253.118.0-255,1484,128011,34,167378
7304,0.001806,172.253.118.0-255,1484,129495,34,167378
7305,0.001809,172.31.33.0-255,66,129561,34,167378
7306,0.00182,172.253.118.0-255,1484,131045,34,167378
7307,0.00183,172.253.118.0-255,5738,136783,34,167378
7308,0.001832,172.31.33.0-255,66,136849,34,167378
7309,0.001838,172.253.118.0-255,5738,142587,34,167378
7310,0.001839,172.31.33.0-255,66,142653,34,167378
7311,0.001866,172.31.33.0-255,66,142719,34,167378
7312,0.001894,172.253.118.0-255,4320,147039,34,167378
7313,0.001897,172.31.33.0-255,66,147105,34,167378
7314,0.001902,172.253.118.0-255,5020,152125,34,167378
7315,0.001905,172.31.33.0-255,66,152191,34,167378
7316,0.001943,172.253.118.0-255,4320,156511,34,167378
7317,0.001946,172.31.33.0-255,66,156577,34,167378
7318,0.001951,172.253.118.0-255,5738,162315,34,167378
7319,0.001953,172.31.33.0-255,66,162381,34,167378
7320,0.001986,172.31.33.0-255,66,162447,34,167378
7321,0.001992,172.253.118.0-255,4426,166873,34,167378
7322,0.001994,172.31.33.0-255,66,166939,34,167378
7323,0.002012,172.253.118.0-255,97,167036,34,167378
7324,0.002057,172.253.118.0-255,105,167141,34,167378
7325,0.010855,172.31.33.0-255,66,167207,34,167378
7326,0.010883,172.31.33.0-255,105,167312,34,167378
7327,0.013374,172.253.118.0-255,66,167378,34,167378
7328,0.0,74.125.130.0-255,143,143,34,287192
7329,1.4e-05,172.31.33.0-255,66,209,34,287192
7330,6.5e-05,74.125.130.0-255,1484,1693,34,287192
7331,6.9e-05,172.31.33.0-255,66,1759,34,287192
7332,7.4e-05,74.125.130.0-255,2902,4661,34,287192
7333,7.7e-05,172.31.33.0-255,66,4727,34,287192
7334,7.9e-05,74.125.130.0-255,1484,6211,34,287192
7335,8.2e-05,172.31.33.0-255,66,6277,34,287192
7336,0.000111,74.125.130.0-255,4320,10597,34,287192
7337,0.000117,172.31.33.0-255,66,10663,34,287192
7338,0.000122,74.125.130.0-255,3580,14243,34,287192
7339,0.000124,172.31.33.0-255,66,14309,34,287192
7340,0.000172,74.125.130.0-255,1484,15793,34,287192
7341,0.000174,172.31.33.0-255,66,15859,34,287192
7342,0.000179,74.125.130.0-255,2902,18761,34,287192
7343,0.00018,172.31.33.0-255,66,18827,34,287192
7344,0.000184,74.125.130.0-255,2902,21729,34,287192
7345,0.000186,172.31.33.0-255,66,21795,34,287192
7346,0.000219,74.125.130.0-255,4320,26115,34,287192
7347,0.000221,172.31.33.0-255,66,26181,34,287192
7348,0.000249,172.31.33.0-255,66,26247,34,287192
7349,0.000253,74.125.130.0-255,2902,29149,34,287192
7350,0.000254,172.31.33.0-255,66,29215,34,287192
7351,0.000278,74.125.130.0-255,4320,33535,34,287192
7352,0.00028,172.31.33.0-255,66,33601,34,287192
7353,0.000302,74.125.130.0-255,2902,36503,34,287192
7354,0.000304,172.31.33.0-255,66,36569,34,287192
7355,0.000329,74.125.130.0-255,2543,39112,34,287192
7356,0.000331,172.31.33.0-255,66,39178,34,287192
7357,0.000434,74.125.130.0-255,1484,40662,34,287192
7358,0.000437,172.31.33.0-255,66,40728,34,287192
7359,0.000442,74.125.130.0-255,2902,43630,34,287192
7360,0.000444,172.31.33.0-255,66,43696,34,287192
7361,0.000448,74.125.130.0-255,2902,46598,34,287192
7362,0.00045,172.31.33.0-255,66,46664,34,287192
7363,0.000472,74.125.130.0-255,4320,50984,34,287192
7364,0.000478,172.31.33.0-255,66,51050,34,287192
7365,0.000512,74.125.130.0-255,5657,56707,34,287192
7366,0.000515,172.31.33.0-255,66,56773,34,287192
7367,0.000682,74.125.130.0-255,399,57172,34,287192
7368,0.000785,74.125.130.0-255,1484,58656,34,287192
7369,0.000789,172.31.33.0-255,66,58722,34,287192
7370,0.000793,74.125.130.0-255,2902,61624,34,287192
7371,0.000795,172.31.33.0-255,66,61690,34,287192
7372,0.000798,74.125.130.0-255,1484,63174,34,287192
7373,0.000821,74.125.130.0-255,2902,66076,34,287192
7374,0.000826,74.125.130.0-255,5738,71814,34,287192
7375,0.000853,172.31.33.0-255,66,71880,34,287192
7376,0.000856,172.31.33.0-255,66,71946,34,287192
7377,0.000878,74.125.130.0-255,2543,74489,34,287192
7378,0.00088,172.31.33.0-255,66,74555,34,287192
7379,0.000902,74.125.130.0-255,2902,77457,34,287192
7380,0.000905,74.125.130.0-255,2902,80359,34,287192
7381,0.000908,172.31.33.0-255,66,80425,34,287192
7382,0.000914,172.31.33.0-255,66,80491,34,287192
7383,0.000919,74.125.130.0-255,2902,83393,34,287192
7384,0.000924,172.31.33.0-255,66,83459,34,287192
7385,0.000928,74.125.130.0-255,2902,86361,34,287192
7386,0.000931,172.31.33.0-255,66,86427,34,287192
7387,0.00096,74.125.130.0-255,4320,90747,34,287192
7388,0.000963,74.125.130.0-255,1125,91872,34,287192
7389,0.00097,172.31.33.0-255,66,91938,34,287192
7390,0.002959,74.125.130.0-255,1484,93422,34,287192
7391,0.002967,74.125.130.0-255,2902,96324,34,287192
7392,0.002971,172.31.33.0-255,66,96390,34,287192
7393,0.002976,74.125.130.0-255,2902,99292,34,287192
7394,0.002978,172.31.33.0-255,66,99358,34,287192
7395,0.002981,74.125.130.0-255,1484,100842,34,287192
7396,0.003005,74.125.130.0-255,2902,103744,34,287192
7397,0.003007,172.31.33.0-255,66,103810,34,287192
7398,0.003017,172.31.33.0-255,66,103876,34,287192
7399,0.003047,172.31.33.0-255,66,103942,34,287192
7400,0.003076,74.125.130.0-255,5020,108962,34,287192
7401,0.003078,172.31.33.0-255,66,109028,34,287192
7402,0.003541,74.125.130.0-255,1484,110512,34,287192
7403,0.003544,74.125.130.0-255,1484,111996,34,287192
7404,0.003546,172.31.33.0-255,66,112062,34,287192
7405,0.003571,74.125.130.0-255,1484,113546,34,287192
7406,0.003577,74.125.130.0-255,5738,119284,34,287192
7407,0.003579,172.31.33.0-255,66,119350,34,287192
7408,0.003581,74.125.130.0-255,1484,120834,34,287192
7409,0.003614,172.31.33.0-255,66,120900,34,287192
7410,0.003621,74.125.130.0-255,7156,128056,34,287192
7411,0.003623,172.31.33.0-255,66,128122,34,287192
7412,0.003645,74.125.130.0-255,3602,131724,34,287192
7413,0.003647,172.31.33.0-255,66,131790,34,287192
7414,0.003685,74.125.130.0-255,1484,133274,34,287192
7415,0.003706,74.125.130.0-255,2902,136176,34,287192
7416,0.003709,172.31.33.0-255,66,136242,34,287192
7417,0.003713,74.125.130.0-255,2902,139144,34,287192
7418,0.003717,74.125.130.0-255,4320,143464,34,287192
7419,0.003722,74.125.130.0-255,4320,147784,34,287192
7420,0.003742,74.125.130.0-255,4320,152104,34,287192
7421,0.003756,74.125.130.0-255,2902,155006,34,287192
7422,0.003769,74.125.130.0-255,5738,160744,34,287192
7423,0.003783,74.125.130.0-255,5020,165764,34,287192
7424,0.004372,74.125.130.0-255,1484,167248,34,287192
7425,0.004391,74.125.130.0-255,2902,170150,34,287192
7426,0.004394,74.125.130.0-255,1484,171634,34,287192
7427,0.004415,74.125.130.0-255,4320,175954,34,287192
7428,0.00442,74.125.130.0-255,2902,178856,34,287192
7429,0.004438,74.125.130.0-255,5738,184594,34,287192
7430,0.00445,74.125.130.0-255,2902,187496,34,287192
7431,0.004462,74.125.130.0-255,2902,190398,34,287192
7432,0.004471,74.125.130.0-255,1484,191882,34,287192
7433,0.004493,74.125.130.0-255,2902,194784,34,287192
7434,0.004499,74.125.130.0-255,5020,199804,34,287192
7435,0.005042,74.125.130.0-255,1484,201288,34,287192
7436,0.005055,74.125.130.0-255,2902,204190,34,287192
7437,0.005059,74.125.130.0-255,2902,207092,34,287192
7438,0.005062,74.125.130.0-255,1484,208576,34,287192
7439,0.005076,74.125.130.0-255,2902,211478,34,287192
7440,0.005079,74.125.130.0-255,1484,212962,34,287192
7441,0.005106,74.125.130.0-255,7156,220118,34,287192
7442,0.005176,74.125.130.0-255,3602,223720,34,287192
7443,0.005313,74.125.130.0-255,1484,225204,34,287192
7444,0.005319,74.125.130.0-255,2902,228106,34,287192
7445,0.005334,74.125.130.0-255,1484,229590,34,287192
7446,0.005381,74.125.130.0-255,4320,233910,34,287192
7447,0.005403,74.125.130.0-255,2902,236812,34,287192
7448,0.005416,74.125.130.0-255,2184,238996,34,287192
7449,0.005421,74.125.130.0-255,2902,241898,34,287192
7450,0.005436,74.125.130.0-255,5738,247636,34,287192
7451,0.005452,74.125.130.0-255,1484,249120,34,287192
7452,0.005472,74.125.130.0-255,4320,253440,34,287192
7453,0.00559,74.125.130.0-255,1484,254924,34,287192
7454,0.005611,74.125.130.0-255,1484,256408,34,287192
7455,0.005624,74.125.130.0-255,3602,260010,34,287192
7456,0.005678,74.125.130.0-255,1484,261494,34,287192
7457,0.005694,74.125.130.0-255,2902,264396,34,287192
7458,0.005697,74.125.130.0-255,1484,265880,34,287192
7459,0.005714,74.125.130.0-255,4320,270200,34,287192
7460,0.005716,74.125.130.0-255,1484,271684,34,287192
7461,0.005733,74.125.130.0-255,5738,277422,34,287192
7462,0.005747,74.125.130.0-255,5738,283160,34,287192
7463,0.005769,74.125.130.0-255,3690,286850,34,287192
7464,0.005782,74.125.130.0-255,105,286955,34,287192
7465,0.009507,172.31.33.0-255,66,287021,34,287192
7466,0.011558,172.31.33.0-255,105,287126,34,287192
7467,0.013798,74.125.130.0-255,66,287192,34,287192
7468,0.0,172.31.33.0-255,105,105,34,342
7469,0.002249,74.125.24.0-255,66,171,34,342
7470,0.00228,74.125.24.0-255,105,276,34,342
7471,0.002284,172.31.33.0-255,66,342,34,342
7472,0.0,74.125.24.0-255,153,153,34,217750
7473,1.8e-05,172.31.33.0-255,66,219,34,217750
7474,2.5e-05,74.125.24.0-255,1484,1703,34,217750
7475,2.9e-05,172.31.33.0-255,66,1769,34,217750
7476,3.5e-05,74.125.24.0-255,2902,4671,34,217750
7477,3.8e-05,172.31.33.0-255,66,4737,34,217750
7478,5.4e-05,74.125.24.0-255,7156,11893,34,217750
7479,5.8e-05,172.31.33.0-255,66,11959,34,217750
7480,6.2e-05,74.125.24.0-255,1995,13954,34,217750
7481,6.5e-05,172.31.33.0-255,66,14020,34,217750
7482,0.000104,74.125.24.0-255,1484,15504,34,217750
7483,0.000108,172.31.33.0-255,66,15570,34,217750
7484,0.000113,74.125.24.0-255,2902,18472,34,217750
7485,0.000115,172.31.33.0-255,66,18538,34,217750
7486,0.000151,74.125.24.0-255,5738,24276,34,217750
7487,0.000154,172.31.33.0-255,66,24342,34,217750
7488,0.000177,74.125.24.0-255,6797,31139,34,217750
7489,0.000181,172.31.33.0-255,66,31205,34,217750
7490,0.000244,74.125.24.0-255,1484,32689,34,217750
7491,0.000247,172.31.33.0-255,66,32755,34,217750
7492,0.000268,74.125.24.0-255,2902,35657,34,217750
7493,0.00027,172.31.33.0-255,66,35723,34,217750
7494,0.000278,74.125.24.0-255,5738,41461,34,217750
7495,0.00028,172.31.33.0-255,66,41527,34,217750
7496,0.000319,172.31.33.0-255,66,41593,34,217750
7497,0.000352,74.125.24.0-255,5379,46972,34,217750
7498,0.000355,172.31.33.0-255,66,47038,34,217750
7499,0.000373,172.31.33.0-255,66,47104,34,217750
7500,0.000376,74.125.24.0-255,1480,48584,34,217750
7501,0.000378,172.31.33.0-255,66,48650,34,217750
7502,0.000399,74.125.24.0-255,332,48982,34,217750
7503,0.000602,74.125.24.0-255,1484,50466,34,217750
7504,0.000606,172.31.33.0-255,66,50532,34,217750
7505,0.000611,74.125.24.0-255,2902,53434,34,217750
7506,0.000613,74.125.24.0-255,1484,54918,34,217750
7507,0.000621,172.31.33.0-255,66,54984,34,217750
7508,0.000654,74.125.24.0-255,4320,59304,34,217750
7509,0.000656,172.31.33.0-255,66,59370,34,217750
7510,0.000661,74.125.24.0-255,4320,63690,34,217750
7511,0.000663,172.31.33.0-255,66,63756,34,217750
7512,0.00068,172.31.33.0-255,66,63822,34,217750
7513,0.00072,172.31.33.0-255,66,63888,34,217750
7514,0.00073,74.125.24.0-255,1484,65372,34,217750
7515,0.000738,74.125.24.0-255,2902,68274,34,217750
7516,0.000743,172.31.33.0-255,66,68340,34,217750
7517,0.000774,74.125.24.0-255,5738,74078,34,217750
7518,0.000779,74.125.24.0-255,4320,78398,34,217750
7519,0.00078,172.31.33.0-255,66,78464,34,217750
7520,0.000797,172.31.33.0-255,66,78530,34,217750
7521,0.000828,172.31.33.0-255,66,78596,34,217750
7522,0.000834,74.125.24.0-255,1484,80080,34,217750
7523,0.00084,74.125.24.0-255,5738,85818,34,217750
7524,0.000842,172.31.33.0-255,66,85884,34,217750
7525,0.000858,74.125.24.0-255,3602,89486,34,217750
7526,0.000864,172.31.33.0-255,66,89552,34,217750
7527,0.001151,74.125.24.0-255,1484,91036,34,217750
7528,0.001176,74.125.24.0-255,2902,93938,34,217750
7529,0.001179,172.31.33.0-255,66,94004,34,217750
7530,0.0012,74.125.24.0-255,4320,98324,34,217750
7531,0.001202,172.31.33.0-255,66,98390,34,217750
7532,0.00122,74.125.24.0-255,7156,105546,34,217750
7533,0.001228,172.31.33.0-255,66,105612,34,217750
7534,0.001256,74.125.24.0-255,1484,107096,34,217750
7535,0.001269,172.31.33.0-255,66,107162,34,217750
7536,0.001295,74.125.24.0-255,2184,109346,34,217750
7537,0.001304,172.31.33.0-255,66,109412,34,217750
7538,0.001339,74.125.24.0-255,1484,110896,34,217750
7539,0.001342,74.125.24.0-255,1484,112380,34,217750
7540,0.001345,172.31.33.0-255,66,112446,34,217750
7541,0.001358,74.125.24.0-255,1484,113930,34,217750
7542,0.001372,74.125.24.0-255,5738,119668,34,217750
7543,0.001375,172.31.33.0-255,66,119734,34,217750
7544,0.001379,74.125.24.0-255,2902,122636,34,217750
7545,0.001381,172.31.33.0-255,66,122702,34,217750
7546,0.001412,74.125.24.0-255,5738,128440,34,217750
7547,0.001421,172.31.33.0-255,66,128506,34,217750
7548,0.001432,172.31.33.0-255,66,128572,34,217750
7549,0.001487,74.125.24.0-255,5020,133592,34,217750
7550,0.00149,172.31.33.0-255,66,133658,34,217750
7551,0.00151,74.125.24.0-255,1484,135142,34,217750
7552,0.001514,74.125.24.0-255,2902,138044,34,217750
7553,0.001516,172.31.33.0-255,66,138110,34,217750
7554,0.001519,74.125.24.0-255,1484,139594,34,217750
7555,0.001546,74.125.24.0-255,4320,143914,34,217750
7556,0.00155,74.125.24.0-255,4320,148234,34,217750
7557,0.001553,74.125.24.0-255,1484,149718,34,217750
7558,0.001555,172.31.33.0-255,66,149784,34,217750
7559,0.001593,172.31.33.0-255,66,149850,34,217750
7560,0.001621,74.125.24.0-255,4320,154170,34,217750
7561,0.001629,172.31.33.0-255,66,154236,34,217750
7562,0.001649,74.125.24.0-255,3602,157838,34,217750
7563,0.001651,172.31.33.0-255,66,157904,34,217750
7564,0.001742,74.125.24.0-255,1484,159388,34,217750
7565,0.001758,74.125.24.0-255,2902,162290,34,217750
7566,0.001763,74.125.24.0-255,4320,166610,34,217750
7567,0.001765,172.31.33.0-255,66,166676,34,217750
7568,0.001771,172.31.33.0-255,66,166742,34,217750
7569,0.001772,74.125.24.0-255,1484,168226,34,217750
7570,0.001806,74.125.24.0-255,7156,175382,34,217750
7571,0.001821,172.31.33.0-255,66,175448,34,217750
7572,0.001823,74.125.24.0-255,5738,181186,34,217750
7573,0.001832,172.31.33.0-255,66,181252,34,217750
7574,0.001855,74.125.24.0-255,4320,185572,34,217750
7575,0.001867,74.125.24.0-255,4320,189892,34,217750
7576,0.001867,172.31.33.0-255,66,189958,34,217750
7577,0.001868,74.125.24.0-255,1484,191442,34,217750
7578,0.001871,172.31.33.0-255,66,191508,34,217750
7579,0.001923,172.31.33.0-255,66,191574,34,217750
7580,0.001977,74.125.24.0-255,5738,197312,34,217750
7581,0.00198,172.31.33.0-255,66,197378,34,217750
7582,0.002008,74.125.24.0-255,6438,203816,34,217750
7583,0.002015,172.31.33.0-255,66,203882,34,217750
7584,0.002052,172.31.33.0-255,66,203948,34,217750
7585,0.002089,172.31.33.0-255,66,204014,34,217750
7586,0.002127,74.125.24.0-255,4320,208334,34,217750
7587,0.002136,172.31.33.0-255,66,208400,34,217750
7588,0.002164,172.31.33.0-255,66,208466,34,217750
7589,0.002198,172.31.33.0-255,66,208532,34,217750
7590,0.002272,74.125.24.0-255,4320,212852,34,217750
7591,0.002277,172.31.33.0-255,66,212918,34,217750
7592,0.002312,172.31.33.0-255,66,212984,34,217750
7593,0.002366,172.31.33.0-255,66,213050,34,217750
7594,0.002394,172.31.33.0-255,66,213116,34,217750
7595,0.002403,74.125.24.0-255,105,213221,34,217750
7596,0.003103,172.31.33.0-255,66,213287,34,217750
7597,0.003126,172.31.33.0-255,105,213392,34,217750
7598,0.005455,74.125.24.0-255,66,213458,34,217750
7599,0.028472,172.31.33.0-255,172,213630,34,217750
7600,0.028521,172.31.33.0-255,1112,214742,34,217750
7601,0.028592,172.31.33.0-255,1514,216256,34,217750
7602,0.028594,172.31.33.0-255,1296,217552,34,217750
7603,0.030019,104.244.42.0-255,66,217618,34,217750
7604,0.03006,104.244.42.0-255,66,217684,34,217750
7605,0.030171,104.244.42.0-255,66,217750,34,217750
7606,0.0,74.125.24.0-255,146,146,34,211478
7607,2.6e-05,172.31.33.0-255,66,212,34,211478
7608,3.2e-05,74.125.24.0-255,1484,1696,34,211478
7609,3.6e-05,172.31.33.0-255,66,1762,34,211478
7610,4.2e-05,74.125.24.0-255,2902,4664,34,211478
7611,4.5e-05,172.31.33.0-255,66,4730,34,211478
7612,5.1e-05,74.125.24.0-255,5738,10468,34,211478
7613,5.4e-05,172.31.33.0-255,66,10534,34,211478
7614,0.000103,74.125.24.0-255,3482,14016,34,211478
7615,0.000107,172.31.33.0-255,66,14082,34,211478
7616,0.000131,74.125.24.0-255,4320,18402,34,211478
7617,0.000134,172.31.33.0-255,66,18468,34,211478
7618,0.000169,172.31.33.0-255,66,18534,34,211478
7619,0.000192,74.125.24.0-255,2543,21077,34,211478
7620,0.000196,172.31.33.0-255,66,21143,34,211478
7621,0.000259,74.125.24.0-255,1484,22627,34,211478
7622,0.000263,172.31.33.0-255,66,22693,34,211478
7623,0.000268,74.125.24.0-255,2902,25595,34,211478
7624,0.000273,172.31.33.0-255,66,25661,34,211478
7625,0.000286,74.125.24.0-255,5738,31399,34,211478
7626,0.000289,172.31.33.0-255,66,31465,34,211478
7627,0.000295,74.125.24.0-255,4320,35785,34,211478
7628,0.000298,172.31.33.0-255,66,35851,34,211478
7629,0.000321,74.125.24.0-255,2543,38394,34,211478
7630,0.000326,172.31.33.0-255,66,38460,34,211478
7631,0.000343,172.31.33.0-255,66,38526,34,211478
7632,0.000363,74.125.24.0-255,2856,41382,34,211478
7633,0.000366,172.31.33.0-255,66,41448,34,211478
7634,0.0004,74.125.24.0-255,110,41558,34,211478
7635,0.000404,172.31.33.0-255,66,41624,34,211478
7636,0.000522,74.125.24.0-255,1484,43108,34,211478
7637,0.000529,74.125.24.0-255,2902,46010,34,211478
7638,0.000532,172.31.33.0-255,66,46076,34,211478
7639,0.000539,74.125.24.0-255,5738,51814,34,211478
7640,0.000542,172.31.33.0-255,66,51880,34,211478
7641,0.000547,74.125.24.0-255,4320,56200,34,211478
7642,0.000549,172.31.33.0-255,66,56266,34,211478
7643,0.000573,74.125.24.0-255,5738,62004,34,211478
7644,0.000577,172.31.33.0-255,66,62070,34,211478
7645,0.000604,74.125.24.0-255,6797,68867,34,211478
7646,0.000611,172.31.33.0-255,66,68933,34,211478
7647,0.000619,74.125.24.0-255,7061,75994,34,211478
7648,0.000622,172.31.33.0-255,66,76060,34,211478
7649,0.000816,74.125.24.0-255,1484,77544,34,211478
7650,0.000823,74.125.24.0-255,2902,80446,34,211478
7651,0.000828,172.31.33.0-255,66,80512,34,211478
7652,0.000837,74.125.24.0-255,4320,84832,34,211478
7653,0.00084,172.31.33.0-255,66,84898,34,211478
7654,0.000863,74.125.24.0-255,1484,86382,34,211478
7655,0.000886,172.31.33.0-255,66,86448,34,211478
7656,0.000919,172.31.33.0-255,66,86514,34,211478
7657,0.001077,74.125.24.0-255,1484,87998,34,211478
7658,0.001084,74.125.24.0-255,2902,90900,34,211478
7659,0.001088,172.31.33.0-255,66,90966,34,211478
7660,0.001093,74.125.24.0-255,2902,93868,34,211478
7661,0.001096,172.31.33.0-255,66,93934,34,211478
7662,0.001112,74.125.24.0-255,2902,96836,34,211478
7663,0.001115,74.125.24.0-255,1484,98320,34,211478
7664,0.001117,172.31.33.0-255,66,98386,34,211478
7665,0.001125,172.31.33.0-255,66,98452,34,211478
7666,0.001176,172.31.33.0-255,66,98518,34,211478
7667,0.001199,74.125.24.0-255,3602,102120,34,211478
7668,0.001203,172.31.33.0-255,66,102186,34,211478
7669,0.00124,74.125.24.0-255,1484,103670,34,211478
7670,0.001255,74.125.24.0-255,2902,106572,34,211478
7671,0.00126,172.31.33.0-255,66,106638,34,211478
7672,0.001261,74.125.24.0-255,5738,112376,34,211478
7673,0.001264,172.31.33.0-255,66,112442,34,211478
7674,0.001297,74.125.24.0-255,2902,115344,34,211478
7675,0.001301,172.31.33.0-255,66,115410,34,211478
7676,0.001325,74.125.24.0-255,5738,121148,34,211478
7677,0.001329,172.31.33.0-255,66,121214,34,211478
7678,0.001336,172.31.33.0-255,66,121280,34,211478
7679,0.001366,74.125.24.0-255,5020,126300,34,211478
7680,0.001371,172.31.33.0-255,66,126366,34,211478
7681,0.001391,74.125.24.0-255,5738,132104,34,211478
7682,0.001396,172.31.33.0-255,66,132170,34,211478
7683,0.001419,74.125.24.0-255,4320,136490,34,211478
7684,0.001422,172.31.33.0-255,66,136556,34,211478
7685,0.001443,74.125.24.0-255,2902,139458,34,211478
7686,0.001446,172.31.33.0-255,66,139524,34,211478
7687,0.001456,172.31.33.0-255,66,139590,34,211478
7688,0.001467,172.31.33.0-255,66,139656,34,211478
7689,0.00147,74.125.24.0-255,1484,141140,34,211478
7690,0.001505,172.31.33.0-255,66,141206,34,211478
7691,0.001513,74.125.24.0-255,5738,146944,34,211478
7692,0.001515,172.31.33.0-255,66,147010,34,211478
7693,0.00156,172.31.33.0-255,66,147076,34,211478
7694,0.001566,74.125.24.0-255,4320,151396,34,211478
7695,0.001569,172.31.33.0-255,66,151462,34,211478
7696,0.001588,74.125.24.0-255,5020,156482,34,211478
7697,0.001591,172.31.33.0-255,66,156548,34,211478
7698,0.00164,74.125.24.0-255,1484,158032,34,211478
7699,0.001646,74.125.24.0-255,2902,160934,34,211478
7700,0.001652,172.31.33.0-255,66,161000,34,211478
7701,0.001658,74.125.24.0-255,2902,163902,34,211478
7702,0.001661,172.31.33.0-255,66,163968,34,211478
7703,0.001677,74.125.24.0-255,2902,166870,34,211478
7704,0.00168,172.31.33.0-255,66,166936,34,211478
7705,0.001691,172.31.33.0-255,66,167002,34,211478
7706,0.001721,74.125.24.0-255,4320,171322,34,211478
7707,0.001724,172.31.33.0-255,66,171388,34,211478
7708,0.001736,172.31.33.0-255,66,171454,34,211478
7709,0.001778,74.125.24.0-255,1484,172938,34,211478
7710,0.001784,74.125.24.0-255,2902,175840,34,211478
7711,0.001787,172.31.33.0-255,66,175906,34,211478
7712,0.001809,74.125.24.0-255,5738,181644,34,211478
7713,0.001812,172.31.33.0-255,66,181710,34,211478
7714,0.001815,74.125.24.0-255,1484,183194,34,211478
7715,0.00186,74.125.24.0-255,4320,187514,34,211478
7716,0.001863,172.31.33.0-255,66,187580,34,211478
7717,0.001888,172.31.33.0-255,66,187646,34,211478
7718,0.001898,172.31.33.0-255,66,187712,34,211478
7719,0.001902,74.125.24.0-255,2902,190614,34,211478
7720,0.001905,172.31.33.0-255,66,190680,34,211478
7721,0.001956,74.125.24.0-255,7156,197836,34,211478
7722,0.00196,172.31.33.0-255,66,197902,34,211478
7723,0.001971,172.31.33.0-255,66,197968,34,211478
7724,0.001984,172.31.33.0-255,66,198034,34,211478
7725,0.002006,74.125.24.0-255,2184,200218,34,211478
7726,0.002009,172.31.33.0-255,66,200284,34,211478
7727,0.002015,74.125.24.0-255,5738,206022,34,211478
7728,0.002017,172.31.33.0-255,66,206088,34,211478
7729,0.002047,172.31.33.0-255,66,206154,34,211478
7730,0.002065,74.125.24.0-255,2902,209056,34,211478
7731,0.002068,172.31.33.0-255,66,209122,34,211478
7732,0.002093,74.125.24.0-255,1851,210973,34,211478
7733,0.002096,172.31.33.0-255,66,211039,34,211478
7734,0.002099,74.125.24.0-255,97,211136,34,211478
7735,0.002101,74.125.24.0-255,105,211241,34,211478
7736,0.003721,172.31.33.0-255,66,211307,34,211478
7737,0.003755,172.31.33.0-255,105,211412,34,211478
7738,0.006314,74.125.24.0-255,66,211478,34,211478
7739,0.0,172.217.194.0-255,153,153,34,188243
7740,2.5e-05,172.31.33.0-255,66,219,34,188243
7741,3.2e-05,172.217.194.0-255,1484,1703,34,188243
7742,3.5e-05,172.31.33.0-255,66,1769,34,188243
7743,4e-05,172.217.194.0-255,2902,4671,34,188243
7744,5e-05,172.31.33.0-255,66,4737,34,188243
7745,5.8e-05,172.217.194.0-255,7156,11893,34,188243
7746,6.1e-05,172.31.33.0-255,66,11959,34,188243
7747,6.5e-05,172.217.194.0-255,2022,13981,34,188243
7748,6.7e-05,172.31.33.0-255,66,14047,34,188243
7749,0.000112,172.217.194.0-255,2902,16949,34,188243
7750,0.000116,172.31.33.0-255,66,17015,34,188243
7751,0.000149,172.217.194.0-255,4320,21335,34,188243
7752,0.000153,172.31.33.0-255,66,21401,34,188243
7753,0.00017,172.31.33.0-255,66,21467,34,188243
7754,0.000174,172.217.194.0-255,1125,22592,34,188243
7755,0.000176,172.31.33.0-255,66,22658,34,188243
7756,0.000313,172.217.194.0-255,1484,24142,34,188243
7757,0.000318,172.31.33.0-255,66,24208,34,188243
7758,0.000323,172.217.194.0-255,2902,27110,34,188243
7759,0.000326,172.31.33.0-255,66,27176,34,188243
7760,0.000363,172.217.194.0-255,5738,32914,34,188243
7761,0.000367,172.31.33.0-255,66,32980,34,188243
7762,0.000377,172.31.33.0-255,66,33046,34,188243
7763,0.000411,172.217.194.0-255,5379,38425,34,188243
7764,0.000422,172.31.33.0-255,66,38491,34,188243
7765,0.000426,172.31.33.0-255,66,38557,34,188243
7766,0.00045,172.217.194.0-255,1453,40010,34,188243
7767,0.000458,172.31.33.0-255,66,40076,34,188243
7768,0.000574,172.217.194.0-255,380,40456,34,188243
7769,0.000784,172.31.33.0-255,66,40522,34,188243
7770,0.000939,172.217.194.0-255,1484,42006,34,188243
7771,0.00095,172.217.194.0-255,2902,44908,34,188243
7772,0.000954,172.31.33.0-255,66,44974,34,188243
7773,0.00096,172.217.194.0-255,2902,47876,34,188243
7774,0.000963,172.31.33.0-255,66,47942,34,188243
7775,0.000988,172.217.194.0-255,2902,50844,34,188243
7776,0.000992,172.31.33.0-255,66,50910,34,188243
7777,0.001011,172.31.33.0-255,66,50976,34,188243
7778,0.001053,172.31.33.0-255,66,51042,34,188243
7779,0.002034,172.217.194.0-255,1484,52526,34,188243
7780,0.002041,172.217.194.0-255,2902,55428,34,188243
7781,0.002045,172.31.33.0-255,66,55494,34,188243
7782,0.002049,172.217.194.0-255,1484,56978,34,188243
7783,0.002075,172.217.194.0-255,4320,61298,34,188243
7784,0.002077,172.31.33.0-255,66,61364,34,188243
7785,0.00211,172.31.33.0-255,66,61430,34,188243
7786,0.002138,172.217.194.0-255,4320,65750,34,188243
7787,0.002141,172.31.33.0-255,66,65816,34,188243
7788,0.002151,172.31.33.0-255,66,65882,34,188243
7789,0.002184,172.217.194.0-255,1484,67366,34,188243
7790,0.002199,172.217.194.0-255,2902,70268,34,188243
7791,0.002201,172.31.33.0-255,66,70334,34,188243
7792,0.002205,172.217.194.0-255,2902,73236,34,188243
7793,0.002206,172.31.33.0-255,66,73302,34,188243
7794,0.002235,172.217.194.0-255,2902,76204,34,188243
7795,0.002246,172.31.33.0-255,66,76270,34,188243
7796,0.002249,172.31.33.0-255,66,76336,34,188243
7797,0.002271,172.217.194.0-255,1484,77820,34,188243
7798,0.002281,172.217.194.0-255,7156,84976,34,188243
7799,0.002283,172.31.33.0-255,66,85042,34,188243
7800,0.002308,172.217.194.0-255,3602,88644,34,188243
7801,0.002311,172.31.33.0-255,66,88710,34,188243
7802,0.002397,172.217.194.0-255,1484,90194,34,188243
7803,0.002409,172.217.194.0-255,2902,93096,34,188243
7804,0.002412,172.31.33.0-255,66,93162,34,188243
7805,0.002418,172.217.194.0-255,5738,98900,34,188243
7806,0.00242,172.31.33.0-255,66,98966,34,188243
7807,0.002424,172.217.194.0-255,4320,103286,34,188243
7808,0.002426,172.31.33.0-255,66,103352,34,188243
7809,0.002449,172.217.194.0-255,4320,107672,34,188243
7810,0.002454,172.31.33.0-255,66,107738,34,188243
7811,0.002486,172.31.33.0-255,66,107804,34,188243
7812,0.00249,172.217.194.0-255,2902,110706,34,188243
7813,0.002491,172.31.33.0-255,66,110772,34,188243
7814,0.002513,172.217.194.0-255,3602,114374,34,188243
7815,0.002516,172.31.33.0-255,66,114440,34,188243
7816,0.002696,172.217.194.0-255,1484,115924,34,188243
7817,0.002719,172.217.194.0-255,2902,118826,34,188243
7818,0.002723,172.31.33.0-255,66,118892,34,188243
7819,0.002729,172.217.194.0-255,4320,123212,34,188243
7820,0.002731,172.31.33.0-255,66,123278,34,188243
7821,0.002759,172.217.194.0-255,1484,124762,34,188243
7822,0.002772,172.31.33.0-255,66,124828,34,188243
7823,0.002775,172.217.194.0-255,1484,126312,34,188243
7824,0.002778,172.217.194.0-255,1484,127796,34,188243
7825,0.00278,172.31.33.0-255,66,127862,34,188243
7826,0.002783,172.217.194.0-255,1484,129346,34,188243
7827,0.002813,172.31.33.0-255,66,129412,34,188243
7828,0.00282,172.217.194.0-255,7156,136568,34,188243
7829,0.002822,172.31.33.0-255,66,136634,34,188243
7830,0.002841,172.217.194.0-255,5738,142372,34,188243
7831,0.002863,172.31.33.0-255,66,142438,34,188243
7832,0.002868,172.217.194.0-255,2902,145340,34,188243
7833,0.002871,172.31.33.0-255,66,145406,34,188243
7834,0.002921,172.31.33.0-255,66,145472,34,188243
7835,0.002966,172.217.194.0-255,1484,146956,34,188243
7836,0.002972,172.217.194.0-255,2902,149858,34,188243
7837,0.002975,172.31.33.0-255,66,149924,34,188243
7838,0.002982,172.217.194.0-255,5738,155662,34,188243
7839,0.002984,172.31.33.0-255,66,155728,34,188243
7840,0.002993,172.217.194.0-255,1484,157212,34,188243
7841,0.003046,172.31.33.0-255,66,157278,34,188243
7842,0.003054,172.217.194.0-255,7156,164434,34,188243
7843,0.003057,172.31.33.0-255,66,164500,34,188243
7844,0.003099,172.217.194.0-255,4320,168820,34,188243
7845,0.003103,172.31.33.0-255,66,168886,34,188243
7846,0.003162,172.217.194.0-255,3602,172488,34,188243
7847,0.003205,172.217.194.0-255,6438,178926,34,188243
7848,0.00324,172.217.194.0-255,2902,181828,34,188243
7849,0.003247,172.31.33.0-255,66,181894,34,188243
7850,0.003258,172.31.33.0-255,66,181960,34,188243
7851,0.003262,172.31.33.0-255,66,182026,34,188243
7852,0.003265,172.31.33.0-255,66,182092,34,188243
7853,0.003308,172.217.194.0-255,5479,187571,34,188243
7854,0.003312,172.217.194.0-255,105,187676,34,188243
7855,0.003318,172.31.33.0-255,66,187742,34,188243
7856,0.003334,172.31.33.0-255,66,187808,34,188243
7857,0.003335,172.31.33.0-255,66,187874,34,188243
7858,0.003336,172.31.33.0-255,66,187940,34,188243
7859,0.003337,172.31.33.0-255,66,188006,34,188243
7860,0.005475,172.31.33.0-255,66,188072,34,188243
7861,0.005546,172.31.33.0-255,105,188177,34,188243
7862,0.007837,172.217.194.0-255,66,188243,34,188243
7863,0.0,74.125.200.0-255,156,156,34,334039
7864,2.8e-05,172.31.33.0-255,66,222,34,334039
7865,3.5e-05,74.125.200.0-255,1484,1706,34,334039
7866,3.9e-05,172.31.33.0-255,66,1772,34,334039
7867,5e-05,74.125.200.0-255,2902,4674,34,334039
7868,5.4e-05,172.31.33.0-255,66,4740,34,334039
7869,5.8e-05,74.125.200.0-255,2902,7642,34,334039
7870,6.1e-05,172.31.33.0-255,66,7708,34,334039
7871,9.6e-05,74.125.200.0-255,4320,12028,34,334039
7872,0.0001,172.31.33.0-255,66,12094,34,334039
7873,0.000104,74.125.200.0-255,2011,14105,34,334039
7874,0.000107,172.31.33.0-255,66,14171,34,334039
7875,0.000405,74.125.200.0-255,1484,15655,34,334039
7876,0.00041,172.31.33.0-255,66,15721,34,334039
7877,0.000419,74.125.200.0-255,2902,18623,34,334039
7878,0.000421,172.31.33.0-255,66,18689,34,334039
7879,0.000433,74.125.200.0-255,4320,23009,34,334039
7880,0.000436,172.31.33.0-255,66,23075,34,334039
7881,0.000442,74.125.200.0-255,5738,28813,34,334039
7882,0.000444,172.31.33.0-255,66,28879,34,334039
7883,0.000487,74.125.200.0-255,2543,31422,34,334039
7884,0.000491,172.31.33.0-255,66,31488,34,334039
7885,0.000572,74.125.200.0-255,1484,32972,34,334039
7886,0.000577,172.31.33.0-255,66,33038,34,334039
7887,0.000582,74.125.200.0-255,2902,35940,34,334039
7888,0.000585,172.31.33.0-255,66,36006,34,334039
7889,0.000587,74.125.200.0-255,1484,37490,34,334039
7890,0.000589,172.31.33.0-255,66,37556,34,334039
7891,0.000625,74.125.200.0-255,2902,40458,34,334039
7892,0.00063,172.31.33.0-255,66,40524,34,334039
7893,0.000635,74.125.200.0-255,4320,44844,34,334039
7894,0.000638,172.31.33.0-255,66,44910,34,334039
7895,0.00067,74.125.200.0-255,3961,48871,34,334039
7896,0.000674,172.31.33.0-255,66,48937,34,334039
7897,0.000681,74.125.200.0-255,5738,54675,34,334039
7898,0.000683,172.31.33.0-255,66,54741,34,334039
7899,0.000714,74.125.200.0-255,2902,57643,34,334039
7900,0.000717,172.31.33.0-255,66,57709,34,334039
7901,0.000722,74.125.200.0-255,4320,62029,34,334039
7902,0.000724,172.31.33.0-255,66,62095,34,334039
7903,0.000742,74.125.200.0-255,4273,66368,34,334039
7904,0.000744,172.31.33.0-255,66,66434,34,334039
7905,0.000834,74.125.200.0-255,108,66542,34,334039
7906,0.000849,74.125.200.0-255,332,66874,34,334039
7907,0.001239,74.125.200.0-255,1484,68358,34,334039
7908,0.001245,172.31.33.0-255,66,68424,34,334039
7909,0.00127,74.125.200.0-255,2902,71326,34,334039
7910,0.001272,172.31.33.0-255,66,71392,34,334039
7911,0.001277,74.125.200.0-255,5738,77130,34,334039
7912,0.001279,172.31.33.0-255,66,77196,34,334039
7913,0.001303,74.125.200.0-255,5738,82934,34,334039
7914,0.001305,172.31.33.0-255,66,83000,34,334039
7915,0.001326,74.125.200.0-255,7156,90156,34,334039
7916,0.001328,172.31.33.0-255,66,90222,34,334039
7917,0.00136,172.31.33.0-255,66,90288,34,334039
7918,0.002291,74.125.200.0-255,1484,91772,34,334039
7919,0.002294,74.125.200.0-255,1484,93256,34,334039
7920,0.002296,172.31.33.0-255,66,93322,34,334039
7921,0.002317,74.125.200.0-255,2902,96224,34,334039
7922,0.002319,172.31.33.0-255,66,96290,34,334039
7923,0.002321,74.125.200.0-255,1484,97774,34,334039
7924,0.002323,74.125.200.0-255,1484,99258,34,334039
7925,0.002325,172.31.33.0-255,66,99324,34,334039
7926,0.002353,74.125.200.0-255,2902,102226,34,334039
7927,0.002355,172.31.33.0-255,66,102292,34,334039
7928,0.002385,172.31.33.0-255,66,102358,34,334039
7929,0.002388,74.125.200.0-255,2902,105260,34,334039
7930,0.00239,172.31.33.0-255,66,105326,34,334039
7931,0.002392,74.125.200.0-255,1484,106810,34,334039
7932,0.002395,74.125.200.0-255,1484,108294,34,334039
7933,0.0024,172.31.33.0-255,66,108360,34,334039
7934,0.002404,74.125.200.0-255,4320,112680,34,334039
7935,0.002406,172.31.33.0-255,66,112746,34,334039
7936,0.00241,74.125.200.0-255,2902,115648,34,334039
7937,0.002412,172.31.33.0-255,66,115714,34,334039
7938,0.002438,74.125.200.0-255,766,116480,34,334039
7939,0.00346,74.125.200.0-255,1484,117964,34,334039
7940,0.003464,74.125.200.0-255,1484,119448,34,334039
7941,0.003467,172.31.33.0-255,66,119514,34,334039
7942,0.003494,74.125.200.0-255,1484,120998,34,334039
7943,0.003497,172.31.33.0-255,66,121064,34,334039
7944,0.003503,74.125.200.0-255,4320,125384,34,334039
7945,0.003505,172.31.33.0-255,66,125450,34,334039
7946,0.003513,172.31.33.0-255,66,125516,34,334039
7947,0.003517,74.125.200.0-255,2902,128418,34,334039
7948,0.003519,172.31.33.0-255,66,128484,34,334039
7949,0.003521,74.125.200.0-255,1484,129968,34,334039
7950,0.003525,74.125.200.0-255,2902,132870,34,334039
7951,0.003526,172.31.33.0-255,66,132936,34,334039
7952,0.003529,74.125.200.0-255,1484,134420,34,334039
7953,0.003531,74.125.200.0-255,1484,135904,34,334039
7954,0.003533,172.31.33.0-255,66,135970,34,334039
7955,0.003558,74.125.200.0-255,1484,137454,34,334039
7956,0.003586,74.125.200.0-255,5020,142474,34,334039
7957,0.003589,172.31.33.0-255,66,142540,34,334039
7958,0.004253,74.125.200.0-255,1484,144024,34,334039
7959,0.00426,74.125.200.0-255,2902,146926,34,334039
7960,0.004263,172.31.33.0-255,66,146992,34,334039
7961,0.004268,74.125.200.0-255,2902,149894,34,334039
7962,0.004269,172.31.33.0-255,66,149960,34,334039
7963,0.004304,74.125.200.0-255,4320,154280,34,334039
7964,0.004307,172.31.33.0-255,66,154346,34,334039
7965,0.004315,74.125.200.0-255,7156,161502,34,334039
7966,0.004316,172.31.33.0-255,66,161568,34,334039
7967,0.004335,74.125.200.0-255,1484,163052,34,334039
7968,0.004345,74.125.200.0-255,5738,168790,34,334039
7969,0.004348,172.31.33.0-255,66,168856,34,334039
7970,0.004354,74.125.200.0-255,7156,176012,34,334039
7971,0.004356,172.31.33.0-255,66,176078,34,334039
7972,0.004359,74.125.200.0-255,766,176844,34,334039
7973,0.004496,172.31.33.0-255,66,176910,34,334039
7974,0.004592,74.125.200.0-255,1484,178394,34,334039
7975,0.004611,74.125.200.0-255,2902,181296,34,334039
7976,0.004615,172.31.33.0-255,66,181362,34,334039
7977,0.004621,74.125.200.0-255,5738,187100,34,334039
7978,0.004623,172.31.33.0-255,66,187166,34,334039
7979,0.004626,74.125.200.0-255,1484,188650,34,334039
7980,0.00469,74.125.200.0-255,1484,190134,34,334039
7981,0.004694,172.31.33.0-255,66,190200,34,334039
7982,0.004698,74.125.200.0-255,2902,193102,34,334039
7983,0.0047,172.31.33.0-255,66,193168,34,334039
7984,0.004709,74.125.200.0-255,4320,197488,34,334039
7985,0.004712,172.31.33.0-255,66,197554,34,334039
7986,0.004714,74.125.200.0-255,1484,199038,34,334039
7987,0.004717,74.125.200.0-255,1484,200522,34,334039
7988,0.004719,172.31.33.0-255,66,200588,34,334039
7989,0.004722,74.125.200.0-255,2902,203490,34,334039
7990,0.004724,172.31.33.0-255,66,203556,34,334039
7991,0.004726,74.125.200.0-255,1484,205040,34,334039
7992,0.004728,74.125.200.0-255,1484,206524,34,334039
7993,0.00473,74.125.200.0-255,1484,208008,34,334039
7994,0.004731,172.31.33.0-255,66,208074,34,334039
7995,0.004735,74.125.200.0-255,5020,213094,34,334039
7996,0.004736,172.31.33.0-255,66,213160,34,334039
7997,0.004741,74.125.200.0-255,5738,218898,34,334039
7998,0.004744,172.31.33.0-255,66,218964,34,334039
7999,0.004752,74.125.200.0-255,4320,223284,34,334039
8000,0.004754,172.31.33.0-255,66,223350,34,334039
8001,0.004775,74.125.200.0-255,4320,227670,34,334039
8002,0.004779,172.31.33.0-255,66,227736,34,334039
8003,0.004804,74.125.200.0-255,7156,234892,34,334039
8004,0.004807,172.31.33.0-255,66,234958,34,334039
8005,0.004812,74.125.200.0-255,5738,240696,34,334039
8006,0.004814,172.31.33.0-255,66,240762,34,334039
8007,0.004817,74.125.200.0-255,2902,243664,34,334039
8008,0.004819,172.31.33.0-255,66,243730,34,334039
8009,0.004832,74.125.200.0-255,2184,245914,34,334039
8010,0.004835,172.31.33.0-255,66,245980,34,334039
8011,0.004857,74.125.200.0-255,2902,248882,34,334039
8012,0.00486,172.31.33.0-255,66,248948,34,334039
8013,0.004863,74.125.200.0-255,1484,250432,34,334039
8014,0.00489,74.125.200.0-255,5738,256170,34,334039
8015,0.004894,172.31.33.0-255,66,256236,34,334039
8016,0.004898,74.125.200.0-255,2902,259138,34,334039
8017,0.0049,172.31.33.0-255,66,259204,34,334039
8018,0.004903,74.125.200.0-255,2902,262106,34,334039
8019,0.004905,172.31.33.0-255,66,262172,34,334039
8020,0.004939,172.31.33.0-255,66,262238,34,334039
8021,0.004953,172.31.33.0-255,66,262304,34,334039
8022,0.005074,74.125.200.0-255,1484,263788,34,334039
8023,0.005079,74.125.200.0-255,2902,266690,34,334039
8024,0.005082,172.31.33.0-255,66,266756,34,334039
8025,0.005106,74.125.200.0-255,2902,269658,34,334039
8026,0.005109,172.31.33.0-255,66,269724,34,334039
8027,0.005135,74.125.200.0-255,2902,272626,34,334039
8028,0.005139,74.125.200.0-255,4320,276946,34,334039
8029,0.005139,172.31.33.0-255,66,277012,34,334039
8030,0.005143,172.31.33.0-255,66,277078,34,334039
8031,0.005169,74.125.200.0-255,7156,284234,34,334039
8032,0.005173,172.31.33.0-255,66,284300,34,334039
8033,0.005184,74.125.200.0-255,1484,285784,34,334039
8034,0.005185,172.31.33.0-255,66,285850,34,334039
8035,0.005186,74.125.200.0-255,1484,287334,34,334039
8036,0.005188,172.31.33.0-255,66,287400,34,334039
8037,0.005215,74.125.200.0-255,1484,288884,34,334039
8038,0.005225,74.125.200.0-255,5738,294622,34,334039
8039,0.005227,172.31.33.0-255,66,294688,34,334039
8040,0.00523,74.125.200.0-255,1484,296172,34,334039
8041,0.005261,172.31.33.0-255,66,296238,34,334039
8042,0.005266,74.125.200.0-255,4320,300558,34,334039
8043,0.005268,172.31.33.0-255,66,300624,34,334039
8044,0.005303,74.125.200.0-255,7156,307780,34,334039
8045,0.005307,74.125.200.0-255,3602,311382,34,334039
8046,0.005308,172.31.33.0-255,66,311448,34,334039
8047,0.005311,74.125.200.0-255,4320,315768,34,334039
8048,0.005311,172.31.33.0-255,66,315834,34,334039
8049,0.005313,172.31.33.0-255,66,315900,34,334039
8050,0.005341,172.31.33.0-255,66,315966,34,334039
8051,0.005349,74.125.200.0-255,4320,320286,34,334039
8052,0.005351,172.31.33.0-255,66,320352,34,334039
8053,0.005392,74.125.200.0-255,6012,326364,34,334039
8054,0.005396,172.31.33.0-255,66,326430,34,334039
8055,0.005449,74.125.200.0-255,105,326535,34,334039
8056,0.005719,172.31.33.0-255,101,326636,34,334039
8057,0.006054,172.31.33.0-255,105,326741,34,334039
8058,0.007963,74.125.200.0-255,66,326807,34,334039
8059,0.008288,74.125.200.0-255,66,326873,34,334039
8060,0.022816,172.31.33.0-255,172,327045,34,334039
8061,0.022844,172.31.33.0-255,1113,328158,34,334039
8062,0.022894,172.31.33.0-255,1514,329672,34,334039
8063,0.022896,172.31.33.0-255,1514,331186,34,334039
8064,0.022898,172.31.33.0-255,1514,332700,34,334039
8065,0.022922,172.31.33.0-255,1075,333775,34,334039
8066,0.02441,104.244.42.0-255,66,333841,34,334039
8067,0.024419,104.244.42.0-255,66,333907,34,334039
8068,0.024485,104.244.42.0-255,66,333973,34,334039
8069,0.02449,104.244.42.0-255,66,334039,34,334039
8070,0.0,172.217.194.0-255,152,152,34,166200
8071,3.1e-05,172.31.33.0-255,66,218,34,166200
8072,3.8e-05,172.217.194.0-255,1484,1702,34,166200
8073,4.1e-05,172.31.33.0-255,66,1768,34,166200
8074,4.5e-05,172.217.194.0-255,2902,4670,34,166200
8075,4.7e-05,172.31.33.0-255,66,4736,34,166200
8076,6e-05,172.217.194.0-255,7156,11892,34,166200
8077,6.3e-05,172.31.33.0-255,66,11958,34,166200
8078,0.000108,172.31.33.0-255,66,12024,34,166200
8079,0.000133,172.31.33.0-255,66,12090,34,166200
8080,0.00016,172.217.194.0-255,2543,14633,34,166200
8081,0.000163,172.31.33.0-255,66,14699,34,166200
8082,0.000219,172.217.194.0-255,1484,16183,34,166200
8083,0.000222,172.31.33.0-255,66,16249,34,166200
8084,0.000233,172.217.194.0-255,2902,19151,34,166200
8085,0.00024,172.31.33.0-255,66,19217,34,166200
8086,0.000246,172.217.194.0-255,5738,24955,34,166200
8087,0.000249,172.31.33.0-255,66,25021,34,166200
8088,0.000271,172.217.194.0-255,1484,26505,34,166200
8089,0.000273,172.31.33.0-255,66,26571,34,166200
8090,0.000306,172.31.33.0-255,66,26637,34,166200
8091,0.000317,172.31.33.0-255,66,26703,34,166200
8092,0.000319,172.217.194.0-255,114,26817,34,166200
8093,0.000321,172.31.33.0-255,66,26883,34,166200
8094,0.000358,172.217.194.0-255,385,27268,34,166200
8095,0.000363,172.31.33.0-255,66,27334,34,166200
8096,0.000504,172.217.194.0-255,1484,28818,34,166200
8097,0.000509,172.31.33.0-255,66,28884,34,166200
8098,0.000514,172.217.194.0-255,2902,31786,34,166200
8099,0.000516,172.31.33.0-255,66,31852,34,166200
8100,0.000545,172.217.194.0-255,5738,37590,34,166200
8101,0.000548,172.31.33.0-255,66,37656,34,166200
8102,0.00056,172.31.33.0-255,66,37722,34,166200
8103,0.000575,172.31.33.0-255,66,37788,34,166200
8104,0.000601,172.217.194.0-255,766,38554,34,166200
8105,0.000777,172.217.194.0-255,1484,40038,34,166200
8106,0.00078,172.31.33.0-255,66,40104,34,166200
8107,0.000785,172.217.194.0-255,2902,43006,34,166200
8108,0.000787,172.31.33.0-255,66,43072,34,166200
8109,0.00079,172.217.194.0-255,1484,44556,34,166200
8110,0.000817,172.217.194.0-255,4320,48876,34,166200
8111,0.00082,172.31.33.0-255,66,48942,34,166200
8112,0.000831,172.31.33.0-255,66,49008,34,166200
8113,0.00089,172.31.33.0-255,66,49074,34,166200
8114,0.000906,172.217.194.0-255,2184,51258,34,166200
8115,0.000908,172.31.33.0-255,66,51324,34,166200
8116,0.00092,172.31.33.0-255,66,51390,34,166200
8117,0.000955,172.217.194.0-255,2902,54292,34,166200
8118,0.000958,172.31.33.0-255,66,54358,34,166200
8119,0.000979,172.31.33.0-255,66,54424,34,166200
8120,0.000982,172.217.194.0-255,2184,56608,34,166200
8121,0.000984,172.31.33.0-255,66,56674,34,166200
8122,0.000988,172.217.194.0-255,2902,59576,34,166200
8123,0.00099,172.31.33.0-255,66,59642,34,166200
8124,0.001018,172.217.194.0-255,7156,66798,34,166200
8125,0.001025,172.31.33.0-255,66,66864,34,166200
8126,0.001035,172.31.33.0-255,66,66930,34,166200
8127,0.001081,172.31.33.0-255,66,66996,34,166200
8128,0.001106,172.217.194.0-255,6438,73434,34,166200
8129,0.001109,172.31.33.0-255,66,73500,34,166200
8130,0.001112,172.217.194.0-255,1484,74984,34,166200
8131,0.001115,172.217.194.0-255,2902,77886,34,166200
8132,0.001118,172.31.33.0-255,66,77952,34,166200
8133,0.001137,172.217.194.0-255,5738,83690,34,166200
8134,0.001144,172.31.33.0-255,66,83756,34,166200
8135,0.00118,172.31.33.0-255,66,83822,34,166200
8136,0.001186,172.217.194.0-255,7156,90978,34,166200
8137,0.001188,172.31.33.0-255,66,91044,34,166200
8138,0.001206,172.217.194.0-255,1484,92528,34,166200
8139,0.001227,172.217.194.0-255,2184,94712,34,166200
8140,0.00123,172.31.33.0-255,66,94778,34,166200
8141,0.001364,172.217.194.0-255,1484,96262,34,166200
8142,0.001379,172.217.194.0-255,1484,97746,34,166200
8143,0.001383,172.31.33.0-255,66,97812,34,166200
8144,0.00141,172.217.194.0-255,1484,99296,34,166200
8145,0.001416,172.217.194.0-255,5738,105034,34,166200
8146,0.001419,172.31.33.0-255,66,105100,34,166200
8147,0.001422,172.217.194.0-255,2902,108002,34,166200
8148,0.001424,172.31.33.0-255,66,108068,34,166200
8149,0.001471,172.31.33.0-255,66,108134,34,166200
8150,0.001479,172.31.33.0-255,66,108200,34,166200
8151,0.001488,172.217.194.0-255,2184,110384,34,166200
8152,0.00149,172.31.33.0-255,66,110450,34,166200
8153,0.001507,172.217.194.0-255,2902,113352,34,166200
8154,0.001514,172.31.33.0-255,66,113418,34,166200
8155,0.001519,172.217.194.0-255,4320,117738,34,166200
8156,0.001521,172.31.33.0-255,66,117804,34,166200
8157,0.001546,172.217.194.0-255,2902,120706,34,166200
8158,0.001549,172.31.33.0-255,66,120772,34,166200
8159,0.001555,172.217.194.0-255,7156,127928,34,166200
8160,0.001557,172.31.33.0-255,66,127994,34,166200
8161,0.001563,172.217.194.0-255,7156,135150,34,166200
8162,0.001565,172.31.33.0-255,66,135216,34,166200
8163,0.001604,172.31.33.0-255,66,135282,34,166200
8164,0.001607,172.217.194.0-255,766,136048,34,166200
8165,0.00161,172.217.194.0-255,1484,137532,34,166200
8166,0.001611,172.31.33.0-255,66,137598,34,166200
8167,0.001616,172.217.194.0-255,4320,141918,34,166200
8168,0.001619,172.31.33.0-255,66,141984,34,166200
8169,0.001678,172.31.33.0-255,66,142050,34,166200
8170,0.001685,172.217.194.0-255,7156,149206,34,166200
8171,0.001686,172.31.33.0-255,66,149272,34,166200
8172,0.001691,172.217.194.0-255,4320,153592,34,166200
8173,0.001699,172.31.33.0-255,66,153658,34,166200
8174,0.001731,172.217.194.0-255,6438,160096,34,166200
8175,0.001735,172.31.33.0-255,66,160162,34,166200
8176,0.001745,172.31.33.0-255,66,160228,34,166200
8177,0.001754,172.31.33.0-255,66,160294,34,166200
8178,0.001785,172.217.194.0-255,1484,161778,34,166200
8179,0.001811,172.31.33.0-255,66,161844,34,166200
8180,0.001844,172.217.194.0-255,3602,165446,34,166200
8181,0.001848,172.31.33.0-255,66,165512,34,166200
8182,0.001866,172.31.33.0-255,66,165578,34,166200
8183,0.001876,172.31.33.0-255,66,165644,34,166200
8184,0.001879,172.217.194.0-255,97,165741,34,166200
8185,0.001904,172.217.194.0-255,105,165846,34,166200
8186,0.011617,172.217.194.0-255,105,165951,34,166200
8187,0.011628,172.31.33.0-255,78,166029,34,166200
8188,0.012661,172.31.33.0-255,105,166134,34,166200
8189,0.014843,172.217.194.0-255,66,166200,34,166200
8190,0.0,74.125.24.0-255,146,146,34,279210
8191,1.7e-05,172.31.33.0-255,66,212,34,279210
8192,2.4e-05,74.125.24.0-255,1484,1696,34,279210
8193,2.8e-05,172.31.33.0-255,66,1762,34,279210
8194,3.3e-05,74.125.24.0-255,2902,4664,34,279210
8195,3.5e-05,172.31.33.0-255,66,4730,34,279210
8196,4.9e-05,74.125.24.0-255,7156,11886,34,279210
8197,5.2e-05,172.31.33.0-255,66,11952,34,279210
8198,5.6e-05,74.125.24.0-255,1992,13944,34,279210
8199,5.9e-05,172.31.33.0-255,66,14010,34,279210
8200,0.000179,74.125.24.0-255,1484,15494,34,279210
8201,0.000183,172.31.33.0-255,66,15560,34,279210
8202,0.000186,74.125.24.0-255,1484,17044,34,279210
8203,0.000188,172.31.33.0-255,66,17110,34,279210
8204,0.000213,74.125.24.0-255,1484,18594,34,279210
8205,0.000216,172.31.33.0-255,66,18660,34,279210
8206,0.000221,74.125.24.0-255,4320,22980,34,279210
8207,0.000223,172.31.33.0-255,66,23046,34,279210
8208,0.00026,74.125.24.0-255,7156,30202,34,279210
8209,0.000262,172.31.33.0-255,66,30268,34,279210
8210,0.000292,74.125.24.0-255,2543,32811,34,279210
8211,0.000294,172.31.33.0-255,66,32877,34,279210
8212,0.0003,74.125.24.0-255,5738,38615,34,279210
8213,0.000302,172.31.33.0-255,66,38681,34,279210
8214,0.000328,74.125.24.0-255,5738,44419,34,279210
8215,0.000331,172.31.33.0-255,66,44485,34,279210
8216,0.000355,74.125.24.0-255,3961,48446,34,279210
8217,0.000357,172.31.33.0-255,66,48512,34,279210
8218,0.000363,74.125.24.0-255,5738,54250,34,279210
8219,0.000365,172.31.33.0-255,66,54316,34,279210
8220,0.000381,74.125.24.0-255,4320,58636,34,279210
8221,0.000386,172.31.33.0-255,66,58702,34,279210
8222,0.000393,74.125.24.0-255,6797,65499,34,279210
8223,0.000395,172.31.33.0-255,66,65565,34,279210
8224,0.000397,74.125.24.0-255,445,66010,34,279210
8225,0.000526,74.125.24.0-255,1484,67494,34,279210
8226,0.00053,172.31.33.0-255,66,67560,34,279210
8227,0.000535,74.125.24.0-255,2902,70462,34,279210
8228,0.000538,172.31.33.0-255,66,70528,34,279210
8229,0.000563,74.125.24.0-255,5738,76266,34,279210
8230,0.000569,172.31.33.0-255,66,76332,34,279210
8231,0.000574,74.125.24.0-255,2902,79234,34,279210
8232,0.000576,172.31.33.0-255,66,79300,34,279210
8233,0.000608,74.125.24.0-255,3961,83261,34,279210
8234,0.000612,172.31.33.0-255,66,83327,34,279210
8235,0.000614,74.125.24.0-255,328,83655,34,279210
8236,0.000719,74.125.24.0-255,1484,85139,34,279210
8237,0.000723,172.31.33.0-255,66,85205,34,279210
8238,0.000728,74.125.24.0-255,2902,88107,34,279210
8239,0.000731,172.31.33.0-255,66,88173,34,279210
8240,0.000753,74.125.24.0-255,1484,89657,34,279210
8241,0.000773,74.125.24.0-255,4320,93977,34,279210
8242,0.000776,172.31.33.0-255,66,94043,34,279210
8243,0.000788,74.125.24.0-255,6797,100840,34,279210
8244,0.00079,172.31.33.0-255,66,100906,34,279210
8245,0.001056,74.125.24.0-255,1484,102390,34,279210
8246,0.001062,74.125.24.0-255,1484,103874,34,279210
8247,0.001065,172.31.33.0-255,66,103940,34,279210
8248,0.001092,74.125.24.0-255,1484,105424,34,279210
8249,0.001097,74.125.24.0-255,2902,108326,34,279210
8250,0.0011,172.31.33.0-255,66,108392,34,279210
8251,0.001108,74.125.24.0-255,7156,115548,34,279210
8252,0.001111,172.31.33.0-255,66,115614,34,279210
8253,0.001142,74.125.24.0-255,5738,121352,34,279210
8254,0.001145,172.31.33.0-255,66,121418,34,279210
8255,0.001175,74.125.24.0-255,7156,128574,34,279210
8256,0.001178,172.31.33.0-255,66,128640,34,279210
8257,0.001201,74.125.24.0-255,6438,135078,34,279210
8258,0.001204,172.31.33.0-255,66,135144,34,279210
8259,0.001414,74.125.24.0-255,1484,136628,34,279210
8260,0.001433,74.125.24.0-255,2902,139530,34,279210
8261,0.001436,172.31.33.0-255,66,139596,34,279210
8262,0.001443,74.125.24.0-255,5738,145334,34,279210
8263,0.001445,172.31.33.0-255,66,145400,34,279210
8264,0.001448,74.125.24.0-255,1484,146884,34,279210
8265,0.001483,172.31.33.0-255,66,146950,34,279210
8266,0.001514,172.31.33.0-255,66,147016,34,279210
8267,0.002852,74.125.24.0-255,1484,148500,34,279210
8268,0.002862,74.125.24.0-255,2902,151402,34,279210
8269,0.002868,172.31.33.0-255,66,151468,34,279210
8270,0.002877,74.125.24.0-255,5738,157206,34,279210
8271,0.002879,172.31.33.0-255,66,157272,34,279210
8272,0.002886,74.125.24.0-255,1484,158756,34,279210
8273,0.002897,172.31.33.0-255,66,158822,34,279210
8274,0.002933,74.125.24.0-255,4320,163142,34,279210
8275,0.002936,172.31.33.0-255,66,163208,34,279210
8276,0.002945,172.31.33.0-255,66,163274,34,279210
8277,0.003068,74.125.24.0-255,1484,164758,34,279210
8278,0.003083,74.125.24.0-255,2902,167660,34,279210
8279,0.003086,172.31.33.0-255,66,167726,34,279210
8280,0.003118,74.125.24.0-255,5738,173464,34,279210
8281,0.00312,172.31.33.0-255,66,173530,34,279210
8282,0.003124,74.125.24.0-255,4320,177850,34,279210
8283,0.003126,172.31.33.0-255,66,177916,34,279210
8284,0.003165,172.31.33.0-255,66,177982,34,279210
8285,0.00319,172.31.33.0-255,66,178048,34,279210
8286,0.003212,74.125.24.0-255,766,178814,34,279210
8287,0.003318,74.125.24.0-255,1484,180298,34,279210
8288,0.003322,172.31.33.0-255,66,180364,34,279210
8289,0.003325,74.125.24.0-255,1484,181848,34,279210
8290,0.003346,74.125.24.0-255,1484,183332,34,279210
8291,0.003348,172.31.33.0-255,66,183398,34,279210
8292,0.003351,74.125.24.0-255,1484,184882,34,279210
8293,0.003356,74.125.24.0-255,5738,190620,34,279210
8294,0.003362,172.31.33.0-255,66,190686,34,279210
8295,0.003387,74.125.24.0-255,7156,197842,34,279210
8296,0.003389,172.31.33.0-255,66,197908,34,279210
8297,0.003395,74.125.24.0-255,5738,203646,34,279210
8298,0.003397,172.31.33.0-255,66,203712,34,279210
8299,0.003427,74.125.24.0-255,2902,206614,34,279210
8300,0.003429,172.31.33.0-255,66,206680,34,279210
8301,0.003433,74.125.24.0-255,2902,209582,34,279210
8302,0.003435,172.31.33.0-255,66,209648,34,279210
8303,0.003437,74.125.24.0-255,1484,211132,34,279210
8304,0.003458,74.125.24.0-255,2184,213316,34,279210
8305,0.003463,172.31.33.0-255,66,213382,34,279210
8306,0.003468,74.125.24.0-255,4320,217702,34,279210
8307,0.003469,172.31.33.0-255,66,217768,34,279210
8308,0.003498,74.125.24.0-255,4320,222088,34,279210
8309,0.0035,172.31.33.0-255,66,222154,34,279210
8310,0.003527,74.125.24.0-255,5738,227892,34,279210
8311,0.003529,172.31.33.0-255,66,227958,34,279210
8312,0.003533,74.125.24.0-255,2902,230860,34,279210
8313,0.003534,172.31.33.0-255,66,230926,34,279210
8314,0.00355,172.31.33.0-255,66,230992,34,279210
8315,0.003554,74.125.24.0-255,2184,233176,34,279210
8316,0.003556,172.31.33.0-255,66,233242,34,279210
8317,0.003601,74.125.24.0-255,7156,240398,34,279210
8318,0.003603,172.31.33.0-255,66,240464,34,279210
8319,0.003638,172.31.33.0-255,66,240530,34,279210
8320,0.003657,172.31.33.0-255,66,240596,34,279210
8321,0.003659,74.125.24.0-255,766,241362,34,279210
8322,0.003663,74.125.24.0-255,1484,242846,34,279210
8323,0.003665,172.31.33.0-255,66,242912,34,279210
8324,0.003669,74.125.24.0-255,2902,245814,34,279210
8325,0.003671,172.31.33.0-255,66,245880,34,279210
8326,0.003703,74.125.24.0-255,1484,247364,34,279210
8327,0.003715,172.31.33.0-255,66,247430,34,279210
8328,0.003722,74.125.24.0-255,7156,254586,34,279210
8329,0.003724,172.31.33.0-255,66,254652,34,279210
8330,0.003732,74.125.24.0-255,2902,257554,34,279210
8331,0.003734,172.31.33.0-255,66,257620,34,279210
8332,0.003736,74.125.24.0-255,1484,259104,34,279210
8333,0.003742,74.125.24.0-255,4320,263424,34,279210
8334,0.003744,172.31.33.0-255,66,263490,34,279210
8335,0.003747,74.125.24.0-255,2184,265674,34,279210
8336,0.00375,172.31.33.0-255,66,265740,34,279210
8337,0.003806,74.125.24.0-255,7156,272896,34,279210
8338,0.003809,172.31.33.0-255,66,272962,34,279210
8339,0.003828,74.125.24.0-255,1484,274446,34,279210
8340,0.00384,172.31.33.0-255,66,274512,34,279210
8341,0.003882,172.31.33.0-255,66,274578,34,279210
8342,0.003905,74.125.24.0-255,105,274683,34,279210
8343,0.010483,172.31.33.0-255,66,274749,34,279210
8344,0.010526,172.31.33.0-255,105,274854,34,279210
8345,0.012781,74.125.24.0-255,66,274920,34,279210
8346,0.031724,172.31.33.0-255,171,275091,34,279210
8347,0.03176,172.31.33.0-255,1136,276227,34,279210
8348,0.031818,172.31.33.0-255,1514,277741,34,279210
8349,0.031819,172.31.33.0-255,1271,279012,34,279210
8350,0.033298,104.244.42.0-255,66,279078,34,279210
8351,0.033341,104.244.42.0-255,66,279144,34,279210
8352,0.03338,104.244.42.0-255,66,279210,34,279210
8353,0.0,172.217.194.0-255,153,153,34,161864
8354,3.3e-05,172.31.33.0-255,66,219,34,161864
8355,4.1e-05,172.217.194.0-255,1484,1703,34,161864
8356,4.6e-05,172.31.33.0-255,66,1769,34,161864
8357,5e-05,172.217.194.0-255,2902,4671,34,161864
8358,5.3e-05,172.31.33.0-255,66,4737,34,161864
8359,5.8e-05,172.217.194.0-255,4320,9057,34,161864
8360,6e-05,172.31.33.0-255,66,9123,34,161864
8361,0.000111,172.31.33.0-255,66,9189,34,161864
8362,0.000123,172.31.33.0-255,66,9255,34,161864
8363,0.000143,172.217.194.0-255,4320,13575,34,161864
8364,0.000146,172.31.33.0-255,66,13641,34,161864
8365,0.000183,172.31.33.0-255,66,13707,34,161864
8366,0.000187,172.217.194.0-255,3602,17309,34,161864
8367,0.000191,172.31.33.0-255,66,17375,34,161864
8368,0.000224,172.217.194.0-255,4320,21695,34,161864
8369,0.000228,172.31.33.0-255,66,21761,34,161864
8370,0.000249,172.217.194.0-255,7156,28917,34,161864
8371,0.000252,172.31.33.0-255,66,28983,34,161864
8372,0.000291,172.217.194.0-255,2902,31885,34,161864
8373,0.000295,172.31.33.0-255,66,31951,34,161864
8374,0.000313,172.217.194.0-255,2543,34494,34,161864
8375,0.000318,172.31.33.0-255,66,34560,34,161864
8376,0.000384,172.217.194.0-255,645,35205,34,161864
8377,0.00039,172.31.33.0-255,66,35271,34,161864
8378,0.000408,172.217.194.0-255,1484,36755,34,161864
8379,0.000411,172.31.33.0-255,66,36821,34,161864
8380,0.000432,172.217.194.0-255,4320,41141,34,161864
8381,0.000436,172.31.33.0-255,66,41207,34,161864
8382,0.000439,172.217.194.0-255,1484,42691,34,161864
8383,0.00047,172.31.33.0-255,66,42757,34,161864
8384,0.000476,172.217.194.0-255,2902,45659,34,161864
8385,0.000478,172.31.33.0-255,66,45725,34,161864
8386,0.000504,172.217.194.0-255,4320,50045,34,161864
8387,0.000507,172.31.33.0-255,66,50111,34,161864
8388,0.000518,172.31.33.0-255,66,50177,34,161864
8389,0.00054,172.217.194.0-255,2184,52361,34,161864
8390,0.000543,172.31.33.0-255,66,52427,34,161864
8391,0.001469,172.217.194.0-255,1484,53911,34,161864
8392,0.00148,172.217.194.0-255,2902,56813,34,161864
8393,0.001485,172.31.33.0-255,66,56879,34,161864
8394,0.001493,172.217.194.0-255,5738,62617,34,161864
8395,0.001495,172.31.33.0-255,66,62683,34,161864
8396,0.001517,172.217.194.0-255,5738,68421,34,161864
8397,0.00152,172.31.33.0-255,66,68487,34,161864
8398,0.001543,172.217.194.0-255,7156,75643,34,161864
8399,0.001546,172.31.33.0-255,66,75709,34,161864
8400,0.001559,172.31.33.0-255,66,75775,34,161864
8401,0.001611,172.217.194.0-255,1484,77259,34,161864
8402,0.001616,172.217.194.0-255,2902,80161,34,161864
8403,0.001619,172.31.33.0-255,66,80227,34,161864
8404,0.001642,172.217.194.0-255,5738,85965,34,161864
8405,0.001645,172.31.33.0-255,66,86031,34,161864
8406,0.001688,172.31.33.0-255,66,86097,34,161864
8407,0.001708,172.217.194.0-255,2902,88999,34,161864
8408,0.001712,172.31.33.0-255,66,89065,34,161864
8409,0.001725,172.31.33.0-255,66,89131,34,161864
8410,0.001762,172.217.194.0-255,4320,93451,34,161864
8411,0.001764,172.31.33.0-255,66,93517,34,161864
8412,0.001795,172.31.33.0-255,66,93583,34,161864
8413,0.001817,172.217.194.0-255,1484,95067,34,161864
8414,0.001832,172.217.194.0-255,5738,100805,34,161864
8415,0.001834,172.31.33.0-255,66,100871,34,161864
8416,0.001861,172.31.33.0-255,66,100937,34,161864
8417,0.001864,172.217.194.0-255,1484,102421,34,161864
8418,0.001881,172.217.194.0-255,7156,109577,34,161864
8419,0.001882,172.31.33.0-255,66,109643,34,161864
8420,0.001899,172.217.194.0-255,4320,113963,34,161864
8421,0.001902,172.31.33.0-255,66,114029,34,161864
8422,0.001913,172.31.33.0-255,66,114095,34,161864
8423,0.001924,172.217.194.0-255,1484,115579,34,161864
8424,0.001936,172.217.194.0-255,1484,117063,34,161864
8425,0.001938,172.31.33.0-255,66,117129,34,161864
8426,0.001954,172.217.194.0-255,1484,118613,34,161864
8427,0.001969,172.217.194.0-255,5020,123633,34,161864
8428,0.001971,172.31.33.0-255,66,123699,34,161864
8429,0.002024,172.217.194.0-255,1484,125183,34,161864
8430,0.002037,172.217.194.0-255,2902,128085,34,161864
8431,0.002039,172.31.33.0-255,66,128151,34,161864
8432,0.002052,172.217.194.0-255,2902,131053,34,161864
8433,0.002054,172.31.33.0-255,66,131119,34,161864
8434,0.002068,172.217.194.0-255,2902,134021,34,161864
8435,0.00207,172.31.33.0-255,66,134087,34,161864
8436,0.002072,172.217.194.0-255,1484,135571,34,161864
8437,0.002111,172.217.194.0-255,4320,139891,34,161864
8438,0.00214,172.217.194.0-255,4320,144211,34,161864
8439,0.002206,172.217.194.0-255,4320,148531,34,161864
8440,0.002293,172.217.194.0-255,7156,155687,34,161864
8441,0.002321,172.217.194.0-255,5738,161425,34,161864
8442,0.002372,172.217.194.0-255,97,161522,34,161864
8443,0.002374,172.217.194.0-255,105,161627,34,161864
8444,0.009026,172.31.33.0-255,66,161693,34,161864
8445,0.015074,172.31.33.0-255,105,161798,34,161864
8446,0.017559,172.217.194.0-255,66,161864,34,161864
8447,0.0,74.125.24.0-255,340,340,34,160346
8448,2.6e-05,172.31.33.0-255,66,406,34,160346
8449,3.3e-05,74.125.24.0-255,1484,1890,34,160346
8450,3.8e-05,172.31.33.0-255,66,1956,34,160346
8451,4.5e-05,74.125.24.0-255,4320,6276,34,160346
8452,5.6e-05,172.31.33.0-255,66,6342,34,160346
8453,6.8e-05,172.31.33.0-255,66,6408,34,160346
8454,0.000129,74.125.24.0-255,1484,7892,34,160346
8455,0.000133,172.31.33.0-255,66,7958,34,160346
8456,0.000139,74.125.24.0-255,2902,10860,34,160346
8457,0.000141,172.31.33.0-255,66,10926,34,160346
8458,0.000177,74.125.24.0-255,5738,16664,34,160346
8459,0.00018,172.31.33.0-255,66,16730,34,160346
8460,0.000219,172.31.33.0-255,66,16796,34,160346
8461,0.000235,172.31.33.0-255,66,16862,34,160346
8462,0.00026,74.125.24.0-255,3961,20823,34,160346
8463,0.000262,172.31.33.0-255,66,20889,34,160346
8464,0.001532,74.125.24.0-255,1484,22373,34,160346
8465,0.001541,172.31.33.0-255,66,22439,34,160346
8466,0.001552,74.125.24.0-255,2902,25341,34,160346
8467,0.001559,172.31.33.0-255,66,25407,34,160346
8468,0.001566,74.125.24.0-255,5738,31145,34,160346
8469,0.001569,172.31.33.0-255,66,31211,34,160346
8470,0.001577,74.125.24.0-255,6797,38008,34,160346
8471,0.00158,172.31.33.0-255,66,38074,34,160346
8472,0.001623,172.31.33.0-255,66,38140,34,160346
8473,0.001636,172.31.33.0-255,66,38206,34,160346
8474,0.001664,74.125.24.0-255,1484,39690,34,160346
8475,0.001673,74.125.24.0-255,6438,46128,34,160346
8476,0.001676,172.31.33.0-255,66,46194,34,160346
8477,0.001722,74.125.24.0-255,1484,47678,34,160346
8478,0.001726,74.125.24.0-255,2902,50580,34,160346
8479,0.001729,172.31.33.0-255,66,50646,34,160346
8480,0.001753,74.125.24.0-255,2902,53548,34,160346
8481,0.001755,172.31.33.0-255,66,53614,34,160346
8482,0.001777,74.125.24.0-255,2902,56516,34,160346
8483,0.00178,172.31.33.0-255,66,56582,34,160346
8484,0.001784,74.125.24.0-255,2902,59484,34,160346
8485,0.001787,172.31.33.0-255,66,59550,34,160346
8486,0.001812,74.125.24.0-255,3849,63399,34,160346
8487,0.00182,172.31.33.0-255,66,63465,34,160346
8488,0.001882,74.125.24.0-255,1484,64949,34,160346
8489,0.001887,74.125.24.0-255,2902,67851,34,160346
8490,0.00189,172.31.33.0-255,66,67917,34,160346
8491,0.001897,74.125.24.0-255,5738,73655,34,160346
8492,0.001899,172.31.33.0-255,66,73721,34,160346
8493,0.001907,74.125.24.0-255,2902,76623,34,160346
8494,0.00191,172.31.33.0-255,66,76689,34,160346
8495,0.001915,74.125.24.0-255,4082,80771,34,160346
8496,0.001918,172.31.33.0-255,66,80837,34,160346
8497,0.002079,74.125.24.0-255,1484,82321,34,160346
8498,0.0021,74.125.24.0-255,2902,85223,34,160346
8499,0.002104,172.31.33.0-255,66,85289,34,160346
8500,0.002128,74.125.24.0-255,5738,91027,34,160346
8501,0.002131,172.31.33.0-255,66,91093,34,160346
8502,0.00217,74.125.24.0-255,4320,95413,34,160346
8503,0.002172,172.31.33.0-255,66,95479,34,160346
8504,0.002198,74.125.24.0-255,2902,98381,34,160346
8505,0.002205,172.31.33.0-255,66,98447,34,160346
8506,0.002234,172.31.33.0-255,66,98513,34,160346
8507,0.002238,74.125.24.0-255,2184,100697,34,160346
8508,0.002241,172.31.33.0-255,66,100763,34,160346
8509,0.002806,74.125.24.0-255,1484,102247,34,160346
8510,0.002813,74.125.24.0-255,2902,105149,34,160346
8511,0.002817,172.31.33.0-255,66,105215,34,160346
8512,0.002824,74.125.24.0-255,5738,110953,34,160346
8513,0.002827,172.31.33.0-255,66,111019,34,160346
8514,0.002839,74.125.24.0-255,7156,118175,34,160346
8515,0.002841,172.31.33.0-255,66,118241,34,160346
8516,0.002886,172.31.33.0-255,66,118307,34,160346
8517,0.002896,172.31.33.0-255,66,118373,34,160346
8518,0.002907,172.31.33.0-255,66,118439,34,160346
8519,0.002947,172.31.33.0-255,66,118505,34,160346
8520,0.002949,74.125.24.0-255,766,119271,34,160346
8521,0.00298,74.125.24.0-255,1484,120755,34,160346
8522,0.002983,172.31.33.0-255,66,120821,34,160346
8523,0.002988,74.125.24.0-255,2902,123723,34,160346
8524,0.00299,172.31.33.0-255,66,123789,34,160346
8525,0.002993,74.125.24.0-255,1484,125273,34,160346
8526,0.003016,74.125.24.0-255,4320,129593,34,160346
8527,0.003019,172.31.33.0-255,66,129659,34,160346
8528,0.00304,172.31.33.0-255,66,129725,34,160346
8529,0.003069,74.125.24.0-255,2902,132627,34,160346
8530,0.003071,172.31.33.0-255,66,132693,34,160346
8531,0.003085,172.31.33.0-255,66,132759,34,160346
8532,0.00309,74.125.24.0-255,2902,135661,34,160346
8533,0.003092,172.31.33.0-255,66,135727,34,160346
8534,0.003114,172.31.33.0-255,66,135793,34,160346
8535,0.003126,172.31.33.0-255,66,135859,34,160346
8536,0.003128,74.125.24.0-255,1484,137343,34,160346
8537,0.00316,74.125.24.0-255,5738,143081,34,160346
8538,0.003162,172.31.33.0-255,66,143147,34,160346
8539,0.003172,172.31.33.0-255,66,143213,34,160346
8540,0.003213,172.31.33.0-255,66,143279,34,160346
8541,0.003217,74.125.24.0-255,2902,146181,34,160346
8542,0.003219,172.31.33.0-255,66,146247,34,160346
8543,0.003256,74.125.24.0-255,2902,149149,34,160346
8544,0.003331,74.125.24.0-255,6438,155587,34,160346
8545,0.003349,74.125.24.0-255,4320,159907,34,160346
8546,0.003401,74.125.24.0-255,97,160004,34,160346
8547,0.003403,74.125.24.0-255,105,160109,34,160346
8548,0.006328,172.31.33.0-255,66,160175,34,160346
8549,0.008275,172.31.33.0-255,105,160280,34,160346
8550,0.010486,74.125.24.0-255,66,160346,34,160346
8551,0.0,74.125.130.0-255,147,147,34,234069
8552,2e-05,172.31.33.0-255,66,213,34,234069
8553,2.7e-05,74.125.130.0-255,1484,1697,34,234069
8554,3.1e-05,172.31.33.0-255,66,1763,34,234069
8555,4.9e-05,74.125.130.0-255,2902,4665,34,234069
8556,5.2e-05,172.31.33.0-255,66,4731,34,234069
8557,5.7e-05,74.125.130.0-255,5738,10469,34,234069
8558,6e-05,172.31.33.0-255,66,10535,34,234069
8559,8.7e-05,74.125.130.0-255,6307,16842,34,234069
8560,9e-05,172.31.33.0-255,66,16908,34,234069
8561,0.000106,74.125.130.0-255,4320,21228,34,234069
8562,0.000108,172.31.33.0-255,66,21294,34,234069
8563,0.000131,74.125.130.0-255,4320,25614,34,234069
8564,0.000134,172.31.33.0-255,66,25680,34,234069
8565,0.000146,74.125.130.0-255,2902,28582,34,234069
8566,0.000148,172.31.33.0-255,66,28648,34,234069
8567,0.000163,74.125.130.0-255,2543,31191,34,234069
8568,0.000166,172.31.33.0-255,66,31257,34,234069
8569,0.000249,74.125.130.0-255,1484,32741,34,234069
8570,0.000253,172.31.33.0-255,66,32807,34,234069
8571,0.000257,74.125.130.0-255,2902,35709,34,234069
8572,0.00026,172.31.33.0-255,66,35775,34,234069
8573,0.000279,74.125.130.0-255,2902,38677,34,234069
8574,0.000282,172.31.33.0-255,66,38743,34,234069
8575,0.000303,74.125.130.0-255,2902,41645,34,234069
8576,0.000306,172.31.33.0-255,66,41711,34,234069
8577,0.00031,74.125.130.0-255,2902,44613,34,234069
8578,0.000313,172.31.33.0-255,66,44679,34,234069
8579,0.000328,74.125.130.0-255,4320,48999,34,234069
8580,0.000331,172.31.33.0-255,66,49065,34,234069
8581,0.00034,172.31.33.0-255,66,49131,34,234069
8582,0.000361,74.125.130.0-255,4320,53451,34,234069
8583,0.000364,172.31.33.0-255,66,53517,34,234069
8584,0.000383,74.125.130.0-255,3602,57119,34,234069
8585,0.000387,172.31.33.0-255,66,57185,34,234069
8586,0.000391,74.125.130.0-255,379,57564,34,234069
8587,0.000422,74.125.130.0-255,365,57929,34,234069
8588,0.000546,74.125.130.0-255,1484,59413,34,234069
8589,0.000551,172.31.33.0-255,66,59479,34,234069
8590,0.000555,74.125.130.0-255,2902,62381,34,234069
8591,0.000558,172.31.33.0-255,66,62447,34,234069
8592,0.000576,74.125.130.0-255,5738,68185,34,234069
8593,0.000578,172.31.33.0-255,66,68251,34,234069
8594,0.000598,74.125.130.0-255,1484,69735,34,234069
8595,0.000624,172.31.33.0-255,66,69801,34,234069
8596,0.000631,74.125.130.0-255,1484,71285,34,234069
8597,0.000653,74.125.130.0-255,2902,74187,34,234069
8598,0.000656,172.31.33.0-255,66,74253,34,234069
8599,0.000685,172.31.33.0-255,66,74319,34,234069
8600,0.000745,74.125.130.0-255,1484,75803,34,234069
8601,0.000759,74.125.130.0-255,2902,78705,34,234069
8602,0.000764,172.31.33.0-255,66,78771,34,234069
8603,0.000784,74.125.130.0-255,5738,84509,34,234069
8604,0.000788,172.31.33.0-255,66,84575,34,234069
8605,0.000824,74.125.130.0-255,2902,87477,34,234069
8606,0.000824,172.31.33.0-255,66,87543,34,234069
8607,0.000828,172.31.33.0-255,66,87609,34,234069
8608,0.000845,74.125.130.0-255,2902,90511,34,234069
8609,0.000849,172.31.33.0-255,66,90577,34,234069
8610,0.000865,74.125.130.0-255,5020,95597,34,234069
8611,0.00087,172.31.33.0-255,66,95663,34,234069
8612,0.001086,74.125.130.0-255,1484,97147,34,234069
8613,0.00109,74.125.130.0-255,1484,98631,34,234069
8614,0.001093,172.31.33.0-255,66,98697,34,234069
8615,0.001113,74.125.130.0-255,1484,100181,34,234069
8616,0.001119,74.125.130.0-255,5738,105919,34,234069
8617,0.001122,172.31.33.0-255,66,105985,34,234069
8618,0.00118,74.125.130.0-255,7156,113141,34,234069
8619,0.001184,172.31.33.0-255,66,113207,34,234069
8620,0.001199,172.31.33.0-255,66,113273,34,234069
8621,0.001224,74.125.130.0-255,2184,115457,34,234069
8622,0.001227,172.31.33.0-255,66,115523,34,234069
8623,0.001456,74.125.130.0-255,1484,117007,34,234069
8624,0.001477,74.125.130.0-255,2902,119909,34,234069
8625,0.001481,172.31.33.0-255,66,119975,34,234069
8626,0.001503,74.125.130.0-255,5738,125713,34,234069
8627,0.001507,172.31.33.0-255,66,125779,34,234069
8628,0.001526,74.125.130.0-255,1484,127263,34,234069
8629,0.001558,172.31.33.0-255,66,127329,34,234069
8630,0.001563,74.125.130.0-255,2902,130231,34,234069
8631,0.001565,172.31.33.0-255,66,130297,34,234069
8632,0.00159,172.31.33.0-255,66,130363,34,234069
8633,0.001592,74.125.130.0-255,1484,131847,34,234069
8634,0.001621,74.125.130.0-255,2902,134749,34,234069
8635,0.001624,172.31.33.0-255,66,134815,34,234069
8636,0.001631,74.125.130.0-255,5738,140553,34,234069
8637,0.001633,172.31.33.0-255,66,140619,34,234069
8638,0.001644,172.31.33.0-255,66,140685,34,234069
8639,0.001655,172.31.33.0-255,66,140751,34,234069
8640,0.001677,74.125.130.0-255,2902,143653,34,234069
8641,0.00168,172.31.33.0-255,66,143719,34,234069
8642,0.001684,74.125.130.0-255,2184,145903,34,234069
8643,0.001686,172.31.33.0-255,66,145969,34,234069
8644,0.00169,74.125.130.0-255,2902,148871,34,234069
8645,0.001692,172.31.33.0-255,66,148937,34,234069
8646,0.001721,74.125.130.0-255,7156,156093,34,234069
8647,0.001724,172.31.33.0-255,66,156159,34,234069
8648,0.001734,74.125.130.0-255,5738,161897,34,234069
8649,0.001737,172.31.33.0-255,66,161963,34,234069
8650,0.001744,74.125.130.0-255,7156,169119,34,234069
8651,0.001747,172.31.33.0-255,66,169185,34,234069
8652,0.001771,74.125.130.0-255,4320,173505,34,234069
8653,0.001774,172.31.33.0-255,66,173571,34,234069
8654,0.001797,74.125.130.0-255,6438,180009,34,234069
8655,0.001801,172.31.33.0-255,66,180075,34,234069
8656,0.00183,172.31.33.0-255,66,180141,34,234069
8657,0.001836,74.125.130.0-255,4320,184461,34,234069
8658,0.001838,172.31.33.0-255,66,184527,34,234069
8659,0.001871,74.125.130.0-255,4320,188847,34,234069
8660,0.001875,172.31.33.0-255,66,188913,34,234069
8661,0.001907,172.31.33.0-255,66,188979,34,234069
8662,0.00191,74.125.130.0-255,766,189745,34,234069
8663,0.001938,74.125.130.0-255,4320,194065,34,234069
8664,0.001941,172.31.33.0-255,66,194131,34,234069
8665,0.001972,172.31.33.0-255,66,194197,34,234069
8666,0.001987,74.125.130.0-255,1484,195681,34,234069
8667,0.002046,172.31.33.0-255,66,195747,34,234069
8668,0.002065,74.125.130.0-255,2184,197931,34,234069
8669,0.002068,172.31.33.0-255,66,197997,34,234069
8670,0.002081,74.125.130.0-255,1484,199481,34,234069
8671,0.002084,74.125.130.0-255,1484,200965,34,234069
8672,0.002084,172.31.33.0-255,66,201031,34,234069
8673,0.002087,74.125.130.0-255,2902,203933,34,234069
8674,0.002089,172.31.33.0-255,66,203999,34,234069
8675,0.002092,74.125.130.0-255,4320,208319,34,234069
8676,0.002093,172.31.33.0-255,66,208385,34,234069
8677,0.002095,172.31.33.0-255,66,208451,34,234069
8678,0.00212,74.125.130.0-255,2902,211353,34,234069
8679,0.002123,172.31.33.0-255,66,211419,34,234069
8680,0.002126,74.125.130.0-255,1484,212903,34,234069
8681,0.002132,74.125.130.0-255,5020,217923,34,234069
8682,0.002136,172.31.33.0-255,66,217989,34,234069
8683,0.002139,74.125.130.0-255,1484,219473,34,234069
8684,0.002154,74.125.130.0-255,1484,220957,34,234069
8685,0.002158,172.31.33.0-255,66,221023,34,234069
8686,0.002164,74.125.130.0-255,4320,225343,34,234069
8687,0.002166,172.31.33.0-255,66,225409,34,234069
8688,0.00221,172.31.33.0-255,66,225475,34,234069
8689,0.002225,74.125.130.0-255,2902,228377,34,234069
8690,0.002228,172.31.33.0-255,66,228443,34,234069
8691,0.002243,74.125.130.0-255,2902,231345,34,234069
8692,0.002246,172.31.33.0-255,66,231411,34,234069
8693,0.00226,74.125.130.0-255,2250,233661,34,234069
8694,0.002263,172.31.33.0-255,66,233727,34,234069
8695,0.002279,74.125.130.0-255,105,233832,34,234069
8696,0.003822,172.31.33.0-255,66,233898,34,234069
8697,0.00385,172.31.33.0-255,105,234003,34,234069
8698,0.005815,74.125.130.0-255,66,234069,34,234069
8699,0.0,74.125.200.0-255,143,143,34,227707
8700,1.7e-05,172.31.33.0-255,66,209,34,227707
8701,2.3e-05,74.125.200.0-255,1484,1693,34,227707
8702,2.7e-05,172.31.33.0-255,66,1759,34,227707
8703,3.3e-05,74.125.200.0-255,2902,4661,34,227707
8704,4.2e-05,172.31.33.0-255,66,4727,34,227707
8705,4.5e-05,74.125.200.0-255,1484,6211,34,227707
8706,4.7e-05,172.31.33.0-255,66,6277,34,227707
8707,8.6e-05,74.125.200.0-255,5738,12015,34,227707
8708,8.9e-05,172.31.33.0-255,66,12081,34,227707
8709,9.2e-05,74.125.200.0-255,1484,13565,34,227707
8710,9.4e-05,172.31.33.0-255,66,13631,34,227707
8711,9.7e-05,74.125.200.0-255,576,14207,34,227707
8712,9.9e-05,172.31.33.0-255,66,14273,34,227707
8713,0.000287,74.125.200.0-255,1484,15757,34,227707
8714,0.000292,172.31.33.0-255,66,15823,34,227707
8715,0.000295,74.125.200.0-255,1484,17307,34,227707
8716,0.000297,172.31.33.0-255,66,17373,34,227707
8717,0.000325,74.125.200.0-255,2902,20275,34,227707
8718,0.000328,172.31.33.0-255,66,20341,34,227707
8719,0.000361,74.125.200.0-255,1484,21825,34,227707
8720,0.000363,172.31.33.0-255,66,21891,34,227707
8721,0.00039,74.125.200.0-255,4320,26211,34,227707
8722,0.000395,74.125.200.0-255,4320,30531,34,227707
8723,0.000399,172.31.33.0-255,66,30597,34,227707
8724,0.000401,172.31.33.0-255,66,30663,34,227707
8725,0.000423,74.125.200.0-255,2543,33206,34,227707
8726,0.000425,172.31.33.0-255,66,33272,34,227707
8727,0.000429,74.125.200.0-255,2902,36174,34,227707
8728,0.000431,172.31.33.0-255,66,36240,34,227707
8729,0.000436,74.125.200.0-255,4320,40560,34,227707
8730,0.000438,172.31.33.0-255,66,40626,34,227707
8731,0.000444,74.125.200.0-255,7156,47782,34,227707
8732,0.000446,172.31.33.0-255,66,47848,34,227707
8733,0.000468,74.125.200.0-255,1484,49332,34,227707
8734,0.000479,172.31.33.0-255,66,49398,34,227707
8735,0.000515,74.125.200.0-255,2902,52300,34,227707
8736,0.000517,172.31.33.0-255,66,52366,34,227707
8737,0.000543,74.125.200.0-255,5020,57386,34,227707
8738,0.000546,172.31.33.0-255,66,57452,34,227707
8739,0.000567,74.125.200.0-255,395,57847,34,227707
8740,0.000581,74.125.200.0-255,348,58195,34,227707
8741,0.000791,74.125.200.0-255,1484,59679,34,227707
8742,0.000793,74.125.200.0-255,1484,61163,34,227707
8743,0.000797,172.31.33.0-255,66,61229,34,227707
8744,0.000806,74.125.200.0-255,1484,62713,34,227707
8745,0.000808,74.125.200.0-255,1484,64197,34,227707
8746,0.000815,172.31.33.0-255,66,64263,34,227707
8747,0.000823,74.125.200.0-255,2902,67165,34,227707
8748,0.000825,172.31.33.0-255,66,67231,34,227707
8749,0.000831,74.125.200.0-255,1484,68715,34,227707
8750,0.000851,74.125.200.0-255,4320,73035,34,227707
8751,0.000853,172.31.33.0-255,66,73101,34,227707
8752,0.000869,74.125.200.0-255,2902,76003,34,227707
8753,0.000871,172.31.33.0-255,66,76069,34,227707
8754,0.000906,172.31.33.0-255,66,76135,34,227707
8755,0.000932,74.125.200.0-255,2902,79037,34,227707
8756,0.000934,172.31.33.0-255,66,79103,34,227707
8757,0.000958,74.125.200.0-255,3602,82705,34,227707
8758,0.00096,172.31.33.0-255,66,82771,34,227707
8759,0.00141,74.125.200.0-255,1484,84255,34,227707
8760,0.001418,74.125.200.0-255,2902,87157,34,227707
8761,0.001422,172.31.33.0-255,66,87223,34,227707
8762,0.001448,74.125.200.0-255,5738,92961,34,227707
8763,0.00145,172.31.33.0-255,66,93027,34,227707
8764,0.001483,172.31.33.0-255,66,93093,34,227707
8765,0.001486,74.125.200.0-255,1484,94577,34,227707
8766,0.001506,172.31.33.0-255,66,94643,34,227707
8767,0.001551,74.125.200.0-255,5020,99663,34,227707
8768,0.001553,172.31.33.0-255,66,99729,34,227707
8769,0.001686,74.125.200.0-255,1484,101213,34,227707
8770,0.00169,74.125.200.0-255,1484,102697,34,227707
8771,0.001693,172.31.33.0-255,66,102763,34,227707
8772,0.001716,74.125.200.0-255,1484,104247,34,227707
8773,0.001722,74.125.200.0-255,5738,109985,34,227707
8774,0.001724,172.31.33.0-255,66,110051,34,227707
8775,0.001753,74.125.200.0-255,7156,117207,34,227707
8776,0.001756,172.31.33.0-255,66,117273,34,227707
8777,0.001792,172.31.33.0-255,66,117339,34,227707
8778,0.001831,74.125.200.0-255,2184,119523,34,227707
8779,0.001833,172.31.33.0-255,66,119589,34,227707
8780,0.001843,74.125.200.0-255,1484,121073,34,227707
8781,0.001857,74.125.200.0-255,1484,122557,34,227707
8782,0.001859,172.31.33.0-255,66,122623,34,227707
8783,0.001875,74.125.200.0-255,2902,125525,34,227707
8784,0.001877,172.31.33.0-255,66,125591,34,227707
8785,0.001904,74.125.200.0-255,4320,129911,34,227707
8786,0.001907,172.31.33.0-255,66,129977,34,227707
8787,0.001917,172.31.33.0-255,66,130043,34,227707
8788,0.001919,74.125.200.0-255,1484,131527,34,227707
8789,0.001953,172.31.33.0-255,66,131593,34,227707
8790,0.004182,74.125.200.0-255,5738,137331,34,227707
8791,0.004187,172.31.33.0-255,66,137397,34,227707
8792,0.006416,74.125.200.0-255,5738,143135,34,227707
8793,0.006424,172.31.33.0-255,66,143201,34,227707
8794,0.008649,74.125.200.0-255,5738,148939,34,227707
8795,0.008656,172.31.33.0-255,66,149005,34,227707
8796,0.010886,74.125.200.0-255,5738,154743,34,227707
8797,0.010895,172.31.33.0-255,66,154809,34,227707
8798,0.013138,74.125.200.0-255,5738,160547,34,227707
8799,0.013146,172.31.33.0-255,66,160613,34,227707
8800,0.015378,74.125.200.0-255,2902,163515,34,227707
8801,0.015385,172.31.33.0-255,66,163581,34,227707
8802,0.015408,74.125.200.0-255,2902,166483,34,227707
8803,0.015411,172.31.33.0-255,66,166549,34,227707
8804,0.017611,74.125.200.0-255,4320,170869,34,227707
8805,0.017619,172.31.33.0-255,66,170935,34,227707
8806,0.017642,74.125.200.0-255,1484,172419,34,227707
8807,0.01986,74.125.200.0-255,4320,176739,34,227707
8808,0.019868,172.31.33.0-255,66,176805,34,227707
8809,0.022105,74.125.200.0-255,5738,182543,34,227707
8810,0.022111,172.31.33.0-255,66,182609,34,227707
8811,0.024343,74.125.200.0-255,5738,188347,34,227707
8812,0.024359,172.31.33.0-255,66,188413,34,227707
8813,0.02661,74.125.200.0-255,5738,194151,34,227707
8814,0.026626,172.31.33.0-255,66,194217,34,227707
8815,0.028864,74.125.200.0-255,5738,199955,34,227707
8816,0.028882,172.31.33.0-255,66,200021,34,227707
8817,0.031118,74.125.200.0-255,5738,205759,34,227707
8818,0.03113,172.31.33.0-255,66,205825,34,227707
8819,0.032183,172.31.33.0-255,176,206001,34,227707
8820,0.032211,172.31.33.0-255,1112,207113,34,227707
8821,0.032261,172.31.33.0-255,1514,208627,34,227707
8822,0.032263,172.31.33.0-255,1296,209923,34,227707
8823,0.033354,74.125.200.0-255,5738,215661,34,227707
8824,0.03336,172.31.33.0-255,66,215727,34,227707
8825,0.03376,104.244.42.0-255,66,215793,34,227707
8826,0.033767,104.244.42.0-255,66,215859,34,227707
8827,0.033809,104.244.42.0-255,66,215925,34,227707
8828,0.034449,104.244.42.0-255,108,216033,34,227707
8829,0.034457,172.31.33.0-255,66,216099,34,227707
8830,0.03559,74.125.200.0-255,5738,221837,34,227707
8831,0.035598,172.31.33.0-255,66,221903,34,227707
8832,0.037861,74.125.200.0-255,5738,227641,34,227707
8833,0.037877,172.31.33.0-255,66,227707,34,227707
8834,0.0,172.31.33.0-255,105,105,34,198531
8835,0.001769,157.240.7.0-255,105,210,34,198531
8836,0.00178,172.31.33.0-255,66,276,34,198531
8837,0.015719,172.217.194.0-255,153,429,34,198531
8838,0.015729,172.31.33.0-255,66,495,34,198531
8839,0.015735,172.217.194.0-255,1484,1979,34,198531
8840,0.015738,172.31.33.0-255,66,2045,34,198531
8841,0.015744,172.217.194.0-255,2902,4947,34,198531
8842,0.015746,172.31.33.0-255,66,5013,34,198531
8843,0.015778,172.217.194.0-255,7156,12169,34,198531
8844,0.015781,172.31.33.0-255,66,12235,34,198531
8845,0.015784,172.217.194.0-255,1484,13719,34,198531
8846,0.015786,172.31.33.0-255,66,13785,34,198531
8847,0.015809,172.217.194.0-255,6380,20165,34,198531
8848,0.015812,172.31.33.0-255,66,20231,34,198531
8849,0.015847,172.217.194.0-255,1484,21715,34,198531
8850,0.01585,172.31.33.0-255,66,21781,34,198531
8851,0.015878,172.31.33.0-255,66,21847,34,198531
8852,0.015908,172.217.194.0-255,1484,23331,34,198531
8853,0.01591,172.31.33.0-255,66,23397,34,198531
8854,0.015915,172.217.194.0-255,2902,26299,34,198531
8855,0.015916,172.31.33.0-255,66,26365,34,198531
8856,0.015922,172.217.194.0-255,4320,30685,34,198531
8857,0.015924,172.31.33.0-255,66,30751,34,198531
8858,0.015948,172.217.194.0-255,1484,32235,34,198531
8859,0.01595,172.31.33.0-255,66,32301,34,198531
8860,0.015959,172.217.194.0-255,6797,39098,34,198531
8861,0.015961,172.31.33.0-255,66,39164,34,198531
8862,0.016001,172.217.194.0-255,1484,40648,34,198531
8863,0.016004,172.31.33.0-255,66,40714,34,198531
8864,0.016026,172.217.194.0-255,2902,43616,34,198531
8865,0.016028,172.31.33.0-255,66,43682,34,198531
8866,0.016034,172.217.194.0-255,4320,48002,34,198531
8867,0.016036,172.31.33.0-255,66,48068,34,198531
8868,0.016065,172.31.33.0-255,66,48134,34,198531
8869,0.016785,172.217.194.0-255,382,48516,34,198531
8870,0.016937,172.217.194.0-255,1484,50000,34,198531
8871,0.016942,172.31.33.0-255,66,50066,34,198531
8872,0.016959,172.217.194.0-255,2902,52968,34,198531
8873,0.016961,172.31.33.0-255,66,53034,34,198531
8874,0.016989,172.217.194.0-255,5738,58772,34,198531
8875,0.016992,172.31.33.0-255,66,58838,34,198531
8876,0.017005,172.31.33.0-255,66,58904,34,198531
8877,0.017019,172.217.194.0-255,1484,60388,34,198531
8878,0.017032,172.31.33.0-255,66,60454,34,198531
8879,0.017391,172.217.194.0-255,1484,61938,34,198531
8880,0.017414,172.217.194.0-255,2902,64840,34,198531
8881,0.017419,172.31.33.0-255,66,64906,34,198531
8882,0.017426,172.217.194.0-255,5738,70644,34,198531
8883,0.017429,172.31.33.0-255,66,70710,34,198531
8884,0.017466,172.31.33.0-255,66,70776,34,198531
8885,0.01747,172.217.194.0-255,2902,73678,34,198531
8886,0.017472,172.31.33.0-255,66,73744,34,198531
8887,0.017487,172.217.194.0-255,4320,78064,34,198531
8888,0.017489,172.31.33.0-255,66,78130,34,198531
8889,0.017509,172.217.194.0-255,2902,81032,34,198531
8890,0.017511,172.31.33.0-255,66,81098,34,198531
8891,0.017546,172.217.194.0-255,1484,82582,34,198531
8892,0.017596,172.31.33.0-255,66,82648,34,198531
8893,0.017617,172.31.33.0-255,66,82714,34,198531
8894,0.01763,172.31.33.0-255,66,82780,34,198531
8895,0.017676,172.217.194.0-255,2902,85682,34,198531
8896,0.017678,172.31.33.0-255,66,85748,34,198531
8897,0.017707,172.217.194.0-255,7156,92904,34,198531
8898,0.017711,172.31.33.0-255,66,92970,34,198531
8899,0.017724,172.31.33.0-255,66,93036,34,198531
8900,0.017737,172.31.33.0-255,66,93102,34,198531
8901,0.017751,172.217.194.0-255,2184,95286,34,198531
8902,0.017753,172.31.33.0-255,66,95352,34,198531
8903,0.017943,172.217.194.0-255,1484,96836,34,198531
8904,0.017948,172.217.194.0-255,1484,98320,34,198531
8905,0.017952,172.31.33.0-255,66,98386,34,198531
8906,0.017966,172.217.194.0-255,1484,99870,34,198531
8907,0.017974,172.217.194.0-255,5738,105608,34,198531
8908,0.017976,172.31.33.0-255,66,105674,34,198531
8909,0.017983,172.217.194.0-255,7156,112830,34,198531
8910,0.017986,172.31.33.0-255,66,112896,34,198531
8911,0.017988,172.217.194.0-255,1484,114380,34,198531
8912,0.018017,172.31.33.0-255,66,114446,34,198531
8913,0.018036,172.217.194.0-255,1484,115930,34,198531
8914,0.018041,172.217.194.0-255,5020,120950,34,198531
8915,0.018044,172.31.33.0-255,66,121016,34,198531
8916,0.018129,172.217.194.0-255,1484,122500,34,198531
8917,0.018134,172.217.194.0-255,2902,125402,34,198531
8918,0.018136,172.31.33.0-255,66,125468,34,198531
8919,0.018142,172.217.194.0-255,5738,131206,34,198531
8920,0.018145,172.31.33.0-255,66,131272,34,198531
8921,0.018164,172.217.194.0-255,1484,132756,34,198531
8922,0.018187,172.217.194.0-255,5738,138494,34,198531
8923,0.01819,172.31.33.0-255,66,138560,34,198531
8924,0.018193,172.217.194.0-255,1484,140044,34,198531
8925,0.018213,172.217.194.0-255,7156,147200,34,198531
8926,0.018217,172.31.33.0-255,66,147266,34,198531
8927,0.018247,172.217.194.0-255,7156,154422,34,198531
8928,0.01825,172.31.33.0-255,66,154488,34,198531
8929,0.018269,172.217.194.0-255,766,155254,34,198531
8930,0.018407,172.217.194.0-255,1484,156738,34,198531
8931,0.01841,172.31.33.0-255,66,156804,34,198531
8932,0.018416,172.217.194.0-255,2902,159706,34,198531
8933,0.018418,172.31.33.0-255,66,159772,34,198531
8934,0.018421,172.217.194.0-255,1484,161256,34,198531
8935,0.018446,172.217.194.0-255,4320,165576,34,198531
8936,0.018449,172.31.33.0-255,66,165642,34,198531
8937,0.01846,172.31.33.0-255,66,165708,34,198531
8938,0.018489,172.217.194.0-255,4320,170028,34,198531
8939,0.018493,172.31.33.0-255,66,170094,34,198531
8940,0.018503,172.31.33.0-255,66,170160,34,198531
8941,0.018536,172.217.194.0-255,1484,171644,34,198531
8942,0.018562,172.217.194.0-255,2902,174546,34,198531
8943,0.018567,172.31.33.0-255,66,174612,34,198531
8944,0.018576,172.217.194.0-255,5738,180350,34,198531
8945,0.018579,172.31.33.0-255,66,180416,34,198531
8946,0.018587,172.217.194.0-255,7156,187572,34,198531
8947,0.018592,172.31.33.0-255,66,187638,34,198531
8948,0.018617,172.217.194.0-255,4320,191958,34,198531
8949,0.018621,172.31.33.0-255,66,192024,34,198531
8950,0.018637,172.31.33.0-255,66,192090,34,198531
8951,0.018678,172.31.33.0-255,66,192156,34,198531
8952,0.018695,172.31.33.0-255,66,192222,34,198531
8953,0.018756,172.217.194.0-255,5738,197960,34,198531
8954,0.01876,172.31.33.0-255,66,198026,34,198531
8955,0.018794,172.31.33.0-255,66,198092,34,198531
8956,0.018798,172.217.194.0-255,97,198189,34,198531
8957,0.018801,172.217.194.0-255,105,198294,34,198531
8958,0.023295,172.31.33.0-255,66,198360,34,198531
8959,0.023362,172.31.33.0-255,105,198465,34,198531
8960,0.025399,172.217.194.0-255,66,198531,34,198531
8961,0.0,74.125.24.0-255,146,146,34,170781
8962,1.5e-05,172.31.33.0-255,66,212,34,170781
8963,3.7e-05,74.125.24.0-255,1484,1696,34,170781
8964,4.2e-05,172.31.33.0-255,66,1762,34,170781
8965,4.8e-05,74.125.24.0-255,2902,4664,34,170781
8966,5.2e-05,172.31.33.0-255,66,4730,34,170781
8967,6.1e-05,74.125.24.0-255,7156,11886,34,170781
8968,6.3e-05,172.31.33.0-255,66,11952,34,170781
8969,6.8e-05,74.125.24.0-255,2043,13995,34,170781
8970,7e-05,172.31.33.0-255,66,14061,34,170781
8971,0.000311,74.125.24.0-255,1484,15545,34,170781
8972,0.000317,172.31.33.0-255,66,15611,34,170781
8973,0.000323,74.125.24.0-255,2902,18513,34,170781
8974,0.000326,172.31.33.0-255,66,18579,34,170781
8975,0.000354,74.125.24.0-255,5738,24317,34,170781
8976,0.000356,172.31.33.0-255,66,24383,34,170781
8977,0.000385,172.31.33.0-255,66,24449,34,170781
8978,0.000415,74.125.24.0-255,2543,26992,34,170781
8979,0.000418,172.31.33.0-255,66,27058,34,170781
8980,0.000431,172.31.33.0-255,66,27124,34,170781
8981,0.000488,172.31.33.0-255,66,27190,34,170781
8982,0.000582,74.125.24.0-255,1484,28674,34,170781
8983,0.000585,172.31.33.0-255,66,28740,34,170781
8984,0.00059,74.125.24.0-255,2902,31642,34,170781
8985,0.000592,172.31.33.0-255,66,31708,34,170781
8986,0.000614,74.125.24.0-255,5738,37446,34,170781
8987,0.000617,172.31.33.0-255,66,37512,34,170781
8988,0.00062,74.125.24.0-255,1484,38996,34,170781
8989,0.000622,172.31.33.0-255,66,39062,34,170781
8990,0.000654,172.31.33.0-255,66,39128,34,170781
8991,0.000664,172.31.33.0-255,66,39194,34,170781
8992,0.000667,74.125.24.0-255,766,39960,34,170781
8993,0.000843,74.125.24.0-255,1484,41444,34,170781
8994,0.000847,172.31.33.0-255,66,41510,34,170781
8995,0.000852,74.125.24.0-255,2902,44412,34,170781
8996,0.000854,172.31.33.0-255,66,44478,34,170781
8997,0.000882,74.125.24.0-255,5738,50216,34,170781
8998,0.000884,172.31.33.0-255,66,50282,34,170781
8999,0.000893,172.31.33.0-255,66,50348,34,170781
9000,0.000921,74.125.24.0-255,4320,54668,34,170781
9001,0.000923,172.31.33.0-255,66,54734,34,170781
9002,0.000934,172.31.33.0-255,66,54800,34,170781
9003,0.000971,74.125.24.0-255,1484,56284,34,170781
9004,0.000989,74.125.24.0-255,2902,59186,34,170781
9005,0.000991,172.31.33.0-255,66,59252,34,170781
9006,0.000997,74.125.24.0-255,4320,63572,34,170781
9007,0.000998,172.31.33.0-255,66,63638,34,170781
9008,0.001014,74.125.24.0-255,1484,65122,34,170781
9009,0.001017,74.125.24.0-255,1484,66606,34,170781
9010,0.001019,172.31.33.0-255,66,66672,34,170781
9011,0.00103,74.125.24.0-255,7156,73828,34,170781
9012,0.001032,172.31.33.0-255,66,73894,34,170781
9013,0.001057,74.125.24.0-255,5738,79632,34,170781
9014,0.00106,172.31.33.0-255,66,79698,34,170781
9015,0.001093,74.125.24.0-255,5738,85436,34,170781
9016,0.001095,172.31.33.0-255,66,85502,34,170781
9017,0.001113,74.125.24.0-255,3602,89104,34,170781
9018,0.001115,172.31.33.0-255,66,89170,34,170781
9019,0.001381,74.125.24.0-255,1484,90654,34,170781
9020,0.001402,74.125.24.0-255,2902,93556,34,170781
9021,0.001405,172.31.33.0-255,66,93622,34,170781
9022,0.001411,74.125.24.0-255,5738,99360,34,170781
9023,0.001413,172.31.33.0-255,66,99426,34,170781
9024,0.001448,74.125.24.0-255,7156,106582,34,170781
9025,0.001451,172.31.33.0-255,66,106648,34,170781
9026,0.00148,172.31.33.0-255,66,106714,34,170781
9027,0.001506,74.125.24.0-255,4320,111034,34,170781
9028,0.001508,172.31.33.0-255,66,111100,34,170781
9029,0.001512,74.125.24.0-255,2184,113284,34,170781
9030,0.001515,172.31.33.0-255,66,113350,34,170781
9031,0.001671,74.125.24.0-255,1484,114834,34,170781
9032,0.001676,74.125.24.0-255,2902,117736,34,170781
9033,0.001681,172.31.33.0-255,66,117802,34,170781
9034,0.00171,74.125.24.0-255,5738,123540,34,170781
9035,0.001712,172.31.33.0-255,66,123606,34,170781
9036,0.001743,74.125.24.0-255,7156,130762,34,170781
9037,0.001745,172.31.33.0-255,66,130828,34,170781
9038,0.00177,74.125.24.0-255,5738,136566,34,170781
9039,0.001772,172.31.33.0-255,66,136632,34,170781
9040,0.001805,172.31.33.0-255,66,136698,34,170781
9041,0.001834,172.31.33.0-255,66,136764,34,170781
9042,0.001866,74.125.24.0-255,5738,142502,34,170781
9043,0.001869,172.31.33.0-255,66,142568,34,170781
9044,0.001891,172.31.33.0-255,66,142634,34,170781
9045,0.001893,74.125.24.0-255,1484,144118,34,170781
9046,0.001916,74.125.24.0-255,2184,146302,34,170781
9047,0.00192,172.31.33.0-255,66,146368,34,170781
9048,0.001948,74.125.24.0-255,1484,147852,34,170781
9049,0.001964,74.125.24.0-255,2902,150754,34,170781
9050,0.001967,172.31.33.0-255,66,150820,34,170781
9051,0.001971,74.125.24.0-255,2902,153722,34,170781
9052,0.001973,172.31.33.0-255,66,153788,34,170781
9053,0.001991,74.125.24.0-255,2902,156690,34,170781
9054,0.001993,172.31.33.0-255,66,156756,34,170781
9055,0.002006,172.31.33.0-255,66,156822,34,170781
9056,0.002029,74.125.24.0-255,2902,159724,34,170781
9057,0.002032,172.31.33.0-255,66,159790,34,170781
9058,0.002046,74.125.24.0-255,4320,164110,34,170781
9059,0.002048,172.31.33.0-255,66,164176,34,170781
9060,0.002096,172.31.33.0-255,66,164242,34,170781
9061,0.002109,172.31.33.0-255,66,164308,34,170781
9062,0.002124,172.31.33.0-255,66,164374,34,170781
9063,0.002126,74.125.24.0-255,1484,165858,34,170781
9064,0.002171,172.31.33.0-255,66,165924,34,170781
9065,0.002185,172.31.33.0-255,66,165990,34,170781
9066,0.00227,172.31.33.0-255,66,166056,34,170781
9067,0.002273,74.125.24.0-255,97,166153,34,170781
9068,0.002275,74.125.24.0-255,105,166258,34,170781
9069,0.008025,172.31.33.0-255,66,166324,34,170781
9070,0.008058,172.31.33.0-255,105,166429,34,170781
9071,0.010295,74.125.24.0-255,66,166495,34,170781
9072,0.034055,172.31.33.0-255,167,166662,34,170781
9073,0.034092,172.31.33.0-255,1113,167775,34,170781
9074,0.034151,172.31.33.0-255,1514,169289,34,170781
9075,0.03417,172.31.33.0-255,1294,170583,34,170781
9076,0.035633,104.244.42.0-255,66,170649,34,170781
9077,0.03566,104.244.42.0-255,66,170715,34,170781
9078,0.03571,104.244.42.0-255,66,170781,34,170781
9079,0.0,172.217.194.0-255,153,153,34,199274
9080,2.3e-05,172.31.33.0-255,66,219,34,199274
9081,2.9e-05,172.217.194.0-255,1484,1703,34,199274
9082,3.3e-05,172.31.33.0-255,66,1769,34,199274
9083,3.7e-05,172.217.194.0-255,2902,4671,34,199274
9084,4e-05,172.31.33.0-255,66,4737,34,199274
9085,7.3e-05,172.217.194.0-255,7156,11893,34,199274
9086,7.6e-05,172.31.33.0-255,66,11959,34,199274
9087,8.4e-05,172.31.33.0-255,66,12025,34,199274
9088,8.6e-05,172.217.194.0-255,1484,13509,34,199274
9089,8.8e-05,172.31.33.0-255,66,13575,34,199274
9090,0.000114,172.31.33.0-255,66,13641,34,199274
9091,0.000157,172.217.194.0-255,1484,15125,34,199274
9092,0.000161,172.31.33.0-255,66,15191,34,199274
9093,0.000166,172.217.194.0-255,2902,18093,34,199274
9094,0.000168,172.31.33.0-255,66,18159,34,199274
9095,0.00019,172.217.194.0-255,5738,23897,34,199274
9096,0.000192,172.31.33.0-255,66,23963,34,199274
9097,0.000195,172.217.194.0-255,1484,25447,34,199274
9098,0.000197,172.31.33.0-255,66,25513,34,199274
9099,0.000212,172.217.194.0-255,4320,29833,34,199274
9100,0.000215,172.31.33.0-255,66,29899,34,199274
9101,0.000217,172.217.194.0-255,1484,31383,34,199274
9102,0.000219,172.31.33.0-255,66,31449,34,199274
9103,0.00026,172.31.33.0-255,66,31515,34,199274
9104,0.000265,172.217.194.0-255,5364,36879,34,199274
9105,0.000267,172.31.33.0-255,66,36945,34,199274
9106,0.000321,172.217.194.0-255,1484,38429,34,199274
9107,0.000324,172.31.33.0-255,66,38495,34,199274
9108,0.000328,172.217.194.0-255,2902,41397,34,199274
9109,0.00033,172.31.33.0-255,66,41463,34,199274
9110,0.000372,172.217.194.0-255,2902,44365,34,199274
9111,0.000377,172.31.33.0-255,66,44431,34,199274
9112,0.000386,172.217.194.0-255,2902,47333,34,199274
9113,0.000389,172.31.33.0-255,66,47399,34,199274
9114,0.000402,172.31.33.0-255,66,47465,34,199274
9115,0.000409,172.217.194.0-255,5738,53203,34,199274
9116,0.000411,172.31.33.0-255,66,53269,34,199274
9117,0.000437,172.217.194.0-255,4738,58007,34,199274
9118,0.00044,172.31.33.0-255,66,58073,34,199274
9119,0.000451,172.31.33.0-255,66,58139,34,199274
9120,0.000457,172.217.194.0-255,5379,63518,34,199274
9121,0.000458,172.31.33.0-255,66,63584,34,199274
9122,0.000924,172.217.194.0-255,1484,65068,34,199274
9123,0.000944,172.217.194.0-255,2902,67970,34,199274
9124,0.000947,172.31.33.0-255,66,68036,34,199274
9125,0.000954,172.217.194.0-255,5738,73774,34,199274
9126,0.000955,172.31.33.0-255,66,73840,34,199274
9127,0.000976,172.217.194.0-255,7156,80996,34,199274
9128,0.000978,172.31.33.0-255,66,81062,34,199274
9129,0.000999,172.217.194.0-255,2902,83964,34,199274
9130,0.001001,172.31.33.0-255,66,84030,34,199274
9131,0.001012,172.217.194.0-255,2902,86932,34,199274
9132,0.001014,172.31.33.0-255,66,86998,34,199274
9133,0.001045,172.31.33.0-255,66,87064,34,199274
9134,0.001103,172.217.194.0-255,1484,88548,34,199274
9135,0.001123,172.217.194.0-255,2902,91450,34,199274
9136,0.001125,172.31.33.0-255,66,91516,34,199274
9137,0.001131,172.217.194.0-255,5738,97254,34,199274
9138,0.001133,172.31.33.0-255,66,97320,34,199274
9139,0.00115,172.217.194.0-255,1484,98804,34,199274
9140,0.001175,172.31.33.0-255,66,98870,34,199274
9141,0.00119,172.217.194.0-255,1484,100354,34,199274
9142,0.001199,172.31.33.0-255,66,100420,34,199274
9143,0.001202,172.217.194.0-255,766,101186,34,199274
9144,0.00133,172.217.194.0-255,1484,102670,34,199274
9145,0.001334,172.31.33.0-255,66,102736,34,199274
9146,0.001338,172.217.194.0-255,2902,105638,34,199274
9147,0.00134,172.31.33.0-255,66,105704,34,199274
9148,0.001358,172.217.194.0-255,5738,111442,34,199274
9149,0.001361,172.31.33.0-255,66,111508,34,199274
9150,0.001364,172.217.194.0-255,2902,114410,34,199274
9151,0.001366,172.31.33.0-255,66,114476,34,199274
9152,0.001378,172.217.194.0-255,2902,117378,34,199274
9153,0.001381,172.31.33.0-255,66,117444,34,199274
9154,0.001396,172.217.194.0-255,2902,120346,34,199274
9155,0.001398,172.31.33.0-255,66,120412,34,199274
9156,0.001428,172.217.194.0-255,4320,124732,34,199274
9157,0.00143,172.31.33.0-255,66,124798,34,199274
9158,0.001456,172.31.33.0-255,66,124864,34,199274
9159,0.001461,172.217.194.0-255,4320,129184,34,199274
9160,0.001463,172.31.33.0-255,66,129250,34,199274
9161,0.001497,172.31.33.0-255,66,129316,34,199274
9162,0.001507,172.31.33.0-255,66,129382,34,199274
9163,0.001536,172.217.194.0-255,2902,132284,34,199274
9164,0.00154,172.31.33.0-255,66,132350,34,199274
9165,0.001549,172.217.194.0-255,3602,135952,34,199274
9166,0.001551,172.31.33.0-255,66,136018,34,199274
9167,0.001606,172.217.194.0-255,2902,138920,34,199274
9168,0.001609,172.31.33.0-255,66,138986,34,199274
9169,0.00163,172.217.194.0-255,4320,143306,34,199274
9170,0.001633,172.31.33.0-255,66,143372,34,199274
9171,0.001636,172.217.194.0-255,1484,144856,34,199274
9172,0.001645,172.31.33.0-255,66,144922,34,199274
9173,0.001657,172.31.33.0-255,66,144988,34,199274
9174,0.001678,172.217.194.0-255,766,145754,34,199274
9175,0.001681,172.217.194.0-255,1484,147238,34,199274
9176,0.001683,172.31.33.0-255,66,147304,34,199274
9177,0.001687,172.217.194.0-255,2902,150206,34,199274
9178,0.00169,172.217.194.0-255,2902,153108,34,199274
9179,0.001693,172.31.33.0-255,66,153174,34,199274
9180,0.001696,172.31.33.0-255,66,153240,34,199274
9181,0.001706,172.217.194.0-255,2902,156142,34,199274
9182,0.001709,172.31.33.0-255,66,156208,34,199274
9183,0.001734,172.31.33.0-255,66,156274,34,199274
9184,0.00175,172.217.194.0-255,1484,157758,34,199274
9185,0.001762,172.31.33.0-255,66,157824,34,199274
9186,0.001783,172.217.194.0-255,1484,159308,34,199274
9187,0.001787,172.217.194.0-255,2902,162210,34,199274
9188,0.001789,172.31.33.0-255,66,162276,34,199274
9189,0.001809,172.217.194.0-255,5738,168014,34,199274
9190,0.001812,172.31.33.0-255,66,168080,34,199274
9191,0.001834,172.217.194.0-255,7156,175236,34,199274
9192,0.001838,172.31.33.0-255,66,175302,34,199274
9193,0.001856,172.217.194.0-255,4320,179622,34,199274
9194,0.00186,172.31.33.0-255,66,179688,34,199274
9195,0.001875,172.217.194.0-255,1484,181172,34,199274
9196,0.001909,172.31.33.0-255,66,181238,34,199274
9197,0.001922,172.31.33.0-255,66,181304,34,199274
9198,0.001942,172.217.194.0-255,4320,185624,34,199274
9199,0.001946,172.31.33.0-255,66,185690,34,199274
9200,0.00196,172.31.33.0-255,66,185756,34,199274
9201,0.001967,172.217.194.0-255,7156,192912,34,199274
9202,0.001969,172.31.33.0-255,66,192978,34,199274
9203,0.001985,172.217.194.0-255,1597,194575,34,199274
9204,0.001988,172.31.33.0-255,66,194641,34,199274
9205,0.00199,172.217.194.0-255,105,194746,34,199274
9206,0.002897,172.31.33.0-255,66,194812,34,199274
9207,0.002921,172.31.33.0-255,105,194917,34,199274
9208,0.004939,172.217.194.0-255,66,194983,34,199274
9209,0.027501,172.31.33.0-255,172,195155,34,199274
9210,0.027534,172.31.33.0-255,1112,196267,34,199274
9211,0.027566,172.31.33.0-255,1514,197781,34,199274
9212,0.027568,172.31.33.0-255,1295,199076,34,199274
9213,0.029067,104.244.42.0-255,66,199142,34,199274
9214,0.029111,104.244.42.0-255,66,199208,34,199274
9215,0.029113,104.244.42.0-255,66,199274,34,199274
9216,0.0,74.125.24.0-255,153,153,34,240244
9217,2.1e-05,172.31.33.0-255,66,219,34,240244
9218,2.8e-05,74.125.24.0-255,1484,1703,34,240244
9219,3.3e-05,172.31.33.0-255,66,1769,34,240244
9220,3.6e-05,74.125.24.0-255,1484,3253,34,240244
9221,3.9e-05,172.31.33.0-255,66,3319,34,240244
9222,4.2e-05,74.125.24.0-255,1484,4803,34,240244
9223,4.5e-05,172.31.33.0-255,66,4869,34,240244
9224,6.9e-05,74.125.24.0-255,2902,7771,34,240244
9225,7.2e-05,172.31.33.0-255,66,7837,34,240244
9226,0.000102,74.125.24.0-255,4320,12157,34,240244
9227,0.000105,172.31.33.0-255,66,12223,34,240244
9228,0.000123,74.125.24.0-255,1983,14206,34,240244
9229,0.000125,172.31.33.0-255,66,14272,34,240244
9230,0.000133,74.125.24.0-255,7156,21428,34,240244
9231,0.000135,172.31.33.0-255,66,21494,34,240244
9232,0.000142,74.125.24.0-255,7156,28650,34,240244
9233,0.000144,172.31.33.0-255,66,28716,34,240244
9234,0.000161,74.125.24.0-255,2543,31259,34,240244
9235,0.000163,172.31.33.0-255,66,31325,34,240244
9236,0.000266,74.125.24.0-255,1484,32809,34,240244
9237,0.00027,172.31.33.0-255,66,32875,34,240244
9238,0.000274,74.125.24.0-255,1484,34359,34,240244
9239,0.000276,172.31.33.0-255,66,34425,34,240244
9240,0.00029,74.125.24.0-255,1484,35909,34,240244
9241,0.000292,172.31.33.0-255,66,35975,34,240244
9242,0.000299,74.125.24.0-255,5738,41713,34,240244
9243,0.000301,172.31.33.0-255,66,41779,34,240244
9244,0.000336,172.31.33.0-255,66,41845,34,240244
9245,0.000357,74.125.24.0-255,2543,44388,34,240244
9246,0.000359,172.31.33.0-255,66,44454,34,240244
9247,0.000369,172.31.33.0-255,66,44520,34,240244
9248,0.000439,74.125.24.0-255,646,45166,34,240244
9249,0.000628,74.125.24.0-255,1484,46650,34,240244
9250,0.000631,172.31.33.0-255,66,46716,34,240244
9251,0.000637,74.125.24.0-255,2902,49618,34,240244
9252,0.000639,172.31.33.0-255,66,49684,34,240244
9253,0.000653,74.125.24.0-255,4320,54004,34,240244
9254,0.000654,172.31.33.0-255,66,54070,34,240244
9255,0.00067,74.125.24.0-255,1484,55554,34,240244
9256,0.000675,74.125.24.0-255,2902,58456,34,240244
9257,0.000676,172.31.33.0-255,66,58522,34,240244
9258,0.000709,172.31.33.0-255,66,58588,34,240244
9259,0.00072,172.31.33.0-255,66,58654,34,240244
9260,0.000988,74.125.24.0-255,1484,60138,34,240244
9261,0.000992,74.125.24.0-255,1484,61622,34,240244
9262,0.000994,172.31.33.0-255,66,61688,34,240244
9263,0.001012,74.125.24.0-255,1484,63172,34,240244
9264,0.001016,74.125.24.0-255,2902,66074,34,240244
9265,0.001018,172.31.33.0-255,66,66140,34,240244
9266,0.001038,74.125.24.0-255,2902,69042,34,240244
9267,0.00104,172.31.33.0-255,66,69108,34,240244
9268,0.001052,172.31.33.0-255,66,69174,34,240244
9269,0.001061,172.31.33.0-255,66,69240,34,240244
9270,0.001094,74.125.24.0-255,2184,71424,34,240244
9271,0.001096,172.31.33.0-255,66,71490,34,240244
9272,0.001349,74.125.24.0-255,1484,72974,34,240244
9273,0.001361,74.125.24.0-255,2902,75876,34,240244
9274,0.001364,172.31.33.0-255,66,75942,34,240244
9275,0.001374,74.125.24.0-255,1484,77426,34,240244
9276,0.001392,74.125.24.0-255,4320,81746,34,240244
9277,0.001394,172.31.33.0-255,66,81812,34,240244
9278,0.001402,74.125.24.0-255,7156,88968,34,240244
9279,0.001403,172.31.33.0-255,66,89034,34,240244
9280,0.001417,74.125.24.0-255,5738,94772,34,240244
9281,0.001419,172.31.33.0-255,66,94838,34,240244
9282,0.001425,74.125.24.0-255,7156,101994,34,240244
9283,0.001427,172.31.33.0-255,66,102060,34,240244
9284,0.001445,74.125.24.0-255,2902,104962,34,240244
9285,0.001447,172.31.33.0-255,66,105028,34,240244
9286,0.001449,74.125.24.0-255,766,105794,34,240244
9287,0.00178,172.31.33.0-255,66,105860,34,240244
9288,0.001799,74.125.24.0-255,1484,107344,34,240244
9289,0.001804,74.125.24.0-255,2902,110246,34,240244
9290,0.001806,172.31.33.0-255,66,110312,34,240244
9291,0.001828,74.125.24.0-255,5738,116050,34,240244
9292,0.00183,172.31.33.0-255,66,116116,34,240244
9293,0.00185,74.125.24.0-255,5738,121854,34,240244
9294,0.001851,172.31.33.0-255,66,121920,34,240244
9295,0.001868,74.125.24.0-255,7156,129076,34,240244
9296,0.00187,172.31.33.0-255,66,129142,34,240244
9297,0.001895,74.125.24.0-255,4320,133462,34,240244
9298,0.001897,172.31.33.0-255,66,133528,34,240244
9299,0.001918,74.125.24.0-255,6438,139966,34,240244
9300,0.001919,172.31.33.0-255,66,140032,34,240244
9301,0.002264,74.125.24.0-255,1484,141516,34,240244
9302,0.002272,74.125.24.0-255,2902,144418,34,240244
9303,0.002276,172.31.33.0-255,66,144484,34,240244
9304,0.002281,74.125.24.0-255,1484,145968,34,240244
9305,0.002301,74.125.24.0-255,4320,150288,34,240244
9306,0.002303,172.31.33.0-255,66,150354,34,240244
9307,0.002329,74.125.24.0-255,2902,153256,34,240244
9308,0.002331,172.31.33.0-255,66,153322,34,240244
9309,0.002355,74.125.24.0-255,7156,160478,34,240244
9310,0.002357,172.31.33.0-255,66,160544,34,240244
9311,0.002366,172.31.33.0-255,66,160610,34,240244
9312,0.002388,74.125.24.0-255,2902,163512,34,240244
9313,0.00239,172.31.33.0-255,66,163578,34,240244
9314,0.002395,74.125.24.0-255,2184,165762,34,240244
9315,0.002397,172.31.33.0-255,66,165828,34,240244
9316,0.002547,74.125.24.0-255,1484,167312,34,240244
9317,0.002552,74.125.24.0-255,1484,168796,34,240244
9318,0.002555,172.31.33.0-255,66,168862,34,240244
9319,0.002571,74.125.24.0-255,1484,170346,34,240244
9320,0.002575,74.125.24.0-255,2902,173248,34,240244
9321,0.002577,172.31.33.0-255,66,173314,34,240244
9322,0.0026,74.125.24.0-255,2902,176216,34,240244
9323,0.002602,172.31.33.0-255,66,176282,34,240244
9324,0.00261,74.125.24.0-255,4320,180602,34,240244
9325,0.002612,172.31.33.0-255,66,180668,34,240244
9326,0.002615,74.125.24.0-255,1484,182152,34,240244
9327,0.002617,74.125.24.0-255,1484,183636,34,240244
9328,0.002619,172.31.33.0-255,66,183702,34,240244
9329,0.002642,74.125.24.0-255,2902,186604,34,240244
9330,0.002644,172.31.33.0-255,66,186670,34,240244
9331,0.002651,74.125.24.0-255,5738,192408,34,240244
9332,0.002652,172.31.33.0-255,66,192474,34,240244
9333,0.002678,172.31.33.0-255,66,192540,34,240244
9334,0.002765,74.125.24.0-255,1484,194024,34,240244
9335,0.002771,74.125.24.0-255,2902,196926,34,240244
9336,0.002773,172.31.33.0-255,66,196992,34,240244
9337,0.002798,74.125.24.0-255,5738,202730,34,240244
9338,0.002801,172.31.33.0-255,66,202796,34,240244
9339,0.002805,74.125.24.0-255,2902,205698,34,240244
9340,0.002806,172.31.33.0-255,66,205764,34,240244
9341,0.002832,172.31.33.0-255,66,205830,34,240244
9342,0.002837,74.125.24.0-255,4320,210150,34,240244
9343,0.002839,172.31.33.0-255,66,210216,34,240244
9344,0.002861,74.125.24.0-255,6438,216654,34,240244
9345,0.002863,172.31.33.0-255,66,216720,34,240244
9346,0.002875,172.31.33.0-255,66,216786,34,240244
9347,0.002891,74.125.24.0-255,5738,222524,34,240244
9348,0.002893,172.31.33.0-255,66,222590,34,240244
9349,0.002914,172.31.33.0-255,66,222656,34,240244
9350,0.002937,74.125.24.0-255,1484,224140,34,240244
9351,0.00294,172.31.33.0-255,78,224218,34,240244
9352,0.002968,172.31.33.0-255,78,224296,34,240244
9353,0.002996,172.31.33.0-255,66,224362,34,240244
9354,0.002999,74.125.24.0-255,1484,225846,34,240244
9355,0.003005,74.125.24.0-255,5020,230866,34,240244
9356,0.003007,172.31.33.0-255,66,230932,34,240244
9357,0.003063,74.125.24.0-255,5738,236670,34,240244
9358,0.003066,172.31.33.0-255,66,236736,34,240244
9359,0.003092,172.31.33.0-255,66,236802,34,240244
9360,0.003094,74.125.24.0-255,1484,238286,34,240244
9361,0.003097,74.125.24.0-255,1484,239770,34,240244
9362,0.003099,172.31.33.0-255,66,239836,34,240244
9363,0.003109,172.31.33.0-255,66,239902,34,240244
9364,0.003112,74.125.24.0-255,105,240007,34,240244
9365,0.012071,172.31.33.0-255,66,240073,34,240244
9366,0.012116,172.31.33.0-255,105,240178,34,240244
9367,0.014404,74.125.24.0-255,66,240244,34,240244
9368,0.0,172.217.194.0-255,158,158,34,190506
9369,2.4e-05,172.31.33.0-255,66,224,34,190506
9370,3e-05,172.217.194.0-255,1484,1708,34,190506
9371,3.3e-05,172.31.33.0-255,66,1774,34,190506
9372,3.9e-05,172.217.194.0-255,2902,4676,34,190506
9373,4e-05,172.31.33.0-255,66,4742,34,190506
9374,6.7e-05,172.217.194.0-255,7156,11898,34,190506
9375,6.9e-05,172.31.33.0-255,66,11964,34,190506
9376,0.00011,172.31.33.0-255,66,12030,34,190506
9377,0.000113,172.217.194.0-255,2543,14573,34,190506
9378,0.000115,172.31.33.0-255,66,14639,34,190506
9379,0.000163,172.217.194.0-255,1484,16123,34,190506
9380,0.000166,172.31.33.0-255,66,16189,34,190506
9381,0.000181,172.217.194.0-255,2902,19091,34,190506
9382,0.000184,172.31.33.0-255,66,19157,34,190506
9383,0.000204,172.217.194.0-255,4320,23477,34,190506
9384,0.000206,172.31.33.0-255,66,23543,34,190506
9385,0.000222,172.217.194.0-255,1484,25027,34,190506
9386,0.000224,172.31.33.0-255,66,25093,34,190506
9387,0.000231,172.217.194.0-255,6797,31890,34,190506
9388,0.000233,172.31.33.0-255,66,31956,34,190506
9389,0.000246,172.217.194.0-255,2833,34789,34,190506
9390,0.000247,172.31.33.0-255,66,34855,34,190506
9391,0.00025,172.31.33.0-255,66,34921,34,190506
9392,0.000321,172.217.194.0-255,366,35287,34,190506
9393,0.000324,172.31.33.0-255,66,35353,34,190506
9394,0.000526,172.217.194.0-255,1484,36837,34,190506
9395,0.00053,172.31.33.0-255,66,36903,34,190506
9396,0.000537,172.217.194.0-255,2902,39805,34,190506
9397,0.00054,172.31.33.0-255,66,39871,34,190506
9398,0.000546,172.217.194.0-255,5738,45609,34,190506
9399,0.000549,172.31.33.0-255,66,45675,34,190506
9400,0.000575,172.217.194.0-255,5738,51413,34,190506
9401,0.000578,172.31.33.0-255,66,51479,34,190506
9402,0.000583,172.217.194.0-255,4320,55799,34,190506
9403,0.000585,172.31.33.0-255,66,55865,34,190506
9404,0.000615,172.31.33.0-255,66,55931,34,190506
9405,0.000623,172.217.194.0-255,5020,60951,34,190506
9406,0.000625,172.31.33.0-255,66,61017,34,190506
9407,0.001214,172.217.194.0-255,1484,62501,34,190506
9408,0.001224,172.217.194.0-255,2902,65403,34,190506
9409,0.001228,172.31.33.0-255,66,65469,34,190506
9410,0.001235,172.217.194.0-255,5738,71207,34,190506
9411,0.001238,172.31.33.0-255,66,71273,34,190506
9412,0.001241,172.217.194.0-255,1484,72757,34,190506
9413,0.001267,172.31.33.0-255,66,72823,34,190506
9414,0.001273,172.217.194.0-255,5738,78561,34,190506
9415,0.001275,172.31.33.0-255,66,78627,34,190506
9416,0.001296,172.217.194.0-255,5020,83647,34,190506
9417,0.001299,172.31.33.0-255,66,83713,34,190506
9418,0.001317,172.217.194.0-255,4320,88033,34,190506
9419,0.001319,172.31.33.0-255,66,88099,34,190506
9420,0.001349,172.217.194.0-255,7156,95255,34,190506
9421,0.001351,172.31.33.0-255,66,95321,34,190506
9422,0.001361,172.31.33.0-255,66,95387,34,190506
9423,0.001381,172.217.194.0-255,4320,99707,34,190506
9424,0.001383,172.31.33.0-255,66,99773,34,190506
9425,0.001409,172.31.33.0-255,66,99839,34,190506
9426,0.001431,172.217.194.0-255,2902,102741,34,190506
9427,0.001435,172.31.33.0-255,66,102807,34,190506
9428,0.001459,172.217.194.0-255,7156,109963,34,190506
9429,0.001462,172.31.33.0-255,66,110029,34,190506
9430,0.001475,172.31.33.0-255,66,110095,34,190506
9431,0.001479,172.217.194.0-255,2902,112997,34,190506
9432,0.001482,172.31.33.0-255,66,113063,34,190506
9433,0.00152,172.31.33.0-255,66,113129,34,190506
9434,0.001579,172.217.194.0-255,1484,114613,34,190506
9435,0.001585,172.217.194.0-255,2902,117515,34,190506
9436,0.001588,172.31.33.0-255,66,117581,34,190506
9437,0.001602,172.217.194.0-255,1484,119065,34,190506
9438,0.001617,172.217.194.0-255,4320,123385,34,190506
9439,0.001619,172.31.33.0-255,66,123451,34,190506
9440,0.001632,172.31.33.0-255,66,123517,34,190506
9441,0.001674,172.217.194.0-255,4320,127837,34,190506
9442,0.001676,172.31.33.0-255,66,127903,34,190506
9443,0.001696,172.217.194.0-255,5738,133641,34,190506
9444,0.001698,172.31.33.0-255,66,133707,34,190506
9445,0.0017,172.217.194.0-255,766,134473,34,190506
9446,0.001751,172.217.194.0-255,1484,135957,34,190506
9447,0.001753,172.31.33.0-255,66,136023,34,190506
9448,0.001772,172.217.194.0-255,2902,138925,34,190506
9449,0.001774,172.31.33.0-255,66,138991,34,190506
9450,0.00178,172.217.194.0-255,5738,144729,34,190506
9451,0.001782,172.31.33.0-255,66,144795,34,190506
9452,0.001785,172.217.194.0-255,1484,146279,34,190506
9453,0.001815,172.217.194.0-255,5738,152017,34,190506
9454,0.001819,172.31.33.0-255,66,152083,34,190506
9455,0.001824,172.217.194.0-255,5738,157821,34,190506
9456,0.001826,172.31.33.0-255,66,157887,34,190506
9457,0.001849,172.31.33.0-255,66,157953,34,190506
9458,0.001856,172.217.194.0-255,7156,165109,34,190506
9459,0.001858,172.31.33.0-255,66,165175,34,190506
9460,0.001881,172.31.33.0-255,66,165241,34,190506
9461,0.001886,172.217.194.0-255,4320,169561,34,190506
9462,0.001888,172.31.33.0-255,66,169627,34,190506
9463,0.001926,172.31.33.0-255,66,169693,34,190506
9464,0.00193,172.217.194.0-255,2902,172595,34,190506
9465,0.001932,172.31.33.0-255,66,172661,34,190506
9466,0.001948,172.217.194.0-255,4320,176981,34,190506
9467,0.001951,172.31.33.0-255,66,177047,34,190506
9468,0.001971,172.217.194.0-255,5738,182785,34,190506
9469,0.001973,172.31.33.0-255,66,182851,34,190506
9470,0.002032,172.31.33.0-255,66,182917,34,190506
9471,0.002115,172.217.194.0-255,2821,185738,34,190506
9472,0.002118,172.217.194.0-255,105,185843,34,190506
9473,0.011729,172.217.194.0-255,105,185948,34,190506
9474,0.011775,172.31.33.0-255,78,186026,34,190506
9475,0.01429,172.31.33.0-255,105,186131,34,190506
9476,0.01655,172.217.194.0-255,66,186197,34,190506
9477,0.036004,172.31.33.0-255,188,186385,34,190506
9478,0.036034,172.31.33.0-255,957,187342,34,190506
9479,0.036091,172.31.33.0-255,1514,188856,34,190506
9480,0.036093,172.31.33.0-255,1452,190308,34,190506
9481,0.037491,104.244.42.0-255,66,190374,34,190506
9482,0.037515,104.244.42.0-255,66,190440,34,190506
9483,0.037608,104.244.42.0-255,66,190506,34,190506
9484,0.0,74.125.24.0-255,153,153,34,197862
9485,2.4e-05,172.31.33.0-255,66,219,34,197862
9486,3.2e-05,74.125.24.0-255,1484,1703,34,197862
9487,3.6e-05,172.31.33.0-255,66,1769,34,197862
9488,4.3e-05,74.125.24.0-255,2902,4671,34,197862
9489,4.7e-05,172.31.33.0-255,66,4737,34,197862
9490,5.5e-05,74.125.24.0-255,5738,10475,34,197862
9491,5.8e-05,172.31.33.0-255,66,10541,34,197862
9492,6.3e-05,74.125.24.0-255,3473,14014,34,197862
9493,6.7e-05,172.31.33.0-255,66,14080,34,197862
9494,0.000161,74.125.24.0-255,1484,15564,34,197862
9495,0.000165,172.31.33.0-255,66,15630,34,197862
9496,0.00017,74.125.24.0-255,2902,18532,34,197862
9497,0.000172,172.31.33.0-255,66,18598,34,197862
9498,0.000178,74.125.24.0-255,2902,21500,34,197862
9499,0.00018,172.31.33.0-255,66,21566,34,197862
9500,0.000201,74.125.24.0-255,2902,24468,34,197862
9501,0.000203,172.31.33.0-255,66,24534,34,197862
9502,0.000252,74.125.24.0-255,6797,31331,34,197862
9503,0.000256,172.31.33.0-255,66,31397,34,197862
9504,0.000308,74.125.24.0-255,2902,34299,34,197862
9505,0.00031,172.31.33.0-255,66,34365,34,197862
9506,0.000317,74.125.24.0-255,4320,38685,34,197862
9507,0.000319,172.31.33.0-255,66,38751,34,197862
9508,0.00033,172.31.33.0-255,66,38817,34,197862
9509,0.00034,172.31.33.0-255,66,38883,34,197862
9510,0.000357,74.125.24.0-255,3961,42844,34,197862
9511,0.00036,172.31.33.0-255,66,42910,34,197862
9512,0.000374,74.125.24.0-255,2902,45812,34,197862
9513,0.000377,172.31.33.0-255,66,45878,34,197862
9514,0.000389,74.125.24.0-255,2853,48731,34,197862
9515,0.000391,172.31.33.0-255,66,48797,34,197862
9516,0.000395,74.125.24.0-255,108,48905,34,197862
9517,0.000696,74.125.24.0-255,333,49238,34,197862
9518,0.001098,172.31.33.0-255,66,49304,34,197862
9519,0.001172,74.125.24.0-255,1484,50788,34,197862
9520,0.001187,74.125.24.0-255,2902,53690,34,197862
9521,0.001191,172.31.33.0-255,66,53756,34,197862
9522,0.001213,74.125.24.0-255,5738,59494,34,197862
9523,0.001216,172.31.33.0-255,66,59560,34,197862
9524,0.001221,74.125.24.0-255,4320,63880,34,197862
9525,0.001223,172.31.33.0-255,66,63946,34,197862
9526,0.001268,172.31.33.0-255,66,64012,34,197862
9527,0.001288,74.125.24.0-255,7156,71168,34,197862
9528,0.00129,172.31.33.0-255,66,71234,34,197862
9529,0.001296,74.125.24.0-255,3602,74836,34,197862
9530,0.001298,172.31.33.0-255,66,74902,34,197862
9531,0.00175,74.125.24.0-255,1484,76386,34,197862
9532,0.001758,74.125.24.0-255,2902,79288,34,197862
9533,0.001762,172.31.33.0-255,66,79354,34,197862
9534,0.001784,74.125.24.0-255,5738,85092,34,197862
9535,0.001786,172.31.33.0-255,66,85158,34,197862
9536,0.001789,74.125.24.0-255,1484,86642,34,197862
9537,0.001808,74.125.24.0-255,5738,92380,34,197862
9538,0.00181,172.31.33.0-255,66,92446,34,197862
9539,0.001838,74.125.24.0-255,5738,98184,34,197862
9540,0.001841,172.31.33.0-255,66,98250,34,197862
9541,0.001868,172.31.33.0-255,66,98316,34,197862
9542,0.001872,74.125.24.0-255,2184,100500,34,197862
9543,0.001874,172.31.33.0-255,66,100566,34,197862
9544,0.002182,74.125.24.0-255,1484,102050,34,197862
9545,0.002191,74.125.24.0-255,2902,104952,34,197862
9546,0.002196,172.31.33.0-255,66,105018,34,197862
9547,0.002205,74.125.24.0-255,5738,110756,34,197862
9548,0.002207,172.31.33.0-255,66,110822,34,197862
9549,0.00221,74.125.24.0-255,1484,112306,34,197862
9550,0.002246,172.31.33.0-255,66,112372,34,197862
9551,0.002259,172.31.33.0-255,66,112438,34,197862
9552,0.003095,74.125.24.0-255,1484,113922,34,197862
9553,0.0031,74.125.24.0-255,1484,115406,34,197862
9554,0.003103,172.31.33.0-255,66,115472,34,197862
9555,0.003118,74.125.24.0-255,1484,116956,34,197862
9556,0.003125,74.125.24.0-255,5738,122694,34,197862
9557,0.003127,172.31.33.0-255,66,122760,34,197862
9558,0.003153,172.31.33.0-255,66,122826,34,197862
9559,0.003157,74.125.24.0-255,2902,125728,34,197862
9560,0.003158,172.31.33.0-255,66,125794,34,197862
9561,0.00318,74.125.24.0-255,7156,132950,34,197862
9562,0.003183,172.31.33.0-255,66,133016,34,197862
9563,0.003195,74.125.24.0-255,766,133782,34,197862
9564,0.003849,74.125.24.0-255,1484,135266,34,197862
9565,0.003852,172.31.33.0-255,66,135332,34,197862
9566,0.003866,74.125.24.0-255,2902,138234,34,197862
9567,0.003868,172.31.33.0-255,66,138300,34,197862
9568,0.003874,74.125.24.0-255,4320,142620,34,197862
9569,0.003876,172.31.33.0-255,66,142686,34,197862
9570,0.003893,74.125.24.0-255,1484,144170,34,197862
9571,0.003944,172.31.33.0-255,66,144236,34,197862
9572,0.003946,74.125.24.0-255,1484,145720,34,197862
9573,0.003961,74.125.24.0-255,4320,150040,34,197862
9574,0.003963,172.31.33.0-255,66,150106,34,197862
9575,0.003986,74.125.24.0-255,5020,155126,34,197862
9576,0.003988,172.31.33.0-255,66,155192,34,197862
9577,0.004522,74.125.24.0-255,1484,156676,34,197862
9578,0.004534,74.125.24.0-255,2902,159578,34,197862
9579,0.004536,172.31.33.0-255,66,159644,34,197862
9580,0.004539,74.125.24.0-255,1484,161128,34,197862
9581,0.004555,74.125.24.0-255,4320,165448,34,197862
9582,0.004558,172.31.33.0-255,66,165514,34,197862
9583,0.0046,74.125.24.0-255,1484,166998,34,197862
9584,0.004616,74.125.24.0-255,7156,174154,34,197862
9585,0.004635,74.125.24.0-255,6438,180592,34,197862
9586,0.004686,74.125.24.0-255,5738,186330,34,197862
9587,0.004752,74.125.24.0-255,4320,190650,34,197862
9588,0.004786,74.125.24.0-255,5738,196388,34,197862
9589,0.004928,74.125.24.0-255,1132,197520,34,197862
9590,0.004931,74.125.24.0-255,105,197625,34,197862
9591,0.005295,172.31.33.0-255,66,197691,34,197862
9592,0.007568,172.31.33.0-255,105,197796,34,197862
9593,0.009743,74.125.24.0-255,66,197862,34,197862
9594,0.0,172.217.194.0-255,153,153,34,258535
9595,2.6e-05,172.31.33.0-255,66,219,34,258535
9596,3.3e-05,172.217.194.0-255,1484,1703,34,258535
9597,3.8e-05,172.31.33.0-255,66,1769,34,258535
9598,4.4e-05,172.217.194.0-255,2902,4671,34,258535
9599,5.4e-05,172.31.33.0-255,66,4737,34,258535
9600,6.2e-05,172.217.194.0-255,7156,11893,34,258535
9601,6.5e-05,172.31.33.0-255,66,11959,34,258535
9602,7e-05,172.217.194.0-255,2090,14049,34,258535
9603,7.2e-05,172.31.33.0-255,66,14115,34,258535
9604,0.000111,172.217.194.0-255,1484,15599,34,258535
9605,0.000113,172.31.33.0-255,66,15665,34,258535
9606,0.000119,172.217.194.0-255,2902,18567,34,258535
9607,0.000121,172.31.33.0-255,66,18633,34,258535
9608,0.000127,172.217.194.0-255,4320,22953,34,258535
9609,0.000134,172.31.33.0-255,66,23019,34,258535
9610,0.000158,172.217.194.0-255,1484,24503,34,258535
9611,0.000165,172.31.33.0-255,66,24569,34,258535
9612,0.000173,172.217.194.0-255,6797,31366,34,258535
9613,0.000175,172.31.33.0-255,66,31432,34,258535
9614,0.000213,172.31.33.0-255,66,31498,34,258535
9615,0.00024,172.217.194.0-255,4320,35818,34,258535
9616,0.000243,172.31.33.0-255,66,35884,34,258535
9617,0.000247,172.217.194.0-255,2543,38427,34,258535
9618,0.00025,172.31.33.0-255,66,38493,34,258535
9619,0.000687,172.217.194.0-255,1484,39977,34,258535
9620,0.000693,172.31.33.0-255,66,40043,34,258535
9621,0.000699,172.217.194.0-255,2902,42945,34,258535
9622,0.000702,172.31.33.0-255,66,43011,34,258535
9623,0.000707,172.217.194.0-255,4320,47331,34,258535
9624,0.000715,172.31.33.0-255,66,47397,34,258535
9625,0.000749,172.217.194.0-255,1484,48881,34,258535
9626,0.000762,172.217.194.0-255,6797,55678,34,258535
9627,0.000765,172.31.33.0-255,66,55744,34,258535
9628,0.000819,172.217.194.0-255,1484,57228,34,258535
9629,0.000832,172.217.194.0-255,2902,60130,34,258535
9630,0.000835,172.31.33.0-255,66,60196,34,258535
9631,0.000866,172.217.194.0-255,4320,64516,34,258535
9632,0.000869,172.31.33.0-255,66,64582,34,258535
9633,0.000896,172.217.194.0-255,1484,66066,34,258535
9634,0.000912,172.31.33.0-255,66,66132,34,258535
9635,0.000923,172.31.33.0-255,66,66198,34,258535
9636,0.000931,172.217.194.0-255,1125,67323,34,258535
9637,0.001043,172.217.194.0-255,646,67969,34,258535
9638,0.001048,172.31.33.0-255,66,68035,34,258535
9639,0.001166,172.217.194.0-255,1484,69519,34,258535
9640,0.00118,172.217.194.0-255,2902,72421,34,258535
9641,0.001184,172.31.33.0-255,66,72487,34,258535
9642,0.001189,172.217.194.0-255,2902,75389,34,258535
9643,0.001192,172.31.33.0-255,66,75455,34,258535
9644,0.001219,172.217.194.0-255,5738,81193,34,258535
9645,0.001222,172.31.33.0-255,66,81259,34,258535
9646,0.001239,172.217.194.0-255,1484,82743,34,258535
9647,0.001255,172.31.33.0-255,66,82809,34,258535
9648,0.001285,172.217.194.0-255,7156,89965,34,258535
9649,0.001288,172.31.33.0-255,66,90031,34,258535
9650,0.001291,172.217.194.0-255,1484,91515,34,258535
9651,0.001296,172.217.194.0-255,2184,93699,34,258535
9652,0.001298,172.31.33.0-255,66,93765,34,258535
9653,0.001476,172.217.194.0-255,1484,95249,34,258535
9654,0.00148,172.217.194.0-255,1484,96733,34,258535
9655,0.001483,172.31.33.0-255,66,96799,34,258535
9656,0.001511,172.217.194.0-255,1484,98283,34,258535
9657,0.001519,172.217.194.0-255,5738,104021,34,258535
9658,0.001522,172.31.33.0-255,66,104087,34,258535
9659,0.001525,172.217.194.0-255,1484,105571,34,258535
9660,0.001562,172.31.33.0-255,66,105637,34,258535
9661,0.001568,172.217.194.0-255,4320,109957,34,258535
9662,0.001571,172.31.33.0-255,66,110023,34,258535
9663,0.001596,172.217.194.0-255,5020,115043,34,258535
9664,0.001599,172.31.33.0-255,66,115109,34,258535
9665,0.001873,172.217.194.0-255,1484,116593,34,258535
9666,0.001878,172.217.194.0-255,2902,119495,34,258535
9667,0.001881,172.31.33.0-255,66,119561,34,258535
9668,0.001919,172.217.194.0-255,2902,122463,34,258535
9669,0.001921,172.31.33.0-255,66,122529,34,258535
9670,0.001942,172.217.194.0-255,2902,125431,34,258535
9671,0.001944,172.31.33.0-255,66,125497,34,258535
9672,0.001956,172.31.33.0-255,66,125563,34,258535
9673,0.001962,172.217.194.0-255,7156,132719,34,258535
9674,0.001965,172.31.33.0-255,66,132785,34,258535
9675,0.001992,172.217.194.0-255,3602,136387,34,258535
9676,0.001995,172.31.33.0-255,66,136453,34,258535
9677,0.002113,172.217.194.0-255,1484,137937,34,258535
9678,0.002118,172.217.194.0-255,2902,140839,34,258535
9679,0.002121,172.31.33.0-255,66,140905,34,258535
9680,0.002153,172.217.194.0-255,5738,146643,34,258535
9681,0.002155,172.31.33.0-255,66,146709,34,258535
9682,0.002163,172.217.194.0-255,7156,153865,34,258535
9683,0.002165,172.31.33.0-255,66,153931,34,258535
9684,0.002193,172.217.194.0-255,5738,159669,34,258535
9685,0.002195,172.31.33.0-255,66,159735,34,258535
9686,0.002206,172.31.33.0-255,66,159801,34,258535
9687,0.004377,172.217.194.0-255,5738,165539,34,258535
9688,0.004391,172.31.33.0-255,66,165605,34,258535
9689,0.006493,172.217.194.0-255,1484,167089,34,258535
9690,0.006513,172.217.194.0-255,4320,171409,34,258535
9691,0.006516,172.31.33.0-255,66,171475,34,258535
9692,0.008666,172.217.194.0-255,5738,177213,34,258535
9693,0.008674,172.31.33.0-255,66,177279,34,258535
9694,0.010836,172.217.194.0-255,5738,183017,34,258535
9695,0.010849,172.31.33.0-255,66,183083,34,258535
9696,0.012987,172.217.194.0-255,5738,188821,34,258535
9697,0.013002,172.31.33.0-255,66,188887,34,258535
9698,0.015181,172.217.194.0-255,5738,194625,34,258535
9699,0.015198,172.31.33.0-255,66,194691,34,258535
9700,0.01738,172.217.194.0-255,5738,200429,34,258535
9701,0.017396,172.31.33.0-255,66,200495,34,258535
9702,0.019614,172.217.194.0-255,5738,206233,34,258535
9703,0.019635,172.31.33.0-255,66,206299,34,258535
9704,0.02176,172.217.194.0-255,5738,212037,34,258535
9705,0.021774,172.31.33.0-255,66,212103,34,258535
9706,0.023956,172.217.194.0-255,5738,217841,34,258535
9707,0.023966,172.31.33.0-255,66,217907,34,258535
9708,0.026148,172.217.194.0-255,5738,223645,34,258535
9709,0.026163,172.31.33.0-255,66,223711,34,258535
9710,0.028296,172.217.194.0-255,5738,229449,34,258535
9711,0.028312,172.31.33.0-255,66,229515,34,258535
9712,0.030498,172.217.194.0-255,5738,235253,34,258535
9713,0.030511,172.31.33.0-255,66,235319,34,258535
9714,0.032673,172.217.194.0-255,5738,241057,34,258535
9715,0.032691,172.31.33.0-255,66,241123,34,258535
9716,0.034819,172.217.194.0-255,5738,246861,34,258535
9717,0.034833,172.31.33.0-255,66,246927,34,258535
9718,0.036949,172.217.194.0-255,5738,252665,34,258535
9719,0.036964,172.31.33.0-255,66,252731,34,258535
9720,0.039127,172.217.194.0-255,5738,258469,34,258535
9721,0.039142,172.31.33.0-255,66,258535,34,258535
9722,0.0,74.125.130.0-255,218,218,34,324404
9723,1.7e-05,172.31.33.0-255,66,284,34,324404
9724,2.3e-05,74.125.130.0-255,1484,1768,34,324404
9725,2.7e-05,172.31.33.0-255,66,1834,34,324404
9726,6.9e-05,74.125.130.0-255,2902,4736,34,324404
9727,7.2e-05,172.31.33.0-255,66,4802,34,324404
9728,0.000112,74.125.130.0-255,4320,9122,34,324404
9729,0.000114,172.31.33.0-255,66,9188,34,324404
9730,0.000119,74.125.130.0-255,2902,12090,34,324404
9731,0.000121,172.31.33.0-255,66,12156,34,324404
9732,0.000149,74.125.130.0-255,3370,15526,34,324404
9733,0.000151,172.31.33.0-255,66,15592,34,324404
9734,0.00018,172.31.33.0-255,66,15658,34,324404
9735,0.000185,74.125.130.0-255,4320,19978,34,324404
9736,0.000187,172.31.33.0-255,66,20044,34,324404
9737,0.000226,74.125.130.0-255,2543,22587,34,324404
9738,0.000229,172.31.33.0-255,66,22653,34,324404
9739,0.000304,74.125.130.0-255,1484,24137,34,324404
9740,0.000307,172.31.33.0-255,66,24203,34,324404
9741,0.000326,74.125.130.0-255,2902,27105,34,324404
9742,0.000329,172.31.33.0-255,66,27171,34,324404
9743,0.000332,74.125.130.0-255,1484,28655,34,324404
9744,0.000333,172.31.33.0-255,66,28721,34,324404
9745,0.000349,74.125.130.0-255,2902,31623,34,324404
9746,0.000351,172.31.33.0-255,66,31689,34,324404
9747,0.000367,74.125.130.0-255,4320,36009,34,324404
9748,0.000369,172.31.33.0-255,66,36075,34,324404
9749,0.000391,74.125.130.0-255,5379,41454,34,324404
9750,0.000393,172.31.33.0-255,66,41520,34,324404
9751,0.000414,74.125.130.0-255,7156,48676,34,324404
9752,0.000416,172.31.33.0-255,66,48742,34,324404
9753,0.000437,74.125.130.0-255,2902,51644,34,324404
9754,0.000439,172.31.33.0-255,66,51710,34,324404
9755,0.000445,74.125.130.0-255,5379,57089,34,324404
9756,0.000447,172.31.33.0-255,66,57155,34,324404
9757,0.00046,74.125.130.0-255,343,57498,34,324404
9758,0.000474,74.125.130.0-255,404,57902,34,324404
9759,0.000895,74.125.130.0-255,1484,59386,34,324404
9760,0.000899,172.31.33.0-255,66,59452,34,324404
9761,0.000917,74.125.130.0-255,1484,60936,34,324404
9762,0.00093,74.125.130.0-255,1484,62420,34,324404
9763,0.000932,172.31.33.0-255,66,62486,34,324404
9764,0.000937,74.125.130.0-255,4320,66806,34,324404
9765,0.000939,172.31.33.0-255,66,66872,34,324404
9766,0.000965,74.125.130.0-255,1484,68356,34,324404
9767,0.000977,74.125.130.0-255,4320,72676,34,324404
9768,0.00098,172.31.33.0-255,66,72742,34,324404
9769,0.000986,74.125.130.0-255,5738,78480,34,324404
9770,0.000988,172.31.33.0-255,66,78546,34,324404
9771,0.001004,74.125.130.0-255,5738,84284,34,324404
9772,0.001005,172.31.33.0-255,66,84350,34,324404
9773,0.00101,74.125.130.0-255,4320,88670,34,324404
9774,0.001012,172.31.33.0-255,66,88736,34,324404
9775,0.001049,74.125.130.0-255,3602,92338,34,324404
9776,0.001052,172.31.33.0-255,66,92404,34,324404
9777,0.001145,74.125.130.0-255,1484,93888,34,324404
9778,0.001183,74.125.130.0-255,2902,96790,34,324404
9779,0.001186,172.31.33.0-255,66,96856,34,324404
9780,0.001193,74.125.130.0-255,5738,102594,34,324404
9781,0.001194,172.31.33.0-255,66,102660,34,324404
9782,0.0012,74.125.130.0-255,5738,108398,34,324404
9783,0.001202,172.31.33.0-255,66,108464,34,324404
9784,0.001223,74.125.130.0-255,2902,111366,34,324404
9785,0.001225,172.31.33.0-255,66,111432,34,324404
9786,0.001252,172.31.33.0-255,66,111498,34,324404
9787,0.001256,74.125.130.0-255,4320,115818,34,324404
9788,0.001258,172.31.33.0-255,66,115884,34,324404
9789,0.001278,74.125.130.0-255,766,116650,34,324404
9790,0.001637,172.31.33.0-255,66,116716,34,324404
9791,0.003782,74.125.130.0-255,1484,118200,34,324404
9792,0.003813,74.125.130.0-255,1484,119684,34,324404
9793,0.003819,172.31.33.0-255,66,119750,34,324404
9794,0.003904,74.125.130.0-255,1484,121234,34,324404
9795,0.00392,74.125.130.0-255,2902,124136,34,324404
9796,0.003923,172.31.33.0-255,66,124202,34,324404
9797,0.003943,74.125.130.0-255,5738,129940,34,324404
9798,0.003946,172.31.33.0-255,66,130006,34,324404
9799,0.003952,74.125.130.0-255,4320,134326,34,324404
9800,0.003954,172.31.33.0-255,66,134392,34,324404
9801,0.003957,74.125.130.0-255,1484,135876,34,324404
9802,0.003978,74.125.130.0-255,4320,140196,34,324404
9803,0.00398,172.31.33.0-255,66,140262,34,324404
9804,0.004041,172.31.33.0-255,66,140328,34,324404
9805,0.004125,74.125.130.0-255,1484,141812,34,324404
9806,0.004145,74.125.130.0-255,2902,144714,34,324404
9807,0.004148,172.31.33.0-255,66,144780,34,324404
9808,0.004154,74.125.130.0-255,4320,149100,34,324404
9809,0.004155,172.31.33.0-255,66,149166,34,324404
9810,0.004171,74.125.130.0-255,5738,154904,34,324404
9811,0.004173,172.31.33.0-255,66,154970,34,324404
9812,0.004191,74.125.130.0-255,2902,157872,34,324404
9813,0.004193,172.31.33.0-255,66,157938,34,324404
9814,0.004209,74.125.130.0-255,2902,160840,34,324404
9815,0.004211,172.31.33.0-255,66,160906,34,324404
9816,0.004214,74.125.130.0-255,2902,163808,34,324404
9817,0.004216,172.31.33.0-255,66,163874,34,324404
9818,0.004258,172.31.33.0-255,66,163940,34,324404
9819,0.004261,74.125.130.0-255,766,164706,34,324404
9820,0.004323,172.31.33.0-255,66,164772,34,324404
9821,0.004364,172.31.33.0-255,66,164838,34,324404
9822,0.004368,74.125.130.0-255,2902,167740,34,324404
9823,0.004369,172.31.33.0-255,66,167806,34,324404
9824,0.004427,74.125.130.0-255,1484,169290,34,324404
9825,0.004445,74.125.130.0-255,2902,172192,34,324404
9826,0.004448,172.31.33.0-255,66,172258,34,324404
9827,0.004465,74.125.130.0-255,1484,173742,34,324404
9828,0.004474,74.125.130.0-255,1484,175226,34,324404
9829,0.004476,172.31.33.0-255,66,175292,34,324404
9830,0.004493,74.125.130.0-255,1484,176776,34,324404
9831,0.004509,74.125.130.0-255,3602,180378,34,324404
9832,0.004512,172.31.33.0-255,66,180444,34,324404
9833,0.004543,74.125.130.0-255,4320,184764,34,324404
9834,0.004546,172.31.33.0-255,66,184830,34,324404
9835,0.004564,74.125.130.0-255,2902,187732,34,324404
9836,0.004566,172.31.33.0-255,66,187798,34,324404
9837,0.004569,74.125.130.0-255,1484,189282,34,324404
9838,0.004588,74.125.130.0-255,2902,192184,34,324404
9839,0.00459,172.31.33.0-255,66,192250,34,324404
9840,0.004626,172.31.33.0-255,66,192316,34,324404
9841,0.004668,172.31.33.0-255,66,192382,34,324404
9842,0.00467,74.125.130.0-255,1484,193866,34,324404
9843,0.004729,74.125.130.0-255,3602,197468,34,324404
9844,0.004733,172.31.33.0-255,66,197534,34,324404
9845,0.004753,74.125.130.0-255,4320,201854,34,324404
9846,0.004755,172.31.33.0-255,66,201920,34,324404
9847,0.004761,74.125.130.0-255,5738,207658,34,324404
9848,0.004764,172.31.33.0-255,66,207724,34,324404
9849,0.004777,74.125.130.0-255,4320,212044,34,324404
9850,0.004779,172.31.33.0-255,66,212110,34,324404
9851,0.004782,74.125.130.0-255,1484,213594,34,324404
9852,0.004786,74.125.130.0-255,2902,216496,34,324404
9853,0.004788,172.31.33.0-255,66,216562,34,324404
9854,0.004837,74.125.130.0-255,5738,222300,34,324404
9855,0.004844,74.125.130.0-255,7156,229456,34,324404
9856,0.004867,74.125.130.0-255,5738,235194,34,324404
9857,0.00488,74.125.130.0-255,2184,237378,34,324404
9858,0.004883,74.125.130.0-255,2902,240280,34,324404
9859,0.004888,74.125.130.0-255,4320,244600,34,324404
9860,0.004912,74.125.130.0-255,5738,250338,34,324404
9861,0.004933,74.125.130.0-255,2902,253240,34,324404
9862,0.004939,74.125.130.0-255,5738,258978,34,324404
9863,0.004966,74.125.130.0-255,6438,265416,34,324404
9864,0.004969,74.125.130.0-255,1484,266900,34,324404
9865,0.004981,74.125.130.0-255,2902,269802,34,324404
9866,0.005002,74.125.130.0-255,1484,271286,34,324404
9867,0.005016,74.125.130.0-255,4320,275606,34,324404
9868,0.005028,74.125.130.0-255,2902,278508,34,324404
9869,0.005046,74.125.130.0-255,5738,284246,34,324404
9870,0.005052,74.125.130.0-255,4320,288566,34,324404
9871,0.00507,74.125.130.0-255,5738,294304,34,324404
9872,0.005088,74.125.130.0-255,3602,297906,34,324404
9873,0.005094,74.125.130.0-255,4320,302226,34,324404
9874,0.005122,74.125.130.0-255,4320,306546,34,324404
9875,0.005136,74.125.130.0-255,5738,312284,34,324404
9876,0.00514,74.125.130.0-255,2902,315186,34,324404
9877,0.00519,74.125.130.0-255,2902,318088,34,324404
9878,0.005211,74.125.130.0-255,5974,324062,34,324404
9879,0.005214,74.125.130.0-255,105,324167,34,324404
9880,0.009621,172.31.33.0-255,66,324233,34,324404
9881,0.011494,172.31.33.0-255,105,324338,34,324404
9882,0.014026,74.125.130.0-255,66,324404,34,324404
9883,0.0,172.217.194.0-255,146,146,34,223087
9884,3.1e-05,172.31.33.0-255,66,212,34,223087
9885,3.7e-05,172.217.194.0-255,1484,1696,34,223087
9886,4.1e-05,172.31.33.0-255,66,1762,34,223087
9887,4.6e-05,172.217.194.0-255,2902,4664,34,223087
9888,4.9e-05,172.31.33.0-255,66,4730,34,223087
9889,5.6e-05,172.217.194.0-255,5738,10468,34,223087
9890,5.9e-05,172.31.33.0-255,66,10534,34,223087
9891,0.000101,172.217.194.0-255,3496,14030,34,223087
9892,0.000105,172.31.33.0-255,66,14096,34,223087
9893,0.00011,172.217.194.0-255,2902,16998,34,223087
9894,0.000112,172.31.33.0-255,66,17064,34,223087
9895,0.000141,172.217.194.0-255,1484,18548,34,223087
9896,0.000144,172.31.33.0-255,66,18614,34,223087
9897,0.000156,172.31.33.0-255,66,18680,34,223087
9898,0.00016,172.217.194.0-255,2543,21223,34,223087
9899,0.000164,172.31.33.0-255,66,21289,34,223087
9900,0.000195,172.217.194.0-255,1484,22773,34,223087
9901,0.000198,172.31.33.0-255,66,22839,34,223087
9902,0.000203,172.217.194.0-255,1484,24323,34,223087
9903,0.000206,172.31.33.0-255,66,24389,34,223087
9904,0.000221,172.217.194.0-255,1484,25873,34,223087
9905,0.000224,172.31.33.0-255,66,25939,34,223087
9906,0.000231,172.217.194.0-255,5738,31677,34,223087
9907,0.000234,172.31.33.0-255,66,31743,34,223087
9908,0.000269,172.31.33.0-255,66,31809,34,223087
9909,0.000273,172.217.194.0-255,1484,33293,34,223087
9910,0.000275,172.31.33.0-255,66,33359,34,223087
9911,0.000316,172.31.33.0-255,66,33425,34,223087
9912,0.000665,172.217.194.0-255,1484,34909,34,223087
9913,0.000673,172.217.194.0-255,2902,37811,34,223087
9914,0.000678,172.31.33.0-255,66,37877,34,223087
9915,0.000698,172.217.194.0-255,1484,39361,34,223087
9916,0.00071,172.217.194.0-255,2902,42263,34,223087
9917,0.000713,172.31.33.0-255,66,42329,34,223087
9918,0.000733,172.217.194.0-255,1484,43813,34,223087
9919,0.00074,172.217.194.0-255,7156,50969,34,223087
9920,0.000743,172.31.33.0-255,66,51035,34,223087
9921,0.000756,172.217.194.0-255,2902,53937,34,223087
9922,0.000759,172.31.33.0-255,66,54003,34,223087
9923,0.000772,172.31.33.0-255,66,54069,34,223087
9924,0.000791,172.217.194.0-255,2184,56253,34,223087
9925,0.000793,172.31.33.0-255,66,56319,34,223087
9926,0.00093,172.217.194.0-255,1484,57803,34,223087
9927,0.000936,172.217.194.0-255,2902,60705,34,223087
9928,0.000941,172.31.33.0-255,66,60771,34,223087
9929,0.000959,172.217.194.0-255,5738,66509,34,223087
9930,0.000962,172.31.33.0-255,66,66575,34,223087
9931,0.000985,172.31.33.0-255,66,66641,34,223087
9932,0.00101,172.217.194.0-255,4320,70961,34,223087
9933,0.001013,172.31.33.0-255,66,71027,34,223087
9934,0.001016,172.217.194.0-255,1484,72511,34,223087
9935,0.001042,172.31.33.0-255,66,72577,34,223087
9936,0.001644,172.217.194.0-255,1484,74061,34,223087
9937,0.001662,172.217.194.0-255,2902,76963,34,223087
9938,0.001666,172.31.33.0-255,66,77029,34,223087
9939,0.001677,172.217.194.0-255,1484,78513,34,223087
9940,0.001693,172.217.194.0-255,4320,82833,34,223087
9941,0.001696,172.31.33.0-255,66,82899,34,223087
9942,0.001719,172.217.194.0-255,7156,90055,34,223087
9943,0.001722,172.31.33.0-255,66,90121,34,223087
9944,0.001775,172.31.33.0-255,66,90187,34,223087
9945,0.001779,172.217.194.0-255,2184,92371,34,223087
9946,0.00178,172.31.33.0-255,66,92437,34,223087
9947,0.002132,172.217.194.0-255,1484,93921,34,223087
9948,0.002149,172.217.194.0-255,2902,96823,34,223087
9949,0.002152,172.31.33.0-255,66,96889,34,223087
9950,0.002156,172.217.194.0-255,2902,99791,34,223087
9951,0.002157,172.31.33.0-255,66,99857,34,223087
9952,0.002169,172.217.194.0-255,1484,101341,34,223087
9953,0.002179,172.217.194.0-255,1484,102825,34,223087
9954,0.002182,172.31.33.0-255,66,102891,34,223087
9955,0.002206,172.217.194.0-255,7156,110047,34,223087
9956,0.002209,172.31.33.0-255,66,110113,34,223087
9957,0.002214,172.217.194.0-255,5738,115851,34,223087
9958,0.002216,172.31.33.0-255,66,115917,34,223087
9959,0.002231,172.217.194.0-255,4320,120237,34,223087
9960,0.002234,172.31.33.0-255,66,120303,34,223087
9961,0.002269,172.217.194.0-255,7156,127459,34,223087
9962,0.002272,172.31.33.0-255,66,127525,34,223087
9963,0.002298,172.31.33.0-255,66,127591,34,223087
9964,0.002307,172.31.33.0-255,66,127657,34,223087
9965,0.002337,172.31.33.0-255,66,127723,34,223087
9966,0.002343,172.217.194.0-255,6438,134161,34,223087
9967,0.002345,172.31.33.0-255,66,134227,34,223087
9968,0.002376,172.31.33.0-255,66,134293,34,223087
9969,0.002379,172.217.194.0-255,1484,135777,34,223087
9970,0.002395,172.217.194.0-255,2902,138679,34,223087
9971,0.002397,172.31.33.0-255,66,138745,34,223087
9972,0.002429,172.31.33.0-255,66,138811,34,223087
9973,0.002435,172.217.194.0-255,5738,144549,34,223087
9974,0.002437,172.31.33.0-255,66,144615,34,223087
9975,0.00244,172.217.194.0-255,1484,146099,34,223087
9976,0.002445,172.217.194.0-255,5020,151119,34,223087
9977,0.002447,172.31.33.0-255,66,151185,34,223087
9978,0.002503,172.217.194.0-255,1484,152669,34,223087
9979,0.002522,172.217.194.0-255,2902,155571,34,223087
9980,0.002525,172.31.33.0-255,66,155637,34,223087
9981,0.002529,172.217.194.0-255,1484,157121,34,223087
9982,0.002552,172.217.194.0-255,2902,160023,34,223087
9983,0.002554,172.31.33.0-255,66,160089,34,223087
9984,0.002576,172.217.194.0-255,4320,164409,34,223087
9985,0.002578,172.31.33.0-255,66,164475,34,223087
9986,0.002581,172.217.194.0-255,1484,165959,34,223087
9987,0.002601,172.217.194.0-255,7156,173115,34,223087
9988,0.002604,172.31.33.0-255,66,173181,34,223087
9989,0.002609,172.217.194.0-255,4320,177501,34,223087
9990,0.002611,172.31.33.0-255,66,177567,34,223087
9991,0.002613,172.217.194.0-255,1484,179051,34,223087
9992,0.00263,172.217.194.0-255,1484,180535,34,223087
9993,0.002633,172.31.33.0-255,66,180601,34,223087
9994,0.002646,172.217.194.0-255,5738,186339,34,223087
9995,0.002649,172.31.33.0-255,66,186405,34,223087
9996,0.00267,172.217.194.0-255,3602,190007,34,223087
9997,0.002672,172.31.33.0-255,66,190073,34,223087
9998,0.002677,172.217.194.0-255,5738,195811,34,223087
9999,0.002679,172.31.33.0-255,66,195877,34,223087
10000,0.002709,172.217.194.0-255,7156,203033,34,223087
10001,0.002712,172.31.33.0-255,66,203099,34,223087
10002,0.00274,172.31.33.0-255,66,203165,34,223087
10003,0.002745,172.217.194.0-255,6438,209603,34,223087
10004,0.002747,172.31.33.0-255,66,209669,34,223087
10005,0.002816,172.31.33.0-255,66,209735,34,223087
10006,0.002841,172.217.194.0-255,4320,214055,34,223087
10007,0.002844,172.31.33.0-255,66,214121,34,223087
10008,0.002874,172.217.194.0-255,1484,215605,34,223087
10009,0.002876,172.31.33.0-255,66,215671,34,223087
10010,0.002904,172.31.33.0-255,66,215737,34,223087
10011,0.002921,172.217.194.0-255,5738,221475,34,223087
10012,0.002924,172.31.33.0-255,66,221541,34,223087
10013,0.002945,172.217.194.0-255,1204,222745,34,223087
10014,0.002948,172.217.194.0-255,105,222850,34,223087
10015,0.003693,172.31.33.0-255,66,222916,34,223087
10016,0.003716,172.31.33.0-255,105,223021,34,223087
10017,0.005944,172.217.194.0-255,66,223087,34,223087
10018,0.0,172.31.33.0-255,66,66,34,66
10019,0.0,172.31.33.0-255,66,66,34,66
10020,0.0,172.217.194.0-255,153,153,34,197628
10021,2.9e-05,172.31.33.0-255,66,219,34,197628
10022,0.000324,172.217.194.0-255,1484,1703,34,197628
10023,0.000332,172.31.33.0-255,66,1769,34,197628
10024,0.000384,172.217.194.0-255,2902,4671,34,197628
10025,0.000388,172.31.33.0-255,66,4737,34,197628
10026,0.000395,172.217.194.0-255,7156,11893,34,197628
10027,0.000399,172.31.33.0-255,66,11959,34,197628
10028,0.000417,172.31.33.0-255,66,12025,34,197628
10029,0.000432,172.31.33.0-255,66,12091,34,197628
10030,0.000477,172.31.33.0-255,66,12157,34,197628
10031,0.000481,172.217.194.0-255,2543,14700,34,197628
10032,0.000483,172.31.33.0-255,66,14766,34,197628
10033,0.000485,172.217.194.0-255,380,15146,34,197628
10034,0.000487,172.31.33.0-255,66,15212,34,197628
10035,0.00049,172.217.194.0-255,363,15575,34,197628
10036,0.000492,172.31.33.0-255,66,15641,34,197628
10037,0.000562,172.217.194.0-255,1484,17125,34,197628
10038,0.000565,172.31.33.0-255,66,17191,34,197628
10039,0.00057,172.217.194.0-255,2902,20093,34,197628
10040,0.000572,172.31.33.0-255,66,20159,34,197628
10041,0.000623,172.217.194.0-255,5738,25897,34,197628
10042,0.000626,172.31.33.0-255,66,25963,34,197628
10043,0.000632,172.217.194.0-255,6797,32760,34,197628
10044,0.000634,172.31.33.0-255,66,32826,34,197628
10045,0.000666,172.31.33.0-255,66,32892,34,197628
10046,0.000684,172.217.194.0-255,2902,35794,34,197628
10047,0.000686,172.31.33.0-255,66,35860,34,197628
10048,0.000689,172.217.194.0-255,1484,37344,34,197628
10049,0.000709,172.217.194.0-255,1125,38469,34,197628
10050,0.000711,172.31.33.0-255,66,38535,34,197628
10051,0.000767,172.217.194.0-255,1484,40019,34,197628
10052,0.00078,172.217.194.0-255,2902,42921,34,197628
10053,0.000783,172.31.33.0-255,66,42987,34,197628
10054,0.000814,172.217.194.0-255,5738,48725,34,197628
10055,0.000816,172.31.33.0-255,66,48791,34,197628
10056,0.000841,172.31.33.0-255,66,48857,34,197628
10057,0.000875,172.31.33.0-255,66,48923,34,197628
10058,0.0009,172.217.194.0-255,2184,51107,34,197628
10059,0.000902,172.31.33.0-255,66,51173,34,197628
10060,0.000907,172.217.194.0-255,4320,55493,34,197628
10061,0.000909,172.31.33.0-255,66,55559,34,197628
10062,0.00094,172.217.194.0-255,7156,62715,34,197628
10063,0.000951,172.31.33.0-255,66,62781,34,197628
10064,0.000957,172.31.33.0-255,66,62847,34,197628
10065,0.000962,172.217.194.0-255,4320,67167,34,197628
10066,0.000964,172.31.33.0-255,66,67233,34,197628
10067,0.000978,172.31.33.0-255,66,67299,34,197628
10068,0.001021,172.217.194.0-255,5738,73037,34,197628
10069,0.001023,172.31.33.0-255,66,73103,34,197628
10070,0.001029,172.217.194.0-255,7156,80259,34,197628
10071,0.001031,172.31.33.0-255,66,80325,34,197628
10072,0.001062,172.31.33.0-255,66,80391,34,197628
10073,0.001073,172.217.194.0-255,1484,81875,34,197628
10074,0.001082,172.217.194.0-255,6438,88313,34,197628
10075,0.001088,172.31.33.0-255,66,88379,34,197628
10076,0.001112,172.217.194.0-255,4320,92699,34,197628
10077,0.001114,172.31.33.0-255,66,92765,34,197628
10078,0.00114,172.31.33.0-255,66,92831,34,197628
10079,0.001174,172.217.194.0-255,5738,98569,34,197628
10080,0.001176,172.31.33.0-255,66,98635,34,197628
10081,0.001187,172.31.33.0-255,66,98701,34,197628
10082,0.001189,172.217.194.0-255,1484,100185,34,197628
10083,0.001213,172.217.194.0-255,2902,103087,34,197628
10084,0.001215,172.31.33.0-255,66,103153,34,197628
10085,0.001221,172.217.194.0-255,5738,108891,34,197628
10086,0.001222,172.31.33.0-255,66,108957,34,197628
10087,0.001247,172.217.194.0-255,7156,116113,34,197628
10088,0.001249,172.31.33.0-255,66,116179,34,197628
10089,0.001324,172.31.33.0-255,66,116245,34,197628
10090,0.001327,172.217.194.0-255,2184,118429,34,197628
10091,0.001329,172.31.33.0-255,66,118495,34,197628
10092,0.001347,172.217.194.0-255,1484,119979,34,197628
10093,0.001354,172.217.194.0-255,2902,122881,34,197628
10094,0.001356,172.31.33.0-255,66,122947,34,197628
10095,0.001382,172.217.194.0-255,5738,128685,34,197628
10096,0.001385,172.31.33.0-255,66,128751,34,197628
10097,0.001391,172.217.194.0-255,5738,134489,34,197628
10098,0.001393,172.31.33.0-255,66,134555,34,197628
10099,0.001416,172.217.194.0-255,1484,136039,34,197628
10100,0.001421,172.217.194.0-255,4320,140359,34,197628
10101,0.001424,172.31.33.0-255,66,140425,34,197628
10102,0.001455,172.31.33.0-255,66,140491,34,197628
10103,0.001458,172.217.194.0-255,2184,142675,34,197628
10104,0.00146,172.31.33.0-255,66,142741,34,197628
10105,0.001498,172.217.194.0-255,1484,144225,34,197628
10106,0.001515,172.217.194.0-255,2902,147127,34,197628
10107,0.001518,172.31.33.0-255,66,147193,34,197628
10108,0.001524,172.217.194.0-255,5738,152931,34,197628
10109,0.001526,172.31.33.0-255,66,152997,34,197628
10110,0.00155,172.217.194.0-255,4320,157317,34,197628
10111,0.001553,172.31.33.0-255,66,157383,34,197628
10112,0.001556,172.217.194.0-255,2902,160285,34,197628
10113,0.001559,172.31.33.0-255,66,160351,34,197628
10114,0.001597,172.31.33.0-255,66,160417,34,197628
10115,0.001606,172.31.33.0-255,66,160483,34,197628
10116,0.001631,172.217.194.0-255,1484,161967,34,197628
10117,0.001651,172.217.194.0-255,7156,169123,34,197628
10118,0.001654,172.31.33.0-255,66,169189,34,197628
10119,0.001659,172.217.194.0-255,5738,174927,34,197628
10120,0.00166,172.31.33.0-255,66,174993,34,197628
10121,0.00168,172.217.194.0-255,4320,179313,34,197628
10122,0.001683,172.31.33.0-255,66,179379,34,197628
10123,0.001702,172.217.194.0-255,7156,186535,34,197628
10124,0.001705,172.31.33.0-255,66,186601,34,197628
10125,0.001728,172.31.33.0-255,66,186667,34,197628
10126,0.001734,172.217.194.0-255,5738,192405,34,197628
10127,0.001736,172.31.33.0-255,66,192471,34,197628
10128,0.001778,172.31.33.0-255,66,192537,34,197628
10129,0.001786,172.31.33.0-255,66,192603,34,197628
10130,0.001788,172.217.194.0-255,390,192993,34,197628
10131,0.001824,172.217.194.0-255,105,193098,34,197628
10132,0.004113,172.31.33.0-255,66,193164,34,197628
10133,0.004148,172.31.33.0-255,105,193269,34,197628
10134,0.006124,172.217.194.0-255,66,193335,34,197628
10135,0.032922,172.31.33.0-255,172,193507,34,197628
10136,0.032979,172.31.33.0-255,1113,194620,34,197628
10137,0.033054,172.31.33.0-255,1514,196134,34,197628
10138,0.033056,172.31.33.0-255,1296,197430,34,197628
10139,0.034468,104.244.42.0-255,66,197496,34,197628
10140,0.034556,104.244.42.0-255,66,197562,34,197628
10141,0.034603,104.244.42.0-255,66,197628,34,197628
10142,0.0,172.217.194.0-255,146,146,34,179840
10143,1.6e-05,172.31.33.0-255,66,212,34,179840
10144,5e-05,172.217.194.0-255,1484,1696,34,179840
10145,5.4e-05,172.31.33.0-255,66,1762,34,179840
10146,6.1e-05,172.217.194.0-255,2902,4664,34,179840
10147,6.5e-05,172.31.33.0-255,66,4730,34,179840
10148,6.8e-05,172.217.194.0-255,1484,6214,34,179840
10149,7e-05,172.31.33.0-255,66,6280,34,179840
10150,0.000103,172.217.194.0-255,2902,9182,34,179840
10151,0.000105,172.31.33.0-255,66,9248,34,179840
10152,0.000127,172.217.194.0-255,4930,14178,34,179840
10153,0.00013,172.31.33.0-255,66,14244,34,179840
10154,0.000139,172.31.33.0-255,66,14310,34,179840
10155,0.000153,172.217.194.0-255,2902,17212,34,179840
10156,0.000155,172.31.33.0-255,66,17278,34,179840
10157,0.000173,172.217.194.0-255,5379,22657,34,179840
10158,0.000176,172.31.33.0-255,66,22723,34,179840
10159,0.000532,172.217.194.0-255,1484,24207,34,179840
10160,0.000537,172.31.33.0-255,66,24273,34,179840
10161,0.000543,172.217.194.0-255,2902,27175,34,179840
10162,0.000545,172.31.33.0-255,66,27241,34,179840
10163,0.000551,172.217.194.0-255,5738,32979,34,179840
10164,0.000553,172.31.33.0-255,66,33045,34,179840
10165,0.000585,172.217.194.0-255,2902,35947,34,179840
10166,0.000588,172.31.33.0-255,66,36013,34,179840
10167,0.000619,172.31.33.0-255,66,36079,34,179840
10168,0.000628,172.31.33.0-255,66,36145,34,179840
10169,0.000631,172.217.194.0-255,365,36510,34,179840
10170,0.000633,172.31.33.0-255,66,36576,34,179840
10171,0.000712,172.217.194.0-255,1484,38060,34,179840
10172,0.000718,172.217.194.0-255,2902,40962,34,179840
10173,0.00072,172.31.33.0-255,66,41028,34,179840
10174,0.000741,172.217.194.0-255,5738,46766,34,179840
10175,0.000743,172.31.33.0-255,66,46832,34,179840
10176,0.000747,172.217.194.0-255,1484,48316,34,179840
10177,0.000771,172.217.194.0-255,5379,53695,34,179840
10178,0.000773,172.31.33.0-255,66,53761,34,179840
10179,0.000777,172.217.194.0-255,1484,55245,34,179840
10180,0.000813,172.31.33.0-255,66,55311,34,179840
10181,0.000816,172.217.194.0-255,2543,57854,34,179840
10182,0.000818,172.31.33.0-255,66,57920,34,179840
10183,0.001082,172.217.194.0-255,1484,59404,34,179840
10184,0.001087,172.217.194.0-255,2902,62306,34,179840
10185,0.00109,172.31.33.0-255,66,62372,34,179840
10186,0.001102,172.217.194.0-255,1484,63856,34,179840
10187,0.001119,172.217.194.0-255,4320,68176,34,179840
10188,0.001121,172.31.33.0-255,66,68242,34,179840
10189,0.001124,172.217.194.0-255,1484,69726,34,179840
10190,0.001147,172.31.33.0-255,66,69792,34,179840
10191,0.001183,172.31.33.0-255,66,69858,34,179840
10192,0.001206,172.217.194.0-255,1484,71342,34,179840
10193,0.001242,172.217.194.0-255,2902,74244,34,179840
10194,0.001245,172.31.33.0-255,66,74310,34,179840
10195,0.001251,172.217.194.0-255,5738,80048,34,179840
10196,0.001253,172.31.33.0-255,66,80114,34,179840
10197,0.001269,172.217.194.0-255,7156,87270,34,179840
10198,0.001271,172.31.33.0-255,66,87336,34,179840
10199,0.001297,172.217.194.0-255,5738,93074,34,179840
10200,0.0013,172.31.33.0-255,66,93140,34,179840
10201,0.001316,172.217.194.0-255,4320,97460,34,179840
10202,0.001319,172.31.33.0-255,66,97526,34,179840
10203,0.001343,172.217.194.0-255,6438,103964,34,179840
10204,0.001346,172.31.33.0-255,66,104030,34,179840
10205,0.001487,172.217.194.0-255,1484,105514,34,179840
10206,0.001504,172.217.194.0-255,2902,108416,34,179840
10207,0.001507,172.31.33.0-255,66,108482,34,179840
10208,0.001538,172.217.194.0-255,1484,109966,34,179840
10209,0.001551,172.217.194.0-255,4320,114286,34,179840
10210,0.001553,172.31.33.0-255,66,114352,34,179840
10211,0.00156,172.217.194.0-255,7156,121508,34,179840
10212,0.001562,172.31.33.0-255,66,121574,34,179840
10213,0.001566,172.217.194.0-255,4320,125894,34,179840
10214,0.001568,172.31.33.0-255,66,125960,34,179840
10215,0.001605,172.31.33.0-255,66,126026,34,179840
10216,0.001609,172.217.194.0-255,2184,128210,34,179840
10217,0.001611,172.31.33.0-255,66,128276,34,179840
10218,0.001699,172.217.194.0-255,1484,129760,34,179840
10219,0.001723,172.217.194.0-255,2902,132662,34,179840
10220,0.001726,172.31.33.0-255,66,132728,34,179840
10221,0.001729,172.217.194.0-255,1484,134212,34,179840
10222,0.001746,172.217.194.0-255,4320,138532,34,179840
10223,0.001749,172.31.33.0-255,66,138598,34,179840
10224,0.001752,172.217.194.0-255,2902,141500,34,179840
10225,0.001754,172.31.33.0-255,66,141566,34,179840
10226,0.001785,172.31.33.0-255,66,141632,34,179840
10227,0.001792,172.217.194.0-255,2902,144534,34,179840
10228,0.001794,172.31.33.0-255,66,144600,34,179840
10229,0.001817,172.31.33.0-255,66,144666,34,179840
10230,0.001852,172.217.194.0-255,1484,146150,34,179840
10231,0.001864,172.217.194.0-255,2902,149052,34,179840
10232,0.001866,172.31.33.0-255,66,149118,34,179840
10233,0.001873,172.217.194.0-255,5738,154856,34,179840
10234,0.001875,172.31.33.0-255,66,154922,34,179840
10235,0.001877,172.217.194.0-255,1484,156406,34,179840
10236,0.001902,172.217.194.0-255,7156,163562,34,179840
10237,0.001904,172.31.33.0-255,66,163628,34,179840
10238,0.001917,172.217.194.0-255,1484,165112,34,179840
10239,0.001934,172.217.194.0-255,5738,170850,34,179840
10240,0.001937,172.31.33.0-255,66,170916,34,179840
10241,0.001967,172.31.33.0-255,66,170982,34,179840
10242,0.001978,172.31.33.0-255,66,171048,34,179840
10243,0.002003,172.31.33.0-255,66,171114,34,179840
10244,0.002013,172.31.33.0-255,66,171180,34,179840
10245,0.002035,172.217.194.0-255,1484,172664,34,179840
10246,0.002068,172.31.33.0-255,66,172730,34,179840
10247,0.002115,172.217.194.0-255,766,173496,34,179840
10248,0.002118,172.31.33.0-255,66,173562,34,179840
10249,0.002136,172.217.194.0-255,4320,177882,34,179840
10250,0.002146,172.31.33.0-255,66,177948,34,179840
10251,0.002226,172.31.33.0-255,66,178014,34,179840
10252,0.002235,172.217.194.0-255,1484,179498,34,179840
10253,0.002257,172.217.194.0-255,105,179603,34,179840
10254,0.002274,172.31.33.0-255,66,179669,34,179840
10255,0.012635,172.31.33.0-255,105,179774,34,179840
10256,0.014957,172.217.194.0-255,66,179840,34,179840
10257,0.0,74.125.24.0-255,153,153,34,182722
10258,1.9e-05,172.31.33.0-255,66,219,34,182722
10259,2.6e-05,74.125.24.0-255,1484,1703,34,182722
10260,3e-05,172.31.33.0-255,66,1769,34,182722
10261,3.6e-05,74.125.24.0-255,2902,4671,34,182722
10262,4.7e-05,172.31.33.0-255,66,4737,34,182722
10263,5.3e-05,74.125.24.0-255,7156,11893,34,182722
10264,5.6e-05,172.31.33.0-255,66,11959,34,182722
10265,7.8e-05,74.125.24.0-255,2031,13990,34,182722
10266,8.1e-05,172.31.33.0-255,66,14056,34,182722
10267,0.000432,74.125.24.0-255,1484,15540,34,182722
10268,0.000438,172.31.33.0-255,66,15606,34,182722
10269,0.000442,74.125.24.0-255,1484,17090,34,182722
10270,0.000443,172.31.33.0-255,66,17156,34,182722
10271,0.000476,74.125.24.0-255,1484,18640,34,182722
10272,0.000479,172.31.33.0-255,66,18706,34,182722
10273,0.000485,74.125.24.0-255,5738,24444,34,182722
10274,0.000487,172.31.33.0-255,66,24510,34,182722
10275,0.000498,74.125.24.0-255,5738,30248,34,182722
10276,0.0005,172.31.33.0-255,66,30314,34,182722
10277,0.000541,172.31.33.0-255,66,30380,34,182722
10278,0.000551,172.31.33.0-255,66,30446,34,182722
10279,0.000582,74.125.24.0-255,4320,34766,34,182722
10280,0.000585,172.31.33.0-255,66,34832,34,182722
10281,0.000589,74.125.24.0-255,2184,37016,34,182722
10282,0.000591,172.31.33.0-255,66,37082,34,182722
10283,0.001063,74.125.24.0-255,645,37727,34,182722
10284,0.001068,172.31.33.0-255,66,37793,34,182722
10285,0.001273,74.125.24.0-255,1484,39277,34,182722
10286,0.001276,172.31.33.0-255,66,39343,34,182722
10287,0.001282,74.125.24.0-255,2902,42245,34,182722
10288,0.001284,172.31.33.0-255,66,42311,34,182722
10289,0.001289,74.125.24.0-255,4320,46631,34,182722
10290,0.001294,172.31.33.0-255,66,46697,34,182722
10291,0.001311,74.125.24.0-255,1484,48181,34,182722
10292,0.001319,74.125.24.0-255,4320,52501,34,182722
10293,0.001321,172.31.33.0-255,66,52567,34,182722
10294,0.001351,172.31.33.0-255,66,52633,34,182722
10295,0.001355,74.125.24.0-255,2902,55535,34,182722
10296,0.001356,172.31.33.0-255,66,55601,34,182722
10297,0.001384,74.125.24.0-255,4320,59921,34,182722
10298,0.001386,172.31.33.0-255,66,59987,34,182722
10299,0.001408,74.125.24.0-255,3602,63589,34,182722
10300,0.001411,172.31.33.0-255,66,63655,34,182722
10301,0.001982,74.125.24.0-255,1484,65139,34,182722
10302,0.001992,74.125.24.0-255,2902,68041,34,182722
10303,0.001995,172.31.33.0-255,66,68107,34,182722
10304,0.002021,74.125.24.0-255,5738,73845,34,182722
10305,0.002024,172.31.33.0-255,66,73911,34,182722
10306,0.002059,74.125.24.0-255,7156,81067,34,182722
10307,0.002061,172.31.33.0-255,66,81133,34,182722
10308,0.002081,74.125.24.0-255,5738,86871,34,182722
10309,0.002083,172.31.33.0-255,66,86937,34,182722
10310,0.002091,172.31.33.0-255,66,87003,34,182722
10311,0.002115,74.125.24.0-255,2184,89187,34,182722
10312,0.002117,172.31.33.0-255,66,89253,34,182722
10313,0.002195,74.125.24.0-255,1484,90737,34,182722
10314,0.002226,74.125.24.0-255,2902,93639,34,182722
10315,0.002229,172.31.33.0-255,66,93705,34,182722
10316,0.002235,74.125.24.0-255,5738,99443,34,182722
10317,0.002237,172.31.33.0-255,66,99509,34,182722
10318,0.002274,172.31.33.0-255,66,99575,34,182722
10319,0.002279,74.125.24.0-255,4320,103895,34,182722
10320,0.002281,172.31.33.0-255,66,103961,34,182722
10321,0.002308,74.125.24.0-255,1484,105445,34,182722
10322,0.002311,74.125.24.0-255,1484,106929,34,182722
10323,0.002313,172.31.33.0-255,66,106995,34,182722
10324,0.00232,74.125.24.0-255,6438,113433,34,182722
10325,0.002322,172.31.33.0-255,66,113499,34,182722
10326,0.002329,74.125.24.0-255,1484,114983,34,182722
10327,0.002358,74.125.24.0-255,5738,120721,34,182722
10328,0.002361,172.31.33.0-255,66,120787,34,182722
10329,0.002388,172.31.33.0-255,66,120853,34,182722
10330,0.0024,172.31.33.0-255,66,120919,34,182722
10331,0.002428,74.125.24.0-255,3602,124521,34,182722
10332,0.00243,172.31.33.0-255,66,124587,34,182722
10333,0.002536,74.125.24.0-255,1484,126071,34,182722
10334,0.002541,74.125.24.0-255,2902,128973,34,182722
10335,0.002544,172.31.33.0-255,66,129039,34,182722
10336,0.00255,74.125.24.0-255,5738,134777,34,182722
10337,0.002552,172.31.33.0-255,66,134843,34,182722
10338,0.002582,74.125.24.0-255,7156,141999,34,182722
10339,0.002584,172.31.33.0-255,66,142065,34,182722
10340,0.002594,74.125.24.0-255,1484,143549,34,182722
10341,0.002627,172.31.33.0-255,66,143615,34,182722
10342,0.002631,74.125.24.0-255,2184,145799,34,182722
10343,0.002633,172.31.33.0-255,66,145865,34,182722
10344,0.00286,74.125.24.0-255,1484,147349,34,182722
10345,0.002864,74.125.24.0-255,1484,148833,34,182722
10346,0.002866,172.31.33.0-255,66,148899,34,182722
10347,0.00289,74.125.24.0-255,1484,150383,34,182722
10348,0.002896,74.125.24.0-255,5738,156121,34,182722
10349,0.002898,172.31.33.0-255,66,156187,34,182722
10350,0.002924,172.31.33.0-255,66,156253,34,182722
10351,0.002946,74.125.24.0-255,2902,159155,34,182722
10352,0.002949,172.31.33.0-255,66,159221,34,182722
10353,0.002963,172.31.33.0-255,66,159287,34,182722
10354,0.002976,74.125.24.0-255,4320,163607,34,182722
10355,0.002982,172.31.33.0-255,66,163673,34,182722
10356,0.003006,172.31.33.0-255,66,163739,34,182722
10357,0.003044,172.31.33.0-255,66,163805,34,182722
10358,0.003052,172.31.33.0-255,66,163871,34,182722
10359,0.003075,172.31.33.0-255,66,163937,34,182722
10360,0.003114,74.125.24.0-255,7156,171093,34,182722
10361,0.003116,172.31.33.0-255,66,171159,34,182722
10362,0.003144,74.125.24.0-255,3602,174761,34,182722
10363,0.003147,172.31.33.0-255,66,174827,34,182722
10364,0.003164,172.31.33.0-255,66,174893,34,182722
10365,0.003181,172.31.33.0-255,66,174959,34,182722
10366,0.003184,74.125.24.0-255,2902,177861,34,182722
10367,0.003186,172.31.33.0-255,66,177927,34,182722
10368,0.003239,172.31.33.0-255,66,177993,34,182722
10369,0.003243,74.125.24.0-255,1484,179477,34,182722
10370,0.003246,74.125.24.0-255,2837,182314,34,182722
10371,0.003248,172.31.33.0-255,66,182380,34,182722
10372,0.00325,74.125.24.0-255,105,182485,34,182722
10373,0.005488,172.31.33.0-255,66,182551,34,182722
10374,0.005555,172.31.33.0-255,105,182656,34,182722
10375,0.007777,74.125.24.0-255,66,182722,34,182722
10376,0.0,172.31.33.0-255,105,105,34,342
10377,0.002037,74.125.24.0-255,66,171,34,342
10378,0.00207,74.125.24.0-255,105,276,34,342
10379,0.002074,172.31.33.0-255,66,342,34,342
10380,0.0,172.217.194.0-255,153,153,34,137087
10381,2.1e-05,172.31.33.0-255,66,219,34,137087
10382,2.8e-05,172.217.194.0-255,1484,1703,34,137087
10383,3.2e-05,172.31.33.0-255,66,1769,34,137087
10384,3.7e-05,172.217.194.0-255,2902,4671,34,137087
10385,4.8e-05,172.31.33.0-255,66,4737,34,137087
10386,5.6e-05,172.217.194.0-255,7156,11893,34,137087
10387,5.9e-05,172.31.33.0-255,66,11959,34,137087
10388,6.4e-05,172.217.194.0-255,2902,14861,34,137087
10389,6.7e-05,172.31.33.0-255,66,14927,34,137087
10390,9.8e-05,172.217.194.0-255,4863,19790,34,137087
10391,0.000101,172.31.33.0-255,66,19856,34,137087
10392,0.000138,172.31.33.0-255,66,19922,34,137087
10393,0.000162,172.217.194.0-255,2543,22465,34,137087
10394,0.000164,172.31.33.0-255,66,22531,34,137087
10395,0.000168,172.217.194.0-255,1484,24015,34,137087
10396,0.000169,172.31.33.0-255,66,24081,34,137087
10397,0.000174,172.217.194.0-255,2902,26983,34,137087
10398,0.000176,172.31.33.0-255,66,27049,34,137087
10399,0.000182,172.217.194.0-255,5738,32787,34,137087
10400,0.000184,172.31.33.0-255,66,32853,34,137087
10401,0.00021,172.217.194.0-255,6797,39650,34,137087
10402,0.000213,172.31.33.0-255,66,39716,34,137087
10403,0.000251,172.31.33.0-255,66,39782,34,137087
10404,0.000265,172.217.194.0-255,4320,44102,34,137087
10405,0.00027,172.31.33.0-255,66,44168,34,137087
10406,0.000275,172.217.194.0-255,2800,46968,34,137087
10407,0.000276,172.31.33.0-255,66,47034,34,137087
10408,0.000279,172.217.194.0-255,430,47464,34,137087
10409,0.000281,172.31.33.0-255,66,47530,34,137087
10410,0.001323,172.217.194.0-255,1484,49014,34,137087
10411,0.001335,172.217.194.0-255,2902,51916,34,137087
10412,0.001341,172.31.33.0-255,66,51982,34,137087
10413,0.00135,172.217.194.0-255,5738,57720,34,137087
10414,0.001351,172.31.33.0-255,66,57786,34,137087
10415,0.001379,172.31.33.0-255,66,57852,34,137087
10416,0.001389,172.217.194.0-255,4320,62172,34,137087
10417,0.001391,172.31.33.0-255,66,62238,34,137087
10418,0.001429,172.217.194.0-255,5738,67976,34,137087
10419,0.001432,172.31.33.0-255,66,68042,34,137087
10420,0.001455,172.217.194.0-255,766,68808,34,137087
10421,0.00164,172.217.194.0-255,1484,70292,34,137087
10422,0.001645,172.31.33.0-255,66,70358,34,137087
10423,0.001651,172.217.194.0-255,2902,73260,34,137087
10424,0.001653,172.31.33.0-255,66,73326,34,137087
10425,0.001663,172.217.194.0-255,5738,79064,34,137087
10426,0.001665,172.31.33.0-255,66,79130,34,137087
10427,0.001669,172.217.194.0-255,2902,82032,34,137087
10428,0.001671,172.31.33.0-255,66,82098,34,137087
10429,0.001717,172.31.33.0-255,66,82164,34,137087
10430,0.001727,172.31.33.0-255,66,82230,34,137087
10431,0.001729,172.217.194.0-255,766,82996,34,137087
10432,0.001842,172.217.194.0-255,1484,84480,34,137087
10433,0.001848,172.31.33.0-255,66,84546,34,137087
10434,0.001852,172.217.194.0-255,2902,87448,34,137087
10435,0.001854,172.31.33.0-255,66,87514,34,137087
10436,0.001882,172.217.194.0-255,5738,93252,34,137087
10437,0.001885,172.31.33.0-255,66,93318,34,137087
10438,0.001895,172.31.33.0-255,66,93384,34,137087
10439,0.001929,172.217.194.0-255,2902,96286,34,137087
10440,0.001931,172.31.33.0-255,66,96352,34,137087
10441,0.001942,172.31.33.0-255,66,96418,34,137087
10442,0.001944,172.217.194.0-255,766,97184,34,137087
10443,0.001977,172.217.194.0-255,1484,98668,34,137087
10444,0.001979,172.31.33.0-255,66,98734,34,137087
10445,0.001984,172.217.194.0-255,4320,103054,34,137087
10446,0.001986,172.31.33.0-255,66,103120,34,137087
10447,0.002014,172.217.194.0-255,7156,110276,34,137087
10448,0.002016,172.31.33.0-255,66,110342,34,137087
10449,0.002022,172.217.194.0-255,4320,114662,34,137087
10450,0.002024,172.31.33.0-255,66,114728,34,137087
10451,0.002059,172.31.33.0-255,66,114794,34,137087
10452,0.002067,172.31.33.0-255,66,114860,34,137087
10453,0.002143,172.31.33.0-255,66,114926,34,137087
10454,0.002154,172.217.194.0-255,1484,116410,34,137087
10455,0.002163,172.217.194.0-255,5020,121430,34,137087
10456,0.002165,172.31.33.0-255,66,121496,34,137087
10457,0.002176,172.31.33.0-255,66,121562,34,137087
10458,0.002217,172.31.33.0-255,66,121628,34,137087
10459,0.002231,172.31.33.0-255,66,121694,34,137087
10460,0.002288,172.31.33.0-255,66,121760,34,137087
10461,0.002291,172.217.194.0-255,2902,124662,34,137087
10462,0.002293,172.31.33.0-255,66,124728,34,137087
10463,0.00234,172.31.33.0-255,66,124794,34,137087
10464,0.002344,172.217.194.0-255,1484,126278,34,137087
10465,0.002345,172.217.194.0-255,1484,127762,34,137087
10466,0.002348,172.31.33.0-255,78,127840,34,137087
10467,0.002355,172.217.194.0-255,7156,134996,34,137087
10468,0.002359,172.31.33.0-255,78,135074,34,137087
10469,0.002411,172.217.194.0-255,1484,136558,34,137087
10470,0.002435,172.217.194.0-255,97,136655,34,137087
10471,0.002438,172.31.33.0-255,78,136733,34,137087
10472,0.002458,172.217.194.0-255,105,136838,34,137087
10473,0.008576,172.31.33.0-255,78,136916,34,137087
10474,0.01339,172.31.33.0-255,105,137021,34,137087
10475,0.015671,172.217.194.0-255,66,137087,34,137087
10476,0.0,74.125.24.0-255,156,156,34,190938
10477,2.3e-05,172.31.33.0-255,66,222,34,190938
10478,2.9e-05,74.125.24.0-255,1484,1706,34,190938
10479,3.3e-05,172.31.33.0-255,66,1772,34,190938
10480,6e-05,74.125.24.0-255,2902,4674,34,190938
10481,6.3e-05,172.31.33.0-255,66,4740,34,190938
10482,9.2e-05,74.125.24.0-255,4320,9060,34,190938
10483,9.5e-05,172.31.33.0-255,66,9126,34,190938
10484,0.000119,74.125.24.0-255,4903,14029,34,190938
10485,0.000122,172.31.33.0-255,66,14095,34,190938
10486,0.000155,74.125.24.0-255,2902,16997,34,190938
10487,0.000158,172.31.33.0-255,66,17063,34,190938
10488,0.000197,74.125.24.0-255,4320,21383,34,190938
10489,0.0002,172.31.33.0-255,66,21449,34,190938
10490,0.000217,74.125.24.0-255,4320,25769,34,190938
10491,0.000219,172.31.33.0-255,66,25835,34,190938
10492,0.000247,74.125.24.0-255,5379,31214,34,190938
10493,0.00025,172.31.33.0-255,66,31280,34,190938
10494,0.00029,74.125.24.0-255,1484,32764,34,190938
10495,0.000292,172.31.33.0-255,66,32830,34,190938
10496,0.000297,74.125.24.0-255,2902,35732,34,190938
10497,0.000299,172.31.33.0-255,66,35798,34,190938
10498,0.000328,74.125.24.0-255,5738,41536,34,190938
10499,0.00033,172.31.33.0-255,66,41602,34,190938
10500,0.000362,74.125.24.0-255,2902,44504,34,190938
10501,0.000364,172.31.33.0-255,66,44570,34,190938
10502,0.00039,74.125.24.0-255,3961,48531,34,190938
10503,0.000392,172.31.33.0-255,66,48597,34,190938
10504,0.000774,74.125.24.0-255,1484,50081,34,190938
10505,0.000778,172.31.33.0-255,66,50147,34,190938
10506,0.000782,74.125.24.0-255,1484,51631,34,190938
10507,0.000784,172.31.33.0-255,66,51697,34,190938
10508,0.000803,74.125.24.0-255,1484,53181,34,190938
10509,0.000812,74.125.24.0-255,5738,58919,34,190938
10510,0.000813,74.125.24.0-255,1484,60403,34,190938
10511,0.000819,172.31.33.0-255,66,60469,34,190938
10512,0.00085,74.125.24.0-255,6797,67266,34,190938
10513,0.000853,172.31.33.0-255,66,67332,34,190938
10514,0.000863,172.31.33.0-255,66,67398,34,190938
10515,0.000871,74.125.24.0-255,2902,70300,34,190938
10516,0.000873,172.31.33.0-255,66,70366,34,190938
10517,0.000896,74.125.24.0-255,3961,74327,34,190938
10518,0.000905,74.125.24.0-255,7156,81483,34,190938
10519,0.00091,172.31.33.0-255,66,81549,34,190938
10520,0.000913,172.31.33.0-255,66,81615,34,190938
10521,0.000949,172.31.33.0-255,66,81681,34,190938
10522,0.000969,74.125.24.0-255,648,82329,34,190938
10523,0.001168,74.125.24.0-255,1484,83813,34,190938
10524,0.001172,172.31.33.0-255,66,83879,34,190938
10525,0.001177,74.125.24.0-255,2902,86781,34,190938
10526,0.001179,172.31.33.0-255,66,86847,34,190938
10527,0.001181,74.125.24.0-255,1484,88331,34,190938
10528,0.001205,74.125.24.0-255,4320,92651,34,190938
10529,0.001207,172.31.33.0-255,66,92717,34,190938
10530,0.001238,172.31.33.0-255,66,92783,34,190938
10531,0.001258,74.125.24.0-255,2902,95685,34,190938
10532,0.001261,172.31.33.0-255,66,95751,34,190938
10533,0.001291,172.31.33.0-255,66,95817,34,190938
10534,0.001753,74.125.24.0-255,1484,97301,34,190938
10535,0.001762,74.125.24.0-255,2902,100203,34,190938
10536,0.001765,172.31.33.0-255,66,100269,34,190938
10537,0.001794,74.125.24.0-255,5738,106007,34,190938
10538,0.001796,172.31.33.0-255,66,106073,34,190938
10539,0.001801,74.125.24.0-255,4320,110393,34,190938
10540,0.001803,172.31.33.0-255,66,110459,34,190938
10541,0.001834,172.31.33.0-255,66,110525,34,190938
10542,0.001851,74.125.24.0-255,5738,116263,34,190938
10543,0.001853,172.31.33.0-255,66,116329,34,190938
10544,0.001878,74.125.24.0-255,5020,121349,34,190938
10545,0.00188,172.31.33.0-255,66,121415,34,190938
10546,0.002496,74.125.24.0-255,1484,122899,34,190938
10547,0.002505,74.125.24.0-255,2902,125801,34,190938
10548,0.002509,172.31.33.0-255,66,125867,34,190938
10549,0.002517,74.125.24.0-255,5738,131605,34,190938
10550,0.002519,172.31.33.0-255,66,131671,34,190938
10551,0.002556,74.125.24.0-255,1484,133155,34,190938
10552,0.002592,172.31.33.0-255,66,133221,34,190938
10553,0.00261,172.31.33.0-255,66,133287,34,190938
10554,0.002635,74.125.24.0-255,1484,134771,34,190938
10555,0.00265,74.125.24.0-255,2902,137673,34,190938
10556,0.002653,172.31.33.0-255,66,137739,34,190938
10557,0.002657,74.125.24.0-255,2902,140641,34,190938
10558,0.00266,172.31.33.0-255,66,140707,34,190938
10559,0.002676,74.125.24.0-255,2902,143609,34,190938
10560,0.002679,172.31.33.0-255,66,143675,34,190938
10561,0.002697,172.31.33.0-255,66,143741,34,190938
10562,0.002722,74.125.24.0-255,1484,145225,34,190938
10563,0.002739,172.31.33.0-255,66,145291,34,190938
10564,0.002741,74.125.24.0-255,766,146057,34,190938
10565,0.002828,74.125.24.0-255,1484,147541,34,190938
10566,0.00283,172.31.33.0-255,66,147607,34,190938
10567,0.002848,74.125.24.0-255,2902,150509,34,190938
10568,0.00285,172.31.33.0-255,66,150575,34,190938
10569,0.002853,74.125.24.0-255,1484,152059,34,190938
10570,0.002884,172.31.33.0-255,66,152125,34,190938
10571,0.002916,74.125.24.0-255,5738,157863,34,190938
10572,0.002919,172.31.33.0-255,66,157929,34,190938
10573,0.002922,74.125.24.0-255,1484,159413,34,190938
10574,0.002925,74.125.24.0-255,1484,160897,34,190938
10575,0.002927,172.31.33.0-255,66,160963,34,190938
10576,0.002939,74.125.24.0-255,4320,165283,34,190938
10577,0.002941,172.31.33.0-255,66,165349,34,190938
10578,0.002966,74.125.24.0-255,6438,171787,34,190938
10579,0.002973,172.31.33.0-255,66,171853,34,190938
10580,0.00301,74.125.24.0-255,1484,173337,34,190938
10581,0.003026,74.125.24.0-255,2902,176239,34,190938
10582,0.003029,172.31.33.0-255,66,176305,34,190938
10583,0.003034,74.125.24.0-255,4320,180625,34,190938
10584,0.003037,172.31.33.0-255,66,180691,34,190938
10585,0.003057,74.125.24.0-255,1484,182175,34,190938
10586,0.003076,172.31.33.0-255,66,182241,34,190938
10587,0.003103,172.31.33.0-255,66,182307,34,190938
10588,0.00313,74.125.24.0-255,3602,185909,34,190938
10589,0.003132,172.31.33.0-255,66,185975,34,190938
10590,0.00315,172.31.33.0-255,66,186041,34,190938
10591,0.003203,172.31.33.0-255,66,186107,34,190938
10592,0.003227,172.31.33.0-255,66,186173,34,190938
10593,0.003239,172.31.33.0-255,66,186239,34,190938
10594,0.003347,172.31.33.0-255,66,186305,34,190938
10595,0.00335,74.125.24.0-255,105,186410,34,190938
10596,0.009968,172.31.33.0-255,66,186476,34,190938
10597,0.010013,172.31.33.0-255,105,186581,34,190938
10598,0.011994,74.125.24.0-255,66,186647,34,190938
10599,0.033122,172.31.33.0-255,172,186819,34,190938
10600,0.033157,172.31.33.0-255,1112,187931,34,190938
10601,0.033225,172.31.33.0-255,1514,189445,34,190938
10602,0.033227,172.31.33.0-255,1295,190740,34,190938
10603,0.034665,104.244.42.0-255,66,190806,34,190938
10604,0.034685,104.244.42.0-255,66,190872,34,190938
10605,0.03476,104.244.42.0-255,66,190938,34,190938
10606,0.0,216.58.203.0-255,153,153,34,315075
10607,2.6e-05,172.31.33.0-255,66,219,34,315075
10608,3.2e-05,216.58.203.0-255,1484,1703,34,315075
10609,3.6e-05,172.31.33.0-255,66,1769,34,315075
10610,4.1e-05,216.58.203.0-255,2902,4671,34,315075
10611,4.3e-05,172.31.33.0-255,66,4737,34,315075
10612,4.9e-05,216.58.203.0-255,7156,11893,34,315075
10613,5.1e-05,172.31.33.0-255,66,11959,34,315075
10614,5.4e-05,216.58.203.0-255,2166,14125,34,315075
10615,5.6e-05,172.31.33.0-255,66,14191,34,315075
10616,9.2e-05,216.58.203.0-255,1484,15675,34,315075
10617,9.5e-05,172.31.33.0-255,66,15741,34,315075
10618,9.8e-05,216.58.203.0-255,1484,17225,34,315075
10619,9.9e-05,172.31.33.0-255,66,17291,34,315075
10620,0.000119,216.58.203.0-255,1484,18775,34,315075
10621,0.000122,172.31.33.0-255,66,18841,34,315075
10622,0.000128,216.58.203.0-255,5738,24579,34,315075
10623,0.00013,172.31.33.0-255,66,24645,34,315075
10624,0.000164,216.58.203.0-255,6797,31442,34,315075
10625,0.000167,172.31.33.0-255,66,31508,34,315075
10626,0.000209,216.58.203.0-255,1484,32992,34,315075
10627,0.000212,172.31.33.0-255,66,33058,34,315075
10628,0.000216,216.58.203.0-255,2902,35960,34,315075
10629,0.000218,172.31.33.0-255,66,36026,34,315075
10630,0.000228,216.58.203.0-255,1484,37510,34,315075
10631,0.000229,172.31.33.0-255,66,37576,34,315075
10632,0.000252,216.58.203.0-255,4320,41896,34,315075
10633,0.000255,172.31.33.0-255,66,41962,34,315075
10634,0.000261,216.58.203.0-255,6797,48759,34,315075
10635,0.000263,172.31.33.0-255,66,48825,34,315075
10636,0.000578,216.58.203.0-255,1484,50309,34,315075
10637,0.000582,172.31.33.0-255,66,50375,34,315075
10638,0.000587,216.58.203.0-255,2902,53277,34,315075
10639,0.000589,172.31.33.0-255,66,53343,34,315075
10640,0.000605,216.58.203.0-255,5738,59081,34,315075
10641,0.000608,172.31.33.0-255,66,59147,34,315075
10642,0.000611,216.58.203.0-255,2902,62049,34,315075
10643,0.000613,172.31.33.0-255,66,62115,34,315075
10644,0.000635,216.58.203.0-255,3961,66076,34,315075
10645,0.000637,172.31.33.0-255,66,66142,34,315075
10646,0.00064,216.58.203.0-255,360,66502,34,315075
10647,0.000691,172.31.33.0-255,66,66568,34,315075
10648,0.001181,216.58.203.0-255,1484,68052,34,315075
10649,0.00119,216.58.203.0-255,2902,70954,34,315075
10650,0.001194,172.31.33.0-255,66,71020,34,315075
10651,0.001201,216.58.203.0-255,5738,76758,34,315075
10652,0.001203,172.31.33.0-255,66,76824,34,315075
10653,0.001222,216.58.203.0-255,5738,82562,34,315075
10654,0.001224,172.31.33.0-255,66,82628,34,315075
10655,0.001244,216.58.203.0-255,862,83490,34,315075
10656,0.00129,216.58.203.0-255,1484,84974,34,315075
10657,0.001292,172.31.33.0-255,66,85040,34,315075
10658,0.00131,216.58.203.0-255,4320,89360,34,315075
10659,0.001312,172.31.33.0-255,66,89426,34,315075
10660,0.001315,216.58.203.0-255,2902,92328,34,315075
10661,0.001317,172.31.33.0-255,66,92394,34,315075
10662,0.001344,216.58.203.0-255,2902,95296,34,315075
10663,0.001346,172.31.33.0-255,66,95362,34,315075
10664,0.001355,172.31.33.0-255,66,95428,34,315075
10665,0.001367,216.58.203.0-255,3961,99389,34,315075
10666,0.001369,172.31.33.0-255,66,99455,34,315075
10667,0.001397,216.58.203.0-255,5738,105193,34,315075
10668,0.001399,172.31.33.0-255,66,105259,34,315075
10669,0.001411,216.58.203.0-255,3847,109106,34,315075
10670,0.001412,172.31.33.0-255,66,109172,34,315075
10671,0.001813,216.58.203.0-255,211,109383,34,315075
10672,0.002043,216.58.203.0-255,1484,110867,34,315075
10673,0.002046,172.31.33.0-255,66,110933,34,315075
10674,0.00205,216.58.203.0-255,2902,113835,34,315075
10675,0.002052,172.31.33.0-255,66,113901,34,315075
10676,0.002068,216.58.203.0-255,5738,119639,34,315075
10677,0.002071,172.31.33.0-255,66,119705,34,315075
10678,0.002093,216.58.203.0-255,7156,126861,34,315075
10679,0.002095,172.31.33.0-255,66,126927,34,315075
10680,0.002104,172.31.33.0-255,66,126993,34,315075
10681,0.00214,172.31.33.0-255,66,127059,34,315075
10682,0.003199,216.58.203.0-255,1484,128543,34,315075
10683,0.003218,216.58.203.0-255,2902,131445,34,315075
10684,0.00322,172.31.33.0-255,66,131511,34,315075
10685,0.003225,216.58.203.0-255,5738,137249,34,315075
10686,0.003227,172.31.33.0-255,66,137315,34,315075
10687,0.003256,172.31.33.0-255,66,137381,34,315075
10688,0.003262,216.58.203.0-255,7156,144537,34,315075
10689,0.003263,172.31.33.0-255,66,144603,34,315075
10690,0.003306,216.58.203.0-255,3602,148205,34,315075
10691,0.003308,172.31.33.0-255,66,148271,34,315075
10692,0.003342,216.58.203.0-255,4320,152591,34,315075
10693,0.003344,172.31.33.0-255,66,152657,34,315075
10694,0.003364,216.58.203.0-255,2902,155559,34,315075
10695,0.003365,172.31.33.0-255,66,155625,34,315075
10696,0.003369,216.58.203.0-255,4320,159945,34,315075
10697,0.003371,172.31.33.0-255,66,160011,34,315075
10698,0.003389,216.58.203.0-255,5738,165749,34,315075
10699,0.003391,172.31.33.0-255,66,165815,34,315075
10700,0.003418,172.31.33.0-255,66,165881,34,315075
10701,0.003427,216.58.203.0-255,2902,168783,34,315075
10702,0.003429,172.31.33.0-255,66,168849,34,315075
10703,0.003432,216.58.203.0-255,1484,170333,34,315075
10704,0.003452,172.31.33.0-255,66,170399,34,315075
10705,0.003455,216.58.203.0-255,1484,171883,34,315075
10706,0.003482,172.31.33.0-255,66,171949,34,315075
10707,0.003487,216.58.203.0-255,5738,177687,34,315075
10708,0.003489,172.31.33.0-255,66,177753,34,315075
10709,0.003501,216.58.203.0-255,5738,183491,34,315075
10710,0.003503,172.31.33.0-255,66,183557,34,315075
10711,0.003507,216.58.203.0-255,2902,186459,34,315075
10712,0.003522,172.31.33.0-255,66,186525,34,315075
10713,0.003541,216.58.203.0-255,2184,188709,34,315075
10714,0.003543,172.31.33.0-255,66,188775,34,315075
10715,0.003605,216.58.203.0-255,1484,190259,34,315075
10716,0.003621,216.58.203.0-255,2902,193161,34,315075
10717,0.003624,172.31.33.0-255,66,193227,34,315075
10718,0.003646,216.58.203.0-255,5738,198965,34,315075
10719,0.003649,172.31.33.0-255,66,199031,34,315075
10720,0.003661,216.58.203.0-255,2902,201933,34,315075
10721,0.003663,172.31.33.0-255,66,201999,34,315075
10722,0.003689,216.58.203.0-255,5738,207737,34,315075
10723,0.003692,172.31.33.0-255,66,207803,34,315075
10724,0.003694,216.58.203.0-255,1484,209287,34,315075
10725,0.003697,216.58.203.0-255,1484,210771,34,315075
10726,0.003699,172.31.33.0-255,66,210837,34,315075
10727,0.00372,216.58.203.0-255,2902,213739,34,315075
10728,0.003722,172.31.33.0-255,66,213805,34,315075
10729,0.003726,216.58.203.0-255,2902,216707,34,315075
10730,0.003728,172.31.33.0-255,66,216773,34,315075
10731,0.003732,216.58.203.0-255,2902,219675,34,315075
10732,0.003733,172.31.33.0-255,66,219741,34,315075
10733,0.003754,216.58.203.0-255,3602,223343,34,315075
10734,0.003756,172.31.33.0-255,66,223409,34,315075
10735,0.003825,216.58.203.0-255,1484,224893,34,315075
10736,0.00383,216.58.203.0-255,1484,226377,34,315075
10737,0.003832,172.31.33.0-255,66,226443,34,315075
10738,0.003852,216.58.203.0-255,1484,227927,34,315075
10739,0.003858,216.58.203.0-255,5738,233665,34,315075
10740,0.003861,172.31.33.0-255,66,233731,34,315075
10741,0.00391,216.58.203.0-255,5738,239469,34,315075
10742,0.003914,172.31.33.0-255,66,239535,34,315075
10743,0.00392,216.58.203.0-255,7156,246691,34,315075
10744,0.003922,172.31.33.0-255,66,246757,34,315075
10745,0.003927,216.58.203.0-255,7156,253913,34,315075
10746,0.003929,172.31.33.0-255,66,253979,34,315075
10747,0.00396,216.58.203.0-255,3602,257581,34,315075
10748,0.003965,172.31.33.0-255,66,257647,34,315075
10749,0.003981,216.58.203.0-255,1484,259131,34,315075
10750,0.003987,216.58.203.0-255,2902,262033,34,315075
10751,0.003989,172.31.33.0-255,66,262099,34,315075
10752,0.003997,216.58.203.0-255,5738,267837,34,315075
10753,0.004,172.31.33.0-255,66,267903,34,315075
10754,0.00403,216.58.203.0-255,4320,272223,34,315075
10755,0.004033,172.31.33.0-255,66,272289,34,315075
10756,0.00404,216.58.203.0-255,5738,278027,34,315075
10757,0.004042,172.31.33.0-255,66,278093,34,315075
10758,0.004056,172.31.33.0-255,66,278159,34,315075
10759,0.004069,216.58.203.0-255,1484,279643,34,315075
10760,0.004074,216.58.203.0-255,2184,281827,34,315075
10761,0.004076,172.31.33.0-255,66,281893,34,315075
10762,0.004354,216.58.203.0-255,1484,283377,34,315075
10763,0.004359,216.58.203.0-255,1484,284861,34,315075
10764,0.004362,172.31.33.0-255,66,284927,34,315075
10765,0.004379,216.58.203.0-255,1484,286411,34,315075
10766,0.004386,216.58.203.0-255,4320,290731,34,315075
10767,0.004389,172.31.33.0-255,66,290797,34,315075
10768,0.004394,216.58.203.0-255,2902,293699,34,315075
10769,0.004398,172.31.33.0-255,66,293765,34,315075
10770,0.004429,216.58.203.0-255,2902,296667,34,315075
10771,0.004434,172.31.33.0-255,66,296733,34,315075
10772,0.004461,172.31.33.0-255,66,296799,34,315075
10773,0.004473,216.58.203.0-255,5738,302537,34,315075
10774,0.004477,172.31.33.0-255,66,302603,34,315075
10775,0.004484,216.58.203.0-255,5020,307623,34,315075
10776,0.004487,172.31.33.0-255,66,307689,34,315075
10777,0.004493,216.58.203.0-255,5738,313427,34,315075
10778,0.004497,172.31.33.0-255,66,313493,34,315075
10779,0.004514,216.58.203.0-255,1123,314616,34,315075
10780,0.004565,216.58.203.0-255,105,314721,34,315075
10781,0.011412,216.58.203.0-255,105,314826,34,315075
10782,0.011429,172.31.33.0-255,78,314904,34,315075
10783,0.015362,172.31.33.0-255,105,315009,34,315075
10784,0.016964,216.58.203.0-255,66,315075,34,315075
10785,0.0,172.31.33.0-255,105,105,34,276
10786,0.002094,157.240.7.0-255,105,210,34,276
10787,0.002106,172.31.33.0-255,66,276,34,276
10788,0.0,172.217.194.0-255,153,153,34,232397
10789,2.6e-05,172.31.33.0-255,66,219,34,232397
10790,3.3e-05,172.217.194.0-255,1484,1703,34,232397
10791,3.7e-05,172.31.33.0-255,66,1769,34,232397
10792,4.1e-05,172.217.194.0-255,2902,4671,34,232397
10793,4.4e-05,172.31.33.0-255,66,4737,34,232397
10794,5e-05,172.217.194.0-255,5738,10475,34,232397
10795,5.3e-05,172.31.33.0-255,66,10541,34,232397
10796,7.7e-05,172.217.194.0-255,1484,12025,34,232397
10797,7.9e-05,172.31.33.0-255,66,12091,34,232397
10798,8.3e-05,172.217.194.0-255,1985,14076,34,232397
10799,8.4e-05,172.31.33.0-255,66,14142,34,232397
10800,0.000109,172.217.194.0-255,4320,18462,34,232397
10801,0.000112,172.31.33.0-255,66,18528,34,232397
10802,0.000138,172.217.194.0-255,7156,25684,34,232397
10803,0.00014,172.31.33.0-255,66,25750,34,232397
10804,0.00015,172.31.33.0-255,66,25816,34,232397
10805,0.000207,172.31.33.0-255,66,25882,34,232397
10806,0.000222,172.217.194.0-255,4320,30202,34,232397
10807,0.000225,172.31.33.0-255,66,30268,34,232397
10808,0.000249,172.217.194.0-255,7156,37424,34,232397
10809,0.000252,172.31.33.0-255,66,37490,34,232397
10810,0.000273,172.217.194.0-255,5379,42869,34,232397
10811,0.000277,172.31.33.0-255,66,42935,34,232397
10812,0.000312,172.217.194.0-255,5738,48673,34,232397
10813,0.000316,172.31.33.0-255,66,48739,34,232397
10814,0.000322,172.217.194.0-255,5738,54477,34,232397
10815,0.000324,172.31.33.0-255,66,54543,34,232397
10816,0.000338,172.217.194.0-255,2902,57445,34,232397
10817,0.000341,172.31.33.0-255,66,57511,34,232397
10818,0.000376,172.217.194.0-255,2543,60054,34,232397
10819,0.00038,172.31.33.0-255,66,60120,34,232397
10820,0.000841,172.217.194.0-255,1484,61604,34,232397
10821,0.000849,172.217.194.0-255,1484,63088,34,232397
10822,0.000852,172.31.33.0-255,66,63154,34,232397
10823,0.000865,172.217.194.0-255,1484,64638,34,232397
10824,0.000872,172.217.194.0-255,5738,70376,34,232397
10825,0.000874,172.31.33.0-255,66,70442,34,232397
10826,0.000897,172.217.194.0-255,2902,73344,34,232397
10827,0.000901,172.31.33.0-255,66,73410,34,232397
10828,0.000924,172.31.33.0-255,66,73476,34,232397
10829,0.000936,172.31.33.0-255,66,73542,34,232397
10830,0.001212,172.217.194.0-255,1484,75026,34,232397
10831,0.001219,172.217.194.0-255,2902,77928,34,232397
10832,0.001222,172.31.33.0-255,66,77994,34,232397
10833,0.001242,172.217.194.0-255,5738,83732,34,232397
10834,0.001245,172.31.33.0-255,66,83798,34,232397
10835,0.001249,172.217.194.0-255,2902,86700,34,232397
10836,0.001252,172.31.33.0-255,66,86766,34,232397
10837,0.001274,172.217.194.0-255,4320,91086,34,232397
10838,0.001276,172.31.33.0-255,66,91152,34,232397
10839,0.001293,172.217.194.0-255,5738,96890,34,232397
10840,0.001295,172.31.33.0-255,66,96956,34,232397
10841,0.001299,172.217.194.0-255,1484,98440,34,232397
10842,0.001323,172.31.33.0-255,66,98506,34,232397
10843,0.001387,172.217.194.0-255,1484,99990,34,232397
10844,0.001397,172.217.194.0-255,1484,101474,34,232397
10845,0.001399,172.31.33.0-255,66,101540,34,232397
10846,0.001415,172.217.194.0-255,1484,103024,34,232397
10847,0.00142,172.217.194.0-255,5738,108762,34,232397
10848,0.001422,172.31.33.0-255,66,108828,34,232397
10849,0.001475,172.31.33.0-255,66,108894,34,232397
10850,0.001484,172.31.33.0-255,66,108960,34,232397
10851,0.001505,172.217.194.0-255,2184,111144,34,232397
10852,0.001506,172.31.33.0-255,66,111210,34,232397
10853,0.002672,172.217.194.0-255,1484,112694,34,232397
10854,0.002687,172.217.194.0-255,2902,115596,34,232397
10855,0.002689,172.31.33.0-255,66,115662,34,232397
10856,0.002704,172.217.194.0-255,2902,118564,34,232397
10857,0.002706,172.31.33.0-255,66,118630,34,232397
10858,0.002722,172.217.194.0-255,2902,121532,34,232397
10859,0.002724,172.31.33.0-255,66,121598,34,232397
10860,0.00273,172.217.194.0-255,7156,128754,34,232397
10861,0.002732,172.31.33.0-255,66,128820,34,232397
10862,0.002741,172.217.194.0-255,1484,130304,34,232397
10863,0.002743,172.217.194.0-255,1484,131788,34,232397
10864,0.002744,172.31.33.0-255,66,131854,34,232397
10865,0.00278,172.217.194.0-255,2902,134756,34,232397
10866,0.002782,172.31.33.0-255,66,134822,34,232397
10867,0.0028,172.31.33.0-255,66,134888,34,232397
10868,0.002822,172.217.194.0-255,2184,137072,34,232397
10869,0.002823,172.31.33.0-255,66,137138,34,232397
10870,0.002914,172.217.194.0-255,1484,138622,34,232397
10871,0.002932,172.217.194.0-255,2902,141524,34,232397
10872,0.002934,172.31.33.0-255,66,141590,34,232397
10873,0.002949,172.217.194.0-255,2902,144492,34,232397
10874,0.002951,172.31.33.0-255,66,144558,34,232397
10875,0.002966,172.217.194.0-255,2902,147460,34,232397
10876,0.002968,172.31.33.0-255,66,147526,34,232397
10877,0.002981,172.217.194.0-255,2902,150428,34,232397
10878,0.002983,172.31.33.0-255,66,150494,34,232397
10879,0.00302,172.31.33.0-255,66,150560,34,232397
10880,0.003028,172.31.33.0-255,66,150626,34,232397
10881,0.00305,172.217.194.0-255,1484,152110,34,232397
10882,0.003091,172.31.33.0-255,66,152176,34,232397
10883,0.003102,172.31.33.0-255,66,152242,34,232397
10884,0.003106,172.217.194.0-255,5738,157980,34,232397
10885,0.003109,172.31.33.0-255,66,158046,34,232397
10886,0.003129,172.217.194.0-255,2902,160948,34,232397
10887,0.003131,172.31.33.0-255,66,161014,34,232397
10888,0.003153,172.217.194.0-255,2902,163916,34,232397
10889,0.003155,172.31.33.0-255,66,163982,34,232397
10890,0.003178,172.31.33.0-255,66,164048,34,232397
10891,0.003206,172.217.194.0-255,2902,166950,34,232397
10892,0.003255,172.217.194.0-255,2184,169134,34,232397
10893,0.003258,172.217.194.0-255,2902,172036,34,232397
10894,0.003258,172.31.33.0-255,66,172102,34,232397
10895,0.003265,172.31.33.0-255,66,172168,34,232397
10896,0.003284,172.217.194.0-255,4320,176488,34,232397
10897,0.003291,172.31.33.0-255,66,176554,34,232397
10898,0.003307,172.217.194.0-255,2902,179456,34,232397
10899,0.003313,172.217.194.0-255,5738,185194,34,232397
10900,0.003319,172.31.33.0-255,66,185260,34,232397
10901,0.003349,172.217.194.0-255,5738,190998,34,232397
10902,0.003357,172.31.33.0-255,66,191064,34,232397
10903,0.003379,172.217.194.0-255,3602,194666,34,232397
10904,0.003379,172.31.33.0-255,66,194732,34,232397
10905,0.003383,172.31.33.0-255,66,194798,34,232397
10906,0.00343,172.217.194.0-255,1484,196282,34,232397
10907,0.003431,172.31.33.0-255,66,196348,34,232397
10908,0.003432,172.217.194.0-255,1484,197832,34,232397
10909,0.003438,172.31.33.0-255,66,197898,34,232397
10910,0.003453,172.217.194.0-255,5738,203636,34,232397
10911,0.003456,172.217.194.0-255,1484,205120,34,232397
10912,0.00346,172.31.33.0-255,66,205186,34,232397
10913,0.003492,172.217.194.0-255,7156,212342,34,232397
10914,0.003499,172.31.33.0-255,66,212408,34,232397
10915,0.003507,172.217.194.0-255,1484,213892,34,232397
10916,0.00353,172.217.194.0-255,5738,219630,34,232397
10917,0.003539,172.31.33.0-255,66,219696,34,232397
10918,0.003544,172.217.194.0-255,3602,223298,34,232397
10919,0.003551,172.31.33.0-255,66,223364,34,232397
10920,0.003568,172.217.194.0-255,1484,224848,34,232397
10921,0.003591,172.217.194.0-255,7141,231989,34,232397
10922,0.0036,172.31.33.0-255,66,232055,34,232397
10923,0.003628,172.217.194.0-255,105,232160,34,232397
10924,0.010644,172.31.33.0-255,66,232226,34,232397
10925,0.010672,172.31.33.0-255,105,232331,34,232397
10926,0.013172,172.217.194.0-255,66,232397,34,232397
10927,0.0,74.125.24.0-255,156,156,34,268643
10928,2.9e-05,172.31.33.0-255,66,222,34,268643
10929,3.5e-05,74.125.24.0-255,1484,1706,34,268643
10930,3.9e-05,172.31.33.0-255,66,1772,34,268643
10931,4.3e-05,74.125.24.0-255,2902,4674,34,268643
10932,4.5e-05,172.31.33.0-255,66,4740,34,268643
10933,5.1e-05,74.125.24.0-255,7156,11896,34,268643
10934,5.3e-05,172.31.33.0-255,66,11962,34,268643
10935,7.7e-05,74.125.24.0-255,2023,13985,34,268643
10936,7.9e-05,172.31.33.0-255,66,14051,34,268643
10937,0.000105,74.125.24.0-255,2902,16953,34,268643
10938,0.000107,172.31.33.0-255,66,17019,34,268643
10939,0.000122,74.125.24.0-255,4320,21339,34,268643
10940,0.000124,172.31.33.0-255,66,21405,34,268643
10941,0.000138,74.125.24.0-255,2902,24307,34,268643
10942,0.000139,172.31.33.0-255,66,24373,34,268643
10943,0.000177,74.125.24.0-255,1484,25857,34,268643
10944,0.000179,172.31.33.0-255,66,25923,34,268643
10945,0.000198,74.125.24.0-255,5379,31302,34,268643
10946,0.000201,172.31.33.0-255,66,31368,34,268643
10947,0.000291,74.125.24.0-255,1484,32852,34,268643
10948,0.000295,172.31.33.0-255,66,32918,34,268643
10949,0.000299,74.125.24.0-255,2902,35820,34,268643
10950,0.000302,172.31.33.0-255,66,35886,34,268643
10951,0.000323,74.125.24.0-255,4320,40206,34,268643
10952,0.000326,172.31.33.0-255,66,40272,34,268643
10953,0.000348,74.125.24.0-255,5738,46010,34,268643
10954,0.00035,172.31.33.0-255,66,46076,34,268643
10955,0.000378,74.125.24.0-255,7156,53232,34,268643
10956,0.000381,172.31.33.0-255,66,53298,34,268643
10957,0.000406,74.125.24.0-255,5379,58677,34,268643
10958,0.000409,172.31.33.0-255,66,58743,34,268643
10959,0.000411,74.125.24.0-255,1484,60227,34,268643
10960,0.000438,74.125.24.0-255,1484,61711,34,268643
10961,0.00044,172.31.33.0-255,66,61777,34,268643
10962,0.000459,74.125.24.0-255,4288,66065,34,268643
10963,0.000461,172.31.33.0-255,66,66131,34,268643
10964,0.000471,74.125.24.0-255,114,66245,34,268643
10965,0.000633,74.125.24.0-255,333,66578,34,268643
10966,0.000728,172.31.33.0-255,66,66644,34,268643
10967,0.000813,74.125.24.0-255,1484,68128,34,268643
10968,0.000831,74.125.24.0-255,2902,71030,34,268643
10969,0.000834,172.31.33.0-255,66,71096,34,268643
10970,0.00084,74.125.24.0-255,5738,76834,34,268643
10971,0.000842,172.31.33.0-255,66,76900,34,268643
10972,0.000907,74.125.24.0-255,5738,82638,34,268643
10973,0.000911,172.31.33.0-255,66,82704,34,268643
10974,0.000932,74.125.24.0-255,6797,89501,34,268643
10975,0.000935,172.31.33.0-255,66,89567,34,268643
10976,0.000939,74.125.24.0-255,4320,93887,34,268643
10977,0.000941,172.31.33.0-255,66,93953,34,268643
10978,0.00096,74.125.24.0-255,6797,100750,34,268643
10979,0.000962,172.31.33.0-255,66,100816,34,268643
10980,0.001808,74.125.24.0-255,1484,102300,34,268643
10981,0.001831,74.125.24.0-255,2902,105202,34,268643
10982,0.001835,172.31.33.0-255,66,105268,34,268643
10983,0.001842,74.125.24.0-255,5738,111006,34,268643
10984,0.001844,172.31.33.0-255,66,111072,34,268643
10985,0.001854,172.31.33.0-255,66,111138,34,268643
10986,0.001876,74.125.24.0-255,2902,114040,34,268643
10987,0.001879,172.31.33.0-255,66,114106,34,268643
10988,0.001907,172.31.33.0-255,66,114172,34,268643
10989,0.00192,74.125.24.0-255,2184,116356,34,268643
10990,0.001924,172.31.33.0-255,66,116422,34,268643
10991,0.002685,74.125.24.0-255,1484,117906,34,268643
10992,0.002705,74.125.24.0-255,2902,120808,34,268643
10993,0.002708,172.31.33.0-255,66,120874,34,268643
10994,0.002715,74.125.24.0-255,5738,126612,34,268643
10995,0.002717,172.31.33.0-255,66,126678,34,268643
10996,0.002745,172.31.33.0-255,66,126744,34,268643
10997,0.00275,74.125.24.0-255,4320,131064,34,268643
10998,0.002753,172.31.33.0-255,66,131130,34,268643
10999,0.002758,74.125.24.0-255,6438,137568,34,268643
11000,0.002761,172.31.33.0-255,66,137634,34,268643
11001,0.002895,74.125.24.0-255,1484,139118,34,268643
11002,0.0029,74.125.24.0-255,2902,142020,34,268643
11003,0.002903,172.31.33.0-255,66,142086,34,268643
11004,0.002908,74.125.24.0-255,2902,144988,34,268643
11005,0.00291,172.31.33.0-255,66,145054,34,268643
11006,0.002925,74.125.24.0-255,2902,147956,34,268643
11007,0.002927,172.31.33.0-255,66,148022,34,268643
11008,0.00293,74.125.24.0-255,1484,149506,34,268643
11009,0.002946,74.125.24.0-255,4320,153826,34,268643
11010,0.002949,172.31.33.0-255,66,153892,34,268643
11011,0.002976,74.125.24.0-255,7156,161048,34,268643
11012,0.002978,172.31.33.0-255,66,161114,34,268643
11013,0.002981,74.125.24.0-255,1484,162598,34,268643
11014,0.002984,74.125.24.0-255,1484,164082,34,268643
11015,0.002987,172.31.33.0-255,66,164148,34,268643
11016,0.002997,74.125.24.0-255,2902,167050,34,268643
11017,0.002999,172.31.33.0-255,66,167116,34,268643
11018,0.00304,172.31.33.0-255,66,167182,34,268643
11019,0.003043,74.125.24.0-255,1484,168666,34,268643
11020,0.003047,74.125.24.0-255,2902,171568,34,268643
11021,0.003049,172.31.33.0-255,66,171634,34,268643
11022,0.00307,74.125.24.0-255,5738,177372,34,268643
11023,0.003073,172.31.33.0-255,66,177438,34,268643
11024,0.003101,172.31.33.0-255,66,177504,34,268643
11025,0.003143,74.125.24.0-255,1484,178988,34,268643
11026,0.003162,74.125.24.0-255,2902,181890,34,268643
11027,0.003164,172.31.33.0-255,66,181956,34,268643
11028,0.003168,74.125.24.0-255,4320,186276,34,268643
11029,0.00317,172.31.33.0-255,66,186342,34,268643
11030,0.003186,74.125.24.0-255,5738,192080,34,268643
11031,0.003188,172.31.33.0-255,66,192146,34,268643
11032,0.003206,74.125.24.0-255,2902,195048,34,268643
11033,0.003209,172.31.33.0-255,66,195114,34,268643
11034,0.003248,172.31.33.0-255,66,195180,34,268643
11035,0.003295,74.125.24.0-255,4320,199500,34,268643
11036,0.003299,172.31.33.0-255,66,199566,34,268643
11037,0.003304,74.125.24.0-255,5738,205304,34,268643
11038,0.003305,172.31.33.0-255,66,205370,34,268643
11039,0.003308,74.125.24.0-255,1484,206854,34,268643
11040,0.003312,74.125.24.0-255,4320,211174,34,268643
11041,0.003314,172.31.33.0-255,66,211240,34,268643
11042,0.003338,172.31.33.0-255,66,211306,34,268643
11043,0.003352,74.125.24.0-255,4320,215626,34,268643
11044,0.003354,172.31.33.0-255,66,215692,34,268643
11045,0.003383,172.31.33.0-255,66,215758,34,268643
11046,0.003386,74.125.24.0-255,1484,217242,34,268643
11047,0.003388,74.125.24.0-255,1484,218726,34,268643
11048,0.003391,172.31.33.0-255,66,218792,34,268643
11049,0.003393,74.125.24.0-255,5738,224530,34,268643
11050,0.003395,172.31.33.0-255,66,224596,34,268643
11051,0.003397,74.125.24.0-255,1484,226080,34,268643
11052,0.0034,74.125.24.0-255,1484,227564,34,268643
11053,0.003401,172.31.33.0-255,66,227630,34,268643
11054,0.003419,74.125.24.0-255,1484,229114,34,268643
11055,0.00343,74.125.24.0-255,4320,233434,34,268643
11056,0.003433,172.31.33.0-255,66,233500,34,268643
11057,0.003454,74.125.24.0-255,2902,236402,34,268643
11058,0.003457,172.31.33.0-255,66,236468,34,268643
11059,0.003466,172.31.33.0-255,66,236534,34,268643
11060,0.003471,74.125.24.0-255,5738,242272,34,268643
11061,0.003474,172.31.33.0-255,66,242338,34,268643
11062,0.003492,74.125.24.0-255,2902,245240,34,268643
11063,0.003495,172.31.33.0-255,66,245306,34,268643
11064,0.003532,172.31.33.0-255,66,245372,34,268643
11065,0.003538,74.125.24.0-255,7156,252528,34,268643
11066,0.00354,172.31.33.0-255,66,252594,34,268643
11067,0.003542,74.125.24.0-255,1484,254078,34,268643
11068,0.003544,74.125.24.0-255,766,254844,34,268643
11069,0.003546,172.31.33.0-255,66,254910,34,268643
11070,0.003593,74.125.24.0-255,1484,256394,34,268643
11071,0.00361,74.125.24.0-255,2902,259296,34,268643
11072,0.003613,172.31.33.0-255,66,259362,34,268643
11073,0.003618,74.125.24.0-255,4320,263682,34,268643
11074,0.003621,172.31.33.0-255,66,263748,34,268643
11075,0.003632,74.125.24.0-255,1484,265232,34,268643
11076,0.003667,172.31.33.0-255,66,265298,34,268643
11077,0.003673,74.125.24.0-255,1484,266782,34,268643
11078,0.003676,74.125.24.0-255,1453,268235,34,268643
11079,0.003678,172.31.33.0-255,66,268301,34,268643
11080,0.003762,74.125.24.0-255,105,268406,34,268643
11081,0.008923,172.31.33.0-255,66,268472,34,268643
11082,0.008952,172.31.33.0-255,105,268577,34,268643
11083,0.011485,74.125.24.0-255,66,268643,34,268643
11084,0.0,74.125.24.0-255,146,146,34,191002
11085,2.2e-05,172.31.33.0-255,66,212,34,191002
11086,3.7e-05,74.125.24.0-255,1484,1696,34,191002
11087,4.6e-05,172.31.33.0-255,66,1762,34,191002
11088,5.1e-05,74.125.24.0-255,2902,4664,34,191002
11089,5.3e-05,172.31.33.0-255,66,4730,34,191002
11090,8.1e-05,74.125.24.0-255,7156,11886,34,191002
11091,8.3e-05,172.31.33.0-255,66,11952,34,191002
11092,8.7e-05,74.125.24.0-255,1484,13436,34,191002
11093,8.9e-05,172.31.33.0-255,66,13502,34,191002
11094,0.000112,74.125.24.0-255,573,14075,34,191002
11095,0.000115,172.31.33.0-255,66,14141,34,191002
11096,0.000332,74.125.24.0-255,1484,15625,34,191002
11097,0.000336,172.31.33.0-255,66,15691,34,191002
11098,0.000339,74.125.24.0-255,1484,17175,34,191002
11099,0.000341,172.31.33.0-255,66,17241,34,191002
11100,0.000361,74.125.24.0-255,1484,18725,34,191002
11101,0.000368,172.31.33.0-255,66,18791,34,191002
11102,0.000376,74.125.24.0-255,5738,24529,34,191002
11103,0.000379,172.31.33.0-255,66,24595,34,191002
11104,0.000416,74.125.24.0-255,6797,31392,34,191002
11105,0.000418,172.31.33.0-255,66,31458,34,191002
11106,0.000432,74.125.24.0-255,4320,35778,34,191002
11107,0.000439,172.31.33.0-255,66,35844,34,191002
11108,0.000465,74.125.24.0-255,2902,38746,34,191002
11109,0.000468,172.31.33.0-255,66,38812,34,191002
11110,0.000477,172.31.33.0-255,66,38878,34,191002
11111,0.000484,74.125.24.0-255,1125,40003,34,191002
11112,0.000487,172.31.33.0-255,66,40069,34,191002
11113,0.001121,74.125.24.0-255,1484,41553,34,191002
11114,0.001126,172.31.33.0-255,66,41619,34,191002
11115,0.001135,74.125.24.0-255,2902,44521,34,191002
11116,0.001137,172.31.33.0-255,66,44587,34,191002
11117,0.001147,74.125.24.0-255,2902,47489,34,191002
11118,0.001149,172.31.33.0-255,66,47555,34,191002
11119,0.001182,74.125.24.0-255,2902,50457,34,191002
11120,0.001185,172.31.33.0-255,66,50523,34,191002
11121,0.001191,74.125.24.0-255,7156,57679,34,191002
11122,0.001193,172.31.33.0-255,66,57745,34,191002
11123,0.001217,74.125.24.0-255,3961,61706,34,191002
11124,0.00122,172.31.33.0-255,66,61772,34,191002
11125,0.001224,74.125.24.0-255,2902,64674,34,191002
11126,0.001225,172.31.33.0-255,66,64740,34,191002
11127,0.001268,172.31.33.0-255,66,64806,34,191002
11128,0.001277,172.31.33.0-255,66,64872,34,191002
11129,0.001291,172.31.33.0-255,66,64938,34,191002
11130,0.001295,74.125.24.0-255,4320,69258,34,191002
11131,0.001297,172.31.33.0-255,66,69324,34,191002
11132,0.001345,172.31.33.0-255,66,69390,34,191002
11133,0.001351,74.125.24.0-255,7156,76546,34,191002
11134,0.001352,172.31.33.0-255,66,76612,34,191002
11135,0.001373,74.125.24.0-255,5738,82350,34,191002
11136,0.001379,172.31.33.0-255,66,82416,34,191002
11137,0.001383,74.125.24.0-255,4661,87077,34,191002
11138,0.001385,172.31.33.0-255,66,87143,34,191002
11139,0.001802,74.125.24.0-255,1484,88627,34,191002
11140,0.001819,74.125.24.0-255,1484,90111,34,191002
11141,0.001821,172.31.33.0-255,66,90177,34,191002
11142,0.001841,74.125.24.0-255,1484,91661,34,191002
11143,0.001846,74.125.24.0-255,4320,95981,34,191002
11144,0.001848,172.31.33.0-255,66,96047,34,191002
11145,0.001859,74.125.24.0-255,1484,97531,34,191002
11146,0.001884,74.125.24.0-255,5738,103269,34,191002
11147,0.001886,172.31.33.0-255,66,103335,34,191002
11148,0.00189,74.125.24.0-255,4320,107655,34,191002
11149,0.001892,172.31.33.0-255,66,107721,34,191002
11150,0.001917,74.125.24.0-255,2902,110623,34,191002
11151,0.001918,172.31.33.0-255,66,110689,34,191002
11152,0.001922,74.125.24.0-255,2902,113591,34,191002
11153,0.001924,172.31.33.0-255,66,113657,34,191002
11154,0.001945,172.31.33.0-255,66,113723,34,191002
11155,0.002314,74.125.24.0-255,1484,115207,34,191002
11156,0.002327,74.125.24.0-255,2902,118109,34,191002
11157,0.002329,172.31.33.0-255,66,118175,34,191002
11158,0.002354,74.125.24.0-255,5738,123913,34,191002
11159,0.002357,172.31.33.0-255,66,123979,34,191002
11160,0.002421,172.31.33.0-255,66,124045,34,191002
11161,0.002432,172.31.33.0-255,66,124111,34,191002
11162,0.002457,74.125.24.0-255,1484,125595,34,191002
11163,0.002462,74.125.24.0-255,2184,127779,34,191002
11164,0.002464,172.31.33.0-255,66,127845,34,191002
11165,0.00285,74.125.24.0-255,1484,129329,34,191002
11166,0.002853,74.125.24.0-255,1484,130813,34,191002
11167,0.002855,172.31.33.0-255,66,130879,34,191002
11168,0.002878,74.125.24.0-255,1484,132363,34,191002
11169,0.002883,74.125.24.0-255,5738,138101,34,191002
11170,0.002885,172.31.33.0-255,66,138167,34,191002
11171,0.00289,74.125.24.0-255,5738,143905,34,191002
11172,0.002892,172.31.33.0-255,66,143971,34,191002
11173,0.002907,74.125.24.0-255,2902,146873,34,191002
11174,0.002909,172.31.33.0-255,66,146939,34,191002
11175,0.002927,74.125.24.0-255,4320,151259,34,191002
11176,0.002933,172.31.33.0-255,66,151325,34,191002
11177,0.002936,74.125.24.0-255,2902,154227,34,191002
11178,0.002938,172.31.33.0-255,66,154293,34,191002
11179,0.00298,172.31.33.0-255,66,154359,34,191002
11180,0.002991,172.31.33.0-255,66,154425,34,191002
11181,0.003011,74.125.24.0-255,5738,160163,34,191002
11182,0.003014,172.31.33.0-255,66,160229,34,191002
11183,0.003052,172.31.33.0-255,66,160295,34,191002
11184,0.003056,74.125.24.0-255,2184,162479,34,191002
11185,0.003058,172.31.33.0-255,66,162545,34,191002
11186,0.003483,74.125.24.0-255,1484,164029,34,191002
11187,0.00349,74.125.24.0-255,2902,166931,34,191002
11188,0.003494,172.31.33.0-255,66,166997,34,191002
11189,0.003526,74.125.24.0-255,5738,172735,34,191002
11190,0.003529,172.31.33.0-255,66,172801,34,191002
11191,0.003551,74.125.24.0-255,7156,179957,34,191002
11192,0.003554,172.31.33.0-255,66,180023,34,191002
11193,0.003583,74.125.24.0-255,4320,184343,34,191002
11194,0.003585,172.31.33.0-255,66,184409,34,191002
11195,0.00359,74.125.24.0-255,2902,187311,34,191002
11196,0.003593,172.31.33.0-255,66,187377,34,191002
11197,0.00361,172.31.33.0-255,66,187443,34,191002
11198,0.00366,172.31.33.0-255,66,187509,34,191002
11199,0.003666,74.125.24.0-255,1484,188993,34,191002
11200,0.003704,172.31.33.0-255,66,189059,34,191002
11201,0.003723,172.31.33.0-255,66,189125,34,191002
11202,0.003747,172.31.33.0-255,66,189191,34,191002
11203,0.003834,74.125.24.0-255,1469,190660,34,191002
11204,0.003838,74.125.24.0-255,105,190765,34,191002
11205,0.009819,172.31.33.0-255,66,190831,34,191002
11206,0.012411,172.31.33.0-255,105,190936,34,191002
11207,0.014592,74.125.24.0-255,66,191002,34,191002
11208,0.0,74.125.130.0-255,143,143,34,289090
11209,2.1e-05,172.31.33.0-255,66,209,34,289090
11210,2.8e-05,74.125.130.0-255,1484,1693,34,289090
11211,3.3e-05,172.31.33.0-255,66,1759,34,289090
11212,3.6e-05,74.125.130.0-255,1484,3243,34,289090
11213,3.9e-05,172.31.33.0-255,66,3309,34,289090
11214,4.6e-05,74.125.130.0-255,2902,6211,34,289090
11215,4.9e-05,172.31.33.0-255,66,6277,34,289090
11216,0.000126,74.125.130.0-255,5738,12015,34,289090
11217,0.00013,172.31.33.0-255,66,12081,34,289090
11218,0.000137,74.125.130.0-255,4965,17046,34,289090
11219,0.00014,172.31.33.0-255,66,17112,34,289090
11220,0.000146,74.125.130.0-255,5738,22850,34,289090
11221,0.000148,172.31.33.0-255,66,22916,34,289090
11222,0.00016,172.31.33.0-255,66,22982,34,289090
11223,0.00028,74.125.130.0-255,1484,24466,34,289090
11224,0.000284,172.31.33.0-255,66,24532,34,289090
11225,0.000302,74.125.130.0-255,2902,27434,34,289090
11226,0.000304,172.31.33.0-255,66,27500,34,289090
11227,0.000311,74.125.130.0-255,5738,33238,34,289090
11228,0.000314,172.31.33.0-255,66,33304,34,289090
11229,0.000337,74.125.130.0-255,1484,34788,34,289090
11230,0.00034,172.31.33.0-255,66,34854,34,289090
11231,0.000367,74.125.130.0-255,5379,40233,34,289090
11232,0.000369,172.31.33.0-255,66,40299,34,289090
11233,0.000377,74.125.130.0-255,7156,47455,34,289090
11234,0.00038,172.31.33.0-255,66,47521,34,289090
11235,0.000383,74.125.130.0-255,1484,49005,34,289090
11236,0.000385,172.31.33.0-255,66,49071,34,289090
11237,0.000419,172.31.33.0-255,66,49137,34,289090
11238,0.000423,74.125.130.0-255,119,49256,34,289090
11239,0.000444,74.125.130.0-255,380,49636,34,289090
11240,0.000576,74.125.130.0-255,1484,51120,34,289090
11241,0.000581,172.31.33.0-255,66,51186,34,289090
11242,0.000585,74.125.130.0-255,1484,52670,34,289090
11243,0.0006,74.125.130.0-255,1484,54154,34,289090
11244,0.000603,172.31.33.0-255,66,54220,34,289090
11245,0.000621,74.125.130.0-255,1484,55704,34,289090
11246,0.000627,74.125.130.0-255,5738,61442,34,289090
11247,0.00063,172.31.33.0-255,66,61508,34,289090
11248,0.000651,74.125.130.0-255,5379,66887,34,289090
11249,0.000654,172.31.33.0-255,66,66953,34,289090
11250,0.000711,74.125.130.0-255,1484,68437,34,289090
11251,0.000728,74.125.130.0-255,2902,71339,34,289090
11252,0.000732,172.31.33.0-255,66,71405,34,289090
11253,0.000735,74.125.130.0-255,1484,72889,34,289090
11254,0.000738,74.125.130.0-255,1484,74373,34,289090
11255,0.00074,172.31.33.0-255,66,74439,34,289090
11256,0.000752,74.125.130.0-255,1484,75923,34,289090
11257,0.000766,74.125.130.0-255,5738,81661,34,289090
11258,0.000769,172.31.33.0-255,66,81727,34,289090
11259,0.000793,74.125.130.0-255,2543,84270,34,289090
11260,0.000796,172.31.33.0-255,66,84336,34,289090
11261,0.001143,74.125.130.0-255,1484,85820,34,289090
11262,0.001167,74.125.130.0-255,2902,88722,34,289090
11263,0.001171,172.31.33.0-255,66,88788,34,289090
11264,0.001199,74.125.130.0-255,5738,94526,34,289090
11265,0.001202,172.31.33.0-255,66,94592,34,289090
11266,0.001207,74.125.130.0-255,2902,97494,34,289090
11267,0.001208,172.31.33.0-255,66,97560,34,289090
11268,0.001213,74.125.130.0-255,4320,101880,34,289090
11269,0.001215,172.31.33.0-255,66,101946,34,289090
11270,0.001249,172.31.33.0-255,66,102012,34,289090
11271,0.001254,74.125.130.0-255,4320,106332,34,289090
11272,0.001256,172.31.33.0-255,66,106398,34,289090
11273,0.001298,74.125.130.0-255,3602,110000,34,289090
11274,0.001301,172.31.33.0-255,66,110066,34,289090
11275,0.001645,74.125.130.0-255,1484,111550,34,289090
11276,0.00165,74.125.130.0-255,1484,113034,34,289090
11277,0.001653,172.31.33.0-255,66,113100,34,289090
11278,0.001659,74.125.130.0-255,2902,116002,34,289090
11279,0.001661,172.31.33.0-255,66,116068,34,289090
11280,0.001695,74.125.130.0-255,5738,121806,34,289090
11281,0.001698,172.31.33.0-255,66,121872,34,289090
11282,0.001702,74.125.130.0-255,2902,124774,34,289090
11283,0.001704,172.31.33.0-255,66,124840,34,289090
11284,0.001722,74.125.130.0-255,5738,130578,34,289090
11285,0.001724,172.31.33.0-255,66,130644,34,289090
11286,0.001727,74.125.130.0-255,1484,132128,34,289090
11287,0.001757,74.125.130.0-255,3602,135730,34,289090
11288,0.001761,172.31.33.0-255,66,135796,34,289090
11289,0.001764,172.31.33.0-255,66,135862,34,289090
11290,0.001918,74.125.130.0-255,1484,137346,34,289090
11291,0.001933,74.125.130.0-255,2902,140248,34,289090
11292,0.001937,172.31.33.0-255,66,140314,34,289090
11293,0.00195,74.125.130.0-255,1484,141798,34,289090
11294,0.001965,74.125.130.0-255,4320,146118,34,289090
11295,0.001969,74.125.130.0-255,2902,149020,34,289090
11296,0.001974,74.125.130.0-255,4320,153340,34,289090
11297,0.001977,172.31.33.0-255,66,153406,34,289090
11298,0.00198,172.31.33.0-255,66,153472,34,289090
11299,0.001983,172.31.33.0-255,66,153538,34,289090
11300,0.002008,172.31.33.0-255,66,153604,34,289090
11301,0.002014,74.125.130.0-255,4320,157924,34,289090
11302,0.002016,172.31.33.0-255,66,157990,34,289090
11303,0.002064,74.125.130.0-255,3602,161592,34,289090
11304,0.002068,172.31.33.0-255,66,161658,34,289090
11305,0.002109,74.125.130.0-255,1484,163142,34,289090
11306,0.002112,74.125.130.0-255,1484,164626,34,289090
11307,0.002115,172.31.33.0-255,66,164692,34,289090
11308,0.002133,74.125.130.0-255,1484,166176,34,289090
11309,0.00214,74.125.130.0-255,5738,171914,34,289090
11310,0.002143,172.31.33.0-255,66,171980,34,289090
11311,0.002166,74.125.130.0-255,5738,177718,34,289090
11312,0.002169,172.31.33.0-255,66,177784,34,289090
11313,0.002181,74.125.130.0-255,2902,180686,34,289090
11314,0.002184,172.31.33.0-255,66,180752,34,289090
11315,0.002188,74.125.130.0-255,2902,183654,34,289090
11316,0.00219,172.31.33.0-255,66,183720,34,289090
11317,0.002219,74.125.130.0-255,7156,190876,34,289090
11318,0.002222,172.31.33.0-255,66,190942,34,289090
11319,0.002229,74.125.130.0-255,5020,195962,34,289090
11320,0.002232,172.31.33.0-255,66,196028,34,289090
11321,0.004519,74.125.130.0-255,5738,201766,34,289090
11322,0.004527,172.31.33.0-255,66,201832,34,289090
11323,0.006796,74.125.130.0-255,2902,204734,34,289090
11324,0.0068,172.31.33.0-255,66,204800,34,289090
11325,0.006818,74.125.130.0-255,2902,207702,34,289090
11326,0.00682,172.31.33.0-255,66,207768,34,289090
11327,0.0091,74.125.130.0-255,5738,213506,34,289090
11328,0.009107,172.31.33.0-255,66,213572,34,289090
11329,0.01142,74.125.130.0-255,5738,219310,34,289090
11330,0.011441,172.31.33.0-255,66,219376,34,289090
11331,0.01375,74.125.130.0-255,5738,225114,34,289090
11332,0.013765,172.31.33.0-255,66,225180,34,289090
11333,0.016141,74.125.130.0-255,5738,230918,34,289090
11334,0.016158,172.31.33.0-255,66,230984,34,289090
11335,0.018466,74.125.130.0-255,5738,236722,34,289090
11336,0.018478,172.31.33.0-255,66,236788,34,289090
11337,0.020773,74.125.130.0-255,1484,238272,34,289090
11338,0.020799,74.125.130.0-255,4320,242592,34,289090
11339,0.020806,172.31.33.0-255,66,242658,34,289090
11340,0.023114,74.125.130.0-255,5738,248396,34,289090
11341,0.023127,172.31.33.0-255,66,248462,34,289090
11342,0.025431,74.125.130.0-255,5738,254200,34,289090
11343,0.025445,172.31.33.0-255,66,254266,34,289090
11344,0.027742,74.125.130.0-255,5738,260004,34,289090
11345,0.027759,172.31.33.0-255,66,260070,34,289090
11346,0.030054,74.125.130.0-255,5738,265808,34,289090
11347,0.030067,172.31.33.0-255,66,265874,34,289090
11348,0.032364,74.125.130.0-255,5738,271612,34,289090
11349,0.032379,172.31.33.0-255,66,271678,34,289090
11350,0.034673,74.125.130.0-255,5738,277416,34,289090
11351,0.034682,172.31.33.0-255,66,277482,34,289090
11352,0.036983,74.125.130.0-255,5738,283220,34,289090
11353,0.037003,172.31.33.0-255,66,283286,34,289090
11354,0.039304,74.125.130.0-255,5738,289024,34,289090
11355,0.03932,172.31.33.0-255,66,289090,34,289090
11356,0.0,74.125.68.0-255,150,150,34,272987
11357,3.6e-05,172.31.33.0-255,66,216,34,272987
11358,4.4e-05,74.125.68.0-255,1484,1700,34,272987
11359,4.8e-05,172.31.33.0-255,66,1766,34,272987
11360,6e-05,74.125.68.0-255,2902,4668,34,272987
11361,6.3e-05,172.31.33.0-255,66,4734,34,272987
11362,9.1e-05,74.125.68.0-255,2902,7636,34,272987
11363,9.4e-05,172.31.33.0-255,66,7702,34,272987
11364,0.000125,74.125.68.0-255,4320,12022,34,272987
11365,0.000129,172.31.33.0-255,66,12088,34,272987
11366,0.000133,74.125.68.0-255,2082,14170,34,272987
11367,0.000135,172.31.33.0-255,66,14236,34,272987
11368,0.000164,74.125.68.0-255,2902,17138,34,272987
11369,0.000168,172.31.33.0-255,66,17204,34,272987
11370,0.000173,74.125.68.0-255,4320,21524,34,272987
11371,0.000176,172.31.33.0-255,66,21590,34,272987
11372,0.000217,74.125.68.0-255,1484,23074,34,272987
11373,0.00022,172.31.33.0-255,66,23140,34,272987
11374,0.000244,74.125.68.0-255,4320,27460,34,272987
11375,0.000247,172.31.33.0-255,66,27526,34,272987
11376,0.000281,74.125.68.0-255,3961,31487,34,272987
11377,0.000284,172.31.33.0-255,66,31553,34,272987
11378,0.000411,74.125.68.0-255,1484,33037,34,272987
11379,0.000415,172.31.33.0-255,66,33103,34,272987
11380,0.000443,74.125.68.0-255,2902,36005,34,272987
11381,0.000447,172.31.33.0-255,66,36071,34,272987
11382,0.000482,74.125.68.0-255,4320,40391,34,272987
11383,0.000485,172.31.33.0-255,66,40457,34,272987
11384,0.000512,74.125.68.0-255,4320,44777,34,272987
11385,0.000517,172.31.33.0-255,66,44843,34,272987
11386,0.000544,74.125.68.0-255,5379,50222,34,272987
11387,0.000548,172.31.33.0-255,66,50288,34,272987
11388,0.000561,172.31.33.0-255,66,50354,34,272987
11389,0.000592,74.125.68.0-255,5690,56044,34,272987
11390,0.000596,172.31.33.0-255,66,56110,34,272987
11391,0.0006,74.125.68.0-255,112,56222,34,272987
11392,0.000738,74.125.68.0-255,1484,57706,34,272987
11393,0.000743,172.31.33.0-255,66,57772,34,272987
11394,0.000748,74.125.68.0-255,2902,60674,34,272987
11395,0.000751,172.31.33.0-255,66,60740,34,272987
11396,0.000762,74.125.68.0-255,5738,66478,34,272987
11397,0.000765,172.31.33.0-255,66,66544,34,272987
11398,0.000803,74.125.68.0-255,6797,73341,34,272987
11399,0.000806,172.31.33.0-255,66,73407,34,272987
11400,0.000813,74.125.68.0-255,7156,80563,34,272987
11401,0.000816,172.31.33.0-255,66,80629,34,272987
11402,0.000856,172.31.33.0-255,66,80695,34,272987
11403,0.000904,74.125.68.0-255,1367,82062,34,272987
11404,0.00111,172.31.33.0-255,66,82128,34,272987
11405,0.001186,74.125.68.0-255,1484,83612,34,272987
11406,0.001196,74.125.68.0-255,2902,86514,34,272987
11407,0.001199,172.31.33.0-255,66,86580,34,272987
11408,0.001207,74.125.68.0-255,5738,92318,34,272987
11409,0.001209,172.31.33.0-255,66,92384,34,272987
11410,0.001232,74.125.68.0-255,1484,93868,34,272987
11411,0.001245,74.125.68.0-255,2902,96770,34,272987
11412,0.001248,172.31.33.0-255,66,96836,34,272987
11413,0.00126,74.125.68.0-255,4320,101156,34,272987
11414,0.001264,172.31.33.0-255,66,101222,34,272987
11415,0.001293,74.125.68.0-255,1484,102706,34,272987
11416,0.001308,172.31.33.0-255,66,102772,34,272987
11417,0.001312,74.125.68.0-255,2184,104956,34,272987
11418,0.001314,172.31.33.0-255,66,105022,34,272987
11419,0.001496,74.125.68.0-255,1484,106506,34,272987
11420,0.001502,74.125.68.0-255,2902,109408,34,272987
11421,0.001506,172.31.33.0-255,66,109474,34,272987
11422,0.001534,74.125.68.0-255,5738,115212,34,272987
11423,0.001537,172.31.33.0-255,66,115278,34,272987
11424,0.001561,74.125.68.0-255,4320,119598,34,272987
11425,0.001563,172.31.33.0-255,66,119664,34,272987
11426,0.00158,74.125.68.0-255,4320,123984,34,272987
11427,0.001585,172.31.33.0-255,66,124050,34,272987
11428,0.001609,172.31.33.0-255,66,124116,34,272987
11429,0.001613,74.125.68.0-255,1484,125600,34,272987
11430,0.001642,74.125.68.0-255,3602,129202,34,272987
11431,0.001645,172.31.33.0-255,66,129268,34,272987
11432,0.001651,74.125.68.0-255,5738,135006,34,272987
11433,0.001653,172.31.33.0-255,66,135072,34,272987
11434,0.001658,74.125.68.0-255,4320,139392,34,272987
11435,0.001661,172.31.33.0-255,66,139458,34,272987
11436,0.001685,74.125.68.0-255,2902,142360,34,272987
11437,0.001688,172.31.33.0-255,66,142426,34,272987
11438,0.001699,172.31.33.0-255,66,142492,34,272987
11439,0.001706,74.125.68.0-255,7156,149648,34,272987
11440,0.001709,172.31.33.0-255,66,149714,34,272987
11441,0.001744,74.125.68.0-255,5020,154734,34,272987
11442,0.001748,172.31.33.0-255,66,154800,34,272987
11443,0.003225,74.125.68.0-255,1484,156284,34,272987
11444,0.003234,74.125.68.0-255,2902,159186,34,272987
11445,0.003237,172.31.33.0-255,66,159252,34,272987
11446,0.003274,74.125.68.0-255,1484,160736,34,272987
11447,0.003286,74.125.68.0-255,2902,163638,34,272987
11448,0.003288,172.31.33.0-255,66,163704,34,272987
11449,0.003314,74.125.68.0-255,4320,168024,34,272987
11450,0.003316,172.31.33.0-255,66,168090,34,272987
11451,0.003339,74.125.68.0-255,1484,169574,34,272987
11452,0.003349,172.31.33.0-255,66,169640,34,272987
11453,0.003374,74.125.68.0-255,1484,171124,34,272987
11454,0.003378,74.125.68.0-255,4320,175444,34,272987
11455,0.003381,172.31.33.0-255,66,175510,34,272987
11456,0.003394,74.125.68.0-255,3602,179112,34,272987
11457,0.0034,172.31.33.0-255,66,179178,34,272987
11458,0.003425,74.125.68.0-255,4320,183498,34,272987
11459,0.003427,172.31.33.0-255,66,183564,34,272987
11460,0.003432,74.125.68.0-255,4320,187884,34,272987
11461,0.003434,172.31.33.0-255,66,187950,34,272987
11462,0.003461,74.125.68.0-255,1484,189434,34,272987
11463,0.003481,74.125.68.0-255,5738,195172,34,272987
11464,0.003484,172.31.33.0-255,66,195238,34,272987
11465,0.00351,74.125.68.0-255,1484,196722,34,272987
11466,0.003524,172.31.33.0-255,66,196788,34,272987
11467,0.003564,172.31.33.0-255,66,196854,34,272987
11468,0.003609,172.31.33.0-255,66,196920,34,272987
11469,0.003636,74.125.68.0-255,2902,199822,34,272987
11470,0.00364,172.31.33.0-255,66,199888,34,272987
11471,0.003643,74.125.68.0-255,766,200654,34,272987
11472,0.003646,172.31.33.0-255,78,200732,34,272987
11473,0.003651,74.125.68.0-255,4320,205052,34,272987
11474,0.003654,172.31.33.0-255,66,205118,34,272987
11475,0.003656,74.125.68.0-255,1484,206602,34,272987
11476,0.003661,74.125.68.0-255,2902,209504,34,272987
11477,0.003663,172.31.33.0-255,66,209570,34,272987
11478,0.003668,74.125.68.0-255,5738,215308,34,272987
11479,0.003671,172.31.33.0-255,66,215374,34,272987
11480,0.003676,74.125.68.0-255,2902,218276,34,272987
11481,0.003679,172.31.33.0-255,66,218342,34,272987
11482,0.003683,74.125.68.0-255,2902,221244,34,272987
11483,0.003685,172.31.33.0-255,66,221310,34,272987
11484,0.003688,74.125.68.0-255,1484,222794,34,272987
11485,0.003725,74.125.68.0-255,2902,225696,34,272987
11486,0.003729,172.31.33.0-255,66,225762,34,272987
11487,0.003757,74.125.68.0-255,2902,228664,34,272987
11488,0.003761,172.31.33.0-255,66,228730,34,272987
11489,0.003764,74.125.68.0-255,1484,230214,34,272987
11490,0.003787,74.125.68.0-255,7156,237370,34,272987
11491,0.003791,172.31.33.0-255,66,237436,34,272987
11492,0.003818,74.125.68.0-255,1484,238920,34,272987
11493,0.003822,74.125.68.0-255,766,239686,34,272987
11494,0.003825,172.31.33.0-255,66,239752,34,272987
11495,0.003832,74.125.68.0-255,5738,245490,34,272987
11496,0.003835,172.31.33.0-255,66,245556,34,272987
11497,0.003838,74.125.68.0-255,1484,247040,34,272987
11498,0.003848,172.31.33.0-255,66,247106,34,272987
11499,0.003858,172.31.33.0-255,66,247172,34,272987
11500,0.003887,74.125.68.0-255,1484,248656,34,272987
11501,0.003893,74.125.68.0-255,4320,252976,34,272987
11502,0.003896,172.31.33.0-255,66,253042,34,272987
11503,0.003918,74.125.68.0-255,6438,259480,34,272987
11504,0.003921,172.31.33.0-255,66,259546,34,272987
11505,0.003946,172.31.33.0-255,66,259612,34,272987
11506,0.003973,74.125.68.0-255,7156,266768,34,272987
11507,0.003977,172.31.33.0-255,66,266834,34,272987
11508,0.004057,74.125.68.0-255,5745,272579,34,272987
11509,0.004062,172.31.33.0-255,66,272645,34,272987
11510,0.004066,74.125.68.0-255,105,272750,34,272987
11511,0.005942,172.31.33.0-255,66,272816,34,272987
11512,0.006011,172.31.33.0-255,105,272921,34,272987
11513,0.008019,74.125.68.0-255,66,272987,34,272987
11514,0.0,172.217.194.0-255,146,146,34,219311
11515,2.1e-05,172.31.33.0-255,66,212,34,219311
11516,2.7e-05,172.217.194.0-255,1484,1696,34,219311
11517,3.1e-05,172.31.33.0-255,66,1762,34,219311
11518,3.7e-05,172.217.194.0-255,2902,4664,34,219311
11519,3.9e-05,172.31.33.0-255,66,4730,34,219311
11520,4.6e-05,172.217.194.0-255,5738,10468,34,219311
11521,4.8e-05,172.31.33.0-255,66,10534,34,219311
11522,7e-05,172.217.194.0-255,1484,12018,34,219311
11523,7.3e-05,172.31.33.0-255,66,12084,34,219311
11524,7.8e-05,172.217.194.0-255,3459,15543,34,219311
11525,8e-05,172.31.33.0-255,66,15609,34,219311
11526,8.6e-05,172.217.194.0-255,5738,21347,34,219311
11527,8.8e-05,172.31.33.0-255,66,21413,34,219311
11528,0.000116,172.217.194.0-255,7156,28569,34,219311
11529,0.000118,172.31.33.0-255,66,28635,34,219311
11530,0.000129,172.217.194.0-255,2543,31178,34,219311
11531,0.000131,172.31.33.0-255,66,31244,34,219311
11532,0.000164,172.217.194.0-255,1484,32728,34,219311
11533,0.000166,172.31.33.0-255,66,32794,34,219311
11534,0.000171,172.217.194.0-255,2902,35696,34,219311
11535,0.000172,172.31.33.0-255,66,35762,34,219311
11536,0.000177,172.217.194.0-255,4320,40082,34,219311
11537,0.000179,172.31.33.0-255,66,40148,34,219311
11538,0.000194,172.217.194.0-255,1484,41632,34,219311
11539,0.000196,172.31.33.0-255,66,41698,34,219311
11540,0.000225,172.31.33.0-255,66,41764,34,219311
11541,0.00025,172.217.194.0-255,3961,45725,34,219311
11542,0.000252,172.31.33.0-255,66,45791,34,219311
11543,0.000263,172.31.33.0-255,66,45857,34,219311
11544,0.000298,172.217.194.0-255,367,46224,34,219311
11545,0.000328,172.217.194.0-255,1484,47708,34,219311
11546,0.000331,172.31.33.0-255,66,47774,34,219311
11547,0.000334,172.217.194.0-255,1484,49258,34,219311
11548,0.000347,172.217.194.0-255,2902,52160,34,219311
11549,0.00035,172.31.33.0-255,66,52226,34,219311
11550,0.000377,172.31.33.0-255,66,52292,34,219311
11551,0.000383,172.217.194.0-255,5738,58030,34,219311
11552,0.000385,172.31.33.0-255,66,58096,34,219311
11553,0.000399,172.217.194.0-255,4320,62416,34,219311
11554,0.000401,172.31.33.0-255,66,62482,34,219311
11555,0.000419,172.217.194.0-255,2902,65384,34,219311
11556,0.000422,172.31.33.0-255,66,65450,34,219311
11557,0.000442,172.217.194.0-255,5020,70470,34,219311
11558,0.000445,172.31.33.0-255,66,70536,34,219311
11559,0.000608,172.217.194.0-255,1484,72020,34,219311
11560,0.000614,172.217.194.0-255,2902,74922,34,219311
11561,0.000617,172.31.33.0-255,66,74988,34,219311
11562,0.000623,172.217.194.0-255,5738,80726,34,219311
11563,0.000626,172.31.33.0-255,66,80792,34,219311
11564,0.000631,172.217.194.0-255,4320,85112,34,219311
11565,0.000634,172.31.33.0-255,66,85178,34,219311
11566,0.00066,172.31.33.0-255,66,85244,34,219311
11567,0.000671,172.31.33.0-255,66,85310,34,219311
11568,0.00069,172.217.194.0-255,4320,89630,34,219311
11569,0.000692,172.31.33.0-255,66,89696,34,219311
11570,0.000751,172.31.33.0-255,66,89762,34,219311
11571,0.000774,172.217.194.0-255,2902,92664,34,219311
11572,0.000776,172.31.33.0-255,66,92730,34,219311
11573,0.000779,172.217.194.0-255,1484,94214,34,219311
11574,0.000785,172.217.194.0-255,6438,100652,34,219311
11575,0.000787,172.31.33.0-255,66,100718,34,219311
11576,0.000793,172.217.194.0-255,7156,107874,34,219311
11577,0.000795,172.31.33.0-255,66,107940,34,219311
11578,0.000809,172.31.33.0-255,66,108006,34,219311
11579,0.00082,172.31.33.0-255,66,108072,34,219311
11580,0.000884,172.217.194.0-255,1484,109556,34,219311
11581,0.000897,172.217.194.0-255,2902,112458,34,219311
11582,0.0009,172.31.33.0-255,66,112524,34,219311
11583,0.000904,172.217.194.0-255,2902,115426,34,219311
11584,0.000906,172.31.33.0-255,66,115492,34,219311
11585,0.000919,172.217.194.0-255,2902,118394,34,219311
11586,0.000921,172.31.33.0-255,66,118460,34,219311
11587,0.000926,172.217.194.0-255,4320,122780,34,219311
11588,0.000928,172.31.33.0-255,66,122846,34,219311
11589,0.000955,172.31.33.0-255,66,122912,34,219311
11590,0.000966,172.31.33.0-255,66,122978,34,219311
11591,0.000994,172.217.194.0-255,4320,127298,34,219311
11592,0.000997,172.31.33.0-255,66,127364,34,219311
11593,0.001011,172.217.194.0-255,5738,133102,34,219311
11594,0.001014,172.31.33.0-255,66,133168,34,219311
11595,0.00102,172.217.194.0-255,5738,138906,34,219311
11596,0.001022,172.31.33.0-255,66,138972,34,219311
11597,0.00105,172.217.194.0-255,5738,144710,34,219311
11598,0.001056,172.217.194.0-255,7156,151866,34,219311
11599,0.00106,172.31.33.0-255,66,151932,34,219311
11600,0.001063,172.31.33.0-255,66,151998,34,219311
11601,0.001082,172.217.194.0-255,5020,157018,34,219311
11602,0.001084,172.31.33.0-255,66,157084,34,219311
11603,0.001098,172.217.194.0-255,1484,158568,34,219311
11604,0.001108,172.217.194.0-255,1484,160052,34,219311
11605,0.001111,172.31.33.0-255,66,160118,34,219311
11606,0.001133,172.217.194.0-255,1484,161602,34,219311
11607,0.001139,172.217.194.0-255,5738,167340,34,219311
11608,0.001141,172.31.33.0-255,66,167406,34,219311
11609,0.001145,172.217.194.0-255,2902,170308,34,219311
11610,0.001147,172.31.33.0-255,66,170374,34,219311
11611,0.001177,172.217.194.0-255,2902,173276,34,219311
11612,0.00118,172.31.33.0-255,66,173342,34,219311
11613,0.001215,172.217.194.0-255,7156,180498,34,219311
11614,0.001218,172.31.33.0-255,66,180564,34,219311
11615,0.001229,172.31.33.0-255,66,180630,34,219311
11616,0.001286,172.217.194.0-255,1484,182114,34,219311
11617,0.001289,172.217.194.0-255,1484,183598,34,219311
11618,0.001291,172.31.33.0-255,66,183664,34,219311
11619,0.001308,172.217.194.0-255,1484,185148,34,219311
11620,0.001313,172.217.194.0-255,4320,189468,34,219311
11621,0.001315,172.31.33.0-255,66,189534,34,219311
11622,0.001332,172.217.194.0-255,1484,191018,34,219311
11623,0.001334,172.217.194.0-255,1484,192502,34,219311
11624,0.001336,172.31.33.0-255,66,192568,34,219311
11625,0.001372,172.31.33.0-255,66,192634,34,219311
11626,0.001378,172.217.194.0-255,7156,199790,34,219311
11627,0.00138,172.31.33.0-255,66,199856,34,219311
11628,0.00142,172.217.194.0-255,4320,204176,34,219311
11629,0.001424,172.31.33.0-255,66,204242,34,219311
11630,0.001459,172.217.194.0-255,2902,207144,34,219311
11631,0.001462,172.31.33.0-255,66,207210,34,219311
11632,0.001479,172.31.33.0-255,66,207276,34,219311
11633,0.001483,172.217.194.0-255,2902,210178,34,219311
11634,0.001485,172.31.33.0-255,66,210244,34,219311
11635,0.001514,172.31.33.0-255,66,210310,34,219311
11636,0.001529,172.217.194.0-255,2184,212494,34,219311
11637,0.001531,172.31.33.0-255,66,212560,34,219311
11638,0.001541,172.31.33.0-255,66,212626,34,219311
11639,0.001571,172.31.33.0-255,66,212692,34,219311
11640,0.001576,172.217.194.0-255,6211,218903,34,219311
11641,0.001578,172.31.33.0-255,66,218969,34,219311
11642,0.0016,172.217.194.0-255,105,219074,34,219311
11643,0.003893,172.31.33.0-255,66,219140,34,219311
11644,0.003925,172.31.33.0-255,105,219245,34,219311
11645,0.006426,172.217.194.0-255,66,219311,34,219311
11646,0.0,172.217.194.0-255,153,153,34,186947
11647,1.5e-05,172.31.33.0-255,66,219,34,186947
11648,2.1e-05,172.217.194.0-255,1484,1703,34,186947
11649,2.5e-05,172.31.33.0-255,66,1769,34,186947
11650,3e-05,172.217.194.0-255,2902,4671,34,186947
11651,4e-05,172.31.33.0-255,66,4737,34,186947
11652,4.3e-05,172.217.194.0-255,1484,6221,34,186947
11653,4.5e-05,172.31.33.0-255,66,6287,34,186947
11654,7.1e-05,172.217.194.0-255,5738,12025,34,186947
11655,7.4e-05,172.31.33.0-255,66,12091,34,186947
11656,7.8e-05,172.217.194.0-255,2902,14993,34,186947
11657,7.9e-05,172.31.33.0-255,66,15059,34,186947
11658,0.000113,172.31.33.0-255,66,15125,34,186947
11659,0.000141,172.217.194.0-255,6797,21922,34,186947
11660,0.000144,172.31.33.0-255,66,21988,34,186947
11661,0.00015,172.217.194.0-255,5738,27726,34,186947
11662,0.000152,172.31.33.0-255,66,27792,34,186947
11663,0.000177,172.217.194.0-255,1484,29276,34,186947
11664,0.000179,172.31.33.0-255,66,29342,34,186947
11665,0.000193,172.31.33.0-255,66,29408,34,186947
11666,0.000196,172.217.194.0-255,1125,30533,34,186947
11667,0.000198,172.31.33.0-255,66,30599,34,186947
11668,0.000665,172.217.194.0-255,1484,32083,34,186947
11669,0.000672,172.31.33.0-255,66,32149,34,186947
11670,0.000678,172.217.194.0-255,2902,35051,34,186947
11671,0.00068,172.31.33.0-255,66,35117,34,186947
11672,0.000692,172.217.194.0-255,4320,39437,34,186947
11673,0.000694,172.31.33.0-255,66,39503,34,186947
11674,0.000732,172.217.194.0-255,1484,40987,34,186947
11675,0.000736,172.31.33.0-255,66,41053,34,186947
11676,0.000744,172.217.194.0-255,6797,47850,34,186947
11677,0.000746,172.31.33.0-255,66,47916,34,186947
11678,0.000791,172.31.33.0-255,66,47982,34,186947
11679,0.000818,172.217.194.0-255,3124,51106,34,186947
11680,0.000821,172.31.33.0-255,66,51172,34,186947
11681,0.000848,172.217.194.0-255,1484,52656,34,186947
11682,0.000864,172.217.194.0-255,2902,55558,34,186947
11683,0.000867,172.31.33.0-255,66,55624,34,186947
11684,0.000873,172.217.194.0-255,5738,61362,34,186947
11685,0.000876,172.31.33.0-255,66,61428,34,186947
11686,0.000912,172.31.33.0-255,66,61494,34,186947
11687,0.000916,172.217.194.0-255,2902,64396,34,186947
11688,0.000919,172.31.33.0-255,66,64462,34,186947
11689,0.000961,172.31.33.0-255,66,64528,34,186947
11690,0.001031,172.217.194.0-255,1484,66012,34,186947
11691,0.001038,172.217.194.0-255,2902,68914,34,186947
11692,0.001041,172.31.33.0-255,66,68980,34,186947
11693,0.001045,172.217.194.0-255,1484,70464,34,186947
11694,0.001069,172.217.194.0-255,4320,74784,34,186947
11695,0.001072,172.31.33.0-255,66,74850,34,186947
11696,0.001105,172.31.33.0-255,66,74916,34,186947
11697,0.001144,172.31.33.0-255,66,74982,34,186947
11698,0.001171,172.217.194.0-255,4320,79302,34,186947
11699,0.001174,172.31.33.0-255,66,79368,34,186947
11700,0.001186,172.31.33.0-255,66,79434,34,186947
11701,0.001535,172.217.194.0-255,1484,80918,34,186947
11702,0.001541,172.217.194.0-255,2902,83820,34,186947
11703,0.001544,172.31.33.0-255,66,83886,34,186947
11704,0.001575,172.217.194.0-255,5738,89624,34,186947
11705,0.001578,172.31.33.0-255,66,89690,34,186947
11706,0.001582,172.217.194.0-255,2902,92592,34,186947
11707,0.001584,172.31.33.0-255,66,92658,34,186947
11708,0.001621,172.31.33.0-255,66,92724,34,186947
11709,0.001634,172.31.33.0-255,66,92790,34,186947
11710,0.002002,172.217.194.0-255,1484,94274,34,186947
11711,0.002008,172.217.194.0-255,2902,97176,34,186947
11712,0.002011,172.31.33.0-255,66,97242,34,186947
11713,0.002014,172.217.194.0-255,1484,98726,34,186947
11714,0.002057,172.217.194.0-255,4320,103046,34,186947
11715,0.002061,172.31.33.0-255,66,103112,34,186947
11716,0.002068,172.217.194.0-255,7156,110268,34,186947
11717,0.00207,172.31.33.0-255,66,110334,34,186947
11718,0.002087,172.217.194.0-255,7156,117490,34,186947
11719,0.002089,172.31.33.0-255,66,117556,34,186947
11720,0.002127,172.217.194.0-255,7156,124712,34,186947
11721,0.002131,172.217.194.0-255,2184,126896,34,186947
11722,0.002145,172.31.33.0-255,66,126962,34,186947
11723,0.002147,172.31.33.0-255,66,127028,34,186947
11724,0.002155,172.31.33.0-255,66,127094,34,186947
11725,0.002168,172.217.194.0-255,4320,131414,34,186947
11726,0.00217,172.31.33.0-255,66,131480,34,186947
11727,0.002181,172.31.33.0-255,66,131546,34,186947
11728,0.002184,172.217.194.0-255,1484,133030,34,186947
11729,0.002211,172.217.194.0-255,2184,135214,34,186947
11730,0.002213,172.31.33.0-255,66,135280,34,186947
11731,0.002313,172.217.194.0-255,1484,136764,34,186947
11732,0.002327,172.217.194.0-255,2902,139666,34,186947
11733,0.002331,172.31.33.0-255,66,139732,34,186947
11734,0.002334,172.217.194.0-255,1484,141216,34,186947
11735,0.00236,172.217.194.0-255,4320,145536,34,186947
11736,0.002363,172.31.33.0-255,66,145602,34,186947
11737,0.002368,172.217.194.0-255,4320,149922,34,186947
11738,0.00237,172.31.33.0-255,66,149988,34,186947
11739,0.002398,172.31.33.0-255,66,150054,34,186947
11740,0.002401,172.217.194.0-255,2902,152956,34,186947
11741,0.002403,172.31.33.0-255,66,153022,34,186947
11742,0.002406,172.217.194.0-255,1484,154506,34,186947
11743,0.002412,172.217.194.0-255,5738,160244,34,186947
11744,0.002414,172.31.33.0-255,66,160310,34,186947
11745,0.002416,172.217.194.0-255,766,161076,34,186947
11746,0.002468,172.217.194.0-255,1484,162560,34,186947
11747,0.002471,172.31.33.0-255,66,162626,34,186947
11748,0.002475,172.217.194.0-255,1484,164110,34,186947
11749,0.002497,172.217.194.0-255,1484,165594,34,186947
11750,0.0025,172.31.33.0-255,66,165660,34,186947
11751,0.002506,172.217.194.0-255,5738,171398,34,186947
11752,0.002508,172.31.33.0-255,66,171464,34,186947
11753,0.002545,172.31.33.0-255,66,171530,34,186947
11754,0.002547,172.217.194.0-255,1484,173014,34,186947
11755,0.002556,172.31.33.0-255,66,173080,34,186947
11756,0.002594,172.31.33.0-255,66,173146,34,186947
11757,0.002598,172.217.194.0-255,2902,176048,34,186947
11758,0.0026,172.31.33.0-255,66,176114,34,186947
11759,0.002602,172.217.194.0-255,1484,177598,34,186947
11760,0.002611,172.217.194.0-255,2902,180500,34,186947
11761,0.002613,172.31.33.0-255,66,180566,34,186947
11762,0.002644,172.217.194.0-255,1484,182050,34,186947
11763,0.002671,172.31.33.0-255,66,182116,34,186947
11764,0.002681,172.31.33.0-255,66,182182,34,186947
11765,0.002695,172.31.33.0-255,66,182248,34,186947
11766,0.002709,172.31.33.0-255,66,182314,34,186947
11767,0.002711,172.217.194.0-255,105,182419,34,186947
11768,0.004906,172.31.33.0-255,66,182485,34,186947
11769,0.004979,172.31.33.0-255,105,182590,34,186947
11770,0.007335,172.217.194.0-255,66,182656,34,186947
11771,0.035624,172.31.33.0-255,172,182828,34,186947
11772,0.035669,172.31.33.0-255,1112,183940,34,186947
11773,0.035764,172.31.33.0-255,1514,185454,34,186947
11774,0.035767,172.31.33.0-255,1295,186749,34,186947
11775,0.03719,104.244.42.0-255,66,186815,34,186947
11776,0.037234,104.244.42.0-255,66,186881,34,186947
11777,0.037343,104.244.42.0-255,66,186947,34,186947
11778,0.0,74.125.24.0-255,153,153,34,179609
11779,1.3e-05,172.31.33.0-255,66,219,34,179609
11780,1.9e-05,74.125.24.0-255,1484,1703,34,179609
11781,2.3e-05,172.31.33.0-255,66,1769,34,179609
11782,2.8e-05,74.125.24.0-255,2902,4671,34,179609
11783,3.1e-05,172.31.33.0-255,66,4737,34,179609
11784,4.5e-05,74.125.24.0-255,7156,11893,34,179609
11785,4.8e-05,172.31.33.0-255,66,11959,34,179609
11786,9e-05,74.125.24.0-255,1994,13953,34,179609
11787,9.2e-05,172.31.33.0-255,66,14019,34,179609
11788,0.000215,74.125.24.0-255,1484,15503,34,179609
11789,0.000219,172.31.33.0-255,66,15569,34,179609
11790,0.000225,74.125.24.0-255,2902,18471,34,179609
11791,0.000227,172.31.33.0-255,66,18537,34,179609
11792,0.000231,74.125.24.0-255,2902,21439,34,179609
11793,0.000233,172.31.33.0-255,66,21505,34,179609
11794,0.000258,74.125.24.0-255,2902,24407,34,179609
11795,0.000259,172.31.33.0-255,66,24473,34,179609
11796,0.000286,172.31.33.0-255,66,24539,34,179609
11797,0.000308,74.125.24.0-255,5379,29918,34,179609
11798,0.00031,172.31.33.0-255,66,29984,34,179609
11799,0.000322,172.31.33.0-255,66,30050,34,179609
11800,0.000345,74.125.24.0-255,4320,34370,34,179609
11801,0.000347,172.31.33.0-255,66,34436,34,179609
11802,0.000382,172.31.33.0-255,66,34502,34,179609
11803,0.000487,74.125.24.0-255,113,34615,34,179609
11804,0.000491,172.31.33.0-255,66,34681,34,179609
11805,0.000541,74.125.24.0-255,332,35013,34,179609
11806,0.000545,172.31.33.0-255,66,35079,34,179609
11807,0.000826,74.125.24.0-255,1484,36563,34,179609
11808,0.000832,74.125.24.0-255,2902,39465,34,179609
11809,0.000835,172.31.33.0-255,66,39531,34,179609
11810,0.000841,74.125.24.0-255,4320,43851,34,179609
11811,0.000864,74.125.24.0-255,1484,45335,34,179609
11812,0.00088,172.31.33.0-255,66,45401,34,179609
11813,0.000893,74.125.24.0-255,1484,46885,34,179609
11814,0.000936,172.31.33.0-255,66,46951,34,179609
11815,0.001032,74.125.24.0-255,1484,48435,34,179609
11816,0.001047,74.125.24.0-255,2902,51337,34,179609
11817,0.001073,74.125.24.0-255,1484,52821,34,179609
11818,0.001083,172.31.33.0-255,66,52887,34,179609
11819,0.001095,74.125.24.0-255,4320,57207,34,179609
11820,0.001133,172.31.33.0-255,66,57273,34,179609
11821,0.001141,74.125.24.0-255,2184,59457,34,179609
11822,0.001146,172.31.33.0-255,66,59523,34,179609
11823,0.001209,74.125.24.0-255,1484,61007,34,179609
11824,0.00122,74.125.24.0-255,2902,63909,34,179609
11825,0.001223,172.31.33.0-255,66,63975,34,179609
11826,0.001229,74.125.24.0-255,5738,69713,34,179609
11827,0.00125,172.31.33.0-255,66,69779,34,179609
11828,0.001255,74.125.24.0-255,4320,74099,34,179609
11829,0.001259,172.31.33.0-255,66,74165,34,179609
11830,0.001279,74.125.24.0-255,4320,78485,34,179609
11831,0.001293,172.31.33.0-255,66,78551,34,179609
11832,0.00131,74.125.24.0-255,5738,84289,34,179609
11833,0.001337,172.31.33.0-255,66,84355,34,179609
11834,0.001344,74.125.24.0-255,1484,85839,34,179609
11835,0.001362,74.125.24.0-255,2902,88741,34,179609
11836,0.001364,74.125.24.0-255,1484,90225,34,179609
11837,0.001372,172.31.33.0-255,66,90291,34,179609
11838,0.001381,74.125.24.0-255,4320,94611,34,179609
11839,0.001385,172.31.33.0-255,66,94677,34,179609
11840,0.001451,172.31.33.0-255,66,94743,34,179609
11841,0.001464,74.125.24.0-255,1484,96227,34,179609
11842,0.001494,74.125.24.0-255,2902,99129,34,179609
11843,0.001501,172.31.33.0-255,66,99195,34,179609
11844,0.001544,74.125.24.0-255,2184,101379,34,179609
11845,0.001559,172.31.33.0-255,66,101445,34,179609
11846,0.00161,74.125.24.0-255,1484,102929,34,179609
11847,0.001631,74.125.24.0-255,2902,105831,34,179609
11848,0.001638,172.31.33.0-255,66,105897,34,179609
11849,0.001659,74.125.24.0-255,5738,111635,34,179609
11850,0.001663,74.125.24.0-255,2902,114537,34,179609
11851,0.00167,172.31.33.0-255,66,114603,34,179609
11852,0.001702,74.125.24.0-255,5738,120341,34,179609
11853,0.001707,172.31.33.0-255,66,120407,34,179609
11854,0.001735,74.125.24.0-255,7156,127563,34,179609
11855,0.001741,172.31.33.0-255,66,127629,34,179609
11856,0.001773,172.31.33.0-255,66,127695,34,179609
11857,0.001857,74.125.24.0-255,1484,129179,34,179609
11858,0.001869,74.125.24.0-255,2902,132081,34,179609
11859,0.001873,74.125.24.0-255,2902,134983,34,179609
11860,0.001883,172.31.33.0-255,66,135049,34,179609
11861,0.001894,74.125.24.0-255,2902,137951,34,179609
11862,0.001898,74.125.24.0-255,2902,140853,34,179609
11863,0.001984,74.125.24.0-255,766,141619,34,179609
11864,0.001994,172.31.33.0-255,66,141685,34,179609
11865,0.002024,74.125.24.0-255,1484,143169,34,179609
11866,0.002029,74.125.24.0-255,2902,146071,34,179609
11867,0.002035,74.125.24.0-255,4320,150391,34,179609
11868,0.002047,74.125.24.0-255,1484,151875,34,179609
11869,0.002052,172.31.33.0-255,66,151941,34,179609
11870,0.002064,74.125.24.0-255,7156,159097,34,179609
11871,0.00207,172.31.33.0-255,66,159163,34,179609
11872,0.002103,74.125.24.0-255,5738,164901,34,179609
11873,0.002119,172.31.33.0-255,66,164967,34,179609
11874,0.002131,74.125.24.0-255,4320,169287,34,179609
11875,0.002184,172.31.33.0-255,66,169353,34,179609
11876,0.00223,172.31.33.0-255,66,169419,34,179609
11877,0.002258,74.125.24.0-255,4903,174322,34,179609
11878,0.002261,74.125.24.0-255,105,174427,34,179609
11879,0.002269,172.31.33.0-255,66,174493,34,179609
11880,0.002294,74.125.24.0-255,129,174622,34,179609
11881,0.009372,172.31.33.0-255,105,174727,34,179609
11882,0.00941,172.31.33.0-255,105,174832,34,179609
11883,0.009661,172.31.33.0-255,90,174922,34,179609
11884,0.009668,172.31.33.0-255,66,174988,34,179609
11885,0.011665,74.125.24.0-255,66,175054,34,179609
11886,0.011687,74.125.24.0-255,66,175120,34,179609
11887,0.011923,74.125.24.0-255,66,175186,34,179609
11888,0.011955,74.125.24.0-255,66,175252,34,179609
11889,0.011961,172.31.33.0-255,66,175318,34,179609
11890,0.030641,172.31.33.0-255,172,175490,34,179609
11891,0.030669,172.31.33.0-255,1112,176602,34,179609
11892,0.030745,172.31.33.0-255,1514,178116,34,179609
11893,0.030746,172.31.33.0-255,1295,179411,34,179609
11894,0.032159,104.244.42.0-255,66,179477,34,179609
11895,0.032202,104.244.42.0-255,66,179543,34,179609
11896,0.032296,104.244.42.0-255,66,179609,34,179609
11897,0.0,172.31.33.0-255,105,105,34,342
11898,0.002232,172.217.194.0-255,66,171,34,342
11899,0.002272,172.217.194.0-255,105,276,34,342
11900,0.002276,172.31.33.0-255,66,342,34,342
11901,0.0,74.125.24.0-255,152,152,34,236868
11902,1.5e-05,172.31.33.0-255,66,218,34,236868
11903,2.1e-05,74.125.24.0-255,1484,1702,34,236868
11904,2.5e-05,172.31.33.0-255,66,1768,34,236868
11905,3e-05,74.125.24.0-255,2902,4670,34,236868
11906,3.2e-05,172.31.33.0-255,66,4736,34,236868
11907,3.9e-05,74.125.24.0-255,7156,11892,34,236868
11908,4.2e-05,172.31.33.0-255,66,11958,34,236868
11909,9.1e-05,172.31.33.0-255,66,12024,34,236868
11910,0.000122,172.31.33.0-255,66,12090,34,236868
11911,0.000243,74.125.24.0-255,1484,13574,34,236868
11912,0.000247,172.31.33.0-255,66,13640,34,236868
11913,0.000262,74.125.24.0-255,2902,16542,34,236868
11914,0.000264,172.31.33.0-255,66,16608,34,236868
11915,0.000269,74.125.24.0-255,4320,20928,34,236868
11916,0.000272,172.31.33.0-255,66,20994,34,236868
11917,0.00029,74.125.24.0-255,1484,22478,34,236868
11918,0.000292,172.31.33.0-255,66,22544,34,236868
11919,0.000312,74.125.24.0-255,7156,29700,34,236868
11920,0.000314,172.31.33.0-255,66,29766,34,236868
11921,0.000332,74.125.24.0-255,6797,36563,34,236868
11922,0.000335,172.31.33.0-255,66,36629,34,236868
11923,0.000375,172.31.33.0-255,66,36695,34,236868
11924,0.000378,74.125.24.0-255,131,36826,34,236868
11925,0.00038,172.31.33.0-255,66,36892,34,236868
11926,0.000513,74.125.24.0-255,1484,38376,34,236868
11927,0.000518,172.31.33.0-255,66,38442,34,236868
11928,0.000523,74.125.24.0-255,2902,41344,34,236868
11929,0.000525,172.31.33.0-255,66,41410,34,236868
11930,0.000554,74.125.24.0-255,5738,47148,34,236868
11931,0.000558,172.31.33.0-255,66,47214,34,236868
11932,0.000574,74.125.24.0-255,5738,52952,34,236868
11933,0.000578,172.31.33.0-255,66,53018,34,236868
11934,0.000597,74.125.24.0-255,5379,58397,34,236868
11935,0.0006,172.31.33.0-255,66,58463,34,236868
11936,0.000612,172.31.33.0-255,66,58529,34,236868
11937,0.000625,74.125.24.0-255,1484,60013,34,236868
11938,0.000629,74.125.24.0-255,1125,61138,34,236868
11939,0.000631,172.31.33.0-255,66,61204,34,236868
11940,0.000645,74.125.24.0-255,351,61555,34,236868
11941,0.000843,74.125.24.0-255,1484,63039,34,236868
11942,0.000849,172.31.33.0-255,66,63105,34,236868
11943,0.000855,74.125.24.0-255,2902,66007,34,236868
11944,0.000857,172.31.33.0-255,66,66073,34,236868
11945,0.000865,74.125.24.0-255,5738,71811,34,236868
11946,0.000866,172.31.33.0-255,66,71877,34,236868
11947,0.000869,74.125.24.0-255,1484,73361,34,236868
11948,0.000904,172.31.33.0-255,66,73427,34,236868
11949,0.00093,172.31.33.0-255,66,73493,34,236868
11950,0.000951,74.125.24.0-255,2902,76395,34,236868
11951,0.000953,172.31.33.0-255,66,76461,34,236868
11952,0.000969,74.125.24.0-255,2184,78645,34,236868
11953,0.000972,172.31.33.0-255,66,78711,34,236868
11954,0.001061,74.125.24.0-255,1484,80195,34,236868
11955,0.001072,74.125.24.0-255,2902,83097,34,236868
11956,0.001075,172.31.33.0-255,66,83163,34,236868
11957,0.001078,74.125.24.0-255,1484,84647,34,236868
11958,0.001097,74.125.24.0-255,4320,88967,34,236868
11959,0.001099,172.31.33.0-255,66,89033,34,236868
11960,0.001139,172.31.33.0-255,66,89099,34,236868
11961,0.001142,74.125.24.0-255,1484,90583,34,236868
11962,0.001173,172.31.33.0-255,66,90649,34,236868
11963,0.00139,74.125.24.0-255,1484,92133,34,236868
11964,0.00141,74.125.24.0-255,2902,95035,34,236868
11965,0.001414,172.31.33.0-255,66,95101,34,236868
11966,0.00142,74.125.24.0-255,5738,100839,34,236868
11967,0.001422,172.31.33.0-255,66,100905,34,236868
11968,0.001427,74.125.24.0-255,5738,106643,34,236868
11969,0.001429,172.31.33.0-255,66,106709,34,236868
11970,0.001443,74.125.24.0-255,5738,112447,34,236868
11971,0.001459,172.31.33.0-255,66,112513,34,236868
11972,0.001466,74.125.24.0-255,7156,119669,34,236868
11973,0.0015,74.125.24.0-255,1484,121153,34,236868
11974,0.001504,172.31.33.0-255,66,121219,34,236868
11975,0.001516,74.125.24.0-255,3602,124821,34,236868
11976,0.00152,74.125.24.0-255,4320,129141,34,236868
11977,0.001532,172.31.33.0-255,66,129207,34,236868
11978,0.001544,74.125.24.0-255,1484,130691,34,236868
11979,0.00155,74.125.24.0-255,7156,137847,34,236868
11980,0.001557,74.125.24.0-255,7156,145003,34,236868
11981,0.001574,74.125.24.0-255,7156,152159,34,236868
11982,0.001581,74.125.24.0-255,6438,158597,34,236868
11983,0.00159,172.31.33.0-255,66,158663,34,236868
11984,0.001674,74.125.24.0-255,1484,160147,34,236868
11985,0.001677,74.125.24.0-255,1484,161631,34,236868
11986,0.001682,172.31.33.0-255,66,161697,34,236868
11987,0.001695,74.125.24.0-255,1484,163181,34,236868
11988,0.0017,74.125.24.0-255,5738,168919,34,236868
11989,0.001714,172.31.33.0-255,66,168985,34,236868
11990,0.001728,74.125.24.0-255,5738,174723,34,236868
11991,0.001747,74.125.24.0-255,7156,181879,34,236868
11992,0.001757,172.31.33.0-255,66,181945,34,236868
11993,0.001778,74.125.24.0-255,4320,186265,34,236868
11994,0.001782,172.31.33.0-255,66,186331,34,236868
11995,0.0018,74.125.24.0-255,6438,192769,34,236868
11996,0.001804,74.125.24.0-255,2902,195671,34,236868
11997,0.001825,74.125.24.0-255,1484,197155,34,236868
11998,0.001829,172.31.33.0-255,66,197221,34,236868
11999,0.001857,74.125.24.0-255,2902,200123,34,236868
12000,0.001862,172.31.33.0-255,66,200189,34,236868
12001,0.001898,172.31.33.0-255,66,200255,34,236868
12002,0.001915,172.31.33.0-255,66,200321,34,236868
12003,0.001922,74.125.24.0-255,1484,201805,34,236868
12004,0.001953,74.125.24.0-255,1484,203289,34,236868
12005,0.001955,172.31.33.0-255,66,203355,34,236868
12006,0.001976,74.125.24.0-255,2902,206257,34,236868
12007,0.002015,172.31.33.0-255,66,206323,34,236868
12008,0.002037,74.125.24.0-255,7156,213479,34,236868
12009,0.002041,172.31.33.0-255,66,213545,34,236868
12010,0.002048,74.125.24.0-255,2184,215729,34,236868
12011,0.002065,172.31.33.0-255,66,215795,34,236868
12012,0.002102,74.125.24.0-255,1484,217279,34,236868
12013,0.002117,74.125.24.0-255,2902,220181,34,236868
12014,0.002119,74.125.24.0-255,1484,221665,34,236868
12015,0.002132,74.125.24.0-255,4320,225985,34,236868
12016,0.002166,172.31.33.0-255,66,226051,34,236868
12017,0.002186,74.125.24.0-255,6116,232167,34,236868
12018,0.002204,172.31.33.0-255,66,232233,34,236868
12019,0.00222,74.125.24.0-255,105,232338,34,236868
12020,0.004016,172.31.33.0-255,66,232404,34,236868
12021,0.004051,172.31.33.0-255,105,232509,34,236868
12022,0.006081,74.125.24.0-255,66,232575,34,236868
12023,0.02751,172.31.33.0-255,172,232747,34,236868
12024,0.027542,172.31.33.0-255,1112,233859,34,236868
12025,0.0276,172.31.33.0-255,1514,235373,34,236868
12026,0.027601,172.31.33.0-255,1297,236670,34,236868
12027,0.029051,104.244.42.0-255,66,236736,34,236868
12028,0.029107,104.244.42.0-255,66,236802,34,236868
12029,0.029111,104.244.42.0-255,66,236868,34,236868
12030,0.0,74.125.24.0-255,146,146,34,238016
12031,2.7e-05,172.31.33.0-255,66,212,34,238016
12032,3.3e-05,74.125.24.0-255,1484,1696,34,238016
12033,3.8e-05,172.31.33.0-255,66,1762,34,238016
12034,4.1e-05,74.125.24.0-255,1484,3246,34,238016
12035,5e-05,172.31.33.0-255,66,3312,34,238016
12036,7.3e-05,74.125.24.0-255,1484,4796,34,238016
12037,7.6e-05,172.31.33.0-255,66,4862,34,238016
12038,8.2e-05,74.125.24.0-255,4320,9182,34,238016
12039,8.4e-05,172.31.33.0-255,66,9248,34,238016
12040,0.000115,74.125.24.0-255,1484,10732,34,238016
12041,0.000118,172.31.33.0-255,66,10798,34,238016
12042,0.000129,172.31.33.0-255,66,10864,34,238016
12043,0.00014,172.31.33.0-255,66,10930,34,238016
12044,0.000143,74.125.24.0-255,1484,12414,34,238016
12045,0.000145,172.31.33.0-255,66,12480,34,238016
12046,0.000175,74.125.24.0-255,2543,15023,34,238016
12047,0.00018,172.31.33.0-255,66,15089,34,238016
12048,0.000206,74.125.24.0-255,7156,22245,34,238016
12049,0.00021,172.31.33.0-255,66,22311,34,238016
12050,0.000225,74.125.24.0-255,2902,25213,34,238016
12051,0.000228,172.31.33.0-255,66,25279,34,238016
12052,0.000254,74.125.24.0-255,1484,26763,34,238016
12053,0.000257,172.31.33.0-255,66,26829,34,238016
12054,0.000284,74.125.24.0-255,5379,32208,34,238016
12055,0.000288,172.31.33.0-255,66,32274,34,238016
12056,0.000605,74.125.24.0-255,1484,33758,34,238016
12057,0.000611,172.31.33.0-255,66,33824,34,238016
12058,0.000618,74.125.24.0-255,2902,36726,34,238016
12059,0.000621,172.31.33.0-255,66,36792,34,238016
12060,0.000647,74.125.24.0-255,2902,39694,34,238016
12061,0.000651,172.31.33.0-255,66,39760,34,238016
12062,0.000675,74.125.24.0-255,2902,42662,34,238016
12063,0.000679,172.31.33.0-255,66,42728,34,238016
12064,0.000681,74.125.24.0-255,6797,49525,34,238016
12065,0.000684,172.31.33.0-255,66,49591,34,238016
12066,0.000761,74.125.24.0-255,1484,51075,34,238016
12067,0.000782,74.125.24.0-255,2902,53977,34,238016
12068,0.000785,172.31.33.0-255,66,54043,34,238016
12069,0.000815,74.125.24.0-255,5738,59781,34,238016
12070,0.000819,172.31.33.0-255,66,59847,34,238016
12071,0.000827,74.125.24.0-255,6797,66644,34,238016
12072,0.00083,172.31.33.0-255,66,66710,34,238016
12073,0.000853,74.125.24.0-255,4320,71030,34,238016
12074,0.000857,172.31.33.0-255,66,71096,34,238016
12075,0.000895,172.31.33.0-255,66,71162,34,238016
12076,0.0009,74.125.24.0-255,3122,74284,34,238016
12077,0.000902,172.31.33.0-255,66,74350,34,238016
12078,0.001801,74.125.24.0-255,1484,75834,34,238016
12079,0.001813,74.125.24.0-255,2902,78736,34,238016
12080,0.001817,172.31.33.0-255,66,78802,34,238016
12081,0.001825,74.125.24.0-255,5738,84540,34,238016
12082,0.001827,172.31.33.0-255,66,84606,34,238016
12083,0.001839,74.125.24.0-255,7156,91762,34,238016
12084,0.001841,172.31.33.0-255,66,91828,34,238016
12085,0.001854,172.31.33.0-255,66,91894,34,238016
12086,0.001883,74.125.24.0-255,2184,94078,34,238016
12087,0.001885,172.31.33.0-255,66,94144,34,238016
12088,0.002398,74.125.24.0-255,1484,95628,34,238016
12089,0.002417,74.125.24.0-255,2902,98530,34,238016
12090,0.002419,172.31.33.0-255,66,98596,34,238016
12091,0.002473,74.125.24.0-255,5738,104334,34,238016
12092,0.002475,172.31.33.0-255,66,104400,34,238016
12093,0.002491,172.31.33.0-255,66,104466,34,238016
12094,0.002494,74.125.24.0-255,1484,105950,34,238016
12095,0.002496,74.125.24.0-255,1484,107434,34,238016
12096,0.002498,172.31.33.0-255,66,107500,34,238016
12097,0.002525,74.125.24.0-255,7156,114656,34,238016
12098,0.002528,172.31.33.0-255,66,114722,34,238016
12099,0.002532,74.125.24.0-255,3602,118324,34,238016
12100,0.002534,172.31.33.0-255,66,118390,34,238016
12101,0.003007,74.125.24.0-255,1484,119874,34,238016
12102,0.003171,74.125.24.0-255,2902,122776,34,238016
12103,0.003174,172.31.33.0-255,66,122842,34,238016
12104,0.003177,74.125.24.0-255,1484,124326,34,238016
12105,0.003183,74.125.24.0-255,5738,130064,34,238016
12106,0.003185,172.31.33.0-255,66,130130,34,238016
12107,0.003196,74.125.24.0-255,7156,137286,34,238016
12108,0.003198,172.31.33.0-255,66,137352,34,238016
12109,0.003205,74.125.24.0-255,7156,144508,34,238016
12110,0.003207,172.31.33.0-255,66,144574,34,238016
12111,0.00321,74.125.24.0-255,1484,146058,34,238016
12112,0.003212,74.125.24.0-255,1484,147542,34,238016
12113,0.003214,172.31.33.0-255,66,147608,34,238016
12114,0.003218,74.125.24.0-255,2902,150510,34,238016
12115,0.00322,172.31.33.0-255,66,150576,34,238016
12116,0.003262,74.125.24.0-255,2184,152760,34,238016
12117,0.003264,172.31.33.0-255,66,152826,34,238016
12118,0.003634,74.125.24.0-255,1484,154310,34,238016
12119,0.003645,74.125.24.0-255,1484,155794,34,238016
12120,0.003647,172.31.33.0-255,66,155860,34,238016
12121,0.003657,74.125.24.0-255,1484,157344,34,238016
12122,0.003666,74.125.24.0-255,2902,160246,34,238016
12123,0.003668,172.31.33.0-255,66,160312,34,238016
12124,0.003691,74.125.24.0-255,2902,163214,34,238016
12125,0.003693,172.31.33.0-255,66,163280,34,238016
12126,0.003698,74.125.24.0-255,2902,166182,34,238016
12127,0.0037,172.31.33.0-255,66,166248,34,238016
12128,0.003741,172.31.33.0-255,66,166314,34,238016
12129,0.003747,74.125.24.0-255,7156,173470,34,238016
12130,0.003749,172.31.33.0-255,66,173536,34,238016
12131,0.003771,74.125.24.0-255,4320,177856,34,238016
12132,0.003773,172.31.33.0-255,66,177922,34,238016
12133,0.003834,172.31.33.0-255,66,177988,34,238016
12134,0.003845,172.31.33.0-255,66,178054,34,238016
12135,0.003873,74.125.24.0-255,6438,184492,34,238016
12136,0.003876,172.31.33.0-255,66,184558,34,238016
12137,0.003896,74.125.24.0-255,1484,186042,34,238016
12138,0.0039,74.125.24.0-255,1484,187526,34,238016
12139,0.003902,172.31.33.0-255,66,187592,34,238016
12140,0.003933,74.125.24.0-255,1484,189076,34,238016
12141,0.00394,74.125.24.0-255,4320,193396,34,238016
12142,0.003944,172.31.33.0-255,66,193462,34,238016
12143,0.003949,74.125.24.0-255,5738,199200,34,238016
12144,0.003952,172.31.33.0-255,66,199266,34,238016
12145,0.003965,172.31.33.0-255,66,199332,34,238016
12146,0.003971,74.125.24.0-255,4320,203652,34,238016
12147,0.003973,172.31.33.0-255,66,203718,34,238016
12148,0.004004,74.125.24.0-255,3602,207320,34,238016
12149,0.004008,172.31.33.0-255,66,207386,34,238016
12150,0.004013,74.125.24.0-255,4320,211706,34,238016
12151,0.004016,172.31.33.0-255,66,211772,34,238016
12152,0.004052,74.125.24.0-255,5738,217510,34,238016
12153,0.004055,172.31.33.0-255,66,217576,34,238016
12154,0.004067,172.31.33.0-255,66,217642,34,238016
12155,0.004107,74.125.24.0-255,5738,223380,34,238016
12156,0.00411,172.31.33.0-255,66,223446,34,238016
12157,0.004149,74.125.24.0-255,6438,229884,34,238016
12158,0.004153,172.31.33.0-255,66,229950,34,238016
12159,0.004174,172.31.33.0-255,66,230016,34,238016
12160,0.004184,172.31.33.0-255,66,230082,34,238016
12161,0.004227,172.31.33.0-255,66,230148,34,238016
12162,0.004242,172.31.33.0-255,66,230214,34,238016
12163,0.004247,74.125.24.0-255,2929,233143,34,238016
12164,0.00425,172.31.33.0-255,66,233209,34,238016
12165,0.004298,74.125.24.0-255,105,233314,34,238016
12166,0.006237,172.31.33.0-255,66,233380,34,238016
12167,0.006261,172.31.33.0-255,105,233485,34,238016
12168,0.008558,74.125.24.0-255,66,233551,34,238016
12169,0.028189,172.31.33.0-255,172,233723,34,238016
12170,0.028214,172.31.33.0-255,1113,234836,34,238016
12171,0.028252,172.31.33.0-255,1514,236350,34,238016
12172,0.028253,172.31.33.0-255,1294,237644,34,238016
12173,0.029711,104.244.42.0-255,66,237710,34,238016
12174,0.02975,104.244.42.0-255,66,237776,34,238016
12175,0.029801,104.244.42.0-255,66,237842,34,238016
12176,0.030681,104.244.42.0-255,108,237950,34,238016
12177,0.030697,172.31.33.0-255,66,238016,34,238016
12178,0.0,172.217.194.0-255,431,431,34,129498
12179,2.5e-05,172.217.194.0-255,1484,1915,34,129498
12180,3.3e-05,172.31.33.0-255,66,1981,34,129498
12181,4.2e-05,172.217.194.0-255,4320,6301,34,129498
12182,4.4e-05,172.31.33.0-255,66,6367,34,129498
12183,7.1e-05,172.217.194.0-255,4320,10687,34,129498
12184,7.3e-05,172.31.33.0-255,66,10753,34,129498
12185,0.000189,172.217.194.0-255,3472,14225,34,129498
12186,0.000193,172.31.33.0-255,66,14291,34,129498
12187,0.000339,172.217.194.0-255,4320,18611,34,129498
12188,0.000345,172.31.33.0-255,66,18677,34,129498
12189,0.000514,172.217.194.0-255,5738,24415,34,129498
12190,0.000519,172.31.33.0-255,66,24481,34,129498
12191,0.000539,172.217.194.0-255,4320,28801,34,129498
12192,0.000542,172.31.33.0-255,66,28867,34,129498
12193,0.002308,172.217.194.0-255,7124,35991,34,129498
12194,0.002315,172.31.33.0-255,66,36057,34,129498
12195,0.002436,172.31.33.0-255,66,36123,34,129498
12196,0.002703,172.217.194.0-255,1484,37607,34,129498
12197,0.002747,172.31.33.0-255,66,37673,34,129498
12198,0.003277,172.217.194.0-255,2902,40575,34,129498
12199,0.003282,172.31.33.0-255,66,40641,34,129498
12200,0.003435,172.31.33.0-255,66,40707,34,129498
12201,0.003457,172.31.33.0-255,66,40773,34,129498
12202,0.004156,172.217.194.0-255,5738,46511,34,129498
12203,0.00416,172.31.33.0-255,66,46577,34,129498
12204,0.00419,172.217.194.0-255,2902,49479,34,129498
12205,0.004196,172.31.33.0-255,66,49545,34,129498
12206,0.004798,172.31.33.0-255,66,49611,34,129498
12207,0.007603,172.217.194.0-255,1484,51095,34,129498
12208,0.007626,172.217.194.0-255,2902,53997,34,129498
12209,0.007631,172.31.33.0-255,66,54063,34,129498
12210,0.007654,172.217.194.0-255,4320,58383,34,129498
12211,0.007687,172.31.33.0-255,66,58449,34,129498
12212,0.00771,172.217.194.0-255,5738,64187,34,129498
12213,0.007714,172.31.33.0-255,66,64253,34,129498
12214,0.007783,172.217.194.0-255,1484,65737,34,129498
12215,0.007808,172.31.33.0-255,66,65803,34,129498
12216,0.007957,172.217.194.0-255,4320,70123,34,129498
12217,0.007961,172.31.33.0-255,66,70189,34,129498
12218,0.007989,172.217.194.0-255,3602,73791,34,129498
12219,0.007991,172.31.33.0-255,66,73857,34,129498
12220,0.008069,172.217.194.0-255,1484,75341,34,129498
12221,0.008157,172.31.33.0-255,66,75407,34,129498
12222,0.008172,172.217.194.0-255,1484,76891,34,129498
12223,0.008492,172.217.194.0-255,5020,81911,34,129498
12224,0.008497,172.31.33.0-255,66,81977,34,129498
12225,0.008563,172.217.194.0-255,4320,86297,34,129498
12226,0.008568,172.31.33.0-255,66,86363,34,129498
12227,0.00858,172.217.194.0-255,1484,87847,34,129498
12228,0.008651,172.217.194.0-255,5738,93585,34,129498
12229,0.008655,172.31.33.0-255,66,93651,34,129498
12230,0.008676,172.217.194.0-255,7156,100807,34,129498
12231,0.008679,172.31.33.0-255,66,100873,34,129498
12232,0.008836,172.217.194.0-255,7156,108029,34,129498
12233,0.008841,172.31.33.0-255,66,108095,34,129498
12234,0.00888,172.31.33.0-255,66,108161,34,129498
12235,0.009052,172.217.194.0-255,1484,109645,34,129498
12236,0.009193,172.217.194.0-255,1874,111519,34,129498
12237,0.009198,172.31.33.0-255,66,111585,34,129498
12238,0.010103,172.31.33.0-255,66,111651,34,129498
12239,0.01019,172.31.33.0-255,66,111717,34,129498
12240,0.010436,172.217.194.0-255,5738,117455,34,129498
12241,0.010441,172.31.33.0-255,66,117521,34,129498
12242,0.010491,172.31.33.0-255,66,117587,34,129498
12243,0.010531,172.31.33.0-255,66,117653,34,129498
12244,0.011247,172.217.194.0-255,7156,124809,34,129498
12245,0.011253,172.31.33.0-255,66,124875,34,129498
12246,0.011298,172.31.33.0-255,66,124941,34,129498
12247,0.012009,172.217.194.0-255,4320,129261,34,129498
12248,0.014476,172.31.33.0-255,66,129327,34,129498
12249,0.015636,172.31.33.0-255,105,129432,34,129498
12250,0.01787,172.217.194.0-255,66,129498,34,129498
12251,0.0,74.125.24.0-255,150,150,34,213709
12252,3.2e-05,172.31.33.0-255,66,216,34,213709
12253,4e-05,74.125.24.0-255,1484,1700,34,213709
12254,4.5e-05,172.31.33.0-255,66,1766,34,213709
12255,5e-05,74.125.24.0-255,2902,4668,34,213709
12256,5.3e-05,172.31.33.0-255,66,4734,34,213709
12257,6e-05,74.125.24.0-255,7156,11890,34,213709
12258,6.3e-05,172.31.33.0-255,66,11956,34,213709
12259,8.6e-05,74.125.24.0-255,2066,14022,34,213709
12260,8.8e-05,172.31.33.0-255,66,14088,34,213709
12261,0.000154,74.125.24.0-255,1484,15572,34,213709
12262,0.000157,172.31.33.0-255,66,15638,34,213709
12263,0.000162,74.125.24.0-255,2902,18540,34,213709
12264,0.000164,172.31.33.0-255,66,18606,34,213709
12265,0.000212,74.125.24.0-255,5738,24344,34,213709
12266,0.000215,172.31.33.0-255,66,24410,34,213709
12267,0.000223,74.125.24.0-255,5738,30148,34,213709
12268,0.000225,172.31.33.0-255,66,30214,34,213709
12269,0.000228,74.125.24.0-255,1125,31339,34,213709
12270,0.00023,172.31.33.0-255,66,31405,34,213709
12271,0.00038,74.125.24.0-255,1484,32889,34,213709
12272,0.000386,172.31.33.0-255,66,32955,34,213709
12273,0.000391,74.125.24.0-255,2902,35857,34,213709
12274,0.000394,172.31.33.0-255,66,35923,34,213709
12275,0.000397,74.125.24.0-255,1484,37407,34,213709
12276,0.000398,172.31.33.0-255,66,37473,34,213709
12277,0.000424,74.125.24.0-255,4320,41793,34,213709
12278,0.000429,172.31.33.0-255,66,41859,34,213709
12279,0.000438,172.31.33.0-255,66,41925,34,213709
12280,0.000469,74.125.24.0-255,5379,47304,34,213709
12281,0.000475,74.125.24.0-255,7156,54460,34,213709
12282,0.000476,172.31.33.0-255,66,54526,34,213709
12283,0.00048,172.31.33.0-255,66,54592,34,213709
12284,0.000493,74.125.24.0-255,2895,57487,34,213709
12285,0.000496,172.31.33.0-255,66,57553,34,213709
12286,0.000515,74.125.24.0-255,327,57880,34,213709
12287,0.000786,172.31.33.0-255,66,57946,34,213709
12288,0.000977,74.125.24.0-255,1484,59430,34,213709
12289,0.000986,74.125.24.0-255,2902,62332,34,213709
12290,0.000989,172.31.33.0-255,66,62398,34,213709
12291,0.000993,74.125.24.0-255,1484,63882,34,213709
12292,0.001012,74.125.24.0-255,4320,68202,34,213709
12293,0.001015,172.31.33.0-255,66,68268,34,213709
12294,0.00102,74.125.24.0-255,4320,72588,34,213709
12295,0.001021,172.31.33.0-255,66,72654,34,213709
12296,0.001055,172.31.33.0-255,66,72720,34,213709
12297,0.001064,172.31.33.0-255,66,72786,34,213709
12298,0.001238,74.125.24.0-255,1484,74270,34,213709
12299,0.001244,74.125.24.0-255,2902,77172,34,213709
12300,0.001247,172.31.33.0-255,66,77238,34,213709
12301,0.001262,74.125.24.0-255,4320,81558,34,213709
12302,0.001264,172.31.33.0-255,66,81624,34,213709
12303,0.001284,74.125.24.0-255,1484,83108,34,213709
12304,0.001289,74.125.24.0-255,4320,87428,34,213709
12305,0.001291,172.31.33.0-255,66,87494,34,213709
12306,0.001318,172.31.33.0-255,66,87560,34,213709
12307,0.001322,74.125.24.0-255,4320,91880,34,213709
12308,0.001324,172.31.33.0-255,66,91946,34,213709
12309,0.001366,74.125.24.0-255,6438,98384,34,213709
12310,0.001369,172.31.33.0-255,66,98450,34,213709
12311,0.001408,74.125.24.0-255,1484,99934,34,213709
12312,0.001424,74.125.24.0-255,2902,102836,34,213709
12313,0.001426,172.31.33.0-255,66,102902,34,213709
12314,0.001445,74.125.24.0-255,5738,108640,34,213709
12315,0.001447,172.31.33.0-255,66,108706,34,213709
12316,0.001464,74.125.24.0-255,4320,113026,34,213709
12317,0.001466,172.31.33.0-255,66,113092,34,213709
12318,0.001481,74.125.24.0-255,1484,114576,34,213709
12319,0.001499,172.31.33.0-255,66,114642,34,213709
12320,0.001522,172.31.33.0-255,66,114708,34,213709
12321,0.001694,74.125.24.0-255,1484,116192,34,213709
12322,0.001703,74.125.24.0-255,1484,117676,34,213709
12323,0.001704,172.31.33.0-255,66,117742,34,213709
12324,0.001716,74.125.24.0-255,1484,119226,34,213709
12325,0.001734,74.125.24.0-255,5738,124964,34,213709
12326,0.001736,172.31.33.0-255,66,125030,34,213709
12327,0.001771,172.31.33.0-255,66,125096,34,213709
12328,0.001814,74.125.24.0-255,2902,127998,34,213709
12329,0.001815,172.31.33.0-255,66,128064,34,213709
12330,0.001837,172.31.33.0-255,66,128130,34,213709
12331,0.001885,74.125.24.0-255,7156,135286,34,213709
12332,0.001887,172.31.33.0-255,66,135352,34,213709
12333,0.001895,172.31.33.0-255,66,135418,34,213709
12334,0.001914,74.125.24.0-255,5738,141156,34,213709
12335,0.001916,172.31.33.0-255,66,141222,34,213709
12336,0.001941,172.31.33.0-255,66,141288,34,213709
12337,0.001943,74.125.24.0-255,766,142054,34,213709
12338,0.002022,74.125.24.0-255,1484,143538,34,213709
12339,0.002023,172.31.33.0-255,66,143604,34,213709
12340,0.002027,74.125.24.0-255,2902,146506,34,213709
12341,0.002028,172.31.33.0-255,66,146572,34,213709
12342,0.00204,74.125.24.0-255,4320,150892,34,213709
12343,0.002042,172.31.33.0-255,66,150958,34,213709
12344,0.002064,74.125.24.0-255,1484,152442,34,213709
12345,0.002077,172.31.33.0-255,66,152508,34,213709
12346,0.00211,74.125.24.0-255,2902,155410,34,213709
12347,0.002112,172.31.33.0-255,66,155476,34,213709
12348,0.00213,172.31.33.0-255,66,155542,34,213709
12349,0.002167,74.125.24.0-255,1484,157026,34,213709
12350,0.002189,74.125.24.0-255,7156,164182,34,213709
12351,0.002191,172.31.33.0-255,66,164248,34,213709
12352,0.0022,172.31.33.0-255,66,164314,34,213709
12353,0.002237,74.125.24.0-255,6438,170752,34,213709
12354,0.002301,74.125.24.0-255,1484,172236,34,213709
12355,0.002316,74.125.24.0-255,2902,175138,34,213709
12356,0.002321,74.125.24.0-255,5738,180876,34,213709
12357,0.002417,74.125.24.0-255,5738,186614,34,213709
12358,0.002427,74.125.24.0-255,2902,189516,34,213709
12359,0.002452,74.125.24.0-255,1484,191000,34,213709
12360,0.002468,74.125.24.0-255,2902,193902,34,213709
12361,0.00254,74.125.24.0-255,5020,198922,34,213709
12362,0.002546,74.125.24.0-255,7156,206078,34,213709
12363,0.002594,74.125.24.0-255,2996,209074,34,213709
12364,0.002596,74.125.24.0-255,105,209179,34,213709
12365,0.010225,172.31.33.0-255,66,209245,34,213709
12366,0.012863,172.31.33.0-255,105,209350,34,213709
12367,0.015388,74.125.24.0-255,66,209416,34,213709
12368,0.032915,172.31.33.0-255,172,209588,34,213709
12369,0.032943,172.31.33.0-255,1112,210700,34,213709
12370,0.032993,172.31.33.0-255,1514,212214,34,213709
12371,0.032994,172.31.33.0-255,1297,213511,34,213709
12372,0.034464,104.244.42.0-255,66,213577,34,213709
12373,0.034487,104.244.42.0-255,66,213643,34,213709
12374,0.034514,104.244.42.0-255,66,213709,34,213709
12375,0.0,172.217.194.0-255,150,150,34,223778
12376,2.1e-05,172.31.33.0-255,66,216,34,223778
12377,2.7e-05,172.217.194.0-255,1484,1700,34,223778
12378,3.1e-05,172.31.33.0-255,66,1766,34,223778
12379,3.4e-05,172.217.194.0-255,1484,3250,34,223778
12380,3.6e-05,172.31.33.0-255,66,3316,34,223778
12381,5.3e-05,172.217.194.0-255,1484,4800,34,223778
12382,5.5e-05,172.31.33.0-255,66,4866,34,223778
12383,6.3e-05,172.217.194.0-255,7156,12022,34,223778
12384,6.4e-05,172.31.33.0-255,66,12088,34,223778
12385,8.5e-05,172.217.194.0-255,2018,14106,34,223778
12386,8.7e-05,172.31.33.0-255,66,14172,34,223778
12387,0.000388,172.217.194.0-255,1484,15656,34,223778
12388,0.000393,172.31.33.0-255,66,15722,34,223778
12389,0.0004,172.217.194.0-255,2902,18624,34,223778
12390,0.000402,172.31.33.0-255,66,18690,34,223778
12391,0.000418,172.217.194.0-255,5738,24428,34,223778
12392,0.00042,172.31.33.0-255,66,24494,34,223778
12393,0.000448,172.217.194.0-255,6797,31291,34,223778
12394,0.000452,172.31.33.0-255,66,31357,34,223778
12395,0.000458,172.217.194.0-255,7156,38513,34,223778
12396,0.000461,172.31.33.0-255,66,38579,34,223778
12397,0.000486,172.217.194.0-255,2902,41481,34,223778
12398,0.000489,172.31.33.0-255,66,41547,34,223778
12399,0.00051,172.217.194.0-255,6797,48344,34,223778
12400,0.000513,172.31.33.0-255,66,48410,34,223778
12401,0.00089,172.217.194.0-255,1484,49894,34,223778
12402,0.000895,172.31.33.0-255,66,49960,34,223778
12403,0.0009,172.217.194.0-255,2902,52862,34,223778
12404,0.000902,172.31.33.0-255,66,52928,34,223778
12405,0.000908,172.217.194.0-255,5738,58666,34,223778
12406,0.00091,172.31.33.0-255,66,58732,34,223778
12407,0.000943,172.217.194.0-255,2902,61634,34,223778
12408,0.000945,172.31.33.0-255,66,61700,34,223778
12409,0.00096,172.217.194.0-255,3961,65661,34,223778
12410,0.000962,172.31.33.0-255,66,65727,34,223778
12411,0.001001,172.217.194.0-255,342,66069,34,223778
12412,0.001145,172.217.194.0-255,119,66188,34,223778
12413,0.001295,172.217.194.0-255,1484,67672,34,223778
12414,0.0013,172.31.33.0-255,66,67738,34,223778
12415,0.001305,172.217.194.0-255,2902,70640,34,223778
12416,0.001308,172.31.33.0-255,66,70706,34,223778
12417,0.001321,172.217.194.0-255,2902,73608,34,223778
12418,0.001324,172.31.33.0-255,66,73674,34,223778
12419,0.001339,172.217.194.0-255,2902,76576,34,223778
12420,0.001341,172.31.33.0-255,66,76642,34,223778
12421,0.001348,172.217.194.0-255,6797,83439,34,223778
12422,0.001351,172.31.33.0-255,66,83505,34,223778
12423,0.001376,172.217.194.0-255,4320,87825,34,223778
12424,0.001379,172.31.33.0-255,66,87891,34,223778
12425,0.001402,172.31.33.0-255,66,87957,34,223778
12426,0.001406,172.217.194.0-255,2543,90500,34,223778
12427,0.001409,172.31.33.0-255,66,90566,34,223778
12428,0.003004,172.217.194.0-255,1484,92050,34,223778
12429,0.003011,172.217.194.0-255,1484,93534,34,223778
12430,0.003015,172.31.33.0-255,66,93600,34,223778
12431,0.003029,172.217.194.0-255,1484,95084,34,223778
12432,0.003036,172.217.194.0-255,5738,100822,34,223778
12433,0.003038,172.31.33.0-255,66,100888,34,223778
12434,0.003088,172.31.33.0-255,66,100954,34,223778
12435,0.003093,172.217.194.0-255,4320,105274,34,223778
12436,0.003095,172.31.33.0-255,66,105340,34,223778
12437,0.003113,172.217.194.0-255,6438,111778,34,223778
12438,0.003115,172.31.33.0-255,66,111844,34,223778
12439,0.003226,172.217.194.0-255,1484,113328,34,223778
12440,0.003233,172.217.194.0-255,2902,116230,34,223778
12441,0.003236,172.31.33.0-255,66,116296,34,223778
12442,0.00324,172.217.194.0-255,1484,117780,34,223778
12443,0.003258,172.217.194.0-255,4320,122100,34,223778
12444,0.003261,172.31.33.0-255,66,122166,34,223778
12445,0.00328,172.217.194.0-255,4320,126486,34,223778
12446,0.003283,172.31.33.0-255,66,126552,34,223778
12447,0.003294,172.31.33.0-255,66,126618,34,223778
12448,0.003314,172.217.194.0-255,1484,128102,34,223778
12449,0.003352,172.31.33.0-255,66,128168,34,223778
12450,0.003359,172.217.194.0-255,7156,135324,34,223778
12451,0.003361,172.31.33.0-255,66,135390,34,223778
12452,0.003377,172.217.194.0-255,7156,142546,34,223778
12453,0.003381,172.31.33.0-255,66,142612,34,223778
12454,0.003387,172.217.194.0-255,7156,149768,34,223778
12455,0.00339,172.31.33.0-255,66,149834,34,223778
12456,0.00341,172.217.194.0-255,3602,153436,34,223778
12457,0.003412,172.31.33.0-255,66,153502,34,223778
12458,0.003759,172.217.194.0-255,1484,154986,34,223778
12459,0.003766,172.217.194.0-255,2902,157888,34,223778
12460,0.00377,172.31.33.0-255,66,157954,34,223778
12461,0.003775,172.217.194.0-255,2902,160856,34,223778
12462,0.003778,172.31.33.0-255,66,160922,34,223778
12463,0.003794,172.217.194.0-255,2902,163824,34,223778
12464,0.003797,172.31.33.0-255,66,163890,34,223778
12465,0.003803,172.217.194.0-255,5738,169628,34,223778
12466,0.003805,172.31.33.0-255,66,169694,34,223778
12467,0.003811,172.217.194.0-255,5738,175432,34,223778
12468,0.003813,172.31.33.0-255,66,175498,34,223778
12469,0.003842,172.217.194.0-255,7156,182654,34,223778
12470,0.003845,172.31.33.0-255,66,182720,34,223778
12471,0.003867,172.217.194.0-255,5020,187740,34,223778
12472,0.00387,172.31.33.0-255,66,187806,34,223778
12473,0.003877,172.217.194.0-255,5738,193544,34,223778
12474,0.003879,172.31.33.0-255,66,193610,34,223778
12475,0.003911,172.31.33.0-255,66,193676,34,223778
12476,0.003924,172.31.33.0-255,66,193742,34,223778
12477,0.003955,172.217.194.0-255,3602,197344,34,223778
12478,0.003958,172.31.33.0-255,66,197410,34,223778
12479,0.003973,172.31.33.0-255,66,197476,34,223778
12480,0.004022,172.31.33.0-255,66,197542,34,223778
12481,0.004055,172.217.194.0-255,6438,203980,34,223778
12482,0.004061,172.31.33.0-255,66,204046,34,223778
12483,0.004081,172.31.33.0-255,66,204112,34,223778
12484,0.004096,172.31.33.0-255,66,204178,34,223778
12485,0.004118,172.217.194.0-255,6438,210616,34,223778
12486,0.00412,172.217.194.0-255,1484,212100,34,223778
12487,0.004121,172.31.33.0-255,66,212166,34,223778
12488,0.004151,172.31.33.0-255,66,212232,34,223778
12489,0.004181,172.31.33.0-255,66,212298,34,223778
12490,0.004187,172.31.33.0-255,66,212364,34,223778
12491,0.004206,172.217.194.0-255,6716,219080,34,223778
12492,0.004209,172.31.33.0-255,66,219146,34,223778
12493,0.004212,172.217.194.0-255,105,219251,34,223778
12494,0.005491,172.31.33.0-255,66,219317,34,223778
12495,0.005516,172.31.33.0-255,105,219422,34,223778
12496,0.007775,172.217.194.0-255,66,219488,34,223778
12497,0.031787,172.31.33.0-255,171,219659,34,223778
12498,0.031815,172.31.33.0-255,1136,220795,34,223778
12499,0.031852,172.31.33.0-255,1514,222309,34,223778
12500,0.031853,172.31.33.0-255,1271,223580,34,223778
12501,0.033329,104.244.42.0-255,66,223646,34,223778
12502,0.033383,104.244.42.0-255,66,223712,34,223778
12503,0.033388,104.244.42.0-255,66,223778,34,223778
12504,0.0,172.217.194.0-255,152,152,34,219590
12505,2.3e-05,172.31.33.0-255,66,218,34,219590
12506,3e-05,172.217.194.0-255,1484,1702,34,219590
12507,3.5e-05,172.31.33.0-255,66,1768,34,219590
12508,3.8e-05,172.217.194.0-255,1484,3252,34,219590
12509,4.8e-05,172.31.33.0-255,66,3318,34,219590
12510,7.5e-05,172.217.194.0-255,1484,4802,34,219590
12511,7.9e-05,172.31.33.0-255,66,4868,34,219590
12512,8.7e-05,172.217.194.0-255,5738,10606,34,219590
12513,8.9e-05,172.31.33.0-255,66,10672,34,219590
12514,9.4e-05,172.217.194.0-255,3546,14218,34,219590
12515,9.7e-05,172.31.33.0-255,66,14284,34,219590
12516,0.000133,172.217.194.0-255,1484,15768,34,219590
12517,0.000135,172.31.33.0-255,66,15834,34,219590
12518,0.00014,172.217.194.0-255,2902,18736,34,219590
12519,0.000142,172.31.33.0-255,66,18802,34,219590
12520,0.00017,172.217.194.0-255,5738,24540,34,219590
12521,0.000173,172.31.33.0-255,66,24606,34,219590
12522,0.000208,172.31.33.0-255,66,24672,34,219590
12523,0.000221,172.31.33.0-255,66,24738,34,219590
12524,0.000223,172.217.194.0-255,1125,25863,34,219590
12525,0.000225,172.31.33.0-255,66,25929,34,219590
12526,0.000823,172.217.194.0-255,1484,27413,34,219590
12527,0.000827,172.31.33.0-255,66,27479,34,219590
12528,0.000856,172.217.194.0-255,2902,30381,34,219590
12529,0.00086,172.31.33.0-255,66,30447,34,219590
12530,0.000867,172.217.194.0-255,5738,36185,34,219590
12531,0.000869,172.31.33.0-255,66,36251,34,219590
12532,0.000888,172.217.194.0-255,1484,37735,34,219590
12533,0.00089,172.31.33.0-255,66,37801,34,219590
12534,0.00092,172.217.194.0-255,5379,43180,34,219590
12535,0.000932,172.217.194.0-255,7156,50336,34,219590
12536,0.000949,172.217.194.0-255,2902,53238,34,219590
12537,0.000995,172.217.194.0-255,1484,54722,34,219590
12538,0.001046,172.217.194.0-255,5379,60101,34,219590
12539,0.001051,172.217.194.0-255,2902,63003,34,219590
12540,0.001066,172.217.194.0-255,2902,65905,34,219590
12541,0.001101,172.217.194.0-255,5738,71643,34,219590
12542,0.001113,172.217.194.0-255,562,72205,34,219590
12543,0.001151,172.31.33.0-255,66,72271,34,219590
12544,0.001314,172.217.194.0-255,1484,73755,34,219590
12545,0.001321,172.217.194.0-255,2902,76657,34,219590
12546,0.001333,172.217.194.0-255,1484,78141,34,219590
12547,0.001347,172.217.194.0-255,4320,82461,34,219590
12548,0.00146,172.31.33.0-255,66,82527,34,219590
12549,0.0016,172.217.194.0-255,1484,84011,34,219590
12550,0.001606,172.217.194.0-255,2902,86913,34,219590
12551,0.001609,172.217.194.0-255,1484,88397,34,219590
12552,0.001617,172.31.33.0-255,66,88463,34,219590
12553,0.001636,172.217.194.0-255,4320,92783,34,219590
12554,0.001643,172.217.194.0-255,5738,98521,34,219590
12555,0.001648,172.31.33.0-255,66,98587,34,219590
12556,0.001678,172.217.194.0-255,7156,105743,34,219590
12557,0.00171,172.31.33.0-255,66,105809,34,219590
12558,0.002189,172.217.194.0-255,1484,107293,34,219590
12559,0.002195,172.217.194.0-255,1484,108777,34,219590
12560,0.002198,172.31.33.0-255,66,108843,34,219590
12561,0.002222,172.217.194.0-255,1484,110327,34,219590
12562,0.002228,172.217.194.0-255,5738,116065,34,219590
12563,0.002233,172.217.194.0-255,4320,120385,34,219590
12564,0.002252,172.217.194.0-255,7156,127541,34,219590
12565,0.002261,172.31.33.0-255,66,127607,34,219590
12566,0.002286,172.217.194.0-255,4320,131927,34,219590
12567,0.002293,172.31.33.0-255,66,131993,34,219590
12568,0.002334,172.31.33.0-255,66,132059,34,219590
12569,0.003144,172.31.33.0-255,101,132160,34,219590
12570,0.00463,172.217.194.0-255,5738,137898,34,219590
12571,0.004638,172.31.33.0-255,66,137964,34,219590
12572,0.005424,172.217.194.0-255,66,138030,34,219590
12573,0.006935,172.217.194.0-255,5738,143768,34,219590
12574,0.009657,172.31.33.0-255,66,143834,34,219590
12575,0.011977,172.217.194.0-255,5738,149572,34,219590
12576,0.01199,172.31.33.0-255,66,149638,34,219590
12577,0.014286,172.217.194.0-255,5738,155376,34,219590
12578,0.016533,172.31.33.0-255,66,155442,34,219590
12579,0.018852,172.217.194.0-255,5738,161180,34,219590
12580,0.018865,172.31.33.0-255,66,161246,34,219590
12581,0.021195,172.217.194.0-255,5738,166984,34,219590
12582,0.021203,172.31.33.0-255,66,167050,34,219590
12583,0.023549,172.217.194.0-255,5738,172788,34,219590
12584,0.023556,172.31.33.0-255,66,172854,34,219590
12585,0.025866,172.217.194.0-255,2902,175756,34,219590
12586,0.025872,172.31.33.0-255,66,175822,34,219590
12587,0.025899,172.217.194.0-255,2902,178724,34,219590
12588,0.026015,172.31.33.0-255,66,178790,34,219590
12589,0.026753,172.31.33.0-255,190,178980,34,219590
12590,0.026785,172.31.33.0-255,1114,180094,34,219590
12591,0.026845,172.31.33.0-255,1514,181608,34,219590
12592,0.026846,172.31.33.0-255,1514,183122,34,219590
12593,0.026848,172.31.33.0-255,1514,184636,34,219590
12594,0.026849,172.31.33.0-255,1514,186150,34,219590
12595,0.02685,172.31.33.0-255,528,186678,34,219590
12596,0.028191,172.217.194.0-255,2902,189580,34,219590
12597,0.028197,172.31.33.0-255,66,189646,34,219590
12598,0.028299,104.244.42.0-255,66,189712,34,219590
12599,0.028307,172.217.194.0-255,2902,192614,34,219590
12600,0.02831,172.31.33.0-255,66,192680,34,219590
12601,0.028371,104.244.42.0-255,66,192746,34,219590
12602,0.028409,104.244.42.0-255,66,192812,34,219590
12603,0.028413,104.244.42.0-255,66,192878,34,219590
12604,0.030508,172.217.194.0-255,2902,195780,34,219590
12605,0.030519,172.31.33.0-255,66,195846,34,219590
12606,0.030618,172.217.194.0-255,2902,198748,34,219590
12607,0.030795,172.31.33.0-255,66,198814,34,219590
12608,0.032825,172.217.194.0-255,2902,201716,34,219590
12609,0.032834,172.31.33.0-255,66,201782,34,219590
12610,0.033129,172.217.194.0-255,2902,204684,34,219590
12611,0.033134,172.31.33.0-255,66,204750,34,219590
12612,0.035158,172.217.194.0-255,2902,207652,34,219590
12613,0.035168,172.31.33.0-255,66,207718,34,219590
12614,0.035409,172.217.194.0-255,2902,210620,34,219590
12615,0.035414,172.31.33.0-255,66,210686,34,219590
12616,0.037496,172.217.194.0-255,2902,213588,34,219590
12617,0.037502,172.31.33.0-255,66,213654,34,219590
12618,0.037712,172.217.194.0-255,2902,216556,34,219590
12619,0.037719,172.31.33.0-255,66,216622,34,219590
12620,0.039837,172.217.194.0-255,2902,219524,34,219590
12621,0.039843,172.31.33.0-255,66,219590,34,219590
12622,0.0,172.217.160.0-255,431,431,34,111989
12623,1.9e-05,172.217.160.0-255,1484,1915,34,111989
12624,3e-05,172.31.33.0-255,66,1981,34,111989
12625,4.2e-05,172.217.160.0-255,4320,6301,34,111989
12626,4.4e-05,172.31.33.0-255,66,6367,34,111989
12627,0.000115,172.217.160.0-255,2902,9269,34,111989
12628,0.000118,172.31.33.0-255,66,9335,34,111989
12629,0.000212,172.217.160.0-255,4894,14229,34,111989
12630,0.000216,172.31.33.0-255,66,14295,34,111989
12631,0.000356,172.217.160.0-255,1484,15779,34,111989
12632,0.000407,172.217.160.0-255,2902,18681,34,111989
12633,0.000411,172.31.33.0-255,66,18747,34,111989
12634,0.000452,172.217.160.0-255,1484,20231,34,111989
12635,0.000468,172.217.160.0-255,4320,24551,34,111989
12636,0.00047,172.31.33.0-255,66,24617,34,111989
12637,0.000627,172.217.160.0-255,5738,30355,34,111989
12638,0.000648,172.31.33.0-255,66,30421,34,111989
12639,0.001695,172.31.33.0-255,66,30487,34,111989
12640,0.001722,172.217.160.0-255,5738,36225,34,111989
12641,0.001872,172.217.160.0-255,1484,37709,34,111989
12642,0.001888,172.217.160.0-255,2902,40611,34,111989
12643,0.002043,172.217.160.0-255,4320,44931,34,111989
12644,0.002526,172.217.160.0-255,2902,47833,34,111989
12645,0.002555,172.217.160.0-255,5738,53571,34,111989
12646,0.003005,172.217.160.0-255,4320,57891,34,111989
12647,0.003024,172.217.160.0-255,2902,60793,34,111989
12648,0.003328,172.217.160.0-255,4320,65113,34,111989
12649,0.003341,172.217.160.0-255,7156,72269,34,111989
12650,0.004005,172.31.33.0-255,66,72335,34,111989
12651,0.004309,172.31.33.0-255,66,72401,34,111989
12652,0.005658,172.31.33.0-255,66,72467,34,111989
12653,0.005702,172.31.33.0-255,66,72533,34,111989
12654,0.005748,172.217.160.0-255,4320,76853,34,111989
12655,0.005751,172.31.33.0-255,66,76919,34,111989
12656,0.005777,172.31.33.0-255,66,76985,34,111989
12657,0.005939,172.217.160.0-255,4934,81919,34,111989
12658,0.005943,172.31.33.0-255,66,81985,34,111989
12659,0.005977,172.217.160.0-255,5738,87723,34,111989
12660,0.005979,172.31.33.0-255,66,87789,34,111989
12661,0.005998,172.217.160.0-255,7156,94945,34,111989
12662,0.006,172.31.33.0-255,66,95011,34,111989
12663,0.006051,172.31.33.0-255,66,95077,34,111989
12664,0.007306,172.217.160.0-255,1708,96785,34,111989
12665,0.007312,172.31.33.0-255,66,96851,34,111989
12666,0.007383,172.31.33.0-255,66,96917,34,111989
12667,0.007414,172.31.33.0-255,66,96983,34,111989
12668,0.007819,172.31.33.0-255,66,97049,34,111989
12669,0.007863,172.31.33.0-255,66,97115,34,111989
12670,0.008315,172.31.33.0-255,66,97181,34,111989
12671,0.00835,172.31.33.0-255,66,97247,34,111989
12672,0.008387,172.31.33.0-255,66,97313,34,111989
12673,0.008917,172.31.33.0-255,66,97379,34,111989
12674,0.00939,172.217.160.0-255,7156,104535,34,111989
12675,0.009443,172.217.160.0-255,1100,105635,34,111989
12676,0.009667,172.217.160.0-255,5738,111373,34,111989
12677,0.015604,172.217.160.0-255,367,111740,34,111989
12678,0.015626,172.31.33.0-255,78,111818,34,111989
12679,0.021689,172.31.33.0-255,105,111923,34,111989
12680,0.023304,172.217.160.0-255,66,111989,34,111989
12681,0.0,172.217.194.0-255,153,153,34,242922
12682,2.3e-05,172.31.33.0-255,66,219,34,242922
12683,2.9e-05,172.217.194.0-255,1484,1703,34,242922
12684,3.4e-05,172.31.33.0-255,66,1769,34,242922
12685,4e-05,172.217.194.0-255,2902,4671,34,242922
12686,4.3e-05,172.31.33.0-255,66,4737,34,242922
12687,5e-05,172.217.194.0-255,5738,10475,34,242922
12688,5.2e-05,172.31.33.0-255,66,10541,34,242922
12689,7.6e-05,172.217.194.0-255,1484,12025,34,242922
12690,7.9e-05,172.31.33.0-255,66,12091,34,242922
12691,9.3e-05,172.31.33.0-255,66,12157,34,242922
12692,9.7e-05,172.217.194.0-255,2902,15059,34,242922
12693,9.9e-05,172.31.33.0-255,66,15125,34,242922
12694,0.000131,172.217.194.0-255,6797,21922,34,242922
12695,0.000133,172.31.33.0-255,66,21988,34,242922
12696,0.00018,172.217.194.0-255,1484,23472,34,242922
12697,0.000182,172.31.33.0-255,66,23538,34,242922
12698,0.000186,172.217.194.0-255,2902,26440,34,242922
12699,0.000189,172.31.33.0-255,66,26506,34,242922
12700,0.000203,172.217.194.0-255,4320,30826,34,242922
12701,0.000206,172.31.33.0-255,66,30892,34,242922
12702,0.000226,172.217.194.0-255,1484,32376,34,242922
12703,0.000228,172.31.33.0-255,66,32442,34,242922
12704,0.000233,172.217.194.0-255,2902,35344,34,242922
12705,0.000234,172.31.33.0-255,66,35410,34,242922
12706,0.000263,172.31.33.0-255,66,35476,34,242922
12707,0.000286,172.217.194.0-255,5738,41214,34,242922
12708,0.000289,172.31.33.0-255,66,41280,34,242922
12709,0.000308,172.217.194.0-255,4266,45546,34,242922
12710,0.000311,172.31.33.0-255,66,45612,34,242922
12711,0.000313,172.217.194.0-255,382,45994,34,242922
12712,0.000448,172.217.194.0-255,1484,47478,34,242922
12713,0.000454,172.217.194.0-255,2902,50380,34,242922
12714,0.000476,172.217.194.0-255,5738,56118,34,242922
12715,0.000499,172.217.194.0-255,5738,61856,34,242922
12716,0.000541,172.217.194.0-255,4320,66176,34,242922
12717,0.000546,172.217.194.0-255,5020,71196,34,242922
12718,0.000587,172.31.33.0-255,66,71262,34,242922
12719,0.00073,172.217.194.0-255,1484,72746,34,242922
12720,0.000737,172.217.194.0-255,2902,75648,34,242922
12721,0.00074,172.217.194.0-255,1484,77132,34,242922
12722,0.000749,172.31.33.0-255,66,77198,34,242922
12723,0.000762,172.217.194.0-255,4320,81518,34,242922
12724,0.000791,172.217.194.0-255,5738,87256,34,242922
12725,0.000807,172.217.194.0-255,5020,92276,34,242922
12726,0.000817,172.31.33.0-255,66,92342,34,242922
12727,0.000827,172.217.194.0-255,1484,93826,34,242922
12728,0.00084,172.217.194.0-255,2902,96728,34,242922
12729,0.000843,172.217.194.0-255,1484,98212,34,242922
12730,0.000858,172.217.194.0-255,4320,102532,34,242922
12731,0.000874,172.217.194.0-255,5738,108270,34,242922
12732,0.000888,172.31.33.0-255,66,108336,34,242922
12733,0.000895,172.217.194.0-255,7156,115492,34,242922
12734,0.000914,172.31.33.0-255,66,115558,34,242922
12735,0.000944,172.217.194.0-255,2184,117742,34,242922
12736,0.000961,172.31.33.0-255,66,117808,34,242922
12737,0.000994,172.217.194.0-255,2902,120710,34,242922
12738,0.000999,172.217.194.0-255,2902,123612,34,242922
12739,0.001011,172.217.194.0-255,1484,125096,34,242922
12740,0.001019,172.31.33.0-255,66,125162,34,242922
12741,0.001031,172.217.194.0-255,7156,132318,34,242922
12742,0.001036,172.31.33.0-255,66,132384,34,242922
12743,0.001054,172.217.194.0-255,1484,133868,34,242922
12744,0.00106,172.217.194.0-255,5738,139606,34,242922
12745,0.001068,172.31.33.0-255,66,139672,34,242922
12746,0.001086,172.217.194.0-255,1484,141156,34,242922
12747,0.001119,172.31.33.0-255,66,141222,34,242922
12748,0.001142,172.217.194.0-255,2902,144124,34,242922
12749,0.00115,172.31.33.0-255,66,144190,34,242922
12750,0.001162,172.217.194.0-255,7156,151346,34,242922
12751,0.001204,172.217.194.0-255,2902,154248,34,242922
12752,0.00121,172.31.33.0-255,66,154314,34,242922
12753,0.001261,172.217.194.0-255,7156,161470,34,242922
12754,0.001274,172.31.33.0-255,66,161536,34,242922
12755,0.001319,172.31.33.0-255,66,161602,34,242922
12756,0.001334,172.217.194.0-255,1484,163086,34,242922
12757,0.001337,172.217.194.0-255,766,163852,34,242922
12758,0.001349,172.31.33.0-255,66,163918,34,242922
12759,0.001377,172.217.194.0-255,1484,165402,34,242922
12760,0.001382,172.217.194.0-255,2902,168304,34,242922
12761,0.001387,172.31.33.0-255,66,168370,34,242922
12762,0.001405,172.217.194.0-255,5738,174108,34,242922
12763,0.001416,172.217.194.0-255,1484,175592,34,242922
12764,0.001432,172.217.194.0-255,5738,181330,34,242922
12765,0.001442,172.31.33.0-255,66,181396,34,242922
12766,0.001473,172.31.33.0-255,66,181462,34,242922
12767,0.001483,172.217.194.0-255,4320,185782,34,242922
12768,0.001488,172.31.33.0-255,66,185848,34,242922
12769,0.001507,172.217.194.0-255,2184,188032,34,242922
12770,0.001532,172.31.33.0-255,66,188098,34,242922
12771,0.001544,172.217.194.0-255,2902,191000,34,242922
12772,0.001549,172.217.194.0-255,2902,193902,34,242922
12773,0.001567,172.31.33.0-255,66,193968,34,242922
12774,0.001578,172.217.194.0-255,5738,199706,34,242922
12775,0.001582,172.31.33.0-255,66,199772,34,242922
12776,0.001597,172.217.194.0-255,1484,201256,34,242922
12777,0.001603,172.217.194.0-255,5738,206994,34,242922
12778,0.00161,172.31.33.0-255,66,207060,34,242922
12779,0.001645,172.217.194.0-255,5020,212080,34,242922
12780,0.00165,172.31.33.0-255,66,212146,34,242922
12781,0.001672,172.217.194.0-255,1484,213630,34,242922
12782,0.001692,172.217.194.0-255,2902,216532,34,242922
12783,0.001698,172.217.194.0-255,5738,222270,34,242922
12784,0.001709,172.217.194.0-255,1484,223754,34,242922
12785,0.001715,172.31.33.0-255,66,223820,34,242922
12786,0.001758,172.217.194.0-255,7156,230976,34,242922
12787,0.001796,172.31.33.0-255,66,231042,34,242922
12788,0.001833,172.217.194.0-255,7071,238113,34,242922
12789,0.001845,172.217.194.0-255,105,238218,34,242922
12790,0.001885,172.31.33.0-255,66,238284,34,242922
12791,0.00465,172.31.33.0-255,105,238389,34,242922
12792,0.007023,172.217.194.0-255,66,238455,34,242922
12793,0.03581,172.31.33.0-255,172,238627,34,242922
12794,0.035847,172.31.33.0-255,1112,239739,34,242922
12795,0.035913,172.31.33.0-255,1514,241253,34,242922
12796,0.035915,172.31.33.0-255,1297,242550,34,242922
12797,0.037346,104.244.42.0-255,66,242616,34,242922
12798,0.037369,104.244.42.0-255,66,242682,34,242922
12799,0.037458,104.244.42.0-255,66,242748,34,242922
12800,0.038104,104.244.42.0-255,108,242856,34,242922
12801,0.038112,172.31.33.0-255,66,242922,34,242922
12802,0.0,74.125.130.0-255,143,143,34,343521
12803,2.8e-05,172.31.33.0-255,66,209,34,343521
12804,3.4e-05,74.125.130.0-255,1484,1693,34,343521
12805,4e-05,172.31.33.0-255,66,1759,34,343521
12806,4.5e-05,74.125.130.0-255,2902,4661,34,343521
12807,4.8e-05,172.31.33.0-255,66,4727,34,343521
12808,6.7e-05,74.125.130.0-255,4320,9047,34,343521
12809,6.9e-05,172.31.33.0-255,66,9113,34,343521
12810,8.6e-05,74.125.130.0-255,4808,13921,34,343521
12811,8.9e-05,172.31.33.0-255,66,13987,34,343521
12812,0.000108,74.125.130.0-255,1484,15471,34,343521
12813,0.000111,172.31.33.0-255,66,15537,34,343521
12814,0.000131,74.125.130.0-255,2902,18439,34,343521
12815,0.000134,172.31.33.0-255,66,18505,34,343521
12816,0.00014,74.125.130.0-255,4320,22825,34,343521
12817,0.000142,172.31.33.0-255,66,22891,34,343521
12818,0.000157,74.125.130.0-255,1484,24375,34,343521
12819,0.000159,172.31.33.0-255,66,24441,34,343521
12820,0.000166,74.125.130.0-255,6797,31238,34,343521
12821,0.000169,172.31.33.0-255,66,31304,34,343521
12822,0.000308,74.125.130.0-255,1484,32788,34,343521
12823,0.000313,172.31.33.0-255,66,32854,34,343521
12824,0.00032,74.125.130.0-255,2902,35756,34,343521
12825,0.000322,172.31.33.0-255,66,35822,34,343521
12826,0.000351,74.125.130.0-255,5738,41560,34,343521
12827,0.000355,172.31.33.0-255,66,41626,34,343521
12828,0.000362,74.125.130.0-255,5738,47364,34,343521
12829,0.000364,172.31.33.0-255,66,47430,34,343521
12830,0.000383,74.125.130.0-255,1125,48555,34,343521
12831,0.000387,172.31.33.0-255,66,48621,34,343521
12832,0.000395,74.125.130.0-255,7156,55777,34,343521
12833,0.000397,172.31.33.0-255,66,55843,34,343521
12834,0.000415,74.125.130.0-255,5738,61581,34,343521
12835,0.000418,172.31.33.0-255,66,61647,34,343521
12836,0.00043,74.125.130.0-255,4255,65902,34,343521
12837,0.000433,172.31.33.0-255,66,65968,34,343521
12838,0.000436,74.125.130.0-255,362,66330,34,343521
12839,0.000664,74.125.130.0-255,1484,67814,34,343521
12840,0.000668,172.31.33.0-255,66,67880,34,343521
12841,0.000674,74.125.130.0-255,2902,70782,34,343521
12842,0.000677,172.31.33.0-255,66,70848,34,343521
12843,0.000692,74.125.130.0-255,5738,76586,34,343521
12844,0.000695,172.31.33.0-255,66,76652,34,343521
12845,0.000714,74.125.130.0-255,1484,78136,34,343521
12846,0.000733,74.125.130.0-255,7156,85292,34,343521
12847,0.000736,172.31.33.0-255,66,85358,34,343521
12848,0.000743,74.125.130.0-255,5738,91096,34,343521
12849,0.000746,172.31.33.0-255,66,91162,34,343521
12850,0.00077,74.125.130.0-255,4320,95482,34,343521
12851,0.000773,172.31.33.0-255,66,95548,34,343521
12852,0.000778,74.125.130.0-255,5020,100568,34,343521
12853,0.00078,172.31.33.0-255,66,100634,34,343521
12854,0.000823,74.125.130.0-255,5738,106372,34,343521
12855,0.000828,172.31.33.0-255,66,106438,34,343521
12856,0.000828,74.125.130.0-255,5738,112176,34,343521
12857,0.000832,74.125.130.0-255,2902,115078,34,343521
12858,0.000831,172.31.33.0-255,66,115144,34,343521
12859,0.000834,172.31.33.0-255,66,115210,34,343521
12860,0.000851,74.125.130.0-255,4320,119530,34,343521
12861,0.000853,172.31.33.0-255,66,119596,34,343521
12862,0.000868,74.125.130.0-255,5738,125334,34,343521
12863,0.000871,172.31.33.0-255,66,125400,34,343521
12864,0.000886,74.125.130.0-255,4320,129720,34,343521
12865,0.000889,172.31.33.0-255,66,129786,34,343521
12866,0.000913,74.125.130.0-255,2902,132688,34,343521
12867,0.000916,172.31.33.0-255,66,132754,34,343521
12868,0.000927,74.125.130.0-255,1634,134388,34,343521
12869,0.00093,172.31.33.0-255,66,134454,34,343521
12870,0.000974,74.125.130.0-255,1484,135938,34,343521
12871,0.000987,74.125.130.0-255,2902,138840,34,343521
12872,0.000989,172.31.33.0-255,66,138906,34,343521
12873,0.001007,74.125.130.0-255,4320,143226,34,343521
12874,0.00101,172.31.33.0-255,66,143292,34,343521
12875,0.001021,74.125.130.0-255,1484,144776,34,343521
12876,0.001025,74.125.130.0-255,2902,147678,34,343521
12877,0.001027,172.31.33.0-255,66,147744,34,343521
12878,0.001032,74.125.130.0-255,4320,152064,34,343521
12879,0.001034,172.31.33.0-255,66,152130,34,343521
12880,0.001049,74.125.130.0-255,1484,153614,34,343521
12881,0.001067,74.125.130.0-255,7156,160770,34,343521
12882,0.00107,172.31.33.0-255,66,160836,34,343521
12883,0.001074,74.125.130.0-255,2902,163738,34,343521
12884,0.001076,172.31.33.0-255,66,163804,34,343521
12885,0.001088,74.125.130.0-255,1484,165288,34,343521
12886,0.001114,74.125.130.0-255,1484,166772,34,343521
12887,0.001117,172.31.33.0-255,66,166838,34,343521
12888,0.001135,74.125.130.0-255,2184,169022,34,343521
12889,0.001139,172.31.33.0-255,66,169088,34,343521
12890,0.001252,74.125.130.0-255,1484,170572,34,343521
12891,0.001268,74.125.130.0-255,2902,173474,34,343521
12892,0.001271,172.31.33.0-255,66,173540,34,343521
12893,0.001288,74.125.130.0-255,4320,177860,34,343521
12894,0.001291,172.31.33.0-255,66,177926,34,343521
12895,0.001309,74.125.130.0-255,2902,180828,34,343521
12896,0.001311,172.31.33.0-255,66,180894,34,343521
12897,0.001329,74.125.130.0-255,5738,186632,34,343521
12898,0.001331,172.31.33.0-255,66,186698,34,343521
12899,0.001335,74.125.130.0-255,2902,189600,34,343521
12900,0.001337,172.31.33.0-255,66,189666,34,343521
12901,0.001348,74.125.130.0-255,2902,192568,34,343521
12902,0.001351,172.31.33.0-255,66,192634,34,343521
12903,0.00138,172.31.33.0-255,66,192700,34,343521
12904,0.001382,74.125.130.0-255,766,193466,34,343521
12905,0.001473,74.125.130.0-255,1484,194950,34,343521
12906,0.001476,172.31.33.0-255,66,195016,34,343521
12907,0.001493,74.125.130.0-255,2902,197918,34,343521
12908,0.001496,172.31.33.0-255,66,197984,34,343521
12909,0.001499,74.125.130.0-255,1484,199468,34,343521
12910,0.00152,74.125.130.0-255,4320,203788,34,343521
12911,0.001523,172.31.33.0-255,66,203854,34,343521
12912,0.001524,74.125.130.0-255,4320,208174,34,343521
12913,0.001526,172.31.33.0-255,66,208240,34,343521
12914,0.001546,74.125.130.0-255,5738,213978,34,343521
12915,0.001548,172.31.33.0-255,66,214044,34,343521
12916,0.001576,172.31.33.0-255,66,214110,34,343521
12917,0.00158,74.125.130.0-255,2184,216294,34,343521
12918,0.001582,172.31.33.0-255,66,216360,34,343521
12919,0.00168,74.125.130.0-255,1484,217844,34,343521
12920,0.001693,74.125.130.0-255,2902,220746,34,343521
12921,0.001696,172.31.33.0-255,66,220812,34,343521
12922,0.00171,74.125.130.0-255,5738,226550,34,343521
12923,0.001712,172.31.33.0-255,66,226616,34,343521
12924,0.001744,74.125.130.0-255,5738,232354,34,343521
12925,0.001747,172.31.33.0-255,66,232420,34,343521
12926,0.001753,74.125.130.0-255,7156,239576,34,343521
12927,0.001754,172.31.33.0-255,66,239642,34,343521
12928,0.001797,172.31.33.0-255,66,239708,34,343521
12929,0.001826,74.125.130.0-255,2184,241892,34,343521
12930,0.001829,172.31.33.0-255,66,241958,34,343521
12931,0.00198,74.125.130.0-255,1484,243442,34,343521
12932,0.002,74.125.130.0-255,2902,246344,34,343521
12933,0.002003,172.31.33.0-255,66,246410,34,343521
12934,0.002007,74.125.130.0-255,2902,249312,34,343521
12935,0.002009,172.31.33.0-255,66,249378,34,343521
12936,0.002022,74.125.130.0-255,2902,252280,34,343521
12937,0.002025,172.31.33.0-255,66,252346,34,343521
12938,0.00203,74.125.130.0-255,5738,258084,34,343521
12939,0.002032,172.31.33.0-255,66,258150,34,343521
12940,0.002076,74.125.130.0-255,7156,265306,34,343521
12941,0.002079,172.31.33.0-255,66,265372,34,343521
12942,0.00208,74.125.130.0-255,4320,269692,34,343521
12943,0.002082,172.31.33.0-255,66,269758,34,343521
12944,0.002104,74.125.130.0-255,6438,276196,34,343521
12945,0.002107,172.31.33.0-255,66,276262,34,343521
12946,0.002196,74.125.130.0-255,1484,277746,34,343521
12947,0.002215,74.125.130.0-255,2902,280648,34,343521
12948,0.002218,172.31.33.0-255,66,280714,34,343521
12949,0.002234,74.125.130.0-255,5738,286452,34,343521
12950,0.002237,172.31.33.0-255,66,286518,34,343521
12951,0.002258,74.125.130.0-255,1484,288002,34,343521
12952,0.002261,74.125.130.0-255,1484,289486,34,343521
12953,0.002263,172.31.33.0-255,66,289552,34,343521
12954,0.002284,74.125.130.0-255,7156,296708,34,343521
12955,0.002287,172.31.33.0-255,66,296774,34,343521
12956,0.002299,74.125.130.0-255,1484,298258,34,343521
12957,0.002304,74.125.130.0-255,4320,302578,34,343521
12958,0.002306,172.31.33.0-255,66,302644,34,343521
12959,0.002317,74.125.130.0-255,2902,305546,34,343521
12960,0.002319,172.31.33.0-255,66,305612,34,343521
12961,0.002334,74.125.130.0-255,5020,310632,34,343521
12962,0.002337,172.31.33.0-255,66,310698,34,343521
12963,0.002361,74.125.130.0-255,4320,315018,34,343521
12964,0.002364,172.31.33.0-255,66,315084,34,343521
12965,0.002368,74.125.130.0-255,2902,317986,34,343521
12966,0.00237,172.31.33.0-255,66,318052,34,343521
12967,0.002375,74.125.130.0-255,5738,323790,34,343521
12968,0.002376,172.31.33.0-255,66,323856,34,343521
12969,0.002379,74.125.130.0-255,1484,325340,34,343521
12970,0.002404,74.125.130.0-255,2902,328242,34,343521
12971,0.002406,172.31.33.0-255,66,328308,34,343521
12972,0.002412,74.125.130.0-255,5738,334046,34,343521
12973,0.002413,172.31.33.0-255,66,334112,34,343521
12974,0.002449,172.31.33.0-255,66,334178,34,343521
12975,0.002494,172.31.33.0-255,66,334244,34,343521
12976,0.002498,74.125.130.0-255,2902,337146,34,343521
12977,0.0025,172.31.33.0-255,66,337212,34,343521
12978,0.002537,74.125.130.0-255,5738,342950,34,343521
12979,0.00254,172.31.33.0-255,66,343016,34,343521
12980,0.002564,172.31.33.0-255,66,343082,34,343521
12981,0.002567,74.125.130.0-255,97,343179,34,343521
12982,0.002594,74.125.130.0-255,105,343284,34,343521
12983,0.00305,172.31.33.0-255,66,343350,34,343521
12984,0.003073,172.31.33.0-255,105,343455,34,343521
12985,0.005273,74.125.130.0-255,66,343521,34,343521
12986,0.0,172.31.33.0-255,176,176,34,242
12987,0.006256,172.217.194.0-255,66,242,34,242
12988,0.0,172.217.194.0-255,153,153,34,211658
12989,2.3e-05,172.31.33.0-255,66,219,34,211658
12990,2.9e-05,172.217.194.0-255,1484,1703,34,211658
12991,3.4e-05,172.31.33.0-255,66,1769,34,211658
12992,3.9e-05,172.217.194.0-255,2902,4671,34,211658
12993,4.2e-05,172.31.33.0-255,66,4737,34,211658
12994,4.9e-05,172.217.194.0-255,7156,11893,34,211658
12995,5.2e-05,172.31.33.0-255,66,11959,34,211658
12996,8.1e-05,172.217.194.0-255,6401,18360,34,211658
12997,8.6e-05,172.31.33.0-255,66,18426,34,211658
12998,9.1e-05,172.217.194.0-255,2902,21328,34,211658
12999,9.3e-05,172.31.33.0-255,66,21394,34,211658
13000,0.000111,172.217.194.0-255,4320,25714,34,211658
13001,0.000115,172.31.33.0-255,66,25780,34,211658
13002,0.00013,172.31.33.0-255,66,25846,34,211658
13003,0.000137,172.217.194.0-255,6438,32284,34,211658
13004,0.00014,172.31.33.0-255,66,32350,34,211658
13005,0.000202,172.217.194.0-255,1484,33834,34,211658
13006,0.000205,172.31.33.0-255,66,33900,34,211658
13007,0.000208,172.217.194.0-255,1484,35384,34,211658
13008,0.00021,172.31.33.0-255,66,35450,34,211658
13009,0.000222,172.217.194.0-255,1484,36934,34,211658
13010,0.000224,172.31.33.0-255,66,37000,34,211658
13011,0.000227,172.217.194.0-255,1484,38484,34,211658
13012,0.000229,172.31.33.0-255,66,38550,34,211658
13013,0.000245,172.217.194.0-255,4320,42870,34,211658
13014,0.000247,172.31.33.0-255,66,42936,34,211658
13015,0.000271,172.217.194.0-255,2902,45838,34,211658
13016,0.000273,172.31.33.0-255,66,45904,34,211658
13017,0.000289,172.217.194.0-255,3961,49865,34,211658
13018,0.000291,172.31.33.0-255,66,49931,34,211658
13019,0.000361,172.217.194.0-255,647,50578,34,211658
13020,0.000594,172.217.194.0-255,1484,52062,34,211658
13021,0.000598,172.31.33.0-255,66,52128,34,211658
13022,0.000603,172.217.194.0-255,2902,55030,34,211658
13023,0.000604,172.31.33.0-255,66,55096,34,211658
13024,0.000607,172.217.194.0-255,1484,56580,34,211658
13025,0.00062,172.217.194.0-255,4320,60900,34,211658
13026,0.000622,172.31.33.0-255,66,60966,34,211658
13027,0.000627,172.217.194.0-255,4320,65286,34,211658
13028,0.000628,172.31.33.0-255,66,65352,34,211658
13029,0.000647,172.217.194.0-255,1484,66836,34,211658
13030,0.000667,172.217.194.0-255,5738,72574,34,211658
13031,0.000669,172.31.33.0-255,66,72640,34,211658
13032,0.000691,172.217.194.0-255,7156,79796,34,211658
13033,0.000694,172.31.33.0-255,66,79862,34,211658
13034,0.000714,172.217.194.0-255,4320,84182,34,211658
13035,0.000717,172.31.33.0-255,66,84248,34,211658
13036,0.000719,172.217.194.0-255,766,85014,34,211658
13037,0.001053,172.31.33.0-255,66,85080,34,211658
13038,0.001141,172.217.194.0-255,1484,86564,34,211658
13039,0.001147,172.217.194.0-255,2902,89466,34,211658
13040,0.00115,172.31.33.0-255,66,89532,34,211658
13041,0.001153,172.217.194.0-255,1484,91016,34,211658
13042,0.001169,172.217.194.0-255,4320,95336,34,211658
13043,0.001171,172.31.33.0-255,66,95402,34,211658
13044,0.001182,172.217.194.0-255,1484,96886,34,211658
13045,0.001199,172.31.33.0-255,66,96952,34,211658
13046,0.001217,172.217.194.0-255,1484,98436,34,211658
13047,0.001226,172.31.33.0-255,66,98502,34,211658
13048,0.001454,172.217.194.0-255,1484,99986,34,211658
13049,0.001459,172.217.194.0-255,2902,102888,34,211658
13050,0.001463,172.31.33.0-255,66,102954,34,211658
13051,0.001485,172.217.194.0-255,5738,108692,34,211658
13052,0.001487,172.31.33.0-255,66,108758,34,211658
13053,0.00149,172.217.194.0-255,1484,110242,34,211658
13054,0.001509,172.217.194.0-255,7156,117398,34,211658
13055,0.00151,172.31.33.0-255,66,117464,34,211658
13056,0.001529,172.217.194.0-255,4320,121784,34,211658
13057,0.001531,172.31.33.0-255,66,121850,34,211658
13058,0.001541,172.31.33.0-255,66,121916,34,211658
13059,0.002158,172.217.194.0-255,1484,123400,34,211658
13060,0.002166,172.217.194.0-255,2902,126302,34,211658
13061,0.002169,172.31.33.0-255,66,126368,34,211658
13062,0.002176,172.217.194.0-255,5738,132106,34,211658
13063,0.002178,172.31.33.0-255,66,132172,34,211658
13064,0.00219,172.31.33.0-255,66,132238,34,211658
13065,0.002195,172.217.194.0-255,2902,135140,34,211658
13066,0.002196,172.31.33.0-255,66,135206,34,211658
13067,0.002232,172.31.33.0-255,66,135272,34,211658
13068,0.002587,172.217.194.0-255,1484,136756,34,211658
13069,0.002604,172.217.194.0-255,2902,139658,34,211658
13070,0.002608,172.31.33.0-255,66,139724,34,211658
13071,0.002626,172.217.194.0-255,1484,141208,34,211658
13072,0.002647,172.217.194.0-255,4320,145528,34,211658
13073,0.00265,172.31.33.0-255,66,145594,34,211658
13074,0.002663,172.31.33.0-255,66,145660,34,211658
13075,0.002682,172.217.194.0-255,5738,151398,34,211658
13076,0.002685,172.31.33.0-255,66,151464,34,211658
13077,0.00273,172.31.33.0-255,66,151530,34,211658
13078,0.002734,172.217.194.0-255,4320,155850,34,211658
13079,0.002736,172.31.33.0-255,66,155916,34,211658
13080,0.002744,172.217.194.0-255,1484,157400,34,211658
13081,0.00275,172.217.194.0-255,7156,164556,34,211658
13082,0.002753,172.31.33.0-255,66,164622,34,211658
13083,0.002841,172.217.194.0-255,1484,166106,34,211658
13084,0.002844,172.217.194.0-255,1484,167590,34,211658
13085,0.002856,172.217.194.0-255,1484,169074,34,211658
13086,0.002859,172.217.194.0-255,1484,170558,34,211658
13087,0.00288,172.217.194.0-255,4320,174878,34,211658
13088,0.002892,172.217.194.0-255,2902,177780,34,211658
13089,0.002947,172.217.194.0-255,2184,179964,34,211658
13090,0.00295,172.217.194.0-255,1484,181448,34,211658
13091,0.002954,172.217.194.0-255,2902,184350,34,211658
13092,0.002959,172.217.194.0-255,2902,187252,34,211658
13093,0.002974,172.217.194.0-255,2902,190154,34,211658
13094,0.002992,172.217.194.0-255,2902,193056,34,211658
13095,0.003046,172.217.194.0-255,4320,197376,34,211658
13096,0.003089,172.217.194.0-255,5738,203114,34,211658
13097,0.003177,172.217.194.0-255,766,203880,34,211658
13098,0.003201,172.217.194.0-255,2902,206782,34,211658
13099,0.003234,172.217.194.0-255,4320,211102,34,211658
13100,0.003256,172.217.194.0-255,97,211199,34,211658
13101,0.003265,172.217.194.0-255,105,211304,34,211658
13102,0.012276,172.217.194.0-255,105,211409,34,211658
13103,0.012301,172.31.33.0-255,78,211487,34,211658
13104,0.016632,172.31.33.0-255,105,211592,34,211658
13105,0.018703,172.217.194.0-255,66,211658,34,211658
13106,0.0,74.125.24.0-255,153,153,34,76100
13107,1.9e-05,172.31.33.0-255,66,219,34,76100
13108,2.6e-05,74.125.24.0-255,1484,1703,34,76100
13109,3.1e-05,172.31.33.0-255,66,1769,34,76100
13110,3.6e-05,74.125.24.0-255,2902,4671,34,76100
13111,5.1e-05,172.31.33.0-255,66,4737,34,76100
13112,0.000129,74.125.24.0-255,2902,7639,34,76100
13113,0.000134,172.31.33.0-255,66,7705,34,76100
13114,0.000233,74.125.24.0-255,5738,13443,34,76100
13115,0.000239,172.31.33.0-255,66,13509,34,76100
13116,0.000269,74.125.24.0-255,4864,18373,34,76100
13117,0.000273,172.31.33.0-255,66,18439,34,76100
13118,0.000588,172.31.33.0-255,66,18505,34,76100
13119,0.00062,74.125.24.0-255,2543,21048,34,76100
13120,0.000625,172.31.33.0-255,66,21114,34,76100
13121,0.000993,172.31.33.0-255,66,21180,34,76100
13122,0.001393,74.125.24.0-255,7156,28336,34,76100
13123,0.0014,172.31.33.0-255,66,28402,34,76100
13124,0.001439,172.31.33.0-255,66,28468,34,76100
13125,0.002082,74.125.24.0-255,5738,34206,34,76100
13126,0.002086,172.31.33.0-255,66,34272,34,76100
13127,0.00212,172.31.33.0-255,66,34338,34,76100
13128,0.002636,172.31.33.0-255,66,34404,34,76100
13129,0.00268,172.31.33.0-255,66,34470,34,76100
13130,0.003505,172.31.33.0-255,66,34536,34,76100
13131,0.003581,172.31.33.0-255,66,34602,34,76100
13132,0.004275,172.31.33.0-255,66,34668,34,76100
13133,0.004329,172.31.33.0-255,66,34734,34,76100
13134,0.005238,74.125.24.0-255,1484,36218,34,76100
13135,0.005286,74.125.24.0-255,7156,43374,34,76100
13136,0.005291,172.31.33.0-255,66,43440,34,76100
13137,0.005353,172.31.33.0-255,66,43506,34,76100
13138,0.006278,74.125.24.0-255,7156,50662,34,76100
13139,0.006283,172.31.33.0-255,66,50728,34,76100
13140,0.006345,172.31.33.0-255,66,50794,34,76100
13141,0.007241,74.125.24.0-255,5738,56532,34,76100
13142,0.007246,172.31.33.0-255,66,56598,34,76100
13143,0.007507,172.31.33.0-255,66,56664,34,76100
13144,0.008421,172.31.33.0-255,66,56730,34,76100
13145,0.008481,172.31.33.0-255,66,56796,34,76100
13146,0.009379,74.125.24.0-255,5738,62534,34,76100
13147,0.009384,172.31.33.0-255,66,62600,34,76100
13148,0.009541,74.125.24.0-255,4320,66920,34,76100
13149,0.009544,172.31.33.0-255,66,66986,34,76100
13150,0.009617,172.31.33.0-255,66,67052,34,76100
13151,0.009622,74.125.24.0-255,4320,71372,34,76100
13152,0.009647,172.31.33.0-255,66,71438,34,76100
13153,0.010561,172.31.33.0-255,66,71504,34,76100
13154,0.010646,172.31.33.0-255,66,71570,34,76100
13155,0.011426,172.31.33.0-255,66,71636,34,76100
13156,0.01187,172.31.33.0-255,105,71741,34,76100
13157,0.014119,74.125.24.0-255,66,71807,34,76100
13158,0.025495,172.31.33.0-255,172,71979,34,76100
13159,0.025545,172.31.33.0-255,1112,73091,34,76100
13160,0.025633,172.31.33.0-255,1514,74605,34,76100
13161,0.025635,172.31.33.0-255,1297,75902,34,76100
13162,0.027049,104.244.42.0-255,66,75968,34,76100
13163,0.027082,104.244.42.0-255,66,76034,34,76100
13164,0.02718,104.244.42.0-255,66,76100,34,76100
13165,0.0,172.217.194.0-255,152,152,34,161038
13166,1.9e-05,172.31.33.0-255,66,218,34,161038
13167,2.5e-05,172.217.194.0-255,1484,1702,34,161038
13168,2.9e-05,172.31.33.0-255,66,1768,34,161038
13169,3.4e-05,172.217.194.0-255,2902,4670,34,161038
13170,3.8e-05,172.31.33.0-255,66,4736,34,161038
13171,4.4e-05,172.217.194.0-255,5738,10474,34,161038
13172,4.6e-05,172.31.33.0-255,66,10540,34,161038
13173,6.7e-05,172.217.194.0-255,6276,16816,34,161038
13174,7e-05,172.31.33.0-255,66,16882,34,161038
13175,8.5e-05,172.217.194.0-255,2902,19784,34,161038
13176,8.7e-05,172.31.33.0-255,66,19850,34,161038
13177,0.000113,172.31.33.0-255,66,19916,34,161038
13178,0.000123,172.217.194.0-255,1125,21041,34,161038
13179,0.000125,172.31.33.0-255,66,21107,34,161038
13180,0.000171,172.217.194.0-255,1484,22591,34,161038
13181,0.000173,172.31.33.0-255,66,22657,34,161038
13182,0.000184,172.217.194.0-255,1484,24141,34,161038
13183,0.000186,172.31.33.0-255,66,24207,34,161038
13184,0.000189,172.217.194.0-255,2902,27109,34,161038
13185,0.000192,172.31.33.0-255,66,27175,34,161038
13186,0.000203,172.217.194.0-255,2902,30077,34,161038
13187,0.000206,172.31.33.0-255,66,30143,34,161038
13188,0.000221,172.217.194.0-255,2902,33045,34,161038
13189,0.000222,172.31.33.0-255,66,33111,34,161038
13190,0.000241,172.217.194.0-255,4320,37431,34,161038
13191,0.000245,172.31.33.0-255,66,37497,34,161038
13192,0.000265,172.31.33.0-255,66,37563,34,161038
13193,0.000298,172.217.194.0-255,4320,41883,34,161038
13194,0.0003,172.31.33.0-255,66,41949,34,161038
13195,0.000315,172.217.194.0-255,5684,47633,34,161038
13196,0.000317,172.31.33.0-255,66,47699,34,161038
13197,0.000357,172.217.194.0-255,381,48080,34,161038
13198,0.00064,172.217.194.0-255,1484,49564,34,161038
13199,0.000644,172.31.33.0-255,66,49630,34,161038
13200,0.000661,172.217.194.0-255,2902,52532,34,161038
13201,0.000664,172.31.33.0-255,66,52598,34,161038
13202,0.000668,172.217.194.0-255,2902,55500,34,161038
13203,0.00067,172.31.33.0-255,66,55566,34,161038
13204,0.000683,172.217.194.0-255,2902,58468,34,161038
13205,0.000686,172.31.33.0-255,66,58534,34,161038
13206,0.000688,172.217.194.0-255,1484,60018,34,161038
13207,0.000707,172.217.194.0-255,4320,64338,34,161038
13208,0.000709,172.31.33.0-255,66,64404,34,161038
13209,0.000733,172.31.33.0-255,66,64470,34,161038
13210,0.000744,172.31.33.0-255,66,64536,34,161038
13211,0.001149,172.217.194.0-255,1484,66020,34,161038
13212,0.001155,172.217.194.0-255,2902,68922,34,161038
13213,0.001157,172.31.33.0-255,66,68988,34,161038
13214,0.001181,172.217.194.0-255,5738,74726,34,161038
13215,0.001183,172.31.33.0-255,66,74792,34,161038
13216,0.001199,172.217.194.0-255,1484,76276,34,161038
13217,0.001221,172.217.194.0-255,5738,82014,34,161038
13218,0.001223,172.31.33.0-255,66,82080,34,161038
13219,0.001253,172.31.33.0-255,66,82146,34,161038
13220,0.001271,172.217.194.0-255,4320,86466,34,161038
13221,0.001273,172.31.33.0-255,66,86532,34,161038
13222,0.001277,172.217.194.0-255,2184,88716,34,161038
13223,0.001279,172.31.33.0-255,66,88782,34,161038
13224,0.001324,172.217.194.0-255,4320,93102,34,161038
13225,0.001327,172.31.33.0-255,66,93168,34,161038
13226,0.001366,172.31.33.0-255,66,93234,34,161038
13227,0.001381,172.31.33.0-255,66,93300,34,161038
13228,0.001383,172.217.194.0-255,766,94066,34,161038
13229,0.00143,172.217.194.0-255,5738,99804,34,161038
13230,0.001433,172.31.33.0-255,66,99870,34,161038
13231,0.001464,172.31.33.0-255,66,99936,34,161038
13232,0.001467,172.217.194.0-255,1484,101420,34,161038
13233,0.001493,172.31.33.0-255,66,101486,34,161038
13234,0.001528,172.217.194.0-255,7156,108642,34,161038
13235,0.001531,172.31.33.0-255,66,108708,34,161038
13236,0.001549,172.217.194.0-255,7156,115864,34,161038
13237,0.001551,172.31.33.0-255,66,115930,34,161038
13238,0.001574,172.217.194.0-255,4320,120250,34,161038
13239,0.001577,172.31.33.0-255,66,120316,34,161038
13240,0.001598,172.217.194.0-255,1484,121800,34,161038
13241,0.001608,172.31.33.0-255,66,121866,34,161038
13242,0.001613,172.217.194.0-255,2184,124050,34,161038
13243,0.001615,172.31.33.0-255,66,124116,34,161038
13244,0.001627,172.217.194.0-255,1484,125600,34,161038
13245,0.001631,172.217.194.0-255,2902,128502,34,161038
13246,0.001633,172.31.33.0-255,66,128568,34,161038
13247,0.00166,172.217.194.0-255,5738,134306,34,161038
13248,0.001663,172.31.33.0-255,66,134372,34,161038
13249,0.001704,172.31.33.0-255,66,134438,34,161038
13250,0.00176,172.31.33.0-255,66,134504,34,161038
13251,0.001791,172.31.33.0-255,66,134570,34,161038
13252,0.001808,172.217.194.0-255,4320,138890,34,161038
13253,0.001811,172.31.33.0-255,66,138956,34,161038
13254,0.001825,172.217.194.0-255,1484,140440,34,161038
13255,0.001841,172.217.194.0-255,1484,141924,34,161038
13256,0.001844,172.31.33.0-255,66,141990,34,161038
13257,0.001882,172.31.33.0-255,66,142056,34,161038
13258,0.001916,172.217.194.0-255,5738,147794,34,161038
13259,0.001918,172.31.33.0-255,66,147860,34,161038
13260,0.001947,172.31.33.0-255,66,147926,34,161038
13261,0.00195,172.217.194.0-255,1484,149410,34,161038
13262,0.001963,172.31.33.0-255,66,149476,34,161038
13263,0.00199,172.31.33.0-255,66,149542,34,161038
13264,0.002022,172.217.194.0-255,7156,156698,34,161038
13265,0.002025,172.31.33.0-255,66,156764,34,161038
13266,0.002037,172.31.33.0-255,66,156830,34,161038
13267,0.002068,172.31.33.0-255,66,156896,34,161038
13268,0.002088,172.217.194.0-255,3602,160498,34,161038
13269,0.002091,172.31.33.0-255,66,160564,34,161038
13270,0.002104,172.31.33.0-255,66,160630,34,161038
13271,0.002114,172.31.33.0-255,66,160696,34,161038
13272,0.00213,172.217.194.0-255,105,160801,34,161038
13273,0.012829,172.31.33.0-255,66,160867,34,161038
13274,0.012876,172.31.33.0-255,105,160972,34,161038
13275,0.01546,172.217.194.0-255,66,161038,34,161038
13276,0.0,74.125.24.0-255,143,143,34,315129
13277,2.3e-05,172.31.33.0-255,66,209,34,315129
13278,3.1e-05,74.125.24.0-255,1484,1693,34,315129
13279,3.5e-05,172.31.33.0-255,66,1759,34,315129
13280,4.1e-05,74.125.24.0-255,2902,4661,34,315129
13281,4.4e-05,172.31.33.0-255,66,4727,34,315129
13282,5.2e-05,74.125.24.0-255,7156,11883,34,315129
13283,5.5e-05,172.31.33.0-255,66,11949,34,315129
13284,7.8e-05,74.125.24.0-255,2127,14076,34,315129
13285,8.1e-05,172.31.33.0-255,66,14142,34,315129
13286,0.000128,74.125.24.0-255,1484,15626,34,315129
13287,0.000131,172.31.33.0-255,66,15692,34,315129
13288,0.00015,74.125.24.0-255,2902,18594,34,315129
13289,0.000153,172.31.33.0-255,66,18660,34,315129
13290,0.00016,74.125.24.0-255,5738,24398,34,315129
13291,0.000162,172.31.33.0-255,66,24464,34,315129
13292,0.000166,74.125.24.0-255,2902,27366,34,315129
13293,0.000168,172.31.33.0-255,66,27432,34,315129
13294,0.000189,74.125.24.0-255,1484,28916,34,315129
13295,0.000192,172.31.33.0-255,66,28982,34,315129
13296,0.000225,74.125.24.0-255,2543,31525,34,315129
13297,0.000227,172.31.33.0-255,66,31591,34,315129
13298,0.000335,74.125.24.0-255,1484,33075,34,315129
13299,0.000339,172.31.33.0-255,66,33141,34,315129
13300,0.000345,74.125.24.0-255,2902,36043,34,315129
13301,0.000348,172.31.33.0-255,66,36109,34,315129
13302,0.000351,74.125.24.0-255,1484,37593,34,315129
13303,0.000353,172.31.33.0-255,66,37659,34,315129
13304,0.000384,74.125.24.0-255,4320,41979,34,315129
13305,0.000386,172.31.33.0-255,66,42045,34,315129
13306,0.00039,74.125.24.0-255,2902,44947,34,315129
13307,0.000392,172.31.33.0-255,66,45013,34,315129
13308,0.000406,74.125.24.0-255,4320,49333,34,315129
13309,0.000432,74.125.24.0-255,6797,56130,34,315129
13310,0.000436,74.125.24.0-255,4320,60450,34,315129
13311,0.000456,172.31.33.0-255,66,60516,34,315129
13312,0.000474,74.125.24.0-255,5685,66201,34,315129
13313,0.000502,74.125.24.0-255,380,66581,34,315129
13314,0.000507,172.31.33.0-255,66,66647,34,315129
13315,0.000796,74.125.24.0-255,1484,68131,34,315129
13316,0.000802,74.125.24.0-255,2902,71033,34,315129
13317,0.000846,74.125.24.0-255,5738,76771,34,315129
13318,0.000866,74.125.24.0-255,7156,83927,34,315129
13319,0.000872,172.31.33.0-255,66,83993,34,315129
13320,0.000896,74.125.24.0-255,2902,86895,34,315129
13321,0.000901,172.31.33.0-255,66,86961,34,315129
13322,0.000908,74.125.24.0-255,766,87727,34,315129
13323,0.000917,74.125.24.0-255,1484,89211,34,315129
13324,0.000933,74.125.24.0-255,2902,92113,34,315129
13325,0.000939,74.125.24.0-255,5738,97851,34,315129
13326,0.000945,172.31.33.0-255,66,97917,34,315129
13327,0.000965,74.125.24.0-255,4320,102237,34,315129
13328,0.00097,74.125.24.0-255,5738,107975,34,315129
13329,0.000988,172.31.33.0-255,66,108041,34,315129
13330,0.001007,74.125.24.0-255,5738,113779,34,315129
13331,0.001026,172.31.33.0-255,66,113845,34,315129
13332,0.00103,172.31.33.0-255,66,113911,34,315129
13333,0.001275,74.125.24.0-255,1484,115395,34,315129
13334,0.00128,74.125.24.0-255,2902,118297,34,315129
13335,0.001283,172.31.33.0-255,66,118363,34,315129
13336,0.001305,74.125.24.0-255,5738,124101,34,315129
13337,0.001311,172.31.33.0-255,66,124167,34,315129
13338,0.001333,74.125.24.0-255,7156,131323,34,315129
13339,0.001338,74.125.24.0-255,4320,135643,34,315129
13340,0.001344,172.31.33.0-255,66,135709,34,315129
13341,0.001362,74.125.24.0-255,2184,137893,34,315129
13342,0.001383,172.31.33.0-255,66,137959,34,315129
13343,0.001477,74.125.24.0-255,1484,139443,34,315129
13344,0.001493,74.125.24.0-255,2902,142345,34,315129
13345,0.001495,172.31.33.0-255,66,142411,34,315129
13346,0.001516,74.125.24.0-255,4320,146731,34,315129
13347,0.001531,74.125.24.0-255,5738,152469,34,315129
13348,0.001539,172.31.33.0-255,66,152535,34,315129
13349,0.001554,74.125.24.0-255,2902,155437,34,315129
13350,0.001559,74.125.24.0-255,4320,159757,34,315129
13351,0.001567,172.31.33.0-255,66,159823,34,315129
13352,0.00161,74.125.24.0-255,3602,163425,34,315129
13353,0.001615,172.31.33.0-255,66,163491,34,315129
13354,0.001791,74.125.24.0-255,1484,164975,34,315129
13355,0.001807,74.125.24.0-255,2902,167877,34,315129
13356,0.00181,172.31.33.0-255,66,167943,34,315129
13357,0.001813,74.125.24.0-255,1484,169427,34,315129
13358,0.001832,74.125.24.0-255,4320,173747,34,315129
13359,0.001841,172.31.33.0-255,66,173813,34,315129
13360,0.001868,172.31.33.0-255,66,173879,34,315129
13361,0.001874,74.125.24.0-255,7156,181035,34,315129
13362,0.001886,74.125.24.0-255,3602,184637,34,315129
13363,0.00189,172.31.33.0-255,66,184703,34,315129
13364,0.001978,74.125.24.0-255,1484,186187,34,315129
13365,0.001983,74.125.24.0-255,2902,189089,34,315129
13366,0.001995,74.125.24.0-255,4320,193409,34,315129
13367,0.002005,74.125.24.0-255,1484,194893,34,315129
13368,0.002007,74.125.24.0-255,1484,196377,34,315129
13369,0.00201,172.31.33.0-255,66,196443,34,315129
13370,0.002025,74.125.24.0-255,5738,202181,34,315129
13371,0.002078,74.125.24.0-255,2184,204365,34,315129
13372,0.00211,74.125.24.0-255,2902,207267,34,315129
13373,0.002117,74.125.24.0-255,1484,208751,34,315129
13374,0.002131,74.125.24.0-255,5738,214489,34,315129
13375,0.002158,74.125.24.0-255,7156,221645,34,315129
13376,0.002175,74.125.24.0-255,4320,225965,34,315129
13377,0.002179,74.125.24.0-255,4320,230285,34,315129
13378,0.002238,74.125.24.0-255,5020,235305,34,315129
13379,0.002283,74.125.24.0-255,5738,241043,34,315129
13380,0.00232,74.125.24.0-255,5738,246781,34,315129
13381,0.002342,74.125.24.0-255,5020,251801,34,315129
13382,0.002344,74.125.24.0-255,1484,253285,34,315129
13383,0.006502,172.31.33.0-255,66,253351,34,315129
13384,0.008857,74.125.24.0-255,5738,259089,34,315129
13385,0.008864,172.31.33.0-255,66,259155,34,315129
13386,0.011195,74.125.24.0-255,5738,264893,34,315129
13387,0.011202,172.31.33.0-255,66,264959,34,315129
13388,0.013514,74.125.24.0-255,5738,270697,34,315129
13389,0.015129,172.31.33.0-255,66,270763,34,315129
13390,0.017443,74.125.24.0-255,5738,276501,34,315129
13391,0.017453,172.31.33.0-255,66,276567,34,315129
13392,0.01978,74.125.24.0-255,5738,282305,34,315129
13393,0.019789,172.31.33.0-255,66,282371,34,315129
13394,0.022146,74.125.24.0-255,5738,288109,34,315129
13395,0.022154,172.31.33.0-255,66,288175,34,315129
13396,0.024475,74.125.24.0-255,5738,293913,34,315129
13397,0.024482,172.31.33.0-255,66,293979,34,315129
13398,0.026797,74.125.24.0-255,5738,299717,34,315129
13399,0.026804,172.31.33.0-255,66,299783,34,315129
13400,0.028074,172.31.33.0-255,172,299955,34,315129
13401,0.028107,172.31.33.0-255,1114,301069,34,315129
13402,0.028171,172.31.33.0-255,1514,302583,34,315129
13403,0.028172,172.31.33.0-255,1514,304097,34,315129
13404,0.028173,172.31.33.0-255,1514,305611,34,315129
13405,0.028175,172.31.33.0-255,1514,307125,34,315129
13406,0.028176,172.31.33.0-255,528,307653,34,315129
13407,0.02917,74.125.24.0-255,5738,313391,34,315129
13408,0.029178,172.31.33.0-255,66,313457,34,315129
13409,0.029754,104.244.42.0-255,66,313523,34,315129
13410,0.031487,74.125.24.0-255,1369,314892,34,315129
13411,0.031601,172.31.33.0-255,66,314958,34,315129
13412,0.031631,172.31.33.0-255,105,315063,34,315129
13413,0.033947,74.125.24.0-255,66,315129,34,315129
13414,0.0,74.125.24.0-255,153,153,34,285231
13415,1.9e-05,172.31.33.0-255,66,219,34,285231
13416,2.6e-05,74.125.24.0-255,1484,1703,34,285231
13417,3.1e-05,172.31.33.0-255,66,1769,34,285231
13418,4.3e-05,74.125.24.0-255,2902,4671,34,285231
13419,4.6e-05,172.31.33.0-255,66,4737,34,285231
13420,5.4e-05,74.125.24.0-255,7156,11893,34,285231
13421,5.8e-05,172.31.33.0-255,66,11959,34,285231
13422,8.9e-05,74.125.24.0-255,2010,13969,34,285231
13423,9.2e-05,172.31.33.0-255,66,14035,34,285231
13424,0.000211,74.125.24.0-255,1484,15519,34,285231
13425,0.000215,172.31.33.0-255,66,15585,34,285231
13426,0.000221,74.125.24.0-255,2902,18487,34,285231
13427,0.000223,172.31.33.0-255,66,18553,34,285231
13428,0.000253,74.125.24.0-255,5738,24291,34,285231
13429,0.000256,172.31.33.0-255,66,24357,34,285231
13430,0.000284,74.125.24.0-255,6797,31154,34,285231
13431,0.000287,172.31.33.0-255,66,31220,34,285231
13432,0.000684,74.125.24.0-255,1484,32704,34,285231
13433,0.00069,172.31.33.0-255,66,32770,34,285231
13434,0.000696,74.125.24.0-255,2902,35672,34,285231
13435,0.000698,172.31.33.0-255,66,35738,34,285231
13436,0.00071,74.125.24.0-255,5738,41476,34,285231
13437,0.000712,172.31.33.0-255,66,41542,34,285231
13438,0.000754,74.125.24.0-255,7156,48698,34,285231
13439,0.000757,172.31.33.0-255,66,48764,34,285231
13440,0.000785,74.125.24.0-255,6797,55561,34,285231
13441,0.000787,172.31.33.0-255,66,55627,34,285231
13442,0.000799,172.31.33.0-255,66,55693,34,285231
13443,0.000925,74.125.24.0-255,412,56105,34,285231
13444,0.000931,172.31.33.0-255,66,56171,34,285231
13445,0.000959,74.125.24.0-255,330,56501,34,285231
13446,0.001147,172.31.33.0-255,66,56567,34,285231
13447,0.001404,74.125.24.0-255,1484,58051,34,285231
13448,0.001412,74.125.24.0-255,2902,60953,34,285231
13449,0.001418,74.125.24.0-255,4320,65273,34,285231
13450,0.00143,74.125.24.0-255,1484,66757,34,285231
13451,0.001445,74.125.24.0-255,1484,68241,34,285231
13452,0.001488,74.125.24.0-255,7156,75397,34,285231
13453,0.001502,74.125.24.0-255,2902,78299,34,285231
13454,0.001505,74.125.24.0-255,766,79065,34,285231
13455,0.00317,74.125.24.0-255,1484,80549,34,285231
13456,0.003175,74.125.24.0-255,1484,82033,34,285231
13457,0.003185,74.125.24.0-255,1484,83517,34,285231
13458,0.003198,74.125.24.0-255,2902,86419,34,285231
13459,0.003214,74.125.24.0-255,2902,89321,34,285231
13460,0.003227,74.125.24.0-255,4320,93641,34,285231
13461,0.003246,74.125.24.0-255,5738,99379,34,285231
13462,0.003257,74.125.24.0-255,2902,102281,34,285231
13463,0.003274,74.125.24.0-255,5738,108019,34,285231
13464,0.003286,74.125.24.0-255,2902,110921,34,285231
13465,0.003289,74.125.24.0-255,2184,113105,34,285231
13466,0.00374,74.125.24.0-255,1484,114589,34,285231
13467,0.003775,74.125.24.0-255,2902,117491,34,285231
13468,0.003777,74.125.24.0-255,1484,118975,34,285231
13469,0.003789,74.125.24.0-255,2902,121877,34,285231
13470,0.003798,74.125.24.0-255,1484,123361,34,285231
13471,0.00382,74.125.24.0-255,7156,130517,34,285231
13472,0.003832,74.125.24.0-255,1484,132001,34,285231
13473,0.003843,74.125.24.0-255,2902,134903,34,285231
13474,0.003885,74.125.24.0-255,3602,138505,34,285231
13475,0.00446,74.125.24.0-255,1484,139989,34,285231
13476,0.00448,74.125.24.0-255,2902,142891,34,285231
13477,0.004494,74.125.24.0-255,2902,145793,34,285231
13478,0.004509,74.125.24.0-255,2902,148695,34,285231
13479,0.004515,74.125.24.0-255,5738,154433,34,285231
13480,0.004526,74.125.24.0-255,4320,158753,34,285231
13481,0.004579,74.125.24.0-255,1484,160237,34,285231
13482,0.004607,74.125.24.0-255,2184,162421,34,285231
13483,0.006528,172.31.33.0-255,66,162487,34,285231
13484,0.006582,74.125.24.0-255,1484,163971,34,285231
13485,0.006589,74.125.24.0-255,2902,166873,34,285231
13486,0.006605,74.125.24.0-255,2902,169775,34,285231
13487,0.006615,172.31.33.0-255,66,169841,34,285231
13488,0.006642,74.125.24.0-255,2902,172743,34,285231
13489,0.006649,74.125.24.0-255,7156,179899,34,285231
13490,0.006651,74.125.24.0-255,1484,181383,34,285231
13491,0.006659,172.31.33.0-255,66,181449,34,285231
13492,0.006692,172.31.33.0-255,66,181515,34,285231
13493,0.006702,74.125.24.0-255,5738,187253,34,285231
13494,0.006706,172.31.33.0-255,66,187319,34,285231
13495,0.006734,74.125.24.0-255,4320,191639,34,285231
13496,0.006767,74.125.24.0-255,7156,198795,34,285231
13497,0.006784,172.31.33.0-255,66,198861,34,285231
13498,0.00679,74.125.24.0-255,766,199627,34,285231
13499,0.007266,74.125.24.0-255,1484,201111,34,285231
13500,0.007272,74.125.24.0-255,2902,204013,34,285231
13501,0.007277,172.31.33.0-255,66,204079,34,285231
13502,0.007293,74.125.24.0-255,5738,209817,34,285231
13503,0.007362,74.125.24.0-255,2902,212719,34,285231
13504,0.007377,74.125.24.0-255,2184,214903,34,285231
13505,0.00738,172.31.33.0-255,66,214969,34,285231
13506,0.007385,172.31.33.0-255,66,215035,34,285231
13507,0.007421,74.125.24.0-255,1484,216519,34,285231
13508,0.007433,74.125.24.0-255,2902,219421,34,285231
13509,0.007443,172.31.33.0-255,66,219487,34,285231
13510,0.007473,74.125.24.0-255,5738,225225,34,285231
13511,0.007481,74.125.24.0-255,7156,232381,34,285231
13512,0.007506,172.31.33.0-255,66,232447,34,285231
13513,0.007518,74.125.24.0-255,4320,236767,34,285231
13514,0.007529,74.125.24.0-255,2184,238951,34,285231
13515,0.007532,74.125.24.0-255,2902,241853,34,285231
13516,0.007534,74.125.24.0-255,1484,243337,34,285231
13517,0.007551,74.125.24.0-255,2902,246239,34,285231
13518,0.007567,74.125.24.0-255,2902,249141,34,285231
13519,0.007572,74.125.24.0-255,2902,252043,34,285231
13520,0.007578,172.31.33.0-255,66,252109,34,285231
13521,0.007601,74.125.24.0-255,7156,259265,34,285231
13522,0.007617,74.125.24.0-255,2184,261449,34,285231
13523,0.007628,172.31.33.0-255,66,261515,34,285231
13524,0.007637,74.125.24.0-255,2902,264417,34,285231
13525,0.007657,74.125.24.0-255,7156,271573,34,285231
13526,0.007662,172.31.33.0-255,66,271639,34,285231
13527,0.007678,74.125.24.0-255,7156,278795,34,285231
13528,0.007699,74.125.24.0-255,1484,280279,34,285231
13529,0.007711,74.125.24.0-255,258,280537,34,285231
13530,0.007722,172.31.33.0-255,66,280603,34,285231
13531,0.007774,74.125.24.0-255,105,280708,34,285231
13532,0.009529,172.31.33.0-255,66,280774,34,285231
13533,0.009565,172.31.33.0-255,105,280879,34,285231
13534,0.011787,74.125.24.0-255,66,280945,34,285231
13535,0.02945,172.31.33.0-255,167,281112,34,285231
13536,0.029481,172.31.33.0-255,1113,282225,34,285231
13537,0.029546,172.31.33.0-255,1514,283739,34,285231
13538,0.029547,172.31.33.0-255,1294,285033,34,285231
13539,0.031012,104.244.42.0-255,66,285099,34,285231
13540,0.031022,104.244.42.0-255,66,285165,34,285231
13541,0.031134,104.244.42.0-255,66,285231,34,285231
13542,0.0,74.125.68.0-255,153,153,34,352416
13543,2.4e-05,172.31.33.0-255,66,219,34,352416
13544,3e-05,74.125.68.0-255,1484,1703,34,352416
13545,3.4e-05,172.31.33.0-255,66,1769,34,352416
13546,3.8e-05,74.125.68.0-255,2902,4671,34,352416
13547,4.1e-05,172.31.33.0-255,66,4737,34,352416
13548,4.3e-05,74.125.68.0-255,1484,6221,34,352416
13549,4.5e-05,172.31.33.0-255,66,6287,34,352416
13550,6.2e-05,74.125.68.0-255,2902,9189,34,352416
13551,6.4e-05,172.31.33.0-255,66,9255,34,352416
13552,9.1e-05,74.125.68.0-255,4320,13575,34,352416
13553,9.4e-05,172.31.33.0-255,66,13641,34,352416
13554,0.000115,74.125.68.0-255,4809,18450,34,352416
13555,0.000119,172.31.33.0-255,66,18516,34,352416
13556,0.000129,172.31.33.0-255,66,18582,34,352416
13557,0.000152,74.125.68.0-255,2543,21125,34,352416
13558,0.000156,172.31.33.0-255,66,21191,34,352416
13559,0.000291,74.125.68.0-255,1484,22675,34,352416
13560,0.000295,172.31.33.0-255,66,22741,34,352416
13561,0.0003,74.125.68.0-255,2902,25643,34,352416
13562,0.000302,172.31.33.0-255,66,25709,34,352416
13563,0.000314,74.125.68.0-255,1484,27193,34,352416
13564,0.000316,172.31.33.0-255,66,27259,34,352416
13565,0.000332,74.125.68.0-255,4320,31579,34,352416
13566,0.000335,172.31.33.0-255,66,31645,34,352416
13567,0.00034,74.125.68.0-255,4320,35965,34,352416
13568,0.000344,172.31.33.0-255,66,36031,34,352416
13569,0.000361,74.125.68.0-255,2543,38574,34,352416
13570,0.000363,172.31.33.0-255,66,38640,34,352416
13571,0.000391,74.125.68.0-255,4320,42960,34,352416
13572,0.000394,172.31.33.0-255,66,43026,34,352416
13573,0.00041,74.125.68.0-255,2902,45928,34,352416
13574,0.000413,172.31.33.0-255,66,45994,34,352416
13575,0.000422,172.31.33.0-255,66,46060,34,352416
13576,0.000439,74.125.68.0-255,1481,47541,34,352416
13577,0.00046,74.125.68.0-255,330,47871,34,352416
13578,0.000463,172.31.33.0-255,66,47937,34,352416
13579,0.000568,74.125.68.0-255,1484,49421,34,352416
13580,0.00058,74.125.68.0-255,2902,52323,34,352416
13581,0.000583,172.31.33.0-255,66,52389,34,352416
13582,0.000586,74.125.68.0-255,1484,53873,34,352416
13583,0.000602,74.125.68.0-255,2902,56775,34,352416
13584,0.000604,172.31.33.0-255,66,56841,34,352416
13585,0.000625,74.125.68.0-255,4320,61161,34,352416
13586,0.000628,172.31.33.0-255,66,61227,34,352416
13587,0.000645,74.125.68.0-255,1484,62711,34,352416
13588,0.00065,74.125.68.0-255,2543,65254,34,352416
13589,0.000652,172.31.33.0-255,66,65320,34,352416
13590,0.000675,74.125.68.0-255,1484,66804,34,352416
13591,0.000685,74.125.68.0-255,1484,68288,34,352416
13592,0.000688,172.31.33.0-255,66,68354,34,352416
13593,0.000701,74.125.68.0-255,1484,69838,34,352416
13594,0.00072,74.125.68.0-255,2902,72740,34,352416
13595,0.000723,172.31.33.0-255,66,72806,34,352416
13596,0.00073,74.125.68.0-255,5738,78544,34,352416
13597,0.000732,172.31.33.0-255,66,78610,34,352416
13598,0.000735,74.125.68.0-255,1484,80094,34,352416
13599,0.000755,74.125.68.0-255,2543,82637,34,352416
13600,0.000761,172.31.33.0-255,66,82703,34,352416
13601,0.001005,74.125.68.0-255,1484,84187,34,352416
13602,0.001009,74.125.68.0-255,1484,85671,34,352416
13603,0.001012,172.31.33.0-255,66,85737,34,352416
13604,0.00103,74.125.68.0-255,1484,87221,34,352416
13605,0.001045,74.125.68.0-255,5738,92959,34,352416
13606,0.001048,172.31.33.0-255,66,93025,34,352416
13607,0.001052,74.125.68.0-255,2902,95927,34,352416
13608,0.001054,172.31.33.0-255,66,95993,34,352416
13609,0.001057,74.125.68.0-255,1484,97477,34,352416
13610,0.00107,74.125.68.0-255,2902,100379,34,352416
13611,0.001073,172.31.33.0-255,66,100445,34,352416
13612,0.001076,74.125.68.0-255,1484,101929,34,352416
13613,0.001101,74.125.68.0-255,7156,109085,34,352416
13614,0.001104,172.31.33.0-255,66,109151,34,352416
13615,0.001109,74.125.68.0-255,4320,113471,34,352416
13616,0.001111,172.31.33.0-255,66,113537,34,352416
13617,0.001123,74.125.68.0-255,1484,115021,34,352416
13618,0.00116,74.125.68.0-255,2184,117205,34,352416
13619,0.001164,172.31.33.0-255,66,117271,34,352416
13620,0.001343,74.125.68.0-255,1484,118755,34,352416
13621,0.001357,74.125.68.0-255,2902,121657,34,352416
13622,0.00136,172.31.33.0-255,66,121723,34,352416
13623,0.001383,74.125.68.0-255,4320,126043,34,352416
13624,0.001386,172.31.33.0-255,66,126109,34,352416
13625,0.00139,74.125.68.0-255,1484,127593,34,352416
13626,0.001408,74.125.68.0-255,7156,134749,34,352416
13627,0.001411,172.31.33.0-255,66,134815,34,352416
13628,0.001417,74.125.68.0-255,4320,139135,34,352416
13629,0.001419,172.31.33.0-255,66,139201,34,352416
13630,0.001435,74.125.68.0-255,1484,140685,34,352416
13631,0.001442,74.125.68.0-255,7156,147841,34,352416
13632,0.001444,172.31.33.0-255,66,147907,34,352416
13633,0.001462,74.125.68.0-255,3602,151509,34,352416
13634,0.001464,172.31.33.0-255,66,151575,34,352416
13635,0.001508,74.125.68.0-255,2902,154477,34,352416
13636,0.001511,172.31.33.0-255,66,154543,34,352416
13637,0.001523,74.125.68.0-255,1484,156027,34,352416
13638,0.001525,74.125.68.0-255,1484,157511,34,352416
13639,0.001529,172.31.33.0-255,66,157577,34,352416
13640,0.001536,74.125.68.0-255,1484,159061,34,352416
13641,0.001548,74.125.68.0-255,2902,161963,34,352416
13642,0.001551,172.31.33.0-255,66,162029,34,352416
13643,0.001556,74.125.68.0-255,2902,164931,34,352416
13644,0.001558,172.31.33.0-255,66,164997,34,352416
13645,0.001586,172.31.33.0-255,66,165063,34,352416
13646,0.001591,74.125.68.0-255,4320,169383,34,352416
13647,0.001594,172.31.33.0-255,66,169449,34,352416
13648,0.001624,74.125.68.0-255,4320,173769,34,352416
13649,0.001627,172.31.33.0-255,66,173835,34,352416
13650,0.001645,74.125.68.0-255,3602,177437,34,352416
13651,0.001647,172.31.33.0-255,66,177503,34,352416
13652,0.001807,74.125.68.0-255,1484,178987,34,352416
13653,0.001818,74.125.68.0-255,1484,180471,34,352416
13654,0.001822,172.31.33.0-255,66,180537,34,352416
13655,0.001827,74.125.68.0-255,2902,183439,34,352416
13656,0.00183,172.31.33.0-255,66,183505,34,352416
13657,0.001853,74.125.68.0-255,1484,184989,34,352416
13658,0.001867,74.125.68.0-255,4320,189309,34,352416
13659,0.001869,74.125.68.0-255,1484,190793,34,352416
13660,0.001871,172.31.33.0-255,66,190859,34,352416
13661,0.001891,74.125.68.0-255,2902,193761,34,352416
13662,0.001894,172.31.33.0-255,66,193827,34,352416
13663,0.001898,74.125.68.0-255,2902,196729,34,352416
13664,0.0019,172.31.33.0-255,66,196795,34,352416
13665,0.001918,74.125.68.0-255,2902,199697,34,352416
13666,0.00192,172.31.33.0-255,66,199763,34,352416
13667,0.001924,74.125.68.0-255,4320,204083,34,352416
13668,0.001926,172.31.33.0-255,66,204149,34,352416
13669,0.001947,74.125.68.0-255,2902,207051,34,352416
13670,0.00195,172.31.33.0-255,66,207117,34,352416
13671,0.001973,74.125.68.0-255,1484,208601,34,352416
13672,0.001995,74.125.68.0-255,3602,212203,34,352416
13673,0.001998,172.31.33.0-255,66,212269,34,352416
13674,0.002056,74.125.68.0-255,1484,213753,34,352416
13675,0.002072,74.125.68.0-255,2902,216655,34,352416
13676,0.002074,172.31.33.0-255,66,216721,34,352416
13677,0.002077,74.125.68.0-255,1484,218205,34,352416
13678,0.002091,74.125.68.0-255,2902,221107,34,352416
13679,0.002094,172.31.33.0-255,66,221173,34,352416
13680,0.002111,74.125.68.0-255,2902,224075,34,352416
13681,0.002114,172.31.33.0-255,66,224141,34,352416
13682,0.002128,74.125.68.0-255,2902,227043,34,352416
13683,0.002131,172.31.33.0-255,66,227109,34,352416
13684,0.002136,74.125.68.0-255,7156,234265,34,352416
13685,0.002138,172.31.33.0-255,66,234331,34,352416
13686,0.002158,74.125.68.0-255,2902,237233,34,352416
13687,0.00216,172.31.33.0-255,66,237299,34,352416
13688,0.002185,74.125.68.0-255,2902,240201,34,352416
13689,0.002187,172.31.33.0-255,66,240267,34,352416
13690,0.002209,74.125.68.0-255,6438,246705,34,352416
13691,0.002211,172.31.33.0-255,66,246771,34,352416
13692,0.002226,74.125.68.0-255,1484,248255,34,352416
13693,0.002252,172.31.33.0-255,66,248321,34,352416
13694,0.002283,172.31.33.0-255,66,248387,34,352416
13695,0.002287,74.125.68.0-255,2902,251289,34,352416
13696,0.002289,172.31.33.0-255,66,251355,34,352416
13697,0.002304,74.125.68.0-255,2902,254257,34,352416
13698,0.002307,172.31.33.0-255,66,254323,34,352416
13699,0.002309,74.125.68.0-255,1484,255807,34,352416
13700,0.00233,74.125.68.0-255,4320,260127,34,352416
13701,0.002333,172.31.33.0-255,66,260193,34,352416
13702,0.002335,74.125.68.0-255,766,260959,34,352416
13703,0.002366,74.125.68.0-255,1484,262443,34,352416
13704,0.002369,172.31.33.0-255,66,262509,34,352416
13705,0.002372,74.125.68.0-255,1484,263993,34,352416
13706,0.00239,74.125.68.0-255,2902,266895,34,352416
13707,0.002392,172.31.33.0-255,66,266961,34,352416
13708,0.002395,74.125.68.0-255,1484,268445,34,352416
13709,0.0024,74.125.68.0-255,4320,272765,34,352416
13710,0.002402,172.31.33.0-255,66,272831,34,352416
13711,0.002406,74.125.68.0-255,2902,275733,34,352416
13712,0.002409,172.31.33.0-255,66,275799,34,352416
13713,0.002423,74.125.68.0-255,4320,280119,34,352416
13714,0.002425,172.31.33.0-255,66,280185,34,352416
13715,0.002428,74.125.68.0-255,1484,281669,34,352416
13716,0.002451,74.125.68.0-255,2902,284571,34,352416
13717,0.002454,172.31.33.0-255,66,284637,34,352416
13718,0.00246,74.125.68.0-255,5738,290375,34,352416
13719,0.002462,172.31.33.0-255,66,290441,34,352416
13720,0.002494,74.125.68.0-255,2902,293343,34,352416
13721,0.002497,172.31.33.0-255,66,293409,34,352416
13722,0.002514,74.125.68.0-255,2184,295593,34,352416
13723,0.002516,172.31.33.0-255,66,295659,34,352416
13724,0.002532,74.125.68.0-255,2902,298561,34,352416
13725,0.002534,172.31.33.0-255,66,298627,34,352416
13726,0.002548,74.125.68.0-255,2902,301529,34,352416
13727,0.002551,172.31.33.0-255,66,301595,34,352416
13728,0.002554,74.125.68.0-255,1484,303079,34,352416
13729,0.002556,74.125.68.0-255,1484,304563,34,352416
13730,0.002559,172.31.33.0-255,66,304629,34,352416
13731,0.002576,74.125.68.0-255,1484,306113,34,352416
13732,0.002579,74.125.68.0-255,1484,307597,34,352416
13733,0.002581,172.31.33.0-255,66,307663,34,352416
13734,0.002584,74.125.68.0-255,1484,309147,34,352416
13735,0.002605,74.125.68.0-255,1484,310631,34,352416
13736,0.002608,172.31.33.0-255,66,310697,34,352416
13737,0.002611,74.125.68.0-255,1484,312181,34,352416
13738,0.002618,172.31.33.0-255,78,312259,34,352416
13739,0.002626,74.125.68.0-255,2902,315161,34,352416
13740,0.002633,172.31.33.0-255,78,315239,34,352416
13741,0.002655,74.125.68.0-255,1484,316723,34,352416
13742,0.002659,172.31.33.0-255,66,316789,34,352416
13743,0.002665,74.125.68.0-255,4320,321109,34,352416
13744,0.002671,172.31.33.0-255,66,321175,34,352416
13745,0.002676,74.125.68.0-255,2902,324077,34,352416
13746,0.002679,172.31.33.0-255,66,324143,34,352416
13747,0.00271,74.125.68.0-255,6438,330581,34,352416
13748,0.002713,172.31.33.0-255,66,330647,34,352416
13749,0.002717,74.125.68.0-255,1484,332131,34,352416
13750,0.00272,74.125.68.0-255,1484,333615,34,352416
13751,0.002723,172.31.33.0-255,66,333681,34,352416
13752,0.002734,172.31.33.0-255,66,333747,34,352416
13753,0.002742,74.125.68.0-255,7156,340903,34,352416
13754,0.002745,172.31.33.0-255,66,340969,34,352416
13755,0.002753,74.125.68.0-255,7156,348125,34,352416
13756,0.002757,172.31.33.0-255,66,348191,34,352416
13757,0.002778,74.125.68.0-255,3537,351728,34,352416
13758,0.002781,172.31.33.0-255,66,351794,34,352416
13759,0.002784,74.125.68.0-255,97,351891,34,352416
13760,0.002816,74.125.68.0-255,105,351996,34,352416
13761,0.01249,172.31.33.0-255,66,352062,34,352416
13762,0.012523,172.31.33.0-255,105,352167,34,352416
13763,0.0138,74.125.68.0-255,105,352272,34,352416
13764,0.013811,172.31.33.0-255,78,352350,34,352416
13765,0.014752,74.125.68.0-255,66,352416,34,352416
13766,0.0,74.125.200.0-255,146,146,34,258929
13767,1.6e-05,172.31.33.0-255,66,212,34,258929
13768,2.3e-05,74.125.200.0-255,1484,1696,34,258929
13769,2.7e-05,172.31.33.0-255,66,1762,34,258929
13770,4e-05,74.125.200.0-255,2902,4664,34,258929
13771,4.4e-05,172.31.33.0-255,66,4730,34,258929
13772,5.2e-05,74.125.200.0-255,7156,11886,34,258929
13773,5.5e-05,172.31.33.0-255,66,11952,34,258929
13774,6e-05,74.125.200.0-255,1990,13942,34,258929
13775,6.3e-05,172.31.33.0-255,66,14008,34,258929
13776,0.00021,74.125.200.0-255,1484,15492,34,258929
13777,0.000215,172.31.33.0-255,66,15558,34,258929
13778,0.000221,74.125.200.0-255,2902,18460,34,258929
13779,0.000223,172.31.33.0-255,66,18526,34,258929
13780,0.000241,74.125.200.0-255,4320,22846,34,258929
13781,0.000246,172.31.33.0-255,66,22912,34,258929
13782,0.000264,74.125.200.0-255,1484,24396,34,258929
13783,0.000266,172.31.33.0-255,66,24462,34,258929
13784,0.000277,74.125.200.0-255,5738,30200,34,258929
13785,0.00028,172.31.33.0-255,66,30266,34,258929
13786,0.000309,74.125.200.0-255,1125,31391,34,258929
13787,0.000311,172.31.33.0-255,66,31457,34,258929
13788,0.000425,74.125.200.0-255,1484,32941,34,258929
13789,0.000428,172.31.33.0-255,66,33007,34,258929
13790,0.000446,74.125.200.0-255,2902,35909,34,258929
13791,0.000449,172.31.33.0-255,66,35975,34,258929
13792,0.000474,74.125.200.0-255,4320,40295,34,258929
13793,0.000477,172.31.33.0-255,66,40361,34,258929
13794,0.000506,74.125.200.0-255,1484,41845,34,258929
13795,0.000508,172.31.33.0-255,66,41911,34,258929
13796,0.000537,74.125.200.0-255,2902,44813,34,258929
13797,0.00054,172.31.33.0-255,66,44879,34,258929
13798,0.000558,74.125.200.0-255,3961,48840,34,258929
13799,0.00056,172.31.33.0-255,66,48906,34,258929
13800,0.000607,172.31.33.0-255,66,48972,34,258929
13801,0.000669,172.31.33.0-255,66,49038,34,258929
13802,0.000691,74.125.200.0-255,676,49714,34,258929
13803,0.001086,172.31.33.0-255,66,49780,34,258929
13804,0.001603,74.125.200.0-255,1484,51264,34,258929
13805,0.001621,74.125.200.0-255,2902,54166,34,258929
13806,0.001625,172.31.33.0-255,66,54232,34,258929
13807,0.001632,74.125.200.0-255,4320,58552,34,258929
13808,0.001634,172.31.33.0-255,66,58618,34,258929
13809,0.001637,74.125.200.0-255,1484,60102,34,258929
13810,0.001666,74.125.200.0-255,7156,67258,34,258929
13811,0.001668,172.31.33.0-255,66,67324,34,258929
13812,0.001675,74.125.200.0-255,7156,74480,34,258929
13813,0.001677,172.31.33.0-255,66,74546,34,258929
13814,0.001708,172.31.33.0-255,66,74612,34,258929
13815,0.00171,74.125.200.0-255,766,75378,34,258929
13816,0.003293,74.125.200.0-255,1484,76862,34,258929
13817,0.003298,172.31.33.0-255,66,76928,34,258929
13818,0.003304,74.125.200.0-255,2902,79830,34,258929
13819,0.003306,172.31.33.0-255,66,79896,34,258929
13820,0.003318,74.125.200.0-255,5738,85634,34,258929
13821,0.00332,172.31.33.0-255,66,85700,34,258929
13822,0.003357,74.125.200.0-255,4320,90020,34,258929
13823,0.003359,172.31.33.0-255,66,90086,34,258929
13824,0.003366,74.125.200.0-255,5738,95824,34,258929
13825,0.003368,172.31.33.0-255,66,95890,34,258929
13826,0.003386,172.31.33.0-255,66,95956,34,258929
13827,0.00339,74.125.200.0-255,2184,98140,34,258929
13828,0.003392,172.31.33.0-255,66,98206,34,258929
13829,0.003474,74.125.200.0-255,1484,99690,34,258929
13830,0.003498,74.125.200.0-255,2902,102592,34,258929
13831,0.003501,172.31.33.0-255,66,102658,34,258929
13832,0.003504,74.125.200.0-255,1484,104142,34,258929
13833,0.003531,74.125.200.0-255,4320,108462,34,258929
13834,0.003534,172.31.33.0-255,66,108528,34,258929
13835,0.003539,74.125.200.0-255,2902,111430,34,258929
13836,0.003541,172.31.33.0-255,66,111496,34,258929
13837,0.003572,172.31.33.0-255,66,111562,34,258929
13838,0.003579,74.125.200.0-255,5738,117300,34,258929
13839,0.003582,172.31.33.0-255,66,117366,34,258929
13840,0.003614,74.125.200.0-255,6438,123804,34,258929
13841,0.003617,172.31.33.0-255,66,123870,34,258929
13842,0.003649,172.31.33.0-255,66,123936,34,258929
13843,0.003678,74.125.200.0-255,2902,126838,34,258929
13844,0.00368,172.31.33.0-255,66,126904,34,258929
13845,0.003685,74.125.200.0-255,4320,131224,34,258929
13846,0.003687,172.31.33.0-255,66,131290,34,258929
13847,0.003755,172.31.33.0-255,66,131356,34,258929
13848,0.003779,74.125.200.0-255,3602,134958,34,258929
13849,0.003782,172.31.33.0-255,66,135024,34,258929
13850,0.003785,74.125.200.0-255,1484,136508,34,258929
13851,0.003788,74.125.200.0-255,1484,137992,34,258929
13852,0.00379,172.31.33.0-255,66,138058,34,258929
13853,0.003807,74.125.200.0-255,1484,139542,34,258929
13854,0.003817,74.125.200.0-255,5738,145280,34,258929
13855,0.00382,172.31.33.0-255,66,145346,34,258929
13856,0.003855,172.31.33.0-255,66,145412,34,258929
13857,0.00386,74.125.200.0-255,4320,149732,34,258929
13858,0.003863,172.31.33.0-255,66,149798,34,258929
13859,0.003901,74.125.200.0-255,4320,154118,34,258929
13860,0.003903,172.31.33.0-255,66,154184,34,258929
13861,0.003927,74.125.200.0-255,2184,156368,34,258929
13862,0.003929,172.31.33.0-255,66,156434,34,258929
13863,0.003951,74.125.200.0-255,1484,157918,34,258929
13864,0.003955,74.125.200.0-255,2902,160820,34,258929
13865,0.003958,172.31.33.0-255,66,160886,34,258929
13866,0.003963,74.125.200.0-255,2902,163788,34,258929
13867,0.003965,172.31.33.0-255,66,163854,34,258929
13868,0.003982,74.125.200.0-255,1484,165338,34,258929
13869,0.003986,74.125.200.0-255,1484,166822,34,258929
13870,0.003988,172.31.33.0-255,66,166888,34,258929
13871,0.003994,74.125.200.0-255,1484,168372,34,258929
13872,0.003997,172.31.33.0-255,78,168450,34,258929
13873,0.004009,74.125.200.0-255,7156,175606,34,258929
13874,0.004017,74.125.200.0-255,4320,179926,34,258929
13875,0.004027,172.31.33.0-255,66,179992,34,258929
13876,0.004033,172.31.33.0-255,66,180058,34,258929
13877,0.004037,74.125.200.0-255,2902,182960,34,258929
13878,0.004044,172.31.33.0-255,66,183026,34,258929
13879,0.004047,74.125.200.0-255,1484,184510,34,258929
13880,0.00408,74.125.200.0-255,6438,190948,34,258929
13881,0.004083,172.31.33.0-255,66,191014,34,258929
13882,0.004093,172.31.33.0-255,66,191080,34,258929
13883,0.004128,172.31.33.0-255,66,191146,34,258929
13884,0.004139,172.31.33.0-255,66,191212,34,258929
13885,0.004171,74.125.200.0-255,2902,194114,34,258929
13886,0.004173,172.31.33.0-255,66,194180,34,258929
13887,0.004178,74.125.200.0-255,3602,197782,34,258929
13888,0.004181,172.31.33.0-255,66,197848,34,258929
13889,0.004191,74.125.200.0-255,4320,202168,34,258929
13890,0.004193,172.31.33.0-255,66,202234,34,258929
13891,0.004224,74.125.200.0-255,5738,207972,34,258929
13892,0.004227,172.31.33.0-255,66,208038,34,258929
13893,0.004242,74.125.200.0-255,1484,209522,34,258929
13894,0.004253,172.31.33.0-255,66,209588,34,258929
13895,0.004257,74.125.200.0-255,2902,212490,34,258929
13896,0.00426,172.31.33.0-255,66,212556,34,258929
13897,0.004297,74.125.200.0-255,2902,215458,34,258929
13898,0.0043,172.31.33.0-255,66,215524,34,258929
13899,0.004306,74.125.200.0-255,7156,222680,34,258929
13900,0.004309,172.31.33.0-255,66,222746,34,258929
13901,0.004319,74.125.200.0-255,5020,227766,34,258929
13902,0.004322,172.31.33.0-255,66,227832,34,258929
13903,0.004327,74.125.200.0-255,4320,232152,34,258929
13904,0.00433,172.31.33.0-255,66,232218,34,258929
13905,0.004355,74.125.200.0-255,1484,233702,34,258929
13906,0.004368,172.31.33.0-255,66,233768,34,258929
13907,0.004371,74.125.200.0-255,1484,235252,34,258929
13908,0.0044,74.125.200.0-255,5738,240990,34,258929
13909,0.004403,172.31.33.0-255,66,241056,34,258929
13910,0.004406,74.125.200.0-255,2902,243958,34,258929
13911,0.004408,172.31.33.0-255,66,244024,34,258929
13912,0.00443,74.125.200.0-255,5020,249044,34,258929
13913,0.004433,172.31.33.0-255,66,249110,34,258929
13914,0.004441,74.125.200.0-255,4320,253430,34,258929
13915,0.004443,172.31.33.0-255,66,253496,34,258929
13916,0.004513,172.31.33.0-255,66,253562,34,258929
13917,0.004518,74.125.200.0-255,4959,258521,34,258929
13918,0.00452,172.31.33.0-255,66,258587,34,258929
13919,0.004523,74.125.200.0-255,105,258692,34,258929
13920,0.007042,172.31.33.0-255,66,258758,34,258929
13921,0.00708,172.31.33.0-255,105,258863,34,258929
13922,0.009371,74.125.200.0-255,66,258929,34,258929
13923,0.0,172.31.33.0-255,66,66,34,66
13924,0.0,74.125.24.0-255,298,298,34,250766
13925,2.8e-05,172.31.33.0-255,66,364,34,250766
13926,3.3e-05,74.125.24.0-255,1484,1848,34,250766
13927,3.7e-05,172.31.33.0-255,66,1914,34,250766
13928,4.2e-05,74.125.24.0-255,4320,6234,34,250766
13929,4.4e-05,172.31.33.0-255,66,6300,34,250766
13930,4.6e-05,74.125.24.0-255,1484,7784,34,250766
13931,4.8e-05,172.31.33.0-255,66,7850,34,250766
13932,7.6e-05,74.125.24.0-255,1484,9334,34,250766
13933,7.8e-05,172.31.33.0-255,66,9400,34,250766
13934,8.2e-05,74.125.24.0-255,2902,12302,34,250766
13935,8.4e-05,172.31.33.0-255,66,12368,34,250766
13936,0.000114,74.125.24.0-255,6087,18455,34,250766
13937,0.000116,172.31.33.0-255,66,18521,34,250766
13938,0.000123,74.125.24.0-255,7156,25677,34,250766
13939,0.000125,172.31.33.0-255,66,25743,34,250766
13940,0.00015,74.125.24.0-255,2902,28645,34,250766
13941,0.000153,172.31.33.0-255,66,28711,34,250766
13942,0.000176,74.125.24.0-255,2543,31254,34,250766
13943,0.00018,172.31.33.0-255,66,31320,34,250766
13944,0.000228,74.125.24.0-255,1484,32804,34,250766
13945,0.00023,172.31.33.0-255,66,32870,34,250766
13946,0.000247,74.125.24.0-255,2902,35772,34,250766
13947,0.00025,172.31.33.0-255,66,35838,34,250766
13948,0.000253,74.125.24.0-255,1484,37322,34,250766
13949,0.000255,172.31.33.0-255,66,37388,34,250766
13950,0.000286,74.125.24.0-255,5738,43126,34,250766
13951,0.000291,172.31.33.0-255,66,43192,34,250766
13952,0.000305,172.31.33.0-255,66,43258,34,250766
13953,0.00031,74.125.24.0-255,4320,47578,34,250766
13954,0.000315,172.31.33.0-255,66,47644,34,250766
13955,0.000337,74.125.24.0-255,5020,52664,34,250766
13956,0.000341,172.31.33.0-255,66,52730,34,250766
13957,0.000343,74.125.24.0-255,362,53092,34,250766
13958,0.000639,74.125.24.0-255,131,53223,34,250766
13959,0.000675,74.125.24.0-255,1484,54707,34,250766
13960,0.000679,172.31.33.0-255,66,54773,34,250766
13961,0.000684,74.125.24.0-255,2902,57675,34,250766
13962,0.000694,172.31.33.0-255,66,57741,34,250766
13963,0.000709,74.125.24.0-255,7156,64897,34,250766
13964,0.000716,74.125.24.0-255,5738,70635,34,250766
13965,0.000721,172.31.33.0-255,66,70701,34,250766
13966,0.000757,74.125.24.0-255,1484,72185,34,250766
13967,0.000758,172.31.33.0-255,66,72251,34,250766
13968,0.000776,74.125.24.0-255,1047,73298,34,250766
13969,0.000785,172.31.33.0-255,66,73364,34,250766
13970,0.001794,74.125.24.0-255,1484,74848,34,250766
13971,0.001801,172.31.33.0-255,66,74914,34,250766
13972,0.00181,74.125.24.0-255,2902,77816,34,250766
13973,0.00182,172.31.33.0-255,66,77882,34,250766
13974,0.001828,74.125.24.0-255,5738,83620,34,250766
13975,0.001833,74.125.24.0-255,4320,87940,34,250766
13976,0.002126,74.125.24.0-255,1484,89424,34,250766
13977,0.002134,74.125.24.0-255,2902,92326,34,250766
13978,0.002137,74.125.24.0-255,2902,95228,34,250766
13979,0.002155,74.125.24.0-255,2902,98130,34,250766
13980,0.002233,172.31.33.0-255,66,98196,34,250766
13981,0.002312,74.125.24.0-255,1484,99680,34,250766
13982,0.002318,74.125.24.0-255,2902,102582,34,250766
13983,0.00232,74.125.24.0-255,1484,104066,34,250766
13984,0.002324,172.31.33.0-255,66,104132,34,250766
13985,0.002355,74.125.24.0-255,4320,108452,34,250766
13986,0.002361,74.125.24.0-255,4320,112772,34,250766
13987,0.002365,74.125.24.0-255,4320,117092,34,250766
13988,0.00237,172.31.33.0-255,66,117158,34,250766
13989,0.002398,74.125.24.0-255,7156,124314,34,250766
13990,0.002404,74.125.24.0-255,4320,128634,34,250766
13991,0.002414,172.31.33.0-255,66,128700,34,250766
13992,0.002431,74.125.24.0-255,3602,132302,34,250766
13993,0.002445,172.31.33.0-255,66,132368,34,250766
13994,0.002501,74.125.24.0-255,1484,133852,34,250766
13995,0.002504,74.125.24.0-255,1484,135336,34,250766
13996,0.002508,172.31.33.0-255,66,135402,34,250766
13997,0.002518,74.125.24.0-255,1484,136886,34,250766
13998,0.002522,74.125.24.0-255,2902,139788,34,250766
13999,0.002541,74.125.24.0-255,2902,142690,34,250766
14000,0.002557,74.125.24.0-255,5738,148428,34,250766
14001,0.002578,74.125.24.0-255,2902,151330,34,250766
14002,0.002581,74.125.24.0-255,2184,153514,34,250766
14003,0.002589,172.31.33.0-255,66,153580,34,250766
14004,0.00303,74.125.24.0-255,1484,155064,34,250766
14005,0.003036,74.125.24.0-255,2902,157966,34,250766
14006,0.003039,172.31.33.0-255,66,158032,34,250766
14007,0.003044,74.125.24.0-255,2902,160934,34,250766
14008,0.003071,74.125.24.0-255,2902,163836,34,250766
14009,0.003076,74.125.24.0-255,4320,168156,34,250766
14010,0.00308,74.125.24.0-255,2902,171058,34,250766
14011,0.003094,172.31.33.0-255,66,171124,34,250766
14012,0.003115,172.31.33.0-255,66,171190,34,250766
14013,0.003127,74.125.24.0-255,4320,175510,34,250766
14014,0.003149,74.125.24.0-255,5738,181248,34,250766
14015,0.003166,172.31.33.0-255,66,181314,34,250766
14016,0.003219,172.31.33.0-255,66,181380,34,250766
14017,0.003228,74.125.24.0-255,4320,185700,34,250766
14018,0.003235,74.125.24.0-255,766,186466,34,250766
14019,0.003251,172.31.33.0-255,66,186532,34,250766
14020,0.00326,74.125.24.0-255,1484,188016,34,250766
14021,0.003285,74.125.24.0-255,2902,190918,34,250766
14022,0.003291,74.125.24.0-255,5738,196656,34,250766
14023,0.0033,172.31.33.0-255,66,196722,34,250766
14024,0.003329,74.125.24.0-255,5738,202460,34,250766
14025,0.003346,74.125.24.0-255,5738,208198,34,250766
14026,0.003353,172.31.33.0-255,66,208264,34,250766
14027,0.003366,74.125.24.0-255,2902,211166,34,250766
14028,0.003386,74.125.24.0-255,5738,216904,34,250766
14029,0.003394,172.31.33.0-255,66,216970,34,250766
14030,0.003421,74.125.24.0-255,3602,220572,34,250766
14031,0.003433,172.31.33.0-255,66,220638,34,250766
14032,0.004038,74.125.24.0-255,1484,222122,34,250766
14033,0.004045,74.125.24.0-255,2902,225024,34,250766
14034,0.004049,172.31.33.0-255,66,225090,34,250766
14035,0.004082,74.125.24.0-255,5738,230828,34,250766
14036,0.004089,74.125.24.0-255,5738,236566,34,250766
14037,0.004102,74.125.24.0-255,1484,238050,34,250766
14038,0.004106,172.31.33.0-255,66,238116,34,250766
14039,0.004153,74.125.24.0-255,5738,243854,34,250766
14040,0.004157,74.125.24.0-255,2184,246038,34,250766
14041,0.004168,172.31.33.0-255,66,246104,34,250766
14042,0.00422,74.125.24.0-255,4320,250424,34,250766
14043,0.004287,74.125.24.0-255,105,250529,34,250766
14044,0.004331,172.31.33.0-255,66,250595,34,250766
14045,0.005765,172.31.33.0-255,105,250700,34,250766
14046,0.008295,74.125.24.0-255,66,250766,34,250766
14047,0.0,172.217.194.0-255,153,153,34,263054
14048,2.2e-05,172.31.33.0-255,66,219,34,263054
14049,2.8e-05,172.217.194.0-255,1484,1703,34,263054
14050,3.1e-05,172.31.33.0-255,66,1769,34,263054
14051,3.6e-05,172.217.194.0-255,2902,4671,34,263054
14052,3.9e-05,172.31.33.0-255,66,4737,34,263054
14053,5.7e-05,172.217.194.0-255,5738,10475,34,263054
14054,5.9e-05,172.31.33.0-255,66,10541,34,263054
14055,7.8e-05,172.217.194.0-255,1484,12025,34,263054
14056,7.9e-05,172.31.33.0-255,66,12091,34,263054
14057,9.7e-05,172.217.194.0-255,2088,14179,34,263054
14058,9.9e-05,172.31.33.0-255,66,14245,34,263054
14059,0.000249,172.217.194.0-255,1484,15729,34,263054
14060,0.000254,172.31.33.0-255,66,15795,34,263054
14061,0.000259,172.217.194.0-255,2902,18697,34,263054
14062,0.000261,172.31.33.0-255,66,18763,34,263054
14063,0.000264,172.217.194.0-255,1484,20247,34,263054
14064,0.000265,172.31.33.0-255,66,20313,34,263054
14065,0.000286,172.217.194.0-255,4320,24633,34,263054
14066,0.000288,172.31.33.0-255,66,24699,34,263054
14067,0.000293,172.217.194.0-255,4320,29019,34,263054
14068,0.000295,172.31.33.0-255,66,29085,34,263054
14069,0.00031,172.217.194.0-255,2543,31628,34,263054
14070,0.000312,172.31.33.0-255,66,31694,34,263054
14071,0.00033,172.217.194.0-255,1484,33178,34,263054
14072,0.000332,172.31.33.0-255,66,33244,34,263054
14073,0.000351,172.217.194.0-255,2902,36146,34,263054
14074,0.000353,172.31.33.0-255,66,36212,34,263054
14075,0.000358,172.217.194.0-255,4320,40532,34,263054
14076,0.00036,172.31.33.0-255,66,40598,34,263054
14077,0.000372,172.217.194.0-255,1484,42082,34,263054
14078,0.000374,172.31.33.0-255,66,42148,34,263054
14079,0.000433,172.217.194.0-255,2902,45050,34,263054
14080,0.000437,172.31.33.0-255,66,45116,34,263054
14081,0.000449,172.217.194.0-255,3961,49077,34,263054
14082,0.000451,172.31.33.0-255,66,49143,34,263054
14083,0.001044,172.217.194.0-255,1484,50627,34,263054
14084,0.001055,172.217.194.0-255,2902,53529,34,263054
14085,0.00106,172.31.33.0-255,66,53595,34,263054
14086,0.001066,172.217.194.0-255,1484,55079,34,263054
14087,0.001085,172.217.194.0-255,4320,59399,34,263054
14088,0.001088,172.31.33.0-255,66,59465,34,263054
14089,0.001126,172.217.194.0-255,6797,66262,34,263054
14090,0.001129,172.31.33.0-255,66,66328,34,263054
14091,0.001234,172.217.194.0-255,1484,67812,34,263054
14092,0.00125,172.217.194.0-255,2902,70714,34,263054
14093,0.001253,172.31.33.0-255,66,70780,34,263054
14094,0.001259,172.217.194.0-255,2902,73682,34,263054
14095,0.001261,172.31.33.0-255,66,73748,34,263054
14096,0.001273,172.217.194.0-255,2902,76650,34,263054
14097,0.001276,172.31.33.0-255,66,76716,34,263054
14098,0.001321,172.217.194.0-255,4320,81036,34,263054
14099,0.001323,172.31.33.0-255,66,81102,34,263054
14100,0.001342,172.217.194.0-255,3124,84226,34,263054
14101,0.001344,172.31.33.0-255,66,84292,34,263054
14102,0.001602,172.217.194.0-255,1484,85776,34,263054
14103,0.001619,172.217.194.0-255,2902,88678,34,263054
14104,0.001621,172.31.33.0-255,66,88744,34,263054
14105,0.00164,172.217.194.0-255,4320,93064,34,263054
14106,0.001643,172.31.33.0-255,66,93130,34,263054
14107,0.001658,172.217.194.0-255,1484,94614,34,263054
14108,0.001673,172.217.194.0-255,4320,98934,34,263054
14109,0.001675,172.31.33.0-255,66,99000,34,263054
14110,0.001693,172.217.194.0-255,2543,101543,34,263054
14111,0.001695,172.31.33.0-255,66,101609,34,263054
14112,0.001941,172.217.194.0-255,1484,103093,34,263054
14113,0.001952,172.217.194.0-255,2902,105995,34,263054
14114,0.001955,172.31.33.0-255,66,106061,34,263054
14115,0.001972,172.217.194.0-255,4320,110381,34,263054
14116,0.001974,172.31.33.0-255,66,110447,34,263054
14117,0.001984,172.217.194.0-255,1484,111931,34,263054
14118,0.002005,172.217.194.0-255,7156,119087,34,263054
14119,0.002007,172.31.33.0-255,66,119153,34,263054
14120,0.002022,172.217.194.0-255,1484,120637,34,263054
14121,0.00205,172.31.33.0-255,66,120703,34,263054
14122,0.00219,172.217.194.0-255,1484,122187,34,263054
14123,0.002194,172.217.194.0-255,2902,125089,34,263054
14124,0.002197,172.31.33.0-255,66,125155,34,263054
14125,0.0022,172.217.194.0-255,1484,126639,34,263054
14126,0.002211,172.217.194.0-255,4320,130959,34,263054
14127,0.002214,172.31.33.0-255,66,131025,34,263054
14128,0.002241,172.31.33.0-255,66,131091,34,263054
14129,0.002257,172.217.194.0-255,2902,133993,34,263054
14130,0.002259,172.31.33.0-255,66,134059,34,263054
14131,0.002283,172.217.194.0-255,2902,136961,34,263054
14132,0.002285,172.31.33.0-255,66,137027,34,263054
14133,0.002312,172.31.33.0-255,66,137093,34,263054
14134,0.002922,172.217.194.0-255,1484,138577,34,263054
14135,0.002938,172.217.194.0-255,2902,141479,34,263054
14136,0.002942,172.31.33.0-255,66,141545,34,263054
14137,0.002961,172.217.194.0-255,5738,147283,34,263054
14138,0.002964,172.31.33.0-255,66,147349,34,263054
14139,0.002966,172.217.194.0-255,1484,148833,34,263054
14140,0.003033,172.31.33.0-255,66,148899,34,263054
14141,0.003039,172.217.194.0-255,6438,155337,34,263054
14142,0.003041,172.31.33.0-255,66,155403,34,263054
14143,0.003043,172.217.194.0-255,1484,156887,34,263054
14144,0.003048,172.217.194.0-255,4320,161207,34,263054
14145,0.00305,172.31.33.0-255,66,161273,34,263054
14146,0.003053,172.217.194.0-255,1484,162757,34,263054
14147,0.003076,172.217.194.0-255,5738,168495,34,263054
14148,0.003078,172.31.33.0-255,66,168561,34,263054
14149,0.003081,172.217.194.0-255,1484,170045,34,263054
14150,0.003095,172.217.194.0-255,5738,175783,34,263054
14151,0.003098,172.31.33.0-255,66,175849,34,263054
14152,0.003122,172.217.194.0-255,5020,180869,34,263054
14153,0.003322,172.217.194.0-255,1484,182353,34,263054
14154,0.003338,172.217.194.0-255,2902,185255,34,263054
14155,0.003342,172.217.194.0-255,4320,189575,34,263054
14156,0.003359,172.217.194.0-255,1484,191059,34,263054
14157,0.00337,172.217.194.0-255,4320,195379,34,263054
14158,0.003664,172.217.194.0-255,1484,196863,34,263054
14159,0.003682,172.217.194.0-255,2902,199765,34,263054
14160,0.003685,172.217.194.0-255,1484,201249,34,263054
14161,0.003704,172.217.194.0-255,4320,205569,34,263054
14162,0.003718,172.217.194.0-255,1484,207053,34,263054
14163,0.003754,172.217.194.0-255,4320,211373,34,263054
14164,0.003756,172.217.194.0-255,1484,212857,34,263054
14165,0.003769,172.217.194.0-255,1484,214341,34,263054
14166,0.003782,172.217.194.0-255,3602,217943,34,263054
14167,0.003808,172.217.194.0-255,2902,220845,34,263054
14168,0.003826,172.217.194.0-255,4320,225165,34,263054
14169,0.003839,172.217.194.0-255,5738,230903,34,263054
14170,0.003855,172.217.194.0-255,2902,233805,34,263054
14171,0.003901,172.217.194.0-255,6438,240243,34,263054
14172,0.003904,172.217.194.0-255,1484,241727,34,263054
14173,0.003915,172.217.194.0-255,2902,244629,34,263054
14174,0.003926,172.217.194.0-255,2902,247531,34,263054
14175,0.003985,172.217.194.0-255,7156,254687,34,263054
14176,0.003988,172.217.194.0-255,1484,256171,34,263054
14177,0.003991,172.217.194.0-255,2184,258355,34,263054
14178,0.004062,172.217.194.0-255,105,258460,34,263054
14179,0.004065,172.31.33.0-255,66,258526,34,263054
14180,0.004074,172.31.33.0-255,66,258592,34,263054
14181,0.006799,172.31.33.0-255,105,258697,34,263054
14182,0.009346,172.217.194.0-255,66,258763,34,263054
14183,0.032167,172.31.33.0-255,172,258935,34,263054
14184,0.032191,172.31.33.0-255,1112,260047,34,263054
14185,0.032254,172.31.33.0-255,1514,261561,34,263054
14186,0.032256,172.31.33.0-255,1295,262856,34,263054
14187,0.033763,104.244.42.0-255,66,262922,34,263054
14188,0.033795,104.244.42.0-255,66,262988,34,263054
14189,0.033946,104.244.42.0-255,66,263054,34,263054
14190,0.0,74.125.24.0-255,220,220,34,157485
14191,2.2e-05,172.31.33.0-255,66,286,34,157485
14192,2.7e-05,74.125.24.0-255,1484,1770,34,157485
14193,3.1e-05,172.31.33.0-255,66,1836,34,157485
14194,3.6e-05,74.125.24.0-255,4320,6156,34,157485
14195,3.8e-05,172.31.33.0-255,66,6222,34,157485
14196,7.8e-05,172.31.33.0-255,66,6288,34,157485
14197,9.5e-05,172.31.33.0-255,66,6354,34,157485
14198,0.000122,74.125.24.0-255,6797,13151,34,157485
14199,0.000125,172.31.33.0-255,66,13217,34,157485
14200,0.000162,74.125.24.0-255,4320,17537,34,157485
14201,0.000165,172.31.33.0-255,66,17603,34,157485
14202,0.000194,74.125.24.0-255,2902,20505,34,157485
14203,0.000196,172.31.33.0-255,66,20571,34,157485
14204,0.000205,172.31.33.0-255,66,20637,34,157485
14205,0.000207,74.125.24.0-255,1484,22121,34,157485
14206,0.000209,172.31.33.0-255,66,22187,34,157485
14207,0.000252,172.31.33.0-255,66,22253,34,157485
14208,0.000276,74.125.24.0-255,133,22386,34,157485
14209,0.000279,172.31.33.0-255,66,22452,34,157485
14210,0.000396,74.125.24.0-255,1484,23936,34,157485
14211,0.0004,172.31.33.0-255,66,24002,34,157485
14212,0.000404,74.125.24.0-255,2902,26904,34,157485
14213,0.000408,172.31.33.0-255,66,26970,34,157485
14214,0.000425,74.125.24.0-255,5738,32708,34,157485
14215,0.000428,172.31.33.0-255,66,32774,34,157485
14216,0.000432,74.125.24.0-255,2902,35676,34,157485
14217,0.000434,172.31.33.0-255,66,35742,34,157485
14218,0.000459,74.125.24.0-255,3961,39703,34,157485
14219,0.000462,172.31.33.0-255,66,39769,34,157485
14220,0.000481,172.31.33.0-255,66,39835,34,157485
14221,0.000486,74.125.24.0-255,2823,42658,34,157485
14222,0.000488,172.31.33.0-255,66,42724,34,157485
14223,0.000741,74.125.24.0-255,1484,44208,34,157485
14224,0.000747,74.125.24.0-255,2902,47110,34,157485
14225,0.00075,172.31.33.0-255,66,47176,34,157485
14226,0.000778,74.125.24.0-255,5738,52914,34,157485
14227,0.000781,172.31.33.0-255,66,52980,34,157485
14228,0.000791,172.31.33.0-255,66,53046,34,157485
14229,0.000818,74.125.24.0-255,2902,55948,34,157485
14230,0.000821,172.31.33.0-255,66,56014,34,157485
14231,0.000853,172.31.33.0-255,66,56080,34,157485
14232,0.001078,74.125.24.0-255,1484,57564,34,157485
14233,0.001082,74.125.24.0-255,1484,59048,34,157485
14234,0.001085,172.31.33.0-255,66,59114,34,157485
14235,0.001112,74.125.24.0-255,1484,60598,34,157485
14236,0.001118,74.125.24.0-255,5738,66336,34,157485
14237,0.001121,172.31.33.0-255,66,66402,34,157485
14238,0.001131,172.31.33.0-255,66,66468,34,157485
14239,0.001147,74.125.24.0-255,2902,69370,34,157485
14240,0.001149,172.31.33.0-255,66,69436,34,157485
14241,0.001158,74.125.24.0-255,4320,73756,34,157485
14242,0.00116,172.31.33.0-255,66,73822,34,157485
14243,0.001193,74.125.24.0-255,6438,80260,34,157485
14244,0.001198,172.31.33.0-255,66,80326,34,157485
14245,0.001518,74.125.24.0-255,1484,81810,34,157485
14246,0.001526,74.125.24.0-255,2902,84712,34,157485
14247,0.00153,172.31.33.0-255,66,84778,34,157485
14248,0.001536,74.125.24.0-255,5738,90516,34,157485
14249,0.001538,172.31.33.0-255,66,90582,34,157485
14250,0.001568,172.31.33.0-255,66,90648,34,157485
14251,0.001605,74.125.24.0-255,4320,94968,34,157485
14252,0.001607,172.31.33.0-255,66,95034,34,157485
14253,0.001642,74.125.24.0-255,5738,100772,34,157485
14254,0.001645,172.31.33.0-255,66,100838,34,157485
14255,0.001651,74.125.24.0-255,5020,105858,34,157485
14256,0.001652,172.31.33.0-255,66,105924,34,157485
14257,0.001657,74.125.24.0-255,5738,111662,34,157485
14258,0.001665,172.31.33.0-255,66,111728,34,157485
14259,0.001667,74.125.24.0-255,1484,113212,34,157485
14260,0.001673,74.125.24.0-255,5738,118950,34,157485
14261,0.001675,172.31.33.0-255,66,119016,34,157485
14262,0.0017,74.125.24.0-255,2902,121918,34,157485
14263,0.001702,172.31.33.0-255,66,121984,34,157485
14264,0.001745,172.31.33.0-255,66,122050,34,157485
14265,0.001824,74.125.24.0-255,1484,123534,34,157485
14266,0.001829,74.125.24.0-255,2902,126436,34,157485
14267,0.001831,172.31.33.0-255,66,126502,34,157485
14268,0.001836,74.125.24.0-255,4320,130822,34,157485
14269,0.001838,172.31.33.0-255,66,130888,34,157485
14270,0.001855,74.125.24.0-255,1484,132372,34,157485
14271,0.001859,74.125.24.0-255,2902,135274,34,157485
14272,0.001861,172.31.33.0-255,66,135340,34,157485
14273,0.001904,172.31.33.0-255,66,135406,34,157485
14274,0.001917,172.31.33.0-255,66,135472,34,157485
14275,0.001933,74.125.24.0-255,766,136238,34,157485
14276,0.001959,74.125.24.0-255,4320,140558,34,157485
14277,0.001962,172.31.33.0-255,66,140624,34,157485
14278,0.001965,74.125.24.0-255,1484,142108,34,157485
14279,0.001995,74.125.24.0-255,4320,146428,34,157485
14280,0.001998,172.31.33.0-255,66,146494,34,157485
14281,0.002009,172.31.33.0-255,66,146560,34,157485
14282,0.002012,74.125.24.0-255,2902,149462,34,157485
14283,0.002018,172.31.33.0-255,66,149528,34,157485
14284,0.002052,172.31.33.0-255,66,149594,34,157485
14285,0.002056,74.125.24.0-255,2902,152496,34,157485
14286,0.002058,172.31.33.0-255,66,152562,34,157485
14287,0.002102,172.31.33.0-255,66,152628,34,157485
14288,0.002115,172.31.33.0-255,66,152694,34,157485
14289,0.002157,172.31.33.0-255,66,152760,34,157485
14290,0.002249,74.125.24.0-255,97,152857,34,157485
14291,0.002251,74.125.24.0-255,105,152962,34,157485
14292,0.007043,172.31.33.0-255,66,153028,34,157485
14293,0.008857,172.31.33.0-255,105,153133,34,157485
14294,0.011103,74.125.24.0-255,66,153199,34,157485
14295,0.029103,172.31.33.0-255,167,153366,34,157485
14296,0.029133,172.31.33.0-255,1113,154479,34,157485
14297,0.029177,172.31.33.0-255,1514,155993,34,157485
14298,0.029179,172.31.33.0-255,1294,157287,34,157485
14299,0.030621,104.244.42.0-255,66,157353,34,157485
14300,0.030683,104.244.42.0-255,66,157419,34,157485
14301,0.030737,104.244.42.0-255,66,157485,34,157485
14302,0.0,172.217.194.0-255,153,153,34,195779
14303,3.6e-05,172.31.33.0-255,66,219,34,195779
14304,4.2e-05,172.217.194.0-255,1484,1703,34,195779
14305,4.6e-05,172.31.33.0-255,66,1769,34,195779
14306,5.1e-05,172.217.194.0-255,2902,4671,34,195779
14307,6.3e-05,172.31.33.0-255,66,4737,34,195779
14308,7.1e-05,172.217.194.0-255,7156,11893,34,195779
14309,7.4e-05,172.31.33.0-255,66,11959,34,195779
14310,0.000107,172.217.194.0-255,1963,13922,34,195779
14311,0.00011,172.31.33.0-255,66,13988,34,195779
14312,0.000185,172.217.194.0-255,1484,15472,34,195779
14313,0.000189,172.31.33.0-255,66,15538,34,195779
14314,0.000195,172.217.194.0-255,2902,18440,34,195779
14315,0.000199,172.31.33.0-255,66,18506,34,195779
14316,0.00021,172.217.194.0-255,5738,24244,34,195779
14317,0.000213,172.31.33.0-255,66,24310,34,195779
14318,0.000243,172.217.194.0-255,4320,28630,34,195779
14319,0.000246,172.31.33.0-255,66,28696,34,195779
14320,0.000275,172.217.194.0-255,2543,31239,34,195779
14321,0.000278,172.31.33.0-255,66,31305,34,195779
14322,0.000364,172.217.194.0-255,1484,32789,34,195779
14323,0.000369,172.217.194.0-255,2902,35691,34,195779
14324,0.00037,172.31.33.0-255,66,35757,34,195779
14325,0.000375,172.31.33.0-255,66,35823,34,195779
14326,0.000409,172.217.194.0-255,5738,41561,34,195779
14327,0.000418,172.31.33.0-255,66,41627,34,195779
14328,0.000427,172.217.194.0-255,6797,48424,34,195779
14329,0.000429,172.31.33.0-255,66,48490,34,195779
14330,0.000474,172.31.33.0-255,66,48556,34,195779
14331,0.000504,172.217.194.0-255,2543,51099,34,195779
14332,0.000508,172.31.33.0-255,66,51165,34,195779
14333,0.000537,172.217.194.0-255,647,51812,34,195779
14334,0.000662,172.217.194.0-255,1484,53296,34,195779
14335,0.000666,172.217.194.0-255,2902,56198,34,195779
14336,0.000671,172.31.33.0-255,66,56264,34,195779
14337,0.000687,172.31.33.0-255,66,56330,34,195779
14338,0.000697,172.217.194.0-255,5738,62068,34,195779
14339,0.000702,172.31.33.0-255,66,62134,34,195779
14340,0.000704,172.217.194.0-255,5738,67872,34,195779
14341,0.000707,172.31.33.0-255,66,67938,34,195779
14342,0.000734,172.217.194.0-255,5738,73676,34,195779
14343,0.000744,172.31.33.0-255,66,73742,34,195779
14344,0.000759,172.217.194.0-255,7156,80898,34,195779
14345,0.000767,172.31.33.0-255,66,80964,34,195779
14346,0.000785,172.217.194.0-255,5020,85984,34,195779
14347,0.000794,172.31.33.0-255,66,86050,34,195779
14348,0.001128,172.217.194.0-255,1484,87534,34,195779
14349,0.001136,172.217.194.0-255,2902,90436,34,195779
14350,0.00114,172.31.33.0-255,66,90502,34,195779
14351,0.001147,172.217.194.0-255,5738,96240,34,195779
14352,0.0012,172.31.33.0-255,66,96306,34,195779
14353,0.001234,172.217.194.0-255,5020,101326,34,195779
14354,0.001281,172.31.33.0-255,66,101392,34,195779
14355,0.001711,172.217.194.0-255,1484,102876,34,195779
14356,0.001719,172.217.194.0-255,2902,105778,34,195779
14357,0.001723,172.31.33.0-255,66,105844,34,195779
14358,0.001729,172.217.194.0-255,5738,111582,34,195779
14359,0.00175,172.217.194.0-255,5738,117320,34,195779
14360,0.00177,172.217.194.0-255,7156,124476,34,195779
14361,0.001791,172.31.33.0-255,66,124542,34,195779
14362,0.00183,172.217.194.0-255,1484,126026,34,195779
14363,0.001834,172.217.194.0-255,2902,128928,34,195779
14364,0.001838,172.31.33.0-255,66,128994,34,195779
14365,0.001864,172.217.194.0-255,5738,134732,34,195779
14366,0.001888,172.31.33.0-255,66,134798,34,195779
14367,0.001917,172.217.194.0-255,2902,137700,34,195779
14368,0.001923,172.31.33.0-255,66,137766,34,195779
14369,0.001975,172.217.194.0-255,4320,142086,34,195779
14370,0.001978,172.217.194.0-255,2902,144988,34,195779
14371,0.001984,172.31.33.0-255,66,145054,34,195779
14372,0.002019,172.217.194.0-255,4320,149374,34,195779
14373,0.002023,172.31.33.0-255,66,149440,34,195779
14374,0.002065,172.31.33.0-255,66,149506,34,195779
14375,0.002096,172.217.194.0-255,4320,153826,34,195779
14376,0.002101,172.217.194.0-255,3602,157428,34,195779
14377,0.002105,172.217.194.0-255,4320,161748,34,195779
14378,0.002125,172.31.33.0-255,66,161814,34,195779
14379,0.002164,172.31.33.0-255,66,161880,34,195779
14380,0.002178,172.217.194.0-255,4320,166200,34,195779
14381,0.002244,172.31.33.0-255,66,166266,34,195779
14382,0.002253,172.217.194.0-255,5738,172004,34,195779
14383,0.002256,172.217.194.0-255,2184,174188,34,195779
14384,0.002265,172.31.33.0-255,66,174254,34,195779
14385,0.002271,172.217.194.0-255,2902,177156,34,195779
14386,0.002294,172.217.194.0-255,7156,184312,34,195779
14387,0.002308,172.31.33.0-255,66,184378,34,195779
14388,0.002316,172.217.194.0-255,1484,185862,34,195779
14389,0.002348,172.31.33.0-255,66,185928,34,195779
14390,0.002376,172.31.33.0-255,66,185994,34,195779
14391,0.002395,172.217.194.0-255,4320,190314,34,195779
14392,0.00241,172.31.33.0-255,66,190380,34,195779
14393,0.002425,172.217.194.0-255,2902,193282,34,195779
14394,0.002437,172.217.194.0-255,2155,195437,34,195779
14395,0.002439,172.217.194.0-255,105,195542,34,195779
14396,0.002446,172.31.33.0-255,66,195608,34,195779
14397,0.003854,172.31.33.0-255,105,195713,34,195779
14398,0.006379,172.217.194.0-255,66,195779,34,195779
14399,0.0,74.125.24.0-255,153,153,34,224982
14400,2.3e-05,172.31.33.0-255,66,219,34,224982
14401,2.9e-05,74.125.24.0-255,1484,1703,34,224982
14402,3.4e-05,172.31.33.0-255,66,1769,34,224982
14403,3.6e-05,74.125.24.0-255,1484,3253,34,224982
14404,3.9e-05,172.31.33.0-255,66,3319,34,224982
14405,6e-05,74.125.24.0-255,1484,4803,34,224982
14406,6.2e-05,172.31.33.0-255,66,4869,34,224982
14407,6.9e-05,74.125.24.0-255,5738,10607,34,224982
14408,7e-05,172.31.33.0-255,66,10673,34,224982
14409,8.2e-05,74.125.24.0-255,1484,12157,34,224982
14410,8.4e-05,172.31.33.0-255,66,12223,34,224982
14411,8.8e-05,74.125.24.0-255,2129,14352,34,224982
14412,9.1e-05,172.31.33.0-255,66,14418,34,224982
14413,0.000113,74.125.24.0-255,5738,20156,34,224982
14414,0.000115,172.31.33.0-255,66,20222,34,224982
14415,0.000136,74.125.24.0-255,5738,25960,34,224982
14416,0.000138,172.31.33.0-255,66,26026,34,224982
14417,0.000145,74.125.24.0-255,7156,33182,34,224982
14418,0.000147,172.31.33.0-255,66,33248,34,224982
14419,0.000179,74.125.24.0-255,5738,38986,34,224982
14420,0.000182,172.31.33.0-255,66,39052,34,224982
14421,0.000207,172.31.33.0-255,66,39118,34,224982
14422,0.000233,74.125.24.0-255,1484,40602,34,224982
14423,0.000235,172.31.33.0-255,66,40668,34,224982
14424,0.00024,74.125.24.0-255,2902,43570,34,224982
14425,0.000244,172.31.33.0-255,66,43636,34,224982
14426,0.000245,74.125.24.0-255,5738,49374,34,224982
14427,0.000247,172.31.33.0-255,66,49440,34,224982
14428,0.000273,74.125.24.0-255,2902,52342,34,224982
14429,0.000276,172.31.33.0-255,66,52408,34,224982
14430,0.000289,74.125.24.0-255,4236,56644,34,224982
14431,0.000292,172.31.33.0-255,66,56710,34,224982
14432,0.000357,74.125.24.0-255,129,56839,34,224982
14433,0.000394,74.125.24.0-255,1484,58323,34,224982
14434,0.000398,172.31.33.0-255,66,58389,34,224982
14435,0.000403,74.125.24.0-255,2902,61291,34,224982
14436,0.000405,172.31.33.0-255,66,61357,34,224982
14437,0.000409,74.125.24.0-255,2902,64259,34,224982
14438,0.000411,172.31.33.0-255,66,64325,34,224982
14439,0.000433,74.125.24.0-255,4320,68645,34,224982
14440,0.000435,172.31.33.0-255,66,68711,34,224982
14441,0.00044,74.125.24.0-255,4320,73031,34,224982
14442,0.000442,172.31.33.0-255,66,73097,34,224982
14443,0.000453,172.31.33.0-255,66,73163,34,224982
14444,0.000462,74.125.24.0-255,4320,77483,34,224982
14445,0.000465,172.31.33.0-255,66,77549,34,224982
14446,0.000468,74.125.24.0-255,1484,79033,34,224982
14447,0.000483,74.125.24.0-255,3602,82635,34,224982
14448,0.000486,172.31.33.0-255,66,82701,34,224982
14449,0.000515,74.125.24.0-255,5738,88439,34,224982
14450,0.000518,172.31.33.0-255,66,88505,34,224982
14451,0.000523,74.125.24.0-255,2902,91407,34,224982
14452,0.000524,172.31.33.0-255,66,91473,34,224982
14453,0.000538,74.125.24.0-255,1484,92957,34,224982
14454,0.000544,74.125.24.0-255,4320,97277,34,224982
14455,0.000546,172.31.33.0-255,66,97343,34,224982
14456,0.000573,74.125.24.0-255,7156,104499,34,224982
14457,0.000575,172.31.33.0-255,66,104565,34,224982
14458,0.000586,172.31.33.0-255,66,104631,34,224982
14459,0.000608,74.125.24.0-255,3304,107935,34,224982
14460,0.000611,172.31.33.0-255,66,108001,34,224982
14461,0.00072,74.125.24.0-255,1484,109485,34,224982
14462,0.000723,74.125.24.0-255,1484,110969,34,224982
14463,0.000726,172.31.33.0-255,66,111035,34,224982
14464,0.000745,74.125.24.0-255,1484,112519,34,224982
14465,0.000751,74.125.24.0-255,5738,118257,34,224982
14466,0.000754,172.31.33.0-255,66,118323,34,224982
14467,0.000758,74.125.24.0-255,1484,119807,34,224982
14468,0.000783,172.31.33.0-255,66,119873,34,224982
14469,0.000818,74.125.24.0-255,2902,122775,34,224982
14470,0.000821,172.31.33.0-255,66,122841,34,224982
14471,0.000844,172.31.33.0-255,66,122907,34,224982
14472,0.000951,74.125.24.0-255,1484,124391,34,224982
14473,0.000956,74.125.24.0-255,2902,127293,34,224982
14474,0.000959,172.31.33.0-255,66,127359,34,224982
14475,0.000961,74.125.24.0-255,1484,128843,34,224982
14476,0.000979,74.125.24.0-255,4320,133163,34,224982
14477,0.000982,172.31.33.0-255,66,133229,34,224982
14478,0.000986,74.125.24.0-255,4320,137549,34,224982
14479,0.000988,172.31.33.0-255,66,137615,34,224982
14480,0.000991,74.125.24.0-255,1484,139099,34,224982
14481,0.001016,172.31.33.0-255,66,139165,34,224982
14482,0.001027,74.125.24.0-255,1484,140649,34,224982
14483,0.001045,74.125.24.0-255,6438,147087,34,224982
14484,0.001048,172.31.33.0-255,66,147153,34,224982
14485,0.001101,74.125.24.0-255,1484,148637,34,224982
14486,0.00112,74.125.24.0-255,7156,155793,34,224982
14487,0.001123,172.31.33.0-255,66,155859,34,224982
14488,0.001133,172.31.33.0-255,66,155925,34,224982
14489,0.001135,74.125.24.0-255,1484,157409,34,224982
14490,0.001171,172.31.33.0-255,66,157475,34,224982
14491,0.001191,74.125.24.0-255,5738,163213,34,224982
14492,0.001194,172.31.33.0-255,66,163279,34,224982
14493,0.001216,74.125.24.0-255,1484,164763,34,224982
14494,0.001225,172.31.33.0-255,66,164829,34,224982
14495,0.001239,172.31.33.0-255,66,164895,34,224982
14496,0.001267,172.31.33.0-255,66,164961,34,224982
14497,0.001269,74.125.24.0-255,766,165727,34,224982
14498,0.001293,74.125.24.0-255,2902,168629,34,224982
14499,0.001296,172.31.33.0-255,66,168695,34,224982
14500,0.00132,172.31.33.0-255,66,168761,34,224982
14501,0.001332,172.31.33.0-255,66,168827,34,224982
14502,0.001341,74.125.24.0-255,2902,171729,34,224982
14503,0.001343,172.31.33.0-255,66,171795,34,224982
14504,0.001362,74.125.24.0-255,6438,178233,34,224982
14505,0.001366,172.31.33.0-255,66,178299,34,224982
14506,0.001976,74.125.24.0-255,1484,179783,34,224982
14507,0.001981,74.125.24.0-255,2902,182685,34,224982
14508,0.001984,172.31.33.0-255,66,182751,34,224982
14509,0.001987,74.125.24.0-255,1484,184235,34,224982
14510,0.001995,172.31.33.0-255,101,184336,34,224982
14511,0.002017,74.125.24.0-255,4320,188656,34,224982
14512,0.00202,172.31.33.0-255,66,188722,34,224982
14513,0.002027,74.125.24.0-255,7156,195878,34,224982
14514,0.002028,172.31.33.0-255,66,195944,34,224982
14515,0.002053,74.125.24.0-255,5738,201682,34,224982
14516,0.002057,172.31.33.0-255,66,201748,34,224982
14517,0.002077,172.31.33.0-255,66,201814,34,224982
14518,0.002101,74.125.24.0-255,2184,203998,34,224982
14519,0.002103,172.31.33.0-255,66,204064,34,224982
14520,0.002106,74.125.24.0-255,1484,205548,34,224982
14521,0.00212,74.125.24.0-255,1484,207032,34,224982
14522,0.002122,172.31.33.0-255,66,207098,34,224982
14523,0.002153,74.125.24.0-255,4320,211418,34,224982
14524,0.002155,172.31.33.0-255,66,211484,34,224982
14525,0.002174,74.125.24.0-255,2902,214386,34,224982
14526,0.002176,172.31.33.0-255,66,214452,34,224982
14527,0.002189,172.31.33.0-255,66,214518,34,224982
14528,0.002207,172.31.33.0-255,66,214584,34,224982
14529,0.002227,74.125.24.0-255,5738,220322,34,224982
14530,0.00223,172.31.33.0-255,66,220388,34,224982
14531,0.002256,74.125.24.0-255,2902,223290,34,224982
14532,0.002258,172.31.33.0-255,66,223356,34,224982
14533,0.002274,172.31.33.0-255,66,223422,34,224982
14534,0.002296,74.125.24.0-255,1055,224477,34,224982
14535,0.002298,74.125.24.0-255,97,224574,34,224982
14536,0.002328,74.125.24.0-255,105,224679,34,224982
14537,0.00291,172.31.33.0-255,66,224745,34,224982
14538,0.002931,172.31.33.0-255,105,224850,34,224982
14539,0.004508,74.125.24.0-255,66,224916,34,224982
14540,0.005406,74.125.24.0-255,66,224982,34,224982
14541,0.0,74.125.200.0-255,146,146,34,286637
14542,3.3e-05,172.31.33.0-255,66,212,34,286637
14543,4.1e-05,74.125.200.0-255,1484,1696,34,286637
14544,4.5e-05,172.31.33.0-255,66,1762,34,286637
14545,5.7e-05,74.125.200.0-255,2902,4664,34,286637
14546,6.1e-05,172.31.33.0-255,66,4730,34,286637
14547,6.9e-05,74.125.200.0-255,7156,11886,34,286637
14548,7.2e-05,172.31.33.0-255,66,11952,34,286637
14549,7.5e-05,74.125.200.0-255,2051,14003,34,286637
14550,7.8e-05,172.31.33.0-255,66,14069,34,286637
14551,0.000289,74.125.200.0-255,1484,15553,34,286637
14552,0.000294,172.31.33.0-255,66,15619,34,286637
14553,0.000301,74.125.200.0-255,2902,18521,34,286637
14554,0.000306,172.31.33.0-255,66,18587,34,286637
14555,0.000332,74.125.200.0-255,5738,24325,34,286637
14556,0.00034,172.31.33.0-255,66,24391,34,286637
14557,0.000348,74.125.200.0-255,6797,31188,34,286637
14558,0.000351,172.31.33.0-255,66,31254,34,286637
14559,0.000937,74.125.200.0-255,1484,32738,34,286637
14560,0.000942,172.31.33.0-255,66,32804,34,286637
14561,0.000965,74.125.200.0-255,2902,35706,34,286637
14562,0.000968,172.31.33.0-255,66,35772,34,286637
14563,0.000972,74.125.200.0-255,2902,38674,34,286637
14564,0.000974,172.31.33.0-255,66,38740,34,286637
14565,0.000999,74.125.200.0-255,2902,41642,34,286637
14566,0.001005,172.31.33.0-255,66,41708,34,286637
14567,0.001012,74.125.200.0-255,6797,48505,34,286637
14568,0.001014,172.31.33.0-255,66,48571,34,286637
14569,0.001017,74.125.200.0-255,1484,50055,34,286637
14570,0.001019,172.31.33.0-255,66,50121,34,286637
14571,0.001047,74.125.200.0-255,5738,55859,34,286637
14572,0.00105,172.31.33.0-255,66,55925,34,286637
14573,0.00106,172.31.33.0-255,66,55991,34,286637
14574,0.002425,74.125.200.0-255,649,56640,34,286637
14575,0.002466,172.31.33.0-255,66,56706,34,286637
14576,0.002572,74.125.200.0-255,1484,58190,34,286637
14577,0.002591,74.125.200.0-255,1484,59674,34,286637
14578,0.002594,172.31.33.0-255,66,59740,34,286637
14579,0.002623,74.125.200.0-255,1484,61224,34,286637
14580,0.002627,74.125.200.0-255,1484,62708,34,286637
14581,0.00263,172.31.33.0-255,66,62774,34,286637
14582,0.002635,74.125.200.0-255,4320,67094,34,286637
14583,0.002636,172.31.33.0-255,66,67160,34,286637
14584,0.002668,74.125.200.0-255,7156,74316,34,286637
14585,0.002671,172.31.33.0-255,66,74382,34,286637
14586,0.002675,74.125.200.0-255,2902,77284,34,286637
14587,0.002677,172.31.33.0-255,66,77350,34,286637
14588,0.002681,74.125.200.0-255,2902,80252,34,286637
14589,0.002683,172.31.33.0-255,66,80318,34,286637
14590,0.002722,172.31.33.0-255,66,80384,34,286637
14591,0.002726,74.125.200.0-255,2184,82568,34,286637
14592,0.002727,172.31.33.0-255,66,82634,34,286637
14593,0.002952,74.125.200.0-255,1484,84118,34,286637
14594,0.002967,74.125.200.0-255,2902,87020,34,286637
14595,0.00297,172.31.33.0-255,66,87086,34,286637
14596,0.002973,74.125.200.0-255,1484,88570,34,286637
14597,0.002997,74.125.200.0-255,4320,92890,34,286637
14598,0.003,172.31.33.0-255,66,92956,34,286637
14599,0.00302,74.125.200.0-255,1484,94440,34,286637
14600,0.003047,172.31.33.0-255,66,94506,34,286637
14601,0.003058,172.31.33.0-255,66,94572,34,286637
14602,0.003089,74.125.200.0-255,1484,96056,34,286637
14603,0.003092,74.125.200.0-255,1484,97540,34,286637
14604,0.003095,172.31.33.0-255,66,97606,34,286637
14605,0.003121,74.125.200.0-255,1484,99090,34,286637
14606,0.003125,74.125.200.0-255,4320,103410,34,286637
14607,0.003128,172.31.33.0-255,66,103476,34,286637
14608,0.003133,74.125.200.0-255,5738,109214,34,286637
14609,0.003136,172.31.33.0-255,66,109280,34,286637
14610,0.003173,172.31.33.0-255,66,109346,34,286637
14611,0.0032,74.125.200.0-255,2902,112248,34,286637
14612,0.003202,172.31.33.0-255,66,112314,34,286637
14613,0.003207,74.125.200.0-255,4320,116634,34,286637
14614,0.003209,172.31.33.0-255,66,116700,34,286637
14615,0.00323,74.125.200.0-255,3602,120302,34,286637
14616,0.003233,172.31.33.0-255,66,120368,34,286637
14617,0.003442,74.125.200.0-255,1484,121852,34,286637
14618,0.003465,74.125.200.0-255,2902,124754,34,286637
14619,0.003469,172.31.33.0-255,66,124820,34,286637
14620,0.003479,74.125.200.0-255,1484,126304,34,286637
14621,0.003497,74.125.200.0-255,2902,129206,34,286637
14622,0.003499,172.31.33.0-255,66,129272,34,286637
14623,0.003502,74.125.200.0-255,1484,130756,34,286637
14624,0.003522,74.125.200.0-255,5738,136494,34,286637
14625,0.003525,172.31.33.0-255,66,136560,34,286637
14626,0.003528,74.125.200.0-255,1484,138044,34,286637
14627,0.003558,74.125.200.0-255,2902,140946,34,286637
14628,0.003561,172.31.33.0-255,66,141012,34,286637
14629,0.003587,74.125.200.0-255,4320,145332,34,286637
14630,0.003589,172.31.33.0-255,66,145398,34,286637
14631,0.003592,74.125.200.0-255,1484,146882,34,286637
14632,0.003596,74.125.200.0-255,4320,151202,34,286637
14633,0.003598,172.31.33.0-255,66,151268,34,286637
14634,0.003607,74.125.200.0-255,3602,154870,34,286637
14635,0.003609,172.31.33.0-255,66,154936,34,286637
14636,0.00365,74.125.200.0-255,1484,156420,34,286637
14637,0.003684,74.125.200.0-255,1484,157904,34,286637
14638,0.003687,172.31.33.0-255,66,157970,34,286637
14639,0.003692,74.125.200.0-255,2902,160872,34,286637
14640,0.003693,172.31.33.0-255,66,160938,34,286637
14641,0.003704,74.125.200.0-255,5738,166676,34,286637
14642,0.003706,172.31.33.0-255,66,166742,34,286637
14643,0.003729,74.125.200.0-255,5738,172480,34,286637
14644,0.003732,172.31.33.0-255,66,172546,34,286637
14645,0.003756,74.125.200.0-255,4320,176866,34,286637
14646,0.003759,172.31.33.0-255,66,176932,34,286637
14647,0.003768,172.31.33.0-255,66,176998,34,286637
14648,0.003787,74.125.200.0-255,2902,179900,34,286637
14649,0.003789,172.31.33.0-255,66,179966,34,286637
14650,0.003792,74.125.200.0-255,766,180732,34,286637
14651,0.003856,74.125.200.0-255,1484,182216,34,286637
14652,0.00386,172.31.33.0-255,66,182282,34,286637
14653,0.003864,74.125.200.0-255,2902,185184,34,286637
14654,0.003866,172.31.33.0-255,66,185250,34,286637
14655,0.003869,74.125.200.0-255,2902,188152,34,286637
14656,0.003871,172.31.33.0-255,66,188218,34,286637
14657,0.003903,74.125.200.0-255,2902,191120,34,286637
14658,0.003908,172.31.33.0-255,66,191186,34,286637
14659,0.003915,74.125.200.0-255,7156,198342,34,286637
14660,0.003917,172.31.33.0-255,66,198408,34,286637
14661,0.00392,74.125.200.0-255,1484,199892,34,286637
14662,0.003967,172.31.33.0-255,66,199958,34,286637
14663,0.003971,74.125.200.0-255,2184,202142,34,286637
14664,0.003974,172.31.33.0-255,66,202208,34,286637
14665,0.003998,74.125.200.0-255,5738,207946,34,286637
14666,0.004001,172.31.33.0-255,66,208012,34,286637
14667,0.004031,172.31.33.0-255,66,208078,34,286637
14668,0.004068,74.125.200.0-255,1484,209562,34,286637
14669,0.004101,172.31.33.0-255,66,209628,34,286637
14670,0.004126,74.125.200.0-255,1484,211112,34,286637
14671,0.004157,74.125.200.0-255,1484,212596,34,286637
14672,0.00416,172.31.33.0-255,66,212662,34,286637
14673,0.004164,74.125.200.0-255,2902,215564,34,286637
14674,0.004166,172.31.33.0-255,66,215630,34,286637
14675,0.004171,74.125.200.0-255,5738,221368,34,286637
14676,0.004177,172.31.33.0-255,66,221434,34,286637
14677,0.004181,74.125.200.0-255,2902,224336,34,286637
14678,0.004183,172.31.33.0-255,66,224402,34,286637
14679,0.004209,74.125.200.0-255,5738,230140,34,286637
14680,0.004217,172.31.33.0-255,66,230206,34,286637
14681,0.004227,172.31.33.0-255,66,230272,34,286637
14682,0.004231,74.125.200.0-255,3602,233874,34,286637
14683,0.004233,172.31.33.0-255,66,233940,34,286637
14684,0.004277,74.125.200.0-255,1484,235424,34,286637
14685,0.004294,74.125.200.0-255,2902,238326,34,286637
14686,0.004296,172.31.33.0-255,66,238392,34,286637
14687,0.004326,74.125.200.0-255,5738,244130,34,286637
14688,0.004329,172.31.33.0-255,66,244196,34,286637
14689,0.004334,74.125.200.0-255,4320,248516,34,286637
14690,0.004336,172.31.33.0-255,66,248582,34,286637
14691,0.004363,74.125.200.0-255,5738,254320,34,286637
14692,0.004365,172.31.33.0-255,66,254386,34,286637
14693,0.004404,74.125.200.0-255,2184,256570,34,286637
14694,0.004407,172.31.33.0-255,66,256636,34,286637
14695,0.00441,172.31.33.0-255,66,256702,34,286637
14696,0.004429,74.125.200.0-255,2902,259604,34,286637
14697,0.004432,172.31.33.0-255,66,259670,34,286637
14698,0.004451,74.125.200.0-255,4320,263990,34,286637
14699,0.00446,172.31.33.0-255,66,264056,34,286637
14700,0.004493,74.125.200.0-255,4320,268376,34,286637
14701,0.004497,172.31.33.0-255,66,268442,34,286637
14702,0.004504,74.125.200.0-255,2902,271344,34,286637
14703,0.004507,172.31.33.0-255,66,271410,34,286637
14704,0.004521,74.125.200.0-255,1484,272894,34,286637
14705,0.004529,74.125.200.0-255,4320,277214,34,286637
14706,0.004532,172.31.33.0-255,66,277280,34,286637
14707,0.004554,74.125.200.0-255,2902,280182,34,286637
14708,0.004557,172.31.33.0-255,66,280248,34,286637
14709,0.00456,74.125.200.0-255,1606,281854,34,286637
14710,0.004562,172.31.33.0-255,66,281920,34,286637
14711,0.004565,74.125.200.0-255,97,282017,34,286637
14712,0.004631,74.125.200.0-255,105,282122,34,286637
14713,0.01265,172.31.33.0-255,66,282188,34,286637
14714,0.012682,172.31.33.0-255,105,282293,34,286637
14715,0.01463,74.125.200.0-255,105,282398,34,286637
14716,0.014641,172.31.33.0-255,78,282476,34,286637
14717,0.015192,74.125.200.0-255,66,282542,34,286637
14718,0.038496,172.31.33.0-255,172,282714,34,286637
14719,0.038524,172.31.33.0-255,1112,283826,34,286637
14720,0.038571,172.31.33.0-255,1514,285340,34,286637
14721,0.038573,172.31.33.0-255,1297,286637,34,286637
14722,0.0,34.213.214.0-255,97,97,34,260
14723,0.00017,172.31.33.0-255,97,194,34,260
14724,0.000181,172.31.33.0-255,66,260,34,260
14725,0.0,172.217.194.0-255,153,153,34,167764
14726,4e-05,172.31.33.0-255,66,219,34,167764
14727,4.7e-05,172.217.194.0-255,1484,1703,34,167764
14728,5.2e-05,172.31.33.0-255,66,1769,34,167764
14729,6.5e-05,172.217.194.0-255,2902,4671,34,167764
14730,6.8e-05,172.31.33.0-255,66,4737,34,167764
14731,7.7e-05,172.217.194.0-255,7156,11893,34,167764
14732,7.9e-05,172.31.33.0-255,66,11959,34,167764
14733,0.000111,172.217.194.0-255,2027,13986,34,167764
14734,0.000114,172.31.33.0-255,66,14052,34,167764
14735,0.000306,172.217.194.0-255,1484,15536,34,167764
14736,0.000311,172.31.33.0-255,66,15602,34,167764
14737,0.000316,172.217.194.0-255,2902,18504,34,167764
14738,0.000319,172.31.33.0-255,66,18570,34,167764
14739,0.000332,172.217.194.0-255,5738,24308,34,167764
14740,0.000334,172.31.33.0-255,66,24374,34,167764
14741,0.000402,172.31.33.0-255,66,24440,34,167764
14742,0.000418,172.31.33.0-255,66,24506,34,167764
14743,0.000425,172.217.194.0-255,3961,28467,34,167764
14744,0.000427,172.31.33.0-255,66,28533,34,167764
14745,0.001952,172.217.194.0-255,1484,30017,34,167764
14746,0.001959,172.31.33.0-255,66,30083,34,167764
14747,0.001968,172.217.194.0-255,2902,32985,34,167764
14748,0.00197,172.31.33.0-255,66,33051,34,167764
14749,0.00198,172.217.194.0-255,5738,38789,34,167764
14750,0.001981,172.31.33.0-255,66,38855,34,167764
14751,0.002011,172.217.194.0-255,6797,45652,34,167764
14752,0.002013,172.31.33.0-255,66,45718,34,167764
14753,0.002041,172.217.194.0-255,645,46363,34,167764
14754,0.002043,172.31.33.0-255,66,46429,34,167764
14755,0.002047,172.217.194.0-255,1484,47913,34,167764
14756,0.00205,172.217.194.0-255,1484,49397,34,167764
14757,0.002052,172.31.33.0-255,66,49463,34,167764
14758,0.002071,172.217.194.0-255,2902,52365,34,167764
14759,0.002072,172.31.33.0-255,66,52431,34,167764
14760,0.002083,172.31.33.0-255,66,52497,34,167764
14761,0.002089,172.217.194.0-255,5379,57876,34,167764
14762,0.00209,172.31.33.0-255,66,57942,34,167764
14763,0.002138,172.217.194.0-255,5738,63680,34,167764
14764,0.00214,172.31.33.0-255,66,63746,34,167764
14765,0.002166,172.217.194.0-255,6797,70543,34,167764
14766,0.002169,172.31.33.0-255,66,70609,34,167764
14767,0.00446,172.217.194.0-255,5738,76347,34,167764
14768,0.004466,172.31.33.0-255,66,76413,34,167764
14769,0.006743,172.217.194.0-255,5738,82151,34,167764
14770,0.00675,172.31.33.0-255,66,82217,34,167764
14771,0.009024,172.217.194.0-255,5738,87955,34,167764
14772,0.009032,172.31.33.0-255,66,88021,34,167764
14773,0.011319,172.217.194.0-255,5738,93759,34,167764
14774,0.011328,172.31.33.0-255,66,93825,34,167764
14775,0.013619,172.217.194.0-255,5738,99563,34,167764
14776,0.013628,172.31.33.0-255,66,99629,34,167764
14777,0.015899,172.217.194.0-255,5738,105367,34,167764
14778,0.015908,172.31.33.0-255,66,105433,34,167764
14779,0.018202,172.217.194.0-255,5738,111171,34,167764
14780,0.018209,172.31.33.0-255,66,111237,34,167764
14781,0.020497,172.217.194.0-255,5738,116975,34,167764
14782,0.020503,172.31.33.0-255,66,117041,34,167764
14783,0.021115,172.31.33.0-255,172,117213,34,167764
14784,0.021142,172.31.33.0-255,1112,118325,34,167764
14785,0.021194,172.31.33.0-255,1514,119839,34,167764
14786,0.021196,172.31.33.0-255,1295,121134,34,167764
14787,0.022694,104.244.42.0-255,66,121200,34,167764
14788,0.0227,104.244.42.0-255,66,121266,34,167764
14789,0.022753,104.244.42.0-255,66,121332,34,167764
14790,0.022798,172.217.194.0-255,5738,127070,34,167764
14791,0.022802,172.31.33.0-255,66,127136,34,167764
14792,0.025089,172.217.194.0-255,5738,132874,34,167764
14793,0.025095,172.31.33.0-255,66,132940,34,167764
14794,0.027388,172.217.194.0-255,5738,138678,34,167764
14795,0.027392,172.31.33.0-255,66,138744,34,167764
14796,0.029712,172.217.194.0-255,5738,144482,34,167764
14797,0.029722,172.31.33.0-255,66,144548,34,167764
14798,0.032058,172.217.194.0-255,5738,150286,34,167764
14799,0.032067,172.31.33.0-255,66,150352,34,167764
14800,0.03438,172.217.194.0-255,5738,156090,34,167764
14801,0.034389,172.31.33.0-255,66,156156,34,167764
14802,0.0367,172.217.194.0-255,5738,161894,34,167764
14803,0.036707,172.31.33.0-255,66,161960,34,167764
14804,0.039001,172.217.194.0-255,5738,167698,34,167764
14805,0.039007,172.31.33.0-255,66,167764,34,167764
14806,0.0,172.217.194.0-255,153,153,34,135752
14807,2.6e-05,172.31.33.0-255,66,219,34,135752
14808,3.2e-05,172.217.194.0-255,1484,1703,34,135752
14809,3.6e-05,172.31.33.0-255,66,1769,34,135752
14810,4e-05,172.217.194.0-255,2902,4671,34,135752
14811,4.3e-05,172.31.33.0-255,66,4737,34,135752
14812,5.8e-05,172.217.194.0-255,7156,11893,34,135752
14813,6.1e-05,172.31.33.0-255,66,11959,34,135752
14814,6.4e-05,172.217.194.0-255,1484,13443,34,135752
14815,6.6e-05,172.31.33.0-255,66,13509,34,135752
14816,0.000118,172.31.33.0-255,66,13575,34,135752
14817,0.000122,172.217.194.0-255,2543,16118,34,135752
14818,0.000125,172.31.33.0-255,66,16184,34,135752
14819,0.000146,172.217.194.0-255,1484,17668,34,135752
14820,0.000148,172.31.33.0-255,66,17734,34,135752
14821,0.000152,172.217.194.0-255,2902,20636,34,135752
14822,0.000155,172.31.33.0-255,66,20702,34,135752
14823,0.000193,172.217.194.0-255,5738,26440,34,135752
14824,0.000197,172.31.33.0-255,66,26506,34,135752
14825,0.000217,172.31.33.0-255,66,26572,34,135752
14826,0.000249,172.31.33.0-255,66,26638,34,135752
14827,0.000273,172.217.194.0-255,2832,29470,34,135752
14828,0.000276,172.31.33.0-255,66,29536,34,135752
14829,0.00028,172.217.194.0-255,102,29638,34,135752
14830,0.000282,172.31.33.0-255,66,29704,34,135752
14831,0.00033,172.217.194.0-255,1484,31188,34,135752
14832,0.000334,172.31.33.0-255,66,31254,34,135752
14833,0.000339,172.217.194.0-255,2902,34156,34,135752
14834,0.000342,172.31.33.0-255,66,34222,34,135752
14835,0.000354,172.217.194.0-255,5738,39960,34,135752
14836,0.000358,172.31.33.0-255,66,40026,34,135752
14837,0.000396,172.217.194.0-255,5738,45764,34,135752
14838,0.0004,172.31.33.0-255,66,45830,34,135752
14839,0.000431,172.217.194.0-255,5675,51505,34,135752
14840,0.000435,172.31.33.0-255,66,51571,34,135752
14841,0.000453,172.31.33.0-255,66,51637,34,135752
14842,0.000456,172.217.194.0-255,1125,52762,34,135752
14843,0.000783,172.217.194.0-255,1484,54246,34,135752
14844,0.000787,172.31.33.0-255,66,54312,34,135752
14845,0.000792,172.217.194.0-255,2902,57214,34,135752
14846,0.000794,172.31.33.0-255,66,57280,34,135752
14847,0.000797,172.217.194.0-255,1484,58764,34,135752
14848,0.000832,172.217.194.0-255,4320,63084,34,135752
14849,0.000835,172.31.33.0-255,66,63150,34,135752
14850,0.000842,172.217.194.0-255,5738,68888,34,135752
14851,0.000844,172.31.33.0-255,66,68954,34,135752
14852,0.000868,172.31.33.0-255,66,69020,34,135752
14853,0.000868,172.217.194.0-255,5020,74040,34,135752
14854,0.000871,172.31.33.0-255,66,74106,34,135752
14855,0.000909,172.217.194.0-255,5738,79844,34,135752
14856,0.000914,172.31.33.0-255,66,79910,34,135752
14857,0.00092,172.217.194.0-255,5738,85648,34,135752
14858,0.000922,172.31.33.0-255,66,85714,34,135752
14859,0.000944,172.217.194.0-255,1484,87198,34,135752
14860,0.000959,172.31.33.0-255,66,87264,34,135752
14861,0.000987,172.217.194.0-255,6438,93702,34,135752
14862,0.000991,172.31.33.0-255,66,93768,34,135752
14863,0.001054,172.217.194.0-255,7156,100924,34,135752
14864,0.001059,172.31.33.0-255,66,100990,34,135752
14865,0.00107,172.31.33.0-255,66,101056,34,135752
14866,0.001092,172.31.33.0-255,66,101122,34,135752
14867,0.001094,172.217.194.0-255,766,101888,34,135752
14868,0.001444,172.217.194.0-255,1484,103372,34,135752
14869,0.001449,172.31.33.0-255,66,103438,34,135752
14870,0.001455,172.217.194.0-255,2902,106340,34,135752
14871,0.001458,172.31.33.0-255,66,106406,34,135752
14872,0.001471,172.217.194.0-255,5738,112144,34,135752
14873,0.001474,172.31.33.0-255,66,112210,34,135752
14874,0.001513,172.31.33.0-255,66,112276,34,135752
14875,0.001547,172.31.33.0-255,66,112342,34,135752
14876,0.001572,172.217.194.0-255,766,113108,34,135752
14877,0.001577,172.217.194.0-255,2902,116010,34,135752
14878,0.00158,172.31.33.0-255,66,116076,34,135752
14879,0.001608,172.217.194.0-255,4320,120396,34,135752
14880,0.001612,172.31.33.0-255,66,120462,34,135752
14881,0.001627,172.31.33.0-255,66,120528,34,135752
14882,0.001674,172.31.33.0-255,66,120594,34,135752
14883,0.001677,172.217.194.0-255,766,121360,34,135752
14884,0.001719,172.217.194.0-255,1484,122844,34,135752
14885,0.001722,172.31.33.0-255,66,122910,34,135752
14886,0.00175,172.217.194.0-255,4320,127230,34,135752
14887,0.001753,172.31.33.0-255,66,127296,34,135752
14888,0.001777,172.217.194.0-255,1484,128780,34,135752
14889,0.001791,172.31.33.0-255,66,128846,34,135752
14890,0.001827,172.31.33.0-255,66,128912,34,135752
14891,0.001853,172.31.33.0-255,66,128978,34,135752
14892,0.001869,172.31.33.0-255,66,129044,34,135752
14893,0.001908,172.217.194.0-255,1484,130528,34,135752
14894,0.001927,172.31.33.0-255,66,130594,34,135752
14895,0.001949,172.31.33.0-255,66,130660,34,135752
14896,0.001985,172.217.194.0-255,1484,132144,34,135752
14897,0.002023,172.31.33.0-255,66,132210,34,135752
14898,0.002049,172.31.33.0-255,66,132276,34,135752
14899,0.002054,172.217.194.0-255,2967,135243,34,135752
14900,0.002056,172.31.33.0-255,66,135309,34,135752
14901,0.002059,172.217.194.0-255,105,135414,34,135752
14902,0.011474,172.31.33.0-255,101,135515,34,135752
14903,0.012383,172.31.33.0-255,105,135620,34,135752
14904,0.013805,172.217.194.0-255,66,135686,34,135752
14905,0.014673,172.217.194.0-255,66,135752,34,135752
14906,0.0,74.125.68.0-255,152,152,34,87648
14907,1.5e-05,172.31.33.0-255,66,218,34,87648
14908,3.6e-05,74.125.68.0-255,1484,1702,34,87648
14909,4e-05,172.31.33.0-255,66,1768,34,87648
14910,4.5e-05,74.125.68.0-255,2902,4670,34,87648
14911,4.9e-05,172.31.33.0-255,66,4736,34,87648
14912,6.8e-05,74.125.68.0-255,1484,6220,34,87648
14913,7e-05,172.31.33.0-255,66,6286,34,87648
14914,8.6e-05,74.125.68.0-255,2902,9188,34,87648
14915,8.8e-05,172.31.33.0-255,66,9254,34,87648
14916,0.000134,74.125.68.0-255,6335,15589,34,87648
14917,0.000136,172.31.33.0-255,66,15655,34,87648
14918,0.000211,74.125.68.0-255,2902,18557,34,87648
14919,0.000215,172.31.33.0-255,66,18623,34,87648
14920,0.000275,74.125.68.0-255,2902,21525,34,87648
14921,0.000278,172.31.33.0-255,66,21591,34,87648
14922,0.000301,172.31.33.0-255,66,21657,34,87648
14923,0.000389,74.125.68.0-255,1125,22782,34,87648
14924,0.000392,172.31.33.0-255,66,22848,34,87648
14925,0.000414,74.125.68.0-255,5738,28586,34,87648
14926,0.000418,172.31.33.0-255,66,28652,34,87648
14927,0.000435,74.125.68.0-255,5738,34390,34,87648
14928,0.000438,172.31.33.0-255,66,34456,34,87648
14929,0.000573,74.125.68.0-255,4320,38776,34,87648
14930,0.000577,172.31.33.0-255,66,38842,34,87648
14931,0.000598,74.125.68.0-255,6797,45639,34,87648
14932,0.000601,172.31.33.0-255,66,45705,34,87648
14933,0.000719,172.31.33.0-255,66,45771,34,87648
14934,0.000752,172.31.33.0-255,66,45837,34,87648
14935,0.001082,172.31.33.0-255,66,45903,34,87648
14936,0.001107,172.31.33.0-255,66,45969,34,87648
14937,0.00132,74.125.68.0-255,5738,51707,34,87648
14938,0.001324,172.31.33.0-255,66,51773,34,87648
14939,0.001363,172.31.33.0-255,66,51839,34,87648
14940,0.001377,74.125.68.0-255,3602,55441,34,87648
14941,0.001379,172.31.33.0-255,66,55507,34,87648
14942,0.00177,74.125.68.0-255,7156,62663,34,87648
14943,0.001777,172.31.33.0-255,66,62729,34,87648
14944,0.001838,172.31.33.0-255,66,62795,34,87648
14945,0.002481,172.31.33.0-255,66,62861,34,87648
14946,0.002504,74.125.68.0-255,5020,67881,34,87648
14947,0.002507,172.31.33.0-255,66,67947,34,87648
14948,0.002691,74.125.68.0-255,4320,72267,34,87648
14949,0.002694,172.31.33.0-255,66,72333,34,87648
14950,0.002759,172.31.33.0-255,66,72399,34,87648
14951,0.003494,74.125.68.0-255,1484,73883,34,87648
14952,0.003521,172.31.33.0-255,66,73949,34,87648
14953,0.003583,172.31.33.0-255,66,74015,34,87648
14954,0.004324,74.125.68.0-255,2902,76917,34,87648
14955,0.004326,172.31.33.0-255,66,76983,34,87648
14956,0.004385,172.31.33.0-255,66,77049,34,87648
14957,0.004447,172.31.33.0-255,66,77115,34,87648
14958,0.005147,74.125.68.0-255,1484,78599,34,87648
14959,0.005164,74.125.68.0-255,1890,80489,34,87648
14960,0.005167,172.31.33.0-255,66,80555,34,87648
14961,0.013385,172.31.33.0-255,105,80660,34,87648
14962,0.015925,74.125.68.0-255,66,80726,34,87648
14963,0.038729,172.31.33.0-255,188,80914,34,87648
14964,0.038759,172.31.33.0-255,957,81871,34,87648
14965,0.038818,172.31.33.0-255,1514,83385,34,87648
14966,0.03882,172.31.33.0-255,1514,84899,34,87648
14967,0.038824,172.31.33.0-255,1514,86413,34,87648
14968,0.038825,172.31.33.0-255,1235,87648,34,87648
14969,0.0,172.31.33.0-255,105,105,34,342
14970,0.002274,172.217.194.0-255,66,171,34,342
14971,0.002407,172.217.194.0-255,105,276,34,342
14972,0.002411,172.31.33.0-255,66,342,34,342
14973,0.0,172.31.33.0-255,105,105,34,276
14974,0.001478,157.240.7.0-255,105,210,34,276
14975,0.001489,172.31.33.0-255,66,276,34,276
14976,0.0,172.217.194.0-255,156,156,34,176989
14977,2.1e-05,172.31.33.0-255,66,222,34,176989
14978,3.8e-05,172.217.194.0-255,1484,1706,34,176989
14979,4.8e-05,172.31.33.0-255,66,1772,34,176989
14980,5.3e-05,172.217.194.0-255,2902,4674,34,176989
14981,5.7e-05,172.31.33.0-255,66,4740,34,176989
14982,8.8e-05,172.217.194.0-255,4320,9060,34,176989
14983,9e-05,172.31.33.0-255,66,9126,34,176989
14984,0.000101,172.217.194.0-255,2902,12028,34,176989
14985,0.000107,172.31.33.0-255,66,12094,34,176989
14986,0.000132,172.217.194.0-255,1984,14078,34,176989
14987,0.000135,172.31.33.0-255,66,14144,34,176989
14988,0.000159,172.217.194.0-255,2902,17046,34,176989
14989,0.000161,172.31.33.0-255,66,17112,34,176989
14990,0.00019,172.217.194.0-255,5738,22850,34,176989
14991,0.000193,172.31.33.0-255,66,22916,34,176989
14992,0.000248,172.217.194.0-255,2902,25818,34,176989
14993,0.000252,172.31.33.0-255,66,25884,34,176989
14994,0.000279,172.217.194.0-255,5379,31263,34,176989
14995,0.000282,172.31.33.0-255,66,31329,34,176989
14996,0.000539,172.217.194.0-255,1484,32813,34,176989
14997,0.000544,172.31.33.0-255,66,32879,34,176989
14998,0.000554,172.217.194.0-255,2902,35781,34,176989
14999,0.000557,172.31.33.0-255,66,35847,34,176989
15000,0.000571,172.217.194.0-255,5738,41585,34,176989
15001,0.000574,172.31.33.0-255,66,41651,34,176989
15002,0.000625,172.31.33.0-255,66,41717,34,176989
15003,0.000636,172.31.33.0-255,66,41783,34,176989
15004,0.000667,172.217.194.0-255,2902,44685,34,176989
15005,0.000672,172.31.33.0-255,66,44751,34,176989
15006,0.000675,172.217.194.0-255,1125,45876,34,176989
15007,0.000898,172.217.194.0-255,646,46522,34,176989
15008,0.000905,172.31.33.0-255,66,46588,34,176989
15009,0.001019,172.217.194.0-255,1484,48072,34,176989
15010,0.001026,172.217.194.0-255,2902,50974,34,176989
15011,0.001029,172.31.33.0-255,66,51040,34,176989
15012,0.001037,172.217.194.0-255,5738,56778,34,176989
15013,0.00104,172.31.33.0-255,66,56844,34,176989
15014,0.001058,172.31.33.0-255,66,56910,34,176989
15015,0.001085,172.217.194.0-255,1484,58394,34,176989
15016,0.001105,172.217.194.0-255,2902,61296,34,176989
15017,0.00111,172.31.33.0-255,66,61362,34,176989
15018,0.001123,172.217.194.0-255,7156,68518,34,176989
15019,0.001136,172.217.194.0-255,3602,72120,34,176989
15020,0.00114,172.31.33.0-255,66,72186,34,176989
15021,0.001143,172.31.33.0-255,66,72252,34,176989
15022,0.001847,172.217.194.0-255,1484,73736,34,176989
15023,0.001855,172.217.194.0-255,2902,76638,34,176989
15024,0.001859,172.31.33.0-255,66,76704,34,176989
15025,0.001888,172.217.194.0-255,5738,82442,34,176989
15026,0.00189,172.31.33.0-255,66,82508,34,176989
15027,0.001893,172.217.194.0-255,1484,83992,34,176989
15028,0.001923,172.31.33.0-255,66,84058,34,176989
15029,0.001926,172.217.194.0-255,1484,85542,34,176989
15030,0.001958,172.31.33.0-255,66,85608,34,176989
15031,0.002275,172.217.194.0-255,1484,87092,34,176989
15032,0.002282,172.217.194.0-255,2902,89994,34,176989
15033,0.002285,172.31.33.0-255,66,90060,34,176989
15034,0.002292,172.217.194.0-255,5738,95798,34,176989
15035,0.002294,172.31.33.0-255,66,95864,34,176989
15036,0.002319,172.217.194.0-255,5738,101602,34,176989
15037,0.002322,172.31.33.0-255,66,101668,34,176989
15038,0.002348,172.217.194.0-255,7156,108824,34,176989
15039,0.002354,172.31.33.0-255,66,108890,34,176989
15040,0.002414,172.31.33.0-255,66,108956,34,176989
15041,0.002799,172.217.194.0-255,1484,110440,34,176989
15042,0.002818,172.217.194.0-255,2902,113342,34,176989
15043,0.002822,172.31.33.0-255,66,113408,34,176989
15044,0.002826,172.217.194.0-255,1484,114892,34,176989
15045,0.002832,172.217.194.0-255,5738,120630,34,176989
15046,0.002834,172.31.33.0-255,66,120696,34,176989
15047,0.002883,172.217.194.0-255,4320,125016,34,176989
15048,0.002886,172.31.33.0-255,66,125082,34,176989
15049,0.002919,172.217.194.0-255,2902,127984,34,176989
15050,0.002921,172.31.33.0-255,66,128050,34,176989
15051,0.00293,172.31.33.0-255,66,128116,34,176989
15052,0.002934,172.217.194.0-255,2902,131018,34,176989
15053,0.002937,172.31.33.0-255,66,131084,34,176989
15054,0.002969,172.217.194.0-255,3602,134686,34,176989
15055,0.002972,172.31.33.0-255,66,134752,34,176989
15056,0.003068,172.217.194.0-255,1484,136236,34,176989
15057,0.003073,172.217.194.0-255,2902,139138,34,176989
15058,0.003076,172.31.33.0-255,66,139204,34,176989
15059,0.003081,172.217.194.0-255,2902,142106,34,176989
15060,0.003082,172.31.33.0-255,66,142172,34,176989
15061,0.003105,172.217.194.0-255,2902,145074,34,176989
15062,0.003107,172.31.33.0-255,66,145140,34,176989
15063,0.003117,172.31.33.0-255,66,145206,34,176989
15064,0.003142,172.217.194.0-255,4320,149526,34,176989
15065,0.003145,172.31.33.0-255,66,149592,34,176989
15066,0.003157,172.31.33.0-255,66,149658,34,176989
15067,0.003185,172.217.194.0-255,3602,153260,34,176989
15068,0.003187,172.31.33.0-255,66,153326,34,176989
15069,0.003209,172.31.33.0-255,66,153392,34,176989
15070,0.003213,172.217.194.0-255,4320,157712,34,176989
15071,0.003215,172.31.33.0-255,66,157778,34,176989
15072,0.003248,172.31.33.0-255,66,157844,34,176989
15073,0.003282,172.31.33.0-255,66,157910,34,176989
15074,0.003314,172.31.33.0-255,66,157976,34,176989
15075,0.00332,172.217.194.0-255,6438,164414,34,176989
15076,0.003321,172.31.33.0-255,66,164480,34,176989
15077,0.00333,172.31.33.0-255,66,164546,34,176989
15078,0.003344,172.31.33.0-255,66,164612,34,176989
15079,0.003376,172.217.194.0-255,7156,171768,34,176989
15080,0.003388,172.31.33.0-255,66,171834,34,176989
15081,0.003413,172.31.33.0-255,66,171900,34,176989
15082,0.003472,172.31.33.0-255,66,171966,34,176989
15083,0.0035,172.217.194.0-255,4320,176286,34,176989
15084,0.003512,172.31.33.0-255,66,176352,34,176989
15085,0.003537,172.31.33.0-255,66,176418,34,176989
15086,0.003554,172.31.33.0-255,66,176484,34,176989
15087,0.003568,172.31.33.0-255,66,176550,34,176989
15088,0.003571,172.217.194.0-255,97,176647,34,176989
15089,0.003574,172.217.194.0-255,105,176752,34,176989
15090,0.00604,172.31.33.0-255,66,176818,34,176989
15091,0.006107,172.31.33.0-255,105,176923,34,176989
15092,0.008451,172.217.194.0-255,66,176989,34,176989
15093,0.0,172.217.194.0-255,146,146,34,260535
15094,2.3e-05,172.31.33.0-255,66,212,34,260535
15095,2.9e-05,172.217.194.0-255,1484,1696,34,260535
15096,3.3e-05,172.31.33.0-255,66,1762,34,260535
15097,3.8e-05,172.217.194.0-255,2902,4664,34,260535
15098,4e-05,172.31.33.0-255,66,4730,34,260535
15099,4.3e-05,172.217.194.0-255,1484,6214,34,260535
15100,4.6e-05,172.31.33.0-255,66,6280,34,260535
15101,7e-05,172.217.194.0-255,5738,12018,34,260535
15102,7.2e-05,172.31.33.0-255,66,12084,34,260535
15103,7.6e-05,172.217.194.0-255,2128,14212,34,260535
15104,7.8e-05,172.31.33.0-255,66,14278,34,260535
15105,0.000109,172.217.194.0-255,2902,17180,34,260535
15106,0.000112,172.31.33.0-255,66,17246,34,260535
15107,0.000119,172.217.194.0-255,7156,24402,34,260535
15108,0.000121,172.31.33.0-255,66,24468,34,260535
15109,0.000144,172.217.194.0-255,6797,31265,34,260535
15110,0.000146,172.31.33.0-255,66,31331,34,260535
15111,0.00028,172.217.194.0-255,1484,32815,34,260535
15112,0.000284,172.31.33.0-255,66,32881,34,260535
15113,0.000289,172.217.194.0-255,2902,35783,34,260535
15114,0.000291,172.31.33.0-255,66,35849,34,260535
15115,0.000311,172.217.194.0-255,2902,38751,34,260535
15116,0.000314,172.31.33.0-255,66,38817,34,260535
15117,0.000332,172.217.194.0-255,2902,41719,34,260535
15118,0.000334,172.31.33.0-255,66,41785,34,260535
15119,0.000378,172.31.33.0-255,66,41851,34,260535
15120,0.000392,172.217.194.0-255,2902,44753,34,260535
15121,0.000395,172.31.33.0-255,66,44819,34,260535
15122,0.00043,172.31.33.0-255,66,44885,34,260535
15123,0.000447,172.217.194.0-255,366,45251,34,260535
15124,0.000621,172.217.194.0-255,1484,46735,34,260535
15125,0.000625,172.31.33.0-255,66,46801,34,260535
15126,0.000629,172.217.194.0-255,2902,49703,34,260535
15127,0.000631,172.31.33.0-255,66,49769,34,260535
15128,0.000643,172.217.194.0-255,2902,52671,34,260535
15129,0.000646,172.31.33.0-255,66,52737,34,260535
15130,0.000679,172.217.194.0-255,2902,55639,34,260535
15131,0.000681,172.31.33.0-255,66,55705,34,260535
15132,0.000692,172.31.33.0-255,66,55771,34,260535
15133,0.000718,172.217.194.0-255,2902,58673,34,260535
15134,0.000721,172.31.33.0-255,66,58739,34,260535
15135,0.000731,172.31.33.0-255,66,58805,34,260535
15136,0.000867,172.217.194.0-255,1484,60289,34,260535
15137,0.000882,172.217.194.0-255,2902,63191,34,260535
15138,0.000885,172.31.33.0-255,66,63257,34,260535
15139,0.00089,172.217.194.0-255,4320,67577,34,260535
15140,0.000892,172.31.33.0-255,66,67643,34,260535
15141,0.000905,172.217.194.0-255,1484,69127,34,260535
15142,0.00091,172.217.194.0-255,4320,73447,34,260535
15143,0.000912,172.31.33.0-255,66,73513,34,260535
15144,0.000933,172.217.194.0-255,7156,80669,34,260535
15145,0.000936,172.31.33.0-255,66,80735,34,260535
15146,0.000953,172.217.194.0-255,4320,85055,34,260535
15147,0.000955,172.31.33.0-255,66,85121,34,260535
15148,0.000961,172.217.194.0-255,5738,90859,34,260535
15149,0.000963,172.31.33.0-255,66,90925,34,260535
15150,0.000974,172.217.194.0-255,2184,93109,34,260535
15151,0.000976,172.31.33.0-255,66,93175,34,260535
15152,0.001335,172.217.194.0-255,1484,94659,34,260535
15153,0.001341,172.217.194.0-255,2902,97561,34,260535
15154,0.001345,172.31.33.0-255,66,97627,34,260535
15155,0.001349,172.217.194.0-255,2902,100529,34,260535
15156,0.001351,172.31.33.0-255,66,100595,34,260535
15157,0.001364,172.217.194.0-255,2902,103497,34,260535
15158,0.001366,172.31.33.0-255,66,103563,34,260535
15159,0.001368,172.217.194.0-255,1484,105047,34,260535
15160,0.001389,172.217.194.0-255,5738,110785,34,260535
15161,0.00139,172.31.33.0-255,66,110851,34,260535
15162,0.00141,172.217.194.0-255,5738,116589,34,260535
15163,0.001412,172.31.33.0-255,66,116655,34,260535
15164,0.001429,172.31.33.0-255,66,116721,34,260535
15165,0.001433,172.217.194.0-255,2184,118905,34,260535
15166,0.001434,172.31.33.0-255,66,118971,34,260535
15167,0.001705,172.217.194.0-255,1484,120455,34,260535
15168,0.001739,172.217.194.0-255,1484,121939,34,260535
15169,0.001741,172.31.33.0-255,66,122005,34,260535
15170,0.001757,172.217.194.0-255,1484,123489,34,260535
15171,0.001763,172.217.194.0-255,5738,129227,34,260535
15172,0.001764,172.31.33.0-255,66,129293,34,260535
15173,0.001773,172.31.33.0-255,66,129359,34,260535
15174,0.001785,172.217.194.0-255,2902,132261,34,260535
15175,0.001787,172.31.33.0-255,66,132327,34,260535
15176,0.001792,172.217.194.0-255,7156,139483,34,260535
15177,0.001794,172.31.33.0-255,66,139549,34,260535
15178,0.001814,172.217.194.0-255,2902,142451,34,260535
15179,0.001815,172.31.33.0-255,66,142517,34,260535
15180,0.001817,172.217.194.0-255,766,143283,34,260535
15181,0.002184,172.217.194.0-255,1484,144767,34,260535
15182,0.002187,172.31.33.0-255,66,144833,34,260535
15183,0.00219,172.217.194.0-255,1484,146317,34,260535
15184,0.002204,172.217.194.0-255,1484,147801,34,260535
15185,0.002206,172.31.33.0-255,66,147867,34,260535
15186,0.00221,172.217.194.0-255,2902,150769,34,260535
15187,0.002212,172.31.33.0-255,66,150835,34,260535
15188,0.002225,172.217.194.0-255,2902,153737,34,260535
15189,0.002227,172.31.33.0-255,66,153803,34,260535
15190,0.002232,172.217.194.0-255,4320,158123,34,260535
15191,0.002234,172.31.33.0-255,66,158189,34,260535
15192,0.002255,172.217.194.0-255,2902,161091,34,260535
15193,0.002257,172.31.33.0-255,66,161157,34,260535
15194,0.002268,172.31.33.0-255,66,161223,34,260535
15195,0.002289,172.217.194.0-255,5738,166961,34,260535
15196,0.002292,172.31.33.0-255,66,167027,34,260535
15197,0.002295,172.217.194.0-255,2184,169211,34,260535
15198,0.002297,172.31.33.0-255,66,169277,34,260535
15199,0.002468,172.217.194.0-255,1484,170761,34,260535
15200,0.002479,172.217.194.0-255,1484,172245,34,260535
15201,0.002481,172.31.33.0-255,66,172311,34,260535
15202,0.002499,172.217.194.0-255,1484,173795,34,260535
15203,0.002505,172.217.194.0-255,5738,179533,34,260535
15204,0.002507,172.31.33.0-255,66,179599,34,260535
15205,0.002541,172.217.194.0-255,4320,183919,34,260535
15206,0.002544,172.31.33.0-255,66,183985,34,260535
15207,0.002568,172.31.33.0-255,66,184051,34,260535
15208,0.002584,172.217.194.0-255,1484,185535,34,260535
15209,0.00261,172.31.33.0-255,66,185601,34,260535
15210,0.002635,172.217.194.0-255,4320,189921,34,260535
15211,0.002637,172.31.33.0-255,66,189987,34,260535
15212,0.002648,172.217.194.0-255,1484,191471,34,260535
15213,0.002651,172.217.194.0-255,1484,192955,34,260535
15214,0.002653,172.31.33.0-255,66,193021,34,260535
15215,0.002656,172.217.194.0-255,1484,194505,34,260535
15216,0.002681,172.217.194.0-255,7156,201661,34,260535
15217,0.002683,172.31.33.0-255,66,201727,34,260535
15218,0.002687,172.217.194.0-255,2902,204629,34,260535
15219,0.002689,172.31.33.0-255,66,204695,34,260535
15220,0.002708,172.217.194.0-255,2902,207597,34,260535
15221,0.002711,172.31.33.0-255,66,207663,34,260535
15222,0.002713,172.217.194.0-255,1484,209147,34,260535
15223,0.002749,172.217.194.0-255,5738,214885,34,260535
15224,0.002751,172.31.33.0-255,66,214951,34,260535
15225,0.002765,172.217.194.0-255,5020,219971,34,260535
15226,0.002768,172.31.33.0-255,66,220037,34,260535
15227,0.00289,172.217.194.0-255,1484,221521,34,260535
15228,0.002909,172.217.194.0-255,2902,224423,34,260535
15229,0.002911,172.31.33.0-255,66,224489,34,260535
15230,0.002934,172.217.194.0-255,5738,230227,34,260535
15231,0.002936,172.31.33.0-255,66,230293,34,260535
15232,0.002962,172.31.33.0-255,66,230359,34,260535
15233,0.002997,172.31.33.0-255,66,230425,34,260535
15234,0.002999,172.217.194.0-255,766,231191,34,260535
15235,0.00308,172.217.194.0-255,1484,232675,34,260535
15236,0.003082,172.31.33.0-255,66,232741,34,260535
15237,0.00309,172.217.194.0-255,1484,234225,34,260535
15238,0.003099,172.217.194.0-255,1484,235709,34,260535
15239,0.003101,172.31.33.0-255,66,235775,34,260535
15240,0.003106,172.217.194.0-255,5738,241513,34,260535
15241,0.003107,172.31.33.0-255,66,241579,34,260535
15242,0.003123,172.217.194.0-255,1484,243063,34,260535
15243,0.003174,172.31.33.0-255,66,243129,34,260535
15244,0.003191,172.217.194.0-255,1484,244613,34,260535
15245,0.003201,172.31.33.0-255,66,244679,34,260535
15246,0.003206,172.217.194.0-255,5738,250417,34,260535
15247,0.003207,172.31.33.0-255,66,250483,34,260535
15248,0.003211,172.217.194.0-255,4320,254803,34,260535
15249,0.003213,172.31.33.0-255,66,254869,34,260535
15250,0.003215,172.217.194.0-255,1484,256353,34,260535
15251,0.003251,172.31.33.0-255,66,256419,34,260535
15252,0.003268,172.217.194.0-255,2902,259321,34,260535
15253,0.00327,172.31.33.0-255,66,259387,34,260535
15254,0.003272,172.217.194.0-255,806,260193,34,260535
15255,0.003311,172.217.194.0-255,105,260298,34,260535
15256,0.01101,172.31.33.0-255,66,260364,34,260535
15257,0.011039,172.31.33.0-255,105,260469,34,260535
15258,0.013576,172.217.194.0-255,66,260535,34,260535
15259,0.0,74.125.200.0-255,145,145,34,326921
15260,2.1e-05,172.31.33.0-255,66,211,34,326921
15261,2.8e-05,74.125.200.0-255,1484,1695,34,326921
15262,3.3e-05,172.31.33.0-255,66,1761,34,326921
15263,4.6e-05,74.125.200.0-255,2902,4663,34,326921
15264,4.9e-05,172.31.33.0-255,66,4729,34,326921
15265,5.5e-05,74.125.200.0-255,5738,10467,34,326921
15266,5.7e-05,172.31.33.0-255,66,10533,34,326921
15267,6e-05,74.125.200.0-255,1484,12017,34,326921
15268,6.3e-05,172.31.33.0-255,66,12083,34,326921
15269,6.7e-05,74.125.200.0-255,2126,14209,34,326921
15270,6.9e-05,172.31.33.0-255,66,14275,34,326921
15271,7.2e-05,74.125.200.0-255,1484,15759,34,326921
15272,7.4e-05,172.31.33.0-255,66,15825,34,326921
15273,7.8e-05,74.125.200.0-255,2902,18727,34,326921
15274,8e-05,74.125.200.0-255,1484,20211,34,326921
15275,8.2e-05,172.31.33.0-255,66,20277,34,326921
15276,8.3e-05,74.125.200.0-255,2902,23179,34,326921
15277,8.5e-05,172.31.33.0-255,66,23245,34,326921
15278,8.9e-05,172.31.33.0-255,66,23311,34,326921
15279,0.00015,74.125.200.0-255,5738,29049,34,326921
15280,0.000154,172.31.33.0-255,66,29115,34,326921
15281,0.000159,74.125.200.0-255,2543,31658,34,326921
15282,0.000161,172.31.33.0-255,66,31724,34,326921
15283,0.000165,74.125.200.0-255,2902,34626,34,326921
15284,0.000168,172.31.33.0-255,66,34692,34,326921
15285,0.000176,74.125.200.0-255,7156,41848,34,326921
15286,0.000178,172.31.33.0-255,66,41914,34,326921
15287,0.000182,74.125.200.0-255,2902,44816,34,326921
15288,0.000185,172.31.33.0-255,66,44882,34,326921
15289,0.000209,74.125.200.0-255,2902,47784,34,326921
15290,0.000212,172.31.33.0-255,66,47850,34,326921
15291,0.000218,74.125.200.0-255,7156,55006,34,326921
15292,0.00022,172.31.33.0-255,66,55072,34,326921
15293,0.000259,172.31.33.0-255,66,55138,34,326921
15294,0.000262,74.125.200.0-255,442,55580,34,326921
15295,0.00038,74.125.200.0-255,1484,57064,34,326921
15296,0.000385,172.31.33.0-255,66,57130,34,326921
15297,0.000389,74.125.200.0-255,1484,58614,34,326921
15298,0.000413,74.125.200.0-255,1484,60098,34,326921
15299,0.000416,172.31.33.0-255,66,60164,34,326921
15300,0.000423,74.125.200.0-255,5738,65902,34,326921
15301,0.000427,172.31.33.0-255,66,65968,34,326921
15302,0.000455,74.125.200.0-255,5738,71706,34,326921
15303,0.00046,172.31.33.0-255,66,71772,34,326921
15304,0.000461,74.125.200.0-255,7156,78928,34,326921
15305,0.000464,172.31.33.0-255,66,78994,34,326921
15306,0.000492,74.125.200.0-255,5738,84732,34,326921
15307,0.000496,172.31.33.0-255,66,84798,34,326921
15308,0.000529,74.125.200.0-255,5020,89818,34,326921
15309,0.000532,172.31.33.0-255,66,89884,34,326921
15310,0.000535,74.125.200.0-255,332,90216,34,326921
15311,0.00066,74.125.200.0-255,1484,91700,34,326921
15312,0.000664,172.31.33.0-255,66,91766,34,326921
15313,0.000689,74.125.200.0-255,2902,94668,34,326921
15314,0.000693,172.31.33.0-255,66,94734,34,326921
15315,0.000697,74.125.200.0-255,2902,97636,34,326921
15316,0.000699,172.31.33.0-255,66,97702,34,326921
15317,0.000714,74.125.200.0-255,1484,99186,34,326921
15318,0.000732,74.125.200.0-255,2902,102088,34,326921
15319,0.000734,172.31.33.0-255,66,102154,34,326921
15320,0.000757,74.125.200.0-255,4320,106474,34,326921
15321,0.000759,172.31.33.0-255,66,106540,34,326921
15322,0.000785,74.125.200.0-255,5738,112278,34,326921
15323,0.000787,172.31.33.0-255,66,112344,34,326921
15324,0.000814,74.125.200.0-255,2902,115246,34,326921
15325,0.000817,172.31.33.0-255,66,115312,34,326921
15326,0.000821,74.125.200.0-255,2902,118214,34,326921
15327,0.000822,172.31.33.0-255,66,118280,34,326921
15328,0.000827,74.125.200.0-255,4320,122600,34,326921
15329,0.000831,172.31.33.0-255,66,122666,34,326921
15330,0.000858,74.125.200.0-255,2184,124850,34,326921
15331,0.000861,172.31.33.0-255,66,124916,34,326921
15332,0.000885,74.125.200.0-255,1484,126400,34,326921
15333,0.000899,74.125.200.0-255,2902,129302,34,326921
15334,0.000901,172.31.33.0-255,66,129368,34,326921
15335,0.000926,74.125.200.0-255,5738,135106,34,326921
15336,0.000928,172.31.33.0-255,66,135172,34,326921
15337,0.000951,74.125.200.0-255,4320,139492,34,326921
15338,0.000954,172.31.33.0-255,66,139558,34,326921
15339,0.00096,74.125.200.0-255,5738,145296,34,326921
15340,0.000961,172.31.33.0-255,66,145362,34,326921
15341,0.00097,74.125.200.0-255,4320,149682,34,326921
15342,0.000973,172.31.33.0-255,66,149748,34,326921
15343,0.001005,74.125.200.0-255,7156,156904,34,326921
15344,0.001008,172.31.33.0-255,66,156970,34,326921
15345,0.001012,74.125.200.0-255,2184,159154,34,326921
15346,0.001014,172.31.33.0-255,66,159220,34,326921
15347,0.001267,74.125.200.0-255,1484,160704,34,326921
15348,0.001281,74.125.200.0-255,2902,163606,34,326921
15349,0.001285,172.31.33.0-255,66,163672,34,326921
15350,0.00131,74.125.200.0-255,2902,166574,34,326921
15351,0.001313,172.31.33.0-255,66,166640,34,326921
15352,0.001317,74.125.200.0-255,4320,170960,34,326921
15353,0.001319,74.125.200.0-255,1484,172444,34,326921
15354,0.00132,172.31.33.0-255,66,172510,34,326921
15355,0.001348,74.125.200.0-255,7156,179666,34,326921
15356,0.001351,172.31.33.0-255,66,179732,34,326921
15357,0.001356,74.125.200.0-255,5738,185470,34,326921
15358,0.001358,172.31.33.0-255,66,185536,34,326921
15359,0.001367,74.125.200.0-255,4320,189856,34,326921
15360,0.001369,172.31.33.0-255,66,189922,34,326921
15361,0.001394,74.125.200.0-255,2902,192824,34,326921
15362,0.001397,172.31.33.0-255,66,192890,34,326921
15363,0.001399,74.125.200.0-255,766,193656,34,326921
15364,0.001438,74.125.200.0-255,1484,195140,34,326921
15365,0.001441,172.31.33.0-255,66,195206,34,326921
15366,0.001444,74.125.200.0-255,1484,196690,34,326921
15367,0.001483,74.125.200.0-255,1484,198174,34,326921
15368,0.001486,172.31.33.0-255,66,198240,34,326921
15369,0.00151,74.125.200.0-255,1484,199724,34,326921
15370,0.001515,74.125.200.0-255,5738,205462,34,326921
15371,0.001518,172.31.33.0-255,66,205528,34,326921
15372,0.001528,172.31.33.0-255,66,205594,34,326921
15373,0.001541,172.31.33.0-255,66,205660,34,326921
15374,0.001543,74.125.200.0-255,766,206426,34,326921
15375,0.00178,74.125.200.0-255,1484,207910,34,326921
15376,0.001784,172.31.33.0-255,66,207976,34,326921
15377,0.001789,74.125.200.0-255,2902,210878,34,326921
15378,0.001791,172.31.33.0-255,66,210944,34,326921
15379,0.001793,74.125.200.0-255,1484,212428,34,326921
15380,0.001809,74.125.200.0-255,2902,215330,34,326921
15381,0.001814,172.31.33.0-255,66,215396,34,326921
15382,0.001832,74.125.200.0-255,2902,218298,34,326921
15383,0.001834,172.31.33.0-255,66,218364,34,326921
15384,0.001863,74.125.200.0-255,2902,221266,34,326921
15385,0.001866,172.31.33.0-255,66,221332,34,326921
15386,0.001874,74.125.200.0-255,7156,228488,34,326921
15387,0.001875,172.31.33.0-255,66,228554,34,326921
15388,0.001897,74.125.200.0-255,4320,232874,34,326921
15389,0.001901,172.31.33.0-255,66,232940,34,326921
15390,0.001907,74.125.200.0-255,7156,240096,34,326921
15391,0.001909,172.31.33.0-255,66,240162,34,326921
15392,0.001934,74.125.200.0-255,766,240928,34,326921
15393,0.002015,74.125.200.0-255,1484,242412,34,326921
15394,0.002018,172.31.33.0-255,66,242478,34,326921
15395,0.002021,74.125.200.0-255,1484,243962,34,326921
15396,0.00204,74.125.200.0-255,1484,245446,34,326921
15397,0.002042,172.31.33.0-255,66,245512,34,326921
15398,0.002048,74.125.200.0-255,5738,251250,34,326921
15399,0.00205,172.31.33.0-255,66,251316,34,326921
15400,0.002053,74.125.200.0-255,2902,254218,34,326921
15401,0.002054,172.31.33.0-255,66,254284,34,326921
15402,0.002085,74.125.200.0-255,7156,261440,34,326921
15403,0.002087,172.31.33.0-255,66,261506,34,326921
15404,0.00211,74.125.200.0-255,2902,264408,34,326921
15405,0.002113,172.31.33.0-255,66,264474,34,326921
15406,0.002121,172.31.33.0-255,66,264540,34,326921
15407,0.002158,172.31.33.0-255,66,264606,34,326921
15408,0.00216,74.125.200.0-255,1484,266090,34,326921
15409,0.002182,74.125.200.0-255,2902,268992,34,326921
15410,0.002184,172.31.33.0-255,66,269058,34,326921
15411,0.002189,74.125.200.0-255,5738,274796,34,326921
15412,0.002191,172.31.33.0-255,66,274862,34,326921
15413,0.002225,172.31.33.0-255,66,274928,34,326921
15414,0.002229,74.125.200.0-255,4320,279248,34,326921
15415,0.002232,172.31.33.0-255,66,279314,34,326921
15416,0.002279,172.31.33.0-255,66,279380,34,326921
15417,0.002286,74.125.200.0-255,5738,285118,34,326921
15418,0.002288,172.31.33.0-255,66,285184,34,326921
15419,0.002308,74.125.200.0-255,2902,288086,34,326921
15420,0.002311,172.31.33.0-255,66,288152,34,326921
15421,0.002316,74.125.200.0-255,2902,291054,34,326921
15422,0.002318,172.31.33.0-255,66,291120,34,326921
15423,0.002357,172.31.33.0-255,66,291186,34,326921
15424,0.002359,74.125.200.0-255,1484,292670,34,326921
15425,0.002363,74.125.200.0-255,2902,295572,34,326921
15426,0.002365,172.31.33.0-255,66,295638,34,326921
15427,0.002367,74.125.200.0-255,766,296404,34,326921
15428,0.002393,74.125.200.0-255,1484,297888,34,326921
15429,0.002395,172.31.33.0-255,66,297954,34,326921
15430,0.002418,74.125.200.0-255,2902,300856,34,326921
15431,0.002419,172.31.33.0-255,66,300922,34,326921
15432,0.002424,74.125.200.0-255,4320,305242,34,326921
15433,0.002425,172.31.33.0-255,66,305308,34,326921
15434,0.00245,74.125.200.0-255,4320,309628,34,326921
15435,0.002452,172.31.33.0-255,66,309694,34,326921
15436,0.002473,74.125.200.0-255,2902,312596,34,326921
15437,0.002475,172.31.33.0-255,66,312662,34,326921
15438,0.002477,74.125.200.0-255,1484,314146,34,326921
15439,0.00248,74.125.200.0-255,1484,315630,34,326921
15440,0.002481,172.31.33.0-255,66,315696,34,326921
15441,0.002483,74.125.200.0-255,1484,317180,34,326921
15442,0.002538,74.125.200.0-255,5016,322196,34,326921
15443,0.00254,172.31.33.0-255,66,322262,34,326921
15444,0.002578,74.125.200.0-255,105,322367,34,326921
15445,0.008977,172.31.33.0-255,66,322433,34,326921
15446,0.009002,172.31.33.0-255,105,322538,34,326921
15447,0.011264,74.125.200.0-255,66,322604,34,326921
15448,0.033331,172.31.33.0-255,198,322802,34,326921
15449,0.03336,172.31.33.0-255,957,323759,34,326921
15450,0.033416,172.31.33.0-255,1514,325273,34,326921
15451,0.033418,172.31.33.0-255,1450,326723,34,326921
15452,0.034923,104.244.42.0-255,66,326789,34,326921
15453,0.034933,104.244.42.0-255,66,326855,34,326921
15454,0.034996,104.244.42.0-255,66,326921,34,326921
15455,0.0,74.125.24.0-255,153,153,34,219725
15456,2.4e-05,172.31.33.0-255,66,219,34,219725
15457,3e-05,74.125.24.0-255,1484,1703,34,219725
15458,3.4e-05,172.31.33.0-255,66,1769,34,219725
15459,3.9e-05,74.125.24.0-255,2902,4671,34,219725
15460,4.7e-05,172.31.33.0-255,66,4737,34,219725
15461,5.3e-05,74.125.24.0-255,4320,9057,34,219725
15462,5.5e-05,172.31.33.0-255,66,9123,34,219725
15463,8.2e-05,74.125.24.0-255,2902,12025,34,219725
15464,8.5e-05,172.31.33.0-255,66,12091,34,219725
15465,9.6e-05,172.31.33.0-255,66,12157,34,219725
15466,0.0001,74.125.24.0-255,2902,15059,34,219725
15467,0.000102,172.31.33.0-255,66,15125,34,219725
15468,0.000142,172.31.33.0-255,66,15191,34,219725
15469,0.000191,74.125.24.0-255,1484,16675,34,219725
15470,0.000194,172.31.33.0-255,66,16741,34,219725
15471,0.00021,74.125.24.0-255,2902,19643,34,219725
15472,0.000213,172.31.33.0-255,66,19709,34,219725
15473,0.000218,74.125.24.0-255,5738,25447,34,219725
15474,0.00022,172.31.33.0-255,66,25513,34,219725
15475,0.000244,74.125.24.0-255,4320,29833,34,219725
15476,0.000248,172.31.33.0-255,66,29899,34,219725
15477,0.000284,172.31.33.0-255,66,29965,34,219725
15478,0.000294,172.31.33.0-255,66,30031,34,219725
15479,0.000296,74.125.24.0-255,1399,31430,34,219725
15480,0.0003,172.31.33.0-255,66,31496,34,219725
15481,0.00035,74.125.24.0-255,131,31627,34,219725
15482,0.000353,172.31.33.0-255,66,31693,34,219725
15483,0.000373,74.125.24.0-255,349,32042,34,219725
15484,0.000523,74.125.24.0-255,1484,33526,34,219725
15485,0.00053,172.31.33.0-255,66,33592,34,219725
15486,0.000535,74.125.24.0-255,1484,35076,34,219725
15487,0.000552,74.125.24.0-255,1484,36560,34,219725
15488,0.000558,74.125.24.0-255,5738,42298,34,219725
15489,0.000561,172.31.33.0-255,66,42364,34,219725
15490,0.000562,74.125.24.0-255,2902,45266,34,219725
15491,0.000566,172.31.33.0-255,66,45332,34,219725
15492,0.000578,74.125.24.0-255,1484,46816,34,219725
15493,0.00058,74.125.24.0-255,1484,48300,34,219725
15494,0.000589,172.31.33.0-255,66,48366,34,219725
15495,0.000611,172.31.33.0-255,66,48432,34,219725
15496,0.000649,172.31.33.0-255,66,48498,34,219725
15497,0.000749,74.125.24.0-255,1484,49982,34,219725
15498,0.000761,74.125.24.0-255,2902,52884,34,219725
15499,0.000764,172.31.33.0-255,66,52950,34,219725
15500,0.000769,74.125.24.0-255,4320,57270,34,219725
15501,0.000775,172.31.33.0-255,66,57336,34,219725
15502,0.000787,74.125.24.0-255,1484,58820,34,219725
15503,0.000797,74.125.24.0-255,7156,65976,34,219725
15504,0.0008,74.125.24.0-255,1484,67460,34,219725
15505,0.000803,172.31.33.0-255,66,67526,34,219725
15506,0.000825,74.125.24.0-255,2184,69710,34,219725
15507,0.000828,172.31.33.0-255,66,69776,34,219725
15508,0.000904,74.125.24.0-255,1484,71260,34,219725
15509,0.000921,74.125.24.0-255,2902,74162,34,219725
15510,0.000924,74.125.24.0-255,1484,75646,34,219725
15511,0.000925,172.31.33.0-255,66,75712,34,219725
15512,0.000947,74.125.24.0-255,4320,80032,34,219725
15513,0.000964,172.31.33.0-255,66,80098,34,219725
15514,0.000994,172.31.33.0-255,66,80164,34,219725
15515,0.001005,74.125.24.0-255,4320,84484,34,219725
15516,0.001011,172.31.33.0-255,66,84550,34,219725
15517,0.001049,172.31.33.0-255,66,84616,34,219725
15518,0.001076,74.125.24.0-255,2902,87518,34,219725
15519,0.001086,172.31.33.0-255,66,87584,34,219725
15520,0.001112,74.125.24.0-255,4320,91904,34,219725
15521,0.001116,172.31.33.0-255,66,91970,34,219725
15522,0.001147,74.125.24.0-255,7156,99126,34,219725
15523,0.001151,172.31.33.0-255,66,99192,34,219725
15524,0.001172,74.125.24.0-255,1484,100676,34,219725
15525,0.001182,172.31.33.0-255,66,100742,34,219725
15526,0.001223,172.31.33.0-255,66,100808,34,219725
15527,0.001256,74.125.24.0-255,1484,102292,34,219725
15528,0.001259,74.125.24.0-255,1484,103776,34,219725
15529,0.001262,172.31.33.0-255,66,103842,34,219725
15530,0.001284,74.125.24.0-255,1484,105326,34,219725
15531,0.00129,74.125.24.0-255,5738,111064,34,219725
15532,0.001294,74.125.24.0-255,2902,113966,34,219725
15533,0.001301,172.31.33.0-255,66,114032,34,219725
15534,0.001318,172.31.33.0-255,66,114098,34,219725
15535,0.001354,74.125.24.0-255,5738,119836,34,219725
15536,0.001358,172.31.33.0-255,66,119902,34,219725
15537,0.001384,74.125.24.0-255,5020,124922,34,219725
15538,0.001388,172.31.33.0-255,66,124988,34,219725
15539,0.001415,74.125.24.0-255,1484,126472,34,219725
15540,0.001435,74.125.24.0-255,2902,129374,34,219725
15541,0.001438,74.125.24.0-255,1484,130858,34,219725
15542,0.001451,172.31.33.0-255,66,130924,34,219725
15543,0.001452,74.125.24.0-255,4320,135244,34,219725
15544,0.001456,172.31.33.0-255,66,135310,34,219725
15545,0.001492,172.31.33.0-255,66,135376,34,219725
15546,0.001518,74.125.24.0-255,2902,138278,34,219725
15547,0.001522,172.31.33.0-255,66,138344,34,219725
15548,0.001533,172.31.33.0-255,66,138410,34,219725
15549,0.001634,74.125.24.0-255,1484,139894,34,219725
15550,0.001647,74.125.24.0-255,2902,142796,34,219725
15551,0.00165,172.31.33.0-255,66,142862,34,219725
15552,0.001678,74.125.24.0-255,5738,148600,34,219725
15553,0.001682,74.125.24.0-255,2902,151502,34,219725
15554,0.001682,172.31.33.0-255,66,151568,34,219725
15555,0.001686,172.31.33.0-255,66,151634,34,219725
15556,0.0017,74.125.24.0-255,2902,154536,34,219725
15557,0.001707,172.31.33.0-255,66,154602,34,219725
15558,0.001722,74.125.24.0-255,7156,161758,34,219725
15559,0.001726,74.125.24.0-255,2902,164660,34,219725
15560,0.001726,172.31.33.0-255,66,164726,34,219725
15561,0.00173,172.31.33.0-255,66,164792,34,219725
15562,0.001768,172.31.33.0-255,66,164858,34,219725
15563,0.002143,74.125.24.0-255,1484,166342,34,219725
15564,0.002158,74.125.24.0-255,2902,169244,34,219725
15565,0.002161,172.31.33.0-255,66,169310,34,219725
15566,0.002166,74.125.24.0-255,4320,173630,34,219725
15567,0.002175,172.31.33.0-255,66,173696,34,219725
15568,0.002185,74.125.24.0-255,1484,175180,34,219725
15569,0.002191,74.125.24.0-255,5738,180918,34,219725
15570,0.002194,172.31.33.0-255,66,180984,34,219725
15571,0.002227,172.31.33.0-255,66,181050,34,219725
15572,0.002241,74.125.24.0-255,2902,183952,34,219725
15573,0.002247,74.125.24.0-255,5020,188972,34,219725
15574,0.002248,172.31.33.0-255,66,189038,34,219725
15575,0.002252,172.31.33.0-255,66,189104,34,219725
15576,0.002788,74.125.24.0-255,1484,190588,34,219725
15577,0.002796,74.125.24.0-255,2902,193490,34,219725
15578,0.0028,172.31.33.0-255,66,193556,34,219725
15579,0.002805,74.125.24.0-255,4320,197876,34,219725
15580,0.002826,74.125.24.0-255,1484,199360,34,219725
15581,0.002851,74.125.24.0-255,4320,203680,34,219725
15582,0.002857,74.125.24.0-255,7156,210836,34,219725
15583,0.002861,74.125.24.0-255,3602,214438,34,219725
15584,0.002928,74.125.24.0-255,4762,219200,34,219725
15585,0.002949,74.125.24.0-255,105,219305,34,219725
15586,0.010681,172.31.33.0-255,66,219371,34,219725
15587,0.011244,172.31.33.0-255,105,219476,34,219725
15588,0.012927,74.125.24.0-255,105,219581,34,219725
15589,0.012945,172.31.33.0-255,78,219659,34,219725
15590,0.013559,74.125.24.0-255,66,219725,34,219725
15591,0.0,74.125.24.0-255,153,153,34,157226
15592,2.3e-05,172.31.33.0-255,66,219,34,157226
15593,4.5e-05,74.125.24.0-255,1484,1703,34,157226
15594,4.9e-05,172.31.33.0-255,66,1769,34,157226
15595,5.2e-05,74.125.24.0-255,1484,3253,34,157226
15596,5.5e-05,172.31.33.0-255,66,3319,34,157226
15597,6.9e-05,74.125.24.0-255,1484,4803,34,157226
15598,7.1e-05,172.31.33.0-255,66,4869,34,157226
15599,7.7e-05,74.125.24.0-255,4320,9189,34,157226
15600,7.9e-05,172.31.33.0-255,66,9255,34,157226
15601,0.000133,74.125.24.0-255,4828,14083,34,157226
15602,0.000136,172.31.33.0-255,66,14149,34,157226
15603,0.001032,74.125.24.0-255,1484,15633,34,157226
15604,0.001037,172.31.33.0-255,66,15699,34,157226
15605,0.001046,74.125.24.0-255,2902,18601,34,157226
15606,0.001048,172.31.33.0-255,66,18667,34,157226
15607,0.001054,74.125.24.0-255,5738,24405,34,157226
15608,0.001057,172.31.33.0-255,66,24471,34,157226
15609,0.001097,74.125.24.0-255,4320,28791,34,157226
15610,0.0011,172.31.33.0-255,66,28857,34,157226
15611,0.001112,74.125.24.0-255,2543,31400,34,157226
15612,0.001114,172.31.33.0-255,66,31466,34,157226
15613,0.001117,74.125.24.0-255,1484,32950,34,157226
15614,0.001118,172.31.33.0-255,66,33016,34,157226
15615,0.001146,74.125.24.0-255,5738,38754,34,157226
15616,0.001148,172.31.33.0-255,66,38820,34,157226
15617,0.001158,172.31.33.0-255,66,38886,34,157226
15618,0.002585,74.125.24.0-255,1484,40370,34,157226
15619,0.002591,172.31.33.0-255,66,40436,34,157226
15620,0.002599,74.125.24.0-255,2902,43338,34,157226
15621,0.002601,172.31.33.0-255,66,43404,34,157226
15622,0.002605,74.125.24.0-255,2902,46306,34,157226
15623,0.002607,172.31.33.0-255,66,46372,34,157226
15624,0.002628,74.125.24.0-255,2902,49274,34,157226
15625,0.002631,172.31.33.0-255,66,49340,34,157226
15626,0.002658,172.31.33.0-255,66,49406,34,157226
15627,0.002681,74.125.24.0-255,1125,50531,34,157226
15628,0.002692,172.31.33.0-255,66,50597,34,157226
15629,0.002711,74.125.24.0-255,4320,54917,34,157226
15630,0.002713,172.31.33.0-255,66,54983,34,157226
15631,0.002751,172.31.33.0-255,66,55049,34,157226
15632,0.002753,74.125.24.0-255,645,55694,34,157226
15633,0.003434,74.125.24.0-255,1484,57178,34,157226
15634,0.003439,172.31.33.0-255,66,57244,34,157226
15635,0.003467,74.125.24.0-255,1484,58728,34,157226
15636,0.003479,74.125.24.0-255,1484,60212,34,157226
15637,0.003482,172.31.33.0-255,66,60278,34,157226
15638,0.003495,74.125.24.0-255,1484,61762,34,157226
15639,0.003507,74.125.24.0-255,4320,66082,34,157226
15640,0.00351,172.31.33.0-255,66,66148,34,157226
15641,0.003523,74.125.24.0-255,1484,67632,34,157226
15642,0.003528,74.125.24.0-255,4320,71952,34,157226
15643,0.00353,172.31.33.0-255,66,72018,34,157226
15644,0.003543,74.125.24.0-255,1484,73502,34,157226
15645,0.003568,172.31.33.0-255,66,73568,34,157226
15646,0.003572,74.125.24.0-255,2902,76470,34,157226
15647,0.003574,172.31.33.0-255,66,76536,34,157226
15648,0.003632,74.125.24.0-255,3602,80138,34,157226
15649,0.003636,172.31.33.0-255,66,80204,34,157226
15650,0.003725,74.125.24.0-255,1484,81688,34,157226
15651,0.003731,74.125.24.0-255,2902,84590,34,157226
15652,0.003734,172.31.33.0-255,66,84656,34,157226
15653,0.003737,74.125.24.0-255,1484,86140,34,157226
15654,0.003756,74.125.24.0-255,4320,90460,34,157226
15655,0.003759,172.31.33.0-255,66,90526,34,157226
15656,0.003763,74.125.24.0-255,2902,93428,34,157226
15657,0.003765,172.31.33.0-255,66,93494,34,157226
15658,0.003784,74.125.24.0-255,7156,100650,34,157226
15659,0.003787,172.31.33.0-255,66,100716,34,157226
15660,0.003823,172.31.33.0-255,66,100782,34,157226
15661,0.003828,74.125.24.0-255,2184,102966,34,157226
15662,0.003829,172.31.33.0-255,66,103032,34,157226
15663,0.003978,74.125.24.0-255,1484,104516,34,157226
15664,0.003993,74.125.24.0-255,2902,107418,34,157226
15665,0.003998,172.31.33.0-255,66,107484,34,157226
15666,0.004001,74.125.24.0-255,1484,108968,34,157226
15667,0.004019,74.125.24.0-255,4320,113288,34,157226
15668,0.004022,172.31.33.0-255,66,113354,34,157226
15669,0.004025,74.125.24.0-255,1484,114838,34,157226
15670,0.004048,172.31.33.0-255,66,114904,34,157226
15671,0.004089,74.125.24.0-255,2902,117806,34,157226
15672,0.004093,172.31.33.0-255,66,117872,34,157226
15673,0.00412,172.31.33.0-255,66,117938,34,157226
15674,0.004176,74.125.24.0-255,1484,119422,34,157226
15675,0.004181,74.125.24.0-255,2902,122324,34,157226
15676,0.004183,172.31.33.0-255,66,122390,34,157226
15677,0.004202,74.125.24.0-255,5738,128128,34,157226
15678,0.004204,172.31.33.0-255,66,128194,34,157226
15679,0.004229,74.125.24.0-255,1484,129678,34,157226
15680,0.004261,172.31.33.0-255,66,129744,34,157226
15681,0.004267,74.125.24.0-255,5738,135482,34,157226
15682,0.004269,172.31.33.0-255,66,135548,34,157226
15683,0.004299,172.31.33.0-255,66,135614,34,157226
15684,0.004316,172.31.33.0-255,66,135680,34,157226
15685,0.004332,74.125.24.0-255,1484,137164,34,157226
15686,0.00436,172.31.33.0-255,66,137230,34,157226
15687,0.004385,74.125.24.0-255,5020,142250,34,157226
15688,0.004388,172.31.33.0-255,66,142316,34,157226
15689,0.004408,172.31.33.0-255,66,142382,34,157226
15690,0.004412,74.125.24.0-255,3602,145984,34,157226
15691,0.004414,172.31.33.0-255,66,146050,34,157226
15692,0.004438,74.125.24.0-255,1484,147534,34,157226
15693,0.004491,172.31.33.0-255,66,147600,34,157226
15694,0.004525,172.31.33.0-255,66,147666,34,157226
15695,0.004546,172.31.33.0-255,66,147732,34,157226
15696,0.004556,172.31.33.0-255,66,147798,34,157226
15697,0.004595,172.31.33.0-255,66,147864,34,157226
15698,0.004607,172.31.33.0-255,66,147930,34,157226
15699,0.004627,74.125.24.0-255,1722,149652,34,157226
15700,0.004629,172.31.33.0-255,66,149718,34,157226
15701,0.004632,74.125.24.0-255,105,149823,34,157226
15702,0.007119,172.31.33.0-255,66,149889,34,157226
15703,0.007171,172.31.33.0-255,105,149994,34,157226
15704,0.009494,74.125.24.0-255,66,150060,34,157226
15705,0.025357,172.31.33.0-255,172,150232,34,157226
15706,0.025388,172.31.33.0-255,1112,151344,34,157226
15707,0.025427,172.31.33.0-255,1514,152858,34,157226
15708,0.025429,172.31.33.0-255,1514,154372,34,157226
15709,0.025429,172.31.33.0-255,1514,155886,34,157226
15710,0.02543,172.31.33.0-255,1076,156962,34,157226
15711,0.026889,104.244.42.0-255,66,157028,34,157226
15712,0.02694,104.244.42.0-255,66,157094,34,157226
15713,0.026983,104.244.42.0-255,66,157160,34,157226
15714,0.026986,104.244.42.0-255,66,157226,34,157226
15715,0.0,74.125.200.0-255,153,153,34,314234
15716,2.5e-05,172.31.33.0-255,66,219,34,314234
15717,3.1e-05,74.125.200.0-255,1484,1703,34,314234
15718,3.5e-05,172.31.33.0-255,66,1769,34,314234
15719,6e-05,74.125.200.0-255,2902,4671,34,314234
15720,6.6e-05,172.31.33.0-255,66,4737,34,314234
15721,7.2e-05,74.125.200.0-255,5738,10475,34,314234
15722,7.6e-05,172.31.33.0-255,66,10541,34,314234
15723,9.7e-05,74.125.200.0-255,3474,14015,34,314234
15724,9.9e-05,172.31.33.0-255,66,14081,34,314234
15725,0.000125,74.125.200.0-255,1484,15565,34,314234
15726,0.000128,172.31.33.0-255,66,15631,34,314234
15727,0.000132,74.125.200.0-255,2902,18533,34,314234
15728,0.000134,172.31.33.0-255,66,18599,34,314234
15729,0.000158,74.125.200.0-255,5738,24337,34,314234
15730,0.000161,172.31.33.0-255,66,24403,34,314234
15731,0.000184,74.125.200.0-255,6797,31200,34,314234
15732,0.000187,172.31.33.0-255,66,31266,34,314234
15733,0.000264,74.125.200.0-255,1484,32750,34,314234
15734,0.000267,74.125.200.0-255,1484,34234,34,314234
15735,0.000268,172.31.33.0-255,66,34300,34,314234
15736,0.000272,172.31.33.0-255,66,34366,34,314234
15737,0.00029,74.125.200.0-255,1484,35850,34,314234
15738,0.000292,172.31.33.0-255,66,35916,34,314234
15739,0.000302,74.125.200.0-255,4320,40236,34,314234
15740,0.000304,172.31.33.0-255,66,40302,34,314234
15741,0.000341,172.31.33.0-255,66,40368,34,314234
15742,0.000345,74.125.200.0-255,4320,44688,34,314234
15743,0.000347,172.31.33.0-255,66,44754,34,314234
15744,0.00039,74.125.200.0-255,5738,50492,34,314234
15745,0.000393,172.31.33.0-255,66,50558,34,314234
15746,0.000412,74.125.200.0-255,5735,56293,34,314234
15747,0.000415,172.31.33.0-255,66,56359,34,314234
15748,0.000417,74.125.200.0-255,331,56690,34,314234
15749,0.000674,74.125.200.0-255,1484,58174,34,314234
15750,0.000678,172.31.33.0-255,66,58240,34,314234
15751,0.000683,74.125.200.0-255,2902,61142,34,314234
15752,0.000685,172.31.33.0-255,66,61208,34,314234
15753,0.000713,74.125.200.0-255,4320,65528,34,314234
15754,0.000716,172.31.33.0-255,66,65594,34,314234
15755,0.000723,74.125.200.0-255,7156,72750,34,314234
15756,0.000725,172.31.33.0-255,66,72816,34,314234
15757,0.000741,74.125.200.0-255,1484,74300,34,314234
15758,0.000744,74.125.200.0-255,1484,75784,34,314234
15759,0.000747,172.31.33.0-255,66,75850,34,314234
15760,0.000766,74.125.200.0-255,7156,83006,34,314234
15761,0.000769,172.31.33.0-255,66,83072,34,314234
15762,0.000814,172.31.33.0-255,66,83138,34,314234
15763,0.000991,74.125.200.0-255,1484,84622,34,314234
15764,0.000997,74.125.200.0-255,2902,87524,34,314234
15765,0.001,172.31.33.0-255,66,87590,34,314234
15766,0.001026,74.125.200.0-255,5738,93328,34,314234
15767,0.001028,172.31.33.0-255,66,93394,34,314234
15768,0.001053,74.125.200.0-255,5738,99132,34,314234
15769,0.001056,172.31.33.0-255,66,99198,34,314234
15770,0.001079,74.125.200.0-255,5738,104936,34,314234
15771,0.001083,172.31.33.0-255,66,105002,34,314234
15772,0.001088,74.125.200.0-255,5738,110740,34,314234
15773,0.001089,172.31.33.0-255,66,110806,34,314234
15774,0.001111,74.125.200.0-255,6438,117244,34,314234
15775,0.001118,172.31.33.0-255,66,117310,34,314234
15776,0.001384,74.125.200.0-255,1484,118794,34,314234
15777,0.001389,74.125.200.0-255,1484,120278,34,314234
15778,0.001392,172.31.33.0-255,66,120344,34,314234
15779,0.001401,74.125.200.0-255,1484,121828,34,314234
15780,0.00141,74.125.200.0-255,5738,127566,34,314234
15781,0.001412,172.31.33.0-255,66,127632,34,314234
15782,0.001433,74.125.200.0-255,1484,129116,34,314234
15783,0.001463,172.31.33.0-255,66,129182,34,314234
15784,0.001468,74.125.200.0-255,5738,134920,34,314234
15785,0.00147,172.31.33.0-255,66,134986,34,314234
15786,0.001527,74.125.200.0-255,5020,140006,34,314234
15787,0.001529,172.31.33.0-255,66,140072,34,314234
15788,0.001534,74.125.200.0-255,5738,145810,34,314234
15789,0.001535,172.31.33.0-255,66,145876,34,314234
15790,0.001578,172.31.33.0-255,66,145942,34,314234
15791,0.001592,172.31.33.0-255,66,146008,34,314234
15792,0.001599,74.125.200.0-255,1484,147492,34,314234
15793,0.001626,74.125.200.0-255,7156,154648,34,314234
15794,0.001629,172.31.33.0-255,66,154714,34,314234
15795,0.001632,74.125.200.0-255,766,155480,34,314234
15796,0.001714,74.125.200.0-255,1484,156964,34,314234
15797,0.001716,172.31.33.0-255,66,157030,34,314234
15798,0.001741,74.125.200.0-255,2902,159932,34,314234
15799,0.001743,172.31.33.0-255,66,159998,34,314234
15800,0.001746,74.125.200.0-255,1484,161482,34,314234
15801,0.001766,74.125.200.0-255,2902,164384,34,314234
15802,0.001768,172.31.33.0-255,66,164450,34,314234
15803,0.001773,74.125.200.0-255,5738,170188,34,314234
15804,0.001775,172.31.33.0-255,66,170254,34,314234
15805,0.00179,74.125.200.0-255,1484,171738,34,314234
15806,0.001822,172.31.33.0-255,66,171804,34,314234
15807,0.001827,74.125.200.0-255,4320,176124,34,314234
15808,0.001829,172.31.33.0-255,66,176190,34,314234
15809,0.001855,74.125.200.0-255,3602,179792,34,314234
15810,0.001857,172.31.33.0-255,66,179858,34,314234
15811,0.001884,74.125.200.0-255,4320,184178,34,314234
15812,0.001886,172.31.33.0-255,66,184244,34,314234
15813,0.001909,74.125.200.0-255,5738,189982,34,314234
15814,0.001912,172.31.33.0-255,66,190048,34,314234
15815,0.001932,74.125.200.0-255,1484,191532,34,314234
15816,0.001942,74.125.200.0-255,4320,195852,34,314234
15817,0.001944,172.31.33.0-255,66,195918,34,314234
15818,0.001967,74.125.200.0-255,4320,200238,34,314234
15819,0.001969,172.31.33.0-255,66,200304,34,314234
15820,0.00198,172.31.33.0-255,66,200370,34,314234
15821,0.001984,74.125.200.0-255,2184,202554,34,314234
15822,0.001986,172.31.33.0-255,66,202620,34,314234
15823,0.002024,74.125.200.0-255,1484,204104,34,314234
15824,0.002045,74.125.200.0-255,2902,207006,34,314234
15825,0.002047,172.31.33.0-255,66,207072,34,314234
15826,0.002072,74.125.200.0-255,2902,209974,34,314234
15827,0.002075,172.31.33.0-255,66,210040,34,314234
15828,0.002077,74.125.200.0-255,1484,211524,34,314234
15829,0.002095,74.125.200.0-255,1484,213008,34,314234
15830,0.002097,172.31.33.0-255,66,213074,34,314234
15831,0.002107,172.31.33.0-255,66,213140,34,314234
15832,0.002109,74.125.200.0-255,1484,214624,34,314234
15833,0.002116,74.125.200.0-255,1484,216108,34,314234
15834,0.002118,172.31.33.0-255,66,216174,34,314234
15835,0.002121,74.125.200.0-255,1484,217658,34,314234
15836,0.002123,74.125.200.0-255,1484,219142,34,314234
15837,0.002125,172.31.33.0-255,66,219208,34,314234
15838,0.00215,74.125.200.0-255,7156,226364,34,314234
15839,0.002152,172.31.33.0-255,66,226430,34,314234
15840,0.002171,74.125.200.0-255,1484,227914,34,314234
15841,0.002189,74.125.200.0-255,766,228680,34,314234
15842,0.002191,172.31.33.0-255,66,228746,34,314234
15843,0.002266,74.125.200.0-255,1484,230230,34,314234
15844,0.002282,74.125.200.0-255,2902,233132,34,314234
15845,0.002284,172.31.33.0-255,66,233198,34,314234
15846,0.002312,74.125.200.0-255,5738,238936,34,314234
15847,0.002314,172.31.33.0-255,66,239002,34,314234
15848,0.002316,74.125.200.0-255,1484,240486,34,314234
15849,0.002339,74.125.200.0-255,5738,246224,34,314234
15850,0.002341,172.31.33.0-255,66,246290,34,314234
15851,0.002346,74.125.200.0-255,4320,250610,34,314234
15852,0.002348,172.31.33.0-255,66,250676,34,314234
15853,0.002353,74.125.200.0-255,4320,254996,34,314234
15854,0.002355,172.31.33.0-255,66,255062,34,314234
15855,0.00238,74.125.200.0-255,2902,257964,34,314234
15856,0.002382,172.31.33.0-255,66,258030,34,314234
15857,0.002407,74.125.200.0-255,4320,262350,34,314234
15858,0.00241,172.31.33.0-255,66,262416,34,314234
15859,0.002412,74.125.200.0-255,766,263182,34,314234
15860,0.002439,74.125.200.0-255,1484,264666,34,314234
15861,0.002452,74.125.200.0-255,1484,266150,34,314234
15862,0.002466,74.125.200.0-255,2902,269052,34,314234
15863,0.002501,74.125.200.0-255,2902,271954,34,314234
15864,0.002521,74.125.200.0-255,2902,274856,34,314234
15865,0.002535,74.125.200.0-255,4320,279176,34,314234
15866,0.002566,74.125.200.0-255,4320,283496,34,314234
15867,0.002587,74.125.200.0-255,6438,289934,34,314234
15868,0.002593,74.125.200.0-255,5738,295672,34,314234
15869,0.002612,74.125.200.0-255,5738,301410,34,314234
15870,0.002616,74.125.200.0-255,2902,304312,34,314234
15871,0.002633,74.125.200.0-255,5388,309700,34,314234
15872,0.002636,74.125.200.0-255,97,309797,34,314234
15873,0.002675,74.125.200.0-255,105,309902,34,314234
15874,0.007949,172.31.33.0-255,66,309968,34,314234
15875,0.010179,172.31.33.0-255,105,310073,34,314234
15876,0.012117,74.125.200.0-255,66,310139,34,314234
15877,0.039115,172.31.33.0-255,172,310311,34,314234
15878,0.039145,172.31.33.0-255,1113,311424,34,314234
15879,0.03918,172.31.33.0-255,1514,312938,34,314234
15880,0.039199,172.31.33.0-255,1296,314234,34,314234
15881,0.0,74.125.24.0-255,153,153,34,203619
15882,2.5e-05,172.31.33.0-255,66,219,34,203619
15883,3.1e-05,74.125.24.0-255,1484,1703,34,203619
15884,3.5e-05,172.31.33.0-255,66,1769,34,203619
15885,4e-05,74.125.24.0-255,2902,4671,34,203619
15886,4.3e-05,172.31.33.0-255,66,4737,34,203619
15887,5e-05,74.125.24.0-255,7156,11893,34,203619
15888,5.3e-05,172.31.33.0-255,66,11959,34,203619
15889,8.8e-05,172.31.33.0-255,66,12025,34,203619
15890,0.000139,74.125.24.0-255,5738,17763,34,203619
15891,0.000143,172.31.33.0-255,66,17829,34,203619
15892,0.000158,74.125.24.0-255,1125,18954,34,203619
15893,0.000161,172.31.33.0-255,66,19020,34,203619
15894,0.000251,74.125.24.0-255,1484,20504,34,203619
15895,0.000254,172.31.33.0-255,66,20570,34,203619
15896,0.000267,74.125.24.0-255,2902,23472,34,203619
15897,0.000271,172.31.33.0-255,66,23538,34,203619
15898,0.000294,74.125.24.0-255,5738,29276,34,203619
15899,0.000298,172.31.33.0-255,66,29342,34,203619
15900,0.00034,172.31.33.0-255,66,29408,34,203619
15901,0.0004,74.125.24.0-255,5738,35146,34,203619
15902,0.000404,172.31.33.0-255,66,35212,34,203619
15903,0.000422,74.125.24.0-255,5692,40904,34,203619
15904,0.000425,172.31.33.0-255,66,40970,34,203619
15905,0.000428,74.125.24.0-255,373,41343,34,203619
15906,0.00043,172.31.33.0-255,66,41409,34,203619
15907,0.000655,74.125.24.0-255,1484,42893,34,203619
15908,0.000659,172.31.33.0-255,66,42959,34,203619
15909,0.000666,74.125.24.0-255,2902,45861,34,203619
15910,0.000668,172.31.33.0-255,66,45927,34,203619
15911,0.000672,74.125.24.0-255,2902,48829,34,203619
15912,0.000674,172.31.33.0-255,66,48895,34,203619
15913,0.000697,74.125.24.0-255,2902,51797,34,203619
15914,0.0007,172.31.33.0-255,66,51863,34,203619
15915,0.000733,74.125.24.0-255,5738,57601,34,203619
15916,0.000738,172.31.33.0-255,66,57667,34,203619
15917,0.000748,74.125.24.0-255,1125,58792,34,203619
15918,0.000846,74.125.24.0-255,1484,60276,34,203619
15919,0.000849,172.31.33.0-255,66,60342,34,203619
15920,0.000854,74.125.24.0-255,2902,63244,34,203619
15921,0.000856,172.31.33.0-255,66,63310,34,203619
15922,0.000874,74.125.24.0-255,1484,64794,34,203619
15923,0.000898,74.125.24.0-255,4320,69114,34,203619
15924,0.000901,172.31.33.0-255,66,69180,34,203619
15925,0.000908,74.125.24.0-255,6797,75977,34,203619
15926,0.000911,172.31.33.0-255,66,76043,34,203619
15927,0.001272,74.125.24.0-255,1484,77527,34,203619
15928,0.001282,74.125.24.0-255,2902,80429,34,203619
15929,0.001286,172.31.33.0-255,66,80495,34,203619
15930,0.001291,74.125.24.0-255,1484,81979,34,203619
15931,0.001309,74.125.24.0-255,4320,86299,34,203619
15932,0.001312,172.31.33.0-255,66,86365,34,203619
15933,0.00132,74.125.24.0-255,7156,93521,34,203619
15934,0.001322,172.31.33.0-255,66,93587,34,203619
15935,0.001346,74.125.24.0-255,5738,99325,34,203619
15936,0.001349,172.31.33.0-255,66,99391,34,203619
15937,0.001355,74.125.24.0-255,5738,105129,34,203619
15938,0.001357,172.31.33.0-255,66,105195,34,203619
15939,0.001376,74.125.24.0-255,5020,110215,34,203619
15940,0.001379,172.31.33.0-255,66,110281,34,203619
15941,0.002217,74.125.24.0-255,1484,111765,34,203619
15942,0.002224,74.125.24.0-255,2902,114667,34,203619
15943,0.002228,172.31.33.0-255,66,114733,34,203619
15944,0.002249,74.125.24.0-255,5738,120471,34,203619
15945,0.002251,172.31.33.0-255,66,120537,34,203619
15946,0.002262,74.125.24.0-255,1484,122021,34,203619
15947,0.002289,74.125.24.0-255,1484,123505,34,203619
15948,0.002291,172.31.33.0-255,66,123571,34,203619
15949,0.002318,74.125.24.0-255,5738,129309,34,203619
15950,0.00232,172.31.33.0-255,66,129375,34,203619
15951,0.002338,74.125.24.0-255,2902,132277,34,203619
15952,0.00234,172.31.33.0-255,66,132343,34,203619
15953,0.002353,172.31.33.0-255,66,132409,34,203619
15954,0.002356,74.125.24.0-255,766,133175,34,203619
15955,0.002742,74.125.24.0-255,1484,134659,34,203619
15956,0.002745,172.31.33.0-255,66,134725,34,203619
15957,0.002748,74.125.24.0-255,1484,136209,34,203619
15958,0.002758,74.125.24.0-255,1484,137693,34,203619
15959,0.002761,172.31.33.0-255,66,137759,34,203619
15960,0.002767,74.125.24.0-255,5738,143497,34,203619
15961,0.00277,172.31.33.0-255,66,143563,34,203619
15962,0.002793,74.125.24.0-255,5738,149301,34,203619
15963,0.002795,172.31.33.0-255,66,149367,34,203619
15964,0.002811,74.125.24.0-255,1484,150851,34,203619
15965,0.002824,74.125.24.0-255,4320,155171,34,203619
15966,0.002826,172.31.33.0-255,66,155237,34,203619
15967,0.002847,172.31.33.0-255,66,155303,34,203619
15968,0.002862,74.125.24.0-255,2902,158205,34,203619
15969,0.002865,172.31.33.0-255,66,158271,34,203619
15970,0.002884,172.31.33.0-255,66,158337,34,203619
15971,0.0029,74.125.24.0-255,7156,165493,34,203619
15972,0.002903,172.31.33.0-255,66,165559,34,203619
15973,0.002944,172.31.33.0-255,66,165625,34,203619
15974,0.002949,74.125.24.0-255,2902,168527,34,203619
15975,0.00295,172.31.33.0-255,66,168593,34,203619
15976,0.002979,172.31.33.0-255,66,168659,34,203619
15977,0.002995,172.31.33.0-255,66,168725,34,203619
15978,0.003006,172.31.33.0-255,66,168791,34,203619
15979,0.003059,74.125.24.0-255,1484,170275,34,203619
15980,0.003064,74.125.24.0-255,2902,173177,34,203619
15981,0.003067,172.31.33.0-255,66,173243,34,203619
15982,0.003074,74.125.24.0-255,5738,178981,34,203619
15983,0.003077,172.31.33.0-255,66,179047,34,203619
15984,0.003109,172.31.33.0-255,66,179113,34,203619
15985,0.003149,172.31.33.0-255,66,179179,34,203619
15986,0.003172,74.125.24.0-255,6438,185617,34,203619
15987,0.003175,172.31.33.0-255,66,185683,34,203619
15988,0.003191,172.31.33.0-255,66,185749,34,203619
15989,0.003203,172.31.33.0-255,66,185815,34,203619
15990,0.003239,74.125.24.0-255,5738,191553,34,203619
15991,0.003243,172.31.33.0-255,66,191619,34,203619
15992,0.003279,172.31.33.0-255,66,191685,34,203619
15993,0.003286,74.125.24.0-255,7156,198841,34,203619
15994,0.003288,172.31.33.0-255,66,198907,34,203619
15995,0.003319,172.31.33.0-255,66,198973,34,203619
15996,0.003332,172.31.33.0-255,66,199039,34,203619
15997,0.003337,74.125.24.0-255,4071,203110,34,203619
15998,0.00334,172.31.33.0-255,66,203176,34,203619
15999,0.003372,74.125.24.0-255,105,203281,34,203619
16000,0.004626,172.31.33.0-255,101,203382,34,203619
16001,0.004976,172.31.33.0-255,105,203487,34,203619
16002,0.006659,74.125.24.0-255,66,203553,34,203619
16003,0.007041,74.125.24.0-255,66,203619,34,203619
16004,0.0,172.31.33.0-255,66,66,34,66
16005,0.0,172.217.160.0-255,146,146,34,202183
16006,3.1e-05,172.31.33.0-255,66,212,34,202183
16007,3.8e-05,172.217.160.0-255,1484,1696,34,202183
16008,4.2e-05,172.31.33.0-255,66,1762,34,202183
16009,4.7e-05,172.217.160.0-255,2902,4664,34,202183
16010,5.6e-05,172.31.33.0-255,66,4730,34,202183
16011,6.4e-05,172.217.160.0-255,7156,11886,34,202183
16012,6.7e-05,172.31.33.0-255,66,11952,34,202183
16013,7.8e-05,172.31.33.0-255,66,12018,34,202183
16014,0.00011,172.217.160.0-255,4863,16881,34,202183
16015,0.000117,172.31.33.0-255,66,16947,34,202183
16016,0.000122,172.217.160.0-255,2543,19490,34,202183
16017,0.000124,172.31.33.0-255,66,19556,34,202183
16018,0.000127,172.217.160.0-255,1484,21040,34,202183
16019,0.000129,172.31.33.0-255,66,21106,34,202183
16020,0.000163,172.217.160.0-255,7156,28262,34,202183
16021,0.000166,172.31.33.0-255,66,28328,34,202183
16022,0.000198,172.31.33.0-255,66,28394,34,202183
16023,0.000458,172.217.160.0-255,1484,29878,34,202183
16024,0.000462,172.31.33.0-255,66,29944,34,202183
16025,0.000468,172.217.160.0-255,2902,32846,34,202183
16026,0.00047,172.31.33.0-255,66,32912,34,202183
16027,0.000473,172.217.160.0-255,1484,34396,34,202183
16028,0.000474,172.31.33.0-255,66,34462,34,202183
16029,0.000509,172.217.160.0-255,2902,37364,34,202183
16030,0.000511,172.31.33.0-255,66,37430,34,202183
16031,0.000521,172.31.33.0-255,66,37496,34,202183
16032,0.000606,172.217.160.0-255,406,37902,34,202183
16033,0.000609,172.31.33.0-255,66,37968,34,202183
16034,0.00093,172.217.160.0-255,1484,39452,34,202183
16035,0.00094,172.217.160.0-255,2902,42354,34,202183
16036,0.000943,172.31.33.0-255,66,42420,34,202183
16037,0.000947,172.217.160.0-255,1484,43904,34,202183
16038,0.000974,172.217.160.0-255,4320,48224,34,202183
16039,0.000977,172.31.33.0-255,66,48290,34,202183
16040,0.000983,172.217.160.0-255,5738,54028,34,202183
16041,0.000985,172.31.33.0-255,66,54094,34,202183
16042,0.001026,172.31.33.0-255,66,54160,34,202183
16043,0.001032,172.217.160.0-255,5738,59898,34,202183
16044,0.001034,172.31.33.0-255,66,59964,34,202183
16045,0.001053,172.217.160.0-255,1484,61448,34,202183
16046,0.001055,172.217.160.0-255,1484,62932,34,202183
16047,0.001057,172.31.33.0-255,66,62998,34,202183
16048,0.00106,172.217.160.0-255,1125,64123,34,202183
16049,0.001326,172.31.33.0-255,66,64189,34,202183
16050,0.002388,172.217.160.0-255,1484,65673,34,202183
16051,0.002397,172.217.160.0-255,2902,68575,34,202183
16052,0.0024,172.31.33.0-255,66,68641,34,202183
16053,0.002405,172.217.160.0-255,2902,71543,34,202183
16054,0.002407,172.31.33.0-255,66,71609,34,202183
16055,0.002431,172.217.160.0-255,2902,74511,34,202183
16056,0.002433,172.31.33.0-255,66,74577,34,202183
16057,0.002444,172.31.33.0-255,66,74643,34,202183
16058,0.002471,172.217.160.0-255,5738,80381,34,202183
16059,0.002473,172.31.33.0-255,66,80447,34,202183
16060,0.002502,172.217.160.0-255,7156,87603,34,202183
16061,0.002504,172.31.33.0-255,66,87669,34,202183
16062,0.002507,172.217.160.0-255,766,88435,34,202183
16063,0.002752,172.31.33.0-255,66,88501,34,202183
16064,0.002792,172.217.160.0-255,1484,89985,34,202183
16065,0.002813,172.217.160.0-255,2902,92887,34,202183
16066,0.002819,172.217.160.0-255,5738,98625,34,202183
16067,0.002823,172.31.33.0-255,66,98691,34,202183
16068,0.00283,172.31.33.0-255,66,98757,34,202183
16069,0.002836,172.217.160.0-255,5738,104495,34,202183
16070,0.002838,172.31.33.0-255,66,104561,34,202183
16071,0.002872,172.217.160.0-255,7156,111717,34,202183
16072,0.002874,172.31.33.0-255,66,111783,34,202183
16073,0.002885,172.31.33.0-255,66,111849,34,202183
16074,0.002946,172.217.160.0-255,1484,113333,34,202183
16075,0.002961,172.217.160.0-255,2902,116235,34,202183
16076,0.002964,172.31.33.0-255,66,116301,34,202183
16077,0.002968,172.217.160.0-255,1484,117785,34,202183
16078,0.002996,172.217.160.0-255,4320,122105,34,202183
16079,0.002999,172.31.33.0-255,66,122171,34,202183
16080,0.003017,172.31.33.0-255,66,122237,34,202183
16081,0.003022,172.217.160.0-255,5738,127975,34,202183
16082,0.003025,172.31.33.0-255,66,128041,34,202183
16083,0.003049,172.217.160.0-255,5020,133061,34,202183
16084,0.003053,172.217.160.0-255,2902,135963,34,202183
16085,0.003061,172.31.33.0-255,66,136029,34,202183
16086,0.003063,172.31.33.0-255,66,136095,34,202183
16087,0.003112,172.31.33.0-255,66,136161,34,202183
16088,0.003122,172.31.33.0-255,66,136227,34,202183
16089,0.003125,172.217.160.0-255,1484,137711,34,202183
16090,0.003193,172.217.160.0-255,2902,140613,34,202183
16091,0.003196,172.31.33.0-255,66,140679,34,202183
16092,0.003202,172.217.160.0-255,5738,146417,34,202183
16093,0.003204,172.31.33.0-255,66,146483,34,202183
16094,0.003224,172.31.33.0-255,66,146549,34,202183
16095,0.003236,172.31.33.0-255,66,146615,34,202183
16096,0.003331,172.217.160.0-255,1484,148099,34,202183
16097,0.003336,172.217.160.0-255,2902,151001,34,202183
16098,0.003339,172.31.33.0-255,66,151067,34,202183
16099,0.003344,172.217.160.0-255,2902,153969,34,202183
16100,0.003346,172.31.33.0-255,66,154035,34,202183
16101,0.003378,172.217.160.0-255,2902,156937,34,202183
16102,0.003381,172.31.33.0-255,66,157003,34,202183
16103,0.003421,172.31.33.0-255,66,157069,34,202183
16104,0.003437,172.31.33.0-255,66,157135,34,202183
16105,0.003444,172.217.160.0-255,4320,161455,34,202183
16106,0.003448,172.31.33.0-255,66,161521,34,202183
16107,0.003458,172.217.160.0-255,5738,167259,34,202183
16108,0.003462,172.31.33.0-255,66,167325,34,202183
16109,0.003475,172.217.160.0-255,5738,173063,34,202183
16110,0.003479,172.31.33.0-255,66,173129,34,202183
16111,0.003526,172.217.160.0-255,5738,178867,34,202183
16112,0.003532,172.31.33.0-255,66,178933,34,202183
16113,0.003556,172.31.33.0-255,66,178999,34,202183
16114,0.003591,172.217.160.0-255,4320,183319,34,202183
16115,0.003629,172.217.160.0-255,5020,188339,34,202183
16116,0.003728,172.217.160.0-255,1484,189823,34,202183
16117,0.003736,172.217.160.0-255,2902,192725,34,202183
16118,0.003742,172.217.160.0-255,2902,195627,34,202183
16119,0.003761,172.217.160.0-255,2902,198529,34,202183
16120,0.003798,172.217.160.0-255,3312,201841,34,202183
16121,0.00382,172.217.160.0-255,105,201946,34,202183
16122,0.004203,172.31.33.0-255,66,202012,34,202183
16123,0.006722,172.31.33.0-255,105,202117,34,202183
16124,0.008337,172.217.160.0-255,66,202183,34,202183
16125,0.0,172.217.194.0-255,150,150,34,246028
16126,1.8e-05,172.31.33.0-255,66,216,34,246028
16127,2.5e-05,172.217.194.0-255,1484,1700,34,246028
16128,2.9e-05,172.31.33.0-255,66,1766,34,246028
16129,3.4e-05,172.217.194.0-255,2902,4668,34,246028
16130,4.2e-05,172.31.33.0-255,66,4734,34,246028
16131,4.9e-05,172.217.194.0-255,7156,11890,34,246028
16132,5.1e-05,172.31.33.0-255,66,11956,34,246028
16133,5.5e-05,172.217.194.0-255,2014,13970,34,246028
16134,5.7e-05,172.31.33.0-255,66,14036,34,246028
16135,8.4e-05,172.217.194.0-255,2902,16938,34,246028
16136,8.7e-05,172.31.33.0-255,66,17004,34,246028
16137,0.000114,172.217.194.0-255,7156,24160,34,246028
16138,0.000117,172.31.33.0-255,66,24226,34,246028
16139,0.000122,172.217.194.0-255,5738,29964,34,246028
16140,0.000124,172.31.33.0-255,66,30030,34,246028
16141,0.000158,172.31.33.0-255,66,30096,34,246028
16142,0.00018,172.217.194.0-255,3602,33698,34,246028
16143,0.000182,172.31.33.0-255,66,33764,34,246028
16144,0.000281,172.217.194.0-255,1484,35248,34,246028
16145,0.000283,172.31.33.0-255,66,35314,34,246028
16146,0.000286,172.217.194.0-255,1484,36798,34,246028
16147,0.000288,172.31.33.0-255,66,36864,34,246028
16148,0.000319,172.217.194.0-255,1484,38348,34,246028
16149,0.000321,172.31.33.0-255,66,38414,34,246028
16150,0.000329,172.217.194.0-255,5738,44152,34,246028
16151,0.000331,172.31.33.0-255,66,44218,34,246028
16152,0.000341,172.217.194.0-255,7071,51289,34,246028
16153,0.000343,172.31.33.0-255,66,51355,34,246028
16154,0.000566,172.217.194.0-255,1484,52839,34,246028
16155,0.000569,172.31.33.0-255,66,52905,34,246028
16156,0.000587,172.217.194.0-255,2902,55807,34,246028
16157,0.000589,172.31.33.0-255,66,55873,34,246028
16158,0.000618,172.217.194.0-255,5738,61611,34,246028
16159,0.00062,172.31.33.0-255,66,61677,34,246028
16160,0.000644,172.217.194.0-255,7156,68833,34,246028
16161,0.000647,172.31.33.0-255,66,68899,34,246028
16162,0.00065,172.217.194.0-255,1484,70383,34,246028
16163,0.000691,172.31.33.0-255,66,70449,34,246028
16164,0.000695,172.217.194.0-255,2184,72633,34,246028
16165,0.000698,172.31.33.0-255,66,72699,34,246028
16166,0.00074,172.217.194.0-255,381,73080,34,246028
16167,0.001028,172.217.194.0-255,1484,74564,34,246028
16168,0.001033,172.31.33.0-255,66,74630,34,246028
16169,0.001039,172.217.194.0-255,2902,77532,34,246028
16170,0.001041,172.31.33.0-255,66,77598,34,246028
16171,0.001068,172.217.194.0-255,5738,83336,34,246028
16172,0.00107,172.31.33.0-255,66,83402,34,246028
16173,0.001101,172.31.33.0-255,66,83468,34,246028
16174,0.001137,172.217.194.0-255,5738,89206,34,246028
16175,0.001143,172.31.33.0-255,66,89272,34,246028
16176,0.001181,172.31.33.0-255,66,89338,34,246028
16177,0.001625,172.217.194.0-255,1484,90822,34,246028
16178,0.001629,172.217.194.0-255,1484,92306,34,246028
16179,0.001632,172.31.33.0-255,66,92372,34,246028
16180,0.001655,172.217.194.0-255,1484,93856,34,246028
16181,0.001662,172.217.194.0-255,5738,99594,34,246028
16182,0.001664,172.31.33.0-255,66,99660,34,246028
16183,0.001689,172.31.33.0-255,66,99726,34,246028
16184,0.001716,172.217.194.0-255,1484,101210,34,246028
16185,0.001727,172.31.33.0-255,66,101276,34,246028
16186,0.001786,172.31.33.0-255,66,101342,34,246028
16187,0.001822,172.31.33.0-255,66,101408,34,246028
16188,0.001832,172.31.33.0-255,66,101474,34,246028
16189,0.001962,172.217.194.0-255,1484,102958,34,246028
16190,0.001968,172.217.194.0-255,2902,105860,34,246028
16191,0.001971,172.31.33.0-255,66,105926,34,246028
16192,0.001974,172.217.194.0-255,1484,107410,34,246028
16193,0.001992,172.217.194.0-255,4320,111730,34,246028
16194,0.001994,172.217.194.0-255,1484,113214,34,246028
16195,0.002011,172.217.194.0-255,4320,117534,34,246028
16196,0.00202,172.31.33.0-255,66,117600,34,246028
16197,0.002052,172.31.33.0-255,66,117666,34,246028
16198,0.002057,172.217.194.0-255,5020,122686,34,246028
16199,0.002078,172.31.33.0-255,66,122752,34,246028
16200,0.002396,172.217.194.0-255,1484,124236,34,246028
16201,0.002402,172.217.194.0-255,1484,125720,34,246028
16202,0.002422,172.217.194.0-255,4320,130040,34,246028
16203,0.002425,172.217.194.0-255,1484,131524,34,246028
16204,0.002427,172.217.194.0-255,1484,133008,34,246028
16205,0.002455,172.217.194.0-255,5738,138746,34,246028
16206,0.002471,172.217.194.0-255,4320,143066,34,246028
16207,0.002474,172.217.194.0-255,1484,144550,34,246028
16208,0.002509,172.217.194.0-255,7156,151706,34,246028
16209,0.002526,172.217.194.0-255,5020,156726,34,246028
16210,0.002819,172.217.194.0-255,1484,158210,34,246028
16211,0.002827,172.217.194.0-255,2902,161112,34,246028
16212,0.002848,172.217.194.0-255,5738,166850,34,246028
16213,0.002869,172.217.194.0-255,5738,172588,34,246028
16214,0.002873,172.217.194.0-255,2902,175490,34,246028
16215,0.002892,172.217.194.0-255,5738,181228,34,246028
16216,0.002894,172.217.194.0-255,1484,182712,34,246028
16217,0.002913,172.217.194.0-255,5738,188450,34,246028
16218,0.002926,172.217.194.0-255,2184,190634,34,246028
16219,0.00293,172.217.194.0-255,2902,193536,34,246028
16220,0.002944,172.217.194.0-255,1484,195020,34,246028
16221,0.002946,172.217.194.0-255,1484,196504,34,246028
16222,0.002961,172.217.194.0-255,1484,197988,34,246028
16223,0.002973,172.217.194.0-255,4320,202308,34,246028
16224,0.002994,172.217.194.0-255,1484,203792,34,246028
16225,0.003007,172.217.194.0-255,1484,205276,34,246028
16226,0.003037,172.217.194.0-255,5738,211014,34,246028
16227,0.003049,172.217.194.0-255,4320,215334,34,246028
16228,0.003051,172.217.194.0-255,1484,216818,34,246028
16229,0.003063,172.217.194.0-255,1484,218302,34,246028
16230,0.003081,172.217.194.0-255,6438,224740,34,246028
16231,0.003526,172.217.194.0-255,1484,226224,34,246028
16232,0.003542,172.217.194.0-255,2902,229126,34,246028
16233,0.003557,172.217.194.0-255,5738,234864,34,246028
16234,0.003567,172.217.194.0-255,1484,236348,34,246028
16235,0.003585,172.217.194.0-255,7156,243504,34,246028
16236,0.003622,172.217.194.0-255,1484,244988,34,246028
16237,0.003717,172.217.194.0-255,515,245503,34,246028
16238,0.003745,172.217.194.0-255,105,245608,34,246028
16239,0.010222,172.31.33.0-255,66,245674,34,246028
16240,0.011978,172.217.194.0-255,105,245779,34,246028
16241,0.01199,172.31.33.0-255,78,245857,34,246028
16242,0.012631,172.31.33.0-255,105,245962,34,246028
16243,0.01487,172.217.194.0-255,66,246028,34,246028
16244,0.0,74.125.200.0-255,153,153,34,321015
16245,1.4e-05,172.31.33.0-255,66,219,34,321015
16246,2.1e-05,74.125.200.0-255,1484,1703,34,321015
16247,2.7e-05,172.31.33.0-255,66,1769,34,321015
16248,3e-05,74.125.200.0-255,1484,3253,34,321015
16249,3.5e-05,172.31.33.0-255,66,3319,34,321015
16250,6e-05,74.125.200.0-255,1484,4803,34,321015
16251,6.3e-05,172.31.33.0-255,66,4869,34,321015
16252,7.1e-05,74.125.200.0-255,5738,10607,34,321015
16253,7.4e-05,172.31.33.0-255,66,10673,34,321015
16254,7.7e-05,74.125.200.0-255,1484,12157,34,321015
16255,7.9e-05,172.31.33.0-255,66,12223,34,321015
16256,0.000104,74.125.200.0-255,3413,15636,34,321015
16257,0.000106,172.31.33.0-255,66,15702,34,321015
16258,0.000109,74.125.200.0-255,1484,17186,34,321015
16259,0.000111,172.31.33.0-255,66,17252,34,321015
16260,0.000131,74.125.200.0-255,4320,21572,34,321015
16261,0.000134,172.31.33.0-255,66,21638,34,321015
16262,0.000139,74.125.200.0-255,4320,25958,34,321015
16263,0.000142,172.31.33.0-255,66,26024,34,321015
16264,0.000159,74.125.200.0-255,1484,27508,34,321015
16265,0.000161,172.31.33.0-255,66,27574,34,321015
16266,0.000179,74.125.200.0-255,3961,31535,34,321015
16267,0.000182,172.31.33.0-255,66,31601,34,321015
16268,0.000268,74.125.200.0-255,1484,33085,34,321015
16269,0.000272,172.31.33.0-255,66,33151,34,321015
16270,0.000276,74.125.200.0-255,1484,34635,34,321015
16271,0.000278,172.31.33.0-255,66,34701,34,321015
16272,0.000281,74.125.200.0-255,1484,36185,34,321015
16273,0.000283,172.31.33.0-255,66,36251,34,321015
16274,0.000305,74.125.200.0-255,1484,37735,34,321015
16275,0.000308,172.31.33.0-255,66,37801,34,321015
16276,0.000329,74.125.200.0-255,5738,43539,34,321015
16277,0.000331,172.31.33.0-255,66,43605,34,321015
16278,0.000366,74.125.200.0-255,6797,50402,34,321015
16279,0.000369,172.31.33.0-255,66,50468,34,321015
16280,0.000375,74.125.200.0-255,4320,54788,34,321015
16281,0.000377,172.31.33.0-255,66,54854,34,321015
16282,0.000388,74.125.200.0-255,1484,56338,34,321015
16283,0.000395,74.125.200.0-255,4320,60658,34,321015
16284,0.000398,172.31.33.0-255,66,60724,34,321015
16285,0.000419,74.125.200.0-255,2902,63626,34,321015
16286,0.000422,172.31.33.0-255,66,63692,34,321015
16287,0.000426,74.125.200.0-255,2853,66545,34,321015
16288,0.000429,172.31.33.0-255,66,66611,34,321015
16289,0.000577,74.125.200.0-255,111,66722,34,321015
16290,0.00062,74.125.200.0-255,1484,68206,34,321015
16291,0.000624,172.31.33.0-255,66,68272,34,321015
16292,0.000646,74.125.200.0-255,2902,71174,34,321015
16293,0.000649,172.31.33.0-255,66,71240,34,321015
16294,0.000669,74.125.200.0-255,5738,76978,34,321015
16295,0.000693,172.31.33.0-255,66,77044,34,321015
16296,0.000704,74.125.200.0-255,4320,81364,34,321015
16297,0.000706,172.31.33.0-255,66,81430,34,321015
16298,0.000747,74.125.200.0-255,3961,85391,34,321015
16299,0.000751,172.31.33.0-255,66,85457,34,321015
16300,0.000757,74.125.200.0-255,4320,89777,34,321015
16301,0.00076,172.31.33.0-255,66,89843,34,321015
16302,0.000792,172.31.33.0-255,66,89909,34,321015
16303,0.000795,74.125.200.0-255,1125,91034,34,321015
16304,0.00136,172.31.33.0-255,66,91100,34,321015
16305,0.001544,74.125.200.0-255,1484,92584,34,321015
16306,0.001551,74.125.200.0-255,1484,94068,34,321015
16307,0.001554,172.31.33.0-255,66,94134,34,321015
16308,0.00157,74.125.200.0-255,1484,95618,34,321015
16309,0.001576,74.125.200.0-255,5738,101356,34,321015
16310,0.001578,172.31.33.0-255,66,101422,34,321015
16311,0.001597,74.125.200.0-255,5738,107160,34,321015
16312,0.0016,172.31.33.0-255,66,107226,34,321015
16313,0.001614,74.125.200.0-255,2902,110128,34,321015
16314,0.001616,172.31.33.0-255,66,110194,34,321015
16315,0.001629,74.125.200.0-255,4320,114514,34,321015
16316,0.001631,172.31.33.0-255,66,114580,34,321015
16317,0.001668,74.125.200.0-255,5738,120318,34,321015
16318,0.001671,172.31.33.0-255,66,120384,34,321015
16319,0.001718,74.125.200.0-255,1484,121868,34,321015
16320,0.001739,74.125.200.0-255,3602,125470,34,321015
16321,0.001742,172.31.33.0-255,66,125536,34,321015
16322,0.001837,74.125.200.0-255,1484,127020,34,321015
16323,0.001842,74.125.200.0-255,1484,128504,34,321015
16324,0.001845,172.31.33.0-255,66,128570,34,321015
16325,0.001862,74.125.200.0-255,1484,130054,34,321015
16326,0.001892,74.125.200.0-255,1484,131538,34,321015
16327,0.001895,172.31.33.0-255,66,131604,34,321015
16328,0.00192,74.125.200.0-255,2902,134506,34,321015
16329,0.001923,172.31.33.0-255,66,134572,34,321015
16330,0.00195,74.125.200.0-255,2902,137474,34,321015
16331,0.001953,172.31.33.0-255,66,137540,34,321015
16332,0.001989,74.125.200.0-255,4320,141860,34,321015
16333,0.001992,172.31.33.0-255,66,141926,34,321015
16334,0.002007,74.125.200.0-255,2902,144828,34,321015
16335,0.002009,172.31.33.0-255,66,144894,34,321015
16336,0.002033,74.125.200.0-255,4320,149214,34,321015
16337,0.002035,172.31.33.0-255,66,149280,34,321015
16338,0.002039,74.125.200.0-255,2902,152182,34,321015
16339,0.002041,172.31.33.0-255,66,152248,34,321015
16340,0.002059,74.125.200.0-255,5738,157986,34,321015
16341,0.002061,172.31.33.0-255,66,158052,34,321015
16342,0.002065,74.125.200.0-255,2184,160236,34,321015
16343,0.002066,172.31.33.0-255,66,160302,34,321015
16344,0.002225,74.125.200.0-255,1484,161786,34,321015
16345,0.002253,74.125.200.0-255,2902,164688,34,321015
16346,0.002257,172.31.33.0-255,66,164754,34,321015
16347,0.00226,74.125.200.0-255,1484,166238,34,321015
16348,0.002275,74.125.200.0-255,2902,169140,34,321015
16349,0.002277,172.31.33.0-255,66,169206,34,321015
16350,0.002298,74.125.200.0-255,5738,174944,34,321015
16351,0.0023,172.31.33.0-255,66,175010,34,321015
16352,0.002304,74.125.200.0-255,2902,177912,34,321015
16353,0.002306,172.31.33.0-255,66,177978,34,321015
16354,0.00232,74.125.200.0-255,2902,180880,34,321015
16355,0.002322,172.31.33.0-255,66,180946,34,321015
16356,0.002327,74.125.200.0-255,5738,186684,34,321015
16357,0.002329,172.31.33.0-255,66,186750,34,321015
16358,0.002344,74.125.200.0-255,1484,188234,34,321015
16359,0.00236,74.125.200.0-255,2902,191136,34,321015
16360,0.002362,172.31.33.0-255,66,191202,34,321015
16361,0.002383,74.125.200.0-255,3602,194804,34,321015
16362,0.002384,172.31.33.0-255,66,194870,34,321015
16363,0.002569,74.125.200.0-255,1484,196354,34,321015
16364,0.002589,74.125.200.0-255,2902,199256,34,321015
16365,0.002591,172.31.33.0-255,66,199322,34,321015
16366,0.002607,74.125.200.0-255,1484,200806,34,321015
16367,0.00261,74.125.200.0-255,1484,202290,34,321015
16368,0.002611,172.31.33.0-255,66,202356,34,321015
16369,0.002614,74.125.200.0-255,1484,203840,34,321015
16370,0.002628,74.125.200.0-255,2902,206742,34,321015
16371,0.00263,172.31.33.0-255,66,206808,34,321015
16372,0.00265,74.125.200.0-255,4320,211128,34,321015
16373,0.002652,172.31.33.0-255,66,211194,34,321015
16374,0.002655,74.125.200.0-255,1484,212678,34,321015
16375,0.002657,74.125.200.0-255,1484,214162,34,321015
16376,0.002659,172.31.33.0-255,66,214228,34,321015
16377,0.002662,74.125.200.0-255,1484,215712,34,321015
16378,0.002682,74.125.200.0-255,4320,220032,34,321015
16379,0.002684,172.31.33.0-255,66,220098,34,321015
16380,0.002686,74.125.200.0-255,1484,221582,34,321015
16381,0.002713,74.125.200.0-255,5738,227320,34,321015
16382,0.002715,172.31.33.0-255,66,227386,34,321015
16383,0.002731,74.125.200.0-255,1484,228870,34,321015
16384,0.002733,74.125.200.0-255,766,229636,34,321015
16385,0.002735,172.31.33.0-255,66,229702,34,321015
16386,0.00302,74.125.200.0-255,1484,231186,34,321015
16387,0.003038,74.125.200.0-255,2902,234088,34,321015
16388,0.00304,172.31.33.0-255,66,234154,34,321015
16389,0.003052,74.125.200.0-255,2902,237056,34,321015
16390,0.003054,172.31.33.0-255,66,237122,34,321015
16391,0.003075,74.125.200.0-255,2902,240024,34,321015
16392,0.003078,172.31.33.0-255,66,240090,34,321015
16393,0.003082,74.125.200.0-255,2902,242992,34,321015
16394,0.003084,172.31.33.0-255,66,243058,34,321015
16395,0.003089,74.125.200.0-255,5738,248796,34,321015
16396,0.003092,172.31.33.0-255,66,248862,34,321015
16397,0.003113,74.125.200.0-255,4320,253182,34,321015
16398,0.003116,172.31.33.0-255,66,253248,34,321015
16399,0.003155,172.31.33.0-255,66,253314,34,321015
16400,0.003175,74.125.200.0-255,2184,255498,34,321015
16401,0.003177,172.31.33.0-255,66,255564,34,321015
16402,0.003188,172.31.33.0-255,66,255630,34,321015
16403,0.003191,74.125.200.0-255,2902,258532,34,321015
16404,0.003193,172.31.33.0-255,66,258598,34,321015
16405,0.003199,74.125.200.0-255,5738,264336,34,321015
16406,0.003201,172.31.33.0-255,66,264402,34,321015
16407,0.003227,74.125.200.0-255,5738,270140,34,321015
16408,0.003229,172.31.33.0-255,66,270206,34,321015
16409,0.003251,172.31.33.0-255,66,270272,34,321015
16410,0.003269,74.125.200.0-255,1484,271756,34,321015
16411,0.003272,74.125.200.0-255,1484,273240,34,321015
16412,0.003274,172.31.33.0-255,66,273306,34,321015
16413,0.003293,74.125.200.0-255,4320,277626,34,321015
16414,0.003295,172.31.33.0-255,66,277692,34,321015
16415,0.003323,74.125.200.0-255,5738,283430,34,321015
16416,0.003325,172.31.33.0-255,66,283496,34,321015
16417,0.003343,74.125.200.0-255,4320,287816,34,321015
16418,0.003345,172.31.33.0-255,66,287882,34,321015
16419,0.003358,74.125.200.0-255,2902,290784,34,321015
16420,0.00336,172.31.33.0-255,66,290850,34,321015
16421,0.003362,74.125.200.0-255,1484,292334,34,321015
16422,0.003394,172.31.33.0-255,66,292400,34,321015
16423,0.003434,172.31.33.0-255,66,292466,34,321015
16424,0.003469,172.31.33.0-255,66,292532,34,321015
16425,0.003486,74.125.200.0-255,1484,294016,34,321015
16426,0.003491,74.125.200.0-255,5738,299754,34,321015
16427,0.003493,172.31.33.0-255,66,299820,34,321015
16428,0.003516,74.125.200.0-255,4320,304140,34,321015
16429,0.003519,172.31.33.0-255,66,304206,34,321015
16430,0.003533,74.125.200.0-255,2184,306390,34,321015
16431,0.003535,172.31.33.0-255,66,306456,34,321015
16432,0.003539,74.125.200.0-255,2902,309358,34,321015
16433,0.003542,172.31.33.0-255,66,309424,34,321015
16434,0.003563,74.125.200.0-255,4320,313744,34,321015
16435,0.003565,172.31.33.0-255,66,313810,34,321015
16436,0.003568,74.125.200.0-255,1484,315294,34,321015
16437,0.003591,172.31.33.0-255,66,315360,34,321015
16438,0.003609,74.125.200.0-255,2902,318262,34,321015
16439,0.00361,172.31.33.0-255,66,318328,34,321015
16440,0.003629,74.125.200.0-255,2279,320607,34,321015
16441,0.003632,172.31.33.0-255,66,320673,34,321015
16442,0.003643,74.125.200.0-255,105,320778,34,321015
16443,0.012277,172.31.33.0-255,66,320844,34,321015
16444,0.012322,172.31.33.0-255,105,320949,34,321015
16445,0.014843,74.125.200.0-255,66,321015,34,321015
16446,0.0,172.217.194.0-255,143,143,34,158498
16447,2.4e-05,172.31.33.0-255,66,209,34,158498
16448,3.2e-05,172.217.194.0-255,1484,1693,34,158498
16449,3.7e-05,172.31.33.0-255,66,1759,34,158498
16450,4.3e-05,172.217.194.0-255,2902,4661,34,158498
16451,5.3e-05,172.31.33.0-255,66,4727,34,158498
16452,6.1e-05,172.217.194.0-255,7156,11883,34,158498
16453,6.5e-05,172.31.33.0-255,66,11949,34,158498
16454,6.8e-05,172.217.194.0-255,1484,13433,34,158498
16455,7.1e-05,172.31.33.0-255,66,13499,34,158498
16456,0.000103,172.217.194.0-255,4320,17819,34,158498
16457,0.000106,172.31.33.0-255,66,17885,34,158498
16458,0.000144,172.31.33.0-255,66,17951,34,158498
16459,0.000149,172.217.194.0-255,2543,20494,34,158498
16460,0.000151,172.31.33.0-255,66,20560,34,158498
16461,0.000205,172.217.194.0-255,1484,22044,34,158498
16462,0.000208,172.31.33.0-255,66,22110,34,158498
16463,0.000213,172.217.194.0-255,2902,25012,34,158498
16464,0.000215,172.31.33.0-255,66,25078,34,158498
16465,0.000242,172.217.194.0-255,5738,30816,34,158498
16466,0.000245,172.31.33.0-255,66,30882,34,158498
16467,0.000249,172.217.194.0-255,1484,32366,34,158498
16468,0.000251,172.31.33.0-255,66,32432,34,158498
16469,0.000288,172.217.194.0-255,5379,37811,34,158498
16470,0.000291,172.31.33.0-255,66,37877,34,158498
16471,0.000299,172.217.194.0-255,7156,45033,34,158498
16472,0.000301,172.31.33.0-255,66,45099,34,158498
16473,0.000341,172.31.33.0-255,66,45165,34,158498
16474,0.000344,172.217.194.0-255,98,45263,34,158498
16475,0.000346,172.31.33.0-255,66,45329,34,158498
16476,0.00035,172.217.194.0-255,1484,46813,34,158498
16477,0.000361,172.217.194.0-255,2902,49715,34,158498
16478,0.000364,172.31.33.0-255,66,49781,34,158498
16479,0.000373,172.217.194.0-255,7156,56937,34,158498
16480,0.000379,172.31.33.0-255,66,57003,34,158498
16481,0.000407,172.217.194.0-255,5092,62095,34,158498
16482,0.00041,172.31.33.0-255,66,62161,34,158498
16483,0.000478,172.217.194.0-255,1484,63645,34,158498
16484,0.000492,172.217.194.0-255,2902,66547,34,158498
16485,0.000495,172.31.33.0-255,66,66613,34,158498
16486,0.00053,172.217.194.0-255,5738,72351,34,158498
16487,0.000533,172.31.33.0-255,66,72417,34,158498
16488,0.000548,172.31.33.0-255,66,72483,34,158498
16489,0.000565,172.31.33.0-255,66,72549,34,158498
16490,0.000652,172.217.194.0-255,1484,74033,34,158498
16491,0.000667,172.217.194.0-255,2902,76935,34,158498
16492,0.000671,172.31.33.0-255,66,77001,34,158498
16493,0.000675,172.217.194.0-255,1484,78485,34,158498
16494,0.000705,172.217.194.0-255,4320,82805,34,158498
16495,0.000708,172.31.33.0-255,66,82871,34,158498
16496,0.000726,172.31.33.0-255,66,82937,34,158498
16497,0.000751,172.217.194.0-255,2902,85839,34,158498
16498,0.000754,172.31.33.0-255,66,85905,34,158498
16499,0.000779,172.31.33.0-255,66,85971,34,158498
16500,0.000808,172.217.194.0-255,7156,93127,34,158498
16501,0.000811,172.31.33.0-255,66,93193,34,158498
16502,0.000816,172.217.194.0-255,2902,96095,34,158498
16503,0.000818,172.31.33.0-255,66,96161,34,158498
16504,0.00085,172.217.194.0-255,5738,101899,34,158498
16505,0.000853,172.31.33.0-255,66,101965,34,158498
16506,0.000874,172.31.33.0-255,66,102031,34,158498
16507,0.000876,172.217.194.0-255,766,102797,34,158498
16508,0.000919,172.217.194.0-255,5738,108535,34,158498
16509,0.000922,172.31.33.0-255,66,108601,34,158498
16510,0.000951,172.31.33.0-255,66,108667,34,158498
16511,0.001024,172.31.33.0-255,66,108733,34,158498
16512,0.001346,172.217.194.0-255,1484,110217,34,158498
16513,0.001352,172.217.194.0-255,2902,113119,34,158498
16514,0.001356,172.31.33.0-255,66,113185,34,158498
16515,0.001362,172.217.194.0-255,4320,117505,34,158498
16516,0.001364,172.31.33.0-255,66,117571,34,158498
16517,0.001387,172.217.194.0-255,1484,119055,34,158498
16518,0.001403,172.31.33.0-255,66,119121,34,158498
16519,0.00143,172.217.194.0-255,5738,124859,34,158498
16520,0.001433,172.31.33.0-255,66,124925,34,158498
16521,0.00147,172.31.33.0-255,66,124991,34,158498
16522,0.001508,172.217.194.0-255,1484,126475,34,158498
16523,0.001535,172.217.194.0-255,2902,129377,34,158498
16524,0.001538,172.31.33.0-255,66,129443,34,158498
16525,0.001543,172.217.194.0-255,2902,132345,34,158498
16526,0.001546,172.31.33.0-255,66,132411,34,158498
16527,0.001563,172.217.194.0-255,2902,135313,34,158498
16528,0.00157,172.31.33.0-255,66,135379,34,158498
16529,0.001577,172.217.194.0-255,5738,141117,34,158498
16530,0.001579,172.31.33.0-255,66,141183,34,158498
16531,0.001613,172.217.194.0-255,1484,142667,34,158498
16532,0.001625,172.31.33.0-255,66,142733,34,158498
16533,0.001631,172.217.194.0-255,5738,148471,34,158498
16534,0.001633,172.31.33.0-255,66,148537,34,158498
16535,0.001666,172.217.194.0-255,5020,153557,34,158498
16536,0.001669,172.31.33.0-255,66,153623,34,158498
16537,0.001686,172.31.33.0-255,66,153689,34,158498
16538,0.001701,172.31.33.0-255,66,153755,34,158498
16539,0.001736,172.217.194.0-255,2902,156657,34,158498
16540,0.001739,172.31.33.0-255,66,156723,34,158498
16541,0.001761,172.31.33.0-255,66,156789,34,158498
16542,0.001775,172.31.33.0-255,66,156855,34,158498
16543,0.001839,172.31.33.0-255,66,156921,34,158498
16544,0.001842,172.31.33.0-255,66,156987,34,158498
16545,0.001892,172.217.194.0-255,1037,158024,34,158498
16546,0.001931,172.31.33.0-255,66,158090,34,158498
16547,0.001938,172.31.33.0-255,66,158156,34,158498
16548,0.001947,172.217.194.0-255,105,158261,34,158498
16549,0.004674,172.31.33.0-255,66,158327,34,158498
16550,0.004711,172.31.33.0-255,105,158432,34,158498
16551,0.007315,172.217.194.0-255,66,158498,34,158498
16552,0.0,74.125.68.0-255,153,153,34,375353
16553,3.4e-05,172.31.33.0-255,66,219,34,375353
16554,4.2e-05,74.125.68.0-255,1484,1703,34,375353
16555,4.7e-05,172.31.33.0-255,66,1769,34,375353
16556,5.1e-05,74.125.68.0-255,2902,4671,34,375353
16557,5.3e-05,172.31.33.0-255,66,4737,34,375353
16558,5.6e-05,74.125.68.0-255,1484,6221,34,375353
16559,5.8e-05,172.31.33.0-255,66,6287,34,375353
16560,6.4e-05,74.125.68.0-255,2902,9189,34,375353
16561,6.6e-05,172.31.33.0-255,66,9255,34,375353
16562,0.000113,74.125.68.0-255,2902,12157,34,375353
16563,0.000117,172.31.33.0-255,66,12223,34,375353
16564,0.000136,74.125.68.0-255,2084,14307,34,375353
16565,0.00014,172.31.33.0-255,66,14373,34,375353
16566,0.000278,74.125.68.0-255,1484,15857,34,375353
16567,0.000282,172.31.33.0-255,66,15923,34,375353
16568,0.000287,74.125.68.0-255,2902,18825,34,375353
16569,0.00029,172.31.33.0-255,66,18891,34,375353
16570,0.000293,74.125.68.0-255,1484,20375,34,375353
16571,0.000295,172.31.33.0-255,66,20441,34,375353
16572,0.000311,74.125.68.0-255,2902,23343,34,375353
16573,0.000314,172.31.33.0-255,66,23409,34,375353
16574,0.000334,74.125.68.0-255,2902,26311,34,375353
16575,0.000336,172.31.33.0-255,66,26377,34,375353
16576,0.000356,74.125.68.0-255,2902,29279,34,375353
16577,0.000359,172.31.33.0-255,66,29345,34,375353
16578,0.000363,74.125.68.0-255,1484,30829,34,375353
16579,0.000365,172.31.33.0-255,66,30895,34,375353
16580,0.000388,74.125.68.0-255,1125,32020,34,375353
16581,0.000391,172.31.33.0-255,66,32086,34,375353
16582,0.000593,74.125.68.0-255,1484,33570,34,375353
16583,0.000597,172.31.33.0-255,66,33636,34,375353
16584,0.000617,74.125.68.0-255,2902,36538,34,375353
16585,0.00064,74.125.68.0-255,5738,42276,34,375353
16586,0.000652,74.125.68.0-255,1484,43760,34,375353
16587,0.000663,74.125.68.0-255,2902,46662,34,375353
16588,0.00067,172.31.33.0-255,66,46728,34,375353
16589,0.000702,74.125.68.0-255,2902,49630,34,375353
16590,0.000712,172.31.33.0-255,66,49696,34,375353
16591,0.000713,74.125.68.0-255,1125,50821,34,375353
16592,0.000754,74.125.68.0-255,4320,55141,34,375353
16593,0.000762,172.31.33.0-255,66,55207,34,375353
16594,0.000788,74.125.68.0-255,2902,58109,34,375353
16595,0.000793,172.31.33.0-255,66,58175,34,375353
16596,0.000809,74.125.68.0-255,2902,61077,34,375353
16597,0.000813,74.125.68.0-255,2902,63979,34,375353
16598,0.000814,172.31.33.0-255,66,64045,34,375353
16599,0.000819,172.31.33.0-255,66,64111,34,375353
16600,0.000865,74.125.68.0-255,2817,66928,34,375353
16601,0.00087,172.31.33.0-255,66,66994,34,375353
16602,0.0011,74.125.68.0-255,133,67127,34,375353
16603,0.001149,172.31.33.0-255,66,67193,34,375353
16604,0.001271,74.125.68.0-255,1484,68677,34,375353
16605,0.001293,74.125.68.0-255,2902,71579,34,375353
16606,0.001313,74.125.68.0-255,4320,75899,34,375353
16607,0.001314,172.31.33.0-255,66,75965,34,375353
16608,0.00132,172.31.33.0-255,66,76031,34,375353
16609,0.001341,74.125.68.0-255,2902,78933,34,375353
16610,0.001347,172.31.33.0-255,66,78999,34,375353
16611,0.001356,74.125.68.0-255,2902,81901,34,375353
16612,0.00136,74.125.68.0-255,2543,84444,34,375353
16613,0.001364,172.31.33.0-255,66,84510,34,375353
16614,0.001378,74.125.68.0-255,2902,87412,34,375353
16615,0.001388,172.31.33.0-255,66,87478,34,375353
16616,0.001418,74.125.68.0-255,4320,91798,34,375353
16617,0.001425,172.31.33.0-255,66,91864,34,375353
16618,0.001437,74.125.68.0-255,1484,93348,34,375353
16619,0.001445,74.125.68.0-255,7156,100504,34,375353
16620,0.001456,172.31.33.0-255,66,100570,34,375353
16621,0.001461,74.125.68.0-255,1382,101952,34,375353
16622,0.001617,172.31.33.0-255,66,102018,34,375353
16623,0.001851,74.125.68.0-255,1484,103502,34,375353
16624,0.001875,74.125.68.0-255,2902,106404,34,375353
16625,0.001897,74.125.68.0-255,4320,110724,34,375353
16626,0.001903,172.31.33.0-255,66,110790,34,375353
16627,0.001909,74.125.68.0-255,2902,113692,34,375353
16628,0.00191,172.31.33.0-255,66,113758,34,375353
16629,0.001927,74.125.68.0-255,4320,118078,34,375353
16630,0.00194,172.31.33.0-255,66,118144,34,375353
16631,0.00197,74.125.68.0-255,1484,119628,34,375353
16632,0.001983,74.125.68.0-255,2902,122530,34,375353
16633,0.00199,172.31.33.0-255,66,122596,34,375353
16634,0.001997,74.125.68.0-255,1484,124080,34,375353
16635,0.002016,74.125.68.0-255,4320,128400,34,375353
16636,0.002019,74.125.68.0-255,1484,129884,34,375353
16637,0.00202,172.31.33.0-255,66,129950,34,375353
16638,0.002034,74.125.68.0-255,2902,132852,34,375353
16639,0.002048,172.31.33.0-255,66,132918,34,375353
16640,0.002066,74.125.68.0-255,2902,135820,34,375353
16641,0.00207,172.31.33.0-255,66,135886,34,375353
16642,0.002098,74.125.68.0-255,766,136652,34,375353
16643,0.002213,172.31.33.0-255,66,136718,34,375353
16644,0.002232,74.125.68.0-255,1484,138202,34,375353
16645,0.002267,74.125.68.0-255,1484,139686,34,375353
16646,0.00227,172.31.33.0-255,66,139752,34,375353
16647,0.002291,74.125.68.0-255,2902,142654,34,375353
16648,0.002299,172.31.33.0-255,66,142720,34,375353
16649,0.002311,74.125.68.0-255,1484,144204,34,375353
16650,0.00233,74.125.68.0-255,2902,147106,34,375353
16651,0.002333,172.31.33.0-255,66,147172,34,375353
16652,0.002336,74.125.68.0-255,1484,148656,34,375353
16653,0.00235,74.125.68.0-255,2902,151558,34,375353
16654,0.002355,172.31.33.0-255,66,151624,34,375353
16655,0.002381,74.125.68.0-255,5738,157362,34,375353
16656,0.002384,172.31.33.0-255,66,157428,34,375353
16657,0.002391,74.125.68.0-255,7156,164584,34,375353
16658,0.002402,172.31.33.0-255,66,164650,34,375353
16659,0.002423,74.125.68.0-255,4320,168970,34,375353
16660,0.002426,74.125.68.0-255,1484,170454,34,375353
16661,0.002435,172.31.33.0-255,66,170520,34,375353
16662,0.00246,74.125.68.0-255,766,171286,34,375353
16663,0.002543,172.31.33.0-255,66,171352,34,375353
16664,0.002998,74.125.68.0-255,1484,172836,34,375353
16665,0.003006,74.125.68.0-255,1484,174320,34,375353
16666,0.00302,74.125.68.0-255,1484,175804,34,375353
16667,0.003023,74.125.68.0-255,1484,177288,34,375353
16668,0.00304,172.31.33.0-255,66,177354,34,375353
16669,0.003041,74.125.68.0-255,2902,180256,34,375353
16670,0.003044,74.125.68.0-255,2902,183158,34,375353
16671,0.003046,172.31.33.0-255,66,183224,34,375353
16672,0.003076,74.125.68.0-255,1484,184708,34,375353
16673,0.003085,172.31.33.0-255,66,184774,34,375353
16674,0.003092,74.125.68.0-255,4320,189094,34,375353
16675,0.003095,74.125.68.0-255,1484,190578,34,375353
16676,0.003116,172.31.33.0-255,66,190644,34,375353
16677,0.003118,74.125.68.0-255,2902,193546,34,375353
16678,0.003122,74.125.68.0-255,1484,195030,34,375353
16679,0.003131,172.31.33.0-255,66,195096,34,375353
16680,0.003134,74.125.68.0-255,1484,196580,34,375353
16681,0.00316,74.125.68.0-255,7156,203736,34,375353
16682,0.003166,172.31.33.0-255,66,203802,34,375353
16683,0.003185,74.125.68.0-255,2184,205986,34,375353
16684,0.003192,172.31.33.0-255,66,206052,34,375353
16685,0.003651,74.125.68.0-255,1484,207536,34,375353
16686,0.003674,74.125.68.0-255,2902,210438,34,375353
16687,0.00368,172.31.33.0-255,66,210504,34,375353
16688,0.003684,74.125.68.0-255,1484,211988,34,375353
16689,0.0037,74.125.68.0-255,1484,213472,34,375353
16690,0.003704,74.125.68.0-255,2902,216374,34,375353
16691,0.003704,172.31.33.0-255,66,216440,34,375353
16692,0.003722,74.125.68.0-255,2902,219342,34,375353
16693,0.003733,172.31.33.0-255,66,219408,34,375353
16694,0.003737,74.125.68.0-255,2902,222310,34,375353
16695,0.003741,74.125.68.0-255,1484,223794,34,375353
16696,0.003744,74.125.68.0-255,1484,225278,34,375353
16697,0.003748,74.125.68.0-255,4320,229598,34,375353
16698,0.003763,172.31.33.0-255,66,229664,34,375353
16699,0.003781,74.125.68.0-255,4320,233984,34,375353
16700,0.003788,172.31.33.0-255,66,234050,34,375353
16701,0.003808,74.125.68.0-255,2902,236952,34,375353
16702,0.003813,74.125.68.0-255,3602,240554,34,375353
16703,0.003816,172.31.33.0-255,66,240620,34,375353
16704,0.003966,74.125.68.0-255,1484,242104,34,375353
16705,0.003986,74.125.68.0-255,2902,245006,34,375353
16706,0.00399,172.31.33.0-255,66,245072,34,375353
16707,0.003994,74.125.68.0-255,1484,246556,34,375353
16708,0.004018,74.125.68.0-255,2902,249458,34,375353
16709,0.004025,74.125.68.0-255,5738,255196,34,375353
16710,0.004029,172.31.33.0-255,66,255262,34,375353
16711,0.004088,74.125.68.0-255,7156,262418,34,375353
16712,0.004093,172.31.33.0-255,66,262484,34,375353
16713,0.004134,74.125.68.0-255,4320,266804,34,375353
16714,0.004142,172.31.33.0-255,66,266870,34,375353
16715,0.004145,74.125.68.0-255,1484,268354,34,375353
16716,0.004148,172.31.33.0-255,66,268420,34,375353
16717,0.004163,74.125.68.0-255,1484,269904,34,375353
16718,0.004168,74.125.68.0-255,4320,274224,34,375353
16719,0.004173,172.31.33.0-255,66,274290,34,375353
16720,0.004195,74.125.68.0-255,1484,275774,34,375353
16721,0.004213,74.125.68.0-255,1484,277258,34,375353
16722,0.004224,172.31.33.0-255,66,277324,34,375353
16723,0.004283,74.125.68.0-255,4320,281644,34,375353
16724,0.004288,172.31.33.0-255,66,281710,34,375353
16725,0.004295,74.125.68.0-255,5738,287448,34,375353
16726,0.004299,74.125.68.0-255,2902,290350,34,375353
16727,0.004303,172.31.33.0-255,66,290416,34,375353
16728,0.004325,74.125.68.0-255,1484,291900,34,375353
16729,0.004329,74.125.68.0-255,1484,293384,34,375353
16730,0.004333,74.125.68.0-255,2902,296286,34,375353
16731,0.004337,74.125.68.0-255,1484,297770,34,375353
16732,0.004343,172.31.33.0-255,66,297836,34,375353
16733,0.004361,74.125.68.0-255,3602,301438,34,375353
16734,0.004369,172.31.33.0-255,66,301504,34,375353
16735,0.004517,74.125.68.0-255,1484,302988,34,375353
16736,0.004552,74.125.68.0-255,2902,305890,34,375353
16737,0.004556,172.31.33.0-255,66,305956,34,375353
16738,0.004607,74.125.68.0-255,2902,308858,34,375353
16739,0.004612,172.31.33.0-255,66,308924,34,375353
16740,0.004635,74.125.68.0-255,1484,310408,34,375353
16741,0.004641,74.125.68.0-255,4320,314728,34,375353
16742,0.004646,74.125.68.0-255,4320,319048,34,375353
16743,0.004647,172.31.33.0-255,66,319114,34,375353
16744,0.004648,74.125.68.0-255,1484,320598,34,375353
16745,0.004654,74.125.68.0-255,7156,327754,34,375353
16746,0.004657,74.125.68.0-255,1484,329238,34,375353
16747,0.004663,74.125.68.0-255,6438,335676,34,375353
16748,0.004664,172.31.33.0-255,66,335742,34,375353
16749,0.004668,172.31.33.0-255,66,335808,34,375353
16750,0.005087,74.125.68.0-255,1484,337292,34,375353
16751,0.005104,74.125.68.0-255,2902,340194,34,375353
16752,0.005109,172.31.33.0-255,66,340260,34,375353
16753,0.005115,74.125.68.0-255,2902,343162,34,375353
16754,0.005136,74.125.68.0-255,1484,344646,34,375353
16755,0.005154,74.125.68.0-255,1484,346130,34,375353
16756,0.00518,74.125.68.0-255,7156,353286,34,375353
16757,0.005219,74.125.68.0-255,4320,357606,34,375353
16758,0.005269,74.125.68.0-255,3602,361208,34,375353
16759,0.005276,74.125.68.0-255,4320,365528,34,375353
16760,0.005335,74.125.68.0-255,7156,372684,34,375353
16761,0.005341,74.125.68.0-255,1484,374168,34,375353
16762,0.005378,74.125.68.0-255,843,375011,34,375353
16763,0.005465,74.125.68.0-255,105,375116,34,375353
16764,0.012202,172.31.33.0-255,66,375182,34,375353
16765,0.012926,172.31.33.0-255,105,375287,34,375353
16766,0.015177,74.125.68.0-255,66,375353,34,375353
16767,0.0,172.217.194.0-255,151,151,34,142614
16768,2.9e-05,172.31.33.0-255,66,217,34,142614
16769,3.5e-05,172.217.194.0-255,1484,1701,34,142614
16770,3.9e-05,172.31.33.0-255,66,1767,34,142614
16771,4.3e-05,172.217.194.0-255,2902,4669,34,142614
16772,4.5e-05,172.31.33.0-255,66,4735,34,142614
16773,5e-05,172.217.194.0-255,5738,10473,34,142614
16774,5.1e-05,172.31.33.0-255,66,10539,34,142614
16775,7.4e-05,172.217.194.0-255,1484,12023,34,142614
16776,7.6e-05,172.31.33.0-255,66,12089,34,142614
16777,7.9e-05,172.217.194.0-255,1484,13573,34,142614
16778,8.1e-05,172.31.33.0-255,66,13639,34,142614
16779,0.000114,172.31.33.0-255,66,13705,34,142614
16780,0.000118,172.217.194.0-255,2543,16248,34,142614
16781,0.000121,172.31.33.0-255,66,16314,34,142614
16782,0.000154,172.217.194.0-255,1484,17798,34,142614
16783,0.000158,172.31.33.0-255,66,17864,34,142614
16784,0.000163,172.217.194.0-255,2902,20766,34,142614
16785,0.000165,172.31.33.0-255,66,20832,34,142614
16786,0.000168,172.217.194.0-255,1484,22316,34,142614
16787,0.000169,172.31.33.0-255,66,22382,34,142614
16788,0.000186,172.217.194.0-255,4320,26702,34,142614
16789,0.00019,172.31.33.0-255,66,26768,34,142614
16790,0.000228,172.31.33.0-255,66,26834,34,142614
16791,0.000285,172.31.33.0-255,66,26900,34,142614
16792,0.000287,172.217.194.0-255,379,27279,34,142614
16793,0.000289,172.31.33.0-255,66,27345,34,142614
16794,0.000456,172.217.194.0-255,1484,28829,34,142614
16795,0.00046,172.31.33.0-255,66,28895,34,142614
16796,0.000465,172.217.194.0-255,2902,31797,34,142614
16797,0.000469,172.217.194.0-255,1484,33281,34,142614
16798,0.000479,172.31.33.0-255,66,33347,34,142614
16799,0.000483,172.217.194.0-255,4320,37667,34,142614
16800,0.000497,172.31.33.0-255,66,37733,34,142614
16801,0.000516,172.31.33.0-255,66,37799,34,142614
16802,0.000547,172.217.194.0-255,766,38565,34,142614
16803,0.000557,172.31.33.0-255,66,38631,34,142614
16804,0.00066,172.217.194.0-255,1484,40115,34,142614
16805,0.000663,172.217.194.0-255,1484,41599,34,142614
16806,0.000667,172.31.33.0-255,66,41665,34,142614
16807,0.000687,172.217.194.0-255,1484,43149,34,142614
16808,0.000693,172.217.194.0-255,5738,48887,34,142614
16809,0.000696,172.217.194.0-255,1484,50371,34,142614
16810,0.000705,172.31.33.0-255,66,50437,34,142614
16811,0.000733,172.31.33.0-255,66,50503,34,142614
16812,0.000734,172.217.194.0-255,2902,53405,34,142614
16813,0.00074,172.31.33.0-255,66,53471,34,142614
16814,0.000784,172.31.33.0-255,66,53537,34,142614
16815,0.0008,172.31.33.0-255,66,53603,34,142614
16816,0.000825,172.217.194.0-255,2902,56505,34,142614
16817,0.000838,172.31.33.0-255,66,56571,34,142614
16818,0.000863,172.31.33.0-255,66,56637,34,142614
16819,0.000864,172.217.194.0-255,7156,63793,34,142614
16820,0.000885,172.31.33.0-255,66,63859,34,142614
16821,0.000891,172.217.194.0-255,5738,69597,34,142614
16822,0.0009,172.31.33.0-255,66,69663,34,142614
16823,0.000905,172.31.33.0-255,66,69729,34,142614
16824,0.000925,172.217.194.0-255,2902,72631,34,142614
16825,0.000929,172.31.33.0-255,66,72697,34,142614
16826,0.000952,172.31.33.0-255,66,72763,34,142614
16827,0.000962,172.217.194.0-255,4320,77083,34,142614
16828,0.000966,172.31.33.0-255,66,77149,34,142614
16829,0.000981,172.217.194.0-255,7156,84305,34,142614
16830,0.000986,172.217.194.0-255,4320,88625,34,142614
16831,0.000995,172.31.33.0-255,66,88691,34,142614
16832,0.001011,172.31.33.0-255,66,88757,34,142614
16833,0.00107,172.217.194.0-255,5738,94495,34,142614
16834,0.001075,172.31.33.0-255,66,94561,34,142614
16835,0.001087,172.217.194.0-255,2184,96745,34,142614
16836,0.001101,172.31.33.0-255,66,96811,34,142614
16837,0.001114,172.31.33.0-255,66,96877,34,142614
16838,0.001161,172.31.33.0-255,66,96943,34,142614
16839,0.001196,172.31.33.0-255,66,97009,34,142614
16840,0.001211,172.31.33.0-255,66,97075,34,142614
16841,0.001214,172.217.194.0-255,1484,98559,34,142614
16842,0.001256,172.31.33.0-255,66,98625,34,142614
16843,0.001302,172.217.194.0-255,4320,102945,34,142614
16844,0.001302,172.31.33.0-255,66,103011,34,142614
16845,0.001307,172.31.33.0-255,66,103077,34,142614
16846,0.001315,172.217.194.0-255,4320,107397,34,142614
16847,0.001321,172.31.33.0-255,66,107463,34,142614
16848,0.001344,172.217.194.0-255,2902,110365,34,142614
16849,0.001352,172.31.33.0-255,66,110431,34,142614
16850,0.001377,172.31.33.0-255,66,110497,34,142614
16851,0.001385,172.217.194.0-255,1484,111981,34,142614
16852,0.001408,172.31.33.0-255,66,112047,34,142614
16853,0.001419,172.217.194.0-255,4320,116367,34,142614
16854,0.001421,172.217.194.0-255,1484,117851,34,142614
16855,0.001422,172.31.33.0-255,66,117917,34,142614
16856,0.001454,172.217.194.0-255,5738,123655,34,142614
16857,0.001462,172.31.33.0-255,66,123721,34,142614
16858,0.00147,172.217.194.0-255,4320,128041,34,142614
16859,0.001473,172.31.33.0-255,66,128107,34,142614
16860,0.001489,172.217.194.0-255,6438,134545,34,142614
16861,0.001494,172.31.33.0-255,66,134611,34,142614
16862,0.001505,172.217.194.0-255,2902,137513,34,142614
16863,0.001509,172.31.33.0-255,66,137579,34,142614
16864,0.001539,172.31.33.0-255,66,137645,34,142614
16865,0.001546,172.217.194.0-255,97,137742,34,142614
16866,0.00155,172.31.33.0-255,66,137808,34,142614
16867,0.001609,172.217.194.0-255,105,137913,34,142614
16868,0.010756,172.31.33.0-255,66,137979,34,142614
16869,0.010806,172.31.33.0-255,105,138084,34,142614
16870,0.013322,172.217.194.0-255,66,138150,34,142614
16871,0.036136,172.31.33.0-255,171,138321,34,142614
16872,0.036159,172.31.33.0-255,1136,139457,34,142614
16873,0.036217,172.31.33.0-255,1514,140971,34,142614
16874,0.036219,172.31.33.0-255,1271,142242,34,142614
16875,0.03766,104.244.42.0-255,66,142308,34,142614
16876,0.037854,104.244.42.0-255,66,142374,34,142614
16877,0.037868,104.244.42.0-255,66,142440,34,142614
16878,0.038384,104.244.42.0-255,108,142548,34,142614
16879,0.038389,172.31.33.0-255,66,142614,34,142614
16880,0.0,74.125.68.0-255,146,146,34,327258
16881,2.4e-05,172.31.33.0-255,66,212,34,327258
16882,2.9e-05,74.125.68.0-255,1484,1696,34,327258
16883,3.3e-05,172.31.33.0-255,66,1762,34,327258
16884,3.5e-05,74.125.68.0-255,1484,3246,34,327258
16885,3.7e-05,172.31.33.0-255,66,3312,34,327258
16886,8.7e-05,74.125.68.0-255,1484,4796,34,327258
16887,9.1e-05,172.31.33.0-255,66,4862,34,327258
16888,0.000104,74.125.68.0-255,2902,7764,34,327258
16889,0.000109,172.31.33.0-255,66,7830,34,327258
16890,0.000138,74.125.68.0-255,5738,13568,34,327258
16891,0.000141,172.31.33.0-255,66,13634,34,327258
16892,0.000143,74.125.68.0-255,731,14365,34,327258
16893,0.000145,172.31.33.0-255,66,14431,34,327258
16894,0.000148,74.125.68.0-255,1484,15915,34,327258
16895,0.000149,172.31.33.0-255,66,15981,34,327258
16896,0.000182,74.125.68.0-255,4320,20301,34,327258
16897,0.000185,172.31.33.0-255,66,20367,34,327258
16898,0.000198,74.125.68.0-255,5738,26105,34,327258
16899,0.000204,172.31.33.0-255,66,26171,34,327258
16900,0.000226,74.125.68.0-255,4320,30491,34,327258
16901,0.00024,172.31.33.0-255,66,30557,34,327258
16902,0.000244,74.125.68.0-255,1125,31682,34,327258
16903,0.000246,172.31.33.0-255,66,31748,34,327258
16904,0.000343,74.125.68.0-255,1484,33232,34,327258
16905,0.000346,172.31.33.0-255,66,33298,34,327258
16906,0.000351,74.125.68.0-255,2902,36200,34,327258
16907,0.000354,172.31.33.0-255,66,36266,34,327258
16908,0.000373,74.125.68.0-255,1484,37750,34,327258
16909,0.000375,172.31.33.0-255,66,37816,34,327258
16910,0.000402,74.125.68.0-255,4320,42136,34,327258
16911,0.000405,172.31.33.0-255,66,42202,34,327258
16912,0.000411,74.125.68.0-255,4320,46522,34,327258
16913,0.000413,172.31.33.0-255,66,46588,34,327258
16914,0.000442,74.125.68.0-255,5379,51967,34,327258
16915,0.000446,172.31.33.0-255,66,52033,34,327258
16916,0.000464,74.125.68.0-255,1484,53517,34,327258
16917,0.000478,74.125.68.0-255,2902,56419,34,327258
16918,0.000481,172.31.33.0-255,66,56485,34,327258
16919,0.000511,74.125.68.0-255,5738,62223,34,327258
16920,0.000514,172.31.33.0-255,66,62289,34,327258
16921,0.000519,74.125.68.0-255,2902,65191,34,327258
16922,0.00052,172.31.33.0-255,66,65257,34,327258
16923,0.000549,74.125.68.0-255,1399,66656,34,327258
16924,0.000584,74.125.68.0-255,384,67040,34,327258
16925,0.000586,172.31.33.0-255,66,67106,34,327258
16926,0.000694,74.125.68.0-255,1484,68590,34,327258
16927,0.000707,74.125.68.0-255,1484,70074,34,327258
16928,0.00071,172.31.33.0-255,66,70140,34,327258
16929,0.000714,74.125.68.0-255,1484,71624,34,327258
16930,0.000734,74.125.68.0-255,1484,73108,34,327258
16931,0.000736,172.31.33.0-255,66,73174,34,327258
16932,0.000741,74.125.68.0-255,2902,76076,34,327258
16933,0.000744,172.31.33.0-255,66,76142,34,327258
16934,0.000771,74.125.68.0-255,2902,79044,34,327258
16935,0.000774,74.125.68.0-255,4320,83364,34,327258
16936,0.000774,172.31.33.0-255,66,83430,34,327258
16937,0.000778,172.31.33.0-255,66,83496,34,327258
16938,0.00078,74.125.68.0-255,5738,89234,34,327258
16939,0.000782,172.31.33.0-255,66,89300,34,327258
16940,0.000813,172.31.33.0-255,66,89366,34,327258
16941,0.000831,74.125.68.0-255,2902,92268,34,327258
16942,0.000834,172.31.33.0-255,66,92334,34,327258
16943,0.000836,74.125.68.0-255,766,93100,34,327258
16944,0.000913,74.125.68.0-255,1484,94584,34,327258
16945,0.000917,172.31.33.0-255,66,94650,34,327258
16946,0.00093,74.125.68.0-255,2902,97552,34,327258
16947,0.000936,172.31.33.0-255,66,97618,34,327258
16948,0.000964,74.125.68.0-255,5738,103356,34,327258
16949,0.000967,172.31.33.0-255,66,103422,34,327258
16950,0.000974,74.125.68.0-255,6245,109667,34,327258
16951,0.000976,172.31.33.0-255,66,109733,34,327258
16952,0.00101,74.125.68.0-255,7156,116889,34,327258
16953,0.001014,172.31.33.0-255,66,116955,34,327258
16954,0.001036,74.125.68.0-255,1484,118439,34,327258
16955,0.001056,74.125.68.0-255,2902,121341,34,327258
16956,0.001058,172.31.33.0-255,66,121407,34,327258
16957,0.001061,74.125.68.0-255,1484,122891,34,327258
16958,0.001082,74.125.68.0-255,2902,125793,34,327258
16959,0.001084,172.31.33.0-255,66,125859,34,327258
16960,0.001107,74.125.68.0-255,4320,130179,34,327258
16961,0.001109,172.31.33.0-255,66,130245,34,327258
16962,0.001132,74.125.68.0-255,1484,131729,34,327258
16963,0.001136,74.125.68.0-255,2902,134631,34,327258
16964,0.001139,74.125.68.0-255,4320,138951,34,327258
16965,0.001139,172.31.33.0-255,66,139017,34,327258
16966,0.001142,172.31.33.0-255,66,139083,34,327258
16967,0.001178,74.125.68.0-255,1484,140567,34,327258
16968,0.001192,74.125.68.0-255,3602,144169,34,327258
16969,0.001194,172.31.33.0-255,66,144235,34,327258
16970,0.001247,74.125.68.0-255,1484,145719,34,327258
16971,0.001258,74.125.68.0-255,2902,148621,34,327258
16972,0.001261,172.31.33.0-255,66,148687,34,327258
16973,0.001264,74.125.68.0-255,1484,150171,34,327258
16974,0.001317,74.125.68.0-255,2902,153073,34,327258
16975,0.001321,172.31.33.0-255,66,153139,34,327258
16976,0.001326,74.125.68.0-255,5738,158877,34,327258
16977,0.001328,172.31.33.0-255,66,158943,34,327258
16978,0.001337,74.125.68.0-255,4320,163263,34,327258
16979,0.00134,172.31.33.0-255,66,163329,34,327258
16980,0.001372,172.31.33.0-255,66,163395,34,327258
16981,0.001377,74.125.68.0-255,3602,166997,34,327258
16982,0.001378,172.31.33.0-255,66,167063,34,327258
16983,0.001405,74.125.68.0-255,4320,171383,34,327258
16984,0.001407,172.31.33.0-255,66,171449,34,327258
16985,0.00143,74.125.68.0-255,4320,175769,34,327258
16986,0.001433,172.31.33.0-255,66,175835,34,327258
16987,0.001459,74.125.68.0-255,2902,178737,34,327258
16988,0.001462,172.31.33.0-255,66,178803,34,327258
16989,0.00147,172.31.33.0-255,66,178869,34,327258
16990,0.001474,74.125.68.0-255,2902,181771,34,327258
16991,0.001479,172.31.33.0-255,66,181837,34,327258
16992,0.001509,172.31.33.0-255,66,181903,34,327258
16993,0.001527,74.125.68.0-255,2184,184087,34,327258
16994,0.001532,172.31.33.0-255,66,184153,34,327258
16995,0.00169,74.125.68.0-255,1484,185637,34,327258
16996,0.001722,74.125.68.0-255,1484,187121,34,327258
16997,0.001725,172.31.33.0-255,66,187187,34,327258
16998,0.001741,74.125.68.0-255,2902,190089,34,327258
16999,0.001743,172.31.33.0-255,66,190155,34,327258
17000,0.001762,74.125.68.0-255,5738,195893,34,327258
17001,0.001765,172.31.33.0-255,66,195959,34,327258
17002,0.00179,74.125.68.0-255,5738,201697,34,327258
17003,0.001793,172.31.33.0-255,66,201763,34,327258
17004,0.001816,74.125.68.0-255,2902,204665,34,327258
17005,0.001819,172.31.33.0-255,66,204731,34,327258
17006,0.00184,172.31.33.0-255,66,204797,34,327258
17007,0.001844,74.125.68.0-255,3602,208399,34,327258
17008,0.001846,172.31.33.0-255,66,208465,34,327258
17009,0.002073,74.125.68.0-255,1484,209949,34,327258
17010,0.002077,74.125.68.0-255,1484,211433,34,327258
17011,0.00208,172.31.33.0-255,66,211499,34,327258
17012,0.002114,74.125.68.0-255,2902,214401,34,327258
17013,0.002117,172.31.33.0-255,66,214467,34,327258
17014,0.002122,74.125.68.0-255,5738,220205,34,327258
17015,0.002123,172.31.33.0-255,66,220271,34,327258
17016,0.002125,74.125.68.0-255,1484,221755,34,327258
17017,0.002148,74.125.68.0-255,2902,224657,34,327258
17018,0.002151,172.31.33.0-255,66,224723,34,327258
17019,0.002154,74.125.68.0-255,1484,226207,34,327258
17020,0.002179,74.125.68.0-255,1484,227691,34,327258
17021,0.002183,172.31.33.0-255,66,227757,34,327258
17022,0.002186,74.125.68.0-255,1484,229241,34,327258
17023,0.00219,74.125.68.0-255,2902,232143,34,327258
17024,0.002193,172.31.33.0-255,66,232209,34,327258
17025,0.002214,74.125.68.0-255,1484,233693,34,327258
17026,0.00223,74.125.68.0-255,4320,238013,34,327258
17027,0.002233,172.31.33.0-255,66,238079,34,327258
17028,0.002257,74.125.68.0-255,2902,240981,34,327258
17029,0.002266,172.31.33.0-255,66,241047,34,327258
17030,0.00227,74.125.68.0-255,1484,242531,34,327258
17031,0.002272,74.125.68.0-255,766,243297,34,327258
17032,0.002274,172.31.33.0-255,66,243363,34,327258
17033,0.002382,74.125.68.0-255,1484,244847,34,327258
17034,0.002386,74.125.68.0-255,1484,246331,34,327258
17035,0.00239,172.31.33.0-255,66,246397,34,327258
17036,0.00242,74.125.68.0-255,1484,247881,34,327258
17037,0.002427,74.125.68.0-255,5738,253619,34,327258
17038,0.002431,172.31.33.0-255,66,253685,34,327258
17039,0.002434,74.125.68.0-255,1484,255169,34,327258
17040,0.002438,74.125.68.0-255,2902,258071,34,327258
17041,0.00244,172.31.33.0-255,66,258137,34,327258
17042,0.002445,74.125.68.0-255,2902,261039,34,327258
17043,0.002447,172.31.33.0-255,66,261105,34,327258
17044,0.002452,74.125.68.0-255,4320,265425,34,327258
17045,0.002455,172.31.33.0-255,66,265491,34,327258
17046,0.002458,74.125.68.0-255,1484,266975,34,327258
17047,0.002488,74.125.68.0-255,1484,268459,34,327258
17048,0.002493,172.31.33.0-255,66,268525,34,327258
17049,0.002499,172.31.33.0-255,66,268591,34,327258
17050,0.002538,74.125.68.0-255,1484,270075,34,327258
17051,0.002557,74.125.68.0-255,2902,272977,34,327258
17052,0.002561,172.31.33.0-255,66,273043,34,327258
17053,0.002567,74.125.68.0-255,5738,278781,34,327258
17054,0.002569,172.31.33.0-255,66,278847,34,327258
17055,0.002599,74.125.68.0-255,7156,286003,34,327258
17056,0.002603,172.31.33.0-255,66,286069,34,327258
17057,0.002607,74.125.68.0-255,2902,288971,34,327258
17058,0.002616,172.31.33.0-255,66,289037,34,327258
17059,0.002677,172.31.33.0-255,66,289103,34,327258
17060,0.002681,74.125.68.0-255,2184,291287,34,327258
17061,0.002683,172.31.33.0-255,66,291353,34,327258
17062,0.002726,172.31.33.0-255,66,291419,34,327258
17063,0.002732,74.125.68.0-255,5738,297157,34,327258
17064,0.002735,172.31.33.0-255,66,297223,34,327258
17065,0.002774,74.125.68.0-255,5738,302961,34,327258
17066,0.002779,172.31.33.0-255,66,303027,34,327258
17067,0.002785,74.125.68.0-255,6438,309465,34,327258
17068,0.002788,172.31.33.0-255,66,309531,34,327258
17069,0.002794,74.125.68.0-255,7156,316687,34,327258
17070,0.002797,172.31.33.0-255,66,316753,34,327258
17071,0.0028,74.125.68.0-255,1484,318237,34,327258
17072,0.002803,74.125.68.0-255,1147,319384,34,327258
17073,0.002806,172.31.33.0-255,66,319450,34,327258
17074,0.002809,74.125.68.0-255,97,319547,34,327258
17075,0.002868,74.125.68.0-255,105,319652,34,327258
17076,0.012968,172.31.33.0-255,66,319718,34,327258
17077,0.013001,172.31.33.0-255,105,319823,34,327258
17078,0.013142,74.125.68.0-255,105,319928,34,327258
17079,0.013152,172.31.33.0-255,78,320006,34,327258
17080,0.014988,74.125.68.0-255,66,320072,34,327258
17081,0.038395,172.31.33.0-255,188,320260,34,327258
17082,0.038426,172.31.33.0-255,957,321217,34,327258
17083,0.038462,172.31.33.0-255,1514,322731,34,327258
17084,0.038464,172.31.33.0-255,1514,324245,34,327258
17085,0.038468,172.31.33.0-255,1514,325759,34,327258
17086,0.038469,172.31.33.0-255,1235,326994,34,327258
17087,0.039891,104.244.42.0-255,66,327060,34,327258
17088,0.039905,104.244.42.0-255,66,327126,34,327258
17089,0.039956,104.244.42.0-255,66,327192,34,327258
17090,0.039962,104.244.42.0-255,66,327258,34,327258
17091,0.0,172.217.27.0-255,153,153,34,160948
17092,2.4e-05,172.31.33.0-255,66,219,34,160948
17093,3.2e-05,172.217.27.0-255,1484,1703,34,160948
17094,3.7e-05,172.31.33.0-255,66,1769,34,160948
17095,4.8e-05,172.217.27.0-255,1484,3253,34,160948
17096,5.1e-05,172.31.33.0-255,66,3319,34,160948
17097,5.7e-05,172.217.27.0-255,2902,6221,34,160948
17098,6e-05,172.31.33.0-255,66,6287,34,160948
17099,9.1e-05,172.217.27.0-255,5738,12025,34,160948
17100,9.4e-05,172.31.33.0-255,66,12091,34,160948
17101,0.000145,172.217.27.0-255,2062,14153,34,160948
17102,0.000147,172.31.33.0-255,66,14219,34,160948
17103,0.000321,172.217.27.0-255,1484,15703,34,160948
17104,0.000327,172.31.33.0-255,66,15769,34,160948
17105,0.000333,172.217.27.0-255,2902,18671,34,160948
17106,0.000335,172.31.33.0-255,66,18737,34,160948
17107,0.00037,172.217.27.0-255,5738,24475,34,160948
17108,0.000373,172.31.33.0-255,66,24541,34,160948
17109,0.000429,172.217.27.0-255,4320,28861,34,160948
17110,0.000432,172.31.33.0-255,66,28927,34,160948
17111,0.000479,172.217.27.0-255,4320,33247,34,160948
17112,0.000482,172.31.33.0-255,66,33313,34,160948
17113,0.000516,172.31.33.0-255,66,33379,34,160948
17114,0.00065,172.217.27.0-255,5738,39117,34,160948
17115,0.000655,172.31.33.0-255,66,39183,34,160948
17116,0.000716,172.217.27.0-255,4320,43503,34,160948
17117,0.00072,172.31.33.0-255,66,43569,34,160948
17118,0.000764,172.31.33.0-255,66,43635,34,160948
17119,0.000938,172.217.27.0-255,395,44030,34,160948
17120,0.000943,172.31.33.0-255,66,44096,34,160948
17121,0.001262,172.217.27.0-255,117,44213,34,160948
17122,0.001519,172.217.27.0-255,1484,45697,34,160948
17123,0.001527,172.217.27.0-255,2902,48599,34,160948
17124,0.00155,172.217.27.0-255,2902,51501,34,160948
17125,0.001566,172.217.27.0-255,2902,54403,34,160948
17126,0.001632,172.217.27.0-255,5738,60141,34,160948
17127,0.001651,172.217.27.0-255,4320,64461,34,160948
17128,0.001668,172.217.27.0-255,2902,67363,34,160948
17129,0.001785,172.217.27.0-255,1484,68847,34,160948
17130,0.001819,172.217.27.0-255,4320,73167,34,160948
17131,0.001835,172.217.27.0-255,5020,78187,34,160948
17132,0.002804,172.217.27.0-255,1484,79671,34,160948
17133,0.002841,172.217.27.0-255,1484,81155,34,160948
17134,0.002861,172.217.27.0-255,1484,82639,34,160948
17135,0.002874,172.217.27.0-255,1484,84123,34,160948
17136,0.002879,172.217.27.0-255,2902,87025,34,160948
17137,0.002922,172.217.27.0-255,5738,92763,34,160948
17138,0.002993,172.217.27.0-255,4320,97083,34,160948
17139,0.003003,172.217.27.0-255,1484,98567,34,160948
17140,0.00302,172.217.27.0-255,7156,105723,34,160948
17141,0.003153,172.217.27.0-255,6438,112161,34,160948
17142,0.003229,172.217.27.0-255,4320,116481,34,160948
17143,0.003244,172.217.27.0-255,2902,119383,34,160948
17144,0.003322,172.217.27.0-255,1484,120867,34,160948
17145,0.003359,172.217.27.0-255,2902,123769,34,160948
17146,0.003368,172.217.27.0-255,1484,125253,34,160948
17147,0.00353,172.217.27.0-255,2902,128155,34,160948
17148,0.003928,172.217.27.0-255,4320,132475,34,160948
17149,0.003951,172.217.27.0-255,5738,138213,34,160948
17150,0.004057,172.217.27.0-255,2184,140397,34,160948
17151,0.004081,172.217.27.0-255,2902,143299,34,160948
17152,0.004124,172.217.27.0-255,4320,147619,34,160948
17153,0.004514,172.217.27.0-255,5738,153357,34,160948
17154,0.005161,172.217.27.0-255,7156,160513,34,160948
17155,0.009085,172.31.33.0-255,66,160579,34,160948
17156,0.010796,172.31.33.0-255,66,160645,34,160948
17157,0.010884,172.31.33.0-255,66,160711,34,160948
17158,0.010894,172.31.33.0-255,66,160777,34,160948
17159,0.012144,172.31.33.0-255,105,160882,34,160948
17160,0.013761,172.217.27.0-255,66,160948,34,160948
17161,0.0,74.125.24.0-255,153,153,34,66440
17162,1.6e-05,172.31.33.0-255,66,219,34,66440
17163,2.3e-05,74.125.24.0-255,1484,1703,34,66440
17164,2.7e-05,172.31.33.0-255,66,1769,34,66440
17165,4e-05,74.125.24.0-255,2902,4671,34,66440
17166,4.3e-05,172.31.33.0-255,66,4737,34,66440
17167,9.5e-05,74.125.24.0-255,4320,9057,34,66440
17168,9.8e-05,172.31.33.0-255,66,9123,34,66440
17169,0.000124,74.125.24.0-255,2902,12025,34,66440
17170,0.000127,172.31.33.0-255,66,12091,34,66440
17171,0.00023,74.125.24.0-255,2164,14255,34,66440
17172,0.000234,172.31.33.0-255,66,14321,34,66440
17173,0.00027,74.125.24.0-255,2902,17223,34,66440
17174,0.000272,172.31.33.0-255,66,17289,34,66440
17175,0.000304,172.31.33.0-255,66,17355,34,66440
17176,0.000522,74.125.24.0-255,5379,22734,34,66440
17177,0.000529,172.31.33.0-255,66,22800,34,66440
17178,0.000625,172.31.33.0-255,66,22866,34,66440
17179,0.000657,172.31.33.0-255,66,22932,34,66440
17180,0.000959,74.125.24.0-255,4320,27252,34,66440
17181,0.000964,172.31.33.0-255,66,27318,34,66440
17182,0.001001,172.31.33.0-255,66,27384,34,66440
17183,0.001326,74.125.24.0-255,7156,34540,34,66440
17184,0.001332,172.31.33.0-255,66,34606,34,66440
17185,0.001385,172.31.33.0-255,66,34672,34,66440
17186,0.002015,172.31.33.0-255,66,34738,34,66440
17187,0.002716,74.125.24.0-255,2902,37640,34,66440
17188,0.002772,74.125.24.0-255,1484,39124,34,66440
17189,0.003006,74.125.24.0-255,2902,42026,34,66440
17190,0.004008,74.125.24.0-255,5738,47764,34,66440
17191,0.004087,74.125.24.0-255,4320,52084,34,66440
17192,0.004997,74.125.24.0-255,4320,56404,34,66440
17193,0.005091,74.125.24.0-255,4320,60724,34,66440
17194,0.005476,172.31.33.0-255,66,60790,34,66440
17195,0.006113,172.31.33.0-255,66,60856,34,66440
17196,0.006439,74.125.24.0-255,2902,63758,34,66440
17197,0.006445,172.31.33.0-255,66,63824,34,66440
17198,0.008023,74.125.24.0-255,2379,66203,34,66440
17199,0.009376,172.31.33.0-255,66,66269,34,66440
17200,0.011804,172.31.33.0-255,105,66374,34,66440
17201,0.014337,74.125.24.0-255,66,66440,34,66440
17202,0.0,172.217.194.0-255,219,219,34,218150
17203,1.9e-05,172.31.33.0-255,66,285,34,218150
17204,2.4e-05,172.217.194.0-255,1484,1769,34,218150
17205,2.7e-05,172.31.33.0-255,66,1835,34,218150
17206,3.2e-05,172.217.194.0-255,4320,6155,34,218150
17207,3.4e-05,172.31.33.0-255,66,6221,34,218150
17208,6.8e-05,172.31.33.0-255,66,6287,34,218150
17209,0.0001,172.31.33.0-255,66,6353,34,218150
17210,0.000124,172.217.194.0-255,5738,12091,34,218150
17211,0.000127,172.31.33.0-255,66,12157,34,218150
17212,0.000149,172.217.194.0-255,2543,14700,34,218150
17213,0.000151,172.31.33.0-255,66,14766,34,218150
17214,0.000173,172.217.194.0-255,1484,16250,34,218150
17215,0.000175,172.31.33.0-255,66,16316,34,218150
17216,0.000179,172.217.194.0-255,2902,19218,34,218150
17217,0.000181,172.31.33.0-255,66,19284,34,218150
17218,0.000213,172.217.194.0-255,5738,25022,34,218150
17219,0.000216,172.31.33.0-255,66,25088,34,218150
17220,0.000221,172.217.194.0-255,6797,31885,34,218150
17221,0.000223,172.31.33.0-255,66,31951,34,218150
17222,0.000267,172.217.194.0-255,5738,37689,34,218150
17223,0.00027,172.31.33.0-255,66,37755,34,218150
17224,0.0003,172.31.33.0-255,66,37821,34,218150
17225,0.000304,172.217.194.0-255,2543,40364,34,218150
17226,0.000306,172.31.33.0-255,66,40430,34,218150
17227,0.00046,172.217.194.0-255,361,40791,34,218150
17228,0.000464,172.31.33.0-255,66,40857,34,218150
17229,0.000467,172.217.194.0-255,381,41238,34,218150
17230,0.000469,172.31.33.0-255,66,41304,34,218150
17231,0.000852,172.217.194.0-255,1484,42788,34,218150
17232,0.000871,172.217.194.0-255,1484,44272,34,218150
17233,0.000874,172.31.33.0-255,66,44338,34,218150
17234,0.000902,172.217.194.0-255,1484,45822,34,218150
17235,0.000908,172.217.194.0-255,5738,51560,34,218150
17236,0.000911,172.31.33.0-255,66,51626,34,218150
17237,0.000922,172.31.33.0-255,66,51692,34,218150
17238,0.000934,172.217.194.0-255,7156,58848,34,218150
17239,0.000936,172.31.33.0-255,66,58914,34,218150
17240,0.000967,172.217.194.0-255,3602,62516,34,218150
17241,0.000969,172.31.33.0-255,66,62582,34,218150
17242,0.002366,172.217.194.0-255,1484,64066,34,218150
17243,0.002372,172.217.194.0-255,1484,65550,34,218150
17244,0.002376,172.31.33.0-255,66,65616,34,218150
17245,0.002383,172.217.194.0-255,4320,69936,34,218150
17246,0.002384,172.31.33.0-255,66,70002,34,218150
17247,0.002407,172.217.194.0-255,4320,74322,34,218150
17248,0.002409,172.31.33.0-255,66,74388,34,218150
17249,0.002423,172.217.194.0-255,2902,77290,34,218150
17250,0.002425,172.31.33.0-255,66,77356,34,218150
17251,0.002448,172.217.194.0-255,7156,84512,34,218150
17252,0.00245,172.31.33.0-255,66,84578,34,218150
17253,0.002461,172.217.194.0-255,7156,91734,34,218150
17254,0.002463,172.31.33.0-255,66,91800,34,218150
17255,0.002466,172.217.194.0-255,1484,93284,34,218150
17256,0.002472,172.217.194.0-255,3602,96886,34,218150
17257,0.002474,172.31.33.0-255,66,96952,34,218150
17258,0.003302,172.217.194.0-255,1484,98436,34,218150
17259,0.003313,172.217.194.0-255,2902,101338,34,218150
17260,0.003317,172.31.33.0-255,66,101404,34,218150
17261,0.00332,172.217.194.0-255,1484,102888,34,218150
17262,0.003338,172.217.194.0-255,4320,107208,34,218150
17263,0.00334,172.31.33.0-255,66,107274,34,218150
17264,0.003377,172.217.194.0-255,1484,108758,34,218150
17265,0.003413,172.31.33.0-255,66,108824,34,218150
17266,0.003429,172.31.33.0-255,66,108890,34,218150
17267,0.003472,172.217.194.0-255,1484,110374,34,218150
17268,0.003477,172.217.194.0-255,2902,113276,34,218150
17269,0.003479,172.31.33.0-255,66,113342,34,218150
17270,0.003509,172.217.194.0-255,5738,119080,34,218150
17271,0.003511,172.31.33.0-255,66,119146,34,218150
17272,0.003515,172.217.194.0-255,2902,122048,34,218150
17273,0.003517,172.31.33.0-255,66,122114,34,218150
17274,0.003555,172.31.33.0-255,66,122180,34,218150
17275,0.003589,172.31.33.0-255,66,122246,34,218150
17276,0.003632,172.217.194.0-255,1484,123730,34,218150
17277,0.003636,172.217.194.0-255,2902,126632,34,218150
17278,0.003639,172.31.33.0-255,66,126698,34,218150
17279,0.003668,172.217.194.0-255,5738,132436,34,218150
17280,0.003671,172.31.33.0-255,66,132502,34,218150
17281,0.00368,172.31.33.0-255,66,132568,34,218150
17282,0.003691,172.217.194.0-255,7156,139724,34,218150
17283,0.003693,172.31.33.0-255,66,139790,34,218150
17284,0.003715,172.217.194.0-255,2902,142692,34,218150
17285,0.003717,172.31.33.0-255,66,142758,34,218150
17286,0.003723,172.217.194.0-255,5020,147778,34,218150
17287,0.003726,172.31.33.0-255,66,147844,34,218150
17288,0.003777,172.217.194.0-255,1484,149328,34,218150
17289,0.00378,172.217.194.0-255,1484,150812,34,218150
17290,0.003782,172.31.33.0-255,66,150878,34,218150
17291,0.003803,172.217.194.0-255,1484,152362,34,218150
17292,0.003808,172.217.194.0-255,4320,156682,34,218150
17293,0.003811,172.31.33.0-255,66,156748,34,218150
17294,0.003837,172.217.194.0-255,1484,158232,34,218150
17295,0.003863,172.31.33.0-255,66,158298,34,218150
17296,0.003882,172.31.33.0-255,66,158364,34,218150
17297,0.003886,172.217.194.0-255,2184,160548,34,218150
17298,0.003888,172.31.33.0-255,66,160614,34,218150
17299,0.003926,172.217.194.0-255,1484,162098,34,218150
17300,0.003931,172.217.194.0-255,2902,165000,34,218150
17301,0.003935,172.31.33.0-255,66,165066,34,218150
17302,0.003941,172.217.194.0-255,5738,170804,34,218150
17303,0.003944,172.31.33.0-255,66,170870,34,218150
17304,0.003994,172.31.33.0-255,66,170936,34,218150
17305,0.004,172.217.194.0-255,7156,178092,34,218150
17306,0.004003,172.31.33.0-255,66,178158,34,218150
17307,0.004027,172.217.194.0-255,4320,182478,34,218150
17308,0.00403,172.31.33.0-255,66,182544,34,218150
17309,0.004034,172.217.194.0-255,2184,184728,34,218150
17310,0.004037,172.31.33.0-255,66,184794,34,218150
17311,0.004063,172.217.194.0-255,2902,187696,34,218150
17312,0.004066,172.31.33.0-255,66,187762,34,218150
17313,0.004072,172.217.194.0-255,4320,192082,34,218150
17314,0.004075,172.31.33.0-255,66,192148,34,218150
17315,0.004088,172.217.194.0-255,1484,193632,34,218150
17316,0.004115,172.217.194.0-255,7156,200788,34,218150
17317,0.004118,172.31.33.0-255,66,200854,34,218150
17318,0.004178,172.31.33.0-255,66,200920,34,218150
17319,0.004206,172.217.194.0-255,6438,207358,34,218150
17320,0.00421,172.31.33.0-255,66,207424,34,218150
17321,0.004224,172.31.33.0-255,66,207490,34,218150
17322,0.004245,172.217.194.0-255,5738,213228,34,218150
17323,0.004289,172.217.194.0-255,97,213325,34,218150
17324,0.004303,172.217.194.0-255,105,213430,34,218150
17325,0.004979,172.31.33.0-255,66,213496,34,218150
17326,0.007135,172.31.33.0-255,105,213601,34,218150
17327,0.009337,172.217.194.0-255,66,213667,34,218150
17328,0.026306,172.31.33.0-255,190,213857,34,218150
17329,0.026336,172.31.33.0-255,1112,214969,34,218150
17330,0.026371,172.31.33.0-255,1514,216483,34,218150
17331,0.026373,172.31.33.0-255,1295,217778,34,218150
17332,0.027862,104.244.42.0-255,66,217844,34,218150
17333,0.027919,104.244.42.0-255,66,217910,34,218150
17334,0.027921,104.244.42.0-255,66,217976,34,218150
17335,0.029015,104.244.42.0-255,108,218084,34,218150
17336,0.02903,172.31.33.0-255,66,218150,34,218150
17337,0.0,172.217.194.0-255,149,149,34,101761
17338,2.5e-05,172.31.33.0-255,66,215,34,101761
17339,3.1e-05,172.217.194.0-255,1484,1699,34,101761
17340,3.5e-05,172.31.33.0-255,66,1765,34,101761
17341,4e-05,172.217.194.0-255,2902,4667,34,101761
17342,4.9e-05,172.31.33.0-255,66,4733,34,101761
17343,9e-05,172.217.194.0-255,5738,10471,34,101761
17344,9.3e-05,172.31.33.0-255,66,10537,34,101761
17345,0.000117,172.217.194.0-255,1484,12021,34,101761
17346,0.00012,172.31.33.0-255,66,12087,34,101761
17347,0.000223,172.217.194.0-255,1484,13571,34,101761
17348,0.000226,172.31.33.0-255,66,13637,34,101761
17349,0.000265,172.31.33.0-255,66,13703,34,101761
17350,0.000458,172.217.194.0-255,6797,20500,34,101761
17351,0.000463,172.31.33.0-255,66,20566,34,101761
17352,0.00059,172.217.194.0-255,4320,24886,34,101761
17353,0.000594,172.31.33.0-255,66,24952,34,101761
17354,0.00064,172.31.33.0-255,66,25018,34,101761
17355,0.00099,172.217.194.0-255,4320,29338,34,101761
17356,0.000997,172.31.33.0-255,66,29404,34,101761
17357,0.001035,172.31.33.0-255,66,29470,34,101761
17358,0.001208,172.217.194.0-255,676,30146,34,101761
17359,0.001212,172.31.33.0-255,66,30212,34,101761
17360,0.001236,172.217.194.0-255,4320,34532,34,101761
17361,0.001239,172.31.33.0-255,66,34598,34,101761
17362,0.001277,172.31.33.0-255,66,34664,34,101761
17363,0.001541,172.217.194.0-255,1484,36148,34,101761
17364,0.001544,172.31.33.0-255,66,36214,34,101761
17365,0.001573,172.31.33.0-255,66,36280,34,101761
17366,0.001823,172.217.194.0-255,4320,40600,34,101761
17367,0.001826,172.31.33.0-255,66,40666,34,101761
17368,0.001861,172.31.33.0-255,66,40732,34,101761
17369,0.002187,172.217.194.0-255,1484,42216,34,101761
17370,0.002219,172.31.33.0-255,66,42282,34,101761
17371,0.002252,172.31.33.0-255,66,42348,34,101761
17372,0.00284,172.217.194.0-255,4320,46668,34,101761
17373,0.002842,172.31.33.0-255,66,46734,34,101761
17374,0.002856,172.217.194.0-255,7156,53890,34,101761
17375,0.002899,172.217.194.0-255,5020,58910,34,101761
17376,0.003477,172.217.194.0-255,1484,60394,34,101761
17377,0.003506,172.217.194.0-255,2902,63296,34,101761
17378,0.003563,172.217.194.0-255,1484,64780,34,101761
17379,0.003573,172.217.194.0-255,4320,69100,34,101761
17380,0.003668,172.217.194.0-255,4320,73420,34,101761
17381,0.003919,172.217.194.0-255,7156,80576,34,101761
17382,0.003931,172.217.194.0-255,3602,84178,34,101761
17383,0.004127,172.217.194.0-255,1484,85662,34,101761
17384,0.004156,172.217.194.0-255,2902,88564,34,101761
17385,0.005895,172.217.194.0-255,5738,94302,34,101761
17386,0.006443,172.217.194.0-255,7156,101458,34,101761
17387,0.010538,172.31.33.0-255,66,101524,34,101761
17388,0.012884,172.31.33.0-255,66,101590,34,101761
17389,0.013214,172.31.33.0-255,105,101695,34,101761
17390,0.015465,172.217.194.0-255,66,101761,34,101761
17391,0.0,74.125.200.0-255,153,153,34,308568
17392,2.4e-05,172.31.33.0-255,66,219,34,308568
17393,3.3e-05,74.125.200.0-255,1484,1703,34,308568
17394,3.8e-05,172.31.33.0-255,66,1769,34,308568
17395,4.4e-05,74.125.200.0-255,2902,4671,34,308568
17396,4.7e-05,172.31.33.0-255,66,4737,34,308568
17397,6.9e-05,74.125.200.0-255,4320,9057,34,308568
17398,7.1e-05,172.31.33.0-255,66,9123,34,308568
17399,9e-05,74.125.200.0-255,2902,12025,34,308568
17400,9.3e-05,172.31.33.0-255,66,12091,34,308568
17401,0.000106,172.31.33.0-255,66,12157,34,308568
17402,0.000146,172.31.33.0-255,66,12223,34,308568
17403,0.000218,74.125.200.0-255,1484,13707,34,308568
17404,0.000221,172.31.33.0-255,66,13773,34,308568
17405,0.000242,74.125.200.0-255,2902,16675,34,308568
17406,0.000244,172.31.33.0-255,66,16741,34,308568
17407,0.000249,74.125.200.0-255,4320,21061,34,308568
17408,0.000251,172.31.33.0-255,66,21127,34,308568
17409,0.000269,74.125.200.0-255,1484,22611,34,308568
17410,0.00027,172.31.33.0-255,66,22677,34,308568
17411,0.000277,74.125.200.0-255,6797,29474,34,308568
17412,0.000278,172.31.33.0-255,66,29540,34,308568
17413,0.000307,74.125.200.0-255,7156,36696,34,308568
17414,0.00031,172.31.33.0-255,66,36762,34,308568
17415,0.000313,74.125.200.0-255,2902,39664,34,308568
17416,0.000315,172.31.33.0-255,66,39730,34,308568
17417,0.000331,74.125.200.0-255,7077,46807,34,308568
17418,0.000333,172.31.33.0-255,66,46873,34,308568
17419,0.000335,74.125.200.0-255,129,47002,34,308568
17420,0.000337,172.31.33.0-255,66,47068,34,308568
17421,0.000391,74.125.200.0-255,1484,48552,34,308568
17422,0.000408,74.125.200.0-255,2902,51454,34,308568
17423,0.000411,172.31.33.0-255,66,51520,34,308568
17424,0.000414,74.125.200.0-255,1484,53004,34,308568
17425,0.000433,74.125.200.0-255,4320,57324,34,308568
17426,0.000434,172.31.33.0-255,66,57390,34,308568
17427,0.000445,74.125.200.0-255,1484,58874,34,308568
17428,0.000459,74.125.200.0-255,5379,64253,34,308568
17429,0.000461,172.31.33.0-255,66,64319,34,308568
17430,0.000549,74.125.200.0-255,1484,65803,34,308568
17431,0.000565,74.125.200.0-255,2902,68705,34,308568
17432,0.000568,172.31.33.0-255,66,68771,34,308568
17433,0.000572,74.125.200.0-255,2902,71673,34,308568
17434,0.000574,172.31.33.0-255,66,71739,34,308568
17435,0.00059,74.125.200.0-255,1484,73223,34,308568
17436,0.000595,74.125.200.0-255,5738,78961,34,308568
17437,0.000597,172.31.33.0-255,66,79027,34,308568
17438,0.000616,74.125.200.0-255,2543,81570,34,308568
17439,0.000618,172.31.33.0-255,66,81636,34,308568
17440,0.000835,74.125.200.0-255,1484,83120,34,308568
17441,0.000879,74.125.200.0-255,2902,86022,34,308568
17442,0.000882,172.31.33.0-255,66,86088,34,308568
17443,0.000887,74.125.200.0-255,5738,91826,34,308568
17444,0.000889,172.31.33.0-255,66,91892,34,308568
17445,0.000893,74.125.200.0-255,4320,96212,34,308568
17446,0.000894,172.31.33.0-255,66,96278,34,308568
17447,0.000899,74.125.200.0-255,5738,102016,34,308568
17448,0.000901,172.31.33.0-255,66,102082,34,308568
17449,0.000927,74.125.200.0-255,5738,107820,34,308568
17450,0.000929,172.31.33.0-255,66,107886,34,308568
17451,0.000933,74.125.200.0-255,2902,110788,34,308568
17452,0.000934,172.31.33.0-255,66,110854,34,308568
17453,0.000949,74.125.200.0-255,4320,115174,34,308568
17454,0.000951,172.31.33.0-255,66,115240,34,308568
17455,0.000954,74.125.200.0-255,766,116006,34,308568
17456,0.001225,74.125.200.0-255,1484,117490,34,308568
17457,0.001229,172.31.33.0-255,66,117556,34,308568
17458,0.001248,74.125.200.0-255,2902,120458,34,308568
17459,0.00125,172.31.33.0-255,66,120524,34,308568
17460,0.001264,74.125.200.0-255,1484,122008,34,308568
17461,0.001278,74.125.200.0-255,2902,124910,34,308568
17462,0.00128,172.31.33.0-255,66,124976,34,308568
17463,0.001298,74.125.200.0-255,1484,126460,34,308568
17464,0.001303,74.125.200.0-255,5738,132198,34,308568
17465,0.001305,172.31.33.0-255,66,132264,34,308568
17466,0.00131,74.125.200.0-255,5738,138002,34,308568
17467,0.001312,172.31.33.0-255,66,138068,34,308568
17468,0.001324,74.125.200.0-255,1484,139552,34,308568
17469,0.001353,74.125.200.0-255,2902,142454,34,308568
17470,0.001355,172.31.33.0-255,66,142520,34,308568
17471,0.001381,172.31.33.0-255,66,142586,34,308568
17472,0.001486,74.125.200.0-255,1484,144070,34,308568
17473,0.001489,74.125.200.0-255,1484,145554,34,308568
17474,0.001492,172.31.33.0-255,66,145620,34,308568
17475,0.001506,74.125.200.0-255,1484,147104,34,308568
17476,0.001522,74.125.200.0-255,4320,151424,34,308568
17477,0.001524,172.31.33.0-255,66,151490,34,308568
17478,0.001537,74.125.200.0-255,1484,152974,34,308568
17479,0.00154,74.125.200.0-255,1484,154458,34,308568
17480,0.001541,172.31.33.0-255,66,154524,34,308568
17481,0.001571,172.31.33.0-255,66,154590,34,308568
17482,0.001584,74.125.200.0-255,2902,157492,34,308568
17483,0.001586,172.31.33.0-255,66,157558,34,308568
17484,0.001617,172.31.33.0-255,66,157624,34,308568
17485,0.001778,74.125.200.0-255,1484,159108,34,308568
17486,0.001794,74.125.200.0-255,1484,160592,34,308568
17487,0.001796,172.31.33.0-255,66,160658,34,308568
17488,0.001813,74.125.200.0-255,1484,162142,34,308568
17489,0.001818,74.125.200.0-255,4320,166462,34,308568
17490,0.001819,172.31.33.0-255,66,166528,34,308568
17491,0.001837,74.125.200.0-255,1484,168012,34,308568
17492,0.00184,74.125.200.0-255,2902,170914,34,308568
17493,0.001842,172.31.33.0-255,66,170980,34,308568
17494,0.001855,74.125.200.0-255,4320,175300,34,308568
17495,0.001858,172.31.33.0-255,66,175366,34,308568
17496,0.001884,74.125.200.0-255,2902,178268,34,308568
17497,0.001886,172.31.33.0-255,66,178334,34,308568
17498,0.001904,74.125.200.0-255,4320,182654,34,308568
17499,0.001906,172.31.33.0-255,66,182720,34,308568
17500,0.001922,74.125.200.0-255,1484,184204,34,308568
17501,0.001941,74.125.200.0-255,7156,191360,34,308568
17502,0.001943,74.125.200.0-255,766,192126,34,308568
17503,0.001945,172.31.33.0-255,66,192192,34,308568
17504,0.002015,74.125.200.0-255,1484,193676,34,308568
17505,0.00202,172.31.33.0-255,66,193742,34,308568
17506,0.002033,74.125.200.0-255,2902,196644,34,308568
17507,0.002035,172.31.33.0-255,66,196710,34,308568
17508,0.002051,74.125.200.0-255,1484,198194,34,308568
17509,0.002062,74.125.200.0-255,2902,201096,34,308568
17510,0.002064,172.31.33.0-255,66,201162,34,308568
17511,0.002093,74.125.200.0-255,2902,204064,34,308568
17512,0.002095,172.31.33.0-255,66,204130,34,308568
17513,0.002134,74.125.200.0-255,5738,209868,34,308568
17514,0.002137,172.31.33.0-255,66,209934,34,308568
17515,0.002142,74.125.200.0-255,4320,214254,34,308568
17516,0.002144,172.31.33.0-255,66,214320,34,308568
17517,0.002148,74.125.200.0-255,5738,220058,34,308568
17518,0.00215,172.31.33.0-255,66,220124,34,308568
17519,0.002158,172.31.33.0-255,66,220190,34,308568
17520,0.002196,74.125.200.0-255,2902,223092,34,308568
17521,0.002201,172.31.33.0-255,66,223158,34,308568
17522,0.002203,172.31.33.0-255,66,223224,34,308568
17523,0.002231,172.31.33.0-255,66,223290,34,308568
17524,0.00228,172.31.33.0-255,66,223356,34,308568
17525,0.00229,172.31.33.0-255,66,223422,34,308568
17526,0.00232,74.125.200.0-255,4320,227742,34,308568
17527,0.002324,172.31.33.0-255,66,227808,34,308568
17528,0.002327,74.125.200.0-255,1484,229292,34,308568
17529,0.002329,74.125.200.0-255,1484,230776,34,308568
17530,0.002331,172.31.33.0-255,66,230842,34,308568
17531,0.002347,74.125.200.0-255,4320,235162,34,308568
17532,0.00235,172.31.33.0-255,66,235228,34,308568
17533,0.002353,74.125.200.0-255,1484,236712,34,308568
17534,0.002403,74.125.200.0-255,2902,239614,34,308568
17535,0.002407,172.31.33.0-255,66,239680,34,308568
17536,0.002428,74.125.200.0-255,3602,243282,34,308568
17537,0.00243,74.125.200.0-255,1484,244766,34,308568
17538,0.002432,74.125.200.0-255,1484,246250,34,308568
17539,0.002436,172.31.33.0-255,66,246316,34,308568
17540,0.002439,172.31.33.0-255,66,246382,34,308568
17541,0.002446,74.125.200.0-255,1484,247866,34,308568
17542,0.002473,74.125.200.0-255,2902,250768,34,308568
17543,0.002477,172.31.33.0-255,66,250834,34,308568
17544,0.00248,74.125.200.0-255,2902,253736,34,308568
17545,0.002483,172.31.33.0-255,66,253802,34,308568
17546,0.002496,74.125.200.0-255,1484,255286,34,308568
17547,0.002499,74.125.200.0-255,1484,256770,34,308568
17548,0.002501,172.31.33.0-255,66,256836,34,308568
17549,0.002548,74.125.200.0-255,5738,262574,34,308568
17550,0.002553,172.31.33.0-255,66,262640,34,308568
17551,0.002557,74.125.200.0-255,1484,264124,34,308568
17552,0.002561,74.125.200.0-255,1484,265608,34,308568
17553,0.002563,172.31.33.0-255,66,265674,34,308568
17554,0.002567,74.125.200.0-255,1484,267158,34,308568
17555,0.002569,74.125.200.0-255,1484,268642,34,308568
17556,0.002572,172.31.33.0-255,66,268708,34,308568
17557,0.002576,74.125.200.0-255,1484,270192,34,308568
17558,0.00258,74.125.200.0-255,1484,271676,34,308568
17559,0.002585,172.31.33.0-255,66,271742,34,308568
17560,0.002588,74.125.200.0-255,1484,273226,34,308568
17561,0.002616,74.125.200.0-255,5020,278246,34,308568
17562,0.00262,172.31.33.0-255,66,278312,34,308568
17563,0.002625,74.125.200.0-255,4320,282632,34,308568
17564,0.002629,172.31.33.0-255,66,282698,34,308568
17565,0.002658,74.125.200.0-255,7156,289854,34,308568
17566,0.002663,172.31.33.0-255,66,289920,34,308568
17567,0.002685,74.125.200.0-255,4320,294240,34,308568
17568,0.002687,172.31.33.0-255,66,294306,34,308568
17569,0.002696,74.125.200.0-255,7156,301462,34,308568
17570,0.002698,172.31.33.0-255,66,301528,34,308568
17571,0.00272,74.125.200.0-255,2341,303869,34,308568
17572,0.002723,172.31.33.0-255,66,303935,34,308568
17573,0.002742,74.125.200.0-255,105,304040,34,308568
17574,0.004532,172.31.33.0-255,66,304106,34,308568
17575,0.004595,172.31.33.0-255,105,304211,34,308568
17576,0.00683,74.125.200.0-255,66,304277,34,308568
17577,0.037848,172.31.33.0-255,172,304449,34,308568
17578,0.037878,172.31.33.0-255,1113,305562,34,308568
17579,0.03792,172.31.33.0-255,1514,307076,34,308568
17580,0.037922,172.31.33.0-255,1294,308370,34,308568
17581,0.039394,104.244.42.0-255,66,308436,34,308568
17582,0.039443,104.244.42.0-255,66,308502,34,308568
17583,0.03949,104.244.42.0-255,66,308568,34,308568
17584,0.0,74.125.24.0-255,143,143,34,198756
17585,3.2e-05,172.31.33.0-255,66,209,34,198756
17586,3.9e-05,74.125.24.0-255,1484,1693,34,198756
17587,4.2e-05,172.31.33.0-255,66,1759,34,198756
17588,4.7e-05,74.125.24.0-255,2902,4661,34,198756
17589,5.6e-05,172.31.33.0-255,66,4727,34,198756
17590,6.1e-05,74.125.24.0-255,2902,7629,34,198756
17591,6.3e-05,172.31.33.0-255,66,7695,34,198756
17592,6.8e-05,74.125.24.0-255,4320,12015,34,198756
17593,7.1e-05,172.31.33.0-255,66,12081,34,198756
17594,0.000111,172.31.33.0-255,66,12147,34,198756
17595,0.000115,74.125.24.0-255,2902,15049,34,198756
17596,0.000117,172.31.33.0-255,66,15115,34,198756
17597,0.000161,74.125.24.0-255,6797,21912,34,198756
17598,0.000165,172.31.33.0-255,66,21978,34,198756
17599,0.000253,74.125.24.0-255,1484,23462,34,198756
17600,0.000258,172.31.33.0-255,66,23528,34,198756
17601,0.000262,74.125.24.0-255,1484,25012,34,198756
17602,0.000264,172.31.33.0-255,66,25078,34,198756
17603,0.000284,74.125.24.0-255,1484,26562,34,198756
17604,0.000288,172.31.33.0-255,66,26628,34,198756
17605,0.000299,74.125.24.0-255,5738,32366,34,198756
17606,0.000303,172.31.33.0-255,66,32432,34,198756
17607,0.000307,74.125.24.0-255,2902,35334,34,198756
17608,0.00031,172.31.33.0-255,66,35400,34,198756
17609,0.000337,74.125.24.0-255,5379,40779,34,198756
17610,0.000342,74.125.24.0-255,4320,45099,34,198756
17611,0.000342,172.31.33.0-255,66,45165,34,198756
17612,0.000345,172.31.33.0-255,66,45231,34,198756
17613,0.00038,74.125.24.0-255,4320,49551,34,198756
17614,0.000385,172.31.33.0-255,66,49617,34,198756
17615,0.000392,74.125.24.0-255,7075,56692,34,198756
17616,0.000395,172.31.33.0-255,66,56758,34,198756
17617,0.00101,74.125.24.0-255,126,56884,34,198756
17618,0.00104,74.125.24.0-255,1484,58368,34,198756
17619,0.001044,172.31.33.0-255,66,58434,34,198756
17620,0.001049,74.125.24.0-255,2902,61336,34,198756
17621,0.001051,172.31.33.0-255,66,61402,34,198756
17622,0.001083,74.125.24.0-255,5738,67140,34,198756
17623,0.001086,172.31.33.0-255,66,67206,34,198756
17624,0.001092,74.125.24.0-255,5738,72944,34,198756
17625,0.001094,172.31.33.0-255,66,73010,34,198756
17626,0.001121,74.125.24.0-255,1484,74494,34,198756
17627,0.001133,172.31.33.0-255,66,74560,34,198756
17628,0.001162,74.125.24.0-255,2902,77462,34,198756
17629,0.001166,172.31.33.0-255,66,77528,34,198756
17630,0.00117,74.125.24.0-255,2184,79712,34,198756
17631,0.001172,172.31.33.0-255,66,79778,34,198756
17632,0.001175,74.125.24.0-255,347,80125,34,198756
17633,0.001177,74.125.24.0-255,1484,81609,34,198756
17634,0.001179,172.31.33.0-255,66,81675,34,198756
17635,0.001191,74.125.24.0-255,4320,85995,34,198756
17636,0.001193,172.31.33.0-255,66,86061,34,198756
17637,0.001251,172.31.33.0-255,66,86127,34,198756
17638,0.00126,172.31.33.0-255,66,86193,34,198756
17639,0.001292,172.31.33.0-255,66,86259,34,198756
17640,0.0018,74.125.24.0-255,1484,87743,34,198756
17641,0.001807,74.125.24.0-255,1484,89227,34,198756
17642,0.00181,172.31.33.0-255,66,89293,34,198756
17643,0.001831,74.125.24.0-255,1484,90777,34,198756
17644,0.001836,74.125.24.0-255,5738,96515,34,198756
17645,0.001838,172.31.33.0-255,66,96581,34,198756
17646,0.001863,74.125.24.0-255,7156,103737,34,198756
17647,0.001865,172.31.33.0-255,66,103803,34,198756
17648,0.001867,74.125.24.0-255,1484,105287,34,198756
17649,0.001899,172.31.33.0-255,66,105353,34,198756
17650,0.001903,74.125.24.0-255,2184,107537,34,198756
17651,0.001904,172.31.33.0-255,66,107603,34,198756
17652,0.002199,74.125.24.0-255,1484,109087,34,198756
17653,0.002216,74.125.24.0-255,2902,111989,34,198756
17654,0.002219,172.31.33.0-255,66,112055,34,198756
17655,0.002237,74.125.24.0-255,5738,117793,34,198756
17656,0.002239,172.31.33.0-255,66,117859,34,198756
17657,0.002263,74.125.24.0-255,4320,122179,34,198756
17658,0.002265,172.31.33.0-255,66,122245,34,198756
17659,0.002268,74.125.24.0-255,1484,123729,34,198756
17660,0.002297,172.31.33.0-255,66,123795,34,198756
17661,0.0023,74.125.24.0-255,1484,125279,34,198756
17662,0.002317,74.125.24.0-255,6438,131717,34,198756
17663,0.002319,172.31.33.0-255,66,131783,34,198756
17664,0.002504,74.125.24.0-255,1484,133267,34,198756
17665,0.002509,74.125.24.0-255,2902,136169,34,198756
17666,0.002511,172.31.33.0-255,66,136235,34,198756
17667,0.002532,74.125.24.0-255,1484,137719,34,198756
17668,0.002534,74.125.24.0-255,1484,139203,34,198756
17669,0.002536,172.31.33.0-255,66,139269,34,198756
17670,0.002557,74.125.24.0-255,7156,146425,34,198756
17671,0.002559,172.31.33.0-255,66,146491,34,198756
17672,0.002567,172.31.33.0-255,66,146557,34,198756
17673,0.00257,74.125.24.0-255,1484,148041,34,198756
17674,0.002601,172.31.33.0-255,66,148107,34,198756
17675,0.002669,74.125.24.0-255,1484,149591,34,198756
17676,0.002673,74.125.24.0-255,1484,151075,34,198756
17677,0.002675,172.31.33.0-255,66,151141,34,198756
17678,0.002701,74.125.24.0-255,1484,152625,34,198756
17679,0.002706,74.125.24.0-255,5738,158363,34,198756
17680,0.002708,172.31.33.0-255,66,158429,34,198756
17681,0.002712,74.125.24.0-255,4320,162749,34,198756
17682,0.002714,172.31.33.0-255,66,162815,34,198756
17683,0.002754,172.31.33.0-255,66,162881,34,198756
17684,0.002801,74.125.24.0-255,1484,164365,34,198756
17685,0.002814,74.125.24.0-255,5738,170103,34,198756
17686,0.002849,74.125.24.0-255,766,170869,34,198756
17687,0.002876,74.125.24.0-255,1484,172353,34,198756
17688,0.002917,74.125.24.0-255,1484,173837,34,198756
17689,0.002956,74.125.24.0-255,1484,175321,34,198756
17690,0.00296,74.125.24.0-255,2902,178223,34,198756
17691,0.002962,74.125.24.0-255,2902,181125,34,198756
17692,0.002978,74.125.24.0-255,2902,184027,34,198756
17693,0.002988,74.125.24.0-255,1484,185511,34,198756
17694,0.003066,74.125.24.0-255,2902,188413,34,198756
17695,0.003118,74.125.24.0-255,2184,190597,34,198756
17696,0.003121,74.125.24.0-255,2230,192827,34,198756
17697,0.003123,74.125.24.0-255,105,192932,34,198756
17698,0.003258,172.31.33.0-255,66,192998,34,198756
17699,0.003261,172.31.33.0-255,66,193064,34,198756
17700,0.003265,172.31.33.0-255,66,193130,34,198756
17701,0.003267,172.31.33.0-255,66,193196,34,198756
17702,0.003269,172.31.33.0-255,66,193262,34,198756
17703,0.003277,172.31.33.0-255,66,193328,34,198756
17704,0.003279,172.31.33.0-255,66,193394,34,198756
17705,0.003281,172.31.33.0-255,66,193460,34,198756
17706,0.003284,172.31.33.0-255,66,193526,34,198756
17707,0.003286,172.31.33.0-255,66,193592,34,198756
17708,0.003288,172.31.33.0-255,66,193658,34,198756
17709,0.003291,172.31.33.0-255,66,193724,34,198756
17710,0.003293,172.31.33.0-255,66,193790,34,198756
17711,0.003296,172.31.33.0-255,66,193856,34,198756
17712,0.003298,172.31.33.0-255,66,193922,34,198756
17713,0.003301,172.31.33.0-255,66,193988,34,198756
17714,0.003303,172.31.33.0-255,66,194054,34,198756
17715,0.004384,172.31.33.0-255,66,194120,34,198756
17716,0.004415,172.31.33.0-255,105,194225,34,198756
17717,0.0064,74.125.24.0-255,66,194291,34,198756
17718,0.025516,172.31.33.0-255,172,194463,34,198756
17719,0.025549,172.31.33.0-255,1112,195575,34,198756
17720,0.025607,172.31.33.0-255,1514,197089,34,198756
17721,0.025608,172.31.33.0-255,1295,198384,34,198756
17722,0.027096,104.244.42.0-255,66,198450,34,198756
17723,0.027136,104.244.42.0-255,66,198516,34,198756
17724,0.027177,104.244.42.0-255,66,198582,34,198756
17725,0.029926,104.244.42.0-255,108,198690,34,198756
17726,0.029945,172.31.33.0-255,66,198756,34,198756
17727,0.0,74.125.24.0-255,153,153,34,294292
17728,1.3e-05,172.31.33.0-255,66,219,34,294292
17729,1.8e-05,74.125.24.0-255,1484,1703,34,294292
17730,2.3e-05,172.31.33.0-255,66,1769,34,294292
17731,2.8e-05,74.125.24.0-255,2902,4671,34,294292
17732,3.6e-05,172.31.33.0-255,66,4737,34,294292
17733,4.2e-05,74.125.24.0-255,5738,10475,34,294292
17734,4.5e-05,172.31.33.0-255,66,10541,34,294292
17735,8.1e-05,74.125.24.0-255,1484,12025,34,294292
17736,8.4e-05,172.31.33.0-255,66,12091,34,294292
17737,0.000109,74.125.24.0-255,2023,14114,34,294292
17738,0.000111,172.31.33.0-255,66,14180,34,294292
17739,0.000209,74.125.24.0-255,1484,15664,34,294292
17740,0.000214,172.31.33.0-255,66,15730,34,294292
17741,0.000219,74.125.24.0-255,2902,18632,34,294292
17742,0.000221,172.31.33.0-255,66,18698,34,294292
17743,0.000256,74.125.24.0-255,5738,24436,34,294292
17744,0.000258,172.31.33.0-255,66,24502,34,294292
17745,0.000297,74.125.24.0-255,4320,28822,34,294292
17746,0.0003,172.31.33.0-255,66,28888,34,294292
17747,0.000324,74.125.24.0-255,2543,31431,34,294292
17748,0.000327,172.31.33.0-255,66,31497,34,294292
17749,0.000353,74.125.24.0-255,1484,32981,34,294292
17750,0.000355,172.31.33.0-255,66,33047,34,294292
17751,0.00036,74.125.24.0-255,2902,35949,34,294292
17752,0.000362,172.31.33.0-255,66,36015,34,294292
17753,0.000368,74.125.24.0-255,5738,41753,34,294292
17754,0.000374,172.31.33.0-255,66,41819,34,294292
17755,0.000417,74.125.24.0-255,6797,48616,34,294292
17756,0.00042,172.31.33.0-255,66,48682,34,294292
17757,0.000538,74.125.24.0-255,1484,50166,34,294292
17758,0.000542,172.31.33.0-255,66,50232,34,294292
17759,0.000548,74.125.24.0-255,2902,53134,34,294292
17760,0.000551,74.125.24.0-255,1484,54618,34,294292
17761,0.00057,74.125.24.0-255,4320,58938,34,294292
17762,0.00058,172.31.33.0-255,66,59004,34,294292
17763,0.00059,74.125.24.0-255,4320,63324,34,294292
17764,0.000598,172.31.33.0-255,66,63390,34,294292
17765,0.000606,74.125.24.0-255,2543,65933,34,294292
17766,0.000626,172.31.33.0-255,66,65999,34,294292
17767,0.000825,74.125.24.0-255,646,66645,34,294292
17768,0.000989,172.31.33.0-255,66,66711,34,294292
17769,0.001054,74.125.24.0-255,1484,68195,34,294292
17770,0.001058,74.125.24.0-255,1484,69679,34,294292
17771,0.001075,74.125.24.0-255,1484,71163,34,294292
17772,0.00108,74.125.24.0-255,5738,76901,34,294292
17773,0.001083,172.31.33.0-255,66,76967,34,294292
17774,0.001093,172.31.33.0-255,66,77033,34,294292
17775,0.001099,74.125.24.0-255,4320,81353,34,294292
17776,0.00115,172.31.33.0-255,66,81419,34,294292
17777,0.001172,74.125.24.0-255,7156,88575,34,294292
17778,0.001204,172.31.33.0-255,66,88641,34,294292
17779,0.001532,74.125.24.0-255,1484,90125,34,294292
17780,0.001539,74.125.24.0-255,2902,93027,34,294292
17781,0.001543,172.31.33.0-255,66,93093,34,294292
17782,0.001548,74.125.24.0-255,2902,95995,34,294292
17783,0.00157,74.125.24.0-255,2902,98897,34,294292
17784,0.00162,74.125.24.0-255,4320,103217,34,294292
17785,0.001674,74.125.24.0-255,1484,104701,34,294292
17786,0.001691,74.125.24.0-255,2902,107603,34,294292
17787,0.001694,74.125.24.0-255,1484,109087,34,294292
17788,0.001717,74.125.24.0-255,4320,113407,34,294292
17789,0.001721,74.125.24.0-255,2902,116309,34,294292
17790,0.001763,74.125.24.0-255,5738,122047,34,294292
17791,0.001769,74.125.24.0-255,6438,128485,34,294292
17792,0.00181,74.125.24.0-255,1484,129969,34,294292
17793,0.001813,74.125.24.0-255,1484,131453,34,294292
17794,0.001828,74.125.24.0-255,1484,132937,34,294292
17795,0.001834,74.125.24.0-255,5738,138675,34,294292
17796,0.001861,74.125.24.0-255,4320,142995,34,294292
17797,0.001881,74.125.24.0-255,2543,145538,34,294292
17798,0.002101,74.125.24.0-255,1484,147022,34,294292
17799,0.002122,74.125.24.0-255,2902,149924,34,294292
17800,0.002129,74.125.24.0-255,5738,155662,34,294292
17801,0.002163,74.125.24.0-255,2902,158564,34,294292
17802,0.002182,74.125.24.0-255,3961,162525,34,294292
17803,0.002228,74.125.24.0-255,1484,164009,34,294292
17804,0.002232,74.125.24.0-255,2902,166911,34,294292
17805,0.002262,74.125.24.0-255,5738,172649,34,294292
17806,0.002304,74.125.24.0-255,5738,178387,34,294292
17807,0.002311,74.125.24.0-255,7156,185543,34,294292
17808,0.002331,74.125.24.0-255,5738,191281,34,294292
17809,0.002335,74.125.24.0-255,2902,194183,34,294292
17810,0.002337,74.125.24.0-255,1484,195667,34,294292
17811,0.00234,74.125.24.0-255,766,196433,34,294292
17812,0.002402,74.125.24.0-255,1484,197917,34,294292
17813,0.002417,74.125.24.0-255,2902,200819,34,294292
17814,0.002437,74.125.24.0-255,5738,206557,34,294292
17815,0.002471,74.125.24.0-255,5738,212295,34,294292
17816,0.002485,74.125.24.0-255,1125,213420,34,294292
17817,0.002488,74.125.24.0-255,1484,214904,34,294292
17818,0.00251,74.125.24.0-255,5738,220642,34,294292
17819,0.002546,74.125.24.0-255,1484,222126,34,294292
17820,0.002569,74.125.24.0-255,1484,223610,34,294292
17821,0.002848,74.125.24.0-255,1484,225094,34,294292
17822,0.00287,74.125.24.0-255,2902,227996,34,294292
17823,0.002891,74.125.24.0-255,5738,233734,34,294292
17824,0.002924,74.125.24.0-255,2902,236636,34,294292
17825,0.00294,74.125.24.0-255,3961,240597,34,294292
17826,0.002974,74.125.24.0-255,2902,243499,34,294292
17827,0.002988,74.125.24.0-255,4320,247819,34,294292
17828,0.002992,74.125.24.0-255,2902,250721,34,294292
17829,0.003011,74.125.24.0-255,5738,256459,34,294292
17830,0.003029,74.125.24.0-255,2902,259361,34,294292
17831,0.003088,74.125.24.0-255,2902,262263,34,294292
17832,0.003112,74.125.24.0-255,1484,263747,34,294292
17833,0.003114,74.125.24.0-255,1484,265231,34,294292
17834,0.003236,74.125.24.0-255,1484,266715,34,294292
17835,0.003251,74.125.24.0-255,2902,269617,34,294292
17836,0.003256,74.125.24.0-255,5738,275355,34,294292
17837,0.003283,74.125.24.0-255,1484,276839,34,294292
17838,0.003298,74.125.24.0-255,5379,282218,34,294292
17839,0.003757,74.125.24.0-255,1484,283702,34,294292
17840,0.003797,74.125.24.0-255,2902,286604,34,294292
17841,0.003804,74.125.24.0-255,5738,292342,34,294292
17842,0.003807,74.125.24.0-255,1511,293853,34,294292
17843,0.004223,74.125.24.0-255,97,293950,34,294292
17844,0.004289,74.125.24.0-255,105,294055,34,294292
17845,0.00806,172.31.33.0-255,66,294121,34,294292
17846,0.013457,172.31.33.0-255,105,294226,34,294292
17847,0.01546,74.125.24.0-255,66,294292,34,294292
17848,0.0,74.125.24.0-255,145,145,34,283415
17849,2.2e-05,172.31.33.0-255,66,211,34,283415
17850,2.7e-05,74.125.24.0-255,1484,1695,34,283415
17851,3.1e-05,172.31.33.0-255,66,1761,34,283415
17852,3.5e-05,74.125.24.0-255,2902,4663,34,283415
17853,3.7e-05,172.31.33.0-255,66,4729,34,283415
17854,4.2e-05,74.125.24.0-255,5738,10467,34,283415
17855,4.5e-05,172.31.33.0-255,66,10533,34,283415
17856,5.8e-05,74.125.24.0-255,1484,12017,34,283415
17857,6e-05,172.31.33.0-255,66,12083,34,283415
17858,7.9e-05,74.125.24.0-255,2053,14136,34,283415
17859,8.1e-05,172.31.33.0-255,66,14202,34,283415
17860,0.000126,74.125.24.0-255,1484,15686,34,283415
17861,0.000129,172.31.33.0-255,66,15752,34,283415
17862,0.000133,74.125.24.0-255,2902,18654,34,283415
17863,0.000135,172.31.33.0-255,66,18720,34,283415
17864,0.000141,74.125.24.0-255,4320,23040,34,283415
17865,0.000143,172.31.33.0-255,66,23106,34,283415
17866,0.000159,74.125.24.0-255,1484,24590,34,283415
17867,0.000161,172.31.33.0-255,66,24656,34,283415
17868,0.000172,74.125.24.0-255,2902,27558,34,283415
17869,0.000174,172.31.33.0-255,66,27624,34,283415
17870,0.000195,74.125.24.0-255,3961,31585,34,283415
17871,0.000198,172.31.33.0-255,66,31651,34,283415
17872,0.000277,74.125.24.0-255,1484,33135,34,283415
17873,0.000281,172.31.33.0-255,66,33201,34,283415
17874,0.000284,74.125.24.0-255,1484,34685,34,283415
17875,0.000286,172.31.33.0-255,66,34751,34,283415
17876,0.000298,74.125.24.0-255,1484,36235,34,283415
17877,0.0003,172.31.33.0-255,66,36301,34,283415
17878,0.000306,74.125.24.0-255,4320,40621,34,283415
17879,0.000309,172.31.33.0-255,66,40687,34,283415
17880,0.000332,74.125.24.0-255,1484,42171,34,283415
17881,0.000339,74.125.24.0-255,6797,48968,34,283415
17882,0.000342,172.31.33.0-255,66,49034,34,283415
17883,0.000706,74.125.24.0-255,1484,50518,34,283415
17884,0.000713,74.125.24.0-255,2902,53420,34,283415
17885,0.000717,172.31.33.0-255,66,53486,34,283415
17886,0.000724,74.125.24.0-255,4320,57806,34,283415
17887,0.000726,172.31.33.0-255,66,57872,34,283415
17888,0.000738,74.125.24.0-255,1484,59356,34,283415
17889,0.000783,74.125.24.0-255,2902,62258,34,283415
17890,0.000786,172.31.33.0-255,66,62324,34,283415
17891,0.000805,74.125.24.0-255,3961,66285,34,283415
17892,0.000807,172.31.33.0-255,66,66351,34,283415
17893,0.000872,74.125.24.0-255,1484,67835,34,283415
17894,0.000883,74.125.24.0-255,2902,70737,34,283415
17895,0.000885,172.31.33.0-255,66,70803,34,283415
17896,0.000901,74.125.24.0-255,4320,75123,34,283415
17897,0.000903,172.31.33.0-255,66,75189,34,283415
17898,0.000923,74.125.24.0-255,1484,76673,34,283415
17899,0.000927,74.125.24.0-255,2902,79575,34,283415
17900,0.000929,172.31.33.0-255,66,79641,34,283415
17901,0.000958,172.31.33.0-255,66,79707,34,283415
17902,0.000961,74.125.24.0-255,1484,81191,34,283415
17903,0.000976,74.125.24.0-255,4320,85511,34,283415
17904,0.000978,172.31.33.0-255,66,85577,34,283415
17905,0.001008,172.31.33.0-255,66,85643,34,283415
17906,0.001035,74.125.24.0-255,5738,91381,34,283415
17907,0.001038,172.31.33.0-255,66,91447,34,283415
17908,0.00105,74.125.24.0-255,2070,93517,34,283415
17909,0.001052,172.31.33.0-255,66,93583,34,283415
17910,0.001055,74.125.24.0-255,1484,95067,34,283415
17911,0.001059,74.125.24.0-255,2902,97969,34,283415
17912,0.001061,172.31.33.0-255,66,98035,34,283415
17913,0.001065,74.125.24.0-255,4320,102355,34,283415
17914,0.001067,172.31.33.0-255,66,102421,34,283415
17915,0.001077,74.125.24.0-255,1484,103905,34,283415
17916,0.001101,74.125.24.0-255,6920,110825,34,283415
17917,0.001104,172.31.33.0-255,66,110891,34,283415
17918,0.001192,74.125.24.0-255,1484,112375,34,283415
17919,0.001196,74.125.24.0-255,1484,113859,34,283415
17920,0.001198,172.31.33.0-255,66,113925,34,283415
17921,0.001215,74.125.24.0-255,1484,115409,34,283415
17922,0.001219,74.125.24.0-255,2902,118311,34,283415
17923,0.001222,172.31.33.0-255,66,118377,34,283415
17924,0.001232,74.125.24.0-255,2902,121279,34,283415
17925,0.001234,172.31.33.0-255,66,121345,34,283415
17926,0.001248,74.125.24.0-255,4320,125665,34,283415
17927,0.001251,172.31.33.0-255,66,125731,34,283415
17928,0.001282,172.31.33.0-255,66,125797,34,283415
17929,0.001291,172.31.33.0-255,66,125863,34,283415
17930,0.001309,74.125.24.0-255,766,126629,34,283415
17931,0.001574,74.125.24.0-255,1484,128113,34,283415
17932,0.001579,172.31.33.0-255,66,128179,34,283415
17933,0.001584,74.125.24.0-255,2902,131081,34,283415
17934,0.001586,172.31.33.0-255,66,131147,34,283415
17935,0.00159,74.125.24.0-255,4320,135467,34,283415
17936,0.001593,172.31.33.0-255,66,135533,34,283415
17937,0.001602,74.125.24.0-255,1484,137017,34,283415
17938,0.001605,74.125.24.0-255,1484,138501,34,283415
17939,0.001606,172.31.33.0-255,66,138567,34,283415
17940,0.001626,74.125.24.0-255,7156,145723,34,283415
17941,0.001628,172.31.33.0-255,66,145789,34,283415
17942,0.001637,172.31.33.0-255,66,145855,34,283415
17943,0.001661,74.125.24.0-255,5020,150875,34,283415
17944,0.001663,172.31.33.0-255,66,150941,34,283415
17945,0.001777,74.125.24.0-255,1484,152425,34,283415
17946,0.00178,74.125.24.0-255,1484,153909,34,283415
17947,0.001781,172.31.33.0-255,66,153975,34,283415
17948,0.00179,74.125.24.0-255,1484,155459,34,283415
17949,0.001795,74.125.24.0-255,5738,161197,34,283415
17950,0.001797,172.31.33.0-255,66,161263,34,283415
17951,0.001807,74.125.24.0-255,2902,164165,34,283415
17952,0.001809,172.31.33.0-255,66,164231,34,283415
17953,0.001823,74.125.24.0-255,2902,167133,34,283415
17954,0.001825,172.31.33.0-255,66,167199,34,283415
17955,0.001831,74.125.24.0-255,7156,174355,34,283415
17956,0.001832,172.31.33.0-255,66,174421,34,283415
17957,0.001863,74.125.24.0-255,2902,177323,34,283415
17958,0.001864,172.31.33.0-255,66,177389,34,283415
17959,0.00189,172.31.33.0-255,66,177455,34,283415
17960,0.001935,74.125.24.0-255,1484,178939,34,283415
17961,0.001953,74.125.24.0-255,2902,181841,34,283415
17962,0.001955,172.31.33.0-255,66,181907,34,283415
17963,0.00196,74.125.24.0-255,5738,187645,34,283415
17964,0.001961,172.31.33.0-255,66,187711,34,283415
17965,0.002005,172.31.33.0-255,66,187777,34,283415
17966,0.00203,74.125.24.0-255,1484,189261,34,283415
17967,0.00204,172.31.33.0-255,66,189327,34,283415
17968,0.002066,74.125.24.0-255,1484,190811,34,283415
17969,0.002087,74.125.24.0-255,2902,193713,34,283415
17970,0.002089,172.31.33.0-255,66,193779,34,283415
17971,0.002092,74.125.24.0-255,1484,195263,34,283415
17972,0.002096,74.125.24.0-255,2902,198165,34,283415
17973,0.002098,172.31.33.0-255,66,198231,34,283415
17974,0.002112,74.125.24.0-255,5738,203969,34,283415
17975,0.002114,172.31.33.0-255,66,204035,34,283415
17976,0.002118,74.125.24.0-255,4320,208355,34,283415
17977,0.002121,172.31.33.0-255,66,208421,34,283415
17978,0.002156,172.31.33.0-255,66,208487,34,283415
17979,0.002158,74.125.24.0-255,766,209253,34,283415
17980,0.002198,74.125.24.0-255,1484,210737,34,283415
17981,0.0022,172.31.33.0-255,66,210803,34,283415
17982,0.002225,74.125.24.0-255,1484,212287,34,283415
17983,0.002238,74.125.24.0-255,4320,216607,34,283415
17984,0.002241,172.31.33.0-255,66,216673,34,283415
17985,0.002257,74.125.24.0-255,2902,219575,34,283415
17986,0.002259,172.31.33.0-255,66,219641,34,283415
17987,0.002276,74.125.24.0-255,7156,226797,34,283415
17988,0.002278,172.31.33.0-255,66,226863,34,283415
17989,0.002283,74.125.24.0-255,4320,231183,34,283415
17990,0.002284,172.31.33.0-255,66,231249,34,283415
17991,0.002336,172.31.33.0-255,66,231315,34,283415
17992,0.002353,74.125.24.0-255,3602,234917,34,283415
17993,0.002355,172.31.33.0-255,66,234983,34,283415
17994,0.002485,74.125.24.0-255,1484,236467,34,283415
17995,0.00249,74.125.24.0-255,2902,239369,34,283415
17996,0.002492,172.31.33.0-255,66,239435,34,283415
17997,0.002514,74.125.24.0-255,5738,245173,34,283415
17998,0.002517,172.31.33.0-255,66,245239,34,283415
17999,0.002519,74.125.24.0-255,1484,246723,34,283415
18000,0.002543,172.31.33.0-255,66,246789,34,283415
18001,0.002588,74.125.24.0-255,1484,248273,34,283415
18002,0.002602,74.125.24.0-255,7156,255429,34,283415
18003,0.002604,172.31.33.0-255,66,255495,34,283415
18004,0.002623,74.125.24.0-255,3602,259097,34,283415
18005,0.002625,172.31.33.0-255,66,259163,34,283415
18006,0.002629,74.125.24.0-255,4320,263483,34,283415
18007,0.002631,172.31.33.0-255,66,263549,34,283415
18008,0.002653,172.31.33.0-255,66,263615,34,283415
18009,0.002659,74.125.24.0-255,7156,270771,34,283415
18010,0.00266,172.31.33.0-255,66,270837,34,283415
18011,0.002695,74.125.24.0-255,5738,276575,34,283415
18012,0.002697,172.31.33.0-255,66,276641,34,283415
18013,0.002714,74.125.24.0-255,2075,278716,34,283415
18014,0.002716,172.31.33.0-255,66,278782,34,283415
18015,0.002726,74.125.24.0-255,105,278887,34,283415
18016,0.00556,172.31.33.0-255,66,278953,34,283415
18017,0.005588,172.31.33.0-255,105,279058,34,283415
18018,0.007577,74.125.24.0-255,66,279124,34,283415
18019,0.024678,172.31.33.0-255,172,279296,34,283415
18020,0.024705,172.31.33.0-255,1113,280409,34,283415
18021,0.024741,172.31.33.0-255,1514,281923,34,283415
18022,0.024743,172.31.33.0-255,1294,283217,34,283415
18023,0.026227,104.244.42.0-255,66,283283,34,283415
18024,0.026276,104.244.42.0-255,66,283349,34,283415
18025,0.026339,104.244.42.0-255,66,283415,34,283415
18026,0.0,74.125.24.0-255,337,337,34,206209
18027,3.2e-05,172.31.33.0-255,66,403,34,206209
18028,3.9e-05,74.125.24.0-255,1484,1887,34,206209
18029,4.4e-05,172.31.33.0-255,66,1953,34,206209
18030,5e-05,74.125.24.0-255,2902,4855,34,206209
18031,5.9e-05,172.31.33.0-255,66,4921,34,206209
18032,6.7e-05,74.125.24.0-255,5738,10659,34,206209
18033,6.9e-05,172.31.33.0-255,66,10725,34,206209
18034,7.5e-05,74.125.24.0-255,5738,16463,34,206209
18035,7.9e-05,172.31.33.0-255,66,16529,34,206209
18036,0.00012,74.125.24.0-255,4858,21387,34,206209
18037,0.000123,172.31.33.0-255,66,21453,34,206209
18038,0.000128,74.125.24.0-255,4320,25773,34,206209
18039,0.000131,172.31.33.0-255,66,25839,34,206209
18040,0.000168,74.125.24.0-255,5379,31218,34,206209
18041,0.000171,172.31.33.0-255,66,31284,34,206209
18042,0.00024,74.125.24.0-255,1484,32768,34,206209
18043,0.000245,172.31.33.0-255,66,32834,34,206209
18044,0.000255,74.125.24.0-255,2902,35736,34,206209
18045,0.000257,172.31.33.0-255,66,35802,34,206209
18046,0.000263,74.125.24.0-255,4320,40122,34,206209
18047,0.000266,172.31.33.0-255,66,40188,34,206209
18048,0.000301,74.125.24.0-255,1484,41672,34,206209
18049,0.000305,172.31.33.0-255,66,41738,34,206209
18050,0.000313,74.125.24.0-255,5738,47476,34,206209
18051,0.000316,172.31.33.0-255,66,47542,34,206209
18052,0.000338,172.31.33.0-255,66,47608,34,206209
18053,0.000344,74.125.24.0-255,5317,52925,34,206209
18054,0.000347,172.31.33.0-255,66,52991,34,206209
18055,0.000617,74.125.24.0-255,130,53121,34,206209
18056,0.000623,172.31.33.0-255,66,53187,34,206209
18057,0.000802,74.125.24.0-255,1484,54671,34,206209
18058,0.000822,74.125.24.0-255,2902,57573,34,206209
18059,0.000827,172.31.33.0-255,66,57639,34,206209
18060,0.000855,74.125.24.0-255,2902,60541,34,206209
18061,0.000859,172.31.33.0-255,66,60607,34,206209
18062,0.000887,74.125.24.0-255,2902,63509,34,206209
18063,0.000891,172.31.33.0-255,66,63575,34,206209
18064,0.000898,74.125.24.0-255,7156,70731,34,206209
18065,0.0009,172.31.33.0-255,66,70797,34,206209
18066,0.000912,74.125.24.0-255,5738,76535,34,206209
18067,0.000915,172.31.33.0-255,66,76601,34,206209
18068,0.000955,172.31.33.0-255,66,76667,34,206209
18069,0.00099,74.125.24.0-255,1484,78151,34,206209
18070,0.000996,74.125.24.0-255,2902,81053,34,206209
18071,0.000998,172.31.33.0-255,66,81119,34,206209
18072,0.001003,74.125.24.0-255,2902,84021,34,206209
18073,0.001005,172.31.33.0-255,66,84087,34,206209
18074,0.001028,74.125.24.0-255,2902,86989,34,206209
18075,0.001031,172.31.33.0-255,66,87055,34,206209
18076,0.001042,172.31.33.0-255,66,87121,34,206209
18077,0.001079,74.125.24.0-255,4320,91441,34,206209
18078,0.001083,172.31.33.0-255,66,91507,34,206209
18079,0.001089,74.125.24.0-255,5738,97245,34,206209
18080,0.001091,172.31.33.0-255,66,97311,34,206209
18081,0.001112,74.125.24.0-255,5020,102331,34,206209
18082,0.001116,172.31.33.0-255,66,102397,34,206209
18083,0.001248,74.125.24.0-255,1484,103881,34,206209
18084,0.001254,74.125.24.0-255,2902,106783,34,206209
18085,0.00126,172.31.33.0-255,66,106849,34,206209
18086,0.001283,74.125.24.0-255,5738,112587,34,206209
18087,0.001286,172.31.33.0-255,66,112653,34,206209
18088,0.001293,74.125.24.0-255,4320,116973,34,206209
18089,0.001295,172.31.33.0-255,66,117039,34,206209
18090,0.001327,74.125.24.0-255,2902,119941,34,206209
18091,0.001331,172.31.33.0-255,66,120007,34,206209
18092,0.001342,172.31.33.0-255,66,120073,34,206209
18093,0.001373,74.125.24.0-255,4320,124393,34,206209
18094,0.001377,74.125.24.0-255,2184,126577,34,206209
18095,0.001378,172.31.33.0-255,66,126643,34,206209
18096,0.001381,172.31.33.0-255,66,126709,34,206209
18097,0.001414,74.125.24.0-255,1484,128193,34,206209
18098,0.001429,74.125.24.0-255,2902,131095,34,206209
18099,0.001433,172.31.33.0-255,66,131161,34,206209
18100,0.001437,74.125.24.0-255,1484,132645,34,206209
18101,0.001477,74.125.24.0-255,4320,136965,34,206209
18102,0.001481,172.31.33.0-255,66,137031,34,206209
18103,0.001487,74.125.24.0-255,4320,141351,34,206209
18104,0.001493,172.31.33.0-255,66,141417,34,206209
18105,0.001505,172.31.33.0-255,66,141483,34,206209
18106,0.001515,172.31.33.0-255,66,141549,34,206209
18107,0.001557,172.31.33.0-255,66,141615,34,206209
18108,0.001563,74.125.24.0-255,4320,145935,34,206209
18109,0.001565,172.31.33.0-255,66,146001,34,206209
18110,0.001568,74.125.24.0-255,1484,147485,34,206209
18111,0.001612,172.31.33.0-255,66,147551,34,206209
18112,0.001618,74.125.24.0-255,4320,151871,34,206209
18113,0.00162,172.31.33.0-255,66,151937,34,206209
18114,0.00164,74.125.24.0-255,2184,154121,34,206209
18115,0.001647,172.31.33.0-255,66,154187,34,206209
18116,0.001898,74.125.24.0-255,1484,155671,34,206209
18117,0.001905,74.125.24.0-255,2902,158573,34,206209
18118,0.001909,172.31.33.0-255,66,158639,34,206209
18119,0.001915,74.125.24.0-255,2902,161541,34,206209
18120,0.001918,172.31.33.0-255,66,161607,34,206209
18121,0.001951,74.125.24.0-255,2902,164509,34,206209
18122,0.001956,172.31.33.0-255,66,164575,34,206209
18123,0.002016,172.31.33.0-255,66,164641,34,206209
18124,0.002048,74.125.24.0-255,1484,166125,34,206209
18125,0.002061,172.31.33.0-255,66,166191,34,206209
18126,0.002086,74.125.24.0-255,1484,167675,34,206209
18127,0.002091,74.125.24.0-255,2902,170577,34,206209
18128,0.002094,172.31.33.0-255,66,170643,34,206209
18129,0.002125,74.125.24.0-255,5738,176381,34,206209
18130,0.002129,172.31.33.0-255,66,176447,34,206209
18131,0.002134,74.125.24.0-255,4320,180767,34,206209
18132,0.002137,172.31.33.0-255,66,180833,34,206209
18133,0.002185,172.31.33.0-255,66,180899,34,206209
18134,0.002201,172.31.33.0-255,66,180965,34,206209
18135,0.002206,74.125.24.0-255,2902,183867,34,206209
18136,0.002208,172.31.33.0-255,66,183933,34,206209
18137,0.002265,172.31.33.0-255,66,183999,34,206209
18138,0.002286,172.31.33.0-255,66,184065,34,206209
18139,0.002299,172.31.33.0-255,66,184131,34,206209
18140,0.002306,74.125.24.0-255,7156,191287,34,206209
18141,0.002309,172.31.33.0-255,66,191353,34,206209
18142,0.002348,172.31.33.0-255,66,191419,34,206209
18143,0.002355,74.125.24.0-255,7156,198575,34,206209
18144,0.002362,172.31.33.0-255,66,198641,34,206209
18145,0.002399,172.31.33.0-255,66,198707,34,206209
18146,0.002411,172.31.33.0-255,66,198773,34,206209
18147,0.002415,74.125.24.0-255,2902,201675,34,206209
18148,0.002418,172.31.33.0-255,66,201741,34,206209
18149,0.002445,74.125.24.0-255,4060,205801,34,206209
18150,0.002454,172.31.33.0-255,66,205867,34,206209
18151,0.002489,74.125.24.0-255,105,205972,34,206209
18152,0.003858,172.31.33.0-255,66,206038,34,206209
18153,0.003887,172.31.33.0-255,105,206143,34,206209
18154,0.006459,74.125.24.0-255,66,206209,34,206209
18155,0.0,172.217.194.0-255,217,217,34,135360
18156,2.1e-05,172.31.33.0-255,66,283,34,135360
18157,2.8e-05,172.217.194.0-255,1484,1767,34,135360
18158,3.3e-05,172.31.33.0-255,66,1833,34,135360
18159,4e-05,172.217.194.0-255,4320,6153,34,135360
18160,4.5e-05,172.31.33.0-255,66,6219,34,135360
18161,0.000106,172.31.33.0-255,66,6285,34,135360
18162,0.000174,172.217.194.0-255,7156,13441,34,135360
18163,0.000177,172.31.33.0-255,66,13507,34,135360
18164,0.000201,172.217.194.0-255,7156,20663,34,135360
18165,0.000204,172.31.33.0-255,66,20729,34,135360
18166,0.000329,172.217.194.0-255,2543,23272,34,135360
18167,0.000334,172.31.33.0-255,66,23338,34,135360
18168,0.000361,172.217.194.0-255,2902,26240,34,135360
18169,0.000363,172.31.33.0-255,66,26306,34,135360
18170,0.000391,172.31.33.0-255,66,26372,34,135360
18171,0.000582,172.217.194.0-255,2902,29274,34,135360
18172,0.000586,172.31.33.0-255,66,29340,34,135360
18173,0.000615,172.31.33.0-255,66,29406,34,135360
18174,0.000778,172.217.194.0-255,2902,32308,34,135360
18175,0.000782,172.31.33.0-255,66,32374,34,135360
18176,0.000811,172.31.33.0-255,66,32440,34,135360
18177,0.00096,172.31.33.0-255,66,32506,34,135360
18178,0.000988,172.31.33.0-255,66,32572,34,135360
18179,0.001194,172.217.194.0-255,1484,34056,34,135360
18180,0.001199,172.31.33.0-255,66,34122,34,135360
18181,0.001203,172.217.194.0-255,2902,37024,34,135360
18182,0.001215,172.31.33.0-255,66,37090,34,135360
18183,0.001245,172.217.194.0-255,4320,41410,34,135360
18184,0.001265,172.217.194.0-255,1484,42894,34,135360
18185,0.001274,172.31.33.0-255,66,42960,34,135360
18186,0.001315,172.217.194.0-255,2902,45862,34,135360
18187,0.001347,172.31.33.0-255,66,45928,34,135360
18188,0.001478,172.31.33.0-255,66,45994,34,135360
18189,0.001513,172.31.33.0-255,66,46060,34,135360
18190,0.001836,172.31.33.0-255,66,46126,34,135360
18191,0.001851,172.217.194.0-255,2902,49028,34,135360
18192,0.001914,172.31.33.0-255,66,49094,34,135360
18193,0.001959,172.217.194.0-255,3602,52696,34,135360
18194,0.001965,172.31.33.0-255,66,52762,34,135360
18195,0.00201,172.217.194.0-255,4320,57082,34,135360
18196,0.00202,172.31.33.0-255,66,57148,34,135360
18197,0.002087,172.31.33.0-255,66,57214,34,135360
18198,0.002433,172.31.33.0-255,66,57280,34,135360
18199,0.002501,172.217.194.0-255,3602,60882,34,135360
18200,0.002983,172.31.33.0-255,66,60948,34,135360
18201,0.008525,172.31.33.0-255,66,61014,34,135360
18202,0.010748,172.217.194.0-255,5738,66752,34,135360
18203,0.010759,172.31.33.0-255,66,66818,34,135360
18204,0.012993,172.217.194.0-255,5738,72556,34,135360
18205,0.014783,172.31.33.0-255,66,72622,34,135360
18206,0.017012,172.217.194.0-255,5738,78360,34,135360
18207,0.017028,172.31.33.0-255,66,78426,34,135360
18208,0.019262,172.217.194.0-255,5738,84164,34,135360
18209,0.019273,172.31.33.0-255,66,84230,34,135360
18210,0.021503,172.217.194.0-255,5738,89968,34,135360
18211,0.021511,172.31.33.0-255,66,90034,34,135360
18212,0.02378,172.217.194.0-255,5738,95772,34,135360
18213,0.023797,172.31.33.0-255,66,95838,34,135360
18214,0.026025,172.217.194.0-255,5738,101576,34,135360
18215,0.026032,172.31.33.0-255,66,101642,34,135360
18216,0.028288,172.217.194.0-255,5738,107380,34,135360
18217,0.028294,172.31.33.0-255,66,107446,34,135360
18218,0.030563,172.217.194.0-255,5738,113184,34,135360
18219,0.030582,172.31.33.0-255,66,113250,34,135360
18220,0.03287,172.217.194.0-255,5738,118988,34,135360
18221,0.032878,172.31.33.0-255,66,119054,34,135360
18222,0.035117,172.217.194.0-255,5738,124792,34,135360
18223,0.035125,172.31.33.0-255,66,124858,34,135360
18224,0.037371,172.217.194.0-255,5738,130596,34,135360
18225,0.037389,172.31.33.0-255,66,130662,34,135360
18226,0.039615,172.217.194.0-255,4527,135189,34,135360
18227,0.039623,172.31.33.0-255,66,135255,34,135360
18228,0.039821,172.31.33.0-255,105,135360,34,135360
18229,0.0,172.31.33.0-255,66,66,34,66
18230,0.0,74.125.24.0-255,153,153,34,157666
18231,2.3e-05,172.31.33.0-255,66,219,34,157666
18232,2.9e-05,74.125.24.0-255,1484,1703,34,157666
18233,3.4e-05,172.31.33.0-255,66,1769,34,157666
18234,3.8e-05,74.125.24.0-255,2902,4671,34,157666
18235,4.1e-05,172.31.33.0-255,66,4737,34,157666
18236,4.6e-05,74.125.24.0-255,2902,7639,34,157666
18237,4.8e-05,172.31.33.0-255,66,7705,34,157666
18238,7.6e-05,74.125.24.0-255,4320,12025,34,157666
18239,7.9e-05,172.31.33.0-255,66,12091,34,157666
18240,8.3e-05,74.125.24.0-255,2060,14151,34,157666
18241,8.6e-05,172.31.33.0-255,66,14217,34,157666
18242,0.000392,74.125.24.0-255,1484,15701,34,157666
18243,0.000398,172.31.33.0-255,66,15767,34,157666
18244,0.000405,74.125.24.0-255,2902,18669,34,157666
18245,0.000408,172.31.33.0-255,66,18735,34,157666
18246,0.000414,74.125.24.0-255,5738,24473,34,157666
18247,0.000416,172.31.33.0-255,66,24539,34,157666
18248,0.000421,74.125.24.0-255,4320,28859,34,157666
18249,0.000423,172.31.33.0-255,66,28925,34,157666
18250,0.000465,74.125.24.0-255,2543,31468,34,157666
18251,0.00047,172.31.33.0-255,66,31534,34,157666
18252,0.000615,74.125.24.0-255,1484,33018,34,157666
18253,0.00062,172.31.33.0-255,66,33084,34,157666
18254,0.000626,74.125.24.0-255,2902,35986,34,157666
18255,0.000628,172.31.33.0-255,66,36052,34,157666
18256,0.000633,74.125.24.0-255,4320,40372,34,157666
18257,0.000635,172.31.33.0-255,66,40438,34,157666
18258,0.000638,74.125.24.0-255,1484,41922,34,157666
18259,0.00064,172.31.33.0-255,66,41988,34,157666
18260,0.000678,172.31.33.0-255,66,42054,34,157666
18261,0.000693,172.31.33.0-255,66,42120,34,157666
18262,0.000696,74.125.24.0-255,393,42513,34,157666
18263,0.000743,74.125.24.0-255,381,42894,34,157666
18264,0.001058,74.125.24.0-255,1484,44378,34,157666
18265,0.001063,172.31.33.0-255,66,44444,34,157666
18266,0.001069,74.125.24.0-255,2902,47346,34,157666
18267,0.001071,172.31.33.0-255,66,47412,34,157666
18268,0.001098,74.125.24.0-255,5738,53150,34,157666
18269,0.001102,172.31.33.0-255,66,53216,34,157666
18270,0.00116,172.31.33.0-255,66,53282,34,157666
18271,0.001171,172.31.33.0-255,66,53348,34,157666
18272,0.001177,74.125.24.0-255,4320,57668,34,157666
18273,0.001179,172.31.33.0-255,66,57734,34,157666
18274,0.001204,74.125.24.0-255,766,58500,34,157666
18275,0.001503,172.31.33.0-255,66,58566,34,157666
18276,0.001516,74.125.24.0-255,1484,60050,34,157666
18277,0.001521,74.125.24.0-255,2902,62952,34,157666
18278,0.001525,172.31.33.0-255,66,63018,34,157666
18279,0.001539,74.125.24.0-255,2902,65920,34,157666
18280,0.001541,172.31.33.0-255,66,65986,34,157666
18281,0.001568,74.125.24.0-255,2902,68888,34,157666
18282,0.001571,172.31.33.0-255,66,68954,34,157666
18283,0.001582,172.31.33.0-255,66,69020,34,157666
18284,0.001614,74.125.24.0-255,4320,73340,34,157666
18285,0.001619,172.31.33.0-255,66,73406,34,157666
18286,0.001649,172.31.33.0-255,66,73472,34,157666
18287,0.00424,74.125.24.0-255,5738,79210,34,157666
18288,0.004248,172.31.33.0-255,66,79276,34,157666
18289,0.006834,74.125.24.0-255,5738,85014,34,157666
18290,0.006841,172.31.33.0-255,66,85080,34,157666
18291,0.009436,74.125.24.0-255,5738,90818,34,157666
18292,0.009446,172.31.33.0-255,66,90884,34,157666
18293,0.011984,74.125.24.0-255,5738,96622,34,157666
18294,0.011996,172.31.33.0-255,66,96688,34,157666
18295,0.014556,74.125.24.0-255,5738,102426,34,157666
18296,0.014566,172.31.33.0-255,66,102492,34,157666
18297,0.01717,74.125.24.0-255,5738,108230,34,157666
18298,0.017178,172.31.33.0-255,66,108296,34,157666
18299,0.019751,74.125.24.0-255,5738,114034,34,157666
18300,0.019766,172.31.33.0-255,66,114100,34,157666
18301,0.022382,74.125.24.0-255,5738,119838,34,157666
18302,0.022393,172.31.33.0-255,66,119904,34,157666
18303,0.023603,172.31.33.0-255,171,120075,34,157666
18304,0.023634,172.31.33.0-255,1136,121211,34,157666
18305,0.023678,172.31.33.0-255,1514,122725,34,157666
18306,0.023681,172.31.33.0-255,1271,123996,34,157666
18307,0.024943,74.125.24.0-255,5738,129734,34,157666
18308,0.024949,172.31.33.0-255,66,129800,34,157666
18309,0.025175,104.244.42.0-255,66,129866,34,157666
18310,0.025183,104.244.42.0-255,66,129932,34,157666
18311,0.025259,104.244.42.0-255,66,129998,34,157666
18312,0.027484,74.125.24.0-255,5738,135736,34,157666
18313,0.027488,172.31.33.0-255,66,135802,34,157666
18314,0.030023,74.125.24.0-255,5738,141540,34,157666
18315,0.030029,172.31.33.0-255,66,141606,34,157666
18316,0.03263,74.125.24.0-255,4320,145926,34,157666
18317,0.032635,172.31.33.0-255,66,145992,34,157666
18318,0.032659,74.125.24.0-255,1484,147476,34,157666
18319,0.035211,74.125.24.0-255,4320,151796,34,157666
18320,0.035218,172.31.33.0-255,66,151862,34,157666
18321,0.037841,74.125.24.0-255,5738,157600,34,157666
18322,0.037852,172.31.33.0-255,66,157666,34,157666
18323,0.0,216.58.221.0-255,153,153,34,193444
18324,3.2e-05,172.31.33.0-255,66,219,34,193444
18325,3.9e-05,216.58.221.0-255,1484,1703,34,193444
18326,4.3e-05,172.31.33.0-255,66,1769,34,193444
18327,4.8e-05,216.58.221.0-255,2902,4671,34,193444
18328,5.8e-05,172.31.33.0-255,66,4737,34,193444
18329,6.5e-05,216.58.221.0-255,5738,10475,34,193444
18330,6.9e-05,172.31.33.0-255,66,10541,34,193444
18331,7.3e-05,216.58.221.0-255,2902,13443,34,193444
18332,7.5e-05,172.31.33.0-255,66,13509,34,193444
18333,0.000109,172.31.33.0-255,66,13575,34,193444
18334,0.000125,216.58.221.0-255,1484,15059,34,193444
18335,0.000128,172.31.33.0-255,66,15125,34,193444
18336,0.000164,172.31.33.0-255,66,15191,34,193444
18337,0.000285,216.58.221.0-255,1484,16675,34,193444
18338,0.00029,172.31.33.0-255,66,16741,34,193444
18339,0.000325,216.58.221.0-255,2902,19643,34,193444
18340,0.000329,172.31.33.0-255,66,19709,34,193444
18341,0.000335,216.58.221.0-255,5738,25447,34,193444
18342,0.000338,172.31.33.0-255,66,25513,34,193444
18343,0.000343,216.58.221.0-255,4320,29833,34,193444
18344,0.000345,172.31.33.0-255,66,29899,34,193444
18345,0.000352,216.58.221.0-255,5379,35278,34,193444
18346,0.000355,172.31.33.0-255,66,35344,34,193444
18347,0.000368,172.31.33.0-255,66,35410,34,193444
18348,0.000396,216.58.221.0-255,1484,36894,34,193444
18349,0.0004,172.31.33.0-255,66,36960,34,193444
18350,0.000405,216.58.221.0-255,2543,39503,34,193444
18351,0.000407,172.31.33.0-255,66,39569,34,193444
18352,0.000432,216.58.221.0-255,390,39959,34,193444
18353,0.00085,172.31.33.0-255,66,40025,34,193444
18354,0.001424,216.58.221.0-255,120,40145,34,193444
18355,0.001465,172.31.33.0-255,66,40211,34,193444
18356,0.001625,216.58.221.0-255,1484,41695,34,193444
18357,0.001634,216.58.221.0-255,2902,44597,34,193444
18358,0.001638,172.31.33.0-255,66,44663,34,193444
18359,0.001676,216.58.221.0-255,5738,50401,34,193444
18360,0.00168,172.31.33.0-255,66,50467,34,193444
18361,0.001687,216.58.221.0-255,5738,56205,34,193444
18362,0.001689,172.31.33.0-255,66,56271,34,193444
18363,0.001693,216.58.221.0-255,1484,57755,34,193444
18364,0.001734,216.58.221.0-255,5379,63134,34,193444
18365,0.001738,172.31.33.0-255,66,63200,34,193444
18366,0.001749,172.31.33.0-255,66,63266,34,193444
18367,0.001777,216.58.221.0-255,2543,65809,34,193444
18368,0.001781,172.31.33.0-255,66,65875,34,193444
18369,0.002163,216.58.221.0-255,1484,67359,34,193444
18370,0.00221,216.58.221.0-255,2902,70261,34,193444
18371,0.002214,172.31.33.0-255,66,70327,34,193444
18372,0.002242,216.58.221.0-255,1484,71811,34,193444
18373,0.002246,216.58.221.0-255,2902,74713,34,193444
18374,0.002249,172.31.33.0-255,66,74779,34,193444
18375,0.002253,216.58.221.0-255,2902,77681,34,193444
18376,0.002255,172.31.33.0-255,66,77747,34,193444
18377,0.002258,216.58.221.0-255,1484,79231,34,193444
18378,0.002289,216.58.221.0-255,1484,80715,34,193444
18379,0.002292,172.31.33.0-255,66,80781,34,193444
18380,0.002296,216.58.221.0-255,1484,82265,34,193444
18381,0.002315,216.58.221.0-255,1484,83749,34,193444
18382,0.002317,172.31.33.0-255,66,83815,34,193444
18383,0.002346,216.58.221.0-255,4320,88135,34,193444
18384,0.002349,172.31.33.0-255,66,88201,34,193444
18385,0.002379,216.58.221.0-255,1484,89685,34,193444
18386,0.002383,216.58.221.0-255,2902,92587,34,193444
18387,0.002385,172.31.33.0-255,66,92653,34,193444
18388,0.002391,216.58.221.0-255,4320,96973,34,193444
18389,0.002393,172.31.33.0-255,66,97039,34,193444
18390,0.002397,216.58.221.0-255,3602,100641,34,193444
18391,0.002399,172.31.33.0-255,66,100707,34,193444
18392,0.002811,216.58.221.0-255,1484,102191,34,193444
18393,0.00282,216.58.221.0-255,2902,105093,34,193444
18394,0.002824,172.31.33.0-255,66,105159,34,193444
18395,0.002831,216.58.221.0-255,5738,110897,34,193444
18396,0.002833,172.31.33.0-255,66,110963,34,193444
18397,0.002868,216.58.221.0-255,7156,118119,34,193444
18398,0.00287,172.31.33.0-255,66,118185,34,193444
18399,0.00288,172.31.33.0-255,66,118251,34,193444
18400,0.002902,216.58.221.0-255,4320,122571,34,193444
18401,0.002905,172.31.33.0-255,66,122637,34,193444
18402,0.00293,216.58.221.0-255,3602,126239,34,193444
18403,0.002933,172.31.33.0-255,66,126305,34,193444
18404,0.002943,172.31.33.0-255,66,126371,34,193444
18405,0.002972,172.31.33.0-255,66,126437,34,193444
18406,0.003,216.58.221.0-255,7156,133593,34,193444
18407,0.003003,172.31.33.0-255,66,133659,34,193444
18408,0.003014,172.31.33.0-255,66,133725,34,193444
18409,0.003034,216.58.221.0-255,1484,135209,34,193444
18410,0.003058,216.58.221.0-255,2902,138111,34,193444
18411,0.00306,172.31.33.0-255,66,138177,34,193444
18412,0.003067,216.58.221.0-255,5738,143915,34,193444
18413,0.003069,172.31.33.0-255,66,143981,34,193444
18414,0.003076,216.58.221.0-255,7156,151137,34,193444
18415,0.003078,172.31.33.0-255,66,151203,34,193444
18416,0.003102,216.58.221.0-255,4320,155523,34,193444
18417,0.003107,216.58.221.0-255,7156,162679,34,193444
18418,0.003112,172.31.33.0-255,66,162745,34,193444
18419,0.00313,172.31.33.0-255,66,162811,34,193444
18420,0.003136,216.58.221.0-255,5020,167831,34,193444
18421,0.003138,172.31.33.0-255,66,167897,34,193444
18422,0.00315,172.31.33.0-255,66,167963,34,193444
18423,0.00317,216.58.221.0-255,5738,173701,34,193444
18424,0.003173,172.31.33.0-255,66,173767,34,193444
18425,0.003227,172.31.33.0-255,66,173833,34,193444
18426,0.003245,172.31.33.0-255,66,173899,34,193444
18427,0.003256,172.31.33.0-255,66,173965,34,193444
18428,0.00326,216.58.221.0-255,2902,176867,34,193444
18429,0.003262,172.31.33.0-255,66,176933,34,193444
18430,0.003303,172.31.33.0-255,66,176999,34,193444
18431,0.003319,172.31.33.0-255,66,177065,34,193444
18432,0.003328,172.31.33.0-255,66,177131,34,193444
18433,0.003376,216.58.221.0-255,5738,182869,34,193444
18434,0.00338,172.31.33.0-255,66,182935,34,193444
18435,0.003412,216.58.221.0-255,2902,185837,34,193444
18436,0.003417,172.31.33.0-255,66,185903,34,193444
18437,0.003431,172.31.33.0-255,66,185969,34,193444
18438,0.003444,172.31.33.0-255,66,186035,34,193444
18439,0.003454,172.31.33.0-255,66,186101,34,193444
18440,0.003457,216.58.221.0-255,1484,187585,34,193444
18441,0.00347,172.31.33.0-255,66,187651,34,193444
18442,0.003475,216.58.221.0-255,5385,193036,34,193444
18443,0.003478,172.31.33.0-255,66,193102,34,193444
18444,0.003505,216.58.221.0-255,105,193207,34,193444
18445,0.005814,172.31.33.0-255,66,193273,34,193444
18446,0.005882,172.31.33.0-255,105,193378,34,193444
18447,0.00777,216.58.221.0-255,66,193444,34,193444
18448,0.0,74.125.24.0-255,153,153,34,281440
18449,2.2e-05,172.31.33.0-255,66,219,34,281440
18450,2.9e-05,74.125.24.0-255,1484,1703,34,281440
18451,3.4e-05,172.31.33.0-255,66,1769,34,281440
18452,4e-05,74.125.24.0-255,2902,4671,34,281440
18453,5.2e-05,172.31.33.0-255,66,4737,34,281440
18454,6e-05,74.125.24.0-255,7156,11893,34,281440
18455,6.3e-05,172.31.33.0-255,66,11959,34,281440
18456,0.000105,74.125.24.0-255,1985,13944,34,281440
18457,0.000108,172.31.33.0-255,66,14010,34,281440
18458,0.00015,74.125.24.0-255,2902,16912,34,281440
18459,0.000153,172.31.33.0-255,66,16978,34,281440
18460,0.000183,74.125.24.0-255,4320,21298,34,281440
18461,0.000186,172.31.33.0-255,66,21364,34,281440
18462,0.000197,172.31.33.0-255,66,21430,34,281440
18463,0.0002,74.125.24.0-255,1125,22555,34,281440
18464,0.000202,172.31.33.0-255,66,22621,34,281440
18465,0.000294,74.125.24.0-255,1484,24105,34,281440
18466,0.000298,172.31.33.0-255,66,24171,34,281440
18467,0.000304,74.125.24.0-255,2902,27073,34,281440
18468,0.000306,172.31.33.0-255,66,27139,34,281440
18469,0.00031,74.125.24.0-255,2902,30041,34,281440
18470,0.000317,172.31.33.0-255,66,30107,34,281440
18471,0.000342,74.125.24.0-255,2902,33009,34,281440
18472,0.000346,172.31.33.0-255,66,33075,34,281440
18473,0.000351,74.125.24.0-255,2902,35977,34,281440
18474,0.000353,172.31.33.0-255,66,36043,34,281440
18475,0.000379,74.125.24.0-255,5379,41422,34,281440
18476,0.000381,172.31.33.0-255,66,41488,34,281440
18477,0.000392,172.31.33.0-255,66,41554,34,281440
18478,0.0004,74.125.24.0-255,5738,47292,34,281440
18479,0.000403,172.31.33.0-255,66,47358,34,281440
18480,0.000415,74.125.24.0-255,1436,48794,34,281440
18481,0.000547,74.125.24.0-255,111,48905,34,281440
18482,0.000563,74.125.24.0-255,330,49235,34,281440
18483,0.000566,172.31.33.0-255,66,49301,34,281440
18484,0.000783,74.125.24.0-255,1484,50785,34,281440
18485,0.000788,74.125.24.0-255,2902,53687,34,281440
18486,0.000791,172.31.33.0-255,66,53753,34,281440
18487,0.000795,74.125.24.0-255,1484,55237,34,281440
18488,0.000818,74.125.24.0-255,4320,59557,34,281440
18489,0.000823,172.31.33.0-255,66,59623,34,281440
18490,0.000863,172.31.33.0-255,66,59689,34,281440
18491,0.000868,74.125.24.0-255,4320,64009,34,281440
18492,0.000869,172.31.33.0-255,66,64075,34,281440
18493,0.000897,74.125.24.0-255,6438,70513,34,281440
18494,0.0009,172.31.33.0-255,66,70579,34,281440
18495,0.001067,74.125.24.0-255,1484,72063,34,281440
18496,0.001072,74.125.24.0-255,2902,74965,34,281440
18497,0.001075,172.31.33.0-255,66,75031,34,281440
18498,0.001104,74.125.24.0-255,5738,80769,34,281440
18499,0.001106,172.31.33.0-255,66,80835,34,281440
18500,0.001109,74.125.24.0-255,1484,82319,34,281440
18501,0.001144,172.31.33.0-255,66,82385,34,281440
18502,0.001183,74.125.24.0-255,5738,88123,34,281440
18503,0.001187,172.31.33.0-255,66,88189,34,281440
18504,0.00121,74.125.24.0-255,5020,93209,34,281440
18505,0.001213,172.31.33.0-255,66,93275,34,281440
18506,0.001351,74.125.24.0-255,1484,94759,34,281440
18507,0.001377,74.125.24.0-255,2902,97661,34,281440
18508,0.001381,172.31.33.0-255,66,97727,34,281440
18509,0.001392,74.125.24.0-255,2902,100629,34,281440
18510,0.001398,172.31.33.0-255,66,100695,34,281440
18511,0.001427,74.125.24.0-255,1484,102179,34,281440
18512,0.001433,74.125.24.0-255,5738,107917,34,281440
18513,0.001436,172.31.33.0-255,66,107983,34,281440
18514,0.001439,74.125.24.0-255,1484,109467,34,281440
18515,0.001471,172.31.33.0-255,66,109533,34,281440
18516,0.001478,74.125.24.0-255,7156,116689,34,281440
18517,0.00148,172.31.33.0-255,66,116755,34,281440
18518,0.00153,74.125.24.0-255,766,117521,34,281440
18519,0.001874,74.125.24.0-255,1484,119005,34,281440
18520,0.001877,172.31.33.0-255,66,119071,34,281440
18521,0.001882,74.125.24.0-255,2902,121973,34,281440
18522,0.001884,172.31.33.0-255,66,122039,34,281440
18523,0.001922,74.125.24.0-255,5738,127777,34,281440
18524,0.001924,172.31.33.0-255,66,127843,34,281440
18525,0.001931,74.125.24.0-255,5738,133581,34,281440
18526,0.001933,172.31.33.0-255,66,133647,34,281440
18527,0.001954,74.125.24.0-255,1484,135131,34,281440
18528,0.001999,172.31.33.0-255,66,135197,34,281440
18529,0.002005,74.125.24.0-255,5020,140217,34,281440
18530,0.002008,172.31.33.0-255,66,140283,34,281440
18531,0.00203,74.125.24.0-255,1484,141767,34,281440
18532,0.002063,172.31.33.0-255,66,141833,34,281440
18533,0.002066,74.125.24.0-255,1484,143317,34,281440
18534,0.002097,172.31.33.0-255,66,143383,34,281440
18535,0.0021,74.125.24.0-255,766,144149,34,281440
18536,0.002145,74.125.24.0-255,1484,145633,34,281440
18537,0.002147,172.31.33.0-255,66,145699,34,281440
18538,0.002173,74.125.24.0-255,2902,148601,34,281440
18539,0.002176,172.31.33.0-255,66,148667,34,281440
18540,0.002182,74.125.24.0-255,5738,154405,34,281440
18541,0.002184,172.31.33.0-255,66,154471,34,281440
18542,0.002205,74.125.24.0-255,2902,157373,34,281440
18543,0.002207,172.31.33.0-255,66,157439,34,281440
18544,0.002237,74.125.24.0-255,7156,164595,34,281440
18545,0.00225,74.125.24.0-255,2902,167497,34,281440
18546,0.002261,74.125.24.0-255,2902,170399,34,281440
18547,0.00228,74.125.24.0-255,4320,174719,34,281440
18548,0.0023,74.125.24.0-255,3602,178321,34,281440
18549,0.002465,74.125.24.0-255,1484,179805,34,281440
18550,0.002483,74.125.24.0-255,2902,182707,34,281440
18551,0.002494,74.125.24.0-255,2902,185609,34,281440
18552,0.00251,74.125.24.0-255,2902,188511,34,281440
18553,0.002525,74.125.24.0-255,4320,192831,34,281440
18554,0.002544,74.125.24.0-255,5738,198569,34,281440
18555,0.00259,74.125.24.0-255,4320,202889,34,281440
18556,0.002612,74.125.24.0-255,5020,207909,34,281440
18557,0.002618,74.125.24.0-255,4320,212229,34,281440
18558,0.002648,74.125.24.0-255,5738,217967,34,281440
18559,0.002681,74.125.24.0-255,2902,220869,34,281440
18560,0.002683,74.125.24.0-255,1484,222353,34,281440
18561,0.002706,74.125.24.0-255,2902,225255,34,281440
18562,0.002722,74.125.24.0-255,2184,227439,34,281440
18563,0.002857,74.125.24.0-255,1484,228923,34,281440
18564,0.002862,74.125.24.0-255,1484,230407,34,281440
18565,0.002878,74.125.24.0-255,1484,231891,34,281440
18566,0.002881,74.125.24.0-255,1484,233375,34,281440
18567,0.0029,74.125.24.0-255,4320,237695,34,281440
18568,0.002927,74.125.24.0-255,1484,239179,34,281440
18569,0.002941,74.125.24.0-255,1484,240663,34,281440
18570,0.002944,74.125.24.0-255,1484,242147,34,281440
18571,0.002946,74.125.24.0-255,1484,243631,34,281440
18572,0.002967,74.125.24.0-255,1484,245115,34,281440
18573,0.002985,74.125.24.0-255,2902,248017,34,281440
18574,0.002988,74.125.24.0-255,1484,249501,34,281440
18575,0.003017,74.125.24.0-255,3602,253103,34,281440
18576,0.003043,74.125.24.0-255,4320,257423,34,281440
18577,0.003068,74.125.24.0-255,4320,261743,34,281440
18578,0.003083,74.125.24.0-255,5738,267481,34,281440
18579,0.0031,74.125.24.0-255,5738,273219,34,281440
18580,0.003114,74.125.24.0-255,5738,278957,34,281440
18581,0.003117,74.125.24.0-255,2024,280981,34,281440
18582,0.003182,74.125.24.0-255,105,281086,34,281440
18583,0.01365,74.125.24.0-255,105,281191,34,281440
18584,0.01367,172.31.33.0-255,78,281269,34,281440
18585,0.017215,172.31.33.0-255,105,281374,34,281440
18586,0.01981,74.125.24.0-255,66,281440,34,281440
18587,0.0,74.125.24.0-255,153,153,34,240455
18588,2.6e-05,172.31.33.0-255,66,219,34,240455
18589,3.3e-05,74.125.24.0-255,1484,1703,34,240455
18590,3.6e-05,172.31.33.0-255,66,1769,34,240455
18591,4.1e-05,74.125.24.0-255,2902,4671,34,240455
18592,4.4e-05,172.31.33.0-255,66,4737,34,240455
18593,4.8e-05,74.125.24.0-255,2902,7639,34,240455
18594,5.1e-05,172.31.33.0-255,66,7705,34,240455
18595,7.2e-05,74.125.24.0-255,4320,12025,34,240455
18596,7.5e-05,172.31.33.0-255,66,12091,34,240455
18597,7.8e-05,74.125.24.0-255,1484,13575,34,240455
18598,8e-05,172.31.33.0-255,66,13641,34,240455
18599,0.000116,172.31.33.0-255,66,13707,34,240455
18600,0.000127,172.31.33.0-255,66,13773,34,240455
18601,0.000187,74.125.24.0-255,1484,15257,34,240455
18602,0.00019,172.31.33.0-255,66,15323,34,240455
18603,0.000195,74.125.24.0-255,2902,18225,34,240455
18604,0.000197,172.31.33.0-255,66,18291,34,240455
18605,0.000212,74.125.24.0-255,5738,24029,34,240455
18606,0.000215,172.31.33.0-255,66,24095,34,240455
18607,0.000237,74.125.24.0-255,2902,26997,34,240455
18608,0.00024,172.31.33.0-255,66,27063,34,240455
18609,0.000282,74.125.24.0-255,3961,31024,34,240455
18610,0.000286,172.31.33.0-255,66,31090,34,240455
18611,0.000336,74.125.24.0-255,1484,32574,34,240455
18612,0.000339,172.31.33.0-255,66,32640,34,240455
18613,0.000344,74.125.24.0-255,2902,35542,34,240455
18614,0.000347,172.31.33.0-255,66,35608,34,240455
18615,0.000369,74.125.24.0-255,5738,41346,34,240455
18616,0.000372,172.31.33.0-255,66,41412,34,240455
18617,0.000377,74.125.24.0-255,2902,44314,34,240455
18618,0.000379,172.31.33.0-255,66,44380,34,240455
18619,0.000397,74.125.24.0-255,2902,47282,34,240455
18620,0.000403,172.31.33.0-255,66,47348,34,240455
18621,0.000439,74.125.24.0-255,1420,48768,34,240455
18622,0.000499,74.125.24.0-255,129,48897,34,240455
18623,0.000611,74.125.24.0-255,1484,50381,34,240455
18624,0.000615,172.31.33.0-255,66,50447,34,240455
18625,0.000629,74.125.24.0-255,2902,53349,34,240455
18626,0.000632,172.31.33.0-255,66,53415,34,240455
18627,0.000636,74.125.24.0-255,2902,56317,34,240455
18628,0.000638,172.31.33.0-255,66,56383,34,240455
18629,0.000665,74.125.24.0-255,7156,63539,34,240455
18630,0.000668,172.31.33.0-255,66,63605,34,240455
18631,0.000699,74.125.24.0-255,4320,67925,34,240455
18632,0.000702,172.31.33.0-255,66,67991,34,240455
18633,0.000717,74.125.24.0-255,1484,69475,34,240455
18634,0.000729,74.125.24.0-255,2902,72377,34,240455
18635,0.000731,172.31.33.0-255,66,72443,34,240455
18636,0.000747,74.125.24.0-255,1125,73568,34,240455
18637,0.000757,172.31.33.0-255,66,73634,34,240455
18638,0.000775,74.125.24.0-255,1125,74759,34,240455
18639,0.00093,172.31.33.0-255,66,74825,34,240455
18640,0.000997,74.125.24.0-255,1484,76309,34,240455
18641,0.001014,74.125.24.0-255,2902,79211,34,240455
18642,0.001017,172.31.33.0-255,66,79277,34,240455
18643,0.001032,74.125.24.0-255,1484,80761,34,240455
18644,0.001047,74.125.24.0-255,4320,85081,34,240455
18645,0.001049,172.31.33.0-255,66,85147,34,240455
18646,0.001054,74.125.24.0-255,4320,89467,34,240455
18647,0.001056,172.31.33.0-255,66,89533,34,240455
18648,0.001066,74.125.24.0-255,1484,91017,34,240455
18649,0.001087,74.125.24.0-255,7156,98173,34,240455
18650,0.00109,172.31.33.0-255,66,98239,34,240455
18651,0.001104,74.125.24.0-255,1484,99723,34,240455
18652,0.001122,74.125.24.0-255,7156,106879,34,240455
18653,0.001125,172.31.33.0-255,66,106945,34,240455
18654,0.001151,74.125.24.0-255,2184,109129,34,240455
18655,0.001154,172.31.33.0-255,66,109195,34,240455
18656,0.00117,74.125.24.0-255,1484,110679,34,240455
18657,0.001183,74.125.24.0-255,1484,112163,34,240455
18658,0.001186,172.31.33.0-255,66,112229,34,240455
18659,0.001211,74.125.24.0-255,7156,119385,34,240455
18660,0.001214,172.31.33.0-255,66,119451,34,240455
18661,0.001219,74.125.24.0-255,5738,125189,34,240455
18662,0.001221,172.31.33.0-255,66,125255,34,240455
18663,0.001259,172.31.33.0-255,66,125321,34,240455
18664,0.001279,74.125.24.0-255,3602,128923,34,240455
18665,0.001281,172.31.33.0-255,66,128989,34,240455
18666,0.002596,74.125.24.0-255,1484,130473,34,240455
18667,0.002603,74.125.24.0-255,2902,133375,34,240455
18668,0.002607,172.31.33.0-255,66,133441,34,240455
18669,0.002636,74.125.24.0-255,5738,139179,34,240455
18670,0.002638,172.31.33.0-255,66,139245,34,240455
18671,0.002701,74.125.24.0-255,4320,143565,34,240455
18672,0.002703,172.31.33.0-255,66,143631,34,240455
18673,0.002715,74.125.24.0-255,4320,147951,34,240455
18674,0.002717,172.31.33.0-255,66,148017,34,240455
18675,0.002739,172.31.33.0-255,66,148083,34,240455
18676,0.002746,74.125.24.0-255,6438,154521,34,240455
18677,0.002748,172.31.33.0-255,66,154587,34,240455
18678,0.002785,74.125.24.0-255,1484,156071,34,240455
18679,0.002811,74.125.24.0-255,1484,157555,34,240455
18680,0.002813,172.31.33.0-255,66,157621,34,240455
18681,0.00283,74.125.24.0-255,1484,159105,34,240455
18682,0.002835,74.125.24.0-255,5738,164843,34,240455
18683,0.002837,172.31.33.0-255,66,164909,34,240455
18684,0.002839,74.125.24.0-255,1484,166393,34,240455
18685,0.002877,172.31.33.0-255,66,166459,34,240455
18686,0.002896,74.125.24.0-255,7156,173615,34,240455
18687,0.002898,172.31.33.0-255,66,173681,34,240455
18688,0.0029,74.125.24.0-255,1484,175165,34,240455
18689,0.00292,74.125.24.0-255,4320,179485,34,240455
18690,0.002922,172.31.33.0-255,66,179551,34,240455
18691,0.002938,74.125.24.0-255,766,180317,34,240455
18692,0.002942,74.125.24.0-255,4320,184637,34,240455
18693,0.002944,172.31.33.0-255,66,184703,34,240455
18694,0.002957,74.125.24.0-255,1484,186187,34,240455
18695,0.002962,74.125.24.0-255,5738,191925,34,240455
18696,0.002964,172.31.33.0-255,66,191991,34,240455
18697,0.002966,74.125.24.0-255,1484,193475,34,240455
18698,0.003001,74.125.24.0-255,4320,197795,34,240455
18699,0.003003,172.31.33.0-255,66,197861,34,240455
18700,0.003021,172.31.33.0-255,66,197927,34,240455
18701,0.003051,172.31.33.0-255,66,197993,34,240455
18702,0.003053,74.125.24.0-255,1484,199477,34,240455
18703,0.003094,172.31.33.0-255,66,199543,34,240455
18704,0.0031,74.125.24.0-255,7156,206699,34,240455
18705,0.003102,172.31.33.0-255,66,206765,34,240455
18706,0.003124,74.125.24.0-255,2902,209667,34,240455
18707,0.003126,172.31.33.0-255,66,209733,34,240455
18708,0.003148,74.125.24.0-255,6438,216171,34,240455
18709,0.00315,172.31.33.0-255,66,216237,34,240455
18710,0.003155,74.125.24.0-255,7156,223393,34,240455
18711,0.003157,172.31.33.0-255,66,223459,34,240455
18712,0.003177,74.125.24.0-255,1484,224943,34,240455
18713,0.003208,172.31.33.0-255,66,225009,34,240455
18714,0.003218,172.31.33.0-255,66,225075,34,240455
18715,0.003243,74.125.24.0-255,4320,229395,34,240455
18716,0.003246,172.31.33.0-255,66,229461,34,240455
18717,0.003273,172.31.33.0-255,66,229527,34,240455
18718,0.003276,74.125.24.0-255,2902,232429,34,240455
18719,0.003279,172.31.33.0-255,66,232495,34,240455
18720,0.003284,74.125.24.0-255,4320,236815,34,240455
18721,0.003287,172.31.33.0-255,66,236881,34,240455
18722,0.003317,172.31.33.0-255,66,236947,34,240455
18723,0.003328,172.31.33.0-255,66,237013,34,240455
18724,0.003331,74.125.24.0-255,1484,238497,34,240455
18725,0.003333,74.125.24.0-255,1484,239981,34,240455
18726,0.003335,172.31.33.0-255,66,240047,34,240455
18727,0.003404,172.31.33.0-255,66,240113,34,240455
18728,0.003423,74.125.24.0-255,105,240218,34,240455
18729,0.010078,172.31.33.0-255,66,240284,34,240455
18730,0.010109,172.31.33.0-255,105,240389,34,240455
18731,0.012325,74.125.24.0-255,66,240455,34,240455
18732,0.0,172.217.194.0-255,153,153,34,195986
18733,1.5e-05,172.31.33.0-255,66,219,34,195986
18734,2.1e-05,172.217.194.0-255,1484,1703,34,195986
18735,2.5e-05,172.31.33.0-255,66,1769,34,195986
18736,3e-05,172.217.194.0-255,2902,4671,34,195986
18737,3.9e-05,172.31.33.0-255,66,4737,34,195986
18738,4.3e-05,172.217.194.0-255,2902,7639,34,195986
18739,4.5e-05,172.31.33.0-255,66,7705,34,195986
18740,6.5e-05,172.217.194.0-255,4320,12025,34,195986
18741,7.1e-05,172.31.33.0-255,66,12091,34,195986
18742,7.5e-05,172.217.194.0-255,2164,14255,34,195986
18743,7.7e-05,172.31.33.0-255,66,14321,34,195986
18744,8.1e-05,172.217.194.0-255,2902,17223,34,195986
18745,8.2e-05,172.31.33.0-255,66,17289,34,195986
18746,0.000113,172.217.194.0-255,7156,24445,34,195986
18747,0.000115,172.31.33.0-255,66,24511,34,195986
18748,0.000126,172.217.194.0-255,6797,31308,34,195986
18749,0.000128,172.31.33.0-255,66,31374,34,195986
18750,0.000531,172.217.194.0-255,1484,32858,34,195986
18751,0.000536,172.31.33.0-255,66,32924,34,195986
18752,0.000541,172.217.194.0-255,2902,35826,34,195986
18753,0.000543,172.31.33.0-255,66,35892,34,195986
18754,0.000564,172.217.194.0-255,5738,41630,34,195986
18755,0.000569,172.31.33.0-255,66,41696,34,195986
18756,0.000573,172.217.194.0-255,2902,44598,34,195986
18757,0.000575,172.31.33.0-255,66,44664,34,195986
18758,0.000596,172.217.194.0-255,3961,48625,34,195986
18759,0.000598,172.31.33.0-255,66,48691,34,195986
18760,0.000624,172.217.194.0-255,5738,54429,34,195986
18761,0.000626,172.31.33.0-255,66,54495,34,195986
18762,0.000657,172.31.33.0-255,66,54561,34,195986
18763,0.000674,172.217.194.0-255,2798,57359,34,195986
18764,0.000676,172.31.33.0-255,66,57425,34,195986
18765,0.000699,172.217.194.0-255,112,57537,34,195986
18766,0.00076,172.217.194.0-255,1484,59021,34,195986
18767,0.000763,172.31.33.0-255,66,59087,34,195986
18768,0.000767,172.217.194.0-255,1484,60571,34,195986
18769,0.000787,172.217.194.0-255,1484,62055,34,195986
18770,0.00079,172.31.33.0-255,66,62121,34,195986
18771,0.000796,172.217.194.0-255,5738,67859,34,195986
18772,0.000798,172.31.33.0-255,66,67925,34,195986
18773,0.000816,172.217.194.0-255,1484,69409,34,195986
18774,0.000847,172.31.33.0-255,66,69475,34,195986
18775,0.000857,172.31.33.0-255,66,69541,34,195986
18776,0.000913,172.217.194.0-255,3961,73502,34,195986
18777,0.000915,172.31.33.0-255,66,73568,34,195986
18778,0.00099,172.217.194.0-255,1484,75052,34,195986
18779,0.001004,172.217.194.0-255,2902,77954,34,195986
18780,0.001006,172.31.33.0-255,66,78020,34,195986
18781,0.00101,172.217.194.0-255,1484,79504,34,195986
18782,0.001035,172.217.194.0-255,4320,83824,34,195986
18783,0.001037,172.31.33.0-255,66,83890,34,195986
18784,0.001044,172.217.194.0-255,7156,91046,34,195986
18785,0.001046,172.31.33.0-255,66,91112,34,195986
18786,0.00105,172.217.194.0-255,2902,94014,34,195986
18787,0.001052,172.31.33.0-255,66,94080,34,195986
18788,0.001091,172.31.33.0-255,66,94146,34,195986
18789,0.001094,172.217.194.0-255,2184,96330,34,195986
18790,0.001096,172.31.33.0-255,66,96396,34,195986
18791,0.001147,172.217.194.0-255,1484,97880,34,195986
18792,0.001161,172.217.194.0-255,2902,100782,34,195986
18793,0.001164,172.31.33.0-255,66,100848,34,195986
18794,0.00117,172.217.194.0-255,5738,106586,34,195986
18795,0.001172,172.31.33.0-255,66,106652,34,195986
18796,0.001177,172.217.194.0-255,4320,110972,34,195986
18797,0.001179,172.31.33.0-255,66,111038,34,195986
18798,0.001209,172.217.194.0-255,2902,113940,34,195986
18799,0.001212,172.31.33.0-255,66,114006,34,195986
18800,0.001225,172.31.33.0-255,66,114072,34,195986
18801,0.001232,172.217.194.0-255,2184,116256,34,195986
18802,0.001234,172.31.33.0-255,66,116322,34,195986
18803,0.001617,172.217.194.0-255,1484,117806,34,195986
18804,0.001623,172.217.194.0-255,2902,120708,34,195986
18805,0.001625,172.31.33.0-255,66,120774,34,195986
18806,0.001645,172.217.194.0-255,5738,126512,34,195986
18807,0.001647,172.31.33.0-255,66,126578,34,195986
18808,0.001684,172.31.33.0-255,66,126644,34,195986
18809,0.001689,172.217.194.0-255,2902,129546,34,195986
18810,0.00169,172.31.33.0-255,66,129612,34,195986
18811,0.001735,172.31.33.0-255,66,129678,34,195986
18812,0.001793,172.217.194.0-255,1484,131162,34,195986
18813,0.001813,172.217.194.0-255,2902,134064,34,195986
18814,0.001815,172.31.33.0-255,66,134130,34,195986
18815,0.001821,172.217.194.0-255,5738,139868,34,195986
18816,0.001823,172.31.33.0-255,66,139934,34,195986
18817,0.001858,172.31.33.0-255,66,140000,34,195986
18818,0.001869,172.31.33.0-255,66,140066,34,195986
18819,0.00237,172.217.194.0-255,1484,141550,34,195986
18820,0.002375,172.217.194.0-255,2902,144452,34,195986
18821,0.002378,172.31.33.0-255,66,144518,34,195986
18822,0.002386,172.217.194.0-255,5738,150256,34,195986
18823,0.002387,172.31.33.0-255,66,150322,34,195986
18824,0.002439,172.31.33.0-255,66,150388,34,195986
18825,0.00245,172.31.33.0-255,66,150454,34,195986
18826,0.002457,172.217.194.0-255,766,151220,34,195986
18827,0.002512,172.217.194.0-255,1484,152704,34,195986
18828,0.002515,172.31.33.0-255,66,152770,34,195986
18829,0.00252,172.217.194.0-255,2902,155672,34,195986
18830,0.002521,172.31.33.0-255,66,155738,34,195986
18831,0.002528,172.217.194.0-255,5738,161476,34,195986
18832,0.002529,172.31.33.0-255,66,161542,34,195986
18833,0.002601,172.31.33.0-255,66,161608,34,195986
18834,0.002614,172.31.33.0-255,66,161674,34,195986
18835,0.00262,172.217.194.0-255,1484,163158,34,195986
18836,0.002623,172.31.33.0-255,78,163236,34,195986
18837,0.002639,172.217.194.0-255,4320,167556,34,195986
18838,0.002643,172.217.194.0-255,1484,169040,34,195986
18839,0.002649,172.217.194.0-255,7156,176196,34,195986
18840,0.002655,172.31.33.0-255,66,176262,34,195986
18841,0.002661,172.31.33.0-255,66,176328,34,195986
18842,0.002661,172.31.33.0-255,66,176394,34,195986
18843,0.002704,172.31.33.0-255,66,176460,34,195986
18844,0.00271,172.217.194.0-255,4320,180780,34,195986
18845,0.002711,172.31.33.0-255,66,180846,34,195986
18846,0.002747,172.217.194.0-255,7156,188002,34,195986
18847,0.00275,172.31.33.0-255,66,188068,34,195986
18848,0.00276,172.31.33.0-255,66,188134,34,195986
18849,0.002772,172.217.194.0-255,1484,189618,34,195986
18850,0.002774,172.31.33.0-255,78,189696,34,195986
18851,0.00278,172.217.194.0-255,5738,195434,34,195986
18852,0.002786,172.31.33.0-255,78,195512,34,195986
18853,0.00283,172.31.33.0-255,66,195578,34,195986
18854,0.002844,172.31.33.0-255,66,195644,34,195986
18855,0.002851,172.217.194.0-255,105,195749,34,195986
18856,0.011777,172.31.33.0-255,66,195815,34,195986
18857,0.011824,172.31.33.0-255,105,195920,34,195986
18858,0.013821,172.217.194.0-255,66,195986,34,195986
18859,0.0,74.125.24.0-255,143,143,34,274895
18860,2.3e-05,172.31.33.0-255,66,209,34,274895
18861,3e-05,74.125.24.0-255,1484,1693,34,274895
18862,3.5e-05,172.31.33.0-255,66,1759,34,274895
18863,4e-05,74.125.24.0-255,2902,4661,34,274895
18864,4.3e-05,172.31.33.0-255,66,4727,34,274895
18865,4.9e-05,74.125.24.0-255,4320,9047,34,274895
18866,5.2e-05,172.31.33.0-255,66,9113,34,274895
18867,8.4e-05,74.125.24.0-255,1484,10597,34,274895
18868,8.6e-05,172.31.33.0-255,66,10663,34,274895
18869,0.000109,74.125.24.0-255,3464,14127,34,274895
18870,0.000111,172.31.33.0-255,66,14193,34,274895
18871,0.000118,74.125.24.0-255,5738,19931,34,274895
18872,0.00012,172.31.33.0-255,66,19997,34,274895
18873,0.000142,74.125.24.0-255,5738,25735,34,274895
18874,0.000144,172.31.33.0-255,66,25801,34,274895
18875,0.000161,74.125.24.0-255,5379,31180,34,274895
18876,0.000164,172.31.33.0-255,66,31246,34,274895
18877,0.00026,74.125.24.0-255,1484,32730,34,274895
18878,0.000264,172.31.33.0-255,66,32796,34,274895
18879,0.00027,74.125.24.0-255,2902,35698,34,274895
18880,0.000273,172.31.33.0-255,66,35764,34,274895
18881,0.000299,74.125.24.0-255,4320,40084,34,274895
18882,0.000302,172.31.33.0-255,66,40150,34,274895
18883,0.000323,74.125.24.0-255,1484,41634,34,274895
18884,0.000325,172.31.33.0-255,66,41700,34,274895
18885,0.000333,74.125.24.0-255,7156,48856,34,274895
18886,0.000335,172.31.33.0-255,66,48922,34,274895
18887,0.000338,74.125.24.0-255,1484,50406,34,274895
18888,0.00034,172.31.33.0-255,66,50472,34,274895
18889,0.000382,172.31.33.0-255,66,50538,34,274895
18890,0.000385,74.125.24.0-255,1484,52022,34,274895
18891,0.000389,74.125.24.0-255,1100,53122,34,274895
18892,0.000391,172.31.33.0-255,66,53188,34,274895
18893,0.000417,74.125.24.0-255,110,53298,34,274895
18894,0.000646,74.125.24.0-255,1484,54782,34,274895
18895,0.000652,172.31.33.0-255,66,54848,34,274895
18896,0.000657,74.125.24.0-255,2902,57750,34,274895
18897,0.00066,172.31.33.0-255,66,57816,34,274895
18898,0.000686,74.125.24.0-255,5738,63554,34,274895
18899,0.00069,172.31.33.0-255,66,63620,34,274895
18900,0.000693,74.125.24.0-255,1484,65104,34,274895
18901,0.000708,74.125.24.0-255,1484,66588,34,274895
18902,0.00071,172.31.33.0-255,66,66654,34,274895
18903,0.000734,74.125.24.0-255,7156,73810,34,274895
18904,0.000737,172.31.33.0-255,66,73876,34,274895
18905,0.00077,172.31.33.0-255,66,73942,34,274895
18906,0.001392,74.125.24.0-255,1484,75426,34,274895
18907,0.001408,74.125.24.0-255,2902,78328,34,274895
18908,0.001411,172.31.33.0-255,66,78394,34,274895
18909,0.001415,74.125.24.0-255,1484,79878,34,274895
18910,0.001433,74.125.24.0-255,4320,84198,34,274895
18911,0.001436,172.31.33.0-255,66,84264,34,274895
18912,0.001486,172.31.33.0-255,66,84330,34,274895
18913,0.001501,74.125.24.0-255,2902,87232,34,274895
18914,0.001503,172.31.33.0-255,66,87298,34,274895
18915,0.00151,74.125.24.0-255,5738,93036,34,274895
18916,0.001512,172.31.33.0-255,66,93102,34,274895
18917,0.001518,74.125.24.0-255,5020,98122,34,274895
18918,0.001521,172.31.33.0-255,66,98188,34,274895
18919,0.001895,74.125.24.0-255,1484,99672,34,274895
18920,0.001904,74.125.24.0-255,2902,102574,34,274895
18921,0.001908,172.31.33.0-255,66,102640,34,274895
18922,0.001933,74.125.24.0-255,5738,108378,34,274895
18923,0.001935,172.31.33.0-255,66,108444,34,274895
18924,0.00194,74.125.24.0-255,2902,111346,34,274895
18925,0.001942,172.31.33.0-255,66,111412,34,274895
18926,0.001966,172.31.33.0-255,66,111478,34,274895
18927,0.00198,172.31.33.0-255,66,111544,34,274895
18928,0.002582,74.125.24.0-255,1484,113028,34,274895
18929,0.002591,74.125.24.0-255,2902,115930,34,274895
18930,0.002596,172.31.33.0-255,66,115996,34,274895
18931,0.002618,74.125.24.0-255,5738,121734,34,274895
18932,0.002621,172.31.33.0-255,66,121800,34,274895
18933,0.002625,74.125.24.0-255,1484,123284,34,274895
18934,0.002646,74.125.24.0-255,5738,129022,34,274895
18935,0.002648,172.31.33.0-255,66,129088,34,274895
18936,0.002662,172.31.33.0-255,66,129154,34,274895
18937,0.002682,74.125.24.0-255,2902,132056,34,274895
18938,0.002684,172.31.33.0-255,66,132122,34,274895
18939,0.002689,74.125.24.0-255,2184,134306,34,274895
18940,0.002691,172.31.33.0-255,66,134372,34,274895
18941,0.002957,74.125.24.0-255,1484,135856,34,274895
18942,0.002964,74.125.24.0-255,1484,137340,34,274895
18943,0.002968,172.31.33.0-255,66,137406,34,274895
18944,0.002987,74.125.24.0-255,1484,138890,34,274895
18945,0.002994,74.125.24.0-255,5738,144628,34,274895
18946,0.002996,172.31.33.0-255,66,144694,34,274895
18947,0.003014,74.125.24.0-255,7156,151850,34,274895
18948,0.003016,172.31.33.0-255,66,151916,34,274895
18949,0.003032,74.125.24.0-255,5738,157654,34,274895
18950,0.003035,172.31.33.0-255,66,157720,34,274895
18951,0.00304,74.125.24.0-255,4320,162040,34,274895
18952,0.003043,172.31.33.0-255,66,162106,34,274895
18953,0.003057,74.125.24.0-255,4320,166426,34,274895
18954,0.003059,172.31.33.0-255,66,166492,34,274895
18955,0.00307,74.125.24.0-255,1484,167976,34,274895
18956,0.003073,74.125.24.0-255,766,168742,34,274895
18957,0.003075,172.31.33.0-255,66,168808,34,274895
18958,0.003236,74.125.24.0-255,1484,170292,34,274895
18959,0.003244,74.125.24.0-255,2902,173194,34,274895
18960,0.003247,172.31.33.0-255,66,173260,34,274895
18961,0.003254,74.125.24.0-255,5738,178998,34,274895
18962,0.003257,172.31.33.0-255,66,179064,34,274895
18963,0.003273,74.125.24.0-255,1484,180548,34,274895
18964,0.003297,74.125.24.0-255,7156,187704,34,274895
18965,0.0033,172.31.33.0-255,66,187770,34,274895
18966,0.003303,74.125.24.0-255,1484,189254,34,274895
18967,0.003306,74.125.24.0-255,1484,190738,34,274895
18968,0.003309,172.31.33.0-255,66,190804,34,274895
18969,0.003332,172.31.33.0-255,66,190870,34,274895
18970,0.003336,74.125.24.0-255,2184,193054,34,274895
18971,0.003338,172.31.33.0-255,66,193120,34,274895
18972,0.003342,74.125.24.0-255,2902,196022,34,274895
18973,0.003345,172.31.33.0-255,66,196088,34,274895
18974,0.003348,74.125.24.0-255,2902,198990,34,274895
18975,0.003351,172.31.33.0-255,66,199056,34,274895
18976,0.003354,74.125.24.0-255,1484,200540,34,274895
18977,0.003377,74.125.24.0-255,5738,206278,34,274895
18978,0.003381,172.31.33.0-255,66,206344,34,274895
18979,0.003387,74.125.24.0-255,7156,213500,34,274895
18980,0.00339,172.31.33.0-255,66,213566,34,274895
18981,0.003394,74.125.24.0-255,2902,216468,34,274895
18982,0.003396,172.31.33.0-255,66,216534,34,274895
18983,0.003413,74.125.24.0-255,1484,218018,34,274895
18984,0.003439,74.125.24.0-255,4320,222338,34,274895
18985,0.003442,172.31.33.0-255,66,222404,34,274895
18986,0.003463,74.125.24.0-255,5020,227424,34,274895
18987,0.003466,172.31.33.0-255,66,227490,34,274895
18988,0.003739,74.125.24.0-255,1484,228974,34,274895
18989,0.003759,74.125.24.0-255,2902,231876,34,274895
18990,0.003763,172.31.33.0-255,66,231942,34,274895
18991,0.003783,74.125.24.0-255,5738,237680,34,274895
18992,0.003785,172.31.33.0-255,66,237746,34,274895
18993,0.003789,74.125.24.0-255,2902,240648,34,274895
18994,0.00379,172.31.33.0-255,66,240714,34,274895
18995,0.003814,74.125.24.0-255,1484,242198,34,274895
18996,0.003844,172.31.33.0-255,66,242264,34,274895
18997,0.003848,74.125.24.0-255,2902,245166,34,274895
18998,0.003849,172.31.33.0-255,66,245232,34,274895
18999,0.00387,172.31.33.0-255,66,245298,34,274895
19000,0.003889,74.125.24.0-255,1484,246782,34,274895
19001,0.003899,74.125.24.0-255,2902,249684,34,274895
19002,0.003902,172.31.33.0-255,66,249750,34,274895
19003,0.003916,74.125.24.0-255,7156,256906,34,274895
19004,0.003918,172.31.33.0-255,66,256972,34,274895
19005,0.003924,74.125.24.0-255,7156,264128,34,274895
19006,0.003926,172.31.33.0-255,66,264194,34,274895
19007,0.003947,74.125.24.0-255,1484,265678,34,274895
19008,0.003975,172.31.33.0-255,66,265744,34,274895
19009,0.004001,172.31.33.0-255,66,265810,34,274895
19010,0.004005,74.125.24.0-255,4320,270130,34,274895
19011,0.004007,172.31.33.0-255,66,270196,34,274895
19012,0.004038,172.31.33.0-255,66,270262,34,274895
19013,0.004061,74.125.24.0-255,105,270367,34,274895
19014,0.012881,172.31.33.0-255,66,270433,34,274895
19015,0.012919,172.31.33.0-255,105,270538,34,274895
19016,0.015507,74.125.24.0-255,66,270604,34,274895
19017,0.035204,172.31.33.0-255,172,270776,34,274895
19018,0.035324,172.31.33.0-255,1112,271888,34,274895
19019,0.035385,172.31.33.0-255,1514,273402,34,274895
19020,0.035387,172.31.33.0-255,1295,274697,34,274895
19021,0.036767,104.244.42.0-255,66,274763,34,274895
19022,0.036874,104.244.42.0-255,66,274829,34,274895
19023,0.03694,104.244.42.0-255,66,274895,34,274895
19024,0.0,172.217.24.0-255,153,153,34,291154
19025,3.1e-05,172.31.33.0-255,66,219,34,291154
19026,3.9e-05,172.217.24.0-255,1484,1703,34,291154
19027,4.3e-05,172.31.33.0-255,66,1769,34,291154
19028,5.5e-05,172.217.24.0-255,2902,4671,34,291154
19029,5.8e-05,172.31.33.0-255,66,4737,34,291154
19030,6.6e-05,172.217.24.0-255,7156,11893,34,291154
19031,6.9e-05,172.31.33.0-255,66,11959,34,291154
19032,0.000106,172.217.24.0-255,2093,14052,34,291154
19033,0.000109,172.31.33.0-255,66,14118,34,291154
19034,0.000255,172.217.24.0-255,1484,15602,34,291154
19035,0.000262,172.31.33.0-255,66,15668,34,291154
19036,0.000282,172.217.24.0-255,2902,18570,34,291154
19037,0.000285,172.31.33.0-255,66,18636,34,291154
19038,0.000292,172.217.24.0-255,5738,24374,34,291154
19039,0.000294,172.31.33.0-255,66,24440,34,291154
19040,0.000334,172.217.24.0-255,6797,31237,34,291154
19041,0.000338,172.31.33.0-255,66,31303,34,291154
19042,0.000368,172.217.24.0-255,5738,37041,34,291154
19043,0.000372,172.31.33.0-255,66,37107,34,291154
19044,0.000386,172.217.24.0-255,1484,38591,34,291154
19045,0.000393,172.31.33.0-255,66,38657,34,291154
19046,0.000401,172.217.24.0-255,5738,44395,34,291154
19047,0.000404,172.31.33.0-255,66,44461,34,291154
19048,0.000436,172.217.24.0-255,3961,48422,34,291154
19049,0.00044,172.31.33.0-255,66,48488,34,291154
19050,0.000524,172.217.24.0-255,1484,49972,34,291154
19051,0.000528,172.31.33.0-255,66,50038,34,291154
19052,0.000532,172.217.24.0-255,1484,51522,34,291154
19053,0.000535,172.31.33.0-255,66,51588,34,291154
19054,0.000551,172.217.24.0-255,1484,53072,34,291154
19055,0.000558,172.31.33.0-255,66,53138,34,291154
19056,0.000561,172.217.24.0-255,1484,54622,34,291154
19057,0.00059,172.217.24.0-255,4320,58942,34,291154
19058,0.000594,172.31.33.0-255,66,59008,34,291154
19059,0.000598,172.217.24.0-255,2902,61910,34,291154
19060,0.000601,172.31.33.0-255,66,61976,34,291154
19061,0.000612,172.217.24.0-255,3961,65937,34,291154
19062,0.000614,172.31.33.0-255,66,66003,34,291154
19063,0.000617,172.217.24.0-255,358,66361,34,291154
19064,0.000845,172.31.33.0-255,66,66427,34,291154
19065,0.001204,172.217.24.0-255,131,66558,34,291154
19066,0.001244,172.31.33.0-255,66,66624,34,291154
19067,0.00139,172.217.24.0-255,1484,68108,34,291154
19068,0.001399,172.217.24.0-255,2902,71010,34,291154
19069,0.001403,172.31.33.0-255,66,71076,34,291154
19070,0.001437,172.217.24.0-255,5738,76814,34,291154
19071,0.001441,172.31.33.0-255,66,76880,34,291154
19072,0.001445,172.217.24.0-255,2902,79782,34,291154
19073,0.001447,172.31.33.0-255,66,79848,34,291154
19074,0.001452,172.217.24.0-255,3961,83809,34,291154
19075,0.001459,172.31.33.0-255,66,83875,34,291154
19076,0.00147,172.31.33.0-255,66,83941,34,291154
19077,0.001473,172.217.24.0-255,1484,85425,34,291154
19078,0.001511,172.217.24.0-255,6797,92222,34,291154
19079,0.001516,172.31.33.0-255,66,92288,34,291154
19080,0.001948,172.217.24.0-255,1484,93772,34,291154
19081,0.001954,172.217.24.0-255,1484,95256,34,291154
19082,0.001958,172.31.33.0-255,66,95322,34,291154
19083,0.001976,172.217.24.0-255,1484,96806,34,291154
19084,0.001982,172.217.24.0-255,5738,102544,34,291154
19085,0.001984,172.31.33.0-255,66,102610,34,291154
19086,0.001987,172.217.24.0-255,1484,104094,34,291154
19087,0.001989,172.217.24.0-255,1484,105578,34,291154
19088,0.001991,172.31.33.0-255,66,105644,34,291154
19089,0.001996,172.217.24.0-255,2902,108546,34,291154
19090,0.001997,172.31.33.0-255,66,108612,34,291154
19091,0.002002,172.217.24.0-255,4320,112932,34,291154
19092,0.002005,172.31.33.0-255,66,112998,34,291154
19093,0.00204,172.31.33.0-255,66,113064,34,291154
19094,0.002044,172.217.24.0-255,2184,115248,34,291154
19095,0.002046,172.31.33.0-255,66,115314,34,291154
19096,0.002107,172.217.24.0-255,1484,116798,34,291154
19097,0.00212,172.217.24.0-255,1484,118282,34,291154
19098,0.002123,172.31.33.0-255,66,118348,34,291154
19099,0.002151,172.217.24.0-255,1484,119832,34,291154
19100,0.002157,172.217.24.0-255,4320,124152,34,291154
19101,0.002159,172.31.33.0-255,66,124218,34,291154
19102,0.002178,172.217.24.0-255,4320,128538,34,291154
19103,0.00218,172.31.33.0-255,66,128604,34,291154
19104,0.002203,172.217.24.0-255,1484,130088,34,291154
19105,0.002206,172.217.24.0-255,1484,131572,34,291154
19106,0.002209,172.31.33.0-255,66,131638,34,291154
19107,0.00224,172.31.33.0-255,66,131704,34,291154
19108,0.002245,172.217.24.0-255,4320,136024,34,291154
19109,0.002247,172.31.33.0-255,66,136090,34,291154
19110,0.002277,172.217.24.0-255,3602,139692,34,291154
19111,0.00228,172.31.33.0-255,66,139758,34,291154
19112,0.002327,172.217.24.0-255,1484,141242,34,291154
19113,0.002332,172.217.24.0-255,2902,144144,34,291154
19114,0.002334,172.31.33.0-255,66,144210,34,291154
19115,0.002337,172.217.24.0-255,1484,145694,34,291154
19116,0.002361,172.217.24.0-255,4320,150014,34,291154
19117,0.002364,172.31.33.0-255,66,150080,34,291154
19118,0.002394,172.31.33.0-255,66,150146,34,291154
19119,0.002398,172.217.24.0-255,2902,153048,34,291154
19120,0.0024,172.31.33.0-255,66,153114,34,291154
19121,0.002403,172.217.24.0-255,1484,154598,34,291154
19122,0.002413,172.31.33.0-255,66,154664,34,291154
19123,0.00246,172.217.24.0-255,1484,156148,34,291154
19124,0.00247,172.217.24.0-255,1484,157632,34,291154
19125,0.002473,172.31.33.0-255,66,157698,34,291154
19126,0.002492,172.217.24.0-255,4320,162018,34,291154
19127,0.002495,172.31.33.0-255,66,162084,34,291154
19128,0.002498,172.217.24.0-255,2902,164986,34,291154
19129,0.0025,172.31.33.0-255,66,165052,34,291154
19130,0.002503,172.217.24.0-255,1484,166536,34,291154
19131,0.002526,172.217.24.0-255,2902,169438,34,291154
19132,0.002529,172.217.24.0-255,2902,172340,34,291154
19133,0.002534,172.31.33.0-255,66,172406,34,291154
19134,0.002537,172.31.33.0-255,66,172472,34,291154
19135,0.002558,172.217.24.0-255,7156,179628,34,291154
19136,0.002561,172.31.33.0-255,66,179694,34,291154
19137,0.002588,172.31.33.0-255,66,179760,34,291154
19138,0.00259,172.217.24.0-255,766,180526,34,291154
19139,0.002708,172.217.24.0-255,1484,182010,34,291154
19140,0.002712,172.31.33.0-255,66,182076,34,291154
19141,0.002717,172.217.24.0-255,2902,184978,34,291154
19142,0.002719,172.31.33.0-255,66,185044,34,291154
19143,0.002742,172.217.24.0-255,5738,190782,34,291154
19144,0.002744,172.31.33.0-255,66,190848,34,291154
19145,0.002783,172.31.33.0-255,66,190914,34,291154
19146,0.002794,172.31.33.0-255,66,190980,34,291154
19147,0.002802,172.217.24.0-255,2902,193882,34,291154
19148,0.002805,172.31.33.0-255,66,193948,34,291154
19149,0.002832,172.217.24.0-255,2184,196132,34,291154
19150,0.002835,172.31.33.0-255,66,196198,34,291154
19151,0.003067,172.217.24.0-255,1484,197682,34,291154
19152,0.003071,172.217.24.0-255,1484,199166,34,291154
19153,0.003074,172.31.33.0-255,66,199232,34,291154
19154,0.003098,172.217.24.0-255,1484,200716,34,291154
19155,0.003103,172.217.24.0-255,5738,206454,34,291154
19156,0.003106,172.217.24.0-255,2902,209356,34,291154
19157,0.003139,172.31.33.0-255,66,209422,34,291154
19158,0.003147,172.31.33.0-255,66,209488,34,291154
19159,0.003151,172.217.24.0-255,4320,213808,34,291154
19160,0.003153,172.31.33.0-255,66,213874,34,291154
19161,0.003167,172.31.33.0-255,66,213940,34,291154
19162,0.003172,172.217.24.0-255,4320,218260,34,291154
19163,0.003174,172.31.33.0-255,66,218326,34,291154
19164,0.003205,172.217.24.0-255,3602,221928,34,291154
19165,0.00321,172.217.24.0-255,4320,226248,34,291154
19166,0.003214,172.31.33.0-255,66,226314,34,291154
19167,0.003222,172.31.33.0-255,66,226380,34,291154
19168,0.003226,172.217.24.0-255,2902,229282,34,291154
19169,0.003232,172.31.33.0-255,66,229348,34,291154
19170,0.003257,172.217.24.0-255,7156,236504,34,291154
19171,0.00326,172.31.33.0-255,66,236570,34,291154
19172,0.003266,172.217.24.0-255,5738,242308,34,291154
19173,0.003268,172.31.33.0-255,66,242374,34,291154
19174,0.003295,172.217.24.0-255,5738,248112,34,291154
19175,0.0033,172.31.33.0-255,66,248178,34,291154
19176,0.00333,172.31.33.0-255,66,248244,34,291154
19177,0.003385,172.217.24.0-255,1484,249728,34,291154
19178,0.003402,172.217.24.0-255,2902,252630,34,291154
19179,0.003404,172.217.24.0-255,1484,254114,34,291154
19180,0.003408,172.31.33.0-255,66,254180,34,291154
19181,0.003419,172.217.24.0-255,2902,257082,34,291154
19182,0.003425,172.31.33.0-255,66,257148,34,291154
19183,0.003431,172.217.24.0-255,5738,262886,34,291154
19184,0.003434,172.31.33.0-255,66,262952,34,291154
19185,0.003474,172.31.33.0-255,66,263018,34,291154
19186,0.003501,172.217.24.0-255,7156,270174,34,291154
19187,0.003506,172.31.33.0-255,66,270240,34,291154
19188,0.003537,172.217.24.0-255,6438,276678,34,291154
19189,0.003539,172.31.33.0-255,66,276744,34,291154
19190,0.003551,172.217.24.0-255,1484,278228,34,291154
19191,0.003576,172.217.24.0-255,7156,285384,34,291154
19192,0.003585,172.31.33.0-255,66,285450,34,291154
19193,0.003591,172.217.24.0-255,970,286420,34,291154
19194,0.003606,172.217.24.0-255,105,286525,34,291154
19195,0.004382,172.31.33.0-255,101,286626,34,291154
19196,0.005279,172.31.33.0-255,105,286731,34,291154
19197,0.006303,172.217.24.0-255,66,286797,34,291154
19198,0.007192,172.217.24.0-255,66,286863,34,291154
19199,0.032949,172.31.33.0-255,172,287035,34,291154
19200,0.032975,172.31.33.0-255,1112,288147,34,291154
19201,0.033034,172.31.33.0-255,1514,289661,34,291154
19202,0.033036,172.31.33.0-255,1295,290956,34,291154
19203,0.034478,104.244.42.0-255,66,291022,34,291154
19204,0.03452,104.244.42.0-255,66,291088,34,291154
19205,0.034574,104.244.42.0-255,66,291154,34,291154
19206,0.0,172.217.194.0-255,153,153,34,235864
19207,2.5e-05,172.31.33.0-255,66,219,34,235864
19208,3e-05,172.217.194.0-255,1484,1703,34,235864
19209,3.4e-05,172.31.33.0-255,66,1769,34,235864
19210,6.6e-05,172.217.194.0-255,2902,4671,34,235864
19211,6.9e-05,172.31.33.0-255,66,4737,34,235864
19212,7.6e-05,172.217.194.0-255,5738,10475,34,235864
19213,7.9e-05,172.31.33.0-255,66,10541,34,235864
19214,0.000104,172.217.194.0-255,4320,14861,34,235864
19215,0.000106,172.31.33.0-255,66,14927,34,235864
19216,0.000143,172.31.33.0-255,66,14993,34,235864
19217,0.000147,172.217.194.0-255,1484,16477,34,235864
19218,0.000149,172.31.33.0-255,66,16543,34,235864
19219,0.000173,172.217.194.0-255,5379,21922,34,235864
19220,0.000177,172.31.33.0-255,66,21988,34,235864
19221,0.00033,172.217.194.0-255,1484,23472,34,235864
19222,0.000335,172.31.33.0-255,66,23538,34,235864
19223,0.00034,172.217.194.0-255,2902,26440,34,235864
19224,0.000343,172.31.33.0-255,66,26506,34,235864
19225,0.000375,172.217.194.0-255,1484,27990,34,235864
19226,0.000379,172.31.33.0-255,66,28056,34,235864
19227,0.000409,172.217.194.0-255,2902,30958,34,235864
19228,0.000413,172.31.33.0-255,66,31024,34,235864
19229,0.000419,172.217.194.0-255,5738,36762,34,235864
19230,0.000421,172.31.33.0-255,66,36828,34,235864
19231,0.000435,172.31.33.0-255,66,36894,34,235864
19232,0.000441,172.217.194.0-255,5738,42632,34,235864
19233,0.000445,172.31.33.0-255,66,42698,34,235864
19234,0.000473,172.217.194.0-255,2184,44882,34,235864
19235,0.000478,172.31.33.0-255,66,44948,34,235864
19236,0.000508,172.217.194.0-255,375,45323,34,235864
19237,0.000522,172.217.194.0-255,98,45421,34,235864
19238,0.000717,172.217.194.0-255,1484,46905,34,235864
19239,0.000721,172.31.33.0-255,66,46971,34,235864
19240,0.000727,172.217.194.0-255,2902,49873,34,235864
19241,0.00073,172.217.194.0-255,1484,51357,34,235864
19242,0.000736,172.31.33.0-255,66,51423,34,235864
19243,0.000764,172.217.194.0-255,4320,55743,34,235864
19244,0.000768,172.217.194.0-255,1484,57227,34,235864
19245,0.000771,172.31.33.0-255,66,57293,34,235864
19246,0.00081,172.31.33.0-255,66,57359,34,235864
19247,0.000813,172.217.194.0-255,1484,58843,34,235864
19248,0.000849,172.31.33.0-255,66,58909,34,235864
19249,0.001046,172.217.194.0-255,1484,60393,34,235864
19250,0.001051,172.217.194.0-255,1484,61877,34,235864
19251,0.001054,172.31.33.0-255,66,61943,34,235864
19252,0.001083,172.217.194.0-255,1484,63427,34,235864
19253,0.00109,172.217.194.0-255,5738,69165,34,235864
19254,0.001093,172.31.33.0-255,66,69231,34,235864
19255,0.001109,172.31.33.0-255,66,69297,34,235864
19256,0.001119,172.217.194.0-255,2902,72199,34,235864
19257,0.001124,172.31.33.0-255,66,72265,34,235864
19258,0.001138,172.31.33.0-255,66,72331,34,235864
19259,0.001726,172.217.194.0-255,1484,73815,34,235864
19260,0.001736,172.217.194.0-255,2902,76717,34,235864
19261,0.00174,172.31.33.0-255,66,76783,34,235864
19262,0.001746,172.217.194.0-255,5738,82521,34,235864
19263,0.001775,172.217.194.0-255,4320,86841,34,235864
19264,0.001824,172.217.194.0-255,1484,88325,34,235864
19265,0.002108,172.217.194.0-255,1484,89809,34,235864
19266,0.002116,172.217.194.0-255,2902,92711,34,235864
19267,0.002131,172.217.194.0-255,2902,95613,34,235864
19268,0.002142,172.217.194.0-255,2902,98515,34,235864
19269,0.002146,172.217.194.0-255,4320,102835,34,235864
19270,0.00217,172.217.194.0-255,2902,105737,34,235864
19271,0.002209,172.217.194.0-255,766,106503,34,235864
19272,0.002585,172.217.194.0-255,1484,107987,34,235864
19273,0.002603,172.217.194.0-255,2902,110889,34,235864
19274,0.002614,172.217.194.0-255,2902,113791,34,235864
19275,0.002625,172.217.194.0-255,2902,116693,34,235864
19276,0.002639,172.217.194.0-255,1484,118177,34,235864
19277,0.002694,172.217.194.0-255,7156,125333,34,235864
19278,0.002708,172.217.194.0-255,4320,129653,34,235864
19279,0.002713,172.217.194.0-255,5738,135391,34,235864
19280,0.002718,172.217.194.0-255,5020,140411,34,235864
19281,0.002724,172.217.194.0-255,5738,146149,34,235864
19282,0.002729,172.217.194.0-255,2902,149051,34,235864
19283,0.002754,172.217.194.0-255,7156,156207,34,235864
19284,0.002758,172.217.194.0-255,2902,159109,34,235864
19285,0.002783,172.217.194.0-255,4320,163429,34,235864
19286,0.002807,172.217.194.0-255,2184,165613,34,235864
19287,0.003027,172.217.194.0-255,1484,167097,34,235864
19288,0.003057,172.217.194.0-255,1484,168581,34,235864
19289,0.00306,172.217.194.0-255,1484,170065,34,235864
19290,0.003073,172.217.194.0-255,2902,172967,34,235864
19291,0.003116,172.217.194.0-255,1484,174451,34,235864
19292,0.003136,172.217.194.0-255,5738,180189,34,235864
19293,0.003147,172.217.194.0-255,2902,183091,34,235864
19294,0.003162,172.217.194.0-255,2902,185993,34,235864
19295,0.003176,172.217.194.0-255,5020,191013,34,235864
19296,0.003336,172.217.194.0-255,1484,192497,34,235864
19297,0.003361,172.217.194.0-255,2902,195399,34,235864
19298,0.003383,172.217.194.0-255,5738,201137,34,235864
19299,0.003429,172.217.194.0-255,4320,205457,34,235864
19300,0.003435,172.217.194.0-255,5738,211195,34,235864
19301,0.003489,172.217.194.0-255,5738,216933,34,235864
19302,0.003528,172.217.194.0-255,2902,219835,34,235864
19303,0.003556,172.217.194.0-255,4320,224155,34,235864
19304,0.00357,172.217.194.0-255,5738,229893,34,235864
19305,0.003594,172.217.194.0-255,5020,234913,34,235864
19306,0.003597,172.217.194.0-255,426,235339,34,235864
19307,0.003599,172.217.194.0-255,105,235444,34,235864
19308,0.010728,172.31.33.0-255,66,235510,34,235864
19309,0.010978,172.217.194.0-255,105,235615,34,235864
19310,0.010991,172.31.33.0-255,78,235693,34,235864
19311,0.013024,172.31.33.0-255,105,235798,34,235864
19312,0.014994,172.217.194.0-255,66,235864,34,235864
19313,0.0,172.217.194.0-255,153,153,34,210001
19314,1.7e-05,172.31.33.0-255,66,219,34,210001
19315,2.3e-05,172.217.194.0-255,1484,1703,34,210001
19316,2.7e-05,172.31.33.0-255,66,1769,34,210001
19317,3.2e-05,172.217.194.0-255,2902,4671,34,210001
19318,4.2e-05,172.31.33.0-255,66,4737,34,210001
19319,4.9e-05,172.217.194.0-255,5738,10475,34,210001
19320,5.1e-05,172.31.33.0-255,66,10541,34,210001
19321,6.8e-05,172.217.194.0-255,1484,12025,34,210001
19322,7.4e-05,172.31.33.0-255,66,12091,34,210001
19323,7.9e-05,172.217.194.0-255,2095,14186,34,210001
19324,8.1e-05,172.31.33.0-255,66,14252,34,210001
19325,8.5e-05,172.217.194.0-255,2902,17154,34,210001
19326,8.7e-05,172.31.33.0-255,66,17220,34,210001
19327,0.00012,172.217.194.0-255,7156,24376,34,210001
19328,0.000123,172.31.33.0-255,66,24442,34,210001
19329,0.000129,172.217.194.0-255,6797,31239,34,210001
19330,0.000133,172.31.33.0-255,66,31305,34,210001
19331,0.000401,172.217.194.0-255,1484,32789,34,210001
19332,0.000408,172.31.33.0-255,66,32855,34,210001
19333,0.000414,172.217.194.0-255,2902,35757,34,210001
19334,0.000416,172.31.33.0-255,66,35823,34,210001
19335,0.000419,172.217.194.0-255,1484,37307,34,210001
19336,0.000428,172.31.33.0-255,66,37373,34,210001
19337,0.000463,172.217.194.0-255,4320,41693,34,210001
19338,0.000467,172.31.33.0-255,66,41759,34,210001
19339,0.000474,172.217.194.0-255,6797,48556,34,210001
19340,0.000477,172.31.33.0-255,66,48622,34,210001
19341,0.000492,172.217.194.0-255,2794,51416,34,210001
19342,0.000526,172.31.33.0-255,66,51482,34,210001
19343,0.000528,172.31.33.0-255,66,51548,34,210001
19344,0.000548,172.217.194.0-255,122,51670,34,210001
19345,0.000702,172.217.194.0-255,1484,53154,34,210001
19346,0.000708,172.31.33.0-255,66,53220,34,210001
19347,0.000714,172.217.194.0-255,2902,56122,34,210001
19348,0.000717,172.31.33.0-255,66,56188,34,210001
19349,0.000741,172.217.194.0-255,5738,61926,34,210001
19350,0.00075,172.31.33.0-255,66,61992,34,210001
19351,0.000756,172.217.194.0-255,5738,67730,34,210001
19352,0.000759,172.31.33.0-255,66,67796,34,210001
19353,0.000763,172.217.194.0-255,2902,70698,34,210001
19354,0.000766,172.31.33.0-255,66,70764,34,210001
19355,0.000822,172.31.33.0-255,66,70830,34,210001
19356,0.000859,172.31.33.0-255,66,70896,34,210001
19357,0.000888,172.217.194.0-255,7156,78052,34,210001
19358,0.000893,172.31.33.0-255,66,78118,34,210001
19359,0.000914,172.217.194.0-255,7156,85274,34,210001
19360,0.000917,172.31.33.0-255,66,85340,34,210001
19361,0.00096,172.31.33.0-255,66,85406,34,210001
19362,0.000962,172.217.194.0-255,1484,86890,34,210001
19363,0.000965,172.217.194.0-255,1484,88374,34,210001
19364,0.000967,172.31.33.0-255,66,88440,34,210001
19365,0.001001,172.217.194.0-255,1484,89924,34,210001
19366,0.001009,172.217.194.0-255,5738,95662,34,210001
19367,0.001012,172.31.33.0-255,66,95728,34,210001
19368,0.001024,172.31.33.0-255,66,95794,34,210001
19369,0.001052,172.217.194.0-255,5738,101532,34,210001
19370,0.001056,172.31.33.0-255,66,101598,34,210001
19371,0.001087,172.217.194.0-255,5020,106618,34,210001
19372,0.001091,172.31.33.0-255,66,106684,34,210001
19373,0.001543,172.217.194.0-255,1484,108168,34,210001
19374,0.001549,172.217.194.0-255,2902,111070,34,210001
19375,0.001559,172.31.33.0-255,66,111136,34,210001
19376,0.001565,172.217.194.0-255,4320,115456,34,210001
19377,0.001567,172.31.33.0-255,66,115522,34,210001
19378,0.001594,172.217.194.0-255,1484,117006,34,210001
19379,0.001611,172.217.194.0-255,7156,124162,34,210001
19380,0.001614,172.31.33.0-255,66,124228,34,210001
19381,0.001646,172.217.194.0-255,1484,125712,34,210001
19382,0.001661,172.217.194.0-255,2902,128614,34,210001
19383,0.001663,172.217.194.0-255,1484,130098,34,210001
19384,0.001667,172.31.33.0-255,66,130164,34,210001
19385,0.001692,172.217.194.0-255,4320,134484,34,210001
19386,0.001695,172.31.33.0-255,66,134550,34,210001
19387,0.001699,172.217.194.0-255,4320,138870,34,210001
19388,0.001701,172.31.33.0-255,66,138936,34,210001
19389,0.001738,172.217.194.0-255,2184,141120,34,210001
19390,0.001741,172.31.33.0-255,66,141186,34,210001
19391,0.001844,172.217.194.0-255,1484,142670,34,210001
19392,0.001848,172.217.194.0-255,1484,144154,34,210001
19393,0.00185,172.31.33.0-255,66,144220,34,210001
19394,0.001873,172.217.194.0-255,1484,145704,34,210001
19395,0.001879,172.217.194.0-255,5738,151442,34,210001
19396,0.001881,172.31.33.0-255,66,151508,34,210001
19397,0.001883,172.217.194.0-255,1484,152992,34,210001
19398,0.001908,172.31.33.0-255,66,153058,34,210001
19399,0.001934,172.217.194.0-255,7156,160214,34,210001
19400,0.001936,172.31.33.0-255,66,160280,34,210001
19401,0.001967,172.31.33.0-255,66,160346,34,210001
19402,0.001983,172.31.33.0-255,66,160412,34,210001
19403,0.002042,172.31.33.0-255,66,160478,34,210001
19404,0.002044,172.217.194.0-255,1484,161962,34,210001
19405,0.002064,172.217.194.0-255,2902,164864,34,210001
19406,0.002069,172.217.194.0-255,5738,170602,34,210001
19407,0.002073,172.31.33.0-255,66,170668,34,210001
19408,0.002079,172.31.33.0-255,66,170734,34,210001
19409,0.002081,172.217.194.0-255,1484,172218,34,210001
19410,0.002114,172.31.33.0-255,66,172284,34,210001
19411,0.002117,172.217.194.0-255,2902,175186,34,210001
19412,0.002119,172.31.33.0-255,66,175252,34,210001
19413,0.00214,172.31.33.0-255,66,175318,34,210001
19414,0.002179,172.217.194.0-255,7156,182474,34,210001
19415,0.002184,172.31.33.0-255,66,182540,34,210001
19416,0.00219,172.31.33.0-255,66,182606,34,210001
19417,0.002195,172.217.194.0-255,5738,188344,34,210001
19418,0.002196,172.31.33.0-255,66,188410,34,210001
19419,0.002212,172.217.194.0-255,4320,192730,34,210001
19420,0.002214,172.31.33.0-255,66,192796,34,210001
19421,0.002248,172.31.33.0-255,66,192862,34,210001
19422,0.002254,172.217.194.0-255,5738,198600,34,210001
19423,0.002255,172.31.33.0-255,66,198666,34,210001
19424,0.002303,172.31.33.0-255,66,198732,34,210001
19425,0.002309,172.217.194.0-255,6438,205170,34,210001
19426,0.002311,172.31.33.0-255,66,205236,34,210001
19427,0.002319,172.31.33.0-255,66,205302,34,210001
19428,0.002338,172.31.33.0-255,66,205368,34,210001
19429,0.002358,172.217.194.0-255,105,205473,34,210001
19430,0.004468,172.31.33.0-255,66,205539,34,210001
19431,0.004533,172.31.33.0-255,105,205644,34,210001
19432,0.007116,172.217.194.0-255,66,205710,34,210001
19433,0.034383,172.31.33.0-255,172,205882,34,210001
19434,0.034431,172.31.33.0-255,1113,206995,34,210001
19435,0.034505,172.31.33.0-255,1514,208509,34,210001
19436,0.034507,172.31.33.0-255,1294,209803,34,210001
19437,0.035934,104.244.42.0-255,66,209869,34,210001
19438,0.03599,104.244.42.0-255,66,209935,34,210001
19439,0.036039,104.244.42.0-255,66,210001,34,210001
19440,0.0,74.125.68.0-255,153,153,34,356535
19441,3.4e-05,172.31.33.0-255,66,219,34,356535
19442,8.7e-05,74.125.68.0-255,1484,1703,34,356535
19443,9.1e-05,172.31.33.0-255,66,1769,34,356535
19444,9.4e-05,74.125.68.0-255,1484,3253,34,356535
19445,9.9e-05,172.31.33.0-255,66,3319,34,356535
19446,0.000105,74.125.68.0-255,1484,4803,34,356535
19447,0.000108,172.31.33.0-255,66,4869,34,356535
19448,0.00011,74.125.68.0-255,1484,6353,34,356535
19449,0.000115,172.31.33.0-255,66,6419,34,356535
19450,0.00012,74.125.68.0-255,2902,9321,34,356535
19451,0.000123,172.31.33.0-255,66,9387,34,356535
19452,0.000147,74.125.68.0-255,6307,15694,34,356535
19453,0.00015,172.31.33.0-255,66,15760,34,356535
19454,0.000168,74.125.68.0-255,1484,17244,34,356535
19455,0.00017,172.31.33.0-255,66,17310,34,356535
19456,0.000194,74.125.68.0-255,2902,20212,34,356535
19457,0.000198,172.31.33.0-255,66,20278,34,356535
19458,0.000205,74.125.68.0-255,5738,26016,34,356535
19459,0.000207,172.31.33.0-255,66,26082,34,356535
19460,0.000212,74.125.68.0-255,4320,30402,34,356535
19461,0.000214,172.31.33.0-255,66,30468,34,356535
19462,0.000246,74.125.68.0-255,1125,31593,34,356535
19463,0.00025,172.31.33.0-255,66,31659,34,356535
19464,0.000738,74.125.68.0-255,1484,33143,34,356535
19465,0.000743,172.31.33.0-255,66,33209,34,356535
19466,0.000764,74.125.68.0-255,2902,36111,34,356535
19467,0.000768,172.31.33.0-255,66,36177,34,356535
19468,0.000772,74.125.68.0-255,2902,39079,34,356535
19469,0.000773,172.31.33.0-255,66,39145,34,356535
19470,0.000786,74.125.68.0-255,1484,40629,34,356535
19471,0.000788,172.31.33.0-255,66,40695,34,356535
19472,0.000816,74.125.68.0-255,2902,43597,34,356535
19473,0.000819,172.31.33.0-255,66,43663,34,356535
19474,0.000835,74.125.68.0-255,1484,45147,34,356535
19475,0.000856,74.125.68.0-255,2902,48049,34,356535
19476,0.000859,172.31.33.0-255,66,48115,34,356535
19477,0.000862,74.125.68.0-255,1125,49240,34,356535
19478,0.000873,74.125.68.0-255,1484,50724,34,356535
19479,0.000875,172.31.33.0-255,66,50790,34,356535
19480,0.000888,74.125.68.0-255,4320,55110,34,356535
19481,0.00089,172.31.33.0-255,66,55176,34,356535
19482,0.000913,74.125.68.0-255,2902,58078,34,356535
19483,0.000915,172.31.33.0-255,66,58144,34,356535
19484,0.000936,74.125.68.0-255,5738,63882,34,356535
19485,0.000938,172.31.33.0-255,66,63948,34,356535
19486,0.00096,74.125.68.0-255,1484,65432,34,356535
19487,0.000976,74.125.68.0-255,1435,66867,34,356535
19488,0.000979,172.31.33.0-255,66,66933,34,356535
19489,0.000982,74.125.68.0-255,114,67047,34,356535
19490,0.001142,74.125.68.0-255,1484,68531,34,356535
19491,0.001146,172.31.33.0-255,66,68597,34,356535
19492,0.001151,74.125.68.0-255,2902,71499,34,356535
19493,0.001152,172.31.33.0-255,66,71565,34,356535
19494,0.001165,74.125.68.0-255,2902,74467,34,356535
19495,0.001167,172.31.33.0-255,66,74533,34,356535
19496,0.001191,74.125.68.0-255,4320,78853,34,356535
19497,0.001194,172.31.33.0-255,66,78919,34,356535
19498,0.001207,74.125.68.0-255,1484,80403,34,356535
19499,0.001217,74.125.68.0-255,2902,83305,34,356535
19500,0.00122,172.31.33.0-255,66,83371,34,356535
19501,0.001232,74.125.68.0-255,4320,87691,34,356535
19502,0.001234,172.31.33.0-255,66,87757,34,356535
19503,0.001237,74.125.68.0-255,2902,90659,34,356535
19504,0.001239,172.31.33.0-255,66,90725,34,356535
19505,0.001254,74.125.68.0-255,7156,97881,34,356535
19506,0.001256,172.31.33.0-255,66,97947,34,356535
19507,0.00128,74.125.68.0-255,3602,101549,34,356535
19508,0.001282,172.31.33.0-255,66,101615,34,356535
19509,0.001286,74.125.68.0-255,2902,104517,34,356535
19510,0.001288,172.31.33.0-255,66,104583,34,356535
19511,0.0013,74.125.68.0-255,1484,106067,34,356535
19512,0.001313,74.125.68.0-255,4320,110387,34,356535
19513,0.001316,172.31.33.0-255,66,110453,34,356535
19514,0.001332,74.125.68.0-255,5738,116191,34,356535
19515,0.001334,172.31.33.0-255,66,116257,34,356535
19516,0.001337,74.125.68.0-255,1484,117741,34,356535
19517,0.001366,172.31.33.0-255,66,117807,34,356535
19518,0.00137,74.125.68.0-255,2902,120709,34,356535
19519,0.001372,172.31.33.0-255,66,120775,34,356535
19520,0.001389,74.125.68.0-255,5020,125795,34,356535
19521,0.001392,172.31.33.0-255,66,125861,34,356535
19522,0.001394,74.125.68.0-255,328,126189,34,356535
19523,0.001802,172.31.33.0-255,66,126255,34,356535
19524,0.002013,74.125.68.0-255,1484,127739,34,356535
19525,0.002019,74.125.68.0-255,1484,129223,34,356535
19526,0.002022,172.31.33.0-255,66,129289,34,356535
19527,0.002037,74.125.68.0-255,1484,130773,34,356535
19528,0.002079,74.125.68.0-255,5738,136511,34,356535
19529,0.002083,172.31.33.0-255,66,136577,34,356535
19530,0.002094,74.125.68.0-255,1484,138061,34,356535
19531,0.002113,74.125.68.0-255,5738,143799,34,356535
19532,0.002115,172.31.33.0-255,66,143865,34,356535
19533,0.002118,74.125.68.0-255,1484,145349,34,356535
19534,0.00213,74.125.68.0-255,1484,146833,34,356535
19535,0.002132,172.31.33.0-255,66,146899,34,356535
19536,0.00215,74.125.68.0-255,1484,148383,34,356535
19537,0.002163,74.125.68.0-255,2902,151285,34,356535
19538,0.002165,172.31.33.0-255,66,151351,34,356535
19539,0.002168,74.125.68.0-255,1484,152835,34,356535
19540,0.002201,74.125.68.0-255,2902,155737,34,356535
19541,0.002203,172.31.33.0-255,66,155803,34,356535
19542,0.002221,74.125.68.0-255,5020,160823,34,356535
19543,0.002223,172.31.33.0-255,66,160889,34,356535
19544,0.002424,74.125.68.0-255,1484,162373,34,356535
19545,0.002442,74.125.68.0-255,2902,165275,34,356535
19546,0.002445,172.31.33.0-255,66,165341,34,356535
19547,0.002458,74.125.68.0-255,1484,166825,34,356535
19548,0.002471,74.125.68.0-255,4320,171145,34,356535
19549,0.002473,172.31.33.0-255,66,171211,34,356535
19550,0.002476,74.125.68.0-255,1484,172695,34,356535
19551,0.002494,74.125.68.0-255,5738,178433,34,356535
19552,0.002496,172.31.33.0-255,66,178499,34,356535
19553,0.002534,74.125.68.0-255,2902,181401,34,356535
19554,0.002537,172.31.33.0-255,66,181467,34,356535
19555,0.002554,74.125.68.0-255,2902,184369,34,356535
19556,0.002555,172.31.33.0-255,66,184435,34,356535
19557,0.002559,74.125.68.0-255,2902,187337,34,356535
19558,0.00256,172.31.33.0-255,66,187403,34,356535
19559,0.002578,74.125.68.0-255,2902,190305,34,356535
19560,0.00258,172.31.33.0-255,66,190371,34,356535
19561,0.002605,74.125.68.0-255,5020,195391,34,356535
19562,0.002607,172.31.33.0-255,66,195457,34,356535
19563,0.00273,74.125.68.0-255,1484,196941,34,356535
19564,0.002765,74.125.68.0-255,1484,198425,34,356535
19565,0.002768,172.31.33.0-255,66,198491,34,356535
19566,0.002788,74.125.68.0-255,4320,202811,34,356535
19567,0.002791,172.31.33.0-255,66,202877,34,356535
19568,0.002813,74.125.68.0-255,7156,210033,34,356535
19569,0.002815,172.31.33.0-255,66,210099,34,356535
19570,0.002839,172.31.33.0-255,66,210165,34,356535
19571,0.002841,74.125.68.0-255,1484,211649,34,356535
19572,0.002878,74.125.68.0-255,4320,215969,34,356535
19573,0.002881,172.31.33.0-255,66,216035,34,356535
19574,0.0029,74.125.68.0-255,5020,221055,34,356535
19575,0.002902,172.31.33.0-255,66,221121,34,356535
19576,0.002923,74.125.68.0-255,2902,224023,34,356535
19577,0.002926,172.31.33.0-255,66,224089,34,356535
19578,0.002945,74.125.68.0-255,4320,228409,34,356535
19579,0.002947,172.31.33.0-255,66,228475,34,356535
19580,0.00298,74.125.68.0-255,2902,231377,34,356535
19581,0.002983,172.31.33.0-255,66,231443,34,356535
19582,0.003002,74.125.68.0-255,2902,234345,34,356535
19583,0.003004,172.31.33.0-255,66,234411,34,356535
19584,0.003008,74.125.68.0-255,4320,238731,34,356535
19585,0.003009,172.31.33.0-255,66,238797,34,356535
19586,0.003021,74.125.68.0-255,4320,243117,34,356535
19587,0.003023,172.31.33.0-255,66,243183,34,356535
19588,0.00305,74.125.68.0-255,7156,250339,34,356535
19589,0.003052,172.31.33.0-255,66,250405,34,356535
19590,0.003055,74.125.68.0-255,4320,254725,34,356535
19591,0.003057,172.31.33.0-255,66,254791,34,356535
19592,0.003096,74.125.68.0-255,4320,259111,34,356535
19593,0.003098,172.31.33.0-255,66,259177,34,356535
19594,0.003124,172.31.33.0-255,66,259243,34,356535
19595,0.003155,74.125.68.0-255,2902,262145,34,356535
19596,0.003158,172.31.33.0-255,66,262211,34,356535
19597,0.003185,172.31.33.0-255,66,262277,34,356535
19598,0.003189,74.125.68.0-255,4320,266597,34,356535
19599,0.003191,172.31.33.0-255,66,266663,34,356535
19600,0.003226,74.125.68.0-255,6438,273101,34,356535
19601,0.003232,172.31.33.0-255,66,273167,34,356535
19602,0.003243,74.125.68.0-255,7156,280323,34,356535
19603,0.003246,172.31.33.0-255,66,280389,34,356535
19604,0.003253,74.125.68.0-255,5738,286127,34,356535
19605,0.003256,172.31.33.0-255,66,286193,34,356535
19606,0.003286,74.125.68.0-255,2902,289095,34,356535
19607,0.003292,172.31.33.0-255,66,289161,34,356535
19608,0.003299,74.125.68.0-255,4320,293481,34,356535
19609,0.003302,172.31.33.0-255,66,293547,34,356535
19610,0.003308,74.125.68.0-255,5738,299285,34,356535
19611,0.003311,172.31.33.0-255,66,299351,34,356535
19612,0.003313,74.125.68.0-255,1484,300835,34,356535
19613,0.003317,74.125.68.0-255,1484,302319,34,356535
19614,0.003319,172.31.33.0-255,66,302385,34,356535
19615,0.003322,74.125.68.0-255,766,303151,34,356535
19616,0.003353,74.125.68.0-255,5738,308889,34,356535
19617,0.003357,172.31.33.0-255,66,308955,34,356535
19618,0.003363,74.125.68.0-255,4320,313275,34,356535
19619,0.003365,172.31.33.0-255,66,313341,34,356535
19620,0.003373,74.125.68.0-255,7156,320497,34,356535
19621,0.003376,172.31.33.0-255,66,320563,34,356535
19622,0.003378,74.125.68.0-255,1484,322047,34,356535
19623,0.003383,74.125.68.0-255,2902,324949,34,356535
19624,0.003386,172.31.33.0-255,66,325015,34,356535
19625,0.003416,74.125.68.0-255,2902,327917,34,356535
19626,0.00342,172.31.33.0-255,66,327983,34,356535
19627,0.003428,74.125.68.0-255,5738,333721,34,356535
19628,0.00343,172.31.33.0-255,66,333787,34,356535
19629,0.003433,74.125.68.0-255,1484,335271,34,356535
19630,0.003457,74.125.68.0-255,2184,337455,34,356535
19631,0.00346,172.31.33.0-255,66,337521,34,356535
19632,0.003485,74.125.68.0-255,5738,343259,34,356535
19633,0.003489,172.31.33.0-255,66,343325,34,356535
19634,0.003503,74.125.68.0-255,1484,344809,34,356535
19635,0.003506,172.31.33.0-255,78,344887,34,356535
19636,0.003521,172.31.33.0-255,66,344953,34,356535
19637,0.003626,74.125.68.0-255,6883,351836,34,356535
19638,0.00363,172.31.33.0-255,66,351902,34,356535
19639,0.003633,74.125.68.0-255,105,352007,34,356535
19640,0.005672,172.31.33.0-255,66,352073,34,356535
19641,0.005727,172.31.33.0-255,105,352178,34,356535
19642,0.008231,74.125.68.0-255,66,352244,34,356535
19643,0.034699,172.31.33.0-255,172,352416,34,356535
19644,0.034743,172.31.33.0-255,1113,353529,34,356535
19645,0.034821,172.31.33.0-255,1514,355043,34,356535
19646,0.034823,172.31.33.0-255,1294,356337,34,356535
19647,0.036293,104.244.42.0-255,66,356403,34,356535
19648,0.036304,104.244.42.0-255,66,356469,34,356535
19649,0.036373,104.244.42.0-255,66,356535,34,356535
19650,0.0,74.125.130.0-255,153,153,34,298310
19651,2.6e-05,172.31.33.0-255,66,219,34,298310
19652,3.2e-05,74.125.130.0-255,1484,1703,34,298310
19653,3.5e-05,172.31.33.0-255,66,1769,34,298310
19654,4e-05,74.125.130.0-255,2902,4671,34,298310
19655,4.2e-05,172.31.33.0-255,66,4737,34,298310
19656,7.1e-05,74.125.130.0-255,7156,11893,34,298310
19657,7.3e-05,172.31.33.0-255,66,11959,34,298310
19658,7.7e-05,74.125.130.0-255,2125,14084,34,298310
19659,7.9e-05,172.31.33.0-255,66,14150,34,298310
19660,0.00014,74.125.130.0-255,1484,15634,34,298310
19661,0.000143,172.31.33.0-255,66,15700,34,298310
19662,0.000148,74.125.130.0-255,2902,18602,34,298310
19663,0.000149,172.31.33.0-255,66,18668,34,298310
19664,0.000152,74.125.130.0-255,1484,20152,34,298310
19665,0.000153,172.31.33.0-255,66,20218,34,298310
19666,0.000178,74.125.130.0-255,1484,21702,34,298310
19667,0.00018,172.31.33.0-255,66,21768,34,298310
19668,0.000185,74.125.130.0-255,4320,26088,34,298310
19669,0.000187,172.31.33.0-255,66,26154,34,298310
19670,0.000206,74.125.130.0-255,1484,27638,34,298310
19671,0.000208,172.31.33.0-255,66,27704,34,298310
19672,0.000227,172.31.33.0-255,66,27770,34,298310
19673,0.000233,74.125.130.0-255,7156,34926,34,298310
19674,0.000235,172.31.33.0-255,66,34992,34,298310
19675,0.000277,74.125.130.0-255,5379,40371,34,298310
19676,0.000281,172.31.33.0-255,66,40437,34,298310
19677,0.000315,74.125.130.0-255,5738,46175,34,298310
19678,0.000317,172.31.33.0-255,66,46241,34,298310
19679,0.000323,74.125.130.0-255,2902,49143,34,298310
19680,0.000325,172.31.33.0-255,66,49209,34,298310
19681,0.000342,74.125.130.0-255,1484,50693,34,298310
19682,0.000348,74.125.130.0-255,5738,56431,34,298310
19683,0.00035,172.31.33.0-255,66,56497,34,298310
19684,0.000371,74.125.130.0-255,1438,57935,34,298310
19685,0.000504,74.125.130.0-255,98,58033,34,298310
19686,0.000602,74.125.130.0-255,364,58397,34,298310
19687,0.000606,172.31.33.0-255,66,58463,34,298310
19688,0.000794,74.125.130.0-255,1484,59947,34,298310
19689,0.000803,74.125.130.0-255,2902,62849,34,298310
19690,0.000806,172.31.33.0-255,66,62915,34,298310
19691,0.000809,74.125.130.0-255,1484,64399,34,298310
19692,0.000833,74.125.130.0-255,4320,68719,34,298310
19693,0.000836,172.31.33.0-255,66,68785,34,298310
19694,0.000841,74.125.130.0-255,4320,73105,34,298310
19695,0.000843,172.31.33.0-255,66,73171,34,298310
19696,0.000848,74.125.130.0-255,4320,77491,34,298310
19697,0.00085,172.31.33.0-255,66,77557,34,298310
19698,0.000874,74.125.130.0-255,1484,79041,34,298310
19699,0.000888,172.31.33.0-255,66,79107,34,298310
19700,0.000892,74.125.130.0-255,2184,81291,34,298310
19701,0.000894,172.31.33.0-255,66,81357,34,298310
19702,0.001594,74.125.130.0-255,1484,82841,34,298310
19703,0.001605,74.125.130.0-255,2902,85743,34,298310
19704,0.00161,172.31.33.0-255,66,85809,34,298310
19705,0.00162,74.125.130.0-255,5738,91547,34,298310
19706,0.001623,172.31.33.0-255,66,91613,34,298310
19707,0.001651,74.125.130.0-255,7156,98769,34,298310
19708,0.001654,172.31.33.0-255,66,98835,34,298310
19709,0.001657,74.125.130.0-255,1484,100319,34,298310
19710,0.001679,74.125.130.0-255,7156,107475,34,298310
19711,0.001681,172.31.33.0-255,66,107541,34,298310
19712,0.001695,74.125.130.0-255,5738,113279,34,298310
19713,0.001697,172.31.33.0-255,66,113345,34,298310
19714,0.001718,74.125.130.0-255,2184,115529,34,298310
19715,0.001721,172.31.33.0-255,66,115595,34,298310
19716,0.001948,74.125.130.0-255,1484,117079,34,298310
19717,0.001953,74.125.130.0-255,2902,119981,34,298310
19718,0.001956,172.31.33.0-255,66,120047,34,298310
19719,0.001973,74.125.130.0-255,5738,125785,34,298310
19720,0.001976,172.31.33.0-255,66,125851,34,298310
19721,0.00201,172.31.33.0-255,66,125917,34,298310
19722,0.002017,74.125.130.0-255,7156,133073,34,298310
19723,0.002019,172.31.33.0-255,66,133139,34,298310
19724,0.002052,74.125.130.0-255,3602,136741,34,298310
19725,0.002055,172.31.33.0-255,66,136807,34,298310
19726,0.002088,74.125.130.0-255,4320,141127,34,298310
19727,0.002092,172.31.33.0-255,66,141193,34,298310
19728,0.002101,74.125.130.0-255,2902,144095,34,298310
19729,0.002103,172.31.33.0-255,66,144161,34,298310
19730,0.00212,74.125.130.0-255,7156,151317,34,298310
19731,0.002122,172.31.33.0-255,66,151383,34,298310
19732,0.002128,74.125.130.0-255,7156,158539,34,298310
19733,0.002131,172.31.33.0-255,66,158605,34,298310
19734,0.002149,74.125.130.0-255,4320,162925,34,298310
19735,0.002151,172.31.33.0-255,66,162991,34,298310
19736,0.002161,172.31.33.0-255,66,163057,34,298310
19737,0.002216,74.125.130.0-255,1484,164541,34,298310
19738,0.002232,74.125.130.0-255,2902,167443,34,298310
19739,0.002235,172.31.33.0-255,66,167509,34,298310
19740,0.00224,74.125.130.0-255,4320,171829,34,298310
19741,0.002241,172.31.33.0-255,66,171895,34,298310
19742,0.002255,74.125.130.0-255,1484,173379,34,298310
19743,0.002261,74.125.130.0-255,7156,180535,34,298310
19744,0.002265,74.125.130.0-255,4320,184855,34,298310
19745,0.002268,172.31.33.0-255,66,184921,34,298310
19746,0.002271,172.31.33.0-255,66,184987,34,298310
19747,0.002284,74.125.130.0-255,4320,189307,34,298310
19748,0.002286,172.31.33.0-255,66,189373,34,298310
19749,0.002289,74.125.130.0-255,1484,190857,34,298310
19750,0.002291,74.125.130.0-255,1484,192341,34,298310
19751,0.002293,172.31.33.0-255,66,192407,34,298310
19752,0.002315,74.125.130.0-255,2902,195309,34,298310
19753,0.002317,172.31.33.0-255,66,195375,34,298310
19754,0.002322,74.125.130.0-255,2184,197559,34,298310
19755,0.002323,172.31.33.0-255,66,197625,34,298310
19756,0.002368,74.125.130.0-255,1484,199109,34,298310
19757,0.00239,74.125.130.0-255,2902,202011,34,298310
19758,0.002393,172.31.33.0-255,66,202077,34,298310
19759,0.002397,74.125.130.0-255,2902,204979,34,298310
19760,0.002399,172.31.33.0-255,66,205045,34,298310
19761,0.002402,74.125.130.0-255,1484,206529,34,298310
19762,0.002415,74.125.130.0-255,2902,209431,34,298310
19763,0.002418,172.31.33.0-255,66,209497,34,298310
19764,0.002454,74.125.130.0-255,4320,213817,34,298310
19765,0.002457,172.31.33.0-255,66,213883,34,298310
19766,0.00247,172.31.33.0-255,66,213949,34,298310
19767,0.002473,74.125.130.0-255,1484,215433,34,298310
19768,0.002477,74.125.130.0-255,2902,218335,34,298310
19769,0.002479,172.31.33.0-255,66,218401,34,298310
19770,0.002482,74.125.130.0-255,1484,219885,34,298310
19771,0.002484,74.125.130.0-255,766,220651,34,298310
19772,0.002486,172.31.33.0-255,66,220717,34,298310
19773,0.002687,74.125.130.0-255,1484,222201,34,298310
19774,0.002693,74.125.130.0-255,2902,225103,34,298310
19775,0.002697,172.31.33.0-255,66,225169,34,298310
19776,0.002703,74.125.130.0-255,4320,229489,34,298310
19777,0.002705,172.31.33.0-255,66,229555,34,298310
19778,0.00272,74.125.130.0-255,1484,231039,34,298310
19779,0.002724,74.125.130.0-255,2902,233941,34,298310
19780,0.002726,172.31.33.0-255,66,234007,34,298310
19781,0.002732,74.125.130.0-255,4320,238327,34,298310
19782,0.002734,172.31.33.0-255,66,238393,34,298310
19783,0.002737,74.125.130.0-255,1484,239877,34,298310
19784,0.00276,74.125.130.0-255,7156,247033,34,298310
19785,0.002764,172.31.33.0-255,66,247099,34,298310
19786,0.002769,74.125.130.0-255,2902,250001,34,298310
19787,0.002771,172.31.33.0-255,66,250067,34,298310
19788,0.002816,74.125.130.0-255,5020,255087,34,298310
19789,0.002821,172.31.33.0-255,66,255153,34,298310
19790,0.002874,74.125.130.0-255,1484,256637,34,298310
19791,0.002904,74.125.130.0-255,2902,259539,34,298310
19792,0.002907,172.31.33.0-255,66,259605,34,298310
19793,0.002913,74.125.130.0-255,4320,263925,34,298310
19794,0.002915,172.31.33.0-255,66,263991,34,298310
19795,0.002936,74.125.130.0-255,1484,265475,34,298310
19796,0.002941,74.125.130.0-255,4320,269795,34,298310
19797,0.002943,172.31.33.0-255,66,269861,34,298310
19798,0.002957,172.31.33.0-255,66,269927,34,298310
19799,0.002986,74.125.130.0-255,7156,277083,34,298310
19800,0.002997,172.31.33.0-255,66,277149,34,298310
19801,0.003039,172.31.33.0-255,66,277215,34,298310
19802,0.003052,74.125.130.0-255,4320,281535,34,298310
19803,0.003075,74.125.130.0-255,2902,284437,34,298310
19804,0.003081,172.31.33.0-255,66,284503,34,298310
19805,0.003101,74.125.130.0-255,2902,287405,34,298310
19806,0.003152,74.125.130.0-255,6256,293661,34,298310
19807,0.003155,74.125.130.0-255,105,293766,34,298310
19808,0.003161,172.31.33.0-255,66,293832,34,298310
19809,0.004516,172.31.33.0-255,105,293937,34,298310
19810,0.006745,74.125.130.0-255,66,294003,34,298310
19811,0.03805,172.31.33.0-255,188,294191,34,298310
19812,0.038078,172.31.33.0-255,957,295148,34,298310
19813,0.038159,172.31.33.0-255,1514,296662,34,298310
19814,0.03816,172.31.33.0-255,1450,298112,34,298310
19815,0.039575,104.244.42.0-255,66,298178,34,298310
19816,0.039707,104.244.42.0-255,66,298244,34,298310
19817,0.03971,104.244.42.0-255,66,298310,34,298310
19818,0.0,172.217.194.0-255,146,146,34,237639
19819,2.2e-05,172.31.33.0-255,66,212,34,237639
19820,2.8e-05,172.217.194.0-255,1484,1696,34,237639
19821,3.2e-05,172.31.33.0-255,66,1762,34,237639
19822,3.7e-05,172.217.194.0-255,2902,4664,34,237639
19823,3.9e-05,172.31.33.0-255,66,4730,34,237639
19824,4.5e-05,172.217.194.0-255,7156,11886,34,237639
19825,4.7e-05,172.31.33.0-255,66,11952,34,237639
19826,8.5e-05,172.217.194.0-255,4320,16272,34,237639
19827,8.8e-05,172.31.33.0-255,66,16338,34,237639
19828,0.00012,172.31.33.0-255,66,16404,34,237639
19829,0.000125,172.217.194.0-255,4320,20724,34,237639
19830,0.000127,172.31.33.0-255,66,20790,34,237639
19831,0.000153,172.31.33.0-255,66,20856,34,237639
19832,0.000256,172.217.194.0-255,1484,22340,34,237639
19833,0.00026,172.31.33.0-255,66,22406,34,237639
19834,0.000263,172.217.194.0-255,1484,23890,34,237639
19835,0.000264,172.31.33.0-255,66,23956,34,237639
19836,0.000278,172.217.194.0-255,1484,25440,34,237639
19837,0.000281,172.31.33.0-255,66,25506,34,237639
19838,0.000287,172.217.194.0-255,5738,31244,34,237639
19839,0.000289,172.31.33.0-255,66,31310,34,237639
19840,0.000293,172.217.194.0-255,2902,34212,34,237639
19841,0.000295,172.31.33.0-255,66,34278,34,237639
19842,0.000318,172.217.194.0-255,4251,38529,34,237639
19843,0.000321,172.31.33.0-255,66,38595,34,237639
19844,0.000324,172.217.194.0-255,100,38695,34,237639
19845,0.000326,172.31.33.0-255,66,38761,34,237639
19846,0.000362,172.217.194.0-255,1484,40245,34,237639
19847,0.000365,172.31.33.0-255,66,40311,34,237639
19848,0.000369,172.217.194.0-255,2902,43213,34,237639
19849,0.000371,172.31.33.0-255,66,43279,34,237639
19850,0.000381,172.217.194.0-255,1484,44763,34,237639
19851,0.000404,172.217.194.0-255,5738,50501,34,237639
19852,0.000407,172.31.33.0-255,66,50567,34,237639
19853,0.000413,172.217.194.0-255,7156,57723,34,237639
19854,0.000415,172.31.33.0-255,66,57789,34,237639
19855,0.000452,172.217.194.0-255,1484,59273,34,237639
19856,0.000482,172.31.33.0-255,66,59339,34,237639
19857,0.000493,172.217.194.0-255,1062,60401,34,237639
19858,0.000708,172.217.194.0-255,1484,61885,34,237639
19859,0.000712,172.31.33.0-255,66,61951,34,237639
19860,0.000718,172.217.194.0-255,2902,64853,34,237639
19861,0.000721,172.31.33.0-255,66,64919,34,237639
19862,0.000748,172.217.194.0-255,5738,70657,34,237639
19863,0.000751,172.31.33.0-255,66,70723,34,237639
19864,0.000755,172.217.194.0-255,2902,73625,34,237639
19865,0.000757,172.31.33.0-255,66,73691,34,237639
19866,0.000771,172.217.194.0-255,5738,79429,34,237639
19867,0.000773,172.31.33.0-255,66,79495,34,237639
19868,0.000789,172.217.194.0-255,4320,83815,34,237639
19869,0.000791,172.31.33.0-255,66,83881,34,237639
19870,0.000811,172.217.194.0-255,4320,88201,34,237639
19871,0.000813,172.31.33.0-255,66,88267,34,237639
19872,0.000835,172.217.194.0-255,6438,94705,34,237639
19873,0.000837,172.31.33.0-255,66,94771,34,237639
19874,0.000854,172.217.194.0-255,1484,96255,34,237639
19875,0.000872,172.217.194.0-255,2902,99157,34,237639
19876,0.000875,172.31.33.0-255,66,99223,34,237639
19877,0.000878,172.217.194.0-255,1484,100707,34,237639
19878,0.000889,172.217.194.0-255,4320,105027,34,237639
19879,0.000891,172.31.33.0-255,66,105093,34,237639
19880,0.000914,172.217.194.0-255,5738,110831,34,237639
19881,0.000916,172.31.33.0-255,66,110897,34,237639
19882,0.000932,172.217.194.0-255,4320,115217,34,237639
19883,0.000934,172.31.33.0-255,66,115283,34,237639
19884,0.00094,172.217.194.0-255,5738,121021,34,237639
19885,0.000943,172.31.33.0-255,66,121087,34,237639
19886,0.000969,172.217.194.0-255,5738,126825,34,237639
19887,0.000972,172.31.33.0-255,66,126891,34,237639
19888,0.000976,172.217.194.0-255,2184,129075,34,237639
19889,0.00098,172.31.33.0-255,66,129141,34,237639
19890,0.001258,172.217.194.0-255,1484,130625,34,237639
19891,0.001263,172.217.194.0-255,2902,133527,34,237639
19892,0.001266,172.31.33.0-255,66,133593,34,237639
19893,0.001303,172.217.194.0-255,4320,137913,34,237639
19894,0.001305,172.31.33.0-255,66,137979,34,237639
19895,0.001333,172.217.194.0-255,1484,139463,34,237639
19896,0.001345,172.31.33.0-255,66,139529,34,237639
19897,0.001352,172.217.194.0-255,7156,146685,34,237639
19898,0.001354,172.31.33.0-255,66,146751,34,237639
19899,0.001371,172.217.194.0-255,3602,150353,34,237639
19900,0.001374,172.31.33.0-255,66,150419,34,237639
19901,0.001656,172.217.194.0-255,1484,151903,34,237639
19902,0.001664,172.217.194.0-255,2902,154805,34,237639
19903,0.001668,172.31.33.0-255,66,154871,34,237639
19904,0.001675,172.217.194.0-255,5738,160609,34,237639
19905,0.001676,172.31.33.0-255,66,160675,34,237639
19906,0.001718,172.31.33.0-255,66,160741,34,237639
19907,0.001747,172.31.33.0-255,66,160807,34,237639
19908,0.001891,172.217.194.0-255,1484,162291,34,237639
19909,0.001896,172.217.194.0-255,1484,163775,34,237639
19910,0.001899,172.31.33.0-255,66,163841,34,237639
19911,0.001915,172.217.194.0-255,1484,165325,34,237639
19912,0.001921,172.217.194.0-255,5738,171063,34,237639
19913,0.001923,172.31.33.0-255,66,171129,34,237639
19914,0.001927,172.217.194.0-255,4320,175449,34,237639
19915,0.001929,172.31.33.0-255,66,175515,34,237639
19916,0.001945,172.217.194.0-255,1484,176999,34,237639
19917,0.001974,172.31.33.0-255,66,177065,34,237639
19918,0.001978,172.217.194.0-255,2902,179967,34,237639
19919,0.00198,172.31.33.0-255,66,180033,34,237639
19920,0.001996,172.217.194.0-255,6438,186471,34,237639
19921,0.001998,172.31.33.0-255,66,186537,34,237639
19922,0.002004,172.217.194.0-255,5738,192275,34,237639
19923,0.002006,172.31.33.0-255,66,192341,34,237639
19924,0.002027,172.217.194.0-255,4320,196661,34,237639
19925,0.002029,172.31.33.0-255,66,196727,34,237639
19926,0.002033,172.217.194.0-255,1484,198211,34,237639
19927,0.002062,172.31.33.0-255,66,198277,34,237639
19928,0.002065,172.217.194.0-255,766,199043,34,237639
19929,0.002097,172.217.194.0-255,4320,203363,34,237639
19930,0.002099,172.31.33.0-255,66,203429,34,237639
19931,0.002132,172.31.33.0-255,66,203495,34,237639
19932,0.00216,172.31.33.0-255,66,203561,34,237639
19933,0.002187,172.217.194.0-255,2902,206463,34,237639
19934,0.002189,172.31.33.0-255,66,206529,34,237639
19935,0.002206,172.217.194.0-255,5738,212267,34,237639
19936,0.002209,172.31.33.0-255,66,212333,34,237639
19937,0.002214,172.217.194.0-255,5738,218071,34,237639
19938,0.002216,172.31.33.0-255,66,218137,34,237639
19939,0.002229,172.217.194.0-255,4320,222457,34,237639
19940,0.002231,172.31.33.0-255,66,222523,34,237639
19941,0.002275,172.217.194.0-255,4320,226843,34,237639
19942,0.002277,172.31.33.0-255,66,226909,34,237639
19943,0.002293,172.31.33.0-255,66,226975,34,237639
19944,0.002299,172.217.194.0-255,7156,234131,34,237639
19945,0.002301,172.31.33.0-255,66,234197,34,237639
19946,0.002331,172.31.33.0-255,66,234263,34,237639
19947,0.002342,172.217.194.0-255,2902,237165,34,237639
19948,0.002344,172.31.33.0-255,66,237231,34,237639
19949,0.002369,172.31.33.0-255,66,237297,34,237639
19950,0.002434,172.217.194.0-255,105,237402,34,237639
19951,0.011821,172.31.33.0-255,66,237468,34,237639
19952,0.011848,172.31.33.0-255,105,237573,34,237639
19953,0.01408,172.217.194.0-255,66,237639,34,237639
19954,0.0,74.125.68.0-255,153,153,34,324137
19955,2.4e-05,172.31.33.0-255,66,219,34,324137
19956,3.9e-05,74.125.68.0-255,1484,1703,34,324137
19957,4.4e-05,172.31.33.0-255,66,1769,34,324137
19958,4.9e-05,74.125.68.0-255,2902,4671,34,324137
19959,5.2e-05,172.31.33.0-255,66,4737,34,324137
19960,7.7e-05,74.125.68.0-255,7156,11893,34,324137
19961,8e-05,172.31.33.0-255,66,11959,34,324137
19962,0.000114,74.125.68.0-255,1992,13951,34,324137
19963,0.000117,172.31.33.0-255,66,14017,34,324137
19964,0.000284,74.125.68.0-255,1484,15501,34,324137
19965,0.00029,172.31.33.0-255,66,15567,34,324137
19966,0.000301,74.125.68.0-255,2902,18469,34,324137
19967,0.000304,172.31.33.0-255,66,18535,34,324137
19968,0.000327,74.125.68.0-255,2902,21437,34,324137
19969,0.000331,172.31.33.0-255,66,21503,34,324137
19970,0.000337,74.125.68.0-255,4320,25823,34,324137
19971,0.000339,172.31.33.0-255,66,25889,34,324137
19972,0.000377,74.125.68.0-255,1484,27373,34,324137
19973,0.00038,172.31.33.0-255,66,27439,34,324137
19974,0.000402,74.125.68.0-255,3961,31400,34,324137
19975,0.000405,172.31.33.0-255,66,31466,34,324137
19976,0.000411,74.125.68.0-255,5738,37204,34,324137
19977,0.000413,172.31.33.0-255,66,37270,34,324137
19978,0.000417,74.125.68.0-255,2902,40172,34,324137
19979,0.00042,172.31.33.0-255,66,40238,34,324137
19980,0.000448,172.31.33.0-255,66,40304,34,324137
19981,0.000461,74.125.68.0-255,2902,43206,34,324137
19982,0.000464,172.31.33.0-255,66,43272,34,324137
19983,0.000499,172.31.33.0-255,66,43338,34,324137
19984,0.000502,74.125.68.0-255,766,44104,34,324137
19985,0.000505,74.125.68.0-255,446,44550,34,324137
19986,0.000604,74.125.68.0-255,1484,46034,34,324137
19987,0.000608,172.31.33.0-255,66,46100,34,324137
19988,0.000613,74.125.68.0-255,2902,49002,34,324137
19989,0.000615,172.31.33.0-255,66,49068,34,324137
19990,0.000632,74.125.68.0-255,4320,53388,34,324137
19991,0.000635,172.31.33.0-255,66,53454,34,324137
19992,0.000641,74.125.68.0-255,5738,59192,34,324137
19993,0.000643,172.31.33.0-255,66,59258,34,324137
19994,0.000679,74.125.68.0-255,4320,63578,34,324137
19995,0.000682,172.31.33.0-255,66,63644,34,324137
19996,0.000699,74.125.68.0-255,2902,66546,34,324137
19997,0.000701,172.31.33.0-255,66,66612,34,324137
19998,0.000711,172.31.33.0-255,66,66678,34,324137
19999,0.000734,74.125.68.0-255,3602,70280,34,324137
20000,0.000737,172.31.33.0-255,66,70346,34,324137
20001,0.000774,74.125.68.0-255,328,70674,34,324137
20002,0.000881,74.125.68.0-255,1484,72158,34,324137
20003,0.000884,172.31.33.0-255,66,72224,34,324137
20004,0.000887,74.125.68.0-255,1484,73708,34,324137
20005,0.000902,74.125.68.0-255,1484,75192,34,324137
20006,0.000904,172.31.33.0-255,66,75258,34,324137
20007,0.000909,74.125.68.0-255,2902,78160,34,324137
20008,0.000921,172.31.33.0-255,66,78226,34,324137
20009,0.000922,74.125.68.0-255,2902,81128,34,324137
20010,0.000924,172.31.33.0-255,66,81194,34,324137
20011,0.000927,74.125.68.0-255,2902,84096,34,324137
20012,0.000929,172.31.33.0-255,66,84162,34,324137
20013,0.000932,74.125.68.0-255,2902,87064,34,324137
20014,0.000934,172.31.33.0-255,66,87130,34,324137
20015,0.000958,74.125.68.0-255,1484,88614,34,324137
20016,0.000964,74.125.68.0-255,5738,94352,34,324137
20017,0.000966,172.31.33.0-255,66,94418,34,324137
20018,0.000985,74.125.68.0-255,2902,97320,34,324137
20019,0.000987,172.31.33.0-255,66,97386,34,324137
20020,0.000992,74.125.68.0-255,5738,103124,34,324137
20021,0.000994,172.31.33.0-255,66,103190,34,324137
20022,0.001027,74.125.68.0-255,2184,105374,34,324137
20023,0.00103,172.31.33.0-255,66,105440,34,324137
20024,0.001345,74.125.68.0-255,1484,106924,34,324137
20025,0.001353,74.125.68.0-255,2902,109826,34,324137
20026,0.001356,172.31.33.0-255,66,109892,34,324137
20027,0.001379,74.125.68.0-255,5738,115630,34,324137
20028,0.001381,172.31.33.0-255,66,115696,34,324137
20029,0.001385,74.125.68.0-255,2902,118598,34,324137
20030,0.001387,172.31.33.0-255,66,118664,34,324137
20031,0.001393,74.125.68.0-255,4320,122984,34,324137
20032,0.001395,172.31.33.0-255,66,123050,34,324137
20033,0.00142,74.125.68.0-255,5738,128788,34,324137
20034,0.001422,172.31.33.0-255,66,128854,34,324137
20035,0.001441,74.125.68.0-255,2902,131756,34,324137
20036,0.001444,172.31.33.0-255,66,131822,34,324137
20037,0.001448,74.125.68.0-255,4320,136142,34,324137
20038,0.00145,172.31.33.0-255,66,136208,34,324137
20039,0.001477,74.125.68.0-255,1484,137692,34,324137
20040,0.001491,74.125.68.0-255,2184,139876,34,324137
20041,0.001493,172.31.33.0-255,66,139942,34,324137
20042,0.001533,74.125.68.0-255,2902,142844,34,324137
20043,0.001535,172.31.33.0-255,66,142910,34,324137
20044,0.001539,74.125.68.0-255,1484,144394,34,324137
20045,0.001553,74.125.68.0-255,2902,147296,34,324137
20046,0.001555,172.31.33.0-255,66,147362,34,324137
20047,0.001571,74.125.68.0-255,5738,153100,34,324137
20048,0.001573,172.31.33.0-255,66,153166,34,324137
20049,0.001595,74.125.68.0-255,2902,156068,34,324137
20050,0.001597,172.31.33.0-255,66,156134,34,324137
20051,0.0016,74.125.68.0-255,1484,157618,34,324137
20052,0.001603,74.125.68.0-255,2902,160520,34,324137
20053,0.001605,172.31.33.0-255,66,160586,34,324137
20054,0.001612,74.125.68.0-255,5738,166324,34,324137
20055,0.001614,172.31.33.0-255,66,166390,34,324137
20056,0.001642,74.125.68.0-255,7156,173546,34,324137
20057,0.001645,172.31.33.0-255,66,173612,34,324137
20058,0.001672,74.125.68.0-255,766,174378,34,324137
20059,0.001833,74.125.68.0-255,1484,175862,34,324137
20060,0.001837,172.31.33.0-255,66,175928,34,324137
20061,0.001842,74.125.68.0-255,2902,178830,34,324137
20062,0.001844,172.31.33.0-255,66,178896,34,324137
20063,0.001853,74.125.68.0-255,1484,180380,34,324137
20064,0.001866,74.125.68.0-255,4320,184700,34,324137
20065,0.001868,172.31.33.0-255,66,184766,34,324137
20066,0.001885,74.125.68.0-255,4320,189086,34,324137
20067,0.001886,172.31.33.0-255,66,189152,34,324137
20068,0.001903,74.125.68.0-255,4320,193472,34,324137
20069,0.001905,172.31.33.0-255,66,193538,34,324137
20070,0.001908,74.125.68.0-255,2902,196440,34,324137
20071,0.001909,172.31.33.0-255,66,196506,34,324137
20072,0.001932,74.125.68.0-255,7156,203662,34,324137
20073,0.001934,172.31.33.0-255,66,203728,34,324137
20074,0.001939,74.125.68.0-255,5020,208748,34,324137
20075,0.001941,172.31.33.0-255,66,208814,34,324137
20076,0.002068,74.125.68.0-255,1484,210298,34,324137
20077,0.002078,74.125.68.0-255,2902,213200,34,324137
20078,0.00208,172.31.33.0-255,66,213266,34,324137
20079,0.002082,74.125.68.0-255,1484,214750,34,324137
20080,0.002122,74.125.68.0-255,2902,217652,34,324137
20081,0.002124,172.31.33.0-255,66,217718,34,324137
20082,0.002145,74.125.68.0-255,4320,222038,34,324137
20083,0.002147,172.31.33.0-255,66,222104,34,324137
20084,0.002167,74.125.68.0-255,5738,227842,34,324137
20085,0.002169,172.31.33.0-255,66,227908,34,324137
20086,0.00219,74.125.68.0-255,2902,230810,34,324137
20087,0.002192,172.31.33.0-255,66,230876,34,324137
20088,0.002217,172.31.33.0-255,66,230942,34,324137
20089,0.002221,74.125.68.0-255,3602,234544,34,324137
20090,0.002222,172.31.33.0-255,66,234610,34,324137
20091,0.002258,74.125.68.0-255,5738,240348,34,324137
20092,0.002261,172.31.33.0-255,66,240414,34,324137
20093,0.002286,172.31.33.0-255,66,240480,34,324137
20094,0.002339,172.31.33.0-255,66,240546,34,324137
20095,0.002348,74.125.68.0-255,1484,242030,34,324137
20096,0.002368,74.125.68.0-255,6438,248468,34,324137
20097,0.002371,172.31.33.0-255,66,248534,34,324137
20098,0.002385,74.125.68.0-255,1484,250018,34,324137
20099,0.002399,74.125.68.0-255,7156,257174,34,324137
20100,0.002401,172.31.33.0-255,66,257240,34,324137
20101,0.002403,74.125.68.0-255,1484,258724,34,324137
20102,0.002417,74.125.68.0-255,1484,260208,34,324137
20103,0.002418,172.31.33.0-255,66,260274,34,324137
20104,0.002434,74.125.68.0-255,2902,263176,34,324137
20105,0.002436,172.31.33.0-255,66,263242,34,324137
20106,0.002469,172.31.33.0-255,66,263308,34,324137
20107,0.002475,74.125.68.0-255,7156,270464,34,324137
20108,0.002477,172.31.33.0-255,66,270530,34,324137
20109,0.00251,172.31.33.0-255,66,270596,34,324137
20110,0.002514,74.125.68.0-255,4320,274916,34,324137
20111,0.002516,172.31.33.0-255,66,274982,34,324137
20112,0.002544,74.125.68.0-255,4320,279302,34,324137
20113,0.002546,172.31.33.0-255,66,279368,34,324137
20114,0.002562,172.31.33.0-255,66,279434,34,324137
20115,0.002577,74.125.68.0-255,1484,280918,34,324137
20116,0.002582,74.125.68.0-255,4320,285238,34,324137
20117,0.002584,172.31.33.0-255,66,285304,34,324137
20118,0.002586,74.125.68.0-255,1484,286788,34,324137
20119,0.002588,74.125.68.0-255,1484,288272,34,324137
20120,0.002589,172.31.33.0-255,66,288338,34,324137
20121,0.002593,74.125.68.0-255,2184,290522,34,324137
20122,0.002594,172.31.33.0-255,66,290588,34,324137
20123,0.002613,74.125.68.0-255,2902,293490,34,324137
20124,0.002615,172.31.33.0-255,66,293556,34,324137
20125,0.002636,74.125.68.0-255,5738,299294,34,324137
20126,0.002638,172.31.33.0-255,66,299360,34,324137
20127,0.00264,74.125.68.0-255,1484,300844,34,324137
20128,0.002654,74.125.68.0-255,1484,302328,34,324137
20129,0.002655,172.31.33.0-255,66,302394,34,324137
20130,0.002658,74.125.68.0-255,1484,303878,34,324137
20131,0.002673,74.125.68.0-255,4320,308198,34,324137
20132,0.002675,172.31.33.0-255,66,308264,34,324137
20133,0.002693,74.125.68.0-255,5738,314002,34,324137
20134,0.002695,172.31.33.0-255,66,314068,34,324137
20135,0.002713,74.125.68.0-255,5271,319339,34,324137
20136,0.002715,172.31.33.0-255,66,319405,34,324137
20137,0.002717,74.125.68.0-255,97,319502,34,324137
20138,0.00276,74.125.68.0-255,105,319607,34,324137
20139,0.006568,172.31.33.0-255,66,319673,34,324137
20140,0.006591,172.31.33.0-255,105,319778,34,324137
20141,0.009095,74.125.68.0-255,66,319844,34,324137
20142,0.025754,172.31.33.0-255,172,320016,34,324137
20143,0.025785,172.31.33.0-255,1112,321128,34,324137
20144,0.02582,172.31.33.0-255,1514,322642,34,324137
20145,0.025822,172.31.33.0-255,1297,323939,34,324137
20146,0.027254,104.244.42.0-255,66,324005,34,324137
20147,0.027267,104.244.42.0-255,66,324071,34,324137
20148,0.027318,104.244.42.0-255,66,324137,34,324137
20149,0.0,172.217.194.0-255,153,153,34,198647
20150,2.5e-05,172.31.33.0-255,66,219,34,198647
20151,3.1e-05,172.217.194.0-255,1484,1703,34,198647
20152,3.5e-05,172.31.33.0-255,66,1769,34,198647
20153,4e-05,172.217.194.0-255,2902,4671,34,198647
20154,4.3e-05,172.31.33.0-255,66,4737,34,198647
20155,4.9e-05,172.217.194.0-255,5738,10475,34,198647
20156,5.1e-05,172.31.33.0-255,66,10541,34,198647
20157,7e-05,172.217.194.0-255,1484,12025,34,198647
20158,7.2e-05,172.31.33.0-255,66,12091,34,198647
20159,0.000111,172.31.33.0-255,66,12157,34,198647
20160,0.00015,172.217.194.0-255,2543,14700,34,198647
20161,0.000153,172.31.33.0-255,66,14766,34,198647
20162,0.000157,172.217.194.0-255,2902,17668,34,198647
20163,0.00016,172.31.33.0-255,66,17734,34,198647
20164,0.000176,172.217.194.0-255,7156,24890,34,198647
20165,0.000179,172.31.33.0-255,66,24956,34,198647
20166,0.000184,172.217.194.0-255,4320,29276,34,198647
20167,0.000187,172.31.33.0-255,66,29342,34,198647
20168,0.000204,172.217.194.0-255,2543,31885,34,198647
20169,0.000208,172.31.33.0-255,66,31951,34,198647
20170,0.00021,172.217.194.0-255,1484,33435,34,198647
20171,0.000213,172.31.33.0-255,66,33501,34,198647
20172,0.000247,172.31.33.0-255,66,33567,34,198647
20173,0.00025,172.217.194.0-255,1415,34982,34,198647
20174,0.000252,172.31.33.0-255,66,35048,34,198647
20175,0.000254,172.217.194.0-255,365,35413,34,198647
20176,0.000256,172.31.33.0-255,66,35479,34,198647
20177,0.000288,172.217.194.0-255,1484,36963,34,198647
20178,0.000292,172.31.33.0-255,66,37029,34,198647
20179,0.000299,172.217.194.0-255,4320,41349,34,198647
20180,0.000303,172.31.33.0-255,66,41415,34,198647
20181,0.000315,172.217.194.0-255,5738,47153,34,198647
20182,0.000318,172.31.33.0-255,66,47219,34,198647
20183,0.000341,172.217.194.0-255,4320,51539,34,198647
20184,0.000343,172.217.194.0-255,576,52115,34,198647
20185,0.000345,172.31.33.0-255,66,52181,34,198647
20186,0.000349,172.31.33.0-255,66,52247,34,198647
20187,0.000359,172.217.194.0-255,1484,53731,34,198647
20188,0.000361,172.31.33.0-255,66,53797,34,198647
20189,0.000402,172.31.33.0-255,66,53863,34,198647
20190,0.000404,172.217.194.0-255,3961,57824,34,198647
20191,0.000407,172.31.33.0-255,66,57890,34,198647
20192,0.000457,172.31.33.0-255,66,57956,34,198647
20193,0.000476,172.217.194.0-255,5379,63335,34,198647
20194,0.00048,172.31.33.0-255,66,63401,34,198647
20195,0.0005,172.217.194.0-255,1484,64885,34,198647
20196,0.000502,172.31.33.0-255,66,64951,34,198647
20197,0.000507,172.217.194.0-255,2902,67853,34,198647
20198,0.000509,172.31.33.0-255,66,67919,34,198647
20199,0.000515,172.217.194.0-255,5738,73657,34,198647
20200,0.000518,172.31.33.0-255,66,73723,34,198647
20201,0.000545,172.217.194.0-255,6797,80520,34,198647
20202,0.000548,172.31.33.0-255,66,80586,34,198647
20203,0.000593,172.217.194.0-255,1484,82070,34,198647
20204,0.000597,172.31.33.0-255,66,82136,34,198647
20205,0.000603,172.217.194.0-255,2902,85038,34,198647
20206,0.000605,172.31.33.0-255,66,85104,34,198647
20207,0.000611,172.217.194.0-255,5738,90842,34,198647
20208,0.000614,172.31.33.0-255,66,90908,34,198647
20209,0.000636,172.217.194.0-255,2902,93810,34,198647
20210,0.000639,172.31.33.0-255,66,93876,34,198647
20211,0.000651,172.217.194.0-255,3961,97837,34,198647
20212,0.000654,172.31.33.0-255,66,97903,34,198647
20213,0.000823,172.217.194.0-255,1484,99387,34,198647
20214,0.000826,172.31.33.0-255,66,99453,34,198647
20215,0.000831,172.217.194.0-255,2902,102355,34,198647
20216,0.000833,172.31.33.0-255,66,102421,34,198647
20217,0.000848,172.217.194.0-255,5738,108159,34,198647
20218,0.00085,172.31.33.0-255,66,108225,34,198647
20219,0.00088,172.31.33.0-255,66,108291,34,198647
20220,0.000898,172.217.194.0-255,1484,109775,34,198647
20221,0.000902,172.31.33.0-255,66,109841,34,198647
20222,0.000909,172.31.33.0-255,66,109907,34,198647
20223,0.001377,172.217.194.0-255,1484,111391,34,198647
20224,0.001381,172.31.33.0-255,66,111457,34,198647
20225,0.001387,172.217.194.0-255,2902,114359,34,198647
20226,0.00139,172.31.33.0-255,66,114425,34,198647
20227,0.001396,172.217.194.0-255,5738,120163,34,198647
20228,0.001398,172.31.33.0-255,66,120229,34,198647
20229,0.001403,172.217.194.0-255,2902,123131,34,198647
20230,0.001405,172.31.33.0-255,66,123197,34,198647
20231,0.001427,172.217.194.0-255,3961,127158,34,198647
20232,0.001431,172.31.33.0-255,66,127224,34,198647
20233,0.001509,172.217.194.0-255,1484,128708,34,198647
20234,0.001513,172.31.33.0-255,66,128774,34,198647
20235,0.001525,172.217.194.0-255,2902,131676,34,198647
20236,0.001528,172.31.33.0-255,66,131742,34,198647
20237,0.001568,172.217.194.0-255,4320,136062,34,198647
20238,0.001572,172.31.33.0-255,66,136128,34,198647
20239,0.001595,172.217.194.0-255,1484,137612,34,198647
20240,0.001598,172.31.33.0-255,66,137678,34,198647
20241,0.001612,172.31.33.0-255,66,137744,34,198647
20242,0.001623,172.31.33.0-255,66,137810,34,198647
20243,0.001697,172.217.194.0-255,1484,139294,34,198647
20244,0.001702,172.217.194.0-255,2902,142196,34,198647
20245,0.001703,172.31.33.0-255,66,142262,34,198647
20246,0.001706,172.31.33.0-255,66,142328,34,198647
20247,0.001737,172.217.194.0-255,5738,148066,34,198647
20248,0.00174,172.31.33.0-255,66,148132,34,198647
20249,0.001757,172.31.33.0-255,66,148198,34,198647
20250,0.001774,172.217.194.0-255,1484,149682,34,198647
20251,0.001777,172.31.33.0-255,66,149748,34,198647
20252,0.001789,172.31.33.0-255,66,149814,34,198647
20253,0.001808,172.217.194.0-255,3602,153416,34,198647
20254,0.001811,172.31.33.0-255,66,153482,34,198647
20255,0.001821,172.217.194.0-255,2902,156384,34,198647
20256,0.001823,172.31.33.0-255,66,156450,34,198647
20257,0.001829,172.217.194.0-255,4320,160770,34,198647
20258,0.001831,172.31.33.0-255,66,160836,34,198647
20259,0.001834,172.217.194.0-255,1484,162320,34,198647
20260,0.001836,172.31.33.0-255,66,162386,34,198647
20261,0.001866,172.217.194.0-255,7156,169542,34,198647
20262,0.00187,172.31.33.0-255,66,169608,34,198647
20263,0.001875,172.217.194.0-255,2902,172510,34,198647
20264,0.001877,172.31.33.0-255,66,172576,34,198647
20265,0.001905,172.31.33.0-255,66,172642,34,198647
20266,0.001936,172.217.194.0-255,1484,174126,34,198647
20267,0.00194,172.31.33.0-255,66,174192,34,198647
20268,0.001944,172.217.194.0-255,2902,177094,34,198647
20269,0.001946,172.31.33.0-255,66,177160,34,198647
20270,0.001949,172.217.194.0-255,1484,178644,34,198647
20271,0.001951,172.31.33.0-255,66,178710,34,198647
20272,0.001976,172.217.194.0-255,4320,183030,34,198647
20273,0.001981,172.31.33.0-255,66,183096,34,198647
20274,0.001995,172.31.33.0-255,66,183162,34,198647
20275,0.001998,172.217.194.0-255,1484,184646,34,198647
20276,0.002,172.31.33.0-255,66,184712,34,198647
20277,0.002034,172.217.194.0-255,4320,189032,34,198647
20278,0.002039,172.31.33.0-255,66,189098,34,198647
20279,0.002073,172.31.33.0-255,66,189164,34,198647
20280,0.002089,172.31.33.0-255,66,189230,34,198647
20281,0.002103,172.31.33.0-255,66,189296,34,198647
20282,0.002147,172.217.194.0-255,4320,193616,34,198647
20283,0.002151,172.31.33.0-255,66,193682,34,198647
20284,0.002186,172.31.33.0-255,66,193748,34,198647
20285,0.002189,172.217.194.0-255,97,193845,34,198647
20286,0.002192,172.217.194.0-255,105,193950,34,198647
20287,0.00332,172.31.33.0-255,66,194016,34,198647
20288,0.003344,172.31.33.0-255,105,194121,34,198647
20289,0.005849,172.217.194.0-255,66,194187,34,198647
20290,0.031549,172.31.33.0-255,167,194354,34,198647
20291,0.03158,172.31.33.0-255,1113,195467,34,198647
20292,0.031628,172.31.33.0-255,1514,196981,34,198647
20293,0.03163,172.31.33.0-255,1294,198275,34,198647
20294,0.033048,104.244.42.0-255,66,198341,34,198647
20295,0.033074,104.244.42.0-255,66,198407,34,198647
20296,0.033132,104.244.42.0-255,66,198473,34,198647
20297,0.036494,104.244.42.0-255,108,198581,34,198647
20298,0.036513,172.31.33.0-255,66,198647,34,198647
20299,0.0,172.217.194.0-255,152,152,34,177753
20300,2.9e-05,172.31.33.0-255,66,218,34,177753
20301,3.6e-05,172.217.194.0-255,1484,1702,34,177753
20302,4e-05,172.31.33.0-255,66,1768,34,177753
20303,4.5e-05,172.217.194.0-255,2902,4670,34,177753
20304,4.7e-05,172.31.33.0-255,66,4736,34,177753
20305,5.3e-05,172.217.194.0-255,7156,11892,34,177753
20306,5.5e-05,172.31.33.0-255,66,11958,34,177753
20307,5.9e-05,172.217.194.0-255,2120,14078,34,177753
20308,6.1e-05,172.31.33.0-255,66,14144,34,177753
20309,0.000199,172.217.194.0-255,1484,15628,34,177753
20310,0.000203,172.31.33.0-255,66,15694,34,177753
20311,0.000209,172.217.194.0-255,2902,18596,34,177753
20312,0.000212,172.31.33.0-255,66,18662,34,177753
20313,0.000216,172.217.194.0-255,2902,21564,34,177753
20314,0.000218,172.31.33.0-255,66,21630,34,177753
20315,0.000233,172.217.194.0-255,2902,24532,34,177753
20316,0.000236,172.31.33.0-255,66,24598,34,177753
20317,0.000248,172.217.194.0-255,2902,27500,34,177753
20318,0.00025,172.31.33.0-255,66,27566,34,177753
20319,0.000271,172.217.194.0-255,3961,31527,34,177753
20320,0.000273,172.31.33.0-255,66,31593,34,177753
20321,0.00028,172.217.194.0-255,7156,38749,34,177753
20322,0.000282,172.31.33.0-255,66,38815,34,177753
20323,0.000313,172.217.194.0-255,2902,41717,34,177753
20324,0.000317,172.31.33.0-255,66,41783,34,177753
20325,0.000336,172.217.194.0-255,6797,48580,34,177753
20326,0.000339,172.31.33.0-255,66,48646,34,177753
20327,0.000471,172.217.194.0-255,1484,50130,34,177753
20328,0.000474,172.31.33.0-255,66,50196,34,177753
20329,0.000479,172.217.194.0-255,2902,53098,34,177753
20330,0.000481,172.31.33.0-255,66,53164,34,177753
20331,0.000487,172.217.194.0-255,5738,58902,34,177753
20332,0.000489,172.31.33.0-255,66,58968,34,177753
20333,0.000513,172.217.194.0-255,7072,66040,34,177753
20334,0.000515,172.31.33.0-255,66,66106,34,177753
20335,0.00053,172.217.194.0-255,404,66510,34,177753
20336,0.000564,172.217.194.0-255,1484,67994,34,177753
20337,0.000566,172.31.33.0-255,66,68060,34,177753
20338,0.000572,172.217.194.0-255,4320,72380,34,177753
20339,0.000573,172.31.33.0-255,66,72446,34,177753
20340,0.000584,172.217.194.0-255,1484,73930,34,177753
20341,0.000606,172.31.33.0-255,66,73996,34,177753
20342,0.000609,172.217.194.0-255,1125,75121,34,177753
20343,0.000655,172.31.33.0-255,66,75187,34,177753
20344,0.00066,172.217.194.0-255,3961,79148,34,177753
20345,0.000663,172.31.33.0-255,66,79214,34,177753
20346,0.00082,172.217.194.0-255,1484,80698,34,177753
20347,0.000826,172.217.194.0-255,2902,83600,34,177753
20348,0.000829,172.31.33.0-255,66,83666,34,177753
20349,0.000835,172.217.194.0-255,5738,89404,34,177753
20350,0.000837,172.31.33.0-255,66,89470,34,177753
20351,0.000874,172.31.33.0-255,66,89536,34,177753
20352,0.000885,172.31.33.0-255,66,89602,34,177753
20353,0.000991,172.217.194.0-255,1484,91086,34,177753
20354,0.001004,172.217.194.0-255,2902,93988,34,177753
20355,0.001009,172.31.33.0-255,66,94054,34,177753
20356,0.001015,172.217.194.0-255,2902,96956,34,177753
20357,0.001017,172.31.33.0-255,66,97022,34,177753
20358,0.001032,172.217.194.0-255,2902,99924,34,177753
20359,0.001034,172.31.33.0-255,66,99990,34,177753
20360,0.001069,172.217.194.0-255,7156,107146,34,177753
20361,0.001071,172.31.33.0-255,66,107212,34,177753
20362,0.001088,172.217.194.0-255,5738,112950,34,177753
20363,0.00109,172.31.33.0-255,66,113016,34,177753
20364,0.001102,172.31.33.0-255,66,113082,34,177753
20365,0.001452,172.217.194.0-255,1484,114566,34,177753
20366,0.001461,172.217.194.0-255,2902,117468,34,177753
20367,0.001464,172.31.33.0-255,66,117534,34,177753
20368,0.00147,172.217.194.0-255,5738,123272,34,177753
20369,0.001472,172.31.33.0-255,66,123338,34,177753
20370,0.001488,172.217.194.0-255,1484,124822,34,177753
20371,0.001507,172.31.33.0-255,66,124888,34,177753
20372,0.00153,172.217.194.0-255,1484,126372,34,177753
20373,0.001536,172.217.194.0-255,5738,132110,34,177753
20374,0.001539,172.31.33.0-255,66,132176,34,177753
20375,0.001568,172.217.194.0-255,5020,137196,34,177753
20376,0.001571,172.31.33.0-255,66,137262,34,177753
20377,0.001852,172.217.194.0-255,1484,138746,34,177753
20378,0.001859,172.217.194.0-255,2902,141648,34,177753
20379,0.001862,172.31.33.0-255,66,141714,34,177753
20380,0.001869,172.217.194.0-255,5738,147452,34,177753
20381,0.00187,172.31.33.0-255,66,147518,34,177753
20382,0.001873,172.217.194.0-255,1484,149002,34,177753
20383,0.001908,172.31.33.0-255,66,149068,34,177753
20384,0.001944,172.31.33.0-255,66,149134,34,177753
20385,0.002044,172.217.194.0-255,1484,150618,34,177753
20386,0.002051,172.217.194.0-255,2902,153520,34,177753
20387,0.002055,172.31.33.0-255,66,153586,34,177753
20388,0.002061,172.217.194.0-255,5738,159324,34,177753
20389,0.002063,172.31.33.0-255,66,159390,34,177753
20390,0.00208,172.31.33.0-255,66,159456,34,177753
20391,0.002097,172.217.194.0-255,1484,160940,34,177753
20392,0.002108,172.31.33.0-255,66,161006,34,177753
20393,0.002114,172.217.194.0-255,4320,165326,34,177753
20394,0.002116,172.31.33.0-255,66,165392,34,177753
20395,0.002156,172.31.33.0-255,66,165458,34,177753
20396,0.002166,172.31.33.0-255,66,165524,34,177753
20397,0.002183,172.217.194.0-255,1484,167008,34,177753
20398,0.002224,172.31.33.0-255,66,167074,34,177753
20399,0.002247,172.31.33.0-255,66,167140,34,177753
20400,0.002286,172.217.194.0-255,5738,172878,34,177753
20401,0.002289,172.31.33.0-255,66,172944,34,177753
20402,0.002335,172.31.33.0-255,66,173010,34,177753
20403,0.002353,172.31.33.0-255,66,173076,34,177753
20404,0.002355,172.217.194.0-255,105,173181,34,177753
20405,0.003813,172.31.33.0-255,66,173247,34,177753
20406,0.003845,172.31.33.0-255,105,173352,34,177753
20407,0.006455,172.217.194.0-255,66,173418,34,177753
20408,0.034778,172.31.33.0-255,216,173634,34,177753
20409,0.034823,172.31.33.0-255,957,174591,34,177753
20410,0.034915,172.31.33.0-255,1514,176105,34,177753
20411,0.034917,172.31.33.0-255,1450,177555,34,177753
20412,0.036298,104.244.42.0-255,66,177621,34,177753
20413,0.036336,104.244.42.0-255,66,177687,34,177753
20414,0.036481,104.244.42.0-255,66,177753,34,177753
20415,0.0,74.125.24.0-255,226,226,34,143998
20416,2.4e-05,172.31.33.0-255,66,292,34,143998
20417,3e-05,74.125.24.0-255,1484,1776,34,143998
20418,3.4e-05,172.31.33.0-255,66,1842,34,143998
20419,6.7e-05,74.125.24.0-255,4320,6162,34,143998
20420,7e-05,172.31.33.0-255,66,6228,34,143998
20421,0.000222,172.31.33.0-255,66,6294,34,143998
20422,0.000472,74.125.24.0-255,4320,10614,34,143998
20423,0.000478,172.31.33.0-255,66,10680,34,143998
20424,0.000508,74.125.24.0-255,4320,15000,34,143998
20425,0.000511,172.31.33.0-255,66,15066,34,143998
20426,0.00079,172.31.33.0-255,66,15132,34,143998
20427,0.00198,74.125.24.0-255,1498,16630,34,143998
20428,0.001985,172.31.33.0-255,66,16696,34,143998
20429,0.00199,74.125.24.0-255,2902,19598,34,143998
20430,0.001992,172.31.33.0-255,66,19664,34,143998
20431,0.002013,74.125.24.0-255,1464,21128,34,143998
20432,0.002015,172.31.33.0-255,66,21194,34,143998
20433,0.00214,74.125.24.0-255,4320,25514,34,143998
20434,0.002142,172.31.33.0-255,66,25580,34,143998
20435,0.00216,74.125.24.0-255,4326,29906,34,143998
20436,0.002162,172.31.33.0-255,66,29972,34,143998
20437,0.002433,74.125.24.0-255,2902,32874,34,143998
20438,0.002436,172.31.33.0-255,66,32940,34,143998
20439,0.002537,74.125.24.0-255,1484,34424,34,143998
20440,0.002539,172.31.33.0-255,66,34490,34,143998
20441,0.002789,172.31.33.0-255,66,34556,34,143998
20442,0.002945,74.125.24.0-255,2902,37458,34,143998
20443,0.002951,172.31.33.0-255,66,37524,34,143998
20444,0.002968,74.125.24.0-255,2902,40426,34,143998
20445,0.002982,172.31.33.0-255,66,40492,34,143998
20446,0.003142,74.125.24.0-255,7156,47648,34,143998
20447,0.003146,172.31.33.0-255,66,47714,34,143998
20448,0.00317,74.125.24.0-255,1484,49198,34,143998
20449,0.003448,74.125.24.0-255,7156,56354,34,143998
20450,0.003453,172.31.33.0-255,66,56420,34,143998
20451,0.003477,74.125.24.0-255,1484,57904,34,143998
20452,0.003754,74.125.24.0-255,5738,63642,34,143998
20453,0.003758,172.31.33.0-255,66,63708,34,143998
20454,0.003928,74.125.24.0-255,7156,70864,34,143998
20455,0.003942,172.31.33.0-255,66,70930,34,143998
20456,0.003947,74.125.24.0-255,4320,75250,34,143998
20457,0.003956,172.31.33.0-255,66,75316,34,143998
20458,0.004252,74.125.24.0-255,2902,78218,34,143998
20459,0.004257,172.31.33.0-255,66,78284,34,143998
20460,0.004303,74.125.24.0-255,2902,81186,34,143998
20461,0.004306,172.31.33.0-255,66,81252,34,143998
20462,0.005142,74.125.24.0-255,7156,88408,34,143998
20463,0.005161,74.125.24.0-255,7156,95564,34,143998
20464,0.005227,74.125.24.0-255,4320,99884,34,143998
20465,0.005462,74.125.24.0-255,7156,107040,34,143998
20466,0.005485,74.125.24.0-255,7156,114196,34,143998
20467,0.005716,74.125.24.0-255,5738,119934,34,143998
20468,0.006282,74.125.24.0-255,5738,125672,34,143998
20469,0.006919,172.31.33.0-255,66,125738,34,143998
20470,0.008907,74.125.24.0-255,7156,132894,34,143998
20471,0.008913,172.31.33.0-255,66,132960,34,143998
20472,0.008953,172.31.33.0-255,66,133026,34,143998
20473,0.009028,172.31.33.0-255,66,133092,34,143998
20474,0.009074,172.31.33.0-255,66,133158,34,143998
20475,0.009305,172.31.33.0-255,66,133224,34,143998
20476,0.00937,172.31.33.0-255,66,133290,34,143998
20477,0.009653,172.31.33.0-255,66,133356,34,143998
20478,0.010915,172.31.33.0-255,66,133422,34,143998
20479,0.010968,172.31.33.0-255,66,133488,34,143998
20480,0.010973,74.125.24.0-255,1586,135074,34,143998
20481,0.010976,172.31.33.0-255,66,135140,34,143998
20482,0.011009,172.31.33.0-255,66,135206,34,143998
20483,0.011059,172.31.33.0-255,66,135272,34,143998
20484,0.011343,74.125.24.0-255,4199,139471,34,143998
20485,0.013382,172.31.33.0-255,66,139537,34,143998
20486,0.014712,172.31.33.0-255,105,139642,34,143998
20487,0.016664,74.125.24.0-255,66,139708,34,143998
20488,0.035923,172.31.33.0-255,171,139879,34,143998
20489,0.035949,172.31.33.0-255,1136,141015,34,143998
20490,0.035988,172.31.33.0-255,1514,142529,34,143998
20491,0.03599,172.31.33.0-255,1271,143800,34,143998
20492,0.037489,104.244.42.0-255,66,143866,34,143998
20493,0.037645,104.244.42.0-255,66,143932,34,143998
20494,0.037652,104.244.42.0-255,66,143998,34,143998
20495,0.0,74.125.130.0-255,220,220,34,278321
20496,3.5e-05,172.31.33.0-255,66,286,34,278321
20497,4.3e-05,74.125.130.0-255,1484,1770,34,278321
20498,4.7e-05,172.31.33.0-255,66,1836,34,278321
20499,5.2e-05,74.125.130.0-255,2902,4738,34,278321
20500,5.5e-05,172.31.33.0-255,66,4804,34,278321
20501,6e-05,74.125.130.0-255,5738,10542,34,278321
20502,6.3e-05,172.31.33.0-255,66,10608,34,278321
20503,8.2e-05,74.125.130.0-255,3232,13840,34,278321
20504,8.5e-05,172.31.33.0-255,66,13906,34,278321
20505,0.000102,74.125.130.0-255,1484,15390,34,278321
20506,0.000104,172.31.33.0-255,66,15456,34,278321
20507,0.000131,74.125.130.0-255,2902,18358,34,278321
20508,0.000133,172.31.33.0-255,66,18424,34,278321
20509,0.00014,74.125.130.0-255,5738,24162,34,278321
20510,0.000142,172.31.33.0-255,66,24228,34,278321
20511,0.000149,74.125.130.0-255,7156,31384,34,278321
20512,0.000152,172.31.33.0-255,66,31450,34,278321
20513,0.00018,74.125.130.0-255,2902,34352,34,278321
20514,0.000183,172.31.33.0-255,66,34418,34,278321
20515,0.000222,172.31.33.0-255,66,34484,34,278321
20516,0.000228,74.125.130.0-255,3602,38086,34,278321
20517,0.00023,172.31.33.0-255,66,38152,34,278321
20518,0.000276,74.125.130.0-255,1484,39636,34,278321
20519,0.000279,172.31.33.0-255,66,39702,34,278321
20520,0.000284,74.125.130.0-255,2902,42604,34,278321
20521,0.000287,172.31.33.0-255,66,42670,34,278321
20522,0.000304,74.125.130.0-255,1484,44154,34,278321
20523,0.000306,172.31.33.0-255,66,44220,34,278321
20524,0.000334,74.125.130.0-255,4320,48540,34,278321
20525,0.000338,172.31.33.0-255,66,48606,34,278321
20526,0.000355,74.125.130.0-255,7087,55693,34,278321
20527,0.000367,172.31.33.0-255,66,55759,34,278321
20528,0.000404,74.125.130.0-255,365,56124,34,278321
20529,0.000824,74.125.130.0-255,1484,57608,34,278321
20530,0.00083,172.31.33.0-255,66,57674,34,278321
20531,0.000837,74.125.130.0-255,2902,60576,34,278321
20532,0.00084,74.125.130.0-255,1484,62060,34,278321
20533,0.000849,172.31.33.0-255,66,62126,34,278321
20534,0.000858,74.125.130.0-255,4320,66446,34,278321
20535,0.000864,172.31.33.0-255,66,66512,34,278321
20536,0.000898,74.125.130.0-255,4320,70832,34,278321
20537,0.000903,74.125.130.0-255,4320,75152,34,278321
20538,0.000913,172.31.33.0-255,66,75218,34,278321
20539,0.000947,74.125.130.0-255,6438,81656,34,278321
20540,0.000956,172.31.33.0-255,66,81722,34,278321
20541,0.00144,74.125.130.0-255,1484,83206,34,278321
20542,0.001445,74.125.130.0-255,1484,84690,34,278321
20543,0.001449,172.31.33.0-255,66,84756,34,278321
20544,0.001457,74.125.130.0-255,2902,87658,34,278321
20545,0.001462,74.125.130.0-255,4320,91978,34,278321
20546,0.001477,74.125.130.0-255,1484,93462,34,278321
20547,0.001498,74.125.130.0-255,5738,99200,34,278321
20548,0.001517,74.125.130.0-255,7156,106356,34,278321
20549,0.001545,74.125.130.0-255,4320,110676,34,278321
20550,0.00157,74.125.130.0-255,5020,115696,34,278321
20551,0.001597,172.31.33.0-255,66,115762,34,278321
20552,0.001611,74.125.130.0-255,1484,117246,34,278321
20553,0.001615,172.31.33.0-255,66,117312,34,278321
20554,0.001643,172.31.33.0-255,66,117378,34,278321
20555,0.001654,74.125.130.0-255,4320,121698,34,278321
20556,0.001662,172.31.33.0-255,66,121764,34,278321
20557,0.001666,74.125.130.0-255,766,122530,34,278321
20558,0.002076,74.125.130.0-255,1484,124014,34,278321
20559,0.002081,172.31.33.0-255,66,124080,34,278321
20560,0.002087,74.125.130.0-255,2902,126982,34,278321
20561,0.00209,74.125.130.0-255,1484,128466,34,278321
20562,0.002094,172.31.33.0-255,66,128532,34,278321
20563,0.002103,74.125.130.0-255,1484,130016,34,278321
20564,0.002108,74.125.130.0-255,4320,134336,34,278321
20565,0.002116,172.31.33.0-255,66,134402,34,278321
20566,0.002131,74.125.130.0-255,7156,141558,34,278321
20567,0.002134,172.31.33.0-255,66,141624,34,278321
20568,0.002148,74.125.130.0-255,1484,143108,34,278321
20569,0.002153,74.125.130.0-255,7156,150264,34,278321
20570,0.002156,172.31.33.0-255,66,150330,34,278321
20571,0.002194,74.125.130.0-255,1484,151814,34,278321
20572,0.002217,74.125.130.0-255,5020,156834,34,278321
20573,0.00222,172.31.33.0-255,66,156900,34,278321
20574,0.002784,74.125.130.0-255,1484,158384,34,278321
20575,0.002793,74.125.130.0-255,2902,161286,34,278321
20576,0.002797,172.31.33.0-255,66,161352,34,278321
20577,0.002801,74.125.130.0-255,1484,162836,34,278321
20578,0.002817,74.125.130.0-255,2902,165738,34,278321
20579,0.002837,74.125.130.0-255,5738,171476,34,278321
20580,0.002864,74.125.130.0-255,5738,177214,34,278321
20581,0.002883,74.125.130.0-255,4320,181534,34,278321
20582,0.002885,74.125.130.0-255,1484,183018,34,278321
20583,0.002914,74.125.130.0-255,4320,187338,34,278321
20584,0.002916,74.125.130.0-255,1484,188822,34,278321
20585,0.002931,74.125.130.0-255,4320,193142,34,278321
20586,0.002995,74.125.130.0-255,4320,197462,34,278321
20587,0.003012,74.125.130.0-255,2902,200364,34,278321
20588,0.003045,74.125.130.0-255,2902,203266,34,278321
20589,0.003079,74.125.130.0-255,2902,206168,34,278321
20590,0.003081,74.125.130.0-255,1484,207652,34,278321
20591,0.003085,74.125.130.0-255,2902,210554,34,278321
20592,0.003103,74.125.130.0-255,5738,216292,34,278321
20593,0.003106,74.125.130.0-255,2184,218476,34,278321
20594,0.003175,74.125.130.0-255,1484,219960,34,278321
20595,0.003194,74.125.130.0-255,2902,222862,34,278321
20596,0.003212,74.125.130.0-255,5738,228600,34,278321
20597,0.003232,74.125.130.0-255,7156,235756,34,278321
20598,0.003258,74.125.130.0-255,2902,238658,34,278321
20599,0.003298,74.125.130.0-255,1484,240142,34,278321
20600,0.003333,74.125.130.0-255,5738,245880,34,278321
20601,0.00337,74.125.130.0-255,2902,248782,34,278321
20602,0.003424,74.125.130.0-255,4320,253102,34,278321
20603,0.003441,74.125.130.0-255,5738,258840,34,278321
20604,0.003446,74.125.130.0-255,4320,263160,34,278321
20605,0.003467,74.125.130.0-255,7156,270316,34,278321
20606,0.003473,74.125.130.0-255,3031,273347,34,278321
20607,0.003505,74.125.130.0-255,105,273452,34,278321
20608,0.007555,172.31.33.0-255,66,273518,34,278321
20609,0.009168,172.31.33.0-255,101,273619,34,278321
20610,0.009517,172.31.33.0-255,105,273724,34,278321
20611,0.011374,74.125.130.0-255,66,273790,34,278321
20612,0.011714,74.125.130.0-255,66,273856,34,278321
20613,0.036046,172.31.33.0-255,172,274028,34,278321
20614,0.036073,172.31.33.0-255,1112,275140,34,278321
20615,0.03611,172.31.33.0-255,1514,276654,34,278321
20616,0.036112,172.31.33.0-255,1295,277949,34,278321
20617,0.037558,104.244.42.0-255,66,278015,34,278321
20618,0.037619,104.244.42.0-255,66,278081,34,278321
20619,0.037667,104.244.42.0-255,66,278147,34,278321
20620,0.038747,104.244.42.0-255,108,278255,34,278321
20621,0.038765,172.31.33.0-255,66,278321,34,278321
20622,0.0,74.125.200.0-255,153,153,34,350285
20623,1.9e-05,172.31.33.0-255,66,219,34,350285
20624,2.6e-05,74.125.200.0-255,1484,1703,34,350285
20625,3e-05,172.31.33.0-255,66,1769,34,350285
20626,3.5e-05,74.125.200.0-255,2902,4671,34,350285
20627,3.7e-05,172.31.33.0-255,66,4737,34,350285
20628,4.1e-05,74.125.200.0-255,2902,7639,34,350285
20629,4.4e-05,172.31.33.0-255,66,7705,34,350285
20630,7e-05,74.125.200.0-255,4320,12025,34,350285
20631,7.2e-05,172.31.33.0-255,66,12091,34,350285
20632,7.6e-05,74.125.200.0-255,1993,14084,34,350285
20633,7.8e-05,172.31.33.0-255,66,14150,34,350285
20634,0.000121,74.125.200.0-255,1484,15634,34,350285
20635,0.000123,172.31.33.0-255,66,15700,34,350285
20636,0.000135,74.125.200.0-255,2902,18602,34,350285
20637,0.000138,172.31.33.0-255,66,18668,34,350285
20638,0.000151,74.125.200.0-255,4320,22988,34,350285
20639,0.000153,172.31.33.0-255,66,23054,34,350285
20640,0.000164,74.125.200.0-255,1484,24538,34,350285
20641,0.000166,172.31.33.0-255,66,24604,34,350285
20642,0.00017,74.125.200.0-255,2902,27506,34,350285
20643,0.000172,172.31.33.0-255,66,27572,34,350285
20644,0.000198,74.125.200.0-255,3961,31533,34,350285
20645,0.0002,172.31.33.0-255,66,31599,34,350285
20646,0.000231,74.125.200.0-255,1484,33083,34,350285
20647,0.000233,172.31.33.0-255,66,33149,34,350285
20648,0.000245,74.125.200.0-255,1484,34633,34,350285
20649,0.000247,172.31.33.0-255,66,34699,34,350285
20650,0.000252,74.125.200.0-255,4320,39019,34,350285
20651,0.000254,172.31.33.0-255,66,39085,34,350285
20652,0.000263,172.31.33.0-255,66,39151,34,350285
20653,0.000265,74.125.200.0-255,1125,40276,34,350285
20654,0.000621,74.125.200.0-255,1484,41760,34,350285
20655,0.000627,172.31.33.0-255,66,41826,34,350285
20656,0.000632,74.125.200.0-255,2902,44728,34,350285
20657,0.000634,172.31.33.0-255,66,44794,34,350285
20658,0.000656,74.125.200.0-255,5738,50532,34,350285
20659,0.000658,172.31.33.0-255,66,50598,34,350285
20660,0.000664,74.125.200.0-255,5738,56336,34,350285
20661,0.000666,172.31.33.0-255,66,56402,34,350285
20662,0.000704,74.125.200.0-255,1125,57527,34,350285
20663,0.000784,74.125.200.0-255,1484,59011,34,350285
20664,0.000787,172.31.33.0-255,66,59077,34,350285
20665,0.000793,74.125.200.0-255,2902,61979,34,350285
20666,0.000795,172.31.33.0-255,66,62045,34,350285
20667,0.000799,74.125.200.0-255,2902,64947,34,350285
20668,0.000801,172.31.33.0-255,66,65013,34,350285
20669,0.000823,74.125.200.0-255,2902,67915,34,350285
20670,0.000825,172.31.33.0-255,66,67981,34,350285
20671,0.000832,74.125.200.0-255,5738,73719,34,350285
20672,0.000834,172.31.33.0-255,66,73785,34,350285
20673,0.000847,74.125.200.0-255,1125,74910,34,350285
20674,0.000852,74.125.200.0-255,4320,79230,34,350285
20675,0.000856,172.31.33.0-255,66,79296,34,350285
20676,0.000864,74.125.200.0-255,2902,82198,34,350285
20677,0.000866,172.31.33.0-255,66,82264,34,350285
20678,0.000889,74.125.200.0-255,4320,86584,34,350285
20679,0.000892,172.31.33.0-255,66,86650,34,350285
20680,0.000912,74.125.200.0-255,5379,92029,34,350285
20681,0.000915,172.31.33.0-255,66,92095,34,350285
20682,0.000918,74.125.200.0-255,645,92740,34,350285
20683,0.001146,74.125.200.0-255,1484,94224,34,350285
20684,0.00115,172.31.33.0-255,66,94290,34,350285
20685,0.001155,74.125.200.0-255,2902,97192,34,350285
20686,0.001157,172.31.33.0-255,66,97258,34,350285
20687,0.00116,74.125.200.0-255,1484,98742,34,350285
20688,0.001181,74.125.200.0-255,2902,101644,34,350285
20689,0.001183,172.31.33.0-255,66,101710,34,350285
20690,0.001189,74.125.200.0-255,5738,107448,34,350285
20691,0.001191,172.31.33.0-255,66,107514,34,350285
20692,0.001218,74.125.200.0-255,1981,109495,34,350285
20693,0.001221,172.31.33.0-255,66,109561,34,350285
20694,0.001277,74.125.200.0-255,1484,111045,34,350285
20695,0.00128,74.125.200.0-255,1484,112529,34,350285
20696,0.001282,172.31.33.0-255,66,112595,34,350285
20697,0.0013,74.125.200.0-255,1484,114079,34,350285
20698,0.001305,74.125.200.0-255,5738,119817,34,350285
20699,0.001308,74.125.200.0-255,2902,122719,34,350285
20700,0.001312,172.31.33.0-255,66,122785,34,350285
20701,0.001319,172.31.33.0-255,66,122851,34,350285
20702,0.001349,74.125.200.0-255,5738,128589,34,350285
20703,0.001352,172.31.33.0-255,66,128655,34,350285
20704,0.001373,74.125.200.0-255,4320,132975,34,350285
20705,0.001379,74.125.200.0-255,7156,140131,34,350285
20706,0.001382,172.31.33.0-255,66,140197,34,350285
20707,0.001385,172.31.33.0-255,66,140263,34,350285
20708,0.001402,74.125.200.0-255,3602,143865,34,350285
20709,0.001404,172.31.33.0-255,66,143931,34,350285
20710,0.001973,74.125.200.0-255,1484,145415,34,350285
20711,0.00199,74.125.200.0-255,2902,148317,34,350285
20712,0.001993,172.31.33.0-255,66,148383,34,350285
20713,0.002008,74.125.200.0-255,2902,151285,34,350285
20714,0.00201,172.31.33.0-255,66,151351,34,350285
20715,0.002023,74.125.200.0-255,2902,154253,34,350285
20716,0.002025,172.31.33.0-255,66,154319,34,350285
20717,0.002046,74.125.200.0-255,7156,161475,34,350285
20718,0.002048,172.31.33.0-255,66,161541,34,350285
20719,0.002073,74.125.200.0-255,2902,164443,34,350285
20720,0.002075,172.31.33.0-255,66,164509,34,350285
20721,0.002085,172.31.33.0-255,66,164575,34,350285
20722,0.002101,74.125.200.0-255,1484,166059,34,350285
20723,0.002104,74.125.200.0-255,2184,168243,34,350285
20724,0.002106,172.31.33.0-255,66,168309,34,350285
20725,0.003119,74.125.200.0-255,1484,169793,34,350285
20726,0.003141,74.125.200.0-255,2902,172695,34,350285
20727,0.003145,172.31.33.0-255,66,172761,34,350285
20728,0.00315,74.125.200.0-255,2902,175663,34,350285
20729,0.003152,172.31.33.0-255,66,175729,34,350285
20730,0.003154,74.125.200.0-255,1484,177213,34,350285
20731,0.003178,74.125.200.0-255,5738,182951,34,350285
20732,0.00318,172.31.33.0-255,66,183017,34,350285
20733,0.003184,74.125.200.0-255,2902,185919,34,350285
20734,0.003185,172.31.33.0-255,66,185985,34,350285
20735,0.003188,74.125.200.0-255,1484,187469,34,350285
20736,0.00319,74.125.200.0-255,1484,188953,34,350285
20737,0.003192,172.31.33.0-255,66,189019,34,350285
20738,0.003195,74.125.200.0-255,1484,190503,34,350285
20739,0.003218,74.125.200.0-255,2902,193405,34,350285
20740,0.00322,172.31.33.0-255,66,193471,34,350285
20741,0.003236,74.125.200.0-255,4320,197791,34,350285
20742,0.003238,172.31.33.0-255,66,197857,34,350285
20743,0.003263,74.125.200.0-255,5020,202877,34,350285
20744,0.003265,172.31.33.0-255,66,202943,34,350285
20745,0.003469,74.125.200.0-255,1484,204427,34,350285
20746,0.003481,74.125.200.0-255,2902,207329,34,350285
20747,0.003483,172.31.33.0-255,66,207395,34,350285
20748,0.003499,74.125.200.0-255,1484,208879,34,350285
20749,0.003515,74.125.200.0-255,4320,213199,34,350285
20750,0.003517,172.31.33.0-255,66,213265,34,350285
20751,0.00352,74.125.200.0-255,1484,214749,34,350285
20752,0.003522,74.125.200.0-255,1484,216233,34,350285
20753,0.003524,172.31.33.0-255,66,216299,34,350285
20754,0.003575,172.31.33.0-255,66,216365,34,350285
20755,0.003577,74.125.200.0-255,1484,217849,34,350285
20756,0.00358,74.125.200.0-255,1484,219333,34,350285
20757,0.003581,172.31.33.0-255,66,219399,34,350285
20758,0.003584,74.125.200.0-255,1484,220883,34,350285
20759,0.003591,74.125.200.0-255,1484,222367,34,350285
20760,0.003593,172.31.33.0-255,66,222433,34,350285
20761,0.00362,74.125.200.0-255,5020,227453,34,350285
20762,0.003622,172.31.33.0-255,66,227519,34,350285
20763,0.003628,74.125.200.0-255,5738,233257,34,350285
20764,0.00363,172.31.33.0-255,66,233323,34,350285
20765,0.003633,74.125.200.0-255,2902,236225,34,350285
20766,0.003635,172.31.33.0-255,66,236291,34,350285
20767,0.003646,172.31.33.0-255,66,236357,34,350285
20768,0.003651,74.125.200.0-255,5738,242095,34,350285
20769,0.003654,172.31.33.0-255,66,242161,34,350285
20770,0.003658,74.125.200.0-255,4320,246481,34,350285
20771,0.003661,172.31.33.0-255,66,246547,34,350285
20772,0.003663,74.125.200.0-255,1484,248031,34,350285
20773,0.003681,74.125.200.0-255,3602,251633,34,350285
20774,0.003683,172.31.33.0-255,66,251699,34,350285
20775,0.003708,74.125.200.0-255,2902,254601,34,350285
20776,0.00371,172.31.33.0-255,66,254667,34,350285
20777,0.003712,74.125.200.0-255,1484,256151,34,350285
20778,0.003715,74.125.200.0-255,1484,257635,34,350285
20779,0.003717,172.31.33.0-255,66,257701,34,350285
20780,0.003737,74.125.200.0-255,4320,262021,34,350285
20781,0.003739,172.31.33.0-255,66,262087,34,350285
20782,0.003744,74.125.200.0-255,4320,266407,34,350285
20783,0.003745,172.31.33.0-255,66,266473,34,350285
20784,0.003748,74.125.200.0-255,1484,267957,34,350285
20785,0.00375,74.125.200.0-255,1484,269441,34,350285
20786,0.003752,172.31.33.0-255,66,269507,34,350285
20787,0.003755,74.125.200.0-255,1484,270991,34,350285
20788,0.003769,74.125.200.0-255,2902,273893,34,350285
20789,0.003771,172.31.33.0-255,66,273959,34,350285
20790,0.003799,74.125.200.0-255,4320,278279,34,350285
20791,0.003801,172.31.33.0-255,66,278345,34,350285
20792,0.003826,172.31.33.0-255,66,278411,34,350285
20793,0.003831,74.125.200.0-255,5738,284149,34,350285
20794,0.003833,172.31.33.0-255,66,284215,34,350285
20795,0.003852,74.125.200.0-255,7156,291371,34,350285
20796,0.003854,172.31.33.0-255,66,291437,34,350285
20797,0.003859,74.125.200.0-255,5738,297175,34,350285
20798,0.003861,172.31.33.0-255,66,297241,34,350285
20799,0.003866,74.125.200.0-255,4320,301561,34,350285
20800,0.003868,172.31.33.0-255,66,301627,34,350285
20801,0.003897,74.125.200.0-255,2902,304529,34,350285
20802,0.003899,172.31.33.0-255,66,304595,34,350285
20803,0.003914,74.125.200.0-255,5738,310333,34,350285
20804,0.003916,172.31.33.0-255,66,310399,34,350285
20805,0.003931,74.125.200.0-255,3602,314001,34,350285
20806,0.003933,172.31.33.0-255,66,314067,34,350285
20807,0.003936,74.125.200.0-255,2902,316969,34,350285
20808,0.003938,172.31.33.0-255,66,317035,34,350285
20809,0.003941,74.125.200.0-255,1484,318519,34,350285
20810,0.003964,172.31.33.0-255,66,318585,34,350285
20811,0.003986,74.125.200.0-255,2902,321487,34,350285
20812,0.003988,172.31.33.0-255,66,321553,34,350285
20813,0.003991,74.125.200.0-255,2902,324455,34,350285
20814,0.003993,172.31.33.0-255,66,324521,34,350285
20815,0.003995,74.125.200.0-255,1484,326005,34,350285
20816,0.004,74.125.200.0-255,4320,330325,34,350285
20817,0.004002,172.31.33.0-255,66,330391,34,350285
20818,0.004032,74.125.200.0-255,5020,335411,34,350285
20819,0.004035,172.31.33.0-255,66,335477,34,350285
20820,0.00404,74.125.200.0-255,7156,342633,34,350285
20821,0.004043,172.31.33.0-255,66,342699,34,350285
20822,0.004046,74.125.200.0-255,2887,345586,34,350285
20823,0.004048,172.31.33.0-255,66,345652,34,350285
20824,0.004085,74.125.200.0-255,105,345757,34,350285
20825,0.009266,172.31.33.0-255,66,345823,34,350285
20826,0.009298,172.31.33.0-255,105,345928,34,350285
20827,0.011616,74.125.200.0-255,66,345994,34,350285
20828,0.029393,172.31.33.0-255,172,346166,34,350285
20829,0.029421,172.31.33.0-255,1112,347278,34,350285
20830,0.029479,172.31.33.0-255,1514,348792,34,350285
20831,0.029481,172.31.33.0-255,1295,350087,34,350285
20832,0.030931,104.244.42.0-255,66,350153,34,350285
20833,0.030953,104.244.42.0-255,66,350219,34,350285
20834,0.03101,104.244.42.0-255,66,350285,34,350285
20835,0.0,74.125.68.0-255,156,156,34,322003
20836,1.5e-05,172.31.33.0-255,66,222,34,322003
20837,2.2e-05,74.125.68.0-255,1484,1706,34,322003
20838,2.6e-05,172.31.33.0-255,66,1772,34,322003
20839,3.3e-05,74.125.68.0-255,2902,4674,34,322003
20840,4.4e-05,172.31.33.0-255,66,4740,34,322003
20841,4.7e-05,74.125.68.0-255,1484,6224,34,322003
20842,5e-05,172.31.33.0-255,66,6290,34,322003
20843,5.4e-05,74.125.68.0-255,1484,7774,34,322003
20844,5.7e-05,172.31.33.0-255,66,7840,34,322003
20845,7.4e-05,74.125.68.0-255,1484,9324,34,322003
20846,7.6e-05,172.31.33.0-255,66,9390,34,322003
20847,8.5e-05,74.125.68.0-255,1484,10874,34,322003
20848,8.7e-05,172.31.33.0-255,66,10940,34,322003
20849,0.000125,74.125.68.0-255,4966,15906,34,322003
20850,0.000129,172.31.33.0-255,66,15972,34,322003
20851,0.000136,74.125.68.0-255,7156,23128,34,322003
20852,0.000138,172.31.33.0-255,66,23194,34,322003
20853,0.000176,172.31.33.0-255,66,23260,34,322003
20854,0.0004,74.125.68.0-255,1484,24744,34,322003
20855,0.000405,172.31.33.0-255,66,24810,34,322003
20856,0.000412,74.125.68.0-255,2902,27712,34,322003
20857,0.000414,172.31.33.0-255,66,27778,34,322003
20858,0.000456,74.125.68.0-255,5738,33516,34,322003
20859,0.000459,172.31.33.0-255,66,33582,34,322003
20860,0.000465,74.125.68.0-255,4320,37902,34,322003
20861,0.000467,172.31.33.0-255,66,37968,34,322003
20862,0.000478,74.125.68.0-255,2902,40870,34,322003
20863,0.00048,172.31.33.0-255,66,40936,34,322003
20864,0.000494,74.125.68.0-255,2543,43479,34,322003
20865,0.000496,172.31.33.0-255,66,43545,34,322003
20866,0.000503,74.125.68.0-255,4320,47865,34,322003
20867,0.000531,74.125.68.0-255,4320,52185,34,322003
20868,0.000545,74.125.68.0-255,1484,53669,34,322003
20869,0.000564,74.125.68.0-255,4235,57904,34,322003
20870,0.000567,74.125.68.0-255,382,58286,34,322003
20871,0.000613,172.31.33.0-255,66,58352,34,322003
20872,0.00066,74.125.68.0-255,1484,59836,34,322003
20873,0.000664,74.125.68.0-255,1484,61320,34,322003
20874,0.000676,172.31.33.0-255,66,61386,34,322003
20875,0.00068,74.125.68.0-255,1484,62870,34,322003
20876,0.000705,74.125.68.0-255,5738,68608,34,322003
20877,0.000709,74.125.68.0-255,1484,70092,34,322003
20878,0.000727,74.125.68.0-255,4320,74412,34,322003
20879,0.000748,74.125.68.0-255,4320,78732,34,322003
20880,0.000753,172.31.33.0-255,66,78798,34,322003
20881,0.000795,74.125.68.0-255,1484,80282,34,322003
20882,0.000809,74.125.68.0-255,2184,82466,34,322003
20883,0.000815,172.31.33.0-255,66,82532,34,322003
20884,0.0009,74.125.68.0-255,1484,84016,34,322003
20885,0.000912,74.125.68.0-255,2902,86918,34,322003
20886,0.000925,74.125.68.0-255,1484,88402,34,322003
20887,0.000941,74.125.68.0-255,4320,92722,34,322003
20888,0.000948,172.31.33.0-255,66,92788,34,322003
20889,0.00096,74.125.68.0-255,7156,99944,34,322003
20890,0.000971,172.31.33.0-255,66,100010,34,322003
20891,0.00104,172.31.33.0-255,66,100076,34,322003
20892,0.001123,74.125.68.0-255,1484,101560,34,322003
20893,0.001128,74.125.68.0-255,2902,104462,34,322003
20894,0.001164,172.31.33.0-255,66,104528,34,322003
20895,0.001179,74.125.68.0-255,5738,110266,34,322003
20896,0.001184,74.125.68.0-255,2902,113168,34,322003
20897,0.001189,74.125.68.0-255,5738,118906,34,322003
20898,0.001211,74.125.68.0-255,4320,123226,34,322003
20899,0.001223,172.31.33.0-255,66,123292,34,322003
20900,0.001264,74.125.68.0-255,2184,125476,34,322003
20901,0.001285,172.31.33.0-255,66,125542,34,322003
20902,0.001292,74.125.68.0-255,2902,128444,34,322003
20903,0.0013,172.31.33.0-255,66,128510,34,322003
20904,0.001326,74.125.68.0-255,4320,132830,34,322003
20905,0.001339,74.125.68.0-255,1484,134314,34,322003
20906,0.001352,74.125.68.0-255,4320,138634,34,322003
20907,0.001356,74.125.68.0-255,1484,140118,34,322003
20908,0.001359,172.31.33.0-255,66,140184,34,322003
20909,0.001386,74.125.68.0-255,5738,145922,34,322003
20910,0.0014,172.31.33.0-255,66,145988,34,322003
20911,0.001429,74.125.68.0-255,6438,152426,34,322003
20912,0.001432,74.125.68.0-255,1484,153910,34,322003
20913,0.001454,74.125.68.0-255,5738,159648,34,322003
20914,0.001456,172.31.33.0-255,66,159714,34,322003
20915,0.001461,172.31.33.0-255,66,159780,34,322003
20916,0.001481,74.125.68.0-255,4320,164100,34,322003
20917,0.001485,74.125.68.0-255,2902,167002,34,322003
20918,0.001503,74.125.68.0-255,2902,169904,34,322003
20919,0.001505,74.125.68.0-255,1484,171388,34,322003
20920,0.001519,74.125.68.0-255,5738,177126,34,322003
20921,0.001524,172.31.33.0-255,66,177192,34,322003
20922,0.001553,74.125.68.0-255,2902,180094,34,322003
20923,0.001569,74.125.68.0-255,5020,185114,34,322003
20924,0.001575,172.31.33.0-255,66,185180,34,322003
20925,0.001676,74.125.68.0-255,1484,186664,34,322003
20926,0.00169,74.125.68.0-255,1484,188148,34,322003
20927,0.001698,172.31.33.0-255,66,188214,34,322003
20928,0.001704,74.125.68.0-255,1484,189698,34,322003
20929,0.001725,74.125.68.0-255,4320,194018,34,322003
20930,0.001735,172.31.33.0-255,66,194084,34,322003
20931,0.001741,74.125.68.0-255,1484,195568,34,322003
20932,0.001763,74.125.68.0-255,4320,199888,34,322003
20933,0.001777,172.31.33.0-255,66,199954,34,322003
20934,0.001799,74.125.68.0-255,1484,201438,34,322003
20935,0.001813,74.125.68.0-255,1484,202922,34,322003
20936,0.001821,172.31.33.0-255,66,202988,34,322003
20937,0.001828,74.125.68.0-255,1484,204472,34,322003
20938,0.00185,74.125.68.0-255,5738,210210,34,322003
20939,0.001865,74.125.68.0-255,1484,211694,34,322003
20940,0.001868,172.31.33.0-255,66,211760,34,322003
20941,0.001884,74.125.68.0-255,4320,216080,34,322003
20942,0.001889,74.125.68.0-255,3602,219682,34,322003
20943,0.001913,172.31.33.0-255,66,219748,34,322003
20944,0.002894,74.125.68.0-255,1484,221232,34,322003
20945,0.002924,74.125.68.0-255,2902,224134,34,322003
20946,0.002928,172.31.33.0-255,66,224200,34,322003
20947,0.002941,74.125.68.0-255,5738,229938,34,322003
20948,0.002951,74.125.68.0-255,2902,232840,34,322003
20949,0.002956,74.125.68.0-255,4320,237160,34,322003
20950,0.002959,74.125.68.0-255,1484,238644,34,322003
20951,0.00299,74.125.68.0-255,5738,244382,34,322003
20952,0.003003,74.125.68.0-255,1484,245866,34,322003
20953,0.003018,74.125.68.0-255,5738,251604,34,322003
20954,0.003033,74.125.68.0-255,2184,253788,34,322003
20955,0.003098,74.125.68.0-255,1484,255272,34,322003
20956,0.003111,74.125.68.0-255,2902,258174,34,322003
20957,0.00314,74.125.68.0-255,5738,263912,34,322003
20958,0.003145,74.125.68.0-255,2902,266814,34,322003
20959,0.003155,74.125.68.0-255,1484,268298,34,322003
20960,0.003214,74.125.68.0-255,1484,269782,34,322003
20961,0.003237,74.125.68.0-255,5738,275520,34,322003
20962,0.003252,74.125.68.0-255,5738,281258,34,322003
20963,0.003255,74.125.68.0-255,1484,282742,34,322003
20964,0.003272,74.125.68.0-255,1484,284226,34,322003
20965,0.003309,74.125.68.0-255,2902,287128,34,322003
20966,0.003324,74.125.68.0-255,3602,290730,34,322003
20967,0.003369,74.125.68.0-255,1484,292214,34,322003
20968,0.003387,74.125.68.0-255,2902,295116,34,322003
20969,0.00341,74.125.68.0-255,4320,299436,34,322003
20970,0.003437,74.125.68.0-255,2902,302338,34,322003
20971,0.00344,74.125.68.0-255,1484,303822,34,322003
20972,0.003453,74.125.68.0-255,2902,306724,34,322003
20973,0.003472,74.125.68.0-255,2902,309626,34,322003
20974,0.003504,74.125.68.0-255,2902,312528,34,322003
20975,0.003518,74.125.68.0-255,4320,316848,34,322003
20976,0.003529,74.125.68.0-255,2902,319750,34,322003
20977,0.003549,74.125.68.0-255,1631,321381,34,322003
20978,0.003551,74.125.68.0-255,97,321478,34,322003
20979,0.003564,74.125.68.0-255,105,321583,34,322003
20980,0.010975,172.31.33.0-255,66,321649,34,322003
20981,0.012517,172.31.33.0-255,105,321754,34,322003
20982,0.013196,74.125.68.0-255,105,321859,34,322003
20983,0.01321,172.31.33.0-255,78,321937,34,322003
20984,0.014778,74.125.68.0-255,66,322003,34,322003
20985,0.0,172.31.33.0-255,66,66,34,66
20986,0.0,74.125.24.0-255,146,146,34,205942
20987,1.2e-05,172.31.33.0-255,66,212,34,205942
20988,1.8e-05,74.125.24.0-255,1484,1696,34,205942
20989,2.1e-05,172.31.33.0-255,66,1762,34,205942
20990,2.6e-05,74.125.24.0-255,2902,4664,34,205942
20991,2.9e-05,172.31.33.0-255,66,4730,34,205942
20992,3.6e-05,74.125.24.0-255,7156,11886,34,205942
20993,3.8e-05,172.31.33.0-255,66,11952,34,205942
20994,6.8e-05,74.125.24.0-255,4803,16755,34,205942
20995,7.1e-05,172.31.33.0-255,66,16821,34,205942
20996,7.7e-05,74.125.24.0-255,5738,22559,34,205942
20997,7.9e-05,172.31.33.0-255,66,22625,34,205942
20998,0.000103,172.31.33.0-255,66,22691,34,205942
20999,0.000222,74.125.24.0-255,1484,24175,34,205942
21000,0.000225,172.31.33.0-255,66,24241,34,205942
21001,0.00023,74.125.24.0-255,2902,27143,34,205942
21002,0.000233,172.31.33.0-255,66,27209,34,205942
21003,0.000255,74.125.24.0-255,5738,32947,34,205942
21004,0.000257,172.31.33.0-255,66,33013,34,205942
21005,0.000263,74.125.24.0-255,5738,38751,34,205942
21006,0.000265,172.31.33.0-255,66,38817,34,205942
21007,0.000308,172.31.33.0-255,66,38883,34,205942
21008,0.000313,74.125.24.0-255,4292,43175,34,205942
21009,0.000314,172.31.33.0-255,66,43241,34,205942
21010,0.000484,74.125.24.0-255,112,43353,34,205942
21011,0.000489,172.31.33.0-255,66,43419,34,205942
21012,0.000548,74.125.24.0-255,332,43751,34,205942
21013,0.000551,172.31.33.0-255,66,43817,34,205942
21014,0.00127,74.125.24.0-255,1484,45301,34,205942
21015,0.001276,172.31.33.0-255,66,45367,34,205942
21016,0.001285,74.125.24.0-255,2902,48269,34,205942
21017,0.001286,172.31.33.0-255,66,48335,34,205942
21018,0.001292,74.125.24.0-255,5738,54073,34,205942
21019,0.001294,172.31.33.0-255,66,54139,34,205942
21020,0.001325,172.31.33.0-255,66,54205,34,205942
21021,0.001353,172.31.33.0-255,66,54271,34,205942
21022,0.002378,74.125.24.0-255,1484,55755,34,205942
21023,0.002386,74.125.24.0-255,2902,58657,34,205942
21024,0.002389,172.31.33.0-255,66,58723,34,205942
21025,0.002393,74.125.24.0-255,1484,60207,34,205942
21026,0.002411,74.125.24.0-255,4320,64527,34,205942
21027,0.002413,172.31.33.0-255,66,64593,34,205942
21028,0.002417,74.125.24.0-255,1484,66077,34,205942
21029,0.002443,172.31.33.0-255,66,66143,34,205942
21030,0.002473,74.125.24.0-255,4320,70463,34,205942
21031,0.002475,172.31.33.0-255,66,70529,34,205942
21032,0.002493,74.125.24.0-255,6438,76967,34,205942
21033,0.002495,172.31.33.0-255,66,77033,34,205942
21034,0.002526,74.125.24.0-255,1484,78517,34,205942
21035,0.002529,74.125.24.0-255,1484,80001,34,205942
21036,0.002531,172.31.33.0-255,66,80067,34,205942
21037,0.002548,74.125.24.0-255,1484,81551,34,205942
21038,0.002553,74.125.24.0-255,5738,87289,34,205942
21039,0.002555,172.31.33.0-255,66,87355,34,205942
21040,0.00258,74.125.24.0-255,4320,91675,34,205942
21041,0.002582,172.31.33.0-255,66,91741,34,205942
21042,0.0026,74.125.24.0-255,5738,97479,34,205942
21043,0.002602,172.31.33.0-255,66,97545,34,205942
21044,0.002604,74.125.24.0-255,1484,99029,34,205942
21045,0.002633,172.31.33.0-255,66,99095,34,205942
21046,0.002636,74.125.24.0-255,2184,101279,34,205942
21047,0.002638,172.31.33.0-255,66,101345,34,205942
21048,0.002803,74.125.24.0-255,1484,102829,34,205942
21049,0.002817,74.125.24.0-255,2902,105731,34,205942
21050,0.00282,172.31.33.0-255,66,105797,34,205942
21051,0.002823,74.125.24.0-255,1484,107281,34,205942
21052,0.002842,74.125.24.0-255,4320,111601,34,205942
21053,0.002844,172.31.33.0-255,66,111667,34,205942
21054,0.002847,74.125.24.0-255,1484,113151,34,205942
21055,0.002854,74.125.24.0-255,7156,120307,34,205942
21056,0.002856,172.31.33.0-255,66,120373,34,205942
21057,0.002869,74.125.24.0-255,1484,121857,34,205942
21058,0.002887,74.125.24.0-255,7156,129013,34,205942
21059,0.002889,172.31.33.0-255,66,129079,34,205942
21060,0.002911,74.125.24.0-255,6438,135517,34,205942
21061,0.002913,172.31.33.0-255,66,135583,34,205942
21062,0.003014,74.125.24.0-255,1484,137067,34,205942
21063,0.003018,74.125.24.0-255,2902,139969,34,205942
21064,0.003019,172.31.33.0-255,66,140035,34,205942
21065,0.003039,74.125.24.0-255,5738,145773,34,205942
21066,0.003042,172.31.33.0-255,66,145839,34,205942
21067,0.003059,74.125.24.0-255,2902,148741,34,205942
21068,0.003061,172.31.33.0-255,66,148807,34,205942
21069,0.003082,74.125.24.0-255,7156,155963,34,205942
21070,0.003084,172.31.33.0-255,66,156029,34,205942
21071,0.003123,74.125.24.0-255,5738,161767,34,205942
21072,0.003126,172.31.33.0-255,66,161833,34,205942
21073,0.003143,74.125.24.0-255,4320,166153,34,205942
21074,0.003145,172.31.33.0-255,66,166219,34,205942
21075,0.003148,74.125.24.0-255,1484,167703,34,205942
21076,0.003162,74.125.24.0-255,2184,169887,34,205942
21077,0.003165,172.31.33.0-255,66,169953,34,205942
21078,0.003326,74.125.24.0-255,1484,171437,34,205942
21079,0.003333,74.125.24.0-255,2902,174339,34,205942
21080,0.003337,172.31.33.0-255,66,174405,34,205942
21081,0.003344,74.125.24.0-255,5738,180143,34,205942
21082,0.003346,172.31.33.0-255,66,180209,34,205942
21083,0.003388,172.31.33.0-255,66,180275,34,205942
21084,0.003393,74.125.24.0-255,2902,183177,34,205942
21085,0.003395,172.31.33.0-255,66,183243,34,205942
21086,0.003419,172.31.33.0-255,66,183309,34,205942
21087,0.003429,172.31.33.0-255,66,183375,34,205942
21088,0.003457,74.125.24.0-255,5738,189113,34,205942
21089,0.003459,172.31.33.0-255,66,189179,34,205942
21090,0.003474,172.31.33.0-255,66,189245,34,205942
21091,0.003487,172.31.33.0-255,66,189311,34,205942
21092,0.003507,74.125.24.0-255,2902,192213,34,205942
21093,0.003509,172.31.33.0-255,66,192279,34,205942
21094,0.003524,172.31.33.0-255,66,192345,34,205942
21095,0.003562,74.125.24.0-255,7156,199501,34,205942
21096,0.003565,172.31.33.0-255,66,199567,34,205942
21097,0.003601,172.31.33.0-255,66,199633,34,205942
21098,0.003608,74.125.24.0-255,5738,205371,34,205942
21099,0.00361,172.31.33.0-255,66,205437,34,205942
21100,0.003658,172.31.33.0-255,66,205503,34,205942
21101,0.003661,74.125.24.0-255,97,205600,34,205942
21102,0.003664,74.125.24.0-255,105,205705,34,205942
21103,0.009732,172.31.33.0-255,66,205771,34,205942
21104,0.009778,172.31.33.0-255,105,205876,34,205942
21105,0.012343,74.125.24.0-255,66,205942,34,205942
21106,0.0,172.217.27.0-255,153,153,34,241954
21107,1.4e-05,172.31.33.0-255,66,219,34,241954
21108,2.1e-05,172.217.27.0-255,1484,1703,34,241954
21109,2.5e-05,172.31.33.0-255,66,1769,34,241954
21110,4.2e-05,172.217.27.0-255,2902,4671,34,241954
21111,4.5e-05,172.31.33.0-255,66,4737,34,241954
21112,5.3e-05,172.217.27.0-255,5738,10475,34,241954
21113,5.6e-05,172.31.33.0-255,66,10541,34,241954
21114,8.2e-05,172.217.27.0-255,1484,12025,34,241954
21115,8.4e-05,172.31.33.0-255,66,12091,34,241954
21116,9.4e-05,172.31.33.0-255,66,12157,34,241954
21117,0.000128,172.31.33.0-255,66,12223,34,241954
21118,0.000167,172.217.27.0-255,1484,13707,34,241954
21119,0.000169,172.31.33.0-255,66,13773,34,241954
21120,0.000172,172.217.27.0-255,1484,15257,34,241954
21121,0.000174,172.31.33.0-255,66,15323,34,241954
21122,0.000186,172.217.27.0-255,1484,16807,34,241954
21123,0.000188,172.31.33.0-255,66,16873,34,241954
21124,0.000194,172.217.27.0-255,5738,22611,34,241954
21125,0.000196,172.31.33.0-255,66,22677,34,241954
21126,0.000201,172.217.27.0-255,4320,26997,34,241954
21127,0.000203,172.31.33.0-255,66,27063,34,241954
21128,0.000258,172.217.27.0-255,2543,29606,34,241954
21129,0.00026,172.31.33.0-255,66,29672,34,241954
21130,0.000936,172.217.27.0-255,1484,31156,34,241954
21131,0.000943,172.31.33.0-255,66,31222,34,241954
21132,0.000952,172.217.27.0-255,2902,34124,34,241954
21133,0.000955,172.31.33.0-255,66,34190,34,241954
21134,0.000958,172.217.27.0-255,1484,35674,34,241954
21135,0.00096,172.31.33.0-255,66,35740,34,241954
21136,0.000987,172.217.27.0-255,4320,40060,34,241954
21137,0.00099,172.31.33.0-255,66,40126,34,241954
21138,0.000999,172.217.27.0-255,6797,46923,34,241954
21139,0.001001,172.31.33.0-255,66,46989,34,241954
21140,0.001253,172.217.27.0-255,1484,48473,34,241954
21141,0.001261,172.217.27.0-255,2902,51375,34,241954
21142,0.001264,172.31.33.0-255,66,51441,34,241954
21143,0.00127,172.217.27.0-255,2902,54343,34,241954
21144,0.001272,172.31.33.0-255,66,54409,34,241954
21145,0.001285,172.217.27.0-255,2902,57311,34,241954
21146,0.001287,172.31.33.0-255,66,57377,34,241954
21147,0.001293,172.217.27.0-255,4320,61697,34,241954
21148,0.001296,172.31.33.0-255,66,61763,34,241954
21149,0.001351,172.217.27.0-255,2543,64306,34,241954
21150,0.001354,172.31.33.0-255,66,64372,34,241954
21151,0.001359,172.217.27.0-255,2902,67274,34,241954
21152,0.00136,172.31.33.0-255,66,67340,34,241954
21153,0.001366,172.217.27.0-255,4320,71660,34,241954
21154,0.001368,172.31.33.0-255,66,71726,34,241954
21155,0.001385,172.217.27.0-255,2902,74628,34,241954
21156,0.001387,172.31.33.0-255,66,74694,34,241954
21157,0.001395,172.217.27.0-255,6797,81491,34,241954
21158,0.001398,172.31.33.0-255,66,81557,34,241954
21159,0.001916,172.217.27.0-255,1484,83041,34,241954
21160,0.001931,172.217.27.0-255,2902,85943,34,241954
21161,0.001935,172.31.33.0-255,66,86009,34,241954
21162,0.001938,172.217.27.0-255,1484,87493,34,241954
21163,0.001953,172.217.27.0-255,4320,91813,34,241954
21164,0.001956,172.31.33.0-255,66,91879,34,241954
21165,0.001986,172.31.33.0-255,66,91945,34,241954
21166,0.00199,172.217.27.0-255,2902,94847,34,241954
21167,0.001992,172.31.33.0-255,66,94913,34,241954
21168,0.002012,172.31.33.0-255,66,94979,34,241954
21169,0.002428,172.217.27.0-255,1484,96463,34,241954
21170,0.002441,172.217.27.0-255,2902,99365,34,241954
21171,0.002443,172.31.33.0-255,66,99431,34,241954
21172,0.002462,172.217.27.0-255,5738,105169,34,241954
21173,0.002464,172.31.33.0-255,66,105235,34,241954
21174,0.002488,172.217.27.0-255,2902,108137,34,241954
21175,0.00249,172.31.33.0-255,66,108203,34,241954
21176,0.002514,172.31.33.0-255,66,108269,34,241954
21177,0.002524,172.31.33.0-255,66,108335,34,241954
21178,0.002536,172.217.27.0-255,2184,110519,34,241954
21179,0.002538,172.31.33.0-255,66,110585,34,241954
21180,0.004143,172.217.27.0-255,1484,112069,34,241954
21181,0.004159,172.217.27.0-255,2902,114971,34,241954
21182,0.004162,172.31.33.0-255,66,115037,34,241954
21183,0.004178,172.217.27.0-255,2902,117939,34,241954
21184,0.004179,172.31.33.0-255,66,118005,34,241954
21185,0.004183,172.217.27.0-255,1484,119489,34,241954
21186,0.004185,172.217.27.0-255,1484,120973,34,241954
21187,0.004187,172.31.33.0-255,66,121039,34,241954
21188,0.004208,172.217.27.0-255,4320,125359,34,241954
21189,0.00421,172.31.33.0-255,66,125425,34,241954
21190,0.004213,172.217.27.0-255,1484,126909,34,241954
21191,0.004218,172.217.27.0-255,4320,131229,34,241954
21192,0.00422,172.31.33.0-255,66,131295,34,241954
21193,0.004244,172.217.27.0-255,7156,138451,34,241954
21194,0.004246,172.31.33.0-255,66,138517,34,241954
21195,0.004253,172.217.27.0-255,6438,144955,34,241954
21196,0.004255,172.31.33.0-255,66,145021,34,241954
21197,0.004288,172.31.33.0-255,66,145087,34,241954
21198,0.004324,172.31.33.0-255,66,145153,34,241954
21199,0.004336,172.31.33.0-255,66,145219,34,241954
21200,0.004387,172.217.27.0-255,2184,147403,34,241954
21201,0.004389,172.31.33.0-255,66,147469,34,241954
21202,0.004447,172.217.27.0-255,1484,148953,34,241954
21203,0.004452,172.217.27.0-255,2902,151855,34,241954
21204,0.004454,172.31.33.0-255,66,151921,34,241954
21205,0.004476,172.217.27.0-255,5738,157659,34,241954
21206,0.004479,172.31.33.0-255,66,157725,34,241954
21207,0.00451,172.31.33.0-255,66,157791,34,241954
21208,0.004529,172.217.27.0-255,2902,160693,34,241954
21209,0.004532,172.31.33.0-255,66,160759,34,241954
21210,0.004542,172.31.33.0-255,66,160825,34,241954
21211,0.004562,172.217.27.0-255,3602,164427,34,241954
21212,0.004564,172.31.33.0-255,66,164493,34,241954
21213,0.004576,172.217.27.0-255,1484,165977,34,241954
21214,0.004588,172.217.27.0-255,1484,167461,34,241954
21215,0.004592,172.31.33.0-255,66,167527,34,241954
21216,0.004598,172.217.27.0-255,1484,169011,34,241954
21217,0.004609,172.217.27.0-255,1484,170495,34,241954
21218,0.004611,172.31.33.0-255,66,170561,34,241954
21219,0.004629,172.217.27.0-255,4320,174881,34,241954
21220,0.004631,172.31.33.0-255,66,174947,34,241954
21221,0.004636,172.217.27.0-255,4320,179267,34,241954
21222,0.004638,172.31.33.0-255,66,179333,34,241954
21223,0.004682,172.31.33.0-255,66,179399,34,241954
21224,0.004689,172.31.33.0-255,66,179465,34,241954
21225,0.004702,172.217.27.0-255,1484,180949,34,241954
21226,0.004717,172.217.27.0-255,2902,183851,34,241954
21227,0.004719,172.31.33.0-255,66,183917,34,241954
21228,0.004724,172.217.27.0-255,2902,186819,34,241954
21229,0.004726,172.31.33.0-255,66,186885,34,241954
21230,0.00474,172.217.27.0-255,2902,189787,34,241954
21231,0.004743,172.31.33.0-255,66,189853,34,241954
21232,0.004746,172.217.27.0-255,1484,191337,34,241954
21233,0.004781,172.31.33.0-255,66,191403,34,241954
21234,0.004802,172.217.27.0-255,4320,195723,34,241954
21235,0.004805,172.31.33.0-255,66,195789,34,241954
21236,0.004832,172.217.27.0-255,6438,202227,34,241954
21237,0.004835,172.31.33.0-255,66,202293,34,241954
21238,0.004857,172.217.27.0-255,1484,203777,34,241954
21239,0.004862,172.217.27.0-255,2902,206679,34,241954
21240,0.004864,172.31.33.0-255,66,206745,34,241954
21241,0.004896,172.217.27.0-255,5738,212483,34,241954
21242,0.004899,172.31.33.0-255,66,212549,34,241954
21243,0.004905,172.217.27.0-255,5738,218287,34,241954
21244,0.004907,172.31.33.0-255,66,218353,34,241954
21245,0.004938,172.217.27.0-255,7156,225509,34,241954
21246,0.004941,172.31.33.0-255,66,225575,34,241954
21247,0.004967,172.31.33.0-255,66,225641,34,241954
21248,0.004985,172.217.27.0-255,2184,227825,34,241954
21249,0.004988,172.31.33.0-255,66,227891,34,241954
21250,0.005041,172.217.27.0-255,1484,229375,34,241954
21251,0.005045,172.217.27.0-255,1484,230859,34,241954
21252,0.005047,172.31.33.0-255,66,230925,34,241954
21253,0.005068,172.217.27.0-255,2902,233827,34,241954
21254,0.00507,172.31.33.0-255,66,233893,34,241954
21255,0.005076,172.217.27.0-255,5738,239631,34,241954
21256,0.005079,172.31.33.0-255,66,239697,34,241954
21257,0.005116,172.31.33.0-255,66,239763,34,241954
21258,0.00512,172.217.27.0-255,1783,241546,34,241954
21259,0.005122,172.31.33.0-255,66,241612,34,241954
21260,0.005199,172.217.27.0-255,105,241717,34,241954
21261,0.00736,172.31.33.0-255,66,241783,34,241954
21262,0.007392,172.31.33.0-255,105,241888,34,241954
21263,0.009027,172.217.27.0-255,66,241954,34,241954
21264,0.0,172.31.33.0-255,105,105,34,342
21265,0.002284,172.217.194.0-255,66,171,34,342
21266,0.002308,172.217.194.0-255,105,276,34,342
21267,0.002311,172.31.33.0-255,66,342,34,342
21268,0.0,74.125.24.0-255,161,161,34,283786
21269,3.2e-05,172.31.33.0-255,66,227,34,283786
21270,3.9e-05,74.125.24.0-255,1484,1711,34,283786
21271,4.4e-05,172.31.33.0-255,66,1777,34,283786
21272,4.9e-05,74.125.24.0-255,2902,4679,34,283786
21273,5.2e-05,172.31.33.0-255,66,4745,34,283786
21274,5.7e-05,74.125.24.0-255,7156,11901,34,283786
21275,6e-05,172.31.33.0-255,66,11967,34,283786
21276,6.3e-05,74.125.24.0-255,2095,14062,34,283786
21277,6.6e-05,172.31.33.0-255,66,14128,34,283786
21278,0.000149,74.125.24.0-255,1484,15612,34,283786
21279,0.000154,172.31.33.0-255,66,15678,34,283786
21280,0.000158,74.125.24.0-255,2902,18580,34,283786
21281,0.000161,172.31.33.0-255,66,18646,34,283786
21282,0.000163,74.125.24.0-255,1484,20130,34,283786
21283,0.000165,172.31.33.0-255,66,20196,34,283786
21284,0.000188,74.125.24.0-255,4320,24516,34,283786
21285,0.000191,172.31.33.0-255,66,24582,34,283786
21286,0.000198,74.125.24.0-255,6797,31379,34,283786
21287,0.0002,172.31.33.0-255,66,31445,34,283786
21288,0.000203,74.125.24.0-255,1484,32929,34,283786
21289,0.000205,172.31.33.0-255,66,32995,34,283786
21290,0.00023,74.125.24.0-255,5738,38733,34,283786
21291,0.000233,172.31.33.0-255,66,38799,34,283786
21292,0.000257,74.125.24.0-255,2902,41701,34,283786
21293,0.00026,172.31.33.0-255,66,41767,34,283786
21294,0.000282,74.125.24.0-255,6797,48564,34,283786
21295,0.000288,172.31.33.0-255,66,48630,34,283786
21296,0.000721,74.125.24.0-255,1484,50114,34,283786
21297,0.000726,172.31.33.0-255,66,50180,34,283786
21298,0.000736,74.125.24.0-255,2902,53082,34,283786
21299,0.000738,172.31.33.0-255,66,53148,34,283786
21300,0.000742,74.125.24.0-255,2902,56050,34,283786
21301,0.000744,172.31.33.0-255,66,56116,34,283786
21302,0.000772,74.125.24.0-255,2902,59018,34,283786
21303,0.000777,172.31.33.0-255,66,59084,34,283786
21304,0.000782,74.125.24.0-255,4320,63404,34,283786
21305,0.000784,172.31.33.0-255,66,63470,34,283786
21306,0.00079,74.125.24.0-255,5738,69208,34,283786
21307,0.000792,172.31.33.0-255,66,69274,34,283786
21308,0.000826,74.125.24.0-255,6797,76071,34,283786
21309,0.00083,172.31.33.0-255,66,76137,34,283786
21310,0.000836,74.125.24.0-255,5738,81875,34,283786
21311,0.000839,172.31.33.0-255,66,81941,34,283786
21312,0.000873,74.125.24.0-255,7156,89097,34,283786
21313,0.000877,172.31.33.0-255,66,89163,34,283786
21314,0.000911,172.31.33.0-255,66,89229,34,283786
21315,0.000915,74.125.24.0-255,647,89876,34,283786
21316,0.001095,74.125.24.0-255,1484,91360,34,283786
21317,0.0011,74.125.24.0-255,2902,94262,34,283786
21318,0.00111,172.31.33.0-255,66,94328,34,283786
21319,0.001114,172.31.33.0-255,66,94394,34,283786
21320,0.00112,74.125.24.0-255,5738,100132,34,283786
21321,0.001122,172.31.33.0-255,66,100198,34,283786
21322,0.001161,172.31.33.0-255,66,100264,34,283786
21323,0.001174,172.31.33.0-255,66,100330,34,283786
21324,0.001218,74.125.24.0-255,1484,101814,34,283786
21325,0.001223,74.125.24.0-255,2902,104716,34,283786
21326,0.001227,172.31.33.0-255,66,104782,34,283786
21327,0.001234,74.125.24.0-255,5738,110520,34,283786
21328,0.001236,172.31.33.0-255,66,110586,34,283786
21329,0.001274,172.31.33.0-255,66,110652,34,283786
21330,0.001281,74.125.24.0-255,7156,117808,34,283786
21331,0.001283,172.31.33.0-255,66,117874,34,283786
21332,0.001335,74.125.24.0-255,3602,121476,34,283786
21333,0.001337,172.31.33.0-255,66,121542,34,283786
21334,0.001495,74.125.24.0-255,1484,123026,34,283786
21335,0.0015,74.125.24.0-255,1484,124510,34,283786
21336,0.001503,172.31.33.0-255,66,124576,34,283786
21337,0.001524,74.125.24.0-255,1484,126060,34,283786
21338,0.00153,74.125.24.0-255,5738,131798,34,283786
21339,0.001532,172.31.33.0-255,66,131864,34,283786
21340,0.001536,74.125.24.0-255,2902,134766,34,283786
21341,0.001538,172.31.33.0-255,66,134832,34,283786
21342,0.00156,172.31.33.0-255,66,134898,34,283786
21343,0.001563,74.125.24.0-255,1484,136382,34,283786
21344,0.001592,172.31.33.0-255,66,136448,34,283786
21345,0.001688,74.125.24.0-255,1484,137932,34,283786
21346,0.001693,74.125.24.0-255,2902,140834,34,283786
21347,0.001696,172.31.33.0-255,66,140900,34,283786
21348,0.0017,74.125.24.0-255,2902,143802,34,283786
21349,0.001703,172.31.33.0-255,66,143868,34,283786
21350,0.001717,74.125.24.0-255,2902,146770,34,283786
21351,0.00172,172.31.33.0-255,66,146836,34,283786
21352,0.001723,74.125.24.0-255,2902,149738,34,283786
21353,0.001725,172.31.33.0-255,66,149804,34,283786
21354,0.001748,74.125.24.0-255,7156,156960,34,283786
21355,0.00175,172.31.33.0-255,66,157026,34,283786
21356,0.001773,74.125.24.0-255,7156,164182,34,283786
21357,0.001778,172.31.33.0-255,66,164248,34,283786
21358,0.001795,74.125.24.0-255,6438,170686,34,283786
21359,0.001797,172.31.33.0-255,66,170752,34,283786
21360,0.001812,74.125.24.0-255,4320,175072,34,283786
21361,0.001816,172.31.33.0-255,66,175138,34,283786
21362,0.001838,172.31.33.0-255,66,175204,34,283786
21363,0.001852,172.31.33.0-255,66,175270,34,283786
21364,0.00187,74.125.24.0-255,1484,176754,34,283786
21365,0.001891,172.31.33.0-255,66,176820,34,283786
21366,0.002047,74.125.24.0-255,1484,178304,34,283786
21367,0.002052,74.125.24.0-255,2902,181206,34,283786
21368,0.002055,172.31.33.0-255,66,181272,34,283786
21369,0.002059,74.125.24.0-255,2902,184174,34,283786
21370,0.002061,172.31.33.0-255,66,184240,34,283786
21371,0.002073,74.125.24.0-255,2902,187142,34,283786
21372,0.002075,172.31.33.0-255,66,187208,34,283786
21373,0.002081,74.125.24.0-255,5738,192946,34,283786
21374,0.002083,172.31.33.0-255,66,193012,34,283786
21375,0.002119,172.31.33.0-255,66,193078,34,283786
21376,0.002124,74.125.24.0-255,2902,195980,34,283786
21377,0.002126,172.31.33.0-255,66,196046,34,283786
21378,0.00214,74.125.24.0-255,2184,198230,34,283786
21379,0.002142,172.31.33.0-255,66,198296,34,283786
21380,0.002215,74.125.24.0-255,1484,199780,34,283786
21381,0.00222,74.125.24.0-255,2902,202682,34,283786
21382,0.002223,172.31.33.0-255,66,202748,34,283786
21383,0.002244,74.125.24.0-255,5738,208486,34,283786
21384,0.002247,172.31.33.0-255,66,208552,34,283786
21385,0.002251,74.125.24.0-255,2902,211454,34,283786
21386,0.002253,172.31.33.0-255,66,211520,34,283786
21387,0.002277,172.31.33.0-255,66,211586,34,283786
21388,0.002283,74.125.24.0-255,5738,217324,34,283786
21389,0.002285,172.31.33.0-255,66,217390,34,283786
21390,0.002309,74.125.24.0-255,5020,222410,34,283786
21391,0.002312,172.31.33.0-255,66,222476,34,283786
21392,0.004575,74.125.24.0-255,5738,228214,34,283786
21393,0.004579,172.31.33.0-255,66,228280,34,283786
21394,0.006863,74.125.24.0-255,5738,234018,34,283786
21395,0.006871,172.31.33.0-255,66,234084,34,283786
21396,0.009152,74.125.24.0-255,5738,239822,34,283786
21397,0.009171,172.31.33.0-255,66,239888,34,283786
21398,0.01147,74.125.24.0-255,5738,245626,34,283786
21399,0.011491,172.31.33.0-255,66,245692,34,283786
21400,0.013775,74.125.24.0-255,5738,251430,34,283786
21401,0.013793,172.31.33.0-255,66,251496,34,283786
21402,0.016063,74.125.24.0-255,5738,257234,34,283786
21403,0.016079,172.31.33.0-255,66,257300,34,283786
21404,0.018329,74.125.24.0-255,5738,263038,34,283786
21405,0.018336,172.31.33.0-255,66,263104,34,283786
21406,0.020611,74.125.24.0-255,5738,268842,34,283786
21407,0.020621,172.31.33.0-255,66,268908,34,283786
21408,0.022889,74.125.24.0-255,5738,274646,34,283786
21409,0.022899,172.31.33.0-255,66,274712,34,283786
21410,0.025169,74.125.24.0-255,5738,280450,34,283786
21411,0.025177,172.31.33.0-255,66,280516,34,283786
21412,0.027427,74.125.24.0-255,3033,283549,34,283786
21413,0.027434,172.31.33.0-255,66,283615,34,283786
21414,0.027612,172.31.33.0-255,105,283720,34,283786
21415,0.029838,74.125.24.0-255,66,283786,34,283786
21416,0.0,74.125.24.0-255,153,153,34,211242
21417,2.2e-05,172.31.33.0-255,66,219,34,211242
21418,2.9e-05,74.125.24.0-255,1484,1703,34,211242
21419,3.3e-05,172.31.33.0-255,66,1769,34,211242
21420,3.7e-05,74.125.24.0-255,2902,4671,34,211242
21421,4e-05,172.31.33.0-255,66,4737,34,211242
21422,4.7e-05,74.125.24.0-255,7156,11893,34,211242
21423,5e-05,172.31.33.0-255,66,11959,34,211242
21424,0.000107,74.125.24.0-255,7156,19115,34,211242
21425,0.00011,172.31.33.0-255,66,19181,34,211242
21426,0.00013,74.125.24.0-255,3472,22653,34,211242
21427,0.000132,172.31.33.0-255,66,22719,34,211242
21428,0.000203,172.31.33.0-255,66,22785,34,211242
21429,0.000293,74.125.24.0-255,5738,28523,34,211242
21430,0.000297,172.31.33.0-255,66,28589,34,211242
21431,0.000314,74.125.24.0-255,5738,34327,34,211242
21432,0.000316,172.31.33.0-255,66,34393,34,211242
21433,0.000386,74.125.24.0-255,2543,36936,34,211242
21434,0.000389,172.31.33.0-255,66,37002,34,211242
21435,0.000426,74.125.24.0-255,1484,38486,34,211242
21436,0.000429,172.31.33.0-255,66,38552,34,211242
21437,0.000432,74.125.24.0-255,1484,40036,34,211242
21438,0.000434,172.31.33.0-255,66,40102,34,211242
21439,0.000447,74.125.24.0-255,1484,41586,34,211242
21440,0.000449,172.31.33.0-255,66,41652,34,211242
21441,0.000454,74.125.24.0-255,4320,45972,34,211242
21442,0.000456,172.31.33.0-255,66,46038,34,211242
21443,0.000467,74.125.24.0-255,1484,47522,34,211242
21444,0.000468,172.31.33.0-255,66,47588,34,211242
21445,0.000501,74.125.24.0-255,2902,50490,34,211242
21446,0.000505,172.31.33.0-255,66,50556,34,211242
21447,0.000524,74.125.24.0-255,3961,54517,34,211242
21448,0.000545,172.31.33.0-255,66,54583,34,211242
21449,0.000916,74.125.24.0-255,412,54995,34,211242
21450,0.000944,74.125.24.0-255,1484,56479,34,211242
21451,0.000948,172.31.33.0-255,66,56545,34,211242
21452,0.000952,74.125.24.0-255,1484,58029,34,211242
21453,0.000965,74.125.24.0-255,2902,60931,34,211242
21454,0.00098,172.31.33.0-255,66,60997,34,211242
21455,0.000986,74.125.24.0-255,7156,68153,34,211242
21456,0.000991,172.31.33.0-255,66,68219,34,211242
21457,0.000999,74.125.24.0-255,2902,71121,34,211242
21458,0.001017,172.31.33.0-255,66,71187,34,211242
21459,0.001068,74.125.24.0-255,5738,76925,34,211242
21460,0.001073,172.31.33.0-255,66,76991,34,211242
21461,0.001104,172.31.33.0-255,66,77057,34,211242
21462,0.001218,74.125.24.0-255,2184,79241,34,211242
21463,0.001222,172.31.33.0-255,66,79307,34,211242
21464,0.00124,172.31.33.0-255,66,79373,34,211242
21465,0.001257,172.31.33.0-255,66,79439,34,211242
21466,0.001403,74.125.24.0-255,5738,85177,34,211242
21467,0.001407,172.31.33.0-255,66,85243,34,211242
21468,0.001429,172.31.33.0-255,66,85309,34,211242
21469,0.00156,74.125.24.0-255,1484,86793,34,211242
21470,0.001574,74.125.24.0-255,2902,89695,34,211242
21471,0.001577,172.31.33.0-255,66,89761,34,211242
21472,0.001598,74.125.24.0-255,5738,95499,34,211242
21473,0.001615,172.31.33.0-255,66,95565,34,211242
21474,0.001645,74.125.24.0-255,2902,98467,34,211242
21475,0.001659,74.125.24.0-255,4320,102787,34,211242
21476,0.001664,172.31.33.0-255,66,102853,34,211242
21477,0.001702,74.125.24.0-255,5738,108591,34,211242
21478,0.001729,172.31.33.0-255,66,108657,34,211242
21479,0.001749,74.125.24.0-255,1484,110141,34,211242
21480,0.001778,172.31.33.0-255,66,110207,34,211242
21481,0.001845,74.125.24.0-255,1484,111691,34,211242
21482,0.001852,74.125.24.0-255,2902,114593,34,211242
21483,0.001873,172.31.33.0-255,66,114659,34,211242
21484,0.001895,74.125.24.0-255,5738,120397,34,211242
21485,0.001921,172.31.33.0-255,66,120463,34,211242
21486,0.001931,74.125.24.0-255,2902,123365,34,211242
21487,0.001938,172.31.33.0-255,66,123431,34,211242
21488,0.001989,172.31.33.0-255,66,123497,34,211242
21489,0.002044,74.125.24.0-255,5738,129235,34,211242
21490,0.00205,172.31.33.0-255,66,129301,34,211242
21491,0.002068,74.125.24.0-255,1484,130785,34,211242
21492,0.002107,74.125.24.0-255,3602,134387,34,211242
21493,0.002119,172.31.33.0-255,66,134453,34,211242
21494,0.002123,74.125.24.0-255,1484,135937,34,211242
21495,0.002156,74.125.24.0-255,7156,143093,34,211242
21496,0.002186,172.31.33.0-255,66,143159,34,211242
21497,0.002272,74.125.24.0-255,4320,147479,34,211242
21498,0.002278,172.31.33.0-255,66,147545,34,211242
21499,0.002284,172.31.33.0-255,66,147611,34,211242
21500,0.002383,172.31.33.0-255,66,147677,34,211242
21501,0.002424,74.125.24.0-255,7156,154833,34,211242
21502,0.002435,172.31.33.0-255,66,154899,34,211242
21503,0.002482,172.31.33.0-255,66,154965,34,211242
21504,0.002668,74.125.24.0-255,4320,159285,34,211242
21505,0.002682,172.31.33.0-255,66,159351,34,211242
21506,0.002686,74.125.24.0-255,2184,161535,34,211242
21507,0.002691,172.31.33.0-255,66,161601,34,211242
21508,0.002718,74.125.24.0-255,1484,163085,34,211242
21509,0.002746,172.31.33.0-255,66,163151,34,211242
21510,0.002792,74.125.24.0-255,5738,168889,34,211242
21511,0.002825,74.125.24.0-255,3602,172491,34,211242
21512,0.002836,172.31.33.0-255,66,172557,34,211242
21513,0.002953,74.125.24.0-255,5738,178295,34,211242
21514,0.002957,172.31.33.0-255,66,178361,34,211242
21515,0.00302,172.31.33.0-255,66,178427,34,211242
21516,0.00319,172.31.33.0-255,66,178493,34,211242
21517,0.003245,74.125.24.0-255,4320,182813,34,211242
21518,0.00325,172.31.33.0-255,66,182879,34,211242
21519,0.003261,74.125.24.0-255,4320,187199,34,211242
21520,0.003281,172.31.33.0-255,66,187265,34,211242
21521,0.003308,74.125.24.0-255,4320,191585,34,211242
21522,0.003334,172.31.33.0-255,66,191651,34,211242
21523,0.003454,74.125.24.0-255,2902,194553,34,211242
21524,0.003457,172.31.33.0-255,66,194619,34,211242
21525,0.003462,172.31.33.0-255,66,194685,34,211242
21526,0.003516,74.125.24.0-255,5738,200423,34,211242
21527,0.003526,172.31.33.0-255,66,200489,34,211242
21528,0.003536,74.125.24.0-255,6250,206739,34,211242
21529,0.003545,172.31.33.0-255,66,206805,34,211242
21530,0.003562,74.125.24.0-255,105,206910,34,211242
21531,0.004645,172.31.33.0-255,66,206976,34,211242
21532,0.00468,172.31.33.0-255,105,207081,34,211242
21533,0.00699,74.125.24.0-255,66,207147,34,211242
21534,0.039659,172.31.33.0-255,172,207319,34,211242
21535,0.039716,172.31.33.0-255,1113,208432,34,211242
21536,0.039804,172.31.33.0-255,1514,209946,34,211242
21537,0.039806,172.31.33.0-255,1296,211242,34,211242
21538,0.0,74.125.130.0-255,213,213,34,288395
21539,2.5e-05,172.31.33.0-255,66,279,34,288395
21540,3.1e-05,74.125.130.0-255,1484,1763,34,288395
21541,3.6e-05,172.31.33.0-255,66,1829,34,288395
21542,4.1e-05,74.125.130.0-255,4320,6149,34,288395
21543,5e-05,172.31.33.0-255,66,6215,34,288395
21544,5.7e-05,74.125.130.0-255,7156,13371,34,288395
21545,6e-05,172.31.33.0-255,66,13437,34,288395
21546,0.0001,172.31.33.0-255,66,13503,34,288395
21547,0.000106,74.125.130.0-255,7156,20659,34,288395
21548,0.000108,172.31.33.0-255,66,20725,34,288395
21549,0.000181,172.31.33.0-255,66,20791,34,288395
21550,0.000199,172.31.33.0-255,66,20857,34,288395
21551,0.000244,74.125.130.0-255,1484,22341,34,288395
21552,0.000246,172.31.33.0-255,66,22407,34,288395
21553,0.00025,74.125.130.0-255,2902,25309,34,288395
21554,0.000252,172.31.33.0-255,66,25375,34,288395
21555,0.000274,74.125.130.0-255,1484,26859,34,288395
21556,0.000277,172.31.33.0-255,66,26925,34,288395
21557,0.000281,74.125.130.0-255,2902,29827,34,288395
21558,0.000283,172.31.33.0-255,66,29893,34,288395
21559,0.000296,74.125.130.0-255,5738,35631,34,288395
21560,0.000299,172.31.33.0-255,66,35697,34,288395
21561,0.000327,74.125.130.0-255,1484,37181,34,288395
21562,0.00033,172.31.33.0-255,66,37247,34,288395
21563,0.000361,74.125.130.0-255,7156,44403,34,288395
21564,0.000365,172.31.33.0-255,66,44469,34,288395
21565,0.000395,74.125.130.0-255,5379,49848,34,288395
21566,0.000398,172.31.33.0-255,66,49914,34,288395
21567,0.000405,74.125.130.0-255,5959,55873,34,288395
21568,0.000409,172.31.33.0-255,66,55939,34,288395
21569,0.000544,74.125.130.0-255,1484,57423,34,288395
21570,0.00055,74.125.130.0-255,2902,60325,34,288395
21571,0.000553,172.31.33.0-255,66,60391,34,288395
21572,0.000557,74.125.130.0-255,1484,61875,34,288395
21573,0.000584,74.125.130.0-255,4320,66195,34,288395
21574,0.000587,172.31.33.0-255,66,66261,34,288395
21575,0.000615,74.125.130.0-255,6248,72509,34,288395
21576,0.000618,172.31.33.0-255,66,72575,34,288395
21577,0.000677,74.125.130.0-255,1484,74059,34,288395
21578,0.000694,74.125.130.0-255,1484,75543,34,288395
21579,0.000697,172.31.33.0-255,66,75609,34,288395
21580,0.000725,74.125.130.0-255,1484,77093,34,288395
21581,0.000729,74.125.130.0-255,1484,78577,34,288395
21582,0.000731,172.31.33.0-255,66,78643,34,288395
21583,0.000735,74.125.130.0-255,2902,81545,34,288395
21584,0.000737,172.31.33.0-255,66,81611,34,288395
21585,0.000742,74.125.130.0-255,5738,87349,34,288395
21586,0.00075,172.31.33.0-255,66,87415,34,288395
21587,0.000763,172.31.33.0-255,66,87481,34,288395
21588,0.000767,74.125.130.0-255,4320,91801,34,288395
21589,0.00077,172.31.33.0-255,66,91867,34,288395
21590,0.000792,74.125.130.0-255,2184,94051,34,288395
21591,0.0008,172.31.33.0-255,66,94117,34,288395
21592,0.00082,74.125.130.0-255,1484,95601,34,288395
21593,0.000826,74.125.130.0-255,2902,98503,34,288395
21594,0.000828,172.31.33.0-255,66,98569,34,288395
21595,0.000835,74.125.130.0-255,5738,104307,34,288395
21596,0.000837,172.31.33.0-255,66,104373,34,288395
21597,0.000877,172.31.33.0-255,66,104439,34,288395
21598,0.000909,74.125.130.0-255,2902,107341,34,288395
21599,0.000914,172.31.33.0-255,66,107407,34,288395
21600,0.000921,172.31.33.0-255,66,107473,34,288395
21601,0.001039,74.125.130.0-255,1484,108957,34,288395
21602,0.001044,74.125.130.0-255,2902,111859,34,288395
21603,0.001048,172.31.33.0-255,66,111925,34,288395
21604,0.001052,74.125.130.0-255,1484,113409,34,288395
21605,0.001073,74.125.130.0-255,1484,114893,34,288395
21606,0.001076,172.31.33.0-255,66,114959,34,288395
21607,0.001081,74.125.130.0-255,4320,119279,34,288395
21608,0.001083,172.31.33.0-255,66,119345,34,288395
21609,0.0011,172.31.33.0-255,66,119411,34,288395
21610,0.001103,74.125.130.0-255,1484,120895,34,288395
21611,0.001141,74.125.130.0-255,7156,128051,34,288395
21612,0.001146,172.31.33.0-255,66,128117,34,288395
21613,0.001168,74.125.130.0-255,5020,133137,34,288395
21614,0.001172,172.31.33.0-255,66,133203,34,288395
21615,0.0015,74.125.130.0-255,1484,134687,34,288395
21616,0.001516,74.125.130.0-255,2902,137589,34,288395
21617,0.00152,172.31.33.0-255,66,137655,34,288395
21618,0.001526,74.125.130.0-255,5738,143393,34,288395
21619,0.001529,172.31.33.0-255,66,143459,34,288395
21620,0.001603,172.31.33.0-255,66,143525,34,288395
21621,0.001618,172.31.33.0-255,66,143591,34,288395
21622,0.001666,74.125.130.0-255,1484,145075,34,288395
21623,0.001683,74.125.130.0-255,2902,147977,34,288395
21624,0.001686,172.31.33.0-255,66,148043,34,288395
21625,0.001691,74.125.130.0-255,4320,152363,34,288395
21626,0.001693,172.31.33.0-255,66,152429,34,288395
21627,0.001708,74.125.130.0-255,1484,153913,34,288395
21628,0.001714,74.125.130.0-255,5738,159651,34,288395
21629,0.001716,172.31.33.0-255,66,159717,34,288395
21630,0.001745,74.125.130.0-255,7156,166873,34,288395
21631,0.001748,172.31.33.0-255,66,166939,34,288395
21632,0.001782,172.31.33.0-255,66,167005,34,288395
21633,0.001893,74.125.130.0-255,1484,168489,34,288395
21634,0.001897,74.125.130.0-255,1484,169973,34,288395
21635,0.001899,172.31.33.0-255,66,170039,34,288395
21636,0.001924,74.125.130.0-255,1484,171523,34,288395
21637,0.001928,74.125.130.0-255,2902,174425,34,288395
21638,0.00193,172.31.33.0-255,66,174491,34,288395
21639,0.001935,74.125.130.0-255,4320,178811,34,288395
21640,0.001936,172.31.33.0-255,66,178877,34,288395
21641,0.001941,74.125.130.0-255,4320,183197,34,288395
21642,0.001942,172.31.33.0-255,66,183263,34,288395
21643,0.00197,74.125.130.0-255,4320,187583,34,288395
21644,0.001973,172.31.33.0-255,66,187649,34,288395
21645,0.001981,172.31.33.0-255,66,187715,34,288395
21646,0.002002,74.125.130.0-255,5020,192735,34,288395
21647,0.00201,172.31.33.0-255,66,192801,34,288395
21648,0.002012,74.125.130.0-255,1484,194285,34,288395
21649,0.002034,74.125.130.0-255,1484,195769,34,288395
21650,0.002036,172.31.33.0-255,66,195835,34,288395
21651,0.002039,74.125.130.0-255,1484,197319,34,288395
21652,0.002065,74.125.130.0-255,2902,200221,34,288395
21653,0.002068,172.31.33.0-255,66,200287,34,288395
21654,0.002071,74.125.130.0-255,1484,201771,34,288395
21655,0.002076,74.125.130.0-255,4320,206091,34,288395
21656,0.002078,172.31.33.0-255,66,206157,34,288395
21657,0.002088,74.125.130.0-255,5738,211895,34,288395
21658,0.002091,172.31.33.0-255,66,211961,34,288395
21659,0.002096,74.125.130.0-255,4320,216281,34,288395
21660,0.002099,172.31.33.0-255,66,216347,34,288395
21661,0.002123,74.125.130.0-255,1484,217831,34,288395
21662,0.002147,74.125.130.0-255,7156,224987,34,288395
21663,0.002151,172.31.33.0-255,66,225053,34,288395
21664,0.002154,74.125.130.0-255,2184,227237,34,288395
21665,0.002156,172.31.33.0-255,66,227303,34,288395
21666,0.002215,74.125.130.0-255,1484,228787,34,288395
21667,0.00223,74.125.130.0-255,2902,231689,34,288395
21668,0.002233,172.31.33.0-255,66,231755,34,288395
21669,0.002236,74.125.130.0-255,1484,233239,34,288395
21670,0.00226,74.125.130.0-255,4320,237559,34,288395
21671,0.002263,172.31.33.0-255,66,237625,34,288395
21672,0.002265,74.125.130.0-255,1484,239109,34,288395
21673,0.00227,74.125.130.0-255,4320,243429,34,288395
21674,0.002272,172.31.33.0-255,66,243495,34,288395
21675,0.002292,74.125.130.0-255,2902,246397,34,288395
21676,0.002295,172.31.33.0-255,66,246463,34,288395
21677,0.002298,74.125.130.0-255,1484,247947,34,288395
21678,0.002324,74.125.130.0-255,2902,250849,34,288395
21679,0.002327,172.31.33.0-255,66,250915,34,288395
21680,0.002333,74.125.130.0-255,7156,258071,34,288395
21681,0.002335,172.31.33.0-255,66,258137,34,288395
21682,0.002344,74.125.130.0-255,3602,261739,34,288395
21683,0.002346,172.31.33.0-255,66,261805,34,288395
21684,0.002802,74.125.130.0-255,1484,263289,34,288395
21685,0.002806,74.125.130.0-255,1484,264773,34,288395
21686,0.002809,172.31.33.0-255,66,264839,34,288395
21687,0.00282,74.125.130.0-255,1484,266323,34,288395
21688,0.002835,74.125.130.0-255,2902,269225,34,288395
21689,0.002877,172.31.33.0-255,66,269291,34,288395
21690,0.00288,74.125.130.0-255,1484,270775,34,288395
21691,0.002885,74.125.130.0-255,5738,276513,34,288395
21692,0.002887,172.31.33.0-255,66,276579,34,288395
21693,0.002896,74.125.130.0-255,5738,282317,34,288395
21694,0.002898,172.31.33.0-255,66,282383,34,288395
21695,0.002928,74.125.130.0-255,4809,287192,34,288395
21696,0.002937,172.31.33.0-255,66,287258,34,288395
21697,0.002999,74.125.130.0-255,105,287363,34,288395
21698,0.003083,74.125.130.0-255,129,287492,34,288395
21699,0.012333,74.125.130.0-255,129,287621,34,288395
21700,0.01235,172.31.33.0-255,78,287699,34,288395
21701,0.014415,172.31.33.0-255,105,287804,34,288395
21702,0.014446,172.31.33.0-255,105,287909,34,288395
21703,0.014645,172.31.33.0-255,90,287999,34,288395
21704,0.014655,172.31.33.0-255,66,288065,34,288395
21705,0.016406,74.125.130.0-255,66,288131,34,288395
21706,0.016423,74.125.130.0-255,66,288197,34,288395
21707,0.016627,74.125.130.0-255,66,288263,34,288395
21708,0.016653,74.125.130.0-255,66,288329,34,288395
21709,0.016665,172.31.33.0-255,66,288395,34,288395
21710,0.0,172.31.33.0-255,105,105,34,342
21711,0.002085,74.125.130.0-255,66,171,34,342
21712,0.002126,74.125.130.0-255,105,276,34,342
21713,0.002131,172.31.33.0-255,66,342,34,342
21714,0.0,172.217.194.0-255,146,146,34,98782
21715,2.1e-05,172.31.33.0-255,66,212,34,98782
21716,2.7e-05,172.217.194.0-255,1484,1696,34,98782
21717,3e-05,172.31.33.0-255,66,1762,34,98782
21718,3.5e-05,172.217.194.0-255,2902,4664,34,98782
21719,3.7e-05,172.31.33.0-255,66,4730,34,98782
21720,7.1e-05,172.217.194.0-255,5738,10468,34,98782
21721,7.4e-05,172.31.33.0-255,66,10534,34,98782
21722,0.0002,172.217.194.0-255,7156,17690,34,98782
21723,0.000205,172.31.33.0-255,66,17756,34,98782
21724,0.000229,172.217.194.0-255,6258,24014,34,98782
21725,0.000233,172.31.33.0-255,66,24080,34,98782
21726,0.000363,172.217.194.0-255,2902,26982,34,98782
21727,0.000366,172.31.33.0-255,66,27048,34,98782
21728,0.000393,172.217.194.0-255,3961,31009,34,98782
21729,0.000397,172.31.33.0-255,66,31075,34,98782
21730,0.000468,172.217.194.0-255,7156,38231,34,98782
21731,0.000472,172.31.33.0-255,66,38297,34,98782
21732,0.000499,172.31.33.0-255,66,38363,34,98782
21733,0.000812,172.217.194.0-255,4320,42683,34,98782
21734,0.000817,172.31.33.0-255,66,42749,34,98782
21735,0.000848,172.217.194.0-255,7117,49866,34,98782
21736,0.000851,172.31.33.0-255,66,49932,34,98782
21737,0.000983,172.217.194.0-255,5738,55670,34,98782
21738,0.000987,172.31.33.0-255,66,55736,34,98782
21739,0.001042,172.31.33.0-255,66,55802,34,98782
21740,0.001548,172.31.33.0-255,66,55868,34,98782
21741,0.001588,172.31.33.0-255,66,55934,34,98782
21742,0.001892,172.217.194.0-255,5738,61672,34,98782
21743,0.001894,172.31.33.0-255,66,61738,34,98782
21744,0.001928,172.31.33.0-255,66,61804,34,98782
21745,0.002515,172.217.194.0-255,7156,68960,34,98782
21746,0.002536,172.31.33.0-255,66,69026,34,98782
21747,0.002572,172.31.33.0-255,66,69092,34,98782
21748,0.003033,172.217.194.0-255,7156,76248,34,98782
21749,0.003037,172.31.33.0-255,66,76314,34,98782
21750,0.00309,172.31.33.0-255,66,76380,34,98782
21751,0.003131,172.31.33.0-255,66,76446,34,98782
21752,0.004008,172.217.194.0-255,2902,79348,34,98782
21753,0.004013,172.31.33.0-255,66,79414,34,98782
21754,0.004054,172.31.33.0-255,66,79480,34,98782
21755,0.004201,172.217.194.0-255,4320,83800,34,98782
21756,0.004205,172.31.33.0-255,66,83866,34,98782
21757,0.004265,172.217.194.0-255,2902,86768,34,98782
21758,0.004269,172.31.33.0-255,66,86834,34,98782
21759,0.004315,172.31.33.0-255,66,86900,34,98782
21760,0.004363,172.31.33.0-255,66,86966,34,98782
21761,0.005236,172.217.194.0-255,1484,88450,34,98782
21762,0.005266,172.217.194.0-255,5738,94188,34,98782
21763,0.005269,172.31.33.0-255,66,94254,34,98782
21764,0.006535,172.31.33.0-255,66,94320,34,98782
21765,0.007417,172.31.33.0-255,105,94425,34,98782
21766,0.009502,172.217.194.0-255,66,94491,34,98782
21767,0.034176,172.31.33.0-255,172,94663,34,98782
21768,0.034287,172.31.33.0-255,1112,95775,34,98782
21769,0.034353,172.31.33.0-255,1514,97289,34,98782
21770,0.034355,172.31.33.0-255,1295,98584,34,98782
21771,0.035718,104.244.42.0-255,66,98650,34,98782
21772,0.035823,104.244.42.0-255,66,98716,34,98782
21773,0.035915,104.244.42.0-255,66,98782,34,98782
21774,0.0,172.31.33.0-255,105,105,34,342
21775,0.002312,172.217.194.0-255,66,171,34,342
21776,0.002337,172.217.194.0-255,105,276,34,342
21777,0.002339,172.31.33.0-255,66,342,34,342
21778,0.0,172.31.33.0-255,105,105,34,276
21779,0.002035,157.240.7.0-255,105,210,34,276
21780,0.002047,172.31.33.0-255,66,276,34,276
21781,0.0,172.217.194.0-255,150,150,34,152581
21782,2.6e-05,172.31.33.0-255,66,216,34,152581
21783,3.2e-05,172.217.194.0-255,1484,1700,34,152581
21784,3.6e-05,172.31.33.0-255,66,1766,34,152581
21785,5e-05,172.217.194.0-255,2902,4668,34,152581
21786,5.4e-05,172.31.33.0-255,66,4734,34,152581
21787,6.1e-05,172.217.194.0-255,7156,11890,34,152581
21788,6.4e-05,172.31.33.0-255,66,11956,34,152581
21789,9.4e-05,172.217.194.0-255,2088,14044,34,152581
21790,9.8e-05,172.31.33.0-255,66,14110,34,152581
21791,0.000134,172.217.194.0-255,2902,17012,34,152581
21792,0.000137,172.31.33.0-255,66,17078,34,152581
21793,0.000142,172.217.194.0-255,2902,19980,34,152581
21794,0.000144,172.31.33.0-255,66,20046,34,152581
21795,0.000173,172.217.194.0-255,1484,21530,34,152581
21796,0.000176,172.31.33.0-255,66,21596,34,152581
21797,0.000192,172.31.33.0-255,66,21662,34,152581
21798,0.000198,172.217.194.0-255,4320,25982,34,152581
21799,0.0002,172.31.33.0-255,66,26048,34,152581
21800,0.000244,172.31.33.0-255,66,26114,34,152581
21801,0.000261,172.31.33.0-255,66,26180,34,152581
21802,0.000264,172.217.194.0-255,1061,27241,34,152581
21803,0.000268,172.217.194.0-255,383,27624,34,152581
21804,0.000272,172.31.33.0-255,66,27690,34,152581
21805,0.000274,172.31.33.0-255,66,27756,34,152581
21806,0.000431,172.217.194.0-255,1484,29240,34,152581
21807,0.000435,172.31.33.0-255,66,29306,34,152581
21808,0.000439,172.217.194.0-255,2902,32208,34,152581
21809,0.000441,172.31.33.0-255,66,32274,34,152581
21810,0.000476,172.217.194.0-255,5738,38012,34,152581
21811,0.000479,172.31.33.0-255,66,38078,34,152581
21812,0.000499,172.31.33.0-255,66,38144,34,152581
21813,0.000511,172.31.33.0-255,66,38210,34,152581
21814,0.000735,172.217.194.0-255,1484,39694,34,152581
21815,0.000741,172.217.194.0-255,2902,42596,34,152581
21816,0.000743,172.217.194.0-255,1484,44080,34,152581
21817,0.000746,172.31.33.0-255,66,44146,34,152581
21818,0.000765,172.217.194.0-255,4320,48466,34,152581
21819,0.000768,172.31.33.0-255,66,48532,34,152581
21820,0.000807,172.31.33.0-255,66,48598,34,152581
21821,0.000814,172.217.194.0-255,7156,55754,34,152581
21822,0.000816,172.31.33.0-255,66,55820,34,152581
21823,0.000835,172.217.194.0-255,3602,59422,34,152581
21824,0.000842,172.31.33.0-255,66,59488,34,152581
21825,0.002459,172.217.194.0-255,1484,60972,34,152581
21826,0.002468,172.217.194.0-255,2902,63874,34,152581
21827,0.002471,172.31.33.0-255,66,63940,34,152581
21828,0.002477,172.217.194.0-255,4320,68260,34,152581
21829,0.002479,172.31.33.0-255,66,68326,34,152581
21830,0.002498,172.217.194.0-255,1484,69810,34,152581
21831,0.0025,172.217.194.0-255,1484,71294,34,152581
21832,0.002502,172.31.33.0-255,66,71360,34,152581
21833,0.00252,172.217.194.0-255,5738,77098,34,152581
21834,0.002521,172.31.33.0-255,66,77164,34,152581
21835,0.002556,172.31.33.0-255,66,77230,34,152581
21836,0.002562,172.217.194.0-255,6438,83668,34,152581
21837,0.002563,172.31.33.0-255,66,83734,34,152581
21838,0.003034,172.217.194.0-255,1484,85218,34,152581
21839,0.003044,172.217.194.0-255,1484,86702,34,152581
21840,0.003046,172.31.33.0-255,66,86768,34,152581
21841,0.003058,172.217.194.0-255,1484,88252,34,152581
21842,0.003066,172.217.194.0-255,5738,93990,34,152581
21843,0.003068,172.31.33.0-255,66,94056,34,152581
21844,0.003095,172.31.33.0-255,66,94122,34,152581
21845,0.003122,172.217.194.0-255,1484,95606,34,152581
21846,0.003131,172.31.33.0-255,66,95672,34,152581
21847,0.003158,172.31.33.0-255,66,95738,34,152581
21848,0.003188,172.31.33.0-255,66,95804,34,152581
21849,0.003196,172.31.33.0-255,66,95870,34,152581
21850,0.003202,172.217.194.0-255,5738,101608,34,152581
21851,0.003207,172.31.33.0-255,66,101674,34,152581
21852,0.003242,172.31.33.0-255,66,101740,34,152581
21853,0.003258,172.31.33.0-255,66,101806,34,152581
21854,0.003268,172.31.33.0-255,66,101872,34,152581
21855,0.00327,172.217.194.0-255,1484,103356,34,152581
21856,0.003275,172.217.194.0-255,4320,107676,34,152581
21857,0.003278,172.31.33.0-255,66,107742,34,152581
21858,0.003282,172.217.194.0-255,4320,112062,34,152581
21859,0.003296,172.31.33.0-255,66,112128,34,152581
21860,0.003297,172.31.33.0-255,66,112194,34,152581
21861,0.00332,172.217.194.0-255,4320,116514,34,152581
21862,0.003321,172.31.33.0-255,66,116580,34,152581
21863,0.003357,172.31.33.0-255,66,116646,34,152581
21864,0.003415,172.31.33.0-255,66,116712,34,152581
21865,0.003442,172.217.194.0-255,4320,121032,34,152581
21866,0.003444,172.31.33.0-255,66,121098,34,152581
21867,0.003452,172.31.33.0-255,66,121164,34,152581
21868,0.003458,172.217.194.0-255,1484,122648,34,152581
21869,0.003488,172.31.33.0-255,66,122714,34,152581
21870,0.003503,172.31.33.0-255,66,122780,34,152581
21871,0.003533,172.31.33.0-255,66,122846,34,152581
21872,0.003558,172.217.194.0-255,2184,125030,34,152581
21873,0.00356,172.31.33.0-255,66,125096,34,152581
21874,0.003888,172.217.194.0-255,1484,126580,34,152581
21875,0.003891,172.217.194.0-255,1484,128064,34,152581
21876,0.003893,172.31.33.0-255,66,128130,34,152581
21877,0.003915,172.217.194.0-255,1484,129614,34,152581
21878,0.003921,172.217.194.0-255,5738,135352,34,152581
21879,0.003923,172.31.33.0-255,66,135418,34,152581
21880,0.003929,172.217.194.0-255,5738,141156,34,152581
21881,0.003931,172.31.33.0-255,66,141222,34,152581
21882,0.003977,172.217.194.0-255,4320,145542,34,152581
21883,0.00398,172.31.33.0-255,66,145608,34,152581
21884,0.004007,172.217.194.0-255,6565,152173,34,152581
21885,0.00401,172.31.33.0-255,66,152239,34,152581
21886,0.004012,172.217.194.0-255,105,152344,34,152581
21887,0.013412,172.31.33.0-255,66,152410,34,152581
21888,0.013441,172.31.33.0-255,105,152515,34,152581
21889,0.015825,172.217.194.0-255,66,152581,34,152581
21890,0.0,172.217.194.0-255,153,153,34,183863
21891,2.9e-05,172.31.33.0-255,66,219,34,183863
21892,3.6e-05,172.217.194.0-255,1484,1703,34,183863
21893,4e-05,172.31.33.0-255,66,1769,34,183863
21894,4.4e-05,172.217.194.0-255,2902,4671,34,183863
21895,4.6e-05,172.31.33.0-255,66,4737,34,183863
21896,5.7e-05,172.217.194.0-255,4320,9057,34,183863
21897,5.9e-05,172.31.33.0-255,66,9123,34,183863
21898,6.2e-05,172.217.194.0-255,2902,12025,34,183863
21899,6.5e-05,172.31.33.0-255,66,12091,34,183863
21900,9.1e-05,172.217.194.0-255,6361,18452,34,183863
21901,9.5e-05,172.31.33.0-255,66,18518,34,183863
21902,0.0001,172.217.194.0-255,5738,24256,34,183863
21903,0.000102,172.31.33.0-255,66,24322,34,183863
21904,0.000136,172.217.194.0-255,6797,31119,34,183863
21905,0.00014,172.31.33.0-255,66,31185,34,183863
21906,0.000149,172.31.33.0-255,66,31251,34,183863
21907,0.000175,172.217.194.0-255,2902,34153,34,183863
21908,0.000177,172.31.33.0-255,66,34219,34,183863
21909,0.000182,172.217.194.0-255,3961,38180,34,183863
21910,0.000183,172.31.33.0-255,66,38246,34,183863
21911,0.000233,172.217.194.0-255,1484,39730,34,183863
21912,0.000236,172.31.33.0-255,66,39796,34,183863
21913,0.000258,172.217.194.0-255,2902,42698,34,183863
21914,0.000261,172.31.33.0-255,66,42764,34,183863
21915,0.000266,172.217.194.0-255,5738,48502,34,183863
21916,0.000268,172.31.33.0-255,66,48568,34,183863
21917,0.000302,172.217.194.0-255,4320,52888,34,183863
21918,0.000305,172.31.33.0-255,66,52954,34,183863
21919,0.000331,172.217.194.0-255,3124,56078,34,183863
21920,0.000334,172.31.33.0-255,66,56144,34,183863
21921,0.000455,172.217.194.0-255,1484,57628,34,183863
21922,0.00046,172.217.194.0-255,1484,59112,34,183863
21923,0.000462,172.31.33.0-255,66,59178,34,183863
21924,0.00049,172.217.194.0-255,1484,60662,34,183863
21925,0.000498,172.217.194.0-255,5738,66400,34,183863
21926,0.0005,172.31.33.0-255,66,66466,34,183863
21927,0.000512,172.31.33.0-255,66,66532,34,183863
21928,0.000543,172.217.194.0-255,2902,69434,34,183863
21929,0.000545,172.31.33.0-255,66,69500,34,183863
21930,0.000577,172.217.194.0-255,7156,76656,34,183863
21931,0.00058,172.31.33.0-255,66,76722,34,183863
21932,0.000583,172.217.194.0-255,766,77488,34,183863
21933,0.000765,172.217.194.0-255,1484,78972,34,183863
21934,0.000771,172.31.33.0-255,66,79038,34,183863
21935,0.00078,172.217.194.0-255,2902,81940,34,183863
21936,0.000782,172.31.33.0-255,66,82006,34,183863
21937,0.000788,172.217.194.0-255,4320,86326,34,183863
21938,0.000794,172.31.33.0-255,66,86392,34,183863
21939,0.000826,172.217.194.0-255,1484,87876,34,183863
21940,0.000839,172.31.33.0-255,66,87942,34,183863
21941,0.000849,172.31.33.0-255,66,88008,34,183863
21942,0.000851,172.217.194.0-255,766,88774,34,183863
21943,0.000885,172.217.194.0-255,1484,90258,34,183863
21944,0.000888,172.31.33.0-255,66,90324,34,183863
21945,0.000909,172.217.194.0-255,4320,94644,34,183863
21946,0.000912,172.31.33.0-255,66,94710,34,183863
21947,0.000918,172.217.194.0-255,5738,100448,34,183863
21948,0.00092,172.31.33.0-255,66,100514,34,183863
21949,0.000942,172.217.194.0-255,4320,104834,34,183863
21950,0.000944,172.31.33.0-255,66,104900,34,183863
21951,0.000947,172.217.194.0-255,1484,106384,34,183863
21952,0.000963,172.31.33.0-255,66,106450,34,183863
21953,0.000994,172.217.194.0-255,3602,110052,34,183863
21954,0.001,172.31.33.0-255,66,110118,34,183863
21955,0.001111,172.217.194.0-255,1484,111602,34,183863
21956,0.001115,172.217.194.0-255,1484,113086,34,183863
21957,0.001118,172.31.33.0-255,66,113152,34,183863
21958,0.001149,172.217.194.0-255,1484,114636,34,183863
21959,0.001155,172.217.194.0-255,5738,120374,34,183863
21960,0.001158,172.31.33.0-255,66,120440,34,183863
21961,0.001172,172.31.33.0-255,66,120506,34,183863
21962,0.001217,172.31.33.0-255,66,120572,34,183863
21963,0.001475,172.217.194.0-255,1484,122056,34,183863
21964,0.00148,172.217.194.0-255,1484,123540,34,183863
21965,0.001484,172.31.33.0-255,66,123606,34,183863
21966,0.00149,172.217.194.0-255,1484,125090,34,183863
21967,0.001496,172.217.194.0-255,5738,130828,34,183863
21968,0.001504,172.31.33.0-255,66,130894,34,183863
21969,0.001549,172.31.33.0-255,66,130960,34,183863
21970,0.001565,172.31.33.0-255,66,131026,34,183863
21971,0.001583,172.217.194.0-255,766,131792,34,183863
21972,0.001794,172.217.194.0-255,1484,133276,34,183863
21973,0.001799,172.31.33.0-255,66,133342,34,183863
21974,0.001804,172.217.194.0-255,2902,136244,34,183863
21975,0.001807,172.31.33.0-255,66,136310,34,183863
21976,0.00181,172.217.194.0-255,1484,137794,34,183863
21977,0.00184,172.217.194.0-255,4320,142114,34,183863
21978,0.001843,172.31.33.0-255,66,142180,34,183863
21979,0.001868,172.31.33.0-255,66,142246,34,183863
21980,0.001906,172.31.33.0-255,66,142312,34,183863
21981,0.001924,172.217.194.0-255,766,143078,34,183863
21982,0.002114,172.217.194.0-255,1484,144562,34,183863
21983,0.002119,172.31.33.0-255,66,144628,34,183863
21984,0.002124,172.217.194.0-255,2902,147530,34,183863
21985,0.002126,172.31.33.0-255,66,147596,34,183863
21986,0.002169,172.217.194.0-255,1484,149080,34,183863
21987,0.002193,172.217.194.0-255,4320,153400,34,183863
21988,0.002197,172.31.33.0-255,66,153466,34,183863
21989,0.002206,172.217.194.0-255,7156,160622,34,183863
21990,0.002209,172.31.33.0-255,66,160688,34,183863
21991,0.00222,172.31.33.0-255,66,160754,34,183863
21992,0.002233,172.31.33.0-255,66,160820,34,183863
21993,0.002249,172.31.33.0-255,66,160886,34,183863
21994,0.002283,172.217.194.0-255,4320,165206,34,183863
21995,0.002288,172.31.33.0-255,66,165272,34,183863
21996,0.002292,172.31.33.0-255,66,165338,34,183863
21997,0.002299,172.217.194.0-255,7156,172494,34,183863
21998,0.002303,172.31.33.0-255,66,172560,34,183863
21999,0.002355,172.31.33.0-255,66,172626,34,183863
22000,0.002367,172.31.33.0-255,66,172692,34,183863
22001,0.00238,172.31.33.0-255,66,172758,34,183863
22002,0.002406,172.217.194.0-255,6588,179346,34,183863
22003,0.00241,172.31.33.0-255,66,179412,34,183863
22004,0.002435,172.217.194.0-255,105,179517,34,183863
22005,0.003178,172.31.33.0-255,66,179583,34,183863
22006,0.003205,172.31.33.0-255,105,179688,34,183863
22007,0.00573,172.217.194.0-255,66,179754,34,183863
22008,0.039516,172.31.33.0-255,188,179942,34,183863
22009,0.039545,172.31.33.0-255,957,180899,34,183863
22010,0.039593,172.31.33.0-255,1514,182413,34,183863
22011,0.039612,172.31.33.0-255,1450,183863,34,183863
22012,0.0,172.217.194.0-255,154,154,34,223701
22013,2.1e-05,172.31.33.0-255,66,220,34,223701
22014,2.8e-05,172.217.194.0-255,1484,1704,34,223701
22015,3.2e-05,172.31.33.0-255,66,1770,34,223701
22016,4e-05,172.217.194.0-255,2902,4672,34,223701
22017,4.3e-05,172.31.33.0-255,66,4738,34,223701
22018,5e-05,172.217.194.0-255,7156,11894,34,223701
22019,5.3e-05,172.31.33.0-255,66,11960,34,223701
22020,5.7e-05,172.217.194.0-255,2165,14125,34,223701
22021,5.9e-05,172.31.33.0-255,66,14191,34,223701
22022,0.000523,172.217.194.0-255,1484,15675,34,223701
22023,0.000531,172.31.33.0-255,66,15741,34,223701
22024,0.000539,172.217.194.0-255,2902,18643,34,223701
22025,0.000542,172.31.33.0-255,66,18709,34,223701
22026,0.00055,172.217.194.0-255,5738,24447,34,223701
22027,0.000552,172.31.33.0-255,66,24513,34,223701
22028,0.000589,172.31.33.0-255,66,24579,34,223701
22029,0.000625,172.217.194.0-255,4320,28899,34,223701
22030,0.000628,172.31.33.0-255,66,28965,34,223701
22031,0.000656,172.217.194.0-255,7156,36121,34,223701
22032,0.00066,172.31.33.0-255,66,36187,34,223701
22033,0.000675,172.31.33.0-255,66,36253,34,223701
22034,0.001063,172.217.194.0-255,115,36368,34,223701
22035,0.00107,172.31.33.0-255,66,36434,34,223701
22036,0.001436,172.217.194.0-255,1484,37918,34,223701
22037,0.001443,172.31.33.0-255,66,37984,34,223701
22038,0.00145,172.217.194.0-255,2902,40886,34,223701
22039,0.001452,172.31.33.0-255,66,40952,34,223701
22040,0.001459,172.217.194.0-255,5738,46690,34,223701
22041,0.001462,172.31.33.0-255,66,46756,34,223701
22042,0.001465,172.217.194.0-255,1484,48240,34,223701
22043,0.001498,172.31.33.0-255,66,48306,34,223701
22044,0.00151,172.31.33.0-255,66,48372,34,223701
22045,0.001512,172.217.194.0-255,766,49138,34,223701
22046,0.002251,172.217.194.0-255,1484,50622,34,223701
22047,0.002253,172.31.33.0-255,66,50688,34,223701
22048,0.002268,172.217.194.0-255,2902,53590,34,223701
22049,0.002271,172.31.33.0-255,66,53656,34,223701
22050,0.002274,172.217.194.0-255,1484,55140,34,223701
22051,0.002289,172.217.194.0-255,4320,59460,34,223701
22052,0.002292,172.31.33.0-255,66,59526,34,223701
22053,0.002311,172.217.194.0-255,7156,66682,34,223701
22054,0.002313,172.31.33.0-255,66,66748,34,223701
22055,0.002326,172.217.194.0-255,5738,72486,34,223701
22056,0.002329,172.31.33.0-255,66,72552,34,223701
22057,0.002361,172.217.194.0-255,4320,76872,34,223701
22058,0.002362,172.31.33.0-255,66,76938,34,223701
22059,0.002381,172.217.194.0-255,6438,83376,34,223701
22060,0.002383,172.31.33.0-255,66,83442,34,223701
22061,0.002491,172.217.194.0-255,1484,84926,34,223701
22062,0.002507,172.217.194.0-255,2902,87828,34,223701
22063,0.00251,172.31.33.0-255,66,87894,34,223701
22064,0.002514,172.217.194.0-255,4320,92214,34,223701
22065,0.002517,172.31.33.0-255,66,92280,34,223701
22066,0.002528,172.217.194.0-255,1484,93764,34,223701
22067,0.002533,172.217.194.0-255,4320,98084,34,223701
22068,0.002535,172.31.33.0-255,66,98150,34,223701
22069,0.002559,172.217.194.0-255,4320,102470,34,223701
22070,0.002562,172.31.33.0-255,66,102536,34,223701
22071,0.002564,172.217.194.0-255,1484,104020,34,223701
22072,0.002577,172.31.33.0-255,66,104086,34,223701
22073,0.002579,172.217.194.0-255,766,104852,34,223701
22074,0.002788,172.217.194.0-255,1484,106336,34,223701
22075,0.00279,172.31.33.0-255,66,106402,34,223701
22076,0.002808,172.217.194.0-255,2902,109304,34,223701
22077,0.002811,172.31.33.0-255,66,109370,34,223701
22078,0.002834,172.217.194.0-255,5738,115108,34,223701
22079,0.002836,172.31.33.0-255,66,115174,34,223701
22080,0.002849,172.217.194.0-255,4320,119494,34,223701
22081,0.002851,172.31.33.0-255,66,119560,34,223701
22082,0.00288,172.31.33.0-255,66,119626,34,223701
22083,0.00289,172.31.33.0-255,66,119692,34,223701
22084,0.003143,172.217.194.0-255,1484,121176,34,223701
22085,0.003157,172.217.194.0-255,2902,124078,34,223701
22086,0.00316,172.31.33.0-255,66,124144,34,223701
22087,0.003167,172.217.194.0-255,5738,129882,34,223701
22088,0.00317,172.31.33.0-255,66,129948,34,223701
22089,0.00321,172.31.33.0-255,66,130014,34,223701
22090,0.003264,172.31.33.0-255,66,130080,34,223701
22091,0.003506,172.217.194.0-255,1484,131564,34,223701
22092,0.003534,172.217.194.0-255,2902,134466,34,223701
22093,0.003536,172.31.33.0-255,66,134532,34,223701
22094,0.00354,172.217.194.0-255,1484,136016,34,223701
22095,0.003543,172.217.194.0-255,1484,137500,34,223701
22096,0.003545,172.31.33.0-255,66,137566,34,223701
22097,0.003573,172.217.194.0-255,4320,141886,34,223701
22098,0.003576,172.31.33.0-255,66,141952,34,223701
22099,0.003603,172.31.33.0-255,66,142018,34,223701
22100,0.003646,172.217.194.0-255,2184,144202,34,223701
22101,0.003811,172.217.194.0-255,1484,145686,34,223701
22102,0.003819,172.217.194.0-255,2902,148588,34,223701
22103,0.003824,172.217.194.0-255,5738,154326,34,223701
22104,0.003838,172.217.194.0-255,1484,155810,34,223701
22105,0.003898,172.217.194.0-255,7156,162966,34,223701
22106,0.003917,172.217.194.0-255,3602,166568,34,223701
22107,0.004136,172.31.33.0-255,66,166634,34,223701
22108,0.004186,172.217.194.0-255,1484,168118,34,223701
22109,0.004192,172.217.194.0-255,1484,169602,34,223701
22110,0.004199,172.31.33.0-255,66,169668,34,223701
22111,0.004207,172.217.194.0-255,1484,171152,34,223701
22112,0.004213,172.217.194.0-255,5738,176890,34,223701
22113,0.004219,172.31.33.0-255,66,176956,34,223701
22114,0.004254,172.31.33.0-255,66,177022,34,223701
22115,0.004319,172.31.33.0-255,66,177088,34,223701
22116,0.004535,172.217.194.0-255,1484,178572,34,223701
22117,0.00454,172.217.194.0-255,2902,181474,34,223701
22118,0.004556,172.217.194.0-255,5738,187212,34,223701
22119,0.004559,172.217.194.0-255,1484,188696,34,223701
22120,0.004565,172.31.33.0-255,66,188762,34,223701
22121,0.004586,172.217.194.0-255,4320,193082,34,223701
22122,0.004589,172.217.194.0-255,1484,194566,34,223701
22123,0.004593,172.217.194.0-255,2902,197468,34,223701
22124,0.004598,172.217.194.0-255,2902,200370,34,223701
22125,0.004612,172.31.33.0-255,66,200436,34,223701
22126,0.004623,172.217.194.0-255,766,201202,34,223701
22127,0.004629,172.31.33.0-255,66,201268,34,223701
22128,0.004807,172.217.194.0-255,1484,202752,34,223701
22129,0.004813,172.217.194.0-255,2902,205654,34,223701
22130,0.004821,172.31.33.0-255,66,205720,34,223701
22131,0.004832,172.217.194.0-255,5738,211458,34,223701
22132,0.004838,172.217.194.0-255,4320,215778,34,223701
22133,0.004842,172.31.33.0-255,66,215844,34,223701
22134,0.00486,172.217.194.0-255,2902,218746,34,223701
22135,0.004881,172.31.33.0-255,66,218812,34,223701
22136,0.0049,172.31.33.0-255,66,218878,34,223701
22137,0.004917,172.217.194.0-255,105,218983,34,223701
22138,0.007235,172.31.33.0-255,66,219049,34,223701
22139,0.007273,172.31.33.0-255,105,219154,34,223701
22140,0.009288,172.217.194.0-255,66,219220,34,223701
22141,0.030606,172.31.33.0-255,188,219408,34,223701
22142,0.030639,172.31.33.0-255,957,220365,34,223701
22143,0.030709,172.31.33.0-255,1514,221879,34,223701
22144,0.030711,172.31.33.0-255,1450,223329,34,223701
22145,0.032127,104.244.42.0-255,66,223395,34,223701
22146,0.032168,104.244.42.0-255,66,223461,34,223701
22147,0.032223,104.244.42.0-255,66,223527,34,223701
22148,0.032849,104.244.42.0-255,108,223635,34,223701
22149,0.032866,172.31.33.0-255,66,223701,34,223701
22150,0.0,74.125.200.0-255,143,143,34,370309
22151,2.8e-05,172.31.33.0-255,66,209,34,370309
22152,3.5e-05,74.125.200.0-255,1484,1693,34,370309
22153,3.9e-05,172.31.33.0-255,66,1759,34,370309
22154,4.4e-05,74.125.200.0-255,2902,4661,34,370309
22155,4.6e-05,172.31.33.0-255,66,4727,34,370309
22156,5.6e-05,74.125.200.0-255,1484,6211,34,370309
22157,5.9e-05,172.31.33.0-255,66,6277,34,370309
22158,9.5e-05,74.125.200.0-255,2902,9179,34,370309
22159,9.8e-05,172.31.33.0-255,66,9245,34,370309
22160,0.000104,74.125.200.0-255,4898,14143,34,370309
22161,0.000106,172.31.33.0-255,66,14209,34,370309
22162,0.000126,74.125.200.0-255,1484,15693,34,370309
22163,0.000128,172.31.33.0-255,66,15759,34,370309
22164,0.000134,74.125.200.0-255,2902,18661,34,370309
22165,0.000135,172.31.33.0-255,66,18727,34,370309
22166,0.000175,74.125.200.0-255,5738,24465,34,370309
22167,0.000178,172.31.33.0-255,66,24531,34,370309
22168,0.000182,74.125.200.0-255,2902,27433,34,370309
22169,0.000183,172.31.33.0-255,66,27499,34,370309
22170,0.000215,172.31.33.0-255,66,27565,34,370309
22171,0.00022,74.125.200.0-255,4320,31885,34,370309
22172,0.000222,172.31.33.0-255,66,31951,34,370309
22173,0.000225,74.125.200.0-255,1484,33435,34,370309
22174,0.000231,172.31.33.0-255,66,33501,34,370309
22175,0.000256,74.125.200.0-255,4320,37821,34,370309
22176,0.000263,172.31.33.0-255,66,37887,34,370309
22177,0.000266,74.125.200.0-255,766,38653,34,370309
22178,0.000269,172.31.33.0-255,66,38719,34,370309
22179,0.000476,74.125.200.0-255,1484,40203,34,370309
22180,0.00048,172.31.33.0-255,66,40269,34,370309
22181,0.000485,74.125.200.0-255,2902,43171,34,370309
22182,0.000487,172.31.33.0-255,66,43237,34,370309
22183,0.000517,74.125.200.0-255,4320,47557,34,370309
22184,0.000519,172.31.33.0-255,66,47623,34,370309
22185,0.000544,74.125.200.0-255,1484,49107,34,370309
22186,0.000574,74.125.200.0-255,2902,52009,34,370309
22187,0.000576,172.31.33.0-255,66,52075,34,370309
22188,0.000599,74.125.200.0-255,4266,56341,34,370309
22189,0.000602,172.31.33.0-255,66,56407,34,370309
22190,0.000861,74.125.200.0-255,1484,57891,34,370309
22191,0.000879,74.125.200.0-255,1484,59375,34,370309
22192,0.000882,172.31.33.0-255,66,59441,34,370309
22193,0.000911,74.125.200.0-255,2902,62343,34,370309
22194,0.000914,172.31.33.0-255,66,62409,34,370309
22195,0.000918,74.125.200.0-255,1484,63893,34,370309
22196,0.000943,74.125.200.0-255,4320,68213,34,370309
22197,0.000946,172.31.33.0-255,66,68279,34,370309
22198,0.000951,74.125.200.0-255,2902,71181,34,370309
22199,0.000953,172.31.33.0-255,66,71247,34,370309
22200,0.000982,74.125.200.0-255,4320,75567,34,370309
22201,0.000985,172.31.33.0-255,66,75633,34,370309
22202,0.00099,74.125.200.0-255,4320,79953,34,370309
22203,0.000992,172.31.33.0-255,66,80019,34,370309
22204,0.000995,74.125.200.0-255,1484,81503,34,370309
22205,0.001018,74.125.200.0-255,4320,85823,34,370309
22206,0.001021,172.31.33.0-255,66,85889,34,370309
22207,0.001031,74.125.200.0-255,5020,90909,34,370309
22208,0.001033,172.31.33.0-255,66,90975,34,370309
22209,0.001133,74.125.200.0-255,1484,92459,34,370309
22210,0.00115,74.125.200.0-255,2902,95361,34,370309
22211,0.001153,172.31.33.0-255,66,95427,34,370309
22212,0.001178,74.125.200.0-255,2902,98329,34,370309
22213,0.00118,172.31.33.0-255,66,98395,34,370309
22214,0.001183,74.125.200.0-255,1484,99879,34,370309
22215,0.001208,74.125.200.0-255,2902,102781,34,370309
22216,0.001211,172.31.33.0-255,66,102847,34,370309
22217,0.001243,74.125.200.0-255,2902,105749,34,370309
22218,0.001245,172.31.33.0-255,66,105815,34,370309
22219,0.001271,74.125.200.0-255,5738,111553,34,370309
22220,0.001275,172.31.33.0-255,66,111619,34,370309
22221,0.001278,74.125.200.0-255,2902,114521,34,370309
22222,0.00128,172.31.33.0-255,66,114587,34,370309
22223,0.001287,74.125.200.0-255,4320,118907,34,370309
22224,0.001289,172.31.33.0-255,66,118973,34,370309
22225,0.00132,74.125.200.0-255,6142,125115,34,370309
22226,0.001323,172.31.33.0-255,66,125181,34,370309
22227,0.001339,74.125.200.0-255,4320,129501,34,370309
22228,0.001345,172.31.33.0-255,66,129567,34,370309
22229,0.001373,74.125.200.0-255,7156,136723,34,370309
22230,0.001376,172.31.33.0-255,66,136789,34,370309
22231,0.001398,74.125.200.0-255,4320,141109,34,370309
22232,0.001401,172.31.33.0-255,66,141175,34,370309
22233,0.001431,74.125.200.0-255,5738,146913,34,370309
22234,0.001435,172.31.33.0-255,66,146979,34,370309
22235,0.001476,74.125.200.0-255,1484,148463,34,370309
22236,0.001497,74.125.200.0-255,7156,155619,34,370309
22237,0.0015,172.31.33.0-255,66,155685,34,370309
22238,0.001525,74.125.200.0-255,1484,157169,34,370309
22239,0.00153,74.125.200.0-255,2184,159353,34,370309
22240,0.001533,172.31.33.0-255,66,159419,34,370309
22241,0.001729,74.125.200.0-255,1484,160903,34,370309
22242,0.001734,74.125.200.0-255,1484,162387,34,370309
22243,0.001738,172.31.33.0-255,66,162453,34,370309
22244,0.001763,74.125.200.0-255,1484,163937,34,370309
22245,0.00177,74.125.200.0-255,5738,169675,34,370309
22246,0.001773,172.31.33.0-255,66,169741,34,370309
22247,0.001811,172.31.33.0-255,66,169807,34,370309
22248,0.001837,74.125.200.0-255,1484,171291,34,370309
22249,0.001843,74.125.200.0-255,4320,175611,34,370309
22250,0.001845,172.31.33.0-255,66,175677,34,370309
22251,0.001871,74.125.200.0-255,4320,179997,34,370309
22252,0.001874,172.31.33.0-255,66,180063,34,370309
22253,0.001896,74.125.200.0-255,2184,182247,34,370309
22254,0.001898,172.31.33.0-255,66,182313,34,370309
22255,0.002114,74.125.200.0-255,1484,183797,34,370309
22256,0.00212,74.125.200.0-255,2902,186699,34,370309
22257,0.002123,172.31.33.0-255,66,186765,34,370309
22258,0.002127,74.125.200.0-255,1484,188249,34,370309
22259,0.002152,74.125.200.0-255,4320,192569,34,370309
22260,0.002154,172.31.33.0-255,66,192635,34,370309
22261,0.002158,74.125.200.0-255,4320,196955,34,370309
22262,0.00216,172.31.33.0-255,66,197021,34,370309
22263,0.002165,74.125.200.0-255,5738,202759,34,370309
22264,0.002167,172.31.33.0-255,66,202825,34,370309
22265,0.002173,74.125.200.0-255,1484,204309,34,370309
22266,0.002193,74.125.200.0-255,4320,208629,34,370309
22267,0.002195,172.31.33.0-255,66,208695,34,370309
22268,0.00222,74.125.200.0-255,4320,213015,34,370309
22269,0.002222,172.31.33.0-255,66,213081,34,370309
22270,0.002224,74.125.200.0-255,1484,214565,34,370309
22271,0.002227,74.125.200.0-255,1484,216049,34,370309
22272,0.002229,172.31.33.0-255,66,216115,34,370309
22273,0.002231,74.125.200.0-255,766,216881,34,370309
22274,0.002721,74.125.200.0-255,1484,218365,34,370309
22275,0.002724,172.31.33.0-255,66,218431,34,370309
22276,0.002726,74.125.200.0-255,1484,219915,34,370309
22277,0.002743,74.125.200.0-255,1484,221399,34,370309
22278,0.002745,172.31.33.0-255,66,221465,34,370309
22279,0.002769,74.125.200.0-255,5738,227203,34,370309
22280,0.002771,172.31.33.0-255,66,227269,34,370309
22281,0.002779,74.125.200.0-255,2902,230171,34,370309
22282,0.002781,172.31.33.0-255,66,230237,34,370309
22283,0.002805,74.125.200.0-255,4320,234557,34,370309
22284,0.002807,172.31.33.0-255,66,234623,34,370309
22285,0.002812,74.125.200.0-255,4320,238943,34,370309
22286,0.002813,172.31.33.0-255,66,239009,34,370309
22287,0.002839,172.31.33.0-255,66,239075,34,370309
22288,0.002862,74.125.200.0-255,2184,241259,34,370309
22289,0.002864,172.31.33.0-255,66,241325,34,370309
22290,0.002887,74.125.200.0-255,2902,244227,34,370309
22291,0.002889,172.31.33.0-255,66,244293,34,370309
22292,0.002892,74.125.200.0-255,1484,245777,34,370309
22293,0.00291,74.125.200.0-255,1484,247261,34,370309
22294,0.002912,172.31.33.0-255,66,247327,34,370309
22295,0.002916,74.125.200.0-255,2902,250229,34,370309
22296,0.002918,172.31.33.0-255,66,250295,34,370309
22297,0.002939,74.125.200.0-255,1484,251779,34,370309
22298,0.002942,74.125.200.0-255,1484,253263,34,370309
22299,0.002944,172.31.33.0-255,66,253329,34,370309
22300,0.002948,74.125.200.0-255,4320,257649,34,370309
22301,0.00295,172.31.33.0-255,66,257715,34,370309
22302,0.00298,74.125.200.0-255,1484,259199,34,370309
22303,0.002984,74.125.200.0-255,4320,263519,34,370309
22304,0.002986,172.31.33.0-255,66,263585,34,370309
22305,0.002988,74.125.200.0-255,1484,265069,34,370309
22306,0.002991,74.125.200.0-255,1484,266553,34,370309
22307,0.002992,172.31.33.0-255,66,266619,34,370309
22308,0.003019,74.125.200.0-255,7156,273775,34,370309
22309,0.00302,172.31.33.0-255,66,273841,34,370309
22310,0.003023,74.125.200.0-255,1484,275325,34,370309
22311,0.003075,74.125.200.0-255,766,276091,34,370309
22312,0.003119,74.125.200.0-255,1484,277575,34,370309
22313,0.003142,74.125.200.0-255,1484,279059,34,370309
22314,0.003159,74.125.200.0-255,1484,280543,34,370309
22315,0.003163,74.125.200.0-255,4320,284863,34,370309
22316,0.003165,74.125.200.0-255,1484,286347,34,370309
22317,0.00318,74.125.200.0-255,4320,290667,34,370309
22318,0.003182,74.125.200.0-255,1484,292151,34,370309
22319,0.0032,74.125.200.0-255,2902,295053,34,370309
22320,0.003225,74.125.200.0-255,5738,300791,34,370309
22321,0.003228,74.125.200.0-255,2902,303693,34,370309
22322,0.003239,74.125.200.0-255,2902,306595,34,370309
22323,0.003254,74.125.200.0-255,1484,308079,34,370309
22324,0.003272,74.125.200.0-255,2184,310263,34,370309
22325,0.003301,74.125.200.0-255,2902,313165,34,370309
22326,0.003316,74.125.200.0-255,1484,314649,34,370309
22327,0.003329,74.125.200.0-255,4320,318969,34,370309
22328,0.003355,74.125.200.0-255,7156,326125,34,370309
22329,0.00336,74.125.200.0-255,5738,331863,34,370309
22330,0.003376,74.125.200.0-255,2902,334765,34,370309
22331,0.003378,74.125.200.0-255,1484,336249,34,370309
22332,0.003382,74.125.200.0-255,2902,339151,34,370309
22333,0.003403,74.125.200.0-255,2902,342053,34,370309
22334,0.003417,74.125.200.0-255,2184,344237,34,370309
22335,0.003864,74.125.200.0-255,1484,345721,34,370309
22336,0.00389,74.125.200.0-255,2902,348623,34,370309
22337,0.003928,74.125.200.0-255,1484,350107,34,370309
22338,0.003943,74.125.200.0-255,2902,353009,34,370309
22339,0.003946,74.125.200.0-255,2902,355911,34,370309
22340,0.003963,74.125.200.0-255,2902,358813,34,370309
22341,0.003977,74.125.200.0-255,4320,363133,34,370309
22342,0.003989,74.125.200.0-255,1484,364617,34,370309
22343,0.00403,74.125.200.0-255,5350,369967,34,370309
22344,0.004081,74.125.200.0-255,105,370072,34,370309
22345,0.006393,172.31.33.0-255,66,370138,34,370309
22346,0.014322,172.31.33.0-255,105,370243,34,370309
22347,0.016295,74.125.200.0-255,66,370309,34,370309
22348,0.0,74.125.200.0-255,146,146,34,76760
22349,1.9e-05,172.31.33.0-255,66,212,34,76760
22350,4.2e-05,74.125.200.0-255,1484,1696,34,76760
22351,4.7e-05,172.31.33.0-255,66,1762,34,76760
22352,5.2e-05,74.125.200.0-255,2902,4664,34,76760
22353,5.5e-05,172.31.33.0-255,66,4730,34,76760
22354,5.8e-05,74.125.200.0-255,1484,6214,34,76760
22355,6.1e-05,172.31.33.0-255,66,6280,34,76760
22356,8.7e-05,74.125.200.0-255,2902,9182,34,76760
22357,8.9e-05,172.31.33.0-255,66,9248,34,76760
22358,0.000109,74.125.200.0-255,2902,12150,34,76760
22359,0.000111,172.31.33.0-255,66,12216,34,76760
22360,0.000214,172.31.33.0-255,66,12282,34,76760
22361,0.000363,74.125.200.0-255,4320,16602,34,76760
22362,0.000369,172.31.33.0-255,66,16668,34,76760
22363,0.000387,74.125.200.0-255,3961,20629,34,76760
22364,0.000391,172.31.33.0-255,66,20695,34,76760
22365,0.000502,74.125.200.0-255,7156,27851,34,76760
22366,0.000507,172.31.33.0-255,66,27917,34,76760
22367,0.000537,172.31.33.0-255,66,27983,34,76760
22368,0.000788,172.31.33.0-255,66,28049,34,76760
22369,0.000818,172.31.33.0-255,66,28115,34,76760
22370,0.001073,74.125.200.0-255,4320,32435,34,76760
22371,0.001077,172.31.33.0-255,66,32501,34,76760
22372,0.001153,74.125.200.0-255,7156,39657,34,76760
22373,0.001156,172.31.33.0-255,66,39723,34,76760
22374,0.001191,172.31.33.0-255,66,39789,34,76760
22375,0.001558,74.125.200.0-255,3412,43201,34,76760
22376,0.001564,172.31.33.0-255,66,43267,34,76760
22377,0.001605,74.125.200.0-255,1484,44751,34,76760
22378,0.001609,172.31.33.0-255,66,44817,34,76760
22379,0.001635,172.31.33.0-255,66,44883,34,76760
22380,0.001675,172.31.33.0-255,66,44949,34,76760
22381,0.002171,74.125.200.0-255,5738,50687,34,76760
22382,0.002177,172.31.33.0-255,66,50753,34,76760
22383,0.002221,172.31.33.0-255,66,50819,34,76760
22384,0.002722,74.125.200.0-255,2902,53721,34,76760
22385,0.002724,172.31.33.0-255,66,53787,34,76760
22386,0.002756,172.31.33.0-255,66,53853,34,76760
22387,0.002784,172.31.33.0-255,66,53919,34,76760
22388,0.003279,74.125.200.0-255,1484,55403,34,76760
22389,0.003282,172.31.33.0-255,66,55469,34,76760
22390,0.003305,172.31.33.0-255,66,55535,34,76760
22391,0.00334,172.31.33.0-255,66,55601,34,76760
22392,0.003367,172.31.33.0-255,66,55667,34,76760
22393,0.004029,74.125.200.0-255,1484,57151,34,76760
22394,0.004032,172.31.33.0-255,66,57217,34,76760
22395,0.004051,74.125.200.0-255,2902,60119,34,76760
22396,0.004053,172.31.33.0-255,66,60185,34,76760
22397,0.004093,172.31.33.0-255,66,60251,34,76760
22398,0.004141,172.31.33.0-255,66,60317,34,76760
22399,0.005052,74.125.200.0-255,2902,63219,34,76760
22400,0.005058,172.31.33.0-255,66,63285,34,76760
22401,0.005095,74.125.200.0-255,5738,69023,34,76760
22402,0.005097,172.31.33.0-255,66,69089,34,76760
22403,0.005129,172.31.33.0-255,66,69155,34,76760
22404,0.006082,74.125.200.0-255,2902,72057,34,76760
22405,0.006128,74.125.200.0-255,2902,74959,34,76760
22406,0.006176,74.125.200.0-255,1564,76523,34,76760
22407,0.008559,172.31.33.0-255,66,76589,34,76760
22408,0.010788,172.31.33.0-255,105,76694,34,76760
22409,0.012779,74.125.200.0-255,66,76760,34,76760
22410,0.0,172.31.33.0-255,105,105,34,276
22411,0.001487,157.240.7.0-255,105,210,34,276
22412,0.001496,172.31.33.0-255,66,276,34,276
22413,0.0,74.125.24.0-255,146,146,34,234853
22414,2.3e-05,172.31.33.0-255,66,212,34,234853
22415,2.8e-05,74.125.24.0-255,1484,1696,34,234853
22416,3.1e-05,172.31.33.0-255,66,1762,34,234853
22417,3.4e-05,74.125.24.0-255,1484,3246,34,234853
22418,3.6e-05,172.31.33.0-255,66,3312,34,234853
22419,6.1e-05,74.125.24.0-255,1484,4796,34,234853
22420,6.4e-05,172.31.33.0-255,66,4862,34,234853
22421,7.1e-05,74.125.24.0-255,7156,12018,34,234853
22422,7.4e-05,74.125.24.0-255,2902,14920,34,234853
22423,7.5e-05,172.31.33.0-255,66,14986,34,234853
22424,7.8e-05,172.31.33.0-255,66,15052,34,234853
22425,0.000114,172.31.33.0-255,66,15118,34,234853
22426,0.00012,74.125.24.0-255,6797,21915,34,234853
22427,0.000123,172.31.33.0-255,66,21981,34,234853
22428,0.000165,74.125.24.0-255,1484,23465,34,234853
22429,0.000168,172.31.33.0-255,66,23531,34,234853
22430,0.000171,74.125.24.0-255,1484,25015,34,234853
22431,0.000172,172.31.33.0-255,66,25081,34,234853
22432,0.000184,74.125.24.0-255,1484,26565,34,234853
22433,0.000186,172.31.33.0-255,66,26631,34,234853
22434,0.000193,74.125.24.0-255,5738,32369,34,234853
22435,0.000195,172.31.33.0-255,66,32435,34,234853
22436,0.000228,172.31.33.0-255,66,32501,34,234853
22437,0.000256,74.125.24.0-255,1484,33985,34,234853
22438,0.000258,172.31.33.0-255,66,34051,34,234853
22439,0.00029,172.31.33.0-255,66,34117,34,234853
22440,0.000293,74.125.24.0-255,132,34249,34,234853
22441,0.000295,172.31.33.0-255,66,34315,34,234853
22442,0.000483,74.125.24.0-255,1484,35799,34,234853
22443,0.000489,74.125.24.0-255,2902,38701,34,234853
22444,0.000492,172.31.33.0-255,66,38767,34,234853
22445,0.000498,74.125.24.0-255,5738,44505,34,234853
22446,0.0005,172.31.33.0-255,66,44571,34,234853
22447,0.000506,74.125.24.0-255,5738,50309,34,234853
22448,0.000508,172.31.33.0-255,66,50375,34,234853
22449,0.000533,74.125.24.0-255,7156,57531,34,234853
22450,0.000536,172.31.33.0-255,66,57597,34,234853
22451,0.000546,172.31.33.0-255,66,57663,34,234853
22452,0.000571,74.125.24.0-255,1046,58709,34,234853
22453,0.000937,172.31.33.0-255,66,58775,34,234853
22454,0.001046,74.125.24.0-255,1484,60259,34,234853
22455,0.001054,74.125.24.0-255,2902,63161,34,234853
22456,0.001059,172.31.33.0-255,66,63227,34,234853
22457,0.001063,74.125.24.0-255,1484,64711,34,234853
22458,0.001083,74.125.24.0-255,4320,69031,34,234853
22459,0.001087,172.31.33.0-255,66,69097,34,234853
22460,0.001091,74.125.24.0-255,2902,71999,34,234853
22461,0.001093,172.31.33.0-255,66,72065,34,234853
22462,0.00111,74.125.24.0-255,5738,77803,34,234853
22463,0.001113,172.31.33.0-255,66,77869,34,234853
22464,0.001134,74.125.24.0-255,4320,82189,34,234853
22465,0.001138,172.31.33.0-255,66,82255,34,234853
22466,0.001149,172.31.33.0-255,66,82321,34,234853
22467,0.001151,74.125.24.0-255,766,83087,34,234853
22468,0.001814,74.125.24.0-255,1484,84571,34,234853
22469,0.00182,172.31.33.0-255,66,84637,34,234853
22470,0.001826,74.125.24.0-255,2902,87539,34,234853
22471,0.001828,172.31.33.0-255,66,87605,34,234853
22472,0.001847,74.125.24.0-255,5738,93343,34,234853
22473,0.001848,172.31.33.0-255,66,93409,34,234853
22474,0.001902,172.31.33.0-255,66,93475,34,234853
22475,0.001913,74.125.24.0-255,1484,94959,34,234853
22476,0.001925,74.125.24.0-255,2902,97861,34,234853
22477,0.001927,172.31.33.0-255,66,97927,34,234853
22478,0.001958,172.31.33.0-255,66,97993,34,234853
22479,0.002006,74.125.24.0-255,1484,99477,34,234853
22480,0.00201,74.125.24.0-255,2902,102379,34,234853
22481,0.002013,172.31.33.0-255,66,102445,34,234853
22482,0.002018,74.125.24.0-255,5738,108183,34,234853
22483,0.00202,172.31.33.0-255,66,108249,34,234853
22484,0.002039,74.125.24.0-255,4320,112569,34,234853
22485,0.002042,172.31.33.0-255,66,112635,34,234853
22486,0.002075,172.31.33.0-255,66,112701,34,234853
22487,0.002097,74.125.24.0-255,1484,114185,34,234853
22488,0.002121,172.31.33.0-255,66,114251,34,234853
22489,0.002146,74.125.24.0-255,2902,117153,34,234853
22490,0.002148,172.31.33.0-255,66,117219,34,234853
22491,0.002163,74.125.24.0-255,4320,121539,34,234853
22492,0.002165,172.31.33.0-255,66,121605,34,234853
22493,0.002176,172.31.33.0-255,66,121671,34,234853
22494,0.00222,172.31.33.0-255,66,121737,34,234853
22495,0.002222,74.125.24.0-255,766,122503,34,234853
22496,0.002263,74.125.24.0-255,1484,123987,34,234853
22497,0.002265,172.31.33.0-255,66,124053,34,234853
22498,0.002278,74.125.24.0-255,2902,126955,34,234853
22499,0.00228,172.31.33.0-255,66,127021,34,234853
22500,0.002285,74.125.24.0-255,2902,129923,34,234853
22501,0.002287,172.31.33.0-255,66,129989,34,234853
22502,0.002315,74.125.24.0-255,2902,132891,34,234853
22503,0.002318,172.31.33.0-255,66,132957,34,234853
22504,0.002331,74.125.24.0-255,7156,140113,34,234853
22505,0.002333,172.31.33.0-255,66,140179,34,234853
22506,0.002339,74.125.24.0-255,5738,145917,34,234853
22507,0.002341,172.31.33.0-255,66,145983,34,234853
22508,0.002365,172.31.33.0-255,66,146049,34,234853
22509,0.00237,74.125.24.0-255,4320,150369,34,234853
22510,0.002372,172.31.33.0-255,66,150435,34,234853
22511,0.002397,172.31.33.0-255,66,150501,34,234853
22512,0.002404,74.125.24.0-255,7156,157657,34,234853
22513,0.002407,172.31.33.0-255,66,157723,34,234853
22514,0.002436,74.125.24.0-255,5738,163461,34,234853
22515,0.002439,172.31.33.0-255,66,163527,34,234853
22516,0.002442,74.125.24.0-255,1484,165011,34,234853
22517,0.002447,74.125.24.0-255,4320,169331,34,234853
22518,0.002449,172.31.33.0-255,66,169397,34,234853
22519,0.002453,74.125.24.0-255,3602,172999,34,234853
22520,0.002455,172.31.33.0-255,66,173065,34,234853
22521,0.002477,74.125.24.0-255,4320,177385,34,234853
22522,0.00248,172.31.33.0-255,66,177451,34,234853
22523,0.00251,172.31.33.0-255,66,177517,34,234853
22524,0.002513,74.125.24.0-255,1484,179001,34,234853
22525,0.002566,74.125.24.0-255,7156,186157,34,234853
22526,0.00257,172.31.33.0-255,66,186223,34,234853
22527,0.002587,74.125.24.0-255,5738,191961,34,234853
22528,0.00259,172.31.33.0-255,66,192027,34,234853
22529,0.002595,74.125.24.0-255,5020,197047,34,234853
22530,0.002598,172.31.33.0-255,66,197113,34,234853
22531,0.002609,74.125.24.0-255,1484,198597,34,234853
22532,0.002624,74.125.24.0-255,1484,200081,34,234853
22533,0.002626,172.31.33.0-255,66,200147,34,234853
22534,0.002644,74.125.24.0-255,1484,201631,34,234853
22535,0.00265,74.125.24.0-255,5738,207369,34,234853
22536,0.002653,172.31.33.0-255,66,207435,34,234853
22537,0.002656,74.125.24.0-255,1484,208919,34,234853
22538,0.002677,74.125.24.0-255,5738,214657,34,234853
22539,0.00268,172.31.33.0-255,66,214723,34,234853
22540,0.002694,74.125.24.0-255,1484,216207,34,234853
22541,0.00273,172.31.33.0-255,66,216273,34,234853
22542,0.002737,74.125.24.0-255,7156,223429,34,234853
22543,0.00274,172.31.33.0-255,66,223495,34,234853
22544,0.002761,74.125.24.0-255,2184,225679,34,234853
22545,0.002763,172.31.33.0-255,66,225745,34,234853
22546,0.00278,74.125.24.0-255,1484,227229,34,234853
22547,0.002808,172.31.33.0-255,66,227295,34,234853
22548,0.002825,74.125.24.0-255,1484,228779,34,234853
22549,0.002828,74.125.24.0-255,1206,229985,34,234853
22550,0.002831,172.31.33.0-255,66,230051,34,234853
22551,0.002842,74.125.24.0-255,105,230156,34,234853
22552,0.005381,172.31.33.0-255,66,230222,34,234853
22553,0.00541,172.31.33.0-255,105,230327,34,234853
22554,0.007694,74.125.24.0-255,66,230393,34,234853
22555,0.02994,172.31.33.0-255,167,230560,34,234853
22556,0.029968,172.31.33.0-255,1113,231673,34,234853
22557,0.030014,172.31.33.0-255,1514,233187,34,234853
22558,0.030015,172.31.33.0-255,1294,234481,34,234853
22559,0.031516,104.244.42.0-255,66,234547,34,234853
22560,0.031524,104.244.42.0-255,66,234613,34,234853
22561,0.031553,104.244.42.0-255,66,234679,34,234853
22562,0.033314,104.244.42.0-255,108,234787,34,234853
22563,0.033332,172.31.33.0-255,66,234853,34,234853
22564,0.0,74.125.24.0-255,152,152,34,201069
22565,2.5e-05,172.31.33.0-255,66,218,34,201069
22566,3.1e-05,74.125.24.0-255,1484,1702,34,201069
22567,3.4e-05,172.31.33.0-255,66,1768,34,201069
22568,3.9e-05,74.125.24.0-255,2902,4670,34,201069
22569,4.1e-05,172.31.33.0-255,66,4736,34,201069
22570,5.3e-05,74.125.24.0-255,5738,10474,34,201069
22571,5.5e-05,172.31.33.0-255,66,10540,34,201069
22572,8.6e-05,172.31.33.0-255,66,10606,34,201069
22573,0.000115,74.125.24.0-255,3409,14015,34,201069
22574,0.000118,172.31.33.0-255,66,14081,34,201069
22575,0.000124,74.125.24.0-255,6797,20878,34,201069
22576,0.000127,172.31.33.0-255,66,20944,34,201069
22577,0.000303,74.125.24.0-255,1484,22428,34,201069
22578,0.000308,172.31.33.0-255,66,22494,34,201069
22579,0.000312,74.125.24.0-255,2902,25396,34,201069
22580,0.000315,172.31.33.0-255,66,25462,34,201069
22581,0.000345,74.125.24.0-255,4320,29782,34,201069
22582,0.000349,172.31.33.0-255,66,29848,34,201069
22583,0.000368,74.125.24.0-255,1484,31332,34,201069
22584,0.000371,172.31.33.0-255,66,31398,34,201069
22585,0.00038,172.31.33.0-255,66,31464,34,201069
22586,0.000399,172.31.33.0-255,66,31530,34,201069
22587,0.000422,74.125.24.0-255,677,32207,34,201069
22588,0.000428,172.31.33.0-255,66,32273,34,201069
22589,0.00056,74.125.24.0-255,1484,33757,34,201069
22590,0.000564,172.31.33.0-255,66,33823,34,201069
22591,0.000568,74.125.24.0-255,1484,35307,34,201069
22592,0.00057,172.31.33.0-255,66,35373,34,201069
22593,0.000603,74.125.24.0-255,1484,36857,34,201069
22594,0.00061,74.125.24.0-255,5738,42595,34,201069
22595,0.000613,172.31.33.0-255,66,42661,34,201069
22596,0.000619,74.125.24.0-255,6797,49458,34,201069
22597,0.000621,172.31.33.0-255,66,49524,34,201069
22598,0.000656,172.31.33.0-255,66,49590,34,201069
22599,0.00066,74.125.24.0-255,2543,52133,34,201069
22600,0.000662,172.31.33.0-255,66,52199,34,201069
22601,0.001103,74.125.24.0-255,1484,53683,34,201069
22602,0.001133,74.125.24.0-255,2902,56585,34,201069
22603,0.001137,172.31.33.0-255,66,56651,34,201069
22604,0.001141,74.125.24.0-255,1484,58135,34,201069
22605,0.001165,74.125.24.0-255,4320,62455,34,201069
22606,0.001168,172.31.33.0-255,66,62521,34,201069
22607,0.001173,74.125.24.0-255,4320,66841,34,201069
22608,0.001175,172.31.33.0-255,66,66907,34,201069
22609,0.001181,74.125.24.0-255,5738,72645,34,201069
22610,0.001182,172.31.33.0-255,66,72711,34,201069
22611,0.00121,74.125.24.0-255,5738,78449,34,201069
22612,0.001213,172.31.33.0-255,66,78515,34,201069
22613,0.001228,172.31.33.0-255,66,78581,34,201069
22614,0.001269,74.125.24.0-255,1484,80065,34,201069
22615,0.001274,74.125.24.0-255,2902,82967,34,201069
22616,0.001276,172.31.33.0-255,66,83033,34,201069
22617,0.001282,74.125.24.0-255,5738,88771,34,201069
22618,0.001284,172.31.33.0-255,66,88837,34,201069
22619,0.001328,172.31.33.0-255,66,88903,34,201069
22620,0.001331,74.125.24.0-255,1484,90387,34,201069
22621,0.001365,74.125.24.0-255,4320,94707,34,201069
22622,0.001368,172.31.33.0-255,66,94773,34,201069
22623,0.001398,74.125.24.0-255,5020,99793,34,201069
22624,0.001401,172.31.33.0-255,66,99859,34,201069
22625,0.001404,74.125.24.0-255,1484,101343,34,201069
22626,0.001426,74.125.24.0-255,2902,104245,34,201069
22627,0.00143,172.31.33.0-255,66,104311,34,201069
22628,0.001435,74.125.24.0-255,4320,108631,34,201069
22629,0.001437,172.31.33.0-255,66,108697,34,201069
22630,0.001457,74.125.24.0-255,1484,110181,34,201069
22631,0.001475,74.125.24.0-255,5738,115919,34,201069
22632,0.001478,172.31.33.0-255,66,115985,34,201069
22633,0.001512,74.125.24.0-255,7156,123141,34,201069
22634,0.001516,172.31.33.0-255,66,123207,34,201069
22635,0.001524,172.31.33.0-255,66,123273,34,201069
22636,0.00154,172.31.33.0-255,66,123339,34,201069
22637,0.001544,74.125.24.0-255,4320,127659,34,201069
22638,0.001546,172.31.33.0-255,66,127725,34,201069
22639,0.001583,172.31.33.0-255,66,127791,34,201069
22640,0.001593,172.31.33.0-255,66,127857,34,201069
22641,0.00173,74.125.24.0-255,1484,129341,34,201069
22642,0.001744,74.125.24.0-255,2902,132243,34,201069
22643,0.001746,172.31.33.0-255,66,132309,34,201069
22644,0.001749,74.125.24.0-255,1484,133793,34,201069
22645,0.00177,74.125.24.0-255,4320,138113,34,201069
22646,0.001772,172.31.33.0-255,66,138179,34,201069
22647,0.001774,74.125.24.0-255,1484,139663,34,201069
22648,0.0018,74.125.24.0-255,7156,146819,34,201069
22649,0.001802,172.31.33.0-255,66,146885,34,201069
22650,0.001828,74.125.24.0-255,2902,149787,34,201069
22651,0.00183,172.31.33.0-255,66,149853,34,201069
22652,0.001855,172.31.33.0-255,66,149919,34,201069
22653,0.001985,74.125.24.0-255,1484,151403,34,201069
22654,0.001999,74.125.24.0-255,1484,152887,34,201069
22655,0.002001,172.31.33.0-255,66,152953,34,201069
22656,0.002022,74.125.24.0-255,1484,154437,34,201069
22657,0.002028,74.125.24.0-255,5738,160175,34,201069
22658,0.00203,172.31.33.0-255,66,160241,34,201069
22659,0.002035,74.125.24.0-255,5738,165979,34,201069
22660,0.002037,172.31.33.0-255,66,166045,34,201069
22661,0.002055,74.125.24.0-255,1484,167529,34,201069
22662,0.002063,172.31.33.0-255,66,167595,34,201069
22663,0.002086,74.125.24.0-255,5738,173333,34,201069
22664,0.002088,172.31.33.0-255,66,173399,34,201069
22665,0.002098,172.31.33.0-255,66,173465,34,201069
22666,0.002122,74.125.24.0-255,3602,177067,34,201069
22667,0.002124,172.31.33.0-255,66,177133,34,201069
22668,0.002135,172.31.33.0-255,66,177199,34,201069
22669,0.002153,74.125.24.0-255,2902,180101,34,201069
22670,0.002155,172.31.33.0-255,66,180167,34,201069
22671,0.002178,74.125.24.0-255,5738,185905,34,201069
22672,0.00218,172.31.33.0-255,66,185971,34,201069
22673,0.0022,74.125.24.0-255,3602,189573,34,201069
22674,0.002202,172.31.33.0-255,66,189639,34,201069
22675,0.002222,172.31.33.0-255,66,189705,34,201069
22676,0.002246,74.125.24.0-255,4320,194025,34,201069
22677,0.002247,172.31.33.0-255,66,194091,34,201069
22678,0.002253,74.125.24.0-255,6438,200529,34,201069
22679,0.002255,172.31.33.0-255,66,200595,34,201069
22680,0.002269,172.31.33.0-255,66,200661,34,201069
22681,0.002296,172.31.33.0-255,66,200727,34,201069
22682,0.002298,74.125.24.0-255,105,200832,34,201069
22683,0.01229,172.31.33.0-255,66,200898,34,201069
22684,0.012322,172.31.33.0-255,105,201003,34,201069
22685,0.014904,74.125.24.0-255,66,201069,34,201069
22686,0.0,172.217.194.0-255,213,213,34,263008
22687,2.8e-05,172.31.33.0-255,66,279,34,263008
22688,3.5e-05,172.217.194.0-255,1484,1763,34,263008
22689,3.8e-05,172.31.33.0-255,66,1829,34,263008
22690,4.3e-05,172.217.194.0-255,4320,6149,34,263008
22691,4.6e-05,172.31.33.0-255,66,6215,34,263008
22692,4.8e-05,172.217.194.0-255,1484,7699,34,263008
22693,5.1e-05,172.31.33.0-255,66,7765,34,263008
22694,7.5e-05,172.217.194.0-255,2902,10667,34,263008
22695,7.7e-05,172.31.33.0-255,66,10733,34,263008
22696,9.4e-05,172.217.194.0-255,1484,12217,34,263008
22697,9.6e-05,172.31.33.0-255,66,12283,34,263008
22698,0.000116,172.217.194.0-255,3277,15560,34,263008
22699,0.000119,172.31.33.0-255,66,15626,34,263008
22700,0.000124,172.217.194.0-255,5738,21364,34,263008
22701,0.000126,172.31.33.0-255,66,21430,34,263008
22702,0.000161,172.217.194.0-255,5738,27168,34,263008
22703,0.000163,172.31.33.0-255,66,27234,34,263008
22704,0.000183,172.217.194.0-255,3961,31195,34,263008
22705,0.000185,172.31.33.0-255,66,31261,34,263008
22706,0.000201,172.217.194.0-255,1484,32745,34,263008
22707,0.000203,172.31.33.0-255,66,32811,34,263008
22708,0.000219,172.217.194.0-255,7156,39967,34,263008
22709,0.000221,172.31.33.0-255,66,40033,34,263008
22710,0.000251,172.217.194.0-255,2902,42935,34,263008
22711,0.000253,172.31.33.0-255,66,43001,34,263008
22712,0.000272,172.217.194.0-255,5379,48380,34,263008
22713,0.000275,172.31.33.0-255,66,48446,34,263008
22714,0.000369,172.217.194.0-255,1484,49930,34,263008
22715,0.000372,172.31.33.0-255,66,49996,34,263008
22716,0.000377,172.217.194.0-255,2902,52898,34,263008
22717,0.000379,172.31.33.0-255,66,52964,34,263008
22718,0.000383,172.217.194.0-255,2902,55866,34,263008
22719,0.000385,172.31.33.0-255,66,55932,34,263008
22720,0.000407,172.217.194.0-255,2902,58834,34,263008
22721,0.000409,172.31.33.0-255,66,58900,34,263008
22722,0.000416,172.217.194.0-255,6797,65697,34,263008
22723,0.000418,172.31.33.0-255,66,65763,34,263008
22724,0.000939,172.217.194.0-255,645,66408,34,263008
22725,0.00122,172.217.194.0-255,1484,67892,34,263008
22726,0.001227,172.31.33.0-255,66,67958,34,263008
22727,0.001233,172.217.194.0-255,2902,70860,34,263008
22728,0.001235,172.31.33.0-255,66,70926,34,263008
22729,0.001241,172.217.194.0-255,5738,76664,34,263008
22730,0.001242,172.31.33.0-255,66,76730,34,263008
22731,0.00125,172.217.194.0-255,7156,83886,34,263008
22732,0.001252,172.31.33.0-255,66,83952,34,263008
22733,0.001269,172.217.194.0-255,5738,89690,34,263008
22734,0.001271,172.31.33.0-255,66,89756,34,263008
22735,0.001301,172.31.33.0-255,66,89822,34,263008
22736,0.001829,172.217.194.0-255,1484,91306,34,263008
22737,0.001849,172.217.194.0-255,1484,92790,34,263008
22738,0.001852,172.31.33.0-255,66,92856,34,263008
22739,0.00187,172.217.194.0-255,1484,94340,34,263008
22740,0.001875,172.217.194.0-255,5738,100078,34,263008
22741,0.001876,172.31.33.0-255,66,100144,34,263008
22742,0.001881,172.217.194.0-255,4320,104464,34,263008
22743,0.001883,172.31.33.0-255,66,104530,34,263008
22744,0.0019,172.217.194.0-255,5738,110268,34,263008
22745,0.001902,172.31.33.0-255,66,110334,34,263008
22746,0.001923,172.217.194.0-255,2902,113236,34,263008
22747,0.001925,172.31.33.0-255,66,113302,34,263008
22748,0.001945,172.31.33.0-255,66,113368,34,263008
22749,0.00197,172.217.194.0-255,2184,115552,34,263008
22750,0.001972,172.31.33.0-255,66,115618,34,263008
22751,0.002022,172.217.194.0-255,1484,117102,34,263008
22752,0.002036,172.217.194.0-255,2902,120004,34,263008
22753,0.002038,172.31.33.0-255,66,120070,34,263008
22754,0.00204,172.217.194.0-255,1484,121554,34,263008
22755,0.002058,172.217.194.0-255,4320,125874,34,263008
22756,0.00206,172.31.33.0-255,66,125940,34,263008
22757,0.002089,172.31.33.0-255,66,126006,34,263008
22758,0.002097,172.217.194.0-255,1484,127490,34,263008
22759,0.002103,172.217.194.0-255,5738,133228,34,263008
22760,0.002105,172.31.33.0-255,66,133294,34,263008
22761,0.002119,172.217.194.0-255,4320,137614,34,263008
22762,0.002129,172.217.194.0-255,1636,139250,34,263008
22763,0.002152,172.217.194.0-255,1484,140734,34,263008
22764,0.002162,172.217.194.0-255,1484,142218,34,263008
22765,0.002166,172.217.194.0-255,4320,146538,34,263008
22766,0.002178,172.217.194.0-255,2902,149440,34,263008
22767,0.002241,172.217.194.0-255,4320,153760,34,263008
22768,0.002255,172.217.194.0-255,3602,157362,34,263008
22769,0.002358,172.217.194.0-255,1484,158846,34,263008
22770,0.002367,172.217.194.0-255,2902,161748,34,263008
22771,0.002388,172.217.194.0-255,5738,167486,34,263008
22772,0.0024,172.217.194.0-255,2902,170388,34,263008
22773,0.002416,172.217.194.0-255,4320,174708,34,263008
22774,0.002418,172.217.194.0-255,1484,176192,34,263008
22775,0.002442,172.217.194.0-255,2902,179094,34,263008
22776,0.002445,172.217.194.0-255,2184,181278,34,263008
22777,0.002564,172.217.194.0-255,1484,182762,34,263008
22778,0.002575,172.217.194.0-255,2902,185664,34,263008
22779,0.002587,172.217.194.0-255,2902,188566,34,263008
22780,0.0026,172.217.194.0-255,2902,191468,34,263008
22781,0.002635,172.217.194.0-255,5738,197206,34,263008
22782,0.002704,172.217.194.0-255,4320,201526,34,263008
22783,0.002729,172.217.194.0-255,1484,203010,34,263008
22784,0.002761,172.217.194.0-255,1484,204494,34,263008
22785,0.002799,172.217.194.0-255,1484,205978,34,263008
22786,0.002805,172.217.194.0-255,7156,213134,34,263008
22787,0.002844,172.217.194.0-255,5020,218154,34,263008
22788,0.002892,172.217.194.0-255,4320,222474,34,263008
22789,0.002936,172.217.194.0-255,5738,228212,34,263008
22790,0.00295,172.217.194.0-255,2902,231114,34,263008
22791,0.002964,172.217.194.0-255,7156,238270,34,263008
22792,0.002991,172.217.194.0-255,5020,243290,34,263008
22793,0.002996,172.217.194.0-255,5738,249028,34,263008
22794,0.003013,172.217.194.0-255,2902,251930,34,263008
22795,0.003023,172.217.194.0-255,4320,256250,34,263008
22796,0.003034,172.217.194.0-255,2130,258380,34,263008
22797,0.003037,172.217.194.0-255,105,258485,34,263008
22798,0.005274,172.31.33.0-255,66,258551,34,263008
22799,0.007658,172.31.33.0-255,105,258656,34,263008
22800,0.009996,172.217.194.0-255,66,258722,34,263008
22801,0.026253,172.31.33.0-255,167,258889,34,263008
22802,0.026281,172.31.33.0-255,1113,260002,34,263008
22803,0.026326,172.31.33.0-255,1514,261516,34,263008
22804,0.026328,172.31.33.0-255,1294,262810,34,263008
22805,0.02778,104.244.42.0-255,66,262876,34,263008
22806,0.027854,104.244.42.0-255,66,262942,34,263008
22807,0.027855,104.244.42.0-255,66,263008,34,263008
22808,0.0,74.125.68.0-255,146,146,34,358094
22809,2.1e-05,172.31.33.0-255,66,212,34,358094
22810,2.8e-05,74.125.68.0-255,1484,1696,34,358094
22811,3.2e-05,172.31.33.0-255,66,1762,34,358094
22812,3.8e-05,74.125.68.0-255,2902,4664,34,358094
22813,4.6e-05,172.31.33.0-255,66,4730,34,358094
22814,9.1e-05,74.125.68.0-255,1484,6214,34,358094
22815,9.3e-05,172.31.33.0-255,66,6280,34,358094
22816,9.9e-05,74.125.68.0-255,2902,9182,34,358094
22817,0.000101,172.31.33.0-255,66,9248,34,358094
22818,0.000117,74.125.68.0-255,1484,10732,34,358094
22819,0.000119,172.31.33.0-255,66,10798,34,358094
22820,0.000122,74.125.68.0-255,1484,12282,34,358094
22821,0.000124,172.31.33.0-255,66,12348,34,358094
22822,0.000148,74.125.68.0-255,1484,13832,34,358094
22823,0.00015,172.31.33.0-255,66,13898,34,358094
22824,0.000184,74.125.68.0-255,2902,16800,34,358094
22825,0.000186,172.31.33.0-255,66,16866,34,358094
22826,0.000209,74.125.68.0-255,3402,20268,34,358094
22827,0.000211,172.31.33.0-255,66,20334,34,358094
22828,0.000216,74.125.68.0-255,2902,23236,34,358094
22829,0.000218,172.31.33.0-255,66,23302,34,358094
22830,0.000222,74.125.68.0-255,2902,26204,34,358094
22831,0.000225,172.31.33.0-255,66,26270,34,358094
22832,0.000236,74.125.68.0-255,1484,27754,34,358094
22833,0.000238,172.31.33.0-255,66,27820,34,358094
22834,0.00027,74.125.68.0-255,3961,31781,34,358094
22835,0.000273,172.31.33.0-255,66,31847,34,358094
22836,0.000341,74.125.68.0-255,1484,33331,34,358094
22837,0.000343,172.31.33.0-255,66,33397,34,358094
22838,0.000349,74.125.68.0-255,2902,36299,34,358094
22839,0.000351,172.31.33.0-255,66,36365,34,358094
22840,0.000381,74.125.68.0-255,5738,42103,34,358094
22841,0.000383,172.31.33.0-255,66,42169,34,358094
22842,0.000386,74.125.68.0-255,1484,43653,34,358094
22843,0.000414,74.125.68.0-255,5379,49032,34,358094
22844,0.000417,172.31.33.0-255,66,49098,34,358094
22845,0.00042,74.125.68.0-255,1484,50582,34,358094
22846,0.000446,74.125.68.0-255,7156,57738,34,358094
22847,0.000449,172.31.33.0-255,66,57804,34,358094
22848,0.000475,74.125.68.0-255,4320,62124,34,358094
22849,0.000477,172.31.33.0-255,66,62190,34,358094
22850,0.000496,74.125.68.0-255,4269,66459,34,358094
22851,0.000499,172.31.33.0-255,66,66525,34,358094
22852,0.000555,74.125.68.0-255,110,66635,34,358094
22853,0.000775,74.125.68.0-255,1484,68119,34,358094
22854,0.000779,172.31.33.0-255,66,68185,34,358094
22855,0.000796,74.125.68.0-255,2902,71087,34,358094
22856,0.000798,172.31.33.0-255,66,71153,34,358094
22857,0.000824,74.125.68.0-255,5738,76891,34,358094
22858,0.000826,74.125.68.0-255,1484,78375,34,358094
22859,0.000831,172.31.33.0-255,66,78441,34,358094
22860,0.000842,74.125.68.0-255,5379,83820,34,358094
22861,0.000847,172.31.33.0-255,66,83886,34,358094
22862,0.000876,74.125.68.0-255,1484,85370,34,358094
22863,0.00089,74.125.68.0-255,2902,88272,34,358094
22864,0.000893,172.31.33.0-255,66,88338,34,358094
22865,0.000898,74.125.68.0-255,4320,92658,34,358094
22866,0.0009,172.31.33.0-255,66,92724,34,358094
22867,0.000915,74.125.68.0-255,1484,94208,34,358094
22868,0.000938,74.125.68.0-255,7043,101251,34,358094
22869,0.00094,172.31.33.0-255,66,101317,34,358094
22870,0.001445,74.125.68.0-255,1484,102801,34,358094
22871,0.001499,74.125.68.0-255,1484,104285,34,358094
22872,0.001503,172.31.33.0-255,66,104351,34,358094
22873,0.001508,74.125.68.0-255,2902,107253,34,358094
22874,0.00151,172.31.33.0-255,66,107319,34,358094
22875,0.001523,74.125.68.0-255,1484,108803,34,358094
22876,0.001547,74.125.68.0-255,4320,113123,34,358094
22877,0.001549,172.31.33.0-255,66,113189,34,358094
22878,0.001552,74.125.68.0-255,1484,114673,34,358094
22879,0.001573,74.125.68.0-255,5738,120411,34,358094
22880,0.001575,172.31.33.0-255,66,120477,34,358094
22881,0.001607,74.125.68.0-255,1484,121961,34,358094
22882,0.001638,172.31.33.0-255,66,122027,34,358094
22883,0.001643,74.125.68.0-255,2184,124211,34,358094
22884,0.001644,172.31.33.0-255,66,124277,34,358094
22885,0.001675,74.125.68.0-255,2902,127179,34,358094
22886,0.001677,172.31.33.0-255,66,127245,34,358094
22887,0.001683,74.125.68.0-255,4320,131565,34,358094
22888,0.001684,172.31.33.0-255,66,131631,34,358094
22889,0.001687,74.125.68.0-255,1484,133115,34,358094
22890,0.001708,74.125.68.0-255,4320,137435,34,358094
22891,0.00171,172.31.33.0-255,66,137501,34,358094
22892,0.001713,74.125.68.0-255,1484,138985,34,358094
22893,0.00175,172.31.33.0-255,66,139051,34,358094
22894,0.001754,74.125.68.0-255,4320,143371,34,358094
22895,0.001756,172.31.33.0-255,66,143437,34,358094
22896,0.001811,74.125.68.0-255,5020,148457,34,358094
22897,0.001815,172.31.33.0-255,66,148523,34,358094
22898,0.002631,74.125.68.0-255,1484,150007,34,358094
22899,0.002638,74.125.68.0-255,1484,151491,34,358094
22900,0.002642,172.31.33.0-255,66,151557,34,358094
22901,0.002664,74.125.68.0-255,1484,153041,34,358094
22902,0.00268,74.125.68.0-255,1484,154525,34,358094
22903,0.002682,172.31.33.0-255,66,154591,34,358094
22904,0.002702,74.125.68.0-255,1484,156075,34,358094
22905,0.002706,74.125.68.0-255,2902,158977,34,358094
22906,0.002708,172.31.33.0-255,66,159043,34,358094
22907,0.00271,74.125.68.0-255,1484,160527,34,358094
22908,0.002732,74.125.68.0-255,2902,163429,34,358094
22909,0.002734,172.31.33.0-255,66,163495,34,358094
22910,0.002737,74.125.68.0-255,1484,164979,34,358094
22911,0.00274,74.125.68.0-255,1484,166463,34,358094
22912,0.002741,172.31.33.0-255,66,166529,34,358094
22913,0.002759,74.125.68.0-255,2902,169431,34,358094
22914,0.00276,172.31.33.0-255,66,169497,34,358094
22915,0.002763,74.125.68.0-255,1484,170981,34,358094
22916,0.002798,74.125.68.0-255,2902,173883,34,358094
22917,0.0028,172.31.33.0-255,66,173949,34,358094
22918,0.002822,74.125.68.0-255,4320,178269,34,358094
22919,0.002824,172.31.33.0-255,66,178335,34,358094
22920,0.002827,74.125.68.0-255,1484,179819,34,358094
22921,0.002867,74.125.68.0-255,1484,181303,34,358094
22922,0.002869,172.31.33.0-255,66,181369,34,358094
22923,0.002873,74.125.68.0-255,2184,183553,34,358094
22924,0.002875,172.31.33.0-255,66,183619,34,358094
22925,0.00293,74.125.68.0-255,2902,186521,34,358094
22926,0.002932,172.31.33.0-255,66,186587,34,358094
22927,0.002955,74.125.68.0-255,4320,190907,34,358094
22928,0.002957,172.31.33.0-255,66,190973,34,358094
22929,0.00296,74.125.68.0-255,1484,192457,34,358094
22930,0.002984,74.125.68.0-255,4320,196777,34,358094
22931,0.002986,172.31.33.0-255,66,196843,34,358094
22932,0.002996,74.125.68.0-255,1484,198327,34,358094
22933,0.003017,74.125.68.0-255,5738,204065,34,358094
22934,0.003019,172.31.33.0-255,66,204131,34,358094
22935,0.003022,74.125.68.0-255,1484,205615,34,358094
22936,0.00304,74.125.68.0-255,7156,212771,34,358094
22937,0.003042,172.31.33.0-255,66,212837,34,358094
22938,0.003046,74.125.68.0-255,1484,214321,34,358094
22939,0.003048,74.125.68.0-255,1484,215805,34,358094
22940,0.00305,172.31.33.0-255,66,215871,34,358094
22941,0.003052,74.125.68.0-255,1484,217355,34,358094
22942,0.003092,74.125.68.0-255,2902,220257,34,358094
22943,0.003094,172.31.33.0-255,66,220323,34,358094
22944,0.003123,74.125.68.0-255,3602,223925,34,358094
22945,0.003125,172.31.33.0-255,66,223991,34,358094
22946,0.003127,74.125.68.0-255,1484,225475,34,358094
22947,0.00313,74.125.68.0-255,1484,226959,34,358094
22948,0.003132,172.31.33.0-255,66,227025,34,358094
22949,0.003147,74.125.68.0-255,4320,231345,34,358094
22950,0.003149,172.31.33.0-255,66,231411,34,358094
22951,0.003152,74.125.68.0-255,1484,232895,34,358094
22952,0.003156,74.125.68.0-255,2902,235797,34,358094
22953,0.003157,172.31.33.0-255,66,235863,34,358094
22954,0.003211,74.125.68.0-255,1484,237347,34,358094
22955,0.003227,74.125.68.0-255,1484,238831,34,358094
22956,0.00323,172.31.33.0-255,66,238897,34,358094
22957,0.003235,74.125.68.0-255,2902,241799,34,358094
22958,0.003237,172.31.33.0-255,66,241865,34,358094
22959,0.003251,74.125.68.0-255,1484,243349,34,358094
22960,0.00327,74.125.68.0-255,5738,249087,34,358094
22961,0.003272,172.31.33.0-255,66,249153,34,358094
22962,0.003292,74.125.68.0-255,1484,250637,34,358094
22963,0.003307,74.125.68.0-255,2184,252821,34,358094
22964,0.003309,172.31.33.0-255,66,252887,34,358094
22965,0.003433,74.125.68.0-255,1484,254371,34,358094
22966,0.003451,74.125.68.0-255,2902,257273,34,358094
22967,0.003455,172.31.33.0-255,66,257339,34,358094
22968,0.003487,74.125.68.0-255,4320,261659,34,358094
22969,0.00349,172.31.33.0-255,66,261725,34,358094
22970,0.003499,172.31.33.0-255,66,261791,34,358094
22971,0.003501,74.125.68.0-255,1484,263275,34,358094
22972,0.003507,74.125.68.0-255,1484,264759,34,358094
22973,0.003509,172.31.33.0-255,66,264825,34,358094
22974,0.003513,74.125.68.0-255,2902,267727,34,358094
22975,0.003515,172.31.33.0-255,66,267793,34,358094
22976,0.003549,74.125.68.0-255,5738,273531,34,358094
22977,0.003552,172.31.33.0-255,66,273597,34,358094
22978,0.003554,74.125.68.0-255,1484,275081,34,358094
22979,0.003558,74.125.68.0-255,3602,278683,34,358094
22980,0.00356,172.31.33.0-255,66,278749,34,358094
22981,0.003634,74.125.68.0-255,1484,280233,34,358094
22982,0.003653,74.125.68.0-255,2902,283135,34,358094
22983,0.003656,172.31.33.0-255,66,283201,34,358094
22984,0.003678,74.125.68.0-255,1484,284685,34,358094
22985,0.003694,74.125.68.0-255,2902,287587,34,358094
22986,0.003697,172.31.33.0-255,66,287653,34,358094
22987,0.003708,74.125.68.0-255,4320,291973,34,358094
22988,0.003716,172.31.33.0-255,66,292039,34,358094
22989,0.003718,74.125.68.0-255,1484,293523,34,358094
22990,0.003746,74.125.68.0-255,4320,297843,34,358094
22991,0.003748,172.31.33.0-255,66,297909,34,358094
22992,0.003753,74.125.68.0-255,4320,302229,34,358094
22993,0.003755,172.31.33.0-255,66,302295,34,358094
22994,0.003788,74.125.68.0-255,7156,309451,34,358094
22995,0.003791,172.31.33.0-255,66,309517,34,358094
22996,0.003795,74.125.68.0-255,3602,313119,34,358094
22997,0.003797,172.31.33.0-255,66,313185,34,358094
22998,0.003826,74.125.68.0-255,7156,320341,34,358094
22999,0.003829,172.31.33.0-255,66,320407,34,358094
23000,0.003852,74.125.68.0-255,1484,321891,34,358094
23001,0.003863,172.31.33.0-255,66,321957,34,358094
23002,0.003867,74.125.68.0-255,4320,326277,34,358094
23003,0.003869,172.31.33.0-255,66,326343,34,358094
23004,0.003889,74.125.68.0-255,4320,330663,34,358094
23005,0.003895,172.31.33.0-255,66,330729,34,358094
23006,0.0039,74.125.68.0-255,4320,335049,34,358094
23007,0.003902,172.31.33.0-255,66,335115,34,358094
23008,0.003921,74.125.68.0-255,5020,340135,34,358094
23009,0.003927,172.31.33.0-255,66,340201,34,358094
23010,0.003932,74.125.68.0-255,4320,344521,34,358094
23011,0.003934,172.31.33.0-255,66,344587,34,358094
23012,0.003997,74.125.68.0-255,7156,351743,34,358094
23013,0.004,172.31.33.0-255,66,351809,34,358094
23014,0.004021,172.31.33.0-255,66,351875,34,358094
23015,0.004026,74.125.68.0-255,5531,357406,34,358094
23016,0.004028,172.31.33.0-255,66,357472,34,358094
23017,0.004031,74.125.68.0-255,97,357569,34,358094
23018,0.004033,74.125.68.0-255,105,357674,34,358094
23019,0.013712,172.31.33.0-255,66,357740,34,358094
23020,0.013757,172.31.33.0-255,105,357845,34,358094
23021,0.015973,74.125.68.0-255,105,357950,34,358094
23022,0.015993,172.31.33.0-255,78,358028,34,358094
23023,0.016318,74.125.68.0-255,66,358094,34,358094
23024,0.0,172.217.194.0-255,150,150,34,211687
23025,1.7e-05,172.31.33.0-255,66,216,34,211687
23026,2.4e-05,172.217.194.0-255,1484,1700,34,211687
23027,2.8e-05,172.31.33.0-255,66,1766,34,211687
23028,3.3e-05,172.217.194.0-255,2902,4668,34,211687
23029,3.6e-05,172.31.33.0-255,66,4734,34,211687
23030,5.2e-05,172.217.194.0-255,7156,11890,34,211687
23031,5.5e-05,172.31.33.0-255,66,11956,34,211687
23032,8.7e-05,172.217.194.0-255,2001,13957,34,211687
23033,9e-05,172.31.33.0-255,66,14023,34,211687
23034,0.000117,172.217.194.0-255,2902,16925,34,211687
23035,0.00012,172.31.33.0-255,66,16991,34,211687
23036,0.000123,172.217.194.0-255,1484,18475,34,211687
23037,0.000125,172.31.33.0-255,66,18541,34,211687
23038,0.000163,172.217.194.0-255,5738,24279,34,211687
23039,0.000166,172.31.33.0-255,66,24345,34,211687
23040,0.000201,172.217.194.0-255,6797,31142,34,211687
23041,0.000204,172.31.33.0-255,66,31208,34,211687
23042,0.000211,172.217.194.0-255,7156,38364,34,211687
23043,0.000213,172.31.33.0-255,66,38430,34,211687
23044,0.00025,172.31.33.0-255,66,38496,34,211687
23045,0.00037,172.217.194.0-255,1484,39980,34,211687
23046,0.000375,172.31.33.0-255,66,40046,34,211687
23047,0.00038,172.217.194.0-255,2902,42948,34,211687
23048,0.000382,172.31.33.0-255,66,43014,34,211687
23049,0.000418,172.217.194.0-255,5738,48752,34,211687
23050,0.000421,172.31.33.0-255,66,48818,34,211687
23051,0.000426,172.217.194.0-255,4320,53138,34,211687
23052,0.000428,172.31.33.0-255,66,53204,34,211687
23053,0.000458,172.217.194.0-255,2543,55747,34,211687
23054,0.000461,172.31.33.0-255,66,55813,34,211687
23055,0.000463,172.217.194.0-255,646,56459,34,211687
23056,0.000532,172.217.194.0-255,1484,57943,34,211687
23057,0.000535,172.31.33.0-255,66,58009,34,211687
23058,0.00056,172.217.194.0-255,2902,60911,34,211687
23059,0.000562,172.31.33.0-255,66,60977,34,211687
23060,0.000591,172.217.194.0-255,5738,66715,34,211687
23061,0.000593,172.31.33.0-255,66,66781,34,211687
23062,0.000626,172.217.194.0-255,6248,73029,34,211687
23063,0.000629,172.31.33.0-255,66,73095,34,211687
23064,0.000807,172.217.194.0-255,1484,74579,34,211687
23065,0.000812,172.217.194.0-255,2902,77481,34,211687
23066,0.000814,172.31.33.0-255,66,77547,34,211687
23067,0.000846,172.217.194.0-255,5738,83285,34,211687
23068,0.000849,172.31.33.0-255,66,83351,34,211687
23069,0.000856,172.217.194.0-255,6797,90148,34,211687
23070,0.000858,172.31.33.0-255,66,90214,34,211687
23071,0.001124,172.217.194.0-255,1484,91698,34,211687
23072,0.001144,172.217.194.0-255,2902,94600,34,211687
23073,0.001147,172.31.33.0-255,66,94666,34,211687
23074,0.001151,172.217.194.0-255,2902,97568,34,211687
23075,0.001153,172.31.33.0-255,66,97634,34,211687
23076,0.001175,172.217.194.0-255,2902,100536,34,211687
23077,0.001177,172.31.33.0-255,66,100602,34,211687
23078,0.00119,172.31.33.0-255,66,100668,34,211687
23079,0.001209,172.217.194.0-255,2902,103570,34,211687
23080,0.001211,172.31.33.0-255,66,103636,34,211687
23081,0.001226,172.31.33.0-255,66,103702,34,211687
23082,0.001345,172.217.194.0-255,1484,105186,34,211687
23083,0.001348,172.217.194.0-255,1484,106670,34,211687
23084,0.001351,172.31.33.0-255,66,106736,34,211687
23085,0.00138,172.217.194.0-255,1484,108220,34,211687
23086,0.001386,172.217.194.0-255,5738,113958,34,211687
23087,0.001388,172.31.33.0-255,66,114024,34,211687
23088,0.001407,172.31.33.0-255,66,114090,34,211687
23089,0.001434,172.217.194.0-255,4320,118410,34,211687
23090,0.001436,172.31.33.0-255,66,118476,34,211687
23091,0.001451,172.31.33.0-255,66,118542,34,211687
23092,0.001678,172.217.194.0-255,1484,120026,34,211687
23093,0.001682,172.217.194.0-255,1484,121510,34,211687
23094,0.001684,172.31.33.0-255,66,121576,34,211687
23095,0.001709,172.217.194.0-255,1484,123060,34,211687
23096,0.001714,172.217.194.0-255,5738,128798,34,211687
23097,0.001716,172.31.33.0-255,66,128864,34,211687
23098,0.001719,172.217.194.0-255,1484,130348,34,211687
23099,0.001724,172.217.194.0-255,4320,134668,34,211687
23100,0.001726,172.31.33.0-255,66,134734,34,211687
23101,0.001745,172.217.194.0-255,4320,139054,34,211687
23102,0.001748,172.31.33.0-255,66,139120,34,211687
23103,0.001763,172.217.194.0-255,4320,143440,34,211687
23104,0.001769,172.31.33.0-255,66,143506,34,211687
23105,0.001804,172.31.33.0-255,66,143572,34,211687
23106,0.001821,172.31.33.0-255,66,143638,34,211687
23107,0.001827,172.217.194.0-255,7156,150794,34,211687
23108,0.001829,172.31.33.0-255,66,150860,34,211687
23109,0.00185,172.217.194.0-255,2902,153762,34,211687
23110,0.001853,172.31.33.0-255,66,153828,34,211687
23111,0.001863,172.217.194.0-255,1484,155312,34,211687
23112,0.001892,172.31.33.0-255,66,155378,34,211687
23113,0.001918,172.217.194.0-255,7156,162534,34,211687
23114,0.001921,172.31.33.0-255,66,162600,34,211687
23115,0.001939,172.217.194.0-255,4320,166920,34,211687
23116,0.001941,172.31.33.0-255,66,166986,34,211687
23117,0.001952,172.217.194.0-255,7156,174142,34,211687
23118,0.001955,172.31.33.0-255,66,174208,34,211687
23119,0.001986,172.31.33.0-255,66,174274,34,211687
23120,0.002011,172.217.194.0-255,1125,175399,34,211687
23121,0.002026,172.31.33.0-255,66,175465,34,211687
23122,0.002153,172.217.194.0-255,1484,176949,34,211687
23123,0.002167,172.217.194.0-255,2902,179851,34,211687
23124,0.00217,172.31.33.0-255,66,179917,34,211687
23125,0.002173,172.217.194.0-255,1484,181401,34,211687
23126,0.002195,172.217.194.0-255,4320,185721,34,211687
23127,0.002197,172.31.33.0-255,66,185787,34,211687
23128,0.002209,172.31.33.0-255,66,185853,34,211687
23129,0.00222,172.217.194.0-255,1484,187337,34,211687
23130,0.002223,172.217.194.0-255,1484,188821,34,211687
23131,0.002225,172.31.33.0-255,66,188887,34,211687
23132,0.00226,172.31.33.0-255,66,188953,34,211687
23133,0.002304,172.217.194.0-255,1484,190437,34,211687
23134,0.002317,172.217.194.0-255,2902,193339,34,211687
23135,0.00232,172.31.33.0-255,66,193405,34,211687
23136,0.002325,172.217.194.0-255,4320,197725,34,211687
23137,0.002327,172.31.33.0-255,66,197791,34,211687
23138,0.002329,172.217.194.0-255,1484,199275,34,211687
23139,0.002368,172.31.33.0-255,66,199341,34,211687
23140,0.002397,172.217.194.0-255,4320,203661,34,211687
23141,0.002408,172.31.33.0-255,66,203727,34,211687
23142,0.002411,172.31.33.0-255,66,203793,34,211687
23143,0.002421,172.217.194.0-255,1484,205277,34,211687
23144,0.002444,172.217.194.0-255,5738,211015,34,211687
23145,0.002447,172.31.33.0-255,66,211081,34,211687
23146,0.00248,172.31.33.0-255,66,211147,34,211687
23147,0.002516,172.31.33.0-255,66,211213,34,211687
23148,0.002526,172.31.33.0-255,66,211279,34,211687
23149,0.002536,172.31.33.0-255,66,211345,34,211687
23150,0.002562,172.217.194.0-255,105,211450,34,211687
23151,0.004382,172.31.33.0-255,66,211516,34,211687
23152,0.004419,172.31.33.0-255,105,211621,34,211687
23153,0.006723,172.217.194.0-255,66,211687,34,211687
23154,0.0,74.125.24.0-255,146,146,34,221739
23155,2.2e-05,172.31.33.0-255,66,212,34,221739
23156,2.9e-05,74.125.24.0-255,1484,1696,34,221739
23157,3.2e-05,172.31.33.0-255,66,1762,34,221739
23158,3.7e-05,74.125.24.0-255,2902,4664,34,221739
23159,3.9e-05,172.31.33.0-255,66,4730,34,221739
23160,4.4e-05,74.125.24.0-255,4320,9050,34,221739
23161,4.7e-05,172.31.33.0-255,66,9116,34,221739
23162,7e-05,74.125.24.0-255,2902,12018,34,221739
23163,7.3e-05,172.31.33.0-255,66,12084,34,221739
23164,7.7e-05,74.125.24.0-255,2902,14986,34,221739
23165,7.9e-05,172.31.33.0-255,66,15052,34,221739
23166,0.000105,172.31.33.0-255,66,15118,34,221739
23167,0.00013,74.125.24.0-255,5379,20497,34,221739
23168,0.000133,172.31.33.0-255,66,20563,34,221739
23169,0.000184,74.125.24.0-255,1484,22047,34,221739
23170,0.000187,172.31.33.0-255,66,22113,34,221739
23171,0.000191,74.125.24.0-255,2902,25015,34,221739
23172,0.000193,172.31.33.0-255,66,25081,34,221739
23173,0.000198,74.125.24.0-255,5738,30819,34,221739
23174,0.0002,172.31.33.0-255,66,30885,34,221739
23175,0.000226,74.125.24.0-255,5738,36623,34,221739
23176,0.000228,172.31.33.0-255,66,36689,34,221739
23177,0.000248,74.125.24.0-255,6797,43486,34,221739
23178,0.00025,172.31.33.0-255,66,43552,34,221739
23179,0.000276,74.125.24.0-255,2902,46454,34,221739
23180,0.000279,172.31.33.0-255,66,46520,34,221739
23181,0.000306,172.31.33.0-255,66,46586,34,221739
23182,0.000308,74.125.24.0-255,125,46711,34,221739
23183,0.00031,172.31.33.0-255,66,46777,34,221739
23184,0.000355,74.125.24.0-255,352,47129,34,221739
23185,0.000614,74.125.24.0-255,1484,48613,34,221739
23186,0.000618,172.31.33.0-255,66,48679,34,221739
23187,0.000623,74.125.24.0-255,2902,51581,34,221739
23188,0.000625,172.31.33.0-255,66,51647,34,221739
23189,0.000647,74.125.24.0-255,4320,55967,34,221739
23190,0.000651,172.31.33.0-255,66,56033,34,221739
23191,0.000658,74.125.24.0-255,1484,57517,34,221739
23192,0.000664,74.125.24.0-255,5738,63255,34,221739
23193,0.000668,172.31.33.0-255,66,63321,34,221739
23194,0.000718,74.125.24.0-255,4469,67790,34,221739
23195,0.000719,172.31.33.0-255,66,67856,34,221739
23196,0.000724,172.31.33.0-255,66,67922,34,221739
23197,0.000772,74.125.24.0-255,1484,69406,34,221739
23198,0.000786,74.125.24.0-255,2902,72308,34,221739
23199,0.000789,172.31.33.0-255,66,72374,34,221739
23200,0.000803,74.125.24.0-255,5738,78112,34,221739
23201,0.000808,74.125.24.0-255,2902,81014,34,221739
23202,0.000812,172.31.33.0-255,66,81080,34,221739
23203,0.000853,172.31.33.0-255,66,81146,34,221739
23204,0.000869,74.125.24.0-255,5738,86884,34,221739
23205,0.000875,172.31.33.0-255,66,86950,34,221739
23206,0.000891,74.125.24.0-255,5020,91970,34,221739
23207,0.000895,172.31.33.0-255,66,92036,34,221739
23208,0.001042,74.125.24.0-255,1484,93520,34,221739
23209,0.001062,74.125.24.0-255,2902,96422,34,221739
23210,0.001066,172.31.33.0-255,66,96488,34,221739
23211,0.001096,74.125.24.0-255,4320,100808,34,221739
23212,0.001098,172.31.33.0-255,66,100874,34,221739
23213,0.001109,74.125.24.0-255,1484,102358,34,221739
23214,0.001126,172.31.33.0-255,66,102424,34,221739
23215,0.00114,74.125.24.0-255,7156,109580,34,221739
23216,0.00115,172.31.33.0-255,66,109646,34,221739
23217,0.001156,74.125.24.0-255,3602,113248,34,221739
23218,0.001161,172.31.33.0-255,66,113314,34,221739
23219,0.001176,74.125.24.0-255,1484,114798,34,221739
23220,0.00119,74.125.24.0-255,2902,117700,34,221739
23221,0.001192,74.125.24.0-255,1484,119184,34,221739
23222,0.001193,172.31.33.0-255,66,119250,34,221739
23223,0.001213,74.125.24.0-255,4320,123570,34,221739
23224,0.001223,172.31.33.0-255,66,123636,34,221739
23225,0.001227,172.31.33.0-255,66,123702,34,221739
23226,0.001238,74.125.24.0-255,1484,125186,34,221739
23227,0.001256,172.31.33.0-255,66,125252,34,221739
23228,0.001271,74.125.24.0-255,1484,126736,34,221739
23229,0.001284,74.125.24.0-255,766,127502,34,221739
23230,0.001289,172.31.33.0-255,66,127568,34,221739
23231,0.001341,74.125.24.0-255,1484,129052,34,221739
23232,0.001354,74.125.24.0-255,2902,131954,34,221739
23233,0.00136,172.31.33.0-255,66,132020,34,221739
23234,0.001378,74.125.24.0-255,5738,137758,34,221739
23235,0.001382,172.31.33.0-255,66,137824,34,221739
23236,0.001394,74.125.24.0-255,2902,140726,34,221739
23237,0.001404,172.31.33.0-255,66,140792,34,221739
23238,0.001425,172.31.33.0-255,66,140858,34,221739
23239,0.001455,74.125.24.0-255,5738,146596,34,221739
23240,0.001458,172.31.33.0-255,66,146662,34,221739
23241,0.001477,74.125.24.0-255,5020,151682,34,221739
23242,0.001485,172.31.33.0-255,66,151748,34,221739
23243,0.001523,74.125.24.0-255,1484,153232,34,221739
23244,0.00153,74.125.24.0-255,2902,156134,34,221739
23245,0.001534,172.31.33.0-255,66,156200,34,221739
23246,0.00155,74.125.24.0-255,5738,161938,34,221739
23247,0.001563,172.31.33.0-255,66,162004,34,221739
23248,0.001564,74.125.24.0-255,1484,163488,34,221739
23249,0.001587,74.125.24.0-255,5738,169226,34,221739
23250,0.00159,172.31.33.0-255,66,169292,34,221739
23251,0.001619,172.31.33.0-255,66,169358,34,221739
23252,0.001654,74.125.24.0-255,3602,172960,34,221739
23253,0.001663,172.31.33.0-255,66,173026,34,221739
23254,0.001741,74.125.24.0-255,1484,174510,34,221739
23255,0.001758,74.125.24.0-255,2902,177412,34,221739
23256,0.001762,172.31.33.0-255,66,177478,34,221739
23257,0.001767,74.125.24.0-255,4320,181798,34,221739
23258,0.001776,172.31.33.0-255,66,181864,34,221739
23259,0.001779,74.125.24.0-255,1484,183348,34,221739
23260,0.001812,172.31.33.0-255,66,183414,34,221739
23261,0.001826,74.125.24.0-255,7156,190570,34,221739
23262,0.001836,172.31.33.0-255,66,190636,34,221739
23263,0.001856,74.125.24.0-255,3602,194238,34,221739
23264,0.001865,172.31.33.0-255,66,194304,34,221739
23265,0.001882,74.125.24.0-255,4320,198624,34,221739
23266,0.001887,172.31.33.0-255,66,198690,34,221739
23267,0.00191,74.125.24.0-255,5738,204428,34,221739
23268,0.001917,74.125.24.0-255,7156,211584,34,221739
23269,0.001917,172.31.33.0-255,66,211650,34,221739
23270,0.001922,172.31.33.0-255,66,211716,34,221739
23271,0.001973,172.31.33.0-255,66,211782,34,221739
23272,0.002014,74.125.24.0-255,5020,216802,34,221739
23273,0.002027,172.31.33.0-255,66,216868,34,221739
23274,0.002039,172.31.33.0-255,66,216934,34,221739
23275,0.002095,172.31.33.0-255,66,217000,34,221739
23276,0.002126,172.31.33.0-255,66,217066,34,221739
23277,0.002147,74.125.24.0-255,4331,221397,34,221739
23278,0.00215,74.125.24.0-255,105,221502,34,221739
23279,0.002153,172.31.33.0-255,66,221568,34,221739
23280,0.011711,172.31.33.0-255,105,221673,34,221739
23281,0.01423,74.125.24.0-255,66,221739,34,221739
23282,0.0,74.125.24.0-255,152,152,34,242707
23283,2.1e-05,172.31.33.0-255,66,218,34,242707
23284,3.6e-05,74.125.24.0-255,1484,1702,34,242707
23285,4e-05,172.31.33.0-255,66,1768,34,242707
23286,4.3e-05,74.125.24.0-255,1484,3252,34,242707
23287,4.5e-05,172.31.33.0-255,66,3318,34,242707
23288,6.5e-05,74.125.24.0-255,1484,4802,34,242707
23289,6.7e-05,172.31.33.0-255,66,4868,34,242707
23290,7e-05,74.125.24.0-255,1484,6352,34,242707
23291,7.1e-05,172.31.33.0-255,66,6418,34,242707
23292,7.5e-05,74.125.24.0-255,2902,9320,34,242707
23293,7.7e-05,172.31.33.0-255,66,9386,34,242707
23294,9.9e-05,74.125.24.0-255,6321,15707,34,242707
23295,0.000101,172.31.33.0-255,66,15773,34,242707
23296,0.00012,74.125.24.0-255,2902,18675,34,242707
23297,0.000122,172.31.33.0-255,66,18741,34,242707
23298,0.000152,172.31.33.0-255,66,18807,34,242707
23299,0.000155,74.125.24.0-255,1125,19932,34,242707
23300,0.000156,172.31.33.0-255,66,19998,34,242707
23301,0.000168,74.125.24.0-255,1484,21482,34,242707
23302,0.00017,172.31.33.0-255,66,21548,34,242707
23303,0.000174,74.125.24.0-255,2902,24450,34,242707
23304,0.000176,172.31.33.0-255,66,24516,34,242707
23305,0.000179,74.125.24.0-255,1484,26000,34,242707
23306,0.000181,172.31.33.0-255,66,26066,34,242707
23307,0.000207,74.125.24.0-255,4320,30386,34,242707
23308,0.000209,172.31.33.0-255,66,30452,34,242707
23309,0.000213,74.125.24.0-255,4320,34772,34,242707
23310,0.000215,172.31.33.0-255,66,34838,34,242707
23311,0.000252,74.125.24.0-255,2543,37381,34,242707
23312,0.000255,172.31.33.0-255,66,37447,34,242707
23313,0.000855,74.125.24.0-255,1484,38931,34,242707
23314,0.000868,74.125.24.0-255,2902,41833,34,242707
23315,0.000873,172.31.33.0-255,66,41899,34,242707
23316,0.000878,74.125.24.0-255,1484,43383,34,242707
23317,0.000899,74.125.24.0-255,4320,47703,34,242707
23318,0.000902,172.31.33.0-255,66,47769,34,242707
23319,0.000906,74.125.24.0-255,1484,49253,34,242707
23320,0.000931,74.125.24.0-255,6797,56050,34,242707
23321,0.000934,172.31.33.0-255,66,56116,34,242707
23322,0.000939,74.125.24.0-255,4320,60436,34,242707
23323,0.000941,172.31.33.0-255,66,60502,34,242707
23324,0.000956,74.125.24.0-255,4320,64822,34,242707
23325,0.000958,172.31.33.0-255,66,64888,34,242707
23326,0.000974,74.125.24.0-255,2902,67790,34,242707
23327,0.000977,172.31.33.0-255,66,67856,34,242707
23328,0.001003,74.125.24.0-255,3961,71817,34,242707
23329,0.001006,172.31.33.0-255,66,71883,34,242707
23330,0.00101,74.125.24.0-255,2902,74785,34,242707
23331,0.001012,172.31.33.0-255,66,74851,34,242707
23332,0.001016,74.125.24.0-255,4320,79171,34,242707
23333,0.001018,172.31.33.0-255,66,79237,34,242707
23334,0.001053,172.31.33.0-255,66,79303,34,242707
23335,0.001073,74.125.24.0-255,1705,81008,34,242707
23336,0.001076,172.31.33.0-255,66,81074,34,242707
23337,0.001528,74.125.24.0-255,1484,82558,34,242707
23338,0.001537,74.125.24.0-255,2902,85460,34,242707
23339,0.001541,172.31.33.0-255,66,85526,34,242707
23340,0.001576,74.125.24.0-255,2902,88428,34,242707
23341,0.001579,172.31.33.0-255,66,88494,34,242707
23342,0.001586,74.125.24.0-255,4320,92814,34,242707
23343,0.001588,172.31.33.0-255,66,92880,34,242707
23344,0.00161,172.31.33.0-255,66,92946,34,242707
23345,0.001634,74.125.24.0-255,7156,100102,34,242707
23346,0.001637,172.31.33.0-255,66,100168,34,242707
23347,0.001654,74.125.24.0-255,2902,103070,34,242707
23348,0.001656,172.31.33.0-255,66,103136,34,242707
23349,0.001675,74.125.24.0-255,3602,106738,34,242707
23350,0.001677,172.31.33.0-255,66,106804,34,242707
23351,0.001733,74.125.24.0-255,1484,108288,34,242707
23352,0.001749,74.125.24.0-255,2902,111190,34,242707
23353,0.001751,172.31.33.0-255,66,111256,34,242707
23354,0.001757,74.125.24.0-255,4320,115576,34,242707
23355,0.001758,172.31.33.0-255,66,115642,34,242707
23356,0.00177,74.125.24.0-255,1484,117126,34,242707
23357,0.001783,74.125.24.0-255,4320,121446,34,242707
23358,0.001785,172.31.33.0-255,66,121512,34,242707
23359,0.001813,172.31.33.0-255,66,121578,34,242707
23360,0.001823,172.31.33.0-255,66,121644,34,242707
23361,0.001826,74.125.24.0-255,766,122410,34,242707
23362,0.001839,74.125.24.0-255,1484,123894,34,242707
23363,0.001842,172.31.33.0-255,66,123960,34,242707
23364,0.001865,74.125.24.0-255,4320,128280,34,242707
23365,0.001869,172.31.33.0-255,66,128346,34,242707
23366,0.001877,74.125.24.0-255,2902,131248,34,242707
23367,0.00188,172.31.33.0-255,66,131314,34,242707
23368,0.001908,74.125.24.0-255,7156,138470,34,242707
23369,0.001912,172.31.33.0-255,66,138536,34,242707
23370,0.001921,172.31.33.0-255,66,138602,34,242707
23371,0.001976,74.125.24.0-255,2902,141504,34,242707
23372,0.001979,172.31.33.0-255,66,141570,34,242707
23373,0.001999,74.125.24.0-255,6438,148008,34,242707
23374,0.002036,172.31.33.0-255,66,148074,34,242707
23375,0.002047,74.125.24.0-255,1484,149558,34,242707
23376,0.002057,74.125.24.0-255,1484,151042,34,242707
23377,0.002059,172.31.33.0-255,66,151108,34,242707
23378,0.002077,74.125.24.0-255,1484,152592,34,242707
23379,0.002083,74.125.24.0-255,5738,158330,34,242707
23380,0.002085,172.31.33.0-255,66,158396,34,242707
23381,0.002103,74.125.24.0-255,2902,161298,34,242707
23382,0.002105,172.31.33.0-255,66,161364,34,242707
23383,0.00213,74.125.24.0-255,7156,168520,34,242707
23384,0.002134,172.31.33.0-255,66,168586,34,242707
23385,0.002172,172.31.33.0-255,66,168652,34,242707
23386,0.002192,74.125.24.0-255,5020,173672,34,242707
23387,0.002194,172.31.33.0-255,66,173738,34,242707
23388,0.002792,74.125.24.0-255,1484,175222,34,242707
23389,0.0028,74.125.24.0-255,2902,178124,34,242707
23390,0.002803,172.31.33.0-255,66,178190,34,242707
23391,0.002811,74.125.24.0-255,5738,183928,34,242707
23392,0.002813,172.31.33.0-255,66,183994,34,242707
23393,0.002825,74.125.24.0-255,1484,185478,34,242707
23394,0.002855,172.31.33.0-255,66,185544,34,242707
23395,0.002865,172.31.33.0-255,66,185610,34,242707
23396,0.002883,74.125.24.0-255,1484,187094,34,242707
23397,0.002885,74.125.24.0-255,766,187860,34,242707
23398,0.002888,172.31.33.0-255,66,187926,34,242707
23399,0.002908,74.125.24.0-255,1484,189410,34,242707
23400,0.002929,74.125.24.0-255,4320,193730,34,242707
23401,0.002932,172.31.33.0-255,66,193796,34,242707
23402,0.002938,74.125.24.0-255,4320,198116,34,242707
23403,0.002939,172.31.33.0-255,66,198182,34,242707
23404,0.002957,74.125.24.0-255,5738,203920,34,242707
23405,0.002959,172.31.33.0-255,66,203986,34,242707
23406,0.002964,74.125.24.0-255,4320,208306,34,242707
23407,0.002966,172.31.33.0-255,66,208372,34,242707
23408,0.002998,172.31.33.0-255,66,208438,34,242707
23409,0.003004,74.125.24.0-255,4320,212758,34,242707
23410,0.003005,172.31.33.0-255,66,212824,34,242707
23411,0.003042,172.31.33.0-255,66,212890,34,242707
23412,0.003092,172.31.33.0-255,66,212956,34,242707
23413,0.003122,172.31.33.0-255,66,213022,34,242707
23414,0.003126,74.125.24.0-255,2902,215924,34,242707
23415,0.003128,172.31.33.0-255,66,215990,34,242707
23416,0.003133,74.125.24.0-255,4320,220310,34,242707
23417,0.003135,172.31.33.0-255,66,220376,34,242707
23418,0.003145,172.31.33.0-255,66,220442,34,242707
23419,0.003148,74.125.24.0-255,1484,221926,34,242707
23420,0.003187,172.31.33.0-255,66,221992,34,242707
23421,0.003202,74.125.24.0-255,1484,223476,34,242707
23422,0.00322,74.125.24.0-255,1484,224960,34,242707
23423,0.003223,172.31.33.0-255,66,225026,34,242707
23424,0.003228,74.125.24.0-255,4320,229346,34,242707
23425,0.00323,172.31.33.0-255,66,229412,34,242707
23426,0.003254,74.125.24.0-255,1484,230896,34,242707
23427,0.003283,172.31.33.0-255,66,230962,34,242707
23428,0.003286,74.125.24.0-255,1484,232446,34,242707
23429,0.003335,74.125.24.0-255,5562,238008,34,242707
23430,0.003339,172.31.33.0-255,66,238074,34,242707
23431,0.003357,74.125.24.0-255,105,238179,34,242707
23432,0.004674,172.31.33.0-255,66,238245,34,242707
23433,0.004708,172.31.33.0-255,105,238350,34,242707
23434,0.006961,74.125.24.0-255,66,238416,34,242707
23435,0.032088,172.31.33.0-255,172,238588,34,242707
23436,0.032141,172.31.33.0-255,1112,239700,34,242707
23437,0.032232,172.31.33.0-255,1514,241214,34,242707
23438,0.032235,172.31.33.0-255,1295,242509,34,242707
23439,0.033612,104.244.42.0-255,66,242575,34,242707
23440,0.033656,104.244.42.0-255,66,242641,34,242707
23441,0.033767,104.244.42.0-255,66,242707,34,242707
23442,0.0,74.125.200.0-255,146,146,34,363073
23443,1.3e-05,172.31.33.0-255,66,212,34,363073
23444,1.9e-05,74.125.200.0-255,1484,1696,34,363073
23445,2.3e-05,172.31.33.0-255,66,1762,34,363073
23446,2.8e-05,74.125.200.0-255,2902,4664,34,363073
23447,3.2e-05,172.31.33.0-255,66,4730,34,363073
23448,3.6e-05,74.125.200.0-255,2902,7632,34,363073
23449,3.8e-05,172.31.33.0-255,66,7698,34,363073
23450,4.3e-05,74.125.200.0-255,4320,12018,34,363073
23451,4.5e-05,172.31.33.0-255,66,12084,34,363073
23452,8.8e-05,74.125.200.0-255,2018,14102,34,363073
23453,9.1e-05,172.31.33.0-255,66,14168,34,363073
23454,0.000144,74.125.200.0-255,1484,15652,34,363073
23455,0.000146,172.31.33.0-255,66,15718,34,363073
23456,0.00015,74.125.200.0-255,2902,18620,34,363073
23457,0.000152,172.31.33.0-255,66,18686,34,363073
23458,0.000171,74.125.200.0-255,2902,21588,34,363073
23459,0.000173,172.31.33.0-255,66,21654,34,363073
23460,0.00019,74.125.200.0-255,2902,24556,34,363073
23461,0.000193,172.31.33.0-255,66,24622,34,363073
23462,0.000197,74.125.200.0-255,4320,28942,34,363073
23463,0.000199,172.31.33.0-255,66,29008,34,363073
23464,0.000236,74.125.200.0-255,2543,31551,34,363073
23465,0.000238,172.31.33.0-255,66,31617,34,363073
23466,0.000353,74.125.200.0-255,1484,33101,34,363073
23467,0.000357,172.31.33.0-255,66,33167,34,363073
23468,0.00037,74.125.200.0-255,2902,36069,34,363073
23469,0.000373,172.31.33.0-255,66,36135,34,363073
23470,0.00039,74.125.200.0-255,1484,37619,34,363073
23471,0.000392,172.31.33.0-255,66,37685,34,363073
23472,0.000397,74.125.200.0-255,2902,40587,34,363073
23473,0.000399,172.31.33.0-255,66,40653,34,363073
23474,0.000417,74.125.200.0-255,2902,43555,34,363073
23475,0.00042,172.31.33.0-255,66,43621,34,363073
23476,0.000444,74.125.200.0-255,2902,46523,34,363073
23477,0.000447,172.31.33.0-255,66,46589,34,363073
23478,0.000451,74.125.200.0-255,2543,49132,34,363073
23479,0.000453,172.31.33.0-255,66,49198,34,363073
23480,0.000522,74.125.200.0-255,1484,50682,34,363073
23481,0.000525,172.31.33.0-255,66,50748,34,363073
23482,0.000529,74.125.200.0-255,1484,52232,34,363073
23483,0.000531,172.31.33.0-255,66,52298,34,363073
23484,0.000549,74.125.200.0-255,2902,55200,34,363073
23485,0.000552,172.31.33.0-255,66,55266,34,363073
23486,0.000578,74.125.200.0-255,5738,61004,34,363073
23487,0.00058,172.31.33.0-255,66,61070,34,363073
23488,0.000595,74.125.200.0-255,5725,66795,34,363073
23489,0.000597,172.31.33.0-255,66,66861,34,363073
23490,0.000632,74.125.200.0-255,330,67191,34,363073
23491,0.000957,172.31.33.0-255,66,67257,34,363073
23492,0.001015,74.125.200.0-255,1484,68741,34,363073
23493,0.001027,74.125.200.0-255,1484,70225,34,363073
23494,0.00103,172.31.33.0-255,66,70291,34,363073
23495,0.001046,74.125.200.0-255,1484,71775,34,363073
23496,0.001051,74.125.200.0-255,4320,76095,34,363073
23497,0.001053,172.31.33.0-255,66,76161,34,363073
23498,0.001075,74.125.200.0-255,5738,81899,34,363073
23499,0.001077,172.31.33.0-255,66,81965,34,363073
23500,0.001096,74.125.200.0-255,5738,87703,34,363073
23501,0.001098,172.31.33.0-255,66,87769,34,363073
23502,0.001124,74.125.200.0-255,5738,93507,34,363073
23503,0.001126,172.31.33.0-255,66,93573,34,363073
23504,0.001131,74.125.200.0-255,4320,97893,34,363073
23505,0.001133,172.31.33.0-255,66,97959,34,363073
23506,0.001156,74.125.200.0-255,3602,101561,34,363073
23507,0.001159,172.31.33.0-255,66,101627,34,363073
23508,0.001666,74.125.200.0-255,1484,103111,34,363073
23509,0.001683,74.125.200.0-255,2902,106013,34,363073
23510,0.001697,172.31.33.0-255,66,106079,34,363073
23511,0.001704,74.125.200.0-255,5738,111817,34,363073
23512,0.001705,172.31.33.0-255,66,111883,34,363073
23513,0.001711,74.125.200.0-255,4320,116203,34,363073
23514,0.001713,172.31.33.0-255,66,116269,34,363073
23515,0.001736,74.125.200.0-255,5738,122007,34,363073
23516,0.001738,172.31.33.0-255,66,122073,34,363073
23517,0.001752,74.125.200.0-255,5738,127811,34,363073
23518,0.001754,172.31.33.0-255,66,127877,34,363073
23519,0.001772,74.125.200.0-255,5738,133615,34,363073
23520,0.001774,172.31.33.0-255,66,133681,34,363073
23521,0.001778,74.125.200.0-255,2184,135865,34,363073
23522,0.001779,172.31.33.0-255,66,135931,34,363073
23523,0.001971,74.125.200.0-255,1484,137415,34,363073
23524,0.001987,74.125.200.0-255,2902,140317,34,363073
23525,0.00199,172.31.33.0-255,66,140383,34,363073
23526,0.002022,74.125.200.0-255,1484,141867,34,363073
23527,0.002049,74.125.200.0-255,2902,144769,34,363073
23528,0.002051,172.31.33.0-255,66,144835,34,363073
23529,0.002067,74.125.200.0-255,1484,146319,34,363073
23530,0.002076,74.125.200.0-255,1484,147803,34,363073
23531,0.002078,172.31.33.0-255,66,147869,34,363073
23532,0.002081,74.125.200.0-255,1484,149353,34,363073
23533,0.002095,74.125.200.0-255,1484,150837,34,363073
23534,0.002097,172.31.33.0-255,66,150903,34,363073
23535,0.002111,74.125.200.0-255,2902,153805,34,363073
23536,0.002113,172.31.33.0-255,66,153871,34,363073
23537,0.002136,74.125.200.0-255,4320,158191,34,363073
23538,0.002139,172.31.33.0-255,66,158257,34,363073
23539,0.002171,74.125.200.0-255,2902,161159,34,363073
23540,0.002173,172.31.33.0-255,66,161225,34,363073
23541,0.002227,74.125.200.0-255,1484,162709,34,363073
23542,0.002248,74.125.200.0-255,1484,164193,34,363073
23543,0.00225,172.31.33.0-255,66,164259,34,363073
23544,0.002268,74.125.200.0-255,1484,165743,34,363073
23545,0.002291,74.125.200.0-255,1484,167227,34,363073
23546,0.002292,172.31.33.0-255,66,167293,34,363073
23547,0.002309,74.125.200.0-255,2902,170195,34,363073
23548,0.002311,172.31.33.0-255,66,170261,34,363073
23549,0.002357,74.125.200.0-255,766,171027,34,363073
23550,0.002551,74.125.200.0-255,1484,172511,34,363073
23551,0.002553,172.31.33.0-255,66,172577,34,363073
23552,0.002573,74.125.200.0-255,2902,175479,34,363073
23553,0.002575,172.31.33.0-255,66,175545,34,363073
23554,0.002596,74.125.200.0-255,4320,179865,34,363073
23555,0.002598,172.31.33.0-255,66,179931,34,363073
23556,0.002601,74.125.200.0-255,1484,181415,34,363073
23557,0.002618,74.125.200.0-255,4320,185735,34,363073
23558,0.002621,172.31.33.0-255,66,185801,34,363073
23559,0.002623,74.125.200.0-255,1484,187285,34,363073
23560,0.002651,74.125.200.0-255,4320,191605,34,363073
23561,0.002654,172.31.33.0-255,66,191671,34,363073
23562,0.002665,74.125.200.0-255,1484,193155,34,363073
23563,0.002684,74.125.200.0-255,5738,198893,34,363073
23564,0.002686,172.31.33.0-255,66,198959,34,363073
23565,0.002689,74.125.200.0-255,1484,200443,34,363073
23566,0.002713,74.125.200.0-255,2902,203345,34,363073
23567,0.002716,172.31.33.0-255,66,203411,34,363073
23568,0.002748,74.125.200.0-255,2184,205595,34,363073
23569,0.00275,172.31.33.0-255,66,205661,34,363073
23570,0.002842,74.125.200.0-255,1484,207145,34,363073
23571,0.002857,74.125.200.0-255,2902,210047,34,363073
23572,0.002859,172.31.33.0-255,66,210113,34,363073
23573,0.002877,74.125.200.0-255,4320,214433,34,363073
23574,0.00288,172.31.33.0-255,66,214499,34,363073
23575,0.0029,74.125.200.0-255,2902,217401,34,363073
23576,0.002902,172.31.33.0-255,66,217467,34,363073
23577,0.00292,74.125.200.0-255,2902,220369,34,363073
23578,0.002922,172.31.33.0-255,66,220435,34,363073
23579,0.002948,74.125.200.0-255,7156,227591,34,363073
23580,0.00295,172.31.33.0-255,66,227657,34,363073
23581,0.002968,74.125.200.0-255,7156,234813,34,363073
23582,0.00297,172.31.33.0-255,66,234879,34,363073
23583,0.002988,74.125.200.0-255,1484,236363,34,363073
23584,0.003005,74.125.200.0-255,1484,237847,34,363073
23585,0.003007,172.31.33.0-255,66,237913,34,363073
23586,0.003024,74.125.200.0-255,2184,240097,34,363073
23587,0.003025,172.31.33.0-255,66,240163,34,363073
23588,0.003117,74.125.200.0-255,1484,241647,34,363073
23589,0.003132,74.125.200.0-255,1484,243131,34,363073
23590,0.003134,172.31.33.0-255,66,243197,34,363073
23591,0.003156,74.125.200.0-255,2902,246099,34,363073
23592,0.003158,172.31.33.0-255,66,246165,34,363073
23593,0.003186,74.125.200.0-255,7156,253321,34,363073
23594,0.003189,172.31.33.0-255,66,253387,34,363073
23595,0.003192,74.125.200.0-255,1484,254871,34,363073
23596,0.003194,74.125.200.0-255,1484,256355,34,363073
23597,0.003196,172.31.33.0-255,66,256421,34,363073
23598,0.003201,74.125.200.0-255,2902,259323,34,363073
23599,0.003203,172.31.33.0-255,66,259389,34,363073
23600,0.003218,74.125.200.0-255,2902,262291,34,363073
23601,0.00322,172.31.33.0-255,66,262357,34,363073
23602,0.003225,74.125.200.0-255,4320,266677,34,363073
23603,0.003227,172.31.33.0-255,66,266743,34,363073
23604,0.003252,74.125.200.0-255,5738,272481,34,363073
23605,0.003254,172.31.33.0-255,66,272547,34,363073
23606,0.003272,74.125.200.0-255,4320,276867,34,363073
23607,0.003274,172.31.33.0-255,66,276933,34,363073
23608,0.003298,74.125.200.0-255,3602,280535,34,363073
23609,0.0033,172.31.33.0-255,66,280601,34,363073
23610,0.003304,74.125.200.0-255,4320,284921,34,363073
23611,0.003306,172.31.33.0-255,66,284987,34,363073
23612,0.003312,74.125.200.0-255,5738,290725,34,363073
23613,0.003314,172.31.33.0-255,66,290791,34,363073
23614,0.003348,172.31.33.0-255,66,290857,34,363073
23615,0.003353,74.125.200.0-255,4320,295177,34,363073
23616,0.003354,172.31.33.0-255,66,295243,34,363073
23617,0.003392,74.125.200.0-255,5738,300981,34,363073
23618,0.003394,172.31.33.0-255,66,301047,34,363073
23619,0.003411,74.125.200.0-255,2184,303231,34,363073
23620,0.003413,172.31.33.0-255,66,303297,34,363073
23621,0.003419,74.125.200.0-255,5738,309035,34,363073
23622,0.003421,172.31.33.0-255,66,309101,34,363073
23623,0.003432,74.125.200.0-255,2902,312003,34,363073
23624,0.003434,172.31.33.0-255,66,312069,34,363073
23625,0.003438,74.125.200.0-255,4320,316389,34,363073
23626,0.00344,172.31.33.0-255,66,316455,34,363073
23627,0.003443,74.125.200.0-255,1484,317939,34,363073
23628,0.003457,74.125.200.0-255,4320,322259,34,363073
23629,0.003459,172.31.33.0-255,66,322325,34,363073
23630,0.003487,74.125.200.0-255,2902,325227,34,363073
23631,0.003488,172.31.33.0-255,66,325293,34,363073
23632,0.00351,74.125.200.0-255,6438,331731,34,363073
23633,0.003512,172.31.33.0-255,66,331797,34,363073
23634,0.003542,74.125.200.0-255,1484,333281,34,363073
23635,0.00356,74.125.200.0-255,2902,336183,34,363073
23636,0.003562,172.31.33.0-255,66,336249,34,363073
23637,0.003565,74.125.200.0-255,1484,337733,34,363073
23638,0.003584,74.125.200.0-255,4320,342053,34,363073
23639,0.003586,172.31.33.0-255,66,342119,34,363073
23640,0.003591,74.125.200.0-255,4320,346439,34,363073
23641,0.003593,172.31.33.0-255,66,346505,34,363073
23642,0.003642,74.125.200.0-255,5738,352243,34,363073
23643,0.003644,172.31.33.0-255,66,352309,34,363073
23644,0.003655,172.31.33.0-255,66,352375,34,363073
23645,0.003657,74.125.200.0-255,1484,353859,34,363073
23646,0.003695,74.125.200.0-255,2902,356761,34,363073
23647,0.003697,172.31.33.0-255,66,356827,34,363073
23648,0.003725,172.31.33.0-255,66,356893,34,363073
23649,0.003746,74.125.200.0-255,1484,358377,34,363073
23650,0.003774,172.31.33.0-255,66,358443,34,363073
23651,0.003776,74.125.200.0-255,105,358548,34,363073
23652,0.008307,172.31.33.0-255,66,358614,34,363073
23653,0.008343,172.31.33.0-255,105,358719,34,363073
23654,0.010367,74.125.200.0-255,66,358785,34,363073
23655,0.02843,172.31.33.0-255,167,358952,34,363073
23656,0.028459,172.31.33.0-255,1113,360065,34,363073
23657,0.028514,172.31.33.0-255,1514,361579,34,363073
23658,0.028515,172.31.33.0-255,1296,362875,34,363073
23659,0.02998,104.244.42.0-255,66,362941,34,363073
23660,0.030026,104.244.42.0-255,66,363007,34,363073
23661,0.030049,104.244.42.0-255,66,363073,34,363073
23662,0.0,172.217.194.0-255,153,153,34,219639
23663,2.3e-05,172.31.33.0-255,66,219,34,219639
23664,3.1e-05,172.217.194.0-255,1484,1703,34,219639
23665,3.5e-05,172.31.33.0-255,66,1769,34,219639
23666,4.8e-05,172.217.194.0-255,2902,4671,34,219639
23667,5.1e-05,172.31.33.0-255,66,4737,34,219639
23668,5.8e-05,172.217.194.0-255,7156,11893,34,219639
23669,6.1e-05,172.31.33.0-255,66,11959,34,219639
23670,0.000109,172.31.33.0-255,66,12025,34,219639
23671,0.000114,172.217.194.0-255,2543,14568,34,219639
23672,0.000116,172.31.33.0-255,66,14634,34,219639
23673,0.00015,172.217.194.0-255,1484,16118,34,219639
23674,0.000152,172.31.33.0-255,66,16184,34,219639
23675,0.000177,172.217.194.0-255,1484,17668,34,219639
23676,0.000179,172.31.33.0-255,66,17734,34,219639
23677,0.000186,172.217.194.0-255,7156,24890,34,219639
23678,0.000189,172.31.33.0-255,66,24956,34,219639
23679,0.000196,172.217.194.0-255,6797,31753,34,219639
23680,0.000199,172.31.33.0-255,66,31819,34,219639
23681,0.000274,172.217.194.0-255,7156,38975,34,219639
23682,0.000279,172.31.33.0-255,66,39041,34,219639
23683,0.000295,172.217.194.0-255,2902,41943,34,219639
23684,0.000298,172.31.33.0-255,66,42009,34,219639
23685,0.00034,172.217.194.0-255,4320,46329,34,219639
23686,0.000343,172.31.33.0-255,66,46395,34,219639
23687,0.000358,172.217.194.0-255,2855,49250,34,219639
23688,0.000361,172.31.33.0-255,66,49316,34,219639
23689,0.000364,172.217.194.0-255,365,49681,34,219639
23690,0.000365,172.31.33.0-255,66,49747,34,219639
23691,0.000523,172.217.194.0-255,1484,51231,34,219639
23692,0.000528,172.31.33.0-255,66,51297,34,219639
23693,0.000534,172.217.194.0-255,2902,54199,34,219639
23694,0.000536,172.31.33.0-255,66,54265,34,219639
23695,0.000542,172.217.194.0-255,5738,60003,34,219639
23696,0.000549,172.31.33.0-255,66,60069,34,219639
23697,0.000557,172.217.194.0-255,6797,66866,34,219639
23698,0.00056,172.31.33.0-255,66,66932,34,219639
23699,0.000592,172.31.33.0-255,66,66998,34,219639
23700,0.000616,172.217.194.0-255,5738,72736,34,219639
23701,0.000618,172.31.33.0-255,66,72802,34,219639
23702,0.000623,172.217.194.0-255,2543,75345,34,219639
23703,0.000625,172.31.33.0-255,66,75411,34,219639
23704,0.001118,172.217.194.0-255,1484,76895,34,219639
23705,0.001125,172.217.194.0-255,2902,79797,34,219639
23706,0.001129,172.31.33.0-255,66,79863,34,219639
23707,0.001136,172.217.194.0-255,5738,85601,34,219639
23708,0.001138,172.31.33.0-255,66,85667,34,219639
23709,0.001186,172.31.33.0-255,66,85733,34,219639
23710,0.001189,172.31.33.0-255,66,85799,34,219639
23711,0.001212,172.217.194.0-255,1484,87283,34,219639
23712,0.001216,172.217.194.0-255,766,88049,34,219639
23713,0.001218,172.31.33.0-255,66,88115,34,219639
23714,0.00131,172.217.194.0-255,1484,89599,34,219639
23715,0.001324,172.217.194.0-255,2902,92501,34,219639
23716,0.001327,172.31.33.0-255,66,92567,34,219639
23717,0.001334,172.217.194.0-255,5738,98305,34,219639
23718,0.001336,172.31.33.0-255,66,98371,34,219639
23719,0.001362,172.217.194.0-255,5738,104109,34,219639
23720,0.001365,172.31.33.0-255,66,104175,34,219639
23721,0.001395,172.217.194.0-255,7156,111331,34,219639
23722,0.001398,172.31.33.0-255,66,111397,34,219639
23723,0.001412,172.31.33.0-255,66,111463,34,219639
23724,0.00183,172.217.194.0-255,1484,112947,34,219639
23725,0.001836,172.217.194.0-255,2902,115849,34,219639
23726,0.001839,172.31.33.0-255,66,115915,34,219639
23727,0.001845,172.217.194.0-255,2902,118817,34,219639
23728,0.001847,172.31.33.0-255,66,118883,34,219639
23729,0.001874,172.217.194.0-255,2902,121785,34,219639
23730,0.001877,172.31.33.0-255,66,121851,34,219639
23731,0.001886,172.31.33.0-255,66,121917,34,219639
23732,0.001931,172.31.33.0-255,66,121983,34,219639
23733,0.00195,172.217.194.0-255,5020,127003,34,219639
23734,0.001952,172.31.33.0-255,66,127069,34,219639
23735,0.001998,172.31.33.0-255,66,127135,34,219639
23736,0.002012,172.31.33.0-255,66,127201,34,219639
23737,0.002045,172.217.194.0-255,1484,128685,34,219639
23738,0.002074,172.31.33.0-255,66,128751,34,219639
23739,0.00224,172.217.194.0-255,1484,130235,34,219639
23740,0.002245,172.217.194.0-255,2902,133137,34,219639
23741,0.002248,172.31.33.0-255,66,133203,34,219639
23742,0.002285,172.217.194.0-255,5738,138941,34,219639
23743,0.002288,172.31.33.0-255,66,139007,34,219639
23744,0.002291,172.217.194.0-255,1484,140491,34,219639
23745,0.002318,172.31.33.0-255,66,140557,34,219639
23746,0.002325,172.217.194.0-255,7156,147713,34,219639
23747,0.002328,172.31.33.0-255,66,147779,34,219639
23748,0.002335,172.217.194.0-255,6438,154217,34,219639
23749,0.002338,172.31.33.0-255,66,154283,34,219639
23750,0.00256,172.217.194.0-255,1484,155767,34,219639
23751,0.002567,172.217.194.0-255,2902,158669,34,219639
23752,0.00257,172.31.33.0-255,66,158735,34,219639
23753,0.002574,172.217.194.0-255,1484,160219,34,219639
23754,0.002593,172.217.194.0-255,4320,164539,34,219639
23755,0.002596,172.31.33.0-255,66,164605,34,219639
23756,0.002599,172.217.194.0-255,1484,166089,34,219639
23757,0.002633,172.31.33.0-255,66,166155,34,219639
23758,0.002639,172.217.194.0-255,4320,170475,34,219639
23759,0.002641,172.31.33.0-255,66,170541,34,219639
23760,0.002677,172.217.194.0-255,6438,176979,34,219639
23761,0.00268,172.31.33.0-255,66,177045,34,219639
23762,0.002683,172.217.194.0-255,1484,178529,34,219639
23763,0.002686,172.217.194.0-255,1484,180013,34,219639
23764,0.002688,172.31.33.0-255,66,180079,34,219639
23765,0.002704,172.217.194.0-255,1484,181563,34,219639
23766,0.00271,172.217.194.0-255,5738,187301,34,219639
23767,0.002717,172.31.33.0-255,66,187367,34,219639
23768,0.002722,172.217.194.0-255,4320,191687,34,219639
23769,0.002725,172.31.33.0-255,66,191753,34,219639
23770,0.00276,172.217.194.0-255,5738,197491,34,219639
23771,0.002763,172.31.33.0-255,66,197557,34,219639
23772,0.002776,172.31.33.0-255,66,197623,34,219639
23773,0.00278,172.217.194.0-255,2184,199807,34,219639
23774,0.002782,172.31.33.0-255,66,199873,34,219639
23775,0.00281,172.217.194.0-255,2902,202775,34,219639
23776,0.002813,172.31.33.0-255,66,202841,34,219639
23777,0.00282,172.217.194.0-255,7156,209997,34,219639
23778,0.002823,172.31.33.0-255,66,210063,34,219639
23779,0.002861,172.31.33.0-255,66,210129,34,219639
23780,0.002874,172.31.33.0-255,66,210195,34,219639
23781,0.002877,172.217.194.0-255,1484,211679,34,219639
23782,0.002888,172.31.33.0-255,66,211745,34,219639
23783,0.002921,172.31.33.0-255,66,211811,34,219639
23784,0.002924,172.217.194.0-255,1484,213295,34,219639
23785,0.002954,172.217.194.0-255,5075,218370,34,219639
23786,0.002957,172.31.33.0-255,66,218436,34,219639
23787,0.00298,172.217.194.0-255,105,218541,34,219639
23788,0.002992,172.217.194.0-255,129,218670,34,219639
23789,0.012427,172.217.194.0-255,129,218799,34,219639
23790,0.012447,172.31.33.0-255,78,218877,34,219639
23791,0.016423,172.31.33.0-255,105,218982,34,219639
23792,0.016465,172.31.33.0-255,105,219087,34,219639
23793,0.016773,172.31.33.0-255,90,219177,34,219639
23794,0.016784,172.31.33.0-255,66,219243,34,219639
23795,0.018602,172.217.194.0-255,66,219309,34,219639
23796,0.018641,172.217.194.0-255,66,219375,34,219639
23797,0.018931,172.217.194.0-255,66,219441,34,219639
23798,0.018956,172.217.194.0-255,66,219507,34,219639
23799,0.018961,172.31.33.0-255,66,219573,34,219639
23800,0.018965,172.217.194.0-255,66,219639,34,219639
23801,0.0,74.125.24.0-255,153,153,34,178969
23802,2e-05,172.31.33.0-255,66,219,34,178969
23803,2.7e-05,74.125.24.0-255,1484,1703,34,178969
23804,3.1e-05,172.31.33.0-255,66,1769,34,178969
23805,3.4e-05,74.125.24.0-255,1484,3253,34,178969
23806,3.6e-05,172.31.33.0-255,66,3319,34,178969
23807,5.7e-05,74.125.24.0-255,1484,4803,34,178969
23808,5.9e-05,172.31.33.0-255,66,4869,34,178969
23809,6.2e-05,74.125.24.0-255,1484,6353,34,178969
23810,6.7e-05,172.31.33.0-255,66,6419,34,178969
23811,0.000105,172.31.33.0-255,66,6485,34,178969
23812,0.000124,172.31.33.0-255,66,6551,34,178969
23813,0.000151,74.125.24.0-255,2543,9094,34,178969
23814,0.000153,172.31.33.0-255,66,9160,34,178969
23815,0.000198,74.125.24.0-255,2902,12062,34,178969
23816,0.000201,172.31.33.0-255,66,12128,34,178969
23817,0.000206,74.125.24.0-255,4320,16448,34,178969
23818,0.000208,172.31.33.0-255,66,16514,34,178969
23819,0.000213,74.125.24.0-255,5738,22252,34,178969
23820,0.000215,172.31.33.0-255,66,22318,34,178969
23821,0.000246,74.125.24.0-255,2902,25220,34,178969
23822,0.000249,172.31.33.0-255,66,25286,34,178969
23823,0.000252,74.125.24.0-255,1125,26411,34,178969
23824,0.000254,172.31.33.0-255,66,26477,34,178969
23825,0.000325,74.125.24.0-255,1484,27961,34,178969
23826,0.00033,172.31.33.0-255,66,28027,34,178969
23827,0.000338,74.125.24.0-255,2902,30929,34,178969
23828,0.000341,172.31.33.0-255,66,30995,34,178969
23829,0.000372,74.125.24.0-255,5738,36733,34,178969
23830,0.000375,172.31.33.0-255,66,36799,34,178969
23831,0.000418,172.31.33.0-255,66,36865,34,178969
23832,0.000882,74.125.24.0-255,1484,38349,34,178969
23833,0.000891,74.125.24.0-255,2902,41251,34,178969
23834,0.000894,172.31.33.0-255,66,41317,34,178969
23835,0.0009,74.125.24.0-255,4320,45637,34,178969
23836,0.000902,172.31.33.0-255,66,45703,34,178969
23837,0.000919,74.125.24.0-255,1484,47187,34,178969
23838,0.000924,74.125.24.0-255,4320,51507,34,178969
23839,0.000926,172.31.33.0-255,66,51573,34,178969
23840,0.000956,172.31.33.0-255,66,51639,34,178969
23841,0.000961,74.125.24.0-255,2902,54541,34,178969
23842,0.000962,172.31.33.0-255,66,54607,34,178969
23843,0.000992,172.31.33.0-255,66,54673,34,178969
23844,0.001389,74.125.24.0-255,1484,56157,34,178969
23845,0.001395,74.125.24.0-255,1484,57641,34,178969
23846,0.001398,172.31.33.0-255,66,57707,34,178969
23847,0.001409,74.125.24.0-255,1484,59191,34,178969
23848,0.001418,74.125.24.0-255,5738,64929,34,178969
23849,0.00142,172.31.33.0-255,66,64995,34,178969
23850,0.001448,172.31.33.0-255,66,65061,34,178969
23851,0.001475,74.125.24.0-255,2902,67963,34,178969
23852,0.001478,172.31.33.0-255,66,68029,34,178969
23853,0.001497,172.31.33.0-255,66,68095,34,178969
23854,0.00152,74.125.24.0-255,1484,69579,34,178969
23855,0.001524,74.125.24.0-255,2902,72481,34,178969
23856,0.001526,172.31.33.0-255,66,72547,34,178969
23857,0.001552,74.125.24.0-255,5738,78285,34,178969
23858,0.001554,172.31.33.0-255,66,78351,34,178969
23859,0.001557,74.125.24.0-255,1484,79835,34,178969
23860,0.001579,74.125.24.0-255,5738,85573,34,178969
23861,0.001581,172.31.33.0-255,66,85639,34,178969
23862,0.001584,74.125.24.0-255,1484,87123,34,178969
23863,0.001621,172.31.33.0-255,66,87189,34,178969
23864,0.001624,74.125.24.0-255,2184,89373,34,178969
23865,0.001626,172.31.33.0-255,66,89439,34,178969
23866,0.002178,74.125.24.0-255,1484,90923,34,178969
23867,0.002195,74.125.24.0-255,2902,93825,34,178969
23868,0.002199,172.31.33.0-255,66,93891,34,178969
23869,0.002203,74.125.24.0-255,2902,96793,34,178969
23870,0.002205,172.31.33.0-255,66,96859,34,178969
23871,0.002229,74.125.24.0-255,2902,99761,34,178969
23872,0.002232,172.31.33.0-255,66,99827,34,178969
23873,0.002247,172.31.33.0-255,66,99893,34,178969
23874,0.002281,172.31.33.0-255,66,99959,34,178969
23875,0.002298,74.125.24.0-255,6438,106397,34,178969
23876,0.002301,172.31.33.0-255,66,106463,34,178969
23877,0.002391,74.125.24.0-255,1484,107947,34,178969
23878,0.002412,74.125.24.0-255,1484,109431,34,178969
23879,0.002415,172.31.33.0-255,66,109497,34,178969
23880,0.00242,74.125.24.0-255,4320,113817,34,178969
23881,0.002422,172.31.33.0-255,66,113883,34,178969
23882,0.002425,74.125.24.0-255,1484,115367,34,178969
23883,0.002455,172.31.33.0-255,66,115433,34,178969
23884,0.00246,74.125.24.0-255,5738,121171,34,178969
23885,0.002463,172.31.33.0-255,66,121237,34,178969
23886,0.002518,172.31.33.0-255,66,121303,34,178969
23887,0.002529,74.125.24.0-255,1484,122787,34,178969
23888,0.002537,74.125.24.0-255,2902,125689,34,178969
23889,0.002539,172.31.33.0-255,66,125755,34,178969
23890,0.002545,74.125.24.0-255,5738,131493,34,178969
23891,0.002546,172.31.33.0-255,66,131559,34,178969
23892,0.002596,172.31.33.0-255,66,131625,34,178969
23893,0.002599,74.125.24.0-255,1484,133109,34,178969
23894,0.002601,74.125.24.0-255,1484,134593,34,178969
23895,0.002603,172.31.33.0-255,66,134659,34,178969
23896,0.002632,172.31.33.0-255,66,134725,34,178969
23897,0.002661,74.125.24.0-255,3602,138327,34,178969
23898,0.002664,172.31.33.0-255,66,138393,34,178969
23899,0.002669,74.125.24.0-255,5738,144131,34,178969
23900,0.002671,172.31.33.0-255,66,144197,34,178969
23901,0.002681,74.125.24.0-255,7156,151353,34,178969
23902,0.002684,172.31.33.0-255,66,151419,34,178969
23903,0.00269,74.125.24.0-255,7156,158575,34,178969
23904,0.002699,172.31.33.0-255,66,158641,34,178969
23905,0.002737,172.31.33.0-255,66,158707,34,178969
23906,0.002753,74.125.24.0-255,2902,161609,34,178969
23907,0.002759,172.31.33.0-255,66,161675,34,178969
23908,0.002778,74.125.24.0-255,7156,168831,34,178969
23909,0.002788,172.31.33.0-255,66,168897,34,178969
23910,0.002808,74.125.24.0-255,7156,176053,34,178969
23911,0.002826,172.31.33.0-255,66,176119,34,178969
23912,0.002858,172.31.33.0-255,66,176185,34,178969
23913,0.002863,172.31.33.0-255,66,176251,34,178969
23914,0.002909,172.31.33.0-255,66,176317,34,178969
23915,0.002923,172.31.33.0-255,66,176383,34,178969
23916,0.00294,74.125.24.0-255,2244,178627,34,178969
23917,0.002942,74.125.24.0-255,105,178732,34,178969
23918,0.002952,172.31.33.0-255,66,178798,34,178969
23919,0.007469,172.31.33.0-255,105,178903,34,178969
23920,0.009711,74.125.24.0-255,66,178969,34,178969
23921,0.0,172.217.194.0-255,153,153,34,231262
23922,1.7e-05,172.31.33.0-255,66,219,34,231262
23923,2.4e-05,172.217.194.0-255,1484,1703,34,231262
23924,2.8e-05,172.31.33.0-255,66,1769,34,231262
23925,3.4e-05,172.217.194.0-255,2902,4671,34,231262
23926,4.4e-05,172.31.33.0-255,66,4737,34,231262
23927,5.5e-05,172.217.194.0-255,7156,11893,34,231262
23928,6e-05,172.31.33.0-255,66,11959,34,231262
23929,6.3e-05,172.217.194.0-255,2134,14093,34,231262
23930,6.6e-05,172.31.33.0-255,66,14159,34,231262
23931,7.1e-05,172.217.194.0-255,2902,17061,34,231262
23932,7.4e-05,172.31.33.0-255,66,17127,34,231262
23933,0.000117,172.31.33.0-255,66,17193,34,231262
23934,0.000123,172.217.194.0-255,5379,22572,34,231262
23935,0.000126,172.31.33.0-255,66,22638,34,231262
23936,0.000129,172.217.194.0-255,1484,24122,34,231262
23937,0.000131,172.31.33.0-255,66,24188,34,231262
23938,0.000157,172.217.194.0-255,4320,28508,34,231262
23939,0.000159,172.31.33.0-255,66,28574,34,231262
23940,0.000166,172.217.194.0-255,7156,35730,34,231262
23941,0.000169,172.31.33.0-255,66,35796,34,231262
23942,0.000192,172.217.194.0-255,1484,37280,34,231262
23943,0.000194,172.31.33.0-255,66,37346,34,231262
23944,0.000218,172.217.194.0-255,2543,39889,34,231262
23945,0.00022,172.31.33.0-255,66,39955,34,231262
23946,0.000226,172.217.194.0-255,4320,44275,34,231262
23947,0.000228,172.31.33.0-255,66,44341,34,231262
23948,0.000239,172.31.33.0-255,66,44407,34,231262
23949,0.000262,172.217.194.0-255,2823,47230,34,231262
23950,0.000264,172.31.33.0-255,66,47296,34,231262
23951,0.000288,172.217.194.0-255,118,47414,34,231262
23952,0.000292,172.217.194.0-255,377,47791,34,231262
23953,0.000481,172.217.194.0-255,1484,49275,34,231262
23954,0.000485,172.31.33.0-255,66,49341,34,231262
23955,0.000491,172.217.194.0-255,2902,52243,34,231262
23956,0.000493,172.31.33.0-255,66,52309,34,231262
23957,0.00052,172.217.194.0-255,4320,56629,34,231262
23958,0.000522,172.31.33.0-255,66,56695,34,231262
23959,0.000527,172.217.194.0-255,5738,62433,34,231262
23960,0.000529,172.31.33.0-255,66,62499,34,231262
23961,0.000553,172.217.194.0-255,2543,65042,34,231262
23962,0.000555,172.31.33.0-255,66,65108,34,231262
23963,0.000579,172.217.194.0-255,2902,68010,34,231262
23964,0.000581,172.31.33.0-255,66,68076,34,231262
23965,0.000587,172.217.194.0-255,5738,73814,34,231262
23966,0.000589,172.31.33.0-255,66,73880,34,231262
23967,0.000614,172.217.194.0-255,1484,75364,34,231262
23968,0.000621,172.217.194.0-255,6797,82161,34,231262
23969,0.000624,172.31.33.0-255,66,82227,34,231262
23970,0.001203,172.217.194.0-255,1484,83711,34,231262
23971,0.00121,172.217.194.0-255,2902,86613,34,231262
23972,0.001213,172.31.33.0-255,66,86679,34,231262
23973,0.001239,172.217.194.0-255,5738,92417,34,231262
23974,0.001242,172.31.33.0-255,66,92483,34,231262
23975,0.001246,172.217.194.0-255,2902,95385,34,231262
23976,0.001247,172.31.33.0-255,66,95451,34,231262
23977,0.001278,172.31.33.0-255,66,95517,34,231262
23978,0.00129,172.31.33.0-255,66,95583,34,231262
23979,0.001307,172.217.194.0-255,766,96349,34,231262
23980,0.001338,172.217.194.0-255,1484,97833,34,231262
23981,0.001341,172.31.33.0-255,66,97899,34,231262
23982,0.001345,172.217.194.0-255,2902,100801,34,231262
23983,0.001347,172.31.33.0-255,66,100867,34,231262
23984,0.001376,172.217.194.0-255,5738,106605,34,231262
23985,0.001379,172.31.33.0-255,66,106671,34,231262
23986,0.001384,172.217.194.0-255,5738,112409,34,231262
23987,0.001386,172.31.33.0-255,66,112475,34,231262
23988,0.001397,172.31.33.0-255,66,112541,34,231262
23989,0.001424,172.217.194.0-255,2902,115443,34,231262
23990,0.001426,172.31.33.0-255,66,115509,34,231262
23991,0.001432,172.217.194.0-255,5020,120529,34,231262
23992,0.001434,172.31.33.0-255,66,120595,34,231262
23993,0.001505,172.217.194.0-255,1484,122079,34,231262
23994,0.001509,172.217.194.0-255,1484,123563,34,231262
23995,0.001511,172.31.33.0-255,66,123629,34,231262
23996,0.001537,172.217.194.0-255,1484,125113,34,231262
23997,0.001543,172.217.194.0-255,5738,130851,34,231262
23998,0.001545,172.31.33.0-255,66,130917,34,231262
23999,0.001551,172.217.194.0-255,4320,135237,34,231262
24000,0.001553,172.31.33.0-255,66,135303,34,231262
24001,0.001593,172.31.33.0-255,66,135369,34,231262
24002,0.001604,172.31.33.0-255,66,135435,34,231262
24003,0.001635,172.217.194.0-255,1484,136919,34,231262
24004,0.001639,172.217.194.0-255,1484,138403,34,231262
24005,0.001641,172.31.33.0-255,66,138469,34,231262
24006,0.00165,172.217.194.0-255,1484,139953,34,231262
24007,0.001661,172.217.194.0-255,5738,145691,34,231262
24008,0.001664,172.31.33.0-255,66,145757,34,231262
24009,0.001693,172.31.33.0-255,66,145823,34,231262
24010,0.001726,172.217.194.0-255,4320,150143,34,231262
24011,0.001728,172.31.33.0-255,66,150209,34,231262
24012,0.001768,172.31.33.0-255,66,150275,34,231262
24013,0.002139,172.217.194.0-255,1484,151759,34,231262
24014,0.002146,172.217.194.0-255,2902,154661,34,231262
24015,0.00215,172.31.33.0-255,66,154727,34,231262
24016,0.002157,172.217.194.0-255,5738,160465,34,231262
24017,0.002159,172.31.33.0-255,66,160531,34,231262
24018,0.002189,172.217.194.0-255,7156,167687,34,231262
24019,0.002192,172.31.33.0-255,66,167753,34,231262
24020,0.00222,172.217.194.0-255,4320,172073,34,231262
24021,0.002222,172.31.33.0-255,66,172139,34,231262
24022,0.002237,172.31.33.0-255,66,172205,34,231262
24023,0.002264,172.217.194.0-255,1484,173689,34,231262
24024,0.002278,172.217.194.0-255,2902,176591,34,231262
24025,0.00228,172.31.33.0-255,66,176657,34,231262
24026,0.002283,172.217.194.0-255,1484,178141,34,231262
24027,0.002327,172.31.33.0-255,66,178207,34,231262
24028,0.002331,172.217.194.0-255,2902,181109,34,231262
24029,0.002333,172.31.33.0-255,66,181175,34,231262
24030,0.002335,172.217.194.0-255,1484,182659,34,231262
24031,0.002404,172.31.33.0-255,66,182725,34,231262
24032,0.002409,172.217.194.0-255,5020,187745,34,231262
24033,0.002411,172.31.33.0-255,66,187811,34,231262
24034,0.002417,172.217.194.0-255,5738,193549,34,231262
24035,0.002419,172.31.33.0-255,66,193615,34,231262
24036,0.002421,172.217.194.0-255,1484,195099,34,231262
24037,0.002453,172.31.33.0-255,66,195165,34,231262
24038,0.002477,172.217.194.0-255,4320,199485,34,231262
24039,0.002479,172.31.33.0-255,66,199551,34,231262
24040,0.002509,172.31.33.0-255,66,199617,34,231262
24041,0.002514,172.217.194.0-255,5738,205355,34,231262
24042,0.002518,172.31.33.0-255,66,205421,34,231262
24043,0.002544,172.217.194.0-255,1484,206905,34,231262
24044,0.002547,172.31.33.0-255,78,206983,34,231262
24045,0.002559,172.31.33.0-255,66,207049,34,231262
24046,0.002565,172.217.194.0-255,5738,212787,34,231262
24047,0.002567,172.31.33.0-255,66,212853,34,231262
24048,0.00259,172.217.194.0-255,4320,217173,34,231262
24049,0.002592,172.31.33.0-255,66,217239,34,231262
24050,0.002624,172.217.194.0-255,6438,223677,34,231262
24051,0.002626,172.31.33.0-255,66,223743,34,231262
24052,0.002637,172.217.194.0-255,2902,226645,34,231262
24053,0.002668,172.217.194.0-255,105,226750,34,231262
24054,0.005681,172.31.33.0-255,66,226816,34,231262
24055,0.006963,172.31.33.0-255,101,226917,34,231262
24056,0.007851,172.31.33.0-255,105,227022,34,231262
24057,0.009197,172.217.194.0-255,66,227088,34,231262
24058,0.010133,172.217.194.0-255,66,227154,34,231262
24059,0.038963,172.31.33.0-255,187,227341,34,231262
24060,0.038992,172.31.33.0-255,981,228322,34,231262
24061,0.039052,172.31.33.0-255,1514,229836,34,231262
24062,0.039072,172.31.33.0-255,1426,231262,34,231262
24063,0.0,74.125.24.0-255,153,153,34,250831
24064,3e-05,172.31.33.0-255,66,219,34,250831
24065,3.8e-05,74.125.24.0-255,1484,1703,34,250831
24066,4.2e-05,172.31.33.0-255,66,1769,34,250831
24067,5.3e-05,74.125.24.0-255,2902,4671,34,250831
24068,5.5e-05,172.31.33.0-255,66,4737,34,250831
24069,6.3e-05,74.125.24.0-255,7156,11893,34,250831
24070,6.6e-05,172.31.33.0-255,66,11959,34,250831
24071,6.9e-05,74.125.24.0-255,2012,13971,34,250831
24072,7.2e-05,172.31.33.0-255,66,14037,34,250831
24073,0.00028,74.125.24.0-255,1484,15521,34,250831
24074,0.000285,172.31.33.0-255,66,15587,34,250831
24075,0.000292,74.125.24.0-255,2902,18489,34,250831
24076,0.000295,172.31.33.0-255,66,18555,34,250831
24077,0.000308,74.125.24.0-255,5738,24293,34,250831
24078,0.000311,172.31.33.0-255,66,24359,34,250831
24079,0.000314,74.125.24.0-255,1484,25843,34,250831
24080,0.000319,172.31.33.0-255,66,25909,34,250831
24081,0.000373,74.125.24.0-255,5379,31288,34,250831
24082,0.000377,172.31.33.0-255,66,31354,34,250831
24083,0.00044,74.125.24.0-255,1484,32838,34,250831
24084,0.000444,172.31.33.0-255,66,32904,34,250831
24085,0.00045,74.125.24.0-255,2902,35806,34,250831
24086,0.000453,172.31.33.0-255,66,35872,34,250831
24087,0.000504,74.125.24.0-255,5738,41610,34,250831
24088,0.000508,172.31.33.0-255,66,41676,34,250831
24089,0.000527,74.125.24.0-255,6797,48473,34,250831
24090,0.00053,172.31.33.0-255,66,48539,34,250831
24091,0.000534,74.125.24.0-255,1484,50023,34,250831
24092,0.000536,172.31.33.0-255,66,50089,34,250831
24093,0.000568,74.125.24.0-255,5738,55827,34,250831
24094,0.000572,172.31.33.0-255,66,55893,34,250831
24095,0.000592,172.31.33.0-255,66,55959,34,250831
24096,0.001376,74.125.24.0-255,645,56604,34,250831
24097,0.001404,74.125.24.0-255,1484,58088,34,250831
24098,0.001409,172.31.33.0-255,66,58154,34,250831
24099,0.001417,74.125.24.0-255,4320,62474,34,250831
24100,0.00142,172.31.33.0-255,66,62540,34,250831
24101,0.001433,74.125.24.0-255,4320,66860,34,250831
24102,0.001435,172.31.33.0-255,66,66926,34,250831
24103,0.001477,172.31.33.0-255,66,66992,34,250831
24104,0.001482,74.125.24.0-255,2902,69894,34,250831
24105,0.001484,172.31.33.0-255,66,69960,34,250831
24106,0.001524,172.31.33.0-255,66,70026,34,250831
24107,0.00201,74.125.24.0-255,1484,71510,34,250831
24108,0.002028,74.125.24.0-255,1484,72994,34,250831
24109,0.002029,172.31.33.0-255,66,73060,34,250831
24110,0.00205,74.125.24.0-255,1484,74544,34,250831
24111,0.002055,74.125.24.0-255,5738,80282,34,250831
24112,0.002057,172.31.33.0-255,66,80348,34,250831
24113,0.002072,74.125.24.0-255,1484,81832,34,250831
24114,0.002093,172.31.33.0-255,66,81898,34,250831
24115,0.002102,172.31.33.0-255,66,81964,34,250831
24116,0.002123,74.125.24.0-255,766,82730,34,250831
24117,0.002172,74.125.24.0-255,1484,84214,34,250831
24118,0.002174,172.31.33.0-255,66,84280,34,250831
24119,0.002185,74.125.24.0-255,2902,87182,34,250831
24120,0.002186,172.31.33.0-255,66,87248,34,250831
24121,0.002195,74.125.24.0-255,5738,92986,34,250831
24122,0.002197,172.31.33.0-255,66,93052,34,250831
24123,0.002223,74.125.24.0-255,4320,97372,34,250831
24124,0.002225,172.31.33.0-255,66,97438,34,250831
24125,0.002253,172.31.33.0-255,66,97504,34,250831
24126,0.002261,172.31.33.0-255,66,97570,34,250831
24127,0.002278,74.125.24.0-255,2184,99754,34,250831
24128,0.00228,172.31.33.0-255,66,99820,34,250831
24129,0.002293,172.31.33.0-255,66,99886,34,250831
24130,0.002315,74.125.24.0-255,2902,102788,34,250831
24131,0.002317,172.31.33.0-255,66,102854,34,250831
24132,0.002323,74.125.24.0-255,7156,110010,34,250831
24133,0.002325,172.31.33.0-255,66,110076,34,250831
24134,0.002348,74.125.24.0-255,2902,112978,34,250831
24135,0.002355,172.31.33.0-255,66,113044,34,250831
24136,0.002388,172.31.33.0-255,66,113110,34,250831
24137,0.002391,74.125.24.0-255,1484,114594,34,250831
24138,0.002395,74.125.24.0-255,2902,117496,34,250831
24139,0.002396,172.31.33.0-255,66,117562,34,250831
24140,0.002418,74.125.24.0-255,7156,124718,34,250831
24141,0.00242,172.31.33.0-255,66,124784,34,250831
24142,0.002423,74.125.24.0-255,1484,126268,34,250831
24143,0.002473,74.125.24.0-255,4320,130588,34,250831
24144,0.002475,172.31.33.0-255,66,130654,34,250831
24145,0.002497,172.31.33.0-255,66,130720,34,250831
24146,0.0025,74.125.24.0-255,2902,133622,34,250831
24147,0.002502,172.31.33.0-255,66,133688,34,250831
24148,0.002507,74.125.24.0-255,5020,138708,34,250831
24149,0.002509,172.31.33.0-255,66,138774,34,250831
24150,0.002554,74.125.24.0-255,1484,140258,34,250831
24151,0.002563,74.125.24.0-255,1484,141742,34,250831
24152,0.002564,172.31.33.0-255,66,141808,34,250831
24153,0.002587,74.125.24.0-255,1484,143292,34,250831
24154,0.002592,74.125.24.0-255,5738,149030,34,250831
24155,0.002594,172.31.33.0-255,66,149096,34,250831
24156,0.002598,74.125.24.0-255,2902,151998,34,250831
24157,0.002599,172.31.33.0-255,66,152064,34,250831
24158,0.002629,74.125.24.0-255,5738,157802,34,250831
24159,0.002634,172.31.33.0-255,66,157868,34,250831
24160,0.002636,74.125.24.0-255,1484,159352,34,250831
24161,0.002637,172.31.33.0-255,78,159430,34,250831
24162,0.002641,74.125.24.0-255,2902,162332,34,250831
24163,0.002643,172.31.33.0-255,66,162398,34,250831
24164,0.002645,74.125.24.0-255,1484,163882,34,250831
24165,0.002676,172.31.33.0-255,66,163948,34,250831
24166,0.002724,74.125.24.0-255,1484,165432,34,250831
24167,0.002733,74.125.24.0-255,2902,168334,34,250831
24168,0.002735,172.31.33.0-255,66,168400,34,250831
24169,0.002762,74.125.24.0-255,5738,174138,34,250831
24170,0.002763,172.31.33.0-255,66,174204,34,250831
24171,0.002768,74.125.24.0-255,4320,178524,34,250831
24172,0.00277,172.31.33.0-255,66,178590,34,250831
24173,0.002795,74.125.24.0-255,2902,181492,34,250831
24174,0.002797,172.31.33.0-255,66,181558,34,250831
24175,0.002801,74.125.24.0-255,4320,185878,34,250831
24176,0.002803,172.31.33.0-255,66,185944,34,250831
24177,0.002812,74.125.24.0-255,5738,191682,34,250831
24178,0.002813,172.31.33.0-255,66,191748,34,250831
24179,0.002844,74.125.24.0-255,6438,198186,34,250831
24180,0.002846,172.31.33.0-255,66,198252,34,250831
24181,0.00285,74.125.24.0-255,4320,202572,34,250831
24182,0.002852,172.31.33.0-255,66,202638,34,250831
24183,0.002874,74.125.24.0-255,1484,204122,34,250831
24184,0.002897,172.31.33.0-255,66,204188,34,250831
24185,0.002909,74.125.24.0-255,4320,208508,34,250831
24186,0.00291,172.31.33.0-255,66,208574,34,250831
24187,0.002916,74.125.24.0-255,1484,210058,34,250831
24188,0.002922,74.125.24.0-255,7156,217214,34,250831
24189,0.002924,172.31.33.0-255,66,217280,34,250831
24190,0.002926,74.125.24.0-255,1484,218764,34,250831
24191,0.002957,74.125.24.0-255,1484,220248,34,250831
24192,0.002959,172.31.33.0-255,66,220314,34,250831
24193,0.00299,172.31.33.0-255,66,220380,34,250831
24194,0.002996,74.125.24.0-255,7156,227536,34,250831
24195,0.002998,172.31.33.0-255,66,227602,34,250831
24196,0.003007,74.125.24.0-255,5738,233340,34,250831
24197,0.003009,172.31.33.0-255,66,233406,34,250831
24198,0.003041,172.31.33.0-255,66,233472,34,250831
24199,0.003044,74.125.24.0-255,3602,237074,34,250831
24200,0.003046,172.31.33.0-255,66,237140,34,250831
24201,0.003071,74.125.24.0-255,7156,244296,34,250831
24202,0.003073,172.31.33.0-255,66,244362,34,250831
24203,0.003101,172.31.33.0-255,66,244428,34,250831
24204,0.003104,74.125.24.0-255,1709,246137,34,250831
24205,0.003106,172.31.33.0-255,66,246203,34,250831
24206,0.00312,74.125.24.0-255,105,246308,34,250831
24207,0.008518,172.31.33.0-255,66,246374,34,250831
24208,0.008541,172.31.33.0-255,105,246479,34,250831
24209,0.01084,74.125.24.0-255,66,246545,34,250831
24210,0.025791,172.31.33.0-255,167,246712,34,250831
24211,0.025823,172.31.33.0-255,1113,247825,34,250831
24212,0.025858,172.31.33.0-255,1514,249339,34,250831
24213,0.02586,172.31.33.0-255,1294,250633,34,250831
24214,0.027357,104.244.42.0-255,66,250699,34,250831
24215,0.027396,104.244.42.0-255,66,250765,34,250831
24216,0.027451,104.244.42.0-255,66,250831,34,250831
24217,0.0,74.125.68.0-255,143,143,34,345462
24218,1.6e-05,172.31.33.0-255,66,209,34,345462
24219,2.2e-05,74.125.68.0-255,1484,1693,34,345462
24220,2.6e-05,172.31.33.0-255,66,1759,34,345462
24221,3.2e-05,74.125.68.0-255,2902,4661,34,345462
24222,4.2e-05,172.31.33.0-255,66,4727,34,345462
24223,5e-05,74.125.68.0-255,7156,11883,34,345462
24224,5.2e-05,172.31.33.0-255,66,11949,34,345462
24225,8.6e-05,172.31.33.0-255,66,12015,34,345462
24226,0.000156,172.31.33.0-255,66,12081,34,345462
24227,0.00016,74.125.68.0-255,2543,14624,34,345462
24228,0.000162,172.31.33.0-255,66,14690,34,345462
24229,0.000199,74.125.68.0-255,1484,16174,34,345462
24230,0.000201,172.31.33.0-255,66,16240,34,345462
24231,0.000222,74.125.68.0-255,2902,19142,34,345462
24232,0.000224,172.31.33.0-255,66,19208,34,345462
24233,0.000228,74.125.68.0-255,2902,22110,34,345462
24234,0.000231,172.31.33.0-255,66,22176,34,345462
24235,0.000261,74.125.68.0-255,2902,25078,34,345462
24236,0.000264,172.31.33.0-255,66,25144,34,345462
24237,0.00027,74.125.68.0-255,5738,30882,34,345462
24238,0.000272,172.31.33.0-255,66,30948,34,345462
24239,0.00028,74.125.68.0-255,7156,38104,34,345462
24240,0.000284,172.31.33.0-255,66,38170,34,345462
24241,0.000323,172.31.33.0-255,66,38236,34,345462
24242,0.000326,74.125.68.0-255,361,38597,34,345462
24243,0.00033,172.31.33.0-255,66,38663,34,345462
24244,0.00058,74.125.68.0-255,381,39044,34,345462
24245,0.000586,172.31.33.0-255,66,39110,34,345462
24246,0.000646,74.125.68.0-255,1484,40594,34,345462
24247,0.000663,74.125.68.0-255,2902,43496,34,345462
24248,0.000666,172.31.33.0-255,66,43562,34,345462
24249,0.000671,74.125.68.0-255,2902,46464,34,345462
24250,0.000673,172.31.33.0-255,66,46530,34,345462
24251,0.000693,74.125.68.0-255,2902,49432,34,345462
24252,0.000696,172.31.33.0-255,66,49498,34,345462
24253,0.000706,74.125.68.0-255,5738,55236,34,345462
24254,0.000709,172.31.33.0-255,66,55302,34,345462
24255,0.000738,74.125.68.0-255,1125,56427,34,345462
24256,0.001275,74.125.68.0-255,1484,57911,34,345462
24257,0.001281,172.31.33.0-255,66,57977,34,345462
24258,0.001307,74.125.68.0-255,1484,59461,34,345462
24259,0.001313,74.125.68.0-255,2902,62363,34,345462
24260,0.001316,172.31.33.0-255,66,62429,34,345462
24261,0.00136,74.125.68.0-255,4320,66749,34,345462
24262,0.001364,172.31.33.0-255,66,66815,34,345462
24263,0.001387,74.125.68.0-255,5738,72553,34,345462
24264,0.001389,172.31.33.0-255,66,72619,34,345462
24265,0.001421,74.125.68.0-255,2902,75521,34,345462
24266,0.001424,172.31.33.0-255,66,75587,34,345462
24267,0.001447,74.125.68.0-255,2902,78489,34,345462
24268,0.00145,172.31.33.0-255,66,78555,34,345462
24269,0.001473,74.125.68.0-255,1484,80039,34,345462
24270,0.001498,74.125.68.0-255,5738,85777,34,345462
24271,0.001501,172.31.33.0-255,66,85843,34,345462
24272,0.001505,74.125.68.0-255,1484,87327,34,345462
24273,0.001534,74.125.68.0-255,3054,90381,34,345462
24274,0.001537,172.31.33.0-255,66,90447,34,345462
24275,0.001542,74.125.68.0-255,4320,94767,34,345462
24276,0.001545,172.31.33.0-255,66,94833,34,345462
24277,0.001572,74.125.68.0-255,1484,96317,34,345462
24278,0.001578,74.125.68.0-255,4320,100637,34,345462
24279,0.00158,172.31.33.0-255,66,100703,34,345462
24280,0.001586,74.125.68.0-255,5738,106441,34,345462
24281,0.001588,172.31.33.0-255,66,106507,34,345462
24282,0.001607,74.125.68.0-255,2902,109409,34,345462
24283,0.001609,172.31.33.0-255,66,109475,34,345462
24284,0.001641,172.31.33.0-255,66,109541,34,345462
24285,0.001672,74.125.68.0-255,6438,115979,34,345462
24286,0.001674,172.31.33.0-255,66,116045,34,345462
24287,0.001912,74.125.68.0-255,1484,117529,34,345462
24288,0.001933,74.125.68.0-255,2902,120431,34,345462
24289,0.001936,172.31.33.0-255,66,120497,34,345462
24290,0.001941,74.125.68.0-255,1484,121981,34,345462
24291,0.001965,74.125.68.0-255,4320,126301,34,345462
24292,0.001967,172.31.33.0-255,66,126367,34,345462
24293,0.00197,74.125.68.0-255,1484,127851,34,345462
24294,0.002,74.125.68.0-255,2902,130753,34,345462
24295,0.002002,172.31.33.0-255,66,130819,34,345462
24296,0.002025,74.125.68.0-255,1484,132303,34,345462
24297,0.002029,74.125.68.0-255,1484,133787,34,345462
24298,0.002031,172.31.33.0-255,66,133853,34,345462
24299,0.002054,74.125.68.0-255,1484,135337,34,345462
24300,0.002061,74.125.68.0-255,5738,141075,34,345462
24301,0.002063,172.31.33.0-255,66,141141,34,345462
24302,0.002069,74.125.68.0-255,4320,145461,34,345462
24303,0.002071,172.31.33.0-255,66,145527,34,345462
24304,0.002076,74.125.68.0-255,2902,148429,34,345462
24305,0.002078,172.31.33.0-255,66,148495,34,345462
24306,0.002099,74.125.68.0-255,2184,150679,34,345462
24307,0.002102,172.31.33.0-255,66,150745,34,345462
24308,0.002522,74.125.68.0-255,1484,152229,34,345462
24309,0.002527,74.125.68.0-255,1484,153713,34,345462
24310,0.00253,172.31.33.0-255,66,153779,34,345462
24311,0.002555,74.125.68.0-255,1484,155263,34,345462
24312,0.002562,74.125.68.0-255,5738,161001,34,345462
24313,0.002564,172.31.33.0-255,66,161067,34,345462
24314,0.002567,74.125.68.0-255,1484,162551,34,345462
24315,0.00257,74.125.68.0-255,1484,164035,34,345462
24316,0.002572,172.31.33.0-255,66,164101,34,345462
24317,0.002575,74.125.68.0-255,1484,165585,34,345462
24318,0.002605,74.125.68.0-255,2902,168487,34,345462
24319,0.002608,172.31.33.0-255,66,168553,34,345462
24320,0.002637,74.125.68.0-255,2902,171455,34,345462
24321,0.00264,172.31.33.0-255,66,171521,34,345462
24322,0.002674,74.125.68.0-255,5738,177259,34,345462
24323,0.002677,172.31.33.0-255,66,177325,34,345462
24324,0.002682,74.125.68.0-255,4320,181645,34,345462
24325,0.002684,172.31.33.0-255,66,181711,34,345462
24326,0.002686,74.125.68.0-255,1484,183195,34,345462
24327,0.00269,74.125.68.0-255,2184,185379,34,345462
24328,0.002692,172.31.33.0-255,66,185445,34,345462
24329,0.002746,74.125.68.0-255,1484,186929,34,345462
24330,0.002751,74.125.68.0-255,2902,189831,34,345462
24331,0.002754,172.31.33.0-255,66,189897,34,345462
24332,0.002765,74.125.68.0-255,1484,191381,34,345462
24333,0.002789,74.125.68.0-255,4320,195701,34,345462
24334,0.002791,172.31.33.0-255,66,195767,34,345462
24335,0.002798,74.125.68.0-255,5738,201505,34,345462
24336,0.0028,172.31.33.0-255,66,201571,34,345462
24337,0.00282,74.125.68.0-255,1484,203055,34,345462
24338,0.002823,74.125.68.0-255,1484,204539,34,345462
24339,0.002825,172.31.33.0-255,66,204605,34,345462
24340,0.002831,74.125.68.0-255,4320,208925,34,345462
24341,0.002833,172.31.33.0-255,66,208991,34,345462
24342,0.002863,74.125.68.0-255,4320,213311,34,345462
24343,0.002866,74.125.68.0-255,1484,214795,34,345462
24344,0.00287,172.31.33.0-255,66,214861,34,345462
24345,0.002893,74.125.68.0-255,5020,219881,34,345462
24346,0.002896,172.31.33.0-255,66,219947,34,345462
24347,0.002903,74.125.68.0-255,7156,227103,34,345462
24348,0.002905,172.31.33.0-255,66,227169,34,345462
24349,0.00294,172.31.33.0-255,66,227235,34,345462
24350,0.002944,74.125.68.0-255,2902,230137,34,345462
24351,0.002946,172.31.33.0-255,66,230203,34,345462
24352,0.002981,74.125.68.0-255,2902,233105,34,345462
24353,0.002983,172.31.33.0-255,66,233171,34,345462
24354,0.003017,172.31.33.0-255,66,233237,34,345462
24355,0.003043,74.125.68.0-255,5020,238257,34,345462
24356,0.003046,172.31.33.0-255,66,238323,34,345462
24357,0.003049,74.125.68.0-255,1484,239807,34,345462
24358,0.003075,74.125.68.0-255,4320,244127,34,345462
24359,0.003077,172.31.33.0-255,66,244193,34,345462
24360,0.00308,74.125.68.0-255,1484,245677,34,345462
24361,0.003085,74.125.68.0-255,2902,248579,34,345462
24362,0.003087,172.31.33.0-255,66,248645,34,345462
24363,0.003119,74.125.68.0-255,5738,254383,34,345462
24364,0.003122,172.31.33.0-255,66,254449,34,345462
24365,0.003127,74.125.68.0-255,4320,258769,34,345462
24366,0.00313,172.31.33.0-255,66,258835,34,345462
24367,0.003134,74.125.68.0-255,2902,261737,34,345462
24368,0.003136,172.31.33.0-255,66,261803,34,345462
24369,0.003139,74.125.68.0-255,1484,263287,34,345462
24370,0.003167,74.125.68.0-255,4320,267607,34,345462
24371,0.00317,172.31.33.0-255,66,267673,34,345462
24372,0.00319,74.125.68.0-255,3602,271275,34,345462
24373,0.003192,172.31.33.0-255,66,271341,34,345462
24374,0.003195,74.125.68.0-255,1484,272825,34,345462
24375,0.0032,74.125.68.0-255,2902,275727,34,345462
24376,0.003202,172.31.33.0-255,66,275793,34,345462
24377,0.003226,74.125.68.0-255,5738,281531,34,345462
24378,0.003228,172.31.33.0-255,66,281597,34,345462
24379,0.00323,74.125.68.0-255,1484,283081,34,345462
24380,0.003253,74.125.68.0-255,4320,287401,34,345462
24381,0.003256,172.31.33.0-255,66,287467,34,345462
24382,0.003262,74.125.68.0-255,7156,294623,34,345462
24383,0.003264,172.31.33.0-255,66,294689,34,345462
24384,0.003313,172.31.33.0-255,66,294755,34,345462
24385,0.003317,74.125.68.0-255,4320,299075,34,345462
24386,0.003319,172.31.33.0-255,66,299141,34,345462
24387,0.003341,74.125.68.0-255,7156,306297,34,345462
24388,0.003347,172.31.33.0-255,66,306363,34,345462
24389,0.003352,74.125.68.0-255,5738,312101,34,345462
24390,0.003354,172.31.33.0-255,66,312167,34,345462
24391,0.003379,74.125.68.0-255,7156,319323,34,345462
24392,0.003382,172.31.33.0-255,66,319389,34,345462
24393,0.003386,74.125.68.0-255,4320,323709,34,345462
24394,0.003388,172.31.33.0-255,66,323775,34,345462
24395,0.003412,74.125.68.0-255,5020,328795,34,345462
24396,0.003414,172.31.33.0-255,66,328861,34,345462
24397,0.003482,74.125.68.0-255,5738,334599,34,345462
24398,0.003485,172.31.33.0-255,66,334665,34,345462
24399,0.003491,74.125.68.0-255,6006,340671,34,345462
24400,0.003493,172.31.33.0-255,66,340737,34,345462
24401,0.003496,74.125.68.0-255,97,340834,34,345462
24402,0.003516,74.125.68.0-255,105,340939,34,345462
24403,0.009836,172.31.33.0-255,66,341005,34,345462
24404,0.009879,172.31.33.0-255,105,341110,34,345462
24405,0.012336,74.125.68.0-255,66,341176,34,345462
24406,0.028066,172.31.33.0-255,167,341343,34,345462
24407,0.028095,172.31.33.0-255,1113,342456,34,345462
24408,0.02815,172.31.33.0-255,1514,343970,34,345462
24409,0.028168,172.31.33.0-255,1294,345264,34,345462
24410,0.029628,104.244.42.0-255,66,345330,34,345462
24411,0.029658,104.244.42.0-255,66,345396,34,345462
24412,0.02971,104.244.42.0-255,66,345462,34,345462
24413,0.0,172.217.194.0-255,166,166,34,216348
24414,2.3e-05,172.31.33.0-255,66,232,34,216348
24415,3.1e-05,172.217.194.0-255,1484,1716,34,216348
24416,3.5e-05,172.31.33.0-255,66,1782,34,216348
24417,4.8e-05,172.217.194.0-255,2902,4684,34,216348
24418,5.2e-05,172.31.33.0-255,66,4750,34,216348
24419,5.9e-05,172.217.194.0-255,5738,10488,34,216348
24420,6.2e-05,172.31.33.0-255,66,10554,34,216348
24421,6.8e-05,172.217.194.0-255,4320,14874,34,216348
24422,7.1e-05,172.31.33.0-255,66,14940,34,216348
24423,0.000118,172.31.33.0-255,66,15006,34,216348
24424,0.000134,172.31.33.0-255,66,15072,34,216348
24425,0.000146,172.31.33.0-255,66,15138,34,216348
24426,0.000284,172.217.194.0-255,1484,16622,34,216348
24427,0.000288,172.31.33.0-255,66,16688,34,216348
24428,0.000292,172.217.194.0-255,1484,18172,34,216348
24429,0.000294,172.31.33.0-255,66,18238,34,216348
24430,0.000325,172.217.194.0-255,1484,19722,34,216348
24431,0.000327,172.31.33.0-255,66,19788,34,216348
24432,0.000333,172.217.194.0-255,5738,25526,34,216348
24433,0.000335,172.31.33.0-255,66,25592,34,216348
24434,0.000342,172.217.194.0-255,6797,32389,34,216348
24435,0.000344,172.31.33.0-255,66,32455,34,216348
24436,0.000347,172.217.194.0-255,646,33101,34,216348
24437,0.000348,172.31.33.0-255,66,33167,34,216348
24438,0.000387,172.217.194.0-255,1484,34651,34,216348
24439,0.000389,172.31.33.0-255,66,34717,34,216348
24440,0.000393,172.217.194.0-255,2902,37619,34,216348
24441,0.000395,172.31.33.0-255,66,37685,34,216348
24442,0.000422,172.217.194.0-255,1484,39169,34,216348
24443,0.000434,172.31.33.0-255,66,39235,34,216348
24444,0.000441,172.217.194.0-255,6797,46032,34,216348
24445,0.000443,172.31.33.0-255,66,46098,34,216348
24446,0.000504,172.31.33.0-255,66,46164,34,216348
24447,0.000816,172.217.194.0-255,1484,47648,34,216348
24448,0.000821,172.217.194.0-255,1484,49132,34,216348
24449,0.000825,172.31.33.0-255,66,49198,34,216348
24450,0.000843,172.217.194.0-255,1484,50682,34,216348
24451,0.000849,172.217.194.0-255,5738,56420,34,216348
24452,0.000851,172.31.33.0-255,66,56486,34,216348
24453,0.00088,172.217.194.0-255,5738,62224,34,216348
24454,0.000883,172.31.33.0-255,66,62290,34,216348
24455,0.000906,172.217.194.0-255,7156,69446,34,216348
24456,0.000908,172.31.33.0-255,66,69512,34,216348
24457,0.000916,172.217.194.0-255,7156,76668,34,216348
24458,0.000918,172.31.33.0-255,66,76734,34,216348
24459,0.00095,172.217.194.0-255,3602,80336,34,216348
24460,0.000953,172.31.33.0-255,66,80402,34,216348
24461,0.001016,172.217.194.0-255,1484,81886,34,216348
24462,0.001021,172.217.194.0-255,2902,84788,34,216348
24463,0.001023,172.217.194.0-255,1484,86272,34,216348
24464,0.001029,172.31.33.0-255,66,86338,34,216348
24465,0.001047,172.217.194.0-255,4320,90658,34,216348
24466,0.00105,172.31.33.0-255,66,90724,34,216348
24467,0.001053,172.217.194.0-255,1484,92208,34,216348
24468,0.001078,172.31.33.0-255,66,92274,34,216348
24469,0.001092,172.217.194.0-255,4320,96594,34,216348
24470,0.001094,172.31.33.0-255,66,96660,34,216348
24471,0.001121,172.217.194.0-255,6438,103098,34,216348
24472,0.001124,172.31.33.0-255,66,103164,34,216348
24473,0.001278,172.217.194.0-255,1484,104648,34,216348
24474,0.001286,172.217.194.0-255,2902,107550,34,216348
24475,0.001289,172.31.33.0-255,66,107616,34,216348
24476,0.001319,172.217.194.0-255,5738,113354,34,216348
24477,0.001322,172.31.33.0-255,66,113420,34,216348
24478,0.001356,172.31.33.0-255,66,113486,34,216348
24479,0.001383,172.217.194.0-255,5738,119224,34,216348
24480,0.001386,172.31.33.0-255,66,119290,34,216348
24481,0.001419,172.31.33.0-255,66,119356,34,216348
24482,0.001444,172.217.194.0-255,1484,120840,34,216348
24483,0.001449,172.217.194.0-255,2902,123742,34,216348
24484,0.001451,172.31.33.0-255,66,123808,34,216348
24485,0.001455,172.217.194.0-255,1484,125292,34,216348
24486,0.001482,172.217.194.0-255,4320,129612,34,216348
24487,0.001484,172.31.33.0-255,66,129678,34,216348
24488,0.001498,172.31.33.0-255,66,129744,34,216348
24489,0.001501,172.217.194.0-255,1484,131228,34,216348
24490,0.001535,172.31.33.0-255,66,131294,34,216348
24491,0.001616,172.217.194.0-255,1484,132778,34,216348
24492,0.00163,172.217.194.0-255,2902,135680,34,216348
24493,0.001633,172.31.33.0-255,66,135746,34,216348
24494,0.001639,172.217.194.0-255,4320,140066,34,216348
24495,0.001642,172.31.33.0-255,66,140132,34,216348
24496,0.001657,172.217.194.0-255,1484,141616,34,216348
24497,0.00166,172.217.194.0-255,1484,143100,34,216348
24498,0.001666,172.31.33.0-255,66,143166,34,216348
24499,0.001714,172.31.33.0-255,66,143232,34,216348
24500,0.001722,172.217.194.0-255,7156,150388,34,216348
24501,0.001727,172.217.194.0-255,3602,153990,34,216348
24502,0.001779,172.217.194.0-255,1484,155474,34,216348
24503,0.001837,172.217.194.0-255,2902,158376,34,216348
24504,0.001843,172.217.194.0-255,5738,164114,34,216348
24505,0.001889,172.217.194.0-255,7156,171270,34,216348
24506,0.001902,172.217.194.0-255,3602,174872,34,216348
24507,0.001919,172.217.194.0-255,4320,179192,34,216348
24508,0.001941,172.217.194.0-255,7156,186348,34,216348
24509,0.002,172.217.194.0-255,2902,189250,34,216348
24510,0.00205,172.217.194.0-255,2184,191434,34,216348
24511,0.00207,172.217.194.0-255,2184,193618,34,216348
24512,0.002101,172.217.194.0-255,1484,195102,34,216348
24513,0.002107,172.31.33.0-255,78,195180,34,216348
24514,0.002126,172.31.33.0-255,78,195258,34,216348
24515,0.002156,172.217.194.0-255,5738,200996,34,216348
24516,0.002161,172.217.194.0-255,2292,203288,34,216348
24517,0.002164,172.217.194.0-255,105,203393,34,216348
24518,0.009331,172.31.33.0-255,66,203459,34,216348
24519,0.00981,172.217.194.0-255,5738,209197,34,216348
24520,0.009819,172.31.33.0-255,78,209275,34,216348
24521,0.012842,172.31.33.0-255,105,209380,34,216348
24522,0.014872,172.217.194.0-255,66,209446,34,216348
24523,0.039463,172.31.33.0-255,172,209618,34,216348
24524,0.039501,172.31.33.0-255,1112,210730,34,216348
24525,0.039575,172.31.33.0-255,1514,212244,34,216348
24526,0.039577,172.31.33.0-255,1514,213758,34,216348
24527,0.039578,172.31.33.0-255,1514,215272,34,216348
24528,0.039579,172.31.33.0-255,1076,216348,34,216348
24529,0.0,172.217.194.0-255,431,431,34,131290
24530,2.6e-05,172.217.194.0-255,1484,1915,34,131290
24531,3.7e-05,172.31.33.0-255,66,1981,34,131290
24532,4.5e-05,172.217.194.0-255,4320,6301,34,131290
24533,4.8e-05,172.31.33.0-255,66,6367,34,131290
24534,6.2e-05,172.217.194.0-255,5738,12105,34,131290
24535,6.5e-05,172.31.33.0-255,66,12171,34,131290
24536,0.000262,172.217.194.0-255,2084,14255,34,131290
24537,0.000268,172.31.33.0-255,66,14321,34,131290
24538,0.000352,172.217.194.0-255,2902,17223,34,131290
24539,0.000358,172.31.33.0-255,66,17289,34,131290
24540,0.000477,172.217.194.0-255,7156,24445,34,131290
24541,0.000484,172.31.33.0-255,66,24511,34,131290
24542,0.000787,172.217.194.0-255,5597,30108,34,131290
24543,0.000811,172.31.33.0-255,66,30174,34,131290
24544,0.002341,172.217.194.0-255,5738,35912,34,131290
24545,0.002809,172.217.194.0-255,1484,37396,34,131290
24546,0.003468,172.217.194.0-255,5738,43134,34,131290
24547,0.003986,172.217.194.0-255,5738,48872,34,131290
24548,0.004485,172.217.194.0-255,5738,54610,34,131290
24549,0.011715,172.217.194.0-255,1484,56094,34,131290
24550,0.013422,172.31.33.0-255,66,56160,34,131290
24551,0.013491,172.31.33.0-255,66,56226,34,131290
24552,0.01365,172.31.33.0-255,66,56292,34,131290
24553,0.015736,172.217.194.0-255,7156,63448,34,131290
24554,0.015744,172.31.33.0-255,66,63514,34,131290
24555,0.015838,172.217.194.0-255,4320,67834,34,131290
24556,0.015844,172.31.33.0-255,66,67900,34,131290
24557,0.015855,172.217.194.0-255,7156,75056,34,131290
24558,0.015861,172.31.33.0-255,66,75122,34,131290
24559,0.015888,172.217.194.0-255,2902,78024,34,131290
24560,0.015905,172.31.33.0-255,66,78090,34,131290
24561,0.016332,172.217.194.0-255,3756,81846,34,131290
24562,0.016337,172.31.33.0-255,66,81912,34,131290
24563,0.016463,172.31.33.0-255,66,81978,34,131290
24564,0.016828,172.31.33.0-255,66,82044,34,131290
24565,0.016856,172.217.194.0-255,4320,86364,34,131290
24566,0.016859,172.31.33.0-255,66,86430,34,131290
24567,0.017311,172.217.194.0-255,2532,88962,34,131290
24568,0.017317,172.31.33.0-255,66,89028,34,131290
24569,0.018025,172.31.33.0-255,66,89094,34,131290
24570,0.018052,172.217.194.0-255,3272,92366,34,131290
24571,0.018055,172.31.33.0-255,66,92432,34,131290
24572,0.018215,172.31.33.0-255,66,92498,34,131290
24573,0.01825,172.217.194.0-255,5738,98236,34,131290
24574,0.018254,172.31.33.0-255,66,98302,34,131290
24575,0.01871,172.217.194.0-255,5738,104040,34,131290
24576,0.018719,172.31.33.0-255,66,104106,34,131290
24577,0.018751,172.31.33.0-255,66,104172,34,131290
24578,0.019195,172.31.33.0-255,66,104238,34,131290
24579,0.019227,172.217.194.0-255,5738,109976,34,131290
24580,0.01923,172.31.33.0-255,66,110042,34,131290
24581,0.019241,172.31.33.0-255,172,110214,34,131290
24582,0.019276,172.31.33.0-255,1113,111327,34,131290
24583,0.019344,172.31.33.0-255,1514,112841,34,131290
24584,0.019346,172.31.33.0-255,1294,114135,34,131290
24585,0.019672,172.217.194.0-255,4320,118455,34,131290
24586,0.019677,172.31.33.0-255,66,118521,34,131290
24587,0.01971,172.31.33.0-255,66,118587,34,131290
24588,0.020073,172.217.194.0-255,4320,122907,34,131290
24589,0.020079,172.31.33.0-255,66,122973,34,131290
24590,0.02014,172.31.33.0-255,66,123039,34,131290
24591,0.020494,172.31.33.0-255,66,123105,34,131290
24592,0.020547,172.31.33.0-255,66,123171,34,131290
24593,0.02075,104.244.42.0-255,66,123237,34,131290
24594,0.020771,104.244.42.0-255,66,123303,34,131290
24595,0.0209,104.244.42.0-255,66,123369,34,131290
24596,0.020905,104.244.42.0-255,66,123435,34,131290
24597,0.021224,172.31.33.0-255,66,123501,34,131290
24598,0.021269,172.31.33.0-255,66,123567,34,131290
24599,0.021816,172.31.33.0-255,66,123633,34,131290
24600,0.021861,172.31.33.0-255,66,123699,34,131290
24601,0.022193,172.217.194.0-255,7156,130855,34,131290
24602,0.022197,172.31.33.0-255,66,130921,34,131290
24603,0.022247,172.31.33.0-255,66,130987,34,131290
24604,0.022512,172.31.33.0-255,66,131053,34,131290
24605,0.026906,172.31.33.0-255,66,131119,34,131290
24606,0.028143,172.31.33.0-255,105,131224,34,131290
24607,0.030413,172.217.194.0-255,66,131290,34,131290
24608,0.0,74.125.68.0-255,153,153,34,289394
24609,1.8e-05,172.31.33.0-255,66,219,34,289394
24610,2.6e-05,74.125.68.0-255,1484,1703,34,289394
24611,3e-05,172.31.33.0-255,66,1769,34,289394
24612,3.7e-05,74.125.68.0-255,2902,4671,34,289394
24613,4e-05,172.31.33.0-255,66,4737,34,289394
24614,6.6e-05,74.125.68.0-255,2902,7639,34,289394
24615,6.9e-05,172.31.33.0-255,66,7705,34,289394
24616,7.6e-05,74.125.68.0-255,4320,12025,34,289394
24617,7.8e-05,172.31.33.0-255,66,12091,34,289394
24618,9.6e-05,74.125.68.0-255,1484,13575,34,289394
24619,9.8e-05,172.31.33.0-255,66,13641,34,289394
24620,0.000127,172.31.33.0-255,66,13707,34,289394
24621,0.000139,172.31.33.0-255,66,13773,34,289394
24622,0.000236,74.125.68.0-255,1484,15257,34,289394
24623,0.00024,172.31.33.0-255,66,15323,34,289394
24624,0.000244,74.125.68.0-255,1484,16807,34,289394
24625,0.000246,172.31.33.0-255,66,16873,34,289394
24626,0.000273,74.125.68.0-255,2902,19775,34,289394
24627,0.000276,172.31.33.0-255,66,19841,34,289394
24628,0.000282,74.125.68.0-255,5738,25579,34,289394
24629,0.000285,172.31.33.0-255,66,25645,34,289394
24630,0.000324,74.125.68.0-255,5379,31024,34,289394
24631,0.000327,172.31.33.0-255,66,31090,34,289394
24632,0.000331,74.125.68.0-255,2902,33992,34,289394
24633,0.000333,172.31.33.0-255,66,34058,34,289394
24634,0.000349,74.125.68.0-255,2902,36960,34,289394
24635,0.000352,172.31.33.0-255,66,37026,34,289394
24636,0.000359,74.125.68.0-255,7156,44182,34,289394
24637,0.000362,172.31.33.0-255,66,44248,34,289394
24638,0.000409,74.125.68.0-255,4237,48485,34,289394
24639,0.000438,74.125.68.0-255,411,48896,34,289394
24640,0.000507,172.31.33.0-255,66,48962,34,289394
24641,0.000651,74.125.68.0-255,1484,50446,34,289394
24642,0.00067,74.125.68.0-255,2902,53348,34,289394
24643,0.000678,74.125.68.0-255,5738,59086,34,289394
24644,0.000698,172.31.33.0-255,66,59152,34,289394
24645,0.000713,74.125.68.0-255,4320,63472,34,289394
24646,0.000736,74.125.68.0-255,7156,70628,34,289394
24647,0.000738,74.125.68.0-255,1484,72112,34,289394
24648,0.000741,172.31.33.0-255,66,72178,34,289394
24649,0.000763,172.31.33.0-255,66,72244,34,289394
24650,0.000779,74.125.68.0-255,766,73010,34,289394
24651,0.000836,74.125.68.0-255,1484,74494,34,289394
24652,0.000844,172.31.33.0-255,66,74560,34,289394
24653,0.000856,74.125.68.0-255,2902,77462,34,289394
24654,0.00086,74.125.68.0-255,2902,80364,34,289394
24655,0.000874,172.31.33.0-255,66,80430,34,289394
24656,0.000882,74.125.68.0-255,1484,81914,34,289394
24657,0.000888,74.125.68.0-255,5738,87652,34,289394
24658,0.000893,172.31.33.0-255,66,87718,34,289394
24659,0.000902,74.125.68.0-255,1484,89202,34,289394
24660,0.000935,172.31.33.0-255,66,89268,34,289394
24661,0.000965,74.125.68.0-255,2902,92170,34,289394
24662,0.000976,172.31.33.0-255,66,92236,34,289394
24663,0.000983,74.125.68.0-255,6438,98674,34,289394
24664,0.000993,172.31.33.0-255,66,98740,34,289394
24665,0.001384,74.125.68.0-255,1484,100224,34,289394
24666,0.001406,74.125.68.0-255,2902,103126,34,289394
24667,0.00141,172.31.33.0-255,66,103192,34,289394
24668,0.001417,74.125.68.0-255,5738,108930,34,289394
24669,0.001429,74.125.68.0-255,2902,111832,34,289394
24670,0.001432,172.31.33.0-255,66,111898,34,289394
24671,0.001436,172.31.33.0-255,66,111964,34,289394
24672,0.001452,74.125.68.0-255,4320,116284,34,289394
24673,0.001457,74.125.68.0-255,2902,119186,34,289394
24674,0.001467,172.31.33.0-255,66,119252,34,289394
24675,0.001487,172.31.33.0-255,66,119318,34,289394
24676,0.001519,74.125.68.0-255,2184,121502,34,289394
24677,0.00154,172.31.33.0-255,66,121568,34,289394
24678,0.001607,74.125.68.0-255,1484,123052,34,289394
24679,0.001613,74.125.68.0-255,2902,125954,34,289394
24680,0.00162,172.31.33.0-255,66,126020,34,289394
24681,0.001631,74.125.68.0-255,5738,131758,34,289394
24682,0.001636,172.31.33.0-255,66,131824,34,289394
24683,0.001678,172.31.33.0-255,66,131890,34,289394
24684,0.001698,74.125.68.0-255,4320,136210,34,289394
24685,0.001703,74.125.68.0-255,4320,140530,34,289394
24686,0.00171,172.31.33.0-255,66,140596,34,289394
24687,0.001731,74.125.68.0-255,6438,147034,34,289394
24688,0.001767,172.31.33.0-255,66,147100,34,289394
24689,0.001888,74.125.68.0-255,1484,148584,34,289394
24690,0.001903,74.125.68.0-255,2902,151486,34,289394
24691,0.001915,172.31.33.0-255,66,151552,34,289394
24692,0.001934,74.125.68.0-255,5738,157290,34,289394
24693,0.001938,74.125.68.0-255,1484,158774,34,289394
24694,0.001952,74.125.68.0-255,5738,164512,34,289394
24695,0.001957,172.31.33.0-255,66,164578,34,289394
24696,0.001991,74.125.68.0-255,2902,167480,34,289394
24697,0.002017,172.31.33.0-255,66,167546,34,289394
24698,0.00202,74.125.68.0-255,766,168312,34,289394
24699,0.002082,74.125.68.0-255,1484,169796,34,289394
24700,0.002086,74.125.68.0-255,1484,171280,34,289394
24701,0.002089,172.31.33.0-255,66,171346,34,289394
24702,0.002109,74.125.68.0-255,1484,172830,34,289394
24703,0.002116,74.125.68.0-255,5738,178568,34,289394
24704,0.002151,172.31.33.0-255,66,178634,34,289394
24705,0.002167,74.125.68.0-255,7156,185790,34,289394
24706,0.002188,74.125.68.0-255,5738,191528,34,289394
24707,0.002204,74.125.68.0-255,2184,193712,34,289394
24708,0.002208,74.125.68.0-255,4320,198032,34,289394
24709,0.002226,74.125.68.0-255,4320,202352,34,289394
24710,0.002256,74.125.68.0-255,2902,205254,34,289394
24711,0.002281,74.125.68.0-255,3602,208856,34,289394
24712,0.002316,74.125.68.0-255,4320,213176,34,289394
24713,0.002331,74.125.68.0-255,4320,217496,34,289394
24714,0.002343,74.125.68.0-255,4320,221816,34,289394
24715,0.002352,74.125.68.0-255,1484,223300,34,289394
24716,0.002377,74.125.68.0-255,7156,230456,34,289394
24717,0.002397,74.125.68.0-255,4320,234776,34,289394
24718,0.002401,74.125.68.0-255,4320,239096,34,289394
24719,0.002441,74.125.68.0-255,3602,242698,34,289394
24720,0.002463,74.125.68.0-255,2902,245600,34,289394
24721,0.002473,74.125.68.0-255,1484,247084,34,289394
24722,0.002488,74.125.68.0-255,4320,251404,34,289394
24723,0.002508,74.125.68.0-255,4320,255724,34,289394
24724,0.002514,74.125.68.0-255,5738,261462,34,289394
24725,0.002532,74.125.68.0-255,4320,265782,34,289394
24726,0.002611,74.125.68.0-255,2902,268684,34,289394
24727,0.002616,74.125.68.0-255,4320,273004,34,289394
24728,0.002618,74.125.68.0-255,1484,274488,34,289394
24729,0.002621,74.125.68.0-255,1484,275972,34,289394
24730,0.002646,74.125.68.0-255,1484,277456,34,289394
24731,0.00266,74.125.68.0-255,4243,281699,34,289394
24732,0.002691,74.125.68.0-255,105,281804,34,289394
24733,0.013426,172.31.33.0-255,66,281870,34,289394
24734,0.013741,74.125.68.0-255,105,281975,34,289394
24735,0.01375,172.31.33.0-255,78,282053,34,289394
24736,0.015642,172.31.33.0-255,105,282158,34,289394
24737,0.018196,74.125.68.0-255,66,282224,34,289394
24738,0.035121,172.31.33.0-255,172,282396,34,289394
24739,0.035157,172.31.33.0-255,1112,283508,34,289394
24740,0.035216,172.31.33.0-255,1514,285022,34,289394
24741,0.035218,172.31.33.0-255,1514,286536,34,289394
24742,0.035223,172.31.33.0-255,1514,288050,34,289394
24743,0.035224,172.31.33.0-255,1080,289130,34,289394
24744,0.036608,104.244.42.0-255,66,289196,34,289394
24745,0.036642,104.244.42.0-255,66,289262,34,289394
24746,0.036716,104.244.42.0-255,66,289328,34,289394
24747,0.036728,104.244.42.0-255,66,289394,34,289394
24748,0.0,172.217.194.0-255,153,153,34,207112
24749,1.5e-05,172.31.33.0-255,66,219,34,207112
24750,2.2e-05,172.217.194.0-255,1484,1703,34,207112
24751,2.5e-05,172.31.33.0-255,66,1769,34,207112
24752,3.1e-05,172.217.194.0-255,2902,4671,34,207112
24753,3.9e-05,172.31.33.0-255,66,4737,34,207112
24754,4.6e-05,172.217.194.0-255,7156,11893,34,207112
24755,4.8e-05,172.31.33.0-255,66,11959,34,207112
24756,8.2e-05,172.217.194.0-255,5738,17697,34,207112
24757,8.5e-05,172.31.33.0-255,66,17763,34,207112
24758,0.000121,172.31.33.0-255,66,17829,34,207112
24759,0.000124,172.217.194.0-255,2543,20372,34,207112
24760,0.000126,172.31.33.0-255,66,20438,34,207112
24761,0.000169,172.217.194.0-255,2902,23340,34,207112
24762,0.000171,172.31.33.0-255,66,23406,34,207112
24763,0.000178,172.217.194.0-255,7156,30562,34,207112
24764,0.00018,172.31.33.0-255,66,30628,34,207112
24765,0.000211,172.31.33.0-255,66,30694,34,207112
24766,0.000235,172.217.194.0-255,3961,34655,34,207112
24767,0.000237,172.31.33.0-255,66,34721,34,207112
24768,0.000242,172.217.194.0-255,4320,39041,34,207112
24769,0.000244,172.31.33.0-255,66,39107,34,207112
24770,0.000272,172.217.194.0-255,7088,46195,34,207112
24771,0.000275,172.31.33.0-255,66,46261,34,207112
24772,0.000435,172.217.194.0-255,98,46359,34,207112
24773,0.000439,172.31.33.0-255,66,46425,34,207112
24774,0.000505,172.217.194.0-255,1484,47909,34,207112
24775,0.000508,172.31.33.0-255,66,47975,34,207112
24776,0.000512,172.217.194.0-255,1484,49459,34,207112
24777,0.000514,172.31.33.0-255,66,49525,34,207112
24778,0.000534,172.217.194.0-255,1484,51009,34,207112
24779,0.000551,172.217.194.0-255,2902,53911,34,207112
24780,0.000566,172.217.194.0-255,2902,56813,34,207112
24781,0.000569,172.31.33.0-255,66,56879,34,207112
24782,0.000573,172.31.33.0-255,66,56945,34,207112
24783,0.000607,172.217.194.0-255,1125,58070,34,207112
24784,0.000612,172.31.33.0-255,66,58136,34,207112
24785,0.000648,172.217.194.0-255,3678,61814,34,207112
24786,0.000676,172.31.33.0-255,66,61880,34,207112
24787,0.000695,172.217.194.0-255,7156,69036,34,207112
24788,0.000731,172.217.194.0-255,7156,76192,34,207112
24789,0.000734,172.31.33.0-255,66,76258,34,207112
24790,0.000752,172.217.194.0-255,766,77024,34,207112
24791,0.000757,172.31.33.0-255,66,77090,34,207112
24792,0.000839,172.217.194.0-255,1484,78574,34,207112
24793,0.000845,172.217.194.0-255,2902,81476,34,207112
24794,0.00085,172.31.33.0-255,66,81542,34,207112
24795,0.000874,172.217.194.0-255,5738,87280,34,207112
24796,0.000898,172.217.194.0-255,1484,88764,34,207112
24797,0.000902,172.217.194.0-255,2902,91666,34,207112
24798,0.000906,172.31.33.0-255,66,91732,34,207112
24799,0.000923,172.31.33.0-255,66,91798,34,207112
24800,0.000934,172.217.194.0-255,5738,97536,34,207112
24801,0.000936,172.217.194.0-255,1484,99020,34,207112
24802,0.000961,172.217.194.0-255,2902,101922,34,207112
24803,0.000978,172.31.33.0-255,66,101988,34,207112
24804,0.001025,172.31.33.0-255,66,102054,34,207112
24805,0.001104,172.217.194.0-255,1484,103538,34,207112
24806,0.001125,172.217.194.0-255,2902,106440,34,207112
24807,0.00113,172.217.194.0-255,2902,109342,34,207112
24808,0.001143,172.31.33.0-255,66,109408,34,207112
24809,0.001148,172.217.194.0-255,2902,112310,34,207112
24810,0.001152,172.217.194.0-255,4320,116630,34,207112
24811,0.001188,172.31.33.0-255,66,116696,34,207112
24812,0.001253,172.31.33.0-255,66,116762,34,207112
24813,0.001375,172.217.194.0-255,1484,118246,34,207112
24814,0.001381,172.217.194.0-255,2902,121148,34,207112
24815,0.001399,172.217.194.0-255,5738,126886,34,207112
24816,0.001408,172.31.33.0-255,66,126952,34,207112
24817,0.00142,172.217.194.0-255,5738,132690,34,207112
24818,0.001439,172.217.194.0-255,7156,139846,34,207112
24819,0.001442,172.31.33.0-255,66,139912,34,207112
24820,0.001454,172.217.194.0-255,4320,144232,34,207112
24821,0.001483,172.217.194.0-255,6438,150670,34,207112
24822,0.001493,172.31.33.0-255,66,150736,34,207112
24823,0.00219,172.217.194.0-255,1484,152220,34,207112
24824,0.002197,172.217.194.0-255,2902,155122,34,207112
24825,0.0022,172.31.33.0-255,66,155188,34,207112
24826,0.002205,172.217.194.0-255,2902,158090,34,207112
24827,0.002209,172.31.33.0-255,66,158156,34,207112
24828,0.002229,172.217.194.0-255,2902,161058,34,207112
24829,0.002239,172.217.194.0-255,4320,165378,34,207112
24830,0.002273,172.217.194.0-255,2902,168280,34,207112
24831,0.002292,172.217.194.0-255,2184,170464,34,207112
24832,0.002295,172.217.194.0-255,1484,171948,34,207112
24833,0.002297,172.217.194.0-255,1484,173432,34,207112
24834,0.002317,172.217.194.0-255,1484,174916,34,207112
24835,0.002331,172.217.194.0-255,5738,180654,34,207112
24836,0.002401,172.217.194.0-255,7156,187810,34,207112
24837,0.002408,172.217.194.0-255,6438,194248,34,207112
24838,0.002411,172.217.194.0-255,1484,195732,34,207112
24839,0.002514,172.217.194.0-255,7156,202888,34,207112
24840,0.002517,172.217.194.0-255,766,203654,34,207112
24841,0.002546,172.217.194.0-255,2902,206556,34,207112
24842,0.002561,172.217.194.0-255,97,206653,34,207112
24843,0.002563,172.217.194.0-255,105,206758,34,207112
24844,0.01174,172.217.194.0-255,105,206863,34,207112
24845,0.011762,172.31.33.0-255,78,206941,34,207112
24846,0.014361,172.31.33.0-255,105,207046,34,207112
24847,0.016404,172.217.194.0-255,66,207112,34,207112
24848,0.0,74.125.130.0-255,153,153,34,294678
24849,2.3e-05,172.31.33.0-255,66,219,34,294678
24850,3e-05,74.125.130.0-255,1484,1703,34,294678
24851,3.4e-05,172.31.33.0-255,66,1769,34,294678
24852,4e-05,74.125.130.0-255,2902,4671,34,294678
24853,4.4e-05,172.31.33.0-255,66,4737,34,294678
24854,4.7e-05,74.125.130.0-255,1484,6221,34,294678
24855,4.9e-05,172.31.33.0-255,66,6287,34,294678
24856,7.8e-05,74.125.130.0-255,2902,9189,34,294678
24857,8.1e-05,172.31.33.0-255,66,9255,34,294678
24858,0.0001,74.125.130.0-255,1484,10739,34,294678
24859,0.000102,172.31.33.0-255,66,10805,34,294678
24860,0.000123,74.125.130.0-255,3547,14352,34,294678
24861,0.000126,172.31.33.0-255,66,14418,34,294678
24862,0.000583,74.125.130.0-255,1484,15902,34,294678
24863,0.00059,172.31.33.0-255,66,15968,34,294678
24864,0.000599,74.125.130.0-255,2902,18870,34,294678
24865,0.000601,172.31.33.0-255,66,18936,34,294678
24866,0.000626,74.125.130.0-255,2902,21838,34,294678
24867,0.000628,172.31.33.0-255,66,21904,34,294678
24868,0.00066,74.125.130.0-255,4320,26224,34,294678
24869,0.000663,172.31.33.0-255,66,26290,34,294678
24870,0.000666,74.125.130.0-255,1484,27774,34,294678
24871,0.000668,172.31.33.0-255,66,27840,34,294678
24872,0.000683,74.125.130.0-255,2902,30742,34,294678
24873,0.000686,172.31.33.0-255,66,30808,34,294678
24874,0.000712,74.125.130.0-255,3961,34769,34,294678
24875,0.000716,172.31.33.0-255,66,34835,34,294678
24876,0.000719,74.125.130.0-255,1484,36319,34,294678
24877,0.000721,172.31.33.0-255,66,36385,34,294678
24878,0.000736,74.125.130.0-255,2902,39287,34,294678
24879,0.000738,172.31.33.0-255,66,39353,34,294678
24880,0.000741,74.125.130.0-255,1484,40837,34,294678
24881,0.000763,172.31.33.0-255,66,40903,34,294678
24882,0.000767,74.125.130.0-255,2902,43805,34,294678
24883,0.00077,172.31.33.0-255,66,43871,34,294678
24884,0.000829,74.125.130.0-255,5738,49609,34,294678
24885,0.000834,172.31.33.0-255,66,49675,34,294678
24886,0.000848,74.125.130.0-255,4320,53995,34,294678
24887,0.00085,172.31.33.0-255,66,54061,34,294678
24888,0.000867,74.125.130.0-255,3602,57663,34,294678
24889,0.00087,172.31.33.0-255,66,57729,34,294678
24890,0.000899,74.125.130.0-255,392,58121,34,294678
24891,0.001083,74.125.130.0-255,1484,59605,34,294678
24892,0.001088,172.31.33.0-255,66,59671,34,294678
24893,0.001094,74.125.130.0-255,2902,62573,34,294678
24894,0.001097,172.31.33.0-255,66,62639,34,294678
24895,0.001102,74.125.130.0-255,2902,65541,34,294678
24896,0.001104,172.31.33.0-255,66,65607,34,294678
24897,0.001124,74.125.130.0-255,2902,68509,34,294678
24898,0.001127,172.31.33.0-255,66,68575,34,294678
24899,0.001133,74.125.130.0-255,5738,74313,34,294678
24900,0.001135,172.31.33.0-255,66,74379,34,294678
24901,0.001142,74.125.130.0-255,5738,80117,34,294678
24902,0.001145,172.31.33.0-255,66,80183,34,294678
24903,0.00117,74.125.130.0-255,1484,81667,34,294678
24904,0.001184,172.31.33.0-255,66,81733,34,294678
24905,0.001321,74.125.130.0-255,1484,83217,34,294678
24906,0.001347,74.125.130.0-255,1484,84701,34,294678
24907,0.00135,172.31.33.0-255,66,84767,34,294678
24908,0.00137,74.125.130.0-255,1484,86251,34,294678
24909,0.001375,74.125.130.0-255,2902,89153,34,294678
24910,0.001377,172.31.33.0-255,66,89219,34,294678
24911,0.001382,74.125.130.0-255,4320,93539,34,294678
24912,0.001384,172.31.33.0-255,66,93605,34,294678
24913,0.001411,74.125.130.0-255,7156,100761,34,294678
24914,0.001413,172.31.33.0-255,66,100827,34,294678
24915,0.001433,74.125.130.0-255,1484,102311,34,294678
24916,0.001444,172.31.33.0-255,66,102377,34,294678
24917,0.001493,74.125.130.0-255,5020,107397,34,294678
24918,0.001495,172.31.33.0-255,66,107463,34,294678
24919,0.001514,74.125.130.0-255,1484,108947,34,294678
24920,0.001523,74.125.130.0-255,1484,110431,34,294678
24921,0.001525,172.31.33.0-255,66,110497,34,294678
24922,0.001545,74.125.130.0-255,1484,111981,34,294678
24923,0.001553,74.125.130.0-255,5738,117719,34,294678
24924,0.001555,172.31.33.0-255,66,117785,34,294678
24925,0.001588,74.125.130.0-255,2902,120687,34,294678
24926,0.00159,172.31.33.0-255,66,120753,34,294678
24927,0.001607,74.125.130.0-255,4320,125073,34,294678
24928,0.001609,172.31.33.0-255,66,125139,34,294678
24929,0.001621,74.125.130.0-255,2902,128041,34,294678
24930,0.001624,172.31.33.0-255,66,128107,34,294678
24931,0.001656,74.125.130.0-255,4320,132427,34,294678
24932,0.001658,172.31.33.0-255,66,132493,34,294678
24933,0.001687,74.125.130.0-255,4320,136813,34,294678
24934,0.001689,172.31.33.0-255,66,136879,34,294678
24935,0.0017,74.125.130.0-255,2902,139781,34,294678
24936,0.001702,172.31.33.0-255,66,139847,34,294678
24937,0.001717,74.125.130.0-255,2184,142031,34,294678
24938,0.001719,172.31.33.0-255,66,142097,34,294678
24939,0.001778,74.125.130.0-255,1484,143581,34,294678
24940,0.001789,74.125.130.0-255,1484,145065,34,294678
24941,0.001791,172.31.33.0-255,66,145131,34,294678
24942,0.001806,74.125.130.0-255,1484,146615,34,294678
24943,0.001817,74.125.130.0-255,2902,149517,34,294678
24944,0.001819,172.31.33.0-255,66,149583,34,294678
24945,0.001851,74.125.130.0-255,4320,153903,34,294678
24946,0.001853,172.31.33.0-255,66,153969,34,294678
24947,0.001866,74.125.130.0-255,2902,156871,34,294678
24948,0.001867,172.31.33.0-255,66,156937,34,294678
24949,0.001884,74.125.130.0-255,4320,161257,34,294678
24950,0.001887,172.31.33.0-255,66,161323,34,294678
24951,0.001891,74.125.130.0-255,4320,165643,34,294678
24952,0.001893,172.31.33.0-255,66,165709,34,294678
24953,0.001915,74.125.130.0-255,4320,170029,34,294678
24954,0.001917,172.31.33.0-255,66,170095,34,294678
24955,0.00192,74.125.130.0-255,1484,171579,34,294678
24956,0.001939,74.125.130.0-255,5020,176599,34,294678
24957,0.001941,172.31.33.0-255,66,176665,34,294678
24958,0.001999,74.125.130.0-255,1484,178149,34,294678
24959,0.002018,74.125.130.0-255,1484,179633,34,294678
24960,0.00202,172.31.33.0-255,66,179699,34,294678
24961,0.002032,74.125.130.0-255,1484,181183,34,294678
24962,0.002034,74.125.130.0-255,1484,182667,34,294678
24963,0.002046,74.125.130.0-255,2902,185569,34,294678
24964,0.002063,74.125.130.0-255,4320,189889,34,294678
24965,0.002075,74.125.130.0-255,1484,191373,34,294678
24966,0.002078,74.125.130.0-255,2902,194275,34,294678
24967,0.00209,74.125.130.0-255,1484,195759,34,294678
24968,0.002102,74.125.130.0-255,2902,198661,34,294678
24969,0.002119,74.125.130.0-255,2902,201563,34,294678
24970,0.002132,74.125.130.0-255,1484,203047,34,294678
24971,0.003882,172.31.33.0-255,66,203113,34,294678
24972,0.006211,74.125.130.0-255,5738,208851,34,294678
24973,0.006218,172.31.33.0-255,66,208917,34,294678
24974,0.008559,74.125.130.0-255,5738,214655,34,294678
24975,0.008568,172.31.33.0-255,66,214721,34,294678
24976,0.010894,74.125.130.0-255,5738,220459,34,294678
24977,0.010901,172.31.33.0-255,66,220525,34,294678
24978,0.013213,74.125.130.0-255,5738,226263,34,294678
24979,0.013231,172.31.33.0-255,66,226329,34,294678
24980,0.01556,74.125.130.0-255,5738,232067,34,294678
24981,0.015575,172.31.33.0-255,66,232133,34,294678
24982,0.017899,74.125.130.0-255,5738,237871,34,294678
24983,0.017912,172.31.33.0-255,66,237937,34,294678
24984,0.020226,74.125.130.0-255,5738,243675,34,294678
24985,0.020235,172.31.33.0-255,66,243741,34,294678
24986,0.022568,74.125.130.0-255,5738,249479,34,294678
24987,0.022585,172.31.33.0-255,66,249545,34,294678
24988,0.024909,74.125.130.0-255,5738,255283,34,294678
24989,0.024919,172.31.33.0-255,66,255349,34,294678
24990,0.027235,74.125.130.0-255,5738,261087,34,294678
24991,0.027242,172.31.33.0-255,66,261153,34,294678
24992,0.029564,74.125.130.0-255,5738,266891,34,294678
24993,0.029579,172.31.33.0-255,66,266957,34,294678
24994,0.03189,74.125.130.0-255,5738,272695,34,294678
24995,0.031899,172.31.33.0-255,66,272761,34,294678
24996,0.034239,74.125.130.0-255,5738,278499,34,294678
24997,0.034257,172.31.33.0-255,66,278565,34,294678
24998,0.0366,74.125.130.0-255,2902,281467,34,294678
24999,0.036606,172.31.33.0-255,66,281533,34,294678
25000,0.036625,74.125.130.0-255,2902,284435,34,294678
25001,0.036627,172.31.33.0-255,66,284501,34,294678
25002,0.037639,172.31.33.0-255,188,284689,34,294678
25003,0.037667,172.31.33.0-255,957,285646,34,294678
25004,0.03772,172.31.33.0-255,1514,287160,34,294678
25005,0.037722,172.31.33.0-255,1450,288610,34,294678
25006,0.038915,74.125.130.0-255,4320,292930,34,294678
25007,0.038924,172.31.33.0-255,66,292996,34,294678
25008,0.038941,74.125.130.0-255,1484,294480,34,294678
25009,0.039291,104.244.42.0-255,66,294546,34,294678
25010,0.039337,104.244.42.0-255,66,294612,34,294678
25011,0.039341,104.244.42.0-255,66,294678,34,294678
25012,0.0,74.125.24.0-255,143,143,34,190648
25013,1.1e-05,172.31.33.0-255,66,209,34,190648
25014,1.6e-05,74.125.24.0-255,1484,1693,34,190648
25015,2e-05,172.31.33.0-255,66,1759,34,190648
25016,3.7e-05,74.125.24.0-255,2902,4661,34,190648
25017,3.9e-05,172.31.33.0-255,66,4727,34,190648
25018,4.5e-05,74.125.24.0-255,4320,9047,34,190648
25019,4.8e-05,172.31.33.0-255,66,9113,34,190648
25020,7.2e-05,74.125.24.0-255,2902,12015,34,190648
25021,7.4e-05,172.31.33.0-255,66,12081,34,190648
25022,7.8e-05,74.125.24.0-255,2040,14121,34,190648
25023,8e-05,172.31.33.0-255,66,14187,34,190648
25024,8.3e-05,74.125.24.0-255,1484,15671,34,190648
25025,8.5e-05,172.31.33.0-255,66,15737,34,190648
25026,0.000107,172.31.33.0-255,66,15803,34,190648
25027,0.000128,74.125.24.0-255,5379,21182,34,190648
25028,0.000131,172.31.33.0-255,66,21248,34,190648
25029,0.000209,74.125.24.0-255,1484,22732,34,190648
25030,0.000212,172.31.33.0-255,66,22798,34,190648
25031,0.000217,74.125.24.0-255,2902,25700,34,190648
25032,0.000219,172.31.33.0-255,66,25766,34,190648
25033,0.000221,74.125.24.0-255,1484,27250,34,190648
25034,0.000224,172.31.33.0-255,66,27316,34,190648
25035,0.000239,74.125.24.0-255,4320,31636,34,190648
25036,0.000241,172.31.33.0-255,66,31702,34,190648
25037,0.000264,74.125.24.0-255,5738,37440,34,190648
25038,0.000267,172.31.33.0-255,66,37506,34,190648
25039,0.000294,74.125.24.0-255,5738,43244,34,190648
25040,0.000296,172.31.33.0-255,66,43310,34,190648
25041,0.000307,172.31.33.0-255,66,43376,34,190648
25042,0.00031,74.125.24.0-255,395,43771,34,190648
25043,0.000352,74.125.24.0-255,115,43886,34,190648
25044,0.000445,74.125.24.0-255,1484,45370,34,190648
25045,0.000449,172.31.33.0-255,66,45436,34,190648
25046,0.000453,74.125.24.0-255,2902,48338,34,190648
25047,0.000455,172.31.33.0-255,66,48404,34,190648
25048,0.000458,74.125.24.0-255,1484,49888,34,190648
25049,0.000473,74.125.24.0-255,4320,54208,34,190648
25050,0.000475,172.31.33.0-255,66,54274,34,190648
25051,0.000478,74.125.24.0-255,1484,55758,34,190648
25052,0.000502,172.31.33.0-255,66,55824,34,190648
25053,0.000528,172.31.33.0-255,66,55890,34,190648
25054,0.000674,74.125.24.0-255,1484,57374,34,190648
25055,0.000679,74.125.24.0-255,2902,60276,34,190648
25056,0.000682,172.31.33.0-255,66,60342,34,190648
25057,0.000685,74.125.24.0-255,1484,61826,34,190648
25058,0.000705,74.125.24.0-255,4320,66146,34,190648
25059,0.000707,172.31.33.0-255,66,66212,34,190648
25060,0.000723,74.125.24.0-255,4320,70532,34,190648
25061,0.000725,172.31.33.0-255,66,70598,34,190648
25062,0.000749,74.125.24.0-255,5738,76336,34,190648
25063,0.000753,172.31.33.0-255,66,76402,34,190648
25064,0.000766,74.125.24.0-255,2902,79304,34,190648
25065,0.000768,172.31.33.0-255,66,79370,34,190648
25066,0.000803,172.31.33.0-255,66,79436,34,190648
25067,0.001168,74.125.24.0-255,1484,80920,34,190648
25068,0.001186,74.125.24.0-255,2902,83822,34,190648
25069,0.001189,172.31.33.0-255,66,83888,34,190648
25070,0.001208,74.125.24.0-255,5738,89626,34,190648
25071,0.00121,172.31.33.0-255,66,89692,34,190648
25072,0.001215,74.125.24.0-255,2902,92594,34,190648
25073,0.001217,172.31.33.0-255,66,92660,34,190648
25074,0.001242,172.31.33.0-255,66,92726,34,190648
25075,0.001268,74.125.24.0-255,1484,94210,34,190648
25076,0.001281,172.31.33.0-255,66,94276,34,190648
25077,0.001472,74.125.24.0-255,1484,95760,34,190648
25078,0.001477,74.125.24.0-255,1484,97244,34,190648
25079,0.001479,172.31.33.0-255,66,97310,34,190648
25080,0.001502,74.125.24.0-255,1484,98794,34,190648
25081,0.001508,74.125.24.0-255,5738,104532,34,190648
25082,0.00151,172.31.33.0-255,66,104598,34,190648
25083,0.001516,74.125.24.0-255,5738,110336,34,190648
25084,0.001518,172.31.33.0-255,66,110402,34,190648
25085,0.001532,74.125.24.0-255,4320,114722,34,190648
25086,0.001534,172.31.33.0-255,66,114788,34,190648
25087,0.001553,172.31.33.0-255,66,114854,34,190648
25088,0.001557,74.125.24.0-255,2902,117756,34,190648
25089,0.001559,172.31.33.0-255,66,117822,34,190648
25090,0.001593,172.31.33.0-255,66,117888,34,190648
25091,0.001603,172.31.33.0-255,66,117954,34,190648
25092,0.001607,74.125.24.0-255,2902,120856,34,190648
25093,0.001609,172.31.33.0-255,66,120922,34,190648
25094,0.001646,172.31.33.0-255,66,120988,34,190648
25095,0.001953,74.125.24.0-255,1484,122472,34,190648
25096,0.001958,74.125.24.0-255,1484,123956,34,190648
25097,0.001961,172.31.33.0-255,66,124022,34,190648
25098,0.001982,74.125.24.0-255,1484,125506,34,190648
25099,0.001988,74.125.24.0-255,5738,131244,34,190648
25100,0.00199,172.31.33.0-255,66,131310,34,190648
25101,0.002027,172.31.33.0-255,66,131376,34,190648
25102,0.002038,172.31.33.0-255,66,131442,34,190648
25103,0.002101,172.31.33.0-255,66,131508,34,190648
25104,0.002117,172.31.33.0-255,66,131574,34,190648
25105,0.002124,74.125.24.0-255,7156,138730,34,190648
25106,0.002125,172.31.33.0-255,66,138796,34,190648
25107,0.002142,74.125.24.0-255,2902,141698,34,190648
25108,0.002144,172.31.33.0-255,66,141764,34,190648
25109,0.002181,172.31.33.0-255,66,141830,34,190648
25110,0.002211,172.31.33.0-255,66,141896,34,190648
25111,0.002218,74.125.24.0-255,7156,149052,34,190648
25112,0.00222,172.31.33.0-255,66,149118,34,190648
25113,0.002244,74.125.24.0-255,4320,153438,34,190648
25114,0.002246,172.31.33.0-255,66,153504,34,190648
25115,0.002258,172.31.33.0-255,66,153570,34,190648
25116,0.00226,74.125.24.0-255,1484,155054,34,190648
25117,0.002264,74.125.24.0-255,2902,157956,34,190648
25118,0.002266,172.31.33.0-255,66,158022,34,190648
25119,0.002289,74.125.24.0-255,5020,163042,34,190648
25120,0.002291,172.31.33.0-255,66,163108,34,190648
25121,0.002316,74.125.24.0-255,1484,164592,34,190648
25122,0.002331,74.125.24.0-255,2902,167494,34,190648
25123,0.002333,172.31.33.0-255,66,167560,34,190648
25124,0.002337,74.125.24.0-255,2902,170462,34,190648
25125,0.002339,172.31.33.0-255,66,170528,34,190648
25126,0.002356,74.125.24.0-255,2902,173430,34,190648
25127,0.002359,172.31.33.0-255,66,173496,34,190648
25128,0.002361,74.125.24.0-255,1484,174980,34,190648
25129,0.002365,74.125.24.0-255,2902,177882,34,190648
25130,0.002367,172.31.33.0-255,66,177948,34,190648
25131,0.002372,74.125.24.0-255,5738,183686,34,190648
25132,0.002374,172.31.33.0-255,66,183752,34,190648
25133,0.002419,74.125.24.0-255,6488,190240,34,190648
25134,0.002423,172.31.33.0-255,66,190306,34,190648
25135,0.002443,74.125.24.0-255,105,190411,34,190648
25136,0.013528,172.31.33.0-255,66,190477,34,190648
25137,0.013576,172.31.33.0-255,105,190582,34,190648
25138,0.015788,74.125.24.0-255,66,190648,34,190648
25139,0.0,172.217.194.0-255,153,153,34,230214
25140,3.1e-05,172.31.33.0-255,66,219,34,230214
25141,3.8e-05,172.217.194.0-255,1484,1703,34,230214
25142,4.1e-05,172.31.33.0-255,66,1769,34,230214
25143,4.6e-05,172.217.194.0-255,2902,4671,34,230214
25144,4.8e-05,172.31.33.0-255,66,4737,34,230214
25145,5.4e-05,172.217.194.0-255,7156,11893,34,230214
25146,5.6e-05,172.31.33.0-255,66,11959,34,230214
25147,7e-05,172.217.194.0-255,2125,14084,34,230214
25148,7.2e-05,172.31.33.0-255,66,14150,34,230214
25149,9.1e-05,172.217.194.0-255,2902,17052,34,230214
25150,9.3e-05,172.31.33.0-255,66,17118,34,230214
25151,0.00011,172.217.194.0-255,1484,18602,34,230214
25152,0.000112,172.31.33.0-255,66,18668,34,230214
25153,0.00013,172.217.194.0-255,5738,24406,34,230214
25154,0.000132,172.31.33.0-255,66,24472,34,230214
25155,0.000134,172.217.194.0-255,1484,25956,34,230214
25156,0.000136,172.31.33.0-255,66,26022,34,230214
25157,0.000172,172.217.194.0-255,5379,31401,34,230214
25158,0.000175,172.31.33.0-255,66,31467,34,230214
25159,0.000228,172.217.194.0-255,2902,34369,34,230214
25160,0.000231,172.31.33.0-255,66,34435,34,230214
25161,0.000235,172.217.194.0-255,2902,37337,34,230214
25162,0.000237,172.31.33.0-255,66,37403,34,230214
25163,0.000248,172.217.194.0-255,1484,38887,34,230214
25164,0.00025,172.31.33.0-255,66,38953,34,230214
25165,0.000283,172.217.194.0-255,7156,46109,34,230214
25166,0.000287,172.31.33.0-255,66,46175,34,230214
25167,0.0003,172.217.194.0-255,1484,47659,34,230214
25168,0.000302,172.31.33.0-255,66,47725,34,230214
25169,0.000314,172.31.33.0-255,66,47791,34,230214
25170,0.000337,172.31.33.0-255,66,47857,34,230214
25171,0.000358,172.217.194.0-255,378,48235,34,230214
25172,0.000479,172.217.194.0-255,1484,49719,34,230214
25173,0.000483,172.31.33.0-255,66,49785,34,230214
25174,0.000486,172.217.194.0-255,1484,51269,34,230214
25175,0.000502,172.217.194.0-255,1484,52753,34,230214
25176,0.000505,172.31.33.0-255,66,52819,34,230214
25177,0.000511,172.217.194.0-255,5738,58557,34,230214
25178,0.000513,172.31.33.0-255,66,58623,34,230214
25179,0.00053,172.217.194.0-255,4320,62943,34,230214
25180,0.000532,172.31.33.0-255,66,63009,34,230214
25181,0.000565,172.31.33.0-255,66,63075,34,230214
25182,0.000585,172.217.194.0-255,5738,68813,34,230214
25183,0.000588,172.31.33.0-255,66,68879,34,230214
25184,0.000602,172.217.194.0-255,5020,73899,34,230214
25185,0.000605,172.31.33.0-255,66,73965,34,230214
25186,0.000959,172.217.194.0-255,1484,75449,34,230214
25187,0.000978,172.217.194.0-255,2902,78351,34,230214
25188,0.000982,172.31.33.0-255,66,78417,34,230214
25189,0.000988,172.217.194.0-255,2902,81319,34,230214
25190,0.00099,172.31.33.0-255,66,81385,34,230214
25191,0.00101,172.217.194.0-255,7156,88541,34,230214
25192,0.001012,172.31.33.0-255,66,88607,34,230214
25193,0.001043,172.217.194.0-255,4320,92927,34,230214
25194,0.001046,172.31.33.0-255,66,92993,34,230214
25195,0.001071,172.31.33.0-255,66,93059,34,230214
25196,0.001089,172.217.194.0-255,2902,95961,34,230214
25197,0.001093,172.31.33.0-255,66,96027,34,230214
25198,0.001112,172.217.194.0-255,3602,99629,34,230214
25199,0.001114,172.31.33.0-255,66,99695,34,230214
25200,0.001367,172.217.194.0-255,1484,101179,34,230214
25201,0.001376,172.217.194.0-255,2902,104081,34,230214
25202,0.00138,172.31.33.0-255,66,104147,34,230214
25203,0.001396,172.217.194.0-255,4320,108467,34,230214
25204,0.001399,172.31.33.0-255,66,108533,34,230214
25205,0.001418,172.217.194.0-255,1484,110017,34,230214
25206,0.001421,172.217.194.0-255,1484,111501,34,230214
25207,0.001423,172.31.33.0-255,66,111567,34,230214
25208,0.001451,172.31.33.0-255,66,111633,34,230214
25209,0.001457,172.217.194.0-255,5738,117371,34,230214
25210,0.001459,172.31.33.0-255,66,117437,34,230214
25211,0.001492,172.217.194.0-255,2902,120339,34,230214
25212,0.001495,172.31.33.0-255,66,120405,34,230214
25213,0.001511,172.217.194.0-255,2184,122589,34,230214
25214,0.001513,172.31.33.0-255,66,122655,34,230214
25215,0.003558,172.217.194.0-255,5738,128393,34,230214
25216,0.003564,172.31.33.0-255,66,128459,34,230214
25217,0.005603,172.217.194.0-255,5738,134197,34,230214
25218,0.005605,172.31.33.0-255,66,134263,34,230214
25219,0.007669,172.217.194.0-255,5738,140001,34,230214
25220,0.007676,172.31.33.0-255,66,140067,34,230214
25221,0.009759,172.217.194.0-255,5738,145805,34,230214
25222,0.009766,172.31.33.0-255,66,145871,34,230214
25223,0.011826,172.217.194.0-255,5738,151609,34,230214
25224,0.011834,172.31.33.0-255,66,151675,34,230214
25225,0.013938,172.217.194.0-255,5738,157413,34,230214
25226,0.013946,172.31.33.0-255,66,157479,34,230214
25227,0.016016,172.217.194.0-255,5738,163217,34,230214
25228,0.016023,172.31.33.0-255,66,163283,34,230214
25229,0.018109,172.217.194.0-255,5738,169021,34,230214
25230,0.018116,172.31.33.0-255,66,169087,34,230214
25231,0.020165,172.217.194.0-255,5738,174825,34,230214
25232,0.020173,172.31.33.0-255,66,174891,34,230214
25233,0.022238,172.217.194.0-255,5738,180629,34,230214
25234,0.022245,172.31.33.0-255,66,180695,34,230214
25235,0.024344,172.217.194.0-255,2902,183597,34,230214
25236,0.024351,172.31.33.0-255,66,183663,34,230214
25237,0.024368,172.217.194.0-255,2902,186565,34,230214
25238,0.024372,172.31.33.0-255,66,186631,34,230214
25239,0.026063,172.31.33.0-255,188,186819,34,230214
25240,0.02609,172.31.33.0-255,957,187776,34,230214
25241,0.026141,172.31.33.0-255,1514,189290,34,230214
25242,0.026143,172.31.33.0-255,1450,190740,34,230214
25243,0.02641,172.217.194.0-255,5738,196478,34,230214
25244,0.026417,172.31.33.0-255,66,196544,34,230214
25245,0.027594,104.244.42.0-255,66,196610,34,230214
25246,0.027636,104.244.42.0-255,66,196676,34,230214
25247,0.027751,104.244.42.0-255,66,196742,34,230214
25248,0.028474,172.217.194.0-255,4320,201062,34,230214
25249,0.028478,172.31.33.0-255,66,201128,34,230214
25250,0.028506,172.217.194.0-255,1484,202612,34,230214
25251,0.030535,172.217.194.0-255,4320,206932,34,230214
25252,0.030541,172.31.33.0-255,66,206998,34,230214
25253,0.032614,172.217.194.0-255,5738,212736,34,230214
25254,0.032633,172.31.33.0-255,66,212802,34,230214
25255,0.034701,172.217.194.0-255,5738,218540,34,230214
25256,0.034719,172.31.33.0-255,66,218606,34,230214
25257,0.036789,172.217.194.0-255,5738,224344,34,230214
25258,0.036807,172.31.33.0-255,66,224410,34,230214
25259,0.038889,172.217.194.0-255,5738,230148,34,230214
25260,0.038903,172.31.33.0-255,66,230214,34,230214
25261,0.0,74.125.24.0-255,153,153,34,247970
25262,2.5e-05,172.31.33.0-255,66,219,34,247970
25263,3.3e-05,74.125.24.0-255,1484,1703,34,247970
25264,3.8e-05,172.31.33.0-255,66,1769,34,247970
25265,4.4e-05,74.125.24.0-255,2902,4671,34,247970
25266,4.8e-05,172.31.33.0-255,66,4737,34,247970
25267,7e-05,74.125.24.0-255,1484,6221,34,247970
25268,7.3e-05,172.31.33.0-255,66,6287,34,247970
25269,8.7e-05,74.125.24.0-255,5738,12025,34,247970
25270,8.9e-05,172.31.33.0-255,66,12091,34,247970
25271,9.2e-05,74.125.24.0-255,1484,13575,34,247970
25272,9.4e-05,172.31.33.0-255,66,13641,34,247970
25273,0.000135,74.125.24.0-255,7156,20797,34,247970
25274,0.00014,172.31.33.0-255,66,20863,34,247970
25275,0.000162,74.125.24.0-255,3565,24428,34,247970
25276,0.000165,172.31.33.0-255,66,24494,34,247970
25277,0.000172,74.125.24.0-255,7156,31650,34,247970
25278,0.000174,172.31.33.0-255,66,31716,34,247970
25279,0.000241,172.31.33.0-255,66,31782,34,247970
25280,0.000889,74.125.24.0-255,1484,33266,34,247970
25281,0.000896,172.31.33.0-255,66,33332,34,247970
25282,0.000915,74.125.24.0-255,2902,36234,34,247970
25283,0.000919,172.31.33.0-255,66,36300,34,247970
25284,0.000941,74.125.24.0-255,4320,40620,34,247970
25285,0.000944,172.31.33.0-255,66,40686,34,247970
25286,0.000962,74.125.24.0-255,1484,42170,34,247970
25287,0.000965,172.31.33.0-255,66,42236,34,247970
25288,0.000987,74.125.24.0-255,6797,49033,34,247970
25289,0.000989,172.31.33.0-255,66,49099,34,247970
25290,0.000992,74.125.24.0-255,394,49493,34,247970
25291,0.000994,172.31.33.0-255,66,49559,34,247970
25292,0.001675,74.125.24.0-255,1484,51043,34,247970
25293,0.001683,74.125.24.0-255,2902,53945,34,247970
25294,0.001688,172.31.33.0-255,66,54011,34,247970
25295,0.001714,74.125.24.0-255,2902,56913,34,247970
25296,0.001717,172.31.33.0-255,66,56979,34,247970
25297,0.001733,74.125.24.0-255,2902,59881,34,247970
25298,0.001735,172.31.33.0-255,66,59947,34,247970
25299,0.001739,74.125.24.0-255,2902,62849,34,247970
25300,0.001741,172.31.33.0-255,66,62915,34,247970
25301,0.001747,74.125.24.0-255,5738,68653,34,247970
25302,0.001749,172.31.33.0-255,66,68719,34,247970
25303,0.001772,74.125.24.0-255,4320,73039,34,247970
25304,0.001774,172.31.33.0-255,66,73105,34,247970
25305,0.001778,74.125.24.0-255,2902,76007,34,247970
25306,0.001779,172.31.33.0-255,66,76073,34,247970
25307,0.001804,172.31.33.0-255,66,76139,34,247970
25308,0.001974,74.125.24.0-255,1484,77623,34,247970
25309,0.001978,74.125.24.0-255,1484,79107,34,247970
25310,0.00198,172.31.33.0-255,66,79173,34,247970
25311,0.001995,74.125.24.0-255,1484,80657,34,247970
25312,0.002,74.125.24.0-255,2902,83559,34,247970
25313,0.002002,172.31.33.0-255,66,83625,34,247970
25314,0.002024,74.125.24.0-255,2902,86527,34,247970
25315,0.002026,172.31.33.0-255,66,86593,34,247970
25316,0.002033,74.125.24.0-255,7156,93749,34,247970
25317,0.002035,172.31.33.0-255,66,93815,34,247970
25318,0.002057,74.125.24.0-255,5738,99553,34,247970
25319,0.002059,172.31.33.0-255,66,99619,34,247970
25320,0.002065,74.125.24.0-255,5738,105357,34,247970
25321,0.002097,74.125.24.0-255,5738,111095,34,247970
25322,0.002136,74.125.24.0-255,5020,116115,34,247970
25323,0.002177,74.125.24.0-255,1484,117599,34,247970
25324,0.002193,74.125.24.0-255,4320,121919,34,247970
25325,0.002234,74.125.24.0-255,7156,129075,34,247970
25326,0.002275,74.125.24.0-255,2902,131977,34,247970
25327,0.002286,74.125.24.0-255,2902,134879,34,247970
25328,0.002298,74.125.24.0-255,4320,139199,34,247970
25329,0.002311,74.125.24.0-255,3602,142801,34,247970
25330,0.002357,74.125.24.0-255,2902,145703,34,247970
25331,0.002389,74.125.24.0-255,6438,152141,34,247970
25332,0.002452,74.125.24.0-255,2902,155043,34,247970
25333,0.002454,74.125.24.0-255,1484,156527,34,247970
25334,0.002457,74.125.24.0-255,1484,158011,34,247970
25335,0.002474,74.125.24.0-255,1484,159495,34,247970
25336,0.002486,74.125.24.0-255,2902,162397,34,247970
25337,0.002489,74.125.24.0-255,1484,163881,34,247970
25338,0.002508,74.125.24.0-255,2902,166783,34,247970
25339,0.002541,74.125.24.0-255,7156,173939,34,247970
25340,0.002557,74.125.24.0-255,2902,176841,34,247970
25341,0.00256,74.125.24.0-255,1484,178325,34,247970
25342,0.002576,74.125.24.0-255,2902,181227,34,247970
25343,0.002598,74.125.24.0-255,2902,184129,34,247970
25344,0.00261,74.125.24.0-255,2184,186313,34,247970
25345,0.002708,74.125.24.0-255,349,186662,34,247970
25346,0.002759,74.125.24.0-255,1484,188146,34,247970
25347,0.002764,74.125.24.0-255,2902,191048,34,247970
25348,0.002779,74.125.24.0-255,1484,192532,34,247970
25349,0.002815,74.125.24.0-255,1484,194016,34,247970
25350,0.002855,74.125.24.0-255,4320,198336,34,247970
25351,0.002901,74.125.24.0-255,2184,200520,34,247970
25352,0.003094,74.125.24.0-255,1484,202004,34,247970
25353,0.003102,74.125.24.0-255,2902,204906,34,247970
25354,0.003106,74.125.24.0-255,1484,206390,34,247970
25355,0.003136,74.125.24.0-255,4320,210710,34,247970
25356,0.003147,74.125.24.0-255,5738,216448,34,247970
25357,0.00317,74.125.24.0-255,7156,223604,34,247970
25358,0.003209,74.125.24.0-255,1484,225088,34,247970
25359,0.003227,74.125.24.0-255,2902,227990,34,247970
25360,0.003249,74.125.24.0-255,5738,233728,34,247970
25361,0.003265,74.125.24.0-255,2902,236630,34,247970
25362,0.003289,74.125.24.0-255,5738,242368,34,247970
25363,0.003299,74.125.24.0-255,5260,247628,34,247970
25364,0.003343,74.125.24.0-255,105,247733,34,247970
25365,0.005172,172.31.33.0-255,66,247799,34,247970
25366,0.014311,172.31.33.0-255,105,247904,34,247970
25367,0.016645,74.125.24.0-255,66,247970,34,247970
25368,0.0,74.125.24.0-255,153,153,34,188061
25369,1.5e-05,172.31.33.0-255,66,219,34,188061
25370,2.1e-05,74.125.24.0-255,1484,1703,34,188061
25371,2.6e-05,172.31.33.0-255,66,1769,34,188061
25372,3.9e-05,74.125.24.0-255,2902,4671,34,188061
25373,4.2e-05,172.31.33.0-255,66,4737,34,188061
25374,4.8e-05,74.125.24.0-255,7156,11893,34,188061
25375,5.1e-05,172.31.33.0-255,66,11959,34,188061
25376,8.1e-05,74.125.24.0-255,2021,13980,34,188061
25377,8.3e-05,172.31.33.0-255,66,14046,34,188061
25378,0.00013,74.125.24.0-255,1484,15530,34,188061
25379,0.000133,172.31.33.0-255,66,15596,34,188061
25380,0.000135,74.125.24.0-255,1484,17080,34,188061
25381,0.000138,172.31.33.0-255,66,17146,34,188061
25382,0.000156,74.125.24.0-255,1484,18630,34,188061
25383,0.000158,172.31.33.0-255,66,18696,34,188061
25384,0.000163,74.125.24.0-255,5738,24434,34,188061
25385,0.000166,172.31.33.0-255,66,24500,34,188061
25386,0.000201,74.125.24.0-255,6797,31297,34,188061
25387,0.000204,172.31.33.0-255,66,31363,34,188061
25388,0.00021,74.125.24.0-255,5738,37101,34,188061
25389,0.000212,172.31.33.0-255,66,37167,34,188061
25390,0.000244,172.31.33.0-255,66,37233,34,188061
25391,0.000248,74.125.24.0-255,2543,39776,34,188061
25392,0.00025,172.31.33.0-255,66,39842,34,188061
25393,0.000298,74.125.24.0-255,5738,45580,34,188061
25394,0.000301,172.31.33.0-255,66,45646,34,188061
25395,0.000336,172.31.33.0-255,66,45712,34,188061
25396,0.000339,74.125.24.0-255,131,45843,34,188061
25397,0.000341,172.31.33.0-255,66,45909,34,188061
25398,0.000427,74.125.24.0-255,1484,47393,34,188061
25399,0.000433,74.125.24.0-255,2902,50295,34,188061
25400,0.000435,172.31.33.0-255,66,50361,34,188061
25401,0.000456,74.125.24.0-255,5738,56099,34,188061
25402,0.000459,172.31.33.0-255,66,56165,34,188061
25403,0.000497,172.31.33.0-255,66,56231,34,188061
25404,0.000507,172.31.33.0-255,66,56297,34,188061
25405,0.000513,74.125.24.0-255,348,56645,34,188061
25406,0.000864,74.125.24.0-255,1484,58129,34,188061
25407,0.000868,172.31.33.0-255,66,58195,34,188061
25408,0.000873,74.125.24.0-255,1484,59679,34,188061
25409,0.000893,74.125.24.0-255,1484,61163,34,188061
25410,0.000899,74.125.24.0-255,5738,66901,34,188061
25411,0.000902,172.31.33.0-255,66,66967,34,188061
25412,0.000905,172.31.33.0-255,66,67033,34,188061
25413,0.000947,172.31.33.0-255,66,67099,34,188061
25414,0.000963,172.31.33.0-255,66,67165,34,188061
25415,0.001069,74.125.24.0-255,1484,68649,34,188061
25416,0.001086,74.125.24.0-255,2902,71551,34,188061
25417,0.001089,172.31.33.0-255,66,71617,34,188061
25418,0.001093,74.125.24.0-255,2902,74519,34,188061
25419,0.001095,172.31.33.0-255,66,74585,34,188061
25420,0.001125,74.125.24.0-255,7156,81741,34,188061
25421,0.001128,172.31.33.0-255,66,81807,34,188061
25422,0.001154,172.31.33.0-255,66,81873,34,188061
25423,0.001178,74.125.24.0-255,2902,84775,34,188061
25424,0.00118,172.31.33.0-255,66,84841,34,188061
25425,0.001207,74.125.24.0-255,3602,88443,34,188061
25426,0.00121,172.31.33.0-255,66,88509,34,188061
25427,0.0015,74.125.24.0-255,1484,89993,34,188061
25428,0.001505,74.125.24.0-255,1484,91477,34,188061
25429,0.001508,172.31.33.0-255,66,91543,34,188061
25430,0.001531,74.125.24.0-255,1484,93027,34,188061
25431,0.001537,74.125.24.0-255,5738,98765,34,188061
25432,0.001539,172.31.33.0-255,66,98831,34,188061
25433,0.00155,172.31.33.0-255,66,98897,34,188061
25434,0.001578,74.125.24.0-255,1484,100381,34,188061
25435,0.001587,74.125.24.0-255,766,101147,34,188061
25436,0.001591,172.31.33.0-255,66,101213,34,188061
25437,0.001794,74.125.24.0-255,1484,102697,34,188061
25438,0.001797,172.31.33.0-255,66,102763,34,188061
25439,0.001802,74.125.24.0-255,2902,105665,34,188061
25440,0.001804,172.31.33.0-255,66,105731,34,188061
25441,0.001829,74.125.24.0-255,5738,111469,34,188061
25442,0.001831,172.31.33.0-255,66,111535,34,188061
25443,0.001841,74.125.24.0-255,7156,118691,34,188061
25444,0.001843,172.31.33.0-255,66,118757,34,188061
25445,0.001871,74.125.24.0-255,5738,124495,34,188061
25446,0.001873,172.31.33.0-255,66,124561,34,188061
25447,0.001887,172.31.33.0-255,66,124627,34,188061
25448,0.00189,74.125.24.0-255,766,125393,34,188061
25449,0.00192,74.125.24.0-255,1484,126877,34,188061
25450,0.001922,172.31.33.0-255,66,126943,34,188061
25451,0.001947,74.125.24.0-255,4320,131263,34,188061
25452,0.001949,74.125.24.0-255,1484,132747,34,188061
25453,0.001953,172.31.33.0-255,66,132813,34,188061
25454,0.001965,74.125.24.0-255,4320,137133,34,188061
25455,0.001971,172.31.33.0-255,66,137199,34,188061
25456,0.001981,74.125.24.0-255,5738,142937,34,188061
25457,0.001983,172.31.33.0-255,66,143003,34,188061
25458,0.002007,74.125.24.0-255,5738,148741,34,188061
25459,0.002009,172.31.33.0-255,66,148807,34,188061
25460,0.002023,172.31.33.0-255,66,148873,34,188061
25461,0.00204,74.125.24.0-255,766,149639,34,188061
25462,0.002093,74.125.24.0-255,1484,151123,34,188061
25463,0.002095,172.31.33.0-255,66,151189,34,188061
25464,0.0021,74.125.24.0-255,2902,154091,34,188061
25465,0.002102,172.31.33.0-255,66,154157,34,188061
25466,0.002132,74.125.24.0-255,5738,159895,34,188061
25467,0.002134,172.31.33.0-255,66,159961,34,188061
25468,0.002173,172.31.33.0-255,66,160027,34,188061
25469,0.002195,74.125.24.0-255,4320,164347,34,188061
25470,0.002198,172.31.33.0-255,66,164413,34,188061
25471,0.002208,172.31.33.0-255,66,164479,34,188061
25472,0.002246,74.125.24.0-255,1484,165963,34,188061
25473,0.002262,74.125.24.0-255,2902,168865,34,188061
25474,0.002264,172.31.33.0-255,66,168931,34,188061
25475,0.002267,74.125.24.0-255,1484,170415,34,188061
25476,0.002294,74.125.24.0-255,4320,174735,34,188061
25477,0.002296,172.31.33.0-255,66,174801,34,188061
25478,0.002333,172.31.33.0-255,66,174867,34,188061
25479,0.002342,172.31.33.0-255,66,174933,34,188061
25480,0.002363,74.125.24.0-255,1484,176417,34,188061
25481,0.002393,172.31.33.0-255,66,176483,34,188061
25482,0.00242,74.125.24.0-255,3602,180085,34,188061
25483,0.002422,172.31.33.0-255,66,180151,34,188061
25484,0.002438,172.31.33.0-255,66,180217,34,188061
25485,0.002444,74.125.24.0-255,7156,187373,34,188061
25486,0.002446,172.31.33.0-255,66,187439,34,188061
25487,0.002494,172.31.33.0-255,66,187505,34,188061
25488,0.002497,74.125.24.0-255,97,187602,34,188061
25489,0.002499,74.125.24.0-255,105,187707,34,188061
25490,0.013714,74.125.24.0-255,105,187812,34,188061
25491,0.013734,172.31.33.0-255,78,187890,34,188061
25492,0.013891,172.31.33.0-255,105,187995,34,188061
25493,0.016423,74.125.24.0-255,66,188061,34,188061
25494,0.0,172.217.194.0-255,234,234,34,229787
25495,2.9e-05,172.31.33.0-255,66,300,34,229787
25496,3.6e-05,172.217.194.0-255,1484,1784,34,229787
25497,4e-05,172.31.33.0-255,66,1850,34,229787
25498,4.5e-05,172.217.194.0-255,4320,6170,34,229787
25499,4.7e-05,172.31.33.0-255,66,6236,34,229787
25500,5e-05,172.217.194.0-255,1484,7720,34,229787
25501,5.2e-05,172.31.33.0-255,66,7786,34,229787
25502,7.9e-05,172.217.194.0-255,4320,12106,34,229787
25503,8.3e-05,172.31.33.0-255,66,12172,34,229787
25504,0.000107,172.217.194.0-255,6049,18221,34,229787
25505,0.000109,172.31.33.0-255,66,18287,34,229787
25506,0.000122,172.31.33.0-255,66,18353,34,229787
25507,0.000151,172.217.194.0-255,1484,19837,34,229787
25508,0.000153,172.31.33.0-255,66,19903,34,229787
25509,0.00017,172.217.194.0-255,2902,22805,34,229787
25510,0.000172,172.31.33.0-255,66,22871,34,229787
25511,0.000179,172.217.194.0-255,4320,27191,34,229787
25512,0.000181,172.31.33.0-255,66,27257,34,229787
25513,0.000199,172.217.194.0-255,1484,28741,34,229787
25514,0.000202,172.31.33.0-255,66,28807,34,229787
25515,0.000205,172.217.194.0-255,1484,30291,34,229787
25516,0.000206,172.31.33.0-255,66,30357,34,229787
25517,0.000212,172.217.194.0-255,5738,36095,34,229787
25518,0.000215,172.31.33.0-255,66,36161,34,229787
25519,0.000236,172.31.33.0-255,66,36227,34,229787
25520,0.000245,172.31.33.0-255,66,36293,34,229787
25521,0.000247,172.217.194.0-255,98,36391,34,229787
25522,0.000249,172.31.33.0-255,66,36457,34,229787
25523,0.00034,172.217.194.0-255,1484,37941,34,229787
25524,0.000345,172.217.194.0-255,1484,39425,34,229787
25525,0.000347,172.31.33.0-255,66,39491,34,229787
25526,0.000365,172.217.194.0-255,1484,40975,34,229787
25527,0.000372,172.217.194.0-255,5738,46713,34,229787
25528,0.000375,172.31.33.0-255,66,46779,34,229787
25529,0.000402,172.31.33.0-255,66,46845,34,229787
25530,0.000419,172.217.194.0-255,2543,49388,34,229787
25531,0.000421,172.31.33.0-255,66,49454,34,229787
25532,0.000441,172.217.194.0-255,5738,55192,34,229787
25533,0.000443,172.31.33.0-255,66,55258,34,229787
25534,0.00046,172.217.194.0-255,5655,60913,34,229787
25535,0.000462,172.31.33.0-255,66,60979,34,229787
25536,0.000585,172.217.194.0-255,1484,62463,34,229787
25537,0.000599,172.217.194.0-255,2902,65365,34,229787
25538,0.000601,172.31.33.0-255,66,65431,34,229787
25539,0.000608,172.217.194.0-255,5738,71169,34,229787
25540,0.00061,172.31.33.0-255,66,71235,34,229787
25541,0.000622,172.217.194.0-255,2902,74137,34,229787
25542,0.000624,172.31.33.0-255,66,74203,34,229787
25543,0.000653,172.31.33.0-255,66,74269,34,229787
25544,0.000664,172.31.33.0-255,66,74335,34,229787
25545,0.000886,172.217.194.0-255,1484,75819,34,229787
25546,0.000889,172.217.194.0-255,1484,77303,34,229787
25547,0.000892,172.31.33.0-255,66,77369,34,229787
25548,0.000911,172.217.194.0-255,1484,78853,34,229787
25549,0.000917,172.217.194.0-255,5738,84591,34,229787
25550,0.000919,172.31.33.0-255,66,84657,34,229787
25551,0.000926,172.217.194.0-255,5738,90395,34,229787
25552,0.000928,172.31.33.0-255,66,90461,34,229787
25553,0.000944,172.217.194.0-255,7156,97617,34,229787
25554,0.000947,172.31.33.0-255,66,97683,34,229787
25555,0.000953,172.217.194.0-255,5738,103421,34,229787
25556,0.000955,172.31.33.0-255,66,103487,34,229787
25557,0.000976,172.217.194.0-255,5020,108507,34,229787
25558,0.000979,172.31.33.0-255,66,108573,34,229787
25559,0.001447,172.217.194.0-255,1484,110057,34,229787
25560,0.001456,172.217.194.0-255,2902,112959,34,229787
25561,0.00146,172.31.33.0-255,66,113025,34,229787
25562,0.001466,172.217.194.0-255,4320,117345,34,229787
25563,0.001467,172.31.33.0-255,66,117411,34,229787
25564,0.001483,172.217.194.0-255,1484,118895,34,229787
25565,0.001487,172.217.194.0-255,1484,120379,34,229787
25566,0.001489,172.31.33.0-255,66,120445,34,229787
25567,0.001515,172.31.33.0-255,66,120511,34,229787
25568,0.00155,172.217.194.0-255,2902,123413,34,229787
25569,0.001553,172.31.33.0-255,66,123479,34,229787
25570,0.001573,172.217.194.0-255,5738,129217,34,229787
25571,0.001575,172.31.33.0-255,66,129283,34,229787
25572,0.001579,172.217.194.0-255,2184,131467,34,229787
25573,0.001581,172.31.33.0-255,66,131533,34,229787
25574,0.001703,172.217.194.0-255,1484,133017,34,229787
25575,0.001709,172.217.194.0-255,2902,135919,34,229787
25576,0.001712,172.31.33.0-255,66,135985,34,229787
25577,0.001717,172.217.194.0-255,2902,138887,34,229787
25578,0.001718,172.31.33.0-255,66,138953,34,229787
25579,0.001736,172.217.194.0-255,2902,141855,34,229787
25580,0.001739,172.31.33.0-255,66,141921,34,229787
25581,0.001773,172.31.33.0-255,66,141987,34,229787
25582,0.00178,172.217.194.0-255,5738,147725,34,229787
25583,0.001782,172.31.33.0-255,66,147791,34,229787
25584,0.001799,172.217.194.0-255,5020,152811,34,229787
25585,0.001801,172.31.33.0-255,66,152877,34,229787
25586,0.001842,172.31.33.0-255,66,152943,34,229787
25587,0.00187,172.217.194.0-255,4320,157263,34,229787
25588,0.001873,172.31.33.0-255,66,157329,34,229787
25589,0.001876,172.217.194.0-255,1484,158813,34,229787
25590,0.001919,172.31.33.0-255,66,158879,34,229787
25591,0.001973,172.217.194.0-255,1484,160363,34,229787
25592,0.001978,172.217.194.0-255,2902,163265,34,229787
25593,0.001981,172.31.33.0-255,66,163331,34,229787
25594,0.002007,172.217.194.0-255,5738,169069,34,229787
25595,0.00201,172.31.33.0-255,66,169135,34,229787
25596,0.002017,172.217.194.0-255,7156,176291,34,229787
25597,0.00202,172.31.33.0-255,66,176357,34,229787
25598,0.002036,172.217.194.0-255,5738,182095,34,229787
25599,0.002039,172.31.33.0-255,66,182161,34,229787
25600,0.002043,172.217.194.0-255,4320,186481,34,229787
25601,0.002045,172.31.33.0-255,66,186547,34,229787
25602,0.002069,172.217.194.0-255,1484,188031,34,229787
25603,0.002087,172.217.194.0-255,5020,193051,34,229787
25604,0.00209,172.31.33.0-255,66,193117,34,229787
25605,0.002094,172.217.194.0-255,2902,196019,34,229787
25606,0.002096,172.31.33.0-255,66,196085,34,229787
25607,0.002114,172.217.194.0-255,4320,200405,34,229787
25608,0.002117,172.31.33.0-255,66,200471,34,229787
25609,0.002123,172.217.194.0-255,7156,207627,34,229787
25610,0.002125,172.31.33.0-255,66,207693,34,229787
25611,0.002151,172.31.33.0-255,66,207759,34,229787
25612,0.002163,172.31.33.0-255,66,207825,34,229787
25613,0.002198,172.217.194.0-255,1484,209309,34,229787
25614,0.002202,172.217.194.0-255,2902,212211,34,229787
25615,0.002204,172.31.33.0-255,66,212277,34,229787
25616,0.002207,172.217.194.0-255,1484,213761,34,229787
25617,0.002224,172.217.194.0-255,4320,218081,34,229787
25618,0.002226,172.31.33.0-255,66,218147,34,229787
25619,0.002229,172.217.194.0-255,1484,219631,34,229787
25620,0.002257,172.31.33.0-255,66,219697,34,229787
25621,0.002281,172.217.194.0-255,1484,221181,34,229787
25622,0.00231,172.31.33.0-255,66,221247,34,229787
25623,0.002367,172.31.33.0-255,66,221313,34,229787
25624,0.002386,172.217.194.0-255,2902,224215,34,229787
25625,0.002389,172.31.33.0-255,66,224281,34,229787
25626,0.002399,172.31.33.0-255,66,224347,34,229787
25627,0.002401,172.217.194.0-255,1005,225352,34,229787
25628,0.002403,172.217.194.0-255,105,225457,34,229787
25629,0.003505,172.31.33.0-255,66,225523,34,229787
25630,0.003535,172.31.33.0-255,105,225628,34,229787
25631,0.006127,172.217.194.0-255,66,225694,34,229787
25632,0.039029,172.31.33.0-255,172,225866,34,229787
25633,0.039082,172.31.33.0-255,1112,226978,34,229787
25634,0.039155,172.31.33.0-255,1514,228492,34,229787
25635,0.039157,172.31.33.0-255,1295,229787,34,229787
25636,0.0,172.217.194.0-255,153,153,34,167556
25637,1.4e-05,172.31.33.0-255,66,219,34,167556
25638,2.1e-05,172.217.194.0-255,1484,1703,34,167556
25639,2.6e-05,172.31.33.0-255,66,1769,34,167556
25640,3.9e-05,172.217.194.0-255,2902,4671,34,167556
25641,4.1e-05,172.31.33.0-255,66,4737,34,167556
25642,7.5e-05,172.217.194.0-255,2902,7639,34,167556
25643,7.8e-05,172.31.33.0-255,66,7705,34,167556
25644,8.3e-05,172.217.194.0-255,2902,10607,34,167556
25645,8.6e-05,172.31.33.0-255,66,10673,34,167556
25646,0.000115,172.217.194.0-255,4849,15522,34,167556
25647,0.000122,172.31.33.0-255,66,15588,34,167556
25648,0.000132,172.31.33.0-255,66,15654,34,167556
25649,0.000156,172.217.194.0-255,6797,22451,34,167556
25650,0.000159,172.31.33.0-255,66,22517,34,167556
25651,0.000239,172.217.194.0-255,1484,24001,34,167556
25652,0.000242,172.31.33.0-255,66,24067,34,167556
25653,0.000248,172.217.194.0-255,2902,26969,34,167556
25654,0.00025,172.31.33.0-255,66,27035,34,167556
25655,0.00027,172.217.194.0-255,5738,32773,34,167556
25656,0.000277,172.31.33.0-255,66,32839,34,167556
25657,0.000308,172.217.194.0-255,5738,38577,34,167556
25658,0.000311,172.31.33.0-255,66,38643,34,167556
25659,0.000343,172.31.33.0-255,66,38709,34,167556
25660,0.000384,172.31.33.0-255,66,38775,34,167556
25661,0.001511,172.217.194.0-255,365,39140,34,167556
25662,0.001517,172.31.33.0-255,66,39206,34,167556
25663,0.001524,172.217.194.0-255,1484,40690,34,167556
25664,0.001526,172.31.33.0-255,66,40756,34,167556
25665,0.001533,172.217.194.0-255,1484,42240,34,167556
25666,0.00155,172.217.194.0-255,2902,45142,34,167556
25667,0.001552,172.31.33.0-255,66,45208,34,167556
25668,0.001558,172.217.194.0-255,5738,50946,34,167556
25669,0.00156,172.31.33.0-255,66,51012,34,167556
25670,0.001596,172.31.33.0-255,66,51078,34,167556
25671,0.001602,172.217.194.0-255,7156,58234,34,167556
25672,0.001604,172.31.33.0-255,66,58300,34,167556
25673,0.001624,172.217.194.0-255,766,59066,34,167556
25674,0.001692,172.217.194.0-255,1484,60550,34,167556
25675,0.001694,172.31.33.0-255,66,60616,34,167556
25676,0.001698,172.217.194.0-255,1484,62100,34,167556
25677,0.00172,172.217.194.0-255,1484,63584,34,167556
25678,0.001722,172.31.33.0-255,66,63650,34,167556
25679,0.001728,172.217.194.0-255,5738,69388,34,167556
25680,0.00173,172.31.33.0-255,66,69454,34,167556
25681,0.001733,172.217.194.0-255,1484,70938,34,167556
25682,0.001769,172.31.33.0-255,66,71004,34,167556
25683,0.00178,172.31.33.0-255,66,71070,34,167556
25684,0.001822,172.31.33.0-255,66,71136,34,167556
25685,0.00185,172.31.33.0-255,66,71202,34,167556
25686,0.001859,172.31.33.0-255,66,71268,34,167556
25687,0.001885,172.217.194.0-255,1484,72752,34,167556
25688,0.001889,172.217.194.0-255,2902,75654,34,167556
25689,0.001901,172.31.33.0-255,66,75720,34,167556
25690,0.001907,172.217.194.0-255,5738,81458,34,167556
25691,0.00191,172.31.33.0-255,66,81524,34,167556
25692,0.001951,172.217.194.0-255,4320,85844,34,167556
25693,0.001953,172.31.33.0-255,66,85910,34,167556
25694,0.001985,172.31.33.0-255,66,85976,34,167556
25695,0.001989,172.217.194.0-255,2902,88878,34,167556
25696,0.00199,172.31.33.0-255,66,88944,34,167556
25697,0.001999,172.31.33.0-255,66,89010,34,167556
25698,0.002051,172.217.194.0-255,1484,90494,34,167556
25699,0.002065,172.217.194.0-255,2902,93396,34,167556
25700,0.002068,172.31.33.0-255,66,93462,34,167556
25701,0.002071,172.217.194.0-255,1484,94946,34,167556
25702,0.002087,172.217.194.0-255,4320,99266,34,167556
25703,0.002089,172.31.33.0-255,66,99332,34,167556
25704,0.002094,172.217.194.0-255,4320,103652,34,167556
25705,0.002096,172.31.33.0-255,66,103718,34,167556
25706,0.002115,172.217.194.0-255,1484,105202,34,167556
25707,0.002133,172.31.33.0-255,66,105268,34,167556
25708,0.002181,172.31.33.0-255,66,105334,34,167556
25709,0.002224,172.31.33.0-255,66,105400,34,167556
25710,0.002287,172.217.194.0-255,1484,106884,34,167556
25711,0.00229,172.217.194.0-255,1484,108368,34,167556
25712,0.002292,172.31.33.0-255,66,108434,34,167556
25713,0.002319,172.217.194.0-255,1484,109918,34,167556
25714,0.002324,172.217.194.0-255,5738,115656,34,167556
25715,0.002326,172.31.33.0-255,66,115722,34,167556
25716,0.002329,172.217.194.0-255,1484,117206,34,167556
25717,0.002362,172.31.33.0-255,66,117272,34,167556
25718,0.002372,172.31.33.0-255,66,117338,34,167556
25719,0.002376,172.217.194.0-255,2184,119522,34,167556
25720,0.002382,172.31.33.0-255,66,119588,34,167556
25721,0.002438,172.217.194.0-255,1484,121072,34,167556
25722,0.002453,172.217.194.0-255,2902,123974,34,167556
25723,0.002455,172.31.33.0-255,66,124040,34,167556
25724,0.002476,172.217.194.0-255,5738,129778,34,167556
25725,0.002478,172.31.33.0-255,66,129844,34,167556
25726,0.00252,172.31.33.0-255,66,129910,34,167556
25727,0.002523,172.217.194.0-255,1484,131394,34,167556
25728,0.002554,172.217.194.0-255,5738,137132,34,167556
25729,0.002556,172.31.33.0-255,66,137198,34,167556
25730,0.002602,172.31.33.0-255,66,137264,34,167556
25731,0.002605,172.217.194.0-255,1484,138748,34,167556
25732,0.00261,172.217.194.0-255,5738,144486,34,167556
25733,0.002612,172.31.33.0-255,66,144552,34,167556
25734,0.002615,172.217.194.0-255,1484,146036,34,167556
25735,0.002625,172.31.33.0-255,66,146102,34,167556
25736,0.002668,172.31.33.0-255,66,146168,34,167556
25737,0.0027,172.217.194.0-255,6438,152606,34,167556
25738,0.002707,172.31.33.0-255,66,152672,34,167556
25739,0.002714,172.217.194.0-255,7156,159828,34,167556
25740,0.002715,172.31.33.0-255,66,159894,34,167556
25741,0.00272,172.217.194.0-255,2902,162796,34,167556
25742,0.002722,172.31.33.0-255,66,162862,34,167556
25743,0.002766,172.31.33.0-255,66,162928,34,167556
25744,0.002769,172.217.194.0-255,105,163033,34,167556
25745,0.008406,172.31.33.0-255,66,163099,34,167556
25746,0.00844,172.31.33.0-255,105,163204,34,167556
25747,0.010725,172.217.194.0-255,66,163270,34,167556
25748,0.027124,172.31.33.0-255,167,163437,34,167556
25749,0.027153,172.31.33.0-255,1113,164550,34,167556
25750,0.027212,172.31.33.0-255,1514,166064,34,167556
25751,0.027213,172.31.33.0-255,1294,167358,34,167556
25752,0.028701,104.244.42.0-255,66,167424,34,167556
25753,0.02874,104.244.42.0-255,66,167490,34,167556
25754,0.02879,104.244.42.0-255,66,167556,34,167556
25755,0.0,172.31.33.0-255,105,105,34,276
25756,0.001766,157.240.7.0-255,105,210,34,276
25757,0.001776,172.31.33.0-255,66,276,34,276
25758,0.0,74.125.24.0-255,153,153,34,245617
25759,2.3e-05,172.31.33.0-255,66,219,34,245617
25760,3e-05,74.125.24.0-255,1484,1703,34,245617
25761,3.5e-05,172.31.33.0-255,66,1769,34,245617
25762,4e-05,74.125.24.0-255,2902,4671,34,245617
25763,4.2e-05,172.31.33.0-255,66,4737,34,245617
25764,5.7e-05,74.125.24.0-255,7156,11893,34,245617
25765,6e-05,172.31.33.0-255,66,11959,34,245617
25766,6.6e-05,74.125.24.0-255,4820,16779,34,245617
25767,7e-05,172.31.33.0-255,66,16845,34,245617
25768,0.00012,172.31.33.0-255,66,16911,34,245617
25769,0.000297,74.125.24.0-255,1484,18395,34,245617
25770,0.000303,172.31.33.0-255,66,18461,34,245617
25771,0.00031,74.125.24.0-255,2902,21363,34,245617
25772,0.000311,172.31.33.0-255,66,21429,34,245617
25773,0.000314,74.125.24.0-255,1484,22913,34,245617
25774,0.000316,172.31.33.0-255,66,22979,34,245617
25775,0.000336,74.125.24.0-255,4320,27299,34,245617
25776,0.000343,172.31.33.0-255,66,27365,34,245617
25777,0.000375,74.125.24.0-255,6797,34162,34,245617
25778,0.00038,172.31.33.0-255,66,34228,34,245617
25779,0.001545,74.125.24.0-255,1484,35712,34,245617
25780,0.001552,172.31.33.0-255,66,35778,34,245617
25781,0.00156,74.125.24.0-255,2902,38680,34,245617
25782,0.001562,172.31.33.0-255,66,38746,34,245617
25783,0.001574,74.125.24.0-255,5738,44484,34,245617
25784,0.001576,172.31.33.0-255,66,44550,34,245617
25785,0.001604,74.125.24.0-255,2902,47452,34,245617
25786,0.001606,172.31.33.0-255,66,47518,34,245617
25787,0.00163,74.125.24.0-255,2902,50420,34,245617
25788,0.001633,172.31.33.0-255,66,50486,34,245617
25789,0.001636,74.125.24.0-255,1125,51611,34,245617
25790,0.001641,74.125.24.0-255,1484,53095,34,245617
25791,0.001643,172.31.33.0-255,66,53161,34,245617
25792,0.001647,74.125.24.0-255,2902,56063,34,245617
25793,0.001648,172.31.33.0-255,66,56129,34,245617
25794,0.00167,74.125.24.0-255,1484,57613,34,245617
25795,0.001681,172.31.33.0-255,66,57679,34,245617
25796,0.001687,74.125.24.0-255,5379,63058,34,245617
25797,0.001689,172.31.33.0-255,66,63124,34,245617
25798,0.001744,172.31.33.0-255,66,63190,34,245617
25799,0.001761,74.125.24.0-255,4540,67730,34,245617
25800,0.001763,172.31.33.0-255,66,67796,34,245617
25801,0.002177,74.125.24.0-255,1484,69280,34,245617
25802,0.002198,74.125.24.0-255,2902,72182,34,245617
25803,0.002202,172.31.33.0-255,66,72248,34,245617
25804,0.002207,74.125.24.0-255,4320,76568,34,245617
25805,0.002209,172.31.33.0-255,66,76634,34,245617
25806,0.002227,74.125.24.0-255,1484,78118,34,245617
25807,0.002245,74.125.24.0-255,2902,81020,34,245617
25808,0.002247,172.31.33.0-255,66,81086,34,245617
25809,0.002281,172.31.33.0-255,66,81152,34,245617
25810,0.002312,172.31.33.0-255,66,81218,34,245617
25811,0.002568,74.125.24.0-255,1484,82702,34,245617
25812,0.002581,74.125.24.0-255,1484,84186,34,245617
25813,0.002584,172.31.33.0-255,66,84252,34,245617
25814,0.00261,74.125.24.0-255,4320,88572,34,245617
25815,0.002612,172.31.33.0-255,66,88638,34,245617
25816,0.002616,74.125.24.0-255,2902,91540,34,245617
25817,0.002618,172.31.33.0-255,66,91606,34,245617
25818,0.002621,74.125.24.0-255,1484,93090,34,245617
25819,0.002643,74.125.24.0-255,2902,95992,34,245617
25820,0.002645,172.31.33.0-255,66,96058,34,245617
25821,0.002683,172.31.33.0-255,66,96124,34,245617
25822,0.002686,74.125.24.0-255,1484,97608,34,245617
25823,0.00269,74.125.24.0-255,4320,101928,34,245617
25824,0.002692,172.31.33.0-255,66,101994,34,245617
25825,0.002697,74.125.24.0-255,2184,104178,34,245617
25826,0.002698,172.31.33.0-255,66,104244,34,245617
25827,0.002723,74.125.24.0-255,2902,107146,34,245617
25828,0.002725,172.31.33.0-255,66,107212,34,245617
25829,0.002736,74.125.24.0-255,1484,108696,34,245617
25830,0.002765,74.125.24.0-255,5738,114434,34,245617
25831,0.002767,172.31.33.0-255,66,114500,34,245617
25832,0.00277,74.125.24.0-255,1484,115984,34,245617
25833,0.002795,74.125.24.0-255,5738,121722,34,245617
25834,0.002798,172.31.33.0-255,66,121788,34,245617
25835,0.002803,74.125.24.0-255,4320,126108,34,245617
25836,0.002805,172.31.33.0-255,66,126174,34,245617
25837,0.002815,74.125.24.0-255,5738,131912,34,245617
25838,0.002818,172.31.33.0-255,66,131978,34,245617
25839,0.002847,74.125.24.0-255,6438,138416,34,245617
25840,0.00285,172.31.33.0-255,66,138482,34,245617
25841,0.002943,74.125.24.0-255,1484,139966,34,245617
25842,0.002956,74.125.24.0-255,2902,142868,34,245617
25843,0.002959,172.31.33.0-255,66,142934,34,245617
25844,0.002995,74.125.24.0-255,5738,148672,34,245617
25845,0.002997,172.31.33.0-255,66,148738,34,245617
25846,0.003025,74.125.24.0-255,4320,153058,34,245617
25847,0.003028,172.31.33.0-255,66,153124,34,245617
25848,0.003053,74.125.24.0-255,4320,157444,34,245617
25849,0.003055,172.31.33.0-255,66,157510,34,245617
25850,0.003073,172.31.33.0-255,66,157576,34,245617
25851,0.003078,74.125.24.0-255,5020,162596,34,245617
25852,0.00308,172.31.33.0-255,66,162662,34,245617
25853,0.00334,74.125.24.0-255,1484,164146,34,245617
25854,0.003353,74.125.24.0-255,2902,167048,34,245617
25855,0.003356,172.31.33.0-255,66,167114,34,245617
25856,0.003392,74.125.24.0-255,5738,172852,34,245617
25857,0.003395,172.31.33.0-255,66,172918,34,245617
25858,0.003399,74.125.24.0-255,2902,175820,34,245617
25859,0.003401,172.31.33.0-255,66,175886,34,245617
25860,0.003475,172.31.33.0-255,66,175952,34,245617
25861,0.003488,74.125.24.0-255,1484,177436,34,245617
25862,0.003506,172.31.33.0-255,66,177502,34,245617
25863,0.004545,74.125.24.0-255,1484,178986,34,245617
25864,0.004556,74.125.24.0-255,2902,181888,34,245617
25865,0.004562,172.31.33.0-255,66,181954,34,245617
25866,0.00457,74.125.24.0-255,5738,187692,34,245617
25867,0.004573,172.31.33.0-255,66,187758,34,245617
25868,0.004601,172.31.33.0-255,66,187824,34,245617
25869,0.004674,172.31.33.0-255,66,187890,34,245617
25870,0.006021,74.125.24.0-255,1484,189374,34,245617
25871,0.006031,74.125.24.0-255,2902,192276,34,245617
25872,0.006036,172.31.33.0-255,66,192342,34,245617
25873,0.006044,74.125.24.0-255,2902,195244,34,245617
25874,0.006046,172.31.33.0-255,66,195310,34,245617
25875,0.00606,74.125.24.0-255,1484,196794,34,245617
25876,0.00609,74.125.24.0-255,1484,198278,34,245617
25877,0.006093,172.31.33.0-255,66,198344,34,245617
25878,0.0061,74.125.24.0-255,4320,202664,34,245617
25879,0.006103,172.31.33.0-255,66,202730,34,245617
25880,0.006112,74.125.24.0-255,5738,208468,34,245617
25881,0.006115,172.31.33.0-255,66,208534,34,245617
25882,0.006147,74.125.24.0-255,1484,210018,34,245617
25883,0.006165,172.31.33.0-255,66,210084,34,245617
25884,0.006214,172.31.33.0-255,66,210150,34,245617
25885,0.006224,74.125.24.0-255,7156,217306,34,245617
25886,0.006227,172.31.33.0-255,66,217372,34,245617
25887,0.006261,74.125.24.0-255,7156,224528,34,245617
25888,0.006265,172.31.33.0-255,66,224594,34,245617
25889,0.006274,74.125.24.0-255,6438,231032,34,245617
25890,0.006276,172.31.33.0-255,66,231098,34,245617
25891,0.00665,74.125.24.0-255,1484,232582,34,245617
25892,0.006671,74.125.24.0-255,2902,235484,34,245617
25893,0.006676,172.31.33.0-255,66,235550,34,245617
25894,0.006685,74.125.24.0-255,5738,241288,34,245617
25895,0.006688,172.31.33.0-255,66,241354,34,245617
25896,0.006738,172.31.33.0-255,66,241420,34,245617
25897,0.00677,74.125.24.0-255,3789,245209,34,245617
25898,0.006774,172.31.33.0-255,66,245275,34,245617
25899,0.006802,74.125.24.0-255,105,245380,34,245617
25900,0.012925,172.31.33.0-255,66,245446,34,245617
25901,0.012986,172.31.33.0-255,105,245551,34,245617
25902,0.015494,74.125.24.0-255,66,245617,34,245617
25903,0.0,74.125.24.0-255,153,153,34,280053
25904,2.2e-05,172.31.33.0-255,66,219,34,280053
25905,2.7e-05,74.125.24.0-255,1484,1703,34,280053
25906,3.2e-05,172.31.33.0-255,66,1769,34,280053
25907,3.7e-05,74.125.24.0-255,2902,4671,34,280053
25908,4e-05,172.31.33.0-255,66,4737,34,280053
25909,4.6e-05,74.125.24.0-255,7156,11893,34,280053
25910,4.8e-05,172.31.33.0-255,66,11959,34,280053
25911,5.2e-05,74.125.24.0-255,2044,14003,34,280053
25912,5.4e-05,172.31.33.0-255,66,14069,34,280053
25913,0.000185,74.125.24.0-255,1484,15553,34,280053
25914,0.000189,172.31.33.0-255,66,15619,34,280053
25915,0.000193,74.125.24.0-255,1484,17103,34,280053
25916,0.000195,172.31.33.0-255,66,17169,34,280053
25917,0.000214,74.125.24.0-255,1484,18653,34,280053
25918,0.000216,172.31.33.0-255,66,18719,34,280053
25919,0.000221,74.125.24.0-255,5738,24457,34,280053
25920,0.000224,172.31.33.0-255,66,24523,34,280053
25921,0.000248,74.125.24.0-255,1484,26007,34,280053
25922,0.00025,172.31.33.0-255,66,26073,34,280053
25923,0.000288,172.31.33.0-255,66,26139,34,280053
25924,0.000301,172.31.33.0-255,66,26205,34,280053
25925,0.000322,74.125.24.0-255,2902,29107,34,280053
25926,0.000324,172.31.33.0-255,66,29173,34,280053
25927,0.000334,172.31.33.0-255,66,29239,34,280053
25928,0.000337,74.125.24.0-255,400,29639,34,280053
25929,0.000339,172.31.33.0-255,66,29705,34,280053
25930,0.000451,74.125.24.0-255,1484,31189,34,280053
25931,0.000455,172.31.33.0-255,66,31255,34,280053
25932,0.000459,74.125.24.0-255,2902,34157,34,280053
25933,0.00047,172.31.33.0-255,66,34223,34,280053
25934,0.000478,74.125.24.0-255,5738,39961,34,280053
25935,0.000484,172.31.33.0-255,66,40027,34,280053
25936,0.000503,74.125.24.0-255,5738,45765,34,280053
25937,0.000507,172.31.33.0-255,66,45831,34,280053
25938,0.000522,74.125.24.0-255,7156,52987,34,280053
25939,0.000525,172.31.33.0-255,66,53053,34,280053
25940,0.000531,74.125.24.0-255,5738,58791,34,280053
25941,0.000541,172.31.33.0-255,66,58857,34,280053
25942,0.000551,74.125.24.0-255,2902,61759,34,280053
25943,0.000555,172.31.33.0-255,66,61825,34,280053
25944,0.000565,74.125.24.0-255,2460,64285,34,280053
25945,0.000578,172.31.33.0-255,66,64351,34,280053
25946,0.000913,74.125.24.0-255,1484,65835,34,280053
25947,0.000928,74.125.24.0-255,1484,67319,34,280053
25948,0.000932,172.31.33.0-255,66,67385,34,280053
25949,0.000951,74.125.24.0-255,1484,68869,34,280053
25950,0.000955,74.125.24.0-255,2902,71771,34,280053
25951,0.000957,172.31.33.0-255,66,71837,34,280053
25952,0.000977,74.125.24.0-255,2902,74739,34,280053
25953,0.000986,172.31.33.0-255,66,74805,34,280053
25954,0.00099,172.31.33.0-255,66,74871,34,280053
25955,0.001006,74.125.24.0-255,4320,79191,34,280053
25956,0.001009,172.31.33.0-255,66,79257,34,280053
25957,0.001018,74.125.24.0-255,2902,82159,34,280053
25958,0.001027,172.31.33.0-255,66,82225,34,280053
25959,0.001033,74.125.24.0-255,5738,87963,34,280053
25960,0.001039,172.31.33.0-255,66,88029,34,280053
25961,0.001047,74.125.24.0-255,2184,90213,34,280053
25962,0.00105,172.31.33.0-255,66,90279,34,280053
25963,0.001117,74.125.24.0-255,1484,91763,34,280053
25964,0.00113,74.125.24.0-255,2902,94665,34,280053
25965,0.001132,74.125.24.0-255,1484,96149,34,280053
25966,0.001133,172.31.33.0-255,66,96215,34,280053
25967,0.001153,74.125.24.0-255,4320,100535,34,280053
25968,0.001157,74.125.24.0-255,4320,104855,34,280053
25969,0.001162,172.31.33.0-255,66,104921,34,280053
25970,0.001188,74.125.24.0-255,1484,106405,34,280053
25971,0.001191,172.31.33.0-255,66,106471,34,280053
25972,0.001209,74.125.24.0-255,7156,113627,34,280053
25973,0.001213,74.125.24.0-255,2184,115811,34,280053
25974,0.001221,172.31.33.0-255,66,115877,34,280053
25975,0.001806,74.125.24.0-255,1484,117361,34,280053
25976,0.001826,74.125.24.0-255,2902,120263,34,280053
25977,0.00183,172.31.33.0-255,66,120329,34,280053
25978,0.001838,74.125.24.0-255,5738,126067,34,280053
25979,0.001869,74.125.24.0-255,4320,130387,34,280053
25980,0.001881,74.125.24.0-255,4320,134707,34,280053
25981,0.001892,74.125.24.0-255,4320,139027,34,280053
25982,0.001898,74.125.24.0-255,5738,144765,34,280053
25983,0.001914,74.125.24.0-255,1484,146249,34,280053
25984,0.001924,74.125.24.0-255,1484,147733,34,280053
25985,0.001938,74.125.24.0-255,2184,149917,34,280053
25986,0.002163,74.125.24.0-255,1484,151401,34,280053
25987,0.002177,74.125.24.0-255,2902,154303,34,280053
25988,0.002203,74.125.24.0-255,5738,160041,34,280053
25989,0.002232,74.125.24.0-255,1484,161525,34,280053
25990,0.002251,74.125.24.0-255,7156,168681,34,280053
25991,0.002267,74.125.24.0-255,2184,170865,34,280053
25992,0.002285,74.125.24.0-255,2902,173767,34,280053
25993,0.002363,74.125.24.0-255,4320,178087,34,280053
25994,0.002376,74.125.24.0-255,3602,181689,34,280053
25995,0.002413,74.125.24.0-255,1484,183173,34,280053
25996,0.002417,74.125.24.0-255,2902,186075,34,280053
25997,0.002444,74.125.24.0-255,5738,191813,34,280053
25998,0.002484,74.125.24.0-255,2902,194715,34,280053
25999,0.002489,74.125.24.0-255,4320,199035,34,280053
26000,0.002511,74.125.24.0-255,6438,205473,34,280053
26001,0.002529,74.125.24.0-255,7156,212629,34,280053
26002,0.002545,74.125.24.0-255,4320,216949,34,280053
26003,0.00255,74.125.24.0-255,5738,222687,34,280053
26004,0.002578,74.125.24.0-255,2902,225589,34,280053
26005,0.002596,74.125.24.0-255,5738,231327,34,280053
26006,0.002607,74.125.24.0-255,5738,237065,34,280053
26007,0.002619,74.125.24.0-255,5020,242085,34,280053
26008,0.002647,74.125.24.0-255,1484,243569,34,280053
26009,0.002652,74.125.24.0-255,4320,247889,34,280053
26010,0.002654,74.125.24.0-255,1484,249373,34,280053
26011,0.002657,74.125.24.0-255,1484,250857,34,280053
26012,0.002658,74.125.24.0-255,1484,252341,34,280053
26013,0.00266,74.125.24.0-255,1484,253825,34,280053
26014,0.002665,74.125.24.0-255,5738,259563,34,280053
26015,0.002681,74.125.24.0-255,4320,263883,34,280053
26016,0.002701,74.125.24.0-255,5738,269621,34,280053
26017,0.00271,74.125.24.0-255,2902,272523,34,280053
26018,0.002728,74.125.24.0-255,2902,275425,34,280053
26019,0.002765,74.125.24.0-255,105,275530,34,280053
26020,0.006681,172.31.33.0-255,66,275596,34,280053
26021,0.008333,172.31.33.0-255,105,275701,34,280053
26022,0.010897,74.125.24.0-255,66,275767,34,280053
26023,0.025962,172.31.33.0-255,167,275934,34,280053
26024,0.025982,172.31.33.0-255,1113,277047,34,280053
26025,0.026033,172.31.33.0-255,1514,278561,34,280053
26026,0.026035,172.31.33.0-255,1294,279855,34,280053
26027,0.027524,104.244.42.0-255,66,279921,34,280053
26028,0.027551,104.244.42.0-255,66,279987,34,280053
26029,0.027612,104.244.42.0-255,66,280053,34,280053
26030,0.0,172.217.194.0-255,149,149,34,167395
26031,2.5e-05,172.31.33.0-255,66,215,34,167395
26032,3.3e-05,172.217.194.0-255,1484,1699,34,167395
26033,3.8e-05,172.31.33.0-255,66,1765,34,167395
26034,5.1e-05,172.217.194.0-255,2902,4667,34,167395
26035,5.4e-05,172.31.33.0-255,66,4733,34,167395
26036,5.8e-05,172.217.194.0-255,1484,6217,34,167395
26037,6e-05,172.31.33.0-255,66,6283,34,167395
26038,6.8e-05,172.217.194.0-255,5738,12021,34,167395
26039,7.1e-05,172.31.33.0-255,66,12087,34,167395
26040,0.000103,172.217.194.0-255,2902,14989,34,167395
26041,0.000106,172.31.33.0-255,66,15055,34,167395
26042,0.000153,172.31.33.0-255,66,15121,34,167395
26043,0.000166,172.31.33.0-255,66,15187,34,167395
26044,0.000178,172.31.33.0-255,66,15253,34,167395
26045,0.000238,172.217.194.0-255,1484,16737,34,167395
26046,0.000241,172.31.33.0-255,66,16803,34,167395
26047,0.000259,172.217.194.0-255,2902,19705,34,167395
26048,0.000261,172.31.33.0-255,66,19771,34,167395
26049,0.000266,172.217.194.0-255,4320,24091,34,167395
26050,0.000269,172.31.33.0-255,66,24157,34,167395
26051,0.000298,172.217.194.0-255,1484,25641,34,167395
26052,0.000301,172.31.33.0-255,66,25707,34,167395
26053,0.000311,172.31.33.0-255,66,25773,34,167395
26054,0.000515,172.217.194.0-255,1484,27257,34,167395
26055,0.000521,172.31.33.0-255,66,27323,34,167395
26056,0.000527,172.217.194.0-255,2902,30225,34,167395
26057,0.000529,172.31.33.0-255,66,30291,34,167395
26058,0.000532,172.217.194.0-255,1484,31775,34,167395
26059,0.000569,172.217.194.0-255,4320,36095,34,167395
26060,0.000577,172.217.194.0-255,7156,43251,34,167395
26061,0.000581,172.217.194.0-255,2902,46153,34,167395
26062,0.000607,172.217.194.0-255,2184,48337,34,167395
26063,0.000659,172.31.33.0-255,66,48403,34,167395
26064,0.001023,172.217.194.0-255,1484,49887,34,167395
26065,0.00104,172.217.194.0-255,2902,52789,34,167395
26066,0.001044,172.31.33.0-255,66,52855,34,167395
26067,0.001048,172.217.194.0-255,1484,54339,34,167395
26068,0.001074,172.217.194.0-255,2902,57241,34,167395
26069,0.00108,172.217.194.0-255,4320,61561,34,167395
26070,0.001087,172.31.33.0-255,66,61627,34,167395
26071,0.001098,172.217.194.0-255,4320,65947,34,167395
26072,0.001111,172.31.33.0-255,66,66013,34,167395
26073,0.001117,172.217.194.0-255,4320,70333,34,167395
26074,0.001156,172.31.33.0-255,66,70399,34,167395
26075,0.001166,172.217.194.0-255,2184,72583,34,167395
26076,0.001172,172.31.33.0-255,66,72649,34,167395
26077,0.001184,172.217.194.0-255,2902,75551,34,167395
26078,0.001206,172.217.194.0-255,7156,82707,34,167395
26079,0.001209,172.217.194.0-255,1484,84191,34,167395
26080,0.001223,172.217.194.0-255,4320,88511,34,167395
26081,0.001226,172.217.194.0-255,1484,89995,34,167395
26082,0.001238,172.31.33.0-255,66,90061,34,167395
26083,0.001264,172.217.194.0-255,3602,93663,34,167395
26084,0.00127,172.31.33.0-255,66,93729,34,167395
26085,0.001361,172.217.194.0-255,1484,95213,34,167395
26086,0.001364,172.217.194.0-255,1484,96697,34,167395
26087,0.001374,172.31.33.0-255,66,96763,34,167395
26088,0.001378,172.217.194.0-255,1484,98247,34,167395
26089,0.001384,172.217.194.0-255,5738,103985,34,167395
26090,0.001401,172.217.194.0-255,1484,105469,34,167395
26091,0.001418,172.31.33.0-255,66,105535,34,167395
26092,0.001509,172.31.33.0-255,66,105601,34,167395
26093,0.001619,172.217.194.0-255,1484,107085,34,167395
26094,0.001624,172.217.194.0-255,1484,108569,34,167395
26095,0.001637,172.217.194.0-255,1484,110053,34,167395
26096,0.001645,172.31.33.0-255,66,110119,34,167395
26097,0.001673,172.217.194.0-255,5738,115857,34,167395
26098,0.001693,172.217.194.0-255,1484,117341,34,167395
26099,0.001712,172.31.33.0-255,66,117407,34,167395
26100,0.001722,172.217.194.0-255,2902,120309,34,167395
26101,0.00173,172.217.194.0-255,2184,122493,34,167395
26102,0.001748,172.31.33.0-255,66,122559,34,167395
26103,0.001815,172.217.194.0-255,1484,124043,34,167395
26104,0.001821,172.217.194.0-255,2902,126945,34,167395
26105,0.001823,172.217.194.0-255,1484,128429,34,167395
26106,0.001835,172.31.33.0-255,66,128495,34,167395
26107,0.001841,172.217.194.0-255,4320,132815,34,167395
26108,0.001862,172.31.33.0-255,66,132881,34,167395
26109,0.001866,172.217.194.0-255,2902,135783,34,167395
26110,0.00192,172.217.194.0-255,4320,140103,34,167395
26111,0.001972,172.31.33.0-255,66,140169,34,167395
26112,0.001983,172.217.194.0-255,2902,143071,34,167395
26113,0.002011,172.217.194.0-255,2902,145973,34,167395
26114,0.002042,172.217.194.0-255,6438,152411,34,167395
26115,0.00205,172.217.194.0-255,7156,159567,34,167395
26116,0.002055,172.31.33.0-255,66,159633,34,167395
26117,0.002104,172.31.33.0-255,66,159699,34,167395
26118,0.002124,172.217.194.0-255,2902,162601,34,167395
26119,0.002137,172.217.194.0-255,1484,164085,34,167395
26120,0.002153,172.217.194.0-255,2902,166987,34,167395
26121,0.002219,172.31.33.0-255,66,167053,34,167395
26122,0.002227,172.217.194.0-255,105,167158,34,167395
26123,0.017257,172.31.33.0-255,66,167224,34,167395
26124,0.017422,172.31.33.0-255,105,167329,34,167395
26125,0.019472,172.217.194.0-255,66,167395,34,167395
26126,0.0,172.253.118.0-255,66,66,34,237
26127,2.5e-05,172.253.118.0-255,105,171,34,237
26128,3.1e-05,172.31.33.0-255,66,237,34,237
26129,0.0,74.125.24.0-255,218,218,34,218465
26130,2.5e-05,172.31.33.0-255,66,284,34,218465
26131,5.6e-05,74.125.24.0-255,1484,1768,34,218465
26132,6.1e-05,172.31.33.0-255,66,1834,34,218465
26133,9e-05,74.125.24.0-255,2902,4736,34,218465
26134,9.5e-05,172.31.33.0-255,66,4802,34,218465
26135,0.000102,74.125.24.0-255,5738,10540,34,218465
26136,0.000105,172.31.33.0-255,66,10606,34,218465
26137,0.000138,74.125.24.0-255,6112,16718,34,218465
26138,0.000141,172.31.33.0-255,66,16784,34,218465
26139,0.000146,74.125.24.0-255,4320,21104,34,218465
26140,0.000149,172.31.33.0-255,66,21170,34,218465
26141,0.000156,74.125.24.0-255,5738,26908,34,218465
26142,0.000163,172.31.33.0-255,66,26974,34,218465
26143,0.000193,74.125.24.0-255,3961,30935,34,218465
26144,0.000197,172.31.33.0-255,66,31001,34,218465
26145,0.000303,74.125.24.0-255,1484,32485,34,218465
26146,0.000307,172.31.33.0-255,66,32551,34,218465
26147,0.000312,74.125.24.0-255,1484,34035,34,218465
26148,0.000314,172.31.33.0-255,66,34101,34,218465
26149,0.000342,74.125.24.0-255,1484,35585,34,218465
26150,0.000345,172.31.33.0-255,66,35651,34,218465
26151,0.000351,74.125.24.0-255,5738,41389,34,218465
26152,0.000354,172.31.33.0-255,66,41455,34,218465
26153,0.000359,74.125.24.0-255,2902,44357,34,218465
26154,0.000364,172.31.33.0-255,66,44423,34,218465
26155,0.00043,74.125.24.0-255,3961,48384,34,218465
26156,0.000434,172.31.33.0-255,66,48450,34,218465
26157,0.000466,74.125.24.0-255,4320,52770,34,218465
26158,0.000469,172.31.33.0-255,66,52836,34,218465
26159,0.000498,74.125.24.0-255,4320,57156,34,218465
26160,0.000502,172.31.33.0-255,66,57222,34,218465
26161,0.00053,74.125.24.0-255,5738,62960,34,218465
26162,0.000533,172.31.33.0-255,66,63026,34,218465
26163,0.000553,74.125.24.0-255,2854,65880,34,218465
26164,0.000556,172.31.33.0-255,66,65946,34,218465
26165,0.000579,74.125.24.0-255,344,66290,34,218465
26166,0.000683,74.125.24.0-255,1484,67774,34,218465
26167,0.000686,172.31.33.0-255,66,67840,34,218465
26168,0.00069,74.125.24.0-255,1484,69324,34,218465
26169,0.000714,74.125.24.0-255,1484,70808,34,218465
26170,0.000717,172.31.33.0-255,66,70874,34,218465
26171,0.000724,74.125.24.0-255,5738,76612,34,218465
26172,0.000726,172.31.33.0-255,66,76678,34,218465
26173,0.000731,74.125.24.0-255,2902,79580,34,218465
26174,0.000733,172.31.33.0-255,66,79646,34,218465
26175,0.000767,172.31.33.0-255,66,79712,34,218465
26176,0.00077,74.125.24.0-255,1484,81196,34,218465
26177,0.00082,172.31.33.0-255,66,81262,34,218465
26178,0.003099,74.125.24.0-255,1484,82746,34,218465
26179,0.00311,74.125.24.0-255,2902,85648,34,218465
26180,0.003115,172.31.33.0-255,66,85714,34,218465
26181,0.003121,74.125.24.0-255,5738,91452,34,218465
26182,0.003123,172.31.33.0-255,66,91518,34,218465
26183,0.003165,172.31.33.0-255,66,91584,34,218465
26184,0.003168,74.125.24.0-255,1484,93068,34,218465
26185,0.0032,74.125.24.0-255,7156,100224,34,218465
26186,0.003202,172.31.33.0-255,66,100290,34,218465
26187,0.003226,74.125.24.0-255,2184,102474,34,218465
26188,0.003228,172.31.33.0-255,66,102540,34,218465
26189,0.003654,74.125.24.0-255,1484,104024,34,218465
26190,0.003666,74.125.24.0-255,2902,106926,34,218465
26191,0.003668,172.31.33.0-255,66,106992,34,218465
26192,0.003671,74.125.24.0-255,1484,108476,34,218465
26193,0.003694,74.125.24.0-255,4320,112796,34,218465
26194,0.003696,172.31.33.0-255,66,112862,34,218465
26195,0.0037,74.125.24.0-255,2902,115764,34,218465
26196,0.003702,172.31.33.0-255,66,115830,34,218465
26197,0.00373,74.125.24.0-255,5738,121568,34,218465
26198,0.003733,172.31.33.0-255,66,121634,34,218465
26199,0.003743,172.31.33.0-255,66,121700,34,218465
26200,0.003752,74.125.24.0-255,2902,124602,34,218465
26201,0.003754,172.31.33.0-255,66,124668,34,218465
26202,0.003787,74.125.24.0-255,3602,128270,34,218465
26203,0.003789,172.31.33.0-255,66,128336,34,218465
26204,0.003796,74.125.24.0-255,7156,135492,34,218465
26205,0.003799,172.31.33.0-255,66,135558,34,218465
26206,0.003849,172.31.33.0-255,66,135624,34,218465
26207,0.003859,172.31.33.0-255,66,135690,34,218465
26208,0.003863,74.125.24.0-255,3602,139292,34,218465
26209,0.003865,172.31.33.0-255,66,139358,34,218465
26210,0.00387,74.125.24.0-255,4320,143678,34,218465
26211,0.003872,172.31.33.0-255,66,143744,34,218465
26212,0.003902,172.31.33.0-255,66,143810,34,218465
26213,0.003912,172.31.33.0-255,66,143876,34,218465
26214,0.003977,172.31.33.0-255,66,143942,34,218465
26215,0.004133,74.125.24.0-255,1484,145426,34,218465
26216,0.004167,74.125.24.0-255,1484,146910,34,218465
26217,0.004169,172.31.33.0-255,66,146976,34,218465
26218,0.004192,74.125.24.0-255,1484,148460,34,218465
26219,0.004196,74.125.24.0-255,4320,152780,34,218465
26220,0.004198,172.31.33.0-255,66,152846,34,218465
26221,0.00422,74.125.24.0-255,7156,160002,34,218465
26222,0.004222,172.31.33.0-255,66,160068,34,218465
26223,0.004249,74.125.24.0-255,1484,161552,34,218465
26224,0.004261,172.31.33.0-255,66,161618,34,218465
26225,0.004266,74.125.24.0-255,4320,165938,34,218465
26226,0.004268,172.31.33.0-255,66,166004,34,218465
26227,0.0043,74.125.24.0-255,2184,168188,34,218465
26228,0.004302,172.31.33.0-255,66,168254,34,218465
26229,0.004309,74.125.24.0-255,7156,175410,34,218465
26230,0.004311,172.31.33.0-255,66,175476,34,218465
26231,0.00432,172.31.33.0-255,66,175542,34,218465
26232,0.004348,74.125.24.0-255,2902,178444,34,218465
26233,0.00435,172.31.33.0-255,66,178510,34,218465
26234,0.004369,74.125.24.0-255,5738,184248,34,218465
26235,0.004372,172.31.33.0-255,66,184314,34,218465
26236,0.004413,172.31.33.0-255,66,184380,34,218465
26237,0.00442,74.125.24.0-255,7156,191536,34,218465
26238,0.004422,172.31.33.0-255,66,191602,34,218465
26239,0.004468,172.31.33.0-255,66,191668,34,218465
26240,0.004474,74.125.24.0-255,6438,198106,34,218465
26241,0.004476,172.31.33.0-255,66,198172,34,218465
26242,0.004489,172.31.33.0-255,66,198238,34,218465
26243,0.004493,74.125.24.0-255,4320,202558,34,218465
26244,0.004496,172.31.33.0-255,66,202624,34,218465
26245,0.004526,172.31.33.0-255,66,202690,34,218465
26246,0.004531,74.125.24.0-255,3602,206292,34,218465
26247,0.004534,172.31.33.0-255,66,206358,34,218465
26248,0.004554,74.125.24.0-255,1484,207842,34,218465
26249,0.00459,172.31.33.0-255,66,207908,34,218465
26250,0.004618,74.125.24.0-255,2902,210810,34,218465
26251,0.004621,172.31.33.0-255,66,210876,34,218465
26252,0.004625,74.125.24.0-255,2789,213665,34,218465
26253,0.004628,172.31.33.0-255,66,213731,34,218465
26254,0.004631,74.125.24.0-255,105,213836,34,218465
26255,0.01057,172.31.33.0-255,101,213937,34,218465
26256,0.011784,172.31.33.0-255,105,214042,34,218465
26257,0.012656,74.125.24.0-255,66,214108,34,218465
26258,0.013827,74.125.24.0-255,66,214174,34,218465
26259,0.036116,172.31.33.0-255,172,214346,34,218465
26260,0.036148,172.31.33.0-255,1112,215458,34,218465
26261,0.036194,172.31.33.0-255,1514,216972,34,218465
26262,0.036196,172.31.33.0-255,1295,218267,34,218465
26263,0.037634,104.244.42.0-255,66,218333,34,218465
26264,0.037679,104.244.42.0-255,66,218399,34,218465
26265,0.037797,104.244.42.0-255,66,218465,34,218465
26266,0.0,74.125.24.0-255,153,153,34,317533
26267,3.2e-05,172.31.33.0-255,66,219,34,317533
26268,3.8e-05,74.125.24.0-255,1484,1703,34,317533
26269,4.3e-05,172.31.33.0-255,66,1769,34,317533
26270,4.7e-05,74.125.24.0-255,2902,4671,34,317533
26271,5e-05,172.31.33.0-255,66,4737,34,317533
26272,5.7e-05,74.125.24.0-255,7156,11893,34,317533
26273,6e-05,172.31.33.0-255,66,11959,34,317533
26274,7.9e-05,74.125.24.0-255,4320,16279,34,317533
26275,8.2e-05,172.31.33.0-255,66,16345,34,317533
26276,0.000108,74.125.24.0-255,2026,18371,34,317533
26277,0.000111,172.31.33.0-255,66,18437,34,317533
26278,0.000118,74.125.24.0-255,7156,25593,34,317533
26279,0.00012,172.31.33.0-255,66,25659,34,317533
26280,0.000133,74.125.24.0-255,1484,27143,34,317533
26281,0.000136,172.31.33.0-255,66,27209,34,317533
26282,0.000153,74.125.24.0-255,3961,31170,34,317533
26283,0.000156,172.31.33.0-255,66,31236,34,317533
26284,0.000246,74.125.24.0-255,1484,32720,34,317533
26285,0.000249,172.31.33.0-255,66,32786,34,317533
26286,0.000254,74.125.24.0-255,2902,35688,34,317533
26287,0.000256,172.31.33.0-255,66,35754,34,317533
26288,0.000271,74.125.24.0-255,1484,37238,34,317533
26289,0.000274,172.31.33.0-255,66,37304,34,317533
26290,0.000301,74.125.24.0-255,4320,41624,34,317533
26291,0.000305,172.31.33.0-255,66,41690,34,317533
26292,0.000312,74.125.24.0-255,5738,47428,34,317533
26293,0.000314,172.31.33.0-255,66,47494,34,317533
26294,0.000339,172.31.33.0-255,66,47560,34,317533
26295,0.000363,74.125.24.0-255,5379,52939,34,317533
26296,0.000367,172.31.33.0-255,66,53005,34,317533
26297,0.000372,74.125.24.0-255,3961,56966,34,317533
26298,0.000375,172.31.33.0-255,66,57032,34,317533
26299,0.00067,74.125.24.0-255,645,57677,34,317533
26300,0.000769,172.31.33.0-255,66,57743,34,317533
26301,0.000889,74.125.24.0-255,1484,59227,34,317533
26302,0.000898,74.125.24.0-255,2902,62129,34,317533
26303,0.000901,172.31.33.0-255,66,62195,34,317533
26304,0.000906,74.125.24.0-255,2902,65097,34,317533
26305,0.000909,172.31.33.0-255,66,65163,34,317533
26306,0.000924,74.125.24.0-255,2902,68065,34,317533
26307,0.000926,172.31.33.0-255,66,68131,34,317533
26308,0.000942,74.125.24.0-255,4320,72451,34,317533
26309,0.000945,172.31.33.0-255,66,72517,34,317533
26310,0.000966,74.125.24.0-255,1995,74512,34,317533
26311,0.000969,172.31.33.0-255,66,74578,34,317533
26312,0.001137,74.125.24.0-255,1484,76062,34,317533
26313,0.001144,74.125.24.0-255,2902,78964,34,317533
26314,0.001148,172.31.33.0-255,66,79030,34,317533
26315,0.001153,74.125.24.0-255,2902,81932,34,317533
26316,0.001154,172.31.33.0-255,66,81998,34,317533
26317,0.001169,74.125.24.0-255,2902,84900,34,317533
26318,0.001172,172.31.33.0-255,66,84966,34,317533
26319,0.001178,74.125.24.0-255,5738,90704,34,317533
26320,0.00118,172.31.33.0-255,66,90770,34,317533
26321,0.001198,74.125.24.0-255,7156,97926,34,317533
26322,0.001201,172.31.33.0-255,66,97992,34,317533
26323,0.001213,172.31.33.0-255,66,98058,34,317533
26324,0.00145,74.125.24.0-255,1484,99542,34,317533
26325,0.001456,74.125.24.0-255,2902,102444,34,317533
26326,0.001459,172.31.33.0-255,66,102510,34,317533
26327,0.001472,74.125.24.0-255,4320,106830,34,317533
26328,0.001474,172.31.33.0-255,66,106896,34,317533
26329,0.001486,74.125.24.0-255,1484,108380,34,317533
26330,0.001534,74.125.24.0-255,4320,112700,34,317533
26331,0.001536,172.31.33.0-255,66,112766,34,317533
26332,0.001548,74.125.24.0-255,2543,115309,34,317533
26333,0.00155,172.31.33.0-255,66,115375,34,317533
26334,0.001553,74.125.24.0-255,1484,116859,34,317533
26335,0.001574,74.125.24.0-255,2902,119761,34,317533
26336,0.001576,172.31.33.0-255,66,119827,34,317533
26337,0.001579,74.125.24.0-255,2902,122729,34,317533
26338,0.001581,172.31.33.0-255,66,122795,34,317533
26339,0.001593,74.125.24.0-255,2902,125697,34,317533
26340,0.001595,172.31.33.0-255,66,125763,34,317533
26341,0.001621,172.31.33.0-255,66,125829,34,317533
26342,0.001624,74.125.24.0-255,1484,127313,34,317533
26343,0.001665,74.125.24.0-255,1484,128797,34,317533
26344,0.001667,172.31.33.0-255,66,128863,34,317533
26345,0.001691,172.31.33.0-255,66,128929,34,317533
26346,0.001694,74.125.24.0-255,2902,131831,34,317533
26347,0.001696,172.31.33.0-255,66,131897,34,317533
26348,0.001713,74.125.24.0-255,7156,139053,34,317533
26349,0.001715,172.31.33.0-255,66,139119,34,317533
26350,0.001718,74.125.24.0-255,1484,140603,34,317533
26351,0.001731,74.125.24.0-255,5379,145982,34,317533
26352,0.001733,172.31.33.0-255,66,146048,34,317533
26353,0.001865,74.125.24.0-255,1484,147532,34,317533
26354,0.001868,74.125.24.0-255,1484,149016,34,317533
26355,0.00187,172.31.33.0-255,66,149082,34,317533
26356,0.001885,74.125.24.0-255,1484,150566,34,317533
26357,0.001901,74.125.24.0-255,5738,156304,34,317533
26358,0.001903,172.31.33.0-255,66,156370,34,317533
26359,0.001919,74.125.24.0-255,4320,160690,34,317533
26360,0.001921,172.31.33.0-255,66,160756,34,317533
26361,0.00194,74.125.24.0-255,5738,166494,34,317533
26362,0.001941,172.31.33.0-255,66,166560,34,317533
26363,0.001973,74.125.24.0-255,1484,168044,34,317533
26364,0.001986,74.125.24.0-255,7156,175200,34,317533
26365,0.001988,172.31.33.0-255,66,175266,34,317533
26366,0.002002,74.125.24.0-255,5020,180286,34,317533
26367,0.002004,172.31.33.0-255,66,180352,34,317533
26368,0.002088,74.125.24.0-255,1484,181836,34,317533
26369,0.002119,74.125.24.0-255,1484,183320,34,317533
26370,0.002121,172.31.33.0-255,66,183386,34,317533
26371,0.002132,74.125.24.0-255,1484,184870,34,317533
26372,0.002136,74.125.24.0-255,4320,189190,34,317533
26373,0.002138,172.31.33.0-255,66,189256,34,317533
26374,0.00215,74.125.24.0-255,2902,192158,34,317533
26375,0.002152,172.31.33.0-255,66,192224,34,317533
26376,0.002177,74.125.24.0-255,5738,197962,34,317533
26377,0.002179,172.31.33.0-255,66,198028,34,317533
26378,0.002184,74.125.24.0-255,7156,205184,34,317533
26379,0.002186,172.31.33.0-255,66,205250,34,317533
26380,0.002224,74.125.24.0-255,4320,209570,34,317533
26381,0.002226,172.31.33.0-255,66,209636,34,317533
26382,0.00225,74.125.24.0-255,5020,214656,34,317533
26383,0.002252,172.31.33.0-255,66,214722,34,317533
26384,0.002264,74.125.24.0-255,1484,216206,34,317533
26385,0.002278,74.125.24.0-255,1484,217690,34,317533
26386,0.00228,172.31.33.0-255,66,217756,34,317533
26387,0.002291,74.125.24.0-255,1484,219240,34,317533
26388,0.002307,74.125.24.0-255,5738,224978,34,317533
26389,0.002309,172.31.33.0-255,66,225044,34,317533
26390,0.002339,74.125.24.0-255,4320,229364,34,317533
26391,0.002341,172.31.33.0-255,66,229430,34,317533
26392,0.002361,74.125.24.0-255,5738,235168,34,317533
26393,0.002363,172.31.33.0-255,66,235234,34,317533
26394,0.002365,74.125.24.0-255,1484,236718,34,317533
26395,0.00239,74.125.24.0-255,5738,242456,34,317533
26396,0.002392,172.31.33.0-255,66,242522,34,317533
26397,0.002406,74.125.24.0-255,6438,248960,34,317533
26398,0.002409,172.31.33.0-255,66,249026,34,317533
26399,0.002637,74.125.24.0-255,1484,250510,34,317533
26400,0.002672,74.125.24.0-255,1484,251994,34,317533
26401,0.002674,172.31.33.0-255,66,252060,34,317533
26402,0.002687,74.125.24.0-255,2902,254962,34,317533
26403,0.002688,172.31.33.0-255,66,255028,34,317533
26404,0.002716,74.125.24.0-255,5738,260766,34,317533
26405,0.002718,172.31.33.0-255,66,260832,34,317533
26406,0.00273,74.125.24.0-255,4320,265152,34,317533
26407,0.002732,172.31.33.0-255,66,265218,34,317533
26408,0.002763,172.31.33.0-255,66,265284,34,317533
26409,0.002819,74.125.24.0-255,5738,271022,34,317533
26410,0.002822,172.31.33.0-255,66,271088,34,317533
26411,0.002837,74.125.24.0-255,3602,274690,34,317533
26412,0.002839,172.31.33.0-255,66,274756,34,317533
26413,0.002878,74.125.24.0-255,1484,276240,34,317533
26414,0.002882,74.125.24.0-255,2902,279142,34,317533
26415,0.002884,172.31.33.0-255,66,279208,34,317533
26416,0.002903,74.125.24.0-255,5738,284946,34,317533
26417,0.002905,172.31.33.0-255,66,285012,34,317533
26418,0.002929,74.125.24.0-255,1484,286496,34,317533
26419,0.002963,172.31.33.0-255,66,286562,34,317533
26420,0.003003,172.31.33.0-255,66,286628,34,317533
26421,0.003267,74.125.24.0-255,1484,288112,34,317533
26422,0.003272,74.125.24.0-255,1484,289596,34,317533
26423,0.003275,172.31.33.0-255,66,289662,34,317533
26424,0.003288,74.125.24.0-255,1484,291146,34,317533
26425,0.003294,74.125.24.0-255,4320,295466,34,317533
26426,0.003297,172.31.33.0-255,66,295532,34,317533
26427,0.003301,74.125.24.0-255,2902,298434,34,317533
26428,0.003319,74.125.24.0-255,5738,304172,34,317533
26429,0.003345,74.125.24.0-255,4320,308492,34,317533
26430,0.003392,74.125.24.0-255,2902,311394,34,317533
26431,0.003422,74.125.24.0-255,5797,317191,34,317533
26432,0.00343,74.125.24.0-255,105,317296,34,317533
26433,0.007067,172.31.33.0-255,66,317362,34,317533
26434,0.00972,172.31.33.0-255,105,317467,34,317533
26435,0.012004,74.125.24.0-255,66,317533,34,317533
26436,0.0,172.217.194.0-255,146,146,34,142392
26437,1.4e-05,172.31.33.0-255,66,212,34,142392
26438,2.1e-05,172.217.194.0-255,1484,1696,34,142392
26439,2.5e-05,172.31.33.0-255,66,1762,34,142392
26440,3.1e-05,172.217.194.0-255,2902,4664,34,142392
26441,4.3e-05,172.31.33.0-255,66,4730,34,142392
26442,5e-05,172.217.194.0-255,7156,11886,34,142392
26443,5.4e-05,172.31.33.0-255,66,11952,34,142392
26444,5.8e-05,172.217.194.0-255,2088,14040,34,142392
26445,6.1e-05,172.31.33.0-255,66,14106,34,142392
26446,7.6e-05,172.31.33.0-255,66,14172,34,142392
26447,0.000114,172.217.194.0-255,5379,19551,34,142392
26448,0.000117,172.31.33.0-255,66,19617,34,142392
26449,0.000144,172.217.194.0-255,2902,22519,34,142392
26450,0.000146,172.31.33.0-255,66,22585,34,142392
26451,0.000151,172.217.194.0-255,4320,26905,34,142392
26452,0.000153,172.31.33.0-255,66,26971,34,142392
26453,0.000158,172.217.194.0-255,2902,29873,34,142392
26454,0.00016,172.31.33.0-255,66,29939,34,142392
26455,0.00019,172.217.194.0-255,5738,35677,34,142392
26456,0.000193,172.31.33.0-255,66,35743,34,142392
26457,0.000204,172.31.33.0-255,66,35809,34,142392
26458,0.000235,172.31.33.0-255,66,35875,34,142392
26459,0.000239,172.217.194.0-255,1745,37620,34,142392
26460,0.000241,172.31.33.0-255,66,37686,34,142392
26461,0.000558,172.217.194.0-255,1484,39170,34,142392
26462,0.000564,172.31.33.0-255,66,39236,34,142392
26463,0.00057,172.217.194.0-255,2902,42138,34,142392
26464,0.000572,172.31.33.0-255,66,42204,34,142392
26465,0.000584,172.217.194.0-255,5738,47942,34,142392
26466,0.000586,172.31.33.0-255,66,48008,34,142392
26467,0.000601,172.217.194.0-255,4320,52328,34,142392
26468,0.000603,172.31.33.0-255,66,52394,34,142392
26469,0.000637,172.31.33.0-255,66,52460,34,142392
26470,0.000653,172.217.194.0-255,7156,59616,34,142392
26471,0.000655,172.31.33.0-255,66,59682,34,142392
26472,0.000684,172.217.194.0-255,3602,63284,34,142392
26473,0.000686,172.31.33.0-255,66,63350,34,142392
26474,0.001479,172.217.194.0-255,1484,64834,34,142392
26475,0.001501,172.217.194.0-255,2902,67736,34,142392
26476,0.001505,172.31.33.0-255,66,67802,34,142392
26477,0.001511,172.217.194.0-255,4320,72122,34,142392
26478,0.001513,172.31.33.0-255,66,72188,34,142392
26479,0.001546,172.217.194.0-255,1484,73672,34,142392
26480,0.001558,172.31.33.0-255,66,73738,34,142392
26481,0.00158,172.217.194.0-255,1484,75222,34,142392
26482,0.001604,172.31.33.0-255,66,75288,34,142392
26483,0.001626,172.217.194.0-255,766,76054,34,142392
26484,0.001676,172.217.194.0-255,1484,77538,34,142392
26485,0.001679,172.31.33.0-255,66,77604,34,142392
26486,0.001684,172.217.194.0-255,2902,80506,34,142392
26487,0.001686,172.31.33.0-255,66,80572,34,142392
26488,0.001697,172.217.194.0-255,4320,84892,34,142392
26489,0.001699,172.31.33.0-255,66,84958,34,142392
26490,0.001732,172.217.194.0-255,1484,86442,34,142392
26491,0.001746,172.31.33.0-255,66,86508,34,142392
26492,0.001758,172.31.33.0-255,66,86574,34,142392
26493,0.001804,172.31.33.0-255,66,86640,34,142392
26494,0.00182,172.31.33.0-255,66,86706,34,142392
26495,0.001938,172.31.33.0-255,66,86772,34,142392
26496,0.001962,172.31.33.0-255,66,86838,34,142392
26497,0.001965,172.217.194.0-255,1484,88322,34,142392
26498,0.00197,172.217.194.0-255,2902,91224,34,142392
26499,0.001973,172.31.33.0-255,66,91290,34,142392
26500,0.001979,172.217.194.0-255,5738,97028,34,142392
26501,0.001983,172.31.33.0-255,66,97094,34,142392
26502,0.001998,172.31.33.0-255,66,97160,34,142392
26503,0.002042,172.31.33.0-255,66,97226,34,142392
26504,0.00208,172.31.33.0-255,66,97292,34,142392
26505,0.002104,172.217.194.0-255,1484,98776,34,142392
26506,0.00212,172.31.33.0-255,66,98842,34,142392
26507,0.002124,172.217.194.0-255,1484,100326,34,142392
26508,0.002157,172.31.33.0-255,66,100392,34,142392
26509,0.002173,172.31.33.0-255,66,100458,34,142392
26510,0.00218,172.217.194.0-255,5738,106196,34,142392
26511,0.002183,172.31.33.0-255,66,106262,34,142392
26512,0.00222,172.31.33.0-255,66,106328,34,142392
26513,0.002609,172.217.194.0-255,1484,107812,34,142392
26514,0.002619,172.217.194.0-255,2902,110714,34,142392
26515,0.002625,172.31.33.0-255,66,110780,34,142392
26516,0.002632,172.217.194.0-255,5738,116518,34,142392
26517,0.002634,172.31.33.0-255,66,116584,34,142392
26518,0.002646,172.217.194.0-255,5738,122322,34,142392
26519,0.002649,172.31.33.0-255,66,122388,34,142392
26520,0.002655,172.217.194.0-255,4320,126708,34,142392
26521,0.00266,172.31.33.0-255,66,126774,34,142392
26522,0.002698,172.31.33.0-255,66,126840,34,142392
26523,0.002704,172.217.194.0-255,5020,131860,34,142392
26524,0.002708,172.31.33.0-255,66,131926,34,142392
26525,0.002739,172.217.194.0-255,5738,137664,34,142392
26526,0.002745,172.217.194.0-255,2902,140566,34,142392
26527,0.002781,172.217.194.0-255,1484,142050,34,142392
26528,0.002808,172.217.194.0-255,105,142155,34,142392
26529,0.006061,172.31.33.0-255,66,142221,34,142392
26530,0.015189,172.31.33.0-255,105,142326,34,142392
26531,0.017487,172.217.194.0-255,66,142392,34,142392
26532,0.0,172.253.118.0-255,153,153,34,236152
26533,2.4e-05,172.31.33.0-255,66,219,34,236152
26534,3.1e-05,172.253.118.0-255,1484,1703,34,236152
26535,3.5e-05,172.31.33.0-255,66,1769,34,236152
26536,3.8e-05,172.253.118.0-255,1484,3253,34,236152
26537,4e-05,172.31.33.0-255,66,3319,34,236152
26538,6.3e-05,172.253.118.0-255,1484,4803,34,236152
26539,7e-05,172.31.33.0-255,66,4869,34,236152
26540,7.6e-05,172.253.118.0-255,4320,9189,34,236152
26541,7.9e-05,172.31.33.0-255,66,9255,34,236152
26542,0.000106,172.253.118.0-255,4891,14146,34,236152
26543,0.000109,172.31.33.0-255,66,14212,34,236152
26544,0.000133,172.253.118.0-255,5738,19950,34,236152
26545,0.000136,172.31.33.0-255,66,20016,34,236152
26546,0.000179,172.31.33.0-255,66,20082,34,236152
26547,0.000183,172.253.118.0-255,1125,21207,34,236152
26548,0.000185,172.31.33.0-255,66,21273,34,236152
26549,0.000282,172.253.118.0-255,1484,22757,34,236152
26550,0.000286,172.31.33.0-255,66,22823,34,236152
26551,0.000292,172.253.118.0-255,2902,25725,34,236152
26552,0.000294,172.31.33.0-255,66,25791,34,236152
26553,0.000297,172.253.118.0-255,1484,27275,34,236152
26554,0.000305,172.31.33.0-255,66,27341,34,236152
26555,0.000336,172.253.118.0-255,4320,31661,34,236152
26556,0.000341,172.31.33.0-255,66,31727,34,236152
26557,0.000356,172.31.33.0-255,66,31793,34,236152
26558,0.000362,172.253.118.0-255,5738,37531,34,236152
26559,0.000366,172.31.33.0-255,66,37597,34,236152
26560,0.000397,172.253.118.0-255,2902,40499,34,236152
26561,0.000401,172.31.33.0-255,66,40565,34,236152
26562,0.000404,172.253.118.0-255,1480,42045,34,236152
26563,0.000465,172.253.118.0-255,330,42375,34,236152
26564,0.000469,172.31.33.0-255,66,42441,34,236152
26565,0.00081,172.253.118.0-255,1484,43925,34,236152
26566,0.000814,172.253.118.0-255,2902,46827,34,236152
26567,0.000817,172.31.33.0-255,66,46893,34,236152
26568,0.000847,172.253.118.0-255,4320,51213,34,236152
26569,0.00085,172.31.33.0-255,66,51279,34,236152
26570,0.000875,172.253.118.0-255,1484,52763,34,236152
26571,0.000886,172.31.33.0-255,66,52829,34,236152
26572,0.000893,172.253.118.0-255,7156,59985,34,236152
26573,0.000895,172.31.33.0-255,66,60051,34,236152
26574,0.000918,172.253.118.0-255,4320,64371,34,236152
26575,0.000921,172.31.33.0-255,66,64437,34,236152
26576,0.000924,172.253.118.0-255,2184,66621,34,236152
26577,0.000928,172.31.33.0-255,66,66687,34,236152
26578,0.001332,172.253.118.0-255,1484,68171,34,236152
26579,0.00134,172.253.118.0-255,2902,71073,34,236152
26580,0.001343,172.31.33.0-255,66,71139,34,236152
26581,0.001349,172.253.118.0-255,2902,74041,34,236152
26582,0.00135,172.31.33.0-255,66,74107,34,236152
26583,0.001368,172.253.118.0-255,2902,77009,34,236152
26584,0.00137,172.31.33.0-255,66,77075,34,236152
26585,0.001381,172.253.118.0-255,7156,84231,34,236152
26586,0.001383,172.31.33.0-255,66,84297,34,236152
26587,0.001414,172.31.33.0-255,66,84363,34,236152
26588,0.001434,172.253.118.0-255,2902,87265,34,236152
26589,0.001437,172.31.33.0-255,66,87331,34,236152
26590,0.00144,172.253.118.0-255,2184,89515,34,236152
26591,0.001442,172.31.33.0-255,66,89581,34,236152
26592,0.001624,172.253.118.0-255,1484,91065,34,236152
26593,0.001638,172.253.118.0-255,2902,93967,34,236152
26594,0.001641,172.31.33.0-255,66,94033,34,236152
26595,0.001648,172.253.118.0-255,2902,96935,34,236152
26596,0.001649,172.31.33.0-255,66,97001,34,236152
26597,0.001675,172.253.118.0-255,2902,99903,34,236152
26598,0.001677,172.31.33.0-255,66,99969,34,236152
26599,0.001688,172.253.118.0-255,5738,105707,34,236152
26600,0.00169,172.31.33.0-255,66,105773,34,236152
26601,0.001695,172.253.118.0-255,4320,110093,34,236152
26602,0.001697,172.31.33.0-255,66,110159,34,236152
26603,0.001737,172.31.33.0-255,66,110225,34,236152
26604,0.001742,172.253.118.0-255,5020,115245,34,236152
26605,0.001744,172.31.33.0-255,66,115311,34,236152
26606,0.001785,172.253.118.0-255,1484,116795,34,236152
26607,0.001797,172.253.118.0-255,1484,118279,34,236152
26608,0.001799,172.31.33.0-255,66,118345,34,236152
26609,0.001818,172.253.118.0-255,1484,119829,34,236152
26610,0.001823,172.253.118.0-255,2902,122731,34,236152
26611,0.001824,172.31.33.0-255,66,122797,34,236152
26612,0.00183,172.253.118.0-255,7156,129953,34,236152
26613,0.001832,172.31.33.0-255,66,130019,34,236152
26614,0.001867,172.31.33.0-255,66,130085,34,236152
26615,0.001892,172.253.118.0-255,4320,134405,34,236152
26616,0.001894,172.31.33.0-255,66,134471,34,236152
26617,0.001898,172.253.118.0-255,3602,138073,34,236152
26618,0.0019,172.31.33.0-255,66,138139,34,236152
26619,0.001988,172.253.118.0-255,1484,139623,34,236152
26620,0.002002,172.253.118.0-255,2902,142525,34,236152
26621,0.002005,172.31.33.0-255,66,142591,34,236152
26622,0.00201,172.253.118.0-255,5738,148329,34,236152
26623,0.002012,172.31.33.0-255,66,148395,34,236152
26624,0.002015,172.253.118.0-255,2902,151297,34,236152
26625,0.002017,172.31.33.0-255,66,151363,34,236152
26626,0.002082,172.31.33.0-255,66,151429,34,236152
26627,0.002091,172.31.33.0-255,66,151495,34,236152
26628,0.002205,172.253.118.0-255,1484,152979,34,236152
26629,0.002218,172.253.118.0-255,2902,155881,34,236152
26630,0.00222,172.31.33.0-255,66,155947,34,236152
26631,0.002224,172.253.118.0-255,2902,158849,34,236152
26632,0.002227,172.31.33.0-255,66,158915,34,236152
26633,0.00224,172.253.118.0-255,2902,161817,34,236152
26634,0.002242,172.31.33.0-255,66,161883,34,236152
26635,0.002251,172.253.118.0-255,1484,163367,34,236152
26636,0.002287,172.253.118.0-255,7156,170523,34,236152
26637,0.00231,172.253.118.0-255,2902,173425,34,236152
26638,0.002322,172.253.118.0-255,766,174191,34,236152
26639,0.002338,172.253.118.0-255,1484,175675,34,236152
26640,0.002349,172.253.118.0-255,4320,179995,34,236152
26641,0.002361,172.253.118.0-255,2902,182897,34,236152
26642,0.002364,172.253.118.0-255,1484,184381,34,236152
26643,0.002366,172.253.118.0-255,1484,185865,34,236152
26644,0.002382,172.253.118.0-255,4320,190185,34,236152
26645,0.002387,172.253.118.0-255,4320,194505,34,236152
26646,0.002403,172.253.118.0-255,1484,195989,34,236152
26647,0.002444,172.253.118.0-255,3602,199591,34,236152
26648,0.002447,172.253.118.0-255,1484,201075,34,236152
26649,0.002449,172.253.118.0-255,1484,202559,34,236152
26650,0.002471,172.253.118.0-255,2902,205461,34,236152
26651,0.002506,172.253.118.0-255,1484,206945,34,236152
26652,0.002515,172.253.118.0-255,1484,208429,34,236152
26653,0.002542,172.253.118.0-255,4320,212749,34,236152
26654,0.002563,172.253.118.0-255,7156,219905,34,236152
26655,0.002587,172.253.118.0-255,2902,222807,34,236152
26656,0.002597,172.253.118.0-255,1484,224291,34,236152
26657,0.002609,172.253.118.0-255,2902,227193,34,236152
26658,0.002624,172.253.118.0-255,5738,232931,34,236152
26659,0.002654,172.253.118.0-255,1484,234415,34,236152
26660,0.002656,172.253.118.0-255,1119,235534,34,236152
26661,0.002724,172.253.118.0-255,105,235639,34,236152
26662,0.006762,172.31.33.0-255,66,235705,34,236152
26663,0.012781,172.31.33.0-255,105,235810,34,236152
26664,0.012917,172.31.33.0-255,105,235915,34,236152
26665,0.014526,157.240.7.0-255,105,236020,34,236152
26666,0.014536,172.31.33.0-255,66,236086,34,236152
26667,0.015211,172.253.118.0-255,66,236152,34,236152
26668,0.0,172.217.194.0-255,143,143,34,194358
26669,3.2e-05,172.31.33.0-255,66,209,34,194358
26670,3.9e-05,172.217.194.0-255,1484,1693,34,194358
26671,4.3e-05,172.31.33.0-255,66,1759,34,194358
26672,4.8e-05,172.217.194.0-255,2902,4661,34,194358
26673,5e-05,172.31.33.0-255,66,4727,34,194358
26674,5.7e-05,172.217.194.0-255,7156,11883,34,194358
26675,6e-05,172.31.33.0-255,66,11949,34,194358
26676,8.9e-05,172.217.194.0-255,7156,19105,34,194358
26677,9.1e-05,172.31.33.0-255,66,19171,34,194358
26678,0.000114,172.217.194.0-255,2048,21219,34,194358
26679,0.000116,172.31.33.0-255,66,21285,34,194358
26680,0.000127,172.31.33.0-255,66,21351,34,194358
26681,0.000204,172.217.194.0-255,1484,22835,34,194358
26682,0.000208,172.31.33.0-255,66,22901,34,194358
26683,0.000212,172.217.194.0-255,1484,24385,34,194358
26684,0.000213,172.31.33.0-255,66,24451,34,194358
26685,0.000227,172.217.194.0-255,1484,25935,34,194358
26686,0.000229,172.31.33.0-255,66,26001,34,194358
26687,0.000234,172.217.194.0-255,2902,28903,34,194358
26688,0.000236,172.31.33.0-255,66,28969,34,194358
26689,0.000255,172.217.194.0-255,7156,36125,34,194358
26690,0.000258,172.31.33.0-255,66,36191,34,194358
26691,0.000277,172.217.194.0-255,4320,40511,34,194358
26692,0.00028,172.31.33.0-255,66,40577,34,194358
26693,0.000308,172.217.194.0-255,5379,45956,34,194358
26694,0.000311,172.31.33.0-255,66,46022,34,194358
26695,0.000322,172.31.33.0-255,66,46088,34,194358
26696,0.000325,172.217.194.0-255,98,46186,34,194358
26697,0.000328,172.31.33.0-255,66,46252,34,194358
26698,0.000343,172.217.194.0-255,364,46616,34,194358
26699,0.000797,172.31.33.0-255,66,46682,34,194358
26700,0.001683,172.217.194.0-255,1484,48166,34,194358
26701,0.001691,172.217.194.0-255,1484,49650,34,194358
26702,0.001695,172.31.33.0-255,66,49716,34,194358
26703,0.001712,172.217.194.0-255,1484,51200,34,194358
26704,0.001717,172.217.194.0-255,5738,56938,34,194358
26705,0.001719,172.31.33.0-255,66,57004,34,194358
26706,0.001721,172.217.194.0-255,1484,58488,34,194358
26707,0.001745,172.31.33.0-255,66,58554,34,194358
26708,0.001748,172.217.194.0-255,1484,60038,34,194358
26709,0.001765,172.217.194.0-255,5738,65776,34,194358
26710,0.001767,172.31.33.0-255,66,65842,34,194358
26711,0.001783,172.217.194.0-255,3602,69444,34,194358
26712,0.001785,172.31.33.0-255,66,69510,34,194358
26713,0.002161,172.217.194.0-255,1484,70994,34,194358
26714,0.002172,172.217.194.0-255,1484,72478,34,194358
26715,0.002174,172.31.33.0-255,66,72544,34,194358
26716,0.002184,172.217.194.0-255,1484,74028,34,194358
26717,0.002207,172.217.194.0-255,5738,79766,34,194358
26718,0.002209,172.31.33.0-255,66,79832,34,194358
26719,0.002215,172.217.194.0-255,7156,86988,34,194358
26720,0.002217,172.31.33.0-255,66,87054,34,194358
26721,0.002219,172.217.194.0-255,1484,88538,34,194358
26722,0.002243,172.31.33.0-255,66,88604,34,194358
26723,0.00226,172.217.194.0-255,2902,91506,34,194358
26724,0.002261,172.31.33.0-255,66,91572,34,194358
26725,0.002265,172.217.194.0-255,2184,93756,34,194358
26726,0.002266,172.31.33.0-255,66,93822,34,194358
26727,0.00229,172.217.194.0-255,2902,96724,34,194358
26728,0.002292,172.31.33.0-255,66,96790,34,194358
26729,0.002297,172.217.194.0-255,5738,102528,34,194358
26730,0.002299,172.31.33.0-255,66,102594,34,194358
26731,0.002308,172.217.194.0-255,1484,104078,34,194358
26732,0.002311,172.217.194.0-255,2902,106980,34,194358
26733,0.002313,172.31.33.0-255,66,107046,34,194358
26734,0.002331,172.217.194.0-255,5738,112784,34,194358
26735,0.002333,172.31.33.0-255,66,112850,34,194358
26736,0.002335,172.217.194.0-255,1484,114334,34,194358
26737,0.002385,172.31.33.0-255,66,114400,34,194358
26738,0.002457,172.217.194.0-255,1484,115884,34,194358
26739,0.002467,172.217.194.0-255,2902,118786,34,194358
26740,0.002469,172.31.33.0-255,66,118852,34,194358
26741,0.002489,172.217.194.0-255,5738,124590,34,194358
26742,0.002491,172.31.33.0-255,66,124656,34,194358
26743,0.002505,172.217.194.0-255,1484,126140,34,194358
26744,0.002534,172.31.33.0-255,66,126206,34,194358
26745,0.002562,172.217.194.0-255,2902,129108,34,194358
26746,0.002564,172.31.33.0-255,66,129174,34,194358
26747,0.002583,172.31.33.0-255,66,129240,34,194358
26748,0.002606,172.217.194.0-255,1484,130724,34,194358
26749,0.002627,172.31.33.0-255,66,130790,34,194358
26750,0.00263,172.217.194.0-255,2902,133692,34,194358
26751,0.002632,172.31.33.0-255,66,133758,34,194358
26752,0.002652,172.31.33.0-255,66,133824,34,194358
26753,0.002654,172.217.194.0-255,1484,135308,34,194358
26754,0.002677,172.31.33.0-255,66,135374,34,194358
26755,0.002864,172.217.194.0-255,1484,136858,34,194358
26756,0.002881,172.217.194.0-255,2902,139760,34,194358
26757,0.002883,172.31.33.0-255,66,139826,34,194358
26758,0.002888,172.217.194.0-255,4320,144146,34,194358
26759,0.002889,172.31.33.0-255,66,144212,34,194358
26760,0.002899,172.217.194.0-255,1484,145696,34,194358
26761,0.002903,172.217.194.0-255,2902,148598,34,194358
26762,0.002905,172.31.33.0-255,66,148664,34,194358
26763,0.002952,172.31.33.0-255,66,148730,34,194358
26764,0.00296,172.31.33.0-255,66,148796,34,194358
26765,0.002963,172.217.194.0-255,1484,150280,34,194358
26766,0.002987,172.217.194.0-255,7156,157436,34,194358
26767,0.002989,172.31.33.0-255,66,157502,34,194358
26768,0.003022,172.31.33.0-255,66,157568,34,194358
26769,0.003034,172.31.33.0-255,66,157634,34,194358
26770,0.003059,172.31.33.0-255,66,157700,34,194358
26771,0.00308,172.217.194.0-255,2902,160602,34,194358
26772,0.003082,172.31.33.0-255,66,160668,34,194358
26773,0.003093,172.31.33.0-255,66,160734,34,194358
26774,0.003116,172.217.194.0-255,4320,165054,34,194358
26775,0.003118,172.31.33.0-255,66,165120,34,194358
26776,0.003123,172.217.194.0-255,3602,168722,34,194358
26777,0.003125,172.31.33.0-255,66,168788,34,194358
26778,0.003197,172.31.33.0-255,66,168854,34,194358
26779,0.003207,172.31.33.0-255,66,168920,34,194358
26780,0.003216,172.31.33.0-255,66,168986,34,194358
26781,0.003221,172.217.194.0-255,4320,173306,34,194358
26782,0.003224,172.31.33.0-255,66,173372,34,194358
26783,0.003249,172.217.194.0-255,4320,177692,34,194358
26784,0.003252,172.31.33.0-255,66,177758,34,194358
26785,0.003258,172.217.194.0-255,7156,184914,34,194358
26786,0.00326,172.31.33.0-255,66,184980,34,194358
26787,0.00328,172.217.194.0-255,4408,189388,34,194358
26788,0.003283,172.31.33.0-255,66,189454,34,194358
26789,0.003286,172.217.194.0-255,97,189551,34,194358
26790,0.00332,172.217.194.0-255,105,189656,34,194358
26791,0.009107,172.31.33.0-255,66,189722,34,194358
26792,0.009138,172.31.33.0-255,105,189827,34,194358
26793,0.011122,172.217.194.0-255,66,189893,34,194358
26794,0.033588,172.31.33.0-255,172,190065,34,194358
26795,0.033614,172.31.33.0-255,1112,191177,34,194358
26796,0.033666,172.31.33.0-255,1514,192691,34,194358
26797,0.033668,172.31.33.0-255,1295,193986,34,194358
26798,0.035139,104.244.42.0-255,66,194052,34,194358
26799,0.035169,104.244.42.0-255,66,194118,34,194358
26800,0.035207,104.244.42.0-255,66,194184,34,194358
26801,0.036091,104.244.42.0-255,108,194292,34,194358
26802,0.03611,172.31.33.0-255,66,194358,34,194358
26803,0.0,172.217.194.0-255,153,153,34,224895
26804,1.1e-05,172.31.33.0-255,66,219,34,224895
26805,1.6e-05,172.217.194.0-255,1484,1703,34,224895
26806,2e-05,172.31.33.0-255,66,1769,34,224895
26807,3.7e-05,172.217.194.0-255,2902,4671,34,224895
26808,3.9e-05,172.31.33.0-255,66,4737,34,224895
26809,4.4e-05,172.217.194.0-255,4320,9057,34,224895
26810,4.6e-05,172.31.33.0-255,66,9123,34,224895
26811,6.8e-05,172.217.194.0-255,2902,12025,34,224895
26812,7.1e-05,172.31.33.0-255,66,12091,34,224895
26813,7.5e-05,172.217.194.0-255,2026,14117,34,224895
26814,7.6e-05,172.31.33.0-255,66,14183,34,224895
26815,0.000114,172.31.33.0-255,66,14249,34,224895
26816,0.000132,172.217.194.0-255,2902,17151,34,224895
26817,0.000133,172.31.33.0-255,66,17217,34,224895
26818,0.000136,172.217.194.0-255,1484,18701,34,224895
26819,0.000137,172.31.33.0-255,66,18767,34,224895
26820,0.000168,172.217.194.0-255,3961,22728,34,224895
26821,0.00017,172.31.33.0-255,66,22794,34,224895
26822,0.000203,172.217.194.0-255,2902,25696,34,224895
26823,0.000206,172.31.33.0-255,66,25762,34,224895
26824,0.00021,172.217.194.0-255,2902,28664,34,224895
26825,0.000211,172.31.33.0-255,66,28730,34,224895
26826,0.000222,172.217.194.0-255,1484,30214,34,224895
26827,0.000224,172.31.33.0-255,66,30280,34,224895
26828,0.000234,172.31.33.0-255,66,30346,34,224895
26829,0.000263,172.217.194.0-255,2902,33248,34,224895
26830,0.000265,172.31.33.0-255,66,33314,34,224895
26831,0.000289,172.31.33.0-255,66,33380,34,224895
26832,0.000359,172.217.194.0-255,117,33497,34,224895
26833,0.00039,172.217.194.0-255,379,33876,34,224895
26834,0.000873,172.217.194.0-255,1484,35360,34,224895
26835,0.000877,172.31.33.0-255,66,35426,34,224895
26836,0.000882,172.217.194.0-255,2902,38328,34,224895
26837,0.000884,172.31.33.0-255,66,38394,34,224895
26838,0.000888,172.217.194.0-255,2902,41296,34,224895
26839,0.00089,172.31.33.0-255,66,41362,34,224895
26840,0.000903,172.217.194.0-255,2902,44264,34,224895
26841,0.000905,172.31.33.0-255,66,44330,34,224895
26842,0.000923,172.217.194.0-255,5738,50068,34,224895
26843,0.000925,172.31.33.0-255,66,50134,34,224895
26844,0.000953,172.217.194.0-255,7156,57290,34,224895
26845,0.000955,172.31.33.0-255,66,57356,34,224895
26846,0.000961,172.217.194.0-255,5738,63094,34,224895
26847,0.000963,172.31.33.0-255,66,63160,34,224895
26848,0.000978,172.217.194.0-255,5020,68180,34,224895
26849,0.00098,172.31.33.0-255,66,68246,34,224895
26850,0.001048,172.217.194.0-255,1484,69730,34,224895
26851,0.001061,172.217.194.0-255,2902,72632,34,224895
26852,0.001064,172.31.33.0-255,66,72698,34,224895
26853,0.001077,172.217.194.0-255,4320,77018,34,224895
26854,0.001079,172.31.33.0-255,66,77084,34,224895
26855,0.001096,172.217.194.0-255,1484,78568,34,224895
26856,0.001099,172.217.194.0-255,1484,80052,34,224895
26857,0.0011,172.31.33.0-255,66,80118,34,224895
26858,0.001109,172.31.33.0-255,66,80184,34,224895
26859,0.001134,172.217.194.0-255,4320,84504,34,224895
26860,0.001136,172.31.33.0-255,66,84570,34,224895
26861,0.001164,172.31.33.0-255,66,84636,34,224895
26862,0.001256,172.217.194.0-255,1484,86120,34,224895
26863,0.001261,172.217.194.0-255,2902,89022,34,224895
26864,0.001263,172.31.33.0-255,66,89088,34,224895
26865,0.001286,172.217.194.0-255,5738,94826,34,224895
26866,0.001288,172.31.33.0-255,66,94892,34,224895
26867,0.001293,172.217.194.0-255,2902,97794,34,224895
26868,0.001294,172.31.33.0-255,66,97860,34,224895
26869,0.001314,172.31.33.0-255,66,97926,34,224895
26870,0.001328,172.217.194.0-255,1484,99410,34,224895
26871,0.001332,172.217.194.0-255,2902,102312,34,224895
26872,0.001335,172.31.33.0-255,66,102378,34,224895
26873,0.001364,172.31.33.0-255,66,102444,34,224895
26874,0.001616,172.217.194.0-255,1484,103928,34,224895
26875,0.00163,172.217.194.0-255,2902,106830,34,224895
26876,0.001633,172.31.33.0-255,66,106896,34,224895
26877,0.001637,172.217.194.0-255,2902,109798,34,224895
26878,0.001638,172.31.33.0-255,66,109864,34,224895
26879,0.001649,172.217.194.0-255,1484,111348,34,224895
26880,0.001654,172.217.194.0-255,4320,115668,34,224895
26881,0.001657,172.31.33.0-255,66,115734,34,224895
26882,0.001673,172.217.194.0-255,4320,120054,34,224895
26883,0.001675,172.31.33.0-255,66,120120,34,224895
26884,0.001699,172.217.194.0-255,7156,127276,34,224895
26885,0.001701,172.31.33.0-255,66,127342,34,224895
26886,0.00171,172.31.33.0-255,66,127408,34,224895
26887,0.001754,172.217.194.0-255,766,128174,34,224895
26888,0.002091,172.31.33.0-255,66,128240,34,224895
26889,0.002103,172.217.194.0-255,1484,129724,34,224895
26890,0.002106,172.217.194.0-255,1484,131208,34,224895
26891,0.002108,172.31.33.0-255,66,131274,34,224895
26892,0.002133,172.217.194.0-255,1484,132758,34,224895
26893,0.002139,172.217.194.0-255,5738,138496,34,224895
26894,0.002142,172.217.194.0-255,2902,141398,34,224895
26895,0.002146,172.31.33.0-255,66,141464,34,224895
26896,0.002148,172.31.33.0-255,66,141530,34,224895
26897,0.002171,172.31.33.0-255,66,141596,34,224895
26898,0.002202,172.217.194.0-255,2902,144498,34,224895
26899,0.002204,172.31.33.0-255,66,144564,34,224895
26900,0.00223,172.31.33.0-255,66,144630,34,224895
26901,0.002257,172.217.194.0-255,1484,146114,34,224895
26902,0.002268,172.217.194.0-255,2902,149016,34,224895
26903,0.00227,172.31.33.0-255,66,149082,34,224895
26904,0.002276,172.217.194.0-255,5738,154820,34,224895
26905,0.002278,172.31.33.0-255,66,154886,34,224895
26906,0.002293,172.217.194.0-255,1484,156370,34,224895
26907,0.002318,172.31.33.0-255,66,156436,34,224895
26908,0.002349,172.217.194.0-255,5738,162174,34,224895
26909,0.002351,172.31.33.0-255,66,162240,34,224895
26910,0.002372,172.217.194.0-255,5020,167260,34,224895
26911,0.002374,172.31.33.0-255,66,167326,34,224895
26912,0.00239,172.217.194.0-255,4320,171646,34,224895
26913,0.002392,172.31.33.0-255,66,171712,34,224895
26914,0.002396,172.217.194.0-255,2902,174614,34,224895
26915,0.002399,172.31.33.0-255,66,174680,34,224895
26916,0.002423,172.217.194.0-255,2902,177582,34,224895
26917,0.002425,172.31.33.0-255,66,177648,34,224895
26918,0.002437,172.31.33.0-255,66,177714,34,224895
26919,0.002461,172.31.33.0-255,66,177780,34,224895
26920,0.002475,172.217.194.0-255,766,178546,34,224895
26921,0.002525,172.217.194.0-255,1484,180030,34,224895
26922,0.002527,172.31.33.0-255,66,180096,34,224895
26923,0.002532,172.217.194.0-255,2902,182998,34,224895
26924,0.002534,172.31.33.0-255,66,183064,34,224895
26925,0.002544,172.217.194.0-255,1484,184548,34,224895
26926,0.002548,172.217.194.0-255,2902,187450,34,224895
26927,0.002549,172.31.33.0-255,66,187516,34,224895
26928,0.002566,172.217.194.0-255,4320,191836,34,224895
26929,0.002568,172.31.33.0-255,66,191902,34,224895
26930,0.002573,172.217.194.0-255,4320,196222,34,224895
26931,0.002575,172.31.33.0-255,66,196288,34,224895
26932,0.002603,172.31.33.0-255,66,196354,34,224895
26933,0.00261,172.217.194.0-255,7156,203510,34,224895
26934,0.002612,172.31.33.0-255,66,203576,34,224895
26935,0.002622,172.217.194.0-255,766,204342,34,224895
26936,0.002889,172.217.194.0-255,1484,205826,34,224895
26937,0.002893,172.31.33.0-255,66,205892,34,224895
26938,0.002898,172.217.194.0-255,2902,208794,34,224895
26939,0.0029,172.31.33.0-255,66,208860,34,224895
26940,0.002903,172.217.194.0-255,1484,210344,34,224895
26941,0.002906,172.217.194.0-255,1484,211828,34,224895
26942,0.002908,172.31.33.0-255,66,211894,34,224895
26943,0.002924,172.217.194.0-255,4320,216214,34,224895
26944,0.002926,172.31.33.0-255,66,216280,34,224895
26945,0.002929,172.217.194.0-255,1484,217764,34,224895
26946,0.002963,172.31.33.0-255,66,217830,34,224895
26947,0.002973,172.31.33.0-255,66,217896,34,224895
26948,0.003009,172.31.33.0-255,66,217962,34,224895
26949,0.003039,172.31.33.0-255,66,218028,34,224895
26950,0.003043,172.217.194.0-255,2168,220196,34,224895
26951,0.003045,172.31.33.0-255,66,220262,34,224895
26952,0.003047,172.217.194.0-255,105,220367,34,224895
26953,0.004153,172.31.33.0-255,66,220433,34,224895
26954,0.004186,172.31.33.0-255,105,220538,34,224895
26955,0.006649,172.217.194.0-255,66,220604,34,224895
26956,0.024609,172.31.33.0-255,172,220776,34,224895
26957,0.024638,172.31.33.0-255,1112,221888,34,224895
26958,0.024694,172.31.33.0-255,1514,223402,34,224895
26959,0.024695,172.31.33.0-255,1295,224697,34,224895
26960,0.026198,104.244.42.0-255,66,224763,34,224895
26961,0.026236,104.244.42.0-255,66,224829,34,224895
26962,0.026296,104.244.42.0-255,66,224895,34,224895
26963,0.0,74.125.68.0-255,153,153,34,349157
26964,1.9e-05,172.31.33.0-255,66,219,34,349157
26965,2.5e-05,74.125.68.0-255,1484,1703,34,349157
26966,2.9e-05,172.31.33.0-255,66,1769,34,349157
26967,5.3e-05,74.125.68.0-255,2902,4671,34,349157
26968,5.6e-05,172.31.33.0-255,66,4737,34,349157
26969,6.3e-05,74.125.68.0-255,1484,6221,34,349157
26970,6.5e-05,172.31.33.0-255,66,6287,34,349157
26971,9.6e-05,74.125.68.0-255,4320,10607,34,349157
26972,9.9e-05,172.31.33.0-255,66,10673,34,349157
26973,0.000125,74.125.68.0-255,3410,14083,34,349157
26974,0.000128,172.31.33.0-255,66,14149,34,349157
26975,0.000454,74.125.68.0-255,1484,15633,34,349157
26976,0.00046,172.31.33.0-255,66,15699,34,349157
26977,0.000465,74.125.68.0-255,2902,18601,34,349157
26978,0.000467,172.31.33.0-255,66,18667,34,349157
26979,0.000492,74.125.68.0-255,4320,22987,34,349157
26980,0.000495,172.31.33.0-255,66,23053,34,349157
26981,0.00052,74.125.68.0-255,5738,28791,34,349157
26982,0.000525,172.31.33.0-255,66,28857,34,349157
26983,0.000541,74.125.68.0-255,2543,31400,34,349157
26984,0.000544,172.31.33.0-255,66,31466,34,349157
26985,0.000636,74.125.68.0-255,1484,32950,34,349157
26986,0.000642,172.31.33.0-255,66,33016,34,349157
26987,0.000647,74.125.68.0-255,2902,35918,34,349157
26988,0.000649,172.31.33.0-255,66,35984,34,349157
26989,0.000691,74.125.68.0-255,5738,41722,34,349157
26990,0.000695,172.31.33.0-255,66,41788,34,349157
26991,0.000732,74.125.68.0-255,6797,48585,34,349157
26992,0.000735,172.31.33.0-255,66,48651,34,349157
26993,0.00076,74.125.68.0-255,1484,50135,34,349157
26994,0.000762,172.31.33.0-255,66,50201,34,349157
26995,0.000789,74.125.68.0-255,2902,53103,34,349157
26996,0.000794,74.125.68.0-255,5738,58841,34,349157
26997,0.0008,172.31.33.0-255,66,58907,34,349157
26998,0.000861,74.125.68.0-255,5738,64645,34,349157
26999,0.000866,172.31.33.0-255,66,64711,34,349157
27000,0.000883,172.31.33.0-255,66,64777,34,349157
27001,0.000889,74.125.68.0-255,1438,66215,34,349157
27002,0.000908,74.125.68.0-255,108,66323,34,349157
27003,0.000945,74.125.68.0-255,331,66654,34,349157
27004,0.000964,172.31.33.0-255,66,66720,34,349157
27005,0.001146,74.125.68.0-255,1484,68204,34,349157
27006,0.001151,74.125.68.0-255,1484,69688,34,349157
27007,0.001155,172.31.33.0-255,66,69754,34,349157
27008,0.001176,74.125.68.0-255,1484,71238,34,349157
27009,0.001183,74.125.68.0-255,5738,76976,34,349157
27010,0.001198,74.125.68.0-255,2902,79878,34,349157
27011,0.0012,172.31.33.0-255,66,79944,34,349157
27012,0.001212,74.125.68.0-255,4320,84264,34,349157
27013,0.001231,172.31.33.0-255,66,84330,34,349157
27014,0.001275,74.125.68.0-255,4320,88650,34,349157
27015,0.001278,172.31.33.0-255,66,88716,34,349157
27016,0.001284,172.31.33.0-255,66,88782,34,349157
27017,0.001306,74.125.68.0-255,3602,92384,34,349157
27018,0.001329,172.31.33.0-255,66,92450,34,349157
27019,0.001357,74.125.68.0-255,1484,93934,34,349157
27020,0.001363,74.125.68.0-255,2902,96836,34,349157
27021,0.001381,74.125.68.0-255,4320,101156,34,349157
27022,0.001387,172.31.33.0-255,66,101222,34,349157
27023,0.001409,74.125.68.0-255,1484,102706,34,349157
27024,0.001416,74.125.68.0-255,5738,108444,34,349157
27025,0.001423,74.125.68.0-255,7156,115600,34,349157
27026,0.001437,172.31.33.0-255,66,115666,34,349157
27027,0.001449,74.125.68.0-255,1484,117150,34,349157
27028,0.001478,74.125.68.0-255,766,117916,34,349157
27029,0.001482,172.31.33.0-255,66,117982,34,349157
27030,0.001518,74.125.68.0-255,1484,119466,34,349157
27031,0.001531,74.125.68.0-255,2902,122368,34,349157
27032,0.00154,172.31.33.0-255,66,122434,34,349157
27033,0.001547,74.125.68.0-255,1484,123918,34,349157
27034,0.001552,74.125.68.0-255,2902,126820,34,349157
27035,0.001556,74.125.68.0-255,4320,131140,34,349157
27036,0.001576,172.31.33.0-255,66,131206,34,349157
27037,0.001624,74.125.68.0-255,7156,138362,34,349157
27038,0.001641,74.125.68.0-255,1484,139846,34,349157
27039,0.001647,74.125.68.0-255,5738,145584,34,349157
27040,0.001654,74.125.68.0-255,6438,152022,34,349157
27041,0.00166,172.31.33.0-255,66,152088,34,349157
27042,0.001773,74.125.68.0-255,1484,153572,34,349157
27043,0.001778,74.125.68.0-255,2902,156474,34,349157
27044,0.001804,74.125.68.0-255,5738,162212,34,349157
27045,0.001814,172.31.33.0-255,66,162278,34,349157
27046,0.001827,74.125.68.0-255,5738,168016,34,349157
27047,0.001849,74.125.68.0-255,1484,169500,34,349157
27048,0.001853,74.125.68.0-255,2902,172402,34,349157
27049,0.001859,172.31.33.0-255,66,172468,34,349157
27050,0.001888,74.125.68.0-255,5738,178206,34,349157
27051,0.001898,172.31.33.0-255,66,178272,34,349157
27052,0.001908,74.125.68.0-255,2902,181174,34,349157
27053,0.001912,172.31.33.0-255,66,181240,34,349157
27054,0.00194,74.125.68.0-255,5020,186260,34,349157
27055,0.001948,74.125.68.0-255,7156,193416,34,349157
27056,0.001963,74.125.68.0-255,1484,194900,34,349157
27057,0.001969,74.125.68.0-255,5738,200638,34,349157
27058,0.001974,74.125.68.0-255,4320,204958,34,349157
27059,0.001977,172.31.33.0-255,66,205024,34,349157
27060,0.001983,172.31.33.0-255,66,205090,34,349157
27061,0.001995,74.125.68.0-255,2902,207992,34,349157
27062,0.002036,74.125.68.0-255,2184,210176,34,349157
27063,0.002042,172.31.33.0-255,66,210242,34,349157
27064,0.002782,74.125.68.0-255,1484,211726,34,349157
27065,0.002786,74.125.68.0-255,1484,213210,34,349157
27066,0.002789,172.31.33.0-255,66,213276,34,349157
27067,0.002826,74.125.68.0-255,4320,217596,34,349157
27068,0.002831,74.125.68.0-255,2902,220498,34,349157
27069,0.002835,74.125.68.0-255,4320,224818,34,349157
27070,0.002843,172.31.33.0-255,66,224884,34,349157
27071,0.002858,74.125.68.0-255,2902,227786,34,349157
27072,0.002863,172.31.33.0-255,66,227852,34,349157
27073,0.002891,74.125.68.0-255,5738,233590,34,349157
27074,0.002896,74.125.68.0-255,2902,236492,34,349157
27075,0.0029,74.125.68.0-255,4320,240812,34,349157
27076,0.002924,74.125.68.0-255,3602,244414,34,349157
27077,0.002936,172.31.33.0-255,66,244480,34,349157
27078,0.002947,74.125.68.0-255,4320,248800,34,349157
27079,0.002952,172.31.33.0-255,66,248866,34,349157
27080,0.002966,74.125.68.0-255,2902,251768,34,349157
27081,0.002984,74.125.68.0-255,7156,258924,34,349157
27082,0.002987,74.125.68.0-255,1484,260408,34,349157
27083,0.003012,74.125.68.0-255,4320,264728,34,349157
27084,0.003017,172.31.33.0-255,66,264794,34,349157
27085,0.003051,74.125.68.0-255,1484,266278,34,349157
27086,0.003053,74.125.68.0-255,1484,267762,34,349157
27087,0.003059,74.125.68.0-255,5020,272782,34,349157
27088,0.003079,74.125.68.0-255,4320,277102,34,349157
27089,0.003082,172.31.33.0-255,66,277168,34,349157
27090,0.00309,74.125.68.0-255,1484,278652,34,349157
27091,0.003095,172.31.33.0-255,66,278718,34,349157
27092,0.003122,74.125.68.0-255,7156,285874,34,349157
27093,0.003133,74.125.68.0-255,7156,293030,34,349157
27094,0.003137,74.125.68.0-255,2902,295932,34,349157
27095,0.003147,172.31.33.0-255,66,295998,34,349157
27096,0.003173,74.125.68.0-255,5738,301736,34,349157
27097,0.003178,172.31.33.0-255,66,301802,34,349157
27098,0.003206,74.125.68.0-255,2184,303986,34,349157
27099,0.003212,74.125.68.0-255,4320,308306,34,349157
27100,0.00322,74.125.68.0-255,7156,315462,34,349157
27101,0.003222,74.125.68.0-255,1484,316946,34,349157
27102,0.003224,74.125.68.0-255,1484,318430,34,349157
27103,0.003269,74.125.68.0-255,1484,319914,34,349157
27104,0.003276,74.125.68.0-255,7156,327070,34,349157
27105,0.003288,74.125.68.0-255,2184,329254,34,349157
27106,0.003304,172.31.33.0-255,66,329320,34,349157
27107,0.003335,74.125.68.0-255,7156,336476,34,349157
27108,0.003338,74.125.68.0-255,1484,337960,34,349157
27109,0.003345,172.31.33.0-255,66,338026,34,349157
27110,0.003354,74.125.68.0-255,1484,339510,34,349157
27111,0.003408,74.125.68.0-255,2902,342412,34,349157
27112,0.00341,172.31.33.0-255,66,342478,34,349157
27113,0.003415,172.31.33.0-255,66,342544,34,349157
27114,0.003438,74.125.68.0-255,1739,344283,34,349157
27115,0.003462,172.31.33.0-255,66,344349,34,349157
27116,0.003479,74.125.68.0-255,105,344454,34,349157
27117,0.005074,172.31.33.0-255,66,344520,34,349157
27118,0.005119,172.31.33.0-255,105,344625,34,349157
27119,0.007418,74.125.68.0-255,66,344691,34,349157
27120,0.034564,172.31.33.0-255,171,344862,34,349157
27121,0.034601,172.31.33.0-255,1136,345998,34,349157
27122,0.034687,172.31.33.0-255,1514,347512,34,349157
27123,0.034689,172.31.33.0-255,1273,348785,34,349157
27124,0.036105,104.244.42.0-255,66,348851,34,349157
27125,0.03613,104.244.42.0-255,66,348917,34,349157
27126,0.036241,104.244.42.0-255,66,348983,34,349157
27127,0.03977,104.244.42.0-255,108,349091,34,349157
27128,0.039792,172.31.33.0-255,66,349157,34,349157
27129,0.0,74.125.68.0-255,226,226,34,153959
27130,2.2e-05,172.31.33.0-255,66,292,34,153959
27131,2.8e-05,74.125.68.0-255,1484,1776,34,153959
27132,3.3e-05,172.31.33.0-255,66,1842,34,153959
27133,5.4e-05,74.125.68.0-255,4320,6162,34,153959
27134,5.6e-05,172.31.33.0-255,66,6228,34,153959
27135,0.000202,74.125.68.0-255,2902,9130,34,153959
27136,0.000206,172.31.33.0-255,66,9196,34,153959
27137,0.000304,74.125.68.0-255,4829,14025,34,153959
27138,0.000309,172.31.33.0-255,66,14091,34,153959
27139,0.000478,74.125.68.0-255,4320,18411,34,153959
27140,0.000483,172.31.33.0-255,66,18477,34,153959
27141,0.000507,74.125.68.0-255,5738,24215,34,153959
27142,0.000512,172.31.33.0-255,66,24281,34,153959
27143,0.000828,74.125.68.0-255,4320,28601,34,153959
27144,0.000833,172.31.33.0-255,66,28667,34,153959
27145,0.000849,74.125.68.0-255,2543,31210,34,153959
27146,0.000852,172.31.33.0-255,66,31276,34,153959
27147,0.001066,74.125.68.0-255,5738,37014,34,153959
27148,0.001068,172.31.33.0-255,66,37080,34,153959
27149,0.003079,74.125.68.0-255,5738,42818,34,153959
27150,0.003084,172.31.33.0-255,66,42884,34,153959
27151,0.00509,74.125.68.0-255,5738,48622,34,153959
27152,0.005096,172.31.33.0-255,66,48688,34,153959
27153,0.007108,74.125.68.0-255,5738,54426,34,153959
27154,0.007115,172.31.33.0-255,66,54492,34,153959
27155,0.009149,74.125.68.0-255,2902,57394,34,153959
27156,0.009156,172.31.33.0-255,66,57460,34,153959
27157,0.009192,74.125.68.0-255,2902,60362,34,153959
27158,0.009196,172.31.33.0-255,66,60428,34,153959
27159,0.011172,74.125.68.0-255,2902,63330,34,153959
27160,0.01118,172.31.33.0-255,66,63396,34,153959
27161,0.011216,74.125.68.0-255,2902,66298,34,153959
27162,0.011218,172.31.33.0-255,66,66364,34,153959
27163,0.013193,74.125.68.0-255,2902,69266,34,153959
27164,0.013199,172.31.33.0-255,66,69332,34,153959
27165,0.013232,74.125.68.0-255,2902,72234,34,153959
27166,0.013235,172.31.33.0-255,66,72300,34,153959
27167,0.015211,74.125.68.0-255,2902,75202,34,153959
27168,0.015219,172.31.33.0-255,66,75268,34,153959
27169,0.01525,74.125.68.0-255,2902,78170,34,153959
27170,0.015255,172.31.33.0-255,66,78236,34,153959
27171,0.015908,172.31.33.0-255,172,78408,34,153959
27172,0.01593,172.31.33.0-255,1112,79520,34,153959
27173,0.015978,172.31.33.0-255,1514,81034,34,153959
27174,0.015979,172.31.33.0-255,1297,82331,34,153959
27175,0.017246,74.125.68.0-255,2902,85233,34,153959
27176,0.017252,172.31.33.0-255,66,85299,34,153959
27177,0.01728,74.125.68.0-255,2902,88201,34,153959
27178,0.017283,172.31.33.0-255,66,88267,34,153959
27179,0.017428,104.244.42.0-255,66,88333,34,153959
27180,0.017494,104.244.42.0-255,66,88399,34,153959
27181,0.017549,104.244.42.0-255,66,88465,34,153959
27182,0.019279,74.125.68.0-255,1484,89949,34,153959
27183,0.019283,172.31.33.0-255,66,90015,34,153959
27184,0.019313,74.125.68.0-255,4320,94335,34,153959
27185,0.019316,172.31.33.0-255,66,94401,34,153959
27186,0.021294,74.125.68.0-255,1484,95885,34,153959
27187,0.021334,74.125.68.0-255,4320,100205,34,153959
27188,0.021338,172.31.33.0-255,66,100271,34,153959
27189,0.023363,74.125.68.0-255,2902,103173,34,153959
27190,0.023367,172.31.33.0-255,66,103239,34,153959
27191,0.023403,74.125.68.0-255,2902,106141,34,153959
27192,0.023406,172.31.33.0-255,66,106207,34,153959
27193,0.025392,74.125.68.0-255,2902,109109,34,153959
27194,0.025397,172.31.33.0-255,66,109175,34,153959
27195,0.025431,74.125.68.0-255,2902,112077,34,153959
27196,0.025434,172.31.33.0-255,66,112143,34,153959
27197,0.027443,74.125.68.0-255,2902,115045,34,153959
27198,0.02745,172.31.33.0-255,66,115111,34,153959
27199,0.027483,74.125.68.0-255,2902,118013,34,153959
27200,0.027487,172.31.33.0-255,66,118079,34,153959
27201,0.029458,74.125.68.0-255,2902,120981,34,153959
27202,0.029464,172.31.33.0-255,66,121047,34,153959
27203,0.029496,74.125.68.0-255,2902,123949,34,153959
27204,0.029499,172.31.33.0-255,66,124015,34,153959
27205,0.031475,74.125.68.0-255,2902,126917,34,153959
27206,0.03148,172.31.33.0-255,66,126983,34,153959
27207,0.031514,74.125.68.0-255,2902,129885,34,153959
27208,0.031517,172.31.33.0-255,66,129951,34,153959
27209,0.03349,74.125.68.0-255,2902,132853,34,153959
27210,0.033496,172.31.33.0-255,66,132919,34,153959
27211,0.033531,74.125.68.0-255,2902,135821,34,153959
27212,0.033534,172.31.33.0-255,66,135887,34,153959
27213,0.035504,74.125.68.0-255,2902,138789,34,153959
27214,0.03551,172.31.33.0-255,66,138855,34,153959
27215,0.035548,74.125.68.0-255,2902,141757,34,153959
27216,0.035551,172.31.33.0-255,66,141823,34,153959
27217,0.037521,74.125.68.0-255,1484,143307,34,153959
27218,0.037526,172.31.33.0-255,66,143373,34,153959
27219,0.037558,74.125.68.0-255,2902,146275,34,153959
27220,0.037561,172.31.33.0-255,66,146341,34,153959
27221,0.037584,74.125.68.0-255,1484,147825,34,153959
27222,0.037587,172.31.33.0-255,66,147891,34,153959
27223,0.039534,74.125.68.0-255,1484,149375,34,153959
27224,0.03954,172.31.33.0-255,66,149441,34,153959
27225,0.039575,74.125.68.0-255,2902,152343,34,153959
27226,0.039579,172.31.33.0-255,66,152409,34,153959
27227,0.039644,74.125.68.0-255,1484,153893,34,153959
27228,0.039648,172.31.33.0-255,66,153959,34,153959
27229,0.0,74.125.68.0-255,66,66,34,66
27230,0.0,74.125.24.0-255,153,153,34,300754
27231,2.3e-05,172.31.33.0-255,66,219,34,300754
27232,2.9e-05,74.125.24.0-255,1484,1703,34,300754
27233,3.3e-05,172.31.33.0-255,66,1769,34,300754
27234,3.7e-05,74.125.24.0-255,2902,4671,34,300754
27235,3.9e-05,172.31.33.0-255,66,4737,34,300754
27236,4.3e-05,74.125.24.0-255,4320,9057,34,300754
27237,4.6e-05,172.31.33.0-255,66,9123,34,300754
27238,7.8e-05,172.31.33.0-255,66,9189,34,300754
27239,8.4e-05,74.125.24.0-255,4320,13509,34,300754
27240,8.6e-05,172.31.33.0-255,66,13575,34,300754
27241,0.000102,74.125.24.0-255,7156,20731,34,300754
27242,0.000105,172.31.33.0-255,66,20797,34,300754
27243,0.000123,74.125.24.0-255,1125,21922,34,300754
27244,0.000125,172.31.33.0-255,66,21988,34,300754
27245,0.000162,74.125.24.0-255,1484,23472,34,300754
27246,0.000165,172.31.33.0-255,66,23538,34,300754
27247,0.000171,74.125.24.0-255,4320,27858,34,300754
27248,0.000173,172.31.33.0-255,66,27924,34,300754
27249,0.000178,74.125.24.0-255,4320,32244,34,300754
27250,0.000181,172.31.33.0-255,66,32310,34,300754
27251,0.000199,74.125.24.0-255,1484,33794,34,300754
27252,0.000202,172.31.33.0-255,66,33860,34,300754
27253,0.000209,74.125.24.0-255,7156,41016,34,300754
27254,0.000211,172.31.33.0-255,66,41082,34,300754
27255,0.000231,74.125.24.0-255,2902,43984,34,300754
27256,0.000233,172.31.33.0-255,66,44050,34,300754
27257,0.000252,74.125.24.0-255,7156,51206,34,300754
27258,0.000256,172.31.33.0-255,66,51272,34,300754
27259,0.000278,74.125.24.0-255,4320,55592,34,300754
27260,0.000281,172.31.33.0-255,66,55658,34,300754
27261,0.000284,74.125.24.0-255,766,56424,34,300754
27262,0.000403,74.125.24.0-255,646,57070,34,300754
27263,0.000745,74.125.24.0-255,1484,58554,34,300754
27264,0.000751,172.31.33.0-255,66,58620,34,300754
27265,0.00077,74.125.24.0-255,2902,61522,34,300754
27266,0.000773,172.31.33.0-255,66,61588,34,300754
27267,0.000776,74.125.24.0-255,1484,63072,34,300754
27268,0.000794,74.125.24.0-255,4320,67392,34,300754
27269,0.000797,172.31.33.0-255,66,67458,34,300754
27270,0.00082,74.125.24.0-255,1484,68942,34,300754
27271,0.000842,74.125.24.0-255,4320,73262,34,300754
27272,0.000845,172.31.33.0-255,66,73328,34,300754
27273,0.000853,74.125.24.0-255,6797,80125,34,300754
27274,0.000855,172.31.33.0-255,66,80191,34,300754
27275,0.000858,74.125.24.0-255,1484,81675,34,300754
27276,0.000893,172.31.33.0-255,66,81741,34,300754
27277,0.000907,74.125.24.0-255,1484,83225,34,300754
27278,0.000911,74.125.24.0-255,1484,84709,34,300754
27279,0.000913,172.31.33.0-255,66,84775,34,300754
27280,0.000937,74.125.24.0-255,1484,86259,34,300754
27281,0.000944,74.125.24.0-255,5738,91997,34,300754
27282,0.000947,172.31.33.0-255,66,92063,34,300754
27283,0.00095,74.125.24.0-255,1484,93547,34,300754
27284,0.000955,74.125.24.0-255,2902,96449,34,300754
27285,0.000957,172.31.33.0-255,66,96515,34,300754
27286,0.000961,74.125.24.0-255,2902,99417,34,300754
27287,0.000963,172.31.33.0-255,66,99483,34,300754
27288,0.000986,74.125.24.0-255,2902,102385,34,300754
27289,0.00099,172.31.33.0-255,66,102451,34,300754
27290,0.000996,172.31.33.0-255,66,102517,34,300754
27291,0.001014,74.125.24.0-255,4320,106837,34,300754
27292,0.001017,172.31.33.0-255,66,106903,34,300754
27293,0.00102,74.125.24.0-255,766,107669,34,300754
27294,0.001049,74.125.24.0-255,2902,110571,34,300754
27295,0.001052,172.31.33.0-255,66,110637,34,300754
27296,0.001077,172.31.33.0-255,66,110703,34,300754
27297,0.001091,172.31.33.0-255,66,110769,34,300754
27298,0.001114,74.125.24.0-255,4320,115089,34,300754
27299,0.001117,172.31.33.0-255,66,115155,34,300754
27300,0.001138,74.125.24.0-255,5020,120175,34,300754
27301,0.001141,172.31.33.0-255,66,120241,34,300754
27302,0.001763,74.125.24.0-255,1484,121725,34,300754
27303,0.001773,74.125.24.0-255,2902,124627,34,300754
27304,0.001778,172.31.33.0-255,66,124693,34,300754
27305,0.001783,74.125.24.0-255,2902,127595,34,300754
27306,0.001785,172.31.33.0-255,66,127661,34,300754
27307,0.0018,74.125.24.0-255,2902,130563,34,300754
27308,0.001804,172.31.33.0-255,66,130629,34,300754
27309,0.001807,74.125.24.0-255,1484,132113,34,300754
27310,0.001839,172.31.33.0-255,66,132179,34,300754
27311,0.001843,74.125.24.0-255,1484,133663,34,300754
27312,0.001863,74.125.24.0-255,7156,140819,34,300754
27313,0.001866,172.31.33.0-255,66,140885,34,300754
27314,0.001881,74.125.24.0-255,2184,143069,34,300754
27315,0.001884,172.31.33.0-255,66,143135,34,300754
27316,0.002882,74.125.24.0-255,1484,144619,34,300754
27317,0.002887,74.125.24.0-255,1484,146103,34,300754
27318,0.002891,172.31.33.0-255,66,146169,34,300754
27319,0.002903,74.125.24.0-255,1484,147653,34,300754
27320,0.002923,74.125.24.0-255,1484,149137,34,300754
27321,0.002925,172.31.33.0-255,66,149203,34,300754
27322,0.002939,74.125.24.0-255,2902,152105,34,300754
27323,0.002941,172.31.33.0-255,66,152171,34,300754
27324,0.002946,74.125.24.0-255,5738,157909,34,300754
27325,0.002948,172.31.33.0-255,66,157975,34,300754
27326,0.002951,74.125.24.0-255,2902,160877,34,300754
27327,0.002953,172.31.33.0-255,66,160943,34,300754
27328,0.002968,74.125.24.0-255,5738,166681,34,300754
27329,0.002969,172.31.33.0-255,66,166747,34,300754
27330,0.00299,74.125.24.0-255,4320,171067,34,300754
27331,0.002991,172.31.33.0-255,66,171133,34,300754
27332,0.002997,74.125.24.0-255,5738,176871,34,300754
27333,0.002998,172.31.33.0-255,66,176937,34,300754
27334,0.003001,74.125.24.0-255,766,177703,34,300754
27335,0.003021,74.125.24.0-255,2902,180605,34,300754
27336,0.003022,172.31.33.0-255,66,180671,34,300754
27337,0.003025,74.125.24.0-255,1484,182155,34,300754
27338,0.00304,74.125.24.0-255,1484,183639,34,300754
27339,0.003041,172.31.33.0-255,66,183705,34,300754
27340,0.003046,74.125.24.0-255,4320,188025,34,300754
27341,0.003048,172.31.33.0-255,66,188091,34,300754
27342,0.003068,74.125.24.0-255,5738,193829,34,300754
27343,0.003071,172.31.33.0-255,66,193895,34,300754
27344,0.003074,74.125.24.0-255,1484,195379,34,300754
27345,0.003105,172.31.33.0-255,66,195445,34,300754
27346,0.003107,74.125.24.0-255,1484,196929,34,300754
27347,0.003158,74.125.24.0-255,5020,201949,34,300754
27348,0.00316,172.31.33.0-255,66,202015,34,300754
27349,0.003165,74.125.24.0-255,5738,207753,34,300754
27350,0.003167,172.31.33.0-255,66,207819,34,300754
27351,0.003173,74.125.24.0-255,7156,214975,34,300754
27352,0.003175,172.31.33.0-255,66,215041,34,300754
27353,0.00319,74.125.24.0-255,5738,220779,34,300754
27354,0.003192,172.31.33.0-255,66,220845,34,300754
27355,0.003202,172.31.33.0-255,66,220911,34,300754
27356,0.003234,74.125.24.0-255,2902,223813,34,300754
27357,0.003236,172.31.33.0-255,66,223879,34,300754
27358,0.003255,74.125.24.0-255,2184,226063,34,300754
27359,0.003257,172.31.33.0-255,66,226129,34,300754
27360,0.00377,74.125.24.0-255,1484,227613,34,300754
27361,0.003784,74.125.24.0-255,2902,230515,34,300754
27362,0.003787,172.31.33.0-255,66,230581,34,300754
27363,0.003809,74.125.24.0-255,5738,236319,34,300754
27364,0.003811,172.31.33.0-255,66,236385,34,300754
27365,0.003816,74.125.24.0-255,5738,242123,34,300754
27366,0.003818,172.31.33.0-255,66,242189,34,300754
27367,0.003832,74.125.24.0-255,5738,247927,34,300754
27368,0.003834,172.31.33.0-255,66,247993,34,300754
27369,0.003836,74.125.24.0-255,1484,249477,34,300754
27370,0.003857,74.125.24.0-255,7156,256633,34,300754
27371,0.003859,172.31.33.0-255,66,256699,34,300754
27372,0.003869,74.125.24.0-255,3602,260301,34,300754
27373,0.003871,172.31.33.0-255,66,260367,34,300754
27374,0.004204,74.125.24.0-255,1484,261851,34,300754
27375,0.004223,74.125.24.0-255,1484,263335,34,300754
27376,0.004225,172.31.33.0-255,66,263401,34,300754
27377,0.004244,74.125.24.0-255,1484,264885,34,300754
27378,0.004249,74.125.24.0-255,5738,270623,34,300754
27379,0.004251,172.31.33.0-255,66,270689,34,300754
27380,0.004255,74.125.24.0-255,5738,276427,34,300754
27381,0.004257,172.31.33.0-255,66,276493,34,300754
27382,0.004271,74.125.24.0-255,4320,280813,34,300754
27383,0.004273,172.31.33.0-255,66,280879,34,300754
27384,0.004301,172.31.33.0-255,66,280945,34,300754
27385,0.004306,74.125.24.0-255,7156,288101,34,300754
27386,0.004308,172.31.33.0-255,66,288167,34,300754
27387,0.004328,172.31.33.0-255,66,288233,34,300754
27388,0.004333,74.125.24.0-255,7156,295389,34,300754
27389,0.004335,172.31.33.0-255,66,295455,34,300754
27390,0.004357,172.31.33.0-255,66,295521,34,300754
27391,0.004359,74.125.24.0-255,432,295953,34,300754
27392,0.004386,74.125.24.0-255,105,296058,34,300754
27393,0.008143,172.31.33.0-255,66,296124,34,300754
27394,0.008167,172.31.33.0-255,105,296229,34,300754
27395,0.010126,74.125.24.0-255,66,296295,34,300754
27396,0.025512,172.31.33.0-255,166,296461,34,300754
27397,0.02554,172.31.33.0-255,1137,297598,34,300754
27398,0.025574,172.31.33.0-255,1514,299112,34,300754
27399,0.025576,172.31.33.0-255,1270,300382,34,300754
27400,0.027092,104.244.42.0-255,66,300448,34,300754
27401,0.027128,104.244.42.0-255,66,300514,34,300754
27402,0.027184,104.244.42.0-255,66,300580,34,300754
27403,0.027928,104.244.42.0-255,108,300688,34,300754
27404,0.027949,172.31.33.0-255,66,300754,34,300754
27405,0.0,172.31.33.0-255,105,105,34,342
27406,0.001956,74.125.200.0-255,66,171,34,342
27407,0.001978,74.125.200.0-255,105,276,34,342
27408,0.001981,172.31.33.0-255,66,342,34,342
27409,0.0,74.125.24.0-255,153,153,34,216395
27410,1.6e-05,172.31.33.0-255,66,219,34,216395
27411,2.3e-05,74.125.24.0-255,1484,1703,34,216395
27412,2.8e-05,172.31.33.0-255,66,1769,34,216395
27413,3.4e-05,74.125.24.0-255,2902,4671,34,216395
27414,3.6e-05,172.31.33.0-255,66,4737,34,216395
27415,5.1e-05,74.125.24.0-255,7156,11893,34,216395
27416,5.3e-05,172.31.33.0-255,66,11959,34,216395
27417,5.7e-05,74.125.24.0-255,2021,13980,34,216395
27418,5.9e-05,172.31.33.0-255,66,14046,34,216395
27419,0.000164,74.125.24.0-255,1484,15530,34,216395
27420,0.000167,172.31.33.0-255,66,15596,34,216395
27421,0.000173,74.125.24.0-255,2902,18498,34,216395
27422,0.000175,172.31.33.0-255,66,18564,34,216395
27423,0.000179,74.125.24.0-255,2902,21466,34,216395
27424,0.00018,172.31.33.0-255,66,21532,34,216395
27425,0.000209,74.125.24.0-255,2902,24434,34,216395
27426,0.000211,172.31.33.0-255,66,24500,34,216395
27427,0.000218,74.125.24.0-255,6797,31297,34,216395
27428,0.00022,172.31.33.0-255,66,31363,34,216395
27429,0.000227,74.125.24.0-255,7156,38519,34,216395
27430,0.000229,172.31.33.0-255,66,38585,34,216395
27431,0.000273,172.31.33.0-255,66,38651,34,216395
27432,0.000284,172.31.33.0-255,66,38717,34,216395
27433,0.000314,74.125.24.0-255,391,39108,34,216395
27434,0.000316,172.31.33.0-255,66,39174,34,216395
27435,0.000449,74.125.24.0-255,1484,40658,34,216395
27436,0.000453,172.31.33.0-255,66,40724,34,216395
27437,0.000459,74.125.24.0-255,2902,43626,34,216395
27438,0.000461,172.31.33.0-255,66,43692,34,216395
27439,0.000467,74.125.24.0-255,5738,49430,34,216395
27440,0.000482,74.125.24.0-255,1484,50914,34,216395
27441,0.000512,74.125.24.0-255,1484,52398,34,216395
27442,0.000527,172.31.33.0-255,66,52464,34,216395
27443,0.000574,74.125.24.0-255,5738,58202,34,216395
27444,0.000587,172.31.33.0-255,66,58268,34,216395
27445,0.000592,74.125.24.0-255,3602,61870,34,216395
27446,0.000598,74.125.24.0-255,7156,69026,34,216395
27447,0.000603,172.31.33.0-255,66,69092,34,216395
27448,0.000626,74.125.24.0-255,2902,71994,34,216395
27449,0.000629,74.125.24.0-255,1484,73478,34,216395
27450,0.000639,172.31.33.0-255,66,73544,34,216395
27451,0.000688,172.31.33.0-255,66,73610,34,216395
27452,0.000734,74.125.24.0-255,1484,75094,34,216395
27453,0.000746,74.125.24.0-255,2902,77996,34,216395
27454,0.000753,172.31.33.0-255,66,78062,34,216395
27455,0.000762,74.125.24.0-255,5738,83800,34,216395
27456,0.000763,74.125.24.0-255,1484,85284,34,216395
27457,0.000772,172.31.33.0-255,66,85350,34,216395
27458,0.000856,172.31.33.0-255,66,85416,34,216395
27459,0.000882,74.125.24.0-255,2184,87600,34,216395
27460,0.000888,172.31.33.0-255,66,87666,34,216395
27461,0.000913,74.125.24.0-255,1484,89150,34,216395
27462,0.000918,74.125.24.0-255,2902,92052,34,216395
27463,0.000926,172.31.33.0-255,66,92118,34,216395
27464,0.000946,74.125.24.0-255,5738,97856,34,216395
27465,0.000956,172.31.33.0-255,66,97922,34,216395
27466,0.000964,74.125.24.0-255,2902,100824,34,216395
27467,0.000968,172.31.33.0-255,66,100890,34,216395
27468,0.001004,172.31.33.0-255,66,100956,34,216395
27469,0.001051,172.31.33.0-255,66,101022,34,216395
27470,0.001364,74.125.24.0-255,1484,102506,34,216395
27471,0.001382,74.125.24.0-255,2902,105408,34,216395
27472,0.001387,74.125.24.0-255,4320,109728,34,216395
27473,0.001411,74.125.24.0-255,1484,111212,34,216395
27474,0.00143,74.125.24.0-255,5738,116950,34,216395
27475,0.001445,74.125.24.0-255,2902,119852,34,216395
27476,0.001449,74.125.24.0-255,2902,122754,34,216395
27477,0.001471,74.125.24.0-255,7156,129910,34,216395
27478,0.001486,74.125.24.0-255,5020,134930,34,216395
27479,0.001654,74.125.24.0-255,1484,136414,34,216395
27480,0.001658,74.125.24.0-255,1484,137898,34,216395
27481,0.001672,74.125.24.0-255,1484,139382,34,216395
27482,0.001677,74.125.24.0-255,4320,143702,34,216395
27483,0.001696,74.125.24.0-255,1484,145186,34,216395
27484,0.001698,74.125.24.0-255,1484,146670,34,216395
27485,0.00172,74.125.24.0-255,4320,150990,34,216395
27486,0.001765,74.125.24.0-255,7156,158146,34,216395
27487,0.001782,74.125.24.0-255,2184,160330,34,216395
27488,0.001887,74.125.24.0-255,1484,161814,34,216395
27489,0.001891,74.125.24.0-255,1484,163298,34,216395
27490,0.001904,74.125.24.0-255,1484,164782,34,216395
27491,0.00191,74.125.24.0-255,5738,170520,34,216395
27492,0.001931,74.125.24.0-255,2902,173422,34,216395
27493,0.001964,74.125.24.0-255,1484,174906,34,216395
27494,0.001967,74.125.24.0-255,1484,176390,34,216395
27495,0.001997,74.125.24.0-255,2902,179292,34,216395
27496,0.00205,74.125.24.0-255,766,180058,34,216395
27497,0.00207,74.125.24.0-255,2184,182242,34,216395
27498,0.002139,74.125.24.0-255,4320,186562,34,216395
27499,0.002143,74.125.24.0-255,4320,190882,34,216395
27500,0.002158,74.125.24.0-255,2184,193066,34,216395
27501,0.002163,74.125.24.0-255,4320,197386,34,216395
27502,0.002212,74.125.24.0-255,5738,203124,34,216395
27503,0.002217,74.125.24.0-255,3664,206788,34,216395
27504,0.002226,74.125.24.0-255,105,206893,34,216395
27505,0.005907,172.31.33.0-255,66,206959,34,216395
27506,0.007994,172.31.33.0-255,105,207064,34,216395
27507,0.010217,74.125.24.0-255,66,207130,34,216395
27508,0.036972,172.31.33.0-255,172,207302,34,216395
27509,0.037005,172.31.33.0-255,1112,208414,34,216395
27510,0.037094,172.31.33.0-255,1514,209928,34,216395
27511,0.037115,172.31.33.0-255,1514,211442,34,216395
27512,0.037118,172.31.33.0-255,1514,212956,34,216395
27513,0.037132,172.31.33.0-255,1514,214470,34,216395
27514,0.037136,172.31.33.0-255,1514,215984,34,216395
27515,0.037137,172.31.33.0-255,81,216065,34,216395
27516,0.038547,104.244.42.0-255,66,216131,34,216395
27517,0.038559,104.244.42.0-255,66,216197,34,216395
27518,0.038656,104.244.42.0-255,66,216263,34,216395
27519,0.038702,104.244.42.0-255,66,216329,34,216395
27520,0.038706,104.244.42.0-255,66,216395,34,216395
27521,0.0,74.125.24.0-255,153,153,34,140899
27522,2e-05,172.31.33.0-255,66,219,34,140899
27523,2.7e-05,74.125.24.0-255,1484,1703,34,140899
27524,3.1e-05,172.31.33.0-255,66,1769,34,140899
27525,4.3e-05,74.125.24.0-255,2902,4671,34,140899
27526,4.5e-05,172.31.33.0-255,66,4737,34,140899
27527,4.8e-05,74.125.24.0-255,1484,6221,34,140899
27528,5e-05,172.31.33.0-255,66,6287,34,140899
27529,7.5e-05,74.125.24.0-255,4320,10607,34,140899
27530,7.8e-05,172.31.33.0-255,66,10673,34,140899
27531,8e-05,74.125.24.0-255,1484,12157,34,140899
27532,8.2e-05,172.31.33.0-255,66,12223,34,140899
27533,0.000124,172.31.33.0-255,66,12289,34,140899
27534,0.000127,74.125.24.0-255,1484,13773,34,140899
27535,0.000128,172.31.33.0-255,66,13839,34,140899
27536,0.000167,74.125.24.0-255,5379,19218,34,140899
27537,0.00017,172.31.33.0-255,66,19284,34,140899
27538,0.000209,74.125.24.0-255,4320,23604,34,140899
27539,0.000214,172.31.33.0-255,66,23670,34,140899
27540,0.000244,74.125.24.0-255,1484,25154,34,140899
27541,0.000252,74.125.24.0-255,7156,32310,34,140899
27542,0.000265,74.125.24.0-255,1484,33794,34,140899
27543,0.00027,172.31.33.0-255,66,33860,34,140899
27544,0.000274,172.31.33.0-255,66,33926,34,140899
27545,0.000286,172.31.33.0-255,66,33992,34,140899
27546,0.000289,172.31.33.0-255,66,34058,34,140899
27547,0.000295,74.125.24.0-255,4238,38296,34,140899
27548,0.000299,172.31.33.0-255,66,38362,34,140899
27549,0.000556,74.125.24.0-255,131,38493,34,140899
27550,0.000563,172.31.33.0-255,66,38559,34,140899
27551,0.000693,74.125.24.0-255,1484,40043,34,140899
27552,0.000702,74.125.24.0-255,2902,42945,34,140899
27553,0.000706,172.31.33.0-255,66,43011,34,140899
27554,0.000712,74.125.24.0-255,5738,48749,34,140899
27555,0.000715,172.31.33.0-255,66,48815,34,140899
27556,0.000728,74.125.24.0-255,5738,54553,34,140899
27557,0.000732,172.31.33.0-255,66,54619,34,140899
27558,0.000791,172.31.33.0-255,66,54685,34,140899
27559,0.000826,74.125.24.0-255,2543,57228,34,140899
27560,0.00083,172.31.33.0-255,66,57294,34,140899
27561,0.000836,74.125.24.0-255,3961,61255,34,140899
27562,0.000838,172.31.33.0-255,66,61321,34,140899
27563,0.001259,74.125.24.0-255,1484,62805,34,140899
27564,0.001267,74.125.24.0-255,2902,65707,34,140899
27565,0.001272,172.31.33.0-255,66,65773,34,140899
27566,0.001303,74.125.24.0-255,5738,71511,34,140899
27567,0.001306,172.31.33.0-255,66,71577,34,140899
27568,0.00131,74.125.24.0-255,2902,74479,34,140899
27569,0.001311,172.31.33.0-255,66,74545,34,140899
27570,0.001346,74.125.24.0-255,7156,81701,34,140899
27571,0.001349,172.31.33.0-255,66,81767,34,140899
27572,0.001361,172.31.33.0-255,66,81833,34,140899
27573,0.001686,74.125.24.0-255,1484,83317,34,140899
27574,0.001699,74.125.24.0-255,2902,86219,34,140899
27575,0.001702,172.31.33.0-255,66,86285,34,140899
27576,0.001709,74.125.24.0-255,5738,92023,34,140899
27577,0.001711,172.31.33.0-255,66,92089,34,140899
27578,0.00173,74.125.24.0-255,5738,97827,34,140899
27579,0.001732,172.31.33.0-255,66,97893,34,140899
27580,0.001779,74.125.24.0-255,7156,105049,34,140899
27581,0.001782,172.31.33.0-255,66,105115,34,140899
27582,0.001793,172.31.33.0-255,66,105181,34,140899
27583,0.001797,74.125.24.0-255,2902,108083,34,140899
27584,0.001799,172.31.33.0-255,66,108149,34,140899
27585,0.001851,172.31.33.0-255,66,108215,34,140899
27586,0.00186,172.31.33.0-255,66,108281,34,140899
27587,0.001905,172.31.33.0-255,66,108347,34,140899
27588,0.001915,172.31.33.0-255,66,108413,34,140899
27589,0.001917,74.125.24.0-255,1484,109897,34,140899
27590,0.00196,172.31.33.0-255,66,109963,34,140899
27591,0.002067,74.125.24.0-255,1484,111447,34,140899
27592,0.002073,74.125.24.0-255,2902,114349,34,140899
27593,0.002075,172.31.33.0-255,66,114415,34,140899
27594,0.002082,74.125.24.0-255,5738,120153,34,140899
27595,0.002084,172.31.33.0-255,66,120219,34,140899
27596,0.002126,172.31.33.0-255,66,120285,34,140899
27597,0.002174,172.31.33.0-255,66,120351,34,140899
27598,0.002208,74.125.24.0-255,1484,121835,34,140899
27599,0.002256,172.31.33.0-255,66,121901,34,140899
27600,0.002269,172.31.33.0-255,66,121967,34,140899
27601,0.002283,172.31.33.0-255,66,122033,34,140899
27602,0.002327,172.31.33.0-255,66,122099,34,140899
27603,0.002341,172.31.33.0-255,66,122165,34,140899
27604,0.002362,74.125.24.0-255,1484,123649,34,140899
27605,0.002372,172.31.33.0-255,66,123715,34,140899
27606,0.002383,172.31.33.0-255,66,123781,34,140899
27607,0.002386,74.125.24.0-255,1484,125265,34,140899
27608,0.002389,74.125.24.0-255,1484,126749,34,140899
27609,0.002391,172.31.33.0-255,66,126815,34,140899
27610,0.002421,74.125.24.0-255,6507,133322,34,140899
27611,0.002424,172.31.33.0-255,66,133388,34,140899
27612,0.002427,74.125.24.0-255,105,133493,34,140899
27613,0.004376,172.31.33.0-255,66,133559,34,140899
27614,0.004415,172.31.33.0-255,105,133664,34,140899
27615,0.006636,74.125.24.0-255,66,133730,34,140899
27616,0.025588,172.31.33.0-255,171,133901,34,140899
27617,0.025631,172.31.33.0-255,1136,135037,34,140899
27618,0.025714,172.31.33.0-255,1514,136551,34,140899
27619,0.025716,172.31.33.0-255,1514,138065,34,140899
27620,0.025717,172.31.33.0-255,1514,139579,34,140899
27621,0.025763,172.31.33.0-255,1056,140635,34,140899
27622,0.027129,104.244.42.0-255,66,140701,34,140899
27623,0.027171,104.244.42.0-255,66,140767,34,140899
27624,0.027315,104.244.42.0-255,66,140833,34,140899
27625,0.027319,104.244.42.0-255,66,140899,34,140899
27626,0.0,74.125.24.0-255,220,220,34,266175
27627,1.7e-05,172.31.33.0-255,66,286,34,266175
27628,2.4e-05,74.125.24.0-255,1484,1770,34,266175
27629,2.8e-05,172.31.33.0-255,66,1836,34,266175
27630,3.2e-05,74.125.24.0-255,1484,3320,34,266175
27631,3.4e-05,172.31.33.0-255,66,3386,34,266175
27632,6.3e-05,74.125.24.0-255,2902,6288,34,266175
27633,6.6e-05,172.31.33.0-255,66,6354,34,266175
27634,7.8e-05,172.31.33.0-255,66,6420,34,266175
27635,8.3e-05,74.125.24.0-255,4320,10740,34,266175
27636,8.5e-05,172.31.33.0-255,66,10806,34,266175
27637,0.000109,74.125.24.0-255,5738,16544,34,266175
27638,0.000111,172.31.33.0-255,66,16610,34,266175
27639,0.000128,74.125.24.0-255,1484,18094,34,266175
27640,0.00013,172.31.33.0-255,66,18160,34,266175
27641,0.000149,74.125.24.0-255,3961,22121,34,266175
27642,0.000151,172.31.33.0-255,66,22187,34,266175
27643,0.000176,74.125.24.0-255,2902,25089,34,266175
27644,0.000179,172.31.33.0-255,66,25155,34,266175
27645,0.000182,74.125.24.0-255,1484,26639,34,266175
27646,0.000183,172.31.33.0-255,66,26705,34,266175
27647,0.000203,74.125.24.0-255,2902,29607,34,266175
27648,0.000206,172.31.33.0-255,66,29673,34,266175
27649,0.000216,172.31.33.0-255,66,29739,34,266175
27650,0.000235,74.125.24.0-255,5738,35477,34,266175
27651,0.000237,172.31.33.0-255,66,35543,34,266175
27652,0.000261,172.31.33.0-255,66,35609,34,266175
27653,0.000264,74.125.24.0-255,426,36035,34,266175
27654,0.000266,172.31.33.0-255,66,36101,34,266175
27655,0.000708,74.125.24.0-255,1484,37585,34,266175
27656,0.000713,74.125.24.0-255,2902,40487,34,266175
27657,0.000716,172.31.33.0-255,66,40553,34,266175
27658,0.000722,74.125.24.0-255,4320,44873,34,266175
27659,0.000724,172.31.33.0-255,66,44939,34,266175
27660,0.000738,74.125.24.0-255,1484,46423,34,266175
27661,0.000742,74.125.24.0-255,2902,49325,34,266175
27662,0.000744,172.31.33.0-255,66,49391,34,266175
27663,0.000747,74.125.24.0-255,1484,50875,34,266175
27664,0.000776,172.31.33.0-255,66,50941,34,266175
27665,0.000811,172.31.33.0-255,66,51007,34,266175
27666,0.000971,74.125.24.0-255,1484,52491,34,266175
27667,0.000976,74.125.24.0-255,2902,55393,34,266175
27668,0.00098,172.31.33.0-255,66,55459,34,266175
27669,0.001002,74.125.24.0-255,5738,61197,34,266175
27670,0.001006,172.31.33.0-255,66,61263,34,266175
27671,0.001021,74.125.24.0-255,2902,64165,34,266175
27672,0.001023,172.31.33.0-255,66,64231,34,266175
27673,0.001059,172.31.33.0-255,66,64297,34,266175
27674,0.001069,172.31.33.0-255,66,64363,34,266175
27675,0.001167,74.125.24.0-255,1484,65847,34,266175
27676,0.001171,74.125.24.0-255,2902,68749,34,266175
27677,0.001212,172.31.33.0-255,66,68815,34,266175
27678,0.001232,74.125.24.0-255,5738,74553,34,266175
27679,0.001234,172.31.33.0-255,66,74619,34,266175
27680,0.001239,74.125.24.0-255,4320,78939,34,266175
27681,0.001241,172.31.33.0-255,66,79005,34,266175
27682,0.001251,172.31.33.0-255,66,79071,34,266175
27683,0.001261,172.31.33.0-255,66,79137,34,266175
27684,0.001662,74.125.24.0-255,1484,80621,34,266175
27685,0.001668,74.125.24.0-255,2902,83523,34,266175
27686,0.001671,172.31.33.0-255,66,83589,34,266175
27687,0.001674,74.125.24.0-255,1484,85073,34,266175
27688,0.001694,74.125.24.0-255,4320,89393,34,266175
27689,0.001696,172.31.33.0-255,66,89459,34,266175
27690,0.0017,74.125.24.0-255,2902,92361,34,266175
27691,0.001702,172.31.33.0-255,66,92427,34,266175
27692,0.001717,74.125.24.0-255,4320,96747,34,266175
27693,0.001719,172.31.33.0-255,66,96813,34,266175
27694,0.001724,74.125.24.0-255,2902,99715,34,266175
27695,0.001725,172.31.33.0-255,66,99781,34,266175
27696,0.001753,74.125.24.0-255,2902,102683,34,266175
27697,0.001756,172.31.33.0-255,66,102749,34,266175
27698,0.001758,172.31.33.0-255,66,102815,34,266175
27699,0.001777,74.125.24.0-255,6438,109253,34,266175
27700,0.001779,172.31.33.0-255,66,109319,34,266175
27701,0.001789,172.31.33.0-255,66,109385,34,266175
27702,0.001815,74.125.24.0-255,4320,113705,34,266175
27703,0.001817,172.31.33.0-255,66,113771,34,266175
27704,0.001843,172.31.33.0-255,66,113837,34,266175
27705,0.001898,74.125.24.0-255,1484,115321,34,266175
27706,0.001909,74.125.24.0-255,2902,118223,34,266175
27707,0.001911,172.31.33.0-255,66,118289,34,266175
27708,0.001917,74.125.24.0-255,4320,122609,34,266175
27709,0.001919,172.31.33.0-255,66,122675,34,266175
27710,0.001931,74.125.24.0-255,1484,124159,34,266175
27711,0.001944,74.125.24.0-255,5738,129897,34,266175
27712,0.001946,172.31.33.0-255,66,129963,34,266175
27713,0.001975,74.125.24.0-255,7156,137119,34,266175
27714,0.001978,172.31.33.0-255,66,137185,34,266175
27715,0.001983,74.125.24.0-255,4320,141505,34,266175
27716,0.001984,172.31.33.0-255,66,141571,34,266175
27717,0.002004,74.125.24.0-255,1484,143055,34,266175
27718,0.002028,74.125.24.0-255,5020,148075,34,266175
27719,0.002031,172.31.33.0-255,66,148141,34,266175
27720,0.002193,74.125.24.0-255,1484,149625,34,266175
27721,0.002206,74.125.24.0-255,2902,152527,34,266175
27722,0.002209,172.31.33.0-255,66,152593,34,266175
27723,0.002227,74.125.24.0-255,5738,158331,34,266175
27724,0.002229,172.31.33.0-255,66,158397,34,266175
27725,0.002249,74.125.24.0-255,2902,161299,34,266175
27726,0.002251,172.31.33.0-255,66,161365,34,266175
27727,0.002284,172.31.33.0-255,66,161431,34,266175
27728,0.002289,74.125.24.0-255,4320,165751,34,266175
27729,0.002291,172.31.33.0-255,66,165817,34,266175
27730,0.002295,74.125.24.0-255,2902,168719,34,266175
27731,0.002296,172.31.33.0-255,66,168785,34,266175
27732,0.002324,74.125.24.0-255,3602,172387,34,266175
27733,0.002327,172.31.33.0-255,66,172453,34,266175
27734,0.004556,74.125.24.0-255,2902,175355,34,266175
27735,0.004563,172.31.33.0-255,66,175421,34,266175
27736,0.004584,74.125.24.0-255,2902,178323,34,266175
27737,0.004586,172.31.33.0-255,66,178389,34,266175
27738,0.006787,74.125.24.0-255,2902,181291,34,266175
27739,0.00679,172.31.33.0-255,66,181357,34,266175
27740,0.006811,74.125.24.0-255,2902,184259,34,266175
27741,0.006813,172.31.33.0-255,66,184325,34,266175
27742,0.009019,74.125.24.0-255,2902,187227,34,266175
27743,0.009028,172.31.33.0-255,66,187293,34,266175
27744,0.009103,74.125.24.0-255,2902,190195,34,266175
27745,0.009105,172.31.33.0-255,66,190261,34,266175
27746,0.011292,74.125.24.0-255,2902,193163,34,266175
27747,0.011305,172.31.33.0-255,66,193229,34,266175
27748,0.01134,74.125.24.0-255,1484,194713,34,266175
27749,0.011355,74.125.24.0-255,1484,196197,34,266175
27750,0.011358,172.31.33.0-255,66,196263,34,266175
27751,0.013568,74.125.24.0-255,2902,199165,34,266175
27752,0.013583,172.31.33.0-255,66,199231,34,266175
27753,0.013621,74.125.24.0-255,2902,202133,34,266175
27754,0.013624,172.31.33.0-255,66,202199,34,266175
27755,0.015835,74.125.24.0-255,2902,205101,34,266175
27756,0.015852,172.31.33.0-255,66,205167,34,266175
27757,0.015873,74.125.24.0-255,2902,208069,34,266175
27758,0.015878,172.31.33.0-255,66,208135,34,266175
27759,0.018102,74.125.24.0-255,5738,213873,34,266175
27760,0.018109,172.31.33.0-255,66,213939,34,266175
27761,0.020367,74.125.24.0-255,5738,219677,34,266175
27762,0.020374,172.31.33.0-255,66,219743,34,266175
27763,0.022609,74.125.24.0-255,5738,225481,34,266175
27764,0.022618,172.31.33.0-255,66,225547,34,266175
27765,0.024866,74.125.24.0-255,5738,231285,34,266175
27766,0.024874,172.31.33.0-255,66,231351,34,266175
27767,0.027122,74.125.24.0-255,5738,237089,34,266175
27768,0.027129,172.31.33.0-255,66,237155,34,266175
27769,0.029388,74.125.24.0-255,5738,242893,34,266175
27770,0.029405,172.31.33.0-255,66,242959,34,266175
27771,0.031637,74.125.24.0-255,5738,248697,34,266175
27772,0.031641,172.31.33.0-255,66,248763,34,266175
27773,0.033882,74.125.24.0-255,5738,254501,34,266175
27774,0.033892,172.31.33.0-255,66,254567,34,266175
27775,0.036141,74.125.24.0-255,5738,260305,34,266175
27776,0.036155,172.31.33.0-255,66,260371,34,266175
27777,0.038406,74.125.24.0-255,5738,266109,34,266175
27778,0.038419,172.31.33.0-255,66,266175,34,266175
27779,0.0,172.31.33.0-255,105,105,34,342
27780,0.002325,74.125.68.0-255,66,171,34,342
27781,0.002355,74.125.68.0-255,105,276,34,342
27782,0.002359,172.31.33.0-255,66,342,34,342
27783,0.0,172.217.160.0-255,159,159,34,199773
27784,2e-05,172.31.33.0-255,66,225,34,199773
27785,2.7e-05,172.217.160.0-255,1484,1709,34,199773
27786,3.1e-05,172.31.33.0-255,66,1775,34,199773
27787,3.6e-05,172.217.160.0-255,2902,4677,34,199773
27788,3.8e-05,172.31.33.0-255,66,4743,34,199773
27789,4.3e-05,172.217.160.0-255,2902,7645,34,199773
27790,4.4e-05,172.31.33.0-255,66,7711,34,199773
27791,6.4e-05,172.217.160.0-255,1484,9195,34,199773
27792,6.6e-05,172.31.33.0-255,66,9261,34,199773
27793,7.2e-05,172.217.160.0-255,4885,14146,34,199773
27794,7.4e-05,172.31.33.0-255,66,14212,34,199773
27795,0.000106,172.217.160.0-255,5738,19950,34,199773
27796,0.000108,172.31.33.0-255,66,20016,34,199773
27797,0.00013,172.217.160.0-255,5738,25754,34,199773
27798,0.000132,172.31.33.0-255,66,25820,34,199773
27799,0.000148,172.217.160.0-255,5379,31199,34,199773
27800,0.00015,172.31.33.0-255,66,31265,34,199773
27801,0.000192,172.217.160.0-255,1484,32749,34,199773
27802,0.000195,172.31.33.0-255,66,32815,34,199773
27803,0.000199,172.217.160.0-255,2902,35717,34,199773
27804,0.000201,172.31.33.0-255,66,35783,34,199773
27805,0.000225,172.217.160.0-255,5738,41521,34,199773
27806,0.000228,172.31.33.0-255,66,41587,34,199773
27807,0.000282,172.31.33.0-255,66,41653,34,199773
27808,0.000349,172.217.160.0-255,5738,47391,34,199773
27809,0.000354,172.31.33.0-255,66,47457,34,199773
27810,0.000377,172.217.160.0-255,4247,51704,34,199773
27811,0.000381,172.31.33.0-255,66,51770,34,199773
27812,0.001559,172.217.160.0-255,101,51871,34,199773
27813,0.001565,172.31.33.0-255,66,51937,34,199773
27814,0.001573,172.217.160.0-255,365,52302,34,199773
27815,0.001631,172.31.33.0-255,66,52368,34,199773
27816,0.001896,172.217.160.0-255,1484,53852,34,199773
27817,0.001902,172.217.160.0-255,1484,55336,34,199773
27818,0.001905,172.31.33.0-255,66,55402,34,199773
27819,0.001918,172.217.160.0-255,1484,56886,34,199773
27820,0.001974,172.217.160.0-255,4320,61206,34,199773
27821,0.001977,172.31.33.0-255,66,61272,34,199773
27822,0.001993,172.217.160.0-255,5738,67010,34,199773
27823,0.001995,172.31.33.0-255,66,67076,34,199773
27824,0.002022,172.217.160.0-255,1484,68560,34,199773
27825,0.002048,172.217.160.0-255,2902,71462,34,199773
27826,0.002051,172.31.33.0-255,66,71528,34,199773
27827,0.002057,172.217.160.0-255,5738,77266,34,199773
27828,0.002058,172.31.33.0-255,66,77332,34,199773
27829,0.002062,172.217.160.0-255,2902,80234,34,199773
27830,0.002064,172.31.33.0-255,66,80300,34,199773
27831,0.002083,172.217.160.0-255,4320,84620,34,199773
27832,0.002086,172.31.33.0-255,66,84686,34,199773
27833,0.002129,172.217.160.0-255,2184,86870,34,199773
27834,0.002131,172.31.33.0-255,66,86936,34,199773
27835,0.00226,172.217.160.0-255,1484,88420,34,199773
27836,0.002303,172.217.160.0-255,2902,91322,34,199773
27837,0.002307,172.31.33.0-255,66,91388,34,199773
27838,0.002313,172.217.160.0-255,5738,97126,34,199773
27839,0.002315,172.31.33.0-255,66,97192,34,199773
27840,0.002327,172.31.33.0-255,66,97258,34,199773
27841,0.002366,172.217.160.0-255,4320,101578,34,199773
27842,0.002368,172.31.33.0-255,66,101644,34,199773
27843,0.002389,172.217.160.0-255,6438,108082,34,199773
27844,0.002391,172.31.33.0-255,66,108148,34,199773
27845,0.002412,172.217.160.0-255,1484,109632,34,199773
27846,0.002469,172.217.160.0-255,1484,111116,34,199773
27847,0.002473,172.31.33.0-255,66,111182,34,199773
27848,0.002477,172.217.160.0-255,2902,114084,34,199773
27849,0.002479,172.31.33.0-255,66,114150,34,199773
27850,0.002483,172.217.160.0-255,2902,117052,34,199773
27851,0.002485,172.31.33.0-255,66,117118,34,199773
27852,0.002502,172.217.160.0-255,2902,120020,34,199773
27853,0.002504,172.31.33.0-255,66,120086,34,199773
27854,0.002508,172.217.160.0-255,4320,124406,34,199773
27855,0.00251,172.31.33.0-255,66,124472,34,199773
27856,0.002538,172.31.33.0-255,66,124538,34,199773
27857,0.002606,172.217.160.0-255,4320,128858,34,199773
27858,0.00261,172.31.33.0-255,66,128924,34,199773
27859,0.002627,172.217.160.0-255,5020,133944,34,199773
27860,0.002629,172.31.33.0-255,66,134010,34,199773
27861,0.002668,172.217.160.0-255,1484,135494,34,199773
27862,0.002673,172.217.160.0-255,2902,138396,34,199773
27863,0.002675,172.31.33.0-255,66,138462,34,199773
27864,0.002689,172.217.160.0-255,5738,144200,34,199773
27865,0.002691,172.31.33.0-255,66,144266,34,199773
27866,0.002726,172.31.33.0-255,66,144332,34,199773
27867,0.002745,172.217.160.0-255,7156,151488,34,199773
27868,0.002748,172.31.33.0-255,66,151554,34,199773
27869,0.002771,172.31.33.0-255,66,151620,34,199773
27870,0.002783,172.31.33.0-255,66,151686,34,199773
27871,0.002805,172.217.160.0-255,1484,153170,34,199773
27872,0.00283,172.31.33.0-255,66,153236,34,199773
27873,0.002848,172.217.160.0-255,3602,156838,34,199773
27874,0.00285,172.31.33.0-255,66,156904,34,199773
27875,0.002856,172.217.160.0-255,5738,162642,34,199773
27876,0.002858,172.31.33.0-255,66,162708,34,199773
27877,0.002901,172.31.33.0-255,66,162774,34,199773
27878,0.002907,172.217.160.0-255,5738,168512,34,199773
27879,0.002909,172.31.33.0-255,66,168578,34,199773
27880,0.002946,172.31.33.0-255,66,168644,34,199773
27881,0.002972,172.217.160.0-255,6438,175082,34,199773
27882,0.002976,172.31.33.0-255,66,175148,34,199773
27883,0.002994,172.31.33.0-255,66,175214,34,199773
27884,0.003036,172.217.160.0-255,4320,179534,34,199773
27885,0.003039,172.31.33.0-255,66,179600,34,199773
27886,0.003072,172.217.160.0-255,5020,184620,34,199773
27887,0.003077,172.31.33.0-255,66,184686,34,199773
27888,0.003102,172.31.33.0-255,66,184752,34,199773
27889,0.003106,172.217.160.0-255,2902,187654,34,199773
27890,0.003108,172.31.33.0-255,66,187720,34,199773
27891,0.003154,172.31.33.0-255,66,187786,34,199773
27892,0.003174,172.31.33.0-255,66,187852,34,199773
27893,0.00318,172.217.160.0-255,7156,195008,34,199773
27894,0.003183,172.31.33.0-255,66,195074,34,199773
27895,0.003231,172.31.33.0-255,66,195140,34,199773
27896,0.003235,172.217.160.0-255,105,195245,34,199773
27897,0.005712,172.31.33.0-255,66,195311,34,199773
27898,0.00578,172.31.33.0-255,105,195416,34,199773
27899,0.007381,172.217.160.0-255,66,195482,34,199773
27900,0.029458,172.31.33.0-255,172,195654,34,199773
27901,0.029514,172.31.33.0-255,1112,196766,34,199773
27902,0.029606,172.31.33.0-255,1514,198280,34,199773
27903,0.029608,172.31.33.0-255,1295,199575,34,199773
27904,0.03098,104.244.42.0-255,66,199641,34,199773
27905,0.031068,104.244.42.0-255,66,199707,34,199773
27906,0.031158,104.244.42.0-255,66,199773,34,199773
27907,0.0,172.217.194.0-255,153,153,34,159393
27908,2.6e-05,172.31.33.0-255,66,219,34,159393
27909,3.2e-05,172.217.194.0-255,1484,1703,34,159393
27910,3.6e-05,172.31.33.0-255,66,1769,34,159393
27911,4.2e-05,172.217.194.0-255,2902,4671,34,159393
27912,4.4e-05,172.31.33.0-255,66,4737,34,159393
27913,5e-05,172.217.194.0-255,7156,11893,34,159393
27914,5.3e-05,172.31.33.0-255,66,11959,34,159393
27915,5.7e-05,172.217.194.0-255,2048,14007,34,159393
27916,5.9e-05,172.31.33.0-255,66,14073,34,159393
27917,0.000183,172.217.194.0-255,1484,15557,34,159393
27918,0.000188,172.31.33.0-255,66,15623,34,159393
27919,0.000209,172.217.194.0-255,2902,18525,34,159393
27920,0.000212,172.31.33.0-255,66,18591,34,159393
27921,0.000219,172.217.194.0-255,5738,24329,34,159393
27922,0.000221,172.31.33.0-255,66,24395,34,159393
27923,0.000274,172.31.33.0-255,66,24461,34,159393
27924,0.000286,172.31.33.0-255,66,24527,34,159393
27925,0.000308,172.217.194.0-255,3961,28488,34,159393
27926,0.000311,172.31.33.0-255,66,28554,34,159393
27927,0.000316,172.217.194.0-255,2902,31456,34,159393
27928,0.000318,172.31.33.0-255,66,31522,34,159393
27929,0.000343,172.31.33.0-255,66,31588,34,159393
27930,0.00036,172.217.194.0-255,1484,33072,34,159393
27931,0.000363,172.31.33.0-255,66,33138,34,159393
27932,0.000386,172.217.194.0-255,2850,35988,34,159393
27933,0.000389,172.31.33.0-255,66,36054,34,159393
27934,0.000985,172.217.194.0-255,98,36152,34,159393
27935,0.000991,172.31.33.0-255,66,36218,34,159393
27936,0.001074,172.217.194.0-255,1484,37702,34,159393
27937,0.001081,172.217.194.0-255,2902,40604,34,159393
27938,0.001085,172.31.33.0-255,66,40670,34,159393
27939,0.001107,172.217.194.0-255,5738,46408,34,159393
27940,0.00111,172.31.33.0-255,66,46474,34,159393
27941,0.001127,172.217.194.0-255,5738,52212,34,159393
27942,0.001129,172.31.33.0-255,66,52278,34,159393
27943,0.001166,172.31.33.0-255,66,52344,34,159393
27944,0.001177,172.31.33.0-255,66,52410,34,159393
27945,0.001921,172.217.194.0-255,1484,53894,34,159393
27946,0.001928,172.217.194.0-255,2902,56796,34,159393
27947,0.001931,172.31.33.0-255,66,56862,34,159393
27948,0.001934,172.217.194.0-255,1484,58346,34,159393
27949,0.001952,172.217.194.0-255,4320,62666,34,159393
27950,0.001954,172.31.33.0-255,66,62732,34,159393
27951,0.001959,172.217.194.0-255,5738,68470,34,159393
27952,0.001961,172.31.33.0-255,66,68536,34,159393
27953,0.001988,172.217.194.0-255,7156,75692,34,159393
27954,0.00199,172.31.33.0-255,66,75758,34,159393
27955,0.002034,172.31.33.0-255,66,75824,34,159393
27956,0.002038,172.217.194.0-255,2902,78726,34,159393
27957,0.002039,172.31.33.0-255,66,78792,34,159393
27958,0.002055,172.31.33.0-255,66,78858,34,159393
27959,0.002072,172.217.194.0-255,7156,86014,34,159393
27960,0.002074,172.31.33.0-255,66,86080,34,159393
27961,0.002094,172.31.33.0-255,66,86146,34,159393
27962,0.002118,172.217.194.0-255,4320,90466,34,159393
27963,0.00212,172.31.33.0-255,66,90532,34,159393
27964,0.002142,172.31.33.0-255,66,90598,34,159393
27965,0.002147,172.217.194.0-255,4320,94918,34,159393
27966,0.002149,172.31.33.0-255,66,94984,34,159393
27967,0.002177,172.31.33.0-255,66,95050,34,159393
27968,0.002212,172.217.194.0-255,4320,99370,34,159393
27969,0.002214,172.31.33.0-255,66,99436,34,159393
27970,0.002244,172.217.194.0-255,5020,104456,34,159393
27971,0.002246,172.31.33.0-255,66,104522,34,159393
27972,0.002255,172.31.33.0-255,66,104588,34,159393
27973,0.002266,172.31.33.0-255,66,104654,34,159393
27974,0.002274,172.31.33.0-255,66,104720,34,159393
27975,0.002302,172.217.194.0-255,2902,107622,34,159393
27976,0.002304,172.31.33.0-255,66,107688,34,159393
27977,0.002324,172.217.194.0-255,5738,113426,34,159393
27978,0.002326,172.31.33.0-255,66,113492,34,159393
27979,0.002329,172.217.194.0-255,2902,116394,34,159393
27980,0.00233,172.31.33.0-255,66,116460,34,159393
27981,0.002335,172.217.194.0-255,4320,120780,34,159393
27982,0.002337,172.31.33.0-255,66,120846,34,159393
27983,0.002369,172.31.33.0-255,66,120912,34,159393
27984,0.002378,172.31.33.0-255,66,120978,34,159393
27985,0.002381,172.217.194.0-255,2902,123880,34,159393
27986,0.002382,172.31.33.0-255,66,123946,34,159393
27987,0.002396,172.217.194.0-255,5738,129684,34,159393
27988,0.002398,172.31.33.0-255,66,129750,34,159393
27989,0.002411,172.217.194.0-255,1484,131234,34,159393
27990,0.002435,172.31.33.0-255,66,131300,34,159393
27991,0.002455,172.217.194.0-255,5738,137038,34,159393
27992,0.002457,172.31.33.0-255,66,137104,34,159393
27993,0.002459,172.217.194.0-255,1484,138588,34,159393
27994,0.002473,172.217.194.0-255,766,139354,34,159393
27995,0.002475,172.31.33.0-255,66,139420,34,159393
27996,0.002717,172.217.194.0-255,1484,140904,34,159393
27997,0.002721,172.217.194.0-255,2902,143806,34,159393
27998,0.002723,172.31.33.0-255,66,143872,34,159393
27999,0.00274,172.217.194.0-255,4320,148192,34,159393
28000,0.002742,172.31.33.0-255,66,148258,34,159393
28001,0.002756,172.217.194.0-255,1484,149742,34,159393
28002,0.002759,172.217.194.0-255,1484,151226,34,159393
28003,0.00276,172.31.33.0-255,66,151292,34,159393
28004,0.002784,172.31.33.0-255,66,151358,34,159393
28005,0.002793,172.31.33.0-255,66,151424,34,159393
28006,0.002832,172.217.194.0-255,4320,155744,34,159393
28007,0.002835,172.31.33.0-255,66,155810,34,159393
28008,0.002861,172.31.33.0-255,66,155876,34,159393
28009,0.002876,172.217.194.0-255,766,156642,34,159393
28010,0.002884,172.31.33.0-255,66,156708,34,159393
28011,0.002908,172.31.33.0-255,66,156774,34,159393
28012,0.002946,172.31.33.0-255,66,156840,34,159393
28013,0.002964,172.31.33.0-255,66,156906,34,159393
28014,0.002968,172.217.194.0-255,1799,158705,34,159393
28015,0.00297,172.31.33.0-255,66,158771,34,159393
28016,0.002972,172.217.194.0-255,97,158868,34,159393
28017,0.00299,172.217.194.0-255,105,158973,34,159393
28018,0.01222,172.31.33.0-255,66,159039,34,159393
28019,0.012247,172.31.33.0-255,105,159144,34,159393
28020,0.012347,172.217.194.0-255,105,159249,34,159393
28021,0.012357,172.31.33.0-255,78,159327,34,159393
28022,0.014521,172.217.194.0-255,66,159393,34,159393
28023,0.0,74.125.130.0-255,159,159,34,294352
28024,1.5e-05,172.31.33.0-255,66,225,34,294352
28025,4.2e-05,74.125.130.0-255,1484,1709,34,294352
28026,4.7e-05,172.31.33.0-255,66,1775,34,294352
28027,5.3e-05,74.125.130.0-255,2902,4677,34,294352
28028,5.6e-05,172.31.33.0-255,66,4743,34,294352
28029,6.1e-05,74.125.130.0-255,5738,10481,34,294352
28030,6.4e-05,172.31.33.0-255,66,10547,34,294352
28031,9.1e-05,74.125.130.0-255,3474,14021,34,294352
28032,9.4e-05,172.31.33.0-255,66,14087,34,294352
28033,0.000131,74.125.130.0-255,1484,15571,34,294352
28034,0.000134,172.31.33.0-255,66,15637,34,294352
28035,0.000138,74.125.130.0-255,2902,18539,34,294352
28036,0.00014,172.31.33.0-255,66,18605,34,294352
28037,0.000164,74.125.130.0-255,5738,24343,34,294352
28038,0.000166,172.31.33.0-255,66,24409,34,294352
28039,0.000194,74.125.130.0-255,6797,31206,34,294352
28040,0.000197,172.31.33.0-255,66,31272,34,294352
28041,0.000283,74.125.130.0-255,1484,32756,34,294352
28042,0.000287,172.31.33.0-255,66,32822,34,294352
28043,0.00031,74.125.130.0-255,2902,35724,34,294352
28044,0.000313,172.31.33.0-255,66,35790,34,294352
28045,0.000318,74.125.130.0-255,2902,38692,34,294352
28046,0.00032,172.31.33.0-255,66,38758,34,294352
28047,0.000346,74.125.130.0-255,2902,41660,34,294352
28048,0.000348,172.31.33.0-255,66,41726,34,294352
28049,0.000354,74.125.130.0-255,5738,47464,34,294352
28050,0.000356,172.31.33.0-255,66,47530,34,294352
28051,0.000387,74.125.130.0-255,6797,54327,34,294352
28052,0.000389,172.31.33.0-255,66,54393,34,294352
28053,0.000393,74.125.130.0-255,2902,57295,34,294352
28054,0.000396,172.31.33.0-255,66,57361,34,294352
28055,0.000459,172.31.33.0-255,66,57427,34,294352
28056,0.000905,74.125.130.0-255,646,58073,34,294352
28057,0.000985,74.125.130.0-255,1484,59557,34,294352
28058,0.000989,172.31.33.0-255,66,59623,34,294352
28059,0.000995,74.125.130.0-255,2902,62525,34,294352
28060,0.000997,172.31.33.0-255,66,62591,34,294352
28061,0.001001,74.125.130.0-255,2902,65493,34,294352
28062,0.001003,172.31.33.0-255,66,65559,34,294352
28063,0.001028,74.125.130.0-255,2902,68461,34,294352
28064,0.001031,172.31.33.0-255,66,68527,34,294352
28065,0.001068,74.125.130.0-255,4320,72847,34,294352
28066,0.001071,172.31.33.0-255,66,72913,34,294352
28067,0.001097,74.125.130.0-255,2543,75456,34,294352
28068,0.0011,172.31.33.0-255,66,75522,34,294352
28069,0.001107,74.125.130.0-255,7156,82678,34,294352
28070,0.001109,172.31.33.0-255,66,82744,34,294352
28071,0.001118,74.125.130.0-255,5738,88482,34,294352
28072,0.00112,172.31.33.0-255,66,88548,34,294352
28073,0.001151,74.125.130.0-255,3961,92509,34,294352
28074,0.001154,172.31.33.0-255,66,92575,34,294352
28075,0.001798,74.125.130.0-255,1484,94059,34,294352
28076,0.001808,74.125.130.0-255,2902,96961,34,294352
28077,0.001812,172.31.33.0-255,66,97027,34,294352
28078,0.001843,74.125.130.0-255,5738,102765,34,294352
28079,0.001846,172.31.33.0-255,66,102831,34,294352
28080,0.001858,172.31.33.0-255,66,102897,34,294352
28081,0.001866,74.125.130.0-255,2902,105799,34,294352
28082,0.001868,172.31.33.0-255,66,105865,34,294352
28083,0.001894,74.125.130.0-255,2902,108767,34,294352
28084,0.001896,172.31.33.0-255,66,108833,34,294352
28085,0.001926,74.125.130.0-255,5020,113853,34,294352
28086,0.001928,172.31.33.0-255,66,113919,34,294352
28087,0.002015,74.125.130.0-255,1484,115403,34,294352
28088,0.002021,74.125.130.0-255,2902,118305,34,294352
28089,0.002024,172.31.33.0-255,66,118371,34,294352
28090,0.002055,74.125.130.0-255,5738,124109,34,294352
28091,0.002057,172.31.33.0-255,66,124175,34,294352
28092,0.002064,74.125.130.0-255,7156,131331,34,294352
28093,0.002066,172.31.33.0-255,66,131397,34,294352
28094,0.002069,74.125.130.0-255,1484,132881,34,294352
28095,0.002093,74.125.130.0-255,7156,140037,34,294352
28096,0.002095,172.31.33.0-255,66,140103,34,294352
28097,0.002099,74.125.130.0-255,1484,141587,34,294352
28098,0.002122,74.125.130.0-255,6438,148025,34,294352
28099,0.002125,172.31.33.0-255,66,148091,34,294352
28100,0.002274,74.125.130.0-255,1484,149575,34,294352
28101,0.002284,74.125.130.0-255,1484,151059,34,294352
28102,0.002286,172.31.33.0-255,66,151125,34,294352
28103,0.00231,74.125.130.0-255,1484,152609,34,294352
28104,0.002317,74.125.130.0-255,5738,158347,34,294352
28105,0.002319,172.31.33.0-255,66,158413,34,294352
28106,0.002324,74.125.130.0-255,4320,162733,34,294352
28107,0.002326,172.31.33.0-255,66,162799,34,294352
28108,0.002352,74.125.130.0-255,2902,165701,34,294352
28109,0.002354,172.31.33.0-255,66,165767,34,294352
28110,0.002365,172.31.33.0-255,66,165833,34,294352
28111,0.002389,74.125.130.0-255,4320,170153,34,294352
28112,0.002391,172.31.33.0-255,66,170219,34,294352
28113,0.002395,74.125.130.0-255,2184,172403,34,294352
28114,0.0024,172.31.33.0-255,66,172469,34,294352
28115,0.002541,74.125.130.0-255,1484,173953,34,294352
28116,0.002555,74.125.130.0-255,2902,176855,34,294352
28117,0.002558,172.31.33.0-255,66,176921,34,294352
28118,0.002573,74.125.130.0-255,1484,178405,34,294352
28119,0.002581,74.125.130.0-255,1484,179889,34,294352
28120,0.002583,172.31.33.0-255,66,179955,34,294352
28121,0.002608,74.125.130.0-255,5738,185693,34,294352
28122,0.00261,172.31.33.0-255,66,185759,34,294352
28123,0.002615,74.125.130.0-255,4320,190079,34,294352
28124,0.002617,172.31.33.0-255,66,190145,34,294352
28125,0.002641,74.125.130.0-255,5738,195883,34,294352
28126,0.002643,172.31.33.0-255,66,195949,34,294352
28127,0.002663,74.125.130.0-255,4320,200269,34,294352
28128,0.002665,172.31.33.0-255,66,200335,34,294352
28129,0.002695,74.125.130.0-255,6438,206773,34,294352
28130,0.002697,172.31.33.0-255,66,206839,34,294352
28131,0.0027,74.125.130.0-255,1484,208323,34,294352
28132,0.002716,74.125.130.0-255,4320,212643,34,294352
28133,0.002718,172.31.33.0-255,66,212709,34,294352
28134,0.00276,172.31.33.0-255,66,212775,34,294352
28135,0.002763,74.125.130.0-255,2902,215677,34,294352
28136,0.002765,172.31.33.0-255,66,215743,34,294352
28137,0.002768,74.125.130.0-255,1484,217227,34,294352
28138,0.002773,74.125.130.0-255,5738,222965,34,294352
28139,0.002792,172.31.33.0-255,66,223031,34,294352
28140,0.002803,172.31.33.0-255,66,223097,34,294352
28141,0.002806,74.125.130.0-255,2902,225999,34,294352
28142,0.002856,172.31.33.0-255,66,226065,34,294352
28143,0.002864,74.125.130.0-255,4320,230385,34,294352
28144,0.002867,172.31.33.0-255,66,230451,34,294352
28145,0.002872,74.125.130.0-255,4320,234771,34,294352
28146,0.002874,172.31.33.0-255,66,234837,34,294352
28147,0.00288,74.125.130.0-255,7156,241993,34,294352
28148,0.002882,172.31.33.0-255,66,242059,34,294352
28149,0.002911,74.125.130.0-255,2902,244961,34,294352
28150,0.002913,172.31.33.0-255,66,245027,34,294352
28151,0.002918,74.125.130.0-255,4320,249347,34,294352
28152,0.00292,172.31.33.0-255,66,249413,34,294352
28153,0.002923,74.125.130.0-255,1484,250897,34,294352
28154,0.002929,74.125.130.0-255,6438,257335,34,294352
28155,0.002932,172.31.33.0-255,66,257401,34,294352
28156,0.002934,74.125.130.0-255,1484,258885,34,294352
28157,0.002938,74.125.130.0-255,2902,261787,34,294352
28158,0.00294,172.31.33.0-255,66,261853,34,294352
28159,0.002945,74.125.130.0-255,4320,266173,34,294352
28160,0.002948,172.31.33.0-255,66,266239,34,294352
28161,0.002959,172.31.33.0-255,66,266305,34,294352
28162,0.002988,74.125.130.0-255,5738,272043,34,294352
28163,0.002991,172.31.33.0-255,66,272109,34,294352
28164,0.003029,172.31.33.0-255,66,272175,34,294352
28165,0.003041,172.31.33.0-255,66,272241,34,294352
28166,0.003064,74.125.130.0-255,4320,276561,34,294352
28167,0.003066,172.31.33.0-255,66,276627,34,294352
28168,0.003079,74.125.130.0-255,2902,279529,34,294352
28169,0.003081,172.31.33.0-255,66,279595,34,294352
28170,0.003121,172.31.33.0-255,66,279661,34,294352
28171,0.003146,74.125.130.0-255,5738,285399,34,294352
28172,0.003149,172.31.33.0-255,66,285465,34,294352
28173,0.003179,172.31.33.0-255,66,285531,34,294352
28174,0.003184,74.125.130.0-255,4320,289851,34,294352
28175,0.003186,172.31.33.0-255,66,289917,34,294352
28176,0.003204,74.125.130.0-255,4027,293944,34,294352
28177,0.00321,172.31.33.0-255,66,294010,34,294352
28178,0.003231,74.125.130.0-255,105,294115,34,294352
28179,0.012082,172.31.33.0-255,66,294181,34,294352
28180,0.012127,172.31.33.0-255,105,294286,34,294352
28181,0.014645,74.125.130.0-255,66,294352,34,294352
28182,0.0,172.217.194.0-255,150,150,34,211187
28183,2.4e-05,172.31.33.0-255,66,216,34,211187
28184,3e-05,172.217.194.0-255,1484,1700,34,211187
28185,3.4e-05,172.31.33.0-255,66,1766,34,211187
28186,3.9e-05,172.217.194.0-255,2902,4668,34,211187
28187,4.1e-05,172.31.33.0-255,66,4734,34,211187
28188,4.6e-05,172.217.194.0-255,4320,9054,34,211187
28189,4.8e-05,172.31.33.0-255,66,9120,34,211187
28190,6e-05,172.217.194.0-255,2902,12022,34,211187
28191,6.2e-05,172.31.33.0-255,66,12088,34,211187
28192,6.6e-05,172.217.194.0-255,2091,14179,34,211187
28193,6.7e-05,172.31.33.0-255,66,14245,34,211187
28194,0.000129,172.217.194.0-255,5738,19983,34,211187
28195,0.000133,172.31.33.0-255,66,20049,34,211187
28196,0.000152,172.217.194.0-255,5738,25787,34,211187
28197,0.000154,172.31.33.0-255,66,25853,34,211187
28198,0.00016,172.217.194.0-255,4320,30173,34,211187
28199,0.000162,172.31.33.0-255,66,30239,34,211187
28200,0.000167,172.217.194.0-255,1125,31364,34,211187
28201,0.000169,172.31.33.0-255,66,31430,34,211187
28202,0.000171,172.217.194.0-255,1484,32914,34,211187
28203,0.000173,172.31.33.0-255,66,32980,34,211187
28204,0.000218,172.217.194.0-255,4320,37300,34,211187
28205,0.00022,172.31.33.0-255,66,37366,34,211187
28206,0.000229,172.31.33.0-255,66,37432,34,211187
28207,0.000231,172.217.194.0-255,1125,38557,34,211187
28208,0.000235,172.31.33.0-255,66,38623,34,211187
28209,0.000318,172.217.194.0-255,1484,40107,34,211187
28210,0.000322,172.31.33.0-255,66,40173,34,211187
28211,0.000326,172.217.194.0-255,2902,43075,34,211187
28212,0.000329,172.31.33.0-255,66,43141,34,211187
28213,0.000354,172.217.194.0-255,5738,48879,34,211187
28214,0.000357,172.31.33.0-255,66,48945,34,211187
28215,0.000377,172.217.194.0-255,4320,53265,34,211187
28216,0.00038,172.31.33.0-255,66,53331,34,211187
28217,0.000392,172.217.194.0-255,2840,56171,34,211187
28218,0.000396,172.31.33.0-255,66,56237,34,211187
28219,0.000557,172.217.194.0-255,380,56617,34,211187
28220,0.000687,172.31.33.0-255,66,56683,34,211187
28221,0.000776,172.217.194.0-255,1484,58167,34,211187
28222,0.000783,172.217.194.0-255,2902,61069,34,211187
28223,0.000786,172.31.33.0-255,66,61135,34,211187
28224,0.000793,172.217.194.0-255,5738,66873,34,211187
28225,0.000794,172.31.33.0-255,66,66939,34,211187
28226,0.000826,172.217.194.0-255,4320,71259,34,211187
28227,0.000828,172.31.33.0-255,66,71325,34,211187
28228,0.00086,172.31.33.0-255,66,71391,34,211187
28229,0.00087,172.31.33.0-255,66,71457,34,211187
28230,0.001878,172.217.194.0-255,1484,72941,34,211187
28231,0.001885,172.217.194.0-255,2902,75843,34,211187
28232,0.001889,172.31.33.0-255,66,75909,34,211187
28233,0.001894,172.217.194.0-255,2902,78811,34,211187
28234,0.001895,172.31.33.0-255,66,78877,34,211187
28235,0.001908,172.217.194.0-255,2902,81779,34,211187
28236,0.001909,172.31.33.0-255,66,81845,34,211187
28237,0.001913,172.217.194.0-255,2902,84747,34,211187
28238,0.001915,172.31.33.0-255,66,84813,34,211187
28239,0.001942,172.217.194.0-255,2902,87715,34,211187
28240,0.001943,172.31.33.0-255,66,87781,34,211187
28241,0.001949,172.217.194.0-255,7156,94937,34,211187
28242,0.001951,172.31.33.0-255,66,95003,34,211187
28243,0.001971,172.217.194.0-255,4320,99323,34,211187
28244,0.001973,172.31.33.0-255,66,99389,34,211187
28245,0.001991,172.217.194.0-255,6438,105827,34,211187
28246,0.001993,172.31.33.0-255,66,105893,34,211187
28247,0.003879,172.217.194.0-255,1484,107377,34,211187
28248,0.003883,172.217.194.0-255,2902,110279,34,211187
28249,0.003885,172.31.33.0-255,66,110345,34,211187
28250,0.00389,172.217.194.0-255,4320,114665,34,211187
28251,0.003892,172.31.33.0-255,66,114731,34,211187
28252,0.003901,172.217.194.0-255,1484,116215,34,211187
28253,0.003915,172.217.194.0-255,2902,119117,34,211187
28254,0.003918,172.31.33.0-255,66,119183,34,211187
28255,0.003942,172.31.33.0-255,66,119249,34,211187
28256,0.003955,172.217.194.0-255,7156,126405,34,211187
28257,0.003957,172.31.33.0-255,66,126471,34,211187
28258,0.003973,172.217.194.0-255,3602,130073,34,211187
28259,0.003975,172.31.33.0-255,66,130139,34,211187
28260,0.004007,172.217.194.0-255,7156,137295,34,211187
28261,0.004012,172.217.194.0-255,5738,143033,34,211187
28262,0.004028,172.217.194.0-255,2902,145935,34,211187
28263,0.004076,172.217.194.0-255,2902,148837,34,211187
28264,0.004104,172.217.194.0-255,1484,150321,34,211187
28265,0.004148,172.217.194.0-255,5738,156059,34,211187
28266,0.00423,172.217.194.0-255,4320,160379,34,211187
28267,0.004279,172.217.194.0-255,6438,166817,34,211187
28268,0.004286,172.217.194.0-255,7156,173973,34,211187
28269,0.004312,172.217.194.0-255,7156,181129,34,211187
28270,0.004322,172.217.194.0-255,1484,182613,34,211187
28271,0.004326,172.31.33.0-255,78,182691,34,211187
28272,0.00434,172.31.33.0-255,78,182769,34,211187
28273,0.004353,172.217.194.0-255,2184,184953,34,211187
28274,0.004357,172.217.194.0-255,1484,186437,34,211187
28275,0.004414,172.217.194.0-255,1484,187921,34,211187
28276,0.004427,172.217.194.0-255,2902,190823,34,211187
28277,0.004438,172.217.194.0-255,1484,192307,34,211187
28278,0.004452,172.217.194.0-255,4320,196627,34,211187
28279,0.004481,172.217.194.0-255,4320,200947,34,211187
28280,0.004498,172.217.194.0-255,4320,205267,34,211187
28281,0.004513,172.217.194.0-255,4320,209587,34,211187
28282,0.004516,172.217.194.0-255,1258,210845,34,211187
28283,0.004538,172.217.194.0-255,105,210950,34,211187
28284,0.009391,172.31.33.0-255,66,211016,34,211187
28285,0.011977,172.31.33.0-255,105,211121,34,211187
28286,0.014267,172.217.194.0-255,66,211187,34,211187
28287,0.0,172.217.194.0-255,143,143,34,182932
28288,3.3e-05,172.31.33.0-255,66,209,34,182932
28289,3.9e-05,172.217.194.0-255,1484,1693,34,182932
28290,4.4e-05,172.31.33.0-255,66,1759,34,182932
28291,4.8e-05,172.217.194.0-255,2902,4661,34,182932
28292,5e-05,172.31.33.0-255,66,4727,34,182932
28293,5.7e-05,172.217.194.0-255,7156,11883,34,182932
28294,6e-05,172.31.33.0-255,66,11949,34,182932
28295,6.9e-05,172.217.194.0-255,7156,19105,34,182932
28296,7.1e-05,172.31.33.0-255,66,19171,34,182932
28297,0.0001,172.217.194.0-255,4927,24098,34,182932
28298,0.000103,172.31.33.0-255,66,24164,34,182932
28299,0.00011,172.217.194.0-255,6797,30961,34,182932
28300,0.000112,172.31.33.0-255,66,31027,34,182932
28301,0.000206,172.217.194.0-255,1484,32511,34,182932
28302,0.000209,172.31.33.0-255,66,32577,34,182932
28303,0.000216,172.217.194.0-255,2902,35479,34,182932
28304,0.000219,172.31.33.0-255,66,35545,34,182932
28305,0.000223,172.217.194.0-255,2902,38447,34,182932
28306,0.000225,172.31.33.0-255,66,38513,34,182932
28307,0.000244,172.217.194.0-255,1484,39997,34,182932
28308,0.000246,172.31.33.0-255,66,40063,34,182932
28309,0.000251,172.217.194.0-255,4320,44383,34,182932
28310,0.000252,172.31.33.0-255,66,44449,34,182932
28311,0.000263,172.217.194.0-255,1484,45933,34,182932
28312,0.000265,172.31.33.0-255,66,45999,34,182932
28313,0.000282,172.217.194.0-255,4320,50319,34,182932
28314,0.000284,172.31.33.0-255,66,50385,34,182932
28315,0.000318,172.31.33.0-255,66,50451,34,182932
28316,0.000336,172.217.194.0-255,4320,54771,34,182932
28317,0.000338,172.31.33.0-255,66,54837,34,182932
28318,0.000352,172.217.194.0-255,2834,57671,34,182932
28319,0.000355,172.31.33.0-255,66,57737,34,182932
28320,0.000714,172.217.194.0-255,365,58102,34,182932
28321,0.000817,172.217.194.0-255,1484,59586,34,182932
28322,0.000821,172.31.33.0-255,66,59652,34,182932
28323,0.000851,172.217.194.0-255,2902,62554,34,182932
28324,0.000855,172.31.33.0-255,66,62620,34,182932
28325,0.000859,172.217.194.0-255,4320,66940,34,182932
28326,0.000861,172.31.33.0-255,66,67006,34,182932
28327,0.000873,172.217.194.0-255,1484,68490,34,182932
28328,0.000907,172.31.33.0-255,66,68556,34,182932
28329,0.000968,172.31.33.0-255,66,68622,34,182932
28330,0.00128,172.217.194.0-255,1484,70106,34,182932
28331,0.001304,172.217.194.0-255,2902,73008,34,182932
28332,0.001308,172.31.33.0-255,66,73074,34,182932
28333,0.001315,172.217.194.0-255,5738,78812,34,182932
28334,0.001317,172.31.33.0-255,66,78878,34,182932
28335,0.001355,172.31.33.0-255,66,78944,34,182932
28336,0.001358,172.217.194.0-255,2902,81846,34,182932
28337,0.001361,172.31.33.0-255,66,81912,34,182932
28338,0.001363,172.217.194.0-255,1484,83396,34,182932
28339,0.001381,172.217.194.0-255,6438,89834,34,182932
28340,0.001383,172.31.33.0-255,66,89900,34,182932
28341,0.001431,172.217.194.0-255,1484,91384,34,182932
28342,0.001449,172.217.194.0-255,2902,94286,34,182932
28343,0.001451,172.31.33.0-255,66,94352,34,182932
28344,0.001456,172.217.194.0-255,4320,98672,34,182932
28345,0.001458,172.31.33.0-255,66,98738,34,182932
28346,0.001468,172.217.194.0-255,1484,100222,34,182932
28347,0.001472,172.217.194.0-255,2902,103124,34,182932
28348,0.001474,172.31.33.0-255,66,103190,34,182932
28349,0.001487,172.217.194.0-255,2902,106092,34,182932
28350,0.001489,172.31.33.0-255,66,106158,34,182932
28351,0.001518,172.217.194.0-255,5738,111896,34,182932
28352,0.00152,172.31.33.0-255,66,111962,34,182932
28353,0.001534,172.217.194.0-255,7156,119118,34,182932
28354,0.001536,172.31.33.0-255,66,119184,34,182932
28355,0.001575,172.217.194.0-255,4320,123504,34,182932
28356,0.001578,172.31.33.0-255,66,123570,34,182932
28357,0.001589,172.217.194.0-255,766,124336,34,182932
28358,0.0023,172.217.194.0-255,1484,125820,34,182932
28359,0.002302,172.31.33.0-255,66,125886,34,182932
28360,0.002306,172.217.194.0-255,1484,127370,34,182932
28361,0.002317,172.217.194.0-255,1484,128854,34,182932
28362,0.002319,172.31.33.0-255,66,128920,34,182932
28363,0.002325,172.217.194.0-255,4320,133240,34,182932
28364,0.002327,172.31.33.0-255,66,133306,34,182932
28365,0.002351,172.217.194.0-255,1484,134790,34,182932
28366,0.002357,172.217.194.0-255,5738,140528,34,182932
28367,0.002359,172.31.33.0-255,66,140594,34,182932
28368,0.00237,172.31.33.0-255,66,140660,34,182932
28369,0.002395,172.217.194.0-255,2902,143562,34,182932
28370,0.002398,172.31.33.0-255,66,143628,34,182932
28371,0.002403,172.217.194.0-255,5020,148648,34,182932
28372,0.002405,172.31.33.0-255,66,148714,34,182932
28373,0.002671,172.217.194.0-255,1484,150198,34,182932
28374,0.002683,172.217.194.0-255,2902,153100,34,182932
28375,0.002685,172.31.33.0-255,66,153166,34,182932
28376,0.002715,172.217.194.0-255,5738,158904,34,182932
28377,0.002717,172.31.33.0-255,66,158970,34,182932
28378,0.00272,172.217.194.0-255,1484,160454,34,182932
28379,0.002741,172.31.33.0-255,66,160520,34,182932
28380,0.002765,172.217.194.0-255,2902,163422,34,182932
28381,0.002767,172.31.33.0-255,66,163488,34,182932
28382,0.002777,172.31.33.0-255,66,163554,34,182932
28383,0.002811,172.217.194.0-255,2902,166456,34,182932
28384,0.002814,172.31.33.0-255,66,166522,34,182932
28385,0.002837,172.31.33.0-255,66,166588,34,182932
28386,0.002866,172.217.194.0-255,5738,172326,34,182932
28387,0.00287,172.31.33.0-255,66,172392,34,182932
28388,0.002882,172.31.33.0-255,66,172458,34,182932
28389,0.002909,172.31.33.0-255,66,172524,34,182932
28390,0.002956,172.31.33.0-255,66,172590,34,182932
28391,0.002996,172.31.33.0-255,66,172656,34,182932
28392,0.003022,172.31.33.0-255,66,172722,34,182932
28393,0.003028,172.217.194.0-255,5738,178460,34,182932
28394,0.00303,172.31.33.0-255,66,178526,34,182932
28395,0.003077,172.31.33.0-255,66,178592,34,182932
28396,0.003097,172.217.194.0-255,2184,180776,34,182932
28397,0.0031,172.31.33.0-255,66,180842,34,182932
28398,0.00312,172.31.33.0-255,66,180908,34,182932
28399,0.003146,172.31.33.0-255,66,180974,34,182932
28400,0.003149,172.217.194.0-255,1340,182314,34,182932
28401,0.003152,172.217.194.0-255,105,182419,34,182932
28402,0.007025,172.31.33.0-255,105,182524,34,182932
28403,0.007149,172.31.33.0-255,66,182590,34,182932
28404,0.007171,172.31.33.0-255,105,182695,34,182932
28405,0.009089,157.240.7.0-255,105,182800,34,182932
28406,0.009112,172.31.33.0-255,66,182866,34,182932
28407,0.009494,172.217.194.0-255,66,182932,34,182932
28408,0.0,172.217.194.0-255,153,153,34,229747
28409,1.5e-05,172.31.33.0-255,66,219,34,229747
28410,2.5e-05,172.217.194.0-255,1484,1703,34,229747
28411,2.8e-05,172.31.33.0-255,66,1769,34,229747
28412,3.5e-05,172.217.194.0-255,2902,4671,34,229747
28413,3.8e-05,172.31.33.0-255,66,4737,34,229747
28414,4.6e-05,172.217.194.0-255,7156,11893,34,229747
28415,4.9e-05,172.31.33.0-255,66,11959,34,229747
28416,5.4e-05,172.217.194.0-255,1993,13952,34,229747
28417,5.7e-05,172.31.33.0-255,66,14018,34,229747
28418,0.000263,172.217.194.0-255,1484,15502,34,229747
28419,0.000268,172.31.33.0-255,66,15568,34,229747
28420,0.000275,172.217.194.0-255,2902,18470,34,229747
28421,0.000278,172.31.33.0-255,66,18536,34,229747
28422,0.000281,172.217.194.0-255,1484,20020,34,229747
28423,0.000283,172.31.33.0-255,66,20086,34,229747
28424,0.000312,172.217.194.0-255,4320,24406,34,229747
28425,0.000315,172.31.33.0-255,66,24472,34,229747
28426,0.000319,172.217.194.0-255,1484,25956,34,229747
28427,0.00032,172.31.33.0-255,66,26022,34,229747
28428,0.000357,172.217.194.0-255,2902,28924,34,229747
28429,0.00036,172.31.33.0-255,66,28990,34,229747
28430,0.000373,172.217.194.0-255,2543,31533,34,229747
28431,0.000375,172.31.33.0-255,66,31599,34,229747
28432,0.000444,172.217.194.0-255,1484,33083,34,229747
28433,0.000447,172.31.33.0-255,66,33149,34,229747
28434,0.000469,172.217.194.0-255,2902,36051,34,229747
28435,0.000472,172.31.33.0-255,66,36117,34,229747
28436,0.00048,172.217.194.0-255,5738,41855,34,229747
28437,0.000482,172.31.33.0-255,66,41921,34,229747
28438,0.000487,172.217.194.0-255,2902,44823,34,229747
28439,0.000489,172.31.33.0-255,66,44889,34,229747
28440,0.000544,172.31.33.0-255,66,44955,34,229747
28441,0.000555,172.31.33.0-255,66,45021,34,229747
28442,0.000558,172.217.194.0-255,1413,46434,34,229747
28443,0.000589,172.217.194.0-255,99,46533,34,229747
28444,0.000775,172.217.194.0-255,1484,48017,34,229747
28445,0.00078,172.31.33.0-255,66,48083,34,229747
28446,0.000786,172.217.194.0-255,2902,50985,34,229747
28447,0.000788,172.31.33.0-255,66,51051,34,229747
28448,0.000816,172.217.194.0-255,5738,56789,34,229747
28449,0.000819,172.31.33.0-255,66,56855,34,229747
28450,0.000826,172.217.194.0-255,5738,62593,34,229747
28451,0.000828,172.31.33.0-255,66,62659,34,229747
28452,0.000845,172.217.194.0-255,4320,66979,34,229747
28453,0.000847,172.31.33.0-255,66,67045,34,229747
28454,0.000882,172.31.33.0-255,66,67111,34,229747
28455,0.000888,172.217.194.0-255,5020,72131,34,229747
28456,0.00089,172.31.33.0-255,66,72197,34,229747
28457,0.000892,172.217.194.0-255,364,72561,34,229747
28458,0.001104,172.217.194.0-255,1484,74045,34,229747
28459,0.001108,172.31.33.0-255,66,74111,34,229747
28460,0.001113,172.217.194.0-255,2902,77013,34,229747
28461,0.001115,172.31.33.0-255,66,77079,34,229747
28462,0.001142,172.217.194.0-255,5738,82817,34,229747
28463,0.001145,172.31.33.0-255,66,82883,34,229747
28464,0.001151,172.217.194.0-255,4320,87203,34,229747
28465,0.001153,172.31.33.0-255,66,87269,34,229747
28466,0.001176,172.31.33.0-255,66,87335,34,229747
28467,0.001179,172.217.194.0-255,1484,88819,34,229747
28468,0.001212,172.31.33.0-255,66,88885,34,229747
28469,0.002395,172.217.194.0-255,1484,90369,34,229747
28470,0.002406,172.217.194.0-255,2902,93271,34,229747
28471,0.002411,172.31.33.0-255,66,93337,34,229747
28472,0.00242,172.217.194.0-255,5738,99075,34,229747
28473,0.002422,172.31.33.0-255,66,99141,34,229747
28474,0.002461,172.31.33.0-255,66,99207,34,229747
28475,0.002466,172.217.194.0-255,2902,102109,34,229747
28476,0.002468,172.31.33.0-255,66,102175,34,229747
28477,0.002498,172.31.33.0-255,66,102241,34,229747
28478,0.002631,172.217.194.0-255,1484,103725,34,229747
28479,0.002647,172.217.194.0-255,2902,106627,34,229747
28480,0.00265,172.31.33.0-255,66,106693,34,229747
28481,0.002656,172.217.194.0-255,4320,111013,34,229747
28482,0.002658,172.31.33.0-255,66,111079,34,229747
28483,0.002676,172.217.194.0-255,1484,112563,34,229747
28484,0.002679,172.217.194.0-255,1484,114047,34,229747
28485,0.002681,172.31.33.0-255,66,114113,34,229747
28486,0.002685,172.217.194.0-255,1484,115597,34,229747
28487,0.002724,172.217.194.0-255,1484,117081,34,229747
28488,0.002726,172.31.33.0-255,66,117147,34,229747
28489,0.002759,172.31.33.0-255,66,117213,34,229747
28490,0.002775,172.217.194.0-255,1484,118697,34,229747
28491,0.002779,172.217.194.0-255,2184,120881,34,229747
28492,0.002781,172.31.33.0-255,66,120947,34,229747
28493,0.002797,172.217.194.0-255,1484,122431,34,229747
28494,0.002802,172.217.194.0-255,2902,125333,34,229747
28495,0.002804,172.31.33.0-255,66,125399,34,229747
28496,0.002808,172.217.194.0-255,2902,128301,34,229747
28497,0.00281,172.31.33.0-255,66,128367,34,229747
28498,0.002834,172.217.194.0-255,2902,131269,34,229747
28499,0.002836,172.31.33.0-255,66,131335,34,229747
28500,0.002847,172.31.33.0-255,66,131401,34,229747
28501,0.002902,172.31.33.0-255,66,131467,34,229747
28502,0.002924,172.217.194.0-255,3602,135069,34,229747
28503,0.002928,172.31.33.0-255,66,135135,34,229747
28504,0.002943,172.31.33.0-255,66,135201,34,229747
28505,0.002961,172.31.33.0-255,66,135267,34,229747
28506,0.002968,172.217.194.0-255,6438,141705,34,229747
28507,0.002971,172.31.33.0-255,66,141771,34,229747
28508,0.003059,172.217.194.0-255,1484,143255,34,229747
28509,0.003062,172.217.194.0-255,1484,144739,34,229747
28510,0.003065,172.31.33.0-255,66,144805,34,229747
28511,0.003085,172.217.194.0-255,1484,146289,34,229747
28512,0.003092,172.217.194.0-255,5738,152027,34,229747
28513,0.003094,172.31.33.0-255,66,152093,34,229747
28514,0.0031,172.217.194.0-255,5738,157831,34,229747
28515,0.003103,172.31.33.0-255,66,157897,34,229747
28516,0.003106,172.217.194.0-255,1484,159381,34,229747
28517,0.003138,172.217.194.0-255,7156,166537,34,229747
28518,0.00314,172.31.33.0-255,66,166603,34,229747
28519,0.003144,172.217.194.0-255,1484,168087,34,229747
28520,0.003167,172.31.33.0-255,66,168153,34,229747
28521,0.003191,172.217.194.0-255,5020,173173,34,229747
28522,0.003194,172.31.33.0-255,66,173239,34,229747
28523,0.00321,172.31.33.0-255,66,173305,34,229747
28524,0.003251,172.31.33.0-255,66,173371,34,229747
28525,0.003271,172.217.194.0-255,3602,176973,34,229747
28526,0.003273,172.31.33.0-255,66,177039,34,229747
28527,0.00332,172.217.194.0-255,1484,178523,34,229747
28528,0.003324,172.217.194.0-255,1484,180007,34,229747
28529,0.003326,172.31.33.0-255,66,180073,34,229747
28530,0.003338,172.217.194.0-255,1484,181557,34,229747
28531,0.003342,172.217.194.0-255,1484,183041,34,229747
28532,0.003344,172.31.33.0-255,66,183107,34,229747
28533,0.003367,172.217.194.0-255,4320,187427,34,229747
28534,0.003369,172.31.33.0-255,66,187493,34,229747
28535,0.003376,172.217.194.0-255,5738,193231,34,229747
28536,0.003378,172.31.33.0-255,66,193297,34,229747
28537,0.003398,172.217.194.0-255,7156,200453,34,229747
28538,0.0034,172.31.33.0-255,66,200519,34,229747
28539,0.003432,172.31.33.0-255,66,200585,34,229747
28540,0.00348,172.217.194.0-255,1484,202069,34,229747
28541,0.003497,172.217.194.0-255,2902,204971,34,229747
28542,0.003499,172.31.33.0-255,66,205037,34,229747
28543,0.003507,172.217.194.0-255,4320,209357,34,229747
28544,0.00351,172.31.33.0-255,66,209423,34,229747
28545,0.003522,172.217.194.0-255,1484,210907,34,229747
28546,0.003525,172.217.194.0-255,1484,212391,34,229747
28547,0.003528,172.31.33.0-255,66,212457,34,229747
28548,0.003533,172.217.194.0-255,2902,215359,34,229747
28549,0.003535,172.31.33.0-255,66,215425,34,229747
28550,0.003565,172.217.194.0-255,5738,221163,34,229747
28551,0.003567,172.31.33.0-255,66,221229,34,229747
28552,0.00359,172.217.194.0-255,7156,228385,34,229747
28553,0.003593,172.31.33.0-255,66,228451,34,229747
28554,0.003596,172.217.194.0-255,954,229405,34,229747
28555,0.003613,172.217.194.0-255,105,229510,34,229747
28556,0.009812,172.31.33.0-255,66,229576,34,229747
28557,0.009858,172.31.33.0-255,105,229681,34,229747
28558,0.012099,172.217.194.0-255,66,229747,34,229747
28559,0.0,172.217.27.0-255,153,153,34,194777
28560,1.9e-05,172.31.33.0-255,66,219,34,194777
28561,2.5e-05,172.217.27.0-255,1484,1703,34,194777
28562,2.9e-05,172.31.33.0-255,66,1769,34,194777
28563,3.1e-05,172.217.27.0-255,1484,3253,34,194777
28564,3.3e-05,172.31.33.0-255,66,3319,34,194777
28565,6.8e-05,172.217.27.0-255,1484,4803,34,194777
28566,7e-05,172.31.33.0-255,66,4869,34,194777
28567,7.7e-05,172.217.27.0-255,7156,12025,34,194777
28568,7.9e-05,172.31.33.0-255,66,12091,34,194777
28569,9e-05,172.217.27.0-255,2021,14112,34,194777
28570,9.2e-05,172.31.33.0-255,66,14178,34,194777
28571,9.6e-05,172.217.27.0-255,2902,17080,34,194777
28572,9.8e-05,172.31.33.0-255,66,17146,34,194777
28573,0.000106,172.217.27.0-255,7156,24302,34,194777
28574,0.000109,172.31.33.0-255,66,24368,34,194777
28575,0.000113,172.217.27.0-255,4320,28688,34,194777
28576,0.000116,172.31.33.0-255,66,28754,34,194777
28577,0.000161,172.217.27.0-255,2543,31297,34,194777
28578,0.000165,172.31.33.0-255,66,31363,34,194777
28579,0.000193,172.217.27.0-255,2902,34265,34,194777
28580,0.000196,172.31.33.0-255,66,34331,34,194777
28581,0.000203,172.217.27.0-255,7156,41487,34,194777
28582,0.000206,172.31.33.0-255,66,41553,34,194777
28583,0.000218,172.217.27.0-255,5738,47291,34,194777
28584,0.000221,172.31.33.0-255,66,47357,34,194777
28585,0.000251,172.217.27.0-255,1125,48482,34,194777
28586,0.000255,172.31.33.0-255,66,48548,34,194777
28587,0.001118,172.217.27.0-255,1484,50032,34,194777
28588,0.001125,172.31.33.0-255,66,50098,34,194777
28589,0.001135,172.217.27.0-255,2902,53000,34,194777
28590,0.001138,172.31.33.0-255,66,53066,34,194777
28591,0.001149,172.217.27.0-255,1484,54550,34,194777
28592,0.001154,172.217.27.0-255,2902,57452,34,194777
28593,0.001157,172.31.33.0-255,66,57518,34,194777
28594,0.001163,172.217.27.0-255,5738,63256,34,194777
28595,0.001165,172.31.33.0-255,66,63322,34,194777
28596,0.001201,172.217.27.0-255,2543,65865,34,194777
28597,0.001204,172.31.33.0-255,66,65931,34,194777
28598,0.001515,172.217.27.0-255,1484,67415,34,194777
28599,0.001525,172.217.27.0-255,1484,68899,34,194777
28600,0.001527,172.31.33.0-255,66,68965,34,194777
28601,0.001531,172.217.27.0-255,2902,71867,34,194777
28602,0.001533,172.31.33.0-255,66,71933,34,194777
28603,0.001536,172.217.27.0-255,1484,73417,34,194777
28604,0.001558,172.217.27.0-255,4320,77737,34,194777
28605,0.00156,172.31.33.0-255,66,77803,34,194777
28606,0.001597,172.31.33.0-255,66,77869,34,194777
28607,0.001606,172.31.33.0-255,66,77935,34,194777
28608,0.003215,172.217.27.0-255,1484,79419,34,194777
28609,0.003224,172.217.27.0-255,2902,82321,34,194777
28610,0.003228,172.31.33.0-255,66,82387,34,194777
28611,0.003235,172.217.27.0-255,5738,88125,34,194777
28612,0.003237,172.31.33.0-255,66,88191,34,194777
28613,0.003239,172.217.27.0-255,1484,89675,34,194777
28614,0.003287,172.217.27.0-255,1484,91159,34,194777
28615,0.003289,172.31.33.0-255,66,91225,34,194777
28616,0.003292,172.217.27.0-255,1484,92709,34,194777
28617,0.003313,172.217.27.0-255,2902,95611,34,194777
28618,0.003314,172.31.33.0-255,66,95677,34,194777
28619,0.003317,172.217.27.0-255,1484,97161,34,194777
28620,0.003342,172.217.27.0-255,4320,101481,34,194777
28621,0.003344,172.31.33.0-255,66,101547,34,194777
28622,0.003419,172.217.27.0-255,2902,104449,34,194777
28623,0.003421,172.31.33.0-255,66,104515,34,194777
28624,0.003452,172.31.33.0-255,66,104581,34,194777
28625,0.003646,172.217.27.0-255,1484,106065,34,194777
28626,0.003658,172.217.27.0-255,2902,108967,34,194777
28627,0.00366,172.31.33.0-255,66,109033,34,194777
28628,0.003735,172.217.27.0-255,1484,110517,34,194777
28629,0.003738,172.217.27.0-255,1484,112001,34,194777
28630,0.00374,172.31.33.0-255,66,112067,34,194777
28631,0.00376,172.217.27.0-255,1484,113551,34,194777
28632,0.003762,172.217.27.0-255,1484,115035,34,194777
28633,0.003764,172.31.33.0-255,66,115101,34,194777
28634,0.003769,172.217.27.0-255,4320,119421,34,194777
28635,0.003771,172.31.33.0-255,66,119487,34,194777
28636,0.003791,172.217.27.0-255,1484,120971,34,194777
28637,0.003819,172.31.33.0-255,66,121037,34,194777
28638,0.003824,172.217.27.0-255,5020,126057,34,194777
28639,0.003826,172.31.33.0-255,66,126123,34,194777
28640,0.003852,172.217.27.0-255,5738,131861,34,194777
28641,0.003853,172.31.33.0-255,66,131927,34,194777
28642,0.003895,172.217.27.0-255,1484,133411,34,194777
28643,0.003914,172.31.33.0-255,66,133477,34,194777
28644,0.003933,172.31.33.0-255,66,133543,34,194777
28645,0.003935,172.217.27.0-255,766,134309,34,194777
28646,0.003962,172.217.27.0-255,1484,135793,34,194777
28647,0.003964,172.31.33.0-255,66,135859,34,194777
28648,0.003967,172.217.27.0-255,1484,137343,34,194777
28649,0.00399,172.217.27.0-255,2902,140245,34,194777
28650,0.003993,172.31.33.0-255,66,140311,34,194777
28651,0.003998,172.217.27.0-255,5738,146049,34,194777
28652,0.004001,172.31.33.0-255,66,146115,34,194777
28653,0.00402,172.217.27.0-255,1484,147599,34,194777
28654,0.004045,172.217.27.0-255,1484,149083,34,194777
28655,0.004047,172.31.33.0-255,66,149149,34,194777
28656,0.004075,172.217.27.0-255,2902,152051,34,194777
28657,0.004077,172.31.33.0-255,66,152117,34,194777
28658,0.004082,172.217.27.0-255,4320,156437,34,194777
28659,0.004085,172.31.33.0-255,66,156503,34,194777
28660,0.004095,172.217.27.0-255,7156,163659,34,194777
28661,0.004098,172.31.33.0-255,66,163725,34,194777
28662,0.004126,172.217.27.0-255,1484,165209,34,194777
28663,0.004131,172.217.27.0-255,3602,168811,34,194777
28664,0.004133,172.31.33.0-255,66,168877,34,194777
28665,0.004224,172.217.27.0-255,1484,170361,34,194777
28666,0.004239,172.217.27.0-255,2902,173263,34,194777
28667,0.004242,172.31.33.0-255,66,173329,34,194777
28668,0.004245,172.217.27.0-255,1484,174813,34,194777
28669,0.004269,172.217.27.0-255,4320,179133,34,194777
28670,0.004271,172.31.33.0-255,66,179199,34,194777
28671,0.0043,172.31.33.0-255,66,179265,34,194777
28672,0.004315,172.217.27.0-255,1484,180749,34,194777
28673,0.004327,172.31.33.0-255,66,180815,34,194777
28674,0.004338,172.31.33.0-255,66,180881,34,194777
28675,0.004345,172.217.27.0-255,7156,188037,34,194777
28676,0.004348,172.31.33.0-255,66,188103,34,194777
28677,0.004378,172.217.27.0-255,2902,191005,34,194777
28678,0.004381,172.31.33.0-255,66,191071,34,194777
28679,0.004403,172.31.33.0-255,66,191137,34,194777
28680,0.004447,172.31.33.0-255,66,191203,34,194777
28681,0.00445,172.217.27.0-255,1484,192687,34,194777
28682,0.004472,172.217.27.0-255,1484,194171,34,194777
28683,0.004475,172.31.33.0-255,66,194237,34,194777
28684,0.00451,172.31.33.0-255,66,194303,34,194777
28685,0.004561,172.31.33.0-255,66,194369,34,194777
28686,0.004571,172.31.33.0-255,66,194435,34,194777
28687,0.004653,172.217.27.0-255,105,194540,34,194777
28688,0.007288,172.31.33.0-255,66,194606,34,194777
28689,0.009368,172.31.33.0-255,105,194711,34,194777
28690,0.011016,172.217.27.0-255,66,194777,34,194777
28691,0.0,74.125.68.0-255,153,153,34,368472
28692,2.3e-05,172.31.33.0-255,66,219,34,368472
28693,3e-05,74.125.68.0-255,1484,1703,34,368472
28694,3.5e-05,172.31.33.0-255,66,1769,34,368472
28695,7e-05,74.125.68.0-255,2902,4671,34,368472
28696,7.3e-05,172.31.33.0-255,66,4737,34,368472
28697,7.9e-05,74.125.68.0-255,4320,9057,34,368472
28698,8.1e-05,172.31.33.0-255,66,9123,34,368472
28699,0.000109,74.125.68.0-255,4902,14025,34,368472
28700,0.000112,172.31.33.0-255,66,14091,34,368472
28701,0.000234,74.125.68.0-255,1484,15575,34,368472
28702,0.000239,172.31.33.0-255,66,15641,34,368472
28703,0.000245,74.125.68.0-255,2902,18543,34,368472
28704,0.000247,172.31.33.0-255,66,18609,34,368472
28705,0.000277,74.125.68.0-255,5738,24347,34,368472
28706,0.00028,172.31.33.0-255,66,24413,34,368472
28707,0.000283,74.125.68.0-255,1484,25897,34,368472
28708,0.000285,172.31.33.0-255,66,25963,34,368472
28709,0.00029,74.125.68.0-255,2902,28865,34,368472
28710,0.000293,172.31.33.0-255,66,28931,34,368472
28711,0.000332,74.125.68.0-255,3961,32892,34,368472
28712,0.000336,172.31.33.0-255,66,32958,34,368472
28713,0.000341,74.125.68.0-255,2902,35860,34,368472
28714,0.000342,172.31.33.0-255,66,35926,34,368472
28715,0.000358,74.125.68.0-255,1484,37410,34,368472
28716,0.000361,172.31.33.0-255,66,37476,34,368472
28717,0.000365,74.125.68.0-255,2902,40378,34,368472
28718,0.000374,172.31.33.0-255,66,40444,34,368472
28719,0.000404,74.125.68.0-255,7156,47600,34,368472
28720,0.000407,172.31.33.0-255,66,47666,34,368472
28721,0.000411,74.125.68.0-255,2902,50568,34,368472
28722,0.000413,172.31.33.0-255,66,50634,34,368472
28723,0.000446,172.31.33.0-255,66,50700,34,368472
28724,0.000472,74.125.68.0-255,1484,52184,34,368472
28725,0.000476,74.125.68.0-255,766,52950,34,368472
28726,0.000478,172.31.33.0-255,66,53016,34,368472
28727,0.000515,74.125.68.0-255,444,53460,34,368472
28728,0.000574,74.125.68.0-255,1484,54944,34,368472
28729,0.000578,172.31.33.0-255,66,55010,34,368472
28730,0.000581,74.125.68.0-255,1484,56494,34,368472
28731,0.000607,74.125.68.0-255,2902,59396,34,368472
28732,0.000609,172.31.33.0-255,66,59462,34,368472
28733,0.000613,74.125.68.0-255,2902,62364,34,368472
28734,0.000616,172.31.33.0-255,66,62430,34,368472
28735,0.000649,74.125.68.0-255,2902,65332,34,368472
28736,0.000652,172.31.33.0-255,66,65398,34,368472
28737,0.000657,74.125.68.0-255,4320,69718,34,368472
28738,0.000659,172.31.33.0-255,66,69784,34,368472
28739,0.00072,74.125.68.0-255,5738,75522,34,368472
28740,0.000723,172.31.33.0-255,66,75588,34,368472
28741,0.000727,74.125.68.0-255,1484,77072,34,368472
28742,0.000731,74.125.68.0-255,2902,79974,34,368472
28743,0.000733,172.31.33.0-255,66,80040,34,368472
28744,0.000739,74.125.68.0-255,5738,85778,34,368472
28745,0.000741,172.31.33.0-255,66,85844,34,368472
28746,0.000744,74.125.68.0-255,1484,87328,34,368472
28747,0.000777,74.125.68.0-255,766,88094,34,368472
28748,0.00078,172.31.33.0-255,66,88160,34,368472
28749,0.000815,74.125.68.0-255,332,88492,34,368472
28750,0.000956,74.125.68.0-255,1484,89976,34,368472
28751,0.00096,172.31.33.0-255,66,90042,34,368472
28752,0.000979,74.125.68.0-255,2902,92944,34,368472
28753,0.000991,172.31.33.0-255,66,93010,34,368472
28754,0.000996,74.125.68.0-255,2902,95912,34,368472
28755,0.000998,172.31.33.0-255,66,95978,34,368472
28756,0.001001,74.125.68.0-255,1484,97462,34,368472
28757,0.001028,74.125.68.0-255,2902,100364,34,368472
28758,0.001031,172.31.33.0-255,66,100430,34,368472
28759,0.001061,74.125.68.0-255,7156,107586,34,368472
28760,0.001063,172.31.33.0-255,66,107652,34,368472
28761,0.001099,172.31.33.0-255,66,107718,34,368472
28762,0.001102,74.125.68.0-255,1484,109202,34,368472
28763,0.001148,74.125.68.0-255,2902,112104,34,368472
28764,0.001152,172.31.33.0-255,66,112170,34,368472
28765,0.001181,74.125.68.0-255,2184,114354,34,368472
28766,0.001188,172.31.33.0-255,66,114420,34,368472
28767,0.001214,74.125.68.0-255,1484,115904,34,368472
28768,0.001218,74.125.68.0-255,1484,117388,34,368472
28769,0.00122,172.31.33.0-255,66,117454,34,368472
28770,0.001247,74.125.68.0-255,1484,118938,34,368472
28771,0.001251,74.125.68.0-255,2902,121840,34,368472
28772,0.001254,172.31.33.0-255,66,121906,34,368472
28773,0.001278,74.125.68.0-255,1484,123390,34,368472
28774,0.001284,74.125.68.0-255,5738,129128,34,368472
28775,0.001286,172.31.33.0-255,66,129194,34,368472
28776,0.001316,74.125.68.0-255,4320,133514,34,368472
28777,0.001319,172.31.33.0-255,66,133580,34,368472
28778,0.001325,74.125.68.0-255,5738,139318,34,368472
28779,0.001327,172.31.33.0-255,66,139384,34,368472
28780,0.001359,74.125.68.0-255,7156,146540,34,368472
28781,0.001363,172.31.33.0-255,66,146606,34,368472
28782,0.001401,74.125.68.0-255,2184,148790,34,368472
28783,0.001404,172.31.33.0-255,66,148856,34,368472
28784,0.001478,74.125.68.0-255,1484,150340,34,368472
28785,0.001499,74.125.68.0-255,2902,153242,34,368472
28786,0.001502,172.31.33.0-255,66,153308,34,368472
28787,0.001529,74.125.68.0-255,4320,157628,34,368472
28788,0.001532,172.31.33.0-255,66,157694,34,368472
28789,0.001558,74.125.68.0-255,7156,164850,34,368472
28790,0.001561,172.31.33.0-255,66,164916,34,368472
28791,0.001611,172.31.33.0-255,66,164982,34,368472
28792,0.001614,74.125.68.0-255,1484,166466,34,368472
28793,0.001618,74.125.68.0-255,2902,169368,34,368472
28794,0.00162,172.31.33.0-255,66,169434,34,368472
28795,0.001662,74.125.68.0-255,5020,174454,34,368472
28796,0.001666,172.31.33.0-255,66,174520,34,368472
28797,0.001821,74.125.68.0-255,1484,176004,34,368472
28798,0.00184,74.125.68.0-255,2902,178906,34,368472
28799,0.001844,172.31.33.0-255,66,178972,34,368472
28800,0.001861,74.125.68.0-255,1484,180456,34,368472
28801,0.001865,74.125.68.0-255,2902,183358,34,368472
28802,0.001867,172.31.33.0-255,66,183424,34,368472
28803,0.001894,74.125.68.0-255,4320,187744,34,368472
28804,0.001896,172.31.33.0-255,66,187810,34,368472
28805,0.001919,74.125.68.0-255,1484,189294,34,368472
28806,0.001922,74.125.68.0-255,1484,190778,34,368472
28807,0.001925,172.31.33.0-255,66,190844,34,368472
28808,0.001929,74.125.68.0-255,2902,193746,34,368472
28809,0.001931,172.31.33.0-255,66,193812,34,368472
28810,0.001958,74.125.68.0-255,5738,199550,34,368472
28811,0.00196,172.31.33.0-255,66,199616,34,368472
28812,0.001963,74.125.68.0-255,1484,201100,34,368472
28813,0.002016,74.125.68.0-255,4320,205420,34,368472
28814,0.00202,172.31.33.0-255,66,205486,34,368472
28815,0.002048,74.125.68.0-255,3602,209088,34,368472
28816,0.002051,172.31.33.0-255,66,209154,34,368472
28817,0.002201,74.125.68.0-255,1484,210638,34,368472
28818,0.002222,74.125.68.0-255,2902,213540,34,368472
28819,0.002226,172.31.33.0-255,66,213606,34,368472
28820,0.002258,74.125.68.0-255,5738,219344,34,368472
28821,0.002261,172.31.33.0-255,66,219410,34,368472
28822,0.002274,74.125.68.0-255,7156,226566,34,368472
28823,0.002276,172.31.33.0-255,66,226632,34,368472
28824,0.002284,74.125.68.0-255,7156,233788,34,368472
28825,0.002286,172.31.33.0-255,66,233854,34,368472
28826,0.002318,74.125.68.0-255,1484,235338,34,368472
28827,0.00233,172.31.33.0-255,66,235404,34,368472
28828,0.002386,74.125.68.0-255,4320,239724,34,368472
28829,0.00239,172.31.33.0-255,66,239790,34,368472
28830,0.002393,74.125.68.0-255,1484,241274,34,368472
28831,0.002395,74.125.68.0-255,1484,242758,34,368472
28832,0.002397,172.31.33.0-255,66,242824,34,368472
28833,0.002401,74.125.68.0-255,2902,245726,34,368472
28834,0.002404,172.31.33.0-255,66,245792,34,368472
28835,0.002406,74.125.68.0-255,1484,247276,34,368472
28836,0.002409,74.125.68.0-255,1484,248760,34,368472
28837,0.002411,172.31.33.0-255,66,248826,34,368472
28838,0.002432,74.125.68.0-255,1484,250310,34,368472
28839,0.002454,74.125.68.0-255,2902,253212,34,368472
28840,0.002457,172.31.33.0-255,66,253278,34,368472
28841,0.002462,74.125.68.0-255,4320,257598,34,368472
28842,0.002465,172.31.33.0-255,66,257664,34,368472
28843,0.002468,74.125.68.0-255,1484,259148,34,368472
28844,0.002489,74.125.68.0-255,1484,260632,34,368472
28845,0.002492,172.31.33.0-255,66,260698,34,368472
28846,0.002495,74.125.68.0-255,1484,262182,34,368472
28847,0.002525,74.125.68.0-255,5738,267920,34,368472
28848,0.002527,172.31.33.0-255,66,267986,34,368472
28849,0.00253,74.125.68.0-255,1484,269470,34,368472
28850,0.002532,74.125.68.0-255,766,270236,34,368472
28851,0.002534,172.31.33.0-255,66,270302,34,368472
28852,0.002556,74.125.68.0-255,1484,271786,34,368472
28853,0.00258,74.125.68.0-255,2902,274688,34,368472
28854,0.002583,172.31.33.0-255,66,274754,34,368472
28855,0.002613,74.125.68.0-255,5738,280492,34,368472
28856,0.002616,172.31.33.0-255,66,280558,34,368472
28857,0.002619,74.125.68.0-255,1484,282042,34,368472
28858,0.00265,74.125.68.0-255,2902,284944,34,368472
28859,0.002652,172.31.33.0-255,66,285010,34,368472
28860,0.002685,74.125.68.0-255,4320,289330,34,368472
28861,0.002688,172.31.33.0-255,66,289396,34,368472
28862,0.002692,74.125.68.0-255,2902,292298,34,368472
28863,0.002694,172.31.33.0-255,66,292364,34,368472
28864,0.002697,74.125.68.0-255,1484,293848,34,368472
28865,0.002704,74.125.68.0-255,1484,295332,34,368472
28866,0.002706,172.31.33.0-255,66,295398,34,368472
28867,0.00271,74.125.68.0-255,1484,296882,34,368472
28868,0.002746,74.125.68.0-255,5738,302620,34,368472
28869,0.002749,172.31.33.0-255,66,302686,34,368472
28870,0.002753,74.125.68.0-255,2184,304870,34,368472
28871,0.002757,172.31.33.0-255,66,304936,34,368472
28872,0.002778,74.125.68.0-255,1484,306420,34,368472
28873,0.002797,74.125.68.0-255,2902,309322,34,368472
28874,0.002799,172.31.33.0-255,66,309388,34,368472
28875,0.002823,74.125.68.0-255,2902,312290,34,368472
28876,0.002825,172.31.33.0-255,66,312356,34,368472
28877,0.002855,74.125.68.0-255,4320,316676,34,368472
28878,0.002858,172.31.33.0-255,66,316742,34,368472
28879,0.002893,74.125.68.0-255,7156,323898,34,368472
28880,0.002896,172.31.33.0-255,66,323964,34,368472
28881,0.002899,74.125.68.0-255,1484,325448,34,368472
28882,0.002935,74.125.68.0-255,7156,332604,34,368472
28883,0.002938,172.31.33.0-255,66,332670,34,368472
28884,0.002943,74.125.68.0-255,2902,335572,34,368472
28885,0.002945,172.31.33.0-255,66,335638,34,368472
28886,0.00295,74.125.68.0-255,3602,339240,34,368472
28887,0.002953,172.31.33.0-255,66,339306,34,368472
28888,0.002976,74.125.68.0-255,1484,340790,34,368472
28889,0.002994,74.125.68.0-255,2902,343692,34,368472
28890,0.002997,172.31.33.0-255,66,343758,34,368472
28891,0.003023,74.125.68.0-255,5738,349496,34,368472
28892,0.003026,172.31.33.0-255,66,349562,34,368472
28893,0.003029,74.125.68.0-255,1484,351046,34,368472
28894,0.003064,74.125.68.0-255,4320,355366,34,368472
28895,0.003067,172.31.33.0-255,66,355432,34,368472
28896,0.003093,74.125.68.0-255,2902,358334,34,368472
28897,0.003096,172.31.33.0-255,66,358400,34,368472
28898,0.003099,74.125.68.0-255,1484,359884,34,368472
28899,0.003105,74.125.68.0-255,3887,363771,34,368472
28900,0.003107,172.31.33.0-255,66,363837,34,368472
28901,0.003169,74.125.68.0-255,105,363942,34,368472
28902,0.010818,172.31.33.0-255,66,364008,34,368472
28903,0.010868,172.31.33.0-255,105,364113,34,368472
28904,0.012919,74.125.68.0-255,66,364179,34,368472
28905,0.035694,172.31.33.0-255,172,364351,34,368472
28906,0.035728,172.31.33.0-255,1112,365463,34,368472
28907,0.035795,172.31.33.0-255,1514,366977,34,368472
28908,0.035797,172.31.33.0-255,1297,368274,34,368472
28909,0.037212,104.244.42.0-255,66,368340,34,368472
28910,0.037264,104.244.42.0-255,66,368406,34,368472
28911,0.037322,104.244.42.0-255,66,368472,34,368472
28912,0.0,74.125.24.0-255,153,153,34,151757
28913,1.9e-05,172.31.33.0-255,66,219,34,151757
28914,2.6e-05,74.125.24.0-255,1484,1703,34,151757
28915,3e-05,172.31.33.0-255,66,1769,34,151757
28916,4.5e-05,74.125.24.0-255,2902,4671,34,151757
28917,5e-05,172.31.33.0-255,66,4737,34,151757
28918,5.7e-05,74.125.24.0-255,7156,11893,34,151757
28919,6.1e-05,172.31.33.0-255,66,11959,34,151757
28920,6.5e-05,74.125.24.0-255,2146,14105,34,151757
28921,6.8e-05,172.31.33.0-255,66,14171,34,151757
28922,0.00012,172.31.33.0-255,66,14237,34,151757
28923,0.000147,172.31.33.0-255,66,14303,34,151757
28924,0.000165,74.125.24.0-255,2902,17205,34,151757
28925,0.000168,172.31.33.0-255,66,17271,34,151757
28926,0.000173,74.125.24.0-255,2902,20173,34,151757
28927,0.000175,172.31.33.0-255,66,20239,34,151757
28928,0.0002,74.125.24.0-255,6438,26677,34,151757
28929,0.000204,172.31.33.0-255,66,26743,34,151757
28930,0.000948,74.125.24.0-255,1484,28227,34,151757
28931,0.000954,172.31.33.0-255,66,28293,34,151757
28932,0.000962,74.125.24.0-255,2902,31195,34,151757
28933,0.000964,172.31.33.0-255,66,31261,34,151757
28934,0.000967,74.125.24.0-255,1484,32745,34,151757
28935,0.000969,172.31.33.0-255,66,32811,34,151757
28936,0.000986,74.125.24.0-255,4320,37131,34,151757
28937,0.000988,172.31.33.0-255,66,37197,34,151757
28938,0.000997,74.125.24.0-255,4320,41517,34,151757
28939,0.000999,172.31.33.0-255,66,41583,34,151757
28940,0.001048,74.125.24.0-255,2882,44465,34,151757
28941,0.00105,172.31.33.0-255,66,44531,34,151757
28942,0.002356,74.125.24.0-255,1484,46015,34,151757
28943,0.002365,74.125.24.0-255,2902,48917,34,151757
28944,0.002369,172.31.33.0-255,66,48983,34,151757
28945,0.002377,74.125.24.0-255,5738,54721,34,151757
28946,0.002379,172.31.33.0-255,66,54787,34,151757
28947,0.00239,74.125.24.0-255,4320,59107,34,151757
28948,0.002392,172.31.33.0-255,66,59173,34,151757
28949,0.002403,172.31.33.0-255,66,59239,34,151757
28950,0.002435,74.125.24.0-255,2902,62141,34,151757
28951,0.002437,172.31.33.0-255,66,62207,34,151757
28952,0.002448,172.31.33.0-255,66,62273,34,151757
28953,0.003178,74.125.24.0-255,1484,63757,34,151757
28954,0.003193,74.125.24.0-255,2902,66659,34,151757
28955,0.003196,172.31.33.0-255,66,66725,34,151757
28956,0.003201,74.125.24.0-255,2902,69627,34,151757
28957,0.003204,172.31.33.0-255,66,69693,34,151757
28958,0.003234,74.125.24.0-255,2902,72595,34,151757
28959,0.003236,172.31.33.0-255,66,72661,34,151757
28960,0.003247,172.31.33.0-255,66,72727,34,151757
28961,0.003281,74.125.24.0-255,4320,77047,34,151757
28962,0.003284,172.31.33.0-255,66,77113,34,151757
28963,0.003295,172.31.33.0-255,66,77179,34,151757
28964,0.003301,74.125.24.0-255,4320,81499,34,151757
28965,0.003304,172.31.33.0-255,66,81565,34,151757
28966,0.003353,172.31.33.0-255,66,81631,34,151757
28967,0.003367,172.31.33.0-255,66,81697,34,151757
28968,0.003391,74.125.24.0-255,3602,85299,34,151757
28969,0.003393,172.31.33.0-255,66,85365,34,151757
28970,0.003411,172.31.33.0-255,66,85431,34,151757
28971,0.003418,74.125.24.0-255,7156,92587,34,151757
28972,0.00342,172.31.33.0-255,66,92653,34,151757
28973,0.003444,74.125.24.0-255,2184,94837,34,151757
28974,0.003446,172.31.33.0-255,66,94903,34,151757
28975,0.003451,74.125.24.0-255,4320,99223,34,151757
28976,0.003458,172.31.33.0-255,66,99289,34,151757
28977,0.003512,172.31.33.0-255,66,99355,34,151757
28978,0.003568,172.31.33.0-255,66,99421,34,151757
28979,0.003607,172.31.33.0-255,66,99487,34,151757
28980,0.003612,74.125.24.0-255,4320,103807,34,151757
28981,0.003615,172.31.33.0-255,66,103873,34,151757
28982,0.003618,74.125.24.0-255,1484,105357,34,151757
28983,0.003623,74.125.24.0-255,3602,108959,34,151757
28984,0.003625,172.31.33.0-255,66,109025,34,151757
28985,0.003628,74.125.24.0-255,1484,110509,34,151757
28986,0.003636,74.125.24.0-255,7156,117665,34,151757
28987,0.003638,172.31.33.0-255,66,117731,34,151757
28988,0.003649,172.31.33.0-255,66,117797,34,151757
28989,0.003692,74.125.24.0-255,5738,123535,34,151757
28990,0.003696,172.31.33.0-255,66,123601,34,151757
28991,0.003731,172.31.33.0-255,66,123667,34,151757
28992,0.003745,172.31.33.0-255,66,123733,34,151757
28993,0.003778,74.125.24.0-255,2902,126635,34,151757
28994,0.003781,172.31.33.0-255,66,126701,34,151757
28995,0.003794,172.31.33.0-255,66,126767,34,151757
28996,0.003813,172.31.33.0-255,66,126833,34,151757
28997,0.003863,172.31.33.0-255,66,126899,34,151757
28998,0.003874,172.31.33.0-255,66,126965,34,151757
28999,0.003876,74.125.24.0-255,1484,128449,34,151757
29000,0.003918,74.125.24.0-255,7156,135605,34,151757
29001,0.003923,172.31.33.0-255,66,135671,34,151757
29002,0.00393,74.125.24.0-255,7156,142827,34,151757
29003,0.003933,172.31.33.0-255,66,142893,34,151757
29004,0.00399,74.125.24.0-255,2902,145795,34,151757
29005,0.003994,172.31.33.0-255,66,145861,34,151757
29006,0.004016,74.125.24.0-255,5488,151349,34,151757
29007,0.004019,172.31.33.0-255,66,151415,34,151757
29008,0.004022,74.125.24.0-255,105,151520,34,151757
29009,0.006706,172.31.33.0-255,66,151586,34,151757
29010,0.006739,172.31.33.0-255,105,151691,34,151757
29011,0.00932,74.125.24.0-255,66,151757,34,151757
29012,0.0,172.217.194.0-255,153,153,34,199470
29013,3.1e-05,172.31.33.0-255,66,219,34,199470
29014,3.8e-05,172.217.194.0-255,1484,1703,34,199470
29015,4.1e-05,172.31.33.0-255,66,1769,34,199470
29016,4.6e-05,172.217.194.0-255,2902,4671,34,199470
29017,4.9e-05,172.31.33.0-255,66,4737,34,199470
29018,5.6e-05,172.217.194.0-255,7156,11893,34,199470
29019,5.8e-05,172.31.33.0-255,66,11959,34,199470
29020,7.2e-05,172.217.194.0-255,2048,14007,34,199470
29021,7.4e-05,172.31.33.0-255,66,14073,34,199470
29022,0.000584,172.217.194.0-255,1484,15557,34,199470
29023,0.000589,172.31.33.0-255,66,15623,34,199470
29024,0.000598,172.217.194.0-255,2902,18525,34,199470
29025,0.0006,172.31.33.0-255,66,18591,34,199470
29026,0.000608,172.217.194.0-255,5738,24329,34,199470
29027,0.00061,172.31.33.0-255,66,24395,34,199470
29028,0.000667,172.31.33.0-255,66,24461,34,199470
29029,0.000679,172.31.33.0-255,66,24527,34,199470
29030,0.000681,172.217.194.0-255,1125,25652,34,199470
29031,0.000683,172.31.33.0-255,66,25718,34,199470
29032,0.00073,172.217.194.0-255,1484,27202,34,199470
29033,0.000733,172.31.33.0-255,66,27268,34,199470
29034,0.000737,172.217.194.0-255,1484,28752,34,199470
29035,0.000738,172.31.33.0-255,66,28818,34,199470
29036,0.00075,172.217.194.0-255,1484,30302,34,199470
29037,0.000752,172.31.33.0-255,66,30368,34,199470
29038,0.000757,172.217.194.0-255,4320,34688,34,199470
29039,0.00076,172.31.33.0-255,66,34754,34,199470
29040,0.00078,172.217.194.0-255,1484,36238,34,199470
29041,0.000782,172.31.33.0-255,66,36304,34,199470
29042,0.000808,172.217.194.0-255,7102,43406,34,199470
29043,0.000811,172.31.33.0-255,66,43472,34,199470
29044,0.000841,172.217.194.0-255,2902,46374,34,199470
29045,0.000843,172.31.33.0-255,66,46440,34,199470
29046,0.000848,172.217.194.0-255,4320,50760,34,199470
29047,0.000851,172.31.33.0-255,66,50826,34,199470
29048,0.000865,172.217.194.0-255,4320,55146,34,199470
29049,0.000868,172.31.33.0-255,66,55212,34,199470
29050,0.000888,172.217.194.0-255,4320,59532,34,199470
29051,0.00089,172.31.33.0-255,66,59598,34,199470
29052,0.000903,172.217.194.0-255,1125,60723,34,199470
29053,0.000976,172.217.194.0-255,1484,62207,34,199470
29054,0.000979,172.31.33.0-255,66,62273,34,199470
29055,0.000984,172.217.194.0-255,2902,65175,34,199470
29056,0.000986,172.31.33.0-255,66,65241,34,199470
29057,0.000989,172.217.194.0-255,1484,66725,34,199470
29058,0.001003,172.217.194.0-255,4320,71045,34,199470
29059,0.001005,172.31.33.0-255,66,71111,34,199470
29060,0.001042,172.217.194.0-255,2902,74013,34,199470
29061,0.001044,172.31.33.0-255,66,74079,34,199470
29062,0.001063,172.217.194.0-255,4275,78354,34,199470
29063,0.001065,172.31.33.0-255,66,78420,34,199470
29064,0.00109,172.217.194.0-255,2902,81322,34,199470
29065,0.001092,172.31.33.0-255,66,81388,34,199470
29066,0.001106,172.217.194.0-255,4320,85708,34,199470
29067,0.001108,172.31.33.0-255,66,85774,34,199470
29068,0.00111,172.217.194.0-255,1484,87258,34,199470
29069,0.001142,172.31.33.0-255,66,87324,34,199470
29070,0.001171,172.31.33.0-255,66,87390,34,199470
29071,0.001185,172.217.194.0-255,5020,92410,34,199470
29072,0.001187,172.31.33.0-255,66,92476,34,199470
29073,0.001211,172.217.194.0-255,1484,93960,34,199470
29074,0.001222,172.217.194.0-255,2902,96862,34,199470
29075,0.001224,172.31.33.0-255,66,96928,34,199470
29076,0.001243,172.217.194.0-255,5738,102666,34,199470
29077,0.001244,172.31.33.0-255,66,102732,34,199470
29078,0.00125,172.217.194.0-255,5738,108470,34,199470
29079,0.001251,172.31.33.0-255,66,108536,34,199470
29080,0.001261,172.217.194.0-255,1484,110020,34,199470
29081,0.00129,172.31.33.0-255,66,110086,34,199470
29082,0.001293,172.217.194.0-255,1484,111570,34,199470
29083,0.001304,172.217.194.0-255,3602,115172,34,199470
29084,0.001306,172.31.33.0-255,66,115238,34,199470
29085,0.001469,172.217.194.0-255,1484,116722,34,199470
29086,0.001487,172.217.194.0-255,2902,119624,34,199470
29087,0.001489,172.31.33.0-255,66,119690,34,199470
29088,0.001493,172.217.194.0-255,2902,122592,34,199470
29089,0.001495,172.31.33.0-255,66,122658,34,199470
29090,0.001508,172.217.194.0-255,2902,125560,34,199470
29091,0.001511,172.31.33.0-255,66,125626,34,199470
29092,0.001517,172.217.194.0-255,5738,131364,34,199470
29093,0.001519,172.31.33.0-255,66,131430,34,199470
29094,0.001539,172.217.194.0-255,7156,138586,34,199470
29095,0.001541,172.31.33.0-255,66,138652,34,199470
29096,0.001577,172.31.33.0-255,66,138718,34,199470
29097,0.00159,172.217.194.0-255,1484,140202,34,199470
29098,0.001615,172.31.33.0-255,66,140268,34,199470
29099,0.001626,172.31.33.0-255,66,140334,34,199470
29100,0.001694,172.31.33.0-255,66,140400,34,199470
29101,0.001707,172.31.33.0-255,66,140466,34,199470
29102,0.001709,172.217.194.0-255,1484,141950,34,199470
29103,0.001757,172.31.33.0-255,66,142016,34,199470
29104,0.001762,172.217.194.0-255,4320,146336,34,199470
29105,0.001764,172.31.33.0-255,66,146402,34,199470
29106,0.001778,172.217.194.0-255,2184,148586,34,199470
29107,0.00178,172.31.33.0-255,66,148652,34,199470
29108,0.001794,172.217.194.0-255,5738,154390,34,199470
29109,0.001796,172.31.33.0-255,66,154456,34,199470
29110,0.001807,172.217.194.0-255,1484,155940,34,199470
29111,0.001818,172.217.194.0-255,2902,158842,34,199470
29112,0.00182,172.31.33.0-255,66,158908,34,199470
29113,0.001838,172.31.33.0-255,66,158974,34,199470
29114,0.001852,172.217.194.0-255,4320,163294,34,199470
29115,0.001854,172.31.33.0-255,66,163360,34,199470
29116,0.001882,172.31.33.0-255,66,163426,34,199470
29117,0.001897,172.217.194.0-255,2184,165610,34,199470
29118,0.0019,172.31.33.0-255,66,165676,34,199470
29119,0.002032,172.217.194.0-255,1484,167160,34,199470
29120,0.002044,172.217.194.0-255,2902,170062,34,199470
29121,0.002046,172.31.33.0-255,66,170128,34,199470
29122,0.002063,172.217.194.0-255,4320,174448,34,199470
29123,0.002066,172.31.33.0-255,66,174514,34,199470
29124,0.002068,172.217.194.0-255,1484,175998,34,199470
29125,0.002086,172.217.194.0-255,2902,178900,34,199470
29126,0.002088,172.31.33.0-255,66,178966,34,199470
29127,0.002141,172.217.194.0-255,4320,183286,34,199470
29128,0.002143,172.31.33.0-255,66,183352,34,199470
29129,0.002156,172.31.33.0-255,66,183418,34,199470
29130,0.002159,172.217.194.0-255,766,184184,34,199470
29131,0.002174,172.217.194.0-255,1484,185668,34,199470
29132,0.002176,172.31.33.0-255,66,185734,34,199470
29133,0.002195,172.31.33.0-255,66,185800,34,199470
29134,0.002217,172.31.33.0-255,66,185866,34,199470
29135,0.00222,172.217.194.0-255,2902,188768,34,199470
29136,0.002222,172.31.33.0-255,66,188834,34,199470
29137,0.00225,172.31.33.0-255,66,188900,34,199470
29138,0.002279,172.31.33.0-255,66,188966,34,199470
29139,0.002284,172.217.194.0-255,5738,194704,34,199470
29140,0.002287,172.31.33.0-255,66,194770,34,199470
29141,0.002305,172.31.33.0-255,66,194836,34,199470
29142,0.002308,172.217.194.0-255,105,194941,34,199470
29143,0.005938,172.31.33.0-255,66,195007,34,199470
29144,0.005962,172.31.33.0-255,105,195112,34,199470
29145,0.007936,172.217.194.0-255,66,195178,34,199470
29146,0.024777,172.31.33.0-255,172,195350,34,199470
29147,0.0248,172.31.33.0-255,1113,196463,34,199470
29148,0.024843,172.31.33.0-255,1514,197977,34,199470
29149,0.024844,172.31.33.0-255,1295,199272,34,199470
29150,0.026336,104.244.42.0-255,66,199338,34,199470
29151,0.026372,104.244.42.0-255,66,199404,34,199470
29152,0.026427,104.244.42.0-255,66,199470,34,199470
29153,0.0,74.125.200.0-255,153,153,34,312955
29154,3.2e-05,172.31.33.0-255,66,219,34,312955
29155,5.1e-05,74.125.200.0-255,1484,1703,34,312955
29156,5.5e-05,172.31.33.0-255,66,1769,34,312955
29157,6.6e-05,74.125.200.0-255,2902,4671,34,312955
29158,7e-05,172.31.33.0-255,66,4737,34,312955
29159,7.5e-05,74.125.200.0-255,4320,9057,34,312955
29160,7.7e-05,172.31.33.0-255,66,9123,34,312955
29161,8.4e-05,74.125.200.0-255,5001,14124,34,312955
29162,8.9e-05,172.31.33.0-255,66,14190,34,312955
29163,0.000158,74.125.200.0-255,1484,15674,34,312955
29164,0.000162,172.31.33.0-255,66,15740,34,312955
29165,0.000167,74.125.200.0-255,2902,18642,34,312955
29166,0.000169,172.31.33.0-255,66,18708,34,312955
29167,0.000175,74.125.200.0-255,5738,24446,34,312955
29168,0.000183,172.31.33.0-255,66,24512,34,312955
29169,0.000213,74.125.200.0-255,6797,31309,34,312955
29170,0.000216,172.31.33.0-255,66,31375,34,312955
29171,0.000261,74.125.200.0-255,2902,34277,34,312955
29172,0.000264,172.31.33.0-255,66,34343,34,312955
29173,0.00029,74.125.200.0-255,1484,35827,34,312955
29174,0.000295,172.31.33.0-255,66,35893,34,312955
29175,0.000296,74.125.200.0-255,5738,41631,34,312955
29176,0.0003,172.31.33.0-255,66,41697,34,312955
29177,0.000328,74.125.200.0-255,1484,43181,34,312955
29178,0.000332,172.31.33.0-255,66,43247,34,312955
29179,0.000365,74.125.200.0-255,5379,48626,34,312955
29180,0.000369,172.31.33.0-255,66,48692,34,312955
29181,0.00166,74.125.200.0-255,1484,50176,34,312955
29182,0.001665,172.31.33.0-255,66,50242,34,312955
29183,0.001672,74.125.200.0-255,1484,51726,34,312955
29184,0.001673,172.31.33.0-255,66,51792,34,312955
29185,0.001697,74.125.200.0-255,2902,54694,34,312955
29186,0.001699,172.31.33.0-255,66,54760,34,312955
29187,0.001738,74.125.200.0-255,5738,60498,34,312955
29188,0.001739,172.31.33.0-255,66,60564,34,312955
29189,0.001745,74.125.200.0-255,5379,65943,34,312955
29190,0.001746,172.31.33.0-255,66,66009,34,312955
29191,0.00175,74.125.200.0-255,2902,68911,34,312955
29192,0.001751,172.31.33.0-255,66,68977,34,312955
29193,0.001774,74.125.200.0-255,2902,71879,34,312955
29194,0.001776,172.31.33.0-255,66,71945,34,312955
29195,0.001779,74.125.200.0-255,2902,74847,34,312955
29196,0.001781,172.31.33.0-255,66,74913,34,312955
29197,0.001803,74.125.200.0-255,5738,80651,34,312955
29198,0.001805,172.31.33.0-255,66,80717,34,312955
29199,0.001833,74.125.200.0-255,3961,84678,34,312955
29200,0.001834,172.31.33.0-255,66,84744,34,312955
29201,0.001859,74.125.200.0-255,4320,89064,34,312955
29202,0.00186,172.31.33.0-255,66,89130,34,312955
29203,0.001896,74.125.200.0-255,4320,93450,34,312955
29204,0.001898,172.31.33.0-255,66,93516,34,312955
29205,0.001903,74.125.200.0-255,5738,99254,34,312955
29206,0.001904,172.31.33.0-255,66,99320,34,312955
29207,0.001924,74.125.200.0-255,1705,101025,34,312955
29208,0.001926,172.31.33.0-255,66,101091,34,312955
29209,0.002181,74.125.200.0-255,1484,102575,34,312955
29210,0.0022,74.125.200.0-255,2902,105477,34,312955
29211,0.002202,172.31.33.0-255,66,105543,34,312955
29212,0.002225,74.125.200.0-255,5738,111281,34,312955
29213,0.002227,172.31.33.0-255,66,111347,34,312955
29214,0.002238,172.31.33.0-255,66,111413,34,312955
29215,0.002243,74.125.200.0-255,5738,117151,34,312955
29216,0.002245,172.31.33.0-255,66,117217,34,312955
29217,0.002285,74.125.200.0-255,5020,122237,34,312955
29218,0.002287,172.31.33.0-255,66,122303,34,312955
29219,0.002655,74.125.200.0-255,1484,123787,34,312955
29220,0.002672,74.125.200.0-255,2902,126689,34,312955
29221,0.002674,172.31.33.0-255,66,126755,34,312955
29222,0.002677,74.125.200.0-255,1484,128239,34,312955
29223,0.002696,74.125.200.0-255,2902,131141,34,312955
29224,0.002698,172.31.33.0-255,66,131207,34,312955
29225,0.002701,74.125.200.0-255,1484,132691,34,312955
29226,0.002723,74.125.200.0-255,4320,137011,34,312955
29227,0.002725,172.31.33.0-255,66,137077,34,312955
29228,0.002727,74.125.200.0-255,1484,138561,34,312955
29229,0.002729,74.125.200.0-255,1484,140045,34,312955
29230,0.002731,172.31.33.0-255,66,140111,34,312955
29231,0.002751,74.125.200.0-255,1484,141595,34,312955
29232,0.002774,74.125.200.0-255,2902,144497,34,312955
29233,0.002776,172.31.33.0-255,66,144563,34,312955
29234,0.002778,74.125.200.0-255,1484,146047,34,312955
29235,0.0028,74.125.200.0-255,4320,150367,34,312955
29236,0.002802,172.31.33.0-255,66,150433,34,312955
29237,0.002833,74.125.200.0-255,4320,154753,34,312955
29238,0.002835,172.31.33.0-255,66,154819,34,312955
29239,0.002837,74.125.200.0-255,1484,156303,34,312955
29240,0.002839,74.125.200.0-255,766,157069,34,312955
29241,0.002841,172.31.33.0-255,66,157135,34,312955
29242,0.002882,74.125.200.0-255,1484,158619,34,312955
29243,0.002892,74.125.200.0-255,1484,160103,34,312955
29244,0.002893,172.31.33.0-255,66,160169,34,312955
29245,0.002902,74.125.200.0-255,1484,161653,34,312955
29246,0.002923,74.125.200.0-255,2902,164555,34,312955
29247,0.002925,172.31.33.0-255,66,164621,34,312955
29248,0.002944,74.125.200.0-255,1484,166105,34,312955
29249,0.002969,74.125.200.0-255,4320,170425,34,312955
29250,0.002971,172.31.33.0-255,66,170491,34,312955
29251,0.002994,74.125.200.0-255,1484,171975,34,312955
29252,0.003,74.125.200.0-255,7156,179131,34,312955
29253,0.003002,172.31.33.0-255,66,179197,34,312955
29254,0.003022,74.125.200.0-255,1484,180681,34,312955
29255,0.003052,172.31.33.0-255,66,180747,34,312955
29256,0.003106,74.125.200.0-255,1484,182231,34,312955
29257,0.003122,74.125.200.0-255,1484,183715,34,312955
29258,0.003123,172.31.33.0-255,66,183781,34,312955
29259,0.003145,74.125.200.0-255,2902,186683,34,312955
29260,0.003147,172.31.33.0-255,66,186749,34,312955
29261,0.003153,74.125.200.0-255,5738,192487,34,312955
29262,0.003155,172.31.33.0-255,66,192553,34,312955
29263,0.003176,74.125.200.0-255,1484,194037,34,312955
29264,0.003188,74.125.200.0-255,1484,195521,34,312955
29265,0.00319,172.31.33.0-255,66,195587,34,312955
29266,0.003222,74.125.200.0-255,1484,197071,34,312955
29267,0.003272,74.125.200.0-255,2902,199973,34,312955
29268,0.003274,172.31.33.0-255,66,200039,34,312955
29269,0.003298,74.125.200.0-255,4320,204359,34,312955
29270,0.0033,172.31.33.0-255,66,204425,34,312955
29271,0.003349,74.125.200.0-255,7156,211581,34,312955
29272,0.003351,172.31.33.0-255,66,211647,34,312955
29273,0.00337,74.125.200.0-255,1484,213131,34,312955
29274,0.003387,74.125.200.0-255,2184,215315,34,312955
29275,0.003389,172.31.33.0-255,66,215381,34,312955
29276,0.003443,74.125.200.0-255,1484,216865,34,312955
29277,0.003454,74.125.200.0-255,1484,218349,34,312955
29278,0.003455,172.31.33.0-255,66,218415,34,312955
29279,0.003466,74.125.200.0-255,1484,219899,34,312955
29280,0.003474,74.125.200.0-255,2902,222801,34,312955
29281,0.003476,172.31.33.0-255,66,222867,34,312955
29282,0.003501,74.125.200.0-255,2902,225769,34,312955
29283,0.003503,172.31.33.0-255,66,225835,34,312955
29284,0.003521,74.125.200.0-255,2902,228737,34,312955
29285,0.003525,172.31.33.0-255,66,228803,34,312955
29286,0.003536,172.31.33.0-255,66,228869,34,312955
29287,0.003542,74.125.200.0-255,5738,234607,34,312955
29288,0.003545,172.31.33.0-255,66,234673,34,312955
29289,0.003574,74.125.200.0-255,5020,239693,34,312955
29290,0.003577,172.31.33.0-255,66,239759,34,312955
29291,0.003674,74.125.200.0-255,1484,241243,34,312955
29292,0.003688,74.125.200.0-255,1484,242727,34,312955
29293,0.003693,74.125.200.0-255,2902,245629,34,312955
29294,0.00371,74.125.200.0-255,5738,251367,34,312955
29295,0.00374,74.125.200.0-255,7156,258523,34,312955
29296,0.003759,74.125.200.0-255,5738,264261,34,312955
29297,0.003786,74.125.200.0-255,1484,265745,34,312955
29298,0.003815,74.125.200.0-255,1484,267229,34,312955
29299,0.00384,74.125.200.0-255,5738,272967,34,312955
29300,0.003856,74.125.200.0-255,5738,278705,34,312955
29301,0.003871,74.125.200.0-255,1484,280189,34,312955
29302,0.00389,74.125.200.0-255,4320,284509,34,312955
29303,0.003904,74.125.200.0-255,6438,290947,34,312955
29304,0.003934,74.125.200.0-255,1484,292431,34,312955
29305,0.003949,74.125.200.0-255,5738,298169,34,312955
29306,0.003984,74.125.200.0-255,4320,302489,34,312955
29307,0.004012,74.125.200.0-255,4320,306809,34,312955
29308,0.004018,74.125.200.0-255,2902,309711,34,312955
29309,0.004094,74.125.200.0-255,2902,312613,34,312955
29310,0.004162,74.125.200.0-255,105,312718,34,312955
29311,0.010186,172.31.33.0-255,66,312784,34,312955
29312,0.015455,172.31.33.0-255,105,312889,34,312955
29313,0.01794,74.125.200.0-255,66,312955,34,312955
29314,0.0,74.125.200.0-255,219,219,34,309854
29315,2.1e-05,172.31.33.0-255,66,285,34,309854
29316,2.6e-05,74.125.200.0-255,1484,1769,34,309854
29317,3e-05,172.31.33.0-255,66,1835,34,309854
29318,4e-05,74.125.200.0-255,1484,3319,34,309854
29319,4.3e-05,172.31.33.0-255,66,3385,34,309854
29320,5.7e-05,74.125.200.0-255,1484,4869,34,309854
29321,5.9e-05,172.31.33.0-255,66,4935,34,309854
29322,6.4e-05,74.125.200.0-255,2902,7837,34,309854
29323,6.6e-05,172.31.33.0-255,66,7903,34,309854
29324,8.4e-05,74.125.200.0-255,1484,9387,34,309854
29325,8.6e-05,172.31.33.0-255,66,9453,34,309854
29326,0.0001,74.125.200.0-255,1484,10937,34,309854
29327,0.000102,172.31.33.0-255,66,11003,34,309854
29328,0.000114,74.125.200.0-255,1484,12487,34,309854
29329,0.000117,172.31.33.0-255,66,12553,34,309854
29330,0.000129,74.125.200.0-255,1484,14037,34,309854
29331,0.000131,172.31.33.0-255,66,14103,34,309854
29332,0.000133,74.125.200.0-255,404,14507,34,309854
29333,0.000135,172.31.33.0-255,66,14573,34,309854
29334,0.000282,74.125.200.0-255,1484,16057,34,309854
29335,0.000286,172.31.33.0-255,66,16123,34,309854
29336,0.000299,74.125.200.0-255,1484,17607,34,309854
29337,0.000302,172.31.33.0-255,66,17673,34,309854
29338,0.000312,74.125.200.0-255,1484,19157,34,309854
29339,0.000316,172.31.33.0-255,66,19223,34,309854
29340,0.000323,74.125.200.0-255,1484,20707,34,309854
29341,0.000326,172.31.33.0-255,66,20773,34,309854
29342,0.000332,74.125.200.0-255,5738,26511,34,309854
29343,0.000335,172.31.33.0-255,66,26577,34,309854
29344,0.000337,74.125.200.0-255,1484,28061,34,309854
29345,0.000339,172.31.33.0-255,66,28127,34,309854
29346,0.000362,74.125.200.0-255,2902,31029,34,309854
29347,0.000366,172.31.33.0-255,66,31095,34,309854
29348,0.000379,74.125.200.0-255,2902,33997,34,309854
29349,0.000381,172.31.33.0-255,66,34063,34,309854
29350,0.000393,74.125.200.0-255,2543,36606,34,309854
29351,0.000395,172.31.33.0-255,66,36672,34,309854
29352,0.000401,74.125.200.0-255,5738,42410,34,309854
29353,0.000402,172.31.33.0-255,66,42476,34,309854
29354,0.000432,74.125.200.0-255,6797,49273,34,309854
29355,0.000434,172.31.33.0-255,66,49339,34,309854
29356,0.00047,74.125.200.0-255,1484,50823,34,309854
29357,0.000483,74.125.200.0-255,2902,53725,34,309854
29358,0.000486,172.31.33.0-255,66,53791,34,309854
29359,0.000505,74.125.200.0-255,2902,56693,34,309854
29360,0.000508,172.31.33.0-255,66,56759,34,309854
29361,0.000514,74.125.200.0-255,4320,61079,34,309854
29362,0.000516,172.31.33.0-255,66,61145,34,309854
29363,0.000548,74.125.200.0-255,2902,64047,34,309854
29364,0.000551,172.31.33.0-255,66,64113,34,309854
29365,0.000561,74.125.200.0-255,2543,66656,34,309854
29366,0.000563,172.31.33.0-255,66,66722,34,309854
29367,0.000592,74.125.200.0-255,363,67085,34,309854
29368,0.000682,172.31.33.0-255,66,67151,34,309854
29369,0.000732,74.125.200.0-255,131,67282,34,309854
29370,0.00075,172.31.33.0-255,66,67348,34,309854
29371,0.000884,74.125.200.0-255,1484,68832,34,309854
29372,0.000899,74.125.200.0-255,1484,70316,34,309854
29373,0.000903,172.31.33.0-255,66,70382,34,309854
29374,0.000921,74.125.200.0-255,1484,71866,34,309854
29375,0.000926,74.125.200.0-255,4320,76186,34,309854
29376,0.000928,172.31.33.0-255,66,76252,34,309854
29377,0.000945,74.125.200.0-255,5738,81990,34,309854
29378,0.000948,172.31.33.0-255,66,82056,34,309854
29379,0.000962,74.125.200.0-255,3961,86017,34,309854
29380,0.000965,172.31.33.0-255,66,86083,34,309854
29381,0.000969,74.125.200.0-255,2902,88985,34,309854
29382,0.00097,172.31.33.0-255,66,89051,34,309854
29383,0.00101,74.125.200.0-255,2902,91953,34,309854
29384,0.001013,172.31.33.0-255,66,92019,34,309854
29385,0.001038,172.31.33.0-255,66,92085,34,309854
29386,0.002156,74.125.200.0-255,1484,93569,34,309854
29387,0.002163,74.125.200.0-255,1484,95053,34,309854
29388,0.002167,172.31.33.0-255,66,95119,34,309854
29389,0.002179,74.125.200.0-255,1484,96603,34,309854
29390,0.002182,74.125.200.0-255,1484,98087,34,309854
29391,0.002184,172.31.33.0-255,66,98153,34,309854
29392,0.002208,74.125.200.0-255,4320,102473,34,309854
29393,0.002211,172.31.33.0-255,66,102539,34,309854
29394,0.002213,74.125.200.0-255,1484,104023,34,309854
29395,0.002217,74.125.200.0-255,2902,106925,34,309854
29396,0.002219,172.31.33.0-255,66,106991,34,309854
29397,0.002247,74.125.200.0-255,5738,112729,34,309854
29398,0.002249,172.31.33.0-255,66,112795,34,309854
29399,0.002252,74.125.200.0-255,1484,114279,34,309854
29400,0.002255,74.125.200.0-255,1484,115763,34,309854
29401,0.002257,172.31.33.0-255,66,115829,34,309854
29402,0.002267,74.125.200.0-255,1484,117313,34,309854
29403,0.002285,74.125.200.0-255,2902,120215,34,309854
29404,0.002287,172.31.33.0-255,66,120281,34,309854
29405,0.002298,74.125.200.0-255,2902,123183,34,309854
29406,0.0023,172.31.33.0-255,66,123249,34,309854
29407,0.002302,74.125.200.0-255,1484,124733,34,309854
29408,0.002324,74.125.200.0-255,2184,126917,34,309854
29409,0.002327,172.31.33.0-255,66,126983,34,309854
29410,0.002488,74.125.200.0-255,1484,128467,34,309854
29411,0.002507,74.125.200.0-255,2902,131369,34,309854
29412,0.00251,172.31.33.0-255,66,131435,34,309854
29413,0.00253,74.125.200.0-255,1484,132919,34,309854
29414,0.002547,74.125.200.0-255,4320,137239,34,309854
29415,0.002549,172.31.33.0-255,66,137305,34,309854
29416,0.002556,74.125.200.0-255,7156,144461,34,309854
29417,0.002559,172.31.33.0-255,66,144527,34,309854
29418,0.002573,74.125.200.0-255,4320,148847,34,309854
29419,0.002575,172.31.33.0-255,66,148913,34,309854
29420,0.002592,74.125.200.0-255,4320,153233,34,309854
29421,0.002593,172.31.33.0-255,66,153299,34,309854
29422,0.002598,74.125.200.0-255,4320,157619,34,309854
29423,0.0026,172.31.33.0-255,66,157685,34,309854
29424,0.002603,74.125.200.0-255,1484,159169,34,309854
29425,0.002605,74.125.200.0-255,1484,160653,34,309854
29426,0.002607,172.31.33.0-255,66,160719,34,309854
29427,0.00261,74.125.200.0-255,766,161485,34,309854
29428,0.002642,74.125.200.0-255,2902,164387,34,309854
29429,0.002645,172.31.33.0-255,66,164453,34,309854
29430,0.002647,74.125.200.0-255,1484,165937,34,309854
29431,0.002651,74.125.200.0-255,2902,168839,34,309854
29432,0.002654,172.31.33.0-255,66,168905,34,309854
29433,0.002657,74.125.200.0-255,2902,171807,34,309854
29434,0.002659,172.31.33.0-255,66,171873,34,309854
29435,0.002676,74.125.200.0-255,1484,173357,34,309854
29436,0.002697,74.125.200.0-255,4320,177677,34,309854
29437,0.002699,172.31.33.0-255,66,177743,34,309854
29438,0.002701,74.125.200.0-255,1484,179227,34,309854
29439,0.002703,74.125.200.0-255,1484,180711,34,309854
29440,0.002704,172.31.33.0-255,66,180777,34,309854
29441,0.002708,74.125.200.0-255,2902,183679,34,309854
29442,0.00271,172.31.33.0-255,66,183745,34,309854
29443,0.002734,74.125.200.0-255,4320,188065,34,309854
29444,0.002736,172.31.33.0-255,66,188131,34,309854
29445,0.002738,74.125.200.0-255,1484,189615,34,309854
29446,0.002751,74.125.200.0-255,1484,191099,34,309854
29447,0.002753,172.31.33.0-255,66,191165,34,309854
29448,0.002768,74.125.200.0-255,5020,196185,34,309854
29449,0.00277,172.31.33.0-255,66,196251,34,309854
29450,0.002775,74.125.200.0-255,4320,200571,34,309854
29451,0.002776,172.31.33.0-255,66,200637,34,309854
29452,0.002806,74.125.200.0-255,2902,203539,34,309854
29453,0.002807,172.31.33.0-255,66,203605,34,309854
29454,0.002813,74.125.200.0-255,7156,210761,34,309854
29455,0.002815,172.31.33.0-255,66,210827,34,309854
29456,0.002817,74.125.200.0-255,1484,212311,34,309854
29457,0.002848,172.31.33.0-255,66,212377,34,309854
29458,0.002854,74.125.200.0-255,7156,219533,34,309854
29459,0.002855,172.31.33.0-255,66,219599,34,309854
29460,0.002857,74.125.200.0-255,766,220365,34,309854
29461,0.002877,74.125.200.0-255,1484,221849,34,309854
29462,0.002878,172.31.33.0-255,66,221915,34,309854
29463,0.002881,74.125.200.0-255,1484,223399,34,309854
29464,0.002896,74.125.200.0-255,2902,226301,34,309854
29465,0.002898,172.31.33.0-255,66,226367,34,309854
29466,0.002948,74.125.200.0-255,4320,230687,34,309854
29467,0.00295,172.31.33.0-255,66,230753,34,309854
29468,0.002974,74.125.200.0-255,2902,233655,34,309854
29469,0.002976,172.31.33.0-255,66,233721,34,309854
29470,0.002984,172.31.33.0-255,66,233787,34,309854
29471,0.002995,172.31.33.0-255,66,233853,34,309854
29472,0.003005,74.125.200.0-255,1484,235337,34,309854
29473,0.003031,172.31.33.0-255,66,235403,34,309854
29474,0.003035,74.125.200.0-255,2902,238305,34,309854
29475,0.003037,172.31.33.0-255,66,238371,34,309854
29476,0.003058,172.31.33.0-255,66,238437,34,309854
29477,0.003079,74.125.200.0-255,1484,239921,34,309854
29478,0.003083,74.125.200.0-255,2902,242823,34,309854
29479,0.003085,172.31.33.0-255,66,242889,34,309854
29480,0.003089,74.125.200.0-255,4320,247209,34,309854
29481,0.003092,172.31.33.0-255,66,247275,34,309854
29482,0.003096,74.125.200.0-255,4320,251595,34,309854
29483,0.003098,172.31.33.0-255,66,251661,34,309854
29484,0.003121,74.125.200.0-255,766,252427,34,309854
29485,0.003127,74.125.200.0-255,5738,258165,34,309854
29486,0.003129,172.31.33.0-255,66,258231,34,309854
29487,0.003136,74.125.200.0-255,7156,265387,34,309854
29488,0.003138,172.31.33.0-255,66,265453,34,309854
29489,0.003172,172.31.33.0-255,66,265519,34,309854
29490,0.003192,74.125.200.0-255,5738,271257,34,309854
29491,0.003194,172.31.33.0-255,66,271323,34,309854
29492,0.003217,74.125.200.0-255,1484,272807,34,309854
29493,0.00322,172.31.33.0-255,78,272885,34,309854
29494,0.003225,74.125.200.0-255,4320,277205,34,309854
29495,0.003228,172.31.33.0-255,78,277283,34,309854
29496,0.003266,172.31.33.0-255,66,277349,34,309854
29497,0.003278,172.31.33.0-255,66,277415,34,309854
29498,0.003282,74.125.200.0-255,2902,280317,34,309854
29499,0.003284,172.31.33.0-255,66,280383,34,309854
29500,0.003286,74.125.200.0-255,1484,281867,34,309854
29501,0.003289,74.125.200.0-255,1484,283351,34,309854
29502,0.00329,172.31.33.0-255,66,283417,34,309854
29503,0.003305,74.125.200.0-255,1484,284901,34,309854
29504,0.003321,74.125.200.0-255,4320,289221,34,309854
29505,0.003323,172.31.33.0-255,66,289287,34,309854
29506,0.003325,74.125.200.0-255,1484,290771,34,309854
29507,0.003327,172.31.33.0-255,78,290849,34,309854
29508,0.00333,74.125.200.0-255,2184,293033,34,309854
29509,0.003332,172.31.33.0-255,66,293099,34,309854
29510,0.003335,74.125.200.0-255,1484,294583,34,309854
29511,0.003369,74.125.200.0-255,5738,300321,34,309854
29512,0.003374,172.31.33.0-255,66,300387,34,309854
29513,0.00338,74.125.200.0-255,5738,306125,34,309854
29514,0.003384,172.31.33.0-255,66,306191,34,309854
29515,0.003414,172.31.33.0-255,66,306257,34,309854
29516,0.003421,74.125.200.0-255,2394,308651,34,309854
29517,0.003424,172.31.33.0-255,66,308717,34,309854
29518,0.003428,74.125.200.0-255,105,308822,34,309854
29519,0.003449,74.125.200.0-255,129,308951,34,309854
29520,0.013103,74.125.200.0-255,129,309080,34,309854
29521,0.01312,172.31.33.0-255,78,309158,34,309854
29522,0.018701,172.31.33.0-255,105,309263,34,309854
29523,0.018728,172.31.33.0-255,105,309368,34,309854
29524,0.018975,172.31.33.0-255,90,309458,34,309854
29525,0.018986,172.31.33.0-255,66,309524,34,309854
29526,0.020979,74.125.200.0-255,66,309590,34,309854
29527,0.020999,74.125.200.0-255,66,309656,34,309854
29528,0.021252,74.125.200.0-255,66,309722,34,309854
29529,0.021281,74.125.200.0-255,66,309788,34,309854
29530,0.021287,172.31.33.0-255,66,309854,34,309854
29531,0.0,74.125.200.0-255,226,226,34,130430
29532,2.5e-05,172.31.33.0-255,66,292,34,130430
29533,3.2e-05,74.125.200.0-255,1484,1776,34,130430
29534,3.6e-05,172.31.33.0-255,66,1842,34,130430
29535,8.1e-05,74.125.200.0-255,4320,6162,34,130430
29536,8.4e-05,172.31.33.0-255,66,6228,34,130430
29537,0.000303,172.31.33.0-255,66,6294,34,130430
29538,0.000672,74.125.200.0-255,5738,12032,34,130430
29539,0.000677,172.31.33.0-255,66,12098,34,130430
29540,0.000697,74.125.200.0-255,2902,15000,34,130430
29541,0.000699,172.31.33.0-255,66,15066,34,130430
29542,0.001097,74.125.200.0-255,7156,22222,34,130430
29543,0.001102,172.31.33.0-255,66,22288,34,130430
29544,0.001118,74.125.200.0-255,1125,23413,34,130430
29545,0.00112,172.31.33.0-255,66,23479,34,130430
29546,0.001499,74.125.200.0-255,4320,27799,34,130430
29547,0.001502,172.31.33.0-255,66,27865,34,130430
29548,0.002337,74.125.200.0-255,2902,30767,34,130430
29549,0.00234,172.31.33.0-255,66,30833,34,130430
29550,0.003805,74.125.200.0-255,2902,33735,34,130430
29551,0.00381,172.31.33.0-255,66,33801,34,130430
29552,0.004652,74.125.200.0-255,2902,36703,34,130430
29553,0.004659,172.31.33.0-255,66,36769,34,130430
29554,0.006119,74.125.200.0-255,2902,39671,34,130430
29555,0.006125,172.31.33.0-255,66,39737,34,130430
29556,0.006971,74.125.200.0-255,2902,42639,34,130430
29557,0.006977,172.31.33.0-255,66,42705,34,130430
29558,0.008447,74.125.200.0-255,2902,45607,34,130430
29559,0.008453,172.31.33.0-255,66,45673,34,130430
29560,0.009314,74.125.200.0-255,2902,48575,34,130430
29561,0.00932,172.31.33.0-255,66,48641,34,130430
29562,0.010783,74.125.200.0-255,2902,51543,34,130430
29563,0.010789,172.31.33.0-255,66,51609,34,130430
29564,0.011627,74.125.200.0-255,2902,54511,34,130430
29565,0.011634,172.31.33.0-255,66,54577,34,130430
29566,0.013094,74.125.200.0-255,2902,57479,34,130430
29567,0.0131,172.31.33.0-255,66,57545,34,130430
29568,0.013938,74.125.200.0-255,2902,60447,34,130430
29569,0.013944,172.31.33.0-255,66,60513,34,130430
29570,0.015416,74.125.200.0-255,2902,63415,34,130430
29571,0.015423,172.31.33.0-255,66,63481,34,130430
29572,0.015772,172.31.33.0-255,172,63653,34,130430
29573,0.015799,172.31.33.0-255,1112,64765,34,130430
29574,0.015847,172.31.33.0-255,1514,66279,34,130430
29575,0.015848,172.31.33.0-255,1295,67574,34,130430
29576,0.016254,74.125.200.0-255,2902,70476,34,130430
29577,0.01626,172.31.33.0-255,66,70542,34,130430
29578,0.017313,104.244.42.0-255,66,70608,34,130430
29579,0.017364,104.244.42.0-255,66,70674,34,130430
29580,0.017415,104.244.42.0-255,66,70740,34,130430
29581,0.017725,74.125.200.0-255,2902,73642,34,130430
29582,0.017731,172.31.33.0-255,66,73708,34,130430
29583,0.018571,74.125.200.0-255,2902,76610,34,130430
29584,0.018577,172.31.33.0-255,66,76676,34,130430
29585,0.020042,74.125.200.0-255,2902,79578,34,130430
29586,0.020047,172.31.33.0-255,66,79644,34,130430
29587,0.020879,74.125.200.0-255,2902,82546,34,130430
29588,0.020883,172.31.33.0-255,66,82612,34,130430
29589,0.022362,74.125.200.0-255,2902,85514,34,130430
29590,0.022367,172.31.33.0-255,66,85580,34,130430
29591,0.023187,74.125.200.0-255,2902,88482,34,130430
29592,0.023192,172.31.33.0-255,66,88548,34,130430
29593,0.024671,74.125.200.0-255,1484,90032,34,130430
29594,0.024697,74.125.200.0-255,1484,91516,34,130430
29595,0.024701,172.31.33.0-255,66,91582,34,130430
29596,0.025498,74.125.200.0-255,2902,94484,34,130430
29597,0.025502,172.31.33.0-255,66,94550,34,130430
29598,0.027016,74.125.200.0-255,2902,97452,34,130430
29599,0.02702,172.31.33.0-255,66,97518,34,130430
29600,0.027808,74.125.200.0-255,2902,100420,34,130430
29601,0.027812,172.31.33.0-255,66,100486,34,130430
29602,0.029325,74.125.200.0-255,2902,103388,34,130430
29603,0.029329,172.31.33.0-255,66,103454,34,130430
29604,0.030126,74.125.200.0-255,2902,106356,34,130430
29605,0.03013,172.31.33.0-255,66,106422,34,130430
29606,0.031633,74.125.200.0-255,2902,109324,34,130430
29607,0.031637,172.31.33.0-255,66,109390,34,130430
29608,0.032449,74.125.200.0-255,2902,112292,34,130430
29609,0.032455,172.31.33.0-255,66,112358,34,130430
29610,0.033948,74.125.200.0-255,2902,115260,34,130430
29611,0.033952,172.31.33.0-255,66,115326,34,130430
29612,0.034755,74.125.200.0-255,1484,116810,34,130430
29613,0.034761,172.31.33.0-255,66,116876,34,130430
29614,0.034856,74.125.200.0-255,1484,118360,34,130430
29615,0.034859,172.31.33.0-255,66,118426,34,130430
29616,0.036249,74.125.200.0-255,1484,119910,34,130430
29617,0.036254,172.31.33.0-255,66,119976,34,130430
29618,0.036284,74.125.200.0-255,1484,121460,34,130430
29619,0.036287,172.31.33.0-255,66,121526,34,130430
29620,0.037163,74.125.200.0-255,2902,124428,34,130430
29621,0.037168,172.31.33.0-255,66,124494,34,130430
29622,0.038557,74.125.200.0-255,1484,125978,34,130430
29623,0.038562,172.31.33.0-255,66,126044,34,130430
29624,0.039474,74.125.200.0-255,4320,130364,34,130430
29625,0.039478,172.31.33.0-255,66,130430,34,130430
29626,0.0,172.217.160.0-255,152,152,34,222300
29627,2.1e-05,172.31.33.0-255,66,218,34,222300
29628,2.8e-05,172.217.160.0-255,1484,1702,34,222300
29629,3.1e-05,172.31.33.0-255,66,1768,34,222300
29630,4.5e-05,172.217.160.0-255,2902,4670,34,222300
29631,4.8e-05,172.31.33.0-255,66,4736,34,222300
29632,5.3e-05,172.217.160.0-255,4320,9056,34,222300
29633,5.6e-05,172.31.33.0-255,66,9122,34,222300
29634,6.8e-05,172.31.33.0-255,66,9188,34,222300
29635,0.000108,172.31.33.0-255,66,9254,34,222300
29636,0.00028,172.217.160.0-255,1484,10738,34,222300
29637,0.000286,172.31.33.0-255,66,10804,34,222300
29638,0.000293,172.217.160.0-255,2902,13706,34,222300
29639,0.000295,172.31.33.0-255,66,13772,34,222300
29640,0.000328,172.217.160.0-255,5738,19510,34,222300
29641,0.000332,172.31.33.0-255,66,19576,34,222300
29642,0.000341,172.217.160.0-255,6797,26373,34,222300
29643,0.000343,172.31.33.0-255,66,26439,34,222300
29644,0.000623,172.217.160.0-255,1484,27923,34,222300
29645,0.000629,172.31.33.0-255,66,27989,34,222300
29646,0.000636,172.217.160.0-255,2902,30891,34,222300
29647,0.000639,172.31.33.0-255,66,30957,34,222300
29648,0.000652,172.217.160.0-255,5738,36695,34,222300
29649,0.000655,172.31.33.0-255,66,36761,34,222300
29650,0.000691,172.217.160.0-255,7066,43827,34,222300
29651,0.000696,172.31.33.0-255,66,43893,34,222300
29652,0.001028,172.217.160.0-255,126,44019,34,222300
29653,0.001035,172.31.33.0-255,66,44085,34,222300
29654,0.001193,172.217.160.0-255,1484,45569,34,222300
29655,0.001199,172.31.33.0-255,66,45635,34,222300
29656,0.001204,172.217.160.0-255,2902,48537,34,222300
29657,0.001206,172.31.33.0-255,66,48603,34,222300
29658,0.001211,172.217.160.0-255,2902,51505,34,222300
29659,0.001213,172.31.33.0-255,66,51571,34,222300
29660,0.001234,172.217.160.0-255,2902,54473,34,222300
29661,0.001236,172.31.33.0-255,66,54539,34,222300
29662,0.001263,172.217.160.0-255,6797,61336,34,222300
29663,0.001265,172.31.33.0-255,66,61402,34,222300
29664,0.001271,172.217.160.0-255,4320,65722,34,222300
29665,0.001273,172.31.33.0-255,66,65788,34,222300
29666,0.001284,172.217.160.0-255,2902,68690,34,222300
29667,0.001286,172.31.33.0-255,66,68756,34,222300
29668,0.001316,172.31.33.0-255,66,68822,34,222300
29669,0.001339,172.217.160.0-255,1125,69947,34,222300
29670,0.001451,172.217.160.0-255,1484,71431,34,222300
29671,0.001455,172.31.33.0-255,66,71497,34,222300
29672,0.00146,172.217.160.0-255,2902,74399,34,222300
29673,0.001462,172.31.33.0-255,66,74465,34,222300
29674,0.001467,172.217.160.0-255,5738,80203,34,222300
29675,0.001475,172.31.33.0-255,66,80269,34,222300
29676,0.001502,172.217.160.0-255,2902,83171,34,222300
29677,0.001504,172.31.33.0-255,66,83237,34,222300
29678,0.001545,172.31.33.0-255,66,83303,34,222300
29679,0.001558,172.31.33.0-255,66,83369,34,222300
29680,0.001581,172.217.160.0-255,1484,84853,34,222300
29681,0.001585,172.217.160.0-255,2902,87755,34,222300
29682,0.001589,172.31.33.0-255,66,87821,34,222300
29683,0.001617,172.217.160.0-255,5738,93559,34,222300
29684,0.00162,172.31.33.0-255,66,93625,34,222300
29685,0.001623,172.217.160.0-255,1484,95109,34,222300
29686,0.001632,172.31.33.0-255,66,95175,34,222300
29687,0.001679,172.31.33.0-255,66,95241,34,222300
29688,0.001695,172.217.160.0-255,3602,98843,34,222300
29689,0.001698,172.31.33.0-255,66,98909,34,222300
29690,0.002039,172.217.160.0-255,1484,100393,34,222300
29691,0.002045,172.217.160.0-255,2902,103295,34,222300
29692,0.002048,172.31.33.0-255,66,103361,34,222300
29693,0.002083,172.217.160.0-255,5738,109099,34,222300
29694,0.002086,172.31.33.0-255,66,109165,34,222300
29695,0.002093,172.217.160.0-255,7156,116321,34,222300
29696,0.002095,172.31.33.0-255,66,116387,34,222300
29697,0.002098,172.217.160.0-255,1484,117871,34,222300
29698,0.002138,172.31.33.0-255,66,117937,34,222300
29699,0.002142,172.217.160.0-255,2184,120121,34,222300
29700,0.002144,172.31.33.0-255,66,120187,34,222300
29701,0.002189,172.31.33.0-255,66,120253,34,222300
29702,0.002193,172.217.160.0-255,2902,123155,34,222300
29703,0.002195,172.31.33.0-255,66,123221,34,222300
29704,0.002198,172.217.160.0-255,1484,124705,34,222300
29705,0.002231,172.31.33.0-255,66,124771,34,222300
29706,0.002272,172.217.160.0-255,7156,131927,34,222300
29707,0.002275,172.31.33.0-255,66,131993,34,222300
29708,0.00231,172.217.160.0-255,2902,134895,34,222300
29709,0.002313,172.31.33.0-255,66,134961,34,222300
29710,0.002331,172.31.33.0-255,66,135027,34,222300
29711,0.002351,172.31.33.0-255,66,135093,34,222300
29712,0.002368,172.31.33.0-255,66,135159,34,222300
29713,0.002406,172.217.160.0-255,4320,139479,34,222300
29714,0.002408,172.31.33.0-255,66,139545,34,222300
29715,0.002437,172.217.160.0-255,5020,144565,34,222300
29716,0.00244,172.31.33.0-255,66,144631,34,222300
29717,0.002446,172.217.160.0-255,5738,150369,34,222300
29718,0.002448,172.31.33.0-255,66,150435,34,222300
29719,0.002454,172.217.160.0-255,7156,157591,34,222300
29720,0.002456,172.31.33.0-255,66,157657,34,222300
29721,0.002468,172.31.33.0-255,66,157723,34,222300
29722,0.002503,172.217.160.0-255,2902,160625,34,222300
29723,0.00251,172.217.160.0-255,6438,167063,34,222300
29724,0.002517,172.31.33.0-255,66,167129,34,222300
29725,0.00252,172.31.33.0-255,66,167195,34,222300
29726,0.002541,172.217.160.0-255,1484,168679,34,222300
29727,0.002545,172.217.160.0-255,2902,171581,34,222300
29728,0.002547,172.31.33.0-255,66,171647,34,222300
29729,0.002582,172.217.160.0-255,5738,177385,34,222300
29730,0.002585,172.31.33.0-255,66,177451,34,222300
29731,0.002588,172.217.160.0-255,1484,178935,34,222300
29732,0.002593,172.217.160.0-255,4320,183255,34,222300
29733,0.002595,172.31.33.0-255,66,183321,34,222300
29734,0.002615,172.217.160.0-255,4320,187641,34,222300
29735,0.002619,172.31.33.0-255,66,187707,34,222300
29736,0.002657,172.217.160.0-255,7156,194863,34,222300
29737,0.00266,172.31.33.0-255,66,194929,34,222300
29738,0.002705,172.217.160.0-255,6438,201367,34,222300
29739,0.002709,172.31.33.0-255,66,201433,34,222300
29740,0.002715,172.217.160.0-255,7156,208589,34,222300
29741,0.002717,172.31.33.0-255,66,208655,34,222300
29742,0.002727,172.31.33.0-255,66,208721,34,222300
29743,0.002763,172.217.160.0-255,7156,215877,34,222300
29744,0.002775,172.31.33.0-255,66,215943,34,222300
29745,0.002803,172.217.160.0-255,5949,221892,34,222300
29746,0.002811,172.31.33.0-255,66,221958,34,222300
29747,0.002842,172.217.160.0-255,105,222063,34,222300
29748,0.004604,172.31.33.0-255,66,222129,34,222300
29749,0.004634,172.31.33.0-255,105,222234,34,222300
29750,0.006483,172.217.160.0-255,66,222300,34,222300
29751,0.0,74.125.24.0-255,151,151,34,177054
29752,2.8e-05,172.31.33.0-255,66,217,34,177054
29753,3.4e-05,74.125.24.0-255,1484,1701,34,177054
29754,3.8e-05,172.31.33.0-255,66,1767,34,177054
29755,4.3e-05,74.125.24.0-255,2902,4669,34,177054
29756,4.6e-05,172.31.33.0-255,66,4735,34,177054
29757,5.1e-05,74.125.24.0-255,4320,9055,34,177054
29758,5.4e-05,172.31.33.0-255,66,9121,34,177054
29759,6e-05,74.125.24.0-255,4857,13978,34,177054
29760,6.2e-05,172.31.33.0-255,66,14044,34,177054
29761,0.000102,74.125.24.0-255,1484,15528,34,177054
29762,0.000105,172.31.33.0-255,66,15594,34,177054
29763,0.00011,74.125.24.0-255,2902,18496,34,177054
29764,0.000112,172.31.33.0-255,66,18562,34,177054
29765,0.000132,74.125.24.0-255,5738,24300,34,177054
29766,0.000136,172.31.33.0-255,66,24366,34,177054
29767,0.000144,74.125.24.0-255,1484,25850,34,177054
29768,0.000146,172.31.33.0-255,66,25916,34,177054
29769,0.000174,74.125.24.0-255,5379,31295,34,177054
29770,0.000178,172.31.33.0-255,66,31361,34,177054
29771,0.000341,74.125.24.0-255,1484,32845,34,177054
29772,0.000348,172.31.33.0-255,66,32911,34,177054
29773,0.000355,74.125.24.0-255,2902,35813,34,177054
29774,0.000358,172.31.33.0-255,66,35879,34,177054
29775,0.000361,74.125.24.0-255,1484,37363,34,177054
29776,0.000363,172.31.33.0-255,66,37429,34,177054
29777,0.000392,74.125.24.0-255,4320,41749,34,177054
29778,0.000397,172.31.33.0-255,66,41815,34,177054
29779,0.000439,172.31.33.0-255,66,41881,34,177054
29780,0.000443,74.125.24.0-255,2902,44783,34,177054
29781,0.000447,172.31.33.0-255,66,44849,34,177054
29782,0.000482,74.125.24.0-255,6797,51646,34,177054
29783,0.000486,172.31.33.0-255,66,51712,34,177054
29784,0.000489,74.125.24.0-255,362,52074,34,177054
29785,0.000506,74.125.24.0-255,412,52486,34,177054
29786,0.000733,74.125.24.0-255,1484,53970,34,177054
29787,0.000739,172.31.33.0-255,66,54036,34,177054
29788,0.000745,74.125.24.0-255,2902,56938,34,177054
29789,0.000748,172.31.33.0-255,66,57004,34,177054
29790,0.000755,74.125.24.0-255,5738,62742,34,177054
29791,0.000758,172.31.33.0-255,66,62808,34,177054
29792,0.000795,172.31.33.0-255,66,62874,34,177054
29793,0.000838,172.31.33.0-255,66,62940,34,177054
29794,0.000861,74.125.24.0-255,3602,66542,34,177054
29795,0.000864,172.31.33.0-255,66,66608,34,177054
29796,0.00103,74.125.24.0-255,1484,68092,34,177054
29797,0.001038,74.125.24.0-255,2902,70994,34,177054
29798,0.001042,172.31.33.0-255,66,71060,34,177054
29799,0.001049,74.125.24.0-255,5738,76798,34,177054
29800,0.001052,172.31.33.0-255,66,76864,34,177054
29801,0.001087,172.31.33.0-255,66,76930,34,177054
29802,0.001107,74.125.24.0-255,4320,81250,34,177054
29803,0.001111,172.31.33.0-255,66,81316,34,177054
29804,0.001136,172.31.33.0-255,66,81382,34,177054
29805,0.00117,74.125.24.0-255,1484,82866,34,177054
29806,0.001176,74.125.24.0-255,2902,85768,34,177054
29807,0.00118,172.31.33.0-255,66,85834,34,177054
29808,0.001206,74.125.24.0-255,5738,91572,34,177054
29809,0.00121,172.31.33.0-255,66,91638,34,177054
29810,0.001221,172.31.33.0-255,66,91704,34,177054
29811,0.001242,74.125.24.0-255,2902,94606,34,177054
29812,0.001245,172.31.33.0-255,66,94672,34,177054
29813,0.001259,172.31.33.0-255,66,94738,34,177054
29814,0.001285,74.125.24.0-255,1484,96222,34,177054
29815,0.001291,74.125.24.0-255,2902,99124,34,177054
29816,0.001294,172.31.33.0-255,66,99190,34,177054
29817,0.001297,74.125.24.0-255,1484,100674,34,177054
29818,0.001316,74.125.24.0-255,4320,104994,34,177054
29819,0.001318,172.31.33.0-255,66,105060,34,177054
29820,0.001324,74.125.24.0-255,4320,109380,34,177054
29821,0.001326,172.31.33.0-255,66,109446,34,177054
29822,0.001355,172.31.33.0-255,66,109512,34,177054
29823,0.001365,172.31.33.0-255,66,109578,34,177054
29824,0.001388,74.125.24.0-255,2902,112480,34,177054
29825,0.00139,172.31.33.0-255,66,112546,34,177054
29826,0.001463,172.31.33.0-255,66,112612,34,177054
29827,0.001485,74.125.24.0-255,3602,116214,34,177054
29828,0.001488,172.31.33.0-255,66,116280,34,177054
29829,0.001502,172.31.33.0-255,66,116346,34,177054
29830,0.001515,172.31.33.0-255,66,116412,34,177054
29831,0.001538,172.31.33.0-255,66,116478,34,177054
29832,0.00154,74.125.24.0-255,766,117244,34,177054
29833,0.001654,74.125.24.0-255,1484,118728,34,177054
29834,0.001659,172.31.33.0-255,66,118794,34,177054
29835,0.001665,74.125.24.0-255,2902,121696,34,177054
29836,0.001668,172.31.33.0-255,66,121762,34,177054
29837,0.001674,74.125.24.0-255,5738,127500,34,177054
29838,0.001676,172.31.33.0-255,66,127566,34,177054
29839,0.0017,172.31.33.0-255,66,127632,34,177054
29840,0.001743,74.125.24.0-255,2902,130534,34,177054
29841,0.001746,172.31.33.0-255,66,130600,34,177054
29842,0.001775,172.31.33.0-255,66,130666,34,177054
29843,0.001894,74.125.24.0-255,1484,132150,34,177054
29844,0.001899,74.125.24.0-255,2902,135052,34,177054
29845,0.001901,172.31.33.0-255,66,135118,34,177054
29846,0.001922,74.125.24.0-255,5738,140856,34,177054
29847,0.001925,172.31.33.0-255,66,140922,34,177054
29848,0.001927,74.125.24.0-255,1484,142406,34,177054
29849,0.001952,172.31.33.0-255,66,142472,34,177054
29850,0.001958,74.125.24.0-255,5738,148210,34,177054
29851,0.001961,172.31.33.0-255,66,148276,34,177054
29852,0.001976,74.125.24.0-255,2902,151178,34,177054
29853,0.001979,172.31.33.0-255,66,151244,34,177054
29854,0.001997,74.125.24.0-255,2184,153428,34,177054
29855,0.001999,172.31.33.0-255,66,153494,34,177054
29856,0.002016,74.125.24.0-255,2902,156396,34,177054
29857,0.002018,172.31.33.0-255,66,156462,34,177054
29858,0.002022,74.125.24.0-255,2902,159364,34,177054
29859,0.002025,172.31.33.0-255,66,159430,34,177054
29860,0.002047,74.125.24.0-255,4320,163750,34,177054
29861,0.002049,172.31.33.0-255,66,163816,34,177054
29862,0.002064,172.31.33.0-255,66,163882,34,177054
29863,0.002093,74.125.24.0-255,4320,168202,34,177054
29864,0.002095,172.31.33.0-255,66,168268,34,177054
29865,0.002143,74.125.24.0-255,2184,170452,34,177054
29866,0.002155,74.125.24.0-255,1484,171936,34,177054
29867,0.002172,74.125.24.0-255,4776,176712,34,177054
29868,0.002175,74.125.24.0-255,105,176817,34,177054
29869,0.007584,172.31.33.0-255,66,176883,34,177054
29870,0.009946,172.31.33.0-255,105,176988,34,177054
29871,0.01226,74.125.24.0-255,66,177054,34,177054
29872,0.0,172.217.194.0-255,143,143,34,236624
29873,2.8e-05,172.31.33.0-255,66,209,34,236624
29874,3.5e-05,172.217.194.0-255,1484,1693,34,236624
29875,3.9e-05,172.31.33.0-255,66,1759,34,236624
29876,4.3e-05,172.217.194.0-255,2902,4661,34,236624
29877,5.4e-05,172.31.33.0-255,66,4727,34,236624
29878,6e-05,172.217.194.0-255,7156,11883,34,236624
29879,6.3e-05,172.31.33.0-255,66,11949,34,236624
29880,8.5e-05,172.217.194.0-255,2054,14003,34,236624
29881,8.7e-05,172.31.33.0-255,66,14069,34,236624
29882,9.1e-05,172.217.194.0-255,1484,15553,34,236624
29883,9.2e-05,172.31.33.0-255,66,15619,34,236624
29884,0.000126,172.217.194.0-255,1484,17103,34,236624
29885,0.000129,172.31.33.0-255,66,17169,34,236624
29886,0.000136,172.217.194.0-255,7156,24325,34,236624
29887,0.000138,172.31.33.0-255,66,24391,34,236624
29888,0.000142,172.217.194.0-255,2902,27293,34,236624
29889,0.000144,172.31.33.0-255,66,27359,34,236624
29890,0.000174,172.217.194.0-255,3961,31320,34,236624
29891,0.000178,172.31.33.0-255,66,31386,34,236624
29892,0.000199,172.217.194.0-255,1484,32870,34,236624
29893,0.000201,172.31.33.0-255,66,32936,34,236624
29894,0.000223,172.217.194.0-255,2902,35838,34,236624
29895,0.000226,172.31.33.0-255,66,35904,34,236624
29896,0.000231,172.217.194.0-255,4320,40224,34,236624
29897,0.000233,172.31.33.0-255,66,40290,34,236624
29898,0.000258,172.217.194.0-255,1484,41774,34,236624
29899,0.000261,172.31.33.0-255,66,41840,34,236624
29900,0.000266,172.217.194.0-255,4320,46160,34,236624
29901,0.000268,172.31.33.0-255,66,46226,34,236624
29902,0.000279,172.31.33.0-255,66,46292,34,236624
29903,0.000303,172.217.194.0-255,2543,48835,34,236624
29904,0.000306,172.31.33.0-255,66,48901,34,236624
29905,0.000312,172.217.194.0-255,7087,55988,34,236624
29906,0.000315,172.31.33.0-255,66,56054,34,236624
29907,0.000363,172.217.194.0-255,366,56420,34,236624
29908,0.00045,172.217.194.0-255,1484,57904,34,236624
29909,0.000454,172.31.33.0-255,66,57970,34,236624
29910,0.000458,172.217.194.0-255,2902,60872,34,236624
29911,0.00046,172.31.33.0-255,66,60938,34,236624
29912,0.00049,172.217.194.0-255,5738,66676,34,236624
29913,0.000493,172.31.33.0-255,66,66742,34,236624
29914,0.000498,172.217.194.0-255,4320,71062,34,236624
29915,0.0005,172.31.33.0-255,66,71128,34,236624
29916,0.000531,172.31.33.0-255,66,71194,34,236624
29917,0.000559,172.217.194.0-255,2543,73737,34,236624
29918,0.000562,172.31.33.0-255,66,73803,34,236624
29919,0.000568,172.217.194.0-255,6797,80600,34,236624
29920,0.00057,172.31.33.0-255,66,80666,34,236624
29921,0.000954,172.217.194.0-255,1484,82150,34,236624
29922,0.000961,172.217.194.0-255,2902,85052,34,236624
29923,0.000964,172.31.33.0-255,66,85118,34,236624
29924,0.00097,172.217.194.0-255,2902,88020,34,236624
29925,0.000972,172.31.33.0-255,66,88086,34,236624
29926,0.000994,172.217.194.0-255,2902,90988,34,236624
29927,0.000997,172.31.33.0-255,66,91054,34,236624
29928,0.001001,172.217.194.0-255,1484,92538,34,236624
29929,0.001042,172.31.33.0-255,66,92604,34,236624
29930,0.00107,172.31.33.0-255,66,92670,34,236624
29931,0.001089,172.217.194.0-255,2184,94854,34,236624
29932,0.001092,172.31.33.0-255,66,94920,34,236624
29933,0.001097,172.217.194.0-255,2902,97822,34,236624
29934,0.001101,172.31.33.0-255,66,97888,34,236624
29935,0.001139,172.31.33.0-255,66,97954,34,236624
29936,0.001147,172.31.33.0-255,66,98020,34,236624
29937,0.001175,172.217.194.0-255,1484,99504,34,236624
29938,0.001188,172.31.33.0-255,66,99570,34,236624
29939,0.001605,172.217.194.0-255,1484,101054,34,236624
29940,0.001613,172.217.194.0-255,2902,103956,34,236624
29941,0.001617,172.31.33.0-255,66,104022,34,236624
29942,0.001624,172.217.194.0-255,5738,109760,34,236624
29943,0.001626,172.31.33.0-255,66,109826,34,236624
29944,0.001671,172.31.33.0-255,66,109892,34,236624
29945,0.001701,172.217.194.0-255,4320,114212,34,236624
29946,0.001705,172.31.33.0-255,66,114278,34,236624
29947,0.001712,172.217.194.0-255,7156,121434,34,236624
29948,0.001714,172.31.33.0-255,66,121500,34,236624
29949,0.001724,172.217.194.0-255,3602,125102,34,236624
29950,0.001727,172.31.33.0-255,66,125168,34,236624
29951,0.001757,172.217.194.0-255,4320,129488,34,236624
29952,0.001761,172.31.33.0-255,66,129554,34,236624
29953,0.001764,172.217.194.0-255,1484,131038,34,236624
29954,0.001794,172.217.194.0-255,5738,136776,34,236624
29955,0.001798,172.31.33.0-255,66,136842,34,236624
29956,0.00181,172.31.33.0-255,66,136908,34,236624
29957,0.001841,172.217.194.0-255,2902,139810,34,236624
29958,0.001844,172.31.33.0-255,66,139876,34,236624
29959,0.001855,172.31.33.0-255,66,139942,34,236624
29960,0.001925,172.31.33.0-255,66,140008,34,236624
29961,0.001969,172.31.33.0-255,66,140074,34,236624
29962,0.001972,172.217.194.0-255,1484,141558,34,236624
29963,0.001991,172.31.33.0-255,66,141624,34,236624
29964,0.002002,172.31.33.0-255,66,141690,34,236624
29965,0.002017,172.31.33.0-255,66,141756,34,236624
29966,0.00202,172.217.194.0-255,1484,143240,34,236624
29967,0.002069,172.31.33.0-255,66,143306,34,236624
29968,0.004056,172.217.194.0-255,1484,144790,34,236624
29969,0.004077,172.217.194.0-255,4320,149110,34,236624
29970,0.004081,172.31.33.0-255,66,149176,34,236624
29971,0.006071,172.217.194.0-255,5738,154914,34,236624
29972,0.00608,172.31.33.0-255,66,154980,34,236624
29973,0.008087,172.217.194.0-255,5738,160718,34,236624
29974,0.008101,172.31.33.0-255,66,160784,34,236624
29975,0.010122,172.217.194.0-255,5738,166522,34,236624
29976,0.010133,172.31.33.0-255,66,166588,34,236624
29977,0.012143,172.217.194.0-255,5738,172326,34,236624
29978,0.01215,172.31.33.0-255,66,172392,34,236624
29979,0.014156,172.217.194.0-255,5738,178130,34,236624
29980,0.014174,172.31.33.0-255,66,178196,34,236624
29981,0.016173,172.217.194.0-255,5738,183934,34,236624
29982,0.016179,172.31.33.0-255,66,184000,34,236624
29983,0.018196,172.217.194.0-255,4320,188320,34,236624
29984,0.018203,172.31.33.0-255,66,188386,34,236624
29985,0.018227,172.217.194.0-255,1484,189870,34,236624
29986,0.020186,172.217.194.0-255,4320,194190,34,236624
29987,0.020195,172.31.33.0-255,66,194256,34,236624
29988,0.022197,172.217.194.0-255,5738,199994,34,236624
29989,0.022208,172.31.33.0-255,66,200060,34,236624
29990,0.024196,172.217.194.0-255,5738,205798,34,236624
29991,0.024206,172.31.33.0-255,66,205864,34,236624
29992,0.026203,172.217.194.0-255,1484,207348,34,236624
29993,0.026233,172.217.194.0-255,4320,211668,34,236624
29994,0.026238,172.31.33.0-255,66,211734,34,236624
29995,0.028243,172.217.194.0-255,5738,217472,34,236624
29996,0.02826,172.31.33.0-255,66,217538,34,236624
29997,0.030252,172.217.194.0-255,5738,223276,34,236624
29998,0.030259,172.31.33.0-255,66,223342,34,236624
29999,0.032274,172.217.194.0-255,5738,229080,34,236624
30000,0.032282,172.31.33.0-255,66,229146,34,236624
30001,0.034303,172.217.194.0-255,5738,234884,34,236624
30002,0.034319,172.31.33.0-255,66,234950,34,236624
30003,0.036314,172.217.194.0-255,1437,236387,34,236624
30004,0.036484,172.31.33.0-255,66,236453,34,236624
30005,0.036516,172.31.33.0-255,105,236558,34,236624
30006,0.038479,172.217.194.0-255,66,236624,34,236624
30007,0.0,172.217.194.0-255,153,153,34,210084
30008,1.7e-05,172.31.33.0-255,66,219,34,210084
30009,2.3e-05,172.217.194.0-255,1484,1703,34,210084
30010,2.8e-05,172.31.33.0-255,66,1769,34,210084
30011,3.2e-05,172.217.194.0-255,2902,4671,34,210084
30012,3.5e-05,172.31.33.0-255,66,4737,34,210084
30013,4.2e-05,172.217.194.0-255,7156,11893,34,210084
30014,4.4e-05,172.31.33.0-255,66,11959,34,210084
30015,6.6e-05,172.217.194.0-255,1484,13443,34,210084
30016,6.8e-05,172.31.33.0-255,66,13509,34,210084
30017,9.3e-05,172.31.33.0-255,66,13575,34,210084
30018,0.000115,172.217.194.0-255,1484,15059,34,210084
30019,0.000117,172.31.33.0-255,66,15125,34,210084
30020,0.000136,172.217.194.0-255,3961,19086,34,210084
30021,0.000138,172.31.33.0-255,66,19152,34,210084
30022,0.000251,172.217.194.0-255,1484,20636,34,210084
30023,0.000254,172.31.33.0-255,66,20702,34,210084
30024,0.00026,172.217.194.0-255,2902,23604,34,210084
30025,0.000261,172.31.33.0-255,66,23670,34,210084
30026,0.000279,172.217.194.0-255,5738,29408,34,210084
30027,0.000281,172.31.33.0-255,66,29474,34,210084
30028,0.000324,172.217.194.0-255,4320,33794,34,210084
30029,0.000327,172.31.33.0-255,66,33860,34,210084
30030,0.000347,172.217.194.0-255,2543,36403,34,210084
30031,0.000349,172.31.33.0-255,66,36469,34,210084
30032,0.000366,172.217.194.0-255,1484,37953,34,210084
30033,0.000368,172.31.33.0-255,66,38019,34,210084
30034,0.000394,172.217.194.0-255,5738,43757,34,210084
30035,0.000396,172.31.33.0-255,66,43823,34,210084
30036,0.000406,172.31.33.0-255,66,43889,34,210084
30037,0.000409,172.217.194.0-255,1439,45328,34,210084
30038,0.000659,172.217.194.0-255,364,45692,34,210084
30039,0.000663,172.31.33.0-255,66,45758,34,210084
30040,0.000848,172.217.194.0-255,1484,47242,34,210084
30041,0.000853,172.217.194.0-255,2902,50144,34,210084
30042,0.000856,172.31.33.0-255,66,50210,34,210084
30043,0.00087,172.217.194.0-255,4320,54530,34,210084
30044,0.000872,172.31.33.0-255,66,54596,34,210084
30045,0.000893,172.217.194.0-255,1484,56080,34,210084
30046,0.000933,172.217.194.0-255,4320,60400,34,210084
30047,0.000936,172.31.33.0-255,66,60466,34,210084
30048,0.00096,172.217.194.0-255,3961,64427,34,210084
30049,0.000962,172.31.33.0-255,66,64493,34,210084
30050,0.000972,172.31.33.0-255,66,64559,34,210084
30051,0.000994,172.217.194.0-255,4320,68879,34,210084
30052,0.000996,172.31.33.0-255,66,68945,34,210084
30053,0.001018,172.217.194.0-255,1993,70938,34,210084
30054,0.001021,172.31.33.0-255,66,71004,34,210084
30055,0.001166,172.217.194.0-255,1484,72488,34,210084
30056,0.00118,172.217.194.0-255,2902,75390,34,210084
30057,0.001182,172.31.33.0-255,66,75456,34,210084
30058,0.001187,172.217.194.0-255,2902,78358,34,210084
30059,0.001189,172.31.33.0-255,66,78424,34,210084
30060,0.001204,172.217.194.0-255,2902,81326,34,210084
30061,0.001207,172.217.194.0-255,1484,82810,34,210084
30062,0.00121,172.31.33.0-255,66,82876,34,210084
30063,0.001222,172.217.194.0-255,7156,90032,34,210084
30064,0.001224,172.31.33.0-255,66,90098,34,210084
30065,0.001239,172.217.194.0-255,4320,94418,34,210084
30066,0.001241,172.31.33.0-255,66,94484,34,210084
30067,0.001251,172.31.33.0-255,66,94550,34,210084
30068,0.001268,172.217.194.0-255,766,95316,34,210084
30069,0.001568,172.31.33.0-255,66,95382,34,210084
30070,0.002046,172.217.194.0-255,1484,96866,34,210084
30071,0.002055,172.217.194.0-255,2902,99768,34,210084
30072,0.002059,172.31.33.0-255,66,99834,34,210084
30073,0.002066,172.217.194.0-255,4320,104154,34,210084
30074,0.002067,172.31.33.0-255,66,104220,34,210084
30075,0.002085,172.217.194.0-255,1484,105704,34,210084
30076,0.002094,172.31.33.0-255,66,105770,34,210084
30077,0.002113,172.217.194.0-255,2902,108672,34,210084
30078,0.002115,172.31.33.0-255,66,108738,34,210084
30079,0.002139,172.217.194.0-255,4320,113058,34,210084
30080,0.002142,172.31.33.0-255,66,113124,34,210084
30081,0.002166,172.217.194.0-255,6438,119562,34,210084
30082,0.002168,172.31.33.0-255,66,119628,34,210084
30083,0.004686,172.217.194.0-255,5738,125366,34,210084
30084,0.004692,172.31.33.0-255,66,125432,34,210084
30085,0.007223,172.217.194.0-255,5738,131170,34,210084
30086,0.007229,172.31.33.0-255,66,131236,34,210084
30087,0.009746,172.217.194.0-255,5738,136974,34,210084
30088,0.009753,172.31.33.0-255,66,137040,34,210084
30089,0.012271,172.217.194.0-255,5738,142778,34,210084
30090,0.01228,172.31.33.0-255,66,142844,34,210084
30091,0.014796,172.217.194.0-255,5738,148582,34,210084
30092,0.014805,172.31.33.0-255,66,148648,34,210084
30093,0.01735,172.217.194.0-255,5738,154386,34,210084
30094,0.017359,172.31.33.0-255,66,154452,34,210084
30095,0.019894,172.217.194.0-255,5738,160190,34,210084
30096,0.0199,172.31.33.0-255,66,160256,34,210084
30097,0.022461,172.217.194.0-255,5738,165994,34,210084
30098,0.022471,172.31.33.0-255,66,166060,34,210084
30099,0.025,172.217.194.0-255,5738,171798,34,210084
30100,0.025008,172.31.33.0-255,66,171864,34,210084
30101,0.027541,172.217.194.0-255,5738,177602,34,210084
30102,0.027548,172.31.33.0-255,66,177668,34,210084
30103,0.030096,172.217.194.0-255,5738,183406,34,210084
30104,0.030103,172.31.33.0-255,66,183472,34,210084
30105,0.030521,172.31.33.0-255,172,183644,34,210084
30106,0.030548,172.31.33.0-255,1112,184756,34,210084
30107,0.030608,172.31.33.0-255,1514,186270,34,210084
30108,0.030609,172.31.33.0-255,1514,187784,34,210084
30109,0.03061,172.31.33.0-255,1514,189298,34,210084
30110,0.030611,172.31.33.0-255,1514,190812,34,210084
30111,0.030637,172.31.33.0-255,1514,192326,34,210084
30112,0.030642,172.31.33.0-255,82,192408,34,210084
30113,0.032115,104.244.42.0-255,66,192474,34,210084
30114,0.032145,104.244.42.0-255,66,192540,34,210084
30115,0.032199,104.244.42.0-255,66,192606,34,210084
30116,0.032217,104.244.42.0-255,66,192672,34,210084
30117,0.032622,172.217.194.0-255,5738,198410,34,210084
30118,0.032627,172.31.33.0-255,66,198476,34,210084
30119,0.035144,172.217.194.0-255,5738,204214,34,210084
30120,0.03515,172.31.33.0-255,66,204280,34,210084
30121,0.037715,172.217.194.0-255,5738,210018,34,210084
30122,0.037735,172.31.33.0-255,66,210084,34,210084
30123,0.0,74.125.24.0-255,146,146,34,254298
30124,2e-05,172.31.33.0-255,66,212,34,254298
30125,2.6e-05,74.125.24.0-255,1484,1696,34,254298
30126,3e-05,172.31.33.0-255,66,1762,34,254298
30127,3.3e-05,74.125.24.0-255,1484,3246,34,254298
30128,4.1e-05,172.31.33.0-255,66,3312,34,254298
30129,4.7e-05,74.125.24.0-255,4320,7632,34,254298
30130,5.1e-05,172.31.33.0-255,66,7698,34,254298
30131,9.4e-05,74.125.24.0-255,6383,14081,34,254298
30132,9.7e-05,172.31.33.0-255,66,14147,34,254298
30133,0.00023,74.125.24.0-255,1484,15631,34,254298
30134,0.000234,172.31.33.0-255,66,15697,34,254298
30135,0.000261,74.125.24.0-255,2902,18599,34,254298
30136,0.000264,172.31.33.0-255,66,18665,34,254298
30137,0.00027,74.125.24.0-255,5738,24403,34,254298
30138,0.000271,172.31.33.0-255,66,24469,34,254298
30139,0.000297,74.125.24.0-255,6797,31266,34,254298
30140,0.000299,172.31.33.0-255,66,31332,34,254298
30141,0.000302,74.125.24.0-255,1484,32816,34,254298
30142,0.000304,172.31.33.0-255,66,32882,34,254298
30143,0.000328,74.125.24.0-255,5738,38620,34,254298
30144,0.00033,172.31.33.0-255,66,38686,34,254298
30145,0.000336,74.125.24.0-255,5738,44424,34,254298
30146,0.000338,172.31.33.0-255,66,44490,34,254298
30147,0.000357,74.125.24.0-255,3961,48451,34,254298
30148,0.000359,172.31.33.0-255,66,48517,34,254298
30149,0.000451,74.125.24.0-255,1484,50001,34,254298
30150,0.000454,172.31.33.0-255,66,50067,34,254298
30151,0.000483,74.125.24.0-255,2902,52969,34,254298
30152,0.000486,172.31.33.0-255,66,53035,34,254298
30153,0.000491,74.125.24.0-255,5738,58773,34,254298
30154,0.000493,172.31.33.0-255,66,58839,34,254298
30155,0.000503,74.125.24.0-255,4320,63159,34,254298
30156,0.000505,172.31.33.0-255,66,63225,34,254298
30157,0.000541,74.125.24.0-255,2875,66100,34,254298
30158,0.000544,172.31.33.0-255,66,66166,34,254298
30159,0.000597,74.125.24.0-255,346,66512,34,254298
30160,0.000703,74.125.24.0-255,1484,67996,34,254298
30161,0.000707,172.31.33.0-255,66,68062,34,254298
30162,0.000711,74.125.24.0-255,1484,69546,34,254298
30163,0.000729,74.125.24.0-255,1484,71030,34,254298
30164,0.000731,172.31.33.0-255,66,71096,34,254298
30165,0.000737,74.125.24.0-255,5738,76834,34,254298
30166,0.000739,172.31.33.0-255,66,76900,34,254298
30167,0.000743,74.125.24.0-255,2902,79802,34,254298
30168,0.000748,172.31.33.0-255,66,79868,34,254298
30169,0.000769,74.125.24.0-255,2902,82770,34,254298
30170,0.000771,172.31.33.0-255,66,82836,34,254298
30171,0.000796,74.125.24.0-255,3961,86797,34,254298
30172,0.000799,172.31.33.0-255,66,86863,34,254298
30173,0.000824,74.125.24.0-255,4320,91183,34,254298
30174,0.000826,172.31.33.0-255,66,91249,34,254298
30175,0.000829,74.125.24.0-255,1484,92733,34,254298
30176,0.000861,172.31.33.0-255,66,92799,34,254298
30177,0.001036,74.125.24.0-255,1484,94283,34,254298
30178,0.001055,74.125.24.0-255,2902,97185,34,254298
30179,0.001058,172.31.33.0-255,66,97251,34,254298
30180,0.001079,74.125.24.0-255,5738,102989,34,254298
30181,0.001082,172.31.33.0-255,66,103055,34,254298
30182,0.001128,74.125.24.0-255,7156,110211,34,254298
30183,0.00113,172.31.33.0-255,66,110277,34,254298
30184,0.001143,74.125.24.0-255,5738,116015,34,254298
30185,0.001151,172.31.33.0-255,66,116081,34,254298
30186,0.001166,74.125.24.0-255,2902,118983,34,254298
30187,0.001168,172.31.33.0-255,66,119049,34,254298
30188,0.001171,74.125.24.0-255,2902,121951,34,254298
30189,0.001173,172.31.33.0-255,66,122017,34,254298
30190,0.001226,74.125.24.0-255,5020,127037,34,254298
30191,0.001229,172.31.33.0-255,66,127103,34,254298
30192,0.001384,74.125.24.0-255,1484,128587,34,254298
30193,0.001404,74.125.24.0-255,2902,131489,34,254298
30194,0.001409,172.31.33.0-255,66,131555,34,254298
30195,0.001418,74.125.24.0-255,1484,133039,34,254298
30196,0.001436,74.125.24.0-255,4320,137359,34,254298
30197,0.001438,172.31.33.0-255,66,137425,34,254298
30198,0.001464,74.125.24.0-255,1484,138909,34,254298
30199,0.001467,74.125.24.0-255,1484,140393,34,254298
30200,0.001469,172.31.33.0-255,66,140459,34,254298
30201,0.001479,74.125.24.0-255,1484,141943,34,254298
30202,0.001485,74.125.24.0-255,1484,143427,34,254298
30203,0.001487,172.31.33.0-255,66,143493,34,254298
30204,0.001513,74.125.24.0-255,4320,147813,34,254298
30205,0.001515,172.31.33.0-255,66,147879,34,254298
30206,0.001521,74.125.24.0-255,5738,153617,34,254298
30207,0.001523,172.31.33.0-255,66,153683,34,254298
30208,0.001554,74.125.24.0-255,7156,160839,34,254298
30209,0.001557,172.31.33.0-255,66,160905,34,254298
30210,0.001559,74.125.24.0-255,766,161671,34,254298
30211,0.002055,172.31.33.0-255,66,161737,34,254298
30212,0.002669,74.125.24.0-255,1484,163221,34,254298
30213,0.002679,74.125.24.0-255,2902,166123,34,254298
30214,0.002683,172.31.33.0-255,66,166189,34,254298
30215,0.002708,74.125.24.0-255,5738,171927,34,254298
30216,0.00271,172.31.33.0-255,66,171993,34,254298
30217,0.002741,172.31.33.0-255,66,172059,34,254298
30218,0.002744,74.125.24.0-255,1484,173543,34,254298
30219,0.002776,172.31.33.0-255,66,173609,34,254298
30220,0.002991,74.125.24.0-255,1484,175093,34,254298
30221,0.003004,74.125.24.0-255,2902,177995,34,254298
30222,0.003006,172.31.33.0-255,66,178061,34,254298
30223,0.00303,74.125.24.0-255,5738,183799,34,254298
30224,0.003031,172.31.33.0-255,66,183865,34,254298
30225,0.003043,74.125.24.0-255,4320,188185,34,254298
30226,0.003048,172.31.33.0-255,66,188251,34,254298
30227,0.003071,74.125.24.0-255,2902,191153,34,254298
30228,0.003072,172.31.33.0-255,66,191219,34,254298
30229,0.00311,172.31.33.0-255,66,191285,34,254298
30230,0.003114,74.125.24.0-255,2184,193469,34,254298
30231,0.003115,172.31.33.0-255,66,193535,34,254298
30232,0.00312,74.125.24.0-255,4320,197855,34,254298
30233,0.003122,172.31.33.0-255,66,197921,34,254298
30234,0.003153,172.31.33.0-255,66,197987,34,254298
30235,0.003179,74.125.24.0-255,7156,205143,34,254298
30236,0.003182,172.31.33.0-255,66,205209,34,254298
30237,0.003215,172.31.33.0-255,66,205275,34,254298
30238,0.003219,74.125.24.0-255,2184,207459,34,254298
30239,0.003221,172.31.33.0-255,66,207525,34,254298
30240,0.003226,74.125.24.0-255,4320,211845,34,254298
30241,0.003228,172.31.33.0-255,66,211911,34,254298
30242,0.003232,74.125.24.0-255,2902,214813,34,254298
30243,0.003234,172.31.33.0-255,66,214879,34,254298
30244,0.003258,74.125.24.0-255,2902,217781,34,254298
30245,0.00326,172.31.33.0-255,66,217847,34,254298
30246,0.003267,74.125.24.0-255,1484,219331,34,254298
30247,0.003274,74.125.24.0-255,7156,226487,34,254298
30248,0.003276,172.31.33.0-255,66,226553,34,254298
30249,0.003304,74.125.24.0-255,7156,233709,34,254298
30250,0.00331,172.31.33.0-255,66,233775,34,254298
30251,0.003313,74.125.24.0-255,1484,235259,34,254298
30252,0.003319,74.125.24.0-255,6438,241697,34,254298
30253,0.003321,172.31.33.0-255,66,241763,34,254298
30254,0.00339,172.31.33.0-255,66,241829,34,254298
30255,0.003401,172.31.33.0-255,66,241895,34,254298
30256,0.003431,74.125.24.0-255,2184,244079,34,254298
30257,0.003433,172.31.33.0-255,66,244145,34,254298
30258,0.00345,172.31.33.0-255,66,244211,34,254298
30259,0.00346,172.31.33.0-255,66,244277,34,254298
30260,0.003463,74.125.24.0-255,2184,246461,34,254298
30261,0.003465,172.31.33.0-255,66,246527,34,254298
30262,0.003501,172.31.33.0-255,66,246593,34,254298
30263,0.00353,172.31.33.0-255,66,246659,34,254298
30264,0.003555,74.125.24.0-255,1484,248143,34,254298
30265,0.003559,74.125.24.0-255,2902,251045,34,254298
30266,0.003561,172.31.33.0-255,66,251111,34,254298
30267,0.003564,74.125.24.0-255,2779,253890,34,254298
30268,0.003566,172.31.33.0-255,66,253956,34,254298
30269,0.003628,74.125.24.0-255,105,254061,34,254298
30270,0.012341,172.31.33.0-255,66,254127,34,254298
30271,0.012384,172.31.33.0-255,105,254232,34,254298
30272,0.014426,74.125.24.0-255,66,254298,34,254298
30273,0.0,74.125.24.0-255,146,146,34,245243
30274,2.2e-05,172.31.33.0-255,66,212,34,245243
30275,2.9e-05,74.125.24.0-255,1484,1696,34,245243
30276,3.3e-05,172.31.33.0-255,66,1762,34,245243
30277,3.8e-05,74.125.24.0-255,2902,4664,34,245243
30278,4.2e-05,172.31.33.0-255,66,4730,34,245243
30279,4.9e-05,74.125.24.0-255,5738,10468,34,245243
30280,5.2e-05,172.31.33.0-255,66,10534,34,245243
30281,8.5e-05,74.125.24.0-255,5738,16272,34,245243
30282,8.8e-05,172.31.33.0-255,66,16338,34,245243
30283,0.000107,74.125.24.0-255,6239,22577,34,245243
30284,0.00011,172.31.33.0-255,66,22643,34,245243
30285,0.000156,74.125.24.0-255,2902,25545,34,245243
30286,0.000158,172.31.33.0-255,66,25611,34,245243
30287,0.000179,74.125.24.0-255,5379,30990,34,245243
30288,0.000181,172.31.33.0-255,66,31056,34,245243
30289,0.000213,74.125.24.0-255,2902,33958,34,245243
30290,0.000216,172.31.33.0-255,66,34024,34,245243
30291,0.000233,74.125.24.0-255,5738,39762,34,245243
30292,0.000236,172.31.33.0-255,66,39828,34,245243
30293,0.000259,74.125.24.0-255,4320,44148,34,245243
30294,0.000261,172.31.33.0-255,66,44214,34,245243
30295,0.000276,74.125.24.0-255,3961,48175,34,245243
30296,0.000279,172.31.33.0-255,66,48241,34,245243
30297,0.000531,74.125.24.0-255,1484,49725,34,245243
30298,0.000535,172.31.33.0-255,66,49791,34,245243
30299,0.000541,74.125.24.0-255,2902,52693,34,245243
30300,0.000544,172.31.33.0-255,66,52759,34,245243
30301,0.000559,74.125.24.0-255,5738,58497,34,245243
30302,0.000562,172.31.33.0-255,66,58563,34,245243
30303,0.00059,74.125.24.0-255,5738,64301,34,245243
30304,0.000593,172.31.33.0-255,66,64367,34,245243
30305,0.000621,74.125.24.0-255,1470,65837,34,245243
30306,0.000658,74.125.24.0-255,332,66169,34,245243
30307,0.000663,172.31.33.0-255,66,66235,34,245243
30308,0.000901,74.125.24.0-255,1484,67719,34,245243
30309,0.000915,74.125.24.0-255,2902,70621,34,245243
30310,0.00092,172.31.33.0-255,66,70687,34,245243
30311,0.000929,74.125.24.0-255,2902,73589,34,245243
30312,0.000931,172.31.33.0-255,66,73655,34,245243
30313,0.000948,74.125.24.0-255,2902,76557,34,245243
30314,0.00095,172.31.33.0-255,66,76623,34,245243
30315,0.00097,74.125.24.0-255,6797,83420,34,245243
30316,0.000972,172.31.33.0-255,66,83486,34,245243
30317,0.000997,74.125.24.0-255,7156,90642,34,245243
30318,0.001,172.31.33.0-255,66,90708,34,245243
30319,0.001047,74.125.24.0-255,7156,97864,34,245243
30320,0.001051,172.31.33.0-255,66,97930,34,245243
30321,0.001071,74.125.24.0-255,2543,100473,34,245243
30322,0.001074,172.31.33.0-255,66,100539,34,245243
30323,0.002158,74.125.24.0-255,1484,102023,34,245243
30324,0.002166,74.125.24.0-255,2902,104925,34,245243
30325,0.002171,172.31.33.0-255,66,104991,34,245243
30326,0.002179,74.125.24.0-255,5738,110729,34,245243
30327,0.002181,172.31.33.0-255,66,110795,34,245243
30328,0.002204,74.125.24.0-255,1484,112279,34,245243
30329,0.002221,74.125.24.0-255,7156,119435,34,245243
30330,0.002224,172.31.33.0-255,66,119501,34,245243
30331,0.002255,74.125.24.0-255,1484,120985,34,245243
30332,0.00226,74.125.24.0-255,4320,125305,34,245243
30333,0.002263,172.31.33.0-255,66,125371,34,245243
30334,0.002287,74.125.24.0-255,7156,132527,34,245243
30335,0.002289,172.31.33.0-255,66,132593,34,245243
30336,0.002335,74.125.24.0-255,2184,134777,34,245243
30337,0.002337,172.31.33.0-255,66,134843,34,245243
30338,0.002471,74.125.24.0-255,1484,136327,34,245243
30339,0.002483,74.125.24.0-255,2902,139229,34,245243
30340,0.002486,172.31.33.0-255,66,139295,34,245243
30341,0.002496,74.125.24.0-255,1484,140779,34,245243
30342,0.002511,74.125.24.0-255,4320,145099,34,245243
30343,0.002513,172.31.33.0-255,66,145165,34,245243
30344,0.002516,74.125.24.0-255,1484,146649,34,245243
30345,0.00253,74.125.24.0-255,1484,148133,34,245243
30346,0.002532,172.31.33.0-255,66,148199,34,245243
30347,0.002553,74.125.24.0-255,4320,152519,34,245243
30348,0.002555,172.31.33.0-255,66,152585,34,245243
30349,0.002587,172.31.33.0-255,66,152651,34,245243
30350,0.002601,74.125.24.0-255,1484,154135,34,245243
30351,0.002659,74.125.24.0-255,2184,156319,34,245243
30352,0.002662,172.31.33.0-255,66,156385,34,245243
30353,0.002678,74.125.24.0-255,1484,157869,34,245243
30354,0.00269,74.125.24.0-255,1484,159353,34,245243
30355,0.002692,172.31.33.0-255,66,159419,34,245243
30356,0.002697,74.125.24.0-255,4320,163739,34,245243
30357,0.002699,172.31.33.0-255,66,163805,34,245243
30358,0.002713,74.125.24.0-255,2902,166707,34,245243
30359,0.002715,172.31.33.0-255,66,166773,34,245243
30360,0.002746,74.125.24.0-255,5738,172511,34,245243
30361,0.002749,172.31.33.0-255,66,172577,34,245243
30362,0.002778,172.31.33.0-255,66,172643,34,245243
30363,0.002835,74.125.24.0-255,1484,174127,34,245243
30364,0.002851,74.125.24.0-255,2902,177029,34,245243
30365,0.002852,172.31.33.0-255,66,177095,34,245243
30366,0.002868,74.125.24.0-255,3602,180697,34,245243
30367,0.00287,172.31.33.0-255,66,180763,34,245243
30368,0.002904,172.31.33.0-255,66,180829,34,245243
30369,0.002919,74.125.24.0-255,1484,182313,34,245243
30370,0.002953,74.125.24.0-255,1484,183797,34,245243
30371,0.002955,172.31.33.0-255,66,183863,34,245243
30372,0.00299,172.31.33.0-255,66,183929,34,245243
30373,0.0031,74.125.24.0-255,2184,186113,34,245243
30374,0.003102,172.31.33.0-255,66,186179,34,245243
30375,0.003105,74.125.24.0-255,1484,187663,34,245243
30376,0.003109,74.125.24.0-255,2902,190565,34,245243
30377,0.003111,172.31.33.0-255,66,190631,34,245243
30378,0.003128,74.125.24.0-255,7156,197787,34,245243
30379,0.00313,172.31.33.0-255,66,197853,34,245243
30380,0.003173,172.31.33.0-255,66,197919,34,245243
30381,0.0033,74.125.24.0-255,2902,200821,34,245243
30382,0.003304,172.31.33.0-255,66,200887,34,245243
30383,0.003325,74.125.24.0-255,3602,204489,34,245243
30384,0.003328,172.31.33.0-255,66,204555,34,245243
30385,0.003342,74.125.24.0-255,2902,207457,34,245243
30386,0.003345,172.31.33.0-255,66,207523,34,245243
30387,0.003379,172.31.33.0-255,66,207589,34,245243
30388,0.003423,74.125.24.0-255,1484,209073,34,245243
30389,0.003433,74.125.24.0-255,1484,210557,34,245243
30390,0.003435,172.31.33.0-255,66,210623,34,245243
30391,0.003482,172.31.33.0-255,66,210689,34,245243
30392,0.003507,172.31.33.0-255,66,210755,34,245243
30393,0.003719,74.125.24.0-255,6438,217193,34,245243
30394,0.003724,172.31.33.0-255,66,217259,34,245243
30395,0.003748,74.125.24.0-255,2902,220161,34,245243
30396,0.00375,172.31.33.0-255,66,220227,34,245243
30397,0.003769,74.125.24.0-255,4320,224547,34,245243
30398,0.003771,172.31.33.0-255,66,224613,34,245243
30399,0.003806,74.125.24.0-255,4320,228933,34,245243
30400,0.003808,172.31.33.0-255,66,228999,34,245243
30401,0.003905,74.125.24.0-255,5738,234737,34,245243
30402,0.003958,74.125.24.0-255,5020,239757,34,245243
30403,0.004103,74.125.24.0-255,5144,244901,34,245243
30404,0.004106,74.125.24.0-255,105,245006,34,245243
30405,0.009211,172.31.33.0-255,66,245072,34,245243
30406,0.011437,172.31.33.0-255,105,245177,34,245243
30407,0.013377,74.125.24.0-255,66,245243,34,245243
30408,0.0,172.217.194.0-255,161,161,34,158044
30409,2.4e-05,172.31.33.0-255,66,227,34,158044
30410,3.1e-05,172.217.194.0-255,1484,1711,34,158044
30411,3.5e-05,172.31.33.0-255,66,1777,34,158044
30412,6.7e-05,172.217.194.0-255,2902,4679,34,158044
30413,7e-05,172.31.33.0-255,66,4745,34,158044
30414,7.8e-05,172.217.194.0-255,7156,11901,34,158044
30415,8e-05,172.31.33.0-255,66,11967,34,158044
30416,8.9e-05,172.217.194.0-255,1994,13961,34,158044
30417,9.2e-05,172.31.33.0-255,66,14027,34,158044
30418,0.000131,172.217.194.0-255,2902,16929,34,158044
30419,0.000143,172.31.33.0-255,66,16995,34,158044
30420,0.00015,172.217.194.0-255,7156,24151,34,158044
30421,0.000152,172.31.33.0-255,66,24217,34,158044
30422,0.000157,172.217.194.0-255,4320,28537,34,158044
30423,0.00016,172.31.33.0-255,66,28603,34,158044
30424,0.000179,172.217.194.0-255,1484,30087,34,158044
30425,0.000186,172.31.33.0-255,66,30153,34,158044
30426,0.000215,172.217.194.0-255,1125,31278,34,158044
30427,0.000217,172.31.33.0-255,66,31344,34,158044
30428,0.00028,172.217.194.0-255,1484,32828,34,158044
30429,0.000283,172.31.33.0-255,66,32894,34,158044
30430,0.000286,172.217.194.0-255,1484,34378,34,158044
30431,0.000288,172.31.33.0-255,66,34444,34,158044
30432,0.00031,172.217.194.0-255,1484,35928,34,158044
30433,0.000314,172.31.33.0-255,66,35994,34,158044
30434,0.000328,172.217.194.0-255,5738,41732,34,158044
30435,0.00033,172.31.33.0-255,66,41798,34,158044
30436,0.000337,172.217.194.0-255,6797,48595,34,158044
30437,0.000339,172.31.33.0-255,66,48661,34,158044
30438,0.000381,172.217.194.0-255,4320,52981,34,158044
30439,0.000385,172.31.33.0-255,66,53047,34,158044
30440,0.000413,172.31.33.0-255,66,53113,34,158044
30441,0.000419,172.217.194.0-255,2831,55944,34,158044
30442,0.000422,172.31.33.0-255,66,56010,34,158044
30443,0.000642,172.217.194.0-255,98,56108,34,158044
30444,0.000794,172.217.194.0-255,1484,57592,34,158044
30445,0.000798,172.31.33.0-255,66,57658,34,158044
30446,0.000804,172.217.194.0-255,2902,60560,34,158044
30447,0.000807,172.31.33.0-255,66,60626,34,158044
30448,0.000819,172.217.194.0-255,5738,66364,34,158044
30449,0.000821,172.31.33.0-255,66,66430,34,158044
30450,0.000861,172.31.33.0-255,66,66496,34,158044
30451,0.000895,172.217.194.0-255,2902,69398,34,158044
30452,0.000899,172.31.33.0-255,66,69464,34,158044
30453,0.000937,172.31.33.0-255,66,69530,34,158044
30454,0.000949,172.31.33.0-255,66,69596,34,158044
30455,0.000971,172.31.33.0-255,66,69662,34,158044
30456,0.001004,172.217.194.0-255,6438,76100,34,158044
30457,0.001007,172.31.33.0-255,66,76166,34,158044
30458,0.00103,172.31.33.0-255,66,76232,34,158044
30459,0.001068,172.31.33.0-255,66,76298,34,158044
30460,0.00113,172.217.194.0-255,1484,77782,34,158044
30461,0.001146,172.217.194.0-255,2902,80684,34,158044
30462,0.001148,172.31.33.0-255,66,80750,34,158044
30463,0.001168,172.217.194.0-255,5738,86488,34,158044
30464,0.001171,172.31.33.0-255,66,86554,34,158044
30465,0.001206,172.31.33.0-255,66,86620,34,158044
30466,0.00121,172.217.194.0-255,2902,89522,34,158044
30467,0.001212,172.31.33.0-255,66,89588,34,158044
30468,0.001246,172.31.33.0-255,66,89654,34,158044
30469,0.001262,172.217.194.0-255,1484,91138,34,158044
30470,0.001266,172.217.194.0-255,2902,94040,34,158044
30471,0.001269,172.31.33.0-255,66,94106,34,158044
30472,0.001274,172.217.194.0-255,5738,99844,34,158044
30473,0.001277,172.31.33.0-255,66,99910,34,158044
30474,0.001319,172.31.33.0-255,66,99976,34,158044
30475,0.001328,172.31.33.0-255,66,100042,34,158044
30476,0.001354,172.217.194.0-255,2184,102226,34,158044
30477,0.001359,172.31.33.0-255,66,102292,34,158044
30478,0.001615,172.217.194.0-255,1484,103776,34,158044
30479,0.001627,172.217.194.0-255,2902,106678,34,158044
30480,0.00163,172.31.33.0-255,66,106744,34,158044
30481,0.001633,172.217.194.0-255,1484,108228,34,158044
30482,0.001656,172.217.194.0-255,4320,112548,34,158044
30483,0.001658,172.31.33.0-255,66,112614,34,158044
30484,0.001663,172.217.194.0-255,4320,116934,34,158044
30485,0.001664,172.31.33.0-255,66,117000,34,158044
30486,0.001704,172.217.194.0-255,7156,124156,34,158044
30487,0.001707,172.31.33.0-255,66,124222,34,158044
30488,0.001723,172.31.33.0-255,66,124288,34,158044
30489,0.001797,172.217.194.0-255,1484,125772,34,158044
30490,0.001809,172.217.194.0-255,2902,128674,34,158044
30491,0.001812,172.31.33.0-255,66,128740,34,158044
30492,0.001847,172.217.194.0-255,1484,130224,34,158044
30493,0.001867,172.217.194.0-255,4320,134544,34,158044
30494,0.001871,172.31.33.0-255,66,134610,34,158044
30495,0.001877,172.31.33.0-255,66,134676,34,158044
30496,0.001882,172.217.194.0-255,4320,138996,34,158044
30497,0.001889,172.31.33.0-255,66,139062,34,158044
30498,0.001922,172.217.194.0-255,6438,145500,34,158044
30499,0.001924,172.31.33.0-255,66,145566,34,158044
30500,0.001938,172.31.33.0-255,66,145632,34,158044
30501,0.001983,172.31.33.0-255,66,145698,34,158044
30502,0.001993,172.31.33.0-255,66,145764,34,158044
30503,0.002008,172.31.33.0-255,66,145830,34,158044
30504,0.002037,172.217.194.0-255,5738,151568,34,158044
30505,0.00204,172.31.33.0-255,66,151634,34,158044
30506,0.002045,172.217.194.0-255,4320,155954,34,158044
30507,0.002046,172.31.33.0-255,66,156020,34,158044
30508,0.002091,172.31.33.0-255,66,156086,34,158044
30509,0.002103,172.217.194.0-255,1484,157570,34,158044
30510,0.002104,172.31.33.0-255,66,157636,34,158044
30511,0.002142,172.31.33.0-255,66,157702,34,158044
30512,0.002144,172.217.194.0-255,105,157807,34,158044
30513,0.003035,172.31.33.0-255,66,157873,34,158044
30514,0.00306,172.31.33.0-255,105,157978,34,158044
30515,0.005087,172.217.194.0-255,66,158044,34,158044
30516,0.0,172.217.194.0-255,153,153,34,182817
30517,1.5e-05,172.31.33.0-255,66,219,34,182817
30518,2.1e-05,172.217.194.0-255,1484,1703,34,182817
30519,2.5e-05,172.31.33.0-255,66,1769,34,182817
30520,3e-05,172.217.194.0-255,2902,4671,34,182817
30521,3.9e-05,172.31.33.0-255,66,4737,34,182817
30522,6.9e-05,172.217.194.0-255,7156,11893,34,182817
30523,7.1e-05,172.31.33.0-255,66,11959,34,182817
30524,7.5e-05,172.217.194.0-255,2067,14026,34,182817
30525,7.8e-05,172.31.33.0-255,66,14092,34,182817
30526,0.000126,172.217.194.0-255,2902,16994,34,182817
30527,0.000129,172.31.33.0-255,66,17060,34,182817
30528,0.000133,172.217.194.0-255,2902,19962,34,182817
30529,0.000135,172.31.33.0-255,66,20028,34,182817
30530,0.000141,172.217.194.0-255,7156,27184,34,182817
30531,0.000143,172.31.33.0-255,66,27250,34,182817
30532,0.000175,172.217.194.0-255,3961,31211,34,182817
30533,0.000177,172.31.33.0-255,66,31277,34,182817
30534,0.000242,172.217.194.0-255,1484,32761,34,182817
30535,0.000244,172.31.33.0-255,66,32827,34,182817
30536,0.000249,172.217.194.0-255,2902,35729,34,182817
30537,0.000251,172.31.33.0-255,66,35795,34,182817
30538,0.000253,172.217.194.0-255,1484,37279,34,182817
30539,0.000255,172.31.33.0-255,66,37345,34,182817
30540,0.000284,172.217.194.0-255,4320,41665,34,182817
30541,0.000287,172.31.33.0-255,66,41731,34,182817
30542,0.000292,172.217.194.0-255,5738,47469,34,182817
30543,0.000294,172.31.33.0-255,66,47535,34,182817
30544,0.000309,172.217.194.0-255,4320,51855,34,182817
30545,0.000311,172.31.33.0-255,66,51921,34,182817
30546,0.000344,172.31.33.0-255,66,51987,34,182817
30547,0.000349,172.217.194.0-255,4251,56238,34,182817
30548,0.000351,172.31.33.0-255,66,56304,34,182817
30549,0.000353,172.217.194.0-255,398,56702,34,182817
30550,0.00053,172.217.194.0-255,1484,58186,34,182817
30551,0.000536,172.31.33.0-255,66,58252,34,182817
30552,0.000541,172.217.194.0-255,2902,61154,34,182817
30553,0.000543,172.31.33.0-255,66,61220,34,182817
30554,0.000546,172.217.194.0-255,2902,64122,34,182817
30555,0.000552,172.31.33.0-255,66,64188,34,182817
30556,0.000587,172.217.194.0-255,2902,67090,34,182817
30557,0.00059,172.31.33.0-255,66,67156,34,182817
30558,0.000603,172.31.33.0-255,66,67222,34,182817
30559,0.000609,172.217.194.0-255,7156,74378,34,182817
30560,0.000612,172.31.33.0-255,66,74444,34,182817
30561,0.00064,172.217.194.0-255,3602,78046,34,182817
30562,0.000643,172.31.33.0-255,66,78112,34,182817
30563,0.000894,172.217.194.0-255,1484,79596,34,182817
30564,0.0009,172.217.194.0-255,2902,82498,34,182817
30565,0.000903,172.31.33.0-255,66,82564,34,182817
30566,0.000924,172.217.194.0-255,5738,88302,34,182817
30567,0.000926,172.31.33.0-255,66,88368,34,182817
30568,0.000954,172.31.33.0-255,66,88434,34,182817
30569,0.000977,172.217.194.0-255,1484,89918,34,182817
30570,0.001011,172.31.33.0-255,66,89984,34,182817
30571,0.001205,172.217.194.0-255,1484,91468,34,182817
30572,0.001209,172.217.194.0-255,1484,92952,34,182817
30573,0.001212,172.31.33.0-255,66,93018,34,182817
30574,0.001241,172.217.194.0-255,1484,94502,34,182817
30575,0.001247,172.217.194.0-255,5738,100240,34,182817
30576,0.001249,172.31.33.0-255,66,100306,34,182817
30577,0.001253,172.217.194.0-255,2902,103208,34,182817
30578,0.001255,172.31.33.0-255,66,103274,34,182817
30579,0.001259,172.217.194.0-255,2902,106176,34,182817
30580,0.00126,172.31.33.0-255,66,106242,34,182817
30581,0.001293,172.217.194.0-255,7156,113398,34,182817
30582,0.001295,172.31.33.0-255,66,113464,34,182817
30583,0.001306,172.31.33.0-255,66,113530,34,182817
30584,0.001343,172.217.194.0-255,7156,120686,34,182817
30585,0.001345,172.31.33.0-255,66,120752,34,182817
30586,0.001359,172.217.194.0-255,4320,125072,34,182817
30587,0.001365,172.31.33.0-255,66,125138,34,182817
30588,0.001376,172.31.33.0-255,66,125204,34,182817
30589,0.001399,172.217.194.0-255,2902,128106,34,182817
30590,0.001401,172.31.33.0-255,66,128172,34,182817
30591,0.001412,172.31.33.0-255,66,128238,34,182817
30592,0.001459,172.217.194.0-255,1484,129722,34,182817
30593,0.001464,172.217.194.0-255,2902,132624,34,182817
30594,0.001466,172.31.33.0-255,66,132690,34,182817
30595,0.001472,172.217.194.0-255,5738,138428,34,182817
30596,0.001474,172.31.33.0-255,66,138494,34,182817
30597,0.0015,172.217.194.0-255,2902,141396,34,182817
30598,0.001503,172.31.33.0-255,66,141462,34,182817
30599,0.001529,172.217.194.0-255,7156,148618,34,182817
30600,0.001541,172.31.33.0-255,66,148684,34,182817
30601,0.001543,172.31.33.0-255,66,148750,34,182817
30602,0.001567,172.217.194.0-255,2902,151652,34,182817
30603,0.001569,172.31.33.0-255,66,151718,34,182817
30604,0.001573,172.217.194.0-255,2184,153902,34,182817
30605,0.001575,172.31.33.0-255,66,153968,34,182817
30606,0.001645,172.217.194.0-255,1484,155452,34,182817
30607,0.001649,172.217.194.0-255,1484,156936,34,182817
30608,0.001652,172.31.33.0-255,66,157002,34,182817
30609,0.001679,172.217.194.0-255,1484,158486,34,182817
30610,0.001685,172.217.194.0-255,5738,164224,34,182817
30611,0.001687,172.31.33.0-255,66,164290,34,182817
30612,0.001707,172.31.33.0-255,66,164356,34,182817
30613,0.001717,172.31.33.0-255,66,164422,34,182817
30614,0.001744,172.217.194.0-255,2184,166606,34,182817
30615,0.001746,172.31.33.0-255,66,166672,34,182817
30616,0.00175,172.217.194.0-255,2902,169574,34,182817
30617,0.001752,172.31.33.0-255,66,169640,34,182817
30618,0.001755,172.217.194.0-255,1484,171124,34,182817
30619,0.001778,172.217.194.0-255,2902,174026,34,182817
30620,0.001781,172.31.33.0-255,66,174092,34,182817
30621,0.001792,172.31.33.0-255,66,174158,34,182817
30622,0.001915,172.217.194.0-255,2902,177060,34,182817
30623,0.002045,172.217.194.0-255,1056,178116,34,182817
30624,0.002048,172.217.194.0-255,105,178221,34,182817
30625,0.006089,172.31.33.0-255,66,178287,34,182817
30626,0.009058,172.31.33.0-255,105,178392,34,182817
30627,0.011261,172.217.194.0-255,66,178458,34,182817
30628,0.029289,172.31.33.0-255,172,178630,34,182817
30629,0.02934,172.31.33.0-255,1112,179742,34,182817
30630,0.029411,172.31.33.0-255,1514,181256,34,182817
30631,0.029433,172.31.33.0-255,1297,182553,34,182817
30632,0.030813,104.244.42.0-255,66,182619,34,182817
30633,0.030845,104.244.42.0-255,66,182685,34,182817
30634,0.030964,104.244.42.0-255,66,182751,34,182817
30635,0.03097,104.244.42.0-255,66,182817,34,182817
30636,0.0,74.125.24.0-255,153,153,34,274294
30637,2.8e-05,172.31.33.0-255,66,219,34,274294
30638,3.5e-05,74.125.24.0-255,1484,1703,34,274294
30639,3.9e-05,172.31.33.0-255,66,1769,34,274294
30640,4.4e-05,74.125.24.0-255,2902,4671,34,274294
30641,4.6e-05,172.31.33.0-255,66,4737,34,274294
30642,5e-05,74.125.24.0-255,2902,7639,34,274294
30643,5.3e-05,172.31.33.0-255,66,7705,34,274294
30644,9.3e-05,74.125.24.0-255,4320,12025,34,274294
30645,9.6e-05,172.31.33.0-255,66,12091,34,274294
30646,0.000113,74.125.24.0-255,3436,15527,34,274294
30647,0.000115,172.31.33.0-255,66,15593,34,274294
30648,0.000122,74.125.24.0-255,5738,21331,34,274294
30649,0.000124,172.31.33.0-255,66,21397,34,274294
30650,0.000141,74.125.24.0-255,2902,24299,34,274294
30651,0.000143,172.31.33.0-255,66,24365,34,274294
30652,0.000147,74.125.24.0-255,2902,27267,34,274294
30653,0.000151,172.31.33.0-255,66,27333,34,274294
30654,0.00017,74.125.24.0-255,3961,31294,34,274294
30655,0.000173,172.31.33.0-255,66,31360,34,274294
30656,0.000284,74.125.24.0-255,1484,32844,34,274294
30657,0.000288,172.31.33.0-255,66,32910,34,274294
30658,0.000309,74.125.24.0-255,2902,35812,34,274294
30659,0.000311,172.31.33.0-255,66,35878,34,274294
30660,0.000317,74.125.24.0-255,5738,41616,34,274294
30661,0.000319,172.31.33.0-255,66,41682,34,274294
30662,0.000359,74.125.24.0-255,6797,48479,34,274294
30663,0.000362,172.31.33.0-255,66,48545,34,274294
30664,0.000367,74.125.24.0-255,2902,51447,34,274294
30665,0.000368,172.31.33.0-255,66,51513,34,274294
30666,0.000384,74.125.24.0-255,4320,55833,34,274294
30667,0.000387,172.31.33.0-255,66,55899,34,274294
30668,0.000398,74.125.24.0-255,1484,57383,34,274294
30669,0.000431,172.31.33.0-255,66,57449,34,274294
30670,0.000434,74.125.24.0-255,135,57584,34,274294
30671,0.000459,74.125.24.0-255,343,57927,34,274294
30672,0.000742,74.125.24.0-255,1484,59411,34,274294
30673,0.000747,172.31.33.0-255,66,59477,34,274294
30674,0.000752,74.125.24.0-255,1484,60961,34,274294
30675,0.000762,74.125.24.0-255,1484,62445,34,274294
30676,0.000764,172.31.33.0-255,66,62511,34,274294
30677,0.00077,74.125.24.0-255,5738,68249,34,274294
30678,0.000772,172.31.33.0-255,66,68315,34,274294
30679,0.000792,74.125.24.0-255,2902,71217,34,274294
30680,0.000795,172.31.33.0-255,66,71283,34,274294
30681,0.000813,172.31.33.0-255,66,71349,34,274294
30682,0.000843,172.31.33.0-255,66,71415,34,274294
30683,0.001147,74.125.24.0-255,1484,72899,34,274294
30684,0.001164,74.125.24.0-255,2902,75801,34,274294
30685,0.001168,172.31.33.0-255,66,75867,34,274294
30686,0.001173,74.125.24.0-255,4320,80187,34,274294
30687,0.001175,172.31.33.0-255,66,80253,34,274294
30688,0.001208,74.125.24.0-255,4320,84573,34,274294
30689,0.00121,172.31.33.0-255,66,84639,34,274294
30690,0.001228,74.125.24.0-255,4320,88959,34,274294
30691,0.00123,172.31.33.0-255,66,89025,34,274294
30692,0.001232,74.125.24.0-255,1484,90509,34,274294
30693,0.001247,74.125.24.0-255,7156,97665,34,274294
30694,0.001249,172.31.33.0-255,66,97731,34,274294
30695,0.00128,74.125.24.0-255,4320,102051,34,274294
30696,0.001282,172.31.33.0-255,66,102117,34,274294
30697,0.001299,74.125.24.0-255,3602,105719,34,274294
30698,0.001301,172.31.33.0-255,66,105785,34,274294
30699,0.001401,74.125.24.0-255,1484,107269,34,274294
30700,0.001404,74.125.24.0-255,1484,108753,34,274294
30701,0.001405,172.31.33.0-255,66,108819,34,274294
30702,0.00142,74.125.24.0-255,1484,110303,34,274294
30703,0.001444,74.125.24.0-255,5738,116041,34,274294
30704,0.001446,172.31.33.0-255,66,116107,34,274294
30705,0.001451,74.125.24.0-255,5738,121845,34,274294
30706,0.001452,172.31.33.0-255,66,121911,34,274294
30707,0.001464,74.125.24.0-255,1484,123395,34,274294
30708,0.001499,172.31.33.0-255,66,123461,34,274294
30709,0.001502,74.125.24.0-255,2184,125645,34,274294
30710,0.001504,172.31.33.0-255,66,125711,34,274294
30711,0.001593,74.125.24.0-255,1484,127195,34,274294
30712,0.001609,74.125.24.0-255,2902,130097,34,274294
30713,0.001611,172.31.33.0-255,66,130163,34,274294
30714,0.001613,74.125.24.0-255,1484,131647,34,274294
30715,0.001631,74.125.24.0-255,4320,135967,34,274294
30716,0.001633,172.31.33.0-255,66,136033,34,274294
30717,0.001653,74.125.24.0-255,7156,143189,34,274294
30718,0.001655,172.31.33.0-255,66,143255,34,274294
30719,0.001705,74.125.24.0-255,4320,147575,34,274294
30720,0.001707,172.31.33.0-255,66,147641,34,274294
30721,0.001733,172.31.33.0-255,66,147707,34,274294
30722,0.001736,74.125.24.0-255,2184,149891,34,274294
30723,0.001738,172.31.33.0-255,66,149957,34,274294
30724,0.001988,74.125.24.0-255,1484,151441,34,274294
30725,0.001999,74.125.24.0-255,2902,154343,34,274294
30726,0.002001,172.31.33.0-255,66,154409,34,274294
30727,0.00202,74.125.24.0-255,5738,160147,34,274294
30728,0.002022,172.31.33.0-255,66,160213,34,274294
30729,0.002038,74.125.24.0-255,2902,163115,34,274294
30730,0.00204,172.31.33.0-255,66,163181,34,274294
30731,0.002066,74.125.24.0-255,7156,170337,34,274294
30732,0.002068,172.31.33.0-255,66,170403,34,274294
30733,0.002094,172.31.33.0-255,66,170469,34,274294
30734,0.002266,74.125.24.0-255,1484,171953,34,274294
30735,0.002277,74.125.24.0-255,2902,174855,34,274294
30736,0.002279,172.31.33.0-255,66,174921,34,274294
30737,0.002299,74.125.24.0-255,5738,180659,34,274294
30738,0.002301,172.31.33.0-255,66,180725,34,274294
30739,0.00235,74.125.24.0-255,2902,183627,34,274294
30740,0.002352,172.31.33.0-255,66,183693,34,274294
30741,0.002375,172.31.33.0-255,66,183759,34,274294
30742,0.002385,172.31.33.0-255,66,183825,34,274294
30743,0.002442,74.125.24.0-255,1484,185309,34,274294
30744,0.002464,74.125.24.0-255,2902,188211,34,274294
30745,0.002466,172.31.33.0-255,66,188277,34,274294
30746,0.002475,74.125.24.0-255,2902,191179,34,274294
30747,0.002477,172.31.33.0-255,66,191245,34,274294
30748,0.002491,74.125.24.0-255,1484,192729,34,274294
30749,0.002493,74.125.24.0-255,1484,194213,34,274294
30750,0.002495,172.31.33.0-255,66,194279,34,274294
30751,0.002524,74.125.24.0-255,2902,197181,34,274294
30752,0.002526,172.31.33.0-255,66,197247,34,274294
30753,0.002552,172.31.33.0-255,66,197313,34,274294
30754,0.002554,74.125.24.0-255,1484,198797,34,274294
30755,0.002556,74.125.24.0-255,1484,200281,34,274294
30756,0.002558,172.31.33.0-255,66,200347,34,274294
30757,0.002562,74.125.24.0-255,4320,204667,34,274294
30758,0.002563,172.31.33.0-255,66,204733,34,274294
30759,0.002566,74.125.24.0-255,1484,206217,34,274294
30760,0.002586,74.125.24.0-255,3602,209819,34,274294
30761,0.002588,172.31.33.0-255,66,209885,34,274294
30762,0.002592,74.125.24.0-255,4320,214205,34,274294
30763,0.002594,172.31.33.0-255,66,214271,34,274294
30764,0.002605,74.125.24.0-255,1484,215755,34,274294
30765,0.002632,172.31.33.0-255,66,215821,34,274294
30766,0.002643,74.125.24.0-255,1484,217305,34,274294
30767,0.002649,74.125.24.0-255,7156,224461,34,274294
30768,0.00265,172.31.33.0-255,66,224527,34,274294
30769,0.002655,74.125.24.0-255,5020,229547,34,274294
30770,0.002657,172.31.33.0-255,66,229613,34,274294
30771,0.003176,74.125.24.0-255,1484,231097,34,274294
30772,0.00319,74.125.24.0-255,2902,233999,34,274294
30773,0.003192,172.31.33.0-255,66,234065,34,274294
30774,0.003195,74.125.24.0-255,1484,235549,34,274294
30775,0.003211,74.125.24.0-255,2902,238451,34,274294
30776,0.003213,172.31.33.0-255,66,238517,34,274294
30777,0.003217,74.125.24.0-255,4320,242837,34,274294
30778,0.003219,172.31.33.0-255,66,242903,34,274294
30779,0.003251,74.125.24.0-255,7156,250059,34,274294
30780,0.003253,172.31.33.0-255,66,250125,34,274294
30781,0.003262,172.31.33.0-255,66,250191,34,274294
30782,0.003293,74.125.24.0-255,5738,255929,34,274294
30783,0.003295,172.31.33.0-255,66,255995,34,274294
30784,0.00331,74.125.24.0-255,3602,259597,34,274294
30785,0.003313,172.31.33.0-255,66,259663,34,274294
30786,0.003321,172.31.33.0-255,66,259729,34,274294
30787,0.003339,74.125.24.0-255,1484,261213,34,274294
30788,0.003365,74.125.24.0-255,1484,262697,34,274294
30789,0.003366,172.31.33.0-255,66,262763,34,274294
30790,0.003376,74.125.24.0-255,1484,264247,34,274294
30791,0.003392,74.125.24.0-255,4320,268567,34,274294
30792,0.003394,172.31.33.0-255,66,268633,34,274294
30793,0.003405,74.125.24.0-255,5253,273886,34,274294
30794,0.003407,172.31.33.0-255,66,273952,34,274294
30795,0.00341,74.125.24.0-255,105,274057,34,274294
30796,0.011929,172.31.33.0-255,66,274123,34,274294
30797,0.011957,172.31.33.0-255,105,274228,34,274294
30798,0.014295,74.125.24.0-255,66,274294,34,274294
30799,0.0,172.31.33.0-255,97,97,34,163
30800,0.008014,74.125.200.0-255,66,163,34,163
30801,0.0,172.217.194.0-255,146,146,34,216988
30802,2.5e-05,172.31.33.0-255,66,212,34,216988
30803,3.1e-05,172.217.194.0-255,1484,1696,34,216988
30804,3.4e-05,172.31.33.0-255,66,1762,34,216988
30805,3.8e-05,172.217.194.0-255,2902,4664,34,216988
30806,4.7e-05,172.31.33.0-255,66,4730,34,216988
30807,5.2e-05,172.217.194.0-255,2902,7632,34,216988
30808,5.5e-05,172.31.33.0-255,66,7698,34,216988
30809,5.8e-05,172.217.194.0-255,1484,9182,34,216988
30810,6e-05,172.31.33.0-255,66,9248,34,216988
30811,9.3e-05,172.217.194.0-255,6294,15542,34,216988
30812,9.6e-05,172.31.33.0-255,66,15608,34,216988
30813,0.000101,172.217.194.0-255,4320,19928,34,216988
30814,0.000102,172.31.33.0-255,66,19994,34,216988
30815,0.000145,172.31.33.0-255,66,20060,34,216988
30816,0.000329,172.217.194.0-255,1484,21544,34,216988
30817,0.000333,172.31.33.0-255,66,21610,34,216988
30818,0.000338,172.217.194.0-255,2902,24512,34,216988
30819,0.00034,172.31.33.0-255,66,24578,34,216988
30820,0.000376,172.217.194.0-255,4320,28898,34,216988
30821,0.000379,172.31.33.0-255,66,28964,34,216988
30822,0.000403,172.217.194.0-255,1484,30448,34,216988
30823,0.000406,172.31.33.0-255,66,30514,34,216988
30824,0.000413,172.217.194.0-255,6797,37311,34,216988
30825,0.000415,172.31.33.0-255,66,37377,34,216988
30826,0.000468,172.217.194.0-255,2902,40279,34,216988
30827,0.000472,172.31.33.0-255,66,40345,34,216988
30828,0.000502,172.217.194.0-255,4320,44665,34,216988
30829,0.000505,172.31.33.0-255,66,44731,34,216988
30830,0.000516,172.31.33.0-255,66,44797,34,216988
30831,0.000524,172.217.194.0-255,1125,45922,34,216988
30832,0.000649,172.31.33.0-255,66,45988,34,216988
30833,0.000981,172.217.194.0-255,645,46633,34,216988
30834,0.001523,172.217.194.0-255,1484,48117,34,216988
30835,0.001528,172.31.33.0-255,66,48183,34,216988
30836,0.001533,172.217.194.0-255,2902,51085,34,216988
30837,0.001535,172.31.33.0-255,66,51151,34,216988
30838,0.001562,172.217.194.0-255,1484,52635,34,216988
30839,0.001576,172.217.194.0-255,2902,55537,34,216988
30840,0.001577,172.31.33.0-255,66,55603,34,216988
30841,0.001589,172.217.194.0-255,1484,57087,34,216988
30842,0.001609,172.217.194.0-255,5738,62825,34,216988
30843,0.001611,172.31.33.0-255,66,62891,34,216988
30844,0.001622,172.31.33.0-255,66,62957,34,216988
30845,0.001631,172.217.194.0-255,5020,67977,34,216988
30846,0.001632,172.31.33.0-255,66,68043,34,216988
30847,0.001967,172.217.194.0-255,1484,69527,34,216988
30848,0.001978,172.217.194.0-255,1484,71011,34,216988
30849,0.001981,172.31.33.0-255,66,71077,34,216988
30850,0.002002,172.217.194.0-255,1484,72561,34,216988
30851,0.002008,172.217.194.0-255,5738,78299,34,216988
30852,0.00201,172.31.33.0-255,66,78365,34,216988
30853,0.002014,172.217.194.0-255,4320,82685,34,216988
30854,0.002016,172.31.33.0-255,66,82751,34,216988
30855,0.002052,172.31.33.0-255,66,82817,34,216988
30856,0.002061,172.31.33.0-255,66,82883,34,216988
30857,0.002063,172.217.194.0-255,766,83649,34,216988
30858,0.002087,172.217.194.0-255,1484,85133,34,216988
30859,0.002092,172.31.33.0-255,66,85199,34,216988
30860,0.002103,172.217.194.0-255,2902,88101,34,216988
30861,0.002105,172.31.33.0-255,66,88167,34,216988
30862,0.002124,172.217.194.0-255,1484,89651,34,216988
30863,0.00213,172.217.194.0-255,7156,96807,34,216988
30864,0.002132,172.31.33.0-255,66,96873,34,216988
30865,0.002153,172.217.194.0-255,2902,99775,34,216988
30866,0.002155,172.31.33.0-255,66,99841,34,216988
30867,0.002159,172.217.194.0-255,4320,104161,34,216988
30868,0.002161,172.31.33.0-255,66,104227,34,216988
30869,0.002185,172.217.194.0-255,5738,109965,34,216988
30870,0.002188,172.31.33.0-255,66,110031,34,216988
30871,0.002215,172.31.33.0-255,66,110097,34,216988
30872,0.002249,172.31.33.0-255,66,110163,34,216988
30873,0.002277,172.217.194.0-255,2902,113065,34,216988
30874,0.002279,172.31.33.0-255,66,113131,34,216988
30875,0.00229,172.31.33.0-255,66,113197,34,216988
30876,0.0023,172.217.194.0-255,6438,119635,34,216988
30877,0.002302,172.31.33.0-255,66,119701,34,216988
30878,0.004579,172.217.194.0-255,2902,122603,34,216988
30879,0.004582,172.31.33.0-255,66,122669,34,216988
30880,0.004603,172.217.194.0-255,2902,125571,34,216988
30881,0.004604,172.31.33.0-255,66,125637,34,216988
30882,0.006882,172.217.194.0-255,5738,131375,34,216988
30883,0.006891,172.31.33.0-255,66,131441,34,216988
30884,0.009156,172.217.194.0-255,5738,137179,34,216988
30885,0.009165,172.31.33.0-255,66,137245,34,216988
30886,0.011486,172.217.194.0-255,5738,142983,34,216988
30887,0.011502,172.31.33.0-255,66,143049,34,216988
30888,0.013772,172.217.194.0-255,5738,148787,34,216988
30889,0.013778,172.31.33.0-255,66,148853,34,216988
30890,0.016059,172.217.194.0-255,5738,154591,34,216988
30891,0.016066,172.31.33.0-255,66,154657,34,216988
30892,0.018327,172.217.194.0-255,5738,160395,34,216988
30893,0.018334,172.31.33.0-255,66,160461,34,216988
30894,0.020618,172.217.194.0-255,5738,166199,34,216988
30895,0.020624,172.31.33.0-255,66,166265,34,216988
30896,0.021869,172.31.33.0-255,172,166437,34,216988
30897,0.021898,172.31.33.0-255,1112,167549,34,216988
30898,0.021943,172.31.33.0-255,1514,169063,34,216988
30899,0.02195,172.31.33.0-255,1295,170358,34,216988
30900,0.022912,172.217.194.0-255,5738,176096,34,216988
30901,0.02292,172.31.33.0-255,66,176162,34,216988
30902,0.023391,104.244.42.0-255,66,176228,34,216988
30903,0.023639,104.244.42.0-255,66,176294,34,216988
30904,0.023642,104.244.42.0-255,66,176360,34,216988
30905,0.025201,172.217.194.0-255,5738,182098,34,216988
30906,0.025217,172.31.33.0-255,66,182164,34,216988
30907,0.027512,172.217.194.0-255,5738,187902,34,216988
30908,0.027529,172.31.33.0-255,66,187968,34,216988
30909,0.029792,172.217.194.0-255,5738,193706,34,216988
30910,0.029803,172.31.33.0-255,66,193772,34,216988
30911,0.032084,172.217.194.0-255,5738,199510,34,216988
30912,0.032095,172.31.33.0-255,66,199576,34,216988
30913,0.034411,172.217.194.0-255,5738,205314,34,216988
30914,0.034432,172.31.33.0-255,66,205380,34,216988
30915,0.036708,172.217.194.0-255,5738,211118,34,216988
30916,0.03672,172.31.33.0-255,66,211184,34,216988
30917,0.038997,172.217.194.0-255,5738,216922,34,216988
30918,0.039015,172.31.33.0-255,66,216988,34,216988
30919,0.0,74.125.68.0-255,150,150,34,318187
30920,2.6e-05,172.31.33.0-255,66,216,34,318187
30921,3.2e-05,74.125.68.0-255,1484,1700,34,318187
30922,3.6e-05,172.31.33.0-255,66,1766,34,318187
30923,4.2e-05,74.125.68.0-255,2902,4668,34,318187
30924,4.4e-05,172.31.33.0-255,66,4734,34,318187
30925,7.4e-05,74.125.68.0-255,7156,11890,34,318187
30926,7.6e-05,172.31.33.0-255,66,11956,34,318187
30927,0.000104,74.125.68.0-255,4320,16276,34,318187
30928,0.000107,172.31.33.0-255,66,16342,34,318187
30929,0.000128,74.125.68.0-255,3465,19807,34,318187
30930,0.000131,172.31.33.0-255,66,19873,34,318187
30931,0.000136,74.125.68.0-255,4320,24193,34,318187
30932,0.000139,172.31.33.0-255,66,24259,34,318187
30933,0.000155,74.125.68.0-255,4320,28579,34,318187
30934,0.000157,172.31.33.0-255,66,28645,34,318187
30935,0.00019,172.31.33.0-255,66,28711,34,318187
30936,0.000196,74.125.68.0-255,5738,34449,34,318187
30937,0.000198,172.31.33.0-255,66,34515,34,318187
30938,0.000219,74.125.68.0-255,3602,38117,34,318187
30939,0.000222,172.31.33.0-255,66,38183,34,318187
30940,0.002863,74.125.68.0-255,1484,39667,34,318187
30941,0.002869,172.31.33.0-255,66,39733,34,318187
30942,0.002877,74.125.68.0-255,2902,42635,34,318187
30943,0.002879,172.31.33.0-255,66,42701,34,318187
30944,0.002899,74.125.68.0-255,5738,48439,34,318187
30945,0.002901,172.31.33.0-255,66,48505,34,318187
30946,0.002904,74.125.68.0-255,1484,49989,34,318187
30947,0.002906,172.31.33.0-255,66,50055,34,318187
30948,0.002927,74.125.68.0-255,1484,51539,34,318187
30949,0.002932,74.125.68.0-255,4271,55810,34,318187
30950,0.002934,74.125.68.0-255,111,55921,34,318187
30951,0.002937,172.31.33.0-255,66,55987,34,318187
30952,0.00294,172.31.33.0-255,66,56053,34,318187
30953,0.003071,172.31.33.0-255,66,56119,34,318187
30954,0.008766,74.125.68.0-255,1484,57603,34,318187
30955,0.008778,74.125.68.0-255,2902,60505,34,318187
30956,0.008783,172.31.33.0-255,66,60571,34,318187
30957,0.008809,74.125.68.0-255,5738,66309,34,318187
30958,0.008812,172.31.33.0-255,66,66375,34,318187
30959,0.008834,74.125.68.0-255,7156,73531,34,318187
30960,0.008837,172.31.33.0-255,66,73597,34,318187
30961,0.008867,74.125.68.0-255,7156,80753,34,318187
30962,0.00887,172.31.33.0-255,66,80819,34,318187
30963,0.008893,74.125.68.0-255,7156,87975,34,318187
30964,0.008897,172.31.33.0-255,66,88041,34,318187
30965,0.008915,74.125.68.0-255,1484,89525,34,318187
30966,0.008919,74.125.68.0-255,766,90291,34,318187
30967,0.008922,172.31.33.0-255,66,90357,34,318187
30968,0.015606,74.125.68.0-255,1484,91841,34,318187
30969,0.015624,74.125.68.0-255,2902,94743,34,318187
30970,0.015632,172.31.33.0-255,66,94809,34,318187
30971,0.015642,74.125.68.0-255,5738,100547,34,318187
30972,0.015644,172.31.33.0-255,66,100613,34,318187
30973,0.015692,74.125.68.0-255,7156,107769,34,318187
30974,0.015694,172.31.33.0-255,66,107835,34,318187
30975,0.015698,74.125.68.0-255,2902,110737,34,318187
30976,0.0157,172.31.33.0-255,66,110803,34,318187
30977,0.015734,172.31.33.0-255,66,110869,34,318187
30978,0.015737,74.125.68.0-255,2184,113053,34,318187
30979,0.015739,172.31.33.0-255,66,113119,34,318187
30980,0.015792,74.125.68.0-255,4320,117439,34,318187
30981,0.015795,172.31.33.0-255,66,117505,34,318187
30982,0.01581,74.125.68.0-255,5738,123243,34,318187
30983,0.015812,172.31.33.0-255,66,123309,34,318187
30984,0.015838,74.125.68.0-255,2902,126211,34,318187
30985,0.01584,172.31.33.0-255,66,126277,34,318187
30986,0.01587,172.31.33.0-255,66,126343,34,318187
30987,0.015875,74.125.68.0-255,4320,130663,34,318187
30988,0.015877,172.31.33.0-255,66,130729,34,318187
30989,0.015907,74.125.68.0-255,4320,135049,34,318187
30990,0.01591,172.31.33.0-255,66,135115,34,318187
30991,0.015933,74.125.68.0-255,3602,138717,34,318187
30992,0.015936,172.31.33.0-255,66,138783,34,318187
30993,0.020899,172.31.33.0-255,172,138955,34,318187
30994,0.020927,172.31.33.0-255,1113,140068,34,318187
30995,0.020974,172.31.33.0-255,1514,141582,34,318187
30996,0.020976,172.31.33.0-255,1294,142876,34,318187
30997,0.022034,74.125.68.0-255,1484,144360,34,318187
30998,0.022046,74.125.68.0-255,2902,147262,34,318187
30999,0.022051,172.31.33.0-255,66,147328,34,318187
31000,0.022056,74.125.68.0-255,1484,148812,34,318187
31001,0.022061,74.125.68.0-255,2902,151714,34,318187
31002,0.022064,172.31.33.0-255,66,151780,34,318187
31003,0.022095,74.125.68.0-255,5738,157518,34,318187
31004,0.0221,172.31.33.0-255,66,157584,34,318187
31005,0.022106,74.125.68.0-255,4320,161904,34,318187
31006,0.022108,172.31.33.0-255,66,161970,34,318187
31007,0.02213,74.125.68.0-255,5738,167708,34,318187
31008,0.022135,172.31.33.0-255,66,167774,34,318187
31009,0.022164,74.125.68.0-255,5738,173512,34,318187
31010,0.022168,172.31.33.0-255,66,173578,34,318187
31011,0.022189,74.125.68.0-255,3602,177180,34,318187
31012,0.022192,172.31.33.0-255,66,177246,34,318187
31013,0.022467,104.244.42.0-255,66,177312,34,318187
31014,0.022516,104.244.42.0-255,66,177378,34,318187
31015,0.022581,104.244.42.0-255,66,177444,34,318187
31016,0.027074,74.125.68.0-255,1484,178928,34,318187
31017,0.027091,74.125.68.0-255,2902,181830,34,318187
31018,0.027096,172.31.33.0-255,66,181896,34,318187
31019,0.027103,74.125.68.0-255,4320,186216,34,318187
31020,0.027105,172.31.33.0-255,66,186282,34,318187
31021,0.027132,74.125.68.0-255,1484,187766,34,318187
31022,0.027135,74.125.68.0-255,2902,190668,34,318187
31023,0.027139,74.125.68.0-255,4320,194988,34,318187
31024,0.027142,74.125.68.0-255,2902,197890,34,318187
31025,0.027146,172.31.33.0-255,66,197956,34,318187
31026,0.027148,172.31.33.0-255,66,198022,34,318187
31027,0.027151,172.31.33.0-255,66,198088,34,318187
31028,0.027169,74.125.68.0-255,5738,203826,34,318187
31029,0.027171,172.31.33.0-255,66,203892,34,318187
31030,0.02718,172.31.33.0-255,66,203958,34,318187
31031,0.027196,74.125.68.0-255,1484,205442,34,318187
31032,0.027211,74.125.68.0-255,7156,212598,34,318187
31033,0.027214,172.31.33.0-255,66,212664,34,318187
31034,0.027255,74.125.68.0-255,5738,218402,34,318187
31035,0.027259,172.31.33.0-255,66,218468,34,318187
31036,0.027281,74.125.68.0-255,4320,222788,34,318187
31037,0.027284,172.31.33.0-255,66,222854,34,318187
31038,0.027297,172.31.33.0-255,66,222920,34,318187
31039,0.027324,74.125.68.0-255,2184,225104,34,318187
31040,0.027328,172.31.33.0-255,66,225170,34,318187
31041,0.029991,74.125.68.0-255,1484,226654,34,318187
31042,0.030009,74.125.68.0-255,2902,229556,34,318187
31043,0.030019,172.31.33.0-255,66,229622,34,318187
31044,0.030029,74.125.68.0-255,4320,233942,34,318187
31045,0.030031,172.31.33.0-255,66,234008,34,318187
31046,0.030039,74.125.68.0-255,5738,239746,34,318187
31047,0.030042,172.31.33.0-255,66,239812,34,318187
31048,0.030085,172.31.33.0-255,66,239878,34,318187
31049,0.030091,74.125.68.0-255,4320,244198,34,318187
31050,0.030093,172.31.33.0-255,66,244264,34,318187
31051,0.030169,74.125.68.0-255,3602,247866,34,318187
31052,0.030173,172.31.33.0-255,66,247932,34,318187
31053,0.032359,74.125.68.0-255,1484,249416,34,318187
31054,0.032383,74.125.68.0-255,2902,252318,34,318187
31055,0.032395,172.31.33.0-255,66,252384,34,318187
31056,0.032408,74.125.68.0-255,5738,258122,34,318187
31057,0.032411,172.31.33.0-255,66,258188,34,318187
31058,0.03242,74.125.68.0-255,7156,265344,34,318187
31059,0.032423,172.31.33.0-255,66,265410,34,318187
31060,0.032436,172.31.33.0-255,66,265476,34,318187
31061,0.032451,172.31.33.0-255,66,265542,34,318187
31062,0.032494,172.31.33.0-255,66,265608,34,318187
31063,0.032503,74.125.68.0-255,7156,272764,34,318187
31064,0.032505,172.31.33.0-255,66,272830,34,318187
31065,0.032514,74.125.68.0-255,7156,279986,34,318187
31066,0.032517,172.31.33.0-255,66,280052,34,318187
31067,0.03252,74.125.68.0-255,1484,281536,34,318187
31068,0.032524,74.125.68.0-255,1484,283020,34,318187
31069,0.032526,172.31.33.0-255,66,283086,34,318187
31070,0.032529,74.125.68.0-255,1484,284570,34,318187
31071,0.032532,74.125.68.0-255,1484,286054,34,318187
31072,0.032535,172.31.33.0-255,66,286120,34,318187
31073,0.032563,74.125.68.0-255,5020,291140,34,318187
31074,0.032567,172.31.33.0-255,66,291206,34,318187
31075,0.033331,74.125.68.0-255,1484,292690,34,318187
31076,0.033358,74.125.68.0-255,2902,295592,34,318187
31077,0.033363,172.31.33.0-255,66,295658,34,318187
31078,0.033369,74.125.68.0-255,4320,299978,34,318187
31079,0.033371,172.31.33.0-255,66,300044,34,318187
31080,0.033375,74.125.68.0-255,4320,304364,34,318187
31081,0.033377,172.31.33.0-255,66,304430,34,318187
31082,0.033401,74.125.68.0-255,4320,308750,34,318187
31083,0.033404,172.31.33.0-255,66,308816,34,318187
31084,0.03341,74.125.68.0-255,5738,314554,34,318187
31085,0.033411,172.31.33.0-255,66,314620,34,318187
31086,0.033451,74.125.68.0-255,3159,317779,34,318187
31087,0.033453,172.31.33.0-255,66,317845,34,318187
31088,0.033472,74.125.68.0-255,105,317950,34,318187
31089,0.0337,172.31.33.0-255,66,318016,34,318187
31090,0.033739,172.31.33.0-255,105,318121,34,318187
31091,0.036237,74.125.68.0-255,66,318187,34,318187
31092,0.0,172.31.33.0-255,105,105,34,342
31093,0.002364,74.125.24.0-255,66,171,34,342
31094,0.002396,74.125.24.0-255,105,276,34,342
31095,0.0024,172.31.33.0-255,66,342,34,342
31096,0.0,74.125.24.0-255,162,162,34,282054
31097,2.9e-05,172.31.33.0-255,66,228,34,282054
31098,3.6e-05,74.125.24.0-255,1484,1712,34,282054
31099,4e-05,172.31.33.0-255,66,1778,34,282054
31100,5.1e-05,74.125.24.0-255,2902,4680,34,282054
31101,5.4e-05,172.31.33.0-255,66,4746,34,282054
31102,5.7e-05,74.125.24.0-255,1484,6230,34,282054
31103,6e-05,172.31.33.0-255,66,6296,34,282054
31104,6.4e-05,74.125.24.0-255,2902,9198,34,282054
31105,6.6e-05,172.31.33.0-255,66,9264,34,282054
31106,9.5e-05,74.125.24.0-255,1484,10748,34,282054
31107,9.8e-05,172.31.33.0-255,66,10814,34,282054
31108,0.000109,74.125.24.0-255,3476,14290,34,282054
31109,0.000112,172.31.33.0-255,66,14356,34,282054
31110,0.000121,74.125.24.0-255,5738,20094,34,282054
31111,0.000124,172.31.33.0-255,66,20160,34,282054
31112,0.000173,74.125.24.0-255,4320,24480,34,282054
31113,0.000176,172.31.33.0-255,66,24546,34,282054
31114,0.000198,74.125.24.0-255,2902,27448,34,282054
31115,0.000201,172.31.33.0-255,66,27514,34,282054
31116,0.000205,74.125.24.0-255,3961,31475,34,282054
31117,0.000207,172.31.33.0-255,66,31541,34,282054
31118,0.000261,74.125.24.0-255,1484,33025,34,282054
31119,0.000264,172.31.33.0-255,66,33091,34,282054
31120,0.000269,74.125.24.0-255,2902,35993,34,282054
31121,0.000271,172.31.33.0-255,66,36059,34,282054
31122,0.0003,74.125.24.0-255,5738,41797,34,282054
31123,0.000303,172.31.33.0-255,66,41863,34,282054
31124,0.000322,172.31.33.0-255,66,41929,34,282054
31125,0.000368,172.31.33.0-255,66,41995,34,282054
31126,0.000386,74.125.24.0-255,1436,43431,34,282054
31127,0.00039,74.125.24.0-255,110,43541,34,282054
31128,0.000487,74.125.24.0-255,332,43873,34,282054
31129,0.000491,172.31.33.0-255,66,43939,34,282054
31130,0.000839,74.125.24.0-255,1484,45423,34,282054
31131,0.000845,74.125.24.0-255,2902,48325,34,282054
31132,0.000848,172.31.33.0-255,66,48391,34,282054
31133,0.000856,74.125.24.0-255,5738,54129,34,282054
31134,0.000859,172.31.33.0-255,66,54195,34,282054
31135,0.00087,74.125.24.0-255,4320,58515,34,282054
31136,0.000872,172.31.33.0-255,66,58581,34,282054
31137,0.000879,74.125.24.0-255,5738,64319,34,282054
31138,0.000881,172.31.33.0-255,66,64385,34,282054
31139,0.000909,74.125.24.0-255,5738,70123,34,282054
31140,0.000913,172.31.33.0-255,66,70189,34,282054
31141,0.000917,74.125.24.0-255,1484,71673,34,282054
31142,0.000946,74.125.24.0-255,6438,78111,34,282054
31143,0.00095,172.31.33.0-255,66,78177,34,282054
31144,0.001581,74.125.24.0-255,1484,79661,34,282054
31145,0.001592,74.125.24.0-255,2902,82563,34,282054
31146,0.001596,172.31.33.0-255,66,82629,34,282054
31147,0.001601,74.125.24.0-255,1484,84113,34,282054
31148,0.001633,74.125.24.0-255,4320,88433,34,282054
31149,0.001636,172.31.33.0-255,66,88499,34,282054
31150,0.001649,172.31.33.0-255,66,88565,34,282054
31151,0.001656,74.125.24.0-255,5738,94303,34,282054
31152,0.001658,172.31.33.0-255,66,94369,34,282054
31153,0.001688,74.125.24.0-255,4320,98689,34,282054
31154,0.001691,172.31.33.0-255,66,98755,34,282054
31155,0.001714,74.125.24.0-255,766,99521,34,282054
31156,0.00193,74.125.24.0-255,1484,101005,34,282054
31157,0.001932,172.31.33.0-255,66,101071,34,282054
31158,0.001936,74.125.24.0-255,2902,103973,34,282054
31159,0.001938,172.31.33.0-255,66,104039,34,282054
31160,0.001959,74.125.24.0-255,5738,109777,34,282054
31161,0.00196,172.31.33.0-255,66,109843,34,282054
31162,0.001967,74.125.24.0-255,2902,112745,34,282054
31163,0.001969,172.31.33.0-255,66,112811,34,282054
31164,0.001996,172.31.33.0-255,66,112877,34,282054
31165,0.002007,74.125.24.0-255,1484,114361,34,282054
31166,0.002033,172.31.33.0-255,66,114427,34,282054
31167,0.002106,74.125.24.0-255,1484,115911,34,282054
31168,0.002117,74.125.24.0-255,2902,118813,34,282054
31169,0.002119,172.31.33.0-255,66,118879,34,282054
31170,0.002144,74.125.24.0-255,5738,124617,34,282054
31171,0.002147,172.31.33.0-255,66,124683,34,282054
31172,0.002152,74.125.24.0-255,7156,131839,34,282054
31173,0.002154,172.31.33.0-255,66,131905,34,282054
31174,0.002174,74.125.24.0-255,2902,134807,34,282054
31175,0.002175,172.31.33.0-255,66,134873,34,282054
31176,0.002181,74.125.24.0-255,5738,140611,34,282054
31177,0.002183,172.31.33.0-255,66,140677,34,282054
31178,0.002208,74.125.24.0-255,5738,146415,34,282054
31179,0.00221,172.31.33.0-255,66,146481,34,282054
31180,0.002214,74.125.24.0-255,2184,148665,34,282054
31181,0.002215,172.31.33.0-255,66,148731,34,282054
31182,0.002241,74.125.24.0-255,2902,151633,34,282054
31183,0.002243,172.31.33.0-255,66,151699,34,282054
31184,0.002285,74.125.24.0-255,4320,156019,34,282054
31185,0.002288,172.31.33.0-255,66,156085,34,282054
31186,0.002296,172.31.33.0-255,66,156151,34,282054
31187,0.002323,172.31.33.0-255,66,156217,34,282054
31188,0.002348,74.125.24.0-255,6438,162655,34,282054
31189,0.00235,172.31.33.0-255,66,162721,34,282054
31190,0.002354,74.125.24.0-255,4320,167041,34,282054
31191,0.002356,172.31.33.0-255,66,167107,34,282054
31192,0.002359,74.125.24.0-255,1484,168591,34,282054
31193,0.002386,74.125.24.0-255,4320,172911,34,282054
31194,0.002389,172.31.33.0-255,66,172977,34,282054
31195,0.002392,74.125.24.0-255,2902,175879,34,282054
31196,0.002396,172.31.33.0-255,66,175945,34,282054
31197,0.002435,172.31.33.0-255,66,176011,34,282054
31198,0.00244,74.125.24.0-255,5738,181749,34,282054
31199,0.002442,172.31.33.0-255,66,181815,34,282054
31200,0.00245,74.125.24.0-255,6438,188253,34,282054
31201,0.002452,172.31.33.0-255,66,188319,34,282054
31202,0.002523,74.125.24.0-255,1484,189803,34,282054
31203,0.002535,74.125.24.0-255,2902,192705,34,282054
31204,0.002536,172.31.33.0-255,66,192771,34,282054
31205,0.002558,74.125.24.0-255,5738,198509,34,282054
31206,0.002561,172.31.33.0-255,66,198575,34,282054
31207,0.002594,74.125.24.0-255,4320,202895,34,282054
31208,0.002596,172.31.33.0-255,66,202961,34,282054
31209,0.002617,74.125.24.0-255,2902,205863,34,282054
31210,0.002618,172.31.33.0-255,66,205929,34,282054
31211,0.002623,74.125.24.0-255,4320,210249,34,282054
31212,0.002625,172.31.33.0-255,66,210315,34,282054
31213,0.002627,74.125.24.0-255,1484,211799,34,282054
31214,0.002659,74.125.24.0-255,1484,213283,34,282054
31215,0.002661,172.31.33.0-255,66,213349,34,282054
31216,0.002694,172.31.33.0-255,66,213415,34,282054
31217,0.002696,74.125.24.0-255,766,214181,34,282054
31218,0.00272,74.125.24.0-255,1484,215665,34,282054
31219,0.002722,172.31.33.0-255,66,215731,34,282054
31220,0.002732,74.125.24.0-255,1484,217215,34,282054
31221,0.00275,74.125.24.0-255,2902,220117,34,282054
31222,0.002752,172.31.33.0-255,66,220183,34,282054
31223,0.002757,74.125.24.0-255,5738,225921,34,282054
31224,0.002759,172.31.33.0-255,66,225987,34,282054
31225,0.002786,74.125.24.0-255,4320,230307,34,282054
31226,0.002788,172.31.33.0-255,66,230373,34,282054
31227,0.002794,74.125.24.0-255,7156,237529,34,282054
31228,0.002796,172.31.33.0-255,66,237595,34,282054
31229,0.002826,172.31.33.0-255,66,237661,34,282054
31230,0.002848,74.125.24.0-255,766,238427,34,282054
31231,0.002898,74.125.24.0-255,1484,239911,34,282054
31232,0.0029,172.31.33.0-255,66,239977,34,282054
31233,0.002903,74.125.24.0-255,1484,241461,34,282054
31234,0.002911,74.125.24.0-255,1484,242945,34,282054
31235,0.002916,172.31.33.0-255,66,243011,34,282054
31236,0.002922,74.125.24.0-255,5738,248749,34,282054
31237,0.002924,172.31.33.0-255,66,248815,34,282054
31238,0.002947,74.125.24.0-255,2902,251717,34,282054
31239,0.002949,172.31.33.0-255,66,251783,34,282054
31240,0.00298,172.31.33.0-255,66,251849,34,282054
31241,0.002983,74.125.24.0-255,2902,254751,34,282054
31242,0.002985,172.31.33.0-255,66,254817,34,282054
31243,0.002989,74.125.24.0-255,4320,259137,34,282054
31244,0.00299,172.31.33.0-255,66,259203,34,282054
31245,0.003017,74.125.24.0-255,7156,266359,34,282054
31246,0.003019,172.31.33.0-255,66,266425,34,282054
31247,0.003044,74.125.24.0-255,2184,268609,34,282054
31248,0.003045,172.31.33.0-255,66,268675,34,282054
31249,0.003048,74.125.24.0-255,1484,270159,34,282054
31250,0.00309,172.31.33.0-255,66,270225,34,282054
31251,0.00311,74.125.24.0-255,2902,273127,34,282054
31252,0.003112,172.31.33.0-255,66,273193,34,282054
31253,0.003116,74.125.24.0-255,4162,277355,34,282054
31254,0.003117,172.31.33.0-255,66,277421,34,282054
31255,0.003151,74.125.24.0-255,105,277526,34,282054
31256,0.014103,172.31.33.0-255,66,277592,34,282054
31257,0.014131,172.31.33.0-255,105,277697,34,282054
31258,0.016689,74.125.24.0-255,66,277763,34,282054
31259,0.033832,172.31.33.0-255,172,277935,34,282054
31260,0.033859,172.31.33.0-255,1112,279047,34,282054
31261,0.033899,172.31.33.0-255,1514,280561,34,282054
31262,0.0339,172.31.33.0-255,1295,281856,34,282054
31263,0.035389,104.244.42.0-255,66,281922,34,282054
31264,0.035396,104.244.42.0-255,66,281988,34,282054
31265,0.035481,104.244.42.0-255,66,282054,34,282054
31266,0.0,172.217.194.0-255,153,153,34,116433
31267,2.3e-05,172.31.33.0-255,66,219,34,116433
31268,3e-05,172.217.194.0-255,1484,1703,34,116433
31269,3.4e-05,172.31.33.0-255,66,1769,34,116433
31270,4e-05,172.217.194.0-255,2902,4671,34,116433
31271,4.3e-05,172.31.33.0-255,66,4737,34,116433
31272,5e-05,172.217.194.0-255,7156,11893,34,116433
31273,5.4e-05,172.31.33.0-255,66,11959,34,116433
31274,8.4e-05,172.31.33.0-255,66,12025,34,116433
31275,0.000106,172.217.194.0-255,3473,15498,34,116433
31276,0.000109,172.31.33.0-255,66,15564,34,116433
31277,0.000117,172.217.194.0-255,6797,22361,34,116433
31278,0.000119,172.31.33.0-255,66,22427,34,116433
31279,0.00028,172.217.194.0-255,1484,23911,34,116433
31280,0.000284,172.31.33.0-255,66,23977,34,116433
31281,0.00029,172.217.194.0-255,2902,26879,34,116433
31282,0.000293,172.31.33.0-255,66,26945,34,116433
31283,0.000298,172.217.194.0-255,4320,31265,34,116433
31284,0.000301,172.31.33.0-255,66,31331,34,116433
31285,0.000321,172.217.194.0-255,1484,32815,34,116433
31286,0.000323,172.31.33.0-255,66,32881,34,116433
31287,0.00033,172.217.194.0-255,5738,38619,34,116433
31288,0.000332,172.31.33.0-255,66,38685,34,116433
31289,0.000355,172.31.33.0-255,66,38751,34,116433
31290,0.000367,172.31.33.0-255,66,38817,34,116433
31291,0.000544,172.217.194.0-255,380,39197,34,116433
31292,0.000548,172.31.33.0-255,66,39263,34,116433
31293,0.000688,172.217.194.0-255,1484,40747,34,116433
31294,0.000692,172.31.33.0-255,66,40813,34,116433
31295,0.000698,172.217.194.0-255,2902,43715,34,116433
31296,0.0007,172.31.33.0-255,66,43781,34,116433
31297,0.00072,172.217.194.0-255,5738,49519,34,116433
31298,0.000723,172.31.33.0-255,66,49585,34,116433
31299,0.000736,172.217.194.0-255,1484,51069,34,116433
31300,0.000765,172.31.33.0-255,66,51135,34,116433
31301,0.00078,172.217.194.0-255,1484,52619,34,116433
31302,0.000791,172.31.33.0-255,66,52685,34,116433
31303,0.000809,172.217.194.0-255,4320,57005,34,116433
31304,0.000811,172.31.33.0-255,66,57071,34,116433
31305,0.000845,172.217.194.0-255,5020,62091,34,116433
31306,0.000848,172.31.33.0-255,66,62157,34,116433
31307,0.00086,172.31.33.0-255,66,62223,34,116433
31308,0.000916,172.31.33.0-255,66,62289,34,116433
31309,0.000937,172.31.33.0-255,66,62355,34,116433
31310,0.000941,172.217.194.0-255,2902,65257,34,116433
31311,0.000943,172.31.33.0-255,66,65323,34,116433
31312,0.000961,172.217.194.0-255,5020,70343,34,116433
31313,0.000964,172.31.33.0-255,66,70409,34,116433
31314,0.00099,172.31.33.0-255,66,70475,34,116433
31315,0.001032,172.31.33.0-255,66,70541,34,116433
31316,0.001045,172.31.33.0-255,66,70607,34,116433
31317,0.00105,172.217.194.0-255,2902,73509,34,116433
31318,0.001052,172.31.33.0-255,66,73575,34,116433
31319,0.001085,172.31.33.0-255,66,73641,34,116433
31320,0.001097,172.31.33.0-255,66,73707,34,116433
31321,0.001146,172.31.33.0-255,66,73773,34,116433
31322,0.001159,172.31.33.0-255,66,73839,34,116433
31323,0.00122,172.31.33.0-255,66,73905,34,116433
31324,0.001224,172.217.194.0-255,2902,76807,34,116433
31325,0.001227,172.31.33.0-255,66,76873,34,116433
31326,0.001252,172.31.33.0-255,66,76939,34,116433
31327,0.001274,172.217.194.0-255,1484,78423,34,116433
31328,0.001279,172.217.194.0-255,2902,81325,34,116433
31329,0.001281,172.31.33.0-255,66,81391,34,116433
31330,0.001285,172.217.194.0-255,1484,82875,34,116433
31331,0.0013,172.217.194.0-255,4320,87195,34,116433
31332,0.001303,172.31.33.0-255,66,87261,34,116433
31333,0.001307,172.217.194.0-255,2902,90163,34,116433
31334,0.00131,172.31.33.0-255,66,90229,34,116433
31335,0.001341,172.31.33.0-255,66,90295,34,116433
31336,0.001364,172.217.194.0-255,1484,91779,34,116433
31337,0.0014,172.31.33.0-255,66,91845,34,116433
31338,0.001413,172.31.33.0-255,66,91911,34,116433
31339,0.001437,172.217.194.0-255,4320,96231,34,116433
31340,0.00144,172.31.33.0-255,66,96297,34,116433
31341,0.001481,172.31.33.0-255,66,96363,34,116433
31342,0.001488,172.217.194.0-255,5738,102101,34,116433
31343,0.001491,172.31.33.0-255,66,102167,34,116433
31344,0.001521,172.31.33.0-255,66,102233,34,116433
31345,0.001527,172.217.194.0-255,5738,107971,34,116433
31346,0.00153,172.31.33.0-255,66,108037,34,116433
31347,0.001548,172.217.194.0-255,5020,113057,34,116433
31348,0.001551,172.31.33.0-255,66,113123,34,116433
31349,0.001556,172.217.194.0-255,2902,116025,34,116433
31350,0.00157,172.31.33.0-255,66,116091,34,116433
31351,0.001591,172.217.194.0-255,105,116196,34,116433
31352,0.001602,172.31.33.0-255,66,116262,34,116433
31353,0.015017,172.31.33.0-255,105,116367,34,116433
31354,0.017557,172.217.194.0-255,66,116433,34,116433
31355,0.0,172.217.160.0-255,150,150,34,209352
31356,2.7e-05,172.31.33.0-255,66,216,34,209352
31357,3.4e-05,172.217.160.0-255,1484,1700,34,209352
31358,3.8e-05,172.31.33.0-255,66,1766,34,209352
31359,4.2e-05,172.217.160.0-255,2902,4668,34,209352
31360,4.5e-05,172.31.33.0-255,66,4734,34,209352
31361,5.9e-05,172.217.160.0-255,7156,11890,34,209352
31362,6.3e-05,172.31.33.0-255,66,11956,34,209352
31363,6.7e-05,172.217.160.0-255,2082,14038,34,209352
31364,7e-05,172.31.33.0-255,66,14104,34,209352
31365,8.3e-05,172.31.33.0-255,66,14170,34,209352
31366,0.000115,172.217.160.0-255,5379,19549,34,209352
31367,0.000119,172.31.33.0-255,66,19615,34,209352
31368,0.00015,172.217.160.0-255,5738,25353,34,209352
31369,0.000154,172.31.33.0-255,66,25419,34,209352
31370,0.000157,172.217.160.0-255,1484,26903,34,209352
31371,0.00016,172.31.33.0-255,66,26969,34,209352
31372,0.000166,172.217.160.0-255,5738,32707,34,209352
31373,0.000168,172.31.33.0-255,66,32773,34,209352
31374,0.000196,172.217.160.0-255,2902,35675,34,209352
31375,0.000203,172.31.33.0-255,66,35741,34,209352
31376,0.000206,172.217.160.0-255,1125,36866,34,209352
31377,0.000209,172.31.33.0-255,66,36932,34,209352
31378,0.000284,172.217.160.0-255,1484,38416,34,209352
31379,0.000287,172.31.33.0-255,66,38482,34,209352
31380,0.000292,172.217.160.0-255,2902,41384,34,209352
31381,0.000294,172.31.33.0-255,66,41450,34,209352
31382,0.000299,172.217.160.0-255,4320,45770,34,209352
31383,0.000301,172.31.33.0-255,66,45836,34,209352
31384,0.000328,172.217.160.0-255,1484,47320,34,209352
31385,0.000334,172.31.33.0-255,66,47386,34,209352
31386,0.000361,172.217.160.0-255,6797,54183,34,209352
31387,0.000366,172.31.33.0-255,66,54249,34,209352
31388,0.00039,172.217.160.0-255,375,54624,34,209352
31389,0.000821,172.31.33.0-255,66,54690,34,209352
31390,0.000827,172.217.160.0-255,100,54790,34,209352
31391,0.000838,172.31.33.0-255,66,54856,34,209352
31392,0.000936,172.217.160.0-255,1484,56340,34,209352
31393,0.000945,172.217.160.0-255,2902,59242,34,209352
31394,0.000949,172.31.33.0-255,66,59308,34,209352
31395,0.000955,172.217.160.0-255,4320,63628,34,209352
31396,0.000957,172.31.33.0-255,66,63694,34,209352
31397,0.000973,172.217.160.0-255,1484,65178,34,209352
31398,0.001,172.217.160.0-255,2902,68080,34,209352
31399,0.001004,172.31.33.0-255,66,68146,34,209352
31400,0.001044,172.31.33.0-255,66,68212,34,209352
31401,0.00105,172.217.160.0-255,5738,73950,34,209352
31402,0.001052,172.31.33.0-255,66,74016,34,209352
31403,0.001058,172.217.160.0-255,7096,81112,34,209352
31404,0.001067,172.31.33.0-255,66,81178,34,209352
31405,0.001963,172.217.160.0-255,1484,82662,34,209352
31406,0.001972,172.217.160.0-255,2902,85564,34,209352
31407,0.001976,172.31.33.0-255,66,85630,34,209352
31408,0.00198,172.217.160.0-255,1484,87114,34,209352
31409,0.002013,172.31.33.0-255,66,87180,34,209352
31410,0.002018,172.217.160.0-255,4320,91500,34,209352
31411,0.00202,172.31.33.0-255,66,91566,34,209352
31412,0.002062,172.31.33.0-255,66,91632,34,209352
31413,0.002066,172.217.160.0-255,2184,93816,34,209352
31414,0.002069,172.31.33.0-255,66,93882,34,209352
31415,0.002402,172.217.160.0-255,1484,95366,34,209352
31416,0.002427,172.217.160.0-255,2902,98268,34,209352
31417,0.002429,172.31.33.0-255,66,98334,34,209352
31418,0.002435,172.217.160.0-255,5738,104072,34,209352
31419,0.002437,172.31.33.0-255,66,104138,34,209352
31420,0.002442,172.217.160.0-255,4320,108458,34,209352
31421,0.002448,172.31.33.0-255,66,108524,34,209352
31422,0.002482,172.31.33.0-255,66,108590,34,209352
31423,0.002497,172.31.33.0-255,66,108656,34,209352
31424,0.003221,172.217.160.0-255,1484,110140,34,209352
31425,0.003229,172.217.160.0-255,2902,113042,34,209352
31426,0.003233,172.31.33.0-255,66,113108,34,209352
31427,0.00324,172.217.160.0-255,5738,118846,34,209352
31428,0.003243,172.31.33.0-255,66,118912,34,209352
31429,0.003247,172.217.160.0-255,1484,120396,34,209352
31430,0.003283,172.31.33.0-255,66,120462,34,209352
31431,0.003295,172.31.33.0-255,66,120528,34,209352
31432,0.00333,172.217.160.0-255,2184,122712,34,209352
31433,0.003334,172.31.33.0-255,66,122778,34,209352
31434,0.003351,172.31.33.0-255,66,122844,34,209352
31435,0.003368,172.31.33.0-255,66,122910,34,209352
31436,0.003403,172.217.160.0-255,5020,127930,34,209352
31437,0.003408,172.31.33.0-255,66,127996,34,209352
31438,0.003457,172.217.160.0-255,1484,129480,34,209352
31439,0.003463,172.217.160.0-255,2902,132382,34,209352
31440,0.003466,172.31.33.0-255,66,132448,34,209352
31441,0.003473,172.217.160.0-255,4320,136768,34,209352
31442,0.003476,172.31.33.0-255,66,136834,34,209352
31443,0.003496,172.217.160.0-255,1484,138318,34,209352
31444,0.003521,172.31.33.0-255,66,138384,34,209352
31445,0.0036,172.31.33.0-255,66,138450,34,209352
31446,0.003641,172.217.160.0-255,1484,139934,34,209352
31447,0.003646,172.217.160.0-255,2902,142836,34,209352
31448,0.003649,172.31.33.0-255,66,142902,34,209352
31449,0.003654,172.217.160.0-255,2902,145804,34,209352
31450,0.003656,172.31.33.0-255,66,145870,34,209352
31451,0.003679,172.217.160.0-255,2902,148772,34,209352
31452,0.003683,172.31.33.0-255,66,148838,34,209352
31453,0.003703,172.31.33.0-255,66,148904,34,209352
31454,0.00371,172.217.160.0-255,5738,154642,34,209352
31455,0.003714,172.31.33.0-255,66,154708,34,209352
31456,0.003744,172.217.160.0-255,4320,159028,34,209352
31457,0.003747,172.31.33.0-255,66,159094,34,209352
31458,0.003756,172.217.160.0-255,766,159860,34,209352
31459,0.003845,172.217.160.0-255,1484,161344,34,209352
31460,0.00385,172.31.33.0-255,66,161410,34,209352
31461,0.003855,172.217.160.0-255,2902,164312,34,209352
31462,0.003858,172.31.33.0-255,66,164378,34,209352
31463,0.00387,172.217.160.0-255,5738,170116,34,209352
31464,0.003873,172.31.33.0-255,66,170182,34,209352
31465,0.003878,172.217.160.0-255,2902,173084,34,209352
31466,0.00388,172.31.33.0-255,66,173150,34,209352
31467,0.00393,172.31.33.0-255,66,173216,34,209352
31468,0.003939,172.217.160.0-255,7156,180372,34,209352
31469,0.003942,172.31.33.0-255,66,180438,34,209352
31470,0.003947,172.217.160.0-255,3602,184040,34,209352
31471,0.003949,172.31.33.0-255,66,184106,34,209352
31472,0.004055,172.217.160.0-255,1484,185590,34,209352
31473,0.004062,172.217.160.0-255,2902,188492,34,209352
31474,0.004066,172.31.33.0-255,66,188558,34,209352
31475,0.00407,172.217.160.0-255,1484,190042,34,209352
31476,0.004105,172.217.160.0-255,4320,194362,34,209352
31477,0.004109,172.31.33.0-255,66,194428,34,209352
31478,0.004123,172.31.33.0-255,66,194494,34,209352
31479,0.004143,172.31.33.0-255,66,194560,34,209352
31480,0.004275,172.217.160.0-255,1484,196044,34,209352
31481,0.004281,172.217.160.0-255,2902,198946,34,209352
31482,0.004285,172.31.33.0-255,66,199012,34,209352
31483,0.004319,172.217.160.0-255,5738,204750,34,209352
31484,0.004323,172.31.33.0-255,66,204816,34,209352
31485,0.004342,172.31.33.0-255,66,204882,34,209352
31486,0.004345,172.217.160.0-255,1484,206366,34,209352
31487,0.004349,172.217.160.0-255,2578,208944,34,209352
31488,0.004351,172.31.33.0-255,66,209010,34,209352
31489,0.004391,172.217.160.0-255,105,209115,34,209352
31490,0.019054,172.31.33.0-255,66,209181,34,209352
31491,0.019083,172.31.33.0-255,105,209286,34,209352
31492,0.020979,172.217.160.0-255,66,209352,34,209352
31493,0.0,172.31.33.0-255,105,105,34,276
31494,0.001499,157.240.7.0-255,105,210,34,276
31495,0.001511,172.31.33.0-255,66,276,34,276
31496,0.0,74.125.24.0-255,143,143,34,220680
31497,2.9e-05,172.31.33.0-255,66,209,34,220680
31498,3.6e-05,74.125.24.0-255,1484,1693,34,220680
31499,3.9e-05,172.31.33.0-255,66,1759,34,220680
31500,4.4e-05,74.125.24.0-255,2902,4661,34,220680
31501,4.6e-05,172.31.33.0-255,66,4727,34,220680
31502,5.5e-05,74.125.24.0-255,1484,6211,34,220680
31503,5.7e-05,172.31.33.0-255,66,6277,34,220680
31504,6.3e-05,74.125.24.0-255,5738,12015,34,220680
31505,6.6e-05,172.31.33.0-255,66,12081,34,220680
31506,9.1e-05,74.125.24.0-255,1993,14074,34,220680
31507,9.4e-05,172.31.33.0-255,66,14140,34,220680
31508,0.000126,74.125.24.0-255,2902,17042,34,220680
31509,0.000129,172.31.33.0-255,66,17108,34,220680
31510,0.000136,74.125.24.0-255,7156,24264,34,220680
31511,0.000138,172.31.33.0-255,66,24330,34,220680
31512,0.000141,74.125.24.0-255,2902,27232,34,220680
31513,0.000143,172.31.33.0-255,66,27298,34,220680
31514,0.000179,74.125.24.0-255,3961,31259,34,220680
31515,0.000182,172.31.33.0-255,66,31325,34,220680
31516,0.00029,74.125.24.0-255,1484,32809,34,220680
31517,0.000294,172.31.33.0-255,66,32875,34,220680
31518,0.000307,74.125.24.0-255,2902,35777,34,220680
31519,0.000314,172.31.33.0-255,66,35843,34,220680
31520,0.00032,74.125.24.0-255,5738,41581,34,220680
31521,0.000322,172.31.33.0-255,66,41647,34,220680
31522,0.000365,74.125.24.0-255,4320,45967,34,220680
31523,0.000368,172.31.33.0-255,66,46033,34,220680
31524,0.000405,172.31.33.0-255,66,46099,34,220680
31525,0.000445,74.125.24.0-255,4320,50419,34,220680
31526,0.000447,172.31.33.0-255,66,50485,34,220680
31527,0.000475,74.125.24.0-255,5714,56199,34,220680
31528,0.000478,172.31.33.0-255,66,56265,34,220680
31529,0.00048,74.125.24.0-255,110,56375,34,220680
31530,0.000605,74.125.24.0-255,1484,57859,34,220680
31531,0.000609,172.31.33.0-255,66,57925,34,220680
31532,0.000612,74.125.24.0-255,1484,59409,34,220680
31533,0.000636,74.125.24.0-255,1484,60893,34,220680
31534,0.000639,172.31.33.0-255,66,60959,34,220680
31535,0.000644,74.125.24.0-255,5738,66697,34,220680
31536,0.000646,172.31.33.0-255,66,66763,34,220680
31537,0.000687,172.31.33.0-255,66,66829,34,220680
31538,0.000698,172.31.33.0-255,66,66895,34,220680
31539,0.000701,74.125.24.0-255,1484,68379,34,220680
31540,0.000733,74.125.24.0-255,2543,70922,34,220680
31541,0.000736,172.31.33.0-255,66,70988,34,220680
31542,0.001779,74.125.24.0-255,1484,72472,34,220680
31543,0.00179,74.125.24.0-255,2902,75374,34,220680
31544,0.001794,172.31.33.0-255,66,75440,34,220680
31545,0.001802,74.125.24.0-255,5738,81178,34,220680
31546,0.001804,172.31.33.0-255,66,81244,34,220680
31547,0.00183,74.125.24.0-255,5738,86982,34,220680
31548,0.001833,172.31.33.0-255,66,87048,34,220680
31549,0.001866,74.125.24.0-255,7156,94204,34,220680
31550,0.001868,172.31.33.0-255,66,94270,34,220680
31551,0.001884,172.31.33.0-255,66,94336,34,220680
31552,0.001939,74.125.24.0-255,1484,95820,34,220680
31553,0.001953,74.125.24.0-255,2902,98722,34,220680
31554,0.001955,172.31.33.0-255,66,98788,34,220680
31555,0.00196,74.125.24.0-255,2902,101690,34,220680
31556,0.001961,172.31.33.0-255,66,101756,34,220680
31557,0.001982,74.125.24.0-255,2902,104658,34,220680
31558,0.001984,172.31.33.0-255,66,104724,34,220680
31559,0.001989,74.125.24.0-255,4320,109044,34,220680
31560,0.00199,172.31.33.0-255,66,109110,34,220680
31561,0.002021,172.31.33.0-255,66,109176,34,220680
31562,0.002026,74.125.24.0-255,5738,114914,34,220680
31563,0.002029,172.31.33.0-255,66,114980,34,220680
31564,0.002074,172.31.33.0-255,66,115046,34,220680
31565,0.002086,172.31.33.0-255,66,115112,34,220680
31566,0.002102,172.31.33.0-255,66,115178,34,220680
31567,0.002153,74.125.24.0-255,1484,116662,34,220680
31568,0.002157,74.125.24.0-255,2902,119564,34,220680
31569,0.002159,172.31.33.0-255,66,119630,34,220680
31570,0.002162,74.125.24.0-255,1484,121114,34,220680
31571,0.002185,74.125.24.0-255,4320,125434,34,220680
31572,0.002188,172.31.33.0-255,66,125500,34,220680
31573,0.002194,74.125.24.0-255,5738,131238,34,220680
31574,0.002196,172.31.33.0-255,66,131304,34,220680
31575,0.002198,74.125.24.0-255,1484,132788,34,220680
31576,0.002225,74.125.24.0-255,5738,138526,34,220680
31577,0.002227,172.31.33.0-255,66,138592,34,220680
31578,0.002255,74.125.24.0-255,2902,141494,34,220680
31579,0.002257,172.31.33.0-255,66,141560,34,220680
31580,0.002262,74.125.24.0-255,4320,145880,34,220680
31581,0.002265,172.31.33.0-255,66,145946,34,220680
31582,0.002269,74.125.24.0-255,3602,149548,34,220680
31583,0.002271,172.31.33.0-255,66,149614,34,220680
31584,0.002294,74.125.24.0-255,1484,151098,34,220680
31585,0.002299,74.125.24.0-255,2902,154000,34,220680
31586,0.002305,172.31.33.0-255,66,154066,34,220680
31587,0.002367,74.125.24.0-255,5738,159804,34,220680
31588,0.00237,172.31.33.0-255,66,159870,34,220680
31589,0.002391,172.31.33.0-255,66,159936,34,220680
31590,0.002401,172.31.33.0-255,66,160002,34,220680
31591,0.002403,74.125.24.0-255,766,160768,34,220680
31592,0.002407,74.125.24.0-255,4320,165088,34,220680
31593,0.002409,172.31.33.0-255,66,165154,34,220680
31594,0.002433,172.31.33.0-255,66,165220,34,220680
31595,0.00246,172.31.33.0-255,66,165286,34,220680
31596,0.002466,74.125.24.0-255,6438,171724,34,220680
31597,0.002468,172.31.33.0-255,66,171790,34,220680
31598,0.002471,74.125.24.0-255,2902,174692,34,220680
31599,0.002473,172.31.33.0-255,66,174758,34,220680
31600,0.002478,74.125.24.0-255,4320,179078,34,220680
31601,0.00248,172.31.33.0-255,66,179144,34,220680
31602,0.002483,74.125.24.0-255,2902,182046,34,220680
31603,0.002485,172.31.33.0-255,66,182112,34,220680
31604,0.002521,172.31.33.0-255,66,182178,34,220680
31605,0.002546,74.125.24.0-255,1484,183662,34,220680
31606,0.002552,74.125.24.0-255,7156,190818,34,220680
31607,0.002556,74.125.24.0-255,3602,194420,34,220680
31608,0.002558,74.125.24.0-255,1484,195904,34,220680
31609,0.002603,74.125.24.0-255,2902,198806,34,220680
31610,0.002621,74.125.24.0-255,6438,205244,34,220680
31611,0.002626,74.125.24.0-255,5738,210982,34,220680
31612,0.002659,74.125.24.0-255,2902,213884,34,220680
31613,0.00269,74.125.24.0-255,5738,219622,34,220680
31614,0.002692,74.125.24.0-255,716,220338,34,220680
31615,0.002746,74.125.24.0-255,105,220443,34,220680
31616,0.008251,172.31.33.0-255,66,220509,34,220680
31617,0.010324,172.31.33.0-255,105,220614,34,220680
31618,0.012343,74.125.24.0-255,66,220680,34,220680
31619,0.0,172.217.194.0-255,153,153,34,237550
31620,2.7e-05,172.31.33.0-255,66,219,34,237550
31621,3.3e-05,172.217.194.0-255,1484,1703,34,237550
31622,3.7e-05,172.31.33.0-255,66,1769,34,237550
31623,4.1e-05,172.217.194.0-255,2902,4671,34,237550
31624,4.3e-05,172.31.33.0-255,66,4737,34,237550
31625,4.6e-05,172.217.194.0-255,2902,7639,34,237550
31626,4.8e-05,172.31.33.0-255,66,7705,34,237550
31627,7.3e-05,172.217.194.0-255,1484,9189,34,237550
31628,7.5e-05,172.31.33.0-255,66,9255,34,237550
31629,8e-05,172.217.194.0-255,4858,14113,34,237550
31630,8.2e-05,172.31.33.0-255,66,14179,34,237550
31631,8.9e-05,172.217.194.0-255,5738,19917,34,237550
31632,9.1e-05,172.31.33.0-255,66,19983,34,237550
31633,0.00012,172.217.194.0-255,5738,25721,34,237550
31634,0.000123,172.31.33.0-255,66,25787,34,237550
31635,0.000128,172.217.194.0-255,5379,31166,34,237550
31636,0.00013,172.31.33.0-255,66,31232,34,237550
31637,0.00021,172.217.194.0-255,1484,32716,34,237550
31638,0.000213,172.31.33.0-255,66,32782,34,237550
31639,0.000217,172.217.194.0-255,2902,35684,34,237550
31640,0.000219,172.31.33.0-255,66,35750,34,237550
31641,0.000244,172.217.194.0-255,1484,37234,34,237550
31642,0.000247,172.31.33.0-255,66,37300,34,237550
31643,0.00027,172.217.194.0-255,4320,41620,34,237550
31644,0.000272,172.31.33.0-255,66,41686,34,237550
31645,0.000282,172.31.33.0-255,66,41752,34,237550
31646,0.000292,172.31.33.0-255,66,41818,34,237550
31647,0.000296,172.217.194.0-255,2902,44720,34,237550
31648,0.000298,172.31.33.0-255,66,44786,34,237550
31649,0.000314,172.217.194.0-255,1125,45911,34,237550
31650,0.000329,172.217.194.0-255,647,46558,34,237550
31651,0.000337,172.31.33.0-255,66,46624,34,237550
31652,0.001015,172.217.194.0-255,1484,48108,34,237550
31653,0.001024,172.217.194.0-255,2902,51010,34,237550
31654,0.001028,172.31.33.0-255,66,51076,34,237550
31655,0.001033,172.217.194.0-255,4320,55396,34,237550
31656,0.001046,172.217.194.0-255,1484,56880,34,237550
31657,0.001058,172.217.194.0-255,4320,61200,34,237550
31658,0.001104,172.217.194.0-255,2902,64102,34,237550
31659,0.001599,172.217.194.0-255,1484,65586,34,237550
31660,0.001605,172.217.194.0-255,2902,68488,34,237550
31661,0.00162,172.217.194.0-255,2902,71390,34,237550
31662,0.001634,172.217.194.0-255,2902,74292,34,237550
31663,0.001636,172.217.194.0-255,1484,75776,34,237550
31664,0.001682,172.217.194.0-255,2184,77960,34,237550
31665,0.001712,172.217.194.0-255,4320,82280,34,237550
31666,0.001729,172.217.194.0-255,5738,88018,34,237550
31667,0.001762,172.217.194.0-255,2902,90920,34,237550
31668,0.002127,172.217.194.0-255,1484,92404,34,237550
31669,0.002144,172.217.194.0-255,2902,95306,34,237550
31670,0.002157,172.217.194.0-255,4320,99626,34,237550
31671,0.002166,172.217.194.0-255,1484,101110,34,237550
31672,0.002172,172.217.194.0-255,5738,106848,34,237550
31673,0.002199,172.217.194.0-255,1484,108332,34,237550
31674,0.00224,172.217.194.0-255,5020,113352,34,237550
31675,0.002277,172.217.194.0-255,1484,114836,34,237550
31676,0.002279,172.217.194.0-255,1484,116320,34,237550
31677,0.00229,172.217.194.0-255,1484,117804,34,237550
31678,0.002304,172.217.194.0-255,5738,123542,34,237550
31679,0.002321,172.217.194.0-255,4320,127862,34,237550
31680,0.002341,172.217.194.0-255,1484,129346,34,237550
31681,0.002562,172.217.194.0-255,1484,130830,34,237550
31682,0.002575,172.217.194.0-255,2902,133732,34,237550
31683,0.002591,172.217.194.0-255,1484,135216,34,237550
31684,0.002613,172.217.194.0-255,4320,139536,34,237550
31685,0.002628,172.217.194.0-255,4320,143856,34,237550
31686,0.002672,172.217.194.0-255,1484,145340,34,237550
31687,0.002818,172.217.194.0-255,1484,146824,34,237550
31688,0.002823,172.217.194.0-255,2902,149726,34,237550
31689,0.00284,172.217.194.0-255,5738,155464,34,237550
31690,0.002843,172.217.194.0-255,1484,156948,34,237550
31691,0.002885,172.217.194.0-255,4320,161268,34,237550
31692,0.002906,172.217.194.0-255,1484,162752,34,237550
31693,0.002922,172.217.194.0-255,7156,169908,34,237550
31694,0.002936,172.217.194.0-255,5738,175646,34,237550
31695,0.002954,172.217.194.0-255,5738,181384,34,237550
31696,0.002984,172.217.194.0-255,4320,185704,34,237550
31697,0.003014,172.217.194.0-255,5738,191442,34,237550
31698,0.003032,172.217.194.0-255,7156,198598,34,237550
31699,0.003035,172.217.194.0-255,1484,200082,34,237550
31700,0.003045,172.217.194.0-255,2902,202984,34,237550
31701,0.003061,172.217.194.0-255,5020,208004,34,237550
31702,0.003099,172.31.33.0-255,66,208070,34,237550
31703,0.003204,172.217.194.0-255,1484,209554,34,237550
31704,0.003207,172.217.194.0-255,1484,211038,34,237550
31705,0.003211,172.31.33.0-255,66,211104,34,237550
31706,0.003228,172.217.194.0-255,1484,212588,34,237550
31707,0.003234,172.217.194.0-255,5738,218326,34,237550
31708,0.003237,172.217.194.0-255,1484,219810,34,237550
31709,0.00325,172.31.33.0-255,66,219876,34,237550
31710,0.003254,172.217.194.0-255,4320,224196,34,237550
31711,0.003262,172.31.33.0-255,66,224262,34,237550
31712,0.003292,172.217.194.0-255,4320,228582,34,237550
31713,0.003296,172.31.33.0-255,66,228648,34,237550
31714,0.003306,172.217.194.0-255,4203,232851,34,237550
31715,0.003311,172.31.33.0-255,66,232917,34,237550
31716,0.003333,172.217.194.0-255,105,233022,34,237550
31717,0.005248,172.31.33.0-255,66,233088,34,237550
31718,0.005272,172.31.33.0-255,105,233193,34,237550
31719,0.007779,172.217.194.0-255,66,233259,34,237550
31720,0.034951,172.31.33.0-255,172,233431,34,237550
31721,0.034981,172.31.33.0-255,1112,234543,34,237550
31722,0.035017,172.31.33.0-255,1514,236057,34,237550
31723,0.035018,172.31.33.0-255,1295,237352,34,237550
31724,0.036541,104.244.42.0-255,66,237418,34,237550
31725,0.036556,104.244.42.0-255,66,237484,34,237550
31726,0.036581,104.244.42.0-255,66,237550,34,237550
31727,0.0,172.217.194.0-255,297,297,34,235389
31728,3.4e-05,172.31.33.0-255,66,363,34,235389
31729,4e-05,172.217.194.0-255,1484,1847,34,235389
31730,4.4e-05,172.31.33.0-255,66,1913,34,235389
31731,5e-05,172.217.194.0-255,4320,6233,34,235389
31732,5.3e-05,172.31.33.0-255,66,6299,34,235389
31733,6.6e-05,172.217.194.0-255,5738,12037,34,235389
31734,7e-05,172.31.33.0-255,66,12103,34,235389
31735,7.3e-05,172.217.194.0-255,1849,13952,34,235389
31736,7.6e-05,172.31.33.0-255,66,14018,34,235389
31737,0.000103,172.217.194.0-255,1484,15502,34,235389
31738,0.000112,172.31.33.0-255,66,15568,34,235389
31739,0.000136,172.217.194.0-255,1484,17052,34,235389
31740,0.000141,172.31.33.0-255,66,17118,34,235389
31741,0.000146,172.217.194.0-255,4320,21438,34,235389
31742,0.000148,172.31.33.0-255,66,21504,34,235389
31743,0.000166,172.31.33.0-255,66,21570,34,235389
31744,0.00017,172.217.194.0-255,2543,24113,34,235389
31745,0.000172,172.31.33.0-255,66,24179,34,235389
31746,0.000176,172.217.194.0-255,2902,27081,34,235389
31747,0.000178,172.31.33.0-255,66,27147,34,235389
31748,0.000181,172.217.194.0-255,1484,28631,34,235389
31749,0.000184,172.31.33.0-255,66,28697,34,235389
31750,0.000215,172.217.194.0-255,5738,34435,34,235389
31751,0.000218,172.31.33.0-255,66,34501,34,235389
31752,0.00022,172.217.194.0-255,1484,35985,34,235389
31753,0.000222,172.31.33.0-255,66,36051,34,235389
31754,0.000249,172.217.194.0-255,3961,40012,34,235389
31755,0.000252,172.31.33.0-255,66,40078,34,235389
31756,0.000497,172.217.194.0-255,1484,41562,34,235389
31757,0.000501,172.31.33.0-255,66,41628,34,235389
31758,0.000507,172.217.194.0-255,2902,44530,34,235389
31759,0.000509,172.31.33.0-255,66,44596,34,235389
31760,0.000539,172.217.194.0-255,5738,50334,34,235389
31761,0.000544,172.31.33.0-255,66,50400,34,235389
31762,0.000552,172.217.194.0-255,6797,57197,34,235389
31763,0.000554,172.31.33.0-255,66,57263,34,235389
31764,0.000558,172.217.194.0-255,2902,60165,34,235389
31765,0.000566,172.31.33.0-255,66,60231,34,235389
31766,0.000603,172.31.33.0-255,66,60297,34,235389
31767,0.000608,172.217.194.0-255,2543,62840,34,235389
31768,0.00061,172.31.33.0-255,66,62906,34,235389
31769,0.00064,172.217.194.0-255,1484,64390,34,235389
31770,0.000646,172.217.194.0-255,2902,67292,34,235389
31771,0.000649,172.31.33.0-255,66,67358,34,235389
31772,0.000656,172.217.194.0-255,5738,73096,34,235389
31773,0.000658,172.31.33.0-255,66,73162,34,235389
31774,0.000689,172.31.33.0-255,66,73228,34,235389
31775,0.00072,172.217.194.0-255,1484,74712,34,235389
31776,0.000737,172.217.194.0-255,2902,77614,34,235389
31777,0.00074,172.31.33.0-255,66,77680,34,235389
31778,0.000759,172.217.194.0-255,5738,83418,34,235389
31779,0.000762,172.31.33.0-255,66,83484,34,235389
31780,0.000792,172.31.33.0-255,66,83550,34,235389
31781,0.000824,172.217.194.0-255,2902,86452,34,235389
31782,0.000827,172.31.33.0-255,66,86518,34,235389
31783,0.000853,172.31.33.0-255,66,86584,34,235389
31784,0.000856,172.217.194.0-255,115,86699,34,235389
31785,0.00122,172.217.194.0-255,1484,88183,34,235389
31786,0.001224,172.31.33.0-255,66,88249,34,235389
31787,0.00123,172.217.194.0-255,2902,91151,34,235389
31788,0.001232,172.31.33.0-255,66,91217,34,235389
31789,0.001243,172.217.194.0-255,5738,96955,34,235389
31790,0.001246,172.31.33.0-255,66,97021,34,235389
31791,0.001271,172.217.194.0-255,4320,101341,34,235389
31792,0.001275,172.31.33.0-255,66,101407,34,235389
31793,0.001298,172.217.194.0-255,2902,104309,34,235389
31794,0.001305,172.31.33.0-255,66,104375,34,235389
31795,0.001319,172.31.33.0-255,66,104441,34,235389
31796,0.001323,172.217.194.0-255,2184,106625,34,235389
31797,0.001325,172.31.33.0-255,66,106691,34,235389
31798,0.001591,172.217.194.0-255,1484,108175,34,235389
31799,0.001596,172.217.194.0-255,2902,111077,34,235389
31800,0.001605,172.31.33.0-255,66,111143,34,235389
31801,0.001616,172.217.194.0-255,5738,116881,34,235389
31802,0.001619,172.31.33.0-255,66,116947,34,235389
31803,0.001648,172.31.33.0-255,66,117013,34,235389
31804,0.001677,172.217.194.0-255,4320,121333,34,235389
31805,0.00168,172.31.33.0-255,66,121399,34,235389
31806,0.001699,172.31.33.0-255,66,121465,34,235389
31807,0.001727,172.217.194.0-255,1484,122949,34,235389
31808,0.001745,172.217.194.0-255,2902,125851,34,235389
31809,0.001747,172.31.33.0-255,66,125917,34,235389
31810,0.001754,172.217.194.0-255,5738,131655,34,235389
31811,0.001756,172.31.33.0-255,66,131721,34,235389
31812,0.001766,172.217.194.0-255,2902,134623,34,235389
31813,0.001769,172.31.33.0-255,66,134689,34,235389
31814,0.001835,172.31.33.0-255,66,134755,34,235389
31815,0.001852,172.31.33.0-255,66,134821,34,235389
31816,0.001858,172.217.194.0-255,4320,139141,34,235389
31817,0.001861,172.31.33.0-255,66,139207,34,235389
31818,0.001888,172.217.194.0-255,7156,146363,34,235389
31819,0.001896,172.31.33.0-255,66,146429,34,235389
31820,0.001915,172.31.33.0-255,66,146495,34,235389
31821,0.001922,172.217.194.0-255,5738,152233,34,235389
31822,0.001925,172.31.33.0-255,66,152299,34,235389
31823,0.001939,172.217.194.0-255,3602,155901,34,235389
31824,0.001942,172.31.33.0-255,66,155967,34,235389
31825,0.001952,172.217.194.0-255,4320,160287,34,235389
31826,0.001954,172.31.33.0-255,66,160353,34,235389
31827,0.001957,172.217.194.0-255,1484,161837,34,235389
31828,0.001984,172.217.194.0-255,4320,166157,34,235389
31829,0.001988,172.31.33.0-255,66,166223,34,235389
31830,0.002006,172.31.33.0-255,66,166289,34,235389
31831,0.002012,172.217.194.0-255,7156,173445,34,235389
31832,0.002015,172.31.33.0-255,66,173511,34,235389
31833,0.002052,172.217.194.0-255,5020,178531,34,235389
31834,0.002055,172.31.33.0-255,66,178597,34,235389
31835,0.002058,172.217.194.0-255,1484,180081,34,235389
31836,0.002062,172.217.194.0-255,2902,182983,34,235389
31837,0.002064,172.31.33.0-255,66,183049,34,235389
31838,0.00207,172.217.194.0-255,5738,188787,34,235389
31839,0.002072,172.31.33.0-255,66,188853,34,235389
31840,0.002147,172.31.33.0-255,66,188919,34,235389
31841,0.002153,172.217.194.0-255,5738,194657,34,235389
31842,0.002156,172.31.33.0-255,66,194723,34,235389
31843,0.002167,172.217.194.0-255,5020,199743,34,235389
31844,0.00217,172.31.33.0-255,66,199809,34,235389
31845,0.002201,172.217.194.0-255,5738,205547,34,235389
31846,0.002204,172.31.33.0-255,66,205613,34,235389
31847,0.002208,172.217.194.0-255,4320,209933,34,235389
31848,0.002211,172.31.33.0-255,66,209999,34,235389
31849,0.002249,172.31.33.0-255,66,210065,34,235389
31850,0.002285,172.31.33.0-255,66,210131,34,235389
31851,0.002309,172.217.194.0-255,1484,211615,34,235389
31852,0.002314,172.217.194.0-255,2902,214517,34,235389
31853,0.002316,172.31.33.0-255,66,214583,34,235389
31854,0.002321,172.217.194.0-255,2902,217485,34,235389
31855,0.002324,172.31.33.0-255,66,217551,34,235389
31856,0.002347,172.217.194.0-255,2902,220453,34,235389
31857,0.002351,172.31.33.0-255,66,220519,34,235389
31858,0.002361,172.31.33.0-255,66,220585,34,235389
31859,0.002391,172.217.194.0-255,4320,224905,34,235389
31860,0.002395,172.31.33.0-255,66,224971,34,235389
31861,0.002401,172.217.194.0-255,5444,230415,34,235389
31862,0.002403,172.31.33.0-255,66,230481,34,235389
31863,0.002411,172.217.194.0-255,97,230578,34,235389
31864,0.002435,172.217.194.0-255,105,230683,34,235389
31865,0.003512,172.31.33.0-255,66,230749,34,235389
31866,0.003538,172.31.33.0-255,105,230854,34,235389
31867,0.006015,172.217.194.0-255,66,230920,34,235389
31868,0.033805,172.31.33.0-255,176,231096,34,235389
31869,0.033836,172.31.33.0-255,1112,232208,34,235389
31870,0.033884,172.31.33.0-255,1514,233722,34,235389
31871,0.033886,172.31.33.0-255,1295,235017,34,235389
31872,0.035339,104.244.42.0-255,66,235083,34,235389
31873,0.035365,104.244.42.0-255,66,235149,34,235389
31874,0.035425,104.244.42.0-255,66,235215,34,235389
31875,0.038041,104.244.42.0-255,108,235323,34,235389
31876,0.038066,172.31.33.0-255,66,235389,34,235389
31877,0.0,74.125.24.0-255,152,152,34,226047
31878,2.1e-05,172.31.33.0-255,66,218,34,226047
31879,2.7e-05,74.125.24.0-255,1484,1702,34,226047
31880,3.2e-05,172.31.33.0-255,66,1768,34,226047
31881,3.8e-05,74.125.24.0-255,2902,4670,34,226047
31882,4.8e-05,172.31.33.0-255,66,4736,34,226047
31883,5.5e-05,74.125.24.0-255,7156,11892,34,226047
31884,5.7e-05,172.31.33.0-255,66,11958,34,226047
31885,6.1e-05,74.125.24.0-255,1992,13950,34,226047
31886,6.3e-05,172.31.33.0-255,66,14016,34,226047
31887,0.000254,74.125.24.0-255,1484,15500,34,226047
31888,0.000259,172.31.33.0-255,66,15566,34,226047
31889,0.000265,74.125.24.0-255,2902,18468,34,226047
31890,0.000267,172.31.33.0-255,66,18534,34,226047
31891,0.000273,74.125.24.0-255,5738,24272,34,226047
31892,0.000279,172.31.33.0-255,66,24338,34,226047
31893,0.000314,74.125.24.0-255,6797,31135,34,226047
31894,0.000317,172.31.33.0-255,66,31201,34,226047
31895,0.00044,74.125.24.0-255,1484,32685,34,226047
31896,0.000444,172.31.33.0-255,66,32751,34,226047
31897,0.000449,74.125.24.0-255,2902,35653,34,226047
31898,0.000451,172.31.33.0-255,66,35719,34,226047
31899,0.000482,74.125.24.0-255,5738,41457,34,226047
31900,0.000484,172.31.33.0-255,66,41523,34,226047
31901,0.000487,74.125.24.0-255,1484,43007,34,226047
31902,0.000489,172.31.33.0-255,66,43073,34,226047
31903,0.000522,172.31.33.0-255,66,43139,34,226047
31904,0.000533,172.31.33.0-255,66,43205,34,226047
31905,0.000562,74.125.24.0-255,1125,44330,34,226047
31906,0.000564,172.31.33.0-255,66,44396,34,226047
31907,0.000568,74.125.24.0-255,413,44809,34,226047
31908,0.000588,74.125.24.0-255,330,45139,34,226047
31909,0.000847,74.125.24.0-255,1484,46623,34,226047
31910,0.00085,74.125.24.0-255,1484,48107,34,226047
31911,0.000854,172.31.33.0-255,66,48173,34,226047
31912,0.000864,74.125.24.0-255,1484,49657,34,226047
31913,0.000868,74.125.24.0-255,4320,53977,34,226047
31914,0.000878,172.31.33.0-255,66,54043,34,226047
31915,0.000884,172.31.33.0-255,66,54109,34,226047
31916,0.000892,74.125.24.0-255,5738,59847,34,226047
31917,0.000897,172.31.33.0-255,66,59913,34,226047
31918,0.000928,74.125.24.0-255,2902,62815,34,226047
31919,0.00093,172.31.33.0-255,66,62881,34,226047
31920,0.000949,172.31.33.0-255,66,62947,34,226047
31921,0.001438,74.125.24.0-255,1484,64431,34,226047
31922,0.001447,74.125.24.0-255,2902,67333,34,226047
31923,0.001451,172.31.33.0-255,66,67399,34,226047
31924,0.001455,74.125.24.0-255,1484,68883,34,226047
31925,0.001483,74.125.24.0-255,4320,73203,34,226047
31926,0.001486,172.31.33.0-255,66,73269,34,226047
31927,0.001492,74.125.24.0-255,5738,79007,34,226047
31928,0.001494,172.31.33.0-255,66,79073,34,226047
31929,0.001503,74.125.24.0-255,7156,86229,34,226047
31930,0.001505,172.31.33.0-255,66,86295,34,226047
31931,0.001532,74.125.24.0-255,5738,92033,34,226047
31932,0.001534,172.31.33.0-255,66,92099,34,226047
31933,0.00154,74.125.24.0-255,5020,97119,34,226047
31934,0.001541,172.31.33.0-255,66,97185,34,226047
31935,0.001664,74.125.24.0-255,1484,98669,34,226047
31936,0.00167,74.125.24.0-255,2902,101571,34,226047
31937,0.001673,172.31.33.0-255,66,101637,34,226047
31938,0.001676,74.125.24.0-255,1484,103121,34,226047
31939,0.001702,74.125.24.0-255,4320,107441,34,226047
31940,0.001704,172.31.33.0-255,66,107507,34,226047
31941,0.001709,74.125.24.0-255,4320,111827,34,226047
31942,0.00171,172.31.33.0-255,66,111893,34,226047
31943,0.001743,172.31.33.0-255,66,111959,34,226047
31944,0.001747,74.125.24.0-255,2902,114861,34,226047
31945,0.001749,172.31.33.0-255,66,114927,34,226047
31946,0.001781,74.125.24.0-255,5020,119947,34,226047
31947,0.001783,172.31.33.0-255,66,120013,34,226047
31948,0.001811,74.125.24.0-255,1484,121497,34,226047
31949,0.001823,74.125.24.0-255,1484,122981,34,226047
31950,0.001826,172.31.33.0-255,66,123047,34,226047
31951,0.001849,74.125.24.0-255,1484,124531,34,226047
31952,0.001855,74.125.24.0-255,5738,130269,34,226047
31953,0.001857,172.31.33.0-255,66,130335,34,226047
31954,0.001861,74.125.24.0-255,4320,134655,34,226047
31955,0.001863,172.31.33.0-255,66,134721,34,226047
31956,0.001897,172.31.33.0-255,66,134787,34,226047
31957,0.0019,74.125.24.0-255,1484,136271,34,226047
31958,0.001927,74.125.24.0-255,6438,142709,34,226047
31959,0.001929,172.31.33.0-255,66,142775,34,226047
31960,0.001953,74.125.24.0-255,4320,147095,34,226047
31961,0.001955,172.31.33.0-255,66,147161,34,226047
31962,0.001959,74.125.24.0-255,2902,150063,34,226047
31963,0.001961,172.31.33.0-255,66,150129,34,226047
31964,0.001992,74.125.24.0-255,2902,153031,34,226047
31965,0.001994,172.31.33.0-255,66,153097,34,226047
31966,0.002012,172.31.33.0-255,66,153163,34,226047
31967,0.002025,172.31.33.0-255,66,153229,34,226047
31968,0.002035,74.125.24.0-255,766,153995,34,226047
31969,0.002176,74.125.24.0-255,1484,155479,34,226047
31970,0.002181,172.31.33.0-255,66,155545,34,226047
31971,0.002188,74.125.24.0-255,2902,158447,34,226047
31972,0.002191,172.31.33.0-255,66,158513,34,226047
31973,0.002203,74.125.24.0-255,5738,164251,34,226047
31974,0.002205,172.31.33.0-255,66,164317,34,226047
31975,0.002217,74.125.24.0-255,5738,170055,34,226047
31976,0.00222,172.31.33.0-255,66,170121,34,226047
31977,0.002226,74.125.24.0-255,4320,174441,34,226047
31978,0.002228,172.31.33.0-255,66,174507,34,226047
31979,0.002272,172.31.33.0-255,66,174573,34,226047
31980,0.002279,74.125.24.0-255,5020,179593,34,226047
31981,0.002281,172.31.33.0-255,66,179659,34,226047
31982,0.002464,74.125.24.0-255,1484,181143,34,226047
31983,0.002473,74.125.24.0-255,2902,184045,34,226047
31984,0.002477,172.31.33.0-255,66,184111,34,226047
31985,0.002481,74.125.24.0-255,1484,185595,34,226047
31986,0.002506,74.125.24.0-255,4320,189915,34,226047
31987,0.002509,172.31.33.0-255,66,189981,34,226047
31988,0.002523,172.31.33.0-255,66,190047,34,226047
31989,0.002573,172.31.33.0-255,66,190113,34,226047
31990,0.002605,74.125.24.0-255,6438,196551,34,226047
31991,0.002608,172.31.33.0-255,66,196617,34,226047
31992,0.002624,172.31.33.0-255,66,196683,34,226047
31993,0.002627,74.125.24.0-255,1484,198167,34,226047
31994,0.002642,172.31.33.0-255,66,198233,34,226047
31995,0.002757,74.125.24.0-255,1484,199717,34,226047
31996,0.00277,74.125.24.0-255,2902,202619,34,226047
31997,0.002773,172.31.33.0-255,66,202685,34,226047
31998,0.00278,74.125.24.0-255,5738,208423,34,226047
31999,0.002782,172.31.33.0-255,66,208489,34,226047
32000,0.002835,74.125.24.0-255,1484,209973,34,226047
32001,0.002848,74.125.24.0-255,1484,211457,34,226047
32002,0.002852,74.125.24.0-255,1484,212941,34,226047
32003,0.002866,74.125.24.0-255,1484,214425,34,226047
32004,0.002897,74.125.24.0-255,5738,220163,34,226047
32005,0.002913,74.125.24.0-255,5445,225608,34,226047
32006,0.002917,74.125.24.0-255,97,225705,34,226047
32007,0.002935,74.125.24.0-255,105,225810,34,226047
32008,0.010315,172.31.33.0-255,66,225876,34,226047
32009,0.012721,172.31.33.0-255,105,225981,34,226047
32010,0.015261,74.125.24.0-255,66,226047,34,226047
32011,0.0,74.125.24.0-255,153,153,34,149231
32012,2.6e-05,172.31.33.0-255,66,219,34,149231
32013,3.2e-05,74.125.24.0-255,1484,1703,34,149231
32014,3.6e-05,172.31.33.0-255,66,1769,34,149231
32015,4.1e-05,74.125.24.0-255,2902,4671,34,149231
32016,5e-05,172.31.33.0-255,66,4737,34,149231
32017,7.6e-05,74.125.24.0-255,1484,6221,34,149231
32018,8e-05,172.31.33.0-255,66,6287,34,149231
32019,0.00011,74.125.24.0-255,5738,12025,34,149231
32020,0.000113,172.31.33.0-255,66,12091,34,149231
32021,0.000122,172.31.33.0-255,66,12157,34,149231
32022,0.000132,172.31.33.0-255,66,12223,34,149231
32023,0.000178,74.125.24.0-255,1484,13707,34,149231
32024,0.000181,172.31.33.0-255,66,13773,34,149231
32025,0.000184,74.125.24.0-255,1484,15257,34,149231
32026,0.000185,172.31.33.0-255,66,15323,34,149231
32027,0.000214,74.125.24.0-255,1484,16807,34,149231
32028,0.000216,172.31.33.0-255,66,16873,34,149231
32029,0.000222,74.125.24.0-255,5738,22611,34,149231
32030,0.000224,172.31.33.0-255,66,22677,34,149231
32031,0.000255,172.31.33.0-255,66,22743,34,149231
32032,0.000281,74.125.24.0-255,5379,28122,34,149231
32033,0.000284,172.31.33.0-255,66,28188,34,149231
32034,0.000294,172.31.33.0-255,66,28254,34,149231
32035,0.000401,74.125.24.0-255,130,28384,34,149231
32036,0.000404,172.31.33.0-255,66,28450,34,149231
32037,0.000844,74.125.24.0-255,1484,29934,34,149231
32038,0.000849,172.31.33.0-255,66,30000,34,149231
32039,0.000857,74.125.24.0-255,2902,32902,34,149231
32040,0.00086,172.31.33.0-255,66,32968,34,149231
32041,0.00087,74.125.24.0-255,2902,35870,34,149231
32042,0.000872,172.31.33.0-255,66,35936,34,149231
32043,0.000895,74.125.24.0-255,1484,37420,34,149231
32044,0.000906,74.125.24.0-255,5738,43158,34,149231
32045,0.000909,172.31.33.0-255,66,43224,34,149231
32046,0.000939,172.31.33.0-255,66,43290,34,149231
32047,0.000947,172.31.33.0-255,66,43356,34,149231
32048,0.000978,74.125.24.0-255,2543,45899,34,149231
32049,0.000981,172.31.33.0-255,66,45965,34,149231
32050,0.001039,74.125.24.0-255,1484,47449,34,149231
32051,0.001045,74.125.24.0-255,2902,50351,34,149231
32052,0.001049,172.31.33.0-255,66,50417,34,149231
32053,0.001052,74.125.24.0-255,1484,51901,34,149231
32054,0.001081,74.125.24.0-255,4320,56221,34,149231
32055,0.001084,172.31.33.0-255,66,56287,34,149231
32056,0.001093,172.31.33.0-255,66,56353,34,149231
32057,0.001133,172.31.33.0-255,66,56419,34,149231
32058,0.001137,74.125.24.0-255,2902,59321,34,149231
32059,0.001139,172.31.33.0-255,66,59387,34,149231
32060,0.001162,74.125.24.0-255,2184,61571,34,149231
32061,0.00117,172.31.33.0-255,66,61637,34,149231
32062,0.001426,74.125.24.0-255,1484,63121,34,149231
32063,0.001431,74.125.24.0-255,2902,66023,34,149231
32064,0.001434,172.31.33.0-255,66,66089,34,149231
32065,0.001462,74.125.24.0-255,5738,71827,34,149231
32066,0.001464,172.31.33.0-255,66,71893,34,149231
32067,0.001473,74.125.24.0-255,1484,73377,34,149231
32068,0.001491,74.125.24.0-255,5738,79115,34,149231
32069,0.001493,172.31.33.0-255,66,79181,34,149231
32070,0.001516,74.125.24.0-255,5738,84919,34,149231
32071,0.001518,172.31.33.0-255,66,84985,34,149231
32072,0.001527,172.31.33.0-255,66,85051,34,149231
32073,0.001553,74.125.24.0-255,5738,90789,34,149231
32074,0.001556,172.31.33.0-255,66,90855,34,149231
32075,0.001626,172.31.33.0-255,66,90921,34,149231
32076,0.001648,74.125.24.0-255,2184,93105,34,149231
32077,0.00165,172.31.33.0-255,66,93171,34,149231
32078,0.00166,172.31.33.0-255,66,93237,34,149231
32079,0.001662,74.125.24.0-255,1484,94721,34,149231
32080,0.001665,74.125.24.0-255,2902,97623,34,149231
32081,0.001667,172.31.33.0-255,66,97689,34,149231
32082,0.001705,74.125.24.0-255,5738,103427,34,149231
32083,0.001709,172.31.33.0-255,66,103493,34,149231
32084,0.00172,172.31.33.0-255,66,103559,34,149231
32085,0.001728,172.31.33.0-255,66,103625,34,149231
32086,0.00175,74.125.24.0-255,2184,105809,34,149231
32087,0.001752,172.31.33.0-255,66,105875,34,149231
32088,0.001787,172.31.33.0-255,66,105941,34,149231
32089,0.001813,74.125.24.0-255,1484,107425,34,149231
32090,0.001837,172.31.33.0-255,66,107491,34,149231
32091,0.001839,172.31.33.0-255,66,107557,34,149231
32092,0.001894,172.31.33.0-255,66,107623,34,149231
32093,0.001926,74.125.24.0-255,7156,114779,34,149231
32094,0.001933,74.125.24.0-255,5738,120517,34,149231
32095,0.001945,74.125.24.0-255,2902,123419,34,149231
32096,0.001961,172.31.33.0-255,66,123485,34,149231
32097,0.001981,172.31.33.0-255,66,123551,34,149231
32098,0.00202,74.125.24.0-255,7156,130707,34,149231
32099,0.002026,172.31.33.0-255,66,130773,34,149231
32100,0.002036,74.125.24.0-255,6438,137211,34,149231
32101,0.002057,172.31.33.0-255,66,137277,34,149231
32102,0.002067,74.125.24.0-255,5738,143015,34,149231
32103,0.002082,74.125.24.0-255,1484,144499,34,149231
32104,0.002165,74.125.24.0-255,97,144596,34,149231
32105,0.002167,74.125.24.0-255,105,144701,34,149231
32106,0.00218,172.31.33.0-255,66,144767,34,149231
32107,0.003748,172.31.33.0-255,105,144872,34,149231
32108,0.005763,74.125.24.0-255,66,144938,34,149231
32109,0.022734,172.31.33.0-255,172,145110,34,149231
32110,0.022779,172.31.33.0-255,1113,146223,34,149231
32111,0.022863,172.31.33.0-255,1514,147737,34,149231
32112,0.022864,172.31.33.0-255,1296,149033,34,149231
32113,0.024305,104.244.42.0-255,66,149099,34,149231
32114,0.024343,104.244.42.0-255,66,149165,34,149231
32115,0.024441,104.244.42.0-255,66,149231,34,149231
32116,0.0,172.217.194.0-255,226,226,34,128522
32117,7.4e-05,172.31.33.0-255,66,292,34,128522
32118,8e-05,172.217.194.0-255,1484,1776,34,128522
32119,8.4e-05,172.31.33.0-255,66,1842,34,128522
32120,9.9e-05,172.217.194.0-255,4320,6162,34,128522
32121,0.000103,172.31.33.0-255,66,6228,34,128522
32122,0.000276,172.31.33.0-255,66,6294,34,128522
32123,0.000646,172.31.33.0-255,66,6360,34,128522
32124,0.000672,172.217.194.0-255,1484,7844,34,128522
32125,0.000676,172.31.33.0-255,66,7910,34,128522
32126,0.001168,172.217.194.0-255,5481,13391,34,128522
32127,0.001174,172.31.33.0-255,66,13457,34,128522
32128,0.002752,172.217.194.0-255,5484,18941,34,128522
32129,0.002758,172.31.33.0-255,66,19007,34,128522
32130,0.002856,172.217.194.0-255,7156,26163,34,128522
32131,0.00286,172.31.33.0-255,66,26229,34,128522
32132,0.002885,172.217.194.0-255,1738,27967,34,128522
32133,0.002888,172.31.33.0-255,66,28033,34,128522
32134,0.003266,172.217.194.0-255,4134,32167,34,128522
32135,0.003273,172.31.33.0-255,66,32233,34,128522
32136,0.003458,172.31.33.0-255,66,32299,34,128522
32137,0.003482,172.217.194.0-255,1670,33969,34,128522
32138,0.003484,172.31.33.0-255,66,34035,34,128522
32139,0.003932,172.217.194.0-255,5738,39773,34,128522
32140,0.003938,172.31.33.0-255,66,39839,34,128522
32141,0.004206,172.31.33.0-255,66,39905,34,128522
32142,0.004572,172.31.33.0-255,66,39971,34,128522
32143,0.004605,172.217.194.0-255,4320,44291,34,128522
32144,0.004609,172.31.33.0-255,66,44357,34,128522
32145,0.005167,172.31.33.0-255,66,44423,34,128522
32146,0.005203,172.217.194.0-255,2902,47325,34,128522
32147,0.005207,172.31.33.0-255,66,47391,34,128522
32148,0.005617,172.217.194.0-255,2902,50293,34,128522
32149,0.005624,172.31.33.0-255,66,50359,34,128522
32150,0.005687,172.217.194.0-255,5738,56097,34,128522
32151,0.005693,172.31.33.0-255,66,56163,34,128522
32152,0.005715,172.31.33.0-255,66,56229,34,128522
32153,0.00609,172.31.33.0-255,66,56295,34,128522
32154,0.006125,172.217.194.0-255,5738,62033,34,128522
32155,0.006129,172.31.33.0-255,66,62099,34,128522
32156,0.006394,172.217.194.0-255,7156,69255,34,128522
32157,0.0064,172.31.33.0-255,66,69321,34,128522
32158,0.006444,172.217.194.0-255,7156,76477,34,128522
32159,0.006449,172.31.33.0-255,66,76543,34,128522
32160,0.00674,172.31.33.0-255,66,76609,34,128522
32161,0.006765,172.217.194.0-255,5738,82347,34,128522
32162,0.006767,172.31.33.0-255,66,82413,34,128522
32163,0.007056,172.217.194.0-255,4320,86733,34,128522
32164,0.007061,172.31.33.0-255,66,86799,34,128522
32165,0.007099,172.31.33.0-255,66,86865,34,128522
32166,0.007813,172.31.33.0-255,66,86931,34,128522
32167,0.007884,172.217.194.0-255,5738,92669,34,128522
32168,0.007889,172.31.33.0-255,66,92735,34,128522
32169,0.007921,172.217.194.0-255,5738,98473,34,128522
32170,0.007925,172.31.33.0-255,66,98539,34,128522
32171,0.007961,172.31.33.0-255,66,98605,34,128522
32172,0.008764,172.31.33.0-255,66,98671,34,128522
32173,0.008804,172.217.194.0-255,4320,102991,34,128522
32174,0.008808,172.31.33.0-255,66,103057,34,128522
32175,0.008833,172.217.194.0-255,1484,104541,34,128522
32176,0.008837,172.31.33.0-255,66,104607,34,128522
32177,0.008874,172.31.33.0-255,66,104673,34,128522
32178,0.008991,172.217.194.0-255,4320,108993,34,128522
32179,0.008997,172.31.33.0-255,66,109059,34,128522
32180,0.009045,172.31.33.0-255,66,109125,34,128522
32181,0.009073,172.217.194.0-255,5738,114863,34,128522
32182,0.009077,172.31.33.0-255,66,114929,34,128522
32183,0.009349,172.217.194.0-255,5738,120667,34,128522
32184,0.009353,172.31.33.0-255,66,120733,34,128522
32185,0.009401,172.31.33.0-255,66,120799,34,128522
32186,0.00971,172.31.33.0-255,66,120865,34,128522
32187,0.009759,172.31.33.0-255,66,120931,34,128522
32188,0.010066,172.31.33.0-255,66,120997,34,128522
32189,0.01011,172.31.33.0-255,66,121063,34,128522
32190,0.010551,172.217.194.0-255,7156,128219,34,128522
32191,0.010556,172.31.33.0-255,66,128285,34,128522
32192,0.012976,172.31.33.0-255,66,128351,34,128522
32193,0.014442,172.31.33.0-255,105,128456,34,128522
32194,0.01705,172.217.194.0-255,66,128522,34,128522
32195,0.0,172.217.194.0-255,150,150,34,270040
32196,3.3e-05,172.31.33.0-255,66,216,34,270040
32197,4e-05,172.217.194.0-255,1484,1700,34,270040
32198,4.5e-05,172.31.33.0-255,66,1766,34,270040
32199,5e-05,172.217.194.0-255,2902,4668,34,270040
32200,5.3e-05,172.31.33.0-255,66,4734,34,270040
32201,5.8e-05,172.217.194.0-255,5738,10472,34,270040
32202,6.2e-05,172.31.33.0-255,66,10538,34,270040
32203,0.000141,172.217.194.0-255,5738,16276,34,270040
32204,0.000146,172.31.33.0-255,66,16342,34,270040
32205,0.00016,172.217.194.0-255,4867,21209,34,270040
32206,0.000163,172.31.33.0-255,66,21275,34,270040
32207,0.000176,172.31.33.0-255,66,21341,34,270040
32208,0.000282,172.217.194.0-255,1484,22825,34,270040
32209,0.000285,172.31.33.0-255,66,22891,34,270040
32210,0.0003,172.217.194.0-255,2902,25793,34,270040
32211,0.000303,172.31.33.0-255,66,25859,34,270040
32212,0.00033,172.217.194.0-255,5738,31597,34,270040
32213,0.000333,172.31.33.0-255,66,31663,34,270040
32214,0.000349,172.217.194.0-255,1484,33147,34,270040
32215,0.000354,172.31.33.0-255,66,33213,34,270040
32216,0.000371,172.31.33.0-255,66,33279,34,270040
32217,0.00038,172.217.194.0-255,2543,35822,34,270040
32218,0.000382,172.31.33.0-255,66,35888,34,270040
32219,0.000405,172.217.194.0-255,4320,40208,34,270040
32220,0.000408,172.31.33.0-255,66,40274,34,270040
32221,0.000431,172.217.194.0-255,6797,47071,34,270040
32222,0.000434,172.31.33.0-255,66,47137,34,270040
32223,0.000437,172.217.194.0-255,649,47786,34,270040
32224,0.000438,172.31.33.0-255,66,47852,34,270040
32225,0.00064,172.217.194.0-255,1484,49336,34,270040
32226,0.000647,172.217.194.0-255,2902,52238,34,270040
32227,0.00065,172.31.33.0-255,66,52304,34,270040
32228,0.000671,172.217.194.0-255,5738,58042,34,270040
32229,0.000674,172.31.33.0-255,66,58108,34,270040
32230,0.000705,172.31.33.0-255,66,58174,34,270040
32231,0.00071,172.217.194.0-255,5738,63912,34,270040
32232,0.000711,172.31.33.0-255,66,63978,34,270040
32233,0.000729,172.217.194.0-255,4468,68446,34,270040
32234,0.000732,172.31.33.0-255,66,68512,34,270040
32235,0.000745,172.217.194.0-255,1484,69996,34,270040
32236,0.000748,172.217.194.0-255,1484,71480,34,270040
32237,0.00075,172.31.33.0-255,66,71546,34,270040
32238,0.000769,172.217.194.0-255,1484,73030,34,270040
32239,0.000774,172.217.194.0-255,5738,78768,34,270040
32240,0.000776,172.31.33.0-255,66,78834,34,270040
32241,0.000817,172.31.33.0-255,66,78900,34,270040
32242,0.000825,172.31.33.0-255,66,78966,34,270040
32243,0.000854,172.217.194.0-255,2184,81150,34,270040
32244,0.000857,172.31.33.0-255,66,81216,34,270040
32245,0.001212,172.217.194.0-255,1484,82700,34,270040
32246,0.001217,172.217.194.0-255,2902,85602,34,270040
32247,0.00122,172.31.33.0-255,66,85668,34,270040
32248,0.00124,172.217.194.0-255,5738,91406,34,270040
32249,0.001242,172.31.33.0-255,66,91472,34,270040
32250,0.001261,172.217.194.0-255,4320,95792,34,270040
32251,0.001264,172.31.33.0-255,66,95858,34,270040
32252,0.001288,172.31.33.0-255,66,95924,34,270040
32253,0.001297,172.31.33.0-255,66,95990,34,270040
32254,0.001314,172.217.194.0-255,2184,98174,34,270040
32255,0.001316,172.31.33.0-255,66,98240,34,270040
32256,0.001331,172.217.194.0-255,1484,99724,34,270040
32257,0.001333,172.217.194.0-255,1484,101208,34,270040
32258,0.001336,172.31.33.0-255,66,101274,34,270040
32259,0.001344,172.217.194.0-255,1484,102758,34,270040
32260,0.001346,172.217.194.0-255,1484,104242,34,270040
32261,0.001348,172.31.33.0-255,66,104308,34,270040
32262,0.001364,172.217.194.0-255,4320,108628,34,270040
32263,0.001366,172.31.33.0-255,66,108694,34,270040
32264,0.001373,172.217.194.0-255,7156,115850,34,270040
32265,0.001375,172.31.33.0-255,66,115916,34,270040
32266,0.001396,172.217.194.0-255,2902,118818,34,270040
32267,0.001399,172.31.33.0-255,66,118884,34,270040
32268,0.001423,172.217.194.0-255,1484,120368,34,270040
32269,0.001453,172.31.33.0-255,66,120434,34,270040
32270,0.001879,172.217.194.0-255,1484,121918,34,270040
32271,0.001888,172.217.194.0-255,2902,124820,34,270040
32272,0.001891,172.31.33.0-255,66,124886,34,270040
32273,0.001895,172.217.194.0-255,1484,126370,34,270040
32274,0.001915,172.217.194.0-255,4320,130690,34,270040
32275,0.001918,172.31.33.0-255,66,130756,34,270040
32276,0.001938,172.217.194.0-255,4320,135076,34,270040
32277,0.00194,172.31.33.0-255,66,135142,34,270040
32278,0.001945,172.217.194.0-255,4320,139462,34,270040
32279,0.001947,172.31.33.0-255,66,139528,34,270040
32280,0.001965,172.217.194.0-255,1484,141012,34,270040
32281,0.001981,172.217.194.0-255,4320,145332,34,270040
32282,0.001983,172.31.33.0-255,66,145398,34,270040
32283,0.002003,172.217.194.0-255,7156,152554,34,270040
32284,0.002005,172.31.33.0-255,66,152620,34,270040
32285,0.002026,172.217.194.0-255,2184,154804,34,270040
32286,0.002028,172.31.33.0-255,66,154870,34,270040
32287,0.002033,172.217.194.0-255,2902,157772,34,270040
32288,0.002034,172.31.33.0-255,66,157838,34,270040
32289,0.002045,172.217.194.0-255,2902,160740,34,270040
32290,0.002047,172.31.33.0-255,66,160806,34,270040
32291,0.002065,172.217.194.0-255,4320,165126,34,270040
32292,0.002067,172.31.33.0-255,66,165192,34,270040
32293,0.002072,172.217.194.0-255,4320,169512,34,270040
32294,0.002073,172.31.33.0-255,66,169578,34,270040
32295,0.002115,172.31.33.0-255,66,169644,34,270040
32296,0.002124,172.31.33.0-255,66,169710,34,270040
32297,0.002197,172.217.194.0-255,1484,171194,34,270040
32298,0.002201,172.217.194.0-255,1484,172678,34,270040
32299,0.002204,172.31.33.0-255,66,172744,34,270040
32300,0.002222,172.217.194.0-255,1484,174228,34,270040
32301,0.002231,172.217.194.0-255,5738,179966,34,270040
32302,0.002233,172.31.33.0-255,66,180032,34,270040
32303,0.002237,172.217.194.0-255,4320,184352,34,270040
32304,0.002239,172.31.33.0-255,66,184418,34,270040
32305,0.002254,172.217.194.0-255,7156,191574,34,270040
32306,0.002256,172.31.33.0-255,66,191640,34,270040
32307,0.00229,172.217.194.0-255,2902,194542,34,270040
32308,0.002292,172.31.33.0-255,66,194608,34,270040
32309,0.00232,172.31.33.0-255,66,194674,34,270040
32310,0.002344,172.217.194.0-255,1484,196158,34,270040
32311,0.002348,172.217.194.0-255,2902,199060,34,270040
32312,0.00235,172.31.33.0-255,66,199126,34,270040
32313,0.002355,172.217.194.0-255,5738,204864,34,270040
32314,0.002356,172.31.33.0-255,66,204930,34,270040
32315,0.002377,172.217.194.0-255,1484,206414,34,270040
32316,0.002379,172.217.194.0-255,1484,207898,34,270040
32317,0.002381,172.31.33.0-255,66,207964,34,270040
32318,0.002395,172.217.194.0-255,2902,210866,34,270040
32319,0.002397,172.31.33.0-255,66,210932,34,270040
32320,0.0024,172.217.194.0-255,2902,213834,34,270040
32321,0.002402,172.31.33.0-255,66,213900,34,270040
32322,0.002413,172.217.194.0-255,2902,216802,34,270040
32323,0.002415,172.31.33.0-255,66,216868,34,270040
32324,0.002446,172.217.194.0-255,7156,224024,34,270040
32325,0.002448,172.31.33.0-255,66,224090,34,270040
32326,0.002456,172.217.194.0-255,1484,225574,34,270040
32327,0.002468,172.217.194.0-255,3602,229176,34,270040
32328,0.00247,172.31.33.0-255,66,229242,34,270040
32329,0.002527,172.217.194.0-255,1484,230726,34,270040
32330,0.002531,172.217.194.0-255,2902,233628,34,270040
32331,0.002533,172.31.33.0-255,66,233694,34,270040
32332,0.002538,172.217.194.0-255,4320,238014,34,270040
32333,0.00254,172.31.33.0-255,66,238080,34,270040
32334,0.00255,172.217.194.0-255,1484,239564,34,270040
32335,0.002562,172.217.194.0-255,4320,243884,34,270040
32336,0.002564,172.31.33.0-255,66,243950,34,270040
32337,0.00258,172.31.33.0-255,66,244016,34,270040
32338,0.002612,172.31.33.0-255,66,244082,34,270040
32339,0.002634,172.217.194.0-255,4320,248402,34,270040
32340,0.002636,172.31.33.0-255,66,248468,34,270040
32341,0.002656,172.217.194.0-255,7156,255624,34,270040
32342,0.002658,172.31.33.0-255,66,255690,34,270040
32343,0.002663,172.217.194.0-255,5738,261428,34,270040
32344,0.002665,172.31.33.0-255,66,261494,34,270040
32345,0.002667,172.217.194.0-255,1484,262978,34,270040
32346,0.002712,172.217.194.0-255,6654,269632,34,270040
32347,0.002714,172.31.33.0-255,66,269698,34,270040
32348,0.002717,172.217.194.0-255,105,269803,34,270040
32349,0.013303,172.31.33.0-255,66,269869,34,270040
32350,0.013336,172.31.33.0-255,105,269974,34,270040
32351,0.015638,172.217.194.0-255,66,270040,34,270040
32352,0.0,74.125.24.0-255,153,153,34,234847
32353,3.2e-05,172.31.33.0-255,66,219,34,234847
32354,3.9e-05,74.125.24.0-255,1484,1703,34,234847
32355,4.4e-05,172.31.33.0-255,66,1769,34,234847
32356,4.9e-05,74.125.24.0-255,2902,4671,34,234847
32357,5.1e-05,172.31.33.0-255,66,4737,34,234847
32358,5.7e-05,74.125.24.0-255,7156,11893,34,234847
32359,5.9e-05,172.31.33.0-255,66,11959,34,234847
32360,6.2e-05,74.125.24.0-255,1484,13443,34,234847
32361,6.4e-05,172.31.33.0-255,66,13509,34,234847
32362,9.2e-05,74.125.24.0-255,2902,16411,34,234847
32363,9.5e-05,172.31.33.0-255,66,16477,34,234847
32364,0.000125,172.31.33.0-255,66,16543,34,234847
32365,0.000132,74.125.24.0-255,6797,23340,34,234847
32366,0.000134,172.31.33.0-255,66,23406,34,234847
32367,0.000271,74.125.24.0-255,1484,24890,34,234847
32368,0.000276,172.31.33.0-255,66,24956,34,234847
32369,0.000298,74.125.24.0-255,2902,27858,34,234847
32370,0.000301,172.31.33.0-255,66,27924,34,234847
32371,0.000309,74.125.24.0-255,5738,33662,34,234847
32372,0.000311,172.31.33.0-255,66,33728,34,234847
32373,0.000342,74.125.24.0-255,6797,40525,34,234847
32374,0.000345,172.31.33.0-255,66,40591,34,234847
32375,0.000352,74.125.24.0-255,7156,47747,34,234847
32376,0.000353,172.31.33.0-255,66,47813,34,234847
32377,0.000368,74.125.24.0-255,1484,49297,34,234847
32378,0.00037,172.31.33.0-255,66,49363,34,234847
32379,0.000395,172.31.33.0-255,66,49429,34,234847
32380,0.000883,74.125.24.0-255,646,50075,34,234847
32381,0.000887,172.31.33.0-255,66,50141,34,234847
32382,0.00101,74.125.24.0-255,1484,51625,34,234847
32383,0.001024,74.125.24.0-255,2902,54527,34,234847
32384,0.001028,172.31.33.0-255,66,54593,34,234847
32385,0.001034,74.125.24.0-255,4320,58913,34,234847
32386,0.001035,172.31.33.0-255,66,58979,34,234847
32387,0.001045,74.125.24.0-255,1484,60463,34,234847
32388,0.001057,74.125.24.0-255,1484,61947,34,234847
32389,0.001059,172.31.33.0-255,66,62013,34,234847
32390,0.001079,172.31.33.0-255,66,62079,34,234847
32391,0.001097,74.125.24.0-255,2543,64622,34,234847
32392,0.001099,172.31.33.0-255,66,64688,34,234847
32393,0.001108,172.31.33.0-255,66,64754,34,234847
32394,0.00111,74.125.24.0-255,1125,65879,34,234847
32395,0.001339,74.125.24.0-255,1484,67363,34,234847
32396,0.001343,172.31.33.0-255,66,67429,34,234847
32397,0.001348,74.125.24.0-255,2902,70331,34,234847
32398,0.00135,172.31.33.0-255,66,70397,34,234847
32399,0.001359,74.125.24.0-255,1484,71881,34,234847
32400,0.001373,74.125.24.0-255,4320,76201,34,234847
32401,0.001375,172.31.33.0-255,66,76267,34,234847
32402,0.001377,74.125.24.0-255,1484,77751,34,234847
32403,0.001394,74.125.24.0-255,5738,83489,34,234847
32404,0.001396,172.31.33.0-255,66,83555,34,234847
32405,0.001414,74.125.24.0-255,5738,89293,34,234847
32406,0.001416,172.31.33.0-255,66,89359,34,234847
32407,0.001429,74.125.24.0-255,1484,90843,34,234847
32408,0.001454,172.31.33.0-255,66,90909,34,234847
32409,0.001594,74.125.24.0-255,1484,92393,34,234847
32410,0.001596,74.125.24.0-255,1484,93877,34,234847
32411,0.001598,172.31.33.0-255,66,93943,34,234847
32412,0.001615,74.125.24.0-255,1484,95427,34,234847
32413,0.001621,74.125.24.0-255,5738,101165,34,234847
32414,0.001623,172.31.33.0-255,66,101231,34,234847
32415,0.001641,74.125.24.0-255,5738,106969,34,234847
32416,0.001643,172.31.33.0-255,66,107035,34,234847
32417,0.001661,74.125.24.0-255,5738,112773,34,234847
32418,0.001663,172.31.33.0-255,66,112839,34,234847
32419,0.001702,74.125.24.0-255,2902,115741,34,234847
32420,0.001704,172.31.33.0-255,66,115807,34,234847
32421,0.001724,172.31.33.0-255,66,115873,34,234847
32422,0.001804,74.125.24.0-255,1484,117357,34,234847
32423,0.00182,74.125.24.0-255,2902,120259,34,234847
32424,0.001822,172.31.33.0-255,66,120325,34,234847
32425,0.001839,74.125.24.0-255,4320,124645,34,234847
32426,0.001841,172.31.33.0-255,66,124711,34,234847
32427,0.001886,74.125.24.0-255,1484,126195,34,234847
32428,0.001907,74.125.24.0-255,7156,133351,34,234847
32429,0.001909,172.31.33.0-255,66,133417,34,234847
32430,0.001914,74.125.24.0-255,5738,139155,34,234847
32431,0.001916,172.31.33.0-255,66,139221,34,234847
32432,0.001921,74.125.24.0-255,7156,146377,34,234847
32433,0.001924,172.31.33.0-255,66,146443,34,234847
32434,0.001926,74.125.24.0-255,1484,147927,34,234847
32435,0.001945,74.125.24.0-255,2184,150111,34,234847
32436,0.001947,172.31.33.0-255,66,150177,34,234847
32437,0.002014,74.125.24.0-255,1484,151661,34,234847
32438,0.002027,74.125.24.0-255,2902,154563,34,234847
32439,0.002029,172.31.33.0-255,66,154629,34,234847
32440,0.002048,74.125.24.0-255,5738,160367,34,234847
32441,0.00205,172.31.33.0-255,66,160433,34,234847
32442,0.00208,74.125.24.0-255,1484,161917,34,234847
32443,0.0021,172.31.33.0-255,66,161983,34,234847
32444,0.002104,74.125.24.0-255,4320,166303,34,234847
32445,0.002106,172.31.33.0-255,66,166369,34,234847
32446,0.00211,74.125.24.0-255,4320,170689,34,234847
32447,0.002112,172.31.33.0-255,66,170755,34,234847
32448,0.002146,74.125.24.0-255,2184,172939,34,234847
32449,0.002148,172.31.33.0-255,66,173005,34,234847
32450,0.002411,74.125.24.0-255,1484,174489,34,234847
32451,0.002424,74.125.24.0-255,2902,177391,34,234847
32452,0.002426,172.31.33.0-255,66,177457,34,234847
32453,0.002429,74.125.24.0-255,2902,180359,34,234847
32454,0.002431,172.31.33.0-255,66,180425,34,234847
32455,0.002445,74.125.24.0-255,2902,183327,34,234847
32456,0.002447,172.31.33.0-255,66,183393,34,234847
32457,0.002456,74.125.24.0-255,5738,189131,34,234847
32458,0.002457,172.31.33.0-255,66,189197,34,234847
32459,0.002461,74.125.24.0-255,2902,192099,34,234847
32460,0.002463,172.31.33.0-255,66,192165,34,234847
32461,0.002465,74.125.24.0-255,1484,193649,34,234847
32462,0.002467,74.125.24.0-255,1484,195133,34,234847
32463,0.002469,172.31.33.0-255,66,195199,34,234847
32464,0.002486,74.125.24.0-255,1484,196683,34,234847
32465,0.002497,74.125.24.0-255,2902,199585,34,234847
32466,0.002499,172.31.33.0-255,66,199651,34,234847
32467,0.002517,172.31.33.0-255,66,199717,34,234847
32468,0.002561,74.125.24.0-255,1484,201201,34,234847
32469,0.002573,74.125.24.0-255,2902,204103,34,234847
32470,0.002575,172.31.33.0-255,66,204169,34,234847
32471,0.002578,74.125.24.0-255,1484,205653,34,234847
32472,0.002595,74.125.24.0-255,4320,209973,34,234847
32473,0.002596,172.31.33.0-255,66,210039,34,234847
32474,0.002599,74.125.24.0-255,1484,211523,34,234847
32475,0.002612,74.125.24.0-255,2902,214425,34,234847
32476,0.002614,172.31.33.0-255,66,214491,34,234847
32477,0.002617,74.125.24.0-255,1484,215975,34,234847
32478,0.002647,172.31.33.0-255,66,216041,34,234847
32479,0.002666,74.125.24.0-255,7156,223197,34,234847
32480,0.002668,172.31.33.0-255,66,223263,34,234847
32481,0.002679,74.125.24.0-255,4320,227583,34,234847
32482,0.002681,172.31.33.0-255,66,227649,34,234847
32483,0.002706,172.31.33.0-255,66,227715,34,234847
32484,0.002715,172.31.33.0-255,66,227781,34,234847
32485,0.002744,172.31.33.0-255,66,227847,34,234847
32486,0.002747,74.125.24.0-255,2184,230031,34,234847
32487,0.002749,172.31.33.0-255,66,230097,34,234847
32488,0.002759,172.31.33.0-255,66,230163,34,234847
32489,0.002787,172.31.33.0-255,66,230229,34,234847
32490,0.002796,172.31.33.0-255,66,230295,34,234847
32491,0.002863,74.125.24.0-255,105,230400,34,234847
32492,0.011715,74.125.24.0-255,105,230505,34,234847
32493,0.011737,172.31.33.0-255,78,230583,34,234847
32494,0.016464,172.31.33.0-255,105,230688,34,234847
32495,0.018559,74.125.24.0-255,66,230754,34,234847
32496,0.039418,172.31.33.0-255,172,230926,34,234847
32497,0.039446,172.31.33.0-255,1114,232040,34,234847
32498,0.039495,172.31.33.0-255,1514,233554,34,234847
32499,0.039497,172.31.33.0-255,1293,234847,34,234847
32500,0.0,74.125.24.0-255,153,153,34,296445
32501,2.3e-05,172.31.33.0-255,66,219,34,296445
32502,3e-05,74.125.24.0-255,1484,1703,34,296445
32503,3.4e-05,172.31.33.0-255,66,1769,34,296445
32504,3.9e-05,74.125.24.0-255,2902,4671,34,296445
32505,4.1e-05,172.31.33.0-255,66,4737,34,296445
32506,7.1e-05,74.125.24.0-255,7156,11893,34,296445
32507,7.4e-05,172.31.33.0-255,66,11959,34,296445
32508,7.8e-05,74.125.24.0-255,2128,14087,34,296445
32509,8e-05,172.31.33.0-255,66,14153,34,296445
32510,0.000307,74.125.24.0-255,1484,15637,34,296445
32511,0.000312,172.31.33.0-255,66,15703,34,296445
32512,0.000319,74.125.24.0-255,2902,18605,34,296445
32513,0.000322,172.31.33.0-255,66,18671,34,296445
32514,0.000328,74.125.24.0-255,2902,21573,34,296445
32515,0.000331,172.31.33.0-255,66,21639,34,296445
32516,0.000353,74.125.24.0-255,2902,24541,34,296445
32517,0.000357,172.31.33.0-255,66,24607,34,296445
32518,0.000363,74.125.24.0-255,4320,28927,34,296445
32519,0.000366,172.31.33.0-255,66,28993,34,296445
32520,0.000427,172.31.33.0-255,66,29059,34,296445
32521,0.000443,74.125.24.0-255,1484,30543,34,296445
32522,0.000446,172.31.33.0-255,66,30609,34,296445
32523,0.000467,74.125.24.0-255,5379,35988,34,296445
32524,0.00047,172.31.33.0-255,66,36054,34,296445
32525,0.002037,74.125.24.0-255,1484,37538,34,296445
32526,0.002043,172.31.33.0-255,66,37604,34,296445
32527,0.002053,74.125.24.0-255,2902,40506,34,296445
32528,0.002056,172.31.33.0-255,66,40572,34,296445
32529,0.002062,74.125.24.0-255,5738,46310,34,296445
32530,0.002064,172.31.33.0-255,66,46376,34,296445
32531,0.002087,74.125.24.0-255,2902,49278,34,296445
32532,0.00209,172.31.33.0-255,66,49344,34,296445
32533,0.002113,74.125.24.0-255,3961,53305,34,296445
32534,0.002115,172.31.33.0-255,66,53371,34,296445
32535,0.002133,74.125.24.0-255,2902,56273,34,296445
32536,0.002135,172.31.33.0-255,66,56339,34,296445
32537,0.002154,74.125.24.0-255,1484,57823,34,296445
32538,0.002159,74.125.24.0-255,2902,60725,34,296445
32539,0.002161,172.31.33.0-255,66,60791,34,296445
32540,0.002168,74.125.24.0-255,7156,67947,34,296445
32541,0.00217,172.31.33.0-255,66,68013,34,296445
32542,0.002191,74.125.24.0-255,1484,69497,34,296445
32543,0.002209,74.125.24.0-255,1706,71203,34,296445
32544,0.002212,172.31.33.0-255,66,71269,34,296445
32545,0.00273,74.125.24.0-255,1484,72753,34,296445
32546,0.002746,74.125.24.0-255,2902,75655,34,296445
32547,0.00275,172.31.33.0-255,66,75721,34,296445
32548,0.002771,74.125.24.0-255,5738,81459,34,296445
32549,0.002774,172.31.33.0-255,66,81525,34,296445
32550,0.002834,74.125.24.0-255,5738,87263,34,296445
32551,0.002839,172.31.33.0-255,66,87329,34,296445
32552,0.002846,74.125.24.0-255,1125,88454,34,296445
32553,0.00294,172.31.33.0-255,66,88520,34,296445
32554,0.003045,74.125.24.0-255,1484,90004,34,296445
32555,0.003068,74.125.24.0-255,2902,92906,34,296445
32556,0.00307,172.31.33.0-255,66,92972,34,296445
32557,0.00309,74.125.24.0-255,5738,98710,34,296445
32558,0.003092,172.31.33.0-255,66,98776,34,296445
32559,0.003129,74.125.24.0-255,4320,103096,34,296445
32560,0.003133,172.31.33.0-255,66,103162,34,296445
32561,0.003155,74.125.24.0-255,7156,110318,34,296445
32562,0.003158,172.31.33.0-255,66,110384,34,296445
32563,0.003162,74.125.24.0-255,2902,113286,34,296445
32564,0.003164,172.31.33.0-255,66,113352,34,296445
32565,0.003198,172.31.33.0-255,66,113418,34,296445
32566,0.00333,74.125.24.0-255,1484,114902,34,296445
32567,0.003346,74.125.24.0-255,2902,117804,34,296445
32568,0.003349,172.31.33.0-255,66,117870,34,296445
32569,0.003375,74.125.24.0-255,5738,123608,34,296445
32570,0.003377,172.31.33.0-255,66,123674,34,296445
32571,0.003381,74.125.24.0-255,4320,127994,34,296445
32572,0.003383,172.31.33.0-255,66,128060,34,296445
32573,0.003402,74.125.24.0-255,4320,132380,34,296445
32574,0.003404,172.31.33.0-255,66,132446,34,296445
32575,0.003419,74.125.24.0-255,7156,139602,34,296445
32576,0.003421,172.31.33.0-255,66,139668,34,296445
32577,0.003425,74.125.24.0-255,4320,143988,34,296445
32578,0.003427,172.31.33.0-255,66,144054,34,296445
32579,0.00344,74.125.24.0-255,2902,146956,34,296445
32580,0.003442,172.31.33.0-255,66,147022,34,296445
32581,0.00346,74.125.24.0-255,766,147788,34,296445
32582,0.003621,74.125.24.0-255,1484,149272,34,296445
32583,0.003624,172.31.33.0-255,66,149338,34,296445
32584,0.003629,74.125.24.0-255,2902,152240,34,296445
32585,0.00363,172.31.33.0-255,66,152306,34,296445
32586,0.003654,74.125.24.0-255,5738,158044,34,296445
32587,0.003657,172.31.33.0-255,66,158110,34,296445
32588,0.003671,74.125.24.0-255,1484,159594,34,296445
32589,0.003692,74.125.24.0-255,7156,166750,34,296445
32590,0.003694,172.31.33.0-255,66,166816,34,296445
32591,0.003699,74.125.24.0-255,4320,171136,34,296445
32592,0.003701,172.31.33.0-255,66,171202,34,296445
32593,0.003718,74.125.24.0-255,5738,176940,34,296445
32594,0.003722,172.31.33.0-255,66,177006,34,296445
32595,0.003729,74.125.24.0-255,2902,179908,34,296445
32596,0.00373,172.31.33.0-255,66,179974,34,296445
32597,0.003744,74.125.24.0-255,2184,182158,34,296445
32598,0.003746,172.31.33.0-255,66,182224,34,296445
32599,0.004385,74.125.24.0-255,1484,183708,34,296445
32600,0.004392,74.125.24.0-255,2902,186610,34,296445
32601,0.004395,172.31.33.0-255,66,186676,34,296445
32602,0.004398,74.125.24.0-255,1484,188160,34,296445
32603,0.004418,74.125.24.0-255,4320,192480,34,296445
32604,0.00442,172.31.33.0-255,66,192546,34,296445
32605,0.004445,74.125.24.0-255,1484,194030,34,296445
32606,0.00447,172.31.33.0-255,66,194096,34,296445
32607,0.004475,74.125.24.0-255,7156,201252,34,296445
32608,0.004477,172.31.33.0-255,66,201318,34,296445
32609,0.004507,74.125.24.0-255,2902,204220,34,296445
32610,0.00451,172.31.33.0-255,66,204286,34,296445
32611,0.004541,172.31.33.0-255,66,204352,34,296445
32612,0.004558,74.125.24.0-255,4320,208672,34,296445
32613,0.00456,172.31.33.0-255,66,208738,34,296445
32614,0.00459,172.31.33.0-255,66,208804,34,296445
32615,0.004595,74.125.24.0-255,3602,212406,34,296445
32616,0.004597,172.31.33.0-255,66,212472,34,296445
32617,0.004677,74.125.24.0-255,1484,213956,34,296445
32618,0.004683,74.125.24.0-255,2902,216858,34,296445
32619,0.004686,172.31.33.0-255,66,216924,34,296445
32620,0.00469,74.125.24.0-255,2902,219826,34,296445
32621,0.004692,172.31.33.0-255,66,219892,34,296445
32622,0.004712,74.125.24.0-255,2902,222794,34,296445
32623,0.004715,172.31.33.0-255,66,222860,34,296445
32624,0.004719,74.125.24.0-255,4320,227180,34,296445
32625,0.00472,172.31.33.0-255,66,227246,34,296445
32626,0.004735,74.125.24.0-255,4320,231566,34,296445
32627,0.004737,172.31.33.0-255,66,231632,34,296445
32628,0.004769,172.31.33.0-255,66,231698,34,296445
32629,0.004773,74.125.24.0-255,3602,235300,34,296445
32630,0.004774,172.31.33.0-255,66,235366,34,296445
32631,0.00506,74.125.24.0-255,1484,236850,34,296445
32632,0.005084,74.125.24.0-255,2902,239752,34,296445
32633,0.005086,74.125.24.0-255,1484,241236,34,296445
32634,0.005089,172.31.33.0-255,66,241302,34,296445
32635,0.005106,74.125.24.0-255,1484,242786,34,296445
32636,0.005108,172.31.33.0-255,66,242852,34,296445
32637,0.005117,172.31.33.0-255,66,242918,34,296445
32638,0.005141,74.125.24.0-255,1484,244402,34,296445
32639,0.005146,74.125.24.0-255,5738,250140,34,296445
32640,0.005148,172.31.33.0-255,66,250206,34,296445
32641,0.005172,172.31.33.0-255,66,250272,34,296445
32642,0.005199,74.125.24.0-255,5738,256010,34,296445
32643,0.005202,172.31.33.0-255,66,256076,34,296445
32644,0.005208,172.31.33.0-255,66,256142,34,296445
32645,0.005222,74.125.24.0-255,7156,263298,34,296445
32646,0.005224,172.31.33.0-255,66,263364,34,296445
32647,0.005259,172.31.33.0-255,66,263430,34,296445
32648,0.005317,74.125.24.0-255,1484,264914,34,296445
32649,0.005333,74.125.24.0-255,2902,267816,34,296445
32650,0.005335,172.31.33.0-255,66,267882,34,296445
32651,0.005339,74.125.24.0-255,2902,270784,34,296445
32652,0.005341,172.31.33.0-255,66,270850,34,296445
32653,0.005355,74.125.24.0-255,2902,273752,34,296445
32654,0.005359,172.31.33.0-255,66,273818,34,296445
32655,0.00537,74.125.24.0-255,5738,279556,34,296445
32656,0.005372,172.31.33.0-255,66,279622,34,296445
32657,0.005386,74.125.24.0-255,7156,286778,34,296445
32658,0.005388,172.31.33.0-255,66,286844,34,296445
32659,0.005393,74.125.24.0-255,4987,291831,34,296445
32660,0.005395,172.31.33.0-255,66,291897,34,296445
32661,0.005397,74.125.24.0-255,97,291994,34,296445
32662,0.005439,74.125.24.0-255,105,292099,34,296445
32663,0.006333,172.31.33.0-255,66,292165,34,296445
32664,0.006374,172.31.33.0-255,105,292270,34,296445
32665,0.008383,74.125.24.0-255,66,292336,34,296445
32666,0.038783,172.31.33.0-255,188,292524,34,296445
32667,0.038841,172.31.33.0-255,957,293481,34,296445
32668,0.038931,172.31.33.0-255,1514,294995,34,296445
32669,0.038933,172.31.33.0-255,1450,296445,34,296445
32670,0.0,172.31.33.0-255,105,105,34,276
32671,0.001516,157.240.7.0-255,105,210,34,276
32672,0.001527,172.31.33.0-255,66,276,34,276
32673,0.0,172.217.194.0-255,153,153,34,208960
32674,2.5e-05,172.31.33.0-255,66,219,34,208960
32675,3.4e-05,172.217.194.0-255,1484,1703,34,208960
32676,4e-05,172.31.33.0-255,66,1769,34,208960
32677,4.5e-05,172.217.194.0-255,2902,4671,34,208960
32678,4.8e-05,172.31.33.0-255,66,4737,34,208960
32679,6.2e-05,172.217.194.0-255,7156,11893,34,208960
32680,6.6e-05,172.31.33.0-255,66,11959,34,208960
32681,7.2e-05,172.217.194.0-255,4829,16788,34,208960
32682,7.5e-05,172.31.33.0-255,66,16854,34,208960
32683,0.00012,172.31.33.0-255,66,16920,34,208960
32684,0.000151,172.217.194.0-255,5738,22658,34,208960
32685,0.000154,172.31.33.0-255,66,22724,34,208960
32686,0.000185,172.31.33.0-255,66,22790,34,208960
32687,0.00019,172.217.194.0-255,2543,25333,34,208960
32688,0.000192,172.31.33.0-255,66,25399,34,208960
32689,0.000473,172.217.194.0-255,1484,26883,34,208960
32690,0.000478,172.31.33.0-255,66,26949,34,208960
32691,0.000484,172.217.194.0-255,2902,29851,34,208960
32692,0.000487,172.31.33.0-255,66,29917,34,208960
32693,0.00049,172.217.194.0-255,1484,31401,34,208960
32694,0.000499,172.31.33.0-255,66,31467,34,208960
32695,0.000525,172.217.194.0-255,4320,35787,34,208960
32696,0.000529,172.31.33.0-255,66,35853,34,208960
32697,0.000541,172.31.33.0-255,66,35919,34,208960
32698,0.000578,172.217.194.0-255,1484,37403,34,208960
32699,0.000583,172.31.33.0-255,66,37469,34,208960
32700,0.000587,172.217.194.0-255,2902,40371,34,208960
32701,0.00059,172.31.33.0-255,66,40437,34,208960
32702,0.000618,172.217.194.0-255,5738,46175,34,208960
32703,0.000621,172.31.33.0-255,66,46241,34,208960
32704,0.000633,172.31.33.0-255,66,46307,34,208960
32705,0.000656,172.217.194.0-255,4320,50627,34,208960
32706,0.00066,172.31.33.0-255,66,50693,34,208960
32707,0.000663,172.217.194.0-255,1484,52177,34,208960
32708,0.000677,172.217.194.0-255,5738,57915,34,208960
32709,0.000681,172.31.33.0-255,66,57981,34,208960
32710,0.00072,172.217.194.0-255,3602,61583,34,208960
32711,0.000724,172.31.33.0-255,66,61649,34,208960
32712,0.000741,172.31.33.0-255,66,61715,34,208960
32713,0.000747,172.217.194.0-255,6248,67963,34,208960
32714,0.00075,172.31.33.0-255,66,68029,34,208960
32715,0.000941,172.217.194.0-255,1484,69513,34,208960
32716,0.000945,172.217.194.0-255,1484,70997,34,208960
32717,0.000949,172.31.33.0-255,66,71063,34,208960
32718,0.000954,172.217.194.0-255,1484,72547,34,208960
32719,0.000959,172.217.194.0-255,4320,76867,34,208960
32720,0.000961,172.31.33.0-255,66,76933,34,208960
32721,0.000978,172.217.194.0-255,1484,78417,34,208960
32722,0.000993,172.31.33.0-255,66,78483,34,208960
32723,0.001032,172.217.194.0-255,1484,79967,34,208960
32724,0.001064,172.31.33.0-255,66,80033,34,208960
32725,0.001126,172.31.33.0-255,66,80099,34,208960
32726,0.001138,172.31.33.0-255,66,80165,34,208960
32727,0.001154,172.31.33.0-255,66,80231,34,208960
32728,0.001203,172.217.194.0-255,1484,81715,34,208960
32729,0.001221,172.217.194.0-255,2902,84617,34,208960
32730,0.001224,172.31.33.0-255,66,84683,34,208960
32731,0.001229,172.217.194.0-255,5738,90421,34,208960
32732,0.001231,172.31.33.0-255,66,90487,34,208960
32733,0.001235,172.217.194.0-255,2902,93389,34,208960
32734,0.001237,172.31.33.0-255,66,93455,34,208960
32735,0.001258,172.217.194.0-255,1484,94939,34,208960
32736,0.001281,172.217.194.0-255,5738,100677,34,208960
32737,0.001284,172.31.33.0-255,66,100743,34,208960
32738,0.001294,172.217.194.0-255,5738,106481,34,208960
32739,0.001296,172.31.33.0-255,66,106547,34,208960
32740,0.00131,172.31.33.0-255,66,106613,34,208960
32741,0.001349,172.217.194.0-255,4320,110933,34,208960
32742,0.001352,172.31.33.0-255,66,110999,34,208960
32743,0.00138,172.217.194.0-255,5738,116737,34,208960
32744,0.001383,172.31.33.0-255,66,116803,34,208960
32745,0.001392,172.31.33.0-255,66,116869,34,208960
32746,0.001396,172.217.194.0-255,2902,119771,34,208960
32747,0.001399,172.31.33.0-255,66,119837,34,208960
32748,0.001433,172.31.33.0-255,66,119903,34,208960
32749,0.001509,172.217.194.0-255,1484,121387,34,208960
32750,0.001518,172.217.194.0-255,2902,124289,34,208960
32751,0.00152,172.31.33.0-255,66,124355,34,208960
32752,0.001526,172.217.194.0-255,4320,128675,34,208960
32753,0.001528,172.31.33.0-255,66,128741,34,208960
32754,0.00155,172.217.194.0-255,1484,130225,34,208960
32755,0.001568,172.31.33.0-255,66,130291,34,208960
32756,0.001606,172.217.194.0-255,2902,133193,34,208960
32757,0.00161,172.31.33.0-255,66,133259,34,208960
32758,0.001648,172.31.33.0-255,66,133325,34,208960
32759,0.001673,172.217.194.0-255,1484,134809,34,208960
32760,0.001678,172.217.194.0-255,2902,137711,34,208960
32761,0.001681,172.31.33.0-255,66,137777,34,208960
32762,0.001685,172.217.194.0-255,2902,140679,34,208960
32763,0.001687,172.31.33.0-255,66,140745,34,208960
32764,0.001708,172.217.194.0-255,2902,143647,34,208960
32765,0.001712,172.31.33.0-255,66,143713,34,208960
32766,0.001718,172.217.194.0-255,5738,149451,34,208960
32767,0.001721,172.31.33.0-255,66,149517,34,208960
32768,0.001727,172.217.194.0-255,7156,156673,34,208960
32769,0.00173,172.31.33.0-255,66,156739,34,208960
32770,0.001763,172.217.194.0-255,5738,162477,34,208960
32771,0.001767,172.31.33.0-255,66,162543,34,208960
32772,0.001772,172.217.194.0-255,5020,167563,34,208960
32773,0.001774,172.31.33.0-255,66,167629,34,208960
32774,0.001917,172.217.194.0-255,1484,169113,34,208960
32775,0.001921,172.217.194.0-255,1484,170597,34,208960
32776,0.001924,172.31.33.0-255,66,170663,34,208960
32777,0.001936,172.217.194.0-255,1484,172147,34,208960
32778,0.001945,172.217.194.0-255,5738,177885,34,208960
32779,0.001948,172.31.33.0-255,66,177951,34,208960
32780,0.001984,172.217.194.0-255,5738,183689,34,208960
32781,0.001987,172.31.33.0-255,66,183755,34,208960
32782,0.002009,172.217.194.0-255,4320,188075,34,208960
32783,0.002013,172.31.33.0-255,66,188141,34,208960
32784,0.002015,172.217.194.0-255,7156,195297,34,208960
32785,0.002017,172.31.33.0-255,66,195363,34,208960
32786,0.002047,172.31.33.0-255,66,195429,34,208960
32787,0.002062,172.31.33.0-255,66,195495,34,208960
32788,0.002068,172.217.194.0-255,7156,202651,34,208960
32789,0.002071,172.31.33.0-255,66,202717,34,208960
32790,0.002113,172.31.33.0-255,66,202783,34,208960
32791,0.00212,172.217.194.0-255,5769,208552,34,208960
32792,0.002122,172.31.33.0-255,66,208618,34,208960
32793,0.002124,172.217.194.0-255,105,208723,34,208960
32794,0.010798,172.31.33.0-255,66,208789,34,208960
32795,0.010828,172.31.33.0-255,105,208894,34,208960
32796,0.013159,172.217.194.0-255,66,208960,34,208960
32797,0.0,74.125.200.0-255,220,220,34,288286
32798,2.3e-05,172.31.33.0-255,66,286,34,288286
32799,2.8e-05,74.125.200.0-255,1484,1770,34,288286
32800,3.2e-05,172.31.33.0-255,66,1836,34,288286
32801,3.8e-05,74.125.200.0-255,4320,6156,34,288286
32802,4e-05,172.31.33.0-255,66,6222,34,288286
32803,5.9e-05,74.125.200.0-255,2902,9124,34,288286
32804,6e-05,172.31.33.0-255,66,9190,34,288286
32805,7.5e-05,74.125.200.0-255,4668,13858,34,288286
32806,7.7e-05,172.31.33.0-255,66,13924,34,288286
32807,0.000108,172.31.33.0-255,66,13990,34,288286
32808,0.000114,74.125.200.0-255,7156,21146,34,288286
32809,0.000116,172.31.33.0-255,66,21212,34,288286
32810,0.000147,74.125.200.0-255,1125,22337,34,288286
32811,0.000149,172.31.33.0-255,66,22403,34,288286
32812,0.000205,74.125.200.0-255,1484,23887,34,288286
32813,0.000207,172.31.33.0-255,66,23953,34,288286
32814,0.000223,74.125.200.0-255,2902,26855,34,288286
32815,0.000226,172.31.33.0-255,66,26921,34,288286
32816,0.000244,74.125.200.0-255,5738,32659,34,288286
32817,0.000247,172.31.33.0-255,66,32725,34,288286
32818,0.000272,74.125.200.0-255,6797,39522,34,288286
32819,0.000274,172.31.33.0-255,66,39588,34,288286
32820,0.000315,74.125.200.0-255,5738,45326,34,288286
32821,0.000318,172.31.33.0-255,66,45392,34,288286
32822,0.000332,74.125.200.0-255,1484,46876,34,288286
32823,0.000335,172.31.33.0-255,66,46942,34,288286
32824,0.000345,172.31.33.0-255,66,47008,34,288286
32825,0.000347,74.125.200.0-255,1396,48404,34,288286
32826,0.000349,172.31.33.0-255,66,48470,34,288286
32827,0.000377,74.125.200.0-255,134,48604,34,288286
32828,0.000457,74.125.200.0-255,1484,50088,34,288286
32829,0.00046,172.31.33.0-255,66,50154,34,288286
32830,0.000472,74.125.200.0-255,2902,53056,34,288286
32831,0.000474,172.31.33.0-255,66,53122,34,288286
32832,0.000488,74.125.200.0-255,2902,56024,34,288286
32833,0.000491,172.31.33.0-255,66,56090,34,288286
32834,0.000504,74.125.200.0-255,2902,58992,34,288286
32835,0.000506,172.31.33.0-255,66,59058,34,288286
32836,0.000512,74.125.200.0-255,7156,66214,34,288286
32837,0.000514,172.31.33.0-255,66,66280,34,288286
32838,0.000537,74.125.200.0-255,1484,67764,34,288286
32839,0.000543,74.125.200.0-255,7156,74920,34,288286
32840,0.000545,172.31.33.0-255,66,74986,34,288286
32841,0.000565,74.125.200.0-255,2902,77888,34,288286
32842,0.000568,172.31.33.0-255,66,77954,34,288286
32843,0.000573,74.125.200.0-255,5020,82974,34,288286
32844,0.000575,172.31.33.0-255,66,83040,34,288286
32845,0.00061,74.125.200.0-255,1484,84524,34,288286
32846,0.000627,74.125.200.0-255,2902,87426,34,288286
32847,0.00063,172.31.33.0-255,66,87492,34,288286
32848,0.00065,74.125.200.0-255,5738,93230,34,288286
32849,0.000652,172.31.33.0-255,66,93296,34,288286
32850,0.000669,74.125.200.0-255,4320,97616,34,288286
32851,0.000672,172.31.33.0-255,66,97682,34,288286
32852,0.000688,74.125.200.0-255,4320,102002,34,288286
32853,0.000691,172.31.33.0-255,66,102068,34,288286
32854,0.000701,172.31.33.0-255,66,102134,34,288286
32855,0.000721,74.125.200.0-255,5020,107154,34,288286
32856,0.000723,172.31.33.0-255,66,107220,34,288286
32857,0.000824,74.125.200.0-255,1484,108704,34,288286
32858,0.00084,74.125.200.0-255,2902,111606,34,288286
32859,0.000843,172.31.33.0-255,66,111672,34,288286
32860,0.000846,74.125.200.0-255,1484,113156,34,288286
32861,0.000861,74.125.200.0-255,4320,117476,34,288286
32862,0.000863,172.31.33.0-255,66,117542,34,288286
32863,0.000867,74.125.200.0-255,2902,120444,34,288286
32864,0.000869,172.31.33.0-255,66,120510,34,288286
32865,0.000886,74.125.200.0-255,4320,124830,34,288286
32866,0.000889,172.31.33.0-255,66,124896,34,288286
32867,0.000906,74.125.200.0-255,5738,130634,34,288286
32868,0.000909,172.31.33.0-255,66,130700,34,288286
32869,0.000923,74.125.200.0-255,7156,137856,34,288286
32870,0.000925,172.31.33.0-255,66,137922,34,288286
32871,0.000944,74.125.200.0-255,3602,141524,34,288286
32872,0.000947,172.31.33.0-255,66,141590,34,288286
32873,0.000994,74.125.200.0-255,1484,143074,34,288286
32874,0.001005,74.125.200.0-255,1484,144558,34,288286
32875,0.001007,172.31.33.0-255,66,144624,34,288286
32876,0.001027,74.125.200.0-255,1484,146108,34,288286
32877,0.001031,74.125.200.0-255,4320,150428,34,288286
32878,0.001034,172.31.33.0-255,66,150494,34,288286
32879,0.001041,74.125.200.0-255,1484,151978,34,288286
32880,0.001061,74.125.200.0-255,7156,159134,34,288286
32881,0.001063,172.31.33.0-255,66,159200,34,288286
32882,0.001068,74.125.200.0-255,4320,163520,34,288286
32883,0.00107,172.31.33.0-255,66,163586,34,288286
32884,0.001085,74.125.200.0-255,4320,167906,34,288286
32885,0.001087,172.31.33.0-255,66,167972,34,288286
32886,0.001123,74.125.200.0-255,4320,172292,34,288286
32887,0.001128,172.31.33.0-255,66,172358,34,288286
32888,0.001141,74.125.200.0-255,3602,175960,34,288286
32889,0.001143,172.31.33.0-255,66,176026,34,288286
32890,0.001254,74.125.200.0-255,1484,177510,34,288286
32891,0.001271,74.125.200.0-255,1484,178994,34,288286
32892,0.001274,172.31.33.0-255,66,179060,34,288286
32893,0.001277,74.125.200.0-255,1484,180544,34,288286
32894,0.001292,74.125.200.0-255,1484,182028,34,288286
32895,0.001295,172.31.33.0-255,66,182094,34,288286
32896,0.00131,74.125.200.0-255,5738,187832,34,288286
32897,0.001313,172.31.33.0-255,66,187898,34,288286
32898,0.001339,172.31.33.0-255,66,187964,34,288286
32899,0.001342,74.125.200.0-255,1484,189448,34,288286
32900,0.001356,74.125.200.0-255,4320,193768,34,288286
32901,0.001358,172.31.33.0-255,66,193834,34,288286
32902,0.001383,74.125.200.0-255,5738,199572,34,288286
32903,0.001385,172.31.33.0-255,66,199638,34,288286
32904,0.001387,74.125.200.0-255,766,200404,34,288286
32905,0.001487,74.125.200.0-255,1484,201888,34,288286
32906,0.00149,172.31.33.0-255,66,201954,34,288286
32907,0.001503,74.125.200.0-255,2902,204856,34,288286
32908,0.001505,172.31.33.0-255,66,204922,34,288286
32909,0.001524,74.125.200.0-255,5738,210660,34,288286
32910,0.001528,172.31.33.0-255,66,210726,34,288286
32911,0.00155,74.125.200.0-255,2902,213628,34,288286
32912,0.001552,172.31.33.0-255,66,213694,34,288286
32913,0.001582,74.125.200.0-255,4320,218014,34,288286
32914,0.001585,172.31.33.0-255,66,218080,34,288286
32915,0.001592,74.125.200.0-255,7156,225236,34,288286
32916,0.001593,172.31.33.0-255,66,225302,34,288286
32917,0.001602,172.31.33.0-255,66,225368,34,288286
32918,0.001624,74.125.200.0-255,4320,229688,34,288286
32919,0.001626,172.31.33.0-255,66,229754,34,288286
32920,0.001648,74.125.200.0-255,2184,231938,34,288286
32921,0.00165,172.31.33.0-255,66,232004,34,288286
32922,0.001657,74.125.200.0-255,7156,239160,34,288286
32923,0.001658,172.31.33.0-255,66,239226,34,288286
32924,0.001676,74.125.200.0-255,2902,242128,34,288286
32925,0.001679,172.31.33.0-255,66,242194,34,288286
32926,0.00171,172.31.33.0-255,66,242260,34,288286
32927,0.001738,172.31.33.0-255,66,242326,34,288286
32928,0.001755,74.125.200.0-255,2184,244510,34,288286
32929,0.001758,172.31.33.0-255,66,244576,34,288286
32930,0.001792,74.125.200.0-255,7156,251732,34,288286
32931,0.001795,172.31.33.0-255,66,251798,34,288286
32932,0.001816,172.31.33.0-255,66,251864,34,288286
32933,0.001821,74.125.200.0-255,5738,257602,34,288286
32934,0.001823,172.31.33.0-255,66,257668,34,288286
32935,0.001826,74.125.200.0-255,1484,259152,34,288286
32936,0.001854,172.31.33.0-255,66,259218,34,288286
32937,0.001858,74.125.200.0-255,2902,262120,34,288286
32938,0.00186,172.31.33.0-255,66,262186,34,288286
32939,0.001881,172.31.33.0-255,66,262252,34,288286
32940,0.001891,74.125.200.0-255,2902,265154,34,288286
32941,0.001894,172.31.33.0-255,66,265220,34,288286
32942,0.001899,74.125.200.0-255,5738,270958,34,288286
32943,0.001901,172.31.33.0-255,66,271024,34,288286
32944,0.001934,74.125.200.0-255,2902,273926,34,288286
32945,0.001936,172.31.33.0-255,66,273992,34,288286
32946,0.001962,172.31.33.0-255,66,274058,34,288286
32947,0.001975,74.125.200.0-255,1484,275542,34,288286
32948,0.001989,74.125.200.0-255,5738,281280,34,288286
32949,0.001992,172.31.33.0-255,66,281346,34,288286
32950,0.00201,74.125.200.0-255,2244,283590,34,288286
32951,0.002013,172.31.33.0-255,66,283656,34,288286
32952,0.002016,74.125.200.0-255,105,283761,34,288286
32953,0.008342,172.31.33.0-255,66,283827,34,288286
32954,0.008367,172.31.33.0-255,105,283932,34,288286
32955,0.010645,74.125.200.0-255,66,283998,34,288286
32956,0.038059,172.31.33.0-255,167,284165,34,288286
32957,0.038085,172.31.33.0-255,1112,285277,34,288286
32958,0.038123,172.31.33.0-255,1514,286791,34,288286
32959,0.038124,172.31.33.0-255,1297,288088,34,288286
32960,0.039572,104.244.42.0-255,66,288154,34,288286
32961,0.039736,104.244.42.0-255,66,288220,34,288286
32962,0.039737,104.244.42.0-255,66,288286,34,288286
32963,0.0,172.217.194.0-255,143,143,34,157250
32964,2.3e-05,172.31.33.0-255,66,209,34,157250
32965,3.1e-05,172.217.194.0-255,1484,1693,34,157250
32966,3.5e-05,172.31.33.0-255,66,1759,34,157250
32967,4e-05,172.217.194.0-255,2902,4661,34,157250
32968,5e-05,172.31.33.0-255,66,4727,34,157250
32969,5.8e-05,172.217.194.0-255,7156,11883,34,157250
32970,6e-05,172.31.33.0-255,66,11949,34,157250
32971,6.6e-05,172.217.194.0-255,4972,16921,34,157250
32972,6.8e-05,172.31.33.0-255,66,16987,34,157250
32973,8.5e-05,172.31.33.0-255,66,17053,34,157250
32974,0.000123,172.217.194.0-255,1484,18537,34,157250
32975,0.000126,172.31.33.0-255,66,18603,34,157250
32976,0.000153,172.217.194.0-255,2902,21505,34,157250
32977,0.000155,172.31.33.0-255,66,21571,34,157250
32978,0.000162,172.217.194.0-255,4320,25891,34,157250
32979,0.000164,172.31.33.0-255,66,25957,34,157250
32980,0.00017,172.217.194.0-255,4320,30277,34,157250
32981,0.000171,172.31.33.0-255,66,30343,34,157250
32982,0.000185,172.217.194.0-255,5379,35722,34,157250
32983,0.000187,172.31.33.0-255,66,35788,34,157250
32984,0.00019,172.217.194.0-255,1484,37272,34,157250
32985,0.000191,172.31.33.0-255,66,37338,34,157250
32986,0.000239,172.31.33.0-255,66,37404,34,157250
32987,0.000242,172.217.194.0-255,117,37521,34,157250
32988,0.000244,172.31.33.0-255,66,37587,34,157250
32989,0.000292,172.217.194.0-255,381,37968,34,157250
32990,0.000294,172.31.33.0-255,66,38034,34,157250
32991,0.000733,172.217.194.0-255,1484,39518,34,157250
32992,0.000738,172.31.33.0-255,66,39584,34,157250
32993,0.000743,172.217.194.0-255,2902,42486,34,157250
32994,0.000745,172.31.33.0-255,66,42552,34,157250
32995,0.000773,172.217.194.0-255,5738,48290,34,157250
32996,0.000776,172.31.33.0-255,66,48356,34,157250
32997,0.000805,172.31.33.0-255,66,48422,34,157250
32998,0.000812,172.217.194.0-255,7156,55578,34,157250
32999,0.000814,172.31.33.0-255,66,55644,34,157250
33000,0.000833,172.217.194.0-255,2902,58546,34,157250
33001,0.000836,172.31.33.0-255,66,58612,34,157250
33002,0.000839,172.217.194.0-255,766,59378,34,157250
33003,0.001246,172.31.33.0-255,66,59444,34,157250
33004,0.001474,172.217.194.0-255,1484,60928,34,157250
33005,0.001482,172.217.194.0-255,2902,63830,34,157250
33006,0.001485,172.31.33.0-255,66,63896,34,157250
33007,0.001519,172.217.194.0-255,1484,65380,34,157250
33008,0.001539,172.217.194.0-255,4320,69700,34,157250
33009,0.001541,172.31.33.0-255,66,69766,34,157250
33010,0.001566,172.31.33.0-255,66,69832,34,157250
33011,0.00158,172.31.33.0-255,66,69898,34,157250
33012,0.001614,172.31.33.0-255,66,69964,34,157250
33013,0.001617,172.217.194.0-255,1484,71448,34,157250
33014,0.00166,172.31.33.0-255,66,71514,34,157250
33015,0.001666,172.217.194.0-255,5020,76534,34,157250
33016,0.001667,172.31.33.0-255,66,76600,34,157250
33017,0.001813,172.217.194.0-255,1484,78084,34,157250
33018,0.001856,172.217.194.0-255,2902,80986,34,157250
33019,0.00186,172.31.33.0-255,66,81052,34,157250
33020,0.001863,172.217.194.0-255,1484,82536,34,157250
33021,0.001881,172.217.194.0-255,1484,84020,34,157250
33022,0.001883,172.31.33.0-255,66,84086,34,157250
33023,0.00191,172.217.194.0-255,4320,88406,34,157250
33024,0.001913,172.31.33.0-255,66,88472,34,157250
33025,0.001916,172.217.194.0-255,1484,89956,34,157250
33026,0.001936,172.217.194.0-255,2902,92858,34,157250
33027,0.001937,172.31.33.0-255,66,92924,34,157250
33028,0.001948,172.31.33.0-255,66,92990,34,157250
33029,0.001972,172.217.194.0-255,1484,94474,34,157250
33030,0.001975,172.217.194.0-255,1484,95958,34,157250
33031,0.001977,172.31.33.0-255,66,96024,34,157250
33032,0.002006,172.217.194.0-255,6438,102462,34,157250
33033,0.002008,172.31.33.0-255,66,102528,34,157250
33034,0.002061,172.217.194.0-255,1484,104012,34,157250
33035,0.002067,172.217.194.0-255,2902,106914,34,157250
33036,0.002069,172.31.33.0-255,66,106980,34,157250
33037,0.002094,172.217.194.0-255,5738,112718,34,157250
33038,0.002097,172.31.33.0-255,66,112784,34,157250
33039,0.002099,172.217.194.0-255,1484,114268,34,157250
33040,0.002131,172.31.33.0-255,66,114334,34,157250
33041,0.002141,172.31.33.0-255,66,114400,34,157250
33042,0.002143,172.217.194.0-255,766,115166,34,157250
33043,0.002274,172.217.194.0-255,1484,116650,34,157250
33044,0.002279,172.31.33.0-255,66,116716,34,157250
33045,0.002284,172.217.194.0-255,2902,119618,34,157250
33046,0.002287,172.31.33.0-255,66,119684,34,157250
33047,0.002292,172.217.194.0-255,5738,125422,34,157250
33048,0.002299,172.31.33.0-255,66,125488,34,157250
33049,0.002347,172.31.33.0-255,66,125554,34,157250
33050,0.002358,172.31.33.0-255,66,125620,34,157250
33051,0.003266,172.217.194.0-255,1484,127104,34,157250
33052,0.003283,172.217.194.0-255,2902,130006,34,157250
33053,0.003287,172.31.33.0-255,66,130072,34,157250
33054,0.003294,172.217.194.0-255,4320,134392,34,157250
33055,0.003297,172.31.33.0-255,66,134458,34,157250
33056,0.003307,172.217.194.0-255,4320,138778,34,157250
33057,0.003309,172.31.33.0-255,66,138844,34,157250
33058,0.003336,172.217.194.0-255,4320,143164,34,157250
33059,0.003338,172.31.33.0-255,66,143230,34,157250
33060,0.003394,172.31.33.0-255,66,143296,34,157250
33061,0.003417,172.31.33.0-255,66,143362,34,157250
33062,0.003432,172.31.33.0-255,66,143428,34,157250
33063,0.003434,172.217.194.0-255,1484,144912,34,157250
33064,0.003445,172.31.33.0-255,66,144978,34,157250
33065,0.003472,172.31.33.0-255,66,145044,34,157250
33066,0.003484,172.31.33.0-255,66,145110,34,157250
33067,0.003506,172.217.194.0-255,5738,150848,34,157250
33068,0.003509,172.31.33.0-255,66,150914,34,157250
33069,0.003551,172.31.33.0-255,66,150980,34,157250
33070,0.003553,172.217.194.0-255,1484,152464,34,157250
33071,0.003556,172.31.33.0-255,78,152542,34,157250
33072,0.003571,172.31.33.0-255,66,152608,34,157250
33073,0.003576,172.217.194.0-255,4234,156842,34,157250
33074,0.003578,172.31.33.0-255,66,156908,34,157250
33075,0.003599,172.217.194.0-255,105,157013,34,157250
33076,0.016848,172.31.33.0-255,66,157079,34,157250
33077,0.016891,172.31.33.0-255,105,157184,34,157250
33078,0.018892,172.217.194.0-255,66,157250,34,157250
33079,0.0,172.217.194.0-255,153,153,34,240683
33080,2.9e-05,172.31.33.0-255,66,219,34,240683
33081,3.5e-05,172.217.194.0-255,1484,1703,34,240683
33082,3.9e-05,172.31.33.0-255,66,1769,34,240683
33083,4.3e-05,172.217.194.0-255,2902,4671,34,240683
33084,4.5e-05,172.31.33.0-255,66,4737,34,240683
33085,5.8e-05,172.217.194.0-255,7156,11893,34,240683
33086,6e-05,172.31.33.0-255,66,11959,34,240683
33087,6.5e-05,172.217.194.0-255,2127,14086,34,240683
33088,6.6e-05,172.31.33.0-255,66,14152,34,240683
33089,0.000114,172.217.194.0-255,1484,15636,34,240683
33090,0.000117,172.31.33.0-255,66,15702,34,240683
33091,0.000135,172.217.194.0-255,2902,18604,34,240683
33092,0.000138,172.31.33.0-255,66,18670,34,240683
33093,0.000168,172.217.194.0-255,5738,24408,34,240683
33094,0.000171,172.31.33.0-255,66,24474,34,240683
33095,0.000175,172.217.194.0-255,2902,27376,34,240683
33096,0.000177,172.31.33.0-255,66,27442,34,240683
33097,0.000199,172.217.194.0-255,3961,31403,34,240683
33098,0.000201,172.31.33.0-255,66,31469,34,240683
33099,0.000207,172.217.194.0-255,5738,37207,34,240683
33100,0.000209,172.31.33.0-255,66,37273,34,240683
33101,0.000249,172.31.33.0-255,66,37339,34,240683
33102,0.000259,172.31.33.0-255,66,37405,34,240683
33103,0.000264,172.217.194.0-255,4320,41725,34,240683
33104,0.000266,172.31.33.0-255,66,41791,34,240683
33105,0.000303,172.217.194.0-255,6753,48544,34,240683
33106,0.000305,172.217.194.0-255,365,48909,34,240683
33107,0.000308,172.31.33.0-255,66,48975,34,240683
33108,0.000312,172.31.33.0-255,66,49041,34,240683
33109,0.000558,172.217.194.0-255,1484,50525,34,240683
33110,0.000579,172.217.194.0-255,2902,53427,34,240683
33111,0.000582,172.31.33.0-255,66,53493,34,240683
33112,0.000588,172.217.194.0-255,5738,59231,34,240683
33113,0.00059,172.31.33.0-255,66,59297,34,240683
33114,0.000593,172.217.194.0-255,1484,60781,34,240683
33115,0.000629,172.31.33.0-255,66,60847,34,240683
33116,0.000639,172.31.33.0-255,66,60913,34,240683
33117,0.000657,172.217.194.0-255,2184,63097,34,240683
33118,0.00066,172.31.33.0-255,66,63163,34,240683
33119,0.001168,172.217.194.0-255,1484,64647,34,240683
33120,0.001177,172.217.194.0-255,2902,67549,34,240683
33121,0.00118,172.31.33.0-255,66,67615,34,240683
33122,0.001186,172.217.194.0-255,2902,70517,34,240683
33123,0.001187,172.31.33.0-255,66,70583,34,240683
33124,0.001209,172.217.194.0-255,2902,73485,34,240683
33125,0.001211,172.31.33.0-255,66,73551,34,240683
33126,0.001223,172.31.33.0-255,66,73617,34,240683
33127,0.001242,172.217.194.0-255,1484,75101,34,240683
33128,0.001261,172.217.194.0-255,7156,82257,34,240683
33129,0.001263,172.31.33.0-255,66,82323,34,240683
33130,0.001287,172.217.194.0-255,2184,84507,34,240683
33131,0.001289,172.31.33.0-255,66,84573,34,240683
33132,0.001312,172.217.194.0-255,1484,86057,34,240683
33133,0.001324,172.217.194.0-255,2902,88959,34,240683
33134,0.001327,172.31.33.0-255,66,89025,34,240683
33135,0.00133,172.217.194.0-255,2902,91927,34,240683
33136,0.001332,172.31.33.0-255,66,91993,34,240683
33137,0.001353,172.217.194.0-255,1484,93477,34,240683
33138,0.001368,172.217.194.0-255,4320,97797,34,240683
33139,0.00137,172.31.33.0-255,66,97863,34,240683
33140,0.001397,172.217.194.0-255,4320,102183,34,240683
33141,0.001399,172.31.33.0-255,66,102249,34,240683
33142,0.001408,172.31.33.0-255,66,102315,34,240683
33143,0.001432,172.217.194.0-255,4320,106635,34,240683
33144,0.001434,172.31.33.0-255,66,106701,34,240683
33145,0.001487,172.217.194.0-255,3602,110303,34,240683
33146,0.00149,172.31.33.0-255,66,110369,34,240683
33147,0.002064,172.217.194.0-255,1484,111853,34,240683
33148,0.002068,172.217.194.0-255,2902,114755,34,240683
33149,0.00207,172.31.33.0-255,66,114821,34,240683
33150,0.002105,172.217.194.0-255,5738,120559,34,240683
33151,0.002107,172.31.33.0-255,66,120625,34,240683
33152,0.002112,172.217.194.0-255,5738,126363,34,240683
33153,0.002114,172.31.33.0-255,66,126429,34,240683
33154,0.002137,172.217.194.0-255,1484,127913,34,240683
33155,0.002159,172.31.33.0-255,66,127979,34,240683
33156,0.00218,172.217.194.0-255,1484,129463,34,240683
33157,0.002185,172.217.194.0-255,5020,134483,34,240683
33158,0.002186,172.31.33.0-255,66,134549,34,240683
33159,0.002364,172.217.194.0-255,1484,136033,34,240683
33160,0.002368,172.217.194.0-255,2902,138935,34,240683
33161,0.00237,172.31.33.0-255,66,139001,34,240683
33162,0.002407,172.217.194.0-255,1484,140485,34,240683
33163,0.002417,172.31.33.0-255,66,140551,34,240683
33164,0.002419,172.217.194.0-255,1484,142035,34,240683
33165,0.002451,172.217.194.0-255,4320,146355,34,240683
33166,0.002453,172.31.33.0-255,66,146421,34,240683
33167,0.002479,172.217.194.0-255,7156,153577,34,240683
33168,0.002481,172.31.33.0-255,66,153643,34,240683
33169,0.002486,172.217.194.0-255,5738,159381,34,240683
33170,0.002488,172.31.33.0-255,66,159447,34,240683
33171,0.002514,172.31.33.0-255,66,159513,34,240683
33172,0.002516,172.217.194.0-255,1484,160997,34,240683
33173,0.002535,172.217.194.0-255,5738,166735,34,240683
33174,0.002536,172.31.33.0-255,66,166801,34,240683
33175,0.002542,172.217.194.0-255,1484,168285,34,240683
33176,0.002562,172.217.194.0-255,5738,174023,34,240683
33177,0.002564,172.31.33.0-255,66,174089,34,240683
33178,0.002568,172.217.194.0-255,4320,178409,34,240683
33179,0.002569,172.31.33.0-255,66,178475,34,240683
33180,0.002591,172.217.194.0-255,5738,184213,34,240683
33181,0.002593,172.31.33.0-255,66,184279,34,240683
33182,0.002596,172.217.194.0-255,2184,186463,34,240683
33183,0.002598,172.31.33.0-255,66,186529,34,240683
33184,0.002623,172.217.194.0-255,2902,189431,34,240683
33185,0.002625,172.31.33.0-255,66,189497,34,240683
33186,0.002628,172.217.194.0-255,2902,192399,34,240683
33187,0.00263,172.31.33.0-255,66,192465,34,240683
33188,0.002649,172.217.194.0-255,4320,196785,34,240683
33189,0.002651,172.31.33.0-255,66,196851,34,240683
33190,0.002658,172.217.194.0-255,4320,201171,34,240683
33191,0.00266,172.31.33.0-255,66,201237,34,240683
33192,0.002663,172.217.194.0-255,2902,204139,34,240683
33193,0.002666,172.31.33.0-255,66,204205,34,240683
33194,0.002676,172.217.194.0-255,2902,207107,34,240683
33195,0.002678,172.31.33.0-255,66,207173,34,240683
33196,0.002697,172.217.194.0-255,5738,212911,34,240683
33197,0.002699,172.31.33.0-255,66,212977,34,240683
33198,0.002728,172.217.194.0-255,5738,218715,34,240683
33199,0.00273,172.31.33.0-255,66,218781,34,240683
33200,0.002733,172.217.194.0-255,2184,220965,34,240683
33201,0.002735,172.31.33.0-255,66,221031,34,240683
33202,0.00275,172.217.194.0-255,2902,223933,34,240683
33203,0.002752,172.31.33.0-255,66,223999,34,240683
33204,0.002786,172.31.33.0-255,66,224065,34,240683
33205,0.002795,172.31.33.0-255,66,224131,34,240683
33206,0.002825,172.217.194.0-255,2902,227033,34,240683
33207,0.002827,172.31.33.0-255,66,227099,34,240683
33208,0.002865,172.31.33.0-255,66,227165,34,240683
33209,0.002925,172.31.33.0-255,66,227231,34,240683
33210,0.002935,172.31.33.0-255,66,227297,34,240683
33211,0.002941,172.217.194.0-255,1484,228781,34,240683
33212,0.002947,172.217.194.0-255,5738,234519,34,240683
33213,0.002948,172.31.33.0-255,66,234585,34,240683
33214,0.002978,172.217.194.0-255,5690,240275,34,240683
33215,0.00298,172.31.33.0-255,66,240341,34,240683
33216,0.002983,172.217.194.0-255,105,240446,34,240683
33217,0.01317,172.31.33.0-255,66,240512,34,240683
33218,0.013203,172.31.33.0-255,105,240617,34,240683
33219,0.015513,172.217.194.0-255,66,240683,34,240683
33220,0.0,172.217.194.0-255,153,153,34,227074
33221,2.2e-05,172.31.33.0-255,66,219,34,227074
33222,2.8e-05,172.217.194.0-255,1484,1703,34,227074
33223,3.2e-05,172.31.33.0-255,66,1769,34,227074
33224,3.6e-05,172.217.194.0-255,2902,4671,34,227074
33225,3.8e-05,172.31.33.0-255,66,4737,34,227074
33226,4.1e-05,172.217.194.0-255,1484,6221,34,227074
33227,4.3e-05,172.31.33.0-255,66,6287,34,227074
33228,7.1e-05,172.217.194.0-255,5738,12025,34,227074
33229,7.2e-05,172.217.194.0-255,1484,13509,34,227074
33230,7.4e-05,172.31.33.0-255,66,13575,34,227074
33231,7.8e-05,172.31.33.0-255,66,13641,34,227074
33232,0.000103,172.31.33.0-255,66,13707,34,227074
33233,0.000131,172.217.194.0-255,2902,16609,34,227074
33234,0.000133,172.31.33.0-255,66,16675,34,227074
33235,0.000146,172.217.194.0-255,5379,22054,34,227074
33236,0.000149,172.31.33.0-255,66,22120,34,227074
33237,0.000535,172.217.194.0-255,1484,23604,34,227074
33238,0.000539,172.31.33.0-255,66,23670,34,227074
33239,0.000547,172.217.194.0-255,2902,26572,34,227074
33240,0.000549,172.31.33.0-255,66,26638,34,227074
33241,0.000553,172.217.194.0-255,1484,28122,34,227074
33242,0.000555,172.31.33.0-255,66,28188,34,227074
33243,0.000581,172.217.194.0-255,4320,32508,34,227074
33244,0.000583,172.31.33.0-255,66,32574,34,227074
33245,0.000587,172.217.194.0-255,1484,34058,34,227074
33246,0.000588,172.31.33.0-255,66,34124,34,227074
33247,0.000614,172.31.33.0-255,66,34190,34,227074
33248,0.000619,172.217.194.0-255,4320,38510,34,227074
33249,0.000621,172.31.33.0-255,66,38576,34,227074
33250,0.000641,172.217.194.0-255,5669,44245,34,227074
33251,0.000644,172.31.33.0-255,66,44311,34,227074
33252,0.000647,172.217.194.0-255,365,44676,34,227074
33253,0.001281,172.217.194.0-255,1484,46160,34,227074
33254,0.001286,172.31.33.0-255,66,46226,34,227074
33255,0.001291,172.217.194.0-255,2902,49128,34,227074
33256,0.001293,172.31.33.0-255,66,49194,34,227074
33257,0.001316,172.217.194.0-255,1484,50678,34,227074
33258,0.001332,172.217.194.0-255,4320,54998,34,227074
33259,0.001334,172.31.33.0-255,66,55064,34,227074
33260,0.001376,172.31.33.0-255,66,55130,34,227074
33261,0.00138,172.217.194.0-255,4320,59450,34,227074
33262,0.001382,172.31.33.0-255,66,59516,34,227074
33263,0.001426,172.217.194.0-255,1484,61000,34,227074
33264,0.001438,172.217.194.0-255,5738,66738,34,227074
33265,0.00144,172.31.33.0-255,66,66804,34,227074
33266,0.001451,172.217.194.0-255,2184,68988,34,227074
33267,0.001453,172.31.33.0-255,66,69054,34,227074
33268,0.002432,172.217.194.0-255,1484,70538,34,227074
33269,0.002449,172.217.194.0-255,1484,72022,34,227074
33270,0.002453,172.31.33.0-255,66,72088,34,227074
33271,0.002468,172.217.194.0-255,1484,73572,34,227074
33272,0.002496,172.217.194.0-255,4320,77892,34,227074
33273,0.002499,172.31.33.0-255,66,77958,34,227074
33274,0.002514,172.217.194.0-255,2902,80860,34,227074
33275,0.002517,172.31.33.0-255,66,80926,34,227074
33276,0.002541,172.217.194.0-255,2902,83828,34,227074
33277,0.002543,172.31.33.0-255,66,83894,34,227074
33278,0.002546,172.217.194.0-255,1484,85378,34,227074
33279,0.002576,172.31.33.0-255,66,85444,34,227074
33280,0.002647,172.217.194.0-255,2902,88346,34,227074
33281,0.002651,172.31.33.0-255,66,88412,34,227074
33282,0.002671,172.217.194.0-255,5020,93432,34,227074
33283,0.002674,172.31.33.0-255,66,93498,34,227074
33284,0.003084,172.217.194.0-255,1484,94982,34,227074
33285,0.00309,172.217.194.0-255,2902,97884,34,227074
33286,0.003094,172.31.33.0-255,66,97950,34,227074
33287,0.003109,172.217.194.0-255,4320,102270,34,227074
33288,0.003112,172.31.33.0-255,66,102336,34,227074
33289,0.003126,172.217.194.0-255,1484,103820,34,227074
33290,0.003132,172.217.194.0-255,7156,110976,34,227074
33291,0.003135,172.31.33.0-255,66,111042,34,227074
33292,0.00314,172.217.194.0-255,4320,115362,34,227074
33293,0.003143,172.31.33.0-255,66,115428,34,227074
33294,0.003166,172.31.33.0-255,66,115494,34,227074
33295,0.003169,172.217.194.0-255,2184,117678,34,227074
33296,0.003171,172.31.33.0-255,66,117744,34,227074
33297,0.003376,172.217.194.0-255,1484,119228,34,227074
33298,0.00338,172.217.194.0-255,1484,120712,34,227074
33299,0.003383,172.31.33.0-255,66,120778,34,227074
33300,0.0034,172.217.194.0-255,1484,122262,34,227074
33301,0.003414,172.217.194.0-255,5738,128000,34,227074
33302,0.003419,172.31.33.0-255,66,128066,34,227074
33303,0.003424,172.217.194.0-255,4320,132386,34,227074
33304,0.003426,172.31.33.0-255,66,132452,34,227074
33305,0.003438,172.217.194.0-255,1484,133936,34,227074
33306,0.003467,172.31.33.0-255,66,134002,34,227074
33307,0.003488,172.217.194.0-255,3602,137604,34,227074
33308,0.003491,172.31.33.0-255,66,137670,34,227074
33309,0.00396,172.217.194.0-255,1484,139154,34,227074
33310,0.003974,172.217.194.0-255,1484,140638,34,227074
33311,0.003978,172.31.33.0-255,66,140704,34,227074
33312,0.003994,172.217.194.0-255,1484,142188,34,227074
33313,0.004008,172.217.194.0-255,2902,145090,34,227074
33314,0.00401,172.31.33.0-255,66,145156,34,227074
33315,0.004025,172.217.194.0-255,2902,148058,34,227074
33316,0.004027,172.31.33.0-255,66,148124,34,227074
33317,0.004041,172.217.194.0-255,2902,151026,34,227074
33318,0.004043,172.31.33.0-255,66,151092,34,227074
33319,0.004067,172.217.194.0-255,7156,158248,34,227074
33320,0.004069,172.31.33.0-255,66,158314,34,227074
33321,0.00408,172.31.33.0-255,66,158380,34,227074
33322,0.004084,172.217.194.0-255,2184,160564,34,227074
33323,0.004086,172.31.33.0-255,66,160630,34,227074
33324,0.004127,172.217.194.0-255,2902,163532,34,227074
33325,0.004129,172.31.33.0-255,66,163598,34,227074
33326,0.004171,172.31.33.0-255,66,163664,34,227074
33327,0.004186,172.31.33.0-255,66,163730,34,227074
33328,0.004188,172.217.194.0-255,766,164496,34,227074
33329,0.004915,172.217.194.0-255,1484,165980,34,227074
33330,0.004921,172.31.33.0-255,66,166046,34,227074
33331,0.004931,172.217.194.0-255,2902,168948,34,227074
33332,0.004936,172.31.33.0-255,66,169014,34,227074
33333,0.004948,172.217.194.0-255,5738,174752,34,227074
33334,0.004952,172.31.33.0-255,66,174818,34,227074
33335,0.004961,172.217.194.0-255,4320,179138,34,227074
33336,0.004966,172.31.33.0-255,66,179204,34,227074
33337,0.004994,172.31.33.0-255,66,179270,34,227074
33338,0.005024,172.217.194.0-255,4320,183590,34,227074
33339,0.00503,172.31.33.0-255,66,183656,34,227074
33340,0.005044,172.217.194.0-255,5020,188676,34,227074
33341,0.005049,172.31.33.0-255,66,188742,34,227074
33342,0.005942,172.217.194.0-255,1484,190226,34,227074
33343,0.00595,172.217.194.0-255,2902,193128,34,227074
33344,0.005955,172.31.33.0-255,66,193194,34,227074
33345,0.005978,172.217.194.0-255,5738,198932,34,227074
33346,0.005981,172.31.33.0-255,66,198998,34,227074
33347,0.006012,172.31.33.0-255,66,199064,34,227074
33348,0.006055,172.31.33.0-255,66,199130,34,227074
33349,0.006093,172.217.194.0-255,1484,200614,34,227074
33350,0.006122,172.31.33.0-255,66,200680,34,227074
33351,0.006141,172.217.194.0-255,1484,202164,34,227074
33352,0.00616,172.31.33.0-255,66,202230,34,227074
33353,0.006176,172.217.194.0-255,2902,205132,34,227074
33354,0.006179,172.31.33.0-255,66,205198,34,227074
33355,0.006182,172.217.194.0-255,766,205964,34,227074
33356,0.006431,172.217.194.0-255,1484,207448,34,227074
33357,0.006436,172.31.33.0-255,66,207514,34,227074
33358,0.006443,172.217.194.0-255,2902,210416,34,227074
33359,0.006446,172.31.33.0-255,66,210482,34,227074
33360,0.006449,172.217.194.0-255,1484,211966,34,227074
33361,0.006463,172.217.194.0-255,1484,213450,34,227074
33362,0.006466,172.31.33.0-255,66,213516,34,227074
33363,0.006489,172.217.194.0-255,7156,220672,34,227074
33364,0.006492,172.31.33.0-255,66,220738,34,227074
33365,0.006513,172.217.194.0-255,2902,223640,34,227074
33366,0.006517,172.31.33.0-255,66,223706,34,227074
33367,0.006531,172.31.33.0-255,66,223772,34,227074
33368,0.006534,172.217.194.0-255,1484,225256,34,227074
33369,0.006539,172.217.194.0-255,1410,226666,34,227074
33370,0.006541,172.31.33.0-255,66,226732,34,227074
33371,0.006598,172.217.194.0-255,105,226837,34,227074
33372,0.011763,172.31.33.0-255,66,226903,34,227074
33373,0.011797,172.31.33.0-255,105,227008,34,227074
33374,0.014127,172.217.194.0-255,66,227074,34,227074
33375,0.0,74.125.24.0-255,146,146,34,266283
33376,2.2e-05,172.31.33.0-255,66,212,34,266283
33377,3e-05,74.125.24.0-255,1484,1696,34,266283
33378,3.3e-05,172.31.33.0-255,66,1762,34,266283
33379,3.9e-05,74.125.24.0-255,2902,4664,34,266283
33380,4.3e-05,172.31.33.0-255,66,4730,34,266283
33381,5.2e-05,74.125.24.0-255,7156,11886,34,266283
33382,5.5e-05,172.31.33.0-255,66,11952,34,266283
33383,6e-05,74.125.24.0-255,2058,14010,34,266283
33384,6.2e-05,172.31.33.0-255,66,14076,34,266283
33385,0.000158,74.125.24.0-255,1484,15560,34,266283
33386,0.000163,74.125.24.0-255,2902,18462,34,266283
33387,0.000169,172.31.33.0-255,66,18528,34,266283
33388,0.000178,172.31.33.0-255,66,18594,34,266283
33389,0.000185,74.125.24.0-255,5738,24332,34,266283
33390,0.000187,172.31.33.0-255,66,24398,34,266283
33391,0.00023,172.31.33.0-255,66,24464,34,266283
33392,0.000254,74.125.24.0-255,3961,28425,34,266283
33393,0.000256,172.31.33.0-255,66,28491,34,266283
33394,0.00027,172.31.33.0-255,66,28557,34,266283
33395,0.000311,172.31.33.0-255,66,28623,34,266283
33396,0.000522,74.125.24.0-255,363,28986,34,266283
33397,0.000527,172.31.33.0-255,66,29052,34,266283
33398,0.000617,74.125.24.0-255,129,29181,34,266283
33399,0.000621,172.31.33.0-255,66,29247,34,266283
33400,0.000653,74.125.24.0-255,1484,30731,34,266283
33401,0.000656,172.31.33.0-255,66,30797,34,266283
33402,0.000662,74.125.24.0-255,2902,33699,34,266283
33403,0.000665,172.31.33.0-255,66,33765,34,266283
33404,0.000697,74.125.24.0-255,5738,39503,34,266283
33405,0.000702,74.125.24.0-255,4320,43823,34,266283
33406,0.000707,172.31.33.0-255,66,43889,34,266283
33407,0.000711,172.31.33.0-255,66,43955,34,266283
33408,0.000736,172.31.33.0-255,66,44021,34,266283
33409,0.000741,74.125.24.0-255,2902,46923,34,266283
33410,0.000743,172.31.33.0-255,66,46989,34,266283
33411,0.000778,172.31.33.0-255,66,47055,34,266283
33412,0.001731,74.125.24.0-255,1484,48539,34,266283
33413,0.001742,74.125.24.0-255,2902,51441,34,266283
33414,0.001746,172.31.33.0-255,66,51507,34,266283
33415,0.001753,74.125.24.0-255,4320,55827,34,266283
33416,0.001754,172.31.33.0-255,66,55893,34,266283
33417,0.001766,74.125.24.0-255,1484,57377,34,266283
33418,0.001773,74.125.24.0-255,5738,63115,34,266283
33419,0.001775,172.31.33.0-255,66,63181,34,266283
33420,0.001792,74.125.24.0-255,2902,66083,34,266283
33421,0.001794,172.31.33.0-255,66,66149,34,266283
33422,0.001836,172.31.33.0-255,66,66215,34,266283
33423,0.001856,74.125.24.0-255,5020,71235,34,266283
33424,0.001858,172.31.33.0-255,66,71301,34,266283
33425,0.002208,74.125.24.0-255,1484,72785,34,266283
33426,0.002224,74.125.24.0-255,2902,75687,34,266283
33427,0.002227,172.31.33.0-255,66,75753,34,266283
33428,0.002233,74.125.24.0-255,5738,81491,34,266283
33429,0.002235,172.31.33.0-255,66,81557,34,266283
33430,0.002241,74.125.24.0-255,5738,87295,34,266283
33431,0.002242,172.31.33.0-255,66,87361,34,266283
33432,0.002263,74.125.24.0-255,7156,94517,34,266283
33433,0.002265,172.31.33.0-255,66,94583,34,266283
33434,0.002278,74.125.24.0-255,1484,96067,34,266283
33435,0.00228,74.125.24.0-255,1484,97551,34,266283
33436,0.002282,172.31.33.0-255,66,97617,34,266283
33437,0.002296,74.125.24.0-255,2902,100519,34,266283
33438,0.002297,172.31.33.0-255,66,100585,34,266283
33439,0.002318,74.125.24.0-255,5020,105605,34,266283
33440,0.002319,172.31.33.0-255,66,105671,34,266283
33441,0.002342,74.125.24.0-255,1484,107155,34,266283
33442,0.002345,74.125.24.0-255,1484,108639,34,266283
33443,0.002347,172.31.33.0-255,66,108705,34,266283
33444,0.002363,74.125.24.0-255,1484,110189,34,266283
33445,0.002369,74.125.24.0-255,5738,115927,34,266283
33446,0.002371,172.31.33.0-255,66,115993,34,266283
33447,0.002394,172.31.33.0-255,66,116059,34,266283
33448,0.002412,74.125.24.0-255,4320,120379,34,266283
33449,0.002414,172.31.33.0-255,66,120445,34,266283
33450,0.002424,172.31.33.0-255,66,120511,34,266283
33451,0.002443,74.125.24.0-255,766,121277,34,266283
33452,0.002464,74.125.24.0-255,1484,122761,34,266283
33453,0.002466,172.31.33.0-255,66,122827,34,266283
33454,0.00247,74.125.24.0-255,2902,125729,34,266283
33455,0.002473,172.31.33.0-255,66,125795,34,266283
33456,0.00249,74.125.24.0-255,2902,128697,34,266283
33457,0.002492,172.31.33.0-255,66,128763,34,266283
33458,0.002507,74.125.24.0-255,2902,131665,34,266283
33459,0.00251,172.31.33.0-255,66,131731,34,266283
33460,0.002516,74.125.24.0-255,7156,138887,34,266283
33461,0.002518,172.31.33.0-255,66,138953,34,266283
33462,0.002539,74.125.24.0-255,2902,141855,34,266283
33463,0.00254,172.31.33.0-255,66,141921,34,266283
33464,0.002543,74.125.24.0-255,1484,143405,34,266283
33465,0.00256,74.125.24.0-255,5738,149143,34,266283
33466,0.002563,172.31.33.0-255,66,149209,34,266283
33467,0.002581,74.125.24.0-255,6438,155647,34,266283
33468,0.002583,172.31.33.0-255,66,155713,34,266283
33469,0.00262,74.125.24.0-255,1484,157197,34,266283
33470,0.002624,74.125.24.0-255,2902,160099,34,266283
33471,0.002626,172.31.33.0-255,66,160165,34,266283
33472,0.002646,74.125.24.0-255,5738,165903,34,266283
33473,0.002648,172.31.33.0-255,66,165969,34,266283
33474,0.002652,74.125.24.0-255,2902,168871,34,266283
33475,0.002654,172.31.33.0-255,66,168937,34,266283
33476,0.002666,74.125.24.0-255,1484,170421,34,266283
33477,0.002672,74.125.24.0-255,1484,171905,34,266283
33478,0.002674,172.31.33.0-255,66,171971,34,266283
33479,0.002696,74.125.24.0-255,2902,174873,34,266283
33480,0.002698,172.31.33.0-255,66,174939,34,266283
33481,0.002719,74.125.24.0-255,4320,179259,34,266283
33482,0.002721,172.31.33.0-255,66,179325,34,266283
33483,0.002724,74.125.24.0-255,2902,182227,34,266283
33484,0.002726,172.31.33.0-255,66,182293,34,266283
33485,0.002731,74.125.24.0-255,4320,186613,34,266283
33486,0.002733,172.31.33.0-255,66,186679,34,266283
33487,0.002735,74.125.24.0-255,1484,188163,34,266283
33488,0.002752,74.125.24.0-255,2184,190347,34,266283
33489,0.002754,172.31.33.0-255,66,190413,34,266283
33490,0.00282,74.125.24.0-255,1484,191897,34,266283
33491,0.002834,74.125.24.0-255,2902,194799,34,266283
33492,0.002836,172.31.33.0-255,66,194865,34,266283
33493,0.002853,74.125.24.0-255,1484,196349,34,266283
33494,0.002872,74.125.24.0-255,4320,200669,34,266283
33495,0.002875,172.31.33.0-255,66,200735,34,266283
33496,0.00288,74.125.24.0-255,5738,206473,34,266283
33497,0.002882,172.31.33.0-255,66,206539,34,266283
33498,0.002908,74.125.24.0-255,4320,210859,34,266283
33499,0.00291,172.31.33.0-255,66,210925,34,266283
33500,0.002932,172.31.33.0-255,66,210991,34,266283
33501,0.002937,74.125.24.0-255,5020,216011,34,266283
33502,0.002939,172.31.33.0-255,66,216077,34,266283
33503,0.003006,74.125.24.0-255,1484,217561,34,266283
33504,0.003022,74.125.24.0-255,2902,220463,34,266283
33505,0.003024,172.31.33.0-255,66,220529,34,266283
33506,0.003041,74.125.24.0-255,2902,223431,34,266283
33507,0.003043,172.31.33.0-255,66,223497,34,266283
33508,0.003059,74.125.24.0-255,2902,226399,34,266283
33509,0.003061,172.31.33.0-255,66,226465,34,266283
33510,0.003066,74.125.24.0-255,4320,230785,34,266283
33511,0.003068,172.31.33.0-255,66,230851,34,266283
33512,0.0031,172.31.33.0-255,66,230917,34,266283
33513,0.003106,74.125.24.0-255,5738,236655,34,266283
33514,0.003108,172.31.33.0-255,66,236721,34,266283
33515,0.003152,172.31.33.0-255,66,236787,34,266283
33516,0.003174,172.31.33.0-255,66,236853,34,266283
33517,0.00318,74.125.24.0-255,7156,244009,34,266283
33518,0.003183,172.31.33.0-255,66,244075,34,266283
33519,0.003501,74.125.24.0-255,1484,245559,34,266283
33520,0.003513,74.125.24.0-255,2902,248461,34,266283
33521,0.003528,74.125.24.0-255,2902,251363,34,266283
33522,0.003539,74.125.24.0-255,2902,254265,34,266283
33523,0.003556,74.125.24.0-255,2902,257167,34,266283
33524,0.003577,74.125.24.0-255,1484,258651,34,266283
33525,0.003594,74.125.24.0-255,3004,261655,34,266283
33526,0.003614,74.125.24.0-255,105,261760,34,266283
33527,0.007373,172.31.33.0-255,66,261826,34,266283
33528,0.009279,172.31.33.0-255,105,261931,34,266283
33529,0.011274,74.125.24.0-255,66,261997,34,266283
33530,0.029744,172.31.33.0-255,167,262164,34,266283
33531,0.029779,172.31.33.0-255,1113,263277,34,266283
33532,0.029844,172.31.33.0-255,1514,264791,34,266283
33533,0.029846,172.31.33.0-255,1294,266085,34,266283
33534,0.031348,104.244.42.0-255,66,266151,34,266283
33535,0.031359,104.244.42.0-255,66,266217,34,266283
33536,0.031484,104.244.42.0-255,66,266283,34,266283
33537,0.0,172.217.194.0-255,146,146,34,209619
33538,2.1e-05,172.31.33.0-255,66,212,34,209619
33539,2.7e-05,172.217.194.0-255,1484,1696,34,209619
33540,3.1e-05,172.31.33.0-255,66,1762,34,209619
33541,3.7e-05,172.217.194.0-255,2902,4664,34,209619
33542,4.5e-05,172.31.33.0-255,66,4730,34,209619
33543,5.1e-05,172.217.194.0-255,4320,9050,34,209619
33544,5.3e-05,172.31.33.0-255,66,9116,34,209619
33545,6.6e-05,172.31.33.0-255,66,9182,34,209619
33546,8.1e-05,172.217.194.0-255,1484,10666,34,209619
33547,8.4e-05,172.31.33.0-255,66,10732,34,209619
33548,0.00012,172.31.33.0-255,66,10798,34,209619
33549,0.000842,172.217.194.0-255,1484,12282,34,209619
33550,0.000848,172.31.33.0-255,66,12348,34,209619
33551,0.000856,172.217.194.0-255,2902,15250,34,209619
33552,0.000858,172.31.33.0-255,66,15316,34,209619
33553,0.000868,172.217.194.0-255,5738,21054,34,209619
33554,0.00087,172.31.33.0-255,66,21120,34,209619
33555,0.000905,172.31.33.0-255,66,21186,34,209619
33556,0.000933,172.217.194.0-255,5379,26565,34,209619
33557,0.000934,172.31.33.0-255,66,26631,34,209619
33558,0.000945,172.31.33.0-255,66,26697,34,209619
33559,0.000951,172.217.194.0-255,645,27342,34,209619
33560,0.000953,172.31.33.0-255,66,27408,34,209619
33561,0.001294,172.217.194.0-255,1484,28892,34,209619
33562,0.001299,172.31.33.0-255,66,28958,34,209619
33563,0.001305,172.217.194.0-255,2902,31860,34,209619
33564,0.001308,172.31.33.0-255,66,31926,34,209619
33565,0.001316,172.217.194.0-255,2902,34828,34,209619
33566,0.001318,172.31.33.0-255,66,34894,34,209619
33567,0.001342,172.217.194.0-255,2902,37796,34,209619
33568,0.001348,172.31.33.0-255,66,37862,34,209619
33569,0.001351,172.217.194.0-255,1484,39346,34,209619
33570,0.001375,172.217.194.0-255,4831,44177,34,209619
33571,0.001377,172.31.33.0-255,66,44243,34,209619
33572,0.001482,172.217.194.0-255,1484,45727,34,209619
33573,0.0015,172.217.194.0-255,2902,48629,34,209619
33574,0.001502,172.31.33.0-255,66,48695,34,209619
33575,0.001519,172.217.194.0-255,5738,54433,34,209619
33576,0.001521,172.31.33.0-255,66,54499,34,209619
33577,0.001553,172.31.33.0-255,66,54565,34,209619
33578,0.001584,172.31.33.0-255,66,54631,34,209619
33579,0.001961,172.217.194.0-255,1484,56115,34,209619
33580,0.001979,172.217.194.0-255,2902,59017,34,209619
33581,0.001982,172.31.33.0-255,66,59083,34,209619
33582,0.001988,172.217.194.0-255,5738,64821,34,209619
33583,0.00199,172.31.33.0-255,66,64887,34,209619
33584,0.002075,172.31.33.0-255,66,64953,34,209619
33585,0.002081,172.217.194.0-255,7156,72109,34,209619
33586,0.002083,172.31.33.0-255,66,72175,34,209619
33587,0.002093,172.217.194.0-255,3602,75777,34,209619
33588,0.002095,172.31.33.0-255,66,75843,34,209619
33589,0.002133,172.217.194.0-255,1484,77327,34,209619
33590,0.002147,172.217.194.0-255,2902,80229,34,209619
33591,0.002149,172.31.33.0-255,66,80295,34,209619
33592,0.00217,172.217.194.0-255,5738,86033,34,209619
33593,0.002172,172.31.33.0-255,66,86099,34,209619
33594,0.002177,172.217.194.0-255,2902,89001,34,209619
33595,0.002178,172.31.33.0-255,66,89067,34,209619
33596,0.002201,172.217.194.0-255,4320,93387,34,209619
33597,0.002203,172.31.33.0-255,66,93453,34,209619
33598,0.002222,172.217.194.0-255,7156,100609,34,209619
33599,0.002228,172.31.33.0-255,66,100675,34,209619
33600,0.002259,172.217.194.0-255,7156,107831,34,209619
33601,0.002261,172.31.33.0-255,66,107897,34,209619
33602,0.002264,172.217.194.0-255,2184,110081,34,209619
33603,0.002266,172.31.33.0-255,66,110147,34,209619
33604,0.002333,172.217.194.0-255,1484,111631,34,209619
33605,0.002351,172.217.194.0-255,2902,114533,34,209619
33606,0.002353,172.31.33.0-255,66,114599,34,209619
33607,0.002381,172.217.194.0-255,5738,120337,34,209619
33608,0.002383,172.31.33.0-255,66,120403,34,209619
33609,0.002388,172.217.194.0-255,4320,124723,34,209619
33610,0.00239,172.31.33.0-255,66,124789,34,209619
33611,0.002424,172.31.33.0-255,66,124855,34,209619
33612,0.002435,172.217.194.0-255,2902,127757,34,209619
33613,0.00244,172.31.33.0-255,66,127823,34,209619
33614,0.002445,172.217.194.0-255,4320,132143,34,209619
33615,0.002447,172.31.33.0-255,66,132209,34,209619
33616,0.002466,172.217.194.0-255,3602,135811,34,209619
33617,0.002472,172.31.33.0-255,66,135877,34,209619
33618,0.002591,172.217.194.0-255,1484,137361,34,209619
33619,0.002596,172.217.194.0-255,1484,138845,34,209619
33620,0.002599,172.31.33.0-255,66,138911,34,209619
33621,0.00262,172.217.194.0-255,1484,140395,34,209619
33622,0.002627,172.217.194.0-255,5738,146133,34,209619
33623,0.002629,172.31.33.0-255,66,146199,34,209619
33624,0.002632,172.217.194.0-255,1484,147683,34,209619
33625,0.002655,172.217.194.0-255,7156,154839,34,209619
33626,0.002657,172.31.33.0-255,66,154905,34,209619
33627,0.002692,172.217.194.0-255,4320,159225,34,209619
33628,0.002695,172.31.33.0-255,66,159291,34,209619
33629,0.002725,172.31.33.0-255,66,159357,34,209619
33630,0.002759,172.217.194.0-255,3602,162959,34,209619
33631,0.002761,172.31.33.0-255,66,163025,34,209619
33632,0.00278,172.31.33.0-255,66,163091,34,209619
33633,0.00279,172.31.33.0-255,66,163157,34,209619
33634,0.002823,172.217.194.0-255,5020,168177,34,209619
33635,0.002826,172.31.33.0-255,66,168243,34,209619
33636,0.002831,172.217.194.0-255,5738,173981,34,209619
33637,0.002833,172.31.33.0-255,66,174047,34,209619
33638,0.002836,172.217.194.0-255,1484,175531,34,209619
33639,0.00286,172.217.194.0-255,4320,179851,34,209619
33640,0.002862,172.31.33.0-255,66,179917,34,209619
33641,0.002864,172.217.194.0-255,1484,181401,34,209619
33642,0.002899,172.31.33.0-255,66,181467,34,209619
33643,0.002913,172.31.33.0-255,66,181533,34,209619
33644,0.002973,172.31.33.0-255,66,181599,34,209619
33645,0.002979,172.217.194.0-255,7156,188755,34,209619
33646,0.002981,172.31.33.0-255,66,188821,34,209619
33647,0.003001,172.217.194.0-255,7156,195977,34,209619
33648,0.003003,172.31.33.0-255,66,196043,34,209619
33649,0.003039,172.31.33.0-255,66,196109,34,209619
33650,0.003053,172.31.33.0-255,66,196175,34,209619
33651,0.003093,172.217.194.0-255,5738,201913,34,209619
33652,0.003097,172.31.33.0-255,66,201979,34,209619
33653,0.003106,172.31.33.0-255,66,202045,34,209619
33654,0.003123,172.31.33.0-255,66,202111,34,209619
33655,0.003148,172.217.194.0-255,105,202216,34,209619
33656,0.006018,172.31.33.0-255,66,202282,34,209619
33657,0.006063,172.31.33.0-255,105,202387,34,209619
33658,0.008267,172.217.194.0-255,66,202453,34,209619
33659,0.02974,172.31.33.0-255,172,202625,34,209619
33660,0.029773,172.31.33.0-255,1112,203737,34,209619
33661,0.029829,172.31.33.0-255,1514,205251,34,209619
33662,0.02985,172.31.33.0-255,1514,206765,34,209619
33663,0.029851,172.31.33.0-255,1514,208279,34,209619
33664,0.029868,172.31.33.0-255,1076,209355,34,209619
33665,0.031292,104.244.42.0-255,66,209421,34,209619
33666,0.031302,104.244.42.0-255,66,209487,34,209619
33667,0.0314,104.244.42.0-255,66,209553,34,209619
33668,0.031404,104.244.42.0-255,66,209619,34,209619
33669,0.0,172.31.33.0-255,105,105,34,276
33670,0.002112,157.240.7.0-255,105,210,34,276
33671,0.002122,172.31.33.0-255,66,276,34,276
33672,0.0,172.31.33.0-255,105,105,34,342
33673,0.002304,172.217.194.0-255,66,171,34,342
33674,0.00233,172.217.194.0-255,105,276,34,342
33675,0.002334,172.31.33.0-255,66,342,34,342
33676,0.0,74.125.24.0-255,152,152,34,249243
33677,2.1e-05,172.31.33.0-255,66,218,34,249243
33678,2.7e-05,74.125.24.0-255,1484,1702,34,249243
33679,3.2e-05,172.31.33.0-255,66,1768,34,249243
33680,4.3e-05,74.125.24.0-255,2902,4670,34,249243
33681,4.6e-05,172.31.33.0-255,66,4736,34,249243
33682,5.3e-05,74.125.24.0-255,5738,10474,34,249243
33683,5.6e-05,172.31.33.0-255,66,10540,34,249243
33684,9.2e-05,74.125.24.0-255,3521,14061,34,249243
33685,9.5e-05,172.31.33.0-255,66,14127,34,249243
33686,0.000168,74.125.24.0-255,1484,15611,34,249243
33687,0.000172,172.31.33.0-255,66,15677,34,249243
33688,0.000197,74.125.24.0-255,2902,18579,34,249243
33689,0.000199,172.31.33.0-255,66,18645,34,249243
33690,0.000205,74.125.24.0-255,5738,24383,34,249243
33691,0.000208,172.31.33.0-255,66,24449,34,249243
33692,0.000241,74.125.24.0-255,6797,31246,34,249243
33693,0.000244,172.31.33.0-255,66,31312,34,249243
33694,0.000424,74.125.24.0-255,1484,32796,34,249243
33695,0.00043,172.31.33.0-255,66,32862,34,249243
33696,0.000436,74.125.24.0-255,2902,35764,34,249243
33697,0.000438,172.31.33.0-255,66,35830,34,249243
33698,0.000449,74.125.24.0-255,4320,40150,34,249243
33699,0.000452,172.31.33.0-255,66,40216,34,249243
33700,0.00046,74.125.24.0-255,5738,45954,34,249243
33701,0.000463,172.31.33.0-255,66,46020,34,249243
33702,0.000491,74.125.24.0-255,2543,48563,34,249243
33703,0.000494,172.31.33.0-255,66,48629,34,249243
33704,0.000528,74.125.24.0-255,2902,51531,34,249243
33705,0.000532,172.31.33.0-255,66,51597,34,249243
33706,0.000539,74.125.24.0-255,5738,57335,34,249243
33707,0.000541,172.31.33.0-255,66,57401,34,249243
33708,0.000561,74.125.24.0-255,1484,58885,34,249243
33709,0.000569,74.125.24.0-255,5738,64623,34,249243
33710,0.000571,172.31.33.0-255,66,64689,34,249243
33711,0.000591,74.125.24.0-255,1420,66109,34,249243
33712,0.000753,74.125.24.0-255,383,66492,34,249243
33713,0.000758,172.31.33.0-255,66,66558,34,249243
33714,0.000914,74.125.24.0-255,1484,68042,34,249243
33715,0.00092,74.125.24.0-255,2902,70944,34,249243
33716,0.000923,172.31.33.0-255,66,71010,34,249243
33717,0.000954,74.125.24.0-255,5738,76748,34,249243
33718,0.000957,172.31.33.0-255,66,76814,34,249243
33719,0.000969,172.31.33.0-255,66,76880,34,249243
33720,0.000987,172.31.33.0-255,66,76946,34,249243
33721,0.001018,74.125.24.0-255,3961,80907,34,249243
33722,0.001047,172.31.33.0-255,66,80973,34,249243
33723,0.001357,74.125.24.0-255,1484,82457,34,249243
33724,0.001376,74.125.24.0-255,2902,85359,34,249243
33725,0.001379,172.31.33.0-255,66,85425,34,249243
33726,0.001383,74.125.24.0-255,1484,86909,34,249243
33727,0.001413,74.125.24.0-255,4320,91229,34,249243
33728,0.001416,172.31.33.0-255,66,91295,34,249243
33729,0.001432,172.31.33.0-255,66,91361,34,249243
33730,0.001438,74.125.24.0-255,4320,95681,34,249243
33731,0.00144,172.31.33.0-255,66,95747,34,249243
33732,0.001479,74.125.24.0-255,7156,102903,34,249243
33733,0.001482,172.31.33.0-255,66,102969,34,249243
33734,0.001486,74.125.24.0-255,2184,105153,34,249243
33735,0.001488,172.31.33.0-255,66,105219,34,249243
33736,0.001762,74.125.24.0-255,1484,106703,34,249243
33737,0.001779,74.125.24.0-255,2902,109605,34,249243
33738,0.001782,172.31.33.0-255,66,109671,34,249243
33739,0.001786,74.125.24.0-255,1484,111155,34,249243
33740,0.001814,74.125.24.0-255,4320,115475,34,249243
33741,0.001816,172.31.33.0-255,66,115541,34,249243
33742,0.001823,74.125.24.0-255,4320,119861,34,249243
33743,0.001825,172.31.33.0-255,66,119927,34,249243
33744,0.001845,74.125.24.0-255,2902,122829,34,249243
33745,0.001847,172.31.33.0-255,66,122895,34,249243
33746,0.001866,172.31.33.0-255,66,122961,34,249243
33747,0.00187,74.125.24.0-255,2184,125145,34,249243
33748,0.001873,172.31.33.0-255,66,125211,34,249243
33749,0.002292,74.125.24.0-255,1484,126695,34,249243
33750,0.002299,74.125.24.0-255,2902,129597,34,249243
33751,0.002302,172.31.33.0-255,66,129663,34,249243
33752,0.002333,74.125.24.0-255,4320,133983,34,249243
33753,0.002335,172.31.33.0-255,66,134049,34,249243
33754,0.002341,74.125.24.0-255,5738,139787,34,249243
33755,0.002343,172.31.33.0-255,66,139853,34,249243
33756,0.002385,172.31.33.0-255,66,139919,34,249243
33757,0.00239,74.125.24.0-255,4320,144239,34,249243
33758,0.002392,172.31.33.0-255,66,144305,34,249243
33759,0.002401,74.125.24.0-255,3602,147907,34,249243
33760,0.002404,172.31.33.0-255,66,147973,34,249243
33761,0.002668,74.125.24.0-255,1484,149457,34,249243
33762,0.002687,74.125.24.0-255,1484,150941,34,249243
33763,0.00269,172.31.33.0-255,66,151007,34,249243
33764,0.002719,74.125.24.0-255,1484,152491,34,249243
33765,0.002726,74.125.24.0-255,5738,158229,34,249243
33766,0.002728,172.31.33.0-255,66,158295,34,249243
33767,0.002734,74.125.24.0-255,4320,162615,34,249243
33768,0.002736,172.31.33.0-255,66,162681,34,249243
33769,0.002739,74.125.24.0-255,1484,164165,34,249243
33770,0.002751,74.125.24.0-255,7156,171321,34,249243
33771,0.002753,172.31.33.0-255,66,171387,34,249243
33772,0.002798,172.31.33.0-255,66,171453,34,249243
33773,0.002823,74.125.24.0-255,2902,174355,34,249243
33774,0.002826,172.31.33.0-255,66,174421,34,249243
33775,0.002861,172.31.33.0-255,66,174487,34,249243
33776,0.002885,172.31.33.0-255,66,174553,34,249243
33777,0.002926,74.125.24.0-255,4320,178873,34,249243
33778,0.002929,172.31.33.0-255,66,178939,34,249243
33779,0.002946,172.31.33.0-255,66,179005,34,249243
33780,0.002954,74.125.24.0-255,7156,186161,34,249243
33781,0.002956,172.31.33.0-255,66,186227,34,249243
33782,0.002968,172.31.33.0-255,66,186293,34,249243
33783,0.00297,74.125.24.0-255,1484,187777,34,249243
33784,0.002973,74.125.24.0-255,1484,189261,34,249243
33785,0.002975,172.31.33.0-255,66,189327,34,249243
33786,0.002981,74.125.24.0-255,4320,193647,34,249243
33787,0.002984,172.31.33.0-255,66,193713,34,249243
33788,0.00304,172.31.33.0-255,66,193779,34,249243
33789,0.003042,74.125.24.0-255,766,194545,34,249243
33790,0.003046,74.125.24.0-255,1484,196029,34,249243
33791,0.003048,172.31.33.0-255,66,196095,34,249243
33792,0.003076,74.125.24.0-255,4320,200415,34,249243
33793,0.003079,172.31.33.0-255,66,200481,34,249243
33794,0.003089,74.125.24.0-255,5738,206219,34,249243
33795,0.003092,172.31.33.0-255,66,206285,34,249243
33796,0.003134,74.125.24.0-255,7156,213441,34,249243
33797,0.003137,172.31.33.0-255,66,213507,34,249243
33798,0.003144,74.125.24.0-255,5738,219245,34,249243
33799,0.003146,172.31.33.0-255,66,219311,34,249243
33800,0.003179,74.125.24.0-255,5738,225049,34,249243
33801,0.003182,172.31.33.0-255,66,225115,34,249243
33802,0.003218,172.31.33.0-255,66,225181,34,249243
33803,0.003237,172.31.33.0-255,66,225247,34,249243
33804,0.003248,172.31.33.0-255,66,225313,34,249243
33805,0.00327,74.125.24.0-255,1484,226797,34,249243
33806,0.003277,74.125.24.0-255,6438,233235,34,249243
33807,0.00328,172.31.33.0-255,66,233301,34,249243
33808,0.003289,74.125.24.0-255,2902,236203,34,249243
33809,0.003291,172.31.33.0-255,66,236269,34,249243
33810,0.003304,74.125.24.0-255,4320,240589,34,249243
33811,0.003306,172.31.33.0-255,66,240655,34,249243
33812,0.003342,172.31.33.0-255,66,240721,34,249243
33813,0.003365,74.125.24.0-255,7156,247877,34,249243
33814,0.003368,172.31.33.0-255,66,247943,34,249243
33815,0.003371,74.125.24.0-255,841,248784,34,249243
33816,0.00343,74.125.24.0-255,105,248889,34,249243
33817,0.012735,74.125.24.0-255,105,248994,34,249243
33818,0.012754,172.31.33.0-255,78,249072,34,249243
33819,0.013919,172.31.33.0-255,105,249177,34,249243
33820,0.015871,74.125.24.0-255,66,249243,34,249243
33821,0.0,74.125.200.0-255,153,153,34,308837
33822,1.9e-05,172.31.33.0-255,66,219,34,308837
33823,2.6e-05,74.125.200.0-255,1484,1703,34,308837
33824,3e-05,172.31.33.0-255,66,1769,34,308837
33825,4.4e-05,74.125.200.0-255,2902,4671,34,308837
33826,4.8e-05,172.31.33.0-255,66,4737,34,308837
33827,5.6e-05,74.125.200.0-255,7156,11893,34,308837
33828,5.9e-05,172.31.33.0-255,66,11959,34,308837
33829,6.2e-05,74.125.200.0-255,1484,13443,34,308837
33830,6.5e-05,172.31.33.0-255,66,13509,34,308837
33831,8.6e-05,74.125.200.0-255,674,14183,34,308837
33832,8.8e-05,172.31.33.0-255,66,14249,34,308837
33833,0.000293,74.125.200.0-255,1484,15733,34,308837
33834,0.000299,172.31.33.0-255,66,15799,34,308837
33835,0.000329,74.125.200.0-255,2902,18701,34,308837
33836,0.000332,172.31.33.0-255,66,18767,34,308837
33837,0.000337,74.125.200.0-255,4320,23087,34,308837
33838,0.00034,172.31.33.0-255,66,23153,34,308837
33839,0.000366,74.125.200.0-255,1484,24637,34,308837
33840,0.000368,172.31.33.0-255,66,24703,34,308837
33841,0.0004,74.125.200.0-255,6797,31500,34,308837
33842,0.000404,172.31.33.0-255,66,31566,34,308837
33843,0.000408,74.125.200.0-255,2902,34468,34,308837
33844,0.000411,172.31.33.0-255,66,34534,34,308837
33845,0.000438,74.125.200.0-255,5738,40272,34,308837
33846,0.000441,172.31.33.0-255,66,40338,34,308837
33847,0.000445,74.125.200.0-255,2902,43240,34,308837
33848,0.000447,172.31.33.0-255,66,43306,34,308837
33849,0.00046,172.31.33.0-255,66,43372,34,308837
33850,0.000482,74.125.200.0-255,1484,44856,34,308837
33851,0.000488,172.31.33.0-255,66,44922,34,308837
33852,0.000501,172.31.33.0-255,66,44988,34,308837
33853,0.000504,74.125.200.0-255,395,45383,34,308837
33854,0.000528,74.125.200.0-255,115,45498,34,308837
33855,0.000711,74.125.200.0-255,1484,46982,34,308837
33856,0.000716,172.31.33.0-255,66,47048,34,308837
33857,0.000722,74.125.200.0-255,2902,49950,34,308837
33858,0.000725,172.31.33.0-255,66,50016,34,308837
33859,0.000728,74.125.200.0-255,1484,51500,34,308837
33860,0.000759,74.125.200.0-255,4320,55820,34,308837
33861,0.000762,172.31.33.0-255,66,55886,34,308837
33862,0.000769,74.125.200.0-255,4320,60206,34,308837
33863,0.000771,172.31.33.0-255,66,60272,34,308837
33864,0.000804,172.31.33.0-255,66,60338,34,308837
33865,0.000829,74.125.200.0-255,7156,67494,34,308837
33866,0.000832,172.31.33.0-255,66,67560,34,308837
33867,0.000859,74.125.200.0-255,3602,71162,34,308837
33868,0.000876,172.31.33.0-255,66,71228,34,308837
33869,0.000917,74.125.200.0-255,1484,72712,34,308837
33870,0.000923,74.125.200.0-255,2902,75614,34,308837
33871,0.000926,172.31.33.0-255,66,75680,34,308837
33872,0.000963,74.125.200.0-255,5738,81418,34,308837
33873,0.000966,172.31.33.0-255,66,81484,34,308837
33874,0.001009,74.125.200.0-255,5738,87222,34,308837
33875,0.001012,172.31.33.0-255,66,87288,34,308837
33876,0.001047,74.125.200.0-255,7156,94444,34,308837
33877,0.00105,172.31.33.0-255,66,94510,34,308837
33878,0.001067,172.31.33.0-255,66,94576,34,308837
33879,0.001267,74.125.200.0-255,1484,96060,34,308837
33880,0.001292,74.125.200.0-255,2902,98962,34,308837
33881,0.001296,172.31.33.0-255,66,99028,34,308837
33882,0.001326,74.125.200.0-255,1484,100512,34,308837
33883,0.001343,74.125.200.0-255,2902,103414,34,308837
33884,0.001347,172.31.33.0-255,66,103480,34,308837
33885,0.001371,74.125.200.0-255,5738,109218,34,308837
33886,0.001374,172.31.33.0-255,66,109284,34,308837
33887,0.001398,74.125.200.0-255,2902,112186,34,308837
33888,0.0014,172.31.33.0-255,66,112252,34,308837
33889,0.001413,74.125.200.0-255,4320,116572,34,308837
33890,0.001419,172.31.33.0-255,66,116638,34,308837
33891,0.001424,74.125.200.0-255,2902,119540,34,308837
33892,0.001426,172.31.33.0-255,66,119606,34,308837
33893,0.001448,74.125.200.0-255,2902,122508,34,308837
33894,0.00145,74.125.200.0-255,1484,123992,34,308837
33895,0.001472,172.31.33.0-255,66,124058,34,308837
33896,0.001482,74.125.200.0-255,5020,129078,34,308837
33897,0.001489,172.31.33.0-255,66,129144,34,308837
33898,0.001743,74.125.200.0-255,1484,130628,34,308837
33899,0.001759,74.125.200.0-255,2902,133530,34,308837
33900,0.001763,172.31.33.0-255,66,133596,34,308837
33901,0.001791,74.125.200.0-255,1484,135080,34,308837
33902,0.001795,74.125.200.0-255,2902,137982,34,308837
33903,0.001798,172.31.33.0-255,66,138048,34,308837
33904,0.001834,74.125.200.0-255,2902,140950,34,308837
33905,0.001837,172.31.33.0-255,66,141016,34,308837
33906,0.00184,74.125.200.0-255,1484,142500,34,308837
33907,0.001862,74.125.200.0-255,2902,145402,34,308837
33908,0.001864,172.31.33.0-255,66,145468,34,308837
33909,0.001895,172.31.33.0-255,66,145534,34,308837
33910,0.001898,74.125.200.0-255,1484,147018,34,308837
33911,0.001935,172.31.33.0-255,66,147084,34,308837
33912,0.002167,74.125.200.0-255,1484,148568,34,308837
33913,0.002173,74.125.200.0-255,2902,151470,34,308837
33914,0.002176,172.31.33.0-255,66,151536,34,308837
33915,0.002209,74.125.200.0-255,2902,154438,34,308837
33916,0.002214,74.125.200.0-255,4320,158758,34,308837
33917,0.002218,172.31.33.0-255,66,158824,34,308837
33918,0.002221,172.31.33.0-255,66,158890,34,308837
33919,0.002233,74.125.200.0-255,2902,161792,34,308837
33920,0.002235,172.31.33.0-255,66,161858,34,308837
33921,0.002262,74.125.200.0-255,5738,167596,34,308837
33922,0.002269,172.31.33.0-255,66,167662,34,308837
33923,0.002273,74.125.200.0-255,2902,170564,34,308837
33924,0.002275,172.31.33.0-255,66,170630,34,308837
33925,0.002296,74.125.200.0-255,2902,173532,34,308837
33926,0.002298,172.31.33.0-255,66,173598,34,308837
33927,0.002346,172.31.33.0-255,66,173664,34,308837
33928,0.002352,74.125.200.0-255,5738,179402,34,308837
33929,0.002355,172.31.33.0-255,66,179468,34,308837
33930,0.002368,74.125.200.0-255,5738,185206,34,308837
33931,0.00237,172.31.33.0-255,66,185272,34,308837
33932,0.002373,74.125.200.0-255,1484,186756,34,308837
33933,0.002376,74.125.200.0-255,1484,188240,34,308837
33934,0.002378,172.31.33.0-255,66,188306,34,308837
33935,0.002381,74.125.200.0-255,1484,189790,34,308837
33936,0.002384,74.125.200.0-255,1484,191274,34,308837
33937,0.002386,172.31.33.0-255,66,191340,34,308837
33938,0.002394,74.125.200.0-255,7156,198496,34,308837
33939,0.002396,172.31.33.0-255,66,198562,34,308837
33940,0.0024,74.125.200.0-255,2902,201464,34,308837
33941,0.002403,172.31.33.0-255,66,201530,34,308837
33942,0.002407,74.125.200.0-255,2902,204432,34,308837
33943,0.00241,172.31.33.0-255,66,204498,34,308837
33944,0.002438,74.125.200.0-255,766,205264,34,308837
33945,0.002465,74.125.200.0-255,1484,206748,34,308837
33946,0.002468,172.31.33.0-255,66,206814,34,308837
33947,0.002489,74.125.200.0-255,4320,211134,34,308837
33948,0.002491,172.31.33.0-255,66,211200,34,308837
33949,0.002497,74.125.200.0-255,4320,215520,34,308837
33950,0.002499,172.31.33.0-255,66,215586,34,308837
33951,0.00252,74.125.200.0-255,2902,218488,34,308837
33952,0.002522,172.31.33.0-255,66,218554,34,308837
33953,0.002537,172.31.33.0-255,66,218620,34,308837
33954,0.002568,74.125.200.0-255,4320,222940,34,308837
33955,0.002571,172.31.33.0-255,66,223006,34,308837
33956,0.002582,74.125.200.0-255,5738,228744,34,308837
33957,0.002584,172.31.33.0-255,66,228810,34,308837
33958,0.002651,74.125.200.0-255,2184,230994,34,308837
33959,0.002654,172.31.33.0-255,66,231060,34,308837
33960,0.002658,74.125.200.0-255,2902,233962,34,308837
33961,0.002661,172.31.33.0-255,66,234028,34,308837
33962,0.002664,74.125.200.0-255,1484,235512,34,308837
33963,0.002671,74.125.200.0-255,1484,236996,34,308837
33964,0.002674,172.31.33.0-255,66,237062,34,308837
33965,0.002677,74.125.200.0-255,1484,238546,34,308837
33966,0.002682,74.125.200.0-255,4320,242866,34,308837
33967,0.002686,172.31.33.0-255,66,242932,34,308837
33968,0.002723,74.125.200.0-255,7156,250088,34,308837
33969,0.002726,172.31.33.0-255,66,250154,34,308837
33970,0.002738,172.31.33.0-255,66,250220,34,308837
33971,0.002742,74.125.200.0-255,2902,253122,34,308837
33972,0.002744,172.31.33.0-255,66,253188,34,308837
33973,0.00278,74.125.200.0-255,3602,256790,34,308837
33974,0.002784,172.31.33.0-255,66,256856,34,308837
33975,0.002786,74.125.200.0-255,1484,258340,34,308837
33976,0.002791,74.125.200.0-255,2902,261242,34,308837
33977,0.002793,172.31.33.0-255,66,261308,34,308837
33978,0.002805,74.125.200.0-255,1484,262792,34,308837
33979,0.002812,74.125.200.0-255,1484,264276,34,308837
33980,0.002814,172.31.33.0-255,66,264342,34,308837
33981,0.002819,74.125.200.0-255,2902,267244,34,308837
33982,0.002821,172.31.33.0-255,66,267310,34,308837
33983,0.002823,74.125.200.0-255,1484,268794,34,308837
33984,0.002857,74.125.200.0-255,4320,273114,34,308837
33985,0.00286,172.31.33.0-255,66,273180,34,308837
33986,0.002867,74.125.200.0-255,7156,280336,34,308837
33987,0.002869,172.31.33.0-255,66,280402,34,308837
33988,0.002872,74.125.200.0-255,1484,281886,34,308837
33989,0.002904,74.125.200.0-255,7156,289042,34,308837
33990,0.002908,172.31.33.0-255,66,289108,34,308837
33991,0.002914,74.125.200.0-255,5020,294128,34,308837
33992,0.002916,172.31.33.0-255,66,294194,34,308837
33993,0.002944,74.125.200.0-255,5738,299932,34,308837
33994,0.002947,172.31.33.0-255,66,299998,34,308837
33995,0.003013,74.125.200.0-255,4320,304318,34,308837
33996,0.003027,74.125.200.0-255,4177,308495,34,308837
33997,0.003058,74.125.200.0-255,105,308600,34,308837
33998,0.009615,172.31.33.0-255,66,308666,34,308837
33999,0.011868,172.31.33.0-255,105,308771,34,308837
34000,0.014135,74.125.200.0-255,66,308837,34,308837
34001,0.0,74.125.200.0-255,146,146,34,236928
34002,1.3e-05,172.31.33.0-255,66,212,34,236928
34003,1.9e-05,74.125.200.0-255,1484,1696,34,236928
34004,2.3e-05,172.31.33.0-255,66,1762,34,236928
34005,2.8e-05,74.125.200.0-255,2902,4664,34,236928
34006,3.9e-05,172.31.33.0-255,66,4730,34,236928
34007,4.2e-05,74.125.200.0-255,1484,6214,34,236928
34008,4.5e-05,172.31.33.0-255,66,6280,34,236928
34009,7.4e-05,74.125.200.0-255,5738,12018,34,236928
34010,7.7e-05,172.31.33.0-255,66,12084,34,236928
34011,8.1e-05,74.125.200.0-255,1992,14076,34,236928
34012,8.2e-05,172.31.33.0-255,66,14142,34,236928
34013,0.000184,74.125.200.0-255,1484,15626,34,236928
34014,0.000189,172.31.33.0-255,66,15692,34,236928
34015,0.000194,74.125.200.0-255,2902,18594,34,236928
34016,0.000196,172.31.33.0-255,66,18660,34,236928
34017,0.00022,74.125.200.0-255,4320,22980,34,236928
34018,0.000223,172.31.33.0-255,66,23046,34,236928
34019,0.000257,74.125.200.0-255,5738,28784,34,236928
34020,0.000259,172.31.33.0-255,66,28850,34,236928
34021,0.000265,74.125.200.0-255,3961,32811,34,236928
34022,0.000267,172.31.33.0-255,66,32877,34,236928
34023,0.00027,74.125.200.0-255,1484,34361,34,236928
34024,0.000271,172.31.33.0-255,66,34427,34,236928
34025,0.000293,74.125.200.0-255,2902,37329,34,236928
34026,0.000295,172.31.33.0-255,66,37395,34,236928
34027,0.000298,74.125.200.0-255,1484,38879,34,236928
34028,0.000301,172.31.33.0-255,66,38945,34,236928
34029,0.000321,172.31.33.0-255,66,39011,34,236928
34030,0.00033,74.125.200.0-255,4320,43331,34,236928
34031,0.000332,172.31.33.0-255,66,43397,34,236928
34032,0.000338,74.125.200.0-255,5738,49135,34,236928
34033,0.00034,172.31.33.0-255,66,49201,34,236928
34034,0.000369,74.125.200.0-255,4320,53521,34,236928
34035,0.000372,172.31.33.0-255,66,53587,34,236928
34036,0.000397,74.125.200.0-255,3602,57189,34,236928
34037,0.000399,172.31.33.0-255,66,57255,34,236928
34038,0.000402,74.125.200.0-255,442,57697,34,236928
34039,0.000703,74.125.200.0-255,331,58028,34,236928
34040,0.000945,172.31.33.0-255,66,58094,34,236928
34041,0.001056,74.125.200.0-255,1484,59578,34,236928
34042,0.001091,74.125.200.0-255,2902,62480,34,236928
34043,0.001094,172.31.33.0-255,66,62546,34,236928
34044,0.001122,74.125.200.0-255,4320,66866,34,236928
34045,0.001124,172.31.33.0-255,66,66932,34,236928
34046,0.001143,172.31.33.0-255,66,66998,34,236928
34047,0.00115,74.125.200.0-255,7156,74154,34,236928
34048,0.001152,172.31.33.0-255,66,74220,34,236928
34049,0.001182,74.125.200.0-255,4320,78540,34,236928
34050,0.001184,172.31.33.0-255,66,78606,34,236928
34051,0.00121,74.125.200.0-255,4320,82926,34,236928
34052,0.001213,172.31.33.0-255,66,82992,34,236928
34053,0.001216,74.125.200.0-255,766,83758,34,236928
34054,0.001347,74.125.200.0-255,1484,85242,34,236928
34055,0.001352,172.31.33.0-255,66,85308,34,236928
34056,0.001357,74.125.200.0-255,2902,88210,34,236928
34057,0.00136,172.31.33.0-255,66,88276,34,236928
34058,0.001391,74.125.200.0-255,5738,94014,34,236928
34059,0.001394,172.31.33.0-255,66,94080,34,236928
34060,0.0014,74.125.200.0-255,4320,98400,34,236928
34061,0.001402,172.31.33.0-255,66,98466,34,236928
34062,0.001408,74.125.200.0-255,5738,104204,34,236928
34063,0.00141,172.31.33.0-255,66,104270,34,236928
34064,0.001452,172.31.33.0-255,66,104336,34,236928
34065,0.001457,74.125.200.0-255,2184,106520,34,236928
34066,0.00146,172.31.33.0-255,66,106586,34,236928
34067,0.001713,74.125.200.0-255,1484,108070,34,236928
34068,0.001722,74.125.200.0-255,2902,110972,34,236928
34069,0.001727,172.31.33.0-255,66,111038,34,236928
34070,0.001732,74.125.200.0-255,2902,113940,34,236928
34071,0.001734,172.31.33.0-255,66,114006,34,236928
34072,0.001767,74.125.200.0-255,2902,116908,34,236928
34073,0.00177,172.31.33.0-255,66,116974,34,236928
34074,0.001775,74.125.200.0-255,4320,121294,34,236928
34075,0.001777,172.31.33.0-255,66,121360,34,236928
34076,0.001783,74.125.200.0-255,5738,127098,34,236928
34077,0.001786,172.31.33.0-255,66,127164,34,236928
34078,0.001817,172.31.33.0-255,66,127230,34,236928
34079,0.001839,74.125.200.0-255,2902,130132,34,236928
34080,0.001842,172.31.33.0-255,66,130198,34,236928
34081,0.001845,74.125.200.0-255,1484,131682,34,236928
34082,0.001848,74.125.200.0-255,766,132448,34,236928
34083,0.00185,172.31.33.0-255,66,132514,34,236928
34084,0.002321,74.125.200.0-255,1484,133998,34,236928
34085,0.002329,74.125.200.0-255,2902,136900,34,236928
34086,0.002333,172.31.33.0-255,66,136966,34,236928
34087,0.002369,74.125.200.0-255,2902,139868,34,236928
34088,0.002372,172.31.33.0-255,66,139934,34,236928
34089,0.002395,74.125.200.0-255,2902,142836,34,236928
34090,0.002398,172.31.33.0-255,66,142902,34,236928
34091,0.002406,74.125.200.0-255,7156,150058,34,236928
34092,0.002408,172.31.33.0-255,66,150124,34,236928
34093,0.002412,74.125.200.0-255,2902,153026,34,236928
34094,0.002414,172.31.33.0-255,66,153092,34,236928
34095,0.00245,74.125.200.0-255,4320,157412,34,236928
34096,0.002453,172.31.33.0-255,66,157478,34,236928
34097,0.002464,172.31.33.0-255,66,157544,34,236928
34098,0.002466,74.125.200.0-255,766,158310,34,236928
34099,0.003879,172.31.33.0-255,66,158376,34,236928
34100,0.005045,74.125.200.0-255,4320,162696,34,236928
34101,0.005049,172.31.33.0-255,66,162762,34,236928
34102,0.006464,74.125.200.0-255,1484,164246,34,236928
34103,0.007645,74.125.200.0-255,4320,168566,34,236928
34104,0.007652,172.31.33.0-255,66,168632,34,236928
34105,0.01025,74.125.200.0-255,5738,174370,34,236928
34106,0.010257,172.31.33.0-255,66,174436,34,236928
34107,0.012848,74.125.200.0-255,5738,180174,34,236928
34108,0.012856,172.31.33.0-255,66,180240,34,236928
34109,0.01545,74.125.200.0-255,5738,185978,34,236928
34110,0.01546,172.31.33.0-255,66,186044,34,236928
34111,0.018051,74.125.200.0-255,5738,191782,34,236928
34112,0.018057,172.31.33.0-255,66,191848,34,236928
34113,0.02065,74.125.200.0-255,5738,197586,34,236928
34114,0.020656,172.31.33.0-255,66,197652,34,236928
34115,0.023243,74.125.200.0-255,4320,201972,34,236928
34116,0.02325,172.31.33.0-255,66,202038,34,236928
34117,0.023274,74.125.200.0-255,1484,203522,34,236928
34118,0.025847,74.125.200.0-255,4320,207842,34,236928
34119,0.025854,172.31.33.0-255,66,207908,34,236928
34120,0.02846,74.125.200.0-255,5738,213646,34,236928
34121,0.028478,172.31.33.0-255,66,213712,34,236928
34122,0.031119,74.125.200.0-255,5738,219450,34,236928
34123,0.031149,172.31.33.0-255,66,219516,34,236928
34124,0.033743,74.125.200.0-255,5738,225254,34,236928
34125,0.033755,172.31.33.0-255,66,225320,34,236928
34126,0.03635,74.125.200.0-255,5738,231058,34,236928
34127,0.036364,172.31.33.0-255,66,231124,34,236928
34128,0.039014,74.125.200.0-255,5738,236862,34,236928
34129,0.039033,172.31.33.0-255,66,236928,34,236928
34130,0.0,74.125.24.0-255,153,153,34,196588
34131,2.8e-05,172.31.33.0-255,66,219,34,196588
34132,3.5e-05,74.125.24.0-255,1484,1703,34,196588
34133,3.9e-05,172.31.33.0-255,66,1769,34,196588
34134,4.4e-05,74.125.24.0-255,2902,4671,34,196588
34135,4.7e-05,172.31.33.0-255,66,4737,34,196588
34136,6.1e-05,74.125.24.0-255,7156,11893,34,196588
34137,6.4e-05,172.31.33.0-255,66,11959,34,196588
34138,6.8e-05,74.125.24.0-255,2035,13994,34,196588
34139,7e-05,172.31.33.0-255,66,14060,34,196588
34140,7.5e-05,74.125.24.0-255,1484,15544,34,196588
34141,7.6e-05,172.31.33.0-255,66,15610,34,196588
34142,0.000124,172.31.33.0-255,66,15676,34,196588
34143,0.000134,172.31.33.0-255,66,15742,34,196588
34144,0.000194,172.31.33.0-255,66,15808,34,196588
34145,0.000199,74.125.24.0-255,3602,19410,34,196588
34146,0.000201,172.31.33.0-255,66,19476,34,196588
34147,0.000376,74.125.24.0-255,1484,20960,34,196588
34148,0.000381,172.31.33.0-255,66,21026,34,196588
34149,0.000389,74.125.24.0-255,2902,23928,34,196588
34150,0.000393,172.31.33.0-255,66,23994,34,196588
34151,0.000404,74.125.24.0-255,5738,29732,34,196588
34152,0.000406,172.31.33.0-255,66,29798,34,196588
34153,0.00041,74.125.24.0-255,2902,32700,34,196588
34154,0.000412,172.31.33.0-255,66,32766,34,196588
34155,0.000437,74.125.24.0-255,2902,35668,34,196588
34156,0.000445,172.31.33.0-255,66,35734,34,196588
34157,0.000461,74.125.24.0-255,1426,37160,34,196588
34158,0.000465,172.31.33.0-255,66,37226,34,196588
34159,0.001183,74.125.24.0-255,129,37355,34,196588
34160,0.001451,74.125.24.0-255,1484,38839,34,196588
34161,0.001458,172.31.33.0-255,66,38905,34,196588
34162,0.001464,74.125.24.0-255,2902,41807,34,196588
34163,0.001466,172.31.33.0-255,66,41873,34,196588
34164,0.001478,74.125.24.0-255,5738,47611,34,196588
34165,0.00148,172.31.33.0-255,66,47677,34,196588
34166,0.001486,74.125.24.0-255,5738,53415,34,196588
34167,0.001488,172.31.33.0-255,66,53481,34,196588
34168,0.001521,74.125.24.0-255,7156,60637,34,196588
34169,0.001523,172.31.33.0-255,66,60703,34,196588
34170,0.001548,74.125.24.0-255,5738,66441,34,196588
34171,0.00155,172.31.33.0-255,66,66507,34,196588
34172,0.001578,74.125.24.0-255,5020,71527,34,196588
34173,0.00158,172.31.33.0-255,66,71593,34,196588
34174,0.001895,74.125.24.0-255,1484,73077,34,196588
34175,0.001908,74.125.24.0-255,2902,75979,34,196588
34176,0.00191,172.31.33.0-255,66,76045,34,196588
34177,0.001942,74.125.24.0-255,5738,81783,34,196588
34178,0.001944,172.31.33.0-255,66,81849,34,196588
34179,0.00195,74.125.24.0-255,7156,89005,34,196588
34180,0.001953,172.31.33.0-255,66,89071,34,196588
34181,0.002001,172.31.33.0-255,66,89137,34,196588
34182,0.002005,74.125.24.0-255,2184,91321,34,196588
34183,0.002007,172.31.33.0-255,66,91387,34,196588
34184,0.002111,74.125.24.0-255,1484,92871,34,196588
34185,0.002114,74.125.24.0-255,1484,94355,34,196588
34186,0.002116,172.31.33.0-255,66,94421,34,196588
34187,0.002131,74.125.24.0-255,1484,95905,34,196588
34188,0.002135,74.125.24.0-255,2902,98807,34,196588
34189,0.002137,172.31.33.0-255,66,98873,34,196588
34190,0.002165,74.125.24.0-255,4320,103193,34,196588
34191,0.002167,172.31.33.0-255,66,103259,34,196588
34192,0.002198,172.31.33.0-255,66,103325,34,196588
34193,0.002201,74.125.24.0-255,1484,104809,34,196588
34194,0.00223,172.31.33.0-255,66,104875,34,196588
34195,0.002252,74.125.24.0-255,1484,106359,34,196588
34196,0.002274,172.31.33.0-255,66,106425,34,196588
34197,0.002301,74.125.24.0-255,5020,111445,34,196588
34198,0.002304,172.31.33.0-255,66,111511,34,196588
34199,0.002315,172.31.33.0-255,66,111577,34,196588
34200,0.002323,74.125.24.0-255,3602,115179,34,196588
34201,0.002326,172.31.33.0-255,66,115245,34,196588
34202,0.002532,74.125.24.0-255,1484,116729,34,196588
34203,0.002553,74.125.24.0-255,2902,119631,34,196588
34204,0.002555,172.31.33.0-255,66,119697,34,196588
34205,0.002558,74.125.24.0-255,1484,121181,34,196588
34206,0.002581,74.125.24.0-255,2902,124083,34,196588
34207,0.002583,172.31.33.0-255,66,124149,34,196588
34208,0.002587,74.125.24.0-255,2902,127051,34,196588
34209,0.002589,172.31.33.0-255,66,127117,34,196588
34210,0.002628,74.125.24.0-255,5738,132855,34,196588
34211,0.002631,172.31.33.0-255,66,132921,34,196588
34212,0.002635,74.125.24.0-255,4320,137241,34,196588
34213,0.002637,172.31.33.0-255,66,137307,34,196588
34214,0.002716,172.31.33.0-255,66,137373,34,196588
34215,0.002872,74.125.24.0-255,1484,138857,34,196588
34216,0.002876,74.125.24.0-255,1484,140341,34,196588
34217,0.002878,172.31.33.0-255,66,140407,34,196588
34218,0.0029,74.125.24.0-255,1484,141891,34,196588
34219,0.002907,74.125.24.0-255,5738,147629,34,196588
34220,0.002909,172.31.33.0-255,66,147695,34,196588
34221,0.002913,74.125.24.0-255,2902,150597,34,196588
34222,0.002914,172.31.33.0-255,66,150663,34,196588
34223,0.002966,172.31.33.0-255,66,150729,34,196588
34224,0.002969,74.125.24.0-255,1484,152213,34,196588
34225,0.003011,172.31.33.0-255,66,152279,34,196588
34226,0.003025,172.31.33.0-255,66,152345,34,196588
34227,0.003056,74.125.24.0-255,4320,156665,34,196588
34228,0.00306,172.31.33.0-255,66,156731,34,196588
34229,0.003064,74.125.24.0-255,2902,159633,34,196588
34230,0.003067,172.31.33.0-255,66,159699,34,196588
34231,0.003106,172.31.33.0-255,66,159765,34,196588
34232,0.003112,74.125.24.0-255,5738,165503,34,196588
34233,0.003115,172.31.33.0-255,66,165569,34,196588
34234,0.003143,74.125.24.0-255,5738,171307,34,196588
34235,0.003147,172.31.33.0-255,66,171373,34,196588
34236,0.003166,172.31.33.0-255,66,171439,34,196588
34237,0.003169,74.125.24.0-255,1484,172923,34,196588
34238,0.003192,74.125.24.0-255,7156,180079,34,196588
34239,0.003195,172.31.33.0-255,66,180145,34,196588
34240,0.003235,172.31.33.0-255,66,180211,34,196588
34241,0.00324,74.125.24.0-255,4320,184531,34,196588
34242,0.003243,172.31.33.0-255,66,184597,34,196588
34243,0.003282,172.31.33.0-255,66,184663,34,196588
34244,0.003306,172.31.33.0-255,66,184729,34,196588
34245,0.003318,172.31.33.0-255,66,184795,34,196588
34246,0.003321,74.125.24.0-255,1484,186279,34,196588
34247,0.003352,74.125.24.0-255,2867,189146,34,196588
34248,0.003356,172.31.33.0-255,66,189212,34,196588
34249,0.003359,74.125.24.0-255,105,189317,34,196588
34250,0.01191,172.31.33.0-255,66,189383,34,196588
34251,0.011937,172.31.33.0-255,105,189488,34,196588
34252,0.014186,74.125.24.0-255,66,189554,34,196588
34253,0.038376,172.31.33.0-255,172,189726,34,196588
34254,0.038406,172.31.33.0-255,1112,190838,34,196588
34255,0.038446,172.31.33.0-255,1514,192352,34,196588
34256,0.038448,172.31.33.0-255,1514,193866,34,196588
34257,0.038452,172.31.33.0-255,1514,195380,34,196588
34258,0.038454,172.31.33.0-255,1076,196456,34,196588
34259,0.039952,104.244.42.0-255,66,196522,34,196588
34260,0.039994,104.244.42.0-255,66,196588,34,196588
34261,0.0,172.217.194.0-255,219,219,34,164396
34262,1.6e-05,172.31.33.0-255,66,285,34,164396
34263,2.2e-05,172.217.194.0-255,1484,1769,34,164396
34264,2.6e-05,172.31.33.0-255,66,1835,34,164396
34265,3.1e-05,172.217.194.0-255,4320,6155,34,164396
34266,3.4e-05,172.31.33.0-255,66,6221,34,164396
34267,4.5e-05,172.217.194.0-255,4320,10541,34,164396
34268,4.8e-05,172.31.33.0-255,66,10607,34,164396
34269,7.1e-05,172.31.33.0-255,66,10673,34,164396
34270,9.9e-05,172.217.194.0-255,1775,12448,34,164396
34271,0.000101,172.31.33.0-255,66,12514,34,164396
34272,0.000116,172.31.33.0-255,66,12580,34,164396
34273,0.000139,172.217.194.0-255,1484,14064,34,164396
34274,0.000141,172.31.33.0-255,66,14130,34,164396
34275,0.000165,172.217.194.0-255,2902,17032,34,164396
34276,0.000167,172.31.33.0-255,66,17098,34,164396
34277,0.000172,172.217.194.0-255,5738,22836,34,164396
34278,0.000174,172.31.33.0-255,66,22902,34,164396
34279,0.000199,172.217.194.0-255,6797,29699,34,164396
34280,0.000201,172.31.33.0-255,66,29765,34,164396
34281,0.000205,172.217.194.0-255,2902,32667,34,164396
34282,0.000208,172.31.33.0-255,66,32733,34,164396
34283,0.000244,172.31.33.0-255,66,32799,34,164396
34284,0.000247,172.217.194.0-255,2834,35633,34,164396
34285,0.000249,172.31.33.0-255,66,35699,34,164396
34286,0.000619,172.217.194.0-255,98,35797,34,164396
34287,0.000625,172.31.33.0-255,66,35863,34,164396
34288,0.000637,172.217.194.0-255,364,36227,34,164396
34289,0.000643,172.31.33.0-255,66,36293,34,164396
34290,0.001025,172.217.194.0-255,1484,37777,34,164396
34291,0.001033,172.217.194.0-255,2902,40679,34,164396
34292,0.001036,172.31.33.0-255,66,40745,34,164396
34293,0.001043,172.217.194.0-255,5738,46483,34,164396
34294,0.001102,172.217.194.0-255,1484,47967,34,164396
34295,0.001515,172.217.194.0-255,1484,49451,34,164396
34296,0.001522,172.217.194.0-255,2902,52353,34,164396
34297,0.001542,172.217.194.0-255,1484,53837,34,164396
34298,0.001561,172.217.194.0-255,4320,58157,34,164396
34299,0.001642,172.217.194.0-255,5020,63177,34,164396
34300,0.001666,172.217.194.0-255,5738,68915,34,164396
34301,0.001671,172.217.194.0-255,4320,73235,34,164396
34302,0.001706,172.31.33.0-255,66,73301,34,164396
34303,0.001722,172.217.194.0-255,6438,79739,34,164396
34304,0.001728,172.31.33.0-255,66,79805,34,164396
34305,0.001745,172.217.194.0-255,4320,84125,34,164396
34306,0.001757,172.217.194.0-255,1484,85609,34,164396
34307,0.00176,172.217.194.0-255,1484,87093,34,164396
34308,0.001786,172.217.194.0-255,5738,92831,34,164396
34309,0.001798,172.217.194.0-255,1484,94315,34,164396
34310,0.001802,172.31.33.0-255,66,94381,34,164396
34311,0.001814,172.217.194.0-255,5020,99401,34,164396
34312,0.001828,172.217.194.0-255,1484,100885,34,164396
34313,0.001833,172.31.33.0-255,66,100951,34,164396
34314,0.00186,172.217.194.0-255,1484,102435,34,164396
34315,0.00187,172.31.33.0-255,66,102501,34,164396
34316,0.001918,172.31.33.0-255,66,102567,34,164396
34317,0.001943,172.217.194.0-255,1484,104051,34,164396
34318,0.001947,172.217.194.0-255,2902,106953,34,164396
34319,0.00195,172.217.194.0-255,1484,108437,34,164396
34320,0.001954,172.31.33.0-255,66,108503,34,164396
34321,0.001965,172.217.194.0-255,4320,112823,34,164396
34322,0.001975,172.217.194.0-255,7156,119979,34,164396
34323,0.002015,172.31.33.0-255,66,120045,34,164396
34324,0.002043,172.217.194.0-255,2184,122229,34,164396
34325,0.002048,172.31.33.0-255,66,122295,34,164396
34326,0.002089,172.217.194.0-255,1484,123779,34,164396
34327,0.002092,172.217.194.0-255,1484,125263,34,164396
34328,0.002097,172.31.33.0-255,66,125329,34,164396
34329,0.002107,172.217.194.0-255,1484,126813,34,164396
34330,0.002123,172.217.194.0-255,5738,132551,34,164396
34331,0.002125,172.217.194.0-255,1484,134035,34,164396
34332,0.002149,172.217.194.0-255,7156,141191,34,164396
34333,0.002155,172.31.33.0-255,66,141257,34,164396
34334,0.002168,172.217.194.0-255,5738,146995,34,164396
34335,0.002183,172.31.33.0-255,66,147061,34,164396
34336,0.002219,172.31.33.0-255,66,147127,34,164396
34337,0.002247,172.217.194.0-255,4320,151447,34,164396
34338,0.002253,172.31.33.0-255,66,151513,34,164396
34339,0.002304,172.217.194.0-255,5738,157251,34,164396
34340,0.002313,172.31.33.0-255,66,157317,34,164396
34341,0.002343,172.31.33.0-255,66,157383,34,164396
34342,0.002372,172.217.194.0-255,5020,162403,34,164396
34343,0.002375,172.217.194.0-255,1484,163887,34,164396
34344,0.002403,172.31.33.0-255,66,163953,34,164396
34345,0.004294,172.31.33.0-255,101,164054,34,164396
34346,0.004684,172.217.194.0-255,105,164159,34,164396
34347,0.004739,172.31.33.0-255,105,164264,34,164396
34348,0.006589,172.217.194.0-255,66,164330,34,164396
34349,0.007005,172.217.194.0-255,66,164396,34,164396
34350,0.0,74.125.24.0-255,219,219,34,215419
34351,1.8e-05,172.31.33.0-255,66,285,34,215419
34352,2.4e-05,74.125.24.0-255,1484,1769,34,215419
34353,2.7e-05,172.31.33.0-255,66,1835,34,215419
34354,3.3e-05,74.125.24.0-255,4320,6155,34,215419
34355,3.6e-05,172.31.33.0-255,66,6221,34,215419
34356,6.9e-05,172.31.33.0-255,66,6287,34,215419
34357,7.4e-05,74.125.24.0-255,4320,10607,34,215419
34358,7.6e-05,172.31.33.0-255,66,10673,34,215419
34359,0.000129,74.125.24.0-255,2902,13575,34,215419
34360,0.000132,172.31.33.0-255,66,13641,34,215419
34361,0.000152,172.31.33.0-255,66,13707,34,215419
34362,0.000199,74.125.24.0-255,1484,15191,34,215419
34363,0.000201,172.31.33.0-255,66,15257,34,215419
34364,0.000206,74.125.24.0-255,2902,18159,34,215419
34365,0.000208,172.31.33.0-255,66,18225,34,215419
34366,0.000219,74.125.24.0-255,1484,19709,34,215419
34367,0.00022,172.31.33.0-255,66,19775,34,215419
34368,0.000242,74.125.24.0-255,4320,24095,34,215419
34369,0.000244,172.31.33.0-255,66,24161,34,215419
34370,0.000247,74.125.24.0-255,1484,25645,34,215419
34371,0.000248,172.31.33.0-255,66,25711,34,215419
34372,0.000254,74.125.24.0-255,4320,30031,34,215419
34373,0.000255,172.31.33.0-255,66,30097,34,215419
34374,0.000282,74.125.24.0-255,5379,35476,34,215419
34375,0.000284,172.31.33.0-255,66,35542,34,215419
34376,0.000289,74.125.24.0-255,5738,41280,34,215419
34377,0.000291,172.31.33.0-255,66,41346,34,215419
34378,0.000305,74.125.24.0-255,4320,45666,34,215419
34379,0.000307,172.31.33.0-255,66,45732,34,215419
34380,0.000329,74.125.24.0-255,2883,48615,34,215419
34381,0.000332,172.31.33.0-255,66,48681,34,215419
34382,0.000355,74.125.24.0-255,346,49027,34,215419
34383,0.000578,74.125.24.0-255,1484,50511,34,215419
34384,0.000582,172.31.33.0-255,66,50577,34,215419
34385,0.000599,74.125.24.0-255,2902,53479,34,215419
34386,0.000601,172.31.33.0-255,66,53545,34,215419
34387,0.000606,74.125.24.0-255,4320,57865,34,215419
34388,0.000608,172.31.33.0-255,66,57931,34,215419
34389,0.000628,74.125.24.0-255,1484,59415,34,215419
34390,0.000634,74.125.24.0-255,4320,63735,34,215419
34391,0.000636,172.31.33.0-255,66,63801,34,215419
34392,0.00067,172.31.33.0-255,66,63867,34,215419
34393,0.000681,172.31.33.0-255,66,63933,34,215419
34394,0.000796,74.125.24.0-255,1484,65417,34,215419
34395,0.000816,74.125.24.0-255,2902,68319,34,215419
34396,0.000819,172.31.33.0-255,66,68385,34,215419
34397,0.000824,74.125.24.0-255,2902,71287,34,215419
34398,0.000826,172.31.33.0-255,66,71353,34,215419
34399,0.00084,74.125.24.0-255,2902,74255,34,215419
34400,0.000842,172.31.33.0-255,66,74321,34,215419
34401,0.000845,74.125.24.0-255,1484,75805,34,215419
34402,0.00088,172.31.33.0-255,66,75871,34,215419
34403,0.000931,74.125.24.0-255,7156,83027,34,215419
34404,0.000933,172.31.33.0-255,66,83093,34,215419
34405,0.000953,74.125.24.0-255,3053,86146,34,215419
34406,0.000955,172.31.33.0-255,66,86212,34,215419
34407,0.000966,172.31.33.0-255,66,86278,34,215419
34408,0.00097,74.125.24.0-255,2902,89180,34,215419
34409,0.000972,172.31.33.0-255,66,89246,34,215419
34410,0.001001,172.31.33.0-255,66,89312,34,215419
34411,0.001015,74.125.24.0-255,3602,92914,34,215419
34412,0.001017,172.31.33.0-255,66,92980,34,215419
34413,0.001049,74.125.24.0-255,4320,97300,34,215419
34414,0.001052,172.31.33.0-255,66,97366,34,215419
34415,0.001059,74.125.24.0-255,7156,104522,34,215419
34416,0.001061,172.31.33.0-255,66,104588,34,215419
34417,0.001075,74.125.24.0-255,2902,107490,34,215419
34418,0.001078,172.31.33.0-255,66,107556,34,215419
34419,0.00108,74.125.24.0-255,1484,109040,34,215419
34420,0.001113,74.125.24.0-255,4320,113360,34,215419
34421,0.001116,172.31.33.0-255,66,113426,34,215419
34422,0.001133,172.31.33.0-255,66,113492,34,215419
34423,0.00115,74.125.24.0-255,5020,118512,34,215419
34424,0.001153,172.31.33.0-255,66,118578,34,215419
34425,0.001167,74.125.24.0-255,2902,121480,34,215419
34426,0.001169,172.31.33.0-255,66,121546,34,215419
34427,0.001196,172.31.33.0-255,66,121612,34,215419
34428,0.001213,74.125.24.0-255,5738,127350,34,215419
34429,0.001216,172.31.33.0-255,66,127416,34,215419
34430,0.001236,172.31.33.0-255,66,127482,34,215419
34431,0.001241,74.125.24.0-255,5738,133220,34,215419
34432,0.001243,172.31.33.0-255,66,133286,34,215419
34433,0.001295,172.31.33.0-255,66,133352,34,215419
34434,0.001298,172.31.33.0-255,66,133418,34,215419
34435,0.001307,74.125.24.0-255,5020,138438,34,215419
34436,0.00131,172.31.33.0-255,66,138504,34,215419
34437,0.001409,74.125.24.0-255,1484,139988,34,215419
34438,0.00143,74.125.24.0-255,2902,142890,34,215419
34439,0.001433,172.31.33.0-255,66,142956,34,215419
34440,0.00144,74.125.24.0-255,5738,148694,34,215419
34441,0.001441,172.31.33.0-255,66,148760,34,215419
34442,0.001464,74.125.24.0-255,2902,151662,34,215419
34443,0.001467,172.31.33.0-255,66,151728,34,215419
34444,0.001493,172.31.33.0-255,66,151794,34,215419
34445,0.001497,74.125.24.0-255,4320,156114,34,215419
34446,0.0015,172.31.33.0-255,66,156180,34,215419
34447,0.001523,74.125.24.0-255,6438,162618,34,215419
34448,0.001525,172.31.33.0-255,66,162684,34,215419
34449,0.001557,74.125.24.0-255,7156,169840,34,215419
34450,0.00156,172.31.33.0-255,66,169906,34,215419
34451,0.001592,74.125.24.0-255,2902,172808,34,215419
34452,0.001594,172.31.33.0-255,66,172874,34,215419
34453,0.001611,74.125.24.0-255,4320,177194,34,215419
34454,0.001613,172.31.33.0-255,66,177260,34,215419
34455,0.001626,172.31.33.0-255,66,177326,34,215419
34456,0.001631,74.125.24.0-255,3602,180928,34,215419
34457,0.001633,172.31.33.0-255,66,180994,34,215419
34458,0.001658,74.125.24.0-255,4320,185314,34,215419
34459,0.001661,172.31.33.0-255,66,185380,34,215419
34460,0.001689,172.31.33.0-255,66,185446,34,215419
34461,0.001692,74.125.24.0-255,1484,186930,34,215419
34462,0.001731,172.31.33.0-255,66,186996,34,215419
34463,0.001736,74.125.24.0-255,6438,193434,34,215419
34464,0.001738,172.31.33.0-255,66,193500,34,215419
34465,0.001743,74.125.24.0-255,4320,197820,34,215419
34466,0.001745,172.31.33.0-255,66,197886,34,215419
34467,0.001764,74.125.24.0-255,2902,200788,34,215419
34468,0.001766,172.31.33.0-255,66,200854,34,215419
34469,0.001778,74.125.24.0-255,2902,203756,34,215419
34470,0.00178,172.31.33.0-255,66,203822,34,215419
34471,0.001806,172.31.33.0-255,66,203888,34,215419
34472,0.001824,74.125.24.0-255,1484,205372,34,215419
34473,0.001827,74.125.24.0-255,1484,206856,34,215419
34474,0.001829,172.31.33.0-255,66,206922,34,215419
34475,0.001834,74.125.24.0-255,3620,210542,34,215419
34476,0.001836,172.31.33.0-255,66,210608,34,215419
34477,0.001888,74.125.24.0-255,105,210713,34,215419
34478,0.003695,172.31.33.0-255,66,210779,34,215419
34479,0.003727,172.31.33.0-255,105,210884,34,215419
34480,0.005777,74.125.24.0-255,66,210950,34,215419
34481,0.027363,172.31.33.0-255,176,211126,34,215419
34482,0.027413,172.31.33.0-255,1112,212238,34,215419
34483,0.027468,172.31.33.0-255,1514,213752,34,215419
34484,0.02747,172.31.33.0-255,1295,215047,34,215419
34485,0.028913,104.244.42.0-255,66,215113,34,215419
34486,0.028965,104.244.42.0-255,66,215179,34,215419
34487,0.02905,104.244.42.0-255,66,215245,34,215419
34488,0.030362,104.244.42.0-255,108,215353,34,215419
34489,0.03037,172.31.33.0-255,66,215419,34,215419
34490,0.0,74.125.200.0-255,142,142,34,306564
34491,2.6e-05,172.31.33.0-255,66,208,34,306564
34492,3.2e-05,74.125.200.0-255,1484,1692,34,306564
34493,3.7e-05,172.31.33.0-255,66,1758,34,306564
34494,4.2e-05,74.125.200.0-255,2902,4660,34,306564
34495,5.2e-05,172.31.33.0-255,66,4726,34,306564
34496,8.9e-05,74.125.200.0-255,7156,11882,34,306564
34497,9.4e-05,172.31.33.0-255,66,11948,34,306564
34498,9.9e-05,74.125.200.0-255,2048,13996,34,306564
34499,0.000101,172.31.33.0-255,66,14062,34,306564
34500,0.000105,74.125.200.0-255,2902,16964,34,306564
34501,0.000107,172.31.33.0-255,66,17030,34,306564
34502,0.000113,74.125.200.0-255,7156,24186,34,306564
34503,0.000117,172.31.33.0-255,66,24252,34,306564
34504,0.000122,74.125.200.0-255,4320,28572,34,306564
34505,0.000125,172.31.33.0-255,66,28638,34,306564
34506,0.000177,74.125.200.0-255,2543,31181,34,306564
34507,0.000183,172.31.33.0-255,66,31247,34,306564
34508,0.00021,74.125.200.0-255,2902,34149,34,306564
34509,0.000214,172.31.33.0-255,66,34215,34,306564
34510,0.000219,74.125.200.0-255,4320,38535,34,306564
34511,0.000221,172.31.33.0-255,66,38601,34,306564
34512,0.000244,74.125.200.0-255,2902,41503,34,306564
34513,0.000246,172.31.33.0-255,66,41569,34,306564
34514,0.000283,74.125.200.0-255,6797,48366,34,306564
34515,0.000287,172.31.33.0-255,66,48432,34,306564
34516,0.000505,74.125.200.0-255,1484,49916,34,306564
34517,0.000509,172.31.33.0-255,66,49982,34,306564
34518,0.000534,74.125.200.0-255,1484,51466,34,306564
34519,0.000538,172.31.33.0-255,66,51532,34,306564
34520,0.000544,74.125.200.0-255,2902,54434,34,306564
34521,0.000546,172.31.33.0-255,66,54500,34,306564
34522,0.000579,74.125.200.0-255,5738,60238,34,306564
34523,0.000583,172.31.33.0-255,66,60304,34,306564
34524,0.00059,74.125.200.0-255,5379,65683,34,306564
34525,0.000592,172.31.33.0-255,66,65749,34,306564
34526,0.00061,74.125.200.0-255,646,66395,34,306564
34527,0.000639,74.125.200.0-255,1484,67879,34,306564
34528,0.000642,172.31.33.0-255,66,67945,34,306564
34529,0.000675,74.125.200.0-255,4320,72265,34,306564
34530,0.000678,172.31.33.0-255,66,72331,34,306564
34531,0.000681,74.125.200.0-255,1484,73815,34,306564
34532,0.000686,74.125.200.0-255,2902,76717,34,306564
34533,0.000688,172.31.33.0-255,66,76783,34,306564
34534,0.000727,74.125.200.0-255,5738,82521,34,306564
34535,0.000731,172.31.33.0-255,66,82587,34,306564
34536,0.000734,74.125.200.0-255,1125,83712,34,306564
34537,0.000757,74.125.200.0-255,1484,85196,34,306564
34538,0.00076,172.31.33.0-255,66,85262,34,306564
34539,0.000766,74.125.200.0-255,4320,89582,34,306564
34540,0.000768,172.31.33.0-255,66,89648,34,306564
34541,0.000772,74.125.200.0-255,1484,91132,34,306564
34542,0.000797,74.125.200.0-255,4320,95452,34,306564
34543,0.000802,172.31.33.0-255,66,95518,34,306564
34544,0.000832,74.125.200.0-255,5379,100897,34,306564
34545,0.000836,172.31.33.0-255,66,100963,34,306564
34546,0.000927,74.125.200.0-255,1484,102447,34,306564
34547,0.00093,74.125.200.0-255,1484,103931,34,306564
34548,0.000933,172.31.33.0-255,66,103997,34,306564
34549,0.000964,74.125.200.0-255,1484,105481,34,306564
34550,0.000971,74.125.200.0-255,5738,111219,34,306564
34551,0.000975,172.31.33.0-255,66,111285,34,306564
34552,0.001007,172.31.33.0-255,66,111351,34,306564
34553,0.001032,74.125.200.0-255,2902,114253,34,306564
34554,0.001035,172.31.33.0-255,66,114319,34,306564
34555,0.001047,74.125.200.0-255,4320,118639,34,306564
34556,0.001049,172.31.33.0-255,66,118705,34,306564
34557,0.00107,74.125.200.0-255,3053,121758,34,306564
34558,0.001073,172.31.33.0-255,66,121824,34,306564
34559,0.001096,74.125.200.0-255,1484,123308,34,306564
34560,0.001099,74.125.200.0-255,1484,124792,34,306564
34561,0.001101,172.31.33.0-255,66,124858,34,306564
34562,0.001127,74.125.200.0-255,1484,126342,34,306564
34563,0.001132,74.125.200.0-255,5738,132080,34,306564
34564,0.001134,172.31.33.0-255,66,132146,34,306564
34565,0.001137,74.125.200.0-255,1484,133630,34,306564
34566,0.001141,74.125.200.0-255,2902,136532,34,306564
34567,0.001142,172.31.33.0-255,66,136598,34,306564
34568,0.001147,74.125.200.0-255,2902,139500,34,306564
34569,0.001148,172.31.33.0-255,66,139566,34,306564
34570,0.001176,74.125.200.0-255,2902,142468,34,306564
34571,0.001179,172.31.33.0-255,66,142534,34,306564
34572,0.001183,74.125.200.0-255,1484,144018,34,306564
34573,0.001217,172.31.33.0-255,66,144084,34,306564
34574,0.001232,74.125.200.0-255,2902,146986,34,306564
34575,0.001238,172.31.33.0-255,66,147052,34,306564
34576,0.001248,74.125.200.0-255,766,147818,34,306564
34577,0.001373,74.125.200.0-255,1484,149302,34,306564
34578,0.001376,172.31.33.0-255,66,149368,34,306564
34579,0.001381,74.125.200.0-255,2902,152270,34,306564
34580,0.001383,172.31.33.0-255,66,152336,34,306564
34581,0.001441,74.125.200.0-255,5738,158074,34,306564
34582,0.001444,172.31.33.0-255,66,158140,34,306564
34583,0.001456,172.31.33.0-255,66,158206,34,306564
34584,0.001461,74.125.200.0-255,5738,163944,34,306564
34585,0.001463,172.31.33.0-255,66,164010,34,306564
34586,0.001506,74.125.200.0-255,5020,169030,34,306564
34587,0.001509,172.31.33.0-255,66,169096,34,306564
34588,0.001751,74.125.200.0-255,1484,170580,34,306564
34589,0.001765,74.125.200.0-255,2902,173482,34,306564
34590,0.001769,172.31.33.0-255,66,173548,34,306564
34591,0.001796,74.125.200.0-255,5738,179286,34,306564
34592,0.001798,172.31.33.0-255,66,179352,34,306564
34593,0.001803,74.125.200.0-255,5738,185090,34,306564
34594,0.001805,172.31.33.0-255,66,185156,34,306564
34595,0.001833,74.125.200.0-255,7156,192312,34,306564
34596,0.001836,172.31.33.0-255,66,192378,34,306564
34597,0.001871,172.31.33.0-255,66,192444,34,306564
34598,0.002052,74.125.200.0-255,1484,193928,34,306564
34599,0.00206,74.125.200.0-255,2902,196830,34,306564
34600,0.002063,172.31.33.0-255,66,196896,34,306564
34601,0.002093,74.125.200.0-255,5738,202634,34,306564
34602,0.002096,172.31.33.0-255,66,202700,34,306564
34603,0.002106,74.125.200.0-255,7156,209856,34,306564
34604,0.002108,172.31.33.0-255,66,209922,34,306564
34605,0.002111,74.125.200.0-255,1484,211406,34,306564
34606,0.002145,74.125.200.0-255,7156,218562,34,306564
34607,0.002148,172.31.33.0-255,66,218628,34,306564
34608,0.002157,172.31.33.0-255,66,218694,34,306564
34609,0.002177,74.125.200.0-255,5738,224432,34,306564
34610,0.002179,172.31.33.0-255,66,224498,34,306564
34611,0.002204,74.125.200.0-255,2902,227400,34,306564
34612,0.002206,172.31.33.0-255,66,227466,34,306564
34613,0.002213,74.125.200.0-255,5738,233204,34,306564
34614,0.002214,172.31.33.0-255,66,233270,34,306564
34615,0.002255,74.125.200.0-255,2902,236172,34,306564
34616,0.002258,172.31.33.0-255,66,236238,34,306564
34617,0.002269,172.31.33.0-255,66,236304,34,306564
34618,0.002275,74.125.200.0-255,6438,242742,34,306564
34619,0.002279,172.31.33.0-255,66,242808,34,306564
34620,0.002287,74.125.200.0-255,1484,244292,34,306564
34621,0.002291,74.125.200.0-255,1484,245776,34,306564
34622,0.002293,172.31.33.0-255,66,245842,34,306564
34623,0.002315,74.125.200.0-255,2902,248744,34,306564
34624,0.002318,172.31.33.0-255,66,248810,34,306564
34625,0.002325,74.125.200.0-255,5738,254548,34,306564
34626,0.002328,172.31.33.0-255,66,254614,34,306564
34627,0.002368,172.31.33.0-255,66,254680,34,306564
34628,0.002373,74.125.200.0-255,4320,259000,34,306564
34629,0.002376,172.31.33.0-255,66,259066,34,306564
34630,0.002402,74.125.200.0-255,5738,264804,34,306564
34631,0.002406,172.31.33.0-255,66,264870,34,306564
34632,0.002411,74.125.200.0-255,3602,268472,34,306564
34633,0.002413,172.31.33.0-255,66,268538,34,306564
34634,0.002418,74.125.200.0-255,4320,272858,34,306564
34635,0.00242,172.31.33.0-255,66,272924,34,306564
34636,0.002423,74.125.200.0-255,1484,274408,34,306564
34637,0.002452,74.125.200.0-255,4320,278728,34,306564
34638,0.002457,172.31.33.0-255,66,278794,34,306564
34639,0.00246,74.125.200.0-255,1484,280278,34,306564
34640,0.002463,74.125.200.0-255,1484,281762,34,306564
34641,0.002465,172.31.33.0-255,66,281828,34,306564
34642,0.00247,74.125.200.0-255,2902,284730,34,306564
34643,0.002473,172.31.33.0-255,66,284796,34,306564
34644,0.002479,74.125.200.0-255,7156,291952,34,306564
34645,0.002483,74.125.200.0-255,1484,293436,34,306564
34646,0.002517,172.31.33.0-255,66,293502,34,306564
34647,0.002565,74.125.200.0-255,5738,299240,34,306564
34648,0.00257,172.31.33.0-255,66,299306,34,306564
34649,0.002573,74.125.200.0-255,1484,300790,34,306564
34650,0.002581,74.125.200.0-255,5020,305810,34,306564
34651,0.002585,172.31.33.0-255,66,305876,34,306564
34652,0.002601,172.31.33.0-255,66,305942,34,306564
34653,0.002625,172.31.33.0-255,66,306008,34,306564
34654,0.002628,74.125.200.0-255,97,306105,34,306564
34655,0.002666,74.125.200.0-255,105,306210,34,306564
34656,0.011624,74.125.200.0-255,105,306315,34,306564
34657,0.011641,172.31.33.0-255,78,306393,34,306564
34658,0.013164,172.31.33.0-255,105,306498,34,306564
34659,0.015365,74.125.200.0-255,66,306564,34,306564
34660,0.0,74.125.24.0-255,153,153,34,176190
34661,1.8e-05,172.31.33.0-255,66,219,34,176190
34662,4.2e-05,74.125.24.0-255,1484,1703,34,176190
34663,4.6e-05,172.31.33.0-255,66,1769,34,176190
34664,4.9e-05,74.125.24.0-255,1484,3253,34,176190
34665,5.2e-05,172.31.33.0-255,66,3319,34,176190
34666,6.7e-05,74.125.24.0-255,1484,4803,34,176190
34667,6.9e-05,172.31.33.0-255,66,4869,34,176190
34668,7.2e-05,74.125.24.0-255,1484,6353,34,176190
34669,7.4e-05,172.31.33.0-255,66,6419,34,176190
34670,0.0001,74.125.24.0-255,5738,12157,34,176190
34671,0.000103,172.31.33.0-255,66,12223,34,176190
34672,0.000117,74.125.24.0-255,4320,16543,34,176190
34673,0.000119,172.31.33.0-255,66,16609,34,176190
34674,0.000138,172.31.33.0-255,66,16675,34,176190
34675,0.000144,74.125.24.0-255,5738,22413,34,176190
34676,0.000147,172.31.33.0-255,66,22479,34,176190
34677,0.00017,74.125.24.0-255,1125,23604,34,176190
34678,0.000172,172.31.33.0-255,66,23670,34,176190
34679,0.00025,74.125.24.0-255,1484,25154,34,176190
34680,0.000253,172.31.33.0-255,66,25220,34,176190
34681,0.000257,74.125.24.0-255,2902,28122,34,176190
34682,0.000259,172.31.33.0-255,66,28188,34,176190
34683,0.000275,74.125.24.0-255,1484,29672,34,176190
34684,0.000278,172.31.33.0-255,66,29738,34,176190
34685,0.000294,74.125.24.0-255,4320,34058,34,176190
34686,0.000296,172.31.33.0-255,66,34124,34,176190
34687,0.000302,74.125.24.0-255,5738,39862,34,176190
34688,0.000304,172.31.33.0-255,66,39928,34,176190
34689,0.000322,74.125.24.0-255,1125,41053,34,176190
34690,0.000324,172.31.33.0-255,66,41119,34,176190
34691,0.000329,74.125.24.0-255,4320,45439,34,176190
34692,0.000331,172.31.33.0-255,66,45505,34,176190
34693,0.000351,172.31.33.0-255,66,45571,34,176190
34694,0.000354,74.125.24.0-255,2813,48384,34,176190
34695,0.000357,172.31.33.0-255,66,48450,34,176190
34696,0.001035,74.125.24.0-255,132,48582,34,176190
34697,0.001079,74.125.24.0-255,1484,50066,34,176190
34698,0.001082,172.31.33.0-255,66,50132,34,176190
34699,0.001098,74.125.24.0-255,2902,53034,34,176190
34700,0.0011,172.31.33.0-255,66,53100,34,176190
34701,0.001104,74.125.24.0-255,2902,56002,34,176190
34702,0.001106,172.31.33.0-255,66,56068,34,176190
34703,0.001131,74.125.24.0-255,2902,58970,34,176190
34704,0.001133,172.31.33.0-255,66,59036,34,176190
34705,0.001151,74.125.24.0-255,7156,66192,34,176190
34706,0.001153,172.31.33.0-255,66,66258,34,176190
34707,0.001164,172.31.33.0-255,66,66324,34,176190
34708,0.0012,74.125.24.0-255,6438,72762,34,176190
34709,0.001202,172.31.33.0-255,66,72828,34,176190
34710,0.001249,74.125.24.0-255,2902,75730,34,176190
34711,0.001251,172.31.33.0-255,66,75796,34,176190
34712,0.00127,74.125.24.0-255,2902,78698,34,176190
34713,0.001273,172.31.33.0-255,66,78764,34,176190
34714,0.001279,74.125.24.0-255,7156,85920,34,176190
34715,0.001281,172.31.33.0-255,66,85986,34,176190
34716,0.001285,74.125.24.0-255,2902,88888,34,176190
34717,0.001287,172.31.33.0-255,66,88954,34,176190
34718,0.001321,172.31.33.0-255,66,89020,34,176190
34719,0.001331,172.31.33.0-255,66,89086,34,176190
34720,0.001407,172.31.33.0-255,66,89152,34,176190
34721,0.001413,74.125.24.0-255,5020,94172,34,176190
34722,0.001415,172.31.33.0-255,66,94238,34,176190
34723,0.00154,74.125.24.0-255,1484,95722,34,176190
34724,0.001559,74.125.24.0-255,2902,98624,34,176190
34725,0.001561,172.31.33.0-255,66,98690,34,176190
34726,0.001592,74.125.24.0-255,2902,101592,34,176190
34727,0.001595,172.31.33.0-255,66,101658,34,176190
34728,0.001606,74.125.24.0-255,2902,104560,34,176190
34729,0.001609,172.31.33.0-255,66,104626,34,176190
34730,0.001615,74.125.24.0-255,4320,108946,34,176190
34731,0.001618,172.31.33.0-255,66,109012,34,176190
34732,0.001652,172.31.33.0-255,66,109078,34,176190
34733,0.001659,74.125.24.0-255,7156,116234,34,176190
34734,0.001662,172.31.33.0-255,66,116300,34,176190
34735,0.001679,74.125.24.0-255,1484,117784,34,176190
34736,0.001723,172.31.33.0-255,66,117850,34,176190
34737,0.001735,172.31.33.0-255,66,117916,34,176190
34738,0.001771,74.125.24.0-255,3602,121518,34,176190
34739,0.001774,172.31.33.0-255,66,121584,34,176190
34740,0.001791,74.125.24.0-255,1484,123068,34,176190
34741,0.001796,74.125.24.0-255,2902,125970,34,176190
34742,0.001798,172.31.33.0-255,66,126036,34,176190
34743,0.001804,74.125.24.0-255,5738,131774,34,176190
34744,0.001807,172.31.33.0-255,66,131840,34,176190
34745,0.001812,74.125.24.0-255,4320,136160,34,176190
34746,0.001814,172.31.33.0-255,66,136226,34,176190
34747,0.001857,172.31.33.0-255,66,136292,34,176190
34748,0.001868,172.31.33.0-255,66,136358,34,176190
34749,0.001872,74.125.24.0-255,2184,138542,34,176190
34750,0.001874,172.31.33.0-255,66,138608,34,176190
34751,0.001951,74.125.24.0-255,1484,140092,34,176190
34752,0.00197,74.125.24.0-255,2902,142994,34,176190
34753,0.001975,172.31.33.0-255,66,143060,34,176190
34754,0.001996,74.125.24.0-255,4320,147380,34,176190
34755,0.002,172.31.33.0-255,66,147446,34,176190
34756,0.002004,74.125.24.0-255,2902,150348,34,176190
34757,0.002006,172.31.33.0-255,66,150414,34,176190
34758,0.002024,74.125.24.0-255,5738,156152,34,176190
34759,0.002027,172.31.33.0-255,66,156218,34,176190
34760,0.002032,74.125.24.0-255,2902,159120,34,176190
34761,0.002037,172.31.33.0-255,66,159186,34,176190
34762,0.002087,172.31.33.0-255,66,159252,34,176190
34763,0.002095,74.125.24.0-255,7156,166408,34,176190
34764,0.002098,172.31.33.0-255,66,166474,34,176190
34765,0.00211,172.31.33.0-255,66,166540,34,176190
34766,0.002175,172.31.33.0-255,66,166606,34,176190
34767,0.002178,74.125.24.0-255,766,167372,34,176190
34768,0.002182,74.125.24.0-255,1484,168856,34,176190
34769,0.002184,172.31.33.0-255,66,168922,34,176190
34770,0.002222,172.31.33.0-255,66,168988,34,176190
34771,0.002233,172.31.33.0-255,66,169054,34,176190
34772,0.002276,172.31.33.0-255,66,169120,34,176190
34773,0.002291,74.125.24.0-255,6074,175194,34,176190
34774,0.002294,172.31.33.0-255,66,175260,34,176190
34775,0.002333,74.125.24.0-255,105,175365,34,176190
34776,0.002352,74.125.24.0-255,129,175494,34,176190
34777,0.00476,172.31.33.0-255,105,175599,34,176190
34778,0.004782,172.31.33.0-255,105,175704,34,176190
34779,0.005038,172.31.33.0-255,90,175794,34,176190
34780,0.005047,172.31.33.0-255,66,175860,34,176190
34781,0.007092,74.125.24.0-255,66,175926,34,176190
34782,0.007106,74.125.24.0-255,66,175992,34,176190
34783,0.007323,74.125.24.0-255,66,176058,34,176190
34784,0.007361,74.125.24.0-255,66,176124,34,176190
34785,0.007375,172.31.33.0-255,66,176190,34,176190
34786,0.0,172.31.33.0-255,105,105,34,276
34787,0.002045,157.240.7.0-255,105,210,34,276
34788,0.002059,172.31.33.0-255,66,276,34,276
34789,0.0,74.125.24.0-255,153,153,34,221589
34790,2e-05,172.31.33.0-255,66,219,34,221589
34791,2.7e-05,74.125.24.0-255,1484,1703,34,221589
34792,3.2e-05,172.31.33.0-255,66,1769,34,221589
34793,3.8e-05,74.125.24.0-255,2902,4671,34,221589
34794,4.1e-05,172.31.33.0-255,66,4737,34,221589
34795,5e-05,74.125.24.0-255,7156,11893,34,221589
34796,5.3e-05,172.31.33.0-255,66,11959,34,221589
34797,7.5e-05,74.125.24.0-255,7156,19115,34,221589
34798,7.7e-05,172.31.33.0-255,66,19181,34,221589
34799,0.0001,74.125.24.0-255,3567,22748,34,221589
34800,0.000102,172.31.33.0-255,66,22814,34,221589
34801,0.00012,74.125.24.0-255,5738,28552,34,221589
34802,0.000123,172.31.33.0-255,66,28618,34,221589
34803,0.000141,74.125.24.0-255,2543,31161,34,221589
34804,0.000143,172.31.33.0-255,66,31227,34,221589
34805,0.000351,74.125.24.0-255,1484,32711,34,221589
34806,0.000358,172.31.33.0-255,66,32777,34,221589
34807,0.000363,74.125.24.0-255,2902,35679,34,221589
34808,0.000365,172.31.33.0-255,66,35745,34,221589
34809,0.000393,74.125.24.0-255,5738,41483,34,221589
34810,0.000396,172.31.33.0-255,66,41549,34,221589
34811,0.000403,74.125.24.0-255,4320,45869,34,221589
34812,0.000405,172.31.33.0-255,66,45935,34,221589
34813,0.000442,172.31.33.0-255,66,46001,34,221589
34814,0.000454,172.31.33.0-255,66,46067,34,221589
34815,0.000456,74.125.24.0-255,1125,47192,34,221589
34816,0.000459,172.31.33.0-255,66,47258,34,221589
34817,0.000507,74.125.24.0-255,394,47652,34,221589
34818,0.00051,172.31.33.0-255,66,47718,34,221589
34819,0.000554,74.125.24.0-255,351,48069,34,221589
34820,0.000828,74.125.24.0-255,1484,49553,34,221589
34821,0.000834,74.125.24.0-255,2902,52455,34,221589
34822,0.000839,172.31.33.0-255,66,52521,34,221589
34823,0.00085,74.125.24.0-255,5738,58259,34,221589
34824,0.000855,172.31.33.0-255,66,58325,34,221589
34825,0.000897,74.125.24.0-255,7156,65481,34,221589
34826,0.000919,172.31.33.0-255,66,65547,34,221589
34827,0.00093,74.125.24.0-255,3602,69149,34,221589
34828,0.000939,172.31.33.0-255,66,69215,34,221589
34829,0.002269,74.125.24.0-255,1484,70699,34,221589
34830,0.002279,74.125.24.0-255,2902,73601,34,221589
34831,0.002285,172.31.33.0-255,66,73667,34,221589
34832,0.002293,74.125.24.0-255,4320,77987,34,221589
34833,0.002305,74.125.24.0-255,1484,79471,34,221589
34834,0.002309,74.125.24.0-255,1484,80955,34,221589
34835,0.002327,74.125.24.0-255,7156,88111,34,221589
34836,0.002342,74.125.24.0-255,4320,92431,34,221589
34837,0.003214,74.125.24.0-255,1484,93915,34,221589
34838,0.003246,74.125.24.0-255,2902,96817,34,221589
34839,0.003254,74.125.24.0-255,5738,102555,34,221589
34840,0.003314,74.125.24.0-255,1484,104039,34,221589
34841,0.003319,74.125.24.0-255,2902,106941,34,221589
34842,0.00334,74.125.24.0-255,5738,112679,34,221589
34843,0.003374,74.125.24.0-255,7156,119835,34,221589
34844,0.003417,74.125.24.0-255,3602,123437,34,221589
34845,0.003784,74.125.24.0-255,1484,124921,34,221589
34846,0.003799,74.125.24.0-255,2902,127823,34,221589
34847,0.003803,74.125.24.0-255,1484,129307,34,221589
34848,0.003822,74.125.24.0-255,4320,133627,34,221589
34849,0.003828,74.125.24.0-255,5738,139365,34,221589
34850,0.003845,74.125.24.0-255,2902,142267,34,221589
34851,0.003887,74.125.24.0-255,5020,147287,34,221589
34852,0.003954,74.125.24.0-255,1484,148771,34,221589
34853,0.003958,74.125.24.0-255,2902,151673,34,221589
34854,0.003974,74.125.24.0-255,5738,157411,34,221589
34855,0.004079,74.125.24.0-255,7156,164567,34,221589
34856,0.004095,74.125.24.0-255,5738,170305,34,221589
34857,0.004111,74.125.24.0-255,2902,173207,34,221589
34858,0.004115,74.125.24.0-255,2184,175391,34,221589
34859,0.004441,74.125.24.0-255,1484,176875,34,221589
34860,0.00446,74.125.24.0-255,2902,179777,34,221589
34861,0.004468,74.125.24.0-255,5738,185515,34,221589
34862,0.004494,74.125.24.0-255,1484,186999,34,221589
34863,0.004499,74.125.24.0-255,2902,189901,34,221589
34864,0.004505,74.125.24.0-255,5738,195639,34,221589
34865,0.004522,74.125.24.0-255,2902,198541,34,221589
34866,0.004565,74.125.24.0-255,766,199307,34,221589
34867,0.004605,74.125.24.0-255,1484,200791,34,221589
34868,0.004611,74.125.24.0-255,4320,205111,34,221589
34869,0.004638,74.125.24.0-255,7156,212267,34,221589
34870,0.004747,74.125.24.0-255,6438,218705,34,221589
34871,0.004767,74.125.24.0-255,2359,221064,34,221589
34872,0.004781,74.125.24.0-255,105,221169,34,221589
34873,0.010778,172.31.33.0-255,66,221235,34,221589
34874,0.012449,74.125.24.0-255,105,221340,34,221589
34875,0.012462,172.31.33.0-255,78,221418,34,221589
34876,0.016879,172.31.33.0-255,105,221523,34,221589
34877,0.018804,74.125.24.0-255,66,221589,34,221589
34878,0.0,172.217.194.0-255,152,152,34,156467
34879,1.7e-05,172.31.33.0-255,66,218,34,156467
34880,2.3e-05,172.217.194.0-255,1484,1702,34,156467
34881,2.7e-05,172.31.33.0-255,66,1768,34,156467
34882,3.2e-05,172.217.194.0-255,2902,4670,34,156467
34883,3.5e-05,172.31.33.0-255,66,4736,34,156467
34884,5.5e-05,172.217.194.0-255,5738,10474,34,156467
34885,5.8e-05,172.31.33.0-255,66,10540,34,156467
34886,7.4e-05,172.217.194.0-255,1484,12024,34,156467
34887,7.6e-05,172.31.33.0-255,66,12090,34,156467
34888,7.9e-05,172.217.194.0-255,1484,13574,34,156467
34889,8.1e-05,172.31.33.0-255,66,13640,34,156467
34890,0.000105,172.217.194.0-255,6237,19877,34,156467
34891,0.000107,172.31.33.0-255,66,19943,34,156467
34892,0.000113,172.217.194.0-255,4320,24263,34,156467
34893,0.000116,172.31.33.0-255,66,24329,34,156467
34894,0.000131,172.217.194.0-255,1484,25813,34,156467
34895,0.000133,172.31.33.0-255,66,25879,34,156467
34896,0.000173,172.31.33.0-255,66,25945,34,156467
34897,0.00018,172.217.194.0-255,6438,32383,34,156467
34898,0.000182,172.31.33.0-255,66,32449,34,156467
34899,0.0002,172.217.194.0-255,2902,35351,34,156467
34900,0.000202,172.31.33.0-255,66,35417,34,156467
34901,0.000236,172.31.33.0-255,66,35483,34,156467
34902,0.000282,172.217.194.0-255,4282,39765,34,156467
34903,0.000284,172.31.33.0-255,66,39831,34,156467
34904,0.000349,172.217.194.0-255,1484,41315,34,156467
34905,0.000352,172.31.33.0-255,66,41381,34,156467
34906,0.000357,172.217.194.0-255,2902,44283,34,156467
34907,0.000359,172.31.33.0-255,66,44349,34,156467
34908,0.000362,172.217.194.0-255,1484,45833,34,156467
34909,0.000387,172.217.194.0-255,4320,50153,34,156467
34910,0.00039,172.31.33.0-255,66,50219,34,156467
34911,0.000392,172.217.194.0-255,1484,51703,34,156467
34912,0.000416,172.31.33.0-255,66,51769,34,156467
34913,0.000446,172.31.33.0-255,66,51835,34,156467
34914,0.000582,172.217.194.0-255,1484,53319,34,156467
34915,0.000599,172.217.194.0-255,2902,56221,34,156467
34916,0.000603,172.31.33.0-255,66,56287,34,156467
34917,0.000609,172.217.194.0-255,5738,62025,34,156467
34918,0.000611,172.31.33.0-255,66,62091,34,156467
34919,0.000634,172.217.194.0-255,2902,64993,34,156467
34920,0.000637,172.31.33.0-255,66,65059,34,156467
34921,0.000661,172.31.33.0-255,66,65125,34,156467
34922,0.000665,172.217.194.0-255,4320,69445,34,156467
34923,0.000667,172.31.33.0-255,66,69511,34,156467
34924,0.000691,172.217.194.0-255,6438,75949,34,156467
34925,0.000693,172.31.33.0-255,66,76015,34,156467
34926,0.001133,172.217.194.0-255,1484,77499,34,156467
34927,0.001155,172.217.194.0-255,2902,80401,34,156467
34928,0.001158,172.31.33.0-255,66,80467,34,156467
34929,0.001164,172.217.194.0-255,5738,86205,34,156467
34930,0.001165,172.31.33.0-255,66,86271,34,156467
34931,0.001183,172.217.194.0-255,5738,92009,34,156467
34932,0.001185,172.31.33.0-255,66,92075,34,156467
34933,0.001192,172.217.194.0-255,7156,99231,34,156467
34934,0.001193,172.31.33.0-255,66,99297,34,156467
34935,0.001223,172.217.194.0-255,5738,105035,34,156467
34936,0.001225,172.31.33.0-255,66,105101,34,156467
34937,0.001241,172.217.194.0-255,5020,110121,34,156467
34938,0.001244,172.31.33.0-255,66,110187,34,156467
34939,0.00125,172.217.194.0-255,5738,115925,34,156467
34940,0.001252,172.31.33.0-255,66,115991,34,156467
34941,0.001258,172.217.194.0-255,7156,123147,34,156467
34942,0.00126,172.31.33.0-255,66,123213,34,156467
34943,0.001361,172.217.194.0-255,5738,128951,34,156467
34944,0.001365,172.31.33.0-255,66,129017,34,156467
34945,0.001375,172.31.33.0-255,66,129083,34,156467
34946,0.001392,172.31.33.0-255,66,129149,34,156467
34947,0.001408,172.31.33.0-255,66,129215,34,156467
34948,0.001878,172.217.194.0-255,1484,130699,34,156467
34949,0.001887,172.217.194.0-255,2902,133601,34,156467
34950,0.001892,172.31.33.0-255,66,133667,34,156467
34951,0.0019,172.217.194.0-255,5738,139405,34,156467
34952,0.001902,172.31.33.0-255,66,139471,34,156467
34953,0.001969,172.31.33.0-255,66,139537,34,156467
34954,0.001981,172.31.33.0-255,66,139603,34,156467
34955,0.001988,172.217.194.0-255,5738,145341,34,156467
34956,0.00199,172.31.33.0-255,66,145407,34,156467
34957,0.002026,172.31.33.0-255,66,145473,34,156467
34958,0.002039,172.217.194.0-255,4320,149793,34,156467
34959,0.002042,172.31.33.0-255,66,149859,34,156467
34960,0.002056,172.31.33.0-255,66,149925,34,156467
34961,0.00206,172.217.194.0-255,2902,152827,34,156467
34962,0.002062,172.31.33.0-255,66,152893,34,156467
34963,0.002117,172.31.33.0-255,66,152959,34,156467
34964,0.002144,172.31.33.0-255,66,153025,34,156467
34965,0.002157,172.31.33.0-255,66,153091,34,156467
34966,0.002162,172.217.194.0-255,2902,155993,34,156467
34967,0.002164,172.31.33.0-255,66,156059,34,156467
34968,0.002196,172.31.33.0-255,66,156125,34,156467
34969,0.002199,172.217.194.0-255,105,156230,34,156467
34970,0.011954,172.31.33.0-255,66,156296,34,156467
34971,0.012004,172.31.33.0-255,105,156401,34,156467
34972,0.014317,172.217.194.0-255,66,156467,34,156467
34973,0.0,172.217.194.0-255,146,146,34,246071
34974,1.2e-05,172.31.33.0-255,66,212,34,246071
34975,1.7e-05,172.217.194.0-255,1484,1696,34,246071
34976,2.1e-05,172.31.33.0-255,66,1762,34,246071
34977,2.6e-05,172.217.194.0-255,2902,4664,34,246071
34978,2.9e-05,172.31.33.0-255,66,4730,34,246071
34979,3.5e-05,172.217.194.0-255,4320,9050,34,246071
34980,4.9e-05,172.31.33.0-255,66,9116,34,246071
34981,7.5e-05,172.217.194.0-255,2902,12018,34,246071
34982,7.8e-05,172.31.33.0-255,66,12084,34,246071
34983,8.2e-05,172.217.194.0-255,2110,14194,34,246071
34984,8.4e-05,172.31.33.0-255,66,14260,34,246071
34985,0.000122,172.31.33.0-255,66,14326,34,246071
34986,0.000127,172.217.194.0-255,5379,19705,34,246071
34987,0.00013,172.31.33.0-255,66,19771,34,246071
34988,0.000156,172.217.194.0-255,5738,25509,34,246071
34989,0.000158,172.31.33.0-255,66,25575,34,246071
34990,0.000162,172.217.194.0-255,2902,28477,34,246071
34991,0.000164,172.31.33.0-255,66,28543,34,246071
34992,0.000186,172.217.194.0-255,4320,32863,34,246071
34993,0.000188,172.31.33.0-255,66,32929,34,246071
34994,0.000209,172.217.194.0-255,3961,36890,34,246071
34995,0.000211,172.31.33.0-255,66,36956,34,246071
34996,0.00032,172.217.194.0-255,1484,38440,34,246071
34997,0.000323,172.31.33.0-255,66,38506,34,246071
34998,0.000329,172.217.194.0-255,2902,41408,34,246071
34999,0.000331,172.31.33.0-255,66,41474,34,246071
35000,0.000336,172.217.194.0-255,5738,47212,34,246071
35001,0.000344,172.31.33.0-255,66,47278,34,246071
35002,0.000348,172.217.194.0-255,2902,50180,34,246071
35003,0.00035,172.31.33.0-255,66,50246,34,246071
35004,0.00037,172.217.194.0-255,2902,53148,34,246071
35005,0.000373,172.31.33.0-255,66,53214,34,246071
35006,0.000383,172.217.194.0-255,1125,54339,34,246071
35007,0.000465,172.217.194.0-255,382,54721,34,246071
35008,0.000536,172.217.194.0-255,1484,56205,34,246071
35009,0.00054,172.31.33.0-255,66,56271,34,246071
35010,0.000545,172.217.194.0-255,2902,59173,34,246071
35011,0.000547,172.31.33.0-255,66,59239,34,246071
35012,0.000575,172.217.194.0-255,5738,64977,34,246071
35013,0.000578,172.31.33.0-255,66,65043,34,246071
35014,0.000604,172.217.194.0-255,6797,71840,34,246071
35015,0.000606,172.31.33.0-255,66,71906,34,246071
35016,0.000643,172.217.194.0-255,7156,79062,34,246071
35017,0.000647,172.31.33.0-255,66,79128,34,246071
35018,0.000655,172.217.194.0-255,2902,82030,34,246071
35019,0.000657,172.31.33.0-255,66,82096,34,246071
35020,0.000678,172.217.194.0-255,6797,88893,34,246071
35021,0.000684,172.31.33.0-255,66,88959,34,246071
35022,0.000747,172.217.194.0-255,1484,90443,34,246071
35023,0.00075,172.217.194.0-255,1484,91927,34,246071
35024,0.000753,172.31.33.0-255,66,91993,34,246071
35025,0.000763,172.217.194.0-255,1484,93477,34,246071
35026,0.000766,172.217.194.0-255,2902,96379,34,246071
35027,0.000768,172.31.33.0-255,66,96445,34,246071
35028,0.000791,172.217.194.0-255,2902,99347,34,246071
35029,0.000793,172.31.33.0-255,66,99413,34,246071
35030,0.000811,172.217.194.0-255,6512,105925,34,246071
35031,0.000819,172.31.33.0-255,66,105991,34,246071
35032,0.000891,172.217.194.0-255,1484,107475,34,246071
35033,0.000905,172.217.194.0-255,2902,110377,34,246071
35034,0.000908,172.31.33.0-255,66,110443,34,246071
35035,0.000962,172.217.194.0-255,5738,116181,34,246071
35036,0.000965,172.31.33.0-255,66,116247,34,246071
35037,0.00098,172.31.33.0-255,66,116313,34,246071
35038,0.000984,172.217.194.0-255,4320,120633,34,246071
35039,0.000986,172.31.33.0-255,66,120699,34,246071
35040,0.001013,172.217.194.0-255,4320,125019,34,246071
35041,0.001016,172.31.33.0-255,66,125085,34,246071
35042,0.001037,172.217.194.0-255,2184,127269,34,246071
35043,0.001039,172.31.33.0-255,66,127335,34,246071
35044,0.001048,172.217.194.0-255,7156,134491,34,246071
35045,0.00105,172.31.33.0-255,66,134557,34,246071
35046,0.001064,172.217.194.0-255,2902,137459,34,246071
35047,0.001067,172.31.33.0-255,66,137525,34,246071
35048,0.0011,172.31.33.0-255,66,137591,34,246071
35049,0.001112,172.31.33.0-255,66,137657,34,246071
35050,0.001117,172.217.194.0-255,5738,143395,34,246071
35051,0.001119,172.31.33.0-255,66,143461,34,246071
35052,0.00115,172.217.194.0-255,6438,149899,34,246071
35053,0.001153,172.31.33.0-255,66,149965,34,246071
35054,0.001318,172.217.194.0-255,1484,151449,34,246071
35055,0.001333,172.217.194.0-255,2902,154351,34,246071
35056,0.001336,172.31.33.0-255,66,154417,34,246071
35057,0.001342,172.217.194.0-255,5738,160155,34,246071
35058,0.001343,172.31.33.0-255,66,160221,34,246071
35059,0.00136,172.217.194.0-255,5738,165959,34,246071
35060,0.001362,172.31.33.0-255,66,166025,34,246071
35061,0.001397,172.217.194.0-255,7156,173181,34,246071
35062,0.001399,172.31.33.0-255,66,173247,34,246071
35063,0.001408,172.31.33.0-255,66,173313,34,246071
35064,0.00142,172.217.194.0-255,2184,175497,34,246071
35065,0.001424,172.31.33.0-255,66,175563,34,246071
35066,0.001641,172.217.194.0-255,1484,177047,34,246071
35067,0.001655,172.217.194.0-255,2902,179949,34,246071
35068,0.001659,172.31.33.0-255,66,180015,34,246071
35069,0.001683,172.217.194.0-255,5738,185753,34,246071
35070,0.001685,172.31.33.0-255,66,185819,34,246071
35071,0.001688,172.217.194.0-255,1484,187303,34,246071
35072,0.001692,172.217.194.0-255,4320,191623,34,246071
35073,0.001694,172.31.33.0-255,66,191689,34,246071
35074,0.001728,172.31.33.0-255,66,191755,34,246071
35075,0.001734,172.217.194.0-255,5738,197493,34,246071
35076,0.001736,172.31.33.0-255,66,197559,34,246071
35077,0.001772,172.217.194.0-255,3602,201161,34,246071
35078,0.001775,172.31.33.0-255,66,201227,34,246071
35079,0.001833,172.217.194.0-255,1484,202711,34,246071
35080,0.001837,172.217.194.0-255,1484,204195,34,246071
35081,0.00184,172.31.33.0-255,66,204261,34,246071
35082,0.001868,172.217.194.0-255,1484,205745,34,246071
35083,0.001873,172.217.194.0-255,5738,211483,34,246071
35084,0.001876,172.31.33.0-255,66,211549,34,246071
35085,0.001887,172.31.33.0-255,66,211615,34,246071
35086,0.001913,172.217.194.0-255,1484,213099,34,246071
35087,0.001916,172.217.194.0-255,1484,214583,34,246071
35088,0.001918,172.31.33.0-255,66,214649,34,246071
35089,0.00193,172.217.194.0-255,4320,218969,34,246071
35090,0.001933,172.31.33.0-255,66,219035,34,246071
35091,0.00196,172.217.194.0-255,5020,224055,34,246071
35092,0.001963,172.31.33.0-255,66,224121,34,246071
35093,0.002009,172.217.194.0-255,1484,225605,34,246071
35094,0.002013,172.217.194.0-255,2902,228507,34,246071
35095,0.002015,172.31.33.0-255,66,228573,34,246071
35096,0.00202,172.217.194.0-255,5738,234311,34,246071
35097,0.002022,172.31.33.0-255,66,234377,34,246071
35098,0.002033,172.31.33.0-255,66,234443,34,246071
35099,0.002054,172.217.194.0-255,1484,235927,34,246071
35100,0.002069,172.31.33.0-255,66,235993,34,246071
35101,0.002094,172.217.194.0-255,4320,240313,34,246071
35102,0.002096,172.31.33.0-255,66,240379,34,246071
35103,0.002131,172.31.33.0-255,66,240445,34,246071
35104,0.002148,172.31.33.0-255,66,240511,34,246071
35105,0.00218,172.217.194.0-255,5020,245531,34,246071
35106,0.002184,172.31.33.0-255,66,245597,34,246071
35107,0.002198,172.31.33.0-255,66,245663,34,246071
35108,0.002213,172.31.33.0-255,66,245729,34,246071
35109,0.002215,172.217.194.0-255,105,245834,34,246071
35110,0.007851,172.31.33.0-255,66,245900,34,246071
35111,0.007897,172.31.33.0-255,105,246005,34,246071
35112,0.01037,172.217.194.0-255,66,246071,34,246071
35113,0.0,172.217.194.0-255,153,153,34,195933
35114,1.5e-05,172.31.33.0-255,66,219,34,195933
35115,2.2e-05,172.217.194.0-255,1484,1703,34,195933
35116,2.7e-05,172.31.33.0-255,66,1769,34,195933
35117,3.2e-05,172.217.194.0-255,2902,4671,34,195933
35118,4.1e-05,172.31.33.0-255,66,4737,34,195933
35119,4.8e-05,172.217.194.0-255,7156,11893,34,195933
35120,5e-05,172.31.33.0-255,66,11959,34,195933
35121,7.3e-05,172.217.194.0-255,4320,16279,34,195933
35122,7.5e-05,172.31.33.0-255,66,16345,34,195933
35123,0.00011,172.31.33.0-255,66,16411,34,195933
35124,0.000115,172.217.194.0-255,2543,18954,34,195933
35125,0.000117,172.31.33.0-255,66,19020,34,195933
35126,0.000141,172.217.194.0-255,2902,21922,34,195933
35127,0.000143,172.31.33.0-255,66,21988,34,195933
35128,0.000149,172.217.194.0-255,5738,27726,34,195933
35129,0.000151,172.31.33.0-255,66,27792,34,195933
35130,0.000186,172.217.194.0-255,1484,29276,34,195933
35131,0.000188,172.31.33.0-255,66,29342,34,195933
35132,0.0002,172.31.33.0-255,66,29408,34,195933
35133,0.000267,172.31.33.0-255,66,29474,34,195933
35134,0.000269,172.217.194.0-255,678,30152,34,195933
35135,0.000271,172.31.33.0-255,66,30218,34,195933
35136,0.000455,172.217.194.0-255,1484,31702,34,195933
35137,0.00046,172.31.33.0-255,66,31768,34,195933
35138,0.00049,172.217.194.0-255,2902,34670,34,195933
35139,0.000493,172.31.33.0-255,66,34736,34,195933
35140,0.000496,172.217.194.0-255,1484,36220,34,195933
35141,0.000498,172.31.33.0-255,66,36286,34,195933
35142,0.00052,172.217.194.0-255,4320,40606,34,195933
35143,0.000523,172.31.33.0-255,66,40672,34,195933
35144,0.000533,172.31.33.0-255,66,40738,34,195933
35145,0.000581,172.217.194.0-255,4320,45058,34,195933
35146,0.000584,172.31.33.0-255,66,45124,34,195933
35147,0.00062,172.31.33.0-255,66,45190,34,195933
35148,0.00087,172.217.194.0-255,1484,46674,34,195933
35149,0.000876,172.217.194.0-255,2902,49576,34,195933
35150,0.000879,172.31.33.0-255,66,49642,34,195933
35151,0.000901,172.217.194.0-255,5738,55380,34,195933
35152,0.000903,172.31.33.0-255,66,55446,34,195933
35153,0.000908,172.217.194.0-255,2902,58348,34,195933
35154,0.000909,172.31.33.0-255,66,58414,34,195933
35155,0.000942,172.31.33.0-255,66,58480,34,195933
35156,0.000953,172.31.33.0-255,66,58546,34,195933
35157,0.000975,172.217.194.0-255,1484,60030,34,195933
35158,0.000996,172.217.194.0-255,2902,62932,34,195933
35159,0.000999,172.31.33.0-255,66,62998,34,195933
35160,0.001005,172.217.194.0-255,5738,68736,34,195933
35161,0.001007,172.31.33.0-255,66,68802,34,195933
35162,0.001031,172.217.194.0-255,7156,75958,34,195933
35163,0.001033,172.31.33.0-255,66,76024,34,195933
35164,0.001054,172.217.194.0-255,5738,81762,34,195933
35165,0.001057,172.31.33.0-255,66,81828,34,195933
35166,0.001069,172.31.33.0-255,66,81894,34,195933
35167,0.001089,172.217.194.0-255,1484,83378,34,195933
35168,0.001107,172.217.194.0-255,2902,86280,34,195933
35169,0.00111,172.31.33.0-255,66,86346,34,195933
35170,0.001116,172.217.194.0-255,5738,92084,34,195933
35171,0.001118,172.31.33.0-255,66,92150,34,195933
35172,0.001129,172.217.194.0-255,1484,93634,34,195933
35173,0.001159,172.31.33.0-255,66,93700,34,195933
35174,0.001208,172.217.194.0-255,5738,99438,34,195933
35175,0.001213,172.31.33.0-255,66,99504,34,195933
35176,0.001259,172.217.194.0-255,7156,106660,34,195933
35177,0.001263,172.31.33.0-255,66,106726,34,195933
35178,0.001266,172.31.33.0-255,66,106792,34,195933
35179,0.001272,172.31.33.0-255,66,106858,34,195933
35180,0.001278,172.217.194.0-255,1484,108342,34,195933
35181,0.001307,172.31.33.0-255,66,108408,34,195933
35182,0.001712,172.217.194.0-255,1484,109892,34,195933
35183,0.001718,172.217.194.0-255,2902,112794,34,195933
35184,0.001721,172.31.33.0-255,66,112860,34,195933
35185,0.001724,172.217.194.0-255,1484,114344,34,195933
35186,0.001751,172.217.194.0-255,4320,118664,34,195933
35187,0.001753,172.31.33.0-255,66,118730,34,195933
35188,0.00176,172.217.194.0-255,7156,125886,34,195933
35189,0.001762,172.31.33.0-255,66,125952,34,195933
35190,0.001773,172.217.194.0-255,1484,127436,34,195933
35191,0.001796,172.31.33.0-255,66,127502,34,195933
35192,0.0018,172.217.194.0-255,2184,129686,34,195933
35193,0.001802,172.31.33.0-255,66,129752,34,195933
35194,0.00209,172.217.194.0-255,1484,131236,34,195933
35195,0.002096,172.217.194.0-255,2902,134138,34,195933
35196,0.002099,172.31.33.0-255,66,134204,34,195933
35197,0.002126,172.217.194.0-255,2902,137106,34,195933
35198,0.002128,172.31.33.0-255,66,137172,34,195933
35199,0.002145,172.217.194.0-255,2902,140074,34,195933
35200,0.002147,172.31.33.0-255,66,140140,34,195933
35201,0.002151,172.217.194.0-255,2902,143042,34,195933
35202,0.002153,172.31.33.0-255,66,143108,34,195933
35203,0.00219,172.31.33.0-255,66,143174,34,195933
35204,0.002201,172.31.33.0-255,66,143240,34,195933
35205,0.002244,172.217.194.0-255,1484,144724,34,195933
35206,0.00226,172.217.194.0-255,2902,147626,34,195933
35207,0.002262,172.31.33.0-255,66,147692,34,195933
35208,0.002266,172.217.194.0-255,1484,149176,34,195933
35209,0.002291,172.217.194.0-255,4320,153496,34,195933
35210,0.002293,172.31.33.0-255,66,153562,34,195933
35211,0.002298,172.217.194.0-255,4320,157882,34,195933
35212,0.0023,172.31.33.0-255,66,157948,34,195933
35213,0.002334,172.31.33.0-255,66,158014,34,195933
35214,0.00234,172.217.194.0-255,7156,165170,34,195933
35215,0.002342,172.31.33.0-255,66,165236,34,195933
35216,0.002366,172.217.194.0-255,2902,168138,34,195933
35217,0.002368,172.31.33.0-255,66,168204,34,195933
35218,0.002395,172.217.194.0-255,3602,171806,34,195933
35219,0.002397,172.31.33.0-255,66,171872,34,195933
35220,0.0024,172.217.194.0-255,1484,173356,34,195933
35221,0.002427,172.217.194.0-255,7156,180512,34,195933
35222,0.00243,172.31.33.0-255,66,180578,34,195933
35223,0.002435,172.217.194.0-255,4320,184898,34,195933
35224,0.002437,172.31.33.0-255,66,184964,34,195933
35225,0.002439,172.217.194.0-255,1484,186448,34,195933
35226,0.002475,172.31.33.0-255,66,186514,34,195933
35227,0.002479,172.217.194.0-255,2902,189416,34,195933
35228,0.002481,172.31.33.0-255,66,189482,34,195933
35229,0.002485,172.217.194.0-255,2184,191666,34,195933
35230,0.002486,172.31.33.0-255,66,191732,34,195933
35231,0.002501,172.31.33.0-255,66,191798,34,195933
35232,0.002536,172.217.194.0-255,1484,193282,34,195933
35233,0.002539,172.217.194.0-255,1484,194766,34,195933
35234,0.002541,172.31.33.0-255,66,194832,34,195933
35235,0.00257,172.31.33.0-255,66,194898,34,195933
35236,0.002572,172.217.194.0-255,510,195408,34,195933
35237,0.002575,172.217.194.0-255,105,195513,34,195933
35238,0.011964,172.31.33.0-255,66,195579,34,195933
35239,0.012009,172.31.33.0-255,105,195684,34,195933
35240,0.012726,172.217.194.0-255,105,195789,34,195933
35241,0.012738,172.31.33.0-255,78,195867,34,195933
35242,0.01429,172.217.194.0-255,66,195933,34,195933
35243,0.0,74.125.24.0-255,154,154,34,149730
35244,2.8e-05,172.31.33.0-255,66,220,34,149730
35245,3.4e-05,74.125.24.0-255,1484,1704,34,149730
35246,3.8e-05,172.31.33.0-255,66,1770,34,149730
35247,4.4e-05,74.125.24.0-255,2902,4672,34,149730
35248,5.3e-05,172.31.33.0-255,66,4738,34,149730
35249,6.2e-05,74.125.24.0-255,7156,11894,34,149730
35250,6.6e-05,172.31.33.0-255,66,11960,34,149730
35251,0.000103,172.31.33.0-255,66,12026,34,149730
35252,0.000144,172.31.33.0-255,66,12092,34,149730
35253,0.000188,172.31.33.0-255,66,12158,34,149730
35254,0.000246,74.125.24.0-255,1484,13642,34,149730
35255,0.00025,172.31.33.0-255,66,13708,34,149730
35256,0.000277,74.125.24.0-255,2902,16610,34,149730
35257,0.000281,172.31.33.0-255,66,16676,34,149730
35258,0.000288,74.125.24.0-255,5738,22414,34,149730
35259,0.000291,172.31.33.0-255,66,22480,34,149730
35260,0.000355,74.125.24.0-255,7136,29616,34,149730
35261,0.00036,172.31.33.0-255,66,29682,34,149730
35262,0.00037,74.125.24.0-255,1484,31166,34,149730
35263,0.000378,172.31.33.0-255,66,31232,34,149730
35264,0.000383,74.125.24.0-255,2902,34134,34,149730
35265,0.000387,172.31.33.0-255,66,34200,34,149730
35266,0.00039,74.125.24.0-255,1484,35684,34,149730
35267,0.000392,172.31.33.0-255,66,35750,34,149730
35268,0.000405,74.125.24.0-255,2902,38652,34,149730
35269,0.000408,172.31.33.0-255,66,38718,34,149730
35270,0.000429,74.125.24.0-255,1484,40202,34,149730
35271,0.000432,172.31.33.0-255,66,40268,34,149730
35272,0.000441,74.125.24.0-255,7156,47424,34,149730
35273,0.000443,172.31.33.0-255,66,47490,34,149730
35274,0.000472,74.125.24.0-255,5738,53228,34,149730
35275,0.000476,172.31.33.0-255,66,53294,34,149730
35276,0.000484,74.125.24.0-255,7156,60450,34,149730
35277,0.000486,172.31.33.0-255,66,60516,34,149730
35278,0.000507,74.125.24.0-255,3602,64118,34,149730
35279,0.000511,172.31.33.0-255,66,64184,34,149730
35280,0.000666,74.125.24.0-255,1484,65668,34,149730
35281,0.000686,74.125.24.0-255,2902,68570,34,149730
35282,0.00069,172.31.33.0-255,66,68636,34,149730
35283,0.000697,74.125.24.0-255,5738,74374,34,149730
35284,0.000699,172.31.33.0-255,66,74440,34,149730
35285,0.000721,74.125.24.0-255,5738,80178,34,149730
35286,0.000725,172.31.33.0-255,66,80244,34,149730
35287,0.000754,74.125.24.0-255,7156,87400,34,149730
35288,0.000759,172.31.33.0-255,66,87466,34,149730
35289,0.000799,172.31.33.0-255,66,87532,34,149730
35290,0.000925,74.125.24.0-255,1484,89016,34,149730
35291,0.000957,74.125.24.0-255,1484,90500,34,149730
35292,0.000961,172.31.33.0-255,66,90566,34,149730
35293,0.000985,74.125.24.0-255,1484,92050,34,149730
35294,0.000988,74.125.24.0-255,1484,93534,34,149730
35295,0.000991,172.31.33.0-255,66,93600,34,149730
35296,0.000998,74.125.24.0-255,5738,99338,34,149730
35297,0.001001,172.31.33.0-255,66,99404,34,149730
35298,0.001006,74.125.24.0-255,4320,103724,34,149730
35299,0.001008,172.31.33.0-255,66,103790,34,149730
35300,0.001055,172.31.33.0-255,66,103856,34,149730
35301,0.001062,74.125.24.0-255,7156,111012,34,149730
35302,0.001065,172.31.33.0-255,66,111078,34,149730
35303,0.001069,74.125.24.0-255,2184,113262,34,149730
35304,0.001071,172.31.33.0-255,66,113328,34,149730
35305,0.001166,74.125.24.0-255,1484,114812,34,149730
35306,0.001194,74.125.24.0-255,2902,117714,34,149730
35307,0.001197,172.31.33.0-255,66,117780,34,149730
35308,0.001201,74.125.24.0-255,1484,119264,34,149730
35309,0.001231,74.125.24.0-255,4320,123584,34,149730
35310,0.001234,172.31.33.0-255,66,123650,34,149730
35311,0.001252,172.31.33.0-255,66,123716,34,149730
35312,0.001294,74.125.24.0-255,7156,130872,34,149730
35313,0.001298,172.31.33.0-255,66,130938,34,149730
35314,0.00134,172.31.33.0-255,66,131004,34,149730
35315,0.001364,172.31.33.0-255,66,131070,34,149730
35316,0.001372,74.125.24.0-255,6438,137508,34,149730
35317,0.001375,172.31.33.0-255,66,137574,34,149730
35318,0.001446,172.31.33.0-255,66,137640,34,149730
35319,0.001492,172.31.33.0-255,66,137706,34,149730
35320,0.001508,172.31.33.0-255,66,137772,34,149730
35321,0.001522,172.31.33.0-255,66,137838,34,149730
35322,0.001535,172.31.33.0-255,66,137904,34,149730
35323,0.001596,172.31.33.0-255,66,137970,34,149730
35324,0.001607,172.31.33.0-255,66,138036,34,149730
35325,0.001642,74.125.24.0-255,6438,144474,34,149730
35326,0.001646,172.31.33.0-255,66,144540,34,149730
35327,0.001661,172.31.33.0-255,66,144606,34,149730
35328,0.00169,74.125.24.0-255,4320,148926,34,149730
35329,0.001696,172.31.33.0-255,66,148992,34,149730
35330,0.001697,172.31.33.0-255,66,149058,34,149730
35331,0.001698,172.31.33.0-255,66,149124,34,149730
35332,0.001739,172.31.33.0-255,66,149190,34,149730
35333,0.001742,74.125.24.0-255,97,149287,34,149730
35334,0.001771,74.125.24.0-255,105,149392,34,149730
35335,0.00658,172.31.33.0-255,101,149493,34,149730
35336,0.007621,172.31.33.0-255,105,149598,34,149730
35337,0.008846,74.125.24.0-255,66,149664,34,149730
35338,0.009897,74.125.24.0-255,66,149730,34,149730
35339,0.0,74.125.130.0-255,578,578,34,140167
35340,1.9e-05,74.125.130.0-255,1484,2062,34,140167
35341,2.6e-05,172.31.33.0-255,66,2128,34,140167
35342,3.4e-05,74.125.130.0-255,2902,5030,34,140167
35343,3.7e-05,172.31.33.0-255,66,5096,34,140167
35344,5.3e-05,74.125.130.0-255,1484,6580,34,140167
35345,7e-05,74.125.130.0-255,4320,10900,34,140167
35346,7.2e-05,172.31.33.0-255,66,10966,34,140167
35347,0.000229,74.125.130.0-255,3273,14239,34,140167
35348,0.000235,172.31.33.0-255,66,14305,34,140167
35349,0.000346,74.125.130.0-255,2902,17207,34,140167
35350,0.00035,172.31.33.0-255,66,17273,34,140167
35351,0.000367,74.125.130.0-255,1484,18757,34,140167
35352,0.000493,74.125.130.0-255,5738,24495,34,140167
35353,0.000498,172.31.33.0-255,66,24561,34,140167
35354,0.000515,74.125.130.0-255,4320,28881,34,140167
35355,0.000518,172.31.33.0-255,66,28947,34,140167
35356,0.002334,74.125.130.0-255,7156,36103,34,140167
35357,0.00234,172.31.33.0-255,66,36169,34,140167
35358,0.002418,74.125.130.0-255,4320,40489,34,140167
35359,0.002434,74.125.130.0-255,2902,43391,34,140167
35360,0.002675,74.125.130.0-255,2902,46293,34,140167
35361,0.002703,74.125.130.0-255,2902,49195,34,140167
35362,0.003171,74.125.130.0-255,1484,50679,34,140167
35363,0.003187,74.125.130.0-255,7156,57835,34,140167
35364,0.003202,74.125.130.0-255,5738,63573,34,140167
35365,0.003719,74.125.130.0-255,2902,66475,34,140167
35366,0.004136,74.125.130.0-255,4320,70795,34,140167
35367,0.004612,74.125.130.0-255,5738,76533,34,140167
35368,0.004627,74.125.130.0-255,4320,80853,34,140167
35369,0.007321,172.31.33.0-255,66,80919,34,140167
35370,0.00767,172.31.33.0-255,66,80985,34,140167
35371,0.009647,172.31.33.0-255,66,81051,34,140167
35372,0.009757,74.125.130.0-255,1484,82535,34,140167
35373,0.009778,74.125.130.0-255,7156,89691,34,140167
35374,0.009829,74.125.130.0-255,5738,95429,34,140167
35375,0.009941,172.31.33.0-255,66,95495,34,140167
35376,0.010108,74.125.130.0-255,2902,98397,34,140167
35377,0.010113,172.31.33.0-255,66,98463,34,140167
35378,0.010143,172.31.33.0-255,66,98529,34,140167
35379,0.01048,172.31.33.0-255,66,98595,34,140167
35380,0.010781,74.125.130.0-255,7156,105751,34,140167
35381,0.010785,172.31.33.0-255,66,105817,34,140167
35382,0.010802,74.125.130.0-255,4096,109913,34,140167
35383,0.010804,172.31.33.0-255,66,109979,34,140167
35384,0.011921,74.125.130.0-255,3126,113105,34,140167
35385,0.011926,172.31.33.0-255,66,113171,34,140167
35386,0.011945,74.125.130.0-255,1484,114655,34,140167
35387,0.011983,172.31.33.0-255,66,114721,34,140167
35388,0.012291,74.125.130.0-255,5738,120459,34,140167
35389,0.012297,172.31.33.0-255,66,120525,34,140167
35390,0.012335,172.31.33.0-255,66,120591,34,140167
35391,0.012858,74.125.130.0-255,5738,126329,34,140167
35392,0.012864,172.31.33.0-255,66,126395,34,140167
35393,0.012901,172.31.33.0-255,66,126461,34,140167
35394,0.013443,172.31.33.0-255,66,126527,34,140167
35395,0.013497,172.31.33.0-255,66,126593,34,140167
35396,0.014123,74.125.130.0-255,5738,132331,34,140167
35397,0.014129,172.31.33.0-255,66,132397,34,140167
35398,0.014179,172.31.33.0-255,66,132463,34,140167
35399,0.014801,172.31.33.0-255,66,132529,34,140167
35400,0.014819,74.125.130.0-255,1484,134013,34,140167
35401,0.015447,172.31.33.0-255,66,134079,34,140167
35402,0.015469,74.125.130.0-255,1428,135507,34,140167
35403,0.015621,172.31.33.0-255,66,135573,34,140167
35404,0.015665,172.31.33.0-255,66,135639,34,140167
35405,0.015986,172.31.33.0-255,66,135705,34,140167
35406,0.016284,172.31.33.0-255,105,135810,34,140167
35407,0.018554,74.125.130.0-255,66,135876,34,140167
35408,0.035643,172.31.33.0-255,172,136048,34,140167
35409,0.035687,172.31.33.0-255,1113,137161,34,140167
35410,0.035789,172.31.33.0-255,1514,138675,34,140167
35411,0.03579,172.31.33.0-255,1294,139969,34,140167
35412,0.037201,104.244.42.0-255,66,140035,34,140167
35413,0.037331,104.244.42.0-255,66,140101,34,140167
35414,0.037393,104.244.42.0-255,66,140167,34,140167
35415,0.0,74.125.200.0-255,153,153,34,286366
35416,2.9e-05,172.31.33.0-255,66,219,34,286366
35417,3.6e-05,74.125.200.0-255,1484,1703,34,286366
35418,4e-05,172.31.33.0-255,66,1769,34,286366
35419,4.3e-05,74.125.200.0-255,1484,3253,34,286366
35420,4.5e-05,172.31.33.0-255,66,3319,34,286366
35421,5.6e-05,74.125.200.0-255,1484,4803,34,286366
35422,5.8e-05,172.31.33.0-255,66,4869,34,286366
35423,8.5e-05,74.125.200.0-255,1484,6353,34,286366
35424,8.7e-05,172.31.33.0-255,66,6419,34,286366
35425,9.5e-05,74.125.200.0-255,5738,12157,34,286366
35426,0.000104,172.31.33.0-255,66,12223,34,286366
35427,0.000108,74.125.200.0-255,1484,13707,34,286366
35428,0.00011,172.31.33.0-255,66,13773,34,286366
35429,0.000114,74.125.200.0-255,2012,15785,34,286366
35430,0.000117,172.31.33.0-255,66,15851,34,286366
35431,0.000153,74.125.200.0-255,5738,21589,34,286366
35432,0.000157,172.31.33.0-255,66,21655,34,286366
35433,0.000183,74.125.200.0-255,5738,27393,34,286366
35434,0.000188,172.31.33.0-255,66,27459,34,286366
35435,0.000216,74.125.200.0-255,1484,28943,34,286366
35436,0.000218,172.31.33.0-255,66,29009,34,286366
35437,0.000224,74.125.200.0-255,2543,31552,34,286366
35438,0.000226,172.31.33.0-255,66,31618,34,286366
35439,0.000851,74.125.200.0-255,1484,33102,34,286366
35440,0.000857,172.31.33.0-255,66,33168,34,286366
35441,0.000865,74.125.200.0-255,2902,36070,34,286366
35442,0.000868,172.31.33.0-255,66,36136,34,286366
35443,0.00088,74.125.200.0-255,4320,40456,34,286366
35444,0.000883,172.31.33.0-255,66,40522,34,286366
35445,0.000907,74.125.200.0-255,1484,42006,34,286366
35446,0.00091,172.31.33.0-255,66,42072,34,286366
35447,0.000922,74.125.200.0-255,5738,47810,34,286366
35448,0.00095,74.125.200.0-255,2543,50353,34,286366
35449,0.000975,74.125.200.0-255,5738,56091,34,286366
35450,0.000994,74.125.200.0-255,1438,57529,34,286366
35451,0.001039,74.125.200.0-255,109,57638,34,286366
35452,0.001234,74.125.200.0-255,1484,59122,34,286366
35453,0.001241,74.125.200.0-255,2902,62024,34,286366
35454,0.001262,74.125.200.0-255,5738,67762,34,286366
35455,0.001267,74.125.200.0-255,4320,72082,34,286366
35456,0.001288,74.125.200.0-255,5738,77820,34,286366
35457,0.001306,74.125.200.0-255,4320,82140,34,286366
35458,0.00132,74.125.200.0-255,7156,89296,34,286366
35459,0.001323,74.125.200.0-255,2184,91480,34,286366
35460,0.001364,74.125.200.0-255,2902,94382,34,286366
35461,0.00137,74.125.200.0-255,7156,101538,34,286366
35462,0.001375,74.125.200.0-255,4320,105858,34,286366
35463,0.001396,74.125.200.0-255,1484,107342,34,286366
35464,0.001424,74.125.200.0-255,6438,113780,34,286366
35465,0.001438,74.125.200.0-255,1484,115264,34,286366
35466,0.001453,74.125.200.0-255,5738,121002,34,286366
35467,0.001509,74.125.200.0-255,1484,122486,34,286366
35468,0.001527,74.125.200.0-255,7156,129642,34,286366
35469,0.001542,74.125.200.0-255,4320,133962,34,286366
35470,0.001545,74.125.200.0-255,2184,136146,34,286366
35471,0.00158,74.125.200.0-255,2902,139048,34,286366
35472,0.001597,74.125.200.0-255,4320,143368,34,286366
35473,0.001612,74.125.200.0-255,4320,147688,34,286366
35474,0.001625,74.125.200.0-255,4320,152008,34,286366
35475,0.001628,74.125.200.0-255,1484,153492,34,286366
35476,0.001646,74.125.200.0-255,4320,157812,34,286366
35477,0.00167,74.125.200.0-255,2902,160714,34,286366
35478,0.001681,74.125.200.0-255,4320,165034,34,286366
35479,0.001684,74.125.200.0-255,1484,166518,34,286366
35480,0.001701,74.125.200.0-255,2902,169420,34,286366
35481,0.001716,74.125.200.0-255,766,170186,34,286366
35482,0.001765,74.125.200.0-255,331,170517,34,286366
35483,0.001816,74.125.200.0-255,1484,172001,34,286366
35484,0.00183,74.125.200.0-255,1484,173485,34,286366
35485,0.001839,74.125.200.0-255,1484,174969,34,286366
35486,0.001849,74.125.200.0-255,1484,176453,34,286366
35487,0.001852,74.125.200.0-255,1484,177937,34,286366
35488,0.00187,74.125.200.0-255,4320,182257,34,286366
35489,0.001905,74.125.200.0-255,1484,183741,34,286366
35490,0.001932,74.125.200.0-255,3602,187343,34,286366
35491,0.001992,74.125.200.0-255,1484,188827,34,286366
35492,0.002004,74.125.200.0-255,1484,190311,34,286366
35493,0.002015,74.125.200.0-255,1484,191795,34,286366
35494,0.002019,74.125.200.0-255,2902,194697,34,286366
35495,0.002035,74.125.200.0-255,2902,197599,34,286366
35496,0.002038,74.125.200.0-255,1484,199083,34,286366
35497,0.002053,74.125.200.0-255,1484,200567,34,286366
35498,0.002057,74.125.200.0-255,2902,203469,34,286366
35499,0.002085,74.125.200.0-255,7156,210625,34,286366
35500,0.00209,74.125.200.0-255,4320,214945,34,286366
35501,0.002104,74.125.200.0-255,2902,217847,34,286366
35502,0.002134,74.125.200.0-255,3602,221449,34,286366
35503,0.002267,74.125.200.0-255,1484,222933,34,286366
35504,0.002277,74.125.200.0-255,1484,224417,34,286366
35505,0.002297,74.125.200.0-255,1484,225901,34,286366
35506,0.002307,74.125.200.0-255,1484,227385,34,286366
35507,0.002318,74.125.200.0-255,2902,230287,34,286366
35508,0.002332,74.125.200.0-255,2902,233189,34,286366
35509,0.002336,74.125.200.0-255,2902,236091,34,286366
35510,0.003048,74.125.200.0-255,1484,237575,34,286366
35511,0.003055,74.125.200.0-255,2902,240477,34,286366
35512,0.00308,74.125.200.0-255,5738,246215,34,286366
35513,0.003117,74.125.200.0-255,7156,253371,34,286366
35514,0.003146,74.125.200.0-255,4320,257691,34,286366
35515,0.003173,74.125.200.0-255,3602,261293,34,286366
35516,0.003423,74.125.200.0-255,1484,262777,34,286366
35517,0.003441,74.125.200.0-255,2902,265679,34,286366
35518,0.003444,74.125.200.0-255,1484,267163,34,286366
35519,0.003448,74.125.200.0-255,1484,268647,34,286366
35520,0.003476,74.125.200.0-255,4320,272967,34,286366
35521,0.003483,74.125.200.0-255,1484,274451,34,286366
35522,0.003528,74.125.200.0-255,4320,278771,34,286366
35523,0.003618,74.125.200.0-255,7156,285927,34,286366
35524,0.003662,74.125.200.0-255,97,286024,34,286366
35525,0.003688,74.125.200.0-255,105,286129,34,286366
35526,0.006649,172.31.33.0-255,66,286195,34,286366
35527,0.010508,172.31.33.0-255,105,286300,34,286366
35528,0.013014,74.125.200.0-255,66,286366,34,286366
35529,0.0,172.31.33.0-255,105,105,34,342
35530,0.002186,74.125.68.0-255,66,171,34,342
35531,0.002262,74.125.68.0-255,105,276,34,342
35532,0.002266,172.31.33.0-255,66,342,34,342
35533,0.0,172.31.33.0-255,66,66,34,66
35534,0.0,74.125.200.0-255,214,214,34,280730
35535,1.5e-05,172.31.33.0-255,66,280,34,280730
35536,2.1e-05,74.125.200.0-255,1484,1764,34,280730
35537,2.5e-05,172.31.33.0-255,66,1830,34,280730
35538,2.8e-05,74.125.200.0-255,1484,3314,34,280730
35539,3.1e-05,172.31.33.0-255,66,3380,34,280730
35540,3.7e-05,74.125.200.0-255,2902,6282,34,280730
35541,4e-05,172.31.33.0-255,66,6348,34,280730
35542,6.1e-05,74.125.200.0-255,5738,12086,34,280730
35543,6.4e-05,172.31.33.0-255,66,12152,34,280730
35544,9.4e-05,74.125.200.0-255,6149,18301,34,280730
35545,9.6e-05,172.31.33.0-255,66,18367,34,280730
35546,0.000103,74.125.200.0-255,7156,25523,34,280730
35547,0.000106,172.31.33.0-255,66,25589,34,280730
35548,0.000131,74.125.200.0-255,5379,30968,34,280730
35549,0.000133,172.31.33.0-255,66,31034,34,280730
35550,0.000208,74.125.200.0-255,1484,32518,34,280730
35551,0.000212,172.31.33.0-255,66,32584,34,280730
35552,0.000234,74.125.200.0-255,2902,35486,34,280730
35553,0.000236,172.31.33.0-255,66,35552,34,280730
35554,0.000241,74.125.200.0-255,4320,39872,34,280730
35555,0.000243,172.31.33.0-255,66,39938,34,280730
35556,0.000281,74.125.200.0-255,4320,44258,34,280730
35557,0.000283,172.31.33.0-255,66,44324,34,280730
35558,0.000302,74.125.200.0-255,3961,48285,34,280730
35559,0.000304,172.31.33.0-255,66,48351,34,280730
35560,0.000307,74.125.200.0-255,1484,49835,34,280730
35561,0.000309,172.31.33.0-255,66,49901,34,280730
35562,0.000326,74.125.200.0-255,4320,54221,34,280730
35563,0.000329,172.31.33.0-255,66,54287,34,280730
35564,0.000354,74.125.200.0-255,2902,57189,34,280730
35565,0.000356,172.31.33.0-255,66,57255,34,280730
35566,0.000363,74.125.200.0-255,5738,62993,34,280730
35567,0.000365,172.31.33.0-255,66,63059,34,280730
35568,0.000379,74.125.200.0-255,2816,65875,34,280730
35569,0.000381,172.31.33.0-255,66,65941,34,280730
35570,0.000392,74.125.200.0-255,132,66073,34,280730
35571,0.000507,74.125.200.0-255,1484,67557,34,280730
35572,0.000513,172.31.33.0-255,66,67623,34,280730
35573,0.000519,74.125.200.0-255,2902,70525,34,280730
35574,0.000521,172.31.33.0-255,66,70591,34,280730
35575,0.000537,74.125.200.0-255,2902,73493,34,280730
35576,0.00054,172.31.33.0-255,66,73559,34,280730
35577,0.000545,74.125.200.0-255,4320,77879,34,280730
35578,0.000548,172.31.33.0-255,66,77945,34,280730
35579,0.000582,172.31.33.0-255,66,78011,34,280730
35580,0.000592,74.125.200.0-255,1125,79136,34,280730
35581,0.000597,74.125.200.0-255,4320,83456,34,280730
35582,0.0006,172.31.33.0-255,66,83522,34,280730
35583,0.000664,172.31.33.0-255,66,83588,34,280730
35584,0.000696,172.31.33.0-255,66,83654,34,280730
35585,0.000702,74.125.200.0-255,4320,87974,34,280730
35586,0.000704,172.31.33.0-255,66,88040,34,280730
35587,0.000748,74.125.200.0-255,3961,92001,34,280730
35588,0.000751,172.31.33.0-255,66,92067,34,280730
35589,0.000848,74.125.200.0-255,1484,93551,34,280730
35590,0.000881,74.125.200.0-255,2902,96453,34,280730
35591,0.000886,172.31.33.0-255,66,96519,34,280730
35592,0.000892,74.125.200.0-255,4320,100839,34,280730
35593,0.000894,172.31.33.0-255,66,100905,34,280730
35594,0.000909,74.125.200.0-255,2902,103807,34,280730
35595,0.000911,172.31.33.0-255,66,103873,34,280730
35596,0.000941,74.125.200.0-255,2902,106775,34,280730
35597,0.000945,172.31.33.0-255,66,106841,34,280730
35598,0.000957,172.31.33.0-255,66,106907,34,280730
35599,0.001002,172.31.33.0-255,66,106973,34,280730
35600,0.00116,74.125.200.0-255,1484,108457,34,280730
35601,0.001168,74.125.200.0-255,2902,111359,34,280730
35602,0.001172,172.31.33.0-255,66,111425,34,280730
35603,0.001197,74.125.200.0-255,5738,117163,34,280730
35604,0.001201,172.31.33.0-255,66,117229,34,280730
35605,0.001208,74.125.200.0-255,7156,124385,34,280730
35606,0.00121,172.31.33.0-255,66,124451,34,280730
35607,0.00124,74.125.200.0-255,5738,130189,34,280730
35608,0.001244,172.31.33.0-255,66,130255,34,280730
35609,0.001273,172.31.33.0-255,66,130321,34,280730
35610,0.001277,74.125.200.0-255,2184,132505,34,280730
35611,0.001278,172.31.33.0-255,66,132571,34,280730
35612,0.001302,74.125.200.0-255,1484,134055,34,280730
35613,0.001305,74.125.200.0-255,1484,135539,34,280730
35614,0.001307,172.31.33.0-255,66,135605,34,280730
35615,0.001323,74.125.200.0-255,1484,137089,34,280730
35616,0.00133,74.125.200.0-255,5738,142827,34,280730
35617,0.001332,172.31.33.0-255,66,142893,34,280730
35618,0.001349,74.125.200.0-255,2902,145795,34,280730
35619,0.001351,172.31.33.0-255,66,145861,34,280730
35620,0.001371,74.125.200.0-255,7156,153017,34,280730
35621,0.001374,172.31.33.0-255,66,153083,34,280730
35622,0.00138,74.125.200.0-255,7156,160239,34,280730
35623,0.001382,172.31.33.0-255,66,160305,34,280730
35624,0.001402,74.125.200.0-255,4320,164625,34,280730
35625,0.001404,172.31.33.0-255,66,164691,34,280730
35626,0.001408,74.125.200.0-255,2184,166875,34,280730
35627,0.00141,172.31.33.0-255,66,166941,34,280730
35628,0.001433,74.125.200.0-255,2902,169843,34,280730
35629,0.001435,172.31.33.0-255,66,169909,34,280730
35630,0.001457,74.125.200.0-255,4320,174229,34,280730
35631,0.001459,172.31.33.0-255,66,174295,34,280730
35632,0.001462,74.125.200.0-255,1484,175779,34,280730
35633,0.00148,74.125.200.0-255,4320,180099,34,280730
35634,0.001483,172.31.33.0-255,66,180165,34,280730
35635,0.001494,74.125.200.0-255,2902,183067,34,280730
35636,0.001496,172.31.33.0-255,66,183133,34,280730
35637,0.00153,172.31.33.0-255,66,183199,34,280730
35638,0.001535,74.125.200.0-255,5738,188937,34,280730
35639,0.001537,172.31.33.0-255,66,189003,34,280730
35640,0.001556,74.125.200.0-255,3602,192605,34,280730
35641,0.001558,172.31.33.0-255,66,192671,34,280730
35642,0.001583,74.125.200.0-255,4320,196991,34,280730
35643,0.001585,172.31.33.0-255,66,197057,34,280730
35644,0.001601,74.125.200.0-255,1484,198541,34,280730
35645,0.001631,172.31.33.0-255,66,198607,34,280730
35646,0.001638,74.125.200.0-255,7156,205763,34,280730
35647,0.00164,172.31.33.0-255,66,205829,34,280730
35648,0.00166,74.125.200.0-255,4320,210149,34,280730
35649,0.001662,172.31.33.0-255,66,210215,34,280730
35650,0.001666,74.125.200.0-255,2902,213117,34,280730
35651,0.001668,172.31.33.0-255,66,213183,34,280730
35652,0.001693,74.125.200.0-255,5020,218203,34,280730
35653,0.001695,172.31.33.0-255,66,218269,34,280730
35654,0.00173,74.125.200.0-255,1484,219753,34,280730
35655,0.001733,74.125.200.0-255,1484,221237,34,280730
35656,0.001735,172.31.33.0-255,66,221303,34,280730
35657,0.00175,74.125.200.0-255,1484,222787,34,280730
35658,0.001754,74.125.200.0-255,2902,225689,34,280730
35659,0.001756,172.31.33.0-255,66,225755,34,280730
35660,0.001776,74.125.200.0-255,2902,228657,34,280730
35661,0.001778,172.31.33.0-255,66,228723,34,280730
35662,0.001812,74.125.200.0-255,4320,233043,34,280730
35663,0.001814,172.31.33.0-255,66,233109,34,280730
35664,0.001831,74.125.200.0-255,2902,236011,34,280730
35665,0.001833,172.31.33.0-255,66,236077,34,280730
35666,0.001846,172.31.33.0-255,66,236143,34,280730
35667,0.00185,74.125.200.0-255,2184,238327,34,280730
35668,0.001851,172.31.33.0-255,66,238393,34,280730
35669,0.001874,74.125.200.0-255,4320,242713,34,280730
35670,0.001876,172.31.33.0-255,66,242779,34,280730
35671,0.001894,74.125.200.0-255,5738,248517,34,280730
35672,0.001896,172.31.33.0-255,66,248583,34,280730
35673,0.001907,172.31.33.0-255,66,248649,34,280730
35674,0.00193,74.125.200.0-255,1484,250133,34,280730
35675,0.00194,172.31.33.0-255,66,250199,34,280730
35676,0.001966,74.125.200.0-255,3602,253801,34,280730
35677,0.001968,172.31.33.0-255,66,253867,34,280730
35678,0.001987,74.125.200.0-255,4320,258187,34,280730
35679,0.001989,172.31.33.0-255,66,258253,34,280730
35680,0.002017,172.31.33.0-255,66,258319,34,280730
35681,0.002022,74.125.200.0-255,4320,262639,34,280730
35682,0.002023,172.31.33.0-255,66,262705,34,280730
35683,0.002076,74.125.200.0-255,2902,265607,34,280730
35684,0.002078,172.31.33.0-255,66,265673,34,280730
35685,0.002101,172.31.33.0-255,66,265739,34,280730
35686,0.002144,74.125.200.0-255,7156,272895,34,280730
35687,0.002147,172.31.33.0-255,66,272961,34,280730
35688,0.002163,74.125.200.0-255,1484,274445,34,280730
35689,0.002166,74.125.200.0-255,1586,276031,34,280730
35690,0.002168,172.31.33.0-255,66,276097,34,280730
35691,0.002259,74.125.200.0-255,105,276202,34,280730
35692,0.01189,172.31.33.0-255,66,276268,34,280730
35693,0.011935,172.31.33.0-255,105,276373,34,280730
35694,0.01414,74.125.200.0-255,66,276439,34,280730
35695,0.033711,172.31.33.0-255,172,276611,34,280730
35696,0.033744,172.31.33.0-255,1113,277724,34,280730
35697,0.033799,172.31.33.0-255,1514,279238,34,280730
35698,0.0338,172.31.33.0-255,1294,280532,34,280730
35699,0.035235,104.244.42.0-255,66,280598,34,280730
35700,0.035295,104.244.42.0-255,66,280664,34,280730
35701,0.035298,104.244.42.0-255,66,280730,34,280730
35702,0.0,74.125.24.0-255,152,152,34,312547
35703,3.2e-05,172.31.33.0-255,66,218,34,312547
35704,3.8e-05,74.125.24.0-255,1484,1702,34,312547
35705,4.2e-05,172.31.33.0-255,66,1768,34,312547
35706,4.7e-05,74.125.24.0-255,2902,4670,34,312547
35707,5e-05,172.31.33.0-255,66,4736,34,312547
35708,5.6e-05,74.125.24.0-255,7156,11892,34,312547
35709,5.9e-05,172.31.33.0-255,66,11958,34,312547
35710,6.2e-05,74.125.24.0-255,1484,13442,34,312547
35711,6.4e-05,172.31.33.0-255,66,13508,34,312547
35712,0.000105,172.31.33.0-255,66,13574,34,312547
35713,0.000109,74.125.24.0-255,2543,16117,34,312547
35714,0.00011,172.31.33.0-255,66,16183,34,312547
35715,0.000134,74.125.24.0-255,2902,19085,34,312547
35716,0.000138,172.31.33.0-255,66,19151,34,312547
35717,0.000142,74.125.24.0-255,2902,22053,34,312547
35718,0.000144,172.31.33.0-255,66,22119,34,312547
35719,0.000156,74.125.24.0-255,1484,23603,34,312547
35720,0.000158,172.31.33.0-255,66,23669,34,312547
35721,0.000184,74.125.24.0-255,5738,29407,34,312547
35722,0.000187,172.31.33.0-255,66,29473,34,312547
35723,0.000203,74.125.24.0-255,4320,33793,34,312547
35724,0.000205,172.31.33.0-255,66,33859,34,312547
35725,0.000235,172.31.33.0-255,66,33925,34,312547
35726,0.000254,74.125.24.0-255,6737,40662,34,312547
35727,0.000256,172.31.33.0-255,66,40728,34,312547
35728,0.000975,74.125.24.0-255,127,40855,34,312547
35729,0.000981,172.31.33.0-255,66,40921,34,312547
35730,0.001001,74.125.24.0-255,1484,42405,34,312547
35731,0.001004,172.31.33.0-255,66,42471,34,312547
35732,0.001008,74.125.24.0-255,1484,43955,34,312547
35733,0.001022,74.125.24.0-255,1484,45439,34,312547
35734,0.001025,172.31.33.0-255,66,45505,34,312547
35735,0.00103,74.125.24.0-255,2902,48407,34,312547
35736,0.001032,172.31.33.0-255,66,48473,34,312547
35737,0.001051,74.125.24.0-255,2902,51375,34,312547
35738,0.001054,172.31.33.0-255,66,51441,34,312547
35739,0.001085,74.125.24.0-255,6499,57940,34,312547
35740,0.001089,172.31.33.0-255,66,58006,34,312547
35741,0.001178,74.125.24.0-255,1484,59490,34,312547
35742,0.001197,74.125.24.0-255,2902,62392,34,312547
35743,0.0012,172.31.33.0-255,66,62458,34,312547
35744,0.001207,74.125.24.0-255,5738,68196,34,312547
35745,0.001209,172.31.33.0-255,66,68262,34,312547
35746,0.001214,74.125.24.0-255,2902,71164,34,312547
35747,0.001216,172.31.33.0-255,66,71230,34,312547
35748,0.001242,74.125.24.0-255,7156,78386,34,312547
35749,0.001244,172.31.33.0-255,66,78452,34,312547
35750,0.001265,74.125.24.0-255,2902,81354,34,312547
35751,0.001267,172.31.33.0-255,66,81420,34,312547
35752,0.001273,74.125.24.0-255,5738,87158,34,312547
35753,0.001275,172.31.33.0-255,66,87224,34,312547
35754,0.00129,74.125.24.0-255,4320,91544,34,312547
35755,0.001292,172.31.33.0-255,66,91610,34,312547
35756,0.001313,74.125.24.0-255,766,92376,34,312547
35757,0.002045,74.125.24.0-255,1484,93860,34,312547
35758,0.00205,172.31.33.0-255,66,93926,34,312547
35759,0.002056,74.125.24.0-255,2902,96828,34,312547
35760,0.002057,172.31.33.0-255,66,96894,34,312547
35761,0.00206,74.125.24.0-255,1484,98378,34,312547
35762,0.002084,74.125.24.0-255,4320,102698,34,312547
35763,0.002087,172.31.33.0-255,66,102764,34,312547
35764,0.002125,74.125.24.0-255,2902,105666,34,312547
35765,0.002126,172.31.33.0-255,66,105732,34,312547
35766,0.002146,172.31.33.0-255,66,105798,34,312547
35767,0.002148,74.125.24.0-255,1484,107282,34,312547
35768,0.002152,74.125.24.0-255,2902,110184,34,312547
35769,0.002154,172.31.33.0-255,66,110250,34,312547
35770,0.002157,74.125.24.0-255,1484,111734,34,312547
35771,0.002185,74.125.24.0-255,1484,113218,34,312547
35772,0.002187,172.31.33.0-255,66,113284,34,312547
35773,0.002207,74.125.24.0-255,3602,116886,34,312547
35774,0.00221,172.31.33.0-255,66,116952,34,312547
35775,0.00223,74.125.24.0-255,5738,122690,34,312547
35776,0.002232,172.31.33.0-255,66,122756,34,312547
35777,0.002237,74.125.24.0-255,4320,127076,34,312547
35778,0.002239,172.31.33.0-255,66,127142,34,312547
35779,0.002275,172.31.33.0-255,66,127208,34,312547
35780,0.002281,74.125.24.0-255,5738,132946,34,312547
35781,0.002283,172.31.33.0-255,66,133012,34,312547
35782,0.002295,74.125.24.0-255,1484,134496,34,312547
35783,0.002315,74.125.24.0-255,5020,139516,34,312547
35784,0.002317,172.31.33.0-255,66,139582,34,312547
35785,0.002348,74.125.24.0-255,1484,141066,34,312547
35786,0.002369,74.125.24.0-255,7156,148222,34,312547
35787,0.002372,172.31.33.0-255,66,148288,34,312547
35788,0.002377,74.125.24.0-255,4320,152608,34,312547
35789,0.002379,172.31.33.0-255,66,152674,34,312547
35790,0.002395,74.125.24.0-255,5738,158412,34,312547
35791,0.002397,172.31.33.0-255,66,158478,34,312547
35792,0.0024,74.125.24.0-255,1484,159962,34,312547
35793,0.002405,74.125.24.0-255,5738,165700,34,312547
35794,0.002407,172.31.33.0-255,66,165766,34,312547
35795,0.00243,74.125.24.0-255,7156,172922,34,312547
35796,0.002433,172.31.33.0-255,66,172988,34,312547
35797,0.002435,74.125.24.0-255,766,173754,34,312547
35798,0.002576,74.125.24.0-255,1484,175238,34,312547
35799,0.002579,172.31.33.0-255,66,175304,34,312547
35800,0.002592,74.125.24.0-255,2902,178206,34,312547
35801,0.002594,172.31.33.0-255,66,178272,34,312547
35802,0.002597,74.125.24.0-255,1484,179756,34,312547
35803,0.002617,74.125.24.0-255,4320,184076,34,312547
35804,0.002619,172.31.33.0-255,66,184142,34,312547
35805,0.002625,74.125.24.0-255,7156,191298,34,312547
35806,0.002627,172.31.33.0-255,66,191364,34,312547
35807,0.00265,74.125.24.0-255,5738,197102,34,312547
35808,0.002653,172.31.33.0-255,66,197168,34,312547
35809,0.002663,172.31.33.0-255,66,197234,34,312547
35810,0.002692,74.125.24.0-255,2184,199418,34,312547
35811,0.002695,172.31.33.0-255,66,199484,34,312547
35812,0.002751,74.125.24.0-255,1484,200968,34,312547
35813,0.002754,74.125.24.0-255,1484,202452,34,312547
35814,0.002756,172.31.33.0-255,66,202518,34,312547
35815,0.00277,74.125.24.0-255,1484,204002,34,312547
35816,0.002773,74.125.24.0-255,1484,205486,34,312547
35817,0.002775,172.31.33.0-255,66,205552,34,312547
35818,0.002794,74.125.24.0-255,4320,209872,34,312547
35819,0.002797,172.31.33.0-255,66,209938,34,312547
35820,0.002802,74.125.24.0-255,5738,215676,34,312547
35821,0.002805,172.31.33.0-255,66,215742,34,312547
35822,0.002807,74.125.24.0-255,1484,217226,34,312547
35823,0.00284,172.31.33.0-255,66,217292,34,312547
35824,0.002845,74.125.24.0-255,5020,222312,34,312547
35825,0.002848,172.31.33.0-255,66,222378,34,312547
35826,0.003162,74.125.24.0-255,1484,223862,34,312547
35827,0.003189,74.125.24.0-255,2902,226764,34,312547
35828,0.003192,172.31.33.0-255,66,226830,34,312547
35829,0.003195,74.125.24.0-255,1484,228314,34,312547
35830,0.003205,74.125.24.0-255,1484,229798,34,312547
35831,0.003207,172.31.33.0-255,66,229864,34,312547
35832,0.003247,74.125.24.0-255,2902,232766,34,312547
35833,0.003249,172.31.33.0-255,66,232832,34,312547
35834,0.003275,74.125.24.0-255,2902,235734,34,312547
35835,0.003277,172.31.33.0-255,66,235800,34,312547
35836,0.003297,74.125.24.0-255,1484,237284,34,312547
35837,0.003307,172.31.33.0-255,66,237350,34,312547
35838,0.00331,74.125.24.0-255,1484,238834,34,312547
35839,0.003329,74.125.24.0-255,2902,241736,34,312547
35840,0.003332,172.31.33.0-255,66,241802,34,312547
35841,0.003372,74.125.24.0-255,4320,246122,34,312547
35842,0.003375,172.31.33.0-255,66,246188,34,312547
35843,0.003391,74.125.24.0-255,1484,247672,34,312547
35844,0.003394,74.125.24.0-255,766,248438,34,312547
35845,0.003396,172.31.33.0-255,66,248504,34,312547
35846,0.003496,74.125.24.0-255,1484,249988,34,312547
35847,0.003499,74.125.24.0-255,1484,251472,34,312547
35848,0.003501,172.31.33.0-255,66,251538,34,312547
35849,0.003518,74.125.24.0-255,1484,253022,34,312547
35850,0.003524,74.125.24.0-255,5738,258760,34,312547
35851,0.003527,172.31.33.0-255,66,258826,34,312547
35852,0.003542,74.125.24.0-255,1484,260310,34,312547
35853,0.003559,74.125.24.0-255,7156,267466,34,312547
35854,0.003561,172.31.33.0-255,66,267532,34,312547
35855,0.003581,74.125.24.0-255,4320,271852,34,312547
35856,0.003584,172.31.33.0-255,66,271918,34,312547
35857,0.003607,74.125.24.0-255,2902,274820,34,312547
35858,0.003609,172.31.33.0-255,66,274886,34,312547
35859,0.003633,172.31.33.0-255,66,274952,34,312547
35860,0.003805,74.125.24.0-255,1484,276436,34,312547
35861,0.003826,74.125.24.0-255,2902,279338,34,312547
35862,0.003828,172.31.33.0-255,66,279404,34,312547
35863,0.003832,74.125.24.0-255,2902,282306,34,312547
35864,0.003834,172.31.33.0-255,66,282372,34,312547
35865,0.00385,74.125.24.0-255,2902,285274,34,312547
35866,0.003852,172.31.33.0-255,66,285340,34,312547
35867,0.003858,74.125.24.0-255,5738,291078,34,312547
35868,0.00386,172.31.33.0-255,66,291144,34,312547
35869,0.003883,74.125.24.0-255,4320,295464,34,312547
35870,0.003885,172.31.33.0-255,66,295530,34,312547
35871,0.003896,172.31.33.0-255,66,295596,34,312547
35872,0.0039,74.125.24.0-255,2184,297780,34,312547
35873,0.003902,172.31.33.0-255,66,297846,34,312547
35874,0.003988,74.125.24.0-255,1484,299330,34,312547
35875,0.004002,74.125.24.0-255,1484,300814,34,312547
35876,0.004005,172.31.33.0-255,66,300880,34,312547
35877,0.004015,74.125.24.0-255,1484,302364,34,312547
35878,0.004017,74.125.24.0-255,1484,303848,34,312547
35879,0.004019,172.31.33.0-255,66,303914,34,312547
35880,0.004039,74.125.24.0-255,3760,307674,34,312547
35881,0.004042,172.31.33.0-255,66,307740,34,312547
35882,0.004077,74.125.24.0-255,105,307845,34,312547
35883,0.013288,172.31.33.0-255,66,307911,34,312547
35884,0.013321,172.31.33.0-255,105,308016,34,312547
35885,0.015277,74.125.24.0-255,66,308082,34,312547
35886,0.037518,172.31.33.0-255,172,308254,34,312547
35887,0.037546,172.31.33.0-255,1112,309366,34,312547
35888,0.037595,172.31.33.0-255,1514,310880,34,312547
35889,0.037623,172.31.33.0-255,1295,312175,34,312547
35890,0.0391,104.244.42.0-255,66,312241,34,312547
35891,0.039107,104.244.42.0-255,66,312307,34,312547
35892,0.039182,104.244.42.0-255,66,312373,34,312547
35893,0.039879,104.244.42.0-255,108,312481,34,312547
35894,0.039898,172.31.33.0-255,66,312547,34,312547
35895,0.0,74.125.68.0-255,153,153,34,382922
35896,2e-05,172.31.33.0-255,66,219,34,382922
35897,3.3e-05,74.125.68.0-255,1484,1703,34,382922
35898,3.7e-05,172.31.33.0-255,66,1769,34,382922
35899,6e-05,74.125.68.0-255,2902,4671,34,382922
35900,6.2e-05,172.31.33.0-255,66,4737,34,382922
35901,9.4e-05,74.125.68.0-255,1484,6221,34,382922
35902,9.6e-05,172.31.33.0-255,66,6287,34,382922
35903,0.000108,74.125.68.0-255,2902,9189,34,382922
35904,0.00011,172.31.33.0-255,66,9255,34,382922
35905,0.000128,74.125.68.0-255,1484,10739,34,382922
35906,0.00013,172.31.33.0-255,66,10805,34,382922
35907,0.000146,74.125.68.0-255,3408,14213,34,382922
35908,0.00015,172.31.33.0-255,66,14279,34,382922
35909,0.000168,74.125.68.0-255,5738,20017,34,382922
35910,0.00017,172.31.33.0-255,66,20083,34,382922
35911,0.000173,74.125.68.0-255,1484,21567,34,382922
35912,0.000175,172.31.33.0-255,66,21633,34,382922
35913,0.000193,74.125.68.0-255,2902,24535,34,382922
35914,0.000195,172.31.33.0-255,66,24601,34,382922
35915,0.000214,74.125.68.0-255,1484,26085,34,382922
35916,0.000216,172.31.33.0-255,66,26151,34,382922
35917,0.00023,74.125.68.0-255,4320,30471,34,382922
35918,0.000232,172.31.33.0-255,66,30537,34,382922
35919,0.000235,74.125.68.0-255,1125,31662,34,382922
35920,0.000236,172.31.33.0-255,66,31728,34,382922
35921,0.000331,74.125.68.0-255,1484,33212,34,382922
35922,0.000334,172.31.33.0-255,66,33278,34,382922
35923,0.000338,74.125.68.0-255,1484,34762,34,382922
35924,0.00034,172.31.33.0-255,66,34828,34,382922
35925,0.000351,74.125.68.0-255,1484,36312,34,382922
35926,0.000353,172.31.33.0-255,66,36378,34,382922
35927,0.000371,74.125.68.0-255,5738,42116,34,382922
35928,0.000374,172.31.33.0-255,66,42182,34,382922
35929,0.000378,74.125.68.0-255,2902,45084,34,382922
35930,0.00038,172.31.33.0-255,66,45150,34,382922
35931,0.000404,74.125.68.0-255,2902,48052,34,382922
35932,0.000406,172.31.33.0-255,66,48118,34,382922
35933,0.000432,74.125.68.0-255,7156,55274,34,382922
35934,0.000434,172.31.33.0-255,66,55340,34,382922
35935,0.00044,74.125.68.0-255,7156,62496,34,382922
35936,0.000442,172.31.33.0-255,66,62562,34,382922
35937,0.00048,74.125.68.0-255,3934,66496,34,382922
35938,0.000483,172.31.33.0-255,66,66562,34,382922
35939,0.000501,74.125.68.0-255,115,66677,34,382922
35940,0.000567,74.125.68.0-255,1484,68161,34,382922
35941,0.00057,172.31.33.0-255,66,68227,34,382922
35942,0.000574,74.125.68.0-255,1484,69711,34,382922
35943,0.000585,74.125.68.0-255,1484,71195,34,382922
35944,0.000587,172.31.33.0-255,66,71261,34,382922
35945,0.000597,74.125.68.0-255,1484,72745,34,382922
35946,0.00061,74.125.68.0-255,5738,78483,34,382922
35947,0.000612,172.31.33.0-255,66,78549,34,382922
35948,0.000629,74.125.68.0-255,1484,80033,34,382922
35949,0.000649,74.125.68.0-255,7156,87189,34,382922
35950,0.000653,172.31.33.0-255,66,87255,34,382922
35951,0.000654,74.125.68.0-255,5738,92993,34,382922
35952,0.000657,172.31.33.0-255,66,93059,34,382922
35953,0.000676,74.125.68.0-255,4320,97379,34,382922
35954,0.000678,172.31.33.0-255,66,97445,34,382922
35955,0.000683,74.125.68.0-255,3283,100728,34,382922
35956,0.000685,172.31.33.0-255,66,100794,34,382922
35957,0.000823,74.125.68.0-255,1484,102278,34,382922
35958,0.000838,74.125.68.0-255,2902,105180,34,382922
35959,0.000841,172.31.33.0-255,66,105246,34,382922
35960,0.00087,74.125.68.0-255,4320,109566,34,382922
35961,0.000873,172.31.33.0-255,66,109632,34,382922
35962,0.000886,74.125.68.0-255,1484,111116,34,382922
35963,0.000889,74.125.68.0-255,1484,112600,34,382922
35964,0.000891,172.31.33.0-255,66,112666,34,382922
35965,0.000895,74.125.68.0-255,2902,115568,34,382922
35966,0.000898,172.31.33.0-255,66,115634,34,382922
35967,0.000918,74.125.68.0-255,5738,121372,34,382922
35968,0.00092,172.31.33.0-255,66,121438,34,382922
35969,0.000934,74.125.68.0-255,4320,125758,34,382922
35970,0.000936,172.31.33.0-255,66,125824,34,382922
35971,0.000953,74.125.68.0-255,4320,130144,34,382922
35972,0.000956,172.31.33.0-255,66,130210,34,382922
35973,0.000993,74.125.68.0-255,5020,135230,34,382922
35974,0.000996,172.31.33.0-255,66,135296,34,382922
35975,0.00116,74.125.68.0-255,1484,136780,34,382922
35976,0.001177,74.125.68.0-255,2902,139682,34,382922
35977,0.00118,172.31.33.0-255,66,139748,34,382922
35978,0.001224,74.125.68.0-255,2902,142650,34,382922
35979,0.001226,172.31.33.0-255,66,142716,34,382922
35980,0.001243,74.125.68.0-255,1484,144200,34,382922
35981,0.001246,74.125.68.0-255,1484,145684,34,382922
35982,0.001248,172.31.33.0-255,66,145750,34,382922
35983,0.001253,74.125.68.0-255,2902,148652,34,382922
35984,0.001254,172.31.33.0-255,66,148718,34,382922
35985,0.001282,74.125.68.0-255,2902,151620,34,382922
35986,0.001284,172.31.33.0-255,66,151686,34,382922
35987,0.001306,74.125.68.0-255,1484,153170,34,382922
35988,0.001322,74.125.68.0-255,2902,156072,34,382922
35989,0.001325,172.31.33.0-255,66,156138,34,382922
35990,0.00133,74.125.68.0-255,2902,159040,34,382922
35991,0.001331,172.31.33.0-255,66,159106,34,382922
35992,0.001351,74.125.68.0-255,5738,164844,34,382922
35993,0.001354,172.31.33.0-255,66,164910,34,382922
35994,0.001384,74.125.68.0-255,2902,167812,34,382922
35995,0.001387,172.31.33.0-255,66,167878,34,382922
35996,0.001405,74.125.68.0-255,2184,170062,34,382922
35997,0.001407,172.31.33.0-255,66,170128,34,382922
35998,0.001608,74.125.68.0-255,1484,171612,34,382922
35999,0.001621,74.125.68.0-255,2902,174514,34,382922
36000,0.001624,172.31.33.0-255,66,174580,34,382922
36001,0.001648,74.125.68.0-255,1484,176064,34,382922
36002,0.001659,74.125.68.0-255,2902,178966,34,382922
36003,0.001662,172.31.33.0-255,66,179032,34,382922
36004,0.001692,74.125.68.0-255,5738,184770,34,382922
36005,0.001695,172.31.33.0-255,66,184836,34,382922
36006,0.0017,74.125.68.0-255,2902,187738,34,382922
36007,0.001702,172.31.33.0-255,66,187804,34,382922
36008,0.001717,74.125.68.0-255,4320,192124,34,382922
36009,0.001719,172.31.33.0-255,66,192190,34,382922
36010,0.001748,74.125.68.0-255,4320,196510,34,382922
36011,0.00175,172.31.33.0-255,66,196576,34,382922
36012,0.001766,74.125.68.0-255,2902,199478,34,382922
36013,0.001768,172.31.33.0-255,66,199544,34,382922
36014,0.001783,74.125.68.0-255,2902,202446,34,382922
36015,0.001785,172.31.33.0-255,66,202512,34,382922
36016,0.001789,74.125.68.0-255,2184,204696,34,382922
36017,0.001791,172.31.33.0-255,66,204762,34,382922
36018,0.001929,74.125.68.0-255,1484,206246,34,382922
36019,0.001943,74.125.68.0-255,2902,209148,34,382922
36020,0.001946,172.31.33.0-255,66,209214,34,382922
36021,0.00198,74.125.68.0-255,5738,214952,34,382922
36022,0.001981,172.31.33.0-255,66,215018,34,382922
36023,0.002001,74.125.68.0-255,5738,220756,34,382922
36024,0.002003,172.31.33.0-255,66,220822,34,382922
36025,0.002014,74.125.68.0-255,2902,223724,34,382922
36026,0.002015,172.31.33.0-255,66,223790,34,382922
36027,0.00204,74.125.68.0-255,4320,228110,34,382922
36028,0.002042,172.31.33.0-255,66,228176,34,382922
36029,0.002047,74.125.68.0-255,4320,232496,34,382922
36030,0.002048,172.31.33.0-255,66,232562,34,382922
36031,0.002051,74.125.68.0-255,1484,234046,34,382922
36032,0.002076,74.125.68.0-255,5020,239066,34,382922
36033,0.002078,172.31.33.0-255,66,239132,34,382922
36034,0.002115,74.125.68.0-255,1484,240616,34,382922
36035,0.00213,74.125.68.0-255,2902,243518,34,382922
36036,0.002132,172.31.33.0-255,66,243584,34,382922
36037,0.002134,74.125.68.0-255,1484,245068,34,382922
36038,0.002155,74.125.68.0-255,2902,247970,34,382922
36039,0.002157,172.31.33.0-255,66,248036,34,382922
36040,0.002178,74.125.68.0-255,2902,250938,34,382922
36041,0.00218,172.31.33.0-255,66,251004,34,382922
36042,0.002183,74.125.68.0-255,1484,252488,34,382922
36043,0.002194,74.125.68.0-255,2902,255390,34,382922
36044,0.002196,172.31.33.0-255,66,255456,34,382922
36045,0.002212,74.125.68.0-255,2902,258358,34,382922
36046,0.002213,172.31.33.0-255,66,258424,34,382922
36047,0.002218,74.125.68.0-255,5738,264162,34,382922
36048,0.00222,172.31.33.0-255,66,264228,34,382922
36049,0.002224,74.125.68.0-255,2902,267130,34,382922
36050,0.002225,172.31.33.0-255,66,267196,34,382922
36051,0.002245,74.125.68.0-255,1484,268680,34,382922
36052,0.002249,74.125.68.0-255,4320,273000,34,382922
36053,0.002251,172.31.33.0-255,66,273066,34,382922
36054,0.002275,74.125.68.0-255,4320,277386,34,382922
36055,0.002277,172.31.33.0-255,66,277452,34,382922
36056,0.002292,74.125.68.0-255,2184,279636,34,382922
36057,0.002294,172.31.33.0-255,66,279702,34,382922
36058,0.002298,74.125.68.0-255,4320,284022,34,382922
36059,0.002301,172.31.33.0-255,66,284088,34,382922
36060,0.002303,74.125.68.0-255,1484,285572,34,382922
36061,0.002324,74.125.68.0-255,4320,289892,34,382922
36062,0.002326,172.31.33.0-255,66,289958,34,382922
36063,0.002376,172.31.33.0-255,66,290024,34,382922
36064,0.002378,74.125.68.0-255,1484,291508,34,382922
36065,0.002381,74.125.68.0-255,2902,294410,34,382922
36066,0.002383,172.31.33.0-255,66,294476,34,382922
36067,0.002386,74.125.68.0-255,3602,298078,34,382922
36068,0.002388,172.31.33.0-255,66,298144,34,382922
36069,0.002417,74.125.68.0-255,4320,302464,34,382922
36070,0.002419,172.31.33.0-255,66,302530,34,382922
36071,0.002421,74.125.68.0-255,1484,304014,34,382922
36072,0.002436,74.125.68.0-255,1484,305498,34,382922
36073,0.002438,172.31.33.0-255,66,305564,34,382922
36074,0.00244,74.125.68.0-255,1484,307048,34,382922
36075,0.002442,74.125.68.0-255,1484,308532,34,382922
36076,0.002444,172.31.33.0-255,66,308598,34,382922
36077,0.002462,74.125.68.0-255,4320,312918,34,382922
36078,0.002464,172.31.33.0-255,66,312984,34,382922
36079,0.002479,74.125.68.0-255,4320,317304,34,382922
36080,0.002481,172.31.33.0-255,66,317370,34,382922
36081,0.002483,74.125.68.0-255,1484,318854,34,382922
36082,0.002485,74.125.68.0-255,1484,320338,34,382922
36083,0.002487,172.31.33.0-255,66,320404,34,382922
36084,0.00252,74.125.68.0-255,7156,327560,34,382922
36085,0.002522,172.31.33.0-255,66,327626,34,382922
36086,0.002526,74.125.68.0-255,4320,331946,34,382922
36087,0.002528,172.31.33.0-255,66,332012,34,382922
36088,0.002539,74.125.68.0-255,766,332778,34,382922
36089,0.002953,74.125.68.0-255,1484,334262,34,382922
36090,0.002956,172.31.33.0-255,66,334328,34,382922
36091,0.002974,74.125.68.0-255,2902,337230,34,382922
36092,0.002976,172.31.33.0-255,66,337296,34,382922
36093,0.002994,74.125.68.0-255,4320,341616,34,382922
36094,0.002996,172.31.33.0-255,66,341682,34,382922
36095,0.002998,74.125.68.0-255,1484,343166,34,382922
36096,0.003018,74.125.68.0-255,4320,347486,34,382922
36097,0.00302,172.31.33.0-255,66,347552,34,382922
36098,0.00303,74.125.68.0-255,2902,350454,34,382922
36099,0.003031,172.31.33.0-255,66,350520,34,382922
36100,0.003036,74.125.68.0-255,4320,354840,34,382922
36101,0.003038,172.31.33.0-255,66,354906,34,382922
36102,0.003048,74.125.68.0-255,1484,356390,34,382922
36103,0.00305,74.125.68.0-255,1484,357874,34,382922
36104,0.003052,172.31.33.0-255,66,357940,34,382922
36105,0.003069,74.125.68.0-255,2902,360842,34,382922
36106,0.003071,172.31.33.0-255,66,360908,34,382922
36107,0.003073,74.125.68.0-255,1484,362392,34,382922
36108,0.003093,74.125.68.0-255,4320,366712,34,382922
36109,0.003095,172.31.33.0-255,66,366778,34,382922
36110,0.003097,74.125.68.0-255,766,367544,34,382922
36111,0.003108,74.125.68.0-255,1484,369028,34,382922
36112,0.00311,172.31.33.0-255,66,369094,34,382922
36113,0.00313,74.125.68.0-255,4320,373414,34,382922
36114,0.003132,172.31.33.0-255,66,373480,34,382922
36115,0.003151,74.125.68.0-255,1484,374964,34,382922
36116,0.003175,172.31.33.0-255,66,375030,34,382922
36117,0.003178,74.125.68.0-255,1484,376514,34,382922
36118,0.003199,172.31.33.0-255,66,376580,34,382922
36119,0.003203,74.125.68.0-255,1542,378122,34,382922
36120,0.003204,172.31.33.0-255,66,378188,34,382922
36121,0.003244,74.125.68.0-255,105,378293,34,382922
36122,0.011817,172.31.33.0-255,101,378394,34,382922
36123,0.012092,172.31.33.0-255,105,378499,34,382922
36124,0.013819,74.125.68.0-255,66,378565,34,382922
36125,0.014073,74.125.68.0-255,66,378631,34,382922
36126,0.036371,172.31.33.0-255,172,378803,34,382922
36127,0.0364,172.31.33.0-255,1112,379915,34,382922
36128,0.036445,172.31.33.0-255,1514,381429,34,382922
36129,0.036447,172.31.33.0-255,1295,382724,34,382922
36130,0.037918,104.244.42.0-255,66,382790,34,382922
36131,0.037936,104.244.42.0-255,66,382856,34,382922
36132,0.038009,104.244.42.0-255,66,382922,34,382922
36133,0.0,172.217.27.0-255,153,153,34,227737
36134,1.3e-05,172.31.33.0-255,66,219,34,227737
36135,4.9e-05,172.217.27.0-255,1484,1703,34,227737
36136,5.3e-05,172.31.33.0-255,66,1769,34,227737
36137,5.8e-05,172.217.27.0-255,2902,4671,34,227737
36138,6.1e-05,172.31.33.0-255,66,4737,34,227737
36139,7e-05,172.217.27.0-255,4320,9057,34,227737
36140,7.3e-05,172.31.33.0-255,66,9123,34,227737
36141,8.4e-05,172.31.33.0-255,66,9189,34,227737
36142,8.9e-05,172.217.27.0-255,2902,12091,34,227737
36143,9.1e-05,172.31.33.0-255,66,12157,34,227737
36144,0.000122,172.217.27.0-255,1484,13641,34,227737
36145,0.000123,172.31.33.0-255,66,13707,34,227737
36146,0.000153,172.31.33.0-255,66,13773,34,227737
36147,0.000391,172.217.27.0-255,1484,15257,34,227737
36148,0.000394,172.217.27.0-255,1484,16741,34,227737
36149,0.000399,172.31.33.0-255,66,16807,34,227737
36150,0.000402,172.31.33.0-255,66,16873,34,227737
36151,0.000409,172.217.27.0-255,1484,18357,34,227737
36152,0.000412,172.31.33.0-255,66,18423,34,227737
36153,0.000421,172.217.27.0-255,5738,24161,34,227737
36154,0.000423,172.31.33.0-255,66,24227,34,227737
36155,0.000464,172.217.27.0-255,7156,31383,34,227737
36156,0.000467,172.31.33.0-255,66,31449,34,227737
36157,0.000496,172.217.27.0-255,5379,36828,34,227737
36158,0.000499,172.31.33.0-255,66,36894,34,227737
36159,0.000502,172.217.27.0-255,2902,39796,34,227737
36160,0.000504,172.31.33.0-255,66,39862,34,227737
36161,0.000534,172.31.33.0-255,66,39928,34,227737
36162,0.001133,172.217.27.0-255,116,40044,34,227737
36163,0.001276,172.217.27.0-255,1484,41528,34,227737
36164,0.001281,172.31.33.0-255,66,41594,34,227737
36165,0.001288,172.217.27.0-255,2902,44496,34,227737
36166,0.001289,172.31.33.0-255,66,44562,34,227737
36167,0.001319,172.217.27.0-255,4320,48882,34,227737
36168,0.001321,172.31.33.0-255,66,48948,34,227737
36169,0.001324,172.217.27.0-255,1484,50432,34,227737
36170,0.001348,172.217.27.0-255,4320,54752,34,227737
36171,0.00135,172.31.33.0-255,66,54818,34,227737
36172,0.00136,172.217.27.0-255,1484,56302,34,227737
36173,0.001376,172.217.27.0-255,4320,60622,34,227737
36174,0.001377,172.31.33.0-255,66,60688,34,227737
36175,0.001404,172.217.27.0-255,6797,67485,34,227737
36176,0.001406,172.31.33.0-255,66,67551,34,227737
36177,0.001413,172.217.27.0-255,6797,74348,34,227737
36178,0.001415,172.31.33.0-255,66,74414,34,227737
36179,0.001819,172.217.27.0-255,1484,75898,34,227737
36180,0.001827,172.217.27.0-255,2902,78800,34,227737
36181,0.00183,172.31.33.0-255,66,78866,34,227737
36182,0.001836,172.217.27.0-255,2902,81768,34,227737
36183,0.001837,172.31.33.0-255,66,81834,34,227737
36184,0.001866,172.217.27.0-255,2902,84736,34,227737
36185,0.001868,172.31.33.0-255,66,84802,34,227737
36186,0.001875,172.217.27.0-255,7156,91958,34,227737
36187,0.001898,172.217.27.0-255,4320,96278,34,227737
36188,0.001921,172.217.27.0-255,2184,98462,34,227737
36189,0.001998,172.217.27.0-255,1484,99946,34,227737
36190,0.002015,172.217.27.0-255,2902,102848,34,227737
36191,0.00203,172.217.27.0-255,2902,105750,34,227737
36192,0.002082,172.217.27.0-255,5738,111488,34,227737
36193,0.002104,172.217.27.0-255,4320,115808,34,227737
36194,0.002108,172.217.27.0-255,2902,118710,34,227737
36195,0.002124,172.217.27.0-255,3602,122312,34,227737
36196,0.002511,172.217.27.0-255,1484,123796,34,227737
36197,0.002514,172.217.27.0-255,1484,125280,34,227737
36198,0.00253,172.217.27.0-255,1484,126764,34,227737
36199,0.002539,172.217.27.0-255,1484,128248,34,227737
36200,0.002545,172.217.27.0-255,5738,133986,34,227737
36201,0.002575,172.217.27.0-255,1484,135470,34,227737
36202,0.002592,172.217.27.0-255,5738,141208,34,227737
36203,0.002624,172.217.27.0-255,2184,143392,34,227737
36204,0.002847,172.217.27.0-255,1484,144876,34,227737
36205,0.00285,172.217.27.0-255,1484,146360,34,227737
36206,0.002862,172.217.27.0-255,1484,147844,34,227737
36207,0.002875,172.217.27.0-255,5738,153582,34,227737
36208,0.002883,172.217.27.0-255,1484,155066,34,227737
36209,0.002895,172.217.27.0-255,1484,156550,34,227737
36210,0.002898,172.217.27.0-255,1484,158034,34,227737
36211,0.002912,172.217.27.0-255,2902,160936,34,227737
36212,0.002921,172.217.27.0-255,1484,162420,34,227737
36213,0.00295,172.217.27.0-255,1484,163904,34,227737
36214,0.002953,172.217.27.0-255,1484,165388,34,227737
36215,0.002955,172.217.27.0-255,1484,166872,34,227737
36216,0.00297,172.217.27.0-255,2184,169056,34,227737
36217,0.003001,172.217.27.0-255,4320,173376,34,227737
36218,0.003021,172.217.27.0-255,5738,179114,34,227737
36219,0.003024,172.217.27.0-255,2902,182016,34,227737
36220,0.003047,172.217.27.0-255,1484,183500,34,227737
36221,0.003072,172.217.27.0-255,4320,187820,34,227737
36222,0.003091,172.217.27.0-255,5738,193558,34,227737
36223,0.003103,172.217.27.0-255,2902,196460,34,227737
36224,0.003158,172.217.27.0-255,2902,199362,34,227737
36225,0.003173,172.217.27.0-255,4320,203682,34,227737
36226,0.003194,172.217.27.0-255,7156,210838,34,227737
36227,0.003209,172.217.27.0-255,1484,212322,34,227737
36228,0.003226,172.217.27.0-255,6438,218760,34,227737
36229,0.003331,172.217.27.0-255,2184,220944,34,227737
36230,0.003348,172.217.27.0-255,2160,223104,34,227737
36231,0.003362,172.217.27.0-255,105,223209,34,227737
36232,0.005582,172.31.33.0-255,66,223275,34,227737
36233,0.007942,172.31.33.0-255,105,223380,34,227737
36234,0.00953,172.217.27.0-255,66,223446,34,227737
36235,0.02683,172.31.33.0-255,172,223618,34,227737
36236,0.026862,172.31.33.0-255,1112,224730,34,227737
36237,0.026918,172.31.33.0-255,1514,226244,34,227737
36238,0.026919,172.31.33.0-255,1295,227539,34,227737
36239,0.028369,104.244.42.0-255,66,227605,34,227737
36240,0.02841,104.244.42.0-255,66,227671,34,227737
36241,0.028467,104.244.42.0-255,66,227737,34,227737
36242,0.0,172.253.118.0-255,146,146,34,235845
36243,1.3e-05,172.31.33.0-255,66,212,34,235845
36244,3.4e-05,172.253.118.0-255,1484,1696,34,235845
36245,3.8e-05,172.31.33.0-255,66,1762,34,235845
36246,5.6e-05,172.253.118.0-255,1484,3246,34,235845
36247,5.8e-05,172.31.33.0-255,66,3312,34,235845
36248,8.1e-05,172.253.118.0-255,2902,6214,34,235845
36249,8.3e-05,172.31.33.0-255,66,6280,34,235845
36250,8.9e-05,172.253.118.0-255,5738,12018,34,235845
36251,9.2e-05,172.31.33.0-255,66,12084,34,235845
36252,0.000105,172.253.118.0-255,2030,14114,34,235845
36253,0.000107,172.31.33.0-255,66,14180,34,235845
36254,0.000161,172.253.118.0-255,1484,15664,34,235845
36255,0.000163,172.31.33.0-255,66,15730,34,235845
36256,0.000168,172.253.118.0-255,2902,18632,34,235845
36257,0.00017,172.31.33.0-255,66,18698,34,235845
36258,0.000173,172.253.118.0-255,1484,20182,34,235845
36259,0.000174,172.31.33.0-255,66,20248,34,235845
36260,0.000189,172.253.118.0-255,4320,24568,34,235845
36261,0.000192,172.31.33.0-255,66,24634,34,235845
36262,0.000221,172.253.118.0-255,2902,27536,34,235845
36263,0.000223,172.31.33.0-255,66,27602,34,235845
36264,0.000242,172.253.118.0-255,3961,31563,34,235845
36265,0.000245,172.31.33.0-255,66,31629,34,235845
36266,0.000353,172.253.118.0-255,1484,33113,34,235845
36267,0.000356,172.31.33.0-255,66,33179,34,235845
36268,0.000361,172.253.118.0-255,2902,36081,34,235845
36269,0.000363,172.31.33.0-255,66,36147,34,235845
36270,0.000375,172.253.118.0-255,2902,39049,34,235845
36271,0.000377,172.31.33.0-255,66,39115,34,235845
36272,0.000389,172.253.118.0-255,2902,42017,34,235845
36273,0.000391,172.31.33.0-255,66,42083,34,235845
36274,0.000411,172.253.118.0-255,2902,44985,34,235845
36275,0.000413,172.31.33.0-255,66,45051,34,235845
36276,0.000434,172.253.118.0-255,3961,49012,34,235845
36277,0.000436,172.31.33.0-255,66,49078,34,235845
36278,0.000441,172.253.118.0-255,4320,53398,34,235845
36279,0.000443,172.31.33.0-255,66,53464,34,235845
36280,0.000458,172.253.118.0-255,2902,56366,34,235845
36281,0.00046,172.31.33.0-255,66,56432,34,235845
36282,0.000463,172.253.118.0-255,1484,57916,34,235845
36283,0.000486,172.31.33.0-255,66,57982,34,235845
36284,0.0005,172.253.118.0-255,415,58397,34,235845
36285,0.00072,172.253.118.0-255,1484,59881,34,235845
36286,0.000723,172.31.33.0-255,66,59947,34,235845
36287,0.000727,172.253.118.0-255,1484,61431,34,235845
36288,0.000736,172.253.118.0-255,1484,62915,34,235845
36289,0.000739,172.31.33.0-255,66,62981,34,235845
36290,0.000742,172.253.118.0-255,1484,64465,34,235845
36291,0.000766,172.253.118.0-255,4320,68785,34,235845
36292,0.000769,172.31.33.0-255,66,68851,34,235845
36293,0.000774,172.253.118.0-255,4320,73171,34,235845
36294,0.000776,172.31.33.0-255,66,73237,34,235845
36295,0.00078,172.253.118.0-255,2902,76139,34,235845
36296,0.000782,172.31.33.0-255,66,76205,34,235845
36297,0.000806,172.253.118.0-255,2902,79107,34,235845
36298,0.000809,172.31.33.0-255,66,79173,34,235845
36299,0.000821,172.253.118.0-255,2902,82075,34,235845
36300,0.000823,172.31.33.0-255,66,82141,34,235845
36301,0.000827,172.253.118.0-255,2902,85043,34,235845
36302,0.00083,172.31.33.0-255,66,85109,34,235845
36303,0.000851,172.253.118.0-255,1484,86593,34,235845
36304,0.000865,172.253.118.0-255,2902,89495,34,235845
36305,0.000868,172.31.33.0-255,66,89561,34,235845
36306,0.000888,172.253.118.0-255,3602,93163,34,235845
36307,0.000891,172.31.33.0-255,66,93229,34,235845
36308,0.001414,172.253.118.0-255,1484,94713,34,235845
36309,0.00143,172.253.118.0-255,2902,97615,34,235845
36310,0.001433,172.31.33.0-255,66,97681,34,235845
36311,0.001439,172.253.118.0-255,2902,100583,34,235845
36312,0.00144,172.31.33.0-255,66,100649,34,235845
36313,0.001454,172.253.118.0-255,2902,103551,34,235845
36314,0.001456,172.31.33.0-255,66,103617,34,235845
36315,0.001462,172.253.118.0-255,4320,107937,34,235845
36316,0.001463,172.31.33.0-255,66,108003,34,235845
36317,0.001495,172.31.33.0-255,66,108069,34,235845
36318,0.001502,172.253.118.0-255,7156,115225,34,235845
36319,0.001504,172.31.33.0-255,66,115291,34,235845
36320,0.001559,172.253.118.0-255,3602,118893,34,235845
36321,0.001562,172.31.33.0-255,66,118959,34,235845
36322,0.002452,172.253.118.0-255,1484,120443,34,235845
36323,0.00246,172.253.118.0-255,2902,123345,34,235845
36324,0.002463,172.31.33.0-255,66,123411,34,235845
36325,0.00247,172.253.118.0-255,5738,129149,34,235845
36326,0.002472,172.31.33.0-255,66,129215,34,235845
36327,0.002523,172.31.33.0-255,66,129281,34,235845
36328,0.002539,172.253.118.0-255,1484,130765,34,235845
36329,0.00256,172.31.33.0-255,66,130831,34,235845
36330,0.002679,172.253.118.0-255,1484,132315,34,235845
36331,0.002691,172.253.118.0-255,1484,133799,34,235845
36332,0.002693,172.31.33.0-255,66,133865,34,235845
36333,0.002698,172.253.118.0-255,2902,136767,34,235845
36334,0.002699,172.31.33.0-255,66,136833,34,235845
36335,0.002722,172.253.118.0-255,1484,138317,34,235845
36336,0.002741,172.253.118.0-255,4320,142637,34,235845
36337,0.002743,172.31.33.0-255,66,142703,34,235845
36338,0.002749,172.253.118.0-255,5738,148441,34,235845
36339,0.002752,172.31.33.0-255,66,148507,34,235845
36340,0.00277,172.253.118.0-255,7156,155663,34,235845
36341,0.002772,172.31.33.0-255,66,155729,34,235845
36342,0.00279,172.253.118.0-255,1484,157213,34,235845
36343,0.002808,172.253.118.0-255,7156,164369,34,235845
36344,0.002811,172.31.33.0-255,66,164435,34,235845
36345,0.002813,172.253.118.0-255,766,165201,34,235845
36346,0.002833,172.253.118.0-255,1484,166685,34,235845
36347,0.002835,172.31.33.0-255,66,166751,34,235845
36348,0.002861,172.31.33.0-255,66,166817,34,235845
36349,0.002866,172.253.118.0-255,5738,172555,34,235845
36350,0.002868,172.31.33.0-255,66,172621,34,235845
36351,0.002887,172.253.118.0-255,1484,174105,34,235845
36352,0.00292,172.31.33.0-255,66,174171,34,235845
36353,0.002967,172.253.118.0-255,1484,175655,34,235845
36354,0.002979,172.253.118.0-255,1484,177139,34,235845
36355,0.002981,172.31.33.0-255,66,177205,34,235845
36356,0.002995,172.253.118.0-255,4320,181525,34,235845
36357,0.002998,172.31.33.0-255,66,181591,34,235845
36358,0.003,172.253.118.0-255,1484,183075,34,235845
36359,0.003023,172.253.118.0-255,4320,187395,34,235845
36360,0.003025,172.31.33.0-255,66,187461,34,235845
36361,0.003031,172.253.118.0-255,5738,193199,34,235845
36362,0.003033,172.31.33.0-255,66,193265,34,235845
36363,0.003046,172.253.118.0-255,5738,199003,34,235845
36364,0.003049,172.31.33.0-255,66,199069,34,235845
36365,0.003058,172.31.33.0-255,66,199135,34,235845
36366,0.003077,172.253.118.0-255,766,199901,34,235845
36367,0.003128,172.253.118.0-255,1484,201385,34,235845
36368,0.00313,172.31.33.0-255,66,201451,34,235845
36369,0.003134,172.253.118.0-255,2902,204353,34,235845
36370,0.003136,172.31.33.0-255,66,204419,34,235845
36371,0.003146,172.253.118.0-255,1484,205903,34,235845
36372,0.00316,172.253.118.0-255,4320,210223,34,235845
36373,0.003162,172.31.33.0-255,66,210289,34,235845
36374,0.003165,172.253.118.0-255,1484,211773,34,235845
36375,0.003185,172.31.33.0-255,66,211839,34,235845
36376,0.003209,172.253.118.0-255,2902,214741,34,235845
36377,0.003211,172.31.33.0-255,66,214807,34,235845
36378,0.003222,172.31.33.0-255,66,214873,34,235845
36379,0.003225,172.253.118.0-255,1484,216357,34,235845
36380,0.003247,172.31.33.0-255,66,216423,34,235845
36381,0.003288,172.31.33.0-255,66,216489,34,235845
36382,0.003291,172.253.118.0-255,2184,218673,34,235845
36383,0.003293,172.31.33.0-255,66,218739,34,235845
36384,0.003295,172.253.118.0-255,1484,220223,34,235845
36385,0.003355,172.31.33.0-255,66,220289,34,235845
36386,0.003359,172.253.118.0-255,2902,223191,34,235845
36387,0.003361,172.31.33.0-255,66,223257,34,235845
36388,0.003363,172.253.118.0-255,1484,224741,34,235845
36389,0.003387,172.31.33.0-255,66,224807,34,235845
36390,0.003407,172.253.118.0-255,2902,227709,34,235845
36391,0.003409,172.31.33.0-255,66,227775,34,235845
36392,0.003412,172.253.118.0-255,1484,229259,34,235845
36393,0.003438,172.31.33.0-255,66,229325,34,235845
36394,0.003462,172.31.33.0-255,66,229391,34,235845
36395,0.003465,172.253.118.0-255,1484,230875,34,235845
36396,0.003475,172.31.33.0-255,66,230941,34,235845
36397,0.003477,172.253.118.0-255,97,231038,34,235845
36398,0.003531,172.253.118.0-255,105,231143,34,235845
36399,0.005614,172.31.33.0-255,66,231209,34,235845
36400,0.005647,172.31.33.0-255,105,231314,34,235845
36401,0.008194,172.253.118.0-255,66,231380,34,235845
36402,0.029202,172.31.33.0-255,172,231552,34,235845
36403,0.029232,172.31.33.0-255,1112,232664,34,235845
36404,0.029288,172.31.33.0-255,1514,234178,34,235845
36405,0.02929,172.31.33.0-255,1295,235473,34,235845
36406,0.030746,104.244.42.0-255,66,235539,34,235845
36407,0.030784,104.244.42.0-255,66,235605,34,235845
36408,0.030932,104.244.42.0-255,66,235671,34,235845
36409,0.032163,104.244.42.0-255,108,235779,34,235845
36410,0.03217,172.31.33.0-255,66,235845,34,235845
36411,0.0,172.217.194.0-255,143,143,34,144673
36412,2.4e-05,172.31.33.0-255,66,209,34,144673
36413,3.1e-05,172.217.194.0-255,1484,1693,34,144673
36414,3.7e-05,172.31.33.0-255,66,1759,34,144673
36415,4.3e-05,172.217.194.0-255,2902,4661,34,144673
36416,4.6e-05,172.31.33.0-255,66,4727,34,144673
36417,6.1e-05,172.217.194.0-255,7156,11883,34,144673
36418,6.5e-05,172.31.33.0-255,66,11949,34,144673
36419,7.8e-05,172.31.33.0-255,66,12015,34,144673
36420,9e-05,172.31.33.0-255,66,12081,34,144673
36421,0.000164,172.217.194.0-255,1484,13565,34,144673
36422,0.000167,172.31.33.0-255,66,13631,34,144673
36423,0.000172,172.217.194.0-255,2902,16533,34,144673
36424,0.000174,172.31.33.0-255,66,16599,34,144673
36425,0.000181,172.217.194.0-255,5738,22337,34,144673
36426,0.000184,172.31.33.0-255,66,22403,34,144673
36427,0.000187,172.217.194.0-255,1484,23887,34,144673
36428,0.00019,172.31.33.0-255,66,23953,34,144673
36429,0.000226,172.217.194.0-255,5379,29332,34,144673
36430,0.000229,172.31.33.0-255,66,29398,34,144673
36431,0.000244,172.31.33.0-255,66,29464,34,144673
36432,0.000249,172.217.194.0-255,2824,32288,34,144673
36433,0.000251,172.31.33.0-255,66,32354,34,144673
36434,0.000275,172.217.194.0-255,398,32752,34,144673
36435,0.000278,172.31.33.0-255,66,32818,34,144673
36436,0.00055,172.217.194.0-255,1484,34302,34,144673
36437,0.000556,172.31.33.0-255,66,34368,34,144673
36438,0.000562,172.217.194.0-255,2902,37270,34,144673
36439,0.000565,172.31.33.0-255,66,37336,34,144673
36440,0.000577,172.217.194.0-255,5738,43074,34,144673
36441,0.00058,172.31.33.0-255,66,43140,34,144673
36442,0.000626,172.31.33.0-255,66,43206,34,144673
36443,0.000652,172.217.194.0-255,1484,44690,34,144673
36444,0.000666,172.31.33.0-255,66,44756,34,144673
36445,0.000669,172.217.194.0-255,766,45522,34,144673
36446,0.001253,172.217.194.0-255,1484,47006,34,144673
36447,0.001258,172.31.33.0-255,66,47072,34,144673
36448,0.001263,172.217.194.0-255,2902,49974,34,144673
36449,0.001266,172.31.33.0-255,66,50040,34,144673
36450,0.001287,172.217.194.0-255,5738,55778,34,144673
36451,0.001292,172.31.33.0-255,66,55844,34,144673
36452,0.001307,172.217.194.0-255,1484,57328,34,144673
36453,0.001349,172.31.33.0-255,66,57394,34,144673
36454,0.001361,172.31.33.0-255,66,57460,34,144673
36455,0.001598,172.217.194.0-255,1484,58944,34,144673
36456,0.001602,172.217.194.0-255,1484,60428,34,144673
36457,0.001605,172.31.33.0-255,66,60494,34,144673
36458,0.001631,172.217.194.0-255,1484,61978,34,144673
36459,0.001639,172.217.194.0-255,5738,67716,34,144673
36460,0.001641,172.31.33.0-255,66,67782,34,144673
36461,0.001645,172.217.194.0-255,1484,69266,34,144673
36462,0.001671,172.31.33.0-255,66,69332,34,144673
36463,0.001677,172.217.194.0-255,4320,73652,34,144673
36464,0.001679,172.31.33.0-255,66,73718,34,144673
36465,0.001692,172.217.194.0-255,4320,78038,34,144673
36466,0.001695,172.31.33.0-255,66,78104,34,144673
36467,0.00172,172.217.194.0-255,2184,80288,34,144673
36468,0.001722,172.31.33.0-255,66,80354,34,144673
36469,0.001726,172.217.194.0-255,2902,83256,34,144673
36470,0.001729,172.31.33.0-255,66,83322,34,144673
36471,0.001733,172.217.194.0-255,2902,86224,34,144673
36472,0.001735,172.31.33.0-255,66,86290,34,144673
36473,0.001768,172.217.194.0-255,4320,90610,34,144673
36474,0.001771,172.31.33.0-255,66,90676,34,144673
36475,0.001774,172.217.194.0-255,1484,92160,34,144673
36476,0.001812,172.31.33.0-255,66,92226,34,144673
36477,0.001849,172.31.33.0-255,66,92292,34,144673
36478,0.001917,172.217.194.0-255,1484,93776,34,144673
36479,0.001938,172.217.194.0-255,2902,96678,34,144673
36480,0.001942,172.31.33.0-255,66,96744,34,144673
36481,0.001947,172.217.194.0-255,2902,99646,34,144673
36482,0.00195,172.31.33.0-255,66,99712,34,144673
36483,0.00198,172.217.194.0-255,2902,102614,34,144673
36484,0.001983,172.31.33.0-255,66,102680,34,144673
36485,0.001994,172.31.33.0-255,66,102746,34,144673
36486,0.002062,172.31.33.0-255,66,102812,34,144673
36487,0.002182,172.217.194.0-255,1484,104296,34,144673
36488,0.002187,172.217.194.0-255,1484,105780,34,144673
36489,0.00219,172.31.33.0-255,66,105846,34,144673
36490,0.002224,172.217.194.0-255,4320,110166,34,144673
36491,0.002228,172.31.33.0-255,66,110232,34,144673
36492,0.002235,172.217.194.0-255,5738,115970,34,144673
36493,0.002237,172.31.33.0-255,66,116036,34,144673
36494,0.00226,172.31.33.0-255,66,116102,34,144673
36495,0.002263,172.217.194.0-255,1484,117586,34,144673
36496,0.002268,172.217.194.0-255,2902,120488,34,144673
36497,0.00227,172.31.33.0-255,66,120554,34,144673
36498,0.002277,172.217.194.0-255,5020,125574,34,144673
36499,0.00228,172.31.33.0-255,66,125640,34,144673
36500,0.002434,172.217.194.0-255,1484,127124,34,144673
36501,0.002449,172.217.194.0-255,2902,130026,34,144673
36502,0.002453,172.31.33.0-255,66,130092,34,144673
36503,0.002486,172.217.194.0-255,5738,135830,34,144673
36504,0.002489,172.31.33.0-255,66,135896,34,144673
36505,0.002501,172.31.33.0-255,66,135962,34,144673
36506,0.002545,172.31.33.0-255,66,136028,34,144673
36507,0.002572,172.217.194.0-255,2184,138212,34,144673
36508,0.002575,172.31.33.0-255,66,138278,34,144673
36509,0.002586,172.31.33.0-255,66,138344,34,144673
36510,0.002593,172.217.194.0-255,1484,139828,34,144673
36511,0.002599,172.217.194.0-255,4320,144148,34,144673
36512,0.002601,172.31.33.0-255,66,144214,34,144673
36513,0.002747,172.217.194.0-255,105,144319,34,144673
36514,0.011406,172.217.194.0-255,105,144424,34,144673
36515,0.011426,172.31.33.0-255,78,144502,34,144673
36516,0.013854,172.31.33.0-255,105,144607,34,144673
36517,0.01585,172.217.194.0-255,66,144673,34,144673
36518,0.0,74.125.68.0-255,153,153,34,241852
36519,2.8e-05,172.31.33.0-255,66,219,34,241852
36520,3.4e-05,74.125.68.0-255,1484,1703,34,241852
36521,3.8e-05,172.31.33.0-255,66,1769,34,241852
36522,5.9e-05,74.125.68.0-255,2902,4671,34,241852
36523,6.2e-05,172.31.33.0-255,66,4737,34,241852
36524,9.7e-05,74.125.68.0-255,5738,10475,34,241852
36525,0.0001,172.31.33.0-255,66,10541,34,241852
36526,0.000131,74.125.68.0-255,3412,13953,34,241852
36527,0.000133,172.31.33.0-255,66,14019,34,241852
36528,0.000202,74.125.68.0-255,1484,15503,34,241852
36529,0.000205,172.31.33.0-255,66,15569,34,241852
36530,0.000236,74.125.68.0-255,2902,18471,34,241852
36531,0.000238,172.31.33.0-255,66,18537,34,241852
36532,0.000242,74.125.68.0-255,2902,21439,34,241852
36533,0.000244,172.31.33.0-255,66,21505,34,241852
36534,0.000248,74.125.68.0-255,4320,25825,34,241852
36535,0.00025,172.31.33.0-255,66,25891,34,241852
36536,0.000289,172.31.33.0-255,66,25957,34,241852
36537,0.000325,172.31.33.0-255,66,26023,34,241852
36538,0.000331,74.125.68.0-255,4320,30343,34,241852
36539,0.000332,172.31.33.0-255,66,30409,34,241852
36540,0.000361,74.125.68.0-255,5738,36147,34,241852
36541,0.000364,172.31.33.0-255,66,36213,34,241852
36542,0.000396,172.31.33.0-255,66,36279,34,241852
36543,0.000399,74.125.68.0-255,398,36677,34,241852
36544,0.0004,172.31.33.0-255,66,36743,34,241852
36545,0.000521,74.125.68.0-255,112,36855,34,241852
36546,0.000524,172.31.33.0-255,66,36921,34,241852
36547,0.000643,74.125.68.0-255,1484,38405,34,241852
36548,0.000649,74.125.68.0-255,2902,41307,34,241852
36549,0.000651,172.31.33.0-255,66,41373,34,241852
36550,0.000676,74.125.68.0-255,5738,47111,34,241852
36551,0.000679,172.31.33.0-255,66,47177,34,241852
36552,0.000685,74.125.68.0-255,5738,52915,34,241852
36553,0.000687,172.31.33.0-255,66,52981,34,241852
36554,0.000712,74.125.68.0-255,7156,60137,34,241852
36555,0.000715,172.31.33.0-255,66,60203,34,241852
36556,0.000748,172.31.33.0-255,66,60269,34,241852
36557,0.000841,74.125.68.0-255,1484,61753,34,241852
36558,0.000858,74.125.68.0-255,2902,64655,34,241852
36559,0.000861,172.31.33.0-255,66,64721,34,241852
36560,0.000889,74.125.68.0-255,5738,70459,34,241852
36561,0.000891,172.31.33.0-255,66,70525,34,241852
36562,0.000895,74.125.68.0-255,2902,73427,34,241852
36563,0.000897,172.31.33.0-255,66,73493,34,241852
36564,0.000928,172.31.33.0-255,66,73559,34,241852
36565,0.000964,172.31.33.0-255,66,73625,34,241852
36566,0.001028,74.125.68.0-255,1484,75109,34,241852
36567,0.001032,74.125.68.0-255,1484,76593,34,241852
36568,0.001034,172.31.33.0-255,66,76659,34,241852
36569,0.001045,74.125.68.0-255,1484,78143,34,241852
36570,0.001063,74.125.68.0-255,4320,82463,34,241852
36571,0.001066,172.31.33.0-255,66,82529,34,241852
36572,0.001076,74.125.68.0-255,1484,84013,34,241852
36573,0.001095,74.125.68.0-255,7156,91169,34,241852
36574,0.001097,172.31.33.0-255,66,91235,34,241852
36575,0.001122,74.125.68.0-255,5738,96973,34,241852
36576,0.001125,172.31.33.0-255,66,97039,34,241852
36577,0.001139,74.125.68.0-255,2902,99941,34,241852
36578,0.001144,172.31.33.0-255,66,100007,34,241852
36579,0.001154,172.31.33.0-255,66,100073,34,241852
36580,0.001304,74.125.68.0-255,1484,101557,34,241852
36581,0.001316,74.125.68.0-255,2902,104459,34,241852
36582,0.001319,172.31.33.0-255,66,104525,34,241852
36583,0.001348,74.125.68.0-255,5738,110263,34,241852
36584,0.001351,172.31.33.0-255,66,110329,34,241852
36585,0.001355,74.125.68.0-255,2902,113231,34,241852
36586,0.001357,172.31.33.0-255,66,113297,34,241852
36587,0.001362,74.125.68.0-255,4320,117617,34,241852
36588,0.001368,172.31.33.0-255,66,117683,34,241852
36589,0.00141,172.31.33.0-255,66,117749,34,241852
36590,0.001418,74.125.68.0-255,5738,123487,34,241852
36591,0.00142,172.31.33.0-255,66,123553,34,241852
36592,0.001439,74.125.68.0-255,2184,125737,34,241852
36593,0.001441,172.31.33.0-255,66,125803,34,241852
36594,0.001482,74.125.68.0-255,2902,128705,34,241852
36595,0.001486,172.31.33.0-255,66,128771,34,241852
36596,0.001492,74.125.68.0-255,5738,134509,34,241852
36597,0.001494,172.31.33.0-255,66,134575,34,241852
36598,0.001519,74.125.68.0-255,1484,136059,34,241852
36599,0.001524,74.125.68.0-255,2902,138961,34,241852
36600,0.001527,172.31.33.0-255,66,139027,34,241852
36601,0.001536,74.125.68.0-255,7156,146183,34,241852
36602,0.001539,172.31.33.0-255,66,146249,34,241852
36603,0.001574,74.125.68.0-255,4320,150569,34,241852
36604,0.001577,172.31.33.0-255,66,150635,34,241852
36605,0.001588,172.31.33.0-255,66,150701,34,241852
36606,0.001591,74.125.68.0-255,766,151467,34,241852
36607,0.001704,74.125.68.0-255,1484,152951,34,241852
36608,0.001708,172.31.33.0-255,66,153017,34,241852
36609,0.001712,74.125.68.0-255,1484,154501,34,241852
36610,0.001734,74.125.68.0-255,1484,155985,34,241852
36611,0.001737,172.31.33.0-255,66,156051,34,241852
36612,0.001744,74.125.68.0-255,5738,161789,34,241852
36613,0.001747,172.31.33.0-255,66,161855,34,241852
36614,0.001766,74.125.68.0-255,5738,167593,34,241852
36615,0.001771,172.31.33.0-255,66,167659,34,241852
36616,0.001786,74.125.68.0-255,1484,169143,34,241852
36617,0.001803,172.31.33.0-255,66,169209,34,241852
36618,0.001815,172.31.33.0-255,66,169275,34,241852
36619,0.002814,74.125.68.0-255,1484,170759,34,241852
36620,0.002823,74.125.68.0-255,1484,172243,34,241852
36621,0.002828,172.31.33.0-255,66,172309,34,241852
36622,0.002836,74.125.68.0-255,2902,175211,34,241852
36623,0.00284,172.31.33.0-255,66,175277,34,241852
36624,0.002862,74.125.68.0-255,5738,181015,34,241852
36625,0.002865,172.31.33.0-255,66,181081,34,241852
36626,0.002894,172.31.33.0-255,66,181147,34,241852
36627,0.002946,172.31.33.0-255,66,181213,34,241852
36628,0.003077,74.125.68.0-255,1484,182697,34,241852
36629,0.003093,74.125.68.0-255,2902,185599,34,241852
36630,0.003095,172.31.33.0-255,66,185665,34,241852
36631,0.003123,74.125.68.0-255,5738,191403,34,241852
36632,0.003126,172.31.33.0-255,66,191469,34,241852
36633,0.003129,74.125.68.0-255,1484,192953,34,241852
36634,0.003134,74.125.68.0-255,2902,195855,34,241852
36635,0.003136,172.31.33.0-255,66,195921,34,241852
36636,0.003149,74.125.68.0-255,5738,201659,34,241852
36637,0.003152,172.31.33.0-255,66,201725,34,241852
36638,0.003199,172.31.33.0-255,66,201791,34,241852
36639,0.003203,74.125.68.0-255,1484,203275,34,241852
36640,0.003207,74.125.68.0-255,2184,205459,34,241852
36641,0.003209,172.31.33.0-255,66,205525,34,241852
36642,0.003212,74.125.68.0-255,1484,207009,34,241852
36643,0.003218,74.125.68.0-255,2902,209911,34,241852
36644,0.003221,172.31.33.0-255,66,209977,34,241852
36645,0.003258,74.125.68.0-255,5738,215715,34,241852
36646,0.003261,172.31.33.0-255,66,215781,34,241852
36647,0.003275,172.31.33.0-255,66,215847,34,241852
36648,0.00328,74.125.68.0-255,4320,220167,34,241852
36649,0.003282,172.31.33.0-255,66,220233,34,241852
36650,0.003367,172.31.33.0-255,66,220299,34,241852
36651,0.003547,74.125.68.0-255,1484,221783,34,241852
36652,0.003566,74.125.68.0-255,2902,224685,34,241852
36653,0.00357,172.31.33.0-255,66,224751,34,241852
36654,0.003575,74.125.68.0-255,4320,229071,34,241852
36655,0.003578,172.31.33.0-255,66,229137,34,241852
36656,0.003581,74.125.68.0-255,1484,230621,34,241852
36657,0.003591,74.125.68.0-255,1484,232105,34,241852
36658,0.003593,172.31.33.0-255,66,232171,34,241852
36659,0.003632,172.31.33.0-255,66,232237,34,241852
36660,0.003634,74.125.68.0-255,1484,233721,34,241852
36661,0.003638,74.125.68.0-255,1484,235205,34,241852
36662,0.00364,172.31.33.0-255,66,235271,34,241852
36663,0.003675,74.125.68.0-255,1981,237252,34,241852
36664,0.003678,172.31.33.0-255,66,237318,34,241852
36665,0.003681,74.125.68.0-255,97,237415,34,241852
36666,0.003711,74.125.68.0-255,105,237520,34,241852
36667,0.011687,172.31.33.0-255,66,237586,34,241852
36668,0.011717,172.31.33.0-255,105,237691,34,241852
36669,0.013774,74.125.68.0-255,66,237757,34,241852
36670,0.03844,172.31.33.0-255,172,237929,34,241852
36671,0.038475,172.31.33.0-255,1112,239041,34,241852
36672,0.038509,172.31.33.0-255,1514,240555,34,241852
36673,0.03851,172.31.33.0-255,1297,241852,34,241852
36674,0.0,172.31.33.0-255,105,105,34,168876
36675,0.002059,157.240.7.0-255,105,210,34,168876
36676,0.002068,172.31.33.0-255,66,276,34,168876
36677,0.036766,172.217.194.0-255,153,429,34,168876
36678,0.036798,172.31.33.0-255,66,495,34,168876
36679,0.036805,172.217.194.0-255,1484,1979,34,168876
36680,0.03681,172.31.33.0-255,66,2045,34,168876
36681,0.036822,172.217.194.0-255,2902,4947,34,168876
36682,0.036825,172.31.33.0-255,66,5013,34,168876
36683,0.036833,172.217.194.0-255,7156,12169,34,168876
36684,0.036836,172.31.33.0-255,66,12235,34,168876
36685,0.036839,172.217.194.0-255,2085,14320,34,168876
36686,0.036842,172.31.33.0-255,66,14386,34,168876
36687,0.036868,172.217.194.0-255,2902,17288,34,168876
36688,0.036872,172.31.33.0-255,66,17354,34,168876
36689,0.036898,172.217.194.0-255,7156,24510,34,168876
36690,0.036901,172.31.33.0-255,66,24576,34,168876
36691,0.036908,172.217.194.0-255,5738,30314,34,168876
36692,0.036912,172.31.33.0-255,66,30380,34,168876
36693,0.036933,172.217.194.0-255,1125,31505,34,168876
36694,0.036936,172.31.33.0-255,66,31571,34,168876
36695,0.037013,172.217.194.0-255,1484,33055,34,168876
36696,0.037016,172.31.33.0-255,66,33121,34,168876
36697,0.037021,172.217.194.0-255,2902,36023,34,168876
36698,0.037023,172.31.33.0-255,66,36089,34,168876
36699,0.037051,172.217.194.0-255,5738,41827,34,168876
36700,0.037054,172.31.33.0-255,66,41893,34,168876
36701,0.037091,172.31.33.0-255,66,41959,34,168876
36702,0.037103,172.31.33.0-255,66,42025,34,168876
36703,0.037105,172.217.194.0-255,340,42365,34,168876
36704,0.037107,172.31.33.0-255,66,42431,34,168876
36705,0.037414,172.217.194.0-255,113,42544,34,168876
36706,0.037419,172.31.33.0-255,66,42610,34,168876
36707,0.037441,172.217.194.0-255,387,42997,34,168876
36708,0.037617,172.31.33.0-255,66,43063,34,168876
36709,0.037841,172.217.194.0-255,1484,44547,34,168876
36710,0.037851,172.217.194.0-255,2902,47449,34,168876
36711,0.037856,172.31.33.0-255,66,47515,34,168876
36712,0.037864,172.217.194.0-255,5738,53253,34,168876
36713,0.037866,172.31.33.0-255,66,53319,34,168876
36714,0.037902,172.217.194.0-255,7156,60475,34,168876
36715,0.037906,172.31.33.0-255,66,60541,34,168876
36716,0.037922,172.217.194.0-255,5738,66279,34,168876
36717,0.037928,172.31.33.0-255,66,66345,34,168876
36718,0.03794,172.31.33.0-255,66,66411,34,168876
36719,0.037943,172.217.194.0-255,766,67177,34,168876
36720,0.038485,172.217.194.0-255,1484,68661,34,168876
36721,0.038491,172.31.33.0-255,66,68727,34,168876
36722,0.038497,172.217.194.0-255,2902,71629,34,168876
36723,0.038499,172.31.33.0-255,66,71695,34,168876
36724,0.038504,172.217.194.0-255,2902,74597,34,168876
36725,0.038512,172.31.33.0-255,66,74663,34,168876
36726,0.038538,172.217.194.0-255,2902,77565,34,168876
36727,0.03854,172.31.33.0-255,66,77631,34,168876
36728,0.038552,172.31.33.0-255,66,77697,34,168876
36729,0.038558,172.217.194.0-255,7156,84853,34,168876
36730,0.03856,172.31.33.0-255,66,84919,34,168876
36731,0.038596,172.217.194.0-255,4320,89239,34,168876
36732,0.038598,172.31.33.0-255,66,89305,34,168876
36733,0.03861,172.217.194.0-255,5020,94325,34,168876
36734,0.038616,172.31.33.0-255,66,94391,34,168876
36735,0.038628,172.31.33.0-255,66,94457,34,168876
36736,0.03866,172.217.194.0-255,2902,97359,34,168876
36737,0.038662,172.31.33.0-255,66,97425,34,168876
36738,0.038698,172.31.33.0-255,66,97491,34,168876
36739,0.038785,172.217.194.0-255,1484,98975,34,168876
36740,0.038796,172.217.194.0-255,2902,101877,34,168876
36741,0.038798,172.31.33.0-255,66,101943,34,168876
36742,0.038833,172.217.194.0-255,4320,106263,34,168876
36743,0.038836,172.31.33.0-255,66,106329,34,168876
36744,0.038859,172.217.194.0-255,1484,107813,34,168876
36745,0.03887,172.31.33.0-255,66,107879,34,168876
36746,0.038879,172.31.33.0-255,66,107945,34,168876
36747,0.038904,172.217.194.0-255,1484,109429,34,168876
36748,0.038907,172.217.194.0-255,1484,110913,34,168876
36749,0.038909,172.31.33.0-255,66,110979,34,168876
36750,0.038936,172.217.194.0-255,3602,114581,34,168876
36751,0.038939,172.31.33.0-255,66,114647,34,168876
36752,0.039126,172.217.194.0-255,1484,116131,34,168876
36753,0.039144,172.217.194.0-255,2902,119033,34,168876
36754,0.039147,172.31.33.0-255,66,119099,34,168876
36755,0.039166,172.217.194.0-255,4320,123419,34,168876
36756,0.039169,172.31.33.0-255,66,123485,34,168876
36757,0.039174,172.217.194.0-255,4320,127805,34,168876
36758,0.039176,172.31.33.0-255,66,127871,34,168876
36759,0.039197,172.217.194.0-255,4320,132191,34,168876
36760,0.039199,172.31.33.0-255,66,132257,34,168876
36761,0.03921,172.31.33.0-255,66,132323,34,168876
36762,0.039215,172.217.194.0-255,4320,136643,34,168876
36763,0.039217,172.31.33.0-255,66,136709,34,168876
36764,0.039245,172.217.194.0-255,2902,139611,34,168876
36765,0.039247,172.31.33.0-255,66,139677,34,168876
36766,0.039249,172.217.194.0-255,766,140443,34,168876
36767,0.039253,172.217.194.0-255,1484,141927,34,168876
36768,0.039254,172.31.33.0-255,66,141993,34,168876
36769,0.039257,172.217.194.0-255,1484,143477,34,168876
36770,0.039293,172.217.194.0-255,7156,150633,34,168876
36771,0.039295,172.31.33.0-255,66,150699,34,168876
36772,0.039301,172.217.194.0-255,4320,155019,34,168876
36773,0.039303,172.31.33.0-255,66,155085,34,168876
36774,0.039346,172.31.33.0-255,66,155151,34,168876
36775,0.039355,172.31.33.0-255,66,155217,34,168876
36776,0.039394,172.217.194.0-255,5738,160955,34,168876
36777,0.039398,172.31.33.0-255,66,161021,34,168876
36778,0.039433,172.31.33.0-255,66,161087,34,168876
36779,0.039443,172.31.33.0-255,66,161153,34,168876
36780,0.039459,172.31.33.0-255,66,161219,34,168876
36781,0.039469,172.31.33.0-255,66,161285,34,168876
36782,0.039507,172.31.33.0-255,66,161351,34,168876
36783,0.03954,172.31.33.0-255,66,161417,34,168876
36784,0.039546,172.217.194.0-255,7156,168573,34,168876
36785,0.039549,172.31.33.0-255,66,168639,34,168876
36786,0.039598,172.31.33.0-255,66,168705,34,168876
36787,0.03961,172.31.33.0-255,66,168771,34,168876
36788,0.039612,172.217.194.0-255,105,168876,34,168876
36789,0.0,74.125.130.0-255,146,146,34,191357
36790,2.6e-05,172.31.33.0-255,66,212,34,191357
36791,3.2e-05,74.125.130.0-255,1484,1696,34,191357
36792,3.6e-05,172.31.33.0-255,66,1762,34,191357
36793,4e-05,74.125.130.0-255,2902,4664,34,191357
36794,4.3e-05,172.31.33.0-255,66,4730,34,191357
36795,7.7e-05,74.125.130.0-255,2902,7632,34,191357
36796,7.9e-05,172.31.33.0-255,66,7698,34,191357
36797,9.9e-05,74.125.130.0-255,4320,12018,34,191357
36798,0.000102,172.31.33.0-255,66,12084,34,191357
36799,0.000142,74.125.130.0-255,1983,14067,34,191357
36800,0.000145,172.31.33.0-255,66,14133,34,191357
36801,0.000246,74.125.130.0-255,1484,15617,34,191357
36802,0.00025,172.31.33.0-255,66,15683,34,191357
36803,0.000255,74.125.130.0-255,2902,18585,34,191357
36804,0.000258,172.31.33.0-255,66,18651,34,191357
36805,0.000285,74.125.130.0-255,5738,24389,34,191357
36806,0.000289,172.31.33.0-255,66,24455,34,191357
36807,0.000293,74.125.130.0-255,4320,28775,34,191357
36808,0.000298,172.31.33.0-255,66,28841,34,191357
36809,0.000316,74.125.130.0-255,2902,31743,34,191357
36810,0.00032,172.31.33.0-255,66,31809,34,191357
36811,0.000345,74.125.130.0-255,2543,34352,34,191357
36812,0.000348,172.31.33.0-255,66,34418,34,191357
36813,0.000358,172.31.33.0-255,66,34484,34,191357
36814,0.000395,74.125.130.0-255,5379,39863,34,191357
36815,0.000398,172.31.33.0-255,66,39929,34,191357
36816,0.000439,74.125.130.0-255,5738,45667,34,191357
36817,0.000442,172.31.33.0-255,66,45733,34,191357
36818,0.000453,172.31.33.0-255,66,45799,34,191357
36819,0.000502,74.125.130.0-255,2856,48655,34,191357
36820,0.000505,172.31.33.0-255,66,48721,34,191357
36821,0.001433,74.125.130.0-255,364,49085,34,191357
36822,0.001466,172.31.33.0-255,66,49151,34,191357
36823,0.001721,74.125.130.0-255,1484,50635,34,191357
36824,0.001726,74.125.130.0-255,1484,52119,34,191357
36825,0.001729,172.31.33.0-255,66,52185,34,191357
36826,0.001741,74.125.130.0-255,1484,53669,34,191357
36827,0.001745,74.125.130.0-255,2902,56571,34,191357
36828,0.001747,172.31.33.0-255,66,56637,34,191357
36829,0.001775,74.125.130.0-255,2902,59539,34,191357
36830,0.001778,172.31.33.0-255,66,59605,34,191357
36831,0.001782,74.125.130.0-255,4320,63925,34,191357
36832,0.001783,172.31.33.0-255,66,63991,34,191357
36833,0.001789,74.125.130.0-255,5738,69729,34,191357
36834,0.00179,172.31.33.0-255,66,69795,34,191357
36835,0.001795,74.125.130.0-255,4320,74115,34,191357
36836,0.001796,172.31.33.0-255,66,74181,34,191357
36837,0.001821,74.125.130.0-255,7156,81337,34,191357
36838,0.001824,172.31.33.0-255,66,81403,34,191357
36839,0.001827,74.125.130.0-255,2184,83587,34,191357
36840,0.001829,172.31.33.0-255,66,83653,34,191357
36841,0.002368,74.125.130.0-255,1484,85137,34,191357
36842,0.002374,74.125.130.0-255,2902,88039,34,191357
36843,0.002377,172.31.33.0-255,66,88105,34,191357
36844,0.002395,74.125.130.0-255,5738,93843,34,191357
36845,0.002397,172.31.33.0-255,66,93909,34,191357
36846,0.002416,74.125.130.0-255,4320,98229,34,191357
36847,0.002418,172.31.33.0-255,66,98295,34,191357
36848,0.002436,172.31.33.0-255,66,98361,34,191357
36849,0.002442,74.125.130.0-255,7156,105517,34,191357
36850,0.002444,172.31.33.0-255,66,105583,34,191357
36851,0.00247,74.125.130.0-255,1484,107067,34,191357
36852,0.002481,74.125.130.0-255,2184,109251,34,191357
36853,0.002483,172.31.33.0-255,66,109317,34,191357
36854,0.00496,74.125.130.0-255,1484,110801,34,191357
36855,0.005003,74.125.130.0-255,4320,115121,34,191357
36856,0.005008,172.31.33.0-255,66,115187,34,191357
36857,0.007545,74.125.130.0-255,5738,120925,34,191357
36858,0.007552,172.31.33.0-255,66,120991,34,191357
36859,0.010077,74.125.130.0-255,5738,126729,34,191357
36860,0.010084,172.31.33.0-255,66,126795,34,191357
36861,0.01262,74.125.130.0-255,4320,131115,34,191357
36862,0.012628,172.31.33.0-255,66,131181,34,191357
36863,0.012649,74.125.130.0-255,1484,132665,34,191357
36864,0.015155,74.125.130.0-255,4320,136985,34,191357
36865,0.015164,172.31.33.0-255,66,137051,34,191357
36866,0.017707,74.125.130.0-255,4320,141371,34,191357
36867,0.017714,172.31.33.0-255,66,141437,34,191357
36868,0.017731,74.125.130.0-255,1484,142921,34,191357
36869,0.020243,74.125.130.0-255,4320,147241,34,191357
36870,0.020249,172.31.33.0-255,66,147307,34,191357
36871,0.021371,172.31.33.0-255,193,147500,34,191357
36872,0.021406,172.31.33.0-255,1112,148612,34,191357
36873,0.021474,172.31.33.0-255,1514,150126,34,191357
36874,0.021476,172.31.33.0-255,1295,151421,34,191357
36875,0.022814,74.125.130.0-255,5738,157159,34,191357
36876,0.022819,172.31.33.0-255,66,157225,34,191357
36877,0.022903,104.244.42.0-255,66,157291,34,191357
36878,0.022947,104.244.42.0-255,66,157357,34,191357
36879,0.023023,104.244.42.0-255,66,157423,34,191357
36880,0.02534,74.125.130.0-255,4320,161743,34,191357
36881,0.025346,172.31.33.0-255,66,161809,34,191357
36882,0.025364,74.125.130.0-255,1484,163293,34,191357
36883,0.027903,74.125.130.0-255,4320,167613,34,191357
36884,0.02791,172.31.33.0-255,66,167679,34,191357
36885,0.030447,74.125.130.0-255,2902,170581,34,191357
36886,0.030452,172.31.33.0-255,66,170647,34,191357
36887,0.030476,74.125.130.0-255,2902,173549,34,191357
36888,0.030478,172.31.33.0-255,66,173615,34,191357
36889,0.032967,74.125.130.0-255,2902,176517,34,191357
36890,0.032972,172.31.33.0-255,66,176583,34,191357
36891,0.032996,74.125.130.0-255,2902,179485,34,191357
36892,0.032999,172.31.33.0-255,66,179551,34,191357
36893,0.035496,74.125.130.0-255,2902,182453,34,191357
36894,0.035501,172.31.33.0-255,66,182519,34,191357
36895,0.03553,74.125.130.0-255,2902,185421,34,191357
36896,0.035533,172.31.33.0-255,66,185487,34,191357
36897,0.038041,74.125.130.0-255,4320,189807,34,191357
36898,0.038045,172.31.33.0-255,66,189873,34,191357
36899,0.038072,74.125.130.0-255,1484,191357,34,191357
36900,0.0,172.217.194.0-255,153,153,34,89668
36901,1.9e-05,172.31.33.0-255,66,219,34,89668
36902,4e-05,172.217.194.0-255,1484,1703,34,89668
36903,4.4e-05,172.31.33.0-255,66,1769,34,89668
36904,4.7e-05,172.217.194.0-255,1484,3253,34,89668
36905,4.9e-05,172.31.33.0-255,66,3319,34,89668
36906,6.8e-05,172.217.194.0-255,1484,4803,34,89668
36907,7e-05,172.31.33.0-255,66,4869,34,89668
36908,0.000109,172.217.194.0-255,7156,12025,34,89668
36909,0.000112,172.31.33.0-255,66,12091,34,89668
36910,0.000243,172.217.194.0-255,2030,14121,34,89668
36911,0.000247,172.31.33.0-255,66,14187,34,89668
36912,0.000277,172.217.194.0-255,1484,15671,34,89668
36913,0.00028,172.31.33.0-255,66,15737,34,89668
36914,0.000305,172.31.33.0-255,66,15803,34,89668
36915,0.000525,172.31.33.0-255,66,15869,34,89668
36916,0.000688,172.217.194.0-255,2902,18771,34,89668
36917,0.000692,172.31.33.0-255,66,18837,34,89668
36918,0.000726,172.31.33.0-255,66,18903,34,89668
36919,0.000957,172.217.194.0-255,5738,24641,34,89668
36920,0.000962,172.31.33.0-255,66,24707,34,89668
36921,0.000987,172.31.33.0-255,66,24773,34,89668
36922,0.001319,172.31.33.0-255,66,24839,34,89668
36923,0.001484,172.217.194.0-255,2902,27741,34,89668
36924,0.001488,172.31.33.0-255,66,27807,34,89668
36925,0.001529,172.31.33.0-255,66,27873,34,89668
36926,0.00155,172.217.194.0-255,2184,30057,34,89668
36927,0.002037,172.217.194.0-255,4320,34377,34,89668
36928,0.00266,172.217.194.0-255,5738,40115,34,89668
36929,0.003285,172.217.194.0-255,2902,43017,34,89668
36930,0.003335,172.217.194.0-255,2884,45901,34,89668
36931,0.004,172.217.194.0-255,2902,48803,34,89668
36932,0.004015,172.217.194.0-255,7156,55959,34,89668
36933,0.004047,172.217.194.0-255,7156,63115,34,89668
36934,0.00406,172.217.194.0-255,4320,67435,34,89668
36935,0.004429,172.31.33.0-255,66,67501,34,89668
36936,0.00468,172.217.194.0-255,1484,68985,34,89668
36937,0.00472,172.217.194.0-255,5738,74723,34,89668
36938,0.004725,172.31.33.0-255,66,74789,34,89668
36939,0.004771,172.31.33.0-255,66,74855,34,89668
36940,0.004784,172.31.33.0-255,66,74921,34,89668
36941,0.0048,172.217.194.0-255,2902,77823,34,89668
36942,0.004806,172.31.33.0-255,66,77889,34,89668
36943,0.00577,172.31.33.0-255,66,77955,34,89668
36944,0.006013,172.217.194.0-255,5738,83693,34,89668
36945,0.006105,172.217.194.0-255,5738,89431,34,89668
36946,0.008973,172.31.33.0-255,66,89497,34,89668
36947,0.010709,172.31.33.0-255,105,89602,34,89668
36948,0.013011,172.217.194.0-255,66,89668,34,89668
36949,0.0,74.125.68.0-255,153,153,34,344139
36950,3.3e-05,172.31.33.0-255,66,219,34,344139
36951,4.1e-05,74.125.68.0-255,1484,1703,34,344139
36952,4.6e-05,172.31.33.0-255,66,1769,34,344139
36953,5.7e-05,74.125.68.0-255,2902,4671,34,344139
36954,6e-05,172.31.33.0-255,66,4737,34,344139
36955,6.7e-05,74.125.68.0-255,5738,10475,34,344139
36956,6.9e-05,172.31.33.0-255,66,10541,34,344139
36957,0.000101,74.125.68.0-255,3472,14013,34,344139
36958,0.000104,172.31.33.0-255,66,14079,34,344139
36959,0.000112,74.125.68.0-255,4320,18399,34,344139
36960,0.000115,172.31.33.0-255,66,18465,34,344139
36961,0.000118,74.125.68.0-255,1484,19949,34,344139
36962,0.00012,172.31.33.0-255,66,20015,34,344139
36963,0.000165,172.31.33.0-255,66,20081,34,344139
36964,0.00017,74.125.68.0-255,2543,22624,34,344139
36965,0.000172,172.31.33.0-255,66,22690,34,344139
36966,0.000235,74.125.68.0-255,1484,24174,34,344139
36967,0.000239,172.31.33.0-255,66,24240,34,344139
36968,0.000242,74.125.68.0-255,1484,25724,34,344139
36969,0.000244,172.31.33.0-255,66,25790,34,344139
36970,0.000263,74.125.68.0-255,1484,27274,34,344139
36971,0.000266,172.31.33.0-255,66,27340,34,344139
36972,0.000279,74.125.68.0-255,5738,33078,34,344139
36973,0.000282,172.31.33.0-255,66,33144,34,344139
36974,0.000288,74.125.68.0-255,4320,37464,34,344139
36975,0.00029,172.31.33.0-255,66,37530,34,344139
36976,0.000318,74.125.68.0-255,2543,40073,34,344139
36977,0.000321,172.31.33.0-255,66,40139,34,344139
36978,0.000329,74.125.68.0-255,7156,47295,34,344139
36979,0.000332,172.31.33.0-255,66,47361,34,344139
36980,0.000337,74.125.68.0-255,2902,50263,34,344139
36981,0.00034,172.31.33.0-255,66,50329,34,344139
36982,0.000373,74.125.68.0-255,5738,56067,34,344139
36983,0.000378,172.31.33.0-255,66,56133,34,344139
36984,0.000401,74.125.68.0-255,1481,57614,34,344139
36985,0.000417,74.125.68.0-255,330,57944,34,344139
36986,0.000423,172.31.33.0-255,66,58010,34,344139
36987,0.000587,74.125.68.0-255,1484,59494,34,344139
36988,0.000594,74.125.68.0-255,2902,62396,34,344139
36989,0.000597,172.31.33.0-255,66,62462,34,344139
36990,0.0006,74.125.68.0-255,1484,63946,34,344139
36991,0.000629,74.125.68.0-255,4320,68266,34,344139
36992,0.000632,172.31.33.0-255,66,68332,34,344139
36993,0.000646,74.125.68.0-255,4320,72652,34,344139
36994,0.000654,172.31.33.0-255,66,72718,34,344139
36995,0.000682,74.125.68.0-255,7156,79874,34,344139
36996,0.000686,172.31.33.0-255,66,79940,34,344139
36997,0.000691,74.125.68.0-255,4320,84260,34,344139
36998,0.000694,172.31.33.0-255,66,84326,34,344139
36999,0.000714,172.31.33.0-255,66,84392,34,344139
37000,0.00107,74.125.68.0-255,1484,85876,34,344139
37001,0.001076,74.125.68.0-255,2902,88778,34,344139
37002,0.001079,172.31.33.0-255,66,88844,34,344139
37003,0.001102,74.125.68.0-255,1484,90328,34,344139
37004,0.001108,74.125.68.0-255,2902,93230,34,344139
37005,0.001112,172.31.33.0-255,66,93296,34,344139
37006,0.001119,74.125.68.0-255,5738,99034,34,344139
37007,0.001121,172.31.33.0-255,66,99100,34,344139
37008,0.001156,172.31.33.0-255,66,99166,34,344139
37009,0.001194,172.31.33.0-255,66,99232,34,344139
37010,0.001197,74.125.68.0-255,766,99998,34,344139
37011,0.001334,172.31.33.0-255,66,100064,34,344139
37012,0.001443,74.125.68.0-255,1484,101548,34,344139
37013,0.001466,74.125.68.0-255,2902,104450,34,344139
37014,0.001471,172.31.33.0-255,66,104516,34,344139
37015,0.001475,74.125.68.0-255,1484,106000,34,344139
37016,0.001508,74.125.68.0-255,4320,110320,34,344139
37017,0.001511,172.31.33.0-255,66,110386,34,344139
37018,0.001516,74.125.68.0-255,2902,113288,34,344139
37019,0.001518,172.31.33.0-255,66,113354,34,344139
37020,0.001523,74.125.68.0-255,4320,117674,34,344139
37021,0.001524,172.31.33.0-255,66,117740,34,344139
37022,0.001562,172.31.33.0-255,66,117806,34,344139
37023,0.001567,74.125.68.0-255,4320,122126,34,344139
37024,0.001569,172.31.33.0-255,66,122192,34,344139
37025,0.001596,74.125.68.0-255,1484,123676,34,344139
37026,0.001615,74.125.68.0-255,2184,125860,34,344139
37027,0.001618,172.31.33.0-255,66,125926,34,344139
37028,0.002266,74.125.68.0-255,1484,127410,34,344139
37029,0.002272,74.125.68.0-255,1484,128894,34,344139
37030,0.002275,172.31.33.0-255,66,128960,34,344139
37031,0.002289,74.125.68.0-255,1484,130444,34,344139
37032,0.0023,74.125.68.0-255,5738,136182,34,344139
37033,0.002301,172.31.33.0-255,66,136248,34,344139
37034,0.002305,74.125.68.0-255,2902,139150,34,344139
37035,0.002307,172.31.33.0-255,66,139216,34,344139
37036,0.002356,172.31.33.0-255,66,139282,34,344139
37037,0.002363,74.125.68.0-255,5738,145020,34,344139
37038,0.002365,172.31.33.0-255,66,145086,34,344139
37039,0.002386,74.125.68.0-255,4320,149406,34,344139
37040,0.002389,172.31.33.0-255,66,149472,34,344139
37041,0.002392,74.125.68.0-255,766,150238,34,344139
37042,0.002635,74.125.68.0-255,1484,151722,34,344139
37043,0.002638,172.31.33.0-255,66,151788,34,344139
37044,0.002666,74.125.68.0-255,2902,154690,34,344139
37045,0.002668,172.31.33.0-255,66,154756,34,344139
37046,0.002671,74.125.68.0-255,1484,156240,34,344139
37047,0.002692,74.125.68.0-255,2902,159142,34,344139
37048,0.002694,172.31.33.0-255,66,159208,34,344139
37049,0.002697,74.125.68.0-255,1484,160692,34,344139
37050,0.002723,74.125.68.0-255,4320,165012,34,344139
37051,0.002727,74.125.68.0-255,2902,167914,34,344139
37052,0.002731,74.125.68.0-255,4320,172234,34,344139
37053,0.002772,74.125.68.0-255,1484,173718,34,344139
37054,0.002774,74.125.68.0-255,1484,175202,34,344139
37055,0.00279,74.125.68.0-255,766,175968,34,344139
37056,0.002816,74.125.68.0-255,4320,180288,34,344139
37057,0.002819,74.125.68.0-255,1484,181772,34,344139
37058,0.002835,74.125.68.0-255,1484,183256,34,344139
37059,0.002854,74.125.68.0-255,5738,188994,34,344139
37060,0.002861,74.125.68.0-255,4320,193314,34,344139
37061,0.002864,74.125.68.0-255,1484,194798,34,344139
37062,0.002867,74.125.68.0-255,1484,196282,34,344139
37063,0.00288,74.125.68.0-255,1484,197766,34,344139
37064,0.00291,74.125.68.0-255,5738,203504,34,344139
37065,0.002925,74.125.68.0-255,1484,204988,34,344139
37066,0.002928,74.125.68.0-255,1484,206472,34,344139
37067,0.002962,74.125.68.0-255,2902,209374,34,344139
37068,0.002972,74.125.68.0-255,2184,211558,34,344139
37069,0.002984,74.125.68.0-255,2902,214460,34,344139
37070,0.002999,74.125.68.0-255,2902,217362,34,344139
37071,0.003016,74.125.68.0-255,1484,218846,34,344139
37072,0.003028,74.125.68.0-255,4320,223166,34,344139
37073,0.00305,74.125.68.0-255,7156,230322,34,344139
37074,0.003069,74.125.68.0-255,4320,234642,34,344139
37075,0.003084,74.125.68.0-255,5738,240380,34,344139
37076,0.003096,74.125.68.0-255,3602,243982,34,344139
37077,0.003098,74.125.68.0-255,1484,245466,34,344139
37078,0.003101,74.125.68.0-255,1484,246950,34,344139
37079,0.003116,74.125.68.0-255,1484,248434,34,344139
37080,0.003119,74.125.68.0-255,1484,249918,34,344139
37081,0.00313,74.125.68.0-255,2902,252820,34,344139
37082,0.00314,74.125.68.0-255,1484,254304,34,344139
37083,0.003155,74.125.68.0-255,4320,258624,34,344139
37084,0.003171,74.125.68.0-255,1484,260108,34,344139
37085,0.003176,172.31.33.0-255,78,260186,34,344139
37086,0.003183,74.125.68.0-255,7156,267342,34,344139
37087,0.003188,74.125.68.0-255,2902,270244,34,344139
37088,0.003207,74.125.68.0-255,2902,273146,34,344139
37089,0.00321,74.125.68.0-255,1484,274630,34,344139
37090,0.003228,74.125.68.0-255,3602,278232,34,344139
37091,0.003242,74.125.68.0-255,2902,281134,34,344139
37092,0.003265,74.125.68.0-255,2902,284036,34,344139
37093,0.003283,74.125.68.0-255,5738,289774,34,344139
37094,0.003379,74.125.68.0-255,2902,292676,34,344139
37095,0.003396,74.125.68.0-255,7156,299832,34,344139
37096,0.003401,74.125.68.0-255,4320,304152,34,344139
37097,0.003406,74.125.68.0-255,5738,309890,34,344139
37098,0.00342,74.125.68.0-255,2184,312074,34,344139
37099,0.003466,74.125.68.0-255,1484,313558,34,344139
37100,0.003481,74.125.68.0-255,1484,315042,34,344139
37101,0.00349,74.125.68.0-255,1484,316526,34,344139
37102,0.003509,74.125.68.0-255,5738,322264,34,344139
37103,0.003522,74.125.68.0-255,1484,323748,34,344139
37104,0.003539,74.125.68.0-255,7156,330904,34,344139
37105,0.00358,74.125.68.0-255,5659,336563,34,344139
37106,0.003592,74.125.68.0-255,105,336668,34,344139
37107,0.010348,172.31.33.0-255,66,336734,34,344139
37108,0.012192,172.31.33.0-255,105,336839,34,344139
37109,0.012463,74.125.68.0-255,7156,343995,34,344139
37110,0.012475,172.31.33.0-255,78,344073,34,344139
37111,0.014715,74.125.68.0-255,66,344139,34,344139
37112,0.0,172.217.194.0-255,147,147,34,232081
37113,1.8e-05,172.31.33.0-255,66,213,34,232081
37114,3.7e-05,172.217.194.0-255,1484,1697,34,232081
37115,4e-05,172.31.33.0-255,66,1763,34,232081
37116,5.1e-05,172.217.194.0-255,2902,4665,34,232081
37117,5.4e-05,172.31.33.0-255,66,4731,34,232081
37118,7.8e-05,172.217.194.0-255,2902,7633,34,232081
37119,8.2e-05,172.31.33.0-255,66,7699,34,232081
37120,0.000102,172.217.194.0-255,4320,12019,34,232081
37121,0.000105,172.31.33.0-255,66,12085,34,232081
37122,0.000108,172.217.194.0-255,2025,14110,34,232081
37123,0.00011,172.31.33.0-255,66,14176,34,232081
37124,0.000142,172.217.194.0-255,2902,17078,34,232081
37125,0.000146,172.31.33.0-255,66,17144,34,232081
37126,0.000165,172.217.194.0-255,5738,22882,34,232081
37127,0.000167,172.31.33.0-255,66,22948,34,232081
37128,0.00017,172.217.194.0-255,1484,24432,34,232081
37129,0.000172,172.31.33.0-255,66,24498,34,232081
37130,0.000192,172.31.33.0-255,66,24564,34,232081
37131,0.000197,172.217.194.0-255,4320,28884,34,232081
37132,0.000199,172.31.33.0-255,66,28950,34,232081
37133,0.000215,172.217.194.0-255,4320,33270,34,232081
37134,0.000218,172.31.33.0-255,66,33336,34,232081
37135,0.000234,172.217.194.0-255,1484,34820,34,232081
37136,0.000236,172.31.33.0-255,66,34886,34,232081
37137,0.000255,172.217.194.0-255,5020,39906,34,232081
37138,0.000258,172.31.33.0-255,66,39972,34,232081
37139,0.000932,172.217.194.0-255,1484,41456,34,232081
37140,0.000938,172.31.33.0-255,66,41522,34,232081
37141,0.000946,172.217.194.0-255,2902,44424,34,232081
37142,0.000948,172.31.33.0-255,66,44490,34,232081
37143,0.000952,172.217.194.0-255,1484,45974,34,232081
37144,0.000969,172.217.194.0-255,4320,50294,34,232081
37145,0.000971,172.31.33.0-255,66,50360,34,232081
37146,0.000975,172.217.194.0-255,2902,53262,34,232081
37147,0.000977,172.31.33.0-255,66,53328,34,232081
37148,0.00102,172.217.194.0-255,1484,54812,34,232081
37149,0.00104,172.217.194.0-255,2821,57633,34,232081
37150,0.001043,172.31.33.0-255,66,57699,34,232081
37151,0.001454,172.217.194.0-255,1484,59183,34,232081
37152,0.001475,172.217.194.0-255,2902,62085,34,232081
37153,0.001479,172.31.33.0-255,66,62151,34,232081
37154,0.001484,172.217.194.0-255,4320,66471,34,232081
37155,0.001486,172.31.33.0-255,66,66537,34,232081
37156,0.001499,172.217.194.0-255,1484,68021,34,232081
37157,0.001531,172.217.194.0-255,4320,72341,34,232081
37158,0.001534,172.31.33.0-255,66,72407,34,232081
37159,0.001555,172.217.194.0-255,5379,77786,34,232081
37160,0.001557,172.31.33.0-255,66,77852,34,232081
37161,0.001563,172.217.194.0-255,7156,85008,34,232081
37162,0.001565,172.31.33.0-255,66,85074,34,232081
37163,0.00158,172.217.194.0-255,2902,87976,34,232081
37164,0.001582,172.31.33.0-255,66,88042,34,232081
37165,0.001587,172.217.194.0-255,7156,95198,34,232081
37166,0.001589,172.31.33.0-255,66,95264,34,232081
37167,0.00161,172.217.194.0-255,2902,98166,34,232081
37168,0.001612,172.31.33.0-255,66,98232,34,232081
37169,0.001631,172.217.194.0-255,4320,102552,34,232081
37170,0.001633,172.31.33.0-255,66,102618,34,232081
37171,0.001655,172.217.194.0-255,6438,109056,34,232081
37172,0.001657,172.31.33.0-255,66,109122,34,232081
37173,0.002203,172.217.194.0-255,1484,110606,34,232081
37174,0.002209,172.217.194.0-255,1484,112090,34,232081
37175,0.002211,172.31.33.0-255,66,112156,34,232081
37176,0.002226,172.217.194.0-255,1484,113640,34,232081
37177,0.002228,172.217.194.0-255,1484,115124,34,232081
37178,0.00223,172.31.33.0-255,66,115190,34,232081
37179,0.002255,172.217.194.0-255,4320,119510,34,232081
37180,0.002257,172.31.33.0-255,66,119576,34,232081
37181,0.002263,172.217.194.0-255,5738,125314,34,232081
37182,0.002264,172.31.33.0-255,66,125380,34,232081
37183,0.002286,172.217.194.0-255,2902,128282,34,232081
37184,0.002288,172.31.33.0-255,66,128348,34,232081
37185,0.002301,172.217.194.0-255,4320,132668,34,232081
37186,0.002303,172.31.33.0-255,66,132734,34,232081
37187,0.002317,172.217.194.0-255,5738,138472,34,232081
37188,0.002319,172.31.33.0-255,66,138538,34,232081
37189,0.002325,172.217.194.0-255,5020,143558,34,232081
37190,0.002326,172.31.33.0-255,66,143624,34,232081
37191,0.002379,172.31.33.0-255,66,143690,34,232081
37192,0.002408,172.217.194.0-255,2902,146592,34,232081
37193,0.00241,172.31.33.0-255,66,146658,34,232081
37194,0.002426,172.31.33.0-255,66,146724,34,232081
37195,0.002436,172.31.33.0-255,66,146790,34,232081
37196,0.00247,172.217.194.0-255,2184,148974,34,232081
37197,0.002473,172.31.33.0-255,66,149040,34,232081
37198,0.004983,172.217.194.0-255,5738,154778,34,232081
37199,0.004988,172.31.33.0-255,66,154844,34,232081
37200,0.007529,172.217.194.0-255,5738,160582,34,232081
37201,0.007536,172.31.33.0-255,66,160648,34,232081
37202,0.010081,172.217.194.0-255,5738,166386,34,232081
37203,0.010088,172.31.33.0-255,66,166452,34,232081
37204,0.012603,172.217.194.0-255,5738,172190,34,232081
37205,0.012609,172.31.33.0-255,66,172256,34,232081
37206,0.015176,172.217.194.0-255,5738,177994,34,232081
37207,0.015186,172.31.33.0-255,66,178060,34,232081
37208,0.017697,172.217.194.0-255,5738,183798,34,232081
37209,0.017704,172.31.33.0-255,66,183864,34,232081
37210,0.019237,172.31.33.0-255,172,184036,34,232081
37211,0.019274,172.31.33.0-255,1112,185148,34,232081
37212,0.019335,172.31.33.0-255,1514,186662,34,232081
37213,0.019337,172.31.33.0-255,1295,187957,34,232081
37214,0.020282,172.217.194.0-255,5738,193695,34,232081
37215,0.020288,172.31.33.0-255,66,193761,34,232081
37216,0.020805,104.244.42.0-255,66,193827,34,232081
37217,0.020845,104.244.42.0-255,66,193893,34,232081
37218,0.020895,104.244.42.0-255,66,193959,34,232081
37219,0.022815,172.217.194.0-255,4320,198279,34,232081
37220,0.022819,172.31.33.0-255,66,198345,34,232081
37221,0.022842,172.217.194.0-255,1484,199829,34,232081
37222,0.02536,172.217.194.0-255,4320,204149,34,232081
37223,0.025364,172.31.33.0-255,66,204215,34,232081
37224,0.027887,172.217.194.0-255,5738,209953,34,232081
37225,0.027892,172.31.33.0-255,66,210019,34,232081
37226,0.030405,172.217.194.0-255,1484,211503,34,232081
37227,0.030442,172.217.194.0-255,4320,215823,34,232081
37228,0.030446,172.31.33.0-255,66,215889,34,232081
37229,0.032973,172.217.194.0-255,4320,220209,34,232081
37230,0.032977,172.31.33.0-255,66,220275,34,232081
37231,0.032999,172.217.194.0-255,1484,221759,34,232081
37232,0.035486,172.217.194.0-255,4320,226079,34,232081
37233,0.035491,172.31.33.0-255,66,226145,34,232081
37234,0.038042,172.217.194.0-255,2902,229047,34,232081
37235,0.038047,172.31.33.0-255,66,229113,34,232081
37236,0.038071,172.217.194.0-255,2902,232015,34,232081
37237,0.038073,172.31.33.0-255,66,232081,34,232081
37238,0.0,74.125.130.0-255,153,153,34,207238
37239,3.2e-05,172.31.33.0-255,66,219,34,207238
37240,3.9e-05,74.125.130.0-255,1484,1703,34,207238
37241,4.3e-05,172.31.33.0-255,66,1769,34,207238
37242,4.8e-05,74.125.130.0-255,2902,4671,34,207238
37243,5.7e-05,172.31.33.0-255,66,4737,34,207238
37244,6.2e-05,74.125.130.0-255,4320,9057,34,207238
37245,6.5e-05,172.31.33.0-255,66,9123,34,207238
37246,9.2e-05,74.125.130.0-255,4919,14042,34,207238
37247,9.6e-05,172.31.33.0-255,66,14108,34,207238
37248,0.000154,74.125.130.0-255,1484,15592,34,207238
37249,0.000158,172.31.33.0-255,66,15658,34,207238
37250,0.000163,74.125.130.0-255,2902,18560,34,207238
37251,0.000164,172.31.33.0-255,66,18626,34,207238
37252,0.000176,74.125.130.0-255,4320,22946,34,207238
37253,0.000181,172.31.33.0-255,66,23012,34,207238
37254,0.000192,74.125.130.0-255,1484,24496,34,207238
37255,0.000194,172.31.33.0-255,66,24562,34,207238
37256,0.000197,74.125.130.0-255,1484,26046,34,207238
37257,0.000199,172.31.33.0-255,66,26112,34,207238
37258,0.000238,74.125.130.0-255,5379,31491,34,207238
37259,0.000241,172.31.33.0-255,66,31557,34,207238
37260,0.000249,74.125.130.0-255,7156,38713,34,207238
37261,0.000251,172.31.33.0-255,66,38779,34,207238
37262,0.000262,74.125.130.0-255,5738,44517,34,207238
37263,0.000265,172.31.33.0-255,66,44583,34,207238
37264,0.000295,74.125.130.0-255,3961,48544,34,207238
37265,0.000298,172.31.33.0-255,66,48610,34,207238
37266,0.000363,74.125.130.0-255,1484,50094,34,207238
37267,0.000367,172.31.33.0-255,66,50160,34,207238
37268,0.000371,74.125.130.0-255,1484,51644,34,207238
37269,0.000373,172.31.33.0-255,66,51710,34,207238
37270,0.000391,74.125.130.0-255,1484,53194,34,207238
37271,0.000402,74.125.130.0-255,4320,57514,34,207238
37272,0.000409,172.31.33.0-255,66,57580,34,207238
37273,0.00042,74.125.130.0-255,5738,63318,34,207238
37274,0.000423,172.31.33.0-255,66,63384,34,207238
37275,0.000457,74.125.130.0-255,2838,66222,34,207238
37276,0.00046,172.31.33.0-255,66,66288,34,207238
37277,0.000463,74.125.130.0-255,381,66669,34,207238
37278,0.000633,74.125.130.0-255,1484,68153,34,207238
37279,0.000638,172.31.33.0-255,66,68219,34,207238
37280,0.000644,74.125.130.0-255,2902,71121,34,207238
37281,0.000646,172.31.33.0-255,66,71187,34,207238
37282,0.000687,74.125.130.0-255,5738,76925,34,207238
37283,0.000691,172.31.33.0-255,66,76991,34,207238
37284,0.000696,74.125.130.0-255,4320,81311,34,207238
37285,0.000698,172.31.33.0-255,66,81377,34,207238
37286,0.000742,74.125.130.0-255,2543,83920,34,207238
37287,0.000746,172.31.33.0-255,66,83986,34,207238
37288,0.000789,74.125.130.0-255,2902,86888,34,207238
37289,0.000794,172.31.33.0-255,66,86954,34,207238
37290,0.000819,74.125.130.0-255,4320,91274,34,207238
37291,0.000822,172.31.33.0-255,66,91340,34,207238
37292,0.000827,74.125.130.0-255,2902,94242,34,207238
37293,0.000829,172.31.33.0-255,66,94308,34,207238
37294,0.000854,74.125.130.0-255,5738,100046,34,207238
37295,0.000862,172.31.33.0-255,66,100112,34,207238
37296,0.000865,74.125.130.0-255,1125,101237,34,207238
37297,0.001093,172.31.33.0-255,66,101303,34,207238
37298,0.001556,74.125.130.0-255,1484,102787,34,207238
37299,0.001566,74.125.130.0-255,2902,105689,34,207238
37300,0.001571,172.31.33.0-255,66,105755,34,207238
37301,0.001579,74.125.130.0-255,5738,111493,34,207238
37302,0.001581,172.31.33.0-255,66,111559,34,207238
37303,0.001623,172.31.33.0-255,66,111625,34,207238
37304,0.001627,74.125.130.0-255,2902,114527,34,207238
37305,0.001629,172.31.33.0-255,66,114593,34,207238
37306,0.001641,74.125.130.0-255,4320,118913,34,207238
37307,0.001643,172.31.33.0-255,66,118979,34,207238
37308,0.001668,74.125.130.0-255,3602,122581,34,207238
37309,0.001676,172.31.33.0-255,66,122647,34,207238
37310,0.004307,74.125.130.0-255,1484,124131,34,207238
37311,0.004331,74.125.130.0-255,2902,127033,34,207238
37312,0.004334,172.31.33.0-255,66,127099,34,207238
37313,0.004355,74.125.130.0-255,1484,128583,34,207238
37314,0.00692,74.125.130.0-255,4320,132903,34,207238
37315,0.006927,172.31.33.0-255,66,132969,34,207238
37316,0.009508,74.125.130.0-255,5738,138707,34,207238
37317,0.009516,172.31.33.0-255,66,138773,34,207238
37318,0.01209,74.125.130.0-255,5738,144511,34,207238
37319,0.012098,172.31.33.0-255,66,144577,34,207238
37320,0.014687,74.125.130.0-255,5738,150315,34,207238
37321,0.014698,172.31.33.0-255,66,150381,34,207238
37322,0.017289,74.125.130.0-255,5738,156119,34,207238
37323,0.017297,172.31.33.0-255,66,156185,34,207238
37324,0.019879,74.125.130.0-255,5738,161923,34,207238
37325,0.019887,172.31.33.0-255,66,161989,34,207238
37326,0.02246,74.125.130.0-255,5738,167727,34,207238
37327,0.022468,172.31.33.0-255,66,167793,34,207238
37328,0.024213,172.31.33.0-255,172,167965,34,207238
37329,0.02424,172.31.33.0-255,1113,169078,34,207238
37330,0.024287,172.31.33.0-255,1514,170592,34,207238
37331,0.024289,172.31.33.0-255,1294,171886,34,207238
37332,0.025044,74.125.130.0-255,5738,177624,34,207238
37333,0.02505,172.31.33.0-255,66,177690,34,207238
37334,0.025742,104.244.42.0-255,66,177756,34,207238
37335,0.025921,104.244.42.0-255,66,177822,34,207238
37336,0.025923,104.244.42.0-255,66,177888,34,207238
37337,0.027605,74.125.130.0-255,1484,179372,34,207238
37338,0.02767,74.125.130.0-255,4320,183692,34,207238
37339,0.027677,172.31.33.0-255,66,183758,34,207238
37340,0.03025,74.125.130.0-255,5738,189496,34,207238
37341,0.030255,172.31.33.0-255,66,189562,34,207238
37342,0.032826,74.125.130.0-255,5738,195300,34,207238
37343,0.032831,172.31.33.0-255,66,195366,34,207238
37344,0.035404,74.125.130.0-255,2902,198268,34,207238
37345,0.035411,172.31.33.0-255,66,198334,34,207238
37346,0.03544,74.125.130.0-255,2902,201236,34,207238
37347,0.035443,172.31.33.0-255,66,201302,34,207238
37348,0.037986,74.125.130.0-255,2902,204204,34,207238
37349,0.037992,172.31.33.0-255,66,204270,34,207238
37350,0.038019,74.125.130.0-255,2902,207172,34,207238
37351,0.038021,172.31.33.0-255,66,207238,34,207238
37352,0.0,172.31.33.0-255,105,105,34,276
37353,0.002121,157.240.7.0-255,105,210,34,276
37354,0.002142,172.31.33.0-255,66,276,34,276
37355,0.0,172.31.33.0-255,105,105,34,342
37356,0.002271,74.125.24.0-255,66,171,34,342
37357,0.002293,74.125.24.0-255,105,276,34,342
37358,0.002297,172.31.33.0-255,66,342,34,342
37359,0.0,74.125.24.0-255,152,152,34,287797
37360,1.7e-05,172.31.33.0-255,66,218,34,287797
37361,2.3e-05,74.125.24.0-255,1484,1702,34,287797
37362,2.7e-05,172.31.33.0-255,66,1768,34,287797
37363,3.3e-05,74.125.24.0-255,2902,4670,34,287797
37364,3.6e-05,172.31.33.0-255,66,4736,34,287797
37365,4e-05,74.125.24.0-255,2902,7638,34,287797
37366,4.3e-05,172.31.33.0-255,66,7704,34,287797
37367,6.4e-05,74.125.24.0-255,2902,10606,34,287797
37368,6.7e-05,172.31.33.0-255,66,10672,34,287797
37369,8e-05,74.125.24.0-255,3507,14179,34,287797
37370,8.3e-05,172.31.33.0-255,66,14245,34,287797
37371,0.00013,74.125.24.0-255,1484,15729,34,287797
37372,0.000132,172.31.33.0-255,66,15795,34,287797
37373,0.000135,74.125.24.0-255,1484,17279,34,287797
37374,0.000137,172.31.33.0-255,66,17345,34,287797
37375,0.000149,74.125.24.0-255,1484,18829,34,287797
37376,0.000152,172.31.33.0-255,66,18895,34,287797
37377,0.000157,74.125.24.0-255,4320,23215,34,287797
37378,0.000159,172.31.33.0-255,66,23281,34,287797
37379,0.000178,74.125.24.0-255,1484,24765,34,287797
37380,0.00018,74.125.24.0-255,1484,26249,34,287797
37381,0.000183,172.31.33.0-255,66,26315,34,287797
37382,0.000186,172.31.33.0-255,66,26381,34,287797
37383,0.000207,74.125.24.0-255,5379,31760,34,287797
37384,0.00021,172.31.33.0-255,66,31826,34,287797
37385,0.000316,74.125.24.0-255,1484,33310,34,287797
37386,0.000319,172.31.33.0-255,66,33376,34,287797
37387,0.000334,74.125.24.0-255,2902,36278,34,287797
37388,0.000336,172.31.33.0-255,66,36344,34,287797
37389,0.000357,74.125.24.0-255,5738,42082,34,287797
37390,0.00036,172.31.33.0-255,66,42148,34,287797
37391,0.000425,74.125.24.0-255,2902,45050,34,287797
37392,0.000442,74.125.24.0-255,7156,52206,34,287797
37393,0.000447,74.125.24.0-255,3961,56167,34,287797
37394,0.000463,74.125.24.0-255,367,56534,34,287797
37395,0.000477,74.125.24.0-255,408,56942,34,287797
37396,0.00048,172.31.33.0-255,66,57008,34,287797
37397,0.000775,74.125.24.0-255,1484,58492,34,287797
37398,0.00078,172.31.33.0-255,66,58558,34,287797
37399,0.000785,74.125.24.0-255,2902,61460,34,287797
37400,0.000796,74.125.24.0-255,1484,62944,34,287797
37401,0.000811,74.125.24.0-255,4320,67264,34,287797
37402,0.000816,74.125.24.0-255,5738,73002,34,287797
37403,0.000819,172.31.33.0-255,66,73068,34,287797
37404,0.000824,172.31.33.0-255,66,73134,34,287797
37405,0.000844,74.125.24.0-255,7156,80290,34,287797
37406,0.000863,172.31.33.0-255,66,80356,34,287797
37407,0.000892,74.125.24.0-255,2184,82540,34,287797
37408,0.000907,172.31.33.0-255,66,82606,34,287797
37409,0.001271,74.125.24.0-255,1484,84090,34,287797
37410,0.001288,74.125.24.0-255,2902,86992,34,287797
37411,0.001291,172.31.33.0-255,66,87058,34,287797
37412,0.00131,74.125.24.0-255,5738,92796,34,287797
37413,0.001335,74.125.24.0-255,4320,97116,34,287797
37414,0.001359,74.125.24.0-255,4320,101436,34,287797
37415,0.001395,172.31.33.0-255,66,101502,34,287797
37416,0.001402,74.125.24.0-255,6438,107940,34,287797
37417,0.001412,172.31.33.0-255,66,108006,34,287797
37418,0.001447,74.125.24.0-255,2902,110908,34,287797
37419,0.001466,74.125.24.0-255,4320,115228,34,287797
37420,0.001484,74.125.24.0-255,4320,119548,34,287797
37421,0.001489,172.31.33.0-255,66,119614,34,287797
37422,0.001509,74.125.24.0-255,4320,123934,34,287797
37423,0.001515,74.125.24.0-255,4320,128254,34,287797
37424,0.00152,74.125.24.0-255,5738,133992,34,287797
37425,0.001531,172.31.33.0-255,66,134058,34,287797
37426,0.001552,74.125.24.0-255,5738,139796,34,287797
37427,0.001564,172.31.33.0-255,66,139862,34,287797
37428,0.001568,74.125.24.0-255,2184,142046,34,287797
37429,0.001572,172.31.33.0-255,66,142112,34,287797
37430,0.001602,74.125.24.0-255,1484,143596,34,287797
37431,0.001608,74.125.24.0-255,2902,146498,34,287797
37432,0.001615,172.31.33.0-255,66,146564,34,287797
37433,0.001627,74.125.24.0-255,5738,152302,34,287797
37434,0.001658,172.31.33.0-255,66,152368,34,287797
37435,0.001667,74.125.24.0-255,2902,155270,34,287797
37436,0.001674,74.125.24.0-255,7156,162426,34,287797
37437,0.001678,172.31.33.0-255,66,162492,34,287797
37438,0.001699,74.125.24.0-255,1484,163976,34,287797
37439,0.001715,74.125.24.0-255,2184,166160,34,287797
37440,0.001731,172.31.33.0-255,66,166226,34,287797
37441,0.001745,74.125.24.0-255,4320,170546,34,287797
37442,0.001749,74.125.24.0-255,1484,172030,34,287797
37443,0.001762,74.125.24.0-255,2902,174932,34,287797
37444,0.00177,172.31.33.0-255,66,174998,34,287797
37445,0.001784,74.125.24.0-255,4320,179318,34,287797
37446,0.0018,172.31.33.0-255,66,179384,34,287797
37447,0.001807,74.125.24.0-255,5738,185122,34,287797
37448,0.001812,74.125.24.0-255,4320,189442,34,287797
37449,0.001817,172.31.33.0-255,66,189508,34,287797
37450,0.001894,172.31.33.0-255,66,189574,34,287797
37451,0.001933,74.125.24.0-255,1484,191058,34,287797
37452,0.001937,74.125.24.0-255,1484,192542,34,287797
37453,0.001945,172.31.33.0-255,66,192608,34,287797
37454,0.001956,74.125.24.0-255,1484,194092,34,287797
37455,0.001963,74.125.24.0-255,5738,199830,34,287797
37456,0.002008,74.125.24.0-255,1484,201314,34,287797
37457,0.002012,172.31.33.0-255,66,201380,34,287797
37458,0.002044,172.31.33.0-255,66,201446,34,287797
37459,0.002059,74.125.24.0-255,2902,204348,34,287797
37460,0.002074,74.125.24.0-255,4320,208668,34,287797
37461,0.002095,172.31.33.0-255,66,208734,34,287797
37462,0.002109,74.125.24.0-255,5738,214472,34,287797
37463,0.002125,172.31.33.0-255,66,214538,34,287797
37464,0.002145,74.125.24.0-255,766,215304,34,287797
37465,0.002172,74.125.24.0-255,4320,219624,34,287797
37466,0.002176,172.31.33.0-255,66,219690,34,287797
37467,0.002181,172.31.33.0-255,66,219756,34,287797
37468,0.002196,74.125.24.0-255,5738,225494,34,287797
37469,0.002203,74.125.24.0-255,5738,231232,34,287797
37470,0.002213,172.31.33.0-255,66,231298,34,287797
37471,0.002227,74.125.24.0-255,5738,237036,34,287797
37472,0.002243,172.31.33.0-255,66,237102,34,287797
37473,0.002283,74.125.24.0-255,1484,238586,34,287797
37474,0.002288,74.125.24.0-255,2902,241488,34,287797
37475,0.002304,74.125.24.0-255,5738,247226,34,287797
37476,0.00231,172.31.33.0-255,66,247292,34,287797
37477,0.002331,74.125.24.0-255,5738,253030,34,287797
37478,0.002334,74.125.24.0-255,1484,254514,34,287797
37479,0.002346,172.31.33.0-255,66,254580,34,287797
37480,0.002368,74.125.24.0-255,1484,256064,34,287797
37481,0.00239,74.125.24.0-255,6438,262502,34,287797
37482,0.002398,172.31.33.0-255,66,262568,34,287797
37483,0.002458,74.125.24.0-255,1484,264052,34,287797
37484,0.002462,74.125.24.0-255,1484,265536,34,287797
37485,0.002468,172.31.33.0-255,66,265602,34,287797
37486,0.002477,74.125.24.0-255,1484,267086,34,287797
37487,0.002482,74.125.24.0-255,2902,269988,34,287797
37488,0.002486,172.31.33.0-255,66,270054,34,287797
37489,0.002495,74.125.24.0-255,2902,272956,34,287797
37490,0.002516,74.125.24.0-255,5738,278694,34,287797
37491,0.002524,172.31.33.0-255,66,278760,34,287797
37492,0.002536,74.125.24.0-255,7156,285916,34,287797
37493,0.002539,74.125.24.0-255,1376,287292,34,287797
37494,0.002541,74.125.24.0-255,97,287389,34,287797
37495,0.002553,172.31.33.0-255,66,287455,34,287797
37496,0.002659,74.125.24.0-255,105,287560,34,287797
37497,0.016369,172.31.33.0-255,66,287626,34,287797
37498,0.016418,172.31.33.0-255,105,287731,34,287797
37499,0.01868,74.125.24.0-255,66,287797,34,287797
37500,0.0,172.217.194.0-255,153,153,34,199518
37501,2.9e-05,172.31.33.0-255,66,219,34,199518
37502,3.5e-05,172.217.194.0-255,1484,1703,34,199518
37503,3.9e-05,172.31.33.0-255,66,1769,34,199518
37504,4.9e-05,172.217.194.0-255,2902,4671,34,199518
37505,5.2e-05,172.31.33.0-255,66,4737,34,199518
37506,5.8e-05,172.217.194.0-255,5738,10475,34,199518
37507,6e-05,172.31.33.0-255,66,10541,34,199518
37508,8.6e-05,172.217.194.0-255,1484,12025,34,199518
37509,9.2e-05,172.31.33.0-255,66,12091,34,199518
37510,0.000104,172.31.33.0-255,66,12157,34,199518
37511,0.000138,172.31.33.0-255,66,12223,34,199518
37512,0.000195,172.217.194.0-255,1484,13707,34,199518
37513,0.000198,172.31.33.0-255,66,13773,34,199518
37514,0.000203,172.217.194.0-255,2902,16675,34,199518
37515,0.000204,172.31.33.0-255,66,16741,34,199518
37516,0.000209,172.217.194.0-255,2902,19643,34,199518
37517,0.00021,172.31.33.0-255,66,19709,34,199518
37518,0.000243,172.217.194.0-255,2902,22611,34,199518
37519,0.000245,172.31.33.0-255,66,22677,34,199518
37520,0.000251,172.217.194.0-255,5738,28415,34,199518
37521,0.000253,172.31.33.0-255,66,28481,34,199518
37522,0.000259,172.217.194.0-255,5738,34219,34,199518
37523,0.000263,172.31.33.0-255,66,34285,34,199518
37524,0.00029,172.31.33.0-255,66,34351,34,199518
37525,0.000294,172.217.194.0-255,4214,38565,34,199518
37526,0.000296,172.31.33.0-255,66,38631,34,199518
37527,0.000299,172.217.194.0-255,115,38746,34,199518
37528,0.000301,172.31.33.0-255,66,38812,34,199518
37529,0.000497,172.217.194.0-255,386,39198,34,199518
37530,0.000707,172.217.194.0-255,1484,40682,34,199518
37531,0.000708,172.31.33.0-255,66,40748,34,199518
37532,0.000709,172.217.194.0-255,1484,42232,34,199518
37533,0.000724,172.31.33.0-255,66,42298,34,199518
37534,0.000733,172.217.194.0-255,1484,43782,34,199518
37535,0.000736,172.217.194.0-255,1484,45266,34,199518
37536,0.000755,172.31.33.0-255,66,45332,34,199518
37537,0.000757,172.217.194.0-255,4320,49652,34,199518
37538,0.000761,172.217.194.0-255,4320,53972,34,199518
37539,0.000767,172.31.33.0-255,66,54038,34,199518
37540,0.000788,172.217.194.0-255,1992,56030,34,199518
37541,0.000796,172.31.33.0-255,66,56096,34,199518
37542,0.00096,172.217.194.0-255,1484,57580,34,199518
37543,0.000966,172.217.194.0-255,1484,59064,34,199518
37544,0.000969,172.31.33.0-255,66,59130,34,199518
37545,0.000998,172.217.194.0-255,1484,60614,34,199518
37546,0.001004,172.217.194.0-255,5738,66352,34,199518
37547,0.001023,172.217.194.0-255,1484,67836,34,199518
37548,0.001043,172.217.194.0-255,7156,74992,34,199518
37549,0.001087,172.217.194.0-255,7156,82148,34,199518
37550,0.001472,172.217.194.0-255,1484,83632,34,199518
37551,0.00148,172.217.194.0-255,2902,86534,34,199518
37552,0.001483,172.217.194.0-255,1484,88018,34,199518
37553,0.001495,172.217.194.0-255,4320,92338,34,199518
37554,0.001523,172.217.194.0-255,5738,98076,34,199518
37555,0.001546,172.217.194.0-255,7156,105232,34,199518
37556,0.001569,172.217.194.0-255,2902,108134,34,199518
37557,0.00192,172.217.194.0-255,1484,109618,34,199518
37558,0.001974,172.217.194.0-255,2902,112520,34,199518
37559,0.001979,172.217.194.0-255,5738,118258,34,199518
37560,0.001983,172.217.194.0-255,2902,121160,34,199518
37561,0.002026,172.217.194.0-255,4320,125480,34,199518
37562,0.002157,172.217.194.0-255,1484,126964,34,199518
37563,0.00216,172.217.194.0-255,1484,128448,34,199518
37564,0.002169,172.217.194.0-255,1484,129932,34,199518
37565,0.002192,172.217.194.0-255,5738,135670,34,199518
37566,0.002195,172.217.194.0-255,1484,137154,34,199518
37567,0.002228,172.217.194.0-255,2902,140056,34,199518
37568,0.002282,172.217.194.0-255,4320,144376,34,199518
37569,0.002319,172.217.194.0-255,5738,150114,34,199518
37570,0.002342,172.217.194.0-255,5020,155134,34,199518
37571,0.002373,172.217.194.0-255,4320,159454,34,199518
37572,0.002416,172.217.194.0-255,7156,166610,34,199518
37573,0.002452,172.217.194.0-255,5738,172348,34,199518
37574,0.002469,172.217.194.0-255,1484,173832,34,199518
37575,0.002504,172.217.194.0-255,2902,176734,34,199518
37576,0.002527,172.217.194.0-255,1484,178218,34,199518
37577,0.002599,172.217.194.0-255,2902,181120,34,199518
37578,0.002602,172.217.194.0-255,766,181886,34,199518
37579,0.002606,172.31.33.0-255,78,181964,34,199518
37580,0.002641,172.217.194.0-255,4320,186284,34,199518
37581,0.002645,172.217.194.0-255,2902,189186,34,199518
37582,0.002647,172.217.194.0-255,1484,190670,34,199518
37583,0.002778,172.217.194.0-255,1484,192154,34,199518
37584,0.002783,172.217.194.0-255,2902,195056,34,199518
37585,0.002809,172.217.194.0-255,4120,199176,34,199518
37586,0.00284,172.217.194.0-255,105,199281,34,199518
37587,0.005132,172.31.33.0-255,66,199347,34,199518
37588,0.013387,172.31.33.0-255,105,199452,34,199518
37589,0.015695,172.217.194.0-255,66,199518,34,199518
37590,0.0,172.31.33.0-255,66,66,34,66
37591,0.0,172.217.194.0-255,143,143,34,166597
37592,2.2e-05,172.31.33.0-255,66,209,34,166597
37593,2.8e-05,172.217.194.0-255,1484,1693,34,166597
37594,3.2e-05,172.31.33.0-255,66,1759,34,166597
37595,3.7e-05,172.217.194.0-255,2902,4661,34,166597
37596,4.6e-05,172.31.33.0-255,66,4727,34,166597
37597,8.2e-05,172.217.194.0-255,7156,11883,34,166597
37598,8.5e-05,172.31.33.0-255,66,11949,34,166597
37599,8.9e-05,172.217.194.0-255,2129,14078,34,166597
37600,9.1e-05,172.31.33.0-255,66,14144,34,166597
37601,0.000195,172.217.194.0-255,1484,15628,34,166597
37602,0.000198,172.31.33.0-255,66,15694,34,166597
37603,0.000225,172.217.194.0-255,2902,18596,34,166597
37604,0.000227,172.31.33.0-255,66,18662,34,166597
37605,0.00023,172.217.194.0-255,1484,20146,34,166597
37606,0.000231,172.31.33.0-255,66,20212,34,166597
37607,0.000236,172.217.194.0-255,2902,23114,34,166597
37608,0.000238,172.31.33.0-255,66,23180,34,166597
37609,0.000243,172.217.194.0-255,5738,28918,34,166597
37610,0.000245,172.31.33.0-255,66,28984,34,166597
37611,0.000271,172.217.194.0-255,1484,30468,34,166597
37612,0.000273,172.31.33.0-255,66,30534,34,166597
37613,0.000309,172.217.194.0-255,6797,37331,34,166597
37614,0.000312,172.31.33.0-255,66,37397,34,166597
37615,0.000321,172.31.33.0-255,66,37463,34,166597
37616,0.000325,172.217.194.0-255,2543,40006,34,166597
37617,0.000327,172.31.33.0-255,66,40072,34,166597
37618,0.000366,172.217.194.0-255,1484,41556,34,166597
37619,0.000368,172.31.33.0-255,66,41622,34,166597
37620,0.000372,172.217.194.0-255,2902,44524,34,166597
37621,0.000374,172.31.33.0-255,66,44590,34,166597
37622,0.000406,172.217.194.0-255,5738,50328,34,166597
37623,0.000409,172.31.33.0-255,66,50394,34,166597
37624,0.000434,172.217.194.0-255,5738,56132,34,166597
37625,0.000436,172.31.33.0-255,66,56198,34,166597
37626,0.000458,172.217.194.0-255,1125,57323,34,166597
37627,0.000462,172.217.194.0-255,380,57703,34,166597
37628,0.00055,172.217.194.0-255,1484,59187,34,166597
37629,0.000553,172.31.33.0-255,66,59253,34,166597
37630,0.000556,172.217.194.0-255,1484,60737,34,166597
37631,0.000574,172.217.194.0-255,1484,62221,34,166597
37632,0.000576,172.31.33.0-255,66,62287,34,166597
37633,0.000582,172.217.194.0-255,5738,68025,34,166597
37634,0.000584,172.31.33.0-255,66,68091,34,166597
37635,0.000611,172.217.194.0-255,1484,69575,34,166597
37636,0.000632,172.31.33.0-255,66,69641,34,166597
37637,0.00066,172.217.194.0-255,3961,73602,34,166597
37638,0.000663,172.31.33.0-255,66,73668,34,166597
37639,0.000677,172.31.33.0-255,66,73734,34,166597
37640,0.00068,172.217.194.0-255,1484,75218,34,166597
37641,0.000711,172.217.194.0-255,2902,78120,34,166597
37642,0.000714,172.31.33.0-255,66,78186,34,166597
37643,0.00074,172.217.194.0-255,5738,83924,34,166597
37644,0.000742,172.31.33.0-255,66,83990,34,166597
37645,0.000749,172.217.194.0-255,7156,91146,34,166597
37646,0.000751,172.31.33.0-255,66,91212,34,166597
37647,0.000793,172.31.33.0-255,66,91278,34,166597
37648,0.000796,172.217.194.0-255,587,91865,34,166597
37649,0.000943,172.217.194.0-255,1484,93349,34,166597
37650,0.000947,172.31.33.0-255,66,93415,34,166597
37651,0.000952,172.217.194.0-255,2902,96317,34,166597
37652,0.000954,172.31.33.0-255,66,96383,34,166597
37653,0.000963,172.217.194.0-255,5738,102121,34,166597
37654,0.000966,172.31.33.0-255,66,102187,34,166597
37655,0.000997,172.217.194.0-255,1484,103671,34,166597
37656,0.001026,172.31.33.0-255,66,103737,34,166597
37657,0.001038,172.31.33.0-255,66,103803,34,166597
37658,0.001068,172.217.194.0-255,1484,105287,34,166597
37659,0.001072,172.217.194.0-255,1484,106771,34,166597
37660,0.001074,172.31.33.0-255,66,106837,34,166597
37661,0.001094,172.217.194.0-255,1484,108321,34,166597
37662,0.001101,172.217.194.0-255,5738,114059,34,166597
37663,0.001103,172.31.33.0-255,66,114125,34,166597
37664,0.001134,172.31.33.0-255,66,114191,34,166597
37665,0.00115,172.217.194.0-255,2902,117093,34,166597
37666,0.001152,172.31.33.0-255,66,117159,34,166597
37667,0.001163,172.31.33.0-255,66,117225,34,166597
37668,0.001204,172.31.33.0-255,66,117291,34,166597
37669,0.001218,172.31.33.0-255,66,117357,34,166597
37670,0.001252,172.31.33.0-255,66,117423,34,166597
37671,0.001268,172.31.33.0-255,66,117489,34,166597
37672,0.001317,172.217.194.0-255,5738,123227,34,166597
37673,0.001331,172.217.194.0-255,4320,127547,34,166597
37674,0.001374,172.31.33.0-255,66,127613,34,166597
37675,0.001409,172.31.33.0-255,66,127679,34,166597
37676,0.001656,172.217.194.0-255,1484,129163,34,166597
37677,0.001683,172.217.194.0-255,2902,132065,34,166597
37678,0.001687,172.31.33.0-255,66,132131,34,166597
37679,0.0017,172.217.194.0-255,5738,137869,34,166597
37680,0.001715,172.31.33.0-255,66,137935,34,166597
37681,0.001733,172.217.194.0-255,7156,145091,34,166597
37682,0.001789,172.31.33.0-255,66,145157,34,166597
37683,0.001819,172.217.194.0-255,7156,152313,34,166597
37684,0.001824,172.31.33.0-255,66,152379,34,166597
37685,0.001834,172.217.194.0-255,1484,153863,34,166597
37686,0.001863,172.217.194.0-255,2902,156765,34,166597
37687,0.001869,172.31.33.0-255,66,156831,34,166597
37688,0.001905,172.217.194.0-255,5738,162569,34,166597
37689,0.001911,172.31.33.0-255,66,162635,34,166597
37690,0.001926,172.217.194.0-255,2902,165537,34,166597
37691,0.001949,172.217.194.0-255,652,166189,34,166597
37692,0.001954,172.31.33.0-255,66,166255,34,166597
37693,0.001978,172.217.194.0-255,105,166360,34,166597
37694,0.015851,172.31.33.0-255,66,166426,34,166597
37695,0.015896,172.31.33.0-255,105,166531,34,166597
37696,0.018408,172.217.194.0-255,66,166597,34,166597
37697,0.0,172.217.194.0-255,153,153,34,198270
37698,3e-05,172.31.33.0-255,66,219,34,198270
37699,3.6e-05,172.217.194.0-255,1484,1703,34,198270
37700,3.9e-05,172.31.33.0-255,66,1769,34,198270
37701,4.3e-05,172.217.194.0-255,2902,4671,34,198270
37702,4.6e-05,172.31.33.0-255,66,4737,34,198270
37703,7.2e-05,172.217.194.0-255,7156,11893,34,198270
37704,7.5e-05,172.31.33.0-255,66,11959,34,198270
37705,7.8e-05,172.217.194.0-255,1984,13943,34,198270
37706,8.2e-05,172.31.33.0-255,66,14009,34,198270
37707,0.000333,172.217.194.0-255,1484,15493,34,198270
37708,0.000338,172.217.194.0-255,2902,18395,34,198270
37709,0.000338,172.31.33.0-255,66,18461,34,198270
37710,0.000342,172.31.33.0-255,66,18527,34,198270
37711,0.000365,172.217.194.0-255,5738,24265,34,198270
37712,0.000369,172.31.33.0-255,66,24331,34,198270
37713,0.000387,172.217.194.0-255,4320,28651,34,198270
37714,0.00039,172.31.33.0-255,66,28717,34,198270
37715,0.000423,172.31.33.0-255,66,28783,34,198270
37716,0.000436,172.31.33.0-255,66,28849,34,198270
37717,0.000446,172.31.33.0-255,66,28915,34,198270
37718,0.000465,172.217.194.0-255,3602,32517,34,198270
37719,0.000468,172.31.33.0-255,66,32583,34,198270
37720,0.00047,172.217.194.0-255,376,32959,34,198270
37721,0.000472,172.31.33.0-255,66,33025,34,198270
37722,0.000502,172.217.194.0-255,100,33125,34,198270
37723,0.000505,172.31.33.0-255,66,33191,34,198270
37724,0.000639,172.217.194.0-255,1484,34675,34,198270
37725,0.000643,172.31.33.0-255,66,34741,34,198270
37726,0.000646,172.217.194.0-255,1484,36225,34,198270
37727,0.000661,172.217.194.0-255,1484,37709,34,198270
37728,0.000664,172.31.33.0-255,66,37775,34,198270
37729,0.000669,172.217.194.0-255,5738,43513,34,198270
37730,0.000671,172.31.33.0-255,66,43579,34,198270
37731,0.000711,172.31.33.0-255,66,43645,34,198270
37732,0.000721,172.31.33.0-255,66,43711,34,198270
37733,0.000763,172.217.194.0-255,2482,46193,34,198270
37734,0.000766,172.31.33.0-255,66,46259,34,198270
37735,0.00088,172.217.194.0-255,1484,47743,34,198270
37736,0.000886,172.217.194.0-255,2902,50645,34,198270
37737,0.000889,172.31.33.0-255,66,50711,34,198270
37738,0.000896,172.217.194.0-255,5738,56449,34,198270
37739,0.000899,172.31.33.0-255,66,56515,34,198270
37740,0.000902,172.217.194.0-255,1484,57999,34,198270
37741,0.000905,172.217.194.0-255,2902,60901,34,198270
37742,0.000908,172.31.33.0-255,66,60967,34,198270
37743,0.000937,172.217.194.0-255,5738,66705,34,198270
37744,0.000941,172.31.33.0-255,66,66771,34,198270
37745,0.000961,172.217.194.0-255,4320,71091,34,198270
37746,0.000963,172.31.33.0-255,66,71157,34,198270
37747,0.000991,172.217.194.0-255,766,71923,34,198270
37748,0.000994,172.31.33.0-255,66,71989,34,198270
37749,0.001214,172.217.194.0-255,1484,73473,34,198270
37750,0.001219,172.217.194.0-255,2902,76375,34,198270
37751,0.001219,172.31.33.0-255,66,76441,34,198270
37752,0.001222,172.31.33.0-255,66,76507,34,198270
37753,0.001239,172.217.194.0-255,5738,82245,34,198270
37754,0.001243,172.31.33.0-255,66,82311,34,198270
37755,0.001263,172.217.194.0-255,5738,88049,34,198270
37756,0.001267,172.31.33.0-255,66,88115,34,198270
37757,0.001293,172.217.194.0-255,7156,95271,34,198270
37758,0.001297,172.31.33.0-255,66,95337,34,198270
37759,0.00132,172.217.194.0-255,5738,101075,34,198270
37760,0.001323,172.31.33.0-255,66,101141,34,198270
37761,0.001345,172.217.194.0-255,5020,106161,34,198270
37762,0.001347,172.31.33.0-255,66,106227,34,198270
37763,0.001476,172.217.194.0-255,1484,107711,34,198270
37764,0.001483,172.217.194.0-255,2902,110613,34,198270
37765,0.001486,172.31.33.0-255,66,110679,34,198270
37766,0.001493,172.217.194.0-255,5738,116417,34,198270
37767,0.001495,172.31.33.0-255,66,116483,34,198270
37768,0.001535,172.31.33.0-255,66,116549,34,198270
37769,0.001547,172.31.33.0-255,66,116615,34,198270
37770,0.001577,172.217.194.0-255,3602,120217,34,198270
37771,0.001581,172.31.33.0-255,66,120283,34,198270
37772,0.001603,172.217.194.0-255,4320,124603,34,198270
37773,0.001607,172.31.33.0-255,66,124669,34,198270
37774,0.001612,172.217.194.0-255,2902,127571,34,198270
37775,0.001614,172.31.33.0-255,66,127637,34,198270
37776,0.001633,172.217.194.0-255,7156,134793,34,198270
37777,0.001636,172.31.33.0-255,66,134859,34,198270
37778,0.001648,172.31.33.0-255,66,134925,34,198270
37779,0.00168,172.217.194.0-255,2902,137827,34,198270
37780,0.001685,172.31.33.0-255,66,137893,34,198270
37781,0.001693,172.217.194.0-255,3602,141495,34,198270
37782,0.001696,172.31.33.0-255,66,141561,34,198270
37783,0.001717,172.217.194.0-255,7156,148717,34,198270
37784,0.00172,172.31.33.0-255,66,148783,34,198270
37785,0.001757,172.31.33.0-255,66,148849,34,198270
37786,0.001789,172.217.194.0-255,2902,151751,34,198270
37787,0.001793,172.31.33.0-255,66,151817,34,198270
37788,0.001825,172.31.33.0-255,66,151883,34,198270
37789,0.001844,172.217.194.0-255,1484,153367,34,198270
37790,0.001849,172.217.194.0-255,2902,156269,34,198270
37791,0.001852,172.31.33.0-255,66,156335,34,198270
37792,0.001873,172.217.194.0-255,5738,162073,34,198270
37793,0.001876,172.31.33.0-255,66,162139,34,198270
37794,0.001912,172.217.194.0-255,2902,165041,34,198270
37795,0.001916,172.31.33.0-255,66,165107,34,198270
37796,0.001951,172.31.33.0-255,66,165173,34,198270
37797,0.001963,172.31.33.0-255,66,165239,34,198270
37798,0.001992,172.217.194.0-255,7156,172395,34,198270
37799,0.001996,172.31.33.0-255,66,172461,34,198270
37800,0.002021,172.217.194.0-255,4320,176781,34,198270
37801,0.002025,172.31.33.0-255,66,176847,34,198270
37802,0.002037,172.31.33.0-255,66,176913,34,198270
37803,0.00205,172.31.33.0-255,66,176979,34,198270
37804,0.00207,172.217.194.0-255,5020,181999,34,198270
37805,0.002073,172.31.33.0-255,66,182065,34,198270
37806,0.002089,172.31.33.0-255,66,182131,34,198270
37807,0.002096,172.217.194.0-255,6438,188569,34,198270
37808,0.002098,172.31.33.0-255,66,188635,34,198270
37809,0.002151,172.31.33.0-255,66,188701,34,198270
37810,0.00218,172.31.33.0-255,66,188767,34,198270
37811,0.002185,172.217.194.0-255,2902,191669,34,198270
37812,0.002188,172.31.33.0-255,66,191735,34,198270
37813,0.002209,172.217.194.0-255,6127,197862,34,198270
37814,0.002213,172.31.33.0-255,66,197928,34,198270
37815,0.002216,172.217.194.0-255,105,198033,34,198270
37816,0.003746,172.31.33.0-255,66,198099,34,198270
37817,0.003782,172.31.33.0-255,105,198204,34,198270
37818,0.006015,172.217.194.0-255,66,198270,34,198270
37819,0.0,172.217.27.0-255,150,150,34,278486
37820,2.1e-05,172.31.33.0-255,66,216,34,278486
37821,2.8e-05,172.217.27.0-255,1484,1700,34,278486
37822,3.2e-05,172.31.33.0-255,66,1766,34,278486
37823,3.6e-05,172.217.27.0-255,2902,4668,34,278486
37824,3.9e-05,172.31.33.0-255,66,4734,34,278486
37825,4.2e-05,172.217.27.0-255,1484,6218,34,278486
37826,4.4e-05,172.31.33.0-255,66,6284,34,278486
37827,5.6e-05,172.31.33.0-255,66,6350,34,278486
37828,7.5e-05,172.217.27.0-255,5738,12088,34,278486
37829,7.8e-05,172.31.33.0-255,66,12154,34,278486
37830,0.000109,172.31.33.0-255,66,12220,34,278486
37831,0.000142,172.217.27.0-255,1484,13704,34,278486
37832,0.000144,172.31.33.0-255,66,13770,34,278486
37833,0.000147,172.217.27.0-255,1484,15254,34,278486
37834,0.000148,172.31.33.0-255,66,15320,34,278486
37835,0.000166,172.217.27.0-255,1484,16804,34,278486
37836,0.000167,172.31.33.0-255,66,16870,34,278486
37837,0.00017,172.217.27.0-255,1484,18354,34,278486
37838,0.000172,172.31.33.0-255,66,18420,34,278486
37839,0.000175,172.217.27.0-255,2902,21322,34,278486
37840,0.000177,172.31.33.0-255,66,21388,34,278486
37841,0.000205,172.217.27.0-255,5738,27126,34,278486
37842,0.000207,172.31.33.0-255,66,27192,34,278486
37843,0.00021,172.217.27.0-255,1484,28676,34,278486
37844,0.000211,172.31.33.0-255,66,28742,34,278486
37845,0.000225,172.217.27.0-255,1125,29867,34,278486
37846,0.000226,172.31.33.0-255,66,29933,34,278486
37847,0.000306,172.217.27.0-255,1484,31417,34,278486
37848,0.00031,172.31.33.0-255,66,31483,34,278486
37849,0.000315,172.217.27.0-255,2902,34385,34,278486
37850,0.000319,172.217.27.0-255,2902,37287,34,278486
37851,0.000322,172.217.27.0-255,1484,38771,34,278486
37852,0.000335,172.217.27.0-255,2902,41673,34,278486
37853,0.000393,172.217.27.0-255,5670,47343,34,278486
37854,0.000442,172.31.33.0-255,66,47409,34,278486
37855,0.000637,172.217.27.0-255,131,47540,34,278486
37856,0.000815,172.217.27.0-255,1484,49024,34,278486
37857,0.000819,172.31.33.0-255,66,49090,34,278486
37858,0.000824,172.217.27.0-255,2902,51992,34,278486
37859,0.000826,172.217.27.0-255,1484,53476,34,278486
37860,0.000839,172.217.27.0-255,1484,54960,34,278486
37861,0.000844,172.217.27.0-255,4320,59280,34,278486
37862,0.000848,172.31.33.0-255,66,59346,34,278486
37863,0.000865,172.217.27.0-255,4320,63666,34,278486
37864,0.000871,172.31.33.0-255,66,63732,34,278486
37865,0.000882,172.217.27.0-255,5379,69111,34,278486
37866,0.000887,172.217.27.0-255,4320,73431,34,278486
37867,0.000922,172.31.33.0-255,66,73497,34,278486
37868,0.001397,172.217.27.0-255,1484,74981,34,278486
37869,0.001406,172.217.27.0-255,2902,77883,34,278486
37870,0.00141,172.31.33.0-255,66,77949,34,278486
37871,0.001414,172.217.27.0-255,1484,79433,34,278486
37872,0.001429,172.217.27.0-255,2902,82335,34,278486
37873,0.001432,172.217.27.0-255,1484,83819,34,278486
37874,0.001447,172.217.27.0-255,2902,86721,34,278486
37875,0.001465,172.217.27.0-255,4320,91041,34,278486
37876,0.001485,172.217.27.0-255,4320,95361,34,278486
37877,0.001491,172.217.27.0-255,5738,101099,34,278486
37878,0.00151,172.217.27.0-255,6438,107537,34,278486
37879,0.002024,172.217.27.0-255,1484,109021,34,278486
37880,0.00203,172.217.27.0-255,1484,110505,34,278486
37881,0.002046,172.217.27.0-255,2902,113407,34,278486
37882,0.002069,172.217.27.0-255,5738,119145,34,278486
37883,0.002084,172.217.27.0-255,7156,126301,34,278486
37884,0.002104,172.217.27.0-255,5738,132039,34,278486
37885,0.002108,172.217.27.0-255,4320,136359,34,278486
37886,0.002124,172.217.27.0-255,5020,141379,34,278486
37887,0.002174,172.217.27.0-255,1484,142863,34,278486
37888,0.002184,172.217.27.0-255,2902,145765,34,278486
37889,0.002187,172.217.27.0-255,1484,147249,34,278486
37890,0.002198,172.217.27.0-255,2902,150151,34,278486
37891,0.002219,172.217.27.0-255,5738,155889,34,278486
37892,0.002229,172.217.27.0-255,2902,158791,34,278486
37893,0.00225,172.217.27.0-255,2902,161693,34,278486
37894,0.002299,172.217.27.0-255,3602,165295,34,278486
37895,0.002317,172.217.27.0-255,5738,171033,34,278486
37896,0.002333,172.217.27.0-255,7156,178189,34,278486
37897,0.00236,172.217.27.0-255,3602,181791,34,278486
37898,0.002622,172.217.27.0-255,1484,183275,34,278486
37899,0.002632,172.217.27.0-255,1484,184759,34,278486
37900,0.002641,172.217.27.0-255,1484,186243,34,278486
37901,0.002646,172.217.27.0-255,4320,190563,34,278486
37902,0.002655,172.217.27.0-255,1484,192047,34,278486
37903,0.002666,172.217.27.0-255,2902,194949,34,278486
37904,0.002683,172.217.27.0-255,1484,196433,34,278486
37905,0.002693,172.217.27.0-255,5738,202171,34,278486
37906,0.002737,172.217.27.0-255,2902,205073,34,278486
37907,0.00275,172.217.27.0-255,2184,207257,34,278486
37908,0.002806,172.217.27.0-255,1484,208741,34,278486
37909,0.002825,172.217.27.0-255,2902,211643,34,278486
37910,0.002831,172.217.27.0-255,5738,217381,34,278486
37911,0.002849,172.217.27.0-255,1484,218865,34,278486
37912,0.002863,172.217.27.0-255,2902,221767,34,278486
37913,0.002898,172.217.27.0-255,7156,228923,34,278486
37914,0.002911,172.217.27.0-255,3602,232525,34,278486
37915,0.002985,172.217.27.0-255,1484,234009,34,278486
37916,0.00299,172.217.27.0-255,2902,236911,34,278486
37917,0.002995,172.217.27.0-255,4320,241231,34,278486
37918,0.003011,172.217.27.0-255,1484,242715,34,278486
37919,0.003014,172.217.27.0-255,1484,244199,34,278486
37920,0.003031,172.217.27.0-255,1484,245683,34,278486
37921,0.003051,172.217.27.0-255,7156,252839,34,278486
37922,0.003071,172.217.27.0-255,2902,255741,34,278486
37923,0.003075,172.217.27.0-255,2184,257925,34,278486
37924,0.003107,172.217.27.0-255,2902,260827,34,278486
37925,0.003125,172.217.27.0-255,4320,265147,34,278486
37926,0.003129,172.217.27.0-255,2902,268049,34,278486
37927,0.003146,172.217.27.0-255,2902,270951,34,278486
37928,0.003177,172.217.27.0-255,2902,273853,34,278486
37929,0.003281,172.217.27.0-255,105,273958,34,278486
37930,0.004616,172.31.33.0-255,66,274024,34,278486
37931,0.006446,172.31.33.0-255,105,274129,34,278486
37932,0.008074,172.217.27.0-255,66,274195,34,278486
37933,0.028379,172.31.33.0-255,171,274366,34,278486
37934,0.028411,172.31.33.0-255,1137,275503,34,278486
37935,0.028478,172.31.33.0-255,1514,277017,34,278486
37936,0.028481,172.31.33.0-255,1271,278288,34,278486
37937,0.02993,104.244.42.0-255,66,278354,34,278486
37938,0.029972,104.244.42.0-255,66,278420,34,278486
37939,0.030072,104.244.42.0-255,66,278486,34,278486
37940,0.0,172.217.24.0-255,153,153,34,187941
37941,3e-05,172.31.33.0-255,66,219,34,187941
37942,3.7e-05,172.217.24.0-255,1484,1703,34,187941
37943,4.1e-05,172.31.33.0-255,66,1769,34,187941
37944,4.6e-05,172.217.24.0-255,2902,4671,34,187941
37945,5.7e-05,172.31.33.0-255,66,4737,34,187941
37946,6.3e-05,172.217.24.0-255,5738,10475,34,187941
37947,6.6e-05,172.31.33.0-255,66,10541,34,187941
37948,0.0001,172.217.24.0-255,3549,14090,34,187941
37949,0.000103,172.31.33.0-255,66,14156,34,187941
37950,0.000151,172.217.24.0-255,1484,15640,34,187941
37951,0.000155,172.31.33.0-255,66,15706,34,187941
37952,0.00016,172.217.24.0-255,2902,18608,34,187941
37953,0.000162,172.31.33.0-255,66,18674,34,187941
37954,0.000167,172.217.24.0-255,5738,24412,34,187941
37955,0.000177,172.31.33.0-255,66,24478,34,187941
37956,0.000184,172.217.24.0-255,4320,28798,34,187941
37957,0.000186,172.31.33.0-255,66,28864,34,187941
37958,0.000211,172.217.24.0-255,2543,31407,34,187941
37959,0.000214,172.31.33.0-255,66,31473,34,187941
37960,0.000489,172.217.24.0-255,1484,32957,34,187941
37961,0.000494,172.31.33.0-255,66,33023,34,187941
37962,0.000499,172.217.24.0-255,2902,35925,34,187941
37963,0.000501,172.31.33.0-255,66,35991,34,187941
37964,0.000507,172.217.24.0-255,5738,41729,34,187941
37965,0.000515,172.31.33.0-255,66,41795,34,187941
37966,0.000543,172.217.24.0-255,5738,47533,34,187941
37967,0.000546,172.31.33.0-255,66,47599,34,187941
37968,0.000573,172.217.24.0-255,1125,48724,34,187941
37969,0.000576,172.31.33.0-255,66,48790,34,187941
37970,0.000579,172.217.24.0-255,1484,50274,34,187941
37971,0.000581,172.31.33.0-255,66,50340,34,187941
37972,0.00061,172.217.24.0-255,5738,56078,34,187941
37973,0.000613,172.31.33.0-255,66,56144,34,187941
37974,0.00062,172.217.24.0-255,7156,63300,34,187941
37975,0.000626,172.31.33.0-255,66,63366,34,187941
37976,0.000641,172.217.24.0-255,2543,65909,34,187941
37977,0.000643,172.31.33.0-255,66,65975,34,187941
37978,0.000682,172.217.24.0-255,391,66366,34,187941
37979,0.000787,172.31.33.0-255,66,66432,34,187941
37980,0.002592,172.217.24.0-255,4320,70752,34,187941
37981,0.002599,172.31.33.0-255,66,70818,34,187941
37982,0.002725,172.217.24.0-255,1484,72302,34,187941
37983,0.004546,172.217.24.0-255,2902,75204,34,187941
37984,0.004549,172.31.33.0-255,66,75270,34,187941
37985,0.004575,172.217.24.0-255,1484,76754,34,187941
37986,0.006496,172.217.24.0-255,4320,81074,34,187941
37987,0.006501,172.31.33.0-255,66,81140,34,187941
37988,0.008448,172.217.24.0-255,5738,86878,34,187941
37989,0.008456,172.31.33.0-255,66,86944,34,187941
37990,0.010408,172.217.24.0-255,5738,92682,34,187941
37991,0.010418,172.31.33.0-255,66,92748,34,187941
37992,0.012371,172.217.24.0-255,5738,98486,34,187941
37993,0.01238,172.31.33.0-255,66,98552,34,187941
37994,0.014341,172.217.24.0-255,5738,104290,34,187941
37995,0.014348,172.31.33.0-255,66,104356,34,187941
37996,0.0158,172.31.33.0-255,172,104528,34,187941
37997,0.015829,172.31.33.0-255,1114,105642,34,187941
37998,0.015889,172.31.33.0-255,1514,107156,34,187941
37999,0.015891,172.31.33.0-255,1514,108670,34,187941
38000,0.015892,172.31.33.0-255,1514,110184,34,187941
38001,0.015893,172.31.33.0-255,1514,111698,34,187941
38002,0.015894,172.31.33.0-255,527,112225,34,187941
38003,0.016293,172.217.24.0-255,5738,117963,34,187941
38004,0.016301,172.31.33.0-255,66,118029,34,187941
38005,0.017378,104.244.42.0-255,66,118095,34,187941
38006,0.017414,104.244.42.0-255,66,118161,34,187941
38007,0.017441,104.244.42.0-255,66,118227,34,187941
38008,0.017461,104.244.42.0-255,66,118293,34,187941
38009,0.01826,172.217.24.0-255,5738,124031,34,187941
38010,0.018266,172.31.33.0-255,66,124097,34,187941
38011,0.02021,172.217.24.0-255,5738,129835,34,187941
38012,0.020218,172.31.33.0-255,66,129901,34,187941
38013,0.022177,172.217.24.0-255,5738,135639,34,187941
38014,0.022183,172.31.33.0-255,66,135705,34,187941
38015,0.024123,172.217.24.0-255,5738,141443,34,187941
38016,0.024128,172.31.33.0-255,66,141509,34,187941
38017,0.026083,172.217.24.0-255,5738,147247,34,187941
38018,0.02609,172.31.33.0-255,66,147313,34,187941
38019,0.028039,172.217.24.0-255,5738,153051,34,187941
38020,0.028044,172.31.33.0-255,66,153117,34,187941
38021,0.029988,172.217.24.0-255,5738,158855,34,187941
38022,0.029995,172.31.33.0-255,66,158921,34,187941
38023,0.031952,172.217.24.0-255,5738,164659,34,187941
38024,0.031959,172.31.33.0-255,66,164725,34,187941
38025,0.03391,172.217.24.0-255,5738,170463,34,187941
38026,0.033916,172.31.33.0-255,66,170529,34,187941
38027,0.035873,172.217.24.0-255,5738,176267,34,187941
38028,0.035879,172.31.33.0-255,66,176333,34,187941
38029,0.037886,172.217.24.0-255,5738,182071,34,187941
38030,0.037892,172.31.33.0-255,66,182137,34,187941
38031,0.03984,172.217.24.0-255,5738,187875,34,187941
38032,0.039847,172.31.33.0-255,66,187941,34,187941
38033,0.0,172.217.194.0-255,153,153,34,254459
38034,3.2e-05,172.31.33.0-255,66,219,34,254459
38035,3.8e-05,172.217.194.0-255,1484,1703,34,254459
38036,4.1e-05,172.31.33.0-255,66,1769,34,254459
38037,4.7e-05,172.217.194.0-255,2902,4671,34,254459
38038,5e-05,172.31.33.0-255,66,4737,34,254459
38039,5.7e-05,172.217.194.0-255,7156,11893,34,254459
38040,6e-05,172.31.33.0-255,66,11959,34,254459
38041,0.00011,172.217.194.0-255,7156,19115,34,254459
38042,0.000114,172.31.33.0-255,66,19181,34,254459
38043,0.000144,172.31.33.0-255,66,19247,34,254459
38044,0.000148,172.217.194.0-255,2543,21790,34,254459
38045,0.00015,172.31.33.0-255,66,21856,34,254459
38046,0.000153,172.217.194.0-255,1484,23340,34,254459
38047,0.000154,172.31.33.0-255,66,23406,34,254459
38048,0.000158,172.217.194.0-255,2902,26308,34,254459
38049,0.00016,172.31.33.0-255,66,26374,34,254459
38050,0.00019,172.217.194.0-255,5738,32112,34,254459
38051,0.000194,172.31.33.0-255,66,32178,34,254459
38052,0.000196,172.217.194.0-255,1484,33662,34,254459
38053,0.000198,172.31.33.0-255,66,33728,34,254459
38054,0.000219,172.217.194.0-255,5379,39107,34,254459
38055,0.000221,172.31.33.0-255,66,39173,34,254459
38056,0.000236,172.31.33.0-255,66,39239,34,254459
38057,0.000239,172.217.194.0-255,2867,42106,34,254459
38058,0.000241,172.31.33.0-255,66,42172,34,254459
38059,0.000512,172.217.194.0-255,363,42535,34,254459
38060,0.000517,172.31.33.0-255,66,42601,34,254459
38061,0.000639,172.217.194.0-255,1484,44085,34,254459
38062,0.000643,172.31.33.0-255,66,44151,34,254459
38063,0.000663,172.217.194.0-255,2902,47053,34,254459
38064,0.000666,172.31.33.0-255,66,47119,34,254459
38065,0.00067,172.217.194.0-255,1484,48603,34,254459
38066,0.000688,172.217.194.0-255,4320,52923,34,254459
38067,0.000691,172.31.33.0-255,66,52989,34,254459
38068,0.000709,172.217.194.0-255,5738,58727,34,254459
38069,0.000711,172.31.33.0-255,66,58793,34,254459
38070,0.00073,172.217.194.0-255,575,59368,34,254459
38071,0.000904,172.217.194.0-255,1484,60852,34,254459
38072,0.000911,172.31.33.0-255,66,60918,34,254459
38073,0.000916,172.217.194.0-255,2902,63820,34,254459
38074,0.000919,172.31.33.0-255,66,63886,34,254459
38075,0.000924,172.217.194.0-255,5738,69624,34,254459
38076,0.000927,172.31.33.0-255,66,69690,34,254459
38077,0.000931,172.217.194.0-255,4320,74010,34,254459
38078,0.000934,172.31.33.0-255,66,74076,34,254459
38079,0.000969,172.31.33.0-255,66,74142,34,254459
38080,0.000981,172.31.33.0-255,66,74208,34,254459
38081,0.001404,172.217.194.0-255,1484,75692,34,254459
38082,0.00141,172.217.194.0-255,2902,78594,34,254459
38083,0.001413,172.31.33.0-255,66,78660,34,254459
38084,0.001417,172.217.194.0-255,2902,81562,34,254459
38085,0.001419,172.31.33.0-255,66,81628,34,254459
38086,0.001433,172.217.194.0-255,2902,84530,34,254459
38087,0.001435,172.31.33.0-255,66,84596,34,254459
38088,0.001438,172.217.194.0-255,1484,86080,34,254459
38089,0.001458,172.31.33.0-255,66,86146,34,254459
38090,0.001501,172.31.33.0-255,66,86212,34,254459
38091,0.001517,172.217.194.0-255,1484,87696,34,254459
38092,0.001535,172.217.194.0-255,4320,92016,34,254459
38093,0.001537,172.31.33.0-255,66,92082,34,254459
38094,0.001541,172.217.194.0-255,2902,94984,34,254459
38095,0.001543,172.31.33.0-255,66,95050,34,254459
38096,0.001557,172.217.194.0-255,4320,99370,34,254459
38097,0.00156,172.31.33.0-255,66,99436,34,254459
38098,0.001563,172.217.194.0-255,1484,100920,34,254459
38099,0.001599,172.31.33.0-255,66,100986,34,254459
38100,0.001603,172.217.194.0-255,4320,105306,34,254459
38101,0.001605,172.31.33.0-255,66,105372,34,254459
38102,0.001618,172.217.194.0-255,2184,107556,34,254459
38103,0.00162,172.31.33.0-255,66,107622,34,254459
38104,0.001656,172.217.194.0-255,1484,109106,34,254459
38105,0.001659,172.217.194.0-255,1484,110590,34,254459
38106,0.001661,172.31.33.0-255,66,110656,34,254459
38107,0.001677,172.217.194.0-255,1484,112140,34,254459
38108,0.001682,172.217.194.0-255,1484,113624,34,254459
38109,0.001684,172.31.33.0-255,66,113690,34,254459
38110,0.001697,172.217.194.0-255,4320,118010,34,254459
38111,0.001699,172.31.33.0-255,66,118076,34,254459
38112,0.001744,172.217.194.0-255,5738,123814,34,254459
38113,0.001746,172.31.33.0-255,66,123880,34,254459
38114,0.001762,172.217.194.0-255,1484,125364,34,254459
38115,0.001774,172.31.33.0-255,66,125430,34,254459
38116,0.001778,172.217.194.0-255,2184,127614,34,254459
38117,0.00178,172.31.33.0-255,66,127680,34,254459
38118,0.001856,172.217.194.0-255,1484,129164,34,254459
38119,0.001868,172.217.194.0-255,2902,132066,34,254459
38120,0.00187,172.31.33.0-255,66,132132,34,254459
38121,0.001875,172.217.194.0-255,4320,136452,34,254459
38122,0.001877,172.31.33.0-255,66,136518,34,254459
38123,0.001888,172.217.194.0-255,1484,138002,34,254459
38124,0.001902,172.217.194.0-255,5738,143740,34,254459
38125,0.001905,172.31.33.0-255,66,143806,34,254459
38126,0.001921,172.217.194.0-255,2902,146708,34,254459
38127,0.001922,172.31.33.0-255,66,146774,34,254459
38128,0.001955,172.31.33.0-255,66,146840,34,254459
38129,0.001957,172.217.194.0-255,766,147606,34,254459
38130,0.00204,172.217.194.0-255,1484,149090,34,254459
38131,0.002042,172.31.33.0-255,66,149156,34,254459
38132,0.002053,172.217.194.0-255,1484,150640,34,254459
38133,0.002064,172.217.194.0-255,1484,152124,34,254459
38134,0.002066,172.31.33.0-255,66,152190,34,254459
38135,0.002071,172.217.194.0-255,5738,157928,34,254459
38136,0.002073,172.31.33.0-255,66,157994,34,254459
38137,0.002092,172.217.194.0-255,5738,163732,34,254459
38138,0.002094,172.31.33.0-255,66,163798,34,254459
38139,0.002112,172.217.194.0-255,7156,170954,34,254459
38140,0.002114,172.31.33.0-255,66,171020,34,254459
38141,0.002116,172.217.194.0-255,1484,172504,34,254459
38142,0.002144,172.217.194.0-255,2902,175406,34,254459
38143,0.002146,172.31.33.0-255,66,175472,34,254459
38144,0.002167,172.217.194.0-255,6438,181910,34,254459
38145,0.002168,172.31.33.0-255,66,181976,34,254459
38146,0.002228,172.217.194.0-255,1484,183460,34,254459
38147,0.002243,172.217.194.0-255,2902,186362,34,254459
38148,0.002245,172.31.33.0-255,66,186428,34,254459
38149,0.002266,172.217.194.0-255,5738,192166,34,254459
38150,0.002268,172.31.33.0-255,66,192232,34,254459
38151,0.002271,172.217.194.0-255,2902,195134,34,254459
38152,0.002273,172.31.33.0-255,66,195200,34,254459
38153,0.002293,172.31.33.0-255,66,195266,34,254459
38154,0.002297,172.217.194.0-255,4320,199586,34,254459
38155,0.002299,172.31.33.0-255,66,199652,34,254459
38156,0.002311,172.217.194.0-255,1484,201136,34,254459
38157,0.002313,172.217.194.0-255,1484,202620,34,254459
38158,0.002314,172.31.33.0-255,66,202686,34,254459
38159,0.002319,172.217.194.0-255,3602,206288,34,254459
38160,0.00232,172.31.33.0-255,66,206354,34,254459
38161,0.002367,172.217.194.0-255,1484,207838,34,254459
38162,0.002377,172.217.194.0-255,2902,210740,34,254459
38163,0.002379,172.31.33.0-255,66,210806,34,254459
38164,0.002381,172.217.194.0-255,1484,212290,34,254459
38165,0.002401,172.217.194.0-255,1484,213774,34,254459
38166,0.002403,172.31.33.0-255,66,213840,34,254459
38167,0.002425,172.217.194.0-255,5738,219578,34,254459
38168,0.002427,172.31.33.0-255,66,219644,34,254459
38169,0.002431,172.217.194.0-255,4320,223964,34,254459
38170,0.002433,172.31.33.0-255,66,224030,34,254459
38171,0.002453,172.31.33.0-255,66,224096,34,254459
38172,0.002457,172.217.194.0-255,5020,229116,34,254459
38173,0.002459,172.31.33.0-255,66,229182,34,254459
38174,0.002483,172.217.194.0-255,1484,230666,34,254459
38175,0.002496,172.217.194.0-255,4320,234986,34,254459
38176,0.002498,172.31.33.0-255,66,235052,34,254459
38177,0.002518,172.31.33.0-255,66,235118,34,254459
38178,0.002536,172.217.194.0-255,7156,242274,34,254459
38179,0.002538,172.31.33.0-255,66,242340,34,254459
38180,0.002541,172.217.194.0-255,4320,246660,34,254459
38181,0.002543,172.31.33.0-255,66,246726,34,254459
38182,0.002546,172.217.194.0-255,1484,248210,34,254459
38183,0.002549,172.217.194.0-255,1484,249694,34,254459
38184,0.00255,172.31.33.0-255,66,249760,34,254459
38185,0.002561,172.31.33.0-255,66,249826,34,254459
38186,0.002611,172.217.194.0-255,105,249931,34,254459
38187,0.007055,172.31.33.0-255,66,249997,34,254459
38188,0.007088,172.31.33.0-255,105,250102,34,254459
38189,0.009344,172.217.194.0-255,66,250168,34,254459
38190,0.033291,172.31.33.0-255,172,250340,34,254459
38191,0.033323,172.31.33.0-255,1112,251452,34,254459
38192,0.033359,172.31.33.0-255,1514,252966,34,254459
38193,0.033361,172.31.33.0-255,1295,254261,34,254459
38194,0.034833,104.244.42.0-255,66,254327,34,254459
38195,0.034869,104.244.42.0-255,66,254393,34,254459
38196,0.034929,104.244.42.0-255,66,254459,34,254459
38197,0.0,172.217.194.0-255,147,147,34,277921
38198,2.3e-05,172.31.33.0-255,66,213,34,277921
38199,3.1e-05,172.217.194.0-255,1484,1697,34,277921
38200,3.5e-05,172.31.33.0-255,66,1763,34,277921
38201,4.1e-05,172.217.194.0-255,2902,4665,34,277921
38202,4.4e-05,172.31.33.0-255,66,4731,34,277921
38203,5.1e-05,172.217.194.0-255,4320,9051,34,277921
38204,5.3e-05,172.31.33.0-255,66,9117,34,277921
38205,7.9e-05,172.217.194.0-255,4926,14043,34,277921
38206,8.2e-05,172.31.33.0-255,66,14109,34,277921
38207,0.000465,172.217.194.0-255,1484,15593,34,277921
38208,0.000471,172.31.33.0-255,66,15659,34,277921
38209,0.000478,172.217.194.0-255,2902,18561,34,277921
38210,0.00048,172.31.33.0-255,66,18627,34,277921
38211,0.000484,172.217.194.0-255,1484,20111,34,277921
38212,0.000486,172.31.33.0-255,66,20177,34,277921
38213,0.000512,172.217.194.0-255,4320,24497,34,277921
38214,0.000516,172.31.33.0-255,66,24563,34,277921
38215,0.000519,172.217.194.0-255,1484,26047,34,277921
38216,0.000521,172.31.33.0-255,66,26113,34,277921
38217,0.000542,172.217.194.0-255,6797,32910,34,277921
38218,0.000544,172.31.33.0-255,66,32976,34,277921
38219,0.000551,172.217.194.0-255,5738,38714,34,277921
38220,0.000553,172.31.33.0-255,66,38780,34,277921
38221,0.000574,172.217.194.0-255,2902,41682,34,277921
38222,0.000576,172.31.33.0-255,66,41748,34,277921
38223,0.000582,172.217.194.0-255,4320,46068,34,277921
38224,0.000585,172.31.33.0-255,66,46134,34,277921
38225,0.000624,172.31.33.0-255,66,46200,34,277921
38226,0.000642,172.217.194.0-255,2902,49102,34,277921
38227,0.000645,172.31.33.0-255,66,49168,34,277921
38228,0.000667,172.217.194.0-255,5299,54467,34,277921
38229,0.00067,172.31.33.0-255,66,54533,34,277921
38230,0.000673,172.217.194.0-255,116,54649,34,277921
38231,0.000789,172.217.194.0-255,1484,56133,34,277921
38232,0.000793,172.217.194.0-255,1484,57617,34,277921
38233,0.000797,172.31.33.0-255,66,57683,34,277921
38234,0.000814,172.217.194.0-255,1484,59167,34,277921
38235,0.000816,172.31.33.0-255,66,59233,34,277921
38236,0.000822,172.217.194.0-255,4320,63553,34,277921
38237,0.000825,172.31.33.0-255,66,63619,34,277921
38238,0.000838,172.217.194.0-255,1484,65103,34,277921
38239,0.000842,172.217.194.0-255,1484,66587,34,277921
38240,0.000844,172.31.33.0-255,66,66653,34,277921
38241,0.000872,172.217.194.0-255,7156,73809,34,277921
38242,0.000875,172.31.33.0-255,66,73875,34,277921
38243,0.000888,172.31.33.0-255,66,73941,34,277921
38244,0.000915,172.217.194.0-255,1484,75425,34,277921
38245,0.000934,172.217.194.0-255,3915,79340,34,277921
38246,0.000938,172.31.33.0-255,66,79406,34,277921
38247,0.001195,172.217.194.0-255,1484,80890,34,277921
38248,0.0012,172.217.194.0-255,1484,82374,34,277921
38249,0.001203,172.31.33.0-255,66,82440,34,277921
38250,0.001218,172.217.194.0-255,1484,83924,34,277921
38251,0.001225,172.217.194.0-255,5738,89662,34,277921
38252,0.001227,172.31.33.0-255,66,89728,34,277921
38253,0.001231,172.217.194.0-255,2902,92630,34,277921
38254,0.001234,172.31.33.0-255,66,92696,34,277921
38255,0.001254,172.217.194.0-255,4320,97016,34,277921
38256,0.001256,172.31.33.0-255,66,97082,34,277921
38257,0.001268,172.31.33.0-255,66,97148,34,277921
38258,0.001295,172.217.194.0-255,5738,102886,34,277921
38259,0.001298,172.31.33.0-255,66,102952,34,277921
38260,0.001314,172.217.194.0-255,2184,105136,34,277921
38261,0.001317,172.31.33.0-255,66,105202,34,277921
38262,0.001789,172.217.194.0-255,1484,106686,34,277921
38263,0.001796,172.217.194.0-255,2902,109588,34,277921
38264,0.001799,172.31.33.0-255,66,109654,34,277921
38265,0.001806,172.217.194.0-255,5738,115392,34,277921
38266,0.001808,172.31.33.0-255,66,115458,34,277921
38267,0.001826,172.217.194.0-255,1484,116942,34,277921
38268,0.001841,172.217.194.0-255,7156,124098,34,277921
38269,0.001843,172.31.33.0-255,66,124164,34,277921
38270,0.001864,172.217.194.0-255,4320,128484,34,277921
38271,0.001867,172.31.33.0-255,66,128550,34,277921
38272,0.001879,172.31.33.0-255,66,128616,34,277921
38273,0.002936,172.217.194.0-255,1484,130100,34,277921
38274,0.002947,172.217.194.0-255,2902,133002,34,277921
38275,0.002952,172.31.33.0-255,66,133068,34,277921
38276,0.002957,172.217.194.0-255,1484,134552,34,277921
38277,0.002974,172.217.194.0-255,4320,138872,34,277921
38278,0.002976,172.31.33.0-255,66,138938,34,277921
38279,0.002996,172.217.194.0-255,1484,140422,34,277921
38280,0.003,172.217.194.0-255,1484,141906,34,277921
38281,0.003001,172.31.33.0-255,66,141972,34,277921
38282,0.003017,172.217.194.0-255,4320,146292,34,277921
38283,0.003019,172.31.33.0-255,66,146358,34,277921
38284,0.00304,172.31.33.0-255,66,146424,34,277921
38285,0.003062,172.217.194.0-255,2902,149326,34,277921
38286,0.003064,172.31.33.0-255,66,149392,34,277921
38287,0.00307,172.217.194.0-255,5020,154412,34,277921
38288,0.003072,172.31.33.0-255,66,154478,34,277921
38289,0.00316,172.217.194.0-255,1484,155962,34,277921
38290,0.003173,172.217.194.0-255,1484,157446,34,277921
38291,0.003175,172.31.33.0-255,66,157512,34,277921
38292,0.003195,172.217.194.0-255,4320,161832,34,277921
38293,0.003197,172.31.33.0-255,66,161898,34,277921
38294,0.003205,172.217.194.0-255,7156,169054,34,277921
38295,0.003207,172.31.33.0-255,66,169120,34,277921
38296,0.003233,172.217.194.0-255,2902,172022,34,277921
38297,0.003235,172.31.33.0-255,66,172088,34,277921
38298,0.003276,172.31.33.0-255,66,172154,34,277921
38299,0.003279,172.217.194.0-255,766,172920,34,277921
38300,0.003298,172.217.194.0-255,1484,174404,34,277921
38301,0.003301,172.31.33.0-255,66,174470,34,277921
38302,0.003318,172.217.194.0-255,1484,175954,34,277921
38303,0.003322,172.217.194.0-255,1484,177438,34,277921
38304,0.003324,172.31.33.0-255,66,177504,34,277921
38305,0.003342,172.217.194.0-255,2902,180406,34,277921
38306,0.003344,172.31.33.0-255,66,180472,34,277921
38307,0.003356,172.217.194.0-255,7156,187628,34,277921
38308,0.003358,172.31.33.0-255,66,187694,34,277921
38309,0.003363,172.217.194.0-255,2902,190596,34,277921
38310,0.003365,172.31.33.0-255,66,190662,34,277921
38311,0.003397,172.217.194.0-255,5738,196400,34,277921
38312,0.003399,172.31.33.0-255,66,196466,34,277921
38313,0.003406,172.217.194.0-255,5738,202204,34,277921
38314,0.003408,172.31.33.0-255,66,202270,34,277921
38315,0.003437,172.217.194.0-255,5020,207290,34,277921
38316,0.003439,172.31.33.0-255,66,207356,34,277921
38317,0.00355,172.217.194.0-255,1484,208840,34,277921
38318,0.00357,172.217.194.0-255,2902,211742,34,277921
38319,0.003572,172.31.33.0-255,66,211808,34,277921
38320,0.003575,172.217.194.0-255,1484,213292,34,277921
38321,0.003589,172.217.194.0-255,1484,214776,34,277921
38322,0.003591,172.31.33.0-255,66,214842,34,277921
38323,0.003606,172.217.194.0-255,4320,219162,34,277921
38324,0.003609,172.31.33.0-255,66,219228,34,277921
38325,0.003645,172.217.194.0-255,1484,220712,34,277921
38326,0.003664,172.217.194.0-255,7156,227868,34,277921
38327,0.003666,172.31.33.0-255,66,227934,34,277921
38328,0.00368,172.31.33.0-255,66,228000,34,277921
38329,0.003703,172.217.194.0-255,1484,229484,34,277921
38330,0.003728,172.217.194.0-255,2902,232386,34,277921
38331,0.003731,172.31.33.0-255,66,232452,34,277921
38332,0.003736,172.217.194.0-255,2902,235354,34,277921
38333,0.003749,172.217.194.0-255,1484,236838,34,277921
38334,0.003753,172.217.194.0-255,2902,239740,34,277921
38335,0.003767,172.217.194.0-255,5738,245478,34,277921
38336,0.003796,172.217.194.0-255,4320,249798,34,277921
38337,0.003843,172.217.194.0-255,2902,252700,34,277921
38338,0.003888,172.217.194.0-255,2902,255602,34,277921
38339,0.003941,172.217.194.0-255,6438,262040,34,277921
38340,0.003955,172.217.194.0-255,2902,264942,34,277921
38341,0.003975,172.217.194.0-255,7156,272098,34,277921
38342,0.003997,172.217.194.0-255,5298,277396,34,277921
38343,0.004027,172.217.194.0-255,105,277501,34,277921
38344,0.011235,172.31.33.0-255,66,277567,34,277921
38345,0.012956,172.217.194.0-255,105,277672,34,277921
38346,0.012968,172.31.33.0-255,78,277750,34,277921
38347,0.013013,172.31.33.0-255,105,277855,34,277921
38348,0.015331,172.217.194.0-255,66,277921,34,277921
38349,0.0,74.125.24.0-255,153,153,34,166242
38350,1.6e-05,172.31.33.0-255,66,219,34,166242
38351,2.2e-05,74.125.24.0-255,1484,1703,34,166242
38352,2.6e-05,172.31.33.0-255,66,1769,34,166242
38353,3.1e-05,74.125.24.0-255,2902,4671,34,166242
38354,3.4e-05,172.31.33.0-255,66,4737,34,166242
38355,3.7e-05,74.125.24.0-255,1484,6221,34,166242
38356,3.9e-05,172.31.33.0-255,66,6287,34,166242
38357,6.3e-05,74.125.24.0-255,4320,10607,34,166242
38358,6.6e-05,172.31.33.0-255,66,10673,34,166242
38359,9.7e-05,74.125.24.0-255,3402,14075,34,166242
38360,9.9e-05,172.31.33.0-255,66,14141,34,166242
38361,0.000134,74.125.24.0-255,4320,18461,34,166242
38362,0.000136,172.31.33.0-255,66,18527,34,166242
38363,0.000139,74.125.24.0-255,1484,20011,34,166242
38364,0.000141,172.31.33.0-255,66,20077,34,166242
38365,0.000167,74.125.24.0-255,5738,25815,34,166242
38366,0.000169,172.31.33.0-255,66,25881,34,166242
38367,0.000188,74.125.24.0-255,1484,27365,34,166242
38368,0.00019,172.31.33.0-255,66,27431,34,166242
38369,0.000195,74.125.24.0-255,3961,31392,34,166242
38370,0.000197,172.31.33.0-255,66,31458,34,166242
38371,0.000249,74.125.24.0-255,1484,32942,34,166242
38372,0.000251,172.31.33.0-255,66,33008,34,166242
38373,0.000256,74.125.24.0-255,2902,35910,34,166242
38374,0.000258,172.31.33.0-255,66,35976,34,166242
38375,0.000277,74.125.24.0-255,5738,41714,34,166242
38376,0.000279,172.31.33.0-255,66,41780,34,166242
38377,0.000302,74.125.24.0-255,2902,44682,34,166242
38378,0.000304,172.31.33.0-255,66,44748,34,166242
38379,0.000317,74.125.24.0-255,3961,48709,34,166242
38380,0.000319,172.31.33.0-255,66,48775,34,166242
38381,0.000333,172.31.33.0-255,66,48841,34,166242
38382,0.000335,74.125.24.0-255,1484,50325,34,166242
38383,0.000351,74.125.24.0-255,1457,51782,34,166242
38384,0.000353,172.31.33.0-255,66,51848,34,166242
38385,0.000382,74.125.24.0-255,110,51958,34,166242
38386,0.000429,74.125.24.0-255,332,52290,34,166242
38387,0.000854,74.125.24.0-255,1484,53774,34,166242
38388,0.000859,172.31.33.0-255,66,53840,34,166242
38389,0.000864,74.125.24.0-255,2902,56742,34,166242
38390,0.000866,172.31.33.0-255,66,56808,34,166242
38391,0.000887,74.125.24.0-255,5738,62546,34,166242
38392,0.000889,172.31.33.0-255,66,62612,34,166242
38393,0.000894,74.125.24.0-255,4320,66932,34,166242
38394,0.000895,172.31.33.0-255,66,66998,34,166242
38395,0.000927,172.31.33.0-255,66,67064,34,166242
38396,0.000936,172.31.33.0-255,66,67130,34,166242
38397,0.000954,74.125.24.0-255,2184,69314,34,166242
38398,0.000956,172.31.33.0-255,66,69380,34,166242
38399,0.001828,74.125.24.0-255,1484,70864,34,166242
38400,0.001838,74.125.24.0-255,2902,73766,34,166242
38401,0.001842,172.31.33.0-255,66,73832,34,166242
38402,0.00185,74.125.24.0-255,5738,79570,34,166242
38403,0.001852,172.31.33.0-255,66,79636,34,166242
38404,0.001855,74.125.24.0-255,1484,81120,34,166242
38405,0.001893,172.31.33.0-255,66,81186,34,166242
38406,0.001904,172.31.33.0-255,66,81252,34,166242
38407,0.001917,74.125.24.0-255,766,82018,34,166242
38408,0.002463,74.125.24.0-255,1484,83502,34,166242
38409,0.002466,172.31.33.0-255,66,83568,34,166242
38410,0.002471,74.125.24.0-255,2902,86470,34,166242
38411,0.002473,172.31.33.0-255,66,86536,34,166242
38412,0.002485,74.125.24.0-255,1484,88020,34,166242
38413,0.002501,74.125.24.0-255,2902,90922,34,166242
38414,0.002502,172.31.33.0-255,66,90988,34,166242
38415,0.002508,74.125.24.0-255,5738,96726,34,166242
38416,0.00251,172.31.33.0-255,66,96792,34,166242
38417,0.002531,74.125.24.0-255,7156,103948,34,166242
38418,0.002533,172.31.33.0-255,66,104014,34,166242
38419,0.002557,74.125.24.0-255,4320,108334,34,166242
38420,0.002559,172.31.33.0-255,66,108400,34,166242
38421,0.002565,74.125.24.0-255,5738,114138,34,166242
38422,0.002566,172.31.33.0-255,66,114204,34,166242
38423,0.002592,74.125.24.0-255,2184,116388,34,166242
38424,0.002594,172.31.33.0-255,66,116454,34,166242
38425,0.002779,74.125.24.0-255,1484,117938,34,166242
38426,0.002802,74.125.24.0-255,2902,120840,34,166242
38427,0.002805,172.31.33.0-255,66,120906,34,166242
38428,0.002807,74.125.24.0-255,1484,122390,34,166242
38429,0.002825,74.125.24.0-255,4320,126710,34,166242
38430,0.002827,172.31.33.0-255,66,126776,34,166242
38431,0.002842,74.125.24.0-255,4320,131096,34,166242
38432,0.002844,172.31.33.0-255,66,131162,34,166242
38433,0.002872,74.125.24.0-255,7156,138318,34,166242
38434,0.002874,172.31.33.0-255,66,138384,34,166242
38435,0.002879,74.125.24.0-255,4320,142704,34,166242
38436,0.00288,172.31.33.0-255,66,142770,34,166242
38437,0.00289,172.31.33.0-255,66,142836,34,166242
38438,0.002893,74.125.24.0-255,1484,144320,34,166242
38439,0.002914,74.125.24.0-255,1484,145804,34,166242
38440,0.002917,172.31.33.0-255,78,145882,34,166242
38441,0.002939,172.31.33.0-255,66,145948,34,166242
38442,0.002953,172.31.33.0-255,66,146014,34,166242
38443,0.002997,74.125.24.0-255,1484,147498,34,166242
38444,0.003001,74.125.24.0-255,2902,150400,34,166242
38445,0.003003,172.31.33.0-255,66,150466,34,166242
38446,0.003023,74.125.24.0-255,5738,156204,34,166242
38447,0.003026,172.31.33.0-255,66,156270,34,166242
38448,0.003029,74.125.24.0-255,1484,157754,34,166242
38449,0.003062,172.31.33.0-255,66,157820,34,166242
38450,0.003075,172.31.33.0-255,66,157886,34,166242
38451,0.003111,172.31.33.0-255,66,157952,34,166242
38452,0.003129,74.125.24.0-255,2902,160854,34,166242
38453,0.003132,172.31.33.0-255,66,160920,34,166242
38454,0.003137,74.125.24.0-255,2902,163822,34,166242
38455,0.003139,172.31.33.0-255,66,163888,34,166242
38456,0.003164,172.31.33.0-255,66,163954,34,166242
38457,0.003191,172.31.33.0-255,66,164020,34,166242
38458,0.003193,74.125.24.0-255,1484,165504,34,166242
38459,0.003217,172.31.33.0-255,66,165570,34,166242
38460,0.00324,172.31.33.0-255,66,165636,34,166242
38461,0.003254,172.31.33.0-255,66,165702,34,166242
38462,0.003297,172.31.33.0-255,66,165768,34,166242
38463,0.003405,172.31.33.0-255,66,165834,34,166242
38464,0.003429,172.31.33.0-255,66,165900,34,166242
38465,0.003432,74.125.24.0-255,105,166005,34,166242
38466,0.011193,172.31.33.0-255,66,166071,34,166242
38467,0.011239,172.31.33.0-255,105,166176,34,166242
38468,0.013784,74.125.24.0-255,66,166242,34,166242
38469,0.0,74.125.24.0-255,146,146,34,307292
38470,2.7e-05,172.31.33.0-255,66,212,34,307292
38471,3.4e-05,74.125.24.0-255,1484,1696,34,307292
38472,3.8e-05,172.31.33.0-255,66,1762,34,307292
38473,4.2e-05,74.125.24.0-255,2902,4664,34,307292
38474,4.5e-05,172.31.33.0-255,66,4730,34,307292
38475,7.3e-05,74.125.24.0-255,2902,7632,34,307292
38476,7.6e-05,172.31.33.0-255,66,7698,34,307292
38477,8.1e-05,74.125.24.0-255,4320,12018,34,307292
38478,8.3e-05,172.31.33.0-255,66,12084,34,307292
38479,0.000111,74.125.24.0-255,2902,14986,34,307292
38480,0.000113,172.31.33.0-255,66,15052,34,307292
38481,0.000137,74.125.24.0-255,6365,21417,34,307292
38482,0.00014,172.31.33.0-255,66,21483,34,307292
38483,0.000145,74.125.24.0-255,5738,27221,34,307292
38484,0.000147,172.31.33.0-255,66,27287,34,307292
38485,0.000149,74.125.24.0-255,1484,28771,34,307292
38486,0.000151,172.31.33.0-255,66,28837,34,307292
38487,0.000168,74.125.24.0-255,2543,31380,34,307292
38488,0.00017,172.31.33.0-255,66,31446,34,307292
38489,0.000186,74.125.24.0-255,4320,35766,34,307292
38490,0.000188,172.31.33.0-255,66,35832,34,307292
38491,0.000216,74.125.24.0-255,7156,42988,34,307292
38492,0.000218,172.31.33.0-255,66,43054,34,307292
38493,0.000246,74.125.24.0-255,2902,45956,34,307292
38494,0.000248,172.31.33.0-255,66,46022,34,307292
38495,0.000259,74.125.24.0-255,2543,48565,34,307292
38496,0.000261,172.31.33.0-255,66,48631,34,307292
38497,0.000414,74.125.24.0-255,1484,50115,34,307292
38498,0.000417,172.31.33.0-255,66,50181,34,307292
38499,0.000422,74.125.24.0-255,2902,53083,34,307292
38500,0.000424,172.31.33.0-255,66,53149,34,307292
38501,0.000457,74.125.24.0-255,5738,58887,34,307292
38502,0.000464,74.125.24.0-255,6797,65684,34,307292
38503,0.000468,172.31.33.0-255,66,65750,34,307292
38504,0.000472,74.125.24.0-255,399,66149,34,307292
38505,0.000473,172.31.33.0-255,66,66215,34,307292
38506,0.000652,74.125.24.0-255,346,66561,34,307292
38507,0.000673,172.31.33.0-255,66,66627,34,307292
38508,0.000828,74.125.24.0-255,1484,68111,34,307292
38509,0.000837,74.125.24.0-255,2902,71013,34,307292
38510,0.00086,74.125.24.0-255,2902,73915,34,307292
38511,0.000865,74.125.24.0-255,4320,78235,34,307292
38512,0.000888,172.31.33.0-255,66,78301,34,307292
38513,0.000923,74.125.24.0-255,5379,83680,34,307292
38514,0.000952,172.31.33.0-255,66,83746,34,307292
38515,0.001,74.125.24.0-255,1484,85230,34,307292
38516,0.001006,74.125.24.0-255,2902,88132,34,307292
38517,0.001022,74.125.24.0-255,2902,91034,34,307292
38518,0.001028,172.31.33.0-255,66,91100,34,307292
38519,0.001043,74.125.24.0-255,2902,94002,34,307292
38520,0.001058,172.31.33.0-255,66,94068,34,307292
38521,0.001093,74.125.24.0-255,6797,100865,34,307292
38522,0.001109,172.31.33.0-255,66,100931,34,307292
38523,0.001516,74.125.24.0-255,1484,102415,34,307292
38524,0.001524,74.125.24.0-255,2902,105317,34,307292
38525,0.001527,172.31.33.0-255,66,105383,34,307292
38526,0.001544,74.125.24.0-255,2902,108285,34,307292
38527,0.001555,74.125.24.0-255,2902,111187,34,307292
38528,0.001567,74.125.24.0-255,2902,114089,34,307292
38529,0.00157,172.31.33.0-255,66,114155,34,307292
38530,0.001573,172.31.33.0-255,66,114221,34,307292
38531,0.001605,172.31.33.0-255,66,114287,34,307292
38532,0.001613,74.125.24.0-255,4320,118607,34,307292
38533,0.001617,172.31.33.0-255,66,118673,34,307292
38534,0.001633,74.125.24.0-255,1484,120157,34,307292
38535,0.001651,74.125.24.0-255,5020,125177,34,307292
38536,0.001656,172.31.33.0-255,66,125243,34,307292
38537,0.002308,74.125.24.0-255,1484,126727,34,307292
38538,0.002327,74.125.24.0-255,2902,129629,34,307292
38539,0.00233,172.31.33.0-255,66,129695,34,307292
38540,0.002346,74.125.24.0-255,2902,132597,34,307292
38541,0.00235,172.31.33.0-255,66,132663,34,307292
38542,0.002377,74.125.24.0-255,7156,139819,34,307292
38543,0.002381,74.125.24.0-255,4320,144139,34,307292
38544,0.002384,172.31.33.0-255,66,144205,34,307292
38545,0.0024,74.125.24.0-255,7156,151361,34,307292
38546,0.002403,74.125.24.0-255,1484,152845,34,307292
38547,0.002421,172.31.33.0-255,66,152911,34,307292
38548,0.002436,74.125.24.0-255,4320,157231,34,307292
38549,0.002441,172.31.33.0-255,66,157297,34,307292
38550,0.002458,74.125.24.0-255,2184,159481,34,307292
38551,0.002474,172.31.33.0-255,66,159547,34,307292
38552,0.002555,74.125.24.0-255,1484,161031,34,307292
38553,0.002558,74.125.24.0-255,1484,162515,34,307292
38554,0.00256,172.31.33.0-255,66,162581,34,307292
38555,0.002591,74.125.24.0-255,4320,166901,34,307292
38556,0.0026,172.31.33.0-255,66,166967,34,307292
38557,0.002609,74.125.24.0-255,5738,172705,34,307292
38558,0.002612,172.31.33.0-255,66,172771,34,307292
38559,0.002621,74.125.24.0-255,2902,175673,34,307292
38560,0.002626,74.125.24.0-255,4320,179993,34,307292
38561,0.002644,74.125.24.0-255,5738,185731,34,307292
38562,0.002649,172.31.33.0-255,66,185797,34,307292
38563,0.002708,172.31.33.0-255,66,185863,34,307292
38564,0.002968,74.125.24.0-255,1484,187347,34,307292
38565,0.002971,74.125.24.0-255,1484,188831,34,307292
38566,0.002974,172.31.33.0-255,66,188897,34,307292
38567,0.002989,74.125.24.0-255,1484,190381,34,307292
38568,0.002994,74.125.24.0-255,5738,196119,34,307292
38569,0.002996,74.125.24.0-255,1484,197603,34,307292
38570,0.003004,172.31.33.0-255,66,197669,34,307292
38571,0.003021,74.125.24.0-255,5738,203407,34,307292
38572,0.003024,74.125.24.0-255,1484,204891,34,307292
38573,0.003029,74.125.24.0-255,5738,210629,34,307292
38574,0.003036,172.31.33.0-255,66,210695,34,307292
38575,0.003044,74.125.24.0-255,4320,215015,34,307292
38576,0.003047,172.31.33.0-255,66,215081,34,307292
38577,0.003058,74.125.24.0-255,4320,219401,34,307292
38578,0.003076,74.125.24.0-255,2184,221585,34,307292
38579,0.003082,74.125.24.0-255,7156,228741,34,307292
38580,0.003085,172.31.33.0-255,66,228807,34,307292
38581,0.003118,74.125.24.0-255,5738,234545,34,307292
38582,0.003126,172.31.33.0-255,66,234611,34,307292
38583,0.003155,74.125.24.0-255,766,235377,34,307292
38584,0.003168,172.31.33.0-255,66,235443,34,307292
38585,0.003205,74.125.24.0-255,1484,236927,34,307292
38586,0.003209,74.125.24.0-255,1484,238411,34,307292
38587,0.003223,74.125.24.0-255,4320,242731,34,307292
38588,0.003232,172.31.33.0-255,66,242797,34,307292
38589,0.003261,74.125.24.0-255,2902,245699,34,307292
38590,0.00329,74.125.24.0-255,5020,250719,34,307292
38591,0.003296,172.31.33.0-255,66,250785,34,307292
38592,0.003328,74.125.24.0-255,7156,257941,34,307292
38593,0.003335,172.31.33.0-255,66,258007,34,307292
38594,0.003367,74.125.24.0-255,7156,265163,34,307292
38595,0.003372,74.125.24.0-255,7156,272319,34,307292
38596,0.003392,74.125.24.0-255,3602,275921,34,307292
38597,0.003407,172.31.33.0-255,66,275987,34,307292
38598,0.003415,74.125.24.0-255,2902,278889,34,307292
38599,0.003419,74.125.24.0-255,2902,281791,34,307292
38600,0.003431,74.125.24.0-255,4320,286111,34,307292
38601,0.003434,172.31.33.0-255,66,286177,34,307292
38602,0.003457,74.125.24.0-255,5738,291915,34,307292
38603,0.003461,74.125.24.0-255,1484,293399,34,307292
38604,0.003465,74.125.24.0-255,2902,296301,34,307292
38605,0.003477,172.31.33.0-255,66,296367,34,307292
38606,0.003596,74.125.24.0-255,6292,302659,34,307292
38607,0.003599,74.125.24.0-255,105,302764,34,307292
38608,0.003615,172.31.33.0-255,66,302830,34,307292
38609,0.005181,172.31.33.0-255,105,302935,34,307292
38610,0.007469,74.125.24.0-255,66,303001,34,307292
38611,0.035918,172.31.33.0-255,172,303173,34,307292
38612,0.035962,172.31.33.0-255,1114,304287,34,307292
38613,0.036057,172.31.33.0-255,1514,305801,34,307292
38614,0.036059,172.31.33.0-255,1293,307094,34,307292
38615,0.037469,104.244.42.0-255,66,307160,34,307292
38616,0.0375,104.244.42.0-255,66,307226,34,307292
38617,0.037616,104.244.42.0-255,66,307292,34,307292
38618,0.0,74.125.24.0-255,143,143,34,317588
38619,2.9e-05,172.31.33.0-255,66,209,34,317588
38620,3.6e-05,74.125.24.0-255,1484,1693,34,317588
38621,4e-05,172.31.33.0-255,66,1759,34,317588
38622,4.4e-05,74.125.24.0-255,2902,4661,34,317588
38623,5.3e-05,172.31.33.0-255,66,4727,34,317588
38624,5.6e-05,74.125.24.0-255,1484,6211,34,317588
38625,5.9e-05,172.31.33.0-255,66,6277,34,317588
38626,6.4e-05,74.125.24.0-255,4320,10597,34,317588
38627,6.6e-05,172.31.33.0-255,66,10663,34,317588
38628,9.6e-05,74.125.24.0-255,1484,12147,34,317588
38629,0.0001,172.31.33.0-255,66,12213,34,317588
38630,0.000104,74.125.24.0-255,2045,14258,34,317588
38631,0.000106,172.31.33.0-255,66,14324,34,317588
38632,0.00088,74.125.24.0-255,1484,15808,34,317588
38633,0.000886,172.31.33.0-255,66,15874,34,317588
38634,0.000896,74.125.24.0-255,2902,18776,34,317588
38635,0.000905,172.31.33.0-255,66,18842,34,317588
38636,0.000911,74.125.24.0-255,4320,23162,34,317588
38637,0.000913,172.31.33.0-255,66,23228,34,317588
38638,0.000961,74.125.24.0-255,4320,27548,34,317588
38639,0.000963,172.31.33.0-255,66,27614,34,317588
38640,0.00099,74.125.24.0-255,3961,31575,34,317588
38641,0.000992,172.31.33.0-255,66,31641,34,317588
38642,0.000999,74.125.24.0-255,5738,37379,34,317588
38643,0.001001,172.31.33.0-255,66,37445,34,317588
38644,0.001026,74.125.24.0-255,2902,40347,34,317588
38645,0.001029,172.31.33.0-255,66,40413,34,317588
38646,0.001058,74.125.24.0-255,5738,46151,34,317588
38647,0.00106,172.31.33.0-255,66,46217,34,317588
38648,0.001081,74.125.24.0-255,4320,50537,34,317588
38649,0.001083,172.31.33.0-255,66,50603,34,317588
38650,0.001092,172.31.33.0-255,66,50669,34,317588
38651,0.001094,74.125.24.0-255,1484,52153,34,317588
38652,0.001107,74.125.24.0-255,5020,57173,34,317588
38653,0.001109,172.31.33.0-255,66,57239,34,317588
38654,0.001145,74.125.24.0-255,364,57603,34,317588
38655,0.001166,74.125.24.0-255,131,57734,34,317588
38656,0.001368,74.125.24.0-255,1484,59218,34,317588
38657,0.001371,172.31.33.0-255,66,59284,34,317588
38658,0.001394,74.125.24.0-255,2902,62186,34,317588
38659,0.001397,172.31.33.0-255,66,62252,34,317588
38660,0.00141,74.125.24.0-255,4320,66572,34,317588
38661,0.001415,172.31.33.0-255,66,66638,34,317588
38662,0.001434,74.125.24.0-255,1484,68122,34,317588
38663,0.001446,74.125.24.0-255,4320,72442,34,317588
38664,0.001448,172.31.33.0-255,66,72508,34,317588
38665,0.001478,74.125.24.0-255,5738,78246,34,317588
38666,0.00148,172.31.33.0-255,66,78312,34,317588
38667,0.001526,74.125.24.0-255,1484,79796,34,317588
38668,0.001551,172.31.33.0-255,66,79862,34,317588
38669,0.001577,74.125.24.0-255,3602,83464,34,317588
38670,0.001579,172.31.33.0-255,66,83530,34,317588
38671,0.002246,74.125.24.0-255,1484,85014,34,317588
38672,0.002269,74.125.24.0-255,2902,87916,34,317588
38673,0.002272,172.31.33.0-255,66,87982,34,317588
38674,0.002295,74.125.24.0-255,2902,90884,34,317588
38675,0.002297,172.31.33.0-255,66,90950,34,317588
38676,0.00232,74.125.24.0-255,2902,93852,34,317588
38677,0.002322,172.31.33.0-255,66,93918,34,317588
38678,0.002331,74.125.24.0-255,1484,95402,34,317588
38679,0.002343,74.125.24.0-255,2902,98304,34,317588
38680,0.002345,172.31.33.0-255,66,98370,34,317588
38681,0.002367,172.31.33.0-255,66,98436,34,317588
38682,0.002392,74.125.24.0-255,2902,101338,34,317588
38683,0.002394,172.31.33.0-255,66,101404,34,317588
38684,0.002424,74.125.24.0-255,6438,107842,34,317588
38685,0.002426,172.31.33.0-255,66,107908,34,317588
38686,0.002626,74.125.24.0-255,1484,109392,34,317588
38687,0.002632,74.125.24.0-255,2902,112294,34,317588
38688,0.002635,172.31.33.0-255,66,112360,34,317588
38689,0.002639,74.125.24.0-255,2902,115262,34,317588
38690,0.002641,172.31.33.0-255,66,115328,34,317588
38691,0.00267,74.125.24.0-255,2902,118230,34,317588
38692,0.002673,172.31.33.0-255,66,118296,34,317588
38693,0.002689,172.31.33.0-255,66,118362,34,317588
38694,0.002695,74.125.24.0-255,4320,122682,34,317588
38695,0.002696,172.31.33.0-255,66,122748,34,317588
38696,0.002721,74.125.24.0-255,6438,129186,34,317588
38697,0.002732,172.31.33.0-255,66,129252,34,317588
38698,0.002835,74.125.24.0-255,1484,130736,34,317588
38699,0.002876,74.125.24.0-255,2902,133638,34,317588
38700,0.002881,172.31.33.0-255,66,133704,34,317588
38701,0.002887,74.125.24.0-255,5738,139442,34,317588
38702,0.002888,172.31.33.0-255,66,139508,34,317588
38703,0.002907,74.125.24.0-255,2902,142410,34,317588
38704,0.002909,172.31.33.0-255,66,142476,34,317588
38705,0.002939,74.125.24.0-255,7156,149632,34,317588
38706,0.002942,172.31.33.0-255,66,149698,34,317588
38707,0.002945,74.125.24.0-255,1484,151182,34,317588
38708,0.002947,74.125.24.0-255,1484,152666,34,317588
38709,0.002949,172.31.33.0-255,66,152732,34,317588
38710,0.002976,74.125.24.0-255,4320,157052,34,317588
38711,0.002979,172.31.33.0-255,66,157118,34,317588
38712,0.002984,74.125.24.0-255,4320,161438,34,317588
38713,0.002987,172.31.33.0-255,66,161504,34,317588
38714,0.002996,74.125.24.0-255,2184,163688,34,317588
38715,0.002997,172.31.33.0-255,66,163754,34,317588
38716,0.003087,74.125.24.0-255,1484,165238,34,317588
38717,0.003113,74.125.24.0-255,2902,168140,34,317588
38718,0.003117,172.31.33.0-255,66,168206,34,317588
38719,0.003123,74.125.24.0-255,5738,173944,34,317588
38720,0.003125,172.31.33.0-255,66,174010,34,317588
38721,0.003151,74.125.24.0-255,1484,175494,34,317588
38722,0.003155,74.125.24.0-255,1484,176978,34,317588
38723,0.003157,172.31.33.0-255,66,177044,34,317588
38724,0.003162,74.125.24.0-255,4320,181364,34,317588
38725,0.003164,172.31.33.0-255,66,181430,34,317588
38726,0.003177,74.125.24.0-255,5738,187168,34,317588
38727,0.003179,172.31.33.0-255,66,187234,34,317588
38728,0.003183,74.125.24.0-255,2902,190136,34,317588
38729,0.003185,172.31.33.0-255,66,190202,34,317588
38730,0.003217,74.125.24.0-255,2902,193104,34,317588
38731,0.003219,172.31.33.0-255,66,193170,34,317588
38732,0.003248,74.125.24.0-255,5020,198190,34,317588
38733,0.003251,172.31.33.0-255,66,198256,34,317588
38734,0.003273,74.125.24.0-255,1484,199740,34,317588
38735,0.003279,74.125.24.0-255,2902,202642,34,317588
38736,0.003281,172.31.33.0-255,66,202708,34,317588
38737,0.003287,74.125.24.0-255,5738,208446,34,317588
38738,0.003289,172.31.33.0-255,66,208512,34,317588
38739,0.003291,74.125.24.0-255,1484,209996,34,317588
38740,0.003328,74.125.24.0-255,5738,215734,34,317588
38741,0.003332,172.31.33.0-255,66,215800,34,317588
38742,0.003345,172.31.33.0-255,66,215866,34,317588
38743,0.003354,74.125.24.0-255,2184,218050,34,317588
38744,0.003356,172.31.33.0-255,66,218116,34,317588
38745,0.00336,74.125.24.0-255,2902,221018,34,317588
38746,0.003362,172.31.33.0-255,66,221084,34,317588
38747,0.003366,74.125.24.0-255,2902,223986,34,317588
38748,0.003368,172.31.33.0-255,66,224052,34,317588
38749,0.003392,74.125.24.0-255,4320,228372,34,317588
38750,0.003395,172.31.33.0-255,66,228438,34,317588
38751,0.003399,74.125.24.0-255,2902,231340,34,317588
38752,0.0034,172.31.33.0-255,66,231406,34,317588
38753,0.003409,74.125.24.0-255,4320,235726,34,317588
38754,0.003411,172.31.33.0-255,66,235792,34,317588
38755,0.003437,74.125.24.0-255,5738,241530,34,317588
38756,0.003445,172.31.33.0-255,66,241596,34,317588
38757,0.00345,74.125.24.0-255,4320,245916,34,317588
38758,0.003452,172.31.33.0-255,66,245982,34,317588
38759,0.003489,74.125.24.0-255,6438,252420,34,317588
38760,0.003493,172.31.33.0-255,66,252486,34,317588
38761,0.003602,74.125.24.0-255,1484,253970,34,317588
38762,0.003615,74.125.24.0-255,1484,255454,34,317588
38763,0.003618,172.31.33.0-255,66,255520,34,317588
38764,0.003647,74.125.24.0-255,4320,259840,34,317588
38765,0.00365,172.31.33.0-255,66,259906,34,317588
38766,0.003657,74.125.24.0-255,7156,267062,34,317588
38767,0.003658,172.31.33.0-255,66,267128,34,317588
38768,0.003674,74.125.24.0-255,2902,270030,34,317588
38769,0.003677,172.31.33.0-255,66,270096,34,317588
38770,0.003708,172.31.33.0-255,66,270162,34,317588
38771,0.003732,74.125.24.0-255,2902,273064,34,317588
38772,0.003735,172.31.33.0-255,66,273130,34,317588
38773,0.003739,74.125.24.0-255,2902,276032,34,317588
38774,0.00374,172.31.33.0-255,66,276098,34,317588
38775,0.003742,74.125.24.0-255,766,276864,34,317588
38776,0.003766,74.125.24.0-255,1484,278348,34,317588
38777,0.003769,172.31.33.0-255,66,278414,34,317588
38778,0.003797,74.125.24.0-255,2902,281316,34,317588
38779,0.003801,172.31.33.0-255,66,281382,34,317588
38780,0.003806,74.125.24.0-255,5738,287120,34,317588
38781,0.003808,172.31.33.0-255,66,287186,34,317588
38782,0.003828,74.125.24.0-255,4320,291506,34,317588
38783,0.003831,172.31.33.0-255,66,291572,34,317588
38784,0.003855,74.125.24.0-255,2902,294474,34,317588
38785,0.003858,172.31.33.0-255,66,294540,34,317588
38786,0.003868,172.31.33.0-255,66,294606,34,317588
38787,0.003896,74.125.24.0-255,2902,297508,34,317588
38788,0.0039,172.31.33.0-255,66,297574,34,317588
38789,0.003905,74.125.24.0-255,4320,301894,34,317588
38790,0.003908,172.31.33.0-255,66,301960,34,317588
38791,0.003969,172.31.33.0-255,66,302026,34,317588
38792,0.003976,74.125.24.0-255,7156,309182,34,317588
38793,0.003978,172.31.33.0-255,66,309248,34,317588
38794,0.003998,74.125.24.0-255,3646,312894,34,317588
38795,0.004001,172.31.33.0-255,66,312960,34,317588
38796,0.004004,74.125.24.0-255,105,313065,34,317588
38797,0.01036,172.31.33.0-255,66,313131,34,317588
38798,0.010407,172.31.33.0-255,105,313236,34,317588
38799,0.012412,74.125.24.0-255,66,313302,34,317588
38800,0.025629,172.31.33.0-255,167,313469,34,317588
38801,0.025675,172.31.33.0-255,1113,314582,34,317588
38802,0.025751,172.31.33.0-255,1514,316096,34,317588
38803,0.025752,172.31.33.0-255,1294,317390,34,317588
38804,0.02717,104.244.42.0-255,66,317456,34,317588
38805,0.027232,104.244.42.0-255,66,317522,34,317588
38806,0.027343,104.244.42.0-255,66,317588,34,317588
38807,0.0,172.217.194.0-255,153,153,34,96385
38808,3.1e-05,172.31.33.0-255,66,219,34,96385
38809,3.8e-05,172.217.194.0-255,1484,1703,34,96385
38810,4.3e-05,172.31.33.0-255,66,1769,34,96385
38811,5.6e-05,172.217.194.0-255,2902,4671,34,96385
38812,5.9e-05,172.31.33.0-255,66,4737,34,96385
38813,6.6e-05,172.217.194.0-255,7156,11893,34,96385
38814,6.9e-05,172.31.33.0-255,66,11959,34,96385
38815,0.000116,172.31.33.0-255,66,12025,34,96385
38816,0.000128,172.31.33.0-255,66,12091,34,96385
38817,0.000139,172.217.194.0-255,4320,16411,34,96385
38818,0.000141,172.31.33.0-255,66,16477,34,96385
38819,0.000193,172.31.33.0-255,66,16543,34,96385
38820,0.000204,172.31.33.0-255,66,16609,34,96385
38821,0.00024,172.217.194.0-255,7106,23715,34,96385
38822,0.000243,172.31.33.0-255,66,23781,34,96385
38823,0.000496,172.217.194.0-255,1484,25265,34,96385
38824,0.000502,172.31.33.0-255,66,25331,34,96385
38825,0.000508,172.217.194.0-255,2902,28233,34,96385
38826,0.00051,172.31.33.0-255,66,28299,34,96385
38827,0.000522,172.217.194.0-255,5738,34037,34,96385
38828,0.000525,172.31.33.0-255,66,34103,34,96385
38829,0.000566,172.31.33.0-255,66,34169,34,96385
38830,0.00057,172.217.194.0-255,1484,35653,34,96385
38831,0.000572,172.31.33.0-255,66,35719,34,96385
38832,0.000634,172.31.33.0-255,66,35785,34,96385
38833,0.000647,172.31.33.0-255,66,35851,34,96385
38834,0.000662,172.31.33.0-255,66,35917,34,96385
38835,0.000714,172.31.33.0-255,66,35983,34,96385
38836,0.000723,172.217.194.0-255,2902,38885,34,96385
38837,0.000727,172.31.33.0-255,66,38951,34,96385
38838,0.000746,172.217.194.0-255,5738,44689,34,96385
38839,0.000754,172.31.33.0-255,66,44755,34,96385
38840,0.000765,172.31.33.0-255,66,44821,34,96385
38841,0.000818,172.31.33.0-255,66,44887,34,96385
38842,0.000849,172.217.194.0-255,6438,51325,34,96385
38843,0.000852,172.31.33.0-255,66,51391,34,96385
38844,0.000914,172.217.194.0-255,1484,52875,34,96385
38845,0.000921,172.217.194.0-255,2902,55777,34,96385
38846,0.000924,172.31.33.0-255,66,55843,34,96385
38847,0.000946,172.217.194.0-255,5738,61581,34,96385
38848,0.000949,172.31.33.0-255,66,61647,34,96385
38849,0.00096,172.31.33.0-255,66,61713,34,96385
38850,0.001015,172.217.194.0-255,4320,66033,34,96385
38851,0.001019,172.31.33.0-255,66,66099,34,96385
38852,0.001057,172.31.33.0-255,66,66165,34,96385
38853,0.00115,172.217.194.0-255,1484,67649,34,96385
38854,0.001157,172.217.194.0-255,2902,70551,34,96385
38855,0.00116,172.31.33.0-255,66,70617,34,96385
38856,0.001181,172.217.194.0-255,5738,76355,34,96385
38857,0.001185,172.31.33.0-255,66,76421,34,96385
38858,0.001222,172.31.33.0-255,66,76487,34,96385
38859,0.00124,172.31.33.0-255,66,76553,34,96385
38860,0.00129,172.217.194.0-255,4320,80873,34,96385
38861,0.001294,172.31.33.0-255,66,80939,34,96385
38862,0.001343,172.31.33.0-255,66,81005,34,96385
38863,0.001373,172.217.194.0-255,7156,88161,34,96385
38864,0.001377,172.31.33.0-255,66,88227,34,96385
38865,0.00142,172.31.33.0-255,66,88293,34,96385
38866,0.001465,172.217.194.0-255,5738,94031,34,96385
38867,0.001469,172.31.33.0-255,66,94097,34,96385
38868,0.001506,172.31.33.0-255,66,94163,34,96385
38869,0.001526,172.31.33.0-255,66,94229,34,96385
38870,0.001541,172.31.33.0-255,66,94295,34,96385
38871,0.001552,172.31.33.0-255,66,94361,34,96385
38872,0.001576,172.31.33.0-255,66,94427,34,96385
38873,0.001591,172.31.33.0-255,66,94493,34,96385
38874,0.001596,172.217.194.0-255,1484,95977,34,96385
38875,0.001643,172.31.33.0-255,66,96043,34,96385
38876,0.001647,172.217.194.0-255,105,96148,34,96385
38877,0.003174,172.31.33.0-255,66,96214,34,96385
38878,0.003198,172.31.33.0-255,105,96319,34,96385
38879,0.005478,172.217.194.0-255,66,96385,34,96385
38880,0.0,74.125.24.0-255,146,146,34,225369
38881,2.5e-05,172.31.33.0-255,66,212,34,225369
38882,3.1e-05,74.125.24.0-255,1484,1696,34,225369
38883,3.4e-05,172.31.33.0-255,66,1762,34,225369
38884,3.8e-05,74.125.24.0-255,2902,4664,34,225369
38885,4.7e-05,172.31.33.0-255,66,4730,34,225369
38886,5.2e-05,74.125.24.0-255,4320,9050,34,225369
38887,5.5e-05,172.31.33.0-255,66,9116,34,225369
38888,8.4e-05,74.125.24.0-255,2902,12018,34,225369
38889,8.6e-05,172.31.33.0-255,66,12084,34,225369
38890,0.000105,74.125.24.0-255,2127,14211,34,225369
38891,0.000108,172.31.33.0-255,66,14277,34,225369
38892,0.000113,74.125.24.0-255,5738,20015,34,225369
38893,0.000115,172.31.33.0-255,66,20081,34,225369
38894,0.000154,74.125.24.0-255,7156,27237,34,225369
38895,0.000159,172.31.33.0-255,66,27303,34,225369
38896,0.000187,74.125.24.0-255,3961,31264,34,225369
38897,0.000189,172.31.33.0-255,66,31330,34,225369
38898,0.000311,74.125.24.0-255,1484,32814,34,225369
38899,0.000315,172.31.33.0-255,66,32880,34,225369
38900,0.000321,74.125.24.0-255,2902,35782,34,225369
38901,0.000323,172.31.33.0-255,66,35848,34,225369
38902,0.000342,74.125.24.0-255,2902,38750,34,225369
38903,0.000346,172.31.33.0-255,66,38816,34,225369
38904,0.000351,74.125.24.0-255,4320,43136,34,225369
38905,0.000353,172.31.33.0-255,66,43202,34,225369
38906,0.000392,172.31.33.0-255,66,43268,34,225369
38907,0.000403,172.31.33.0-255,66,43334,34,225369
38908,0.000436,74.125.24.0-255,2856,46190,34,225369
38909,0.000438,172.31.33.0-255,66,46256,34,225369
38910,0.000442,74.125.24.0-255,109,46365,34,225369
38911,0.000588,74.125.24.0-255,1484,47849,34,225369
38912,0.000592,172.31.33.0-255,66,47915,34,225369
38913,0.00062,74.125.24.0-255,2902,50817,34,225369
38914,0.000623,172.31.33.0-255,66,50883,34,225369
38915,0.000629,74.125.24.0-255,5738,56621,34,225369
38916,0.000631,172.31.33.0-255,66,56687,34,225369
38917,0.000641,74.125.24.0-255,5738,62425,34,225369
38918,0.000645,172.31.33.0-255,66,62491,34,225369
38919,0.000681,172.31.33.0-255,66,62557,34,225369
38920,0.000706,74.125.24.0-255,5379,67936,34,225369
38921,0.000709,172.31.33.0-255,66,68002,34,225369
38922,0.000714,74.125.24.0-255,3961,71963,34,225369
38923,0.000716,172.31.33.0-255,66,72029,34,225369
38924,0.000719,74.125.24.0-255,331,72360,34,225369
38925,0.000914,172.31.33.0-255,66,72426,34,225369
38926,0.001383,74.125.24.0-255,1484,73910,34,225369
38927,0.001394,74.125.24.0-255,2902,76812,34,225369
38928,0.001398,172.31.33.0-255,66,76878,34,225369
38929,0.001405,74.125.24.0-255,4320,81198,34,225369
38930,0.001406,172.31.33.0-255,66,81264,34,225369
38931,0.001435,74.125.24.0-255,1484,82748,34,225369
38932,0.001444,74.125.24.0-255,7156,89904,34,225369
38933,0.001447,172.31.33.0-255,66,89970,34,225369
38934,0.001475,74.125.24.0-255,5738,95708,34,225369
38935,0.001477,172.31.33.0-255,66,95774,34,225369
38936,0.001481,74.125.24.0-255,4320,100094,34,225369
38937,0.001482,172.31.33.0-255,66,100160,34,225369
38938,0.001506,74.125.24.0-255,6438,106598,34,225369
38939,0.001508,172.31.33.0-255,66,106664,34,225369
38940,0.001746,74.125.24.0-255,1484,108148,34,225369
38941,0.001748,74.125.24.0-255,1484,109632,34,225369
38942,0.00175,172.31.33.0-255,66,109698,34,225369
38943,0.001769,74.125.24.0-255,1484,111182,34,225369
38944,0.001775,74.125.24.0-255,5738,116920,34,225369
38945,0.001776,172.31.33.0-255,66,116986,34,225369
38946,0.001813,74.125.24.0-255,7156,124142,34,225369
38947,0.001816,172.31.33.0-255,66,124208,34,225369
38948,0.001835,74.125.24.0-255,4320,128528,34,225369
38949,0.001837,172.31.33.0-255,66,128594,34,225369
38950,0.001847,74.125.24.0-255,2902,131496,34,225369
38951,0.001849,172.31.33.0-255,66,131562,34,225369
38952,0.001884,172.31.33.0-255,66,131628,34,225369
38953,0.001891,74.125.24.0-255,7156,138784,34,225369
38954,0.001893,172.31.33.0-255,66,138850,34,225369
38955,0.001917,74.125.24.0-255,5738,144588,34,225369
38956,0.001919,172.31.33.0-255,66,144654,34,225369
38957,0.001924,74.125.24.0-255,7156,151810,34,225369
38958,0.001926,172.31.33.0-255,66,151876,34,225369
38959,0.001992,74.125.24.0-255,4320,156196,34,225369
38960,0.002063,74.125.24.0-255,5738,161934,34,225369
38961,0.002093,74.125.24.0-255,1484,163418,34,225369
38962,0.002149,74.125.24.0-255,1484,164902,34,225369
38963,0.002156,74.125.24.0-255,7156,172058,34,225369
38964,0.002166,74.125.24.0-255,1484,173542,34,225369
38965,0.002172,74.125.24.0-255,7156,180698,34,225369
38966,0.002184,74.125.24.0-255,1484,182182,34,225369
38967,0.002215,74.125.24.0-255,5020,187202,34,225369
38968,0.002257,74.125.24.0-255,1484,188686,34,225369
38969,0.002296,74.125.24.0-255,2902,191588,34,225369
38970,0.002301,74.125.24.0-255,4320,195908,34,225369
38971,0.002338,74.125.24.0-255,3602,199510,34,225369
38972,0.002357,74.125.24.0-255,4320,203830,34,225369
38973,0.00236,74.125.24.0-255,1484,205314,34,225369
38974,0.00238,74.125.24.0-255,1484,206798,34,225369
38975,0.002407,74.125.24.0-255,5738,212536,34,225369
38976,0.00242,74.125.24.0-255,3602,216138,34,225369
38977,0.002427,74.125.24.0-255,5738,221876,34,225369
38978,0.002429,74.125.24.0-255,1484,223360,34,225369
38979,0.002452,74.125.24.0-255,1484,224844,34,225369
38980,0.002486,74.125.24.0-255,105,224949,34,225369
38981,0.010463,172.31.33.0-255,66,225015,34,225369
38982,0.011175,74.125.24.0-255,105,225120,34,225369
38983,0.011185,172.31.33.0-255,78,225198,34,225369
38984,0.013172,172.31.33.0-255,105,225303,34,225369
38985,0.01517,74.125.24.0-255,66,225369,34,225369
38986,0.0,74.125.24.0-255,153,153,34,255468
38987,2.4e-05,172.31.33.0-255,66,219,34,255468
38988,3.1e-05,74.125.24.0-255,1484,1703,34,255468
38989,3.6e-05,172.31.33.0-255,66,1769,34,255468
38990,4.9e-05,74.125.24.0-255,2902,4671,34,255468
38991,5.2e-05,172.31.33.0-255,66,4737,34,255468
38992,6e-05,74.125.24.0-255,7156,11893,34,255468
38993,6.3e-05,172.31.33.0-255,66,11959,34,255468
38994,6.7e-05,74.125.24.0-255,2083,14042,34,255468
38995,7e-05,172.31.33.0-255,66,14108,34,255468
38996,0.000115,74.125.24.0-255,1484,15592,34,255468
38997,0.000118,172.31.33.0-255,66,15658,34,255468
38998,0.000121,74.125.24.0-255,1484,17142,34,255468
38999,0.000124,172.31.33.0-255,66,17208,34,255468
39000,0.00015,74.125.24.0-255,1484,18692,34,255468
39001,0.000152,172.31.33.0-255,66,18758,34,255468
39002,0.00016,74.125.24.0-255,5738,24496,34,255468
39003,0.000162,172.31.33.0-255,66,24562,34,255468
39004,0.000174,74.125.24.0-255,6797,31359,34,255468
39005,0.000176,172.31.33.0-255,66,31425,34,255468
39006,0.000213,74.125.24.0-255,7156,38581,34,255468
39007,0.000216,172.31.33.0-255,66,38647,34,255468
39008,0.000254,74.125.24.0-255,1484,40131,34,255468
39009,0.000256,172.31.33.0-255,66,40197,34,255468
39010,0.000293,172.31.33.0-255,66,40263,34,255468
39011,0.000911,74.125.24.0-255,1484,41747,34,255468
39012,0.000917,172.31.33.0-255,66,41813,34,255468
39013,0.000923,74.125.24.0-255,2902,44715,34,255468
39014,0.000925,172.31.33.0-255,66,44781,34,255468
39015,0.000957,74.125.24.0-255,5738,50519,34,255468
39016,0.00096,172.31.33.0-255,66,50585,34,255468
39017,0.000969,74.125.24.0-255,5738,56323,34,255468
39018,0.000971,172.31.33.0-255,66,56389,34,255468
39019,0.001001,74.125.24.0-255,1704,58093,34,255468
39020,0.001004,172.31.33.0-255,66,58159,34,255468
39021,0.001057,74.125.24.0-255,1484,59643,34,255468
39022,0.00106,172.31.33.0-255,66,59709,34,255468
39023,0.001064,74.125.24.0-255,1484,61193,34,255468
39024,0.001066,172.31.33.0-255,66,61259,34,255468
39025,0.001092,74.125.24.0-255,1484,62743,34,255468
39026,0.001098,74.125.24.0-255,5738,68481,34,255468
39027,0.001101,74.125.24.0-255,2902,71383,34,255468
39028,0.001105,172.31.33.0-255,66,71449,34,255468
39029,0.001108,172.31.33.0-255,66,71515,34,255468
39030,0.001111,172.31.33.0-255,66,71581,34,255468
39031,0.001147,172.31.33.0-255,66,71647,34,255468
39032,0.001176,74.125.24.0-255,2902,74549,34,255468
39033,0.001178,172.31.33.0-255,66,74615,34,255468
39034,0.00119,172.31.33.0-255,66,74681,34,255468
39035,0.001352,74.125.24.0-255,1484,76165,34,255468
39036,0.001375,74.125.24.0-255,2902,79067,34,255468
39037,0.001379,172.31.33.0-255,66,79133,34,255468
39038,0.001386,74.125.24.0-255,5738,84871,34,255468
39039,0.001388,172.31.33.0-255,66,84937,34,255468
39040,0.001423,172.31.33.0-255,66,85003,34,255468
39041,0.001453,74.125.24.0-255,2902,87905,34,255468
39042,0.001455,172.31.33.0-255,66,87971,34,255468
39043,0.001461,74.125.24.0-255,4320,92291,34,255468
39044,0.001463,172.31.33.0-255,66,92357,34,255468
39045,0.001482,74.125.24.0-255,4320,96677,34,255468
39046,0.001484,172.31.33.0-255,66,96743,34,255468
39047,0.001501,74.125.24.0-255,2184,98927,34,255468
39048,0.001502,172.31.33.0-255,66,98993,34,255468
39049,0.001529,74.125.24.0-255,1484,100477,34,255468
39050,0.001549,74.125.24.0-255,2902,103379,34,255468
39051,0.001552,172.31.33.0-255,66,103445,34,255468
39052,0.001557,74.125.24.0-255,2902,106347,34,255468
39053,0.001559,172.31.33.0-255,66,106413,34,255468
39054,0.001594,74.125.24.0-255,2902,109315,34,255468
39055,0.001597,172.31.33.0-255,66,109381,34,255468
39056,0.001617,74.125.24.0-255,5738,115119,34,255468
39057,0.001619,172.31.33.0-255,66,115185,34,255468
39058,0.001627,74.125.24.0-255,7156,122341,34,255468
39059,0.001629,172.31.33.0-255,66,122407,34,255468
39060,0.001663,74.125.24.0-255,5738,128145,34,255468
39061,0.001666,172.31.33.0-255,66,128211,34,255468
39062,0.001672,74.125.24.0-255,4320,132531,34,255468
39063,0.001674,172.31.33.0-255,66,132597,34,255468
39064,0.001677,74.125.24.0-255,766,133363,34,255468
39065,0.002208,74.125.24.0-255,1484,134847,34,255468
39066,0.002213,172.31.33.0-255,66,134913,34,255468
39067,0.002219,74.125.24.0-255,2902,137815,34,255468
39068,0.002221,172.31.33.0-255,66,137881,34,255468
39069,0.002224,74.125.24.0-255,1484,139365,34,255468
39070,0.002255,74.125.24.0-255,4320,143685,34,255468
39071,0.002257,172.31.33.0-255,66,143751,34,255468
39072,0.002263,74.125.24.0-255,4320,148071,34,255468
39073,0.002264,172.31.33.0-255,66,148137,34,255468
39074,0.002267,74.125.24.0-255,1484,149621,34,255468
39075,0.0023,172.31.33.0-255,66,149687,34,255468
39076,0.002337,172.31.33.0-255,66,149753,34,255468
39077,0.003437,74.125.24.0-255,1484,151237,34,255468
39078,0.003448,74.125.24.0-255,2902,154139,34,255468
39079,0.003452,172.31.33.0-255,66,154205,34,255468
39080,0.003458,74.125.24.0-255,2902,157107,34,255468
39081,0.00346,172.31.33.0-255,66,157173,34,255468
39082,0.003492,172.31.33.0-255,66,157239,34,255468
39083,0.003513,74.125.24.0-255,1484,158723,34,255468
39084,0.003519,74.125.24.0-255,5738,164461,34,255468
39085,0.003521,172.31.33.0-255,66,164527,34,255468
39086,0.003567,74.125.24.0-255,1484,166011,34,255468
39087,0.003587,74.125.24.0-255,2902,168913,34,255468
39088,0.003589,172.31.33.0-255,66,168979,34,255468
39089,0.003595,74.125.24.0-255,6438,175417,34,255468
39090,0.003597,172.31.33.0-255,66,175483,34,255468
39091,0.003632,74.125.24.0-255,1484,176967,34,255468
39092,0.003636,74.125.24.0-255,1484,178451,34,255468
39093,0.003637,172.31.33.0-255,66,178517,34,255468
39094,0.00366,74.125.24.0-255,1484,180001,34,255468
39095,0.003666,74.125.24.0-255,4320,184321,34,255468
39096,0.003668,172.31.33.0-255,66,184387,34,255468
39097,0.003673,74.125.24.0-255,2902,187289,34,255468
39098,0.003674,172.31.33.0-255,66,187355,34,255468
39099,0.003677,74.125.24.0-255,1484,188839,34,255468
39100,0.003707,74.125.24.0-255,1484,190323,34,255468
39101,0.003709,172.31.33.0-255,66,190389,34,255468
39102,0.003742,172.31.33.0-255,66,190455,34,255468
39103,0.003748,74.125.24.0-255,5738,196193,34,255468
39104,0.00375,172.31.33.0-255,66,196259,34,255468
39105,0.00377,74.125.24.0-255,2184,198443,34,255468
39106,0.003776,172.31.33.0-255,66,198509,34,255468
39107,0.003804,172.31.33.0-255,66,198575,34,255468
39108,0.003841,74.125.24.0-255,4320,202895,34,255468
39109,0.003844,172.31.33.0-255,66,202961,34,255468
39110,0.003867,74.125.24.0-255,1484,204445,34,255468
39111,0.003871,74.125.24.0-255,1484,205929,34,255468
39112,0.003873,172.31.33.0-255,66,205995,34,255468
39113,0.003879,74.125.24.0-255,5738,211733,34,255468
39114,0.003882,172.31.33.0-255,66,211799,34,255468
39115,0.003906,74.125.24.0-255,1484,213283,34,255468
39116,0.003912,74.125.24.0-255,5738,219021,34,255468
39117,0.003915,172.31.33.0-255,66,219087,34,255468
39118,0.003947,74.125.24.0-255,3602,222689,34,255468
39119,0.00397,74.125.24.0-255,2902,225591,34,255468
39120,0.003976,74.125.24.0-255,4320,229911,34,255468
39121,0.003989,74.125.24.0-255,1484,231395,34,255468
39122,0.004007,74.125.24.0-255,1484,232879,34,255468
39123,0.004011,74.125.24.0-255,2902,235781,34,255468
39124,0.004114,74.125.24.0-255,1484,237265,34,255468
39125,0.004128,74.125.24.0-255,2184,239449,34,255468
39126,0.004178,74.125.24.0-255,2902,242351,34,255468
39127,0.004215,74.125.24.0-255,2902,245253,34,255468
39128,0.004258,74.125.24.0-255,4320,249573,34,255468
39129,0.004395,74.125.24.0-255,5370,254943,34,255468
39130,0.004421,74.125.24.0-255,105,255048,34,255468
39131,0.012758,172.31.33.0-255,66,255114,34,255468
39132,0.013593,74.125.24.0-255,105,255219,34,255468
39133,0.013605,172.31.33.0-255,78,255297,34,255468
39134,0.014489,172.31.33.0-255,105,255402,34,255468
39135,0.016788,74.125.24.0-255,66,255468,34,255468
39136,0.0,74.125.24.0-255,144,144,34,268503
39137,2.2e-05,172.31.33.0-255,66,210,34,268503
39138,2.7e-05,74.125.24.0-255,1484,1694,34,268503
39139,3.1e-05,172.31.33.0-255,66,1760,34,268503
39140,5.7e-05,74.125.24.0-255,2902,4662,34,268503
39141,6.4e-05,172.31.33.0-255,66,4728,34,268503
39142,7e-05,74.125.24.0-255,4320,9048,34,268503
39143,7.2e-05,172.31.33.0-255,66,9114,34,268503
39144,9.8e-05,74.125.24.0-255,4867,13981,34,268503
39145,0.000101,172.31.33.0-255,66,14047,34,268503
39146,0.000357,74.125.24.0-255,1484,15531,34,268503
39147,0.000362,172.31.33.0-255,66,15597,34,268503
39148,0.000368,74.125.24.0-255,2902,18499,34,268503
39149,0.00037,172.31.33.0-255,66,18565,34,268503
39150,0.000406,74.125.24.0-255,5738,24303,34,268503
39151,0.000409,172.31.33.0-255,66,24369,34,268503
39152,0.000414,74.125.24.0-255,4320,28689,34,268503
39153,0.000417,172.31.33.0-255,66,28755,34,268503
39154,0.000448,74.125.24.0-255,2543,31298,34,268503
39155,0.00045,172.31.33.0-255,66,31364,34,268503
39156,0.000469,74.125.24.0-255,2902,34266,34,268503
39157,0.000472,172.31.33.0-255,66,34332,34,268503
39158,0.000487,74.125.24.0-255,5738,40070,34,268503
39159,0.000495,172.31.33.0-255,66,40136,34,268503
39160,0.000526,74.125.24.0-255,1484,41620,34,268503
39161,0.000529,172.31.33.0-255,66,41686,34,268503
39162,0.000538,74.125.24.0-255,6797,48483,34,268503
39163,0.000541,172.31.33.0-255,66,48549,34,268503
39164,0.000584,74.125.24.0-255,1484,50033,34,268503
39165,0.000588,172.31.33.0-255,66,50099,34,268503
39166,0.000594,74.125.24.0-255,2902,53001,34,268503
39167,0.000597,172.31.33.0-255,66,53067,34,268503
39168,0.000631,74.125.24.0-255,5738,58805,34,268503
39169,0.000635,172.31.33.0-255,66,58871,34,268503
39170,0.000671,172.31.33.0-255,66,58937,34,268503
39171,0.000741,74.125.24.0-255,1484,60421,34,268503
39172,0.000756,74.125.24.0-255,2902,63323,34,268503
39173,0.00076,172.31.33.0-255,66,63389,34,268503
39174,0.000792,74.125.24.0-255,5738,69127,34,268503
39175,0.000795,172.31.33.0-255,66,69193,34,268503
39176,0.000801,74.125.24.0-255,2902,72095,34,268503
39177,0.000802,172.31.33.0-255,66,72161,34,268503
39178,0.00083,74.125.24.0-255,3961,76122,34,268503
39179,0.000833,172.31.33.0-255,66,76188,34,268503
39180,0.000837,74.125.24.0-255,1484,77672,34,268503
39181,0.000874,74.125.24.0-255,5738,83410,34,268503
39182,0.000878,172.31.33.0-255,66,83476,34,268503
39183,0.000883,74.125.24.0-255,4320,87796,34,268503
39184,0.000885,172.31.33.0-255,66,87862,34,268503
39185,0.000917,74.125.24.0-255,2902,90764,34,268503
39186,0.00092,172.31.33.0-255,66,90830,34,268503
39187,0.000947,74.125.24.0-255,2543,93373,34,268503
39188,0.00095,172.31.33.0-255,66,93439,34,268503
39189,0.001094,74.125.24.0-255,1484,94923,34,268503
39190,0.0011,74.125.24.0-255,2902,97825,34,268503
39191,0.001103,172.31.33.0-255,66,97891,34,268503
39192,0.001142,74.125.24.0-255,1484,99375,34,268503
39193,0.001166,74.125.24.0-255,4320,103695,34,268503
39194,0.001169,172.31.33.0-255,66,103761,34,268503
39195,0.001189,172.31.33.0-255,66,103827,34,268503
39196,0.001201,172.31.33.0-255,66,103893,34,268503
39197,0.001817,74.125.24.0-255,1484,105377,34,268503
39198,0.001829,74.125.24.0-255,2902,108279,34,268503
39199,0.001832,172.31.33.0-255,66,108345,34,268503
39200,0.001839,74.125.24.0-255,5738,114083,34,268503
39201,0.001841,172.31.33.0-255,66,114149,34,268503
39202,0.001863,74.125.24.0-255,1484,115633,34,268503
39203,0.00189,74.125.24.0-255,7156,122789,34,268503
39204,0.001893,172.31.33.0-255,66,122855,34,268503
39205,0.001899,74.125.24.0-255,5738,128593,34,268503
39206,0.0019,172.31.33.0-255,66,128659,34,268503
39207,0.001929,74.125.24.0-255,4320,132979,34,268503
39208,0.001932,172.31.33.0-255,66,133045,34,268503
39209,0.001938,74.125.24.0-255,5020,138065,34,268503
39210,0.001939,172.31.33.0-255,66,138131,34,268503
39211,0.002076,74.125.24.0-255,1484,139615,34,268503
39212,0.002082,74.125.24.0-255,2902,142517,34,268503
39213,0.002085,172.31.33.0-255,66,142583,34,268503
39214,0.002095,74.125.24.0-255,1484,144067,34,268503
39215,0.002111,74.125.24.0-255,4320,148387,34,268503
39216,0.002114,172.31.33.0-255,66,148453,34,268503
39217,0.002147,172.31.33.0-255,66,148519,34,268503
39218,0.002171,74.125.24.0-255,4320,152839,34,268503
39219,0.002173,172.31.33.0-255,66,152905,34,268503
39220,0.002208,172.31.33.0-255,66,152971,34,268503
39221,0.002212,74.125.24.0-255,2902,155873,34,268503
39222,0.002213,172.31.33.0-255,66,155939,34,268503
39223,0.002242,74.125.24.0-255,5738,161677,34,268503
39224,0.002245,172.31.33.0-255,66,161743,34,268503
39225,0.002273,74.125.24.0-255,7156,168899,34,268503
39226,0.002276,172.31.33.0-255,66,168965,34,268503
39227,0.002281,74.125.24.0-255,5738,174703,34,268503
39228,0.002282,172.31.33.0-255,66,174769,34,268503
39229,0.002313,172.31.33.0-255,66,174835,34,268503
39230,0.002316,74.125.24.0-255,766,175601,34,268503
39231,0.002715,74.125.24.0-255,1484,177085,34,268503
39232,0.002719,172.31.33.0-255,66,177151,34,268503
39233,0.002724,74.125.24.0-255,2902,180053,34,268503
39234,0.002726,172.31.33.0-255,66,180119,34,268503
39235,0.00273,74.125.24.0-255,2902,183021,34,268503
39236,0.002731,172.31.33.0-255,66,183087,34,268503
39237,0.002755,74.125.24.0-255,2902,185989,34,268503
39238,0.002757,172.31.33.0-255,66,186055,34,268503
39239,0.002761,74.125.24.0-255,2902,188957,34,268503
39240,0.002765,172.31.33.0-255,66,189023,34,268503
39241,0.002818,172.31.33.0-255,66,189089,34,268503
39242,0.002827,172.31.33.0-255,66,189155,34,268503
39243,0.00283,74.125.24.0-255,766,189921,34,268503
39244,0.00289,74.125.24.0-255,1484,191405,34,268503
39245,0.002894,172.31.33.0-255,66,191471,34,268503
39246,0.002899,74.125.24.0-255,2902,194373,34,268503
39247,0.0029,172.31.33.0-255,66,194439,34,268503
39248,0.002935,74.125.24.0-255,5738,200177,34,268503
39249,0.002938,172.31.33.0-255,66,200243,34,268503
39250,0.002943,74.125.24.0-255,4320,204563,34,268503
39251,0.002945,172.31.33.0-255,66,204629,34,268503
39252,0.003,74.125.24.0-255,1484,206113,34,268503
39253,0.003006,172.31.33.0-255,66,206179,34,268503
39254,0.003031,74.125.24.0-255,7156,213335,34,268503
39255,0.003033,172.31.33.0-255,66,213401,34,268503
39256,0.003043,172.31.33.0-255,66,213467,34,268503
39257,0.003056,172.31.33.0-255,66,213533,34,268503
39258,0.003067,172.31.33.0-255,66,213599,34,268503
39259,0.003073,74.125.24.0-255,6438,220037,34,268503
39260,0.003077,74.125.24.0-255,1484,221521,34,268503
39261,0.003083,74.125.24.0-255,5738,227259,34,268503
39262,0.003088,172.31.33.0-255,66,227325,34,268503
39263,0.00309,172.31.33.0-255,66,227391,34,268503
39264,0.003127,74.125.24.0-255,4320,231711,34,268503
39265,0.003132,172.31.33.0-255,66,231777,34,268503
39266,0.003135,74.125.24.0-255,1484,233261,34,268503
39267,0.003138,74.125.24.0-255,2902,236163,34,268503
39268,0.00314,172.31.33.0-255,66,236229,34,268503
39269,0.003145,74.125.24.0-255,4320,240549,34,268503
39270,0.003147,172.31.33.0-255,66,240615,34,268503
39271,0.003152,74.125.24.0-255,4320,244935,34,268503
39272,0.003153,172.31.33.0-255,66,245001,34,268503
39273,0.003181,74.125.24.0-255,5020,250021,34,268503
39274,0.003184,172.31.33.0-255,66,250087,34,268503
39275,0.00319,74.125.24.0-255,5738,255825,34,268503
39276,0.003192,172.31.33.0-255,66,255891,34,268503
39277,0.003237,74.125.24.0-255,4320,260211,34,268503
39278,0.003241,172.31.33.0-255,66,260277,34,268503
39279,0.003256,172.31.33.0-255,66,260343,34,268503
39280,0.003265,74.125.24.0-255,7098,267441,34,268503
39281,0.003269,172.31.33.0-255,66,267507,34,268503
39282,0.003273,74.125.24.0-255,105,267612,34,268503
39283,0.003305,74.125.24.0-255,129,267741,34,268503
39284,0.004863,172.31.33.0-255,105,267846,34,268503
39285,0.004928,172.31.33.0-255,105,267951,34,268503
39286,0.005192,172.31.33.0-255,90,268041,34,268503
39287,0.005204,172.31.33.0-255,66,268107,34,268503
39288,0.007439,74.125.24.0-255,66,268173,34,268503
39289,0.007458,74.125.24.0-255,66,268239,34,268503
39290,0.007715,74.125.24.0-255,66,268305,34,268503
39291,0.007747,74.125.24.0-255,66,268371,34,268503
39292,0.007758,172.31.33.0-255,66,268437,34,268503
39293,0.007765,74.125.24.0-255,66,268503,34,268503
39294,0.0,74.125.130.0-255,153,153,34,242314
39295,1.3e-05,172.31.33.0-255,66,219,34,242314
39296,4.4e-05,74.125.130.0-255,1484,1703,34,242314
39297,4.9e-05,172.31.33.0-255,66,1769,34,242314
39298,5.5e-05,74.125.130.0-255,2902,4671,34,242314
39299,5.8e-05,172.31.33.0-255,66,4737,34,242314
39300,6.1e-05,74.125.130.0-255,1484,6221,34,242314
39301,6.4e-05,172.31.33.0-255,66,6287,34,242314
39302,9.5e-05,74.125.130.0-255,5738,12025,34,242314
39303,9.9e-05,172.31.33.0-255,66,12091,34,242314
39304,0.000103,74.125.130.0-255,2093,14184,34,242314
39305,0.000105,172.31.33.0-255,66,14250,34,242314
39306,0.000303,74.125.130.0-255,1484,15734,34,242314
39307,0.000309,172.31.33.0-255,66,15800,34,242314
39308,0.000314,74.125.130.0-255,2902,18702,34,242314
39309,0.000316,172.31.33.0-255,66,18768,34,242314
39310,0.000344,74.125.130.0-255,5738,24506,34,242314
39311,0.000346,172.31.33.0-255,66,24572,34,242314
39312,0.000353,74.125.130.0-255,5738,30310,34,242314
39313,0.000357,172.31.33.0-255,66,30376,34,242314
39314,0.000377,74.125.130.0-255,4320,34696,34,242314
39315,0.000379,172.31.33.0-255,66,34762,34,242314
39316,0.000409,74.125.130.0-255,2543,37305,34,242314
39317,0.000412,172.31.33.0-255,66,37371,34,242314
39318,0.000416,74.125.130.0-255,4320,41691,34,242314
39319,0.000418,172.31.33.0-255,66,41757,34,242314
39320,0.000423,74.125.130.0-255,5738,47495,34,242314
39321,0.000425,172.31.33.0-255,66,47561,34,242314
39322,0.000427,74.125.130.0-255,1125,48686,34,242314
39323,0.000429,172.31.33.0-255,66,48752,34,242314
39324,0.000474,74.125.130.0-255,1484,50236,34,242314
39325,0.000477,172.31.33.0-255,66,50302,34,242314
39326,0.000481,74.125.130.0-255,2902,53204,34,242314
39327,0.000483,172.31.33.0-255,66,53270,34,242314
39328,0.000504,74.125.130.0-255,1484,54754,34,242314
39329,0.000513,74.125.130.0-255,2902,57656,34,242314
39330,0.000516,172.31.33.0-255,66,57722,34,242314
39331,0.000547,74.125.130.0-255,4320,62042,34,242314
39332,0.00055,172.31.33.0-255,66,62108,34,242314
39333,0.000574,74.125.130.0-255,4240,66348,34,242314
39334,0.000577,172.31.33.0-255,66,66414,34,242314
39335,0.00058,74.125.130.0-255,117,66531,34,242314
39336,0.000672,74.125.130.0-255,1484,68015,34,242314
39337,0.000676,172.31.33.0-255,66,68081,34,242314
39338,0.00068,74.125.130.0-255,2902,70983,34,242314
39339,0.000682,172.31.33.0-255,66,71049,34,242314
39340,0.000719,74.125.130.0-255,4320,75369,34,242314
39341,0.000724,172.31.33.0-255,66,75435,34,242314
39342,0.000724,74.125.130.0-255,5738,81173,34,242314
39343,0.000726,74.125.130.0-255,1484,82657,34,242314
39344,0.000727,172.31.33.0-255,66,82723,34,242314
39345,0.000777,172.31.33.0-255,66,82789,34,242314
39346,0.000781,74.125.130.0-255,5738,88527,34,242314
39347,0.000783,172.31.33.0-255,66,88593,34,242314
39348,0.000807,74.125.130.0-255,1439,90032,34,242314
39349,0.001003,74.125.130.0-255,1484,91516,34,242314
39350,0.001007,172.31.33.0-255,66,91582,34,242314
39351,0.001013,74.125.130.0-255,2902,94484,34,242314
39352,0.001015,172.31.33.0-255,66,94550,34,242314
39353,0.00105,74.125.130.0-255,2902,97452,34,242314
39354,0.001054,172.31.33.0-255,66,97518,34,242314
39355,0.001072,74.125.130.0-255,1484,99002,34,242314
39356,0.001081,172.31.33.0-255,66,99068,34,242314
39357,0.001095,172.31.33.0-255,66,99134,34,242314
39358,0.001439,74.125.130.0-255,1484,100618,34,242314
39359,0.001445,74.125.130.0-255,1484,102102,34,242314
39360,0.001448,172.31.33.0-255,66,102168,34,242314
39361,0.001471,74.125.130.0-255,1484,103652,34,242314
39362,0.001477,74.125.130.0-255,5738,109390,34,242314
39363,0.001479,172.31.33.0-255,66,109456,34,242314
39364,0.001485,74.125.130.0-255,7156,116612,34,242314
39365,0.001487,172.31.33.0-255,66,116678,34,242314
39366,0.001531,172.31.33.0-255,66,116744,34,242314
39367,0.001535,74.125.130.0-255,2184,118928,34,242314
39368,0.001538,172.31.33.0-255,66,118994,34,242314
39369,0.001698,74.125.130.0-255,1484,120478,34,242314
39370,0.001719,74.125.130.0-255,2902,123380,34,242314
39371,0.001723,172.31.33.0-255,66,123446,34,242314
39372,0.00173,74.125.130.0-255,5738,129184,34,242314
39373,0.001733,172.31.33.0-255,66,129250,34,242314
39374,0.001745,74.125.130.0-255,7156,136406,34,242314
39375,0.001748,172.31.33.0-255,66,136472,34,242314
39376,0.001786,172.31.33.0-255,66,136538,34,242314
39377,0.00179,74.125.130.0-255,2184,138722,34,242314
39378,0.001792,172.31.33.0-255,66,138788,34,242314
39379,0.002205,74.125.130.0-255,1484,140272,34,242314
39380,0.002231,74.125.130.0-255,1484,141756,34,242314
39381,0.002236,172.31.33.0-255,66,141822,34,242314
39382,0.002263,74.125.130.0-255,2902,144724,34,242314
39383,0.002267,172.31.33.0-255,66,144790,34,242314
39384,0.002274,74.125.130.0-255,5738,150528,34,242314
39385,0.002277,172.31.33.0-255,66,150594,34,242314
39386,0.002283,74.125.130.0-255,5738,156332,34,242314
39387,0.002285,172.31.33.0-255,66,156398,34,242314
39388,0.002323,74.125.130.0-255,1484,157882,34,242314
39389,0.002335,172.31.33.0-255,66,157948,34,242314
39390,0.00234,74.125.130.0-255,2902,160850,34,242314
39391,0.002342,172.31.33.0-255,66,160916,34,242314
39392,0.002347,74.125.130.0-255,3602,164518,34,242314
39393,0.002349,172.31.33.0-255,66,164584,34,242314
39394,0.002693,74.125.130.0-255,1484,166068,34,242314
39395,0.002701,74.125.130.0-255,2902,168970,34,242314
39396,0.002705,172.31.33.0-255,66,169036,34,242314
39397,0.00274,74.125.130.0-255,5738,174774,34,242314
39398,0.002743,172.31.33.0-255,66,174840,34,242314
39399,0.002748,74.125.130.0-255,4320,179160,34,242314
39400,0.002756,172.31.33.0-255,66,179226,34,242314
39401,0.002763,74.125.130.0-255,5738,184964,34,242314
39402,0.002766,172.31.33.0-255,66,185030,34,242314
39403,0.002777,172.31.33.0-255,66,185096,34,242314
39404,0.002816,74.125.130.0-255,1484,186580,34,242314
39405,0.002824,74.125.130.0-255,5020,191600,34,242314
39406,0.002826,172.31.33.0-255,66,191666,34,242314
39407,0.002832,74.125.130.0-255,5738,197404,34,242314
39408,0.002834,172.31.33.0-255,66,197470,34,242314
39409,0.002846,172.31.33.0-255,66,197536,34,242314
39410,0.002857,172.31.33.0-255,66,197602,34,242314
39411,0.002925,172.31.33.0-255,66,197668,34,242314
39412,0.002934,172.31.33.0-255,66,197734,34,242314
39413,0.002936,74.125.130.0-255,1484,199218,34,242314
39414,0.002943,74.125.130.0-255,7156,206374,34,242314
39415,0.002945,172.31.33.0-255,66,206440,34,242314
39416,0.002969,74.125.130.0-255,4320,210760,34,242314
39417,0.002971,172.31.33.0-255,66,210826,34,242314
39418,0.002974,74.125.130.0-255,766,211592,34,242314
39419,0.002986,74.125.130.0-255,1484,213076,34,242314
39420,0.003035,74.125.130.0-255,1484,214560,34,242314
39421,0.003038,74.125.130.0-255,2902,217462,34,242314
39422,0.003041,74.125.130.0-255,1484,218946,34,242314
39423,0.003047,74.125.130.0-255,6438,225384,34,242314
39424,0.003059,74.125.130.0-255,2902,228286,34,242314
39425,0.003082,74.125.130.0-255,5738,234024,34,242314
39426,0.003085,74.125.130.0-255,1484,235508,34,242314
39427,0.003103,74.125.130.0-255,4320,239828,34,242314
39428,0.003115,74.125.130.0-255,2144,241972,34,242314
39429,0.003165,74.125.130.0-255,105,242077,34,242314
39430,0.006351,172.31.33.0-255,66,242143,34,242314
39431,0.008021,172.31.33.0-255,105,242248,34,242314
39432,0.010604,74.125.130.0-255,66,242314,34,242314
39433,0.0,172.253.118.0-255,153,153,34,244706
39434,2.2e-05,172.31.33.0-255,66,219,34,244706
39435,2.7e-05,172.253.118.0-255,1484,1703,34,244706
39436,3.1e-05,172.31.33.0-255,66,1769,34,244706
39437,3.5e-05,172.253.118.0-255,2902,4671,34,244706
39438,3.7e-05,172.31.33.0-255,66,4737,34,244706
39439,4.1e-05,172.253.118.0-255,2902,7639,34,244706
39440,4.4e-05,172.31.33.0-255,66,7705,34,244706
39441,7.1e-05,172.253.118.0-255,4320,12025,34,244706
39442,7.4e-05,172.31.33.0-255,66,12091,34,244706
39443,7.8e-05,172.253.118.0-255,3581,15672,34,244706
39444,7.9e-05,172.31.33.0-255,66,15738,34,244706
39445,8.3e-05,172.253.118.0-255,4320,20058,34,244706
39446,8.6e-05,172.31.33.0-255,66,20124,34,244706
39447,9.3e-05,172.253.118.0-255,7156,27280,34,244706
39448,9.4e-05,172.31.33.0-255,66,27346,34,244706
39449,0.000107,172.253.118.0-255,2902,30248,34,244706
39450,0.000108,172.31.33.0-255,66,30314,34,244706
39451,0.000111,172.253.118.0-255,1125,31439,34,244706
39452,0.000112,172.31.33.0-255,66,31505,34,244706
39453,0.000211,172.253.118.0-255,1484,32989,34,244706
39454,0.000214,172.31.33.0-255,66,33055,34,244706
39455,0.000218,172.253.118.0-255,1484,34539,34,244706
39456,0.00022,172.31.33.0-255,66,34605,34,244706
39457,0.000232,172.253.118.0-255,1484,36089,34,244706
39458,0.000234,172.31.33.0-255,66,36155,34,244706
39459,0.000237,172.253.118.0-255,1484,37639,34,244706
39460,0.000238,172.31.33.0-255,66,37705,34,244706
39461,0.000263,172.253.118.0-255,4320,42025,34,244706
39462,0.000265,172.31.33.0-255,66,42091,34,244706
39463,0.000276,172.31.33.0-255,66,42157,34,244706
39464,0.00029,172.253.118.0-255,1125,43282,34,244706
39465,0.000316,172.253.118.0-255,2902,46184,34,244706
39466,0.000319,172.31.33.0-255,66,46250,34,244706
39467,0.000344,172.31.33.0-255,66,46316,34,244706
39468,0.000346,172.253.118.0-255,1405,47721,34,244706
39469,0.000348,172.253.118.0-255,410,48131,34,244706
39470,0.000351,172.31.33.0-255,66,48197,34,244706
39471,0.000541,172.253.118.0-255,1484,49681,34,244706
39472,0.000554,172.253.118.0-255,2902,52583,34,244706
39473,0.000556,172.31.33.0-255,66,52649,34,244706
39474,0.00056,172.253.118.0-255,1484,54133,34,244706
39475,0.000575,172.253.118.0-255,4320,58453,34,244706
39476,0.000577,172.31.33.0-255,66,58519,34,244706
39477,0.000605,172.253.118.0-255,4320,62839,34,244706
39478,0.000608,172.31.33.0-255,66,62905,34,244706
39479,0.000619,172.31.33.0-255,66,62971,34,244706
39480,0.000645,172.31.33.0-255,66,63037,34,244706
39481,0.000727,172.253.118.0-255,1484,64521,34,244706
39482,0.000731,172.253.118.0-255,1484,66005,34,244706
39483,0.000735,172.31.33.0-255,66,66071,34,244706
39484,0.000741,172.253.118.0-255,1484,67555,34,244706
39485,0.00076,172.253.118.0-255,5738,73293,34,244706
39486,0.000763,172.31.33.0-255,66,73359,34,244706
39487,0.000784,172.253.118.0-255,4320,77679,34,244706
39488,0.000787,172.31.33.0-255,66,77745,34,244706
39489,0.000819,172.31.33.0-255,66,77811,34,244706
39490,0.000829,172.31.33.0-255,66,77877,34,244706
39491,0.000843,172.253.118.0-255,2184,80061,34,244706
39492,0.000845,172.31.33.0-255,66,80127,34,244706
39493,0.000868,172.253.118.0-255,1484,81611,34,244706
39494,0.000872,172.253.118.0-255,2902,84513,34,244706
39495,0.000874,172.253.118.0-255,1484,85997,34,244706
39496,0.000875,172.31.33.0-255,66,86063,34,244706
39497,0.000891,172.253.118.0-255,4320,90383,34,244706
39498,0.000893,172.31.33.0-255,66,90449,34,244706
39499,0.000896,172.253.118.0-255,1484,91933,34,244706
39500,0.000929,172.31.33.0-255,66,91999,34,244706
39501,0.000935,172.253.118.0-255,7156,99155,34,244706
39502,0.000937,172.31.33.0-255,66,99221,34,244706
39503,0.000942,172.253.118.0-255,3602,102823,34,244706
39504,0.000945,172.31.33.0-255,66,102889,34,244706
39505,0.000985,172.253.118.0-255,1484,104373,34,244706
39506,0.000988,172.253.118.0-255,1484,105857,34,244706
39507,0.000991,172.31.33.0-255,66,105923,34,244706
39508,0.001007,172.253.118.0-255,1484,107407,34,244706
39509,0.001013,172.253.118.0-255,5738,113145,34,244706
39510,0.001016,172.31.33.0-255,66,113211,34,244706
39511,0.001031,172.253.118.0-255,4320,117531,34,244706
39512,0.001033,172.31.33.0-255,66,117597,34,244706
39513,0.001065,172.31.33.0-255,66,117663,34,244706
39514,0.001072,172.253.118.0-255,7156,124819,34,244706
39515,0.001077,172.31.33.0-255,66,124885,34,244706
39516,0.001112,172.253.118.0-255,3602,128487,34,244706
39517,0.001115,172.31.33.0-255,66,128553,34,244706
39518,0.001372,172.253.118.0-255,1484,130037,34,244706
39519,0.001391,172.253.118.0-255,2902,132939,34,244706
39520,0.001394,172.31.33.0-255,66,133005,34,244706
39521,0.001399,172.253.118.0-255,4320,137325,34,244706
39522,0.001401,172.31.33.0-255,66,137391,34,244706
39523,0.001425,172.31.33.0-255,66,137457,34,244706
39524,0.001453,172.253.118.0-255,5738,143195,34,244706
39525,0.001455,172.31.33.0-255,66,143261,34,244706
39526,0.001484,172.31.33.0-255,66,143327,34,244706
39527,0.001511,172.253.118.0-255,1484,144811,34,244706
39528,0.001549,172.253.118.0-255,1484,146295,34,244706
39529,0.001551,172.31.33.0-255,66,146361,34,244706
39530,0.001567,172.253.118.0-255,1484,147845,34,244706
39531,0.001573,172.253.118.0-255,5738,153583,34,244706
39532,0.001575,172.31.33.0-255,66,153649,34,244706
39533,0.001589,172.31.33.0-255,66,153715,34,244706
39534,0.001605,172.253.118.0-255,2902,156617,34,244706
39535,0.001607,172.31.33.0-255,66,156683,34,244706
39536,0.001642,172.31.33.0-255,66,156749,34,244706
39537,0.001654,172.253.118.0-255,4320,161069,34,244706
39538,0.001656,172.31.33.0-255,66,161135,34,244706
39539,0.00169,172.31.33.0-255,66,161201,34,244706
39540,0.001696,172.253.118.0-255,5738,166939,34,244706
39541,0.001698,172.31.33.0-255,66,167005,34,244706
39542,0.001721,172.31.33.0-255,66,167071,34,244706
39543,0.001723,172.253.118.0-255,1484,168555,34,244706
39544,0.001737,172.253.118.0-255,2184,170739,34,244706
39545,0.00174,172.31.33.0-255,66,170805,34,244706
39546,0.001811,172.253.118.0-255,1484,172289,34,244706
39547,0.001815,172.253.118.0-255,1484,173773,34,244706
39548,0.001817,172.31.33.0-255,66,173839,34,244706
39549,0.001834,172.253.118.0-255,1484,175323,34,244706
39550,0.00184,172.253.118.0-255,5738,181061,34,244706
39551,0.001843,172.31.33.0-255,66,181127,34,244706
39552,0.001866,172.31.33.0-255,66,181193,34,244706
39553,0.001884,172.253.118.0-255,1484,182677,34,244706
39554,0.001914,172.253.118.0-255,4320,186997,34,244706
39555,0.001917,172.31.33.0-255,66,187063,34,244706
39556,0.00194,172.31.33.0-255,66,187129,34,244706
39557,0.001967,172.253.118.0-255,1484,188613,34,244706
39558,0.001985,172.253.118.0-255,2902,191515,34,244706
39559,0.001988,172.31.33.0-255,66,191581,34,244706
39560,0.002008,172.253.118.0-255,4320,195901,34,244706
39561,0.002011,172.31.33.0-255,66,195967,34,244706
39562,0.002026,172.253.118.0-255,1484,197451,34,244706
39563,0.002031,172.253.118.0-255,4320,201771,34,244706
39564,0.002033,172.31.33.0-255,66,201837,34,244706
39565,0.002044,172.31.33.0-255,66,201903,34,244706
39566,0.002049,172.253.118.0-255,7156,209059,34,244706
39567,0.002052,172.31.33.0-255,66,209125,34,244706
39568,0.002054,172.253.118.0-255,766,209891,34,244706
39569,0.002098,172.253.118.0-255,1484,211375,34,244706
39570,0.002101,172.31.33.0-255,66,211441,34,244706
39571,0.00212,172.253.118.0-255,2902,214343,34,244706
39572,0.002123,172.31.33.0-255,66,214409,34,244706
39573,0.002127,172.253.118.0-255,2902,217311,34,244706
39574,0.002129,172.31.33.0-255,66,217377,34,244706
39575,0.00214,172.253.118.0-255,2902,220279,34,244706
39576,0.002143,172.31.33.0-255,66,220345,34,244706
39577,0.002169,172.253.118.0-255,7156,227501,34,244706
39578,0.002171,172.31.33.0-255,66,227567,34,244706
39579,0.002176,172.253.118.0-255,5738,233305,34,244706
39580,0.002178,172.31.33.0-255,66,233371,34,244706
39581,0.0022,172.253.118.0-255,2902,236273,34,244706
39582,0.002203,172.31.33.0-255,66,236339,34,244706
39583,0.00221,172.253.118.0-255,843,237182,34,244706
39584,0.002233,172.253.118.0-255,105,237287,34,244706
39585,0.002858,172.31.33.0-255,66,237353,34,244706
39586,0.002882,172.31.33.0-255,105,237458,34,244706
39587,0.004885,172.253.118.0-255,66,237524,34,244706
39588,0.037617,172.31.33.0-255,188,237712,34,244706
39589,0.037647,172.31.33.0-255,957,238669,34,244706
39590,0.037702,172.31.33.0-255,1514,240183,34,244706
39591,0.037704,172.31.33.0-255,1514,241697,34,244706
39592,0.03771,172.31.33.0-255,1514,243211,34,244706
39593,0.037711,172.31.33.0-255,1231,244442,34,244706
39594,0.039199,104.244.42.0-255,66,244508,34,244706
39595,0.039214,104.244.42.0-255,66,244574,34,244706
39596,0.03928,104.244.42.0-255,66,244640,34,244706
39597,0.039285,104.244.42.0-255,66,244706,34,244706
39598,0.0,172.31.33.0-255,105,105,34,276
39599,0.002213,157.240.7.0-255,105,210,34,276
39600,0.002225,172.31.33.0-255,66,276,34,276
39601,0.0,172.31.33.0-255,105,105,34,342
39602,0.002024,74.125.24.0-255,66,171,34,342
39603,0.002048,74.125.24.0-255,105,276,34,342
39604,0.002052,172.31.33.0-255,66,342,34,342
39605,0.0,172.217.194.0-255,146,146,34,135712
39606,2.3e-05,172.31.33.0-255,66,212,34,135712
39607,2.9e-05,172.217.194.0-255,1484,1696,34,135712
39608,3.2e-05,172.31.33.0-255,66,1762,34,135712
39609,4.3e-05,172.217.194.0-255,2902,4664,34,135712
39610,4.6e-05,172.31.33.0-255,66,4730,34,135712
39611,7.4e-05,172.217.194.0-255,7156,11886,34,135712
39612,7.6e-05,172.31.33.0-255,66,11952,34,135712
39613,7.9e-05,172.217.194.0-255,2044,13996,34,135712
39614,8.1e-05,172.31.33.0-255,66,14062,34,135712
39615,0.000122,172.217.194.0-255,4320,18382,34,135712
39616,0.000125,172.31.33.0-255,66,18448,34,135712
39617,0.00015,172.217.194.0-255,7156,25604,34,135712
39618,0.000153,172.31.33.0-255,66,25670,34,135712
39619,0.000159,172.217.194.0-255,4320,29990,34,135712
39620,0.000161,172.31.33.0-255,66,30056,34,135712
39621,0.000179,172.217.194.0-255,1125,31181,34,135712
39622,0.000182,172.31.33.0-255,66,31247,34,135712
39623,0.000243,172.217.194.0-255,1484,32731,34,135712
39624,0.000246,172.31.33.0-255,66,32797,34,135712
39625,0.000272,172.217.194.0-255,2902,35699,34,135712
39626,0.000276,172.31.33.0-255,66,35765,34,135712
39627,0.000282,172.217.194.0-255,5738,41503,34,135712
39628,0.000284,172.31.33.0-255,66,41569,34,135712
39629,0.000288,172.217.194.0-255,2902,44471,34,135712
39630,0.00029,172.31.33.0-255,66,44537,34,135712
39631,0.000316,172.217.194.0-255,1484,46021,34,135712
39632,0.000319,172.31.33.0-255,66,46087,34,135712
39633,0.000324,172.217.194.0-255,2902,48989,34,135712
39634,0.000326,172.31.33.0-255,66,49055,34,135712
39635,0.000359,172.31.33.0-255,66,49121,34,135712
39636,0.000362,172.217.194.0-255,2902,52023,34,135712
39637,0.000367,172.31.33.0-255,66,52089,34,135712
39638,0.000404,172.217.194.0-255,5020,57109,34,135712
39639,0.000408,172.31.33.0-255,66,57175,34,135712
39640,0.000428,172.217.194.0-255,345,57520,34,135712
39641,0.00046,172.217.194.0-255,114,57634,34,135712
39642,0.000589,172.217.194.0-255,1484,59118,34,135712
39643,0.000592,172.31.33.0-255,66,59184,34,135712
39644,0.000597,172.217.194.0-255,2902,62086,34,135712
39645,0.000599,172.31.33.0-255,66,62152,34,135712
39646,0.000626,172.217.194.0-255,5738,67890,34,135712
39647,0.000629,172.31.33.0-255,66,67956,34,135712
39648,0.000633,172.217.194.0-255,2902,70858,34,135712
39649,0.000635,172.31.33.0-255,66,70924,34,135712
39650,0.000669,172.31.33.0-255,66,70990,34,135712
39651,0.000673,172.217.194.0-255,2902,73892,34,135712
39652,0.000675,172.31.33.0-255,66,73958,34,135712
39653,0.000705,172.31.33.0-255,66,74024,34,135712
39654,0.000746,172.31.33.0-255,66,74090,34,135712
39655,0.00079,172.31.33.0-255,66,74156,34,135712
39656,0.001647,172.217.194.0-255,1484,75640,34,135712
39657,0.001657,172.217.194.0-255,2902,78542,34,135712
39658,0.001661,172.31.33.0-255,66,78608,34,135712
39659,0.00169,172.217.194.0-255,5738,84346,34,135712
39660,0.001693,172.31.33.0-255,66,84412,34,135712
39661,0.001726,172.31.33.0-255,66,84478,34,135712
39662,0.00175,172.217.194.0-255,4320,88798,34,135712
39663,0.001752,172.31.33.0-255,66,88864,34,135712
39664,0.001785,172.31.33.0-255,66,88930,34,135712
39665,0.001828,172.217.194.0-255,1484,90414,34,135712
39666,0.001832,172.217.194.0-255,2902,93316,34,135712
39667,0.001833,172.31.33.0-255,66,93382,34,135712
39668,0.001849,172.217.194.0-255,1484,94866,34,135712
39669,0.001864,172.217.194.0-255,4320,99186,34,135712
39670,0.001865,172.31.33.0-255,66,99252,34,135712
39671,0.001868,172.217.194.0-255,1484,100736,34,135712
39672,0.001872,172.217.194.0-255,2902,103638,34,135712
39673,0.001873,172.31.33.0-255,66,103704,34,135712
39674,0.001893,172.217.194.0-255,5738,109442,34,135712
39675,0.001895,172.31.33.0-255,66,109508,34,135712
39676,0.001905,172.217.194.0-255,1484,110992,34,135712
39677,0.001936,172.31.33.0-255,66,111058,34,135712
39678,0.00194,172.217.194.0-255,4320,115378,34,135712
39679,0.001942,172.31.33.0-255,66,115444,34,135712
39680,0.001976,172.31.33.0-255,66,115510,34,135712
39681,0.001989,172.31.33.0-255,66,115576,34,135712
39682,0.002017,172.217.194.0-255,4320,119896,34,135712
39683,0.002019,172.31.33.0-255,66,119962,34,135712
39684,0.002049,172.31.33.0-255,66,120028,34,135712
39685,0.002063,172.217.194.0-255,2902,122930,34,135712
39686,0.002065,172.31.33.0-255,66,122996,34,135712
39687,0.002075,172.31.33.0-255,66,123062,34,135712
39688,0.002116,172.31.33.0-255,66,123128,34,135712
39689,0.002124,172.31.33.0-255,66,123194,34,135712
39690,0.002168,172.31.33.0-255,66,123260,34,135712
39691,0.002184,172.31.33.0-255,66,123326,34,135712
39692,0.00222,172.217.194.0-255,4320,127646,34,135712
39693,0.002222,172.31.33.0-255,66,127712,34,135712
39694,0.002256,172.31.33.0-255,66,127778,34,135712
39695,0.002275,172.31.33.0-255,66,127844,34,135712
39696,0.002314,172.31.33.0-255,66,127910,34,135712
39697,0.002335,172.217.194.0-255,3108,131018,34,135712
39698,0.002337,172.31.33.0-255,66,131084,34,135712
39699,0.002339,172.217.194.0-255,105,131189,34,135712
39700,0.008332,172.31.33.0-255,66,131255,34,135712
39701,0.00836,172.31.33.0-255,105,131360,34,135712
39702,0.010906,172.217.194.0-255,66,131426,34,135712
39703,0.031284,172.31.33.0-255,167,131593,34,135712
39704,0.031313,172.31.33.0-255,1113,132706,34,135712
39705,0.031346,172.31.33.0-255,1514,134220,34,135712
39706,0.031368,172.31.33.0-255,1294,135514,34,135712
39707,0.032819,104.244.42.0-255,66,135580,34,135712
39708,0.03286,104.244.42.0-255,66,135646,34,135712
39709,0.032908,104.244.42.0-255,66,135712,34,135712
39710,0.0,172.31.33.0-255,105,105,34,342
39711,0.00229,172.217.194.0-255,66,171,34,342
39712,0.0023,172.217.194.0-255,105,276,34,342
39713,0.002305,172.31.33.0-255,66,342,34,342
39714,0.0,74.125.24.0-255,153,153,34,163555
39715,1.5e-05,172.31.33.0-255,66,219,34,163555
39716,2.2e-05,74.125.24.0-255,1484,1703,34,163555
39717,2.7e-05,172.31.33.0-255,66,1769,34,163555
39718,3.3e-05,74.125.24.0-255,2902,4671,34,163555
39719,3.7e-05,172.31.33.0-255,66,4737,34,163555
39720,4.5e-05,74.125.24.0-255,7156,11893,34,163555
39721,4.8e-05,172.31.33.0-255,66,11959,34,163555
39722,5.3e-05,74.125.24.0-255,2088,14047,34,163555
39723,5.6e-05,172.31.33.0-255,66,14113,34,163555
39724,8.9e-05,74.125.24.0-255,2902,17015,34,163555
39725,9.2e-05,172.31.33.0-255,66,17081,34,163555
39726,0.000112,74.125.24.0-255,5738,22819,34,163555
39727,0.000115,172.31.33.0-255,66,22885,34,163555
39728,0.000158,74.125.24.0-255,5738,28623,34,163555
39729,0.000161,172.31.33.0-255,66,28689,34,163555
39730,0.00018,74.125.24.0-255,2543,31232,34,163555
39731,0.000182,172.31.33.0-255,66,31298,34,163555
39732,0.000281,74.125.24.0-255,1484,32782,34,163555
39733,0.000285,172.31.33.0-255,66,32848,34,163555
39734,0.000291,74.125.24.0-255,2902,35750,34,163555
39735,0.000294,172.31.33.0-255,66,35816,34,163555
39736,0.000299,74.125.24.0-255,2902,38718,34,163555
39737,0.000301,172.31.33.0-255,66,38784,34,163555
39738,0.000323,74.125.24.0-255,2902,41686,34,163555
39739,0.000326,172.31.33.0-255,66,41752,34,163555
39740,0.000331,74.125.24.0-255,4320,46072,34,163555
39741,0.000333,172.31.33.0-255,66,46138,34,163555
39742,0.000337,74.125.24.0-255,1484,47622,34,163555
39743,0.000339,172.31.33.0-255,66,47688,34,163555
39744,0.000378,172.31.33.0-255,66,47754,34,163555
39745,0.000386,74.125.24.0-255,7072,54826,34,163555
39746,0.00039,74.125.24.0-255,138,54964,34,163555
39747,0.00049,74.125.24.0-255,1484,56448,34,163555
39748,0.000495,74.125.24.0-255,1484,57932,34,163555
39749,0.000515,74.125.24.0-255,1484,59416,34,163555
39750,0.000522,74.125.24.0-255,5738,65154,34,163555
39751,0.000547,74.125.24.0-255,2902,68056,34,163555
39752,0.000554,172.31.33.0-255,66,68122,34,163555
39753,0.000574,172.31.33.0-255,66,68188,34,163555
39754,0.000586,74.125.24.0-255,1125,69313,34,163555
39755,0.000625,172.31.33.0-255,66,69379,34,163555
39756,0.002441,74.125.24.0-255,1484,70863,34,163555
39757,0.002451,74.125.24.0-255,2902,73765,34,163555
39758,0.002456,172.31.33.0-255,66,73831,34,163555
39759,0.002464,74.125.24.0-255,5738,79569,34,163555
39760,0.002467,74.125.24.0-255,1484,81053,34,163555
39761,0.002494,74.125.24.0-255,1484,82537,34,163555
39762,0.002498,74.125.24.0-255,1484,84021,34,163555
39763,0.002955,74.125.24.0-255,1484,85505,34,163555
39764,0.002964,74.125.24.0-255,2902,88407,34,163555
39765,0.002968,74.125.24.0-255,2902,91309,34,163555
39766,0.002982,74.125.24.0-255,2902,94211,34,163555
39767,0.002987,74.125.24.0-255,4320,98531,34,163555
39768,0.003032,74.125.24.0-255,4320,102851,34,163555
39769,0.003046,74.125.24.0-255,3602,106453,34,163555
39770,0.003052,74.125.24.0-255,4320,110773,34,163555
39771,0.003069,74.125.24.0-255,4320,115093,34,163555
39772,0.003138,74.125.24.0-255,6438,121531,34,163555
39773,0.003145,74.125.24.0-255,5738,127269,34,163555
39774,0.003196,74.125.24.0-255,7156,134425,34,163555
39775,0.003201,74.125.24.0-255,3602,138027,34,163555
39776,0.003252,74.125.24.0-255,4320,142347,34,163555
39777,0.003337,74.125.24.0-255,2184,144531,34,163555
39778,0.00336,74.125.24.0-255,5020,149551,34,163555
39779,0.00339,74.125.24.0-255,2902,152453,34,163555
39780,0.003451,74.125.24.0-255,5020,157473,34,163555
39781,0.003492,74.125.24.0-255,2902,160375,34,163555
39782,0.003582,74.125.24.0-255,2184,162559,34,163555
39783,0.003606,74.125.24.0-255,105,162664,34,163555
39784,0.003608,74.125.24.0-255,129,162793,34,163555
39785,0.009925,172.31.33.0-255,66,162859,34,163555
39786,0.012434,172.31.33.0-255,105,162964,34,163555
39787,0.012468,172.31.33.0-255,105,163069,34,163555
39788,0.012723,172.31.33.0-255,90,163159,34,163555
39789,0.012742,172.31.33.0-255,66,163225,34,163555
39790,0.014354,74.125.24.0-255,66,163291,34,163555
39791,0.01442,74.125.24.0-255,66,163357,34,163555
39792,0.014666,74.125.24.0-255,66,163423,34,163555
39793,0.014686,74.125.24.0-255,66,163489,34,163555
39794,0.014693,172.31.33.0-255,66,163555,34,163555
39795,0.0,172.217.194.0-255,210,210,34,256147
39796,2.4e-05,172.31.33.0-255,66,276,34,256147
39797,3e-05,172.217.194.0-255,1484,1760,34,256147
39798,3.4e-05,172.31.33.0-255,66,1826,34,256147
39799,3.9e-05,172.217.194.0-255,4320,6146,34,256147
39800,4.1e-05,172.31.33.0-255,66,6212,34,256147
39801,6.1e-05,172.217.194.0-255,4320,10532,34,256147
39802,6.3e-05,172.31.33.0-255,66,10598,34,256147
39803,7.6e-05,172.217.194.0-255,3249,13847,34,256147
39804,7.8e-05,172.31.33.0-255,66,13913,34,256147
39805,9e-05,172.217.194.0-255,2902,16815,34,256147
39806,9.3e-05,172.31.33.0-255,66,16881,34,256147
39807,0.00013,172.31.33.0-255,66,16947,34,256147
39808,0.000136,172.217.194.0-255,7156,24103,34,256147
39809,0.000138,172.31.33.0-255,66,24169,34,256147
39810,0.000186,172.31.33.0-255,66,24235,34,256147
39811,0.000204,172.217.194.0-255,4320,28555,34,256147
39812,0.000206,172.31.33.0-255,66,28621,34,256147
39813,0.00023,172.31.33.0-255,66,28687,34,256147
39814,0.000264,172.217.194.0-255,2902,31589,34,256147
39815,0.000268,172.31.33.0-255,66,31655,34,256147
39816,0.000282,172.217.194.0-255,1433,33088,34,256147
39817,0.000285,172.31.33.0-255,66,33154,34,256147
39818,0.000358,172.217.194.0-255,377,33531,34,256147
39819,0.000361,172.31.33.0-255,66,33597,34,256147
39820,0.000389,172.217.194.0-255,1484,35081,34,256147
39821,0.000391,172.31.33.0-255,66,35147,34,256147
39822,0.000408,172.217.194.0-255,4320,39467,34,256147
39823,0.000411,172.31.33.0-255,66,39533,34,256147
39824,0.000417,172.217.194.0-255,4320,43853,34,256147
39825,0.000419,172.31.33.0-255,66,43919,34,256147
39826,0.000437,172.217.194.0-255,2902,46821,34,256147
39827,0.000439,172.31.33.0-255,66,46887,34,256147
39828,0.000444,172.217.194.0-255,4320,51207,34,256147
39829,0.000446,172.31.33.0-255,66,51273,34,256147
39830,0.000469,172.31.33.0-255,66,51339,34,256147
39831,0.000474,172.217.194.0-255,5020,56359,34,256147
39832,0.000476,172.31.33.0-255,66,56425,34,256147
39833,0.001188,172.217.194.0-255,1484,57909,34,256147
39834,0.001199,172.217.194.0-255,2902,60811,34,256147
39835,0.001203,172.31.33.0-255,66,60877,34,256147
39836,0.00121,172.217.194.0-255,5738,66615,34,256147
39837,0.001212,172.31.33.0-255,66,66681,34,256147
39838,0.001218,172.217.194.0-255,4320,71001,34,256147
39839,0.00122,172.31.33.0-255,66,71067,34,256147
39840,0.001258,172.217.194.0-255,7156,78223,34,256147
39841,0.001261,172.31.33.0-255,66,78289,34,256147
39842,0.001284,172.217.194.0-255,4320,82609,34,256147
39843,0.001287,172.31.33.0-255,66,82675,34,256147
39844,0.001297,172.31.33.0-255,66,82741,34,256147
39845,0.002342,172.217.194.0-255,1484,84225,34,256147
39846,0.00235,172.217.194.0-255,2902,87127,34,256147
39847,0.002354,172.31.33.0-255,66,87193,34,256147
39848,0.002358,172.217.194.0-255,1484,88677,34,256147
39849,0.002393,172.31.33.0-255,66,88743,34,256147
39850,0.002396,172.217.194.0-255,1484,90227,34,256147
39851,0.00242,172.217.194.0-255,7156,97383,34,256147
39852,0.002422,172.31.33.0-255,66,97449,34,256147
39853,0.002444,172.217.194.0-255,7156,104605,34,256147
39854,0.002446,172.31.33.0-255,66,104671,34,256147
39855,0.002451,172.217.194.0-255,3602,108273,34,256147
39856,0.002453,172.31.33.0-255,66,108339,34,256147
39857,0.002643,172.217.194.0-255,1484,109823,34,256147
39858,0.002647,172.217.194.0-255,2902,112725,34,256147
39859,0.002649,172.31.33.0-255,66,112791,34,256147
39860,0.002668,172.217.194.0-255,5738,118529,34,256147
39861,0.00267,172.31.33.0-255,66,118595,34,256147
39862,0.002673,172.217.194.0-255,1484,120079,34,256147
39863,0.002685,172.217.194.0-255,4320,124399,34,256147
39864,0.002688,172.31.33.0-255,66,124465,34,256147
39865,0.0027,172.217.194.0-255,1484,125949,34,256147
39866,0.002704,172.217.194.0-255,2902,128851,34,256147
39867,0.002706,172.31.33.0-255,66,128917,34,256147
39868,0.002711,172.217.194.0-255,5738,134655,34,256147
39869,0.002713,172.31.33.0-255,66,134721,34,256147
39870,0.002716,172.217.194.0-255,1484,136205,34,256147
39871,0.002733,172.217.194.0-255,6438,142643,34,256147
39872,0.002736,172.31.33.0-255,66,142709,34,256147
39873,0.002918,172.217.194.0-255,1484,144193,34,256147
39874,0.002932,172.217.194.0-255,2902,147095,34,256147
39875,0.002936,172.31.33.0-255,66,147161,34,256147
39876,0.002939,172.217.194.0-255,2902,150063,34,256147
39877,0.002941,172.31.33.0-255,66,150129,34,256147
39878,0.002954,172.217.194.0-255,2902,153031,34,256147
39879,0.002956,172.31.33.0-255,66,153097,34,256147
39880,0.002961,172.217.194.0-255,4320,157417,34,256147
39881,0.002963,172.31.33.0-255,66,157483,34,256147
39882,0.002989,172.31.33.0-255,66,157549,34,256147
39883,0.003032,172.217.194.0-255,2902,160451,34,256147
39884,0.003034,172.31.33.0-255,66,160517,34,256147
39885,0.003053,172.31.33.0-255,66,160583,34,256147
39886,0.003412,172.217.194.0-255,1484,162067,34,256147
39887,0.003416,172.217.194.0-255,2902,164969,34,256147
39888,0.003418,172.31.33.0-255,66,165035,34,256147
39889,0.003438,172.217.194.0-255,5738,170773,34,256147
39890,0.003439,172.31.33.0-255,66,170839,34,256147
39891,0.003459,172.217.194.0-255,5738,176577,34,256147
39892,0.003462,172.31.33.0-255,66,176643,34,256147
39893,0.003485,172.217.194.0-255,1484,178127,34,256147
39894,0.003498,172.31.33.0-255,66,178193,34,256147
39895,0.003502,172.217.194.0-255,3602,181795,34,256147
39896,0.003504,172.31.33.0-255,66,181861,34,256147
39897,0.003509,172.217.194.0-255,4320,186181,34,256147
39898,0.003511,172.31.33.0-255,66,186247,34,256147
39899,0.003533,172.217.194.0-255,1484,187731,34,256147
39900,0.003548,172.217.194.0-255,5738,193469,34,256147
39901,0.00355,172.31.33.0-255,66,193535,34,256147
39902,0.003572,172.217.194.0-255,2902,196437,34,256147
39903,0.003575,172.31.33.0-255,66,196503,34,256147
39904,0.003581,172.217.194.0-255,7156,203659,34,256147
39905,0.003583,172.31.33.0-255,66,203725,34,256147
39906,0.003586,172.217.194.0-255,1484,205209,34,256147
39907,0.003591,172.217.194.0-255,7156,212365,34,256147
39908,0.003593,172.31.33.0-255,66,212431,34,256147
39909,0.003597,172.217.194.0-255,2184,214615,34,256147
39910,0.003599,172.31.33.0-255,66,214681,34,256147
39911,0.003778,172.217.194.0-255,1484,216165,34,256147
39912,0.003784,172.217.194.0-255,2902,219067,34,256147
39913,0.003788,172.31.33.0-255,66,219133,34,256147
39914,0.003812,172.217.194.0-255,5738,224871,34,256147
39915,0.003816,172.31.33.0-255,66,224937,34,256147
39916,0.003824,172.217.194.0-255,7156,232093,34,256147
39917,0.003827,172.31.33.0-255,66,232159,34,256147
39918,0.003846,172.217.194.0-255,5738,237897,34,256147
39919,0.003849,172.31.33.0-255,66,237963,34,256147
39920,0.003854,172.217.194.0-255,2902,240865,34,256147
39921,0.003856,172.31.33.0-255,66,240931,34,256147
39922,0.003879,172.31.33.0-255,66,240997,34,256147
39923,0.003915,172.31.33.0-255,66,241063,34,256147
39924,0.003927,172.217.194.0-255,1484,242547,34,256147
39925,0.003935,172.217.194.0-255,7156,249703,34,256147
39926,0.003938,172.31.33.0-255,66,249769,34,256147
39927,0.00396,172.217.194.0-255,1484,251253,34,256147
39928,0.00405,172.217.194.0-255,4552,255805,34,256147
39929,0.004061,172.217.194.0-255,105,255910,34,256147
39930,0.008338,172.31.33.0-255,66,255976,34,256147
39931,0.010379,172.31.33.0-255,105,256081,34,256147
39932,0.012673,172.217.194.0-255,66,256147,34,256147
39933,0.0,172.31.33.0-255,105,105,34,342
39934,0.002545,172.217.194.0-255,66,171,34,342
39935,0.002573,172.217.194.0-255,105,276,34,342
39936,0.002578,172.31.33.0-255,66,342,34,342
39937,0.0,74.125.68.0-255,158,158,34,309536
39938,2.8e-05,172.31.33.0-255,66,224,34,309536
39939,3.5e-05,74.125.68.0-255,1484,1708,34,309536
39940,4e-05,172.31.33.0-255,66,1774,34,309536
39941,4.5e-05,74.125.68.0-255,2902,4676,34,309536
39942,4.7e-05,172.31.33.0-255,66,4742,34,309536
39943,5e-05,74.125.68.0-255,1484,6226,34,309536
39944,5.2e-05,172.31.33.0-255,66,6292,34,309536
39945,5.7e-05,74.125.68.0-255,2902,9194,34,309536
39946,5.9e-05,172.31.33.0-255,66,9260,34,309536
39947,8.1e-05,74.125.68.0-255,4890,14150,34,309536
39948,8.3e-05,172.31.33.0-255,66,14216,34,309536
39949,0.00024,74.125.68.0-255,1484,15700,34,309536
39950,0.000245,172.31.33.0-255,66,15766,34,309536
39951,0.00025,74.125.68.0-255,2902,18668,34,309536
39952,0.000252,172.31.33.0-255,66,18734,34,309536
39953,0.000277,74.125.68.0-255,5738,24472,34,309536
39954,0.000281,172.31.33.0-255,66,24538,34,309536
39955,0.000284,74.125.68.0-255,1484,26022,34,309536
39956,0.000286,172.31.33.0-255,66,26088,34,309536
39957,0.000332,74.125.68.0-255,2902,28990,34,309536
39958,0.000336,172.31.33.0-255,66,29056,34,309536
39959,0.000357,74.125.68.0-255,2543,31599,34,309536
39960,0.00036,172.31.33.0-255,66,31665,34,309536
39961,0.000582,74.125.68.0-255,1484,33149,34,309536
39962,0.000586,172.31.33.0-255,66,33215,34,309536
39963,0.000594,74.125.68.0-255,2902,36117,34,309536
39964,0.000596,172.31.33.0-255,66,36183,34,309536
39965,0.000625,74.125.68.0-255,1484,37667,34,309536
39966,0.000628,172.31.33.0-255,66,37733,34,309536
39967,0.000632,74.125.68.0-255,1484,39217,34,309536
39968,0.000633,172.31.33.0-255,66,39283,34,309536
39969,0.000644,74.125.68.0-255,1484,40767,34,309536
39970,0.000661,74.125.68.0-255,5738,46505,34,309536
39971,0.000664,172.31.33.0-255,66,46571,34,309536
39972,0.000683,74.125.68.0-255,2543,49114,34,309536
39973,0.000685,172.31.33.0-255,66,49180,34,309536
39974,0.000752,74.125.68.0-255,1484,50664,34,309536
39975,0.000773,74.125.68.0-255,2902,53566,34,309536
39976,0.000776,172.31.33.0-255,66,53632,34,309536
39977,0.00078,74.125.68.0-255,1484,55116,34,309536
39978,0.000795,74.125.68.0-255,2902,58018,34,309536
39979,0.000798,172.31.33.0-255,66,58084,34,309536
39980,0.000818,74.125.68.0-255,5738,63822,34,309536
39981,0.00082,172.31.33.0-255,66,63888,34,309536
39982,0.000845,74.125.68.0-255,1484,65372,34,309536
39983,0.000882,74.125.68.0-255,1474,66846,34,309536
39984,0.000885,172.31.33.0-255,66,66912,34,309536
39985,0.000988,74.125.68.0-255,330,67242,34,309536
39986,0.001024,74.125.68.0-255,1484,68726,34,309536
39987,0.001028,172.31.33.0-255,66,68792,34,309536
39988,0.001032,74.125.68.0-255,1484,70276,34,309536
39989,0.001046,74.125.68.0-255,1484,71760,34,309536
39990,0.001049,172.31.33.0-255,66,71826,34,309536
39991,0.001054,74.125.68.0-255,2902,74728,34,309536
39992,0.001057,172.31.33.0-255,66,74794,34,309536
39993,0.001071,74.125.68.0-255,2902,77696,34,309536
39994,0.001075,172.31.33.0-255,66,77762,34,309536
39995,0.001093,74.125.68.0-255,1484,79246,34,309536
39996,0.001118,172.31.33.0-255,66,79312,34,309536
39997,0.001122,74.125.68.0-255,1484,80796,34,309536
39998,0.001146,172.31.33.0-255,66,80862,34,309536
39999,0.001162,74.125.68.0-255,1484,82346,34,309536
40000,0.001166,74.125.68.0-255,2184,84530,34,309536
40001,0.001168,172.31.33.0-255,66,84596,34,309536
40002,0.001829,74.125.68.0-255,1484,86080,34,309536
40003,0.001846,74.125.68.0-255,2902,88982,34,309536
40004,0.001849,172.31.33.0-255,66,89048,34,309536
40005,0.00187,74.125.68.0-255,5738,94786,34,309536
40006,0.001872,172.31.33.0-255,66,94852,34,309536
40007,0.001917,172.31.33.0-255,66,94918,34,309536
40008,0.001952,74.125.68.0-255,4320,99238,34,309536
40009,0.001954,172.31.33.0-255,66,99304,34,309536
40010,0.001977,74.125.68.0-255,6438,105742,34,309536
40011,0.001979,172.31.33.0-255,66,105808,34,309536
40012,0.002566,74.125.68.0-255,1484,107292,34,309536
40013,0.002581,74.125.68.0-255,2902,110194,34,309536
40014,0.002585,172.31.33.0-255,66,110260,34,309536
40015,0.002589,74.125.68.0-255,1484,111744,34,309536
40016,0.002602,74.125.68.0-255,4320,116064,34,309536
40017,0.002605,172.31.33.0-255,66,116130,34,309536
40018,0.002608,74.125.68.0-255,1484,117614,34,309536
40019,0.002611,74.125.68.0-255,1484,119098,34,309536
40020,0.002613,172.31.33.0-255,66,119164,34,309536
40021,0.002629,74.125.68.0-255,4320,123484,34,309536
40022,0.002633,172.31.33.0-255,66,123550,34,309536
40023,0.002635,74.125.68.0-255,1484,125034,34,309536
40024,0.00268,172.31.33.0-255,66,125100,34,309536
40025,0.002712,74.125.68.0-255,5738,130838,34,309536
40026,0.002716,172.31.33.0-255,66,130904,34,309536
40027,0.002733,74.125.68.0-255,766,131670,34,309536
40028,0.002759,74.125.68.0-255,1484,133154,34,309536
40029,0.002763,172.31.33.0-255,66,133220,34,309536
40030,0.002781,74.125.68.0-255,1484,134704,34,309536
40031,0.002786,74.125.68.0-255,4320,139024,34,309536
40032,0.002789,172.31.33.0-255,66,139090,34,309536
40033,0.002802,74.125.68.0-255,2902,141992,34,309536
40034,0.002805,172.31.33.0-255,66,142058,34,309536
40035,0.002824,74.125.68.0-255,5738,147796,34,309536
40036,0.002828,172.31.33.0-255,66,147862,34,309536
40037,0.002832,74.125.68.0-255,2902,150764,34,309536
40038,0.002834,172.31.33.0-255,66,150830,34,309536
40039,0.002837,74.125.68.0-255,1484,152314,34,309536
40040,0.002871,172.31.33.0-255,66,152380,34,309536
40041,0.002874,74.125.68.0-255,1484,153864,34,309536
40042,0.002877,74.125.68.0-255,766,154630,34,309536
40043,0.002879,172.31.33.0-255,66,154696,34,309536
40044,0.002891,74.125.68.0-255,1484,156180,34,309536
40045,0.002916,74.125.68.0-255,4320,160500,34,309536
40046,0.002919,172.31.33.0-255,66,160566,34,309536
40047,0.002924,74.125.68.0-255,4320,164886,34,309536
40048,0.002927,172.31.33.0-255,66,164952,34,309536
40049,0.002952,74.125.68.0-255,1484,166436,34,309536
40050,0.002958,74.125.68.0-255,4320,170756,34,309536
40051,0.002961,172.31.33.0-255,66,170822,34,309536
40052,0.002965,74.125.68.0-255,2902,173724,34,309536
40053,0.002967,172.31.33.0-255,66,173790,34,309536
40054,0.00297,74.125.68.0-255,1484,175274,34,309536
40055,0.002992,74.125.68.0-255,7156,182430,34,309536
40056,0.002995,172.31.33.0-255,66,182496,34,309536
40057,0.00302,74.125.68.0-255,6438,188934,34,309536
40058,0.003024,172.31.33.0-255,66,189000,34,309536
40059,0.00308,74.125.68.0-255,7156,196156,34,309536
40060,0.003083,172.31.33.0-255,66,196222,34,309536
40061,0.003093,74.125.68.0-255,5738,201960,34,309536
40062,0.003096,172.31.33.0-255,66,202026,34,309536
40063,0.003103,74.125.68.0-255,7156,209182,34,309536
40064,0.003105,172.31.33.0-255,66,209248,34,309536
40065,0.003142,172.31.33.0-255,66,209314,34,309536
40066,0.003177,172.31.33.0-255,66,209380,34,309536
40067,0.003182,74.125.68.0-255,2902,212282,34,309536
40068,0.003184,172.31.33.0-255,66,212348,34,309536
40069,0.003202,74.125.68.0-255,7156,219504,34,309536
40070,0.003206,172.31.33.0-255,66,219570,34,309536
40071,0.00323,74.125.68.0-255,5738,225308,34,309536
40072,0.003233,172.31.33.0-255,66,225374,34,309536
40073,0.00324,74.125.68.0-255,7156,232530,34,309536
40074,0.003242,172.31.33.0-255,66,232596,34,309536
40075,0.003256,74.125.68.0-255,1484,234080,34,309536
40076,0.00327,74.125.68.0-255,2184,236264,34,309536
40077,0.003274,172.31.33.0-255,66,236330,34,309536
40078,0.003287,74.125.68.0-255,4320,240650,34,309536
40079,0.003289,172.31.33.0-255,66,240716,34,309536
40080,0.003315,74.125.68.0-255,4320,245036,34,309536
40081,0.003318,172.31.33.0-255,66,245102,34,309536
40082,0.003322,74.125.68.0-255,2902,248004,34,309536
40083,0.003325,172.31.33.0-255,66,248070,34,309536
40084,0.003328,74.125.68.0-255,1484,249554,34,309536
40085,0.00335,74.125.68.0-255,2902,252456,34,309536
40086,0.003353,172.31.33.0-255,66,252522,34,309536
40087,0.003357,74.125.68.0-255,1484,254006,34,309536
40088,0.003359,74.125.68.0-255,1484,255490,34,309536
40089,0.003361,172.31.33.0-255,66,255556,34,309536
40090,0.003367,74.125.68.0-255,4320,259876,34,309536
40091,0.003369,172.31.33.0-255,66,259942,34,309536
40092,0.003388,74.125.68.0-255,4320,264262,34,309536
40093,0.003393,172.31.33.0-255,66,264328,34,309536
40094,0.003394,74.125.68.0-255,6438,270766,34,309536
40095,0.003396,172.31.33.0-255,66,270832,34,309536
40096,0.003431,74.125.68.0-255,5738,276570,34,309536
40097,0.003433,74.125.68.0-255,1484,278054,34,309536
40098,0.003436,74.125.68.0-255,1484,279538,34,309536
40099,0.003436,172.31.33.0-255,66,279604,34,309536
40100,0.00344,172.31.33.0-255,66,279670,34,309536
40101,0.00347,74.125.68.0-255,7156,286826,34,309536
40102,0.003473,172.31.33.0-255,66,286892,34,309536
40103,0.00349,74.125.68.0-255,4320,291212,34,309536
40104,0.003493,172.31.33.0-255,66,291278,34,309536
40105,0.003506,172.31.33.0-255,66,291344,34,309536
40106,0.003508,74.125.68.0-255,1484,292828,34,309536
40107,0.003529,74.125.68.0-255,2184,295012,34,309536
40108,0.003533,172.31.33.0-255,66,295078,34,309536
40109,0.003536,74.125.68.0-255,1484,296562,34,309536
40110,0.003559,74.125.68.0-255,7156,303718,34,309536
40111,0.003563,172.31.33.0-255,66,303784,34,309536
40112,0.003579,74.125.68.0-255,4320,308104,34,309536
40113,0.003582,172.31.33.0-255,66,308170,34,309536
40114,0.003614,172.31.33.0-255,66,308236,34,309536
40115,0.003616,74.125.68.0-255,958,309194,34,309536
40116,0.003639,74.125.68.0-255,105,309299,34,309536
40117,0.005464,172.31.33.0-255,66,309365,34,309536
40118,0.005491,172.31.33.0-255,105,309470,34,309536
40119,0.007756,74.125.68.0-255,66,309536,34,309536
40120,0.0,172.217.194.0-255,153,153,34,195946
40121,2e-05,172.31.33.0-255,66,219,34,195946
40122,2.7e-05,172.217.194.0-255,1484,1703,34,195946
40123,3.1e-05,172.31.33.0-255,66,1769,34,195946
40124,3.7e-05,172.217.194.0-255,2902,4671,34,195946
40125,3.9e-05,172.31.33.0-255,66,4737,34,195946
40126,4.7e-05,172.217.194.0-255,7156,11893,34,195946
40127,4.9e-05,172.31.33.0-255,66,11959,34,195946
40128,5.3e-05,172.217.194.0-255,2053,14012,34,195946
40129,5.6e-05,172.31.33.0-255,66,14078,34,195946
40130,0.000131,172.217.194.0-255,1484,15562,34,195946
40131,0.000133,172.31.33.0-255,66,15628,34,195946
40132,0.000138,172.217.194.0-255,2902,18530,34,195946
40133,0.00014,172.31.33.0-255,66,18596,34,195946
40134,0.000159,172.217.194.0-255,5738,24334,34,195946
40135,0.000161,172.31.33.0-255,66,24400,34,195946
40136,0.000167,172.217.194.0-255,6797,31197,34,195946
40137,0.000169,172.31.33.0-255,66,31263,34,195946
40138,0.000182,172.217.194.0-255,1484,32747,34,195946
40139,0.000183,172.31.33.0-255,66,32813,34,195946
40140,0.000212,172.31.33.0-255,66,32879,34,195946
40141,0.000215,172.217.194.0-255,1484,34363,34,195946
40142,0.000216,172.31.33.0-255,66,34429,34,195946
40143,0.000232,172.217.194.0-255,5738,40167,34,195946
40144,0.000234,172.31.33.0-255,66,40233,34,195946
40145,0.000266,172.217.194.0-255,5738,45971,34,195946
40146,0.00027,172.31.33.0-255,66,46037,34,195946
40147,0.000276,172.217.194.0-255,6768,52805,34,195946
40148,0.000278,172.31.33.0-255,66,52871,34,195946
40149,0.00028,172.217.194.0-255,377,53248,34,195946
40150,0.000282,172.31.33.0-255,66,53314,34,195946
40151,0.000497,172.217.194.0-255,1484,54798,34,195946
40152,0.000504,172.217.194.0-255,2902,57700,34,195946
40153,0.000507,172.31.33.0-255,66,57766,34,195946
40154,0.000511,172.217.194.0-255,1484,59250,34,195946
40155,0.00053,172.217.194.0-255,4320,63570,34,195946
40156,0.000533,172.31.33.0-255,66,63636,34,195946
40157,0.000552,172.217.194.0-255,2902,66538,34,195946
40158,0.000554,172.31.33.0-255,66,66604,34,195946
40159,0.000583,172.31.33.0-255,66,66670,34,195946
40160,0.000594,172.31.33.0-255,66,66736,34,195946
40161,0.001111,172.217.194.0-255,1484,68220,34,195946
40162,0.001117,172.217.194.0-255,2902,71122,34,195946
40163,0.00112,172.31.33.0-255,66,71188,34,195946
40164,0.001124,172.217.194.0-255,1484,72672,34,195946
40165,0.001141,172.217.194.0-255,2902,75574,34,195946
40166,0.001143,172.31.33.0-255,66,75640,34,195946
40167,0.001171,172.31.33.0-255,66,75706,34,195946
40168,0.001214,172.31.33.0-255,66,75772,34,195946
40169,0.001256,172.217.194.0-255,1484,77256,34,195946
40170,0.001265,172.217.194.0-255,1484,78740,34,195946
40171,0.001268,172.31.33.0-255,66,78806,34,195946
40172,0.001275,172.217.194.0-255,1484,80290,34,195946
40173,0.001295,172.217.194.0-255,5738,86028,34,195946
40174,0.001297,172.31.33.0-255,66,86094,34,195946
40175,0.001303,172.217.194.0-255,5738,91832,34,195946
40176,0.001304,172.31.33.0-255,66,91898,34,195946
40177,0.001326,172.217.194.0-255,7156,99054,34,195946
40178,0.001329,172.31.33.0-255,66,99120,34,195946
40179,0.001343,172.217.194.0-255,5738,104858,34,195946
40180,0.001345,172.31.33.0-255,66,104924,34,195946
40181,0.001364,172.217.194.0-255,5020,109944,34,195946
40182,0.001366,172.31.33.0-255,66,110010,34,195946
40183,0.001473,172.217.194.0-255,1484,111494,34,195946
40184,0.00148,172.217.194.0-255,2902,114396,34,195946
40185,0.001483,172.31.33.0-255,66,114462,34,195946
40186,0.00149,172.217.194.0-255,5738,120200,34,195946
40187,0.001493,172.31.33.0-255,66,120266,34,195946
40188,0.001511,172.217.194.0-255,5738,126004,34,195946
40189,0.001514,172.31.33.0-255,66,126070,34,195946
40190,0.001532,172.217.194.0-255,7156,133226,34,195946
40191,0.001535,172.31.33.0-255,66,133292,34,195946
40192,0.001576,172.31.33.0-255,66,133358,34,195946
40193,0.001594,172.217.194.0-255,2184,135542,34,195946
40194,0.0016,172.217.194.0-255,5738,141280,34,195946
40195,0.001603,172.31.33.0-255,66,141346,34,195946
40196,0.001607,172.31.33.0-255,66,141412,34,195946
40197,0.001629,172.217.194.0-255,5738,147150,34,195946
40198,0.001632,172.31.33.0-255,66,147216,34,195946
40199,0.001645,172.31.33.0-255,66,147282,34,195946
40200,0.001681,172.31.33.0-255,66,147348,34,195946
40201,0.001693,172.31.33.0-255,66,147414,34,195946
40202,0.001734,172.31.33.0-255,66,147480,34,195946
40203,0.001761,172.31.33.0-255,66,147546,34,195946
40204,0.001786,172.217.194.0-255,5738,153284,34,195946
40205,0.001796,172.31.33.0-255,66,153350,34,195946
40206,0.001806,172.217.194.0-255,4320,157670,34,195946
40207,0.001808,172.217.194.0-255,1484,159154,34,195946
40208,0.001814,172.31.33.0-255,66,159220,34,195946
40209,0.001851,172.31.33.0-255,66,159286,34,195946
40210,0.001923,172.217.194.0-255,1484,160770,34,195946
40211,0.001946,172.217.194.0-255,2902,163672,34,195946
40212,0.001952,172.217.194.0-255,5738,169410,34,195946
40213,0.002007,172.31.33.0-255,66,169476,34,195946
40214,0.002013,172.31.33.0-255,66,169542,34,195946
40215,0.002032,172.217.194.0-255,1484,171026,34,195946
40216,0.002053,172.217.194.0-255,7156,178182,34,195946
40217,0.002061,172.31.33.0-255,66,178248,34,195946
40218,0.002074,172.217.194.0-255,7156,185404,34,195946
40219,0.002079,172.217.194.0-255,2902,188306,34,195946
40220,0.002114,172.31.33.0-255,66,188372,34,195946
40221,0.002147,172.31.33.0-255,66,188438,34,195946
40222,0.002187,172.217.194.0-255,105,188543,34,195946
40223,0.0022,172.31.33.0-255,66,188609,34,195946
40224,0.00393,172.31.33.0-255,105,188714,34,195946
40225,0.006509,172.217.194.0-255,66,188780,34,195946
40226,0.029238,172.31.33.0-255,172,188952,34,195946
40227,0.029266,172.31.33.0-255,1113,190065,34,195946
40228,0.029345,172.31.33.0-255,1514,191579,34,195946
40229,0.029346,172.31.33.0-255,1514,193093,34,195946
40230,0.029347,172.31.33.0-255,1514,194607,34,195946
40231,0.029348,172.31.33.0-255,1075,195682,34,195946
40232,0.030788,104.244.42.0-255,66,195748,34,195946
40233,0.030842,104.244.42.0-255,66,195814,34,195946
40234,0.030947,104.244.42.0-255,66,195880,34,195946
40235,0.030951,104.244.42.0-255,66,195946,34,195946
40236,0.0,172.217.194.0-255,153,153,34,261522
40237,3.6e-05,172.31.33.0-255,66,219,34,261522
40238,4.4e-05,172.217.194.0-255,1484,1703,34,261522
40239,4.9e-05,172.31.33.0-255,66,1769,34,261522
40240,5.4e-05,172.217.194.0-255,2902,4671,34,261522
40241,5.6e-05,172.31.33.0-255,66,4737,34,261522
40242,6e-05,172.217.194.0-255,2902,7639,34,261522
40243,6.2e-05,172.31.33.0-255,66,7705,34,261522
40244,0.000103,172.217.194.0-255,2902,10607,34,261522
40245,0.000106,172.31.33.0-255,66,10673,34,261522
40246,0.000122,172.217.194.0-255,3432,14105,34,261522
40247,0.000125,172.31.33.0-255,66,14171,34,261522
40248,0.000146,172.217.194.0-255,1484,15655,34,261522
40249,0.000149,172.31.33.0-255,66,15721,34,261522
40250,0.000154,172.217.194.0-255,2902,18623,34,261522
40251,0.000156,172.31.33.0-255,66,18689,34,261522
40252,0.000158,172.217.194.0-255,1484,20173,34,261522
40253,0.00016,172.31.33.0-255,66,20239,34,261522
40254,0.000184,172.217.194.0-255,4320,24559,34,261522
40255,0.000188,172.31.33.0-255,66,24625,34,261522
40256,0.000193,172.217.194.0-255,2902,27527,34,261522
40257,0.000195,172.31.33.0-255,66,27593,34,261522
40258,0.000211,172.217.194.0-255,3961,31554,34,261522
40259,0.000214,172.31.33.0-255,66,31620,34,261522
40260,0.000237,172.217.194.0-255,1484,33104,34,261522
40261,0.000239,172.31.33.0-255,66,33170,34,261522
40262,0.000262,172.217.194.0-255,2902,36072,34,261522
40263,0.000265,172.31.33.0-255,66,36138,34,261522
40264,0.000273,172.217.194.0-255,5738,41876,34,261522
40265,0.000275,172.31.33.0-255,66,41942,34,261522
40266,0.000297,172.217.194.0-255,1484,43426,34,261522
40267,0.0003,172.31.33.0-255,66,43492,34,261522
40268,0.000324,172.217.194.0-255,5379,48871,34,261522
40269,0.000326,172.31.33.0-255,66,48937,34,261522
40270,0.00076,172.217.194.0-255,1484,50421,34,261522
40271,0.000768,172.217.194.0-255,2902,53323,34,261522
40272,0.000771,172.31.33.0-255,66,53389,34,261522
40273,0.000775,172.217.194.0-255,1484,54873,34,261522
40274,0.000789,172.217.194.0-255,4320,59193,34,261522
40275,0.000792,172.31.33.0-255,66,59259,34,261522
40276,0.000823,172.217.194.0-255,1484,60743,34,261522
40277,0.000838,172.217.194.0-255,2902,63645,34,261522
40278,0.000841,172.31.33.0-255,66,63711,34,261522
40279,0.000853,172.217.194.0-255,2543,66254,34,261522
40280,0.000856,172.31.33.0-255,66,66320,34,261522
40281,0.00086,172.217.194.0-255,2902,69222,34,261522
40282,0.000862,172.31.33.0-255,66,69288,34,261522
40283,0.000866,172.217.194.0-255,2902,72190,34,261522
40284,0.00087,172.31.33.0-255,66,72256,34,261522
40285,0.000891,172.217.194.0-255,1484,73740,34,261522
40286,0.000903,172.31.33.0-255,66,73806,34,261522
40287,0.00091,172.217.194.0-255,7156,80962,34,261522
40288,0.000912,172.31.33.0-255,66,81028,34,261522
40289,0.00093,172.217.194.0-255,2543,83571,34,261522
40290,0.000933,172.31.33.0-255,66,83637,34,261522
40291,0.000955,172.217.194.0-255,4320,87957,34,261522
40292,0.000957,172.31.33.0-255,66,88023,34,261522
40293,0.00097,172.217.194.0-255,4542,92565,34,261522
40294,0.000973,172.31.33.0-255,66,92631,34,261522
40295,0.001024,172.217.194.0-255,1484,94115,34,261522
40296,0.001034,172.217.194.0-255,2902,97017,34,261522
40297,0.001037,172.31.33.0-255,66,97083,34,261522
40298,0.00104,172.217.194.0-255,1484,98567,34,261522
40299,0.001056,172.217.194.0-255,4320,102887,34,261522
40300,0.001059,172.31.33.0-255,66,102953,34,261522
40301,0.001074,172.217.194.0-255,4320,107273,34,261522
40302,0.001076,172.31.33.0-255,66,107339,34,261522
40303,0.001101,172.31.33.0-255,66,107405,34,261522
40304,0.001104,172.217.194.0-255,1484,108889,34,261522
40305,0.001132,172.31.33.0-255,66,108955,34,261522
40306,0.001143,172.217.194.0-255,2902,111857,34,261522
40307,0.001146,172.31.33.0-255,66,111923,34,261522
40308,0.001173,172.31.33.0-255,66,111989,34,261522
40309,0.001182,172.31.33.0-255,66,112055,34,261522
40310,0.00123,172.217.194.0-255,5738,117793,34,261522
40311,0.001233,172.31.33.0-255,66,117859,34,261522
40312,0.001251,172.31.33.0-255,66,117925,34,261522
40313,0.001283,172.31.33.0-255,66,117991,34,261522
40314,0.00129,172.217.194.0-255,7156,125147,34,261522
40315,0.001292,172.31.33.0-255,66,125213,34,261522
40316,0.001316,172.217.194.0-255,7156,132369,34,261522
40317,0.001319,172.31.33.0-255,66,132435,34,261522
40318,0.001325,172.217.194.0-255,6438,138873,34,261522
40319,0.001327,172.31.33.0-255,66,138939,34,261522
40320,0.00138,172.217.194.0-255,1484,140423,34,261522
40321,0.001395,172.217.194.0-255,2902,143325,34,261522
40322,0.001397,172.31.33.0-255,66,143391,34,261522
40323,0.001416,172.217.194.0-255,5738,149129,34,261522
40324,0.001419,172.31.33.0-255,66,149195,34,261522
40325,0.001422,172.217.194.0-255,1484,150679,34,261522
40326,0.00144,172.217.194.0-255,4320,154999,34,261522
40327,0.001443,172.31.33.0-255,66,155065,34,261522
40328,0.001448,172.217.194.0-255,5738,160803,34,261522
40329,0.00145,172.31.33.0-255,66,160869,34,261522
40330,0.001467,172.217.194.0-255,7156,168025,34,261522
40331,0.001469,172.31.33.0-255,66,168091,34,261522
40332,0.001474,172.217.194.0-255,4320,172411,34,261522
40333,0.001476,172.31.33.0-255,66,172477,34,261522
40334,0.001512,172.31.33.0-255,66,172543,34,261522
40335,0.001532,172.31.33.0-255,66,172609,34,261522
40336,0.001545,172.217.194.0-255,2902,175511,34,261522
40337,0.001554,172.31.33.0-255,66,175577,34,261522
40338,0.001558,172.31.33.0-255,66,175643,34,261522
40339,0.001696,172.217.194.0-255,1484,177127,34,261522
40340,0.0017,172.217.194.0-255,1484,178611,34,261522
40341,0.001703,172.31.33.0-255,66,178677,34,261522
40342,0.001724,172.217.194.0-255,1484,180161,34,261522
40343,0.00173,172.217.194.0-255,5738,185899,34,261522
40344,0.001732,172.31.33.0-255,66,185965,34,261522
40345,0.001737,172.217.194.0-255,4320,190285,34,261522
40346,0.001739,172.31.33.0-255,66,190351,34,261522
40347,0.001757,172.217.194.0-255,5738,196089,34,261522
40348,0.00176,172.31.33.0-255,66,196155,34,261522
40349,0.001785,172.217.194.0-255,5738,201893,34,261522
40350,0.00179,172.217.194.0-255,2902,204795,34,261522
40351,0.001794,172.31.33.0-255,66,204861,34,261522
40352,0.001825,172.217.194.0-255,1484,206345,34,261522
40353,0.00185,172.217.194.0-255,3602,209947,34,261522
40354,0.001856,172.31.33.0-255,66,210013,34,261522
40355,0.001866,172.217.194.0-255,1484,211497,34,261522
40356,0.001886,172.217.194.0-255,2902,214399,34,261522
40357,0.00189,172.31.33.0-255,66,214465,34,261522
40358,0.001893,172.217.194.0-255,1484,215949,34,261522
40359,0.001911,172.217.194.0-255,4320,220269,34,261522
40360,0.001925,172.31.33.0-255,66,220335,34,261522
40361,0.00193,172.217.194.0-255,4320,224655,34,261522
40362,0.001938,172.31.33.0-255,66,224721,34,261522
40363,0.001959,172.31.33.0-255,66,224787,34,261522
40364,0.00198,172.31.33.0-255,66,224853,34,261522
40365,0.00203,172.31.33.0-255,66,224919,34,261522
40366,0.002038,172.217.194.0-255,2184,227103,34,261522
40367,0.002044,172.217.194.0-255,5738,232841,34,261522
40368,0.002044,172.31.33.0-255,66,232907,34,261522
40369,0.002053,172.31.33.0-255,66,232973,34,261522
40370,0.002058,172.217.194.0-255,4320,237293,34,261522
40371,0.002065,172.31.33.0-255,66,237359,34,261522
40372,0.002079,172.217.194.0-255,7156,244515,34,261522
40373,0.002089,172.31.33.0-255,66,244581,34,261522
40374,0.002094,172.217.194.0-255,5020,249601,34,261522
40375,0.0021,172.217.194.0-255,7156,256757,34,261522
40376,0.002102,172.31.33.0-255,66,256823,34,261522
40377,0.002105,172.31.33.0-255,66,256889,34,261522
40378,0.002129,172.217.194.0-255,105,256994,34,261522
40379,0.002132,172.31.33.0-255,66,257060,34,261522
40380,0.015031,172.31.33.0-255,105,257165,34,261522
40381,0.017101,172.217.194.0-255,66,257231,34,261522
40382,0.037147,172.31.33.0-255,172,257403,34,261522
40383,0.037174,172.31.33.0-255,1112,258515,34,261522
40384,0.037214,172.31.33.0-255,1514,260029,34,261522
40385,0.037215,172.31.33.0-255,1295,261324,34,261522
40386,0.038712,104.244.42.0-255,66,261390,34,261522
40387,0.038748,104.244.42.0-255,66,261456,34,261522
40388,0.038794,104.244.42.0-255,66,261522,34,261522
40389,0.0,74.125.24.0-255,155,155,34,189850
40390,2.7e-05,172.31.33.0-255,66,221,34,189850
40391,3.4e-05,74.125.24.0-255,1484,1705,34,189850
40392,3.8e-05,172.31.33.0-255,66,1771,34,189850
40393,4.3e-05,74.125.24.0-255,2902,4673,34,189850
40394,4.5e-05,172.31.33.0-255,66,4739,34,189850
40395,6.7e-05,74.125.24.0-255,1484,6223,34,189850
40396,6.9e-05,172.31.33.0-255,66,6289,34,189850
40397,8.8e-05,74.125.24.0-255,4320,10609,34,189850
40398,9.1e-05,172.31.33.0-255,66,10675,34,189850
40399,0.000161,74.125.24.0-255,3503,14178,34,189850
40400,0.000166,172.31.33.0-255,66,14244,34,189850
40401,0.000419,74.125.24.0-255,1484,15728,34,189850
40402,0.000424,172.31.33.0-255,66,15794,34,189850
40403,0.000442,74.125.24.0-255,2902,18696,34,189850
40404,0.000446,172.31.33.0-255,66,18762,34,189850
40405,0.000449,74.125.24.0-255,1484,20246,34,189850
40406,0.000451,172.31.33.0-255,66,20312,34,189850
40407,0.000471,74.125.24.0-255,4320,24632,34,189850
40408,0.000474,172.31.33.0-255,66,24698,34,189850
40409,0.000553,74.125.24.0-255,2902,27600,34,189850
40410,0.000557,172.31.33.0-255,66,27666,34,189850
40411,0.000575,74.125.24.0-255,3961,31627,34,189850
40412,0.000577,172.31.33.0-255,66,31693,34,189850
40413,0.000666,74.125.24.0-255,1484,33177,34,189850
40414,0.00067,172.31.33.0-255,66,33243,34,189850
40415,0.000704,74.125.24.0-255,2902,36145,34,189850
40416,0.00071,172.31.33.0-255,66,36211,34,189850
40417,0.000748,74.125.24.0-255,5738,41949,34,189850
40418,0.000752,172.31.33.0-255,66,42015,34,189850
40419,0.000842,74.125.24.0-255,7156,49171,34,189850
40420,0.000847,172.31.33.0-255,66,49237,34,189850
40421,0.000879,74.125.24.0-255,6797,56034,34,189850
40422,0.000886,172.31.33.0-255,66,56100,34,189850
40423,0.001072,74.125.24.0-255,4320,60420,34,189850
40424,0.001077,172.31.33.0-255,66,60486,34,189850
40425,0.00111,74.125.24.0-255,4320,64806,34,189850
40426,0.001119,172.31.33.0-255,66,64872,34,189850
40427,0.001215,74.125.24.0-255,1480,66352,34,189850
40428,0.00128,172.31.33.0-255,66,66418,34,189850
40429,0.001386,74.125.24.0-255,353,66771,34,189850
40430,0.00143,172.31.33.0-255,66,66837,34,189850
40431,0.001754,74.125.24.0-255,1484,68321,34,189850
40432,0.001776,74.125.24.0-255,2902,71223,34,189850
40433,0.001801,172.31.33.0-255,66,71289,34,189850
40434,0.001802,74.125.24.0-255,4320,75609,34,189850
40435,0.001807,172.31.33.0-255,66,75675,34,189850
40436,0.001813,74.125.24.0-255,1484,77159,34,189850
40437,0.001902,74.125.24.0-255,4320,81479,34,189850
40438,0.001906,172.31.33.0-255,66,81545,34,189850
40439,0.00193,172.31.33.0-255,66,81611,34,189850
40440,0.002121,172.31.33.0-255,66,81677,34,189850
40441,0.002251,74.125.24.0-255,2184,83861,34,189850
40442,0.002256,172.31.33.0-255,66,83927,34,189850
40443,0.002292,74.125.24.0-255,2902,86829,34,189850
40444,0.002305,172.31.33.0-255,66,86895,34,189850
40445,0.002337,74.125.24.0-255,4320,91215,34,189850
40446,0.002341,172.31.33.0-255,66,91281,34,189850
40447,0.002354,74.125.24.0-255,2902,94183,34,189850
40448,0.002363,172.31.33.0-255,66,94249,34,189850
40449,0.002466,74.125.24.0-255,5738,99987,34,189850
40450,0.002471,172.31.33.0-255,66,100053,34,189850
40451,0.002719,74.125.24.0-255,1484,101537,34,189850
40452,0.002733,74.125.24.0-255,6438,107975,34,189850
40453,0.002854,74.125.24.0-255,5738,113713,34,189850
40454,0.002865,172.31.33.0-255,66,113779,34,189850
40455,0.002867,74.125.24.0-255,2902,116681,34,189850
40456,0.002891,172.31.33.0-255,66,116747,34,189850
40457,0.003002,74.125.24.0-255,1484,118231,34,189850
40458,0.003038,74.125.24.0-255,5738,123969,34,189850
40459,0.00305,172.31.33.0-255,66,124035,34,189850
40460,0.003079,172.31.33.0-255,66,124101,34,189850
40461,0.003391,74.125.24.0-255,2184,126285,34,189850
40462,0.003396,172.31.33.0-255,66,126351,34,189850
40463,0.003607,172.31.33.0-255,66,126417,34,189850
40464,0.003784,74.125.24.0-255,4320,130737,34,189850
40465,0.00379,172.31.33.0-255,66,130803,34,189850
40466,0.003814,172.31.33.0-255,66,130869,34,189850
40467,0.004019,74.125.24.0-255,7156,138025,34,189850
40468,0.004023,172.31.33.0-255,66,138091,34,189850
40469,0.004554,74.125.24.0-255,4320,142411,34,189850
40470,0.004694,74.125.24.0-255,5738,148149,34,189850
40471,0.004759,172.31.33.0-255,66,148215,34,189850
40472,0.005548,74.125.24.0-255,4320,152535,34,189850
40473,0.005553,172.31.33.0-255,66,152601,34,189850
40474,0.005631,74.125.24.0-255,7156,159757,34,189850
40475,0.006362,74.125.24.0-255,7156,166913,34,189850
40476,0.006386,74.125.24.0-255,7156,174069,34,189850
40477,0.006406,74.125.24.0-255,7156,181225,34,189850
40478,0.006467,74.125.24.0-255,1222,182447,34,189850
40479,0.009497,172.31.33.0-255,66,182513,34,189850
40480,0.010493,172.31.33.0-255,105,182618,34,189850
40481,0.012725,74.125.24.0-255,66,182684,34,189850
40482,0.03352,172.31.33.0-255,172,182856,34,189850
40483,0.03355,172.31.33.0-255,1112,183968,34,189850
40484,0.033599,172.31.33.0-255,1514,185482,34,189850
40485,0.033601,172.31.33.0-255,1514,186996,34,189850
40486,0.033606,172.31.33.0-255,1514,188510,34,189850
40487,0.033607,172.31.33.0-255,1076,189586,34,189850
40488,0.035035,104.244.42.0-255,66,189652,34,189850
40489,0.035097,104.244.42.0-255,66,189718,34,189850
40490,0.035151,104.244.42.0-255,66,189784,34,189850
40491,0.035154,104.244.42.0-255,66,189850,34,189850
40492,0.0,74.125.68.0-255,153,153,34,312870
40493,4.8e-05,172.31.33.0-255,66,219,34,312870
40494,5.5e-05,74.125.68.0-255,1484,1703,34,312870
40495,5.9e-05,172.31.33.0-255,66,1769,34,312870
40496,6.5e-05,74.125.68.0-255,2902,4671,34,312870
40497,7.6e-05,172.31.33.0-255,66,4737,34,312870
40498,8.3e-05,74.125.68.0-255,5738,10475,34,312870
40499,8.6e-05,172.31.33.0-255,66,10541,34,312870
40500,9.2e-05,74.125.68.0-255,3468,14009,34,312870
40501,9.4e-05,172.31.33.0-255,66,14075,34,312870
40502,0.000164,74.125.68.0-255,1484,15559,34,312870
40503,0.000168,172.31.33.0-255,66,15625,34,312870
40504,0.000173,74.125.68.0-255,2902,18527,34,312870
40505,0.000176,172.31.33.0-255,66,18593,34,312870
40506,0.000209,74.125.68.0-255,5738,24331,34,312870
40507,0.000213,172.31.33.0-255,66,24397,34,312870
40508,0.00022,74.125.68.0-255,5738,30135,34,312870
40509,0.000222,172.31.33.0-255,66,30201,34,312870
40510,0.000247,74.125.68.0-255,1125,31326,34,312870
40511,0.00025,172.31.33.0-255,66,31392,34,312870
40512,0.000322,74.125.68.0-255,1484,32876,34,312870
40513,0.000325,172.31.33.0-255,66,32942,34,312870
40514,0.00033,74.125.68.0-255,2902,35844,34,312870
40515,0.000333,172.31.33.0-255,66,35910,34,312870
40516,0.00036,74.125.68.0-255,5738,41648,34,312870
40517,0.000364,172.31.33.0-255,66,41714,34,312870
40518,0.000396,74.125.68.0-255,6797,48511,34,312870
40519,0.0004,172.31.33.0-255,66,48577,34,312870
40520,0.000406,74.125.68.0-255,4320,52897,34,312870
40521,0.000409,172.31.33.0-255,66,52963,34,312870
40522,0.000443,74.125.68.0-255,2902,55865,34,312870
40523,0.000447,172.31.33.0-255,66,55931,34,312870
40524,0.000455,74.125.68.0-255,5738,61669,34,312870
40525,0.00046,172.31.33.0-255,66,61735,34,312870
40526,0.000471,74.125.68.0-255,4300,66035,34,312870
40527,0.000475,172.31.33.0-255,66,66101,34,312870
40528,0.000499,74.125.68.0-255,347,66448,34,312870
40529,0.00075,74.125.68.0-255,1484,67932,34,312870
40530,0.000756,172.31.33.0-255,66,67998,34,312870
40531,0.000761,74.125.68.0-255,2902,70900,34,312870
40532,0.00077,172.31.33.0-255,66,70966,34,312870
40533,0.000785,74.125.68.0-255,1484,72450,34,312870
40534,0.00079,74.125.68.0-255,2902,75352,34,312870
40535,0.000792,74.125.68.0-255,1484,76836,34,312870
40536,0.000796,172.31.33.0-255,66,76902,34,312870
40537,0.000824,74.125.68.0-255,4320,81222,34,312870
40538,0.000828,74.125.68.0-255,1484,82706,34,312870
40539,0.000834,172.31.33.0-255,66,82772,34,312870
40540,0.000843,74.125.68.0-255,2902,85674,34,312870
40541,0.000851,172.31.33.0-255,66,85740,34,312870
40542,0.000854,74.125.68.0-255,5738,91478,34,312870
40543,0.000866,172.31.33.0-255,66,91544,34,312870
40544,0.000891,74.125.68.0-255,2902,94446,34,312870
40545,0.000898,172.31.33.0-255,66,94512,34,312870
40546,0.000924,74.125.68.0-255,4320,98832,34,312870
40547,0.000929,74.125.68.0-255,2184,101016,34,312870
40548,0.000944,172.31.33.0-255,66,101082,34,312870
40549,0.000976,74.125.68.0-255,1484,102566,34,312870
40550,0.000987,74.125.68.0-255,2902,105468,34,312870
40551,0.00099,172.31.33.0-255,66,105534,34,312870
40552,0.001039,74.125.68.0-255,4320,109854,34,312870
40553,0.001049,172.31.33.0-255,66,109920,34,312870
40554,0.00108,74.125.68.0-255,5738,115658,34,312870
40555,0.001084,74.125.68.0-255,2902,118560,34,312870
40556,0.001091,172.31.33.0-255,66,118626,34,312870
40557,0.00111,74.125.68.0-255,5738,124364,34,312870
40558,0.001113,172.31.33.0-255,66,124430,34,312870
40559,0.001119,74.125.68.0-255,7156,131586,34,312870
40560,0.001126,172.31.33.0-255,66,131652,34,312870
40561,0.001136,74.125.68.0-255,2902,134554,34,312870
40562,0.001139,172.31.33.0-255,66,134620,34,312870
40563,0.001143,74.125.68.0-255,766,135386,34,312870
40564,0.001252,74.125.68.0-255,1484,136870,34,312870
40565,0.001259,172.31.33.0-255,66,136936,34,312870
40566,0.001285,74.125.68.0-255,2902,139838,34,312870
40567,0.001288,172.31.33.0-255,66,139904,34,312870
40568,0.001292,74.125.68.0-255,2902,142806,34,312870
40569,0.001296,74.125.68.0-255,4320,147126,34,312870
40570,0.001299,172.31.33.0-255,66,147192,34,312870
40571,0.001314,74.125.68.0-255,2902,150094,34,312870
40572,0.001322,172.31.33.0-255,66,150160,34,312870
40573,0.001346,74.125.68.0-255,5738,155898,34,312870
40574,0.001351,74.125.68.0-255,4320,160218,34,312870
40575,0.001352,172.31.33.0-255,66,160284,34,312870
40576,0.001354,74.125.68.0-255,2902,163186,34,312870
40577,0.001357,172.31.33.0-255,66,163252,34,312870
40578,0.001382,74.125.68.0-255,2902,166154,34,312870
40579,0.001387,74.125.68.0-255,3602,169756,34,312870
40580,0.001393,172.31.33.0-255,66,169822,34,312870
40581,0.001436,74.125.68.0-255,1484,171306,34,312870
40582,0.001457,74.125.68.0-255,2902,174208,34,312870
40583,0.00146,172.31.33.0-255,66,174274,34,312870
40584,0.001466,74.125.68.0-255,5738,180012,34,312870
40585,0.001474,172.31.33.0-255,66,180078,34,312870
40586,0.001509,172.31.33.0-255,66,180144,34,312870
40587,0.001517,74.125.68.0-255,4320,184464,34,312870
40588,0.001522,172.31.33.0-255,66,184530,34,312870
40589,0.001555,172.31.33.0-255,66,184596,34,312870
40590,0.001604,74.125.68.0-255,1484,186080,34,312870
40591,0.001608,74.125.68.0-255,2902,188982,34,312870
40592,0.00161,172.31.33.0-255,66,189048,34,312870
40593,0.001616,74.125.68.0-255,5738,194786,34,312870
40594,0.001623,172.31.33.0-255,66,194852,34,312870
40595,0.001655,172.31.33.0-255,66,194918,34,312870
40596,0.001657,74.125.68.0-255,1484,196402,34,312870
40597,0.001684,172.31.33.0-255,66,196468,34,312870
40598,0.001701,74.125.68.0-255,2902,199370,34,312870
40599,0.001705,172.31.33.0-255,66,199436,34,312870
40600,0.001705,74.125.68.0-255,2184,201620,34,312870
40601,0.001709,172.31.33.0-255,66,201686,34,312870
40602,0.001777,74.125.68.0-255,1484,203170,34,312870
40603,0.001788,74.125.68.0-255,2902,206072,34,312870
40604,0.001792,172.31.33.0-255,66,206138,34,312870
40605,0.001815,74.125.68.0-255,4320,210458,34,312870
40606,0.001821,172.31.33.0-255,66,210524,34,312870
40607,0.001826,74.125.68.0-255,1484,212008,34,312870
40608,0.001859,172.31.33.0-255,66,212074,34,312870
40609,0.001893,172.31.33.0-255,66,212140,34,312870
40610,0.001898,74.125.68.0-255,2184,214324,34,312870
40611,0.001901,172.31.33.0-255,66,214390,34,312870
40612,0.001975,74.125.68.0-255,1484,215874,34,312870
40613,0.001988,74.125.68.0-255,2902,218776,34,312870
40614,0.001992,172.31.33.0-255,66,218842,34,312870
40615,0.002001,74.125.68.0-255,1484,220326,34,312870
40616,0.002018,74.125.68.0-255,4320,224646,34,312870
40617,0.00202,172.31.33.0-255,66,224712,34,312870
40618,0.002057,172.31.33.0-255,66,224778,34,312870
40619,0.002062,74.125.68.0-255,2902,227680,34,312870
40620,0.00207,172.31.33.0-255,66,227746,34,312870
40621,0.002094,74.125.68.0-255,4320,232066,34,312870
40622,0.002098,172.31.33.0-255,66,232132,34,312870
40623,0.002104,74.125.68.0-255,2902,235034,34,312870
40624,0.002108,172.31.33.0-255,66,235100,34,312870
40625,0.002132,74.125.68.0-255,3602,238702,34,312870
40626,0.002135,74.125.68.0-255,1484,240186,34,312870
40627,0.00214,172.31.33.0-255,66,240252,34,312870
40628,0.00216,74.125.68.0-255,2902,243154,34,312870
40629,0.002166,74.125.68.0-255,5738,248892,34,312870
40630,0.002167,172.31.33.0-255,66,248958,34,312870
40631,0.002171,172.31.33.0-255,66,249024,34,312870
40632,0.002192,74.125.68.0-255,4320,253344,34,312870
40633,0.0022,172.31.33.0-255,66,253410,34,312870
40634,0.002213,74.125.68.0-255,2902,256312,34,312870
40635,0.002216,172.31.33.0-255,66,256378,34,312870
40636,0.00223,172.31.33.0-255,66,256444,34,312870
40637,0.002243,74.125.68.0-255,5738,262182,34,312870
40638,0.002248,172.31.33.0-255,66,262248,34,312870
40639,0.002253,74.125.68.0-255,2184,264432,34,312870
40640,0.002263,172.31.33.0-255,66,264498,34,312870
40641,0.00227,74.125.68.0-255,1484,265982,34,312870
40642,0.002289,74.125.68.0-255,7156,273138,34,312870
40643,0.002292,74.125.68.0-255,2902,276040,34,312870
40644,0.002297,74.125.68.0-255,4320,280360,34,312870
40645,0.002297,172.31.33.0-255,66,280426,34,312870
40646,0.002301,172.31.33.0-255,66,280492,34,312870
40647,0.002323,74.125.68.0-255,2902,283394,34,312870
40648,0.002328,172.31.33.0-255,66,283460,34,312870
40649,0.002362,172.31.33.0-255,66,283526,34,312870
40650,0.002398,74.125.68.0-255,4320,287846,34,312870
40651,0.002401,172.31.33.0-255,66,287912,34,312870
40652,0.002426,74.125.68.0-255,2184,290096,34,312870
40653,0.00243,74.125.68.0-255,2902,292998,34,312870
40654,0.002434,74.125.68.0-255,2902,295900,34,312870
40655,0.002434,172.31.33.0-255,66,295966,34,312870
40656,0.002438,172.31.33.0-255,66,296032,34,312870
40657,0.002465,74.125.68.0-255,5738,301770,34,312870
40658,0.002471,74.125.68.0-255,1484,303254,34,312870
40659,0.002471,172.31.33.0-255,66,303320,34,312870
40660,0.002503,74.125.68.0-255,2902,306222,34,312870
40661,0.002509,172.31.33.0-255,66,306288,34,312870
40662,0.002537,74.125.68.0-255,1786,308074,34,312870
40663,0.00254,74.125.68.0-255,97,308171,34,312870
40664,0.002542,74.125.68.0-255,105,308276,34,312870
40665,0.002543,172.31.33.0-255,66,308342,34,312870
40666,0.003275,172.31.33.0-255,66,308408,34,312870
40667,0.003299,172.31.33.0-255,105,308513,34,312870
40668,0.005497,74.125.68.0-255,66,308579,34,312870
40669,0.029391,172.31.33.0-255,172,308751,34,312870
40670,0.02942,172.31.33.0-255,1113,309864,34,312870
40671,0.029469,172.31.33.0-255,1514,311378,34,312870
40672,0.02947,172.31.33.0-255,1294,312672,34,312870
40673,0.03096,104.244.42.0-255,66,312738,34,312870
40674,0.030986,104.244.42.0-255,66,312804,34,312870
40675,0.031046,104.244.42.0-255,66,312870,34,312870
40676,0.0,74.125.130.0-255,153,153,34,382010
40677,3.4e-05,172.31.33.0-255,66,219,34,382010
40678,4e-05,74.125.130.0-255,1484,1703,34,382010
40679,4.5e-05,172.31.33.0-255,66,1769,34,382010
40680,6.8e-05,74.125.130.0-255,1484,3253,34,382010
40681,7.1e-05,172.31.33.0-255,66,3319,34,382010
40682,7.6e-05,74.125.130.0-255,2902,6221,34,382010
40683,7.8e-05,172.31.33.0-255,66,6287,34,382010
40684,8.3e-05,74.125.130.0-255,2902,9189,34,382010
40685,8.5e-05,172.31.33.0-255,66,9255,34,382010
40686,0.000105,74.125.130.0-255,1484,10739,34,382010
40687,0.000107,172.31.33.0-255,66,10805,34,382010
40688,0.000118,74.125.130.0-255,1484,12289,34,382010
40689,0.00012,172.31.33.0-255,66,12355,34,382010
40690,0.000138,74.125.130.0-255,2066,14421,34,382010
40691,0.000141,172.31.33.0-255,66,14487,34,382010
40692,0.000295,74.125.130.0-255,1484,15971,34,382010
40693,0.0003,172.31.33.0-255,66,16037,34,382010
40694,0.000318,74.125.130.0-255,2902,18939,34,382010
40695,0.000322,172.31.33.0-255,66,19005,34,382010
40696,0.000326,74.125.130.0-255,2902,21907,34,382010
40697,0.000329,172.31.33.0-255,66,21973,34,382010
40698,0.000331,74.125.130.0-255,1484,23457,34,382010
40699,0.000333,172.31.33.0-255,66,23523,34,382010
40700,0.000357,74.125.130.0-255,2902,26425,34,382010
40701,0.00036,172.31.33.0-255,66,26491,34,382010
40702,0.000395,74.125.130.0-255,5379,31870,34,382010
40703,0.000398,172.31.33.0-255,66,31936,34,382010
40704,0.000406,74.125.130.0-255,5738,37674,34,382010
40705,0.000408,172.31.33.0-255,66,37740,34,382010
40706,0.000429,74.125.130.0-255,4320,42060,34,382010
40707,0.000432,172.31.33.0-255,66,42126,34,382010
40708,0.000457,74.125.130.0-255,6797,48923,34,382010
40709,0.000461,172.31.33.0-255,66,48989,34,382010
40710,0.000497,74.125.130.0-255,1484,50473,34,382010
40711,0.000511,74.125.130.0-255,2902,53375,34,382010
40712,0.000516,172.31.33.0-255,66,53441,34,382010
40713,0.000525,74.125.130.0-255,1484,54925,34,382010
40714,0.000551,74.125.130.0-255,2902,57827,34,382010
40715,0.000555,172.31.33.0-255,66,57893,34,382010
40716,0.000579,74.125.130.0-255,1484,59377,34,382010
40717,0.000594,74.125.130.0-255,2902,62279,34,382010
40718,0.000597,172.31.33.0-255,66,62345,34,382010
40719,0.000634,74.125.130.0-255,4250,66595,34,382010
40720,0.000638,172.31.33.0-255,66,66661,34,382010
40721,0.000696,74.125.130.0-255,366,67027,34,382010
40722,0.000738,74.125.130.0-255,1484,68511,34,382010
40723,0.000742,172.31.33.0-255,66,68577,34,382010
40724,0.000761,74.125.130.0-255,4320,72897,34,382010
40725,0.000764,172.31.33.0-255,66,72963,34,382010
40726,0.000776,74.125.130.0-255,2902,75865,34,382010
40727,0.000779,172.31.33.0-255,66,75931,34,382010
40728,0.000796,74.125.130.0-255,5738,81669,34,382010
40729,0.000799,172.31.33.0-255,66,81735,34,382010
40730,0.000818,74.125.130.0-255,1484,83219,34,382010
40731,0.000821,74.125.130.0-255,1484,84703,34,382010
40732,0.000823,172.31.33.0-255,66,84769,34,382010
40733,0.000827,74.125.130.0-255,1484,86253,34,382010
40734,0.000843,74.125.130.0-255,2902,89155,34,382010
40735,0.000846,172.31.33.0-255,66,89221,34,382010
40736,0.000892,74.125.130.0-255,5738,94959,34,382010
40737,0.000895,172.31.33.0-255,66,95025,34,382010
40738,0.000902,74.125.130.0-255,6438,101463,34,382010
40739,0.000904,172.31.33.0-255,66,101529,34,382010
40740,0.000997,74.125.130.0-255,1484,103013,34,382010
40741,0.001009,74.125.130.0-255,1484,104497,34,382010
40742,0.001012,172.31.33.0-255,66,104563,34,382010
40743,0.001023,74.125.130.0-255,1484,106047,34,382010
40744,0.00103,74.125.130.0-255,5738,111785,34,382010
40745,0.001032,172.31.33.0-255,66,111851,34,382010
40746,0.001036,74.125.130.0-255,1484,113335,34,382010
40747,0.001039,74.125.130.0-255,1484,114819,34,382010
40748,0.001041,172.31.33.0-255,66,114885,34,382010
40749,0.001055,74.125.130.0-255,1484,116369,34,382010
40750,0.00108,74.125.130.0-255,5738,122107,34,382010
40751,0.001083,172.31.33.0-255,66,122173,34,382010
40752,0.001102,74.125.130.0-255,2902,125075,34,382010
40753,0.001105,172.31.33.0-255,66,125141,34,382010
40754,0.001121,74.125.130.0-255,7156,132297,34,382010
40755,0.001124,172.31.33.0-255,66,132363,34,382010
40756,0.001152,74.125.130.0-255,3602,135965,34,382010
40757,0.001156,172.31.33.0-255,66,136031,34,382010
40758,0.001189,74.125.130.0-255,2902,138933,34,382010
40759,0.001192,172.31.33.0-255,66,138999,34,382010
40760,0.001213,74.125.130.0-255,4320,143319,34,382010
40761,0.001217,172.31.33.0-255,66,143385,34,382010
40762,0.001238,74.125.130.0-255,4320,147705,34,382010
40763,0.001241,172.31.33.0-255,66,147771,34,382010
40764,0.001252,74.125.130.0-255,1484,149255,34,382010
40765,0.001257,74.125.130.0-255,2902,152157,34,382010
40766,0.00126,172.31.33.0-255,66,152223,34,382010
40767,0.001284,74.125.130.0-255,4320,156543,34,382010
40768,0.001287,172.31.33.0-255,66,156609,34,382010
40769,0.001299,74.125.130.0-255,2902,159511,34,382010
40770,0.001302,172.31.33.0-255,66,159577,34,382010
40771,0.001317,74.125.130.0-255,7156,166733,34,382010
40772,0.00132,172.31.33.0-255,66,166799,34,382010
40773,0.001371,74.125.130.0-255,3602,170401,34,382010
40774,0.001374,172.31.33.0-255,66,170467,34,382010
40775,0.002079,74.125.130.0-255,1484,171951,34,382010
40776,0.002098,74.125.130.0-255,2902,174853,34,382010
40777,0.002103,172.31.33.0-255,66,174919,34,382010
40778,0.002107,74.125.130.0-255,1484,176403,34,382010
40779,0.002124,74.125.130.0-255,2902,179305,34,382010
40780,0.002126,172.31.33.0-255,66,179371,34,382010
40781,0.00214,74.125.130.0-255,7156,186527,34,382010
40782,0.002142,172.31.33.0-255,66,186593,34,382010
40783,0.002159,74.125.130.0-255,1484,188077,34,382010
40784,0.002164,74.125.130.0-255,5738,193815,34,382010
40785,0.002166,172.31.33.0-255,66,193881,34,382010
40786,0.002193,74.125.130.0-255,7156,201037,34,382010
40787,0.002196,172.31.33.0-255,66,201103,34,382010
40788,0.0022,74.125.130.0-255,2902,204005,34,382010
40789,0.002202,172.31.33.0-255,66,204071,34,382010
40790,0.002213,74.125.130.0-255,766,204837,34,382010
40791,0.002406,74.125.130.0-255,1484,206321,34,382010
40792,0.002408,172.31.33.0-255,66,206387,34,382010
40793,0.002421,74.125.130.0-255,2902,209289,34,382010
40794,0.002424,172.31.33.0-255,66,209355,34,382010
40795,0.002442,74.125.130.0-255,1484,210839,34,382010
40796,0.002458,74.125.130.0-255,4320,215159,34,382010
40797,0.00246,172.31.33.0-255,66,215225,34,382010
40798,0.002464,74.125.130.0-255,2902,218127,34,382010
40799,0.002466,172.31.33.0-255,66,218193,34,382010
40800,0.002471,74.125.130.0-255,4320,222513,34,382010
40801,0.002473,172.31.33.0-255,66,222579,34,382010
40802,0.002496,172.31.33.0-255,66,222645,34,382010
40803,0.002499,74.125.130.0-255,1484,224129,34,382010
40804,0.00252,74.125.130.0-255,5738,229867,34,382010
40805,0.002523,172.31.33.0-255,66,229933,34,382010
40806,0.002547,74.125.130.0-255,4320,234253,34,382010
40807,0.002549,172.31.33.0-255,66,234319,34,382010
40808,0.002563,74.125.130.0-255,3602,237921,34,382010
40809,0.002565,172.31.33.0-255,66,237987,34,382010
40810,0.002567,74.125.130.0-255,1484,239471,34,382010
40811,0.00257,74.125.130.0-255,1484,240955,34,382010
40812,0.002572,172.31.33.0-255,66,241021,34,382010
40813,0.0026,74.125.130.0-255,4320,245341,34,382010
40814,0.002602,172.31.33.0-255,66,245407,34,382010
40815,0.002618,74.125.130.0-255,1484,246891,34,382010
40816,0.00262,74.125.130.0-255,1484,248375,34,382010
40817,0.002622,172.31.33.0-255,66,248441,34,382010
40818,0.002626,74.125.130.0-255,2902,251343,34,382010
40819,0.002629,172.31.33.0-255,66,251409,34,382010
40820,0.002643,74.125.130.0-255,1484,252893,34,382010
40821,0.002658,74.125.130.0-255,1484,254377,34,382010
40822,0.00266,172.31.33.0-255,66,254443,34,382010
40823,0.002671,74.125.130.0-255,2902,257345,34,382010
40824,0.002673,172.31.33.0-255,66,257411,34,382010
40825,0.002691,74.125.130.0-255,4320,261731,34,382010
40826,0.002693,172.31.33.0-255,66,261797,34,382010
40827,0.002697,74.125.130.0-255,3602,265399,34,382010
40828,0.002699,172.31.33.0-255,66,265465,34,382010
40829,0.002744,74.125.130.0-255,5738,271203,34,382010
40830,0.002747,172.31.33.0-255,66,271269,34,382010
40831,0.002753,74.125.130.0-255,7156,278425,34,382010
40832,0.002756,172.31.33.0-255,66,278491,34,382010
40833,0.002761,74.125.130.0-255,4320,282811,34,382010
40834,0.002762,172.31.33.0-255,66,282877,34,382010
40835,0.002789,172.31.33.0-255,66,282943,34,382010
40836,0.00282,74.125.130.0-255,5738,288681,34,382010
40837,0.002822,172.31.33.0-255,66,288747,34,382010
40838,0.002843,172.31.33.0-255,66,288813,34,382010
40839,0.002848,74.125.130.0-255,5738,294551,34,382010
40840,0.00285,172.31.33.0-255,66,294617,34,382010
40841,0.002853,74.125.130.0-255,1484,296101,34,382010
40842,0.002858,74.125.130.0-255,2902,299003,34,382010
40843,0.00286,172.31.33.0-255,66,299069,34,382010
40844,0.002862,74.125.130.0-255,1484,300553,34,382010
40845,0.002889,74.125.130.0-255,1484,302037,34,382010
40846,0.002891,172.31.33.0-255,66,302103,34,382010
40847,0.002919,74.125.130.0-255,7156,309259,34,382010
40848,0.002921,172.31.33.0-255,66,309325,34,382010
40849,0.002926,74.125.130.0-255,4320,313645,34,382010
40850,0.002928,172.31.33.0-255,66,313711,34,382010
40851,0.002931,74.125.130.0-255,1484,315195,34,382010
40852,0.002934,74.125.130.0-255,1484,316679,34,382010
40853,0.002935,172.31.33.0-255,66,316745,34,382010
40854,0.002939,74.125.130.0-255,2184,318929,34,382010
40855,0.002941,172.31.33.0-255,66,318995,34,382010
40856,0.002969,74.125.130.0-255,2902,321897,34,382010
40857,0.002971,172.31.33.0-255,66,321963,34,382010
40858,0.002974,74.125.130.0-255,1484,323447,34,382010
40859,0.002976,74.125.130.0-255,1484,324931,34,382010
40860,0.002978,172.31.33.0-255,66,324997,34,382010
40861,0.002991,74.125.130.0-255,4320,329317,34,382010
40862,0.002993,172.31.33.0-255,66,329383,34,382010
40863,0.003015,74.125.130.0-255,5738,335121,34,382010
40864,0.003017,172.31.33.0-255,66,335187,34,382010
40865,0.003034,74.125.130.0-255,7156,342343,34,382010
40866,0.003036,172.31.33.0-255,66,342409,34,382010
40867,0.003042,74.125.130.0-255,5738,348147,34,382010
40868,0.003044,172.31.33.0-255,66,348213,34,382010
40869,0.003073,74.125.130.0-255,3602,351815,34,382010
40870,0.003075,172.31.33.0-255,66,351881,34,382010
40871,0.003089,74.125.130.0-255,2902,354783,34,382010
40872,0.003091,172.31.33.0-255,66,354849,34,382010
40873,0.003104,74.125.130.0-255,1484,356333,34,382010
40874,0.003111,74.125.130.0-255,5738,362071,34,382010
40875,0.003113,172.31.33.0-255,66,362137,34,382010
40876,0.003115,74.125.130.0-255,1484,363621,34,382010
40877,0.003149,74.125.130.0-255,2902,366523,34,382010
40878,0.003151,172.31.33.0-255,66,366589,34,382010
40879,0.003171,74.125.130.0-255,2902,369491,34,382010
40880,0.003173,172.31.33.0-255,66,369557,34,382010
40881,0.003178,74.125.130.0-255,2902,372459,34,382010
40882,0.00318,172.31.33.0-255,66,372525,34,382010
40883,0.003184,74.125.130.0-255,1484,374009,34,382010
40884,0.003214,74.125.130.0-255,3499,377508,34,382010
40885,0.003216,172.31.33.0-255,66,377574,34,382010
40886,0.003272,74.125.130.0-255,105,377679,34,382010
40887,0.011831,172.31.33.0-255,66,377745,34,382010
40888,0.011858,172.31.33.0-255,105,377850,34,382010
40889,0.014336,74.125.130.0-255,66,377916,34,382010
40890,0.038636,172.31.33.0-255,172,378088,34,382010
40891,0.038666,172.31.33.0-255,1112,379200,34,382010
40892,0.038747,172.31.33.0-255,1514,380714,34,382010
40893,0.038749,172.31.33.0-255,1296,382010,34,382010
40894,0.0,74.125.200.0-255,153,153,34,388318
40895,1.8e-05,172.31.33.0-255,66,219,34,388318
40896,3.1e-05,74.125.200.0-255,1484,1703,34,388318
40897,3.5e-05,172.31.33.0-255,66,1769,34,388318
40898,4.8e-05,74.125.200.0-255,2902,4671,34,388318
40899,5e-05,172.31.33.0-255,66,4737,34,388318
40900,8.7e-05,74.125.200.0-255,1484,6221,34,388318
40901,9e-05,172.31.33.0-255,66,6287,34,388318
40902,0.000117,74.125.200.0-255,2902,9189,34,388318
40903,0.00012,172.31.33.0-255,66,9255,34,388318
40904,0.00014,74.125.200.0-255,2902,12157,34,388318
40905,0.000142,172.31.33.0-255,66,12223,34,388318
40906,0.000162,74.125.200.0-255,3383,15606,34,388318
40907,0.000165,172.31.33.0-255,66,15672,34,388318
40908,0.000171,74.125.200.0-255,7156,22828,34,388318
40909,0.000173,172.31.33.0-255,66,22894,34,388318
40910,0.000206,172.31.33.0-255,66,22960,34,388318
40911,0.000277,74.125.200.0-255,1484,24444,34,388318
40912,0.00028,172.31.33.0-255,66,24510,34,388318
40913,0.000285,74.125.200.0-255,2902,27412,34,388318
40914,0.000288,172.31.33.0-255,66,27478,34,388318
40915,0.000308,74.125.200.0-255,4320,31798,34,388318
40916,0.000311,172.31.33.0-255,66,31864,34,388318
40917,0.00034,74.125.200.0-255,2902,34766,34,388318
40918,0.000343,172.31.33.0-255,66,34832,34,388318
40919,0.000364,74.125.200.0-255,6797,41629,34,388318
40920,0.000367,172.31.33.0-255,66,41695,34,388318
40921,0.000371,74.125.200.0-255,2902,44597,34,388318
40922,0.000373,172.31.33.0-255,66,44663,34,388318
40923,0.000405,74.125.200.0-255,1484,46147,34,388318
40924,0.000408,172.31.33.0-255,66,46213,34,388318
40925,0.000423,74.125.200.0-255,7156,53369,34,388318
40926,0.000425,172.31.33.0-255,66,53435,34,388318
40927,0.00044,74.125.200.0-255,4274,57709,34,388318
40928,0.000443,172.31.33.0-255,66,57775,34,388318
40929,0.000445,74.125.200.0-255,374,58149,34,388318
40930,0.00067,74.125.200.0-255,1484,59633,34,388318
40931,0.000673,172.31.33.0-255,66,59699,34,388318
40932,0.000693,74.125.200.0-255,2902,62601,34,388318
40933,0.000696,172.31.33.0-255,66,62667,34,388318
40934,0.000701,74.125.200.0-255,5738,68405,34,388318
40935,0.000703,172.31.33.0-255,66,68471,34,388318
40936,0.000707,74.125.200.0-255,2902,71373,34,388318
40937,0.00071,172.31.33.0-255,66,71439,34,388318
40938,0.000733,74.125.200.0-255,4320,75759,34,388318
40939,0.000736,172.31.33.0-255,66,75825,34,388318
40940,0.000761,74.125.200.0-255,2902,78727,34,388318
40941,0.000765,172.31.33.0-255,66,78793,34,388318
40942,0.000775,74.125.200.0-255,4320,83113,34,388318
40943,0.000777,172.31.33.0-255,66,83179,34,388318
40944,0.000797,74.125.200.0-255,4320,87499,34,388318
40945,0.000801,172.31.33.0-255,66,87565,34,388318
40946,0.000818,74.125.200.0-255,4320,91885,34,388318
40947,0.000821,172.31.33.0-255,66,91951,34,388318
40948,0.000824,74.125.200.0-255,766,92717,34,388318
40949,0.000875,74.125.200.0-255,1484,94201,34,388318
40950,0.000878,172.31.33.0-255,66,94267,34,388318
40951,0.000897,74.125.200.0-255,2902,97169,34,388318
40952,0.0009,172.31.33.0-255,66,97235,34,388318
40953,0.000919,74.125.200.0-255,1484,98719,34,388318
40954,0.000923,74.125.200.0-255,2902,101621,34,388318
40955,0.000925,172.31.33.0-255,66,101687,34,388318
40956,0.000939,74.125.200.0-255,1484,103171,34,388318
40957,0.000955,74.125.200.0-255,4320,107491,34,388318
40958,0.000958,172.31.33.0-255,66,107557,34,388318
40959,0.000961,74.125.200.0-255,1484,109041,34,388318
40960,0.000978,74.125.200.0-255,4320,113361,34,388318
40961,0.000981,172.31.33.0-255,66,113427,34,388318
40962,0.000987,74.125.200.0-255,7156,120583,34,388318
40963,0.00099,172.31.33.0-255,66,120649,34,388318
40964,0.001021,74.125.200.0-255,5738,126387,34,388318
40965,0.001024,172.31.33.0-255,66,126453,34,388318
40966,0.001047,74.125.200.0-255,766,127219,34,388318
40967,0.001124,74.125.200.0-255,1484,128703,34,388318
40968,0.001128,172.31.33.0-255,66,128769,34,388318
40969,0.00114,74.125.200.0-255,2902,131671,34,388318
40970,0.001142,172.31.33.0-255,66,131737,34,388318
40971,0.001167,74.125.200.0-255,5738,137475,34,388318
40972,0.00117,74.125.200.0-255,2902,140377,34,388318
40973,0.001171,172.31.33.0-255,66,140443,34,388318
40974,0.001173,172.31.33.0-255,66,140509,34,388318
40975,0.001195,74.125.200.0-255,1484,141993,34,388318
40976,0.001207,74.125.200.0-255,2902,144895,34,388318
40977,0.001209,172.31.33.0-255,66,144961,34,388318
40978,0.001213,74.125.200.0-255,1484,146445,34,388318
40979,0.001237,74.125.200.0-255,2902,149347,34,388318
40980,0.001239,172.31.33.0-255,66,149413,34,388318
40981,0.001254,74.125.200.0-255,1484,150897,34,388318
40982,0.001269,74.125.200.0-255,4320,155217,34,388318
40983,0.001271,172.31.33.0-255,66,155283,34,388318
40984,0.001274,74.125.200.0-255,1484,156767,34,388318
40985,0.001287,74.125.200.0-255,1484,158251,34,388318
40986,0.001289,172.31.33.0-255,66,158317,34,388318
40987,0.001305,74.125.200.0-255,1484,159801,34,388318
40988,0.001308,74.125.200.0-255,1484,161285,34,388318
40989,0.00131,172.31.33.0-255,66,161351,34,388318
40990,0.001319,74.125.200.0-255,766,162117,34,388318
40991,0.00138,74.125.200.0-255,1484,163601,34,388318
40992,0.001383,172.31.33.0-255,66,163667,34,388318
40993,0.001387,74.125.200.0-255,2902,166569,34,388318
40994,0.00139,172.31.33.0-255,66,166635,34,388318
40995,0.001404,74.125.200.0-255,1484,168119,34,388318
40996,0.001415,74.125.200.0-255,1484,169603,34,388318
40997,0.001418,172.31.33.0-255,66,169669,34,388318
40998,0.00143,74.125.200.0-255,2902,172571,34,388318
40999,0.001432,172.31.33.0-255,66,172637,34,388318
41000,0.001436,74.125.200.0-255,2902,175539,34,388318
41001,0.001438,172.31.33.0-255,66,175605,34,388318
41002,0.001455,74.125.200.0-255,2902,178507,34,388318
41003,0.001458,172.31.33.0-255,66,178573,34,388318
41004,0.001467,74.125.200.0-255,1484,180057,34,388318
41005,0.001479,74.125.200.0-255,2902,182959,34,388318
41006,0.001481,172.31.33.0-255,66,183025,34,388318
41007,0.001492,74.125.200.0-255,2902,185927,34,388318
41008,0.001494,172.31.33.0-255,66,185993,34,388318
41009,0.001517,74.125.200.0-255,2902,188895,34,388318
41010,0.001519,172.31.33.0-255,66,188961,34,388318
41011,0.001528,172.31.33.0-255,66,189027,34,388318
41012,0.001541,74.125.200.0-255,4320,193347,34,388318
41013,0.001543,172.31.33.0-255,66,193413,34,388318
41014,0.001561,74.125.200.0-255,2902,196315,34,388318
41015,0.001564,172.31.33.0-255,66,196381,34,388318
41016,0.001569,74.125.200.0-255,5738,202119,34,388318
41017,0.001571,172.31.33.0-255,66,202185,34,388318
41018,0.001591,74.125.200.0-255,2902,205087,34,388318
41019,0.001594,172.31.33.0-255,66,205153,34,388318
41020,0.001615,74.125.200.0-255,1484,206637,34,388318
41021,0.001628,74.125.200.0-255,4320,210957,34,388318
41022,0.00163,172.31.33.0-255,66,211023,34,388318
41023,0.001653,74.125.200.0-255,7156,218179,34,388318
41024,0.001655,172.31.33.0-255,66,218245,34,388318
41025,0.001694,74.125.200.0-255,4320,222565,34,388318
41026,0.001697,172.31.33.0-255,66,222631,34,388318
41027,0.001716,74.125.200.0-255,766,223397,34,388318
41028,0.001818,172.31.33.0-255,66,223463,34,388318
41029,0.001862,74.125.200.0-255,1484,224947,34,388318
41030,0.001867,74.125.200.0-255,2902,227849,34,388318
41031,0.00187,172.31.33.0-255,66,227915,34,388318
41032,0.001885,74.125.200.0-255,4320,232235,34,388318
41033,0.001887,172.31.33.0-255,66,232301,34,388318
41034,0.001925,74.125.200.0-255,1484,233785,34,388318
41035,0.001943,74.125.200.0-255,7156,240941,34,388318
41036,0.001947,172.31.33.0-255,66,241007,34,388318
41037,0.001952,74.125.200.0-255,4320,245327,34,388318
41038,0.001954,172.31.33.0-255,66,245393,34,388318
41039,0.001968,74.125.200.0-255,5738,251131,34,388318
41040,0.001971,172.31.33.0-255,66,251197,34,388318
41041,0.001994,74.125.200.0-255,4320,255517,34,388318
41042,0.001997,172.31.33.0-255,66,255583,34,388318
41043,0.002017,74.125.200.0-255,2184,257767,34,388318
41044,0.002019,172.31.33.0-255,66,257833,34,388318
41045,0.002383,74.125.200.0-255,1484,259317,34,388318
41046,0.00239,74.125.200.0-255,2902,262219,34,388318
41047,0.002394,172.31.33.0-255,66,262285,34,388318
41048,0.002399,74.125.200.0-255,2902,265187,34,388318
41049,0.002401,172.31.33.0-255,66,265253,34,388318
41050,0.002412,74.125.200.0-255,2902,268155,34,388318
41051,0.002414,172.31.33.0-255,66,268221,34,388318
41052,0.002431,74.125.200.0-255,5738,273959,34,388318
41053,0.002433,172.31.33.0-255,66,274025,34,388318
41054,0.002453,74.125.200.0-255,1484,275509,34,388318
41055,0.002457,74.125.200.0-255,2902,278411,34,388318
41056,0.002458,172.31.33.0-255,66,278477,34,388318
41057,0.002479,74.125.200.0-255,5738,284215,34,388318
41058,0.002481,172.31.33.0-255,66,284281,34,388318
41059,0.002486,74.125.200.0-255,4320,288601,34,388318
41060,0.002488,172.31.33.0-255,66,288667,34,388318
41061,0.002519,74.125.200.0-255,3602,292269,34,388318
41062,0.002522,172.31.33.0-255,66,292335,34,388318
41063,0.003138,74.125.200.0-255,1484,293819,34,388318
41064,0.003144,74.125.200.0-255,2902,296721,34,388318
41065,0.003147,172.31.33.0-255,66,296787,34,388318
41066,0.003164,74.125.200.0-255,2902,299689,34,388318
41067,0.003166,172.31.33.0-255,66,299755,34,388318
41068,0.00318,74.125.200.0-255,2902,302657,34,388318
41069,0.003182,172.31.33.0-255,66,302723,34,388318
41070,0.003187,74.125.200.0-255,5738,308461,34,388318
41071,0.003189,172.31.33.0-255,66,308527,34,388318
41072,0.003217,74.125.200.0-255,7156,315683,34,388318
41073,0.003218,172.31.33.0-255,66,315749,34,388318
41074,0.003235,74.125.200.0-255,4320,320069,34,388318
41075,0.003236,172.31.33.0-255,66,320135,34,388318
41076,0.003239,74.125.200.0-255,1484,321619,34,388318
41077,0.003286,74.125.200.0-255,2902,324521,34,388318
41078,0.003288,172.31.33.0-255,66,324587,34,388318
41079,0.00331,74.125.200.0-255,5020,329607,34,388318
41080,0.003311,172.31.33.0-255,66,329673,34,388318
41081,0.003319,172.31.33.0-255,66,329739,34,388318
41082,0.003347,74.125.200.0-255,7156,336895,34,388318
41083,0.003349,172.31.33.0-255,66,336961,34,388318
41084,0.003351,74.125.200.0-255,1484,338445,34,388318
41085,0.003353,74.125.200.0-255,1484,339929,34,388318
41086,0.003355,172.31.33.0-255,66,339995,34,388318
41087,0.003367,74.125.200.0-255,4320,344315,34,388318
41088,0.003369,172.31.33.0-255,66,344381,34,388318
41089,0.00338,74.125.200.0-255,1484,345865,34,388318
41090,0.003398,74.125.200.0-255,6438,352303,34,388318
41091,0.0034,172.31.33.0-255,66,352369,34,388318
41092,0.003404,74.125.200.0-255,4320,356689,34,388318
41093,0.003406,172.31.33.0-255,66,356755,34,388318
41094,0.003408,74.125.200.0-255,1484,358239,34,388318
41095,0.003416,74.125.200.0-255,1484,359723,34,388318
41096,0.003418,172.31.33.0-255,66,359789,34,388318
41097,0.003433,74.125.200.0-255,2902,362691,34,388318
41098,0.003435,172.31.33.0-255,66,362757,34,388318
41099,0.003457,74.125.200.0-255,5738,368495,34,388318
41100,0.003459,172.31.33.0-255,66,368561,34,388318
41101,0.003461,74.125.200.0-255,1484,370045,34,388318
41102,0.00349,74.125.200.0-255,4320,374365,34,388318
41103,0.003492,172.31.33.0-255,66,374431,34,388318
41104,0.003511,74.125.200.0-255,6029,380460,34,388318
41105,0.003513,172.31.33.0-255,66,380526,34,388318
41106,0.003515,74.125.200.0-255,97,380623,34,388318
41107,0.003545,74.125.200.0-255,105,380728,34,388318
41108,0.013295,172.31.33.0-255,66,380794,34,388318
41109,0.013324,172.31.33.0-255,105,380899,34,388318
41110,0.013687,74.125.200.0-255,105,381004,34,388318
41111,0.013699,172.31.33.0-255,78,381082,34,388318
41112,0.015719,74.125.200.0-255,66,381148,34,388318
41113,0.037824,172.31.33.0-255,172,381320,34,388318
41114,0.037854,172.31.33.0-255,1112,382432,34,388318
41115,0.03791,172.31.33.0-255,1514,383946,34,388318
41116,0.037912,172.31.33.0-255,1514,385460,34,388318
41117,0.037913,172.31.33.0-255,1514,386974,34,388318
41118,0.037914,172.31.33.0-255,1080,388054,34,388318
41119,0.039477,104.244.42.0-255,66,388120,34,388318
41120,0.039651,104.244.42.0-255,66,388186,34,388318
41121,0.039656,104.244.42.0-255,66,388252,34,388318
41122,0.039661,104.244.42.0-255,66,388318,34,388318
41123,0.0,74.125.68.0-255,153,153,34,350749
41124,2.2e-05,172.31.33.0-255,66,219,34,350749
41125,2.8e-05,74.125.68.0-255,1484,1703,34,350749
41126,3.1e-05,172.31.33.0-255,66,1769,34,350749
41127,3.5e-05,74.125.68.0-255,2902,4671,34,350749
41128,3.7e-05,172.31.33.0-255,66,4737,34,350749
41129,6.7e-05,74.125.68.0-255,2902,7639,34,350749
41130,7e-05,172.31.33.0-255,66,7705,34,350749
41131,7.5e-05,74.125.68.0-255,4320,12025,34,350749
41132,7.7e-05,172.31.33.0-255,66,12091,34,350749
41133,0.000113,74.125.68.0-255,2056,14147,34,350749
41134,0.000117,172.31.33.0-255,66,14213,34,350749
41135,0.000185,74.125.68.0-255,1484,15697,34,350749
41136,0.000188,172.31.33.0-255,66,15763,34,350749
41137,0.000192,74.125.68.0-255,2902,18665,34,350749
41138,0.000194,172.31.33.0-255,66,18731,34,350749
41139,0.000214,74.125.68.0-255,4320,23051,34,350749
41140,0.000217,172.31.33.0-255,66,23117,34,350749
41141,0.00026,74.125.68.0-255,4320,27437,34,350749
41142,0.000263,172.31.33.0-255,66,27503,34,350749
41143,0.000288,74.125.68.0-255,3961,31464,34,350749
41144,0.000291,172.31.33.0-255,66,31530,34,350749
41145,0.000302,74.125.68.0-255,1484,33014,34,350749
41146,0.000305,172.31.33.0-255,66,33080,34,350749
41147,0.000313,74.125.68.0-255,2902,35982,34,350749
41148,0.000316,172.31.33.0-255,66,36048,34,350749
41149,0.000343,74.125.68.0-255,5738,41786,34,350749
41150,0.000346,172.31.33.0-255,66,41852,34,350749
41151,0.000349,74.125.68.0-255,1484,43336,34,350749
41152,0.000352,172.31.33.0-255,66,43402,34,350749
41153,0.000381,74.125.68.0-255,2902,46304,34,350749
41154,0.000384,172.31.33.0-255,66,46370,34,350749
41155,0.00041,74.125.68.0-255,2543,48913,34,350749
41156,0.000414,172.31.33.0-255,66,48979,34,350749
41157,0.000986,74.125.68.0-255,1484,50463,34,350749
41158,0.000996,74.125.68.0-255,2902,53365,34,350749
41159,0.000999,172.31.33.0-255,66,53431,34,350749
41160,0.001027,74.125.68.0-255,5738,59169,34,350749
41161,0.00103,172.31.33.0-255,66,59235,34,350749
41162,0.001037,74.125.68.0-255,6797,66032,34,350749
41163,0.001039,172.31.33.0-255,66,66098,34,350749
41164,0.001093,74.125.68.0-255,647,66745,34,350749
41165,0.001133,74.125.68.0-255,1484,68229,34,350749
41166,0.001136,172.31.33.0-255,66,68295,34,350749
41167,0.00114,74.125.68.0-255,1484,69779,34,350749
41168,0.001163,74.125.68.0-255,1484,71263,34,350749
41169,0.001166,172.31.33.0-255,66,71329,34,350749
41170,0.001174,74.125.68.0-255,5738,77067,34,350749
41171,0.001175,172.31.33.0-255,66,77133,34,350749
41172,0.001204,74.125.68.0-255,7156,84289,34,350749
41173,0.001207,172.31.33.0-255,66,84355,34,350749
41174,0.001238,74.125.68.0-255,2902,87257,34,350749
41175,0.00124,172.31.33.0-255,66,87323,34,350749
41176,0.001258,74.125.68.0-255,5738,93061,34,350749
41177,0.001261,172.31.33.0-255,66,93127,34,350749
41178,0.001271,172.31.33.0-255,66,93193,34,350749
41179,0.00156,74.125.68.0-255,1484,94677,34,350749
41180,0.001583,74.125.68.0-255,2902,97579,34,350749
41181,0.001586,172.31.33.0-255,66,97645,34,350749
41182,0.001627,74.125.68.0-255,2902,100547,34,350749
41183,0.001632,74.125.68.0-255,4320,104867,34,350749
41184,0.001632,172.31.33.0-255,66,104933,34,350749
41185,0.001635,172.31.33.0-255,66,104999,34,350749
41186,0.001659,74.125.68.0-255,4320,109319,34,350749
41187,0.001662,172.31.33.0-255,66,109385,34,350749
41188,0.001687,74.125.68.0-255,4320,113705,34,350749
41189,0.00169,172.31.33.0-255,66,113771,34,350749
41190,0.001695,74.125.68.0-255,2902,116673,34,350749
41191,0.001696,172.31.33.0-255,66,116739,34,350749
41192,0.001728,74.125.68.0-255,2902,119641,34,350749
41193,0.001731,172.31.33.0-255,66,119707,34,350749
41194,0.001765,172.31.33.0-255,66,119773,34,350749
41195,0.001804,74.125.68.0-255,1484,121257,34,350749
41196,0.00182,74.125.68.0-255,1484,122741,34,350749
41197,0.001823,172.31.33.0-255,66,122807,34,350749
41198,0.001846,74.125.68.0-255,1484,124291,34,350749
41199,0.00185,74.125.68.0-255,1484,125775,34,350749
41200,0.001852,172.31.33.0-255,66,125841,34,350749
41201,0.001856,74.125.68.0-255,2902,128743,34,350749
41202,0.001859,172.31.33.0-255,66,128809,34,350749
41203,0.001865,74.125.68.0-255,5738,134547,34,350749
41204,0.001866,172.31.33.0-255,66,134613,34,350749
41205,0.001875,74.125.68.0-255,1484,136097,34,350749
41206,0.001892,74.125.68.0-255,1484,137581,34,350749
41207,0.001895,172.31.33.0-255,66,137647,34,350749
41208,0.0019,74.125.68.0-255,4320,141967,34,350749
41209,0.001902,172.31.33.0-255,66,142033,34,350749
41210,0.001906,74.125.68.0-255,2902,144935,34,350749
41211,0.001909,172.31.33.0-255,66,145001,34,350749
41212,0.00194,74.125.68.0-255,5738,150739,34,350749
41213,0.001944,172.31.33.0-255,66,150805,34,350749
41214,0.001945,74.125.68.0-255,3602,154407,34,350749
41215,0.001947,172.31.33.0-255,66,154473,34,350749
41216,0.001984,74.125.68.0-255,1484,155957,34,350749
41217,0.002005,74.125.68.0-255,2902,158859,34,350749
41218,0.002008,172.31.33.0-255,66,158925,34,350749
41219,0.002033,74.125.68.0-255,1484,160409,34,350749
41220,0.002047,74.125.68.0-255,2902,163311,34,350749
41221,0.002049,172.31.33.0-255,66,163377,34,350749
41222,0.002074,74.125.68.0-255,5738,169115,34,350749
41223,0.002077,172.31.33.0-255,66,169181,34,350749
41224,0.00208,74.125.68.0-255,2902,172083,34,350749
41225,0.002082,172.31.33.0-255,66,172149,34,350749
41226,0.002138,74.125.68.0-255,5738,177887,34,350749
41227,0.002142,172.31.33.0-255,66,177953,34,350749
41228,0.002177,74.125.68.0-255,2902,180855,34,350749
41229,0.00218,172.31.33.0-255,66,180921,34,350749
41230,0.002203,74.125.68.0-255,1484,182405,34,350749
41231,0.002217,74.125.68.0-255,2902,185307,34,350749
41232,0.00222,172.31.33.0-255,66,185373,34,350749
41233,0.002225,74.125.68.0-255,2902,188275,34,350749
41234,0.002226,172.31.33.0-255,66,188341,34,350749
41235,0.002244,74.125.68.0-255,766,189107,34,350749
41236,0.002293,172.31.33.0-255,66,189173,34,350749
41237,0.002309,74.125.68.0-255,1484,190657,34,350749
41238,0.002325,74.125.68.0-255,1484,192141,34,350749
41239,0.002327,172.31.33.0-255,66,192207,34,350749
41240,0.002343,74.125.68.0-255,1484,193691,34,350749
41241,0.002359,74.125.68.0-255,4320,198011,34,350749
41242,0.002362,172.31.33.0-255,66,198077,34,350749
41243,0.002385,74.125.68.0-255,5738,203815,34,350749
41244,0.002388,172.31.33.0-255,66,203881,34,350749
41245,0.002439,74.125.68.0-255,4320,208201,34,350749
41246,0.002442,172.31.33.0-255,66,208267,34,350749
41247,0.002454,74.125.68.0-255,2902,211169,34,350749
41248,0.002459,172.31.33.0-255,66,211235,34,350749
41249,0.002489,74.125.68.0-255,2902,214137,34,350749
41250,0.002492,172.31.33.0-255,66,214203,34,350749
41251,0.002495,74.125.68.0-255,1484,215687,34,350749
41252,0.002497,74.125.68.0-255,1484,217171,34,350749
41253,0.002499,74.125.68.0-255,1484,218655,34,350749
41254,0.002499,172.31.33.0-255,66,218721,34,350749
41255,0.002501,74.125.68.0-255,1484,220205,34,350749
41256,0.002502,172.31.33.0-255,66,220271,34,350749
41257,0.002531,74.125.68.0-255,1484,221755,34,350749
41258,0.002545,74.125.68.0-255,2184,223939,34,350749
41259,0.002548,172.31.33.0-255,66,224005,34,350749
41260,0.002722,74.125.68.0-255,1484,225489,34,350749
41261,0.002736,74.125.68.0-255,2902,228391,34,350749
41262,0.002739,172.31.33.0-255,66,228457,34,350749
41263,0.002779,74.125.68.0-255,5738,234195,34,350749
41264,0.002781,172.31.33.0-255,66,234261,34,350749
41265,0.002788,74.125.68.0-255,7156,241417,34,350749
41266,0.00279,172.31.33.0-255,66,241483,34,350749
41267,0.002793,74.125.68.0-255,1484,242967,34,350749
41268,0.002822,74.125.68.0-255,7156,250123,34,350749
41269,0.002825,172.31.33.0-255,66,250189,34,350749
41270,0.00283,74.125.68.0-255,4320,254509,34,350749
41271,0.002832,172.31.33.0-255,66,254575,34,350749
41272,0.002859,74.125.68.0-255,3602,258177,34,350749
41273,0.002861,172.31.33.0-255,66,258243,34,350749
41274,0.00293,74.125.68.0-255,1484,259727,34,350749
41275,0.002945,74.125.68.0-255,2902,262629,34,350749
41276,0.002947,172.31.33.0-255,66,262695,34,350749
41277,0.002971,74.125.68.0-255,5738,268433,34,350749
41278,0.002973,172.31.33.0-255,66,268499,34,350749
41279,0.002976,74.125.68.0-255,1484,269983,34,350749
41280,0.002995,74.125.68.0-255,4320,274303,34,350749
41281,0.002997,172.31.33.0-255,66,274369,34,350749
41282,0.003,74.125.68.0-255,1484,275853,34,350749
41283,0.003025,74.125.68.0-255,5738,281591,34,350749
41284,0.003027,172.31.33.0-255,66,281657,34,350749
41285,0.00303,74.125.68.0-255,1484,283141,34,350749
41286,0.003049,74.125.68.0-255,7156,290297,34,350749
41287,0.003052,172.31.33.0-255,66,290363,34,350749
41288,0.003077,74.125.68.0-255,7156,297519,34,350749
41289,0.00308,172.31.33.0-255,66,297585,34,350749
41290,0.003096,74.125.68.0-255,2184,299769,34,350749
41291,0.003099,172.31.33.0-255,66,299835,34,350749
41292,0.003102,74.125.68.0-255,2902,302737,34,350749
41293,0.003104,172.31.33.0-255,66,302803,34,350749
41294,0.003132,172.31.33.0-255,66,302869,34,350749
41295,0.003144,74.125.68.0-255,5738,308607,34,350749
41296,0.003147,172.31.33.0-255,66,308673,34,350749
41297,0.003153,74.125.68.0-255,1484,310157,34,350749
41298,0.003156,74.125.68.0-255,2902,313059,34,350749
41299,0.003158,172.31.33.0-255,66,313125,34,350749
41300,0.003209,74.125.68.0-255,6438,319563,34,350749
41301,0.003212,172.31.33.0-255,66,319629,34,350749
41302,0.00322,74.125.68.0-255,7156,326785,34,350749
41303,0.003224,172.31.33.0-255,66,326851,34,350749
41304,0.003272,172.31.33.0-255,66,326917,34,350749
41305,0.003284,172.31.33.0-255,66,326983,34,350749
41306,0.003295,74.125.68.0-255,4320,331303,34,350749
41307,0.003297,172.31.33.0-255,66,331369,34,350749
41308,0.003301,74.125.68.0-255,1484,332853,34,350749
41309,0.003304,74.125.68.0-255,766,333619,34,350749
41310,0.003306,172.31.33.0-255,66,333685,34,350749
41311,0.003354,74.125.68.0-255,5738,339423,34,350749
41312,0.003357,172.31.33.0-255,66,339489,34,350749
41313,0.003364,74.125.68.0-255,5738,345227,34,350749
41314,0.003367,172.31.33.0-255,66,345293,34,350749
41315,0.003387,74.125.68.0-255,1484,346777,34,350749
41316,0.003392,74.125.68.0-255,2902,349679,34,350749
41317,0.003394,172.31.33.0-255,66,349745,34,350749
41318,0.003438,172.31.33.0-255,66,349811,34,350749
41319,0.003441,74.125.68.0-255,413,350224,34,350749
41320,0.003444,74.125.68.0-255,105,350329,34,350749
41321,0.013347,74.125.68.0-255,105,350434,34,350749
41322,0.013366,172.31.33.0-255,66,350500,34,350749
41323,0.013374,172.31.33.0-255,78,350578,34,350749
41324,0.013399,172.31.33.0-255,105,350683,34,350749
41325,0.015668,74.125.68.0-255,66,350749,34,350749
41326,0.0,74.125.130.0-255,145,145,34,227363
41327,2.2e-05,172.31.33.0-255,66,211,34,227363
41328,2.9e-05,74.125.130.0-255,1484,1695,34,227363
41329,3.3e-05,172.31.33.0-255,66,1761,34,227363
41330,3.8e-05,74.125.130.0-255,2902,4663,34,227363
41331,4.7e-05,172.31.33.0-255,66,4729,34,227363
41332,5.3e-05,74.125.130.0-255,4320,9049,34,227363
41333,5.5e-05,172.31.33.0-255,66,9115,34,227363
41334,6.1e-05,74.125.130.0-255,4892,14007,34,227363
41335,6.3e-05,172.31.33.0-255,66,14073,34,227363
41336,0.000106,172.31.33.0-255,66,14139,34,227363
41337,0.000111,74.125.130.0-255,5379,19518,34,227363
41338,0.000114,172.31.33.0-255,66,19584,34,227363
41339,0.000182,74.125.130.0-255,1484,21068,34,227363
41340,0.000184,172.31.33.0-255,66,21134,34,227363
41341,0.000187,74.125.130.0-255,1484,22618,34,227363
41342,0.00019,172.31.33.0-255,66,22684,34,227363
41343,0.000218,74.125.130.0-255,2902,25586,34,227363
41344,0.00022,172.31.33.0-255,66,25652,34,227363
41345,0.000226,74.125.130.0-255,5738,31390,34,227363
41346,0.000227,172.31.33.0-255,66,31456,34,227363
41347,0.000265,172.31.33.0-255,66,31522,34,227363
41348,0.000271,74.125.130.0-255,5738,37260,34,227363
41349,0.000272,172.31.33.0-255,66,37326,34,227363
41350,0.000333,74.125.130.0-255,3911,41237,34,227363
41351,0.000336,172.31.33.0-255,66,41303,34,227363
41352,0.000339,74.125.130.0-255,98,41401,34,227363
41353,0.00034,172.31.33.0-255,66,41467,34,227363
41354,0.000455,74.125.130.0-255,1484,42951,34,227363
41355,0.000459,172.31.33.0-255,66,43017,34,227363
41356,0.000464,74.125.130.0-255,2902,45919,34,227363
41357,0.000466,172.31.33.0-255,66,45985,34,227363
41358,0.000494,74.125.130.0-255,5738,51723,34,227363
41359,0.000496,172.31.33.0-255,66,51789,34,227363
41360,0.000528,172.31.33.0-255,66,51855,34,227363
41361,0.000563,172.31.33.0-255,66,51921,34,227363
41362,0.000567,74.125.130.0-255,1905,53826,34,227363
41363,0.000569,172.31.33.0-255,66,53892,34,227363
41364,0.000756,74.125.130.0-255,1484,55376,34,227363
41365,0.000763,74.125.130.0-255,2902,58278,34,227363
41366,0.000766,172.31.33.0-255,66,58344,34,227363
41367,0.000773,74.125.130.0-255,4320,62664,34,227363
41368,0.000775,172.31.33.0-255,66,62730,34,227363
41369,0.000807,74.125.130.0-255,1484,64214,34,227363
41370,0.000825,172.31.33.0-255,66,64280,34,227363
41371,0.000837,172.31.33.0-255,66,64346,34,227363
41372,0.000865,74.125.130.0-255,766,65112,34,227363
41373,0.001347,74.125.130.0-255,1484,66596,34,227363
41374,0.001352,172.31.33.0-255,66,66662,34,227363
41375,0.001357,74.125.130.0-255,2902,69564,34,227363
41376,0.001359,172.31.33.0-255,66,69630,34,227363
41377,0.001362,74.125.130.0-255,1484,71114,34,227363
41378,0.001386,74.125.130.0-255,1484,72598,34,227363
41379,0.001388,172.31.33.0-255,66,72664,34,227363
41380,0.001396,74.125.130.0-255,7156,79820,34,227363
41381,0.001398,172.31.33.0-255,66,79886,34,227363
41382,0.001424,74.125.130.0-255,4320,84206,34,227363
41383,0.001426,172.31.33.0-255,66,84272,34,227363
41384,0.00146,172.31.33.0-255,66,84338,34,227363
41385,0.001463,74.125.130.0-255,1484,85822,34,227363
41386,0.001482,74.125.130.0-255,2184,88006,34,227363
41387,0.001484,172.31.33.0-255,66,88072,34,227363
41388,0.00155,74.125.130.0-255,1484,89556,34,227363
41389,0.001554,74.125.130.0-255,2902,92458,34,227363
41390,0.001557,172.31.33.0-255,66,92524,34,227363
41391,0.00156,74.125.130.0-255,1484,94008,34,227363
41392,0.001581,74.125.130.0-255,2902,96910,34,227363
41393,0.001584,172.31.33.0-255,66,96976,34,227363
41394,0.00159,74.125.130.0-255,5738,102714,34,227363
41395,0.001592,172.31.33.0-255,66,102780,34,227363
41396,0.001595,74.125.130.0-255,1484,104264,34,227363
41397,0.001624,172.31.33.0-255,66,104330,34,227363
41398,0.001627,74.125.130.0-255,1484,105814,34,227363
41399,0.001655,74.125.130.0-255,5020,110834,34,227363
41400,0.001657,172.31.33.0-255,66,110900,34,227363
41401,0.001737,74.125.130.0-255,1484,112384,34,227363
41402,0.00174,74.125.130.0-255,1484,113868,34,227363
41403,0.001743,172.31.33.0-255,66,113934,34,227363
41404,0.001766,74.125.130.0-255,1484,115418,34,227363
41405,0.001772,74.125.130.0-255,5738,121156,34,227363
41406,0.001774,172.31.33.0-255,66,121222,34,227363
41407,0.001779,74.125.130.0-255,4320,125542,34,227363
41408,0.00178,172.31.33.0-255,66,125608,34,227363
41409,0.001786,74.125.130.0-255,5738,131346,34,227363
41410,0.001792,172.31.33.0-255,66,131412,34,227363
41411,0.001834,172.31.33.0-255,66,131478,34,227363
41412,0.001838,74.125.130.0-255,2184,133662,34,227363
41413,0.00184,172.31.33.0-255,66,133728,34,227363
41414,0.001874,74.125.130.0-255,1484,135212,34,227363
41415,0.001892,74.125.130.0-255,2902,138114,34,227363
41416,0.001894,172.31.33.0-255,66,138180,34,227363
41417,0.001908,74.125.130.0-255,5738,143918,34,227363
41418,0.001914,172.31.33.0-255,66,143984,34,227363
41419,0.001953,74.125.130.0-255,2902,146886,34,227363
41420,0.001955,172.31.33.0-255,66,146952,34,227363
41421,0.001975,74.125.130.0-255,2902,149854,34,227363
41422,0.001978,172.31.33.0-255,66,149920,34,227363
41423,0.001992,74.125.130.0-255,7156,157076,34,227363
41424,0.001994,172.31.33.0-255,66,157142,34,227363
41425,0.002005,172.31.33.0-255,66,157208,34,227363
41426,0.002111,74.125.130.0-255,1484,158692,34,227363
41427,0.002126,74.125.130.0-255,1484,160176,34,227363
41428,0.002129,172.31.33.0-255,66,160242,34,227363
41429,0.002134,74.125.130.0-255,2902,163144,34,227363
41430,0.002136,172.31.33.0-255,66,163210,34,227363
41431,0.002157,74.125.130.0-255,2902,166112,34,227363
41432,0.002159,172.31.33.0-255,66,166178,34,227363
41433,0.00218,74.125.130.0-255,2902,169080,34,227363
41434,0.002182,172.31.33.0-255,66,169146,34,227363
41435,0.002185,74.125.130.0-255,1484,170630,34,227363
41436,0.002221,172.31.33.0-255,66,170696,34,227363
41437,0.002228,74.125.130.0-255,5738,176434,34,227363
41438,0.002231,172.31.33.0-255,66,176500,34,227363
41439,0.002237,74.125.130.0-255,1484,177984,34,227363
41440,0.002241,74.125.130.0-255,1484,179468,34,227363
41441,0.002242,172.31.33.0-255,66,179534,34,227363
41442,0.002245,74.125.130.0-255,766,180300,34,227363
41443,0.002453,74.125.130.0-255,1484,181784,34,227363
41444,0.002457,172.31.33.0-255,66,181850,34,227363
41445,0.002462,74.125.130.0-255,2902,184752,34,227363
41446,0.002465,172.31.33.0-255,66,184818,34,227363
41447,0.002497,74.125.130.0-255,5738,190556,34,227363
41448,0.002499,172.31.33.0-255,66,190622,34,227363
41449,0.002505,74.125.130.0-255,5738,196360,34,227363
41450,0.002507,172.31.33.0-255,66,196426,34,227363
41451,0.00251,74.125.130.0-255,1484,197910,34,227363
41452,0.002538,74.125.130.0-255,5738,203648,34,227363
41453,0.002541,172.31.33.0-255,66,203714,34,227363
41454,0.002551,172.31.33.0-255,66,203780,34,227363
41455,0.002559,74.125.130.0-255,2184,205964,34,227363
41456,0.002561,172.31.33.0-255,66,206030,34,227363
41457,0.002837,74.125.130.0-255,1484,207514,34,227363
41458,0.002861,74.125.130.0-255,2902,210416,34,227363
41459,0.002865,172.31.33.0-255,66,210482,34,227363
41460,0.002871,74.125.130.0-255,4320,214802,34,227363
41461,0.002873,172.31.33.0-255,66,214868,34,227363
41462,0.002901,74.125.130.0-255,1484,216352,34,227363
41463,0.002917,172.31.33.0-255,66,216418,34,227363
41464,0.002958,172.31.33.0-255,66,216484,34,227363
41465,0.002975,172.31.33.0-255,66,216550,34,227363
41466,0.003004,74.125.130.0-255,5738,222288,34,227363
41467,0.003007,172.31.33.0-255,66,222354,34,227363
41468,0.003035,74.125.130.0-255,4601,226955,34,227363
41469,0.003038,172.31.33.0-255,66,227021,34,227363
41470,0.003041,74.125.130.0-255,105,227126,34,227363
41471,0.01745,172.31.33.0-255,66,227192,34,227363
41472,0.017502,172.31.33.0-255,105,227297,34,227363
41473,0.019504,74.125.130.0-255,66,227363,34,227363
41474,0.0,172.217.194.0-255,156,156,34,193783
41475,1.5e-05,172.217.194.0-255,1484,1640,34,193783
41476,2.4e-05,172.31.33.0-255,66,1706,34,193783
41477,3.3e-05,172.217.194.0-255,2902,4608,34,193783
41478,3.7e-05,172.31.33.0-255,66,4674,34,193783
41479,4.9e-05,172.217.194.0-255,4320,8994,34,193783
41480,5.2e-05,172.31.33.0-255,66,9060,34,193783
41481,7.4e-05,172.217.194.0-255,2902,11962,34,193783
41482,7.7e-05,172.31.33.0-255,66,12028,34,193783
41483,8.2e-05,172.217.194.0-255,2010,14038,34,193783
41484,8.4e-05,172.31.33.0-255,66,14104,34,193783
41485,0.000177,172.217.194.0-255,1484,15588,34,193783
41486,0.000195,172.217.194.0-255,2902,18490,34,193783
41487,0.000199,172.31.33.0-255,66,18556,34,193783
41488,0.000205,172.217.194.0-255,5738,24294,34,193783
41489,0.000208,172.31.33.0-255,66,24360,34,193783
41490,0.000211,172.217.194.0-255,1484,25844,34,193783
41491,0.000259,172.217.194.0-255,5379,31223,34,193783
41492,0.000262,172.31.33.0-255,66,31289,34,193783
41493,0.000729,172.217.194.0-255,1484,32773,34,193783
41494,0.000736,172.217.194.0-255,1484,34257,34,193783
41495,0.00074,172.31.33.0-255,66,34323,34,193783
41496,0.000756,172.217.194.0-255,1484,35807,34,193783
41497,0.000761,172.217.194.0-255,4320,40127,34,193783
41498,0.000763,172.31.33.0-255,66,40193,34,193783
41499,0.000781,172.217.194.0-255,1484,41677,34,193783
41500,0.000784,172.217.194.0-255,1484,43161,34,193783
41501,0.000786,172.31.33.0-255,66,43227,34,193783
41502,0.000804,172.217.194.0-255,5738,48965,34,193783
41503,0.000806,172.31.33.0-255,66,49031,34,193783
41504,0.000843,172.31.33.0-255,66,49097,34,193783
41505,0.000852,172.31.33.0-255,66,49163,34,193783
41506,0.000861,172.217.194.0-255,646,49809,34,193783
41507,0.000973,172.217.194.0-255,1484,51293,34,193783
41508,0.000978,172.31.33.0-255,66,51359,34,193783
41509,0.000983,172.217.194.0-255,2902,54261,34,193783
41510,0.000985,172.31.33.0-255,66,54327,34,193783
41511,0.001009,172.217.194.0-255,5738,60065,34,193783
41512,0.001012,172.31.33.0-255,66,60131,34,193783
41513,0.001014,172.217.194.0-255,1484,61615,34,193783
41514,0.001047,172.31.33.0-255,66,61681,34,193783
41515,0.00105,172.217.194.0-255,1484,63165,34,193783
41516,0.001074,172.217.194.0-255,7156,70321,34,193783
41517,0.001077,172.31.33.0-255,66,70387,34,193783
41518,0.001099,172.217.194.0-255,2184,72571,34,193783
41519,0.001102,172.31.33.0-255,66,72637,34,193783
41520,0.001192,172.217.194.0-255,1484,74121,34,193783
41521,0.001199,172.217.194.0-255,2902,77023,34,193783
41522,0.001202,172.31.33.0-255,66,77089,34,193783
41523,0.00122,172.217.194.0-255,4320,81409,34,193783
41524,0.001222,172.31.33.0-255,66,81475,34,193783
41525,0.001245,172.217.194.0-255,1484,82959,34,193783
41526,0.001252,172.217.194.0-255,7156,90115,34,193783
41527,0.001255,172.31.33.0-255,66,90181,34,193783
41528,0.001297,172.31.33.0-255,66,90247,34,193783
41529,0.001321,172.217.194.0-255,4320,94567,34,193783
41530,0.001323,172.31.33.0-255,66,94633,34,193783
41531,0.001327,172.217.194.0-255,2184,96817,34,193783
41532,0.001329,172.31.33.0-255,66,96883,34,193783
41533,0.00142,172.217.194.0-255,1484,98367,34,193783
41534,0.001425,172.217.194.0-255,2902,101269,34,193783
41535,0.001429,172.31.33.0-255,66,101335,34,193783
41536,0.001432,172.217.194.0-255,1484,102819,34,193783
41537,0.001453,172.217.194.0-255,4320,107139,34,193783
41538,0.001456,172.31.33.0-255,66,107205,34,193783
41539,0.001462,172.217.194.0-255,7156,114361,34,193783
41540,0.001464,172.31.33.0-255,66,114427,34,193783
41541,0.001493,172.217.194.0-255,5738,120165,34,193783
41542,0.001495,172.31.33.0-255,66,120231,34,193783
41543,0.00151,172.31.33.0-255,66,120297,34,193783
41544,0.002381,172.217.194.0-255,1484,121781,34,193783
41545,0.002406,172.217.194.0-255,2902,124683,34,193783
41546,0.002409,172.31.33.0-255,66,124749,34,193783
41547,0.002416,172.217.194.0-255,5738,130487,34,193783
41548,0.002419,172.31.33.0-255,66,130553,34,193783
41549,0.002456,172.31.33.0-255,66,130619,34,193783
41550,0.002467,172.31.33.0-255,66,130685,34,193783
41551,0.002492,172.217.194.0-255,766,131451,34,193783
41552,0.002879,172.217.194.0-255,1484,132935,34,193783
41553,0.002881,172.31.33.0-255,66,133001,34,193783
41554,0.002885,172.217.194.0-255,1484,134485,34,193783
41555,0.002905,172.217.194.0-255,1484,135969,34,193783
41556,0.002907,172.31.33.0-255,66,136035,34,193783
41557,0.002913,172.217.194.0-255,5738,141773,34,193783
41558,0.002916,172.31.33.0-255,66,141839,34,193783
41559,0.002953,172.31.33.0-255,66,141905,34,193783
41560,0.002958,172.217.194.0-255,5738,147643,34,193783
41561,0.00296,172.31.33.0-255,66,147709,34,193783
41562,0.00299,172.217.194.0-255,4320,152029,34,193783
41563,0.002992,172.31.33.0-255,66,152095,34,193783
41564,0.002996,172.217.194.0-255,1484,153579,34,193783
41565,0.003036,172.31.33.0-255,66,153645,34,193783
41566,0.003062,172.217.194.0-255,2184,155829,34,193783
41567,0.003064,172.31.33.0-255,66,155895,34,193783
41568,0.003067,172.217.194.0-255,1484,157379,34,193783
41569,0.003085,172.31.33.0-255,66,157445,34,193783
41570,0.003111,172.217.194.0-255,2184,159629,34,193783
41571,0.003113,172.31.33.0-255,66,159695,34,193783
41572,0.003124,172.31.33.0-255,66,159761,34,193783
41573,0.003153,172.217.194.0-255,7156,166917,34,193783
41574,0.003156,172.31.33.0-255,66,166983,34,193783
41575,0.003161,172.217.194.0-255,5738,172721,34,193783
41576,0.003163,172.31.33.0-255,66,172787,34,193783
41577,0.003222,172.217.194.0-255,7156,179943,34,193783
41578,0.003224,172.31.33.0-255,66,180009,34,193783
41579,0.003252,172.217.194.0-255,2184,182193,34,193783
41580,0.003254,172.31.33.0-255,66,182259,34,193783
41581,0.003267,172.31.33.0-255,66,182325,34,193783
41582,0.00328,172.31.33.0-255,66,182391,34,193783
41583,0.003291,172.31.33.0-255,66,182457,34,193783
41584,0.003335,172.31.33.0-255,66,182523,34,193783
41585,0.003344,172.31.33.0-255,66,182589,34,193783
41586,0.003357,172.31.33.0-255,66,182655,34,193783
41587,0.003371,172.31.33.0-255,66,182721,34,193783
41588,0.003377,172.217.194.0-255,6434,189155,34,193783
41589,0.003379,172.31.33.0-255,66,189221,34,193783
41590,0.003382,172.217.194.0-255,105,189326,34,193783
41591,0.006275,172.31.33.0-255,105,189431,34,193783
41592,0.008804,172.217.194.0-255,66,189497,34,193783
41593,0.026715,172.31.33.0-255,167,189664,34,193783
41594,0.026748,172.31.33.0-255,1113,190777,34,193783
41595,0.026832,172.31.33.0-255,1514,192291,34,193783
41596,0.026834,172.31.33.0-255,1294,193585,34,193783
41597,0.028291,104.244.42.0-255,66,193651,34,193783
41598,0.028323,104.244.42.0-255,66,193717,34,193783
41599,0.028445,104.244.42.0-255,66,193783,34,193783
41600,0.0,172.217.194.0-255,153,153,34,150567
41601,2.4e-05,172.31.33.0-255,66,219,34,150567
41602,3e-05,172.217.194.0-255,1484,1703,34,150567
41603,3.4e-05,172.31.33.0-255,66,1769,34,150567
41604,3.8e-05,172.217.194.0-255,2902,4671,34,150567
41605,4e-05,172.31.33.0-255,66,4737,34,150567
41606,4.6e-05,172.217.194.0-255,7156,11893,34,150567
41607,5e-05,172.31.33.0-255,66,11959,34,150567
41608,5.4e-05,172.217.194.0-255,4879,16838,34,150567
41609,5.7e-05,172.31.33.0-255,66,16904,34,150567
41610,7.4e-05,172.217.194.0-255,1484,18388,34,150567
41611,7.7e-05,172.31.33.0-255,66,18454,34,150567
41612,9.1e-05,172.31.33.0-255,66,18520,34,150567
41613,0.000105,172.217.194.0-255,2543,21063,34,150567
41614,0.000106,172.31.33.0-255,66,21129,34,150567
41615,0.000154,172.217.194.0-255,2902,24031,34,150567
41616,0.000158,172.31.33.0-255,66,24097,34,150567
41617,0.000186,172.31.33.0-255,66,24163,34,150567
41618,0.000189,172.217.194.0-255,1484,25647,34,150567
41619,0.000191,172.31.33.0-255,66,25713,34,150567
41620,0.000195,172.217.194.0-255,4320,30033,34,150567
41621,0.000197,172.31.33.0-255,66,30099,34,150567
41622,0.000226,172.31.33.0-255,66,30165,34,150567
41623,0.000228,172.217.194.0-255,113,30278,34,150567
41624,0.000229,172.31.33.0-255,66,30344,34,150567
41625,0.000231,172.217.194.0-255,381,30725,34,150567
41626,0.000233,172.31.33.0-255,66,30791,34,150567
41627,0.000395,172.217.194.0-255,1484,32275,34,150567
41628,0.000399,172.31.33.0-255,66,32341,34,150567
41629,0.000402,172.217.194.0-255,1484,33825,34,150567
41630,0.000417,172.217.194.0-255,1484,35309,34,150567
41631,0.00042,172.31.33.0-255,66,35375,34,150567
41632,0.000426,172.217.194.0-255,5738,41113,34,150567
41633,0.000428,172.31.33.0-255,66,41179,34,150567
41634,0.000453,172.31.33.0-255,66,41245,34,150567
41635,0.000479,172.217.194.0-255,1484,42729,34,150567
41636,0.00049,172.31.33.0-255,66,42795,34,150567
41637,0.000641,172.217.194.0-255,1484,44279,34,150567
41638,0.000653,172.217.194.0-255,2902,47181,34,150567
41639,0.000655,172.31.33.0-255,66,47247,34,150567
41640,0.000676,172.217.194.0-255,5738,52985,34,150567
41641,0.000678,172.31.33.0-255,66,53051,34,150567
41642,0.000684,172.217.194.0-255,5738,58789,34,150567
41643,0.000686,172.31.33.0-255,66,58855,34,150567
41644,0.00071,172.217.194.0-255,7156,66011,34,150567
41645,0.000713,172.31.33.0-255,66,66077,34,150567
41646,0.00074,172.217.194.0-255,7156,73233,34,150567
41647,0.000743,172.31.33.0-255,66,73299,34,150567
41648,0.000764,172.217.194.0-255,3602,76901,34,150567
41649,0.000766,172.31.33.0-255,66,76967,34,150567
41650,0.000777,172.31.33.0-255,66,77033,34,150567
41651,0.00079,172.31.33.0-255,66,77099,34,150567
41652,0.000808,172.217.194.0-255,7156,84255,34,150567
41653,0.000811,172.31.33.0-255,66,84321,34,150567
41654,0.000814,172.217.194.0-255,2184,86505,34,150567
41655,0.000816,172.31.33.0-255,66,86571,34,150567
41656,0.000904,172.217.194.0-255,1484,88055,34,150567
41657,0.000909,172.217.194.0-255,2902,90957,34,150567
41658,0.000911,172.31.33.0-255,66,91023,34,150567
41659,0.000931,172.217.194.0-255,5738,96761,34,150567
41660,0.000934,172.31.33.0-255,66,96827,34,150567
41661,0.000954,172.217.194.0-255,5738,102565,34,150567
41662,0.000956,172.31.33.0-255,66,102631,34,150567
41663,0.000978,172.217.194.0-255,7156,109787,34,150567
41664,0.000981,172.31.33.0-255,66,109853,34,150567
41665,0.000992,172.31.33.0-255,66,109919,34,150567
41666,0.001105,172.217.194.0-255,1484,111403,34,150567
41667,0.001108,172.217.194.0-255,1484,112887,34,150567
41668,0.001111,172.31.33.0-255,66,112953,34,150567
41669,0.00113,172.217.194.0-255,1484,114437,34,150567
41670,0.001135,172.217.194.0-255,5738,120175,34,150567
41671,0.001137,172.31.33.0-255,66,120241,34,150567
41672,0.001141,172.217.194.0-255,2902,123143,34,150567
41673,0.001143,172.31.33.0-255,66,123209,34,150567
41674,0.001165,172.31.33.0-255,66,123275,34,150567
41675,0.001167,172.217.194.0-255,1484,124759,34,150567
41676,0.001197,172.31.33.0-255,66,124825,34,150567
41677,0.001199,172.217.194.0-255,1484,126309,34,150567
41678,0.001222,172.31.33.0-255,66,126375,34,150567
41679,0.001234,172.217.194.0-255,1484,127859,34,150567
41680,0.001267,172.31.33.0-255,66,127925,34,150567
41681,0.001286,172.217.194.0-255,1484,129409,34,150567
41682,0.001298,172.31.33.0-255,66,129475,34,150567
41683,0.001327,172.31.33.0-255,66,129541,34,150567
41684,0.001392,172.31.33.0-255,66,129607,34,150567
41685,0.001402,172.31.33.0-255,66,129673,34,150567
41686,0.001412,172.31.33.0-255,66,129739,34,150567
41687,0.001428,172.217.194.0-255,2902,132641,34,150567
41688,0.00143,172.31.33.0-255,66,132707,34,150567
41689,0.001466,172.31.33.0-255,66,132773,34,150567
41690,0.001478,172.31.33.0-255,66,132839,34,150567
41691,0.001489,172.31.33.0-255,66,132905,34,150567
41692,0.001526,172.217.194.0-255,5738,138643,34,150567
41693,0.001529,172.31.33.0-255,66,138709,34,150567
41694,0.001551,172.31.33.0-255,66,138775,34,150567
41695,0.001576,172.217.194.0-255,6438,145213,34,150567
41696,0.001579,172.31.33.0-255,66,145279,34,150567
41697,0.00159,172.31.33.0-255,66,145345,34,150567
41698,0.001599,172.217.194.0-255,105,145450,34,150567
41699,0.001602,172.217.194.0-255,129,145579,34,150567
41700,0.01014,172.31.33.0-255,105,145684,34,150567
41701,0.010169,172.31.33.0-255,105,145789,34,150567
41702,0.010353,172.31.33.0-255,90,145879,34,150567
41703,0.01036,172.31.33.0-255,66,145945,34,150567
41704,0.012662,172.217.194.0-255,66,146011,34,150567
41705,0.012681,172.217.194.0-255,66,146077,34,150567
41706,0.012872,172.217.194.0-255,66,146143,34,150567
41707,0.01291,172.217.194.0-255,66,146209,34,150567
41708,0.012918,172.31.33.0-255,66,146275,34,150567
41709,0.032135,172.31.33.0-255,171,146446,34,150567
41710,0.032166,172.31.33.0-255,1137,147583,34,150567
41711,0.032209,172.31.33.0-255,1514,149097,34,150567
41712,0.032211,172.31.33.0-255,1272,150369,34,150567
41713,0.033641,104.244.42.0-255,66,150435,34,150567
41714,0.03366,104.244.42.0-255,66,150501,34,150567
41715,0.033713,104.244.42.0-255,66,150567,34,150567
41716,0.0,74.125.24.0-255,143,143,34,222205
41717,1.6e-05,172.31.33.0-255,66,209,34,222205
41718,2.2e-05,74.125.24.0-255,1484,1693,34,222205
41719,2.7e-05,172.31.33.0-255,66,1759,34,222205
41720,3.3e-05,74.125.24.0-255,2902,4661,34,222205
41721,3.8e-05,172.31.33.0-255,66,4727,34,222205
41722,7e-05,74.125.24.0-255,7156,11883,34,222205
41723,7.3e-05,172.31.33.0-255,66,11949,34,222205
41724,7.8e-05,74.125.24.0-255,2902,14851,34,222205
41725,8e-05,172.31.33.0-255,66,14917,34,222205
41726,9.6e-05,74.125.24.0-255,6246,21163,34,222205
41727,9.9e-05,172.31.33.0-255,66,21229,34,222205
41728,0.000133,172.31.33.0-255,66,21295,34,222205
41729,0.000258,74.125.24.0-255,1484,22779,34,222205
41730,0.000263,172.31.33.0-255,66,22845,34,222205
41731,0.000282,74.125.24.0-255,2902,25747,34,222205
41732,0.000285,172.31.33.0-255,66,25813,34,222205
41733,0.00029,74.125.24.0-255,2902,28715,34,222205
41734,0.000293,172.31.33.0-255,66,28781,34,222205
41735,0.000309,74.125.24.0-255,2902,31683,34,222205
41736,0.000311,172.31.33.0-255,66,31749,34,222205
41737,0.000351,172.31.33.0-255,66,31815,34,222205
41738,0.000355,74.125.24.0-255,2902,34717,34,222205
41739,0.000358,172.31.33.0-255,66,34783,34,222205
41740,0.000386,74.125.24.0-255,7156,41939,34,222205
41741,0.000388,172.31.33.0-255,66,42005,34,222205
41742,0.000404,74.125.24.0-255,4270,46275,34,222205
41743,0.000407,172.31.33.0-255,66,46341,34,222205
41744,0.000548,74.125.24.0-255,111,46452,34,222205
41745,0.000553,172.31.33.0-255,66,46518,34,222205
41746,0.000682,74.125.24.0-255,1484,48002,34,222205
41747,0.000689,74.125.24.0-255,2902,50904,34,222205
41748,0.000693,172.31.33.0-255,66,50970,34,222205
41749,0.000727,74.125.24.0-255,1484,52454,34,222205
41750,0.000761,74.125.24.0-255,4320,56774,34,222205
41751,0.000765,172.31.33.0-255,66,56840,34,222205
41752,0.000779,172.31.33.0-255,66,56906,34,222205
41753,0.000784,74.125.24.0-255,4320,61226,34,222205
41754,0.000786,172.31.33.0-255,66,61292,34,222205
41755,0.000817,74.125.24.0-255,5622,66914,34,222205
41756,0.00082,172.31.33.0-255,66,66980,34,222205
41757,0.000976,74.125.24.0-255,1484,68464,34,222205
41758,0.000983,74.125.24.0-255,2902,71366,34,222205
41759,0.000986,172.31.33.0-255,66,71432,34,222205
41760,0.000991,74.125.24.0-255,2902,74334,34,222205
41761,0.000993,172.31.33.0-255,66,74400,34,222205
41762,0.00101,74.125.24.0-255,2902,77302,34,222205
41763,0.001012,172.31.33.0-255,66,77368,34,222205
41764,0.001019,74.125.24.0-255,5738,83106,34,222205
41765,0.001021,172.31.33.0-255,66,83172,34,222205
41766,0.001026,74.125.24.0-255,4320,87492,34,222205
41767,0.001029,172.31.33.0-255,66,87558,34,222205
41768,0.001049,74.125.24.0-255,2902,90460,34,222205
41769,0.001052,172.31.33.0-255,66,90526,34,222205
41770,0.001056,74.125.24.0-255,2902,93428,34,222205
41771,0.001059,172.31.33.0-255,66,93494,34,222205
41772,0.001082,172.31.33.0-255,66,93560,34,222205
41773,0.002076,74.125.24.0-255,1484,95044,34,222205
41774,0.002085,74.125.24.0-255,2902,97946,34,222205
41775,0.002089,172.31.33.0-255,66,98012,34,222205
41776,0.002094,74.125.24.0-255,1484,99496,34,222205
41777,0.002112,74.125.24.0-255,4320,103816,34,222205
41778,0.002114,172.31.33.0-255,66,103882,34,222205
41779,0.002141,172.31.33.0-255,66,103948,34,222205
41780,0.002151,74.125.24.0-255,1484,105432,34,222205
41781,0.002179,74.125.24.0-255,4320,109752,34,222205
41782,0.002181,172.31.33.0-255,66,109818,34,222205
41783,0.002199,74.125.24.0-255,6438,116256,34,222205
41784,0.002201,172.31.33.0-255,66,116322,34,222205
41785,0.002252,74.125.24.0-255,1484,117806,34,222205
41786,0.002267,74.125.24.0-255,2902,120708,34,222205
41787,0.002269,172.31.33.0-255,66,120774,34,222205
41788,0.002274,74.125.24.0-255,2902,123676,34,222205
41789,0.002275,172.31.33.0-255,66,123742,34,222205
41790,0.002288,74.125.24.0-255,2902,126644,34,222205
41791,0.00229,172.31.33.0-255,66,126710,34,222205
41792,0.002309,74.125.24.0-255,1484,128194,34,222205
41793,0.002322,74.125.24.0-255,5738,133932,34,222205
41794,0.002325,172.31.33.0-255,66,133998,34,222205
41795,0.002349,74.125.24.0-255,5738,139736,34,222205
41796,0.002351,172.31.33.0-255,66,139802,34,222205
41797,0.002363,172.31.33.0-255,66,139868,34,222205
41798,0.002575,74.125.24.0-255,1484,141352,34,222205
41799,0.00258,74.125.24.0-255,2902,144254,34,222205
41800,0.002583,172.31.33.0-255,66,144320,34,222205
41801,0.002605,74.125.24.0-255,5738,150058,34,222205
41802,0.002607,172.31.33.0-255,66,150124,34,222205
41803,0.002622,74.125.24.0-255,2902,153026,34,222205
41804,0.002624,172.31.33.0-255,66,153092,34,222205
41805,0.002645,74.125.24.0-255,5738,158830,34,222205
41806,0.002647,172.31.33.0-255,66,158896,34,222205
41807,0.00265,74.125.24.0-255,1484,160380,34,222205
41808,0.002653,74.125.24.0-255,1484,161864,34,222205
41809,0.002654,172.31.33.0-255,66,161930,34,222205
41810,0.002679,172.31.33.0-255,66,161996,34,222205
41811,0.002683,74.125.24.0-255,2184,164180,34,222205
41812,0.002685,172.31.33.0-255,66,164246,34,222205
41813,0.002775,74.125.24.0-255,1484,165730,34,222205
41814,0.002779,74.125.24.0-255,2902,168632,34,222205
41815,0.00278,172.31.33.0-255,66,168698,34,222205
41816,0.002783,74.125.24.0-255,1484,170182,34,222205
41817,0.0028,74.125.24.0-255,4320,174502,34,222205
41818,0.002802,172.31.33.0-255,66,174568,34,222205
41819,0.002818,74.125.24.0-255,2902,177470,34,222205
41820,0.00282,172.31.33.0-255,66,177536,34,222205
41821,0.002854,172.31.33.0-255,66,177602,34,222205
41822,0.002863,172.31.33.0-255,66,177668,34,222205
41823,0.002897,74.125.24.0-255,7156,184824,34,222205
41824,0.0029,172.31.33.0-255,66,184890,34,222205
41825,0.002917,74.125.24.0-255,2184,187074,34,222205
41826,0.002918,172.31.33.0-255,66,187140,34,222205
41827,0.002931,172.31.33.0-255,66,187206,34,222205
41828,0.002941,172.31.33.0-255,66,187272,34,222205
41829,0.002968,74.125.24.0-255,6438,193710,34,222205
41830,0.002971,172.31.33.0-255,66,193776,34,222205
41831,0.002977,74.125.24.0-255,5738,199514,34,222205
41832,0.002979,172.31.33.0-255,66,199580,34,222205
41833,0.002981,74.125.24.0-255,1484,201064,34,222205
41834,0.003,74.125.24.0-255,2902,203966,34,222205
41835,0.003002,172.31.33.0-255,66,204032,34,222205
41836,0.003033,172.31.33.0-255,66,204098,34,222205
41837,0.003054,74.125.24.0-255,2184,206282,34,222205
41838,0.003056,172.31.33.0-255,66,206348,34,222205
41839,0.003058,74.125.24.0-255,1484,207832,34,222205
41840,0.003061,172.31.33.0-255,78,207910,34,222205
41841,0.003076,172.31.33.0-255,66,207976,34,222205
41842,0.003082,74.125.24.0-255,7156,215132,34,222205
41843,0.003085,172.31.33.0-255,66,215198,34,222205
41844,0.003118,172.31.33.0-255,66,215264,34,222205
41845,0.00315,172.31.33.0-255,66,215330,34,222205
41846,0.003157,74.125.24.0-255,6370,221700,34,222205
41847,0.003159,172.31.33.0-255,66,221766,34,222205
41848,0.003161,74.125.24.0-255,97,221863,34,222205
41849,0.003164,74.125.24.0-255,105,221968,34,222205
41850,0.0089,172.31.33.0-255,66,222034,34,222205
41851,0.008933,172.31.33.0-255,105,222139,34,222205
41852,0.011474,74.125.24.0-255,66,222205,34,222205
41853,0.0,74.125.24.0-255,153,153,34,245937
41854,2.1e-05,172.31.33.0-255,66,219,34,245937
41855,2.8e-05,74.125.24.0-255,1484,1703,34,245937
41856,3.3e-05,172.31.33.0-255,66,1769,34,245937
41857,4.5e-05,74.125.24.0-255,2902,4671,34,245937
41858,4.8e-05,172.31.33.0-255,66,4737,34,245937
41859,5.4e-05,74.125.24.0-255,5738,10475,34,245937
41860,5.7e-05,172.31.33.0-255,66,10541,34,245937
41861,6.4e-05,74.125.24.0-255,6228,16769,34,245937
41862,6.6e-05,172.31.33.0-255,66,16835,34,245937
41863,0.000101,172.31.33.0-255,66,16901,34,245937
41864,0.000173,74.125.24.0-255,1484,18385,34,245937
41865,0.000176,172.31.33.0-255,66,18451,34,245937
41866,0.000211,74.125.24.0-255,1484,19935,34,245937
41867,0.000213,172.31.33.0-255,66,20001,34,245937
41868,0.00024,74.125.24.0-255,1484,21485,34,245937
41869,0.000242,172.31.33.0-255,66,21551,34,245937
41870,0.000249,74.125.24.0-255,5738,27289,34,245937
41871,0.000251,172.31.33.0-255,66,27355,34,245937
41872,0.000264,172.31.33.0-255,66,27421,34,245937
41873,0.000274,172.31.33.0-255,66,27487,34,245937
41874,0.000295,74.125.24.0-255,1434,28921,34,245937
41875,0.000297,172.31.33.0-255,66,28987,34,245937
41876,0.000336,74.125.24.0-255,113,29100,34,245937
41877,0.000338,172.31.33.0-255,66,29166,34,245937
41878,0.00036,74.125.24.0-255,330,29496,34,245937
41879,0.000362,172.31.33.0-255,66,29562,34,245937
41880,0.000645,74.125.24.0-255,1484,31046,34,245937
41881,0.000658,172.31.33.0-255,66,31112,34,245937
41882,0.000665,74.125.24.0-255,2902,34014,34,245937
41883,0.000668,172.31.33.0-255,66,34080,34,245937
41884,0.00068,74.125.24.0-255,5738,39818,34,245937
41885,0.000682,172.31.33.0-255,66,39884,34,245937
41886,0.000718,172.31.33.0-255,66,39950,34,245937
41887,0.000725,74.125.24.0-255,5738,45688,34,245937
41888,0.000727,172.31.33.0-255,66,45754,34,245937
41889,0.00077,74.125.24.0-255,5020,50774,34,245937
41890,0.000773,172.31.33.0-255,66,50840,34,245937
41891,0.001131,74.125.24.0-255,1484,52324,34,245937
41892,0.001137,74.125.24.0-255,2902,55226,34,245937
41893,0.00114,172.31.33.0-255,66,55292,34,245937
41894,0.001146,74.125.24.0-255,2902,58194,34,245937
41895,0.001149,172.31.33.0-255,66,58260,34,245937
41896,0.001169,74.125.24.0-255,2902,61162,34,245937
41897,0.001176,172.31.33.0-255,66,61228,34,245937
41898,0.001184,74.125.24.0-255,7156,68384,34,245937
41899,0.001186,172.31.33.0-255,66,68450,34,245937
41900,0.00122,74.125.24.0-255,5738,74188,34,245937
41901,0.001224,172.31.33.0-255,66,74254,34,245937
41902,0.001267,172.31.33.0-255,66,74320,34,245937
41903,0.001302,172.31.33.0-255,66,74386,34,245937
41904,0.001338,172.31.33.0-255,66,74452,34,245937
41905,0.001345,74.125.24.0-255,5738,80190,34,245937
41906,0.001347,172.31.33.0-255,66,80256,34,245937
41907,0.001393,74.125.24.0-255,4320,84576,34,245937
41908,0.001397,172.31.33.0-255,66,84642,34,245937
41909,0.001419,74.125.24.0-255,5020,89662,34,245937
41910,0.001422,172.31.33.0-255,66,89728,34,245937
41911,0.001449,74.125.24.0-255,1484,91212,34,245937
41912,0.001454,74.125.24.0-255,2902,94114,34,245937
41913,0.001456,172.31.33.0-255,66,94180,34,245937
41914,0.001463,74.125.24.0-255,5738,99918,34,245937
41915,0.001483,172.31.33.0-255,66,99984,34,245937
41916,0.001515,74.125.24.0-255,1484,101468,34,245937
41917,0.00153,172.31.33.0-255,66,101534,34,245937
41918,0.001553,172.31.33.0-255,66,101600,34,245937
41919,0.001562,74.125.24.0-255,766,102366,34,245937
41920,0.001863,74.125.24.0-255,1484,103850,34,245937
41921,0.001868,172.31.33.0-255,66,103916,34,245937
41922,0.001873,74.125.24.0-255,2902,106818,34,245937
41923,0.001876,74.125.24.0-255,1484,108302,34,245937
41924,0.001885,172.31.33.0-255,66,108368,34,245937
41925,0.001913,74.125.24.0-255,4320,112688,34,245937
41926,0.001919,74.125.24.0-255,5738,118426,34,245937
41927,0.001977,74.125.24.0-255,4320,122746,34,245937
41928,0.001983,74.125.24.0-255,5020,127766,34,245937
41929,0.001991,172.31.33.0-255,66,127832,34,245937
41930,0.00204,74.125.24.0-255,1484,129316,34,245937
41931,0.002056,74.125.24.0-255,2902,132218,34,245937
41932,0.00206,172.31.33.0-255,66,132284,34,245937
41933,0.002064,74.125.24.0-255,1484,133768,34,245937
41934,0.002088,74.125.24.0-255,4320,138088,34,245937
41935,0.002123,74.125.24.0-255,4320,142408,34,245937
41936,0.002145,74.125.24.0-255,2184,144592,34,245937
41937,0.002156,74.125.24.0-255,2902,147494,34,245937
41938,0.002172,74.125.24.0-255,2902,150396,34,245937
41939,0.002174,74.125.24.0-255,1484,151880,34,245937
41940,0.002189,74.125.24.0-255,1484,153364,34,245937
41941,0.002191,74.125.24.0-255,1484,154848,34,245937
41942,0.002212,74.125.24.0-255,1484,156332,34,245937
41943,0.002215,74.125.24.0-255,1484,157816,34,245937
41944,0.002253,74.125.24.0-255,5738,163554,34,245937
41945,0.002256,74.125.24.0-255,1484,165038,34,245937
41946,0.002269,74.125.24.0-255,4320,169358,34,245937
41947,0.00228,74.125.24.0-255,1484,170842,34,245937
41948,0.002282,74.125.24.0-255,1484,172326,34,245937
41949,0.002299,74.125.24.0-255,2902,175228,34,245937
41950,0.002337,74.125.24.0-255,1484,176712,34,245937
41951,0.002352,74.125.24.0-255,2184,178896,34,245937
41952,0.002423,74.125.24.0-255,1484,180380,34,245937
41953,0.002452,74.125.24.0-255,2902,183282,34,245937
41954,0.002459,74.125.24.0-255,5738,189020,34,245937
41955,0.002509,74.125.24.0-255,5738,194758,34,245937
41956,0.002521,74.125.24.0-255,4320,199078,34,245937
41957,0.002561,74.125.24.0-255,2184,201262,34,245937
41958,0.00264,74.125.24.0-255,1484,202746,34,245937
41959,0.002654,74.125.24.0-255,2902,205648,34,245937
41960,0.002667,74.125.24.0-255,1484,207132,34,245937
41961,0.002681,74.125.24.0-255,2902,210034,34,245937
41962,0.002684,74.125.24.0-255,1484,211518,34,245937
41963,0.002701,74.125.24.0-255,5738,217256,34,245937
41964,0.002723,74.125.24.0-255,4320,221576,34,245937
41965,0.002725,74.125.24.0-255,1484,223060,34,245937
41966,0.002765,74.125.24.0-255,4320,227380,34,245937
41967,0.002813,74.125.24.0-255,4320,231700,34,245937
41968,0.002815,74.125.24.0-255,1484,233184,34,245937
41969,0.002863,74.125.24.0-255,7156,240340,34,245937
41970,0.002885,74.125.24.0-255,5255,245595,34,245937
41971,0.0029,74.125.24.0-255,105,245700,34,245937
41972,0.009606,172.31.33.0-255,66,245766,34,245937
41973,0.01167,172.31.33.0-255,105,245871,34,245937
41974,0.013619,74.125.24.0-255,66,245937,34,245937
41975,0.0,172.217.194.0-255,217,217,34,198443
41976,2.1e-05,172.31.33.0-255,66,283,34,198443
41977,2.7e-05,172.217.194.0-255,1484,1767,34,198443
41978,3.1e-05,172.31.33.0-255,66,1833,34,198443
41979,3.4e-05,172.217.194.0-255,1484,3317,34,198443
41980,3.6e-05,172.31.33.0-255,66,3383,34,198443
41981,5.3e-05,172.217.194.0-255,2902,6285,34,198443
41982,5.5e-05,172.31.33.0-255,66,6351,34,198443
41983,5.8e-05,172.217.194.0-255,1484,7835,34,198443
41984,5.9e-05,172.31.33.0-255,66,7901,34,198443
41985,8.5e-05,172.217.194.0-255,6137,14038,34,198443
41986,8.7e-05,172.31.33.0-255,66,14104,34,198443
41987,0.000101,172.217.194.0-255,2902,17006,34,198443
41988,0.000103,172.31.33.0-255,66,17072,34,198443
41989,0.000133,172.217.194.0-255,5738,22810,34,198443
41990,0.000136,172.31.33.0-255,66,22876,34,198443
41991,0.000141,172.217.194.0-255,7156,30032,34,198443
41992,0.000145,172.31.33.0-255,66,30098,34,198443
41993,0.000158,172.217.194.0-255,1125,31223,34,198443
41994,0.000161,172.31.33.0-255,66,31289,34,198443
41995,0.000195,172.217.194.0-255,1484,32773,34,198443
41996,0.000197,172.31.33.0-255,66,32839,34,198443
41997,0.000214,172.217.194.0-255,1484,34323,34,198443
41998,0.000216,172.31.33.0-255,66,34389,34,198443
41999,0.000238,172.217.194.0-255,1484,35873,34,198443
42000,0.000241,172.31.33.0-255,66,35939,34,198443
42001,0.000247,172.217.194.0-255,5738,41677,34,198443
42002,0.000249,172.31.33.0-255,66,41743,34,198443
42003,0.000253,172.217.194.0-255,2902,44645,34,198443
42004,0.000255,172.31.33.0-255,66,44711,34,198443
42005,0.000297,172.31.33.0-255,66,44777,34,198443
42006,0.000307,172.217.194.0-255,364,45141,34,198443
42007,0.000309,172.31.33.0-255,66,45207,34,198443
42008,0.000337,172.217.194.0-255,379,45586,34,198443
42009,0.000586,172.217.194.0-255,1484,47070,34,198443
42010,0.00059,172.31.33.0-255,66,47136,34,198443
42011,0.000595,172.217.194.0-255,2902,50038,34,198443
42012,0.000597,172.31.33.0-255,66,50104,34,198443
42013,0.000613,172.217.194.0-255,5738,55842,34,198443
42014,0.000615,172.31.33.0-255,66,55908,34,198443
42015,0.000653,172.31.33.0-255,66,55974,34,198443
42016,0.000701,172.31.33.0-255,66,56040,34,198443
42017,0.00109,172.217.194.0-255,1484,57524,34,198443
42018,0.0011,172.217.194.0-255,2902,60426,34,198443
42019,0.001103,172.31.33.0-255,66,60492,34,198443
42020,0.00111,172.217.194.0-255,4320,64812,34,198443
42021,0.001112,172.31.33.0-255,66,64878,34,198443
42022,0.001146,172.217.194.0-255,1484,66362,34,198443
42023,0.001157,172.217.194.0-255,1484,67846,34,198443
42024,0.001162,172.31.33.0-255,66,67912,34,198443
42025,0.001218,172.217.194.0-255,5738,73650,34,198443
42026,0.001223,172.31.33.0-255,66,73716,34,198443
42027,0.001247,172.217.194.0-255,3602,77318,34,198443
42028,0.00125,172.31.33.0-255,66,77384,34,198443
42029,0.001254,172.217.194.0-255,1484,78868,34,198443
42030,0.001257,172.217.194.0-255,2902,81770,34,198443
42031,0.001259,172.31.33.0-255,66,81836,34,198443
42032,0.001265,172.217.194.0-255,5738,87574,34,198443
42033,0.001266,172.31.33.0-255,66,87640,34,198443
42034,0.00127,172.217.194.0-255,2902,90542,34,198443
42035,0.001272,172.31.33.0-255,66,90608,34,198443
42036,0.001303,172.31.33.0-255,66,90674,34,198443
42037,0.001308,172.217.194.0-255,4320,94994,34,198443
42038,0.00131,172.31.33.0-255,66,95060,34,198443
42039,0.001328,172.217.194.0-255,1484,96544,34,198443
42040,0.001351,172.217.194.0-255,5020,101564,34,198443
42041,0.001355,172.31.33.0-255,66,101630,34,198443
42042,0.001358,172.217.194.0-255,1484,103114,34,198443
42043,0.001379,172.217.194.0-255,5738,108852,34,198443
42044,0.001382,172.31.33.0-255,66,108918,34,198443
42045,0.001392,172.31.33.0-255,66,108984,34,198443
42046,0.001406,172.217.194.0-255,4320,113304,34,198443
42047,0.001409,172.31.33.0-255,66,113370,34,198443
42048,0.001431,172.217.194.0-255,2902,116272,34,198443
42049,0.001434,172.31.33.0-255,66,116338,34,198443
42050,0.001459,172.31.33.0-255,66,116404,34,198443
42051,0.001473,172.217.194.0-255,5020,121424,34,198443
42052,0.001476,172.31.33.0-255,66,121490,34,198443
42053,0.001505,172.31.33.0-255,66,121556,34,198443
42054,0.001519,172.217.194.0-255,7156,128712,34,198443
42055,0.001523,172.217.194.0-255,3602,132314,34,198443
42056,0.001527,172.217.194.0-255,4320,136634,34,198443
42057,0.001547,172.217.194.0-255,1484,138118,34,198443
42058,0.001554,172.217.194.0-255,4320,142438,34,198443
42059,0.001559,172.31.33.0-255,66,142504,34,198443
42060,0.001605,172.31.33.0-255,66,142570,34,198443
42061,0.001624,172.217.194.0-255,1484,144054,34,198443
42062,0.001629,172.217.194.0-255,2902,146956,34,198443
42063,0.001649,172.217.194.0-255,5738,152694,34,198443
42064,0.001701,172.31.33.0-255,66,152760,34,198443
42065,0.001719,172.217.194.0-255,4320,157080,34,198443
42066,0.001732,172.31.33.0-255,66,157146,34,198443
42067,0.00175,172.31.33.0-255,66,157212,34,198443
42068,0.001759,172.217.194.0-255,2902,160114,34,198443
42069,0.001835,172.217.194.0-255,1484,161598,34,198443
42070,0.001841,172.217.194.0-255,6438,168036,34,198443
42071,0.001845,172.217.194.0-255,2902,170938,34,198443
42072,0.001856,172.217.194.0-255,4320,175258,34,198443
42073,0.001872,172.217.194.0-255,2902,178160,34,198443
42074,0.001884,172.217.194.0-255,7156,185316,34,198443
42075,0.0019,172.217.194.0-255,1484,186800,34,198443
42076,0.001941,172.217.194.0-255,5738,192538,34,198443
42077,0.001977,172.217.194.0-255,5563,198101,34,198443
42078,0.001985,172.217.194.0-255,105,198206,34,198443
42079,0.006944,172.31.33.0-255,66,198272,34,198443
42080,0.009243,172.31.33.0-255,105,198377,34,198443
42081,0.011592,172.217.194.0-255,66,198443,34,198443
42082,0.0,74.125.24.0-255,152,152,34,90220
42083,1.7e-05,172.31.33.0-255,66,218,34,90220
42084,2.3e-05,74.125.24.0-255,1484,1702,34,90220
42085,2.8e-05,172.31.33.0-255,66,1768,34,90220
42086,3.2e-05,74.125.24.0-255,2902,4670,34,90220
42087,3.5e-05,172.31.33.0-255,66,4736,34,90220
42088,5.8e-05,74.125.24.0-255,4320,9056,34,90220
42089,6e-05,172.31.33.0-255,66,9122,34,90220
42090,7.7e-05,74.125.24.0-255,2902,12024,34,90220
42091,7.9e-05,172.31.33.0-255,66,12090,34,90220
42092,0.000184,74.125.24.0-255,2012,14102,34,90220
42093,0.000188,172.31.33.0-255,66,14168,34,90220
42094,0.000212,74.125.24.0-255,2902,17070,34,90220
42095,0.000214,172.31.33.0-255,66,17136,34,90220
42096,0.000257,74.125.24.0-255,7156,24292,34,90220
42097,0.000261,172.31.33.0-255,66,24358,34,90220
42098,0.000378,74.125.24.0-255,4320,28678,34,90220
42099,0.000382,172.31.33.0-255,66,28744,34,90220
42100,0.000413,172.31.33.0-255,66,28810,34,90220
42101,0.000636,74.125.24.0-255,5738,34548,34,90220
42102,0.00064,172.31.33.0-255,66,34614,34,90220
42103,0.000661,172.31.33.0-255,66,34680,34,90220
42104,0.000904,172.31.33.0-255,66,34746,34,90220
42105,0.001029,74.125.24.0-255,333,35079,34,90220
42106,0.001033,172.31.33.0-255,66,35145,34,90220
42107,0.001101,74.125.24.0-255,7156,42301,34,90220
42108,0.001105,172.31.33.0-255,66,42367,34,90220
42109,0.001131,172.31.33.0-255,66,42433,34,90220
42110,0.001413,172.31.33.0-255,66,42499,34,90220
42111,0.001431,74.125.24.0-255,6438,48937,34,90220
42112,0.001434,172.31.33.0-255,66,49003,34,90220
42113,0.001814,172.31.33.0-255,66,49069,34,90220
42114,0.001871,172.31.33.0-255,66,49135,34,90220
42115,0.002599,74.125.24.0-255,4320,53455,34,90220
42116,0.002602,172.31.33.0-255,66,53521,34,90220
42117,0.002652,172.31.33.0-255,66,53587,34,90220
42118,0.002679,172.31.33.0-255,66,53653,34,90220
42119,0.00363,74.125.24.0-255,7156,60809,34,90220
42120,0.003633,172.31.33.0-255,66,60875,34,90220
42121,0.003669,172.31.33.0-255,66,60941,34,90220
42122,0.004241,74.125.24.0-255,1484,62425,34,90220
42123,0.004267,74.125.24.0-255,7156,69581,34,90220
42124,0.004675,172.31.33.0-255,66,69647,34,90220
42125,0.005273,74.125.24.0-255,4320,73967,34,90220
42126,0.005278,172.31.33.0-255,66,74033,34,90220
42127,0.005344,172.31.33.0-255,66,74099,34,90220
42128,0.005395,172.31.33.0-255,66,74165,34,90220
42129,0.005428,172.31.33.0-255,66,74231,34,90220
42130,0.006327,74.125.24.0-255,5738,79969,34,90220
42131,0.006331,172.31.33.0-255,66,80035,34,90220
42132,0.006422,74.125.24.0-255,5655,85690,34,90220
42133,0.006426,172.31.33.0-255,66,85756,34,90220
42134,0.007053,172.31.33.0-255,105,85861,34,90220
42135,0.009097,74.125.24.0-255,66,85927,34,90220
42136,0.02875,172.31.33.0-255,172,86099,34,90220
42137,0.028786,172.31.33.0-255,1113,87212,34,90220
42138,0.028857,172.31.33.0-255,1514,88726,34,90220
42139,0.028859,172.31.33.0-255,1296,90022,34,90220
42140,0.03031,104.244.42.0-255,66,90088,34,90220
42141,0.030344,104.244.42.0-255,66,90154,34,90220
42142,0.030377,104.244.42.0-255,66,90220,34,90220
42143,0.0,74.125.24.0-255,153,153,34,151111
42144,2.7e-05,172.31.33.0-255,66,219,34,151111
42145,3.4e-05,74.125.24.0-255,1484,1703,34,151111
42146,3.7e-05,172.31.33.0-255,66,1769,34,151111
42147,4.2e-05,74.125.24.0-255,2902,4671,34,151111
42148,4.6e-05,172.31.33.0-255,66,4737,34,151111
42149,5.9e-05,74.125.24.0-255,7156,11893,34,151111
42150,6.2e-05,172.31.33.0-255,66,11959,34,151111
42151,6.4e-05,74.125.24.0-255,1484,13443,34,151111
42152,6.6e-05,172.31.33.0-255,66,13509,34,151111
42153,9.9e-05,74.125.24.0-255,667,14176,34,151111
42154,0.000102,172.31.33.0-255,66,14242,34,151111
42155,0.000159,74.125.24.0-255,1484,15726,34,151111
42156,0.000162,172.31.33.0-255,66,15792,34,151111
42157,0.000167,74.125.24.0-255,2902,18694,34,151111
42158,0.00017,172.31.33.0-255,66,18760,34,151111
42159,0.000206,74.125.24.0-255,5738,24498,34,151111
42160,0.00021,172.31.33.0-255,66,24564,34,151111
42161,0.000245,172.31.33.0-255,66,24630,34,151111
42162,0.00025,74.125.24.0-255,2902,27532,34,151111
42163,0.000253,172.31.33.0-255,66,27598,34,151111
42164,0.000285,172.31.33.0-255,66,27664,34,151111
42165,0.000287,74.125.24.0-255,1125,28789,34,151111
42166,0.000291,172.31.33.0-255,66,28855,34,151111
42167,0.000382,74.125.24.0-255,1484,30339,34,151111
42168,0.000386,172.31.33.0-255,66,30405,34,151111
42169,0.000391,74.125.24.0-255,2902,33307,34,151111
42170,0.000394,172.31.33.0-255,66,33373,34,151111
42171,0.000406,74.125.24.0-255,5738,39111,34,151111
42172,0.00041,172.31.33.0-255,66,39177,34,151111
42173,0.000465,172.31.33.0-255,66,39243,34,151111
42174,0.000488,74.125.24.0-255,1484,40727,34,151111
42175,0.0005,74.125.24.0-255,1484,42211,34,151111
42176,0.000503,172.31.33.0-255,66,42277,34,151111
42177,0.000525,74.125.24.0-255,1484,43761,34,151111
42178,0.000531,74.125.24.0-255,5738,49499,34,151111
42179,0.000535,172.31.33.0-255,66,49565,34,151111
42180,0.000538,74.125.24.0-255,2902,52467,34,151111
42181,0.00054,172.31.33.0-255,66,52533,34,151111
42182,0.000576,172.31.33.0-255,66,52599,34,151111
42183,0.000612,172.31.33.0-255,66,52665,34,151111
42184,0.000635,74.125.24.0-255,1484,54149,34,151111
42185,0.000641,74.125.24.0-255,2902,57051,34,151111
42186,0.000644,172.31.33.0-255,66,57117,34,151111
42187,0.00065,74.125.24.0-255,5738,62855,34,151111
42188,0.000653,172.31.33.0-255,66,62921,34,151111
42189,0.000706,74.125.24.0-255,6814,69735,34,151111
42190,0.000711,172.31.33.0-255,66,69801,34,151111
42191,0.000736,74.125.24.0-255,2902,72703,34,151111
42192,0.000739,172.31.33.0-255,66,72769,34,151111
42193,0.000744,74.125.24.0-255,4320,77089,34,151111
42194,0.000747,172.31.33.0-255,66,77155,34,151111
42195,0.000763,172.31.33.0-255,66,77221,34,151111
42196,0.000791,74.125.24.0-255,5738,82959,34,151111
42197,0.000797,172.31.33.0-255,66,83025,34,151111
42198,0.000822,172.31.33.0-255,66,83091,34,151111
42199,0.001185,74.125.24.0-255,1484,84575,34,151111
42200,0.001191,74.125.24.0-255,1484,86059,34,151111
42201,0.001194,172.31.33.0-255,66,86125,34,151111
42202,0.001221,74.125.24.0-255,1484,87609,34,151111
42203,0.001227,74.125.24.0-255,5738,93347,34,151111
42204,0.00123,172.31.33.0-255,66,93413,34,151111
42205,0.001237,74.125.24.0-255,7156,100569,34,151111
42206,0.00124,172.31.33.0-255,66,100635,34,151111
42207,0.00127,74.125.24.0-255,5738,106373,34,151111
42208,0.001273,172.31.33.0-255,66,106439,34,151111
42209,0.001283,172.31.33.0-255,66,106505,34,151111
42210,0.001314,74.125.24.0-255,2184,108689,34,151111
42211,0.001318,172.31.33.0-255,66,108755,34,151111
42212,0.001323,74.125.24.0-255,2902,111657,34,151111
42213,0.001326,172.31.33.0-255,66,111723,34,151111
42214,0.001329,74.125.24.0-255,7156,118879,34,151111
42215,0.001331,172.31.33.0-255,66,118945,34,151111
42216,0.001378,172.31.33.0-255,66,119011,34,151111
42217,0.001389,172.31.33.0-255,66,119077,34,151111
42218,0.00139,74.125.24.0-255,4320,123397,34,151111
42219,0.001394,172.31.33.0-255,66,123463,34,151111
42220,0.001442,172.31.33.0-255,66,123529,34,151111
42221,0.001453,172.31.33.0-255,66,123595,34,151111
42222,0.001491,74.125.24.0-255,1484,125079,34,151111
42223,0.001497,74.125.24.0-255,2902,127981,34,151111
42224,0.001501,172.31.33.0-255,66,128047,34,151111
42225,0.001507,74.125.24.0-255,5738,133785,34,151111
42226,0.001509,74.125.24.0-255,1484,135269,34,151111
42227,0.001511,172.31.33.0-255,66,135335,34,151111
42228,0.001561,172.31.33.0-255,66,135401,34,151111
42229,0.001574,172.31.33.0-255,66,135467,34,151111
42230,0.001623,74.125.24.0-255,1484,136951,34,151111
42231,0.001627,74.125.24.0-255,1484,138435,34,151111
42232,0.00163,172.31.33.0-255,66,138501,34,151111
42233,0.001655,74.125.24.0-255,1484,139985,34,151111
42234,0.001662,74.125.24.0-255,5738,145723,34,151111
42235,0.001665,172.31.33.0-255,66,145789,34,151111
42236,0.00167,74.125.24.0-255,4320,150109,34,151111
42237,0.001672,172.31.33.0-255,66,150175,34,151111
42238,0.001691,172.31.33.0-255,66,150241,34,151111
42239,0.001759,172.31.33.0-255,66,150307,34,151111
42240,0.001771,172.31.33.0-255,66,150373,34,151111
42241,0.001787,172.31.33.0-255,66,150439,34,151111
42242,0.001798,172.31.33.0-255,66,150505,34,151111
42243,0.001844,172.31.33.0-255,66,150571,34,151111
42244,0.001858,172.31.33.0-255,66,150637,34,151111
42245,0.001869,172.31.33.0-255,66,150703,34,151111
42246,0.00191,74.125.24.0-255,105,150808,34,151111
42247,0.001911,172.31.33.0-255,66,150874,34,151111
42248,0.003707,172.31.33.0-255,66,150940,34,151111
42249,0.003733,172.31.33.0-255,105,151045,34,151111
42250,0.005967,74.125.24.0-255,66,151111,34,151111
42251,0.0,74.125.24.0-255,153,153,34,213828
42252,2.2e-05,172.31.33.0-255,66,219,34,213828
42253,3e-05,74.125.24.0-255,1484,1703,34,213828
42254,3.5e-05,172.31.33.0-255,66,1769,34,213828
42255,4.1e-05,74.125.24.0-255,2902,4671,34,213828
42256,4.5e-05,172.31.33.0-255,66,4737,34,213828
42257,4.8e-05,74.125.24.0-255,1484,6221,34,213828
42258,5.1e-05,172.31.33.0-255,66,6287,34,213828
42259,8.1e-05,74.125.24.0-255,5738,12025,34,213828
42260,8.4e-05,172.31.33.0-255,66,12091,34,213828
42261,8.9e-05,74.125.24.0-255,2055,14146,34,213828
42262,9.1e-05,172.31.33.0-255,66,14212,34,213828
42263,0.000105,172.31.33.0-255,66,14278,34,213828
42264,0.000116,172.31.33.0-255,66,14344,34,213828
42265,0.000131,74.125.24.0-255,4320,18664,34,213828
42266,0.000134,172.31.33.0-255,66,18730,34,213828
42267,0.000163,172.31.33.0-255,66,18796,34,213828
42268,0.000208,74.125.24.0-255,1484,20280,34,213828
42269,0.00021,172.31.33.0-255,66,20346,34,213828
42270,0.000231,74.125.24.0-255,2902,23248,34,213828
42271,0.000233,172.31.33.0-255,66,23314,34,213828
42272,0.00024,74.125.24.0-255,5738,29052,34,213828
42273,0.000243,172.31.33.0-255,66,29118,34,213828
42274,0.000247,74.125.24.0-255,2902,32020,34,213828
42275,0.000249,172.31.33.0-255,66,32086,34,213828
42276,0.000271,74.125.24.0-255,3961,36047,34,213828
42277,0.000273,172.31.33.0-255,66,36113,34,213828
42278,0.000276,74.125.24.0-255,413,36526,34,213828
42279,0.000278,172.31.33.0-255,66,36592,34,213828
42280,0.000349,74.125.24.0-255,1484,38076,34,213828
42281,0.000355,74.125.24.0-255,2902,40978,34,213828
42282,0.000359,172.31.33.0-255,66,41044,34,213828
42283,0.000379,74.125.24.0-255,1484,42528,34,213828
42284,0.000387,74.125.24.0-255,7156,49684,34,213828
42285,0.00039,172.31.33.0-255,66,49750,34,213828
42286,0.000393,74.125.24.0-255,1484,51234,34,213828
42287,0.000419,172.31.33.0-255,66,51300,34,213828
42288,0.00044,74.125.24.0-255,4320,55620,34,213828
42289,0.000443,172.31.33.0-255,66,55686,34,213828
42290,0.000449,74.125.24.0-255,5020,60706,34,213828
42291,0.000451,172.31.33.0-255,66,60772,34,213828
42292,0.000963,74.125.24.0-255,1484,62256,34,213828
42293,0.000969,74.125.24.0-255,1484,63740,34,213828
42294,0.000973,172.31.33.0-255,66,63806,34,213828
42295,0.00099,74.125.24.0-255,1484,65290,34,213828
42296,0.000997,74.125.24.0-255,5738,71028,34,213828
42297,0.001,172.31.33.0-255,66,71094,34,213828
42298,0.001022,74.125.24.0-255,1484,72578,34,213828
42299,0.001061,172.31.33.0-255,66,72644,34,213828
42300,0.001109,172.31.33.0-255,66,72710,34,213828
42301,0.001283,74.125.24.0-255,1484,74194,34,213828
42302,0.00129,74.125.24.0-255,2902,77096,34,213828
42303,0.001294,172.31.33.0-255,66,77162,34,213828
42304,0.001317,74.125.24.0-255,5738,82900,34,213828
42305,0.001321,172.31.33.0-255,66,82966,34,213828
42306,0.001324,74.125.24.0-255,1484,84450,34,213828
42307,0.00134,74.125.24.0-255,5738,90188,34,213828
42308,0.001342,172.31.33.0-255,66,90254,34,213828
42309,0.001345,74.125.24.0-255,1484,91738,34,213828
42310,0.00138,172.31.33.0-255,66,91804,34,213828
42311,0.001385,74.125.24.0-255,2184,93988,34,213828
42312,0.001387,172.31.33.0-255,66,94054,34,213828
42313,0.001755,74.125.24.0-255,1484,95538,34,213828
42314,0.001763,74.125.24.0-255,2902,98440,34,213828
42315,0.001769,172.31.33.0-255,66,98506,34,213828
42316,0.001776,74.125.24.0-255,5738,104244,34,213828
42317,0.001778,172.31.33.0-255,66,104310,34,213828
42318,0.001782,74.125.24.0-255,1484,105794,34,213828
42319,0.001796,74.125.24.0-255,1484,107278,34,213828
42320,0.001798,172.31.33.0-255,66,107344,34,213828
42321,0.001803,74.125.24.0-255,2902,110246,34,213828
42322,0.001805,172.31.33.0-255,66,110312,34,213828
42323,0.001829,74.125.24.0-255,7156,117468,34,213828
42324,0.001831,172.31.33.0-255,66,117534,34,213828
42325,0.001836,74.125.24.0-255,2902,120436,34,213828
42326,0.001838,172.31.33.0-255,66,120502,34,213828
42327,0.001872,172.31.33.0-255,66,120568,34,213828
42328,0.004168,74.125.24.0-255,2902,123470,34,213828
42329,0.004173,172.31.33.0-255,66,123536,34,213828
42330,0.004188,74.125.24.0-255,2902,126438,34,213828
42331,0.00419,172.31.33.0-255,66,126504,34,213828
42332,0.006469,74.125.24.0-255,2902,129406,34,213828
42333,0.006476,172.31.33.0-255,66,129472,34,213828
42334,0.00651,74.125.24.0-255,2902,132374,34,213828
42335,0.006513,172.31.33.0-255,66,132440,34,213828
42336,0.008796,74.125.24.0-255,2902,135342,34,213828
42337,0.008802,172.31.33.0-255,66,135408,34,213828
42338,0.008821,74.125.24.0-255,2902,138310,34,213828
42339,0.008823,172.31.33.0-255,66,138376,34,213828
42340,0.011116,74.125.24.0-255,5738,144114,34,213828
42341,0.011125,172.31.33.0-255,66,144180,34,213828
42342,0.013439,74.125.24.0-255,5738,149918,34,213828
42343,0.013448,172.31.33.0-255,66,149984,34,213828
42344,0.015782,74.125.24.0-255,5738,155722,34,213828
42345,0.01579,172.31.33.0-255,66,155788,34,213828
42346,0.018119,74.125.24.0-255,5738,161526,34,213828
42347,0.018126,172.31.33.0-255,66,161592,34,213828
42348,0.02043,74.125.24.0-255,5738,167330,34,213828
42349,0.020437,172.31.33.0-255,66,167396,34,213828
42350,0.022745,74.125.24.0-255,5738,173134,34,213828
42351,0.022751,172.31.33.0-255,66,173200,34,213828
42352,0.025062,74.125.24.0-255,5738,178938,34,213828
42353,0.02508,172.31.33.0-255,66,179004,34,213828
42354,0.027394,74.125.24.0-255,5738,184742,34,213828
42355,0.027413,172.31.33.0-255,66,184808,34,213828
42356,0.029753,74.125.24.0-255,5738,190546,34,213828
42357,0.02977,172.31.33.0-255,66,190612,34,213828
42358,0.032107,74.125.24.0-255,5738,196350,34,213828
42359,0.032123,172.31.33.0-255,66,196416,34,213828
42360,0.034452,74.125.24.0-255,5738,202154,34,213828
42361,0.034462,172.31.33.0-255,66,202220,34,213828
42362,0.036759,74.125.24.0-255,5738,207958,34,213828
42363,0.036773,172.31.33.0-255,66,208024,34,213828
42364,0.039105,74.125.24.0-255,5738,213762,34,213828
42365,0.039115,172.31.33.0-255,66,213828,34,213828
42366,0.0,74.125.24.0-255,153,153,34,279015
42367,2.6e-05,172.31.33.0-255,66,219,34,279015
42368,3.2e-05,74.125.24.0-255,1484,1703,34,279015
42369,3.6e-05,172.31.33.0-255,66,1769,34,279015
42370,4.1e-05,74.125.24.0-255,2902,4671,34,279015
42371,4.5e-05,172.31.33.0-255,66,4737,34,279015
42372,5.2e-05,74.125.24.0-255,7156,11893,34,279015
42373,5.6e-05,172.31.33.0-255,66,11959,34,279015
42374,6e-05,74.125.24.0-255,2092,14051,34,279015
42375,6.2e-05,172.31.33.0-255,66,14117,34,279015
42376,0.000187,74.125.24.0-255,1484,15601,34,279015
42377,0.000192,172.31.33.0-255,66,15667,34,279015
42378,0.000198,74.125.24.0-255,2902,18569,34,279015
42379,0.000201,172.31.33.0-255,66,18635,34,279015
42380,0.000204,74.125.24.0-255,1484,20119,34,279015
42381,0.000207,172.31.33.0-255,66,20185,34,279015
42382,0.000231,74.125.24.0-255,4320,24505,34,279015
42383,0.000234,172.31.33.0-255,66,24571,34,279015
42384,0.000276,172.31.33.0-255,66,24637,34,279015
42385,0.000295,74.125.24.0-255,2543,27180,34,279015
42386,0.000298,172.31.33.0-255,66,27246,34,279015
42387,0.000309,74.125.24.0-255,1484,28730,34,279015
42388,0.000313,172.31.33.0-255,66,28796,34,279015
42389,0.000343,172.31.33.0-255,66,28862,34,279015
42390,0.00094,74.125.24.0-255,1484,30346,34,279015
42391,0.000946,172.31.33.0-255,66,30412,34,279015
42392,0.000955,74.125.24.0-255,2902,33314,34,279015
42393,0.000958,172.31.33.0-255,66,33380,34,279015
42394,0.000965,74.125.24.0-255,5738,39118,34,279015
42395,0.000967,172.31.33.0-255,66,39184,34,279015
42396,0.000975,74.125.24.0-255,5738,44922,34,279015
42397,0.000977,172.31.33.0-255,66,44988,34,279015
42398,0.001006,74.125.24.0-255,7156,52144,34,279015
42399,0.001008,172.31.33.0-255,66,52210,34,279015
42400,0.001031,74.125.24.0-255,6797,59007,34,279015
42401,0.001034,172.31.33.0-255,66,59073,34,279015
42402,0.00104,74.125.24.0-255,4542,63615,34,279015
42403,0.001042,172.31.33.0-255,66,63681,34,279015
42404,0.001061,74.125.24.0-255,2902,66583,34,279015
42405,0.001064,172.31.33.0-255,66,66649,34,279015
42406,0.00109,74.125.24.0-255,4320,70969,34,279015
42407,0.001092,172.31.33.0-255,66,71035,34,279015
42408,0.001102,172.31.33.0-255,66,71101,34,279015
42409,0.001106,74.125.24.0-255,1125,72226,34,279015
42410,0.001351,74.125.24.0-255,1484,73710,34,279015
42411,0.001359,172.31.33.0-255,66,73776,34,279015
42412,0.001365,74.125.24.0-255,2902,76678,34,279015
42413,0.001368,172.31.33.0-255,66,76744,34,279015
42414,0.001373,74.125.24.0-255,2902,79646,34,279015
42415,0.001375,172.31.33.0-255,66,79712,34,279015
42416,0.001398,74.125.24.0-255,2902,82614,34,279015
42417,0.0014,172.31.33.0-255,66,82680,34,279015
42418,0.001404,74.125.24.0-255,2902,85582,34,279015
42419,0.001406,172.31.33.0-255,66,85648,34,279015
42420,0.001428,172.31.33.0-255,66,85714,34,279015
42421,0.001434,74.125.24.0-255,5738,91452,34,279015
42422,0.001437,172.31.33.0-255,66,91518,34,279015
42423,0.001476,74.125.24.0-255,5020,96538,34,279015
42424,0.001479,172.31.33.0-255,66,96604,34,279015
42425,0.001816,74.125.24.0-255,1484,98088,34,279015
42426,0.001826,74.125.24.0-255,2902,100990,34,279015
42427,0.001828,172.31.33.0-255,66,101056,34,279015
42428,0.001832,74.125.24.0-255,2902,103958,34,279015
42429,0.001834,172.31.33.0-255,66,104024,34,279015
42430,0.001844,74.125.24.0-255,2902,106926,34,279015
42431,0.001846,172.31.33.0-255,66,106992,34,279015
42432,0.001858,74.125.24.0-255,4320,111312,34,279015
42433,0.00186,172.31.33.0-255,66,111378,34,279015
42434,0.00189,172.31.33.0-255,66,111444,34,279015
42435,0.0019,172.31.33.0-255,66,111510,34,279015
42436,0.00203,74.125.24.0-255,1484,112994,34,279015
42437,0.002049,74.125.24.0-255,2902,115896,34,279015
42438,0.002051,172.31.33.0-255,66,115962,34,279015
42439,0.00207,74.125.24.0-255,5738,121700,34,279015
42440,0.002072,172.31.33.0-255,66,121766,34,279015
42441,0.002074,74.125.24.0-255,1484,123250,34,279015
42442,0.002098,74.125.24.0-255,2902,126152,34,279015
42443,0.0021,172.31.33.0-255,66,126218,34,279015
42444,0.002117,74.125.24.0-255,5738,131956,34,279015
42445,0.002119,172.31.33.0-255,66,132022,34,279015
42446,0.00213,74.125.24.0-255,2902,134924,34,279015
42447,0.002132,172.31.33.0-255,66,134990,34,279015
42448,0.00216,172.31.33.0-255,66,135056,34,279015
42449,0.002174,74.125.24.0-255,2184,137240,34,279015
42450,0.002175,172.31.33.0-255,66,137306,34,279015
42451,0.002368,74.125.24.0-255,1484,138790,34,279015
42452,0.002375,74.125.24.0-255,2902,141692,34,279015
42453,0.002379,172.31.33.0-255,66,141758,34,279015
42454,0.002403,74.125.24.0-255,5738,147496,34,279015
42455,0.002406,172.31.33.0-255,66,147562,34,279015
42456,0.002412,74.125.24.0-255,5738,153300,34,279015
42457,0.002415,172.31.33.0-255,66,153366,34,279015
42458,0.002431,74.125.24.0-255,7156,160522,34,279015
42459,0.002434,172.31.33.0-255,66,160588,34,279015
42460,0.002444,172.31.33.0-255,66,160654,34,279015
42461,0.002456,74.125.24.0-255,2184,162838,34,279015
42462,0.002458,172.31.33.0-255,66,162904,34,279015
42463,0.002574,74.125.24.0-255,1484,164388,34,279015
42464,0.002591,74.125.24.0-255,2902,167290,34,279015
42465,0.002593,172.31.33.0-255,66,167356,34,279015
42466,0.002599,74.125.24.0-255,5738,173094,34,279015
42467,0.002601,172.31.33.0-255,66,173160,34,279015
42468,0.002625,74.125.24.0-255,5738,178898,34,279015
42469,0.002628,172.31.33.0-255,66,178964,34,279015
42470,0.002645,74.125.24.0-255,7156,186120,34,279015
42471,0.002648,172.31.33.0-255,66,186186,34,279015
42472,0.002653,74.125.24.0-255,2902,189088,34,279015
42473,0.002655,172.31.33.0-255,66,189154,34,279015
42474,0.002676,74.125.24.0-255,5738,194892,34,279015
42475,0.00268,172.31.33.0-255,66,194958,34,279015
42476,0.002698,74.125.24.0-255,2902,197860,34,279015
42477,0.002701,172.31.33.0-255,66,197926,34,279015
42478,0.002716,74.125.24.0-255,5738,203664,34,279015
42479,0.002719,172.31.33.0-255,66,203730,34,279015
42480,0.00277,172.31.33.0-255,66,203796,34,279015
42481,0.002787,74.125.24.0-255,2184,205980,34,279015
42482,0.002791,172.31.33.0-255,66,206046,34,279015
42483,0.002799,172.31.33.0-255,66,206112,34,279015
42484,0.002801,74.125.24.0-255,1484,207596,34,279015
42485,0.002805,74.125.24.0-255,2902,210498,34,279015
42486,0.002807,172.31.33.0-255,66,210564,34,279015
42487,0.002812,74.125.24.0-255,5738,216302,34,279015
42488,0.002814,172.31.33.0-255,66,216368,34,279015
42489,0.002819,74.125.24.0-255,4320,220688,34,279015
42490,0.002821,172.31.33.0-255,66,220754,34,279015
42491,0.002839,74.125.24.0-255,5738,226492,34,279015
42492,0.002842,172.31.33.0-255,66,226558,34,279015
42493,0.002864,74.125.24.0-255,5738,232296,34,279015
42494,0.002866,172.31.33.0-255,66,232362,34,279015
42495,0.002883,74.125.24.0-255,2902,235264,34,279015
42496,0.002885,172.31.33.0-255,66,235330,34,279015
42497,0.002906,74.125.24.0-255,5020,240350,34,279015
42498,0.002909,172.31.33.0-255,66,240416,34,279015
42499,0.002959,74.125.24.0-255,1484,241900,34,279015
42500,0.002976,74.125.24.0-255,2902,244802,34,279015
42501,0.002979,172.31.33.0-255,66,244868,34,279015
42502,0.002997,74.125.24.0-255,4320,249188,34,279015
42503,0.003,172.31.33.0-255,66,249254,34,279015
42504,0.003018,74.125.24.0-255,1484,250738,34,279015
42505,0.003022,74.125.24.0-255,4320,255058,34,279015
42506,0.003025,172.31.33.0-255,66,255124,34,279015
42507,0.003045,74.125.24.0-255,5738,260862,34,279015
42508,0.003048,172.31.33.0-255,66,260928,34,279015
42509,0.00306,172.31.33.0-255,66,260994,34,279015
42510,0.003066,74.125.24.0-255,7156,268150,34,279015
42511,0.003069,172.31.33.0-255,66,268216,34,279015
42512,0.003096,74.125.24.0-255,766,268982,34,279015
42513,0.003101,74.125.24.0-255,2902,271884,34,279015
42514,0.003103,172.31.33.0-255,66,271950,34,279015
42515,0.003116,172.31.33.0-255,66,272016,34,279015
42516,0.003116,74.125.24.0-255,2401,274417,34,279015
42517,0.003118,74.125.24.0-255,97,274514,34,279015
42518,0.003125,172.31.33.0-255,66,274580,34,279015
42519,0.003152,74.125.24.0-255,105,274685,34,279015
42520,0.00444,172.31.33.0-255,66,274751,34,279015
42521,0.004463,172.31.33.0-255,105,274856,34,279015
42522,0.006441,74.125.24.0-255,66,274922,34,279015
42523,0.039797,172.31.33.0-255,172,275094,34,279015
42524,0.03983,172.31.33.0-255,1113,276207,34,279015
42525,0.039865,172.31.33.0-255,1514,277721,34,279015
42526,0.039867,172.31.33.0-255,1294,279015,34,279015
42527,0.0,74.125.68.0-255,153,153,34,326314
42528,2.3e-05,172.31.33.0-255,66,219,34,326314
42529,3.1e-05,74.125.68.0-255,1484,1703,34,326314
42530,3.6e-05,172.31.33.0-255,66,1769,34,326314
42531,4.2e-05,74.125.68.0-255,2902,4671,34,326314
42532,4.5e-05,172.31.33.0-255,66,4737,34,326314
42533,5e-05,74.125.68.0-255,2902,7639,34,326314
42534,5.2e-05,172.31.33.0-255,66,7705,34,326314
42535,8.3e-05,74.125.68.0-255,4320,12025,34,326314
42536,8.6e-05,172.31.33.0-255,66,12091,34,326314
42537,9e-05,74.125.68.0-255,2057,14148,34,326314
42538,9.3e-05,172.31.33.0-255,66,14214,34,326314
42539,0.000422,74.125.68.0-255,1484,15698,34,326314
42540,0.000427,74.125.68.0-255,1484,17182,34,326314
42541,0.000438,172.31.33.0-255,66,17248,34,326314
42542,0.000442,172.31.33.0-255,66,17314,34,326314
42543,0.000446,74.125.68.0-255,1484,18798,34,326314
42544,0.000449,172.31.33.0-255,66,18864,34,326314
42545,0.000454,74.125.68.0-255,4320,23184,34,326314
42546,0.000456,172.31.33.0-255,66,23250,34,326314
42547,0.000481,74.125.68.0-255,4320,27570,34,326314
42548,0.000484,172.31.33.0-255,66,27636,34,326314
42549,0.000501,74.125.68.0-255,1484,29120,34,326314
42550,0.000503,172.31.33.0-255,66,29186,34,326314
42551,0.000507,74.125.68.0-255,2543,31729,34,326314
42552,0.000509,172.31.33.0-255,66,31795,34,326314
42553,0.00064,74.125.68.0-255,1484,33279,34,326314
42554,0.000651,172.31.33.0-255,66,33345,34,326314
42555,0.000655,74.125.68.0-255,1484,34829,34,326314
42556,0.000658,172.31.33.0-255,66,34895,34,326314
42557,0.000671,74.125.68.0-255,2902,37797,34,326314
42558,0.000674,172.31.33.0-255,66,37863,34,326314
42559,0.000697,74.125.68.0-255,5738,43601,34,326314
42560,0.0007,172.31.33.0-255,66,43667,34,326314
42561,0.000703,74.125.68.0-255,1484,45151,34,326314
42562,0.000721,74.125.68.0-255,2902,48053,34,326314
42563,0.000724,172.31.33.0-255,66,48119,34,326314
42564,0.000768,74.125.68.0-255,3961,52080,34,326314
42565,0.000772,172.31.33.0-255,66,52146,34,326314
42566,0.000776,74.125.68.0-255,2902,55048,34,326314
42567,0.000779,172.31.33.0-255,66,55114,34,326314
42568,0.000793,74.125.68.0-255,1484,56598,34,326314
42569,0.000805,74.125.68.0-255,1484,58082,34,326314
42570,0.000808,172.31.33.0-255,66,58148,34,326314
42571,0.000829,74.125.68.0-255,4320,62468,34,326314
42572,0.000832,172.31.33.0-255,66,62534,34,326314
42573,0.00086,74.125.68.0-255,4274,66808,34,326314
42574,0.000864,172.31.33.0-255,66,66874,34,326314
42575,0.000883,74.125.68.0-255,109,66983,34,326314
42576,0.001132,74.125.68.0-255,331,67314,34,326314
42577,0.00117,172.31.33.0-255,66,67380,34,326314
42578,0.002022,74.125.68.0-255,1484,68864,34,326314
42579,0.002033,74.125.68.0-255,2902,71766,34,326314
42580,0.002038,172.31.33.0-255,66,71832,34,326314
42581,0.002046,74.125.68.0-255,5738,77570,34,326314
42582,0.002048,172.31.33.0-255,66,77636,34,326314
42583,0.002075,74.125.68.0-255,4320,81956,34,326314
42584,0.002077,172.31.33.0-255,66,82022,34,326314
42585,0.002098,74.125.68.0-255,5738,87760,34,326314
42586,0.0021,172.31.33.0-255,66,87826,34,326314
42587,0.002118,74.125.68.0-255,1484,89310,34,326314
42588,0.002148,172.31.33.0-255,66,89376,34,326314
42589,0.002152,74.125.68.0-255,2184,91560,34,326314
42590,0.002154,172.31.33.0-255,66,91626,34,326314
42591,0.002609,74.125.68.0-255,1484,93110,34,326314
42592,0.002623,74.125.68.0-255,1484,94594,34,326314
42593,0.002625,172.31.33.0-255,66,94660,34,326314
42594,0.002628,74.125.68.0-255,1484,96144,34,326314
42595,0.002653,74.125.68.0-255,2902,99046,34,326314
42596,0.002655,172.31.33.0-255,66,99112,34,326314
42597,0.002681,74.125.68.0-255,2902,102014,34,326314
42598,0.002683,172.31.33.0-255,66,102080,34,326314
42599,0.002703,74.125.68.0-255,4320,106400,34,326314
42600,0.002705,172.31.33.0-255,66,106466,34,326314
42601,0.002735,74.125.68.0-255,5738,112204,34,326314
42602,0.002738,172.31.33.0-255,66,112270,34,326314
42603,0.002755,74.125.68.0-255,2902,115172,34,326314
42604,0.002758,172.31.33.0-255,66,115238,34,326314
42605,0.002769,172.31.33.0-255,66,115304,34,326314
42606,0.002772,74.125.68.0-255,766,116070,34,326314
42607,0.003244,74.125.68.0-255,1484,117554,34,326314
42608,0.003247,172.31.33.0-255,66,117620,34,326314
42609,0.00325,74.125.68.0-255,1484,119104,34,326314
42610,0.003264,74.125.68.0-255,1484,120588,34,326314
42611,0.003267,172.31.33.0-255,66,120654,34,326314
42612,0.003273,74.125.68.0-255,5738,126392,34,326314
42613,0.003276,172.31.33.0-255,66,126458,34,326314
42614,0.003297,74.125.68.0-255,1484,127942,34,326314
42615,0.0033,74.125.68.0-255,1484,129426,34,326314
42616,0.003302,172.31.33.0-255,66,129492,34,326314
42617,0.003305,74.125.68.0-255,1484,130976,34,326314
42618,0.003327,74.125.68.0-255,1484,132460,34,326314
42619,0.00333,172.31.33.0-255,66,132526,34,326314
42620,0.003332,74.125.68.0-255,1484,134010,34,326314
42621,0.003344,74.125.68.0-255,1484,135494,34,326314
42622,0.003347,172.31.33.0-255,66,135560,34,326314
42623,0.003364,74.125.68.0-255,2902,138462,34,326314
42624,0.003367,172.31.33.0-255,66,138528,34,326314
42625,0.003371,74.125.68.0-255,2902,141430,34,326314
42626,0.003374,172.31.33.0-255,66,141496,34,326314
42627,0.003411,74.125.68.0-255,1484,142980,34,326314
42628,0.003431,74.125.68.0-255,7156,150136,34,326314
42629,0.003433,172.31.33.0-255,66,150202,34,326314
42630,0.003436,74.125.68.0-255,766,150968,34,326314
42631,0.003441,74.125.68.0-255,5738,156706,34,326314
42632,0.003444,172.31.33.0-255,66,156772,34,326314
42633,0.00345,74.125.68.0-255,7156,163928,34,326314
42634,0.003453,172.31.33.0-255,66,163994,34,326314
42635,0.003484,172.31.33.0-255,66,164060,34,326314
42636,0.003497,74.125.68.0-255,2902,166962,34,326314
42637,0.003499,172.31.33.0-255,66,167028,34,326314
42638,0.003521,172.31.33.0-255,66,167094,34,326314
42639,0.003546,74.125.68.0-255,5738,172832,34,326314
42640,0.003548,172.31.33.0-255,66,172898,34,326314
42641,0.003564,74.125.68.0-255,2184,175082,34,326314
42642,0.003566,172.31.33.0-255,66,175148,34,326314
42643,0.003598,74.125.68.0-255,2902,178050,34,326314
42644,0.0036,172.31.33.0-255,66,178116,34,326314
42645,0.003624,74.125.68.0-255,4320,182436,34,326314
42646,0.003627,172.31.33.0-255,66,182502,34,326314
42647,0.003658,74.125.68.0-255,4320,186822,34,326314
42648,0.003661,172.31.33.0-255,66,186888,34,326314
42649,0.003695,74.125.68.0-255,2902,189790,34,326314
42650,0.003698,172.31.33.0-255,66,189856,34,326314
42651,0.003721,74.125.68.0-255,1484,191340,34,326314
42652,0.003731,74.125.68.0-255,1484,192824,34,326314
42653,0.003734,172.31.33.0-255,66,192890,34,326314
42654,0.003751,74.125.68.0-255,1484,194374,34,326314
42655,0.003776,74.125.68.0-255,2902,197276,34,326314
42656,0.003778,172.31.33.0-255,66,197342,34,326314
42657,0.003799,74.125.68.0-255,5020,202362,34,326314
42658,0.003802,172.31.33.0-255,66,202428,34,326314
42659,0.003919,74.125.68.0-255,1484,203912,34,326314
42660,0.003922,74.125.68.0-255,1484,205396,34,326314
42661,0.003924,172.31.33.0-255,66,205462,34,326314
42662,0.003941,74.125.68.0-255,1484,206946,34,326314
42663,0.003954,74.125.68.0-255,2902,209848,34,326314
42664,0.003957,172.31.33.0-255,66,209914,34,326314
42665,0.003981,74.125.68.0-255,4320,214234,34,326314
42666,0.003984,172.31.33.0-255,66,214300,34,326314
42667,0.004007,74.125.68.0-255,7156,221456,34,326314
42668,0.00401,172.31.33.0-255,66,221522,34,326314
42669,0.004028,74.125.68.0-255,2902,224424,34,326314
42670,0.004031,172.31.33.0-255,66,224490,34,326314
42671,0.004059,74.125.68.0-255,5738,230228,34,326314
42672,0.004062,172.31.33.0-255,66,230294,34,326314
42673,0.004068,74.125.68.0-255,6438,236732,34,326314
42674,0.00407,172.31.33.0-255,66,236798,34,326314
42675,0.004169,74.125.68.0-255,1484,238282,34,326314
42676,0.004189,74.125.68.0-255,2902,241184,34,326314
42677,0.004192,172.31.33.0-255,66,241250,34,326314
42678,0.004196,74.125.68.0-255,2902,244152,34,326314
42679,0.004199,172.31.33.0-255,66,244218,34,326314
42680,0.004211,74.125.68.0-255,2902,247120,34,326314
42681,0.004214,172.31.33.0-255,66,247186,34,326314
42682,0.004217,74.125.68.0-255,1484,248670,34,326314
42683,0.004242,74.125.68.0-255,5738,254408,34,326314
42684,0.004245,172.31.33.0-255,66,254474,34,326314
42685,0.004283,172.31.33.0-255,66,254540,34,326314
42686,0.004306,74.125.68.0-255,3602,258142,34,326314
42687,0.004308,172.31.33.0-255,66,258208,34,326314
42688,0.004311,74.125.68.0-255,1484,259692,34,326314
42689,0.004327,74.125.68.0-255,2902,262594,34,326314
42690,0.00433,172.31.33.0-255,66,262660,34,326314
42691,0.004345,74.125.68.0-255,4320,266980,34,326314
42692,0.004347,172.31.33.0-255,66,267046,34,326314
42693,0.004367,74.125.68.0-255,5738,272784,34,326314
42694,0.00437,172.31.33.0-255,66,272850,34,326314
42695,0.004375,74.125.68.0-255,4320,277170,34,326314
42696,0.004377,172.31.33.0-255,66,277236,34,326314
42697,0.004408,74.125.68.0-255,5738,282974,34,326314
42698,0.004411,172.31.33.0-255,66,283040,34,326314
42699,0.004432,74.125.68.0-255,4320,287360,34,326314
42700,0.004435,172.31.33.0-255,66,287426,34,326314
42701,0.004449,74.125.68.0-255,2902,290328,34,326314
42702,0.004451,172.31.33.0-255,66,290394,34,326314
42703,0.004473,172.31.33.0-255,66,290460,34,326314
42704,0.004546,74.125.68.0-255,2902,293362,34,326314
42705,0.004574,74.125.68.0-255,3602,296964,34,326314
42706,0.004633,74.125.68.0-255,1484,298448,34,326314
42707,0.004636,74.125.68.0-255,1484,299932,34,326314
42708,0.004652,74.125.68.0-255,1484,301416,34,326314
42709,0.004655,74.125.68.0-255,1484,302900,34,326314
42710,0.004671,74.125.68.0-255,1484,304384,34,326314
42711,0.004674,74.125.68.0-255,1484,305868,34,326314
42712,0.004693,74.125.68.0-255,5738,311606,34,326314
42713,0.00471,74.125.68.0-255,2902,314508,34,326314
42714,0.004744,74.125.68.0-255,7076,321584,34,326314
42715,0.004748,74.125.68.0-255,97,321681,34,326314
42716,0.004847,74.125.68.0-255,105,321786,34,326314
42717,0.005045,172.31.33.0-255,66,321852,34,326314
42718,0.00716,172.31.33.0-255,105,321957,34,326314
42719,0.00966,74.125.68.0-255,66,322023,34,326314
42720,0.034979,172.31.33.0-255,172,322195,34,326314
42721,0.035019,172.31.33.0-255,1112,323307,34,326314
42722,0.035082,172.31.33.0-255,1514,324821,34,326314
42723,0.035084,172.31.33.0-255,1295,326116,34,326314
42724,0.036577,104.244.42.0-255,66,326182,34,326314
42725,0.036604,104.244.42.0-255,66,326248,34,326314
42726,0.036661,104.244.42.0-255,66,326314,34,326314
42727,0.0,74.125.200.0-255,146,146,34,324616
42728,2.5e-05,172.31.33.0-255,66,212,34,324616
42729,3e-05,74.125.200.0-255,1484,1696,34,324616
42730,3.5e-05,172.31.33.0-255,66,1762,34,324616
42731,4e-05,74.125.200.0-255,2902,4664,34,324616
42732,4.3e-05,172.31.33.0-255,66,4730,34,324616
42733,7.7e-05,74.125.200.0-255,7156,11886,34,324616
42734,8.1e-05,172.31.33.0-255,66,11952,34,324616
42735,0.000117,74.125.200.0-255,2019,13971,34,324616
42736,0.00012,172.31.33.0-255,66,14037,34,324616
42737,0.000139,74.125.200.0-255,2902,16939,34,324616
42738,0.000143,172.31.33.0-255,66,17005,34,324616
42739,0.000178,74.125.200.0-255,7156,24161,34,324616
42740,0.000183,172.31.33.0-255,66,24227,34,324616
42741,0.000249,74.125.200.0-255,6797,31024,34,324616
42742,0.000253,172.31.33.0-255,66,31090,34,324616
42743,0.000358,74.125.200.0-255,1484,32574,34,324616
42744,0.000363,172.31.33.0-255,66,32640,34,324616
42745,0.000367,74.125.200.0-255,1484,34124,34,324616
42746,0.000369,172.31.33.0-255,66,34190,34,324616
42747,0.000382,74.125.200.0-255,2902,37092,34,324616
42748,0.000385,172.31.33.0-255,66,37158,34,324616
42749,0.000388,74.125.200.0-255,1484,38642,34,324616
42750,0.000391,172.31.33.0-255,66,38708,34,324616
42751,0.000417,74.125.200.0-255,4320,43028,34,324616
42752,0.00042,172.31.33.0-255,66,43094,34,324616
42753,0.000423,74.125.200.0-255,1484,44578,34,324616
42754,0.000426,172.31.33.0-255,66,44644,34,324616
42755,0.000447,74.125.200.0-255,5379,50023,34,324616
42756,0.00045,172.31.33.0-255,66,50089,34,324616
42757,0.000455,74.125.200.0-255,7156,57245,34,324616
42758,0.000458,172.31.33.0-255,66,57311,34,324616
42759,0.000482,172.31.33.0-255,66,57377,34,324616
42760,0.0005,74.125.200.0-255,112,57489,34,324616
42761,0.000539,74.125.200.0-255,332,57821,34,324616
42762,0.000827,172.31.33.0-255,66,57887,34,324616
42763,0.00083,74.125.200.0-255,1484,59371,34,324616
42764,0.000846,74.125.200.0-255,2902,62273,34,324616
42765,0.000849,172.31.33.0-255,66,62339,34,324616
42766,0.000852,74.125.200.0-255,1484,63823,34,324616
42767,0.000874,74.125.200.0-255,4320,68143,34,324616
42768,0.000877,172.31.33.0-255,66,68209,34,324616
42769,0.000902,74.125.200.0-255,7156,75365,34,324616
42770,0.000905,172.31.33.0-255,66,75431,34,324616
42771,0.000949,172.31.33.0-255,66,75497,34,324616
42772,0.000969,74.125.200.0-255,5020,80517,34,324616
42773,0.000972,172.31.33.0-255,66,80583,34,324616
42774,0.001209,74.125.200.0-255,1484,82067,34,324616
42775,0.001228,74.125.200.0-255,2902,84969,34,324616
42776,0.001232,172.31.33.0-255,66,85035,34,324616
42777,0.001238,74.125.200.0-255,5738,90773,34,324616
42778,0.00124,172.31.33.0-255,66,90839,34,324616
42779,0.001297,74.125.200.0-255,4320,95159,34,324616
42780,0.0013,172.31.33.0-255,66,95225,34,324616
42781,0.001314,74.125.200.0-255,2902,98127,34,324616
42782,0.001317,172.31.33.0-255,66,98193,34,324616
42783,0.001326,172.31.33.0-255,66,98259,34,324616
42784,0.00133,74.125.200.0-255,2902,101161,34,324616
42785,0.001333,172.31.33.0-255,66,101227,34,324616
42786,0.001383,74.125.200.0-255,5020,106247,34,324616
42787,0.001387,172.31.33.0-255,66,106313,34,324616
42788,0.001517,74.125.200.0-255,1484,107797,34,324616
42789,0.001532,74.125.200.0-255,1484,109281,34,324616
42790,0.001535,172.31.33.0-255,66,109347,34,324616
42791,0.001538,74.125.200.0-255,1484,110831,34,324616
42792,0.001554,74.125.200.0-255,1484,112315,34,324616
42793,0.001556,172.31.33.0-255,66,112381,34,324616
42794,0.001559,74.125.200.0-255,1484,113865,34,324616
42795,0.001581,74.125.200.0-255,4320,118185,34,324616
42796,0.001584,172.31.33.0-255,66,118251,34,324616
42797,0.001587,74.125.200.0-255,1484,119735,34,324616
42798,0.001616,74.125.200.0-255,2902,122637,34,324616
42799,0.001618,172.31.33.0-255,66,122703,34,324616
42800,0.001634,74.125.200.0-255,2902,125605,34,324616
42801,0.001636,172.31.33.0-255,66,125671,34,324616
42802,0.00165,74.125.200.0-255,2902,128573,34,324616
42803,0.001653,172.31.33.0-255,66,128639,34,324616
42804,0.001659,74.125.200.0-255,7156,135795,34,324616
42805,0.001661,172.31.33.0-255,66,135861,34,324616
42806,0.001695,74.125.200.0-255,1484,137345,34,324616
42807,0.001714,74.125.200.0-255,3602,140947,34,324616
42808,0.001717,172.31.33.0-255,66,141013,34,324616
42809,0.002381,74.125.200.0-255,1484,142497,34,324616
42810,0.002396,74.125.200.0-255,1484,143981,34,324616
42811,0.0024,172.31.33.0-255,66,144047,34,324616
42812,0.002405,74.125.200.0-255,2902,146949,34,324616
42813,0.002407,172.31.33.0-255,66,147015,34,324616
42814,0.002419,74.125.200.0-255,2902,149917,34,324616
42815,0.002422,172.31.33.0-255,66,149983,34,324616
42816,0.002443,74.125.200.0-255,2902,152885,34,324616
42817,0.002445,172.31.33.0-255,66,152951,34,324616
42818,0.002451,74.125.200.0-255,4320,157271,34,324616
42819,0.002453,172.31.33.0-255,66,157337,34,324616
42820,0.00246,74.125.200.0-255,5738,163075,34,324616
42821,0.002461,172.31.33.0-255,66,163141,34,324616
42822,0.002484,74.125.200.0-255,4320,167461,34,324616
42823,0.002487,172.31.33.0-255,66,167527,34,324616
42824,0.002511,74.125.200.0-255,7156,174683,34,324616
42825,0.002513,172.31.33.0-255,66,174749,34,324616
42826,0.002516,74.125.200.0-255,766,175515,34,324616
42827,0.002656,172.31.33.0-255,66,175581,34,324616
42828,0.002722,74.125.200.0-255,1484,177065,34,324616
42829,0.002741,74.125.200.0-255,2902,179967,34,324616
42830,0.002744,172.31.33.0-255,66,180033,34,324616
42831,0.002748,74.125.200.0-255,1484,181517,34,324616
42832,0.002764,74.125.200.0-255,2902,184419,34,324616
42833,0.002767,172.31.33.0-255,66,184485,34,324616
42834,0.002792,74.125.200.0-255,5738,190223,34,324616
42835,0.002795,172.31.33.0-255,66,190289,34,324616
42836,0.002801,74.125.200.0-255,7156,197445,34,324616
42837,0.002804,172.31.33.0-255,66,197511,34,324616
42838,0.002843,74.125.200.0-255,7156,204667,34,324616
42839,0.002847,172.31.33.0-255,66,204733,34,324616
42840,0.002866,74.125.200.0-255,1484,206217,34,324616
42841,0.002871,74.125.200.0-255,2902,209119,34,324616
42842,0.002874,172.31.33.0-255,66,209185,34,324616
42843,0.002877,74.125.200.0-255,766,209951,34,324616
42844,0.002976,74.125.200.0-255,1484,211435,34,324616
42845,0.00298,172.31.33.0-255,66,211501,34,324616
42846,0.002999,74.125.200.0-255,2902,214403,34,324616
42847,0.003001,172.31.33.0-255,66,214469,34,324616
42848,0.003004,74.125.200.0-255,1484,215953,34,324616
42849,0.003024,74.125.200.0-255,2902,218855,34,324616
42850,0.003027,74.125.200.0-255,1484,220339,34,324616
42851,0.003028,172.31.33.0-255,66,220405,34,324616
42852,0.003057,74.125.200.0-255,7156,227561,34,324616
42853,0.00306,172.31.33.0-255,66,227627,34,324616
42854,0.003067,74.125.200.0-255,7156,234783,34,324616
42855,0.00307,172.31.33.0-255,66,234849,34,324616
42856,0.003113,172.31.33.0-255,66,234915,34,324616
42857,0.003116,74.125.200.0-255,766,235681,34,324616
42858,0.003118,74.125.200.0-255,1484,237165,34,324616
42859,0.00312,172.31.33.0-255,66,237231,34,324616
42860,0.00317,74.125.200.0-255,4320,241551,34,324616
42861,0.003174,172.31.33.0-255,66,241617,34,324616
42862,0.003184,172.31.33.0-255,66,241683,34,324616
42863,0.003195,172.31.33.0-255,66,241749,34,324616
42864,0.003198,74.125.200.0-255,1484,243233,34,324616
42865,0.00322,74.125.200.0-255,5738,248971,34,324616
42866,0.003224,172.31.33.0-255,66,249037,34,324616
42867,0.003252,74.125.200.0-255,3602,252639,34,324616
42868,0.003256,172.31.33.0-255,66,252705,34,324616
42869,0.003259,74.125.200.0-255,1484,254189,34,324616
42870,0.003279,74.125.200.0-255,2902,257091,34,324616
42871,0.003282,172.31.33.0-255,66,257157,34,324616
42872,0.003286,74.125.200.0-255,1484,258641,34,324616
42873,0.003311,172.31.33.0-255,66,258707,34,324616
42874,0.003316,74.125.200.0-255,4320,263027,34,324616
42875,0.003318,172.31.33.0-255,66,263093,34,324616
42876,0.003321,74.125.200.0-255,1484,264577,34,324616
42877,0.003346,74.125.200.0-255,2902,267479,34,324616
42878,0.003349,74.125.200.0-255,1484,268963,34,324616
42879,0.003351,172.31.33.0-255,66,269029,34,324616
42880,0.003351,74.125.200.0-255,1484,270513,34,324616
42881,0.003354,172.31.33.0-255,66,270579,34,324616
42882,0.003373,74.125.200.0-255,1484,272063,34,324616
42883,0.003389,74.125.200.0-255,1484,273547,34,324616
42884,0.003393,172.31.33.0-255,66,273613,34,324616
42885,0.003404,74.125.200.0-255,2902,276515,34,324616
42886,0.003407,172.31.33.0-255,66,276581,34,324616
42887,0.003409,74.125.200.0-255,766,277347,34,324616
42888,0.003765,172.31.33.0-255,66,277413,34,324616
42889,0.003817,74.125.200.0-255,1484,278897,34,324616
42890,0.003834,74.125.200.0-255,2902,281799,34,324616
42891,0.003836,172.31.33.0-255,66,281865,34,324616
42892,0.00385,74.125.200.0-255,2902,284767,34,324616
42893,0.003852,172.31.33.0-255,66,284833,34,324616
42894,0.003866,74.125.200.0-255,2902,287735,34,324616
42895,0.003868,172.31.33.0-255,66,287801,34,324616
42896,0.003872,74.125.200.0-255,2902,290703,34,324616
42897,0.003874,172.31.33.0-255,66,290769,34,324616
42898,0.003895,74.125.200.0-255,2902,293671,34,324616
42899,0.003897,172.31.33.0-255,66,293737,34,324616
42900,0.003912,74.125.200.0-255,1484,295221,34,324616
42901,0.003934,172.31.33.0-255,66,295287,34,324616
42902,0.003939,74.125.200.0-255,4320,299607,34,324616
42903,0.003941,172.31.33.0-255,66,299673,34,324616
42904,0.003976,74.125.200.0-255,4320,303993,34,324616
42905,0.003978,172.31.33.0-255,66,304059,34,324616
42906,0.003997,74.125.200.0-255,5020,309079,34,324616
42907,0.003999,172.31.33.0-255,66,309145,34,324616
42908,0.004017,172.31.33.0-255,66,309211,34,324616
42909,0.004038,74.125.200.0-255,1484,310695,34,324616
42910,0.004042,74.125.200.0-255,4320,315015,34,324616
42911,0.004044,172.31.33.0-255,66,315081,34,324616
42912,0.004047,74.125.200.0-255,1484,316565,34,324616
42913,0.004095,74.125.200.0-255,1484,318049,34,324616
42914,0.004096,172.31.33.0-255,66,318115,34,324616
42915,0.004108,74.125.200.0-255,1807,319922,34,324616
42916,0.00411,172.31.33.0-255,66,319988,34,324616
42917,0.004154,74.125.200.0-255,105,320093,34,324616
42918,0.007912,172.31.33.0-255,66,320159,34,324616
42919,0.00794,172.31.33.0-255,105,320264,34,324616
42920,0.010402,74.125.200.0-255,66,320330,34,324616
42921,0.02622,172.31.33.0-255,167,320497,34,324616
42922,0.026251,172.31.33.0-255,1113,321610,34,324616
42923,0.026311,172.31.33.0-255,1514,323124,34,324616
42924,0.026312,172.31.33.0-255,1294,324418,34,324616
42925,0.027764,104.244.42.0-255,66,324484,34,324616
42926,0.027855,104.244.42.0-255,66,324550,34,324616
42927,0.027895,104.244.42.0-255,66,324616,34,324616
42928,0.0,74.125.200.0-255,148,148,34,305192
42929,1.4e-05,172.31.33.0-255,66,214,34,305192
42930,2.8e-05,74.125.200.0-255,1484,1698,34,305192
42931,3.2e-05,172.31.33.0-255,66,1764,34,305192
42932,4.8e-05,74.125.200.0-255,2902,4666,34,305192
42933,5e-05,172.31.33.0-255,66,4732,34,305192
42934,7.7e-05,74.125.200.0-255,4320,9052,34,305192
42935,7.8e-05,172.31.33.0-255,66,9118,34,305192
42936,9.2e-05,74.125.200.0-255,4320,13438,34,305192
42937,9.4e-05,172.31.33.0-255,66,13504,34,305192
42938,0.000116,74.125.200.0-255,4962,18466,34,305192
42939,0.000118,172.31.33.0-255,66,18532,34,305192
42940,0.000124,74.125.200.0-255,5738,24270,34,305192
42941,0.000125,172.31.33.0-255,66,24336,34,305192
42942,0.000161,74.125.200.0-255,6797,31133,34,305192
42943,0.000163,172.31.33.0-255,66,31199,34,305192
42944,0.000231,74.125.200.0-255,1484,32683,34,305192
42945,0.000234,172.31.33.0-255,66,32749,34,305192
42946,0.000252,74.125.200.0-255,2902,35651,34,305192
42947,0.000253,172.31.33.0-255,66,35717,34,305192
42948,0.000256,74.125.200.0-255,1484,37201,34,305192
42949,0.000258,172.31.33.0-255,66,37267,34,305192
42950,0.000274,74.125.200.0-255,2902,40169,34,305192
42951,0.000276,172.31.33.0-255,66,40235,34,305192
42952,0.000295,74.125.200.0-255,1484,41719,34,305192
42953,0.000297,172.31.33.0-255,66,41785,34,305192
42954,0.000318,74.125.200.0-255,4320,46105,34,305192
42955,0.00032,172.31.33.0-255,66,46171,34,305192
42956,0.000335,74.125.200.0-255,1484,47655,34,305192
42957,0.000336,172.31.33.0-255,66,47721,34,305192
42958,0.00036,74.125.200.0-255,5379,53100,34,305192
42959,0.000362,172.31.33.0-255,66,53166,34,305192
42960,0.000366,74.125.200.0-255,4320,57486,34,305192
42961,0.000368,172.31.33.0-255,66,57552,34,305192
42962,0.000372,74.125.200.0-255,4320,61872,34,305192
42963,0.000374,172.31.33.0-255,66,61938,34,305192
42964,0.000395,74.125.200.0-255,1484,63422,34,305192
42965,0.000399,74.125.200.0-255,2857,66279,34,305192
42966,0.000401,172.31.33.0-255,66,66345,34,305192
42967,0.000414,74.125.200.0-255,111,66456,34,305192
42968,0.000484,74.125.200.0-255,1484,67940,34,305192
42969,0.000487,172.31.33.0-255,66,68006,34,305192
42970,0.0005,74.125.200.0-255,2902,70908,34,305192
42971,0.000502,172.31.33.0-255,66,70974,34,305192
42972,0.000505,74.125.200.0-255,1484,72458,34,305192
42973,0.000525,74.125.200.0-255,2902,75360,34,305192
42974,0.000528,172.31.33.0-255,66,75426,34,305192
42975,0.000533,74.125.200.0-255,5738,81164,34,305192
42976,0.000535,172.31.33.0-255,66,81230,34,305192
42977,0.000547,74.125.200.0-255,2902,84132,34,305192
42978,0.000548,172.31.33.0-255,66,84198,34,305192
42979,0.000581,172.31.33.0-255,66,84264,34,305192
42980,0.000598,74.125.200.0-255,1484,85748,34,305192
42981,0.00062,74.125.200.0-255,3283,89031,34,305192
42982,0.000623,172.31.33.0-255,66,89097,34,305192
42983,0.000628,74.125.200.0-255,5738,94835,34,305192
42984,0.00063,172.31.33.0-255,66,94901,34,305192
42985,0.00067,74.125.200.0-255,7156,102057,34,305192
42986,0.000672,172.31.33.0-255,66,102123,34,305192
42987,0.00069,74.125.200.0-255,3961,106084,34,305192
42988,0.000692,172.31.33.0-255,66,106150,34,305192
42989,0.000923,74.125.200.0-255,1484,107634,34,305192
42990,0.000934,74.125.200.0-255,2902,110536,34,305192
42991,0.000936,172.31.33.0-255,66,110602,34,305192
42992,0.00096,74.125.200.0-255,5738,116340,34,305192
42993,0.000962,172.31.33.0-255,66,116406,34,305192
42994,0.000966,74.125.200.0-255,2902,119308,34,305192
42995,0.000967,172.31.33.0-255,66,119374,34,305192
42996,0.000972,74.125.200.0-255,4320,123694,34,305192
42997,0.000973,172.31.33.0-255,66,123760,34,305192
42998,0.000989,74.125.200.0-255,2902,126662,34,305192
42999,0.000991,172.31.33.0-255,66,126728,34,305192
43000,0.001009,74.125.200.0-255,5738,132466,34,305192
43001,0.001012,172.31.33.0-255,66,132532,34,305192
43002,0.00104,172.31.33.0-255,66,132598,34,305192
43003,0.001269,74.125.200.0-255,1484,134082,34,305192
43004,0.001281,74.125.200.0-255,1484,135566,34,305192
43005,0.001283,172.31.33.0-255,66,135632,34,305192
43006,0.0013,74.125.200.0-255,1484,137116,34,305192
43007,0.001317,74.125.200.0-255,5738,142854,34,305192
43008,0.001319,172.31.33.0-255,66,142920,34,305192
43009,0.001338,74.125.200.0-255,4320,147240,34,305192
43010,0.00134,172.31.33.0-255,66,147306,34,305192
43011,0.001361,74.125.200.0-255,2902,150208,34,305192
43012,0.001363,172.31.33.0-255,66,150274,34,305192
43013,0.001367,74.125.200.0-255,4320,154594,34,305192
43014,0.001369,172.31.33.0-255,66,154660,34,305192
43015,0.001381,74.125.200.0-255,2902,157562,34,305192
43016,0.001383,172.31.33.0-255,66,157628,34,305192
43017,0.001426,172.31.33.0-255,66,157694,34,305192
43018,0.001429,74.125.200.0-255,766,158460,34,305192
43019,0.001572,74.125.200.0-255,1484,159944,34,305192
43020,0.001575,172.31.33.0-255,66,160010,34,305192
43021,0.001586,74.125.200.0-255,2902,162912,34,305192
43022,0.001588,172.31.33.0-255,66,162978,34,305192
43023,0.001613,74.125.200.0-255,5738,168716,34,305192
43024,0.001615,172.31.33.0-255,66,168782,34,305192
43025,0.001619,74.125.200.0-255,2902,171684,34,305192
43026,0.00162,172.31.33.0-255,66,171750,34,305192
43027,0.001633,74.125.200.0-255,4320,176070,34,305192
43028,0.001636,172.31.33.0-255,66,176136,34,305192
43029,0.001658,74.125.200.0-255,5738,181874,34,305192
43030,0.00166,172.31.33.0-255,66,181940,34,305192
43031,0.001679,74.125.200.0-255,2902,184842,34,305192
43032,0.001681,172.31.33.0-255,66,184908,34,305192
43033,0.001685,74.125.200.0-255,4320,189228,34,305192
43034,0.001686,172.31.33.0-255,66,189294,34,305192
43035,0.001721,74.125.200.0-255,3602,192896,34,305192
43036,0.001725,172.31.33.0-255,66,192962,34,305192
43037,0.001843,74.125.200.0-255,1484,194446,34,305192
43038,0.001848,74.125.200.0-255,1484,195930,34,305192
43039,0.00185,172.31.33.0-255,66,195996,34,305192
43040,0.001866,74.125.200.0-255,1484,197480,34,305192
43041,0.001871,74.125.200.0-255,5738,203218,34,305192
43042,0.001873,172.31.33.0-255,66,203284,34,305192
43043,0.001893,74.125.200.0-255,7156,210440,34,305192
43044,0.001894,172.31.33.0-255,66,210506,34,305192
43045,0.001917,74.125.200.0-255,2902,213408,34,305192
43046,0.001919,172.31.33.0-255,66,213474,34,305192
43047,0.00196,172.31.33.0-255,66,213540,34,305192
43048,0.001964,74.125.200.0-255,2184,215724,34,305192
43049,0.001965,172.31.33.0-255,66,215790,34,305192
43050,0.002015,74.125.200.0-255,1484,217274,34,305192
43051,0.00202,74.125.200.0-255,2902,220176,34,305192
43052,0.002023,172.31.33.0-255,66,220242,34,305192
43053,0.002045,74.125.200.0-255,4320,224562,34,305192
43054,0.002048,172.31.33.0-255,66,224628,34,305192
43055,0.002054,74.125.200.0-255,5738,230366,34,305192
43056,0.002056,172.31.33.0-255,66,230432,34,305192
43057,0.002073,74.125.200.0-255,2902,233334,34,305192
43058,0.002075,172.31.33.0-255,66,233400,34,305192
43059,0.002096,172.31.33.0-255,66,233466,34,305192
43060,0.002101,74.125.200.0-255,5738,239204,34,305192
43061,0.002103,172.31.33.0-255,66,239270,34,305192
43062,0.002147,74.125.200.0-255,5738,245008,34,305192
43063,0.002152,172.31.33.0-255,66,245074,34,305192
43064,0.002182,172.31.33.0-255,66,245140,34,305192
43065,0.002212,172.31.33.0-255,66,245206,34,305192
43066,0.002225,74.125.200.0-255,3602,248808,34,305192
43067,0.002228,172.31.33.0-255,66,248874,34,305192
43068,0.002233,74.125.200.0-255,4320,253194,34,305192
43069,0.002235,172.31.33.0-255,66,253260,34,305192
43070,0.002281,172.31.33.0-255,66,253326,34,305192
43071,0.002288,74.125.200.0-255,7156,260482,34,305192
43072,0.00229,172.31.33.0-255,66,260548,34,305192
43073,0.002293,74.125.200.0-255,1484,262032,34,305192
43074,0.002296,74.125.200.0-255,1484,263516,34,305192
43075,0.002298,172.31.33.0-255,66,263582,34,305192
43076,0.002305,74.125.200.0-255,6438,270020,34,305192
43077,0.002308,172.31.33.0-255,66,270086,34,305192
43078,0.002331,74.125.200.0-255,4320,274406,34,305192
43079,0.002334,172.31.33.0-255,66,274472,34,305192
43080,0.002388,74.125.200.0-255,1484,275956,34,305192
43081,0.002416,74.125.200.0-255,4320,280276,34,305192
43082,0.00242,172.31.33.0-255,66,280342,34,305192
43083,0.002424,74.125.200.0-255,1484,281826,34,305192
43084,0.002434,74.125.200.0-255,5738,287564,34,305192
43085,0.002437,172.31.33.0-255,66,287630,34,305192
43086,0.002441,74.125.200.0-255,1484,289114,34,305192
43087,0.002461,172.31.33.0-255,66,289180,34,305192
43088,0.002469,74.125.200.0-255,5738,294918,34,305192
43089,0.002472,172.31.33.0-255,66,294984,34,305192
43090,0.002476,74.125.200.0-255,2184,297168,34,305192
43091,0.00248,172.31.33.0-255,66,297234,34,305192
43092,0.002483,74.125.200.0-255,1484,298718,34,305192
43093,0.002504,74.125.200.0-255,1484,300202,34,305192
43094,0.002508,172.31.33.0-255,66,300268,34,305192
43095,0.002511,74.125.200.0-255,1484,301752,34,305192
43096,0.002515,74.125.200.0-255,1484,303236,34,305192
43097,0.002518,172.31.33.0-255,66,303302,34,305192
43098,0.002522,74.125.200.0-255,1334,304636,34,305192
43099,0.002525,74.125.200.0-255,97,304733,34,305192
43100,0.002581,74.125.200.0-255,105,304838,34,305192
43101,0.011515,74.125.200.0-255,105,304943,34,305192
43102,0.011538,172.31.33.0-255,78,305021,34,305192
43103,0.015969,172.31.33.0-255,105,305126,34,305192
43104,0.018192,74.125.200.0-255,66,305192,34,305192
43105,0.0,172.217.160.0-255,153,153,34,227870
43106,3e-05,172.31.33.0-255,66,219,34,227870
43107,3.6e-05,172.217.160.0-255,1484,1703,34,227870
43108,4e-05,172.31.33.0-255,66,1769,34,227870
43109,4.5e-05,172.217.160.0-255,2902,4671,34,227870
43110,4.7e-05,172.31.33.0-255,66,4737,34,227870
43111,5.5e-05,172.217.160.0-255,7156,11893,34,227870
43112,5.8e-05,172.31.33.0-255,66,11959,34,227870
43113,7.1e-05,172.31.33.0-255,66,12025,34,227870
43114,9.5e-05,172.217.160.0-255,2032,14057,34,227870
43115,9.7e-05,172.31.33.0-255,66,14123,34,227870
43116,0.000113,172.217.160.0-255,1484,15607,34,227870
43117,0.000115,172.31.33.0-255,66,15673,34,227870
43118,0.000132,172.217.160.0-255,5379,21052,34,227870
43119,0.000134,172.31.33.0-255,66,21118,34,227870
43120,0.000158,172.217.160.0-255,2902,24020,34,227870
43121,0.00016,172.31.33.0-255,66,24086,34,227870
43122,0.000179,172.217.160.0-255,4320,28406,34,227870
43123,0.000182,172.31.33.0-255,66,28472,34,227870
43124,0.000208,172.31.33.0-255,66,28538,34,227870
43125,0.000226,172.217.160.0-255,6797,35335,34,227870
43126,0.000229,172.31.33.0-255,66,35401,34,227870
43127,0.000294,172.217.160.0-255,4320,39721,34,227870
43128,0.000297,172.31.33.0-255,66,39787,34,227870
43129,0.000311,172.217.160.0-255,2902,42689,34,227870
43130,0.000314,172.31.33.0-255,66,42755,34,227870
43131,0.000328,172.217.160.0-255,1484,44239,34,227870
43132,0.000331,172.31.33.0-255,66,44305,34,227870
43133,0.000343,172.217.160.0-255,2788,47093,34,227870
43134,0.000346,172.31.33.0-255,66,47159,34,227870
43135,0.000875,172.217.160.0-255,126,47285,34,227870
43136,0.000979,172.217.160.0-255,1484,48769,34,227870
43137,0.000984,172.31.33.0-255,66,48835,34,227870
43138,0.00099,172.217.160.0-255,2902,51737,34,227870
43139,0.000992,172.31.33.0-255,66,51803,34,227870
43140,0.000999,172.217.160.0-255,5738,57541,34,227870
43141,0.001001,172.31.33.0-255,66,57607,34,227870
43142,0.001051,172.31.33.0-255,66,57673,34,227870
43143,0.001102,172.217.160.0-255,1484,59157,34,227870
43144,0.001124,172.31.33.0-255,66,59223,34,227870
43145,0.001143,172.217.160.0-255,380,59603,34,227870
43146,0.001162,172.217.160.0-255,1484,61087,34,227870
43147,0.001165,172.31.33.0-255,66,61153,34,227870
43148,0.00117,172.217.160.0-255,4320,65473,34,227870
43149,0.001172,172.31.33.0-255,66,65539,34,227870
43150,0.001198,172.217.160.0-255,7156,72695,34,227870
43151,0.001201,172.31.33.0-255,66,72761,34,227870
43152,0.001215,172.217.160.0-255,2902,75663,34,227870
43153,0.001218,172.31.33.0-255,66,75729,34,227870
43154,0.001253,172.217.160.0-255,4320,80049,34,227870
43155,0.001256,172.31.33.0-255,66,80115,34,227870
43156,0.001291,172.31.33.0-255,66,80181,34,227870
43157,0.001333,172.217.160.0-255,766,80947,34,227870
43158,0.00147,172.217.160.0-255,1484,82431,34,227870
43159,0.001473,172.31.33.0-255,66,82497,34,227870
43160,0.001478,172.217.160.0-255,2902,85399,34,227870
43161,0.00148,172.31.33.0-255,66,85465,34,227870
43162,0.001483,172.217.160.0-255,1484,86949,34,227870
43163,0.001501,172.217.160.0-255,4320,91269,34,227870
43164,0.001503,172.31.33.0-255,66,91335,34,227870
43165,0.001517,172.217.160.0-255,1484,92819,34,227870
43166,0.00153,172.217.160.0-255,2902,95721,34,227870
43167,0.001533,172.31.33.0-255,66,95787,34,227870
43168,0.001546,172.217.160.0-255,2902,98689,34,227870
43169,0.001548,172.31.33.0-255,66,98755,34,227870
43170,0.001577,172.31.33.0-255,66,98821,34,227870
43171,0.001653,172.217.160.0-255,5738,104559,34,227870
43172,0.001658,172.31.33.0-255,66,104625,34,227870
43173,0.001678,172.217.160.0-255,2184,106809,34,227870
43174,0.001681,172.31.33.0-255,66,106875,34,227870
43175,0.001979,172.217.160.0-255,1484,108359,34,227870
43176,0.001986,172.217.160.0-255,2902,111261,34,227870
43177,0.00199,172.31.33.0-255,66,111327,34,227870
43178,0.001997,172.217.160.0-255,4320,115647,34,227870
43179,0.001999,172.31.33.0-255,66,115713,34,227870
43180,0.002014,172.217.160.0-255,1484,117197,34,227870
43181,0.00202,172.217.160.0-255,4320,121517,34,227870
43182,0.002023,172.31.33.0-255,66,121583,34,227870
43183,0.002045,172.217.160.0-255,4320,125903,34,227870
43184,0.002048,172.31.33.0-255,66,125969,34,227870
43185,0.002065,172.217.160.0-255,1484,127453,34,227870
43186,0.002088,172.217.160.0-255,4320,131773,34,227870
43187,0.002091,172.31.33.0-255,66,131839,34,227870
43188,0.002095,172.217.160.0-255,1484,133323,34,227870
43189,0.002117,172.31.33.0-255,66,133389,34,227870
43190,0.002159,172.217.160.0-255,4320,137709,34,227870
43191,0.002162,172.31.33.0-255,66,137775,34,227870
43192,0.002178,172.217.160.0-255,1484,139259,34,227870
43193,0.002204,172.31.33.0-255,66,139325,34,227870
43194,0.002254,172.217.160.0-255,1484,140809,34,227870
43195,0.00227,172.217.160.0-255,5738,146547,34,227870
43196,0.002273,172.31.33.0-255,66,146613,34,227870
43197,0.002296,172.217.160.0-255,1484,148097,34,227870
43198,0.002313,172.217.160.0-255,5738,153835,34,227870
43199,0.002316,172.31.33.0-255,66,153901,34,227870
43200,0.002352,172.217.160.0-255,1484,155385,34,227870
43201,0.002367,172.217.160.0-255,766,156151,34,227870
43202,0.002371,172.31.33.0-255,66,156217,34,227870
43203,0.002611,172.217.160.0-255,1484,157701,34,227870
43204,0.002616,172.217.160.0-255,2902,160603,34,227870
43205,0.002619,172.31.33.0-255,66,160669,34,227870
43206,0.002627,172.217.160.0-255,5738,166407,34,227870
43207,0.002629,172.31.33.0-255,66,166473,34,227870
43208,0.00266,172.217.160.0-255,2902,169375,34,227870
43209,0.002666,172.31.33.0-255,66,169441,34,227870
43210,0.002679,172.217.160.0-255,2902,172343,34,227870
43211,0.002683,172.31.33.0-255,66,172409,34,227870
43212,0.002709,172.217.160.0-255,7156,179565,34,227870
43213,0.002714,172.31.33.0-255,66,179631,34,227870
43214,0.002721,172.217.160.0-255,1484,181115,34,227870
43215,0.002753,172.31.33.0-255,66,181181,34,227870
43216,0.002789,172.217.160.0-255,1484,182665,34,227870
43217,0.002803,172.217.160.0-255,1484,184149,34,227870
43218,0.002807,172.31.33.0-255,66,184215,34,227870
43219,0.002817,172.31.33.0-255,66,184281,34,227870
43220,0.002843,172.217.160.0-255,7156,191437,34,227870
43221,0.002846,172.31.33.0-255,66,191503,34,227870
43222,0.002927,172.31.33.0-255,66,191569,34,227870
43223,0.002954,172.31.33.0-255,66,191635,34,227870
43224,0.003001,172.217.160.0-255,5738,197373,34,227870
43225,0.003006,172.31.33.0-255,66,197439,34,227870
43226,0.003046,172.31.33.0-255,66,197505,34,227870
43227,0.003069,172.217.160.0-255,5020,202525,34,227870
43228,0.003072,172.31.33.0-255,66,202591,34,227870
43229,0.003179,172.217.160.0-255,7156,209747,34,227870
43230,0.003185,172.31.33.0-255,66,209813,34,227870
43231,0.003262,172.31.33.0-255,66,209879,34,227870
43232,0.003278,172.217.160.0-255,1484,211363,34,227870
43233,0.003349,172.217.160.0-255,1484,212847,34,227870
43234,0.003354,172.31.33.0-255,66,212913,34,227870
43235,0.00336,172.217.160.0-255,2184,215097,34,227870
43236,0.003362,172.31.33.0-255,66,215163,34,227870
43237,0.003369,172.217.160.0-255,7156,222319,34,227870
43238,0.003371,172.31.33.0-255,66,222385,34,227870
43239,0.003412,172.31.33.0-255,66,222451,34,227870
43240,0.00349,172.217.160.0-255,5011,227462,34,227870
43241,0.003494,172.31.33.0-255,66,227528,34,227870
43242,0.003497,172.217.160.0-255,105,227633,34,227870
43243,0.014746,172.31.33.0-255,66,227699,34,227870
43244,0.014775,172.31.33.0-255,105,227804,34,227870
43245,0.016664,172.217.160.0-255,66,227870,34,227870
43246,0.0,74.125.68.0-255,143,143,34,365923
43247,2.9e-05,172.31.33.0-255,66,209,34,365923
43248,4.9e-05,74.125.68.0-255,1484,1693,34,365923
43249,5.3e-05,172.31.33.0-255,66,1759,34,365923
43250,5.6e-05,74.125.68.0-255,1484,3243,34,365923
43251,5.9e-05,172.31.33.0-255,66,3309,34,365923
43252,8.1e-05,74.125.68.0-255,1484,4793,34,365923
43253,8.3e-05,172.31.33.0-255,66,4859,34,365923
43254,9.1e-05,74.125.68.0-255,5738,10597,34,365923
43255,9.4e-05,172.31.33.0-255,66,10663,34,365923
43256,0.000105,74.125.68.0-255,1484,12147,34,365923
43257,0.000108,172.31.33.0-255,66,12213,34,365923
43258,0.000123,74.125.68.0-255,2075,14288,34,365923
43259,0.000126,172.31.33.0-255,66,14354,34,365923
43260,0.000361,74.125.68.0-255,1484,15838,34,365923
43261,0.000366,172.31.33.0-255,66,15904,34,365923
43262,0.000389,74.125.68.0-255,2902,18806,34,365923
43263,0.000393,172.31.33.0-255,66,18872,34,365923
43264,0.000442,74.125.68.0-255,1484,20356,34,365923
43265,0.000446,172.31.33.0-255,66,20422,34,365923
43266,0.000451,74.125.68.0-255,2902,23324,34,365923
43267,0.000454,172.31.33.0-255,66,23390,34,365923
43268,0.00046,74.125.68.0-255,5738,29128,34,365923
43269,0.000463,172.31.33.0-255,66,29194,34,365923
43270,0.000467,74.125.68.0-255,2543,31737,34,365923
43271,0.000471,172.31.33.0-255,66,31803,34,365923
43272,0.000545,74.125.68.0-255,1484,33287,34,365923
43273,0.000548,172.31.33.0-255,66,33353,34,365923
43274,0.000587,74.125.68.0-255,2902,36255,34,365923
43275,0.000591,172.31.33.0-255,66,36321,34,365923
43276,0.000627,74.125.68.0-255,2902,39223,34,365923
43277,0.00063,172.31.33.0-255,66,39289,34,365923
43278,0.000636,74.125.68.0-255,4320,43609,34,365923
43279,0.000639,172.31.33.0-255,66,43675,34,365923
43280,0.000643,74.125.68.0-255,1484,45159,34,365923
43281,0.000678,172.31.33.0-255,66,45225,34,365923
43282,0.000689,172.31.33.0-255,66,45291,34,365923
43283,0.000694,74.125.68.0-255,2543,47834,34,365923
43284,0.000696,172.31.33.0-255,66,47900,34,365923
43285,0.001061,74.125.68.0-255,647,48547,34,365923
43286,0.001219,74.125.68.0-255,1484,50031,34,365923
43287,0.001224,172.31.33.0-255,66,50097,34,365923
43288,0.001238,74.125.68.0-255,2902,52999,34,365923
43289,0.00124,172.31.33.0-255,66,53065,34,365923
43290,0.001263,74.125.68.0-255,2902,55967,34,365923
43291,0.001265,172.31.33.0-255,66,56033,34,365923
43292,0.001268,74.125.68.0-255,1484,57517,34,365923
43293,0.001284,74.125.68.0-255,2902,60419,34,365923
43294,0.001286,172.31.33.0-255,66,60485,34,365923
43295,0.001296,74.125.68.0-255,1484,61969,34,365923
43296,0.00131,74.125.68.0-255,7156,69125,34,365923
43297,0.001313,172.31.33.0-255,66,69191,34,365923
43298,0.001315,74.125.68.0-255,1484,70675,34,365923
43299,0.001331,74.125.68.0-255,4320,74995,34,365923
43300,0.001333,172.31.33.0-255,66,75061,34,365923
43301,0.001357,74.125.68.0-255,2902,77963,34,365923
43302,0.001361,172.31.33.0-255,66,78029,34,365923
43303,0.00138,74.125.68.0-255,5020,83049,34,365923
43304,0.001383,172.31.33.0-255,66,83115,34,365923
43305,0.001529,74.125.68.0-255,1484,84599,34,365923
43306,0.001549,74.125.68.0-255,2902,87501,34,365923
43307,0.001552,172.31.33.0-255,66,87567,34,365923
43308,0.001575,74.125.68.0-255,1484,89051,34,365923
43309,0.001601,74.125.68.0-255,2902,91953,34,365923
43310,0.001603,172.31.33.0-255,66,92019,34,365923
43311,0.001632,74.125.68.0-255,2902,94921,34,365923
43312,0.001633,172.31.33.0-255,66,94987,34,365923
43313,0.00165,74.125.68.0-255,2902,97889,34,365923
43314,0.001652,172.31.33.0-255,66,97955,34,365923
43315,0.001687,74.125.68.0-255,7156,105111,34,365923
43316,0.001689,172.31.33.0-255,66,105177,34,365923
43317,0.001694,74.125.68.0-255,7156,112333,34,365923
43318,0.001696,172.31.33.0-255,66,112399,34,365923
43319,0.001708,74.125.68.0-255,4320,116719,34,365923
43320,0.001709,172.31.33.0-255,66,116785,34,365923
43321,0.001712,74.125.68.0-255,766,117551,34,365923
43322,0.001736,74.125.68.0-255,1484,119035,34,365923
43323,0.001738,172.31.33.0-255,66,119101,34,365923
43324,0.001752,74.125.68.0-255,2902,122003,34,365923
43325,0.001754,172.31.33.0-255,66,122069,34,365923
43326,0.00177,74.125.68.0-255,1484,123553,34,365923
43327,0.001775,74.125.68.0-255,4320,127873,34,365923
43328,0.001777,172.31.33.0-255,66,127939,34,365923
43329,0.001779,74.125.68.0-255,1484,129423,34,365923
43330,0.001798,74.125.68.0-255,4320,133743,34,365923
43331,0.0018,172.31.33.0-255,66,133809,34,365923
43332,0.001825,74.125.68.0-255,2902,136711,34,365923
43333,0.001827,172.31.33.0-255,66,136777,34,365923
43334,0.00184,74.125.68.0-255,7156,143933,34,365923
43335,0.001842,172.31.33.0-255,66,143999,34,365923
43336,0.001856,74.125.68.0-255,1484,145483,34,365923
43337,0.001861,74.125.68.0-255,4320,149803,34,365923
43338,0.001863,172.31.33.0-255,66,149869,34,365923
43339,0.001901,74.125.68.0-255,2184,152053,34,365923
43340,0.001903,172.31.33.0-255,66,152119,34,365923
43341,0.002146,74.125.68.0-255,1484,153603,34,365923
43342,0.00215,74.125.68.0-255,2902,156505,34,365923
43343,0.002152,172.31.33.0-255,66,156571,34,365923
43344,0.002154,74.125.68.0-255,1484,158055,34,365923
43345,0.002158,74.125.68.0-255,2902,160957,34,365923
43346,0.00216,172.31.33.0-255,66,161023,34,365923
43347,0.002169,74.125.68.0-255,1484,162507,34,365923
43348,0.0022,74.125.68.0-255,2902,165409,34,365923
43349,0.002203,172.31.33.0-255,66,165475,34,365923
43350,0.00222,74.125.68.0-255,4320,169795,34,365923
43351,0.002222,172.31.33.0-255,66,169861,34,365923
43352,0.002224,74.125.68.0-255,1484,171345,34,365923
43353,0.002244,74.125.68.0-255,7156,178501,34,365923
43354,0.002246,172.31.33.0-255,66,178567,34,365923
43355,0.002248,74.125.68.0-255,1484,180051,34,365923
43356,0.002265,74.125.68.0-255,6438,186489,34,365923
43357,0.002267,172.31.33.0-255,66,186555,34,365923
43358,0.002394,74.125.68.0-255,1484,188039,34,365923
43359,0.002404,74.125.68.0-255,2902,190941,34,365923
43360,0.002406,172.31.33.0-255,66,191007,34,365923
43361,0.002437,74.125.68.0-255,5738,196745,34,365923
43362,0.002439,172.31.33.0-255,66,196811,34,365923
43363,0.002442,74.125.68.0-255,2902,199713,34,365923
43364,0.002444,172.31.33.0-255,66,199779,34,365923
43365,0.002503,172.31.33.0-255,66,199845,34,365923
43366,0.002508,74.125.68.0-255,5738,205583,34,365923
43367,0.002509,172.31.33.0-255,66,205649,34,365923
43368,0.002511,74.125.68.0-255,1484,207133,34,365923
43369,0.002515,74.125.68.0-255,2902,210035,34,365923
43370,0.002516,172.31.33.0-255,66,210101,34,365923
43371,0.002519,74.125.68.0-255,766,210867,34,365923
43372,0.002562,74.125.68.0-255,1484,212351,34,365923
43373,0.002564,172.31.33.0-255,66,212417,34,365923
43374,0.002601,74.125.68.0-255,4320,216737,34,365923
43375,0.002604,172.31.33.0-255,66,216803,34,365923
43376,0.002618,74.125.68.0-255,1484,218287,34,365923
43377,0.00264,74.125.68.0-255,4320,222607,34,365923
43378,0.002643,172.31.33.0-255,66,222673,34,365923
43379,0.002657,74.125.68.0-255,1484,224157,34,365923
43380,0.002662,74.125.68.0-255,5738,229895,34,365923
43381,0.002664,172.31.33.0-255,66,229961,34,365923
43382,0.002691,74.125.68.0-255,1484,231445,34,365923
43383,0.002693,172.31.33.0-255,78,231523,34,365923
43384,0.002698,74.125.68.0-255,4320,235843,34,365923
43385,0.0027,172.31.33.0-255,78,235921,34,365923
43386,0.002714,74.125.68.0-255,5738,241659,34,365923
43387,0.002716,172.31.33.0-255,66,241725,34,365923
43388,0.002735,74.125.68.0-255,3602,245327,34,365923
43389,0.002737,172.31.33.0-255,66,245393,34,365923
43390,0.002764,74.125.68.0-255,2902,248295,34,365923
43391,0.002765,172.31.33.0-255,66,248361,34,365923
43392,0.002783,74.125.68.0-255,7156,255517,34,365923
43393,0.002785,172.31.33.0-255,66,255583,34,365923
43394,0.002789,74.125.68.0-255,2902,258485,34,365923
43395,0.00279,172.31.33.0-255,66,258551,34,365923
43396,0.002819,172.31.33.0-255,66,258617,34,365923
43397,0.002823,74.125.68.0-255,2902,261519,34,365923
43398,0.002825,172.31.33.0-255,66,261585,34,365923
43399,0.002836,74.125.68.0-255,2902,264487,34,365923
43400,0.002837,172.31.33.0-255,66,264553,34,365923
43401,0.002851,74.125.68.0-255,1484,266037,34,365923
43402,0.002859,74.125.68.0-255,1484,267521,34,365923
43403,0.002861,172.31.33.0-255,66,267587,34,365923
43404,0.002883,74.125.68.0-255,5020,272607,34,365923
43405,0.002885,172.31.33.0-255,66,272673,34,365923
43406,0.002892,74.125.68.0-255,7156,279829,34,365923
43407,0.002894,172.31.33.0-255,66,279895,34,365923
43408,0.00293,74.125.68.0-255,2902,282797,34,365923
43409,0.002932,172.31.33.0-255,66,282863,34,365923
43410,0.002947,74.125.68.0-255,1484,284347,34,365923
43411,0.002951,74.125.68.0-255,2902,287249,34,365923
43412,0.002954,172.31.33.0-255,66,287315,34,365923
43413,0.00297,74.125.68.0-255,2902,290217,34,365923
43414,0.002972,172.31.33.0-255,66,290283,34,365923
43415,0.002999,74.125.68.0-255,1484,291767,34,365923
43416,0.003016,74.125.68.0-255,7156,298923,34,365923
43417,0.003018,172.31.33.0-255,66,298989,34,365923
43418,0.003036,74.125.68.0-255,2902,301891,34,365923
43419,0.003039,172.31.33.0-255,66,301957,34,365923
43420,0.003044,74.125.68.0-255,3602,305559,34,365923
43421,0.003046,172.31.33.0-255,66,305625,34,365923
43422,0.003064,74.125.68.0-255,1484,307109,34,365923
43423,0.003068,74.125.68.0-255,1484,308593,34,365923
43424,0.00307,172.31.33.0-255,66,308659,34,365923
43425,0.003085,74.125.68.0-255,1484,310143,34,365923
43426,0.003091,74.125.68.0-255,5738,315881,34,365923
43427,0.003093,172.31.33.0-255,66,315947,34,365923
43428,0.003115,74.125.68.0-255,1484,317431,34,365923
43429,0.003125,74.125.68.0-255,1484,318915,34,365923
43430,0.003127,172.31.33.0-255,66,318981,34,365923
43431,0.003146,74.125.68.0-255,4320,323301,34,365923
43432,0.003149,172.31.33.0-255,66,323367,34,365923
43433,0.003152,74.125.68.0-255,1484,324851,34,365923
43434,0.003168,74.125.68.0-255,2902,327753,34,365923
43435,0.00317,172.31.33.0-255,66,327819,34,365923
43436,0.003184,74.125.68.0-255,4320,332139,34,365923
43437,0.003186,172.31.33.0-255,66,332205,34,365923
43438,0.003213,74.125.68.0-255,1484,333689,34,365923
43439,0.003224,74.125.68.0-255,2902,336591,34,365923
43440,0.003226,172.31.33.0-255,66,336657,34,365923
43441,0.00326,74.125.68.0-255,2902,339559,34,365923
43442,0.003262,172.31.33.0-255,66,339625,34,365923
43443,0.003279,74.125.68.0-255,2184,341809,34,365923
43444,0.003281,172.31.33.0-255,66,341875,34,365923
43445,0.003296,74.125.68.0-255,1484,343359,34,365923
43446,0.003343,74.125.68.0-255,1484,344843,34,365923
43447,0.003345,172.31.33.0-255,66,344909,34,365923
43448,0.003357,74.125.68.0-255,2902,347811,34,365923
43449,0.003359,172.31.33.0-255,66,347877,34,365923
43450,0.003382,74.125.68.0-255,4320,352197,34,365923
43451,0.003384,172.31.33.0-255,66,352263,34,365923
43452,0.003388,74.125.68.0-255,2902,355165,34,365923
43453,0.00339,172.31.33.0-255,66,355231,34,365923
43454,0.003396,74.125.68.0-255,4320,359551,34,365923
43455,0.003398,172.31.33.0-255,66,359617,34,365923
43456,0.003408,74.125.68.0-255,1484,361101,34,365923
43457,0.003423,74.125.68.0-255,4317,365418,34,365923
43458,0.003425,172.31.33.0-255,66,365484,34,365923
43459,0.003428,74.125.68.0-255,97,365581,34,365923
43460,0.003509,74.125.68.0-255,105,365686,34,365923
43461,0.011734,172.31.33.0-255,66,365752,34,365923
43462,0.011765,172.31.33.0-255,105,365857,34,365923
43463,0.013761,74.125.68.0-255,66,365923,34,365923
43464,0.0,74.125.130.0-255,153,153,34,295834
43465,1.6e-05,172.31.33.0-255,66,219,34,295834
43466,2.2e-05,74.125.130.0-255,1484,1703,34,295834
43467,2.6e-05,172.31.33.0-255,66,1769,34,295834
43468,2.9e-05,74.125.130.0-255,1484,3253,34,295834
43469,3.1e-05,172.31.33.0-255,66,3319,34,295834
43470,6.1e-05,74.125.130.0-255,2902,6221,34,295834
43471,6.4e-05,172.31.33.0-255,66,6287,34,295834
43472,7e-05,74.125.130.0-255,5738,12025,34,295834
43473,7.2e-05,172.31.33.0-255,66,12091,34,295834
43474,7.5e-05,74.125.130.0-255,1484,13575,34,295834
43475,7.6e-05,172.31.33.0-255,66,13641,34,295834
43476,0.000103,74.125.130.0-255,708,14349,34,295834
43477,0.000105,172.31.33.0-255,66,14415,34,295834
43478,0.000109,74.125.130.0-255,2902,17317,34,295834
43479,0.000111,172.31.33.0-255,66,17383,34,295834
43480,0.00016,74.125.130.0-255,4320,21703,34,295834
43481,0.000163,172.31.33.0-255,66,21769,34,295834
43482,0.000178,74.125.130.0-255,2902,24671,34,295834
43483,0.00018,172.31.33.0-255,66,24737,34,295834
43484,0.000208,74.125.130.0-255,6797,31534,34,295834
43485,0.000211,172.31.33.0-255,66,31600,34,295834
43486,0.000369,74.125.130.0-255,1484,33084,34,295834
43487,0.000374,172.31.33.0-255,66,33150,34,295834
43488,0.000378,74.125.130.0-255,1484,34634,34,295834
43489,0.00038,172.31.33.0-255,66,34700,34,295834
43490,0.000401,74.125.130.0-255,2902,37602,34,295834
43491,0.000406,172.31.33.0-255,66,37668,34,295834
43492,0.000425,74.125.130.0-255,5738,43406,34,295834
43493,0.000428,172.31.33.0-255,66,43472,34,295834
43494,0.000454,74.125.130.0-255,5379,48851,34,295834
43495,0.000456,172.31.33.0-255,66,48917,34,295834
43496,0.000481,74.125.130.0-255,4320,53237,34,295834
43497,0.000497,74.125.130.0-255,1484,54721,34,295834
43498,0.000501,74.125.130.0-255,2902,57623,34,295834
43499,0.000516,74.125.130.0-255,4320,61943,34,295834
43500,0.000521,172.31.33.0-255,66,62009,34,295834
43501,0.000547,74.125.130.0-255,4254,66263,34,295834
43502,0.000566,172.31.33.0-255,66,66329,34,295834
43503,0.000572,74.125.130.0-255,364,66693,34,295834
43504,0.000703,74.125.130.0-255,1484,68177,34,295834
43505,0.000712,172.31.33.0-255,66,68243,34,295834
43506,0.00072,74.125.130.0-255,2902,71145,34,295834
43507,0.000739,74.125.130.0-255,4320,75465,34,295834
43508,0.000742,172.31.33.0-255,66,75531,34,295834
43509,0.000757,74.125.130.0-255,1484,77015,34,295834
43510,0.000775,74.125.130.0-255,4320,81335,34,295834
43511,0.000783,172.31.33.0-255,66,81401,34,295834
43512,0.000786,74.125.130.0-255,2902,84303,34,295834
43513,0.000791,172.31.33.0-255,66,84369,34,295834
43514,0.00082,74.125.130.0-255,5738,90107,34,295834
43515,0.000825,74.125.130.0-255,4320,94427,34,295834
43516,0.000829,172.31.33.0-255,66,94493,34,295834
43517,0.000842,74.125.130.0-255,2902,97395,34,295834
43518,0.000853,74.125.130.0-255,3051,100446,34,295834
43519,0.000872,172.31.33.0-255,66,100512,34,295834
43520,0.000949,74.125.130.0-255,1484,101996,34,295834
43521,0.000966,74.125.130.0-255,2902,104898,34,295834
43522,0.000978,172.31.33.0-255,66,104964,34,295834
43523,0.001004,74.125.130.0-255,5738,110702,34,295834
43524,0.001007,74.125.130.0-255,1484,112186,34,295834
43525,0.001009,74.125.130.0-255,1484,113670,34,295834
43526,0.001016,172.31.33.0-255,66,113736,34,295834
43527,0.001023,74.125.130.0-255,1484,115220,34,295834
43528,0.001043,74.125.130.0-255,5738,120958,34,295834
43529,0.001055,74.125.130.0-255,2902,123860,34,295834
43530,0.001068,172.31.33.0-255,66,123926,34,295834
43531,0.001077,74.125.130.0-255,4320,128246,34,295834
43532,0.001082,172.31.33.0-255,66,128312,34,295834
43533,0.001107,74.125.130.0-255,2902,131214,34,295834
43534,0.001111,172.31.33.0-255,66,131280,34,295834
43535,0.001137,74.125.130.0-255,3602,134882,34,295834
43536,0.001142,172.31.33.0-255,66,134948,34,295834
43537,0.00126,74.125.130.0-255,1484,136432,34,295834
43538,0.001265,74.125.130.0-255,2902,139334,34,295834
43539,0.001273,172.31.33.0-255,66,139400,34,295834
43540,0.00128,74.125.130.0-255,1484,140884,34,295834
43541,0.001304,74.125.130.0-255,4320,145204,34,295834
43542,0.001307,74.125.130.0-255,1484,146688,34,295834
43543,0.001312,172.31.33.0-255,66,146754,34,295834
43544,0.001332,74.125.130.0-255,5738,152492,34,295834
43545,0.001335,74.125.130.0-255,1484,153976,34,295834
43546,0.001349,172.31.33.0-255,66,154042,34,295834
43547,0.001368,74.125.130.0-255,7156,161198,34,295834
43548,0.001373,74.125.130.0-255,4320,165518,34,295834
43549,0.001394,172.31.33.0-255,66,165584,34,295834
43550,0.001425,74.125.130.0-255,3602,169186,34,295834
43551,0.001449,172.31.33.0-255,66,169252,34,295834
43552,0.001494,74.125.130.0-255,1484,170736,34,295834
43553,0.001498,74.125.130.0-255,1484,172220,34,295834
43554,0.001507,172.31.33.0-255,66,172286,34,295834
43555,0.001515,74.125.130.0-255,1484,173770,34,295834
43556,0.001521,74.125.130.0-255,4320,178090,34,295834
43557,0.001541,172.31.33.0-255,66,178156,34,295834
43558,0.001548,74.125.130.0-255,5738,183894,34,295834
43559,0.001572,74.125.130.0-255,2902,186796,34,295834
43560,0.00158,74.125.130.0-255,7156,193952,34,295834
43561,0.001584,74.125.130.0-255,2902,196854,34,295834
43562,0.001602,74.125.130.0-255,5738,202592,34,295834
43563,0.001606,74.125.130.0-255,766,203358,34,295834
43564,0.001615,172.31.33.0-255,66,203424,34,295834
43565,0.00181,74.125.130.0-255,1484,204908,34,295834
43566,0.001859,74.125.130.0-255,1484,206392,34,295834
43567,0.001876,74.125.130.0-255,1484,207876,34,295834
43568,0.001882,74.125.130.0-255,5738,213614,34,295834
43569,0.001933,74.125.130.0-255,2184,215798,34,295834
43570,0.006576,172.31.33.0-255,66,215864,34,295834
43571,0.008584,74.125.130.0-255,5738,221602,34,295834
43572,0.008591,172.31.33.0-255,66,221668,34,295834
43573,0.010581,74.125.130.0-255,4320,225988,34,295834
43574,0.0106,74.125.130.0-255,1484,227472,34,295834
43575,0.011433,172.31.33.0-255,66,227538,34,295834
43576,0.013453,74.125.130.0-255,5738,233276,34,295834
43577,0.013464,172.31.33.0-255,66,233342,34,295834
43578,0.015475,74.125.130.0-255,5738,239080,34,295834
43579,0.017977,172.31.33.0-255,66,239146,34,295834
43580,0.019992,74.125.130.0-255,5738,244884,34,295834
43581,0.020007,172.31.33.0-255,66,244950,34,295834
43582,0.022002,74.125.130.0-255,5738,250688,34,295834
43583,0.02201,172.31.33.0-255,66,250754,34,295834
43584,0.023998,74.125.130.0-255,5738,256492,34,295834
43585,0.024004,172.31.33.0-255,66,256558,34,295834
43586,0.02602,74.125.130.0-255,5738,262296,34,295834
43587,0.026036,172.31.33.0-255,66,262362,34,295834
43588,0.028022,74.125.130.0-255,4320,266682,34,295834
43589,0.028029,172.31.33.0-255,66,266748,34,295834
43590,0.028056,74.125.130.0-255,1484,268232,34,295834
43591,0.030018,74.125.130.0-255,4320,272552,34,295834
43592,0.030024,172.31.33.0-255,66,272618,34,295834
43593,0.032023,74.125.130.0-255,5738,278356,34,295834
43594,0.032089,172.31.33.0-255,66,278422,34,295834
43595,0.034089,74.125.130.0-255,5738,284160,34,295834
43596,0.0341,172.31.33.0-255,66,284226,34,295834
43597,0.036108,74.125.130.0-255,5738,289964,34,295834
43598,0.036118,172.31.33.0-255,66,290030,34,295834
43599,0.038111,74.125.130.0-255,5738,295768,34,295834
43600,0.038117,172.31.33.0-255,66,295834,34,295834
43601,0.0,74.125.24.0-255,143,143,34,198127
43602,2.8e-05,172.31.33.0-255,66,209,34,198127
43603,3.5e-05,74.125.24.0-255,1484,1693,34,198127
43604,3.9e-05,172.31.33.0-255,66,1759,34,198127
43605,4.4e-05,74.125.24.0-255,2902,4661,34,198127
43606,4.7e-05,172.31.33.0-255,66,4727,34,198127
43607,8.2e-05,74.125.24.0-255,7156,11883,34,198127
43608,8.5e-05,74.125.24.0-255,2010,13893,34,198127
43609,8.7e-05,172.31.33.0-255,66,13959,34,198127
43610,9e-05,172.31.33.0-255,66,14025,34,198127
43611,0.000129,74.125.24.0-255,1484,15509,34,198127
43612,0.000132,172.31.33.0-255,66,15575,34,198127
43613,0.000136,74.125.24.0-255,1484,17059,34,198127
43614,0.00014,172.31.33.0-255,66,17125,34,198127
43615,0.000165,74.125.24.0-255,1484,18609,34,198127
43616,0.000167,172.31.33.0-255,66,18675,34,198127
43617,0.000173,74.125.24.0-255,5738,24413,34,198127
43618,0.000176,172.31.33.0-255,66,24479,34,198127
43619,0.000183,74.125.24.0-255,5738,30217,34,198127
43620,0.000188,172.31.33.0-255,66,30283,34,198127
43621,0.000211,74.125.24.0-255,4320,34603,34,198127
43622,0.000214,172.31.33.0-255,66,34669,34,198127
43623,0.000243,172.31.33.0-255,66,34735,34,198127
43624,0.000248,74.125.24.0-255,3961,38696,34,198127
43625,0.00025,172.31.33.0-255,66,38762,34,198127
43626,0.000287,172.31.33.0-255,66,38828,34,198127
43627,0.000325,74.125.24.0-255,1484,40312,34,198127
43628,0.00033,172.31.33.0-255,66,40378,34,198127
43629,0.000354,74.125.24.0-255,7095,47473,34,198127
43630,0.000359,172.31.33.0-255,66,47539,34,198127
43631,0.000406,74.125.24.0-255,131,47670,34,198127
43632,0.000481,74.125.24.0-255,1484,49154,34,198127
43633,0.000484,172.31.33.0-255,66,49220,34,198127
43634,0.000489,74.125.24.0-255,1484,50704,34,198127
43635,0.000505,74.125.24.0-255,1484,52188,34,198127
43636,0.000507,172.31.33.0-255,66,52254,34,198127
43637,0.000515,74.125.24.0-255,5738,57992,34,198127
43638,0.000517,172.31.33.0-255,66,58058,34,198127
43639,0.00054,74.125.24.0-255,1484,59542,34,198127
43640,0.000555,74.125.24.0-255,5379,64921,34,198127
43641,0.000559,172.31.33.0-255,66,64987,34,198127
43642,0.000601,74.125.24.0-255,1484,66471,34,198127
43643,0.000605,74.125.24.0-255,1484,67955,34,198127
43644,0.000609,172.31.33.0-255,66,68021,34,198127
43645,0.000617,74.125.24.0-255,1484,69505,34,198127
43646,0.000624,74.125.24.0-255,5738,75243,34,198127
43647,0.000628,172.31.33.0-255,66,75309,34,198127
43648,0.000651,74.125.24.0-255,1484,76793,34,198127
43649,0.000676,74.125.24.0-255,1484,78277,34,198127
43650,0.000678,172.31.33.0-255,66,78343,34,198127
43651,0.00071,172.31.33.0-255,66,78409,34,198127
43652,0.000729,74.125.24.0-255,2902,81311,34,198127
43653,0.000732,172.31.33.0-255,66,81377,34,198127
43654,0.000762,172.31.33.0-255,66,81443,34,198127
43655,0.000805,74.125.24.0-255,1484,82927,34,198127
43656,0.00081,74.125.24.0-255,2902,85829,34,198127
43657,0.000814,172.31.33.0-255,66,85895,34,198127
43658,0.000834,74.125.24.0-255,5738,91633,34,198127
43659,0.000838,172.31.33.0-255,66,91699,34,198127
43660,0.000868,172.31.33.0-255,66,91765,34,198127
43661,0.000906,172.31.33.0-255,66,91831,34,198127
43662,0.001304,74.125.24.0-255,1484,93315,34,198127
43663,0.001311,74.125.24.0-255,2902,96217,34,198127
43664,0.001316,172.31.33.0-255,66,96283,34,198127
43665,0.001327,74.125.24.0-255,4320,100603,34,198127
43666,0.001329,172.31.33.0-255,66,100669,34,198127
43667,0.001357,74.125.24.0-255,1484,102153,34,198127
43668,0.001365,74.125.24.0-255,7156,109309,34,198127
43669,0.001367,172.31.33.0-255,66,109375,34,198127
43670,0.001377,172.31.33.0-255,66,109441,34,198127
43671,0.001395,74.125.24.0-255,5738,115179,34,198127
43672,0.001398,172.31.33.0-255,66,115245,34,198127
43673,0.001402,74.125.24.0-255,2184,117429,34,198127
43674,0.001404,172.31.33.0-255,66,117495,34,198127
43675,0.001473,74.125.24.0-255,1484,118979,34,198127
43676,0.00149,74.125.24.0-255,2902,121881,34,198127
43677,0.001493,172.31.33.0-255,66,121947,34,198127
43678,0.001499,74.125.24.0-255,2902,124849,34,198127
43679,0.001501,172.31.33.0-255,66,124915,34,198127
43680,0.001523,74.125.24.0-255,2902,127817,34,198127
43681,0.001527,172.31.33.0-255,66,127883,34,198127
43682,0.001528,74.125.24.0-255,4320,132203,34,198127
43683,0.00153,172.31.33.0-255,66,132269,34,198127
43684,0.001569,172.31.33.0-255,66,132335,34,198127
43685,0.001576,74.125.24.0-255,7156,139491,34,198127
43686,0.001578,172.31.33.0-255,66,139557,34,198127
43687,0.001661,74.125.24.0-255,3602,143159,34,198127
43688,0.001665,172.31.33.0-255,66,143225,34,198127
43689,0.001735,74.125.24.0-255,1484,144709,34,198127
43690,0.001748,74.125.24.0-255,2902,147611,34,198127
43691,0.001751,172.31.33.0-255,66,147677,34,198127
43692,0.001756,74.125.24.0-255,2902,150579,34,198127
43693,0.001758,172.31.33.0-255,66,150645,34,198127
43694,0.001771,74.125.24.0-255,2902,153547,34,198127
43695,0.001775,172.31.33.0-255,66,153613,34,198127
43696,0.001789,74.125.24.0-255,2902,156515,34,198127
43697,0.001791,172.31.33.0-255,66,156581,34,198127
43698,0.001823,172.31.33.0-255,66,156647,34,198127
43699,0.001829,74.125.24.0-255,5738,162385,34,198127
43700,0.001831,172.31.33.0-255,66,162451,34,198127
43701,0.001892,74.125.24.0-255,5020,167471,34,198127
43702,0.001896,172.31.33.0-255,66,167537,34,198127
43703,0.001942,74.125.24.0-255,1484,169021,34,198127
43704,0.001971,74.125.24.0-255,2902,171923,34,198127
43705,0.001975,172.31.33.0-255,66,171989,34,198127
43706,0.001982,74.125.24.0-255,5738,177727,34,198127
43707,0.001984,172.31.33.0-255,66,177793,34,198127
43708,0.001987,74.125.24.0-255,1484,179277,34,198127
43709,0.002033,172.31.33.0-255,66,179343,34,198127
43710,0.00204,74.125.24.0-255,7156,186499,34,198127
43711,0.002042,172.31.33.0-255,66,186565,34,198127
43712,0.002079,172.31.33.0-255,66,186631,34,198127
43713,0.002106,172.31.33.0-255,66,186697,34,198127
43714,0.002153,172.31.33.0-255,66,186763,34,198127
43715,0.002169,172.31.33.0-255,66,186829,34,198127
43716,0.002197,74.125.24.0-255,4320,191149,34,198127
43717,0.0022,172.31.33.0-255,66,191215,34,198127
43718,0.002207,74.125.24.0-255,6438,197653,34,198127
43719,0.002209,172.31.33.0-255,66,197719,34,198127
43720,0.002254,172.31.33.0-255,66,197785,34,198127
43721,0.002257,74.125.24.0-255,105,197890,34,198127
43722,0.013569,172.31.33.0-255,66,197956,34,198127
43723,0.013597,172.31.33.0-255,105,198061,34,198127
43724,0.015849,74.125.24.0-255,66,198127,34,198127
43725,0.0,172.31.33.0-255,105,105,34,342
43726,0.002249,74.125.24.0-255,66,171,34,342
43727,0.002285,74.125.24.0-255,105,276,34,342
43728,0.002288,172.31.33.0-255,66,342,34,342
43729,0.0,74.125.24.0-255,153,153,34,169575
43730,1.6e-05,172.31.33.0-255,66,219,34,169575
43731,2.2e-05,74.125.24.0-255,1484,1703,34,169575
43732,2.6e-05,172.31.33.0-255,66,1769,34,169575
43733,3.1e-05,74.125.24.0-255,2902,4671,34,169575
43734,3.3e-05,172.31.33.0-255,66,4737,34,169575
43735,3.6e-05,74.125.24.0-255,1484,6221,34,169575
43736,3.8e-05,172.31.33.0-255,66,6287,34,169575
43737,6.5e-05,74.125.24.0-255,5738,12025,34,169575
43738,6.7e-05,172.31.33.0-255,66,12091,34,169575
43739,8.1e-05,74.125.24.0-255,2058,14149,34,169575
43740,8.2e-05,172.31.33.0-255,66,14215,34,169575
43741,0.000106,74.125.24.0-255,2902,17117,34,169575
43742,0.000108,172.31.33.0-255,66,17183,34,169575
43743,0.000133,74.125.24.0-255,2902,20085,34,169575
43744,0.000135,172.31.33.0-255,66,20151,34,169575
43745,0.000154,74.125.24.0-255,4320,24471,34,169575
43746,0.000156,172.31.33.0-255,66,24537,34,169575
43747,0.000163,74.125.24.0-255,6797,31334,34,169575
43748,0.000165,172.31.33.0-255,66,31400,34,169575
43749,0.000198,74.125.24.0-255,4320,35720,34,169575
43750,0.0002,172.31.33.0-255,66,35786,34,169575
43751,0.000227,172.31.33.0-255,66,35852,34,169575
43752,0.000229,74.125.24.0-255,1125,36977,34,169575
43753,0.000231,172.31.33.0-255,66,37043,34,169575
43754,0.000625,74.125.24.0-255,1484,38527,34,169575
43755,0.00063,172.31.33.0-255,66,38593,34,169575
43756,0.000644,74.125.24.0-255,1484,40077,34,169575
43757,0.000646,172.31.33.0-255,66,40143,34,169575
43758,0.000651,74.125.24.0-255,2902,43045,34,169575
43759,0.000653,172.31.33.0-255,66,43111,34,169575
43760,0.000659,74.125.24.0-255,4320,47431,34,169575
43761,0.000661,172.31.33.0-255,66,47497,34,169575
43762,0.000681,74.125.24.0-255,1484,48981,34,169575
43763,0.000684,74.125.24.0-255,1484,50465,34,169575
43764,0.000686,172.31.33.0-255,66,50531,34,169575
43765,0.000717,172.31.33.0-255,66,50597,34,169575
43766,0.000722,74.125.24.0-255,5738,56335,34,169575
43767,0.000725,172.31.33.0-255,66,56401,34,169575
43768,0.000769,74.125.24.0-255,3961,60362,34,169575
43769,0.000772,172.31.33.0-255,66,60428,34,169575
43770,0.000777,74.125.24.0-255,4320,64748,34,169575
43771,0.000779,172.31.33.0-255,66,64814,34,169575
43772,0.000789,172.31.33.0-255,66,64880,34,169575
43773,0.000791,74.125.24.0-255,1125,66005,34,169575
43774,0.000914,74.125.24.0-255,1484,67489,34,169575
43775,0.000917,172.31.33.0-255,66,67555,34,169575
43776,0.000922,74.125.24.0-255,2902,70457,34,169575
43777,0.000924,172.31.33.0-255,66,70523,34,169575
43778,0.000927,74.125.24.0-255,1484,72007,34,169575
43779,0.000952,74.125.24.0-255,4320,76327,34,169575
43780,0.000954,172.31.33.0-255,66,76393,34,169575
43781,0.000959,74.125.24.0-255,2902,79295,34,169575
43782,0.000961,172.31.33.0-255,66,79361,34,169575
43783,0.000982,172.31.33.0-255,66,79427,34,169575
43784,0.001028,172.31.33.0-255,66,79493,34,169575
43785,0.001072,172.31.33.0-255,66,79559,34,169575
43786,0.001075,74.125.24.0-255,1484,81043,34,169575
43787,0.001089,74.125.24.0-255,4320,85363,34,169575
43788,0.001093,172.31.33.0-255,66,85429,34,169575
43789,0.001111,172.31.33.0-255,66,85495,34,169575
43790,0.001128,74.125.24.0-255,4320,89815,34,169575
43791,0.00113,172.31.33.0-255,66,89881,34,169575
43792,0.001165,172.31.33.0-255,66,89947,34,169575
43793,0.001168,74.125.24.0-255,1484,91431,34,169575
43794,0.001204,172.31.33.0-255,66,91497,34,169575
43795,0.001225,74.125.24.0-255,7156,98653,34,169575
43796,0.001228,172.31.33.0-255,66,98719,34,169575
43797,0.001288,172.31.33.0-255,66,98785,34,169575
43798,0.0013,172.31.33.0-255,66,98851,34,169575
43799,0.001315,172.31.33.0-255,66,98917,34,169575
43800,0.001329,172.31.33.0-255,66,98983,34,169575
43801,0.00135,74.125.24.0-255,6783,105766,34,169575
43802,0.001352,172.31.33.0-255,66,105832,34,169575
43803,0.001364,172.31.33.0-255,66,105898,34,169575
43804,0.001413,74.125.24.0-255,6438,112336,34,169575
43805,0.001415,172.31.33.0-255,66,112402,34,169575
43806,0.001449,74.125.24.0-255,1484,113886,34,169575
43807,0.001466,74.125.24.0-255,2902,116788,34,169575
43808,0.001468,172.31.33.0-255,66,116854,34,169575
43809,0.001474,74.125.24.0-255,4320,121174,34,169575
43810,0.001476,172.31.33.0-255,66,121240,34,169575
43811,0.00149,74.125.24.0-255,1484,122724,34,169575
43812,0.001496,74.125.24.0-255,5738,128462,34,169575
43813,0.001498,172.31.33.0-255,66,128528,34,169575
43814,0.001534,172.31.33.0-255,66,128594,34,169575
43815,0.001539,74.125.24.0-255,5020,133614,34,169575
43816,0.001541,172.31.33.0-255,66,133680,34,169575
43817,0.001589,74.125.24.0-255,1484,135164,34,169575
43818,0.001606,74.125.24.0-255,2902,138066,34,169575
43819,0.001609,172.31.33.0-255,66,138132,34,169575
43820,0.001615,74.125.24.0-255,5738,143870,34,169575
43821,0.001617,172.31.33.0-255,66,143936,34,169575
43822,0.001646,74.125.24.0-255,1484,145420,34,169575
43823,0.001657,74.125.24.0-255,2902,148322,34,169575
43824,0.00166,172.31.33.0-255,66,148388,34,169575
43825,0.001687,172.31.33.0-255,66,148454,34,169575
43826,0.0017,74.125.24.0-255,2902,151356,34,169575
43827,0.001702,172.31.33.0-255,66,151422,34,169575
43828,0.001733,172.31.33.0-255,66,151488,34,169575
43829,0.001744,172.31.33.0-255,66,151554,34,169575
43830,0.001759,74.125.24.0-255,7156,158710,34,169575
43831,0.001762,172.31.33.0-255,66,158776,34,169575
43832,0.001775,74.125.24.0-255,2902,161678,34,169575
43833,0.001777,172.31.33.0-255,66,161744,34,169575
43834,0.001811,172.31.33.0-255,66,161810,34,169575
43835,0.001828,74.125.24.0-255,3071,164881,34,169575
43836,0.001831,172.31.33.0-255,66,164947,34,169575
43837,0.001834,74.125.24.0-255,105,165052,34,169575
43838,0.007622,172.31.33.0-255,66,165118,34,169575
43839,0.007655,172.31.33.0-255,105,165223,34,169575
43840,0.01028,74.125.24.0-255,66,165289,34,169575
43841,0.02471,172.31.33.0-255,167,165456,34,169575
43842,0.02474,172.31.33.0-255,1113,166569,34,169575
43843,0.024794,172.31.33.0-255,1514,168083,34,169575
43844,0.024795,172.31.33.0-255,1294,169377,34,169575
43845,0.026266,104.244.42.0-255,66,169443,34,169575
43846,0.026299,104.244.42.0-255,66,169509,34,169575
43847,0.026354,104.244.42.0-255,66,169575,34,169575
43848,0.0,74.125.200.0-255,431,431,34,124133
43849,1.8e-05,74.125.200.0-255,1484,1915,34,124133
43850,2.8e-05,172.31.33.0-255,66,1981,34,124133
43851,3.8e-05,74.125.200.0-255,4320,6301,34,124133
43852,4.1e-05,172.31.33.0-255,66,6367,34,124133
43853,5.6e-05,74.125.200.0-255,4320,10687,34,124133
43854,5.9e-05,172.31.33.0-255,66,10753,34,124133
43855,8.1e-05,74.125.200.0-255,3459,14212,34,124133
43856,8.3e-05,172.31.33.0-255,66,14278,34,124133
43857,0.000552,74.125.200.0-255,1484,15762,34,124133
43858,0.000573,74.125.200.0-255,2902,18664,34,124133
43859,0.000577,172.31.33.0-255,66,18730,34,124133
43860,0.000703,74.125.200.0-255,5738,24468,34,124133
43861,0.000708,172.31.33.0-255,66,24534,34,124133
43862,0.000948,74.125.200.0-255,5640,30174,34,124133
43863,0.000955,172.31.33.0-255,66,30240,34,124133
43864,0.00231,74.125.200.0-255,4320,34560,34,124133
43865,0.002317,172.31.33.0-255,66,34626,34,124133
43866,0.002334,74.125.200.0-255,1484,36110,34,124133
43867,0.002424,74.125.200.0-255,2902,39012,34,124133
43868,0.002442,74.125.200.0-255,5738,44750,34,124133
43869,0.002782,74.125.200.0-255,2902,47652,34,124133
43870,0.002816,74.125.200.0-255,1484,49136,34,124133
43871,0.003442,74.125.200.0-255,4320,53456,34,124133
43872,0.003819,172.31.33.0-255,66,53522,34,124133
43873,0.00398,74.125.200.0-255,5738,59260,34,124133
43874,0.004006,172.31.33.0-255,66,59326,34,124133
43875,0.004016,172.31.33.0-255,66,59392,34,124133
43876,0.004213,172.31.33.0-255,66,59458,34,124133
43877,0.004489,74.125.200.0-255,5738,65196,34,124133
43878,0.004493,172.31.33.0-255,66,65262,34,124133
43879,0.00469,74.125.200.0-255,7156,72418,34,124133
43880,0.004703,74.125.200.0-255,1484,73902,34,124133
43881,0.004881,172.31.33.0-255,66,73968,34,124133
43882,0.006067,172.31.33.0-255,66,74034,34,124133
43883,0.006084,74.125.200.0-255,4320,78354,34,124133
43884,0.00647,74.125.200.0-255,1484,79838,34,124133
43885,0.006553,74.125.200.0-255,5738,85576,34,124133
43886,0.006599,74.125.200.0-255,5738,91314,34,124133
43887,0.007904,172.31.33.0-255,66,91380,34,124133
43888,0.010178,172.31.33.0-255,66,91446,34,124133
43889,0.010218,172.31.33.0-255,66,91512,34,124133
43890,0.010292,74.125.200.0-255,5738,97250,34,124133
43891,0.010294,172.31.33.0-255,66,97316,34,124133
43892,0.010345,172.31.33.0-255,66,97382,34,124133
43893,0.010362,74.125.200.0-255,2902,100284,34,124133
43894,0.010364,172.31.33.0-255,66,100350,34,124133
43895,0.01077,74.125.200.0-255,4320,104670,34,124133
43896,0.010775,172.31.33.0-255,66,104736,34,124133
43897,0.010808,172.31.33.0-255,66,104802,34,124133
43898,0.010829,74.125.200.0-255,5992,110794,34,124133
43899,0.010832,172.31.33.0-255,66,110860,34,124133
43900,0.012432,172.31.33.0-255,66,110926,34,124133
43901,0.012467,74.125.200.0-255,2902,113828,34,124133
43902,0.012469,172.31.33.0-255,66,113894,34,124133
43903,0.012505,172.31.33.0-255,66,113960,34,124133
43904,0.012541,172.31.33.0-255,66,114026,34,124133
43905,0.012934,74.125.200.0-255,2902,116928,34,124133
43906,0.012937,172.31.33.0-255,66,116994,34,124133
43907,0.013086,172.31.33.0-255,66,117060,34,124133
43908,0.021227,172.31.33.0-255,105,117165,34,124133
43909,0.023414,74.125.200.0-255,66,117231,34,124133
43910,0.03986,172.31.33.0-255,172,117403,34,124133
43911,0.03989,172.31.33.0-255,1112,118515,34,124133
43912,0.039946,172.31.33.0-255,1514,120029,34,124133
43913,0.039947,172.31.33.0-255,1514,121543,34,124133
43914,0.039948,172.31.33.0-255,1514,123057,34,124133
43915,0.039949,172.31.33.0-255,1076,124133,34,124133
43916,0.0,74.125.68.0-255,153,153,34,349806
43917,1.8e-05,172.31.33.0-255,66,219,34,349806
43918,3.9e-05,74.125.68.0-255,1484,1703,34,349806
43919,4.4e-05,172.31.33.0-255,66,1769,34,349806
43920,6.2e-05,74.125.68.0-255,2902,4671,34,349806
43921,6.4e-05,172.31.33.0-255,66,4737,34,349806
43922,7e-05,74.125.68.0-255,4320,9057,34,349806
43923,7.2e-05,172.31.33.0-255,66,9123,34,349806
43924,0.000111,74.125.68.0-255,2902,12025,34,349806
43925,0.000114,172.31.33.0-255,66,12091,34,349806
43926,0.000139,74.125.68.0-255,2026,14117,34,349806
43927,0.000141,172.31.33.0-255,66,14183,34,349806
43928,0.000253,74.125.68.0-255,1484,15667,34,349806
43929,0.000257,172.31.33.0-255,66,15733,34,349806
43930,0.000265,74.125.68.0-255,2902,18635,34,349806
43931,0.000267,172.31.33.0-255,66,18701,34,349806
43932,0.00029,74.125.68.0-255,5738,24439,34,349806
43933,0.000292,172.31.33.0-255,66,24505,34,349806
43934,0.000315,74.125.68.0-255,4320,28825,34,349806
43935,0.000317,172.31.33.0-255,66,28891,34,349806
43936,0.000338,74.125.68.0-255,2543,31434,34,349806
43937,0.000341,172.31.33.0-255,66,31500,34,349806
43938,0.000345,74.125.68.0-255,2902,34402,34,349806
43939,0.000347,172.31.33.0-255,66,34468,34,349806
43940,0.000379,74.125.68.0-255,4320,38788,34,349806
43941,0.000382,172.31.33.0-255,66,38854,34,349806
43942,0.000386,74.125.68.0-255,4320,43174,34,349806
43943,0.000388,172.31.33.0-255,66,43240,34,349806
43944,0.000394,74.125.68.0-255,5379,48619,34,349806
43945,0.000398,172.31.33.0-255,66,48685,34,349806
43946,0.000499,74.125.68.0-255,1484,50169,34,349806
43947,0.000502,172.31.33.0-255,66,50235,34,349806
43948,0.000506,74.125.68.0-255,1484,51719,34,349806
43949,0.000525,74.125.68.0-255,2902,54621,34,349806
43950,0.000529,172.31.33.0-255,66,54687,34,349806
43951,0.000557,74.125.68.0-255,5738,60425,34,349806
43952,0.000559,172.31.33.0-255,66,60491,34,349806
43953,0.000587,74.125.68.0-255,5379,65870,34,349806
43954,0.000589,172.31.33.0-255,66,65936,34,349806
43955,0.000661,74.125.68.0-255,646,66582,34,349806
43956,0.000688,74.125.68.0-255,1484,68066,34,349806
43957,0.000691,172.31.33.0-255,66,68132,34,349806
43958,0.000719,74.125.68.0-255,4320,72452,34,349806
43959,0.000722,172.31.33.0-255,66,72518,34,349806
43960,0.000743,74.125.68.0-255,2902,75420,34,349806
43961,0.000745,172.31.33.0-255,66,75486,34,349806
43962,0.000767,74.125.68.0-255,2902,78388,34,349806
43963,0.000769,172.31.33.0-255,66,78454,34,349806
43964,0.000775,74.125.68.0-255,5379,83833,34,349806
43965,0.000777,172.31.33.0-255,66,83899,34,349806
43966,0.000806,74.125.68.0-255,5738,89637,34,349806
43967,0.000808,172.31.33.0-255,66,89703,34,349806
43968,0.000812,74.125.68.0-255,2902,92605,34,349806
43969,0.000814,172.31.33.0-255,66,92671,34,349806
43970,0.000817,74.125.68.0-255,1484,94155,34,349806
43971,0.000845,74.125.68.0-255,2902,97057,34,349806
43972,0.000847,172.31.33.0-255,66,97123,34,349806
43973,0.000882,74.125.68.0-255,3961,101084,34,349806
43974,0.000885,172.31.33.0-255,66,101150,34,349806
43975,0.002105,74.125.68.0-255,1484,102634,34,349806
43976,0.002124,74.125.68.0-255,2902,105536,34,349806
43977,0.002129,172.31.33.0-255,66,105602,34,349806
43978,0.002134,74.125.68.0-255,1484,107086,34,349806
43979,0.002163,74.125.68.0-255,2902,109988,34,349806
43980,0.002165,172.31.33.0-255,66,110054,34,349806
43981,0.002193,74.125.68.0-255,4320,114374,34,349806
43982,0.002195,172.31.33.0-255,66,114440,34,349806
43983,0.002228,74.125.68.0-255,2902,117342,34,349806
43984,0.00223,172.31.33.0-255,66,117408,34,349806
43985,0.002242,74.125.68.0-255,1484,118892,34,349806
43986,0.00246,74.125.68.0-255,4320,123212,34,349806
43987,0.002463,172.31.33.0-255,66,123278,34,349806
43988,0.002467,74.125.68.0-255,2902,126180,34,349806
43989,0.002469,172.31.33.0-255,66,126246,34,349806
43990,0.002474,74.125.68.0-255,4320,130566,34,349806
43991,0.002476,172.31.33.0-255,66,130632,34,349806
43992,0.002482,74.125.68.0-255,5020,135652,34,349806
43993,0.002485,172.31.33.0-255,66,135718,34,349806
43994,0.002827,74.125.68.0-255,1484,137202,34,349806
43995,0.002857,74.125.68.0-255,2902,140104,34,349806
43996,0.00286,172.31.33.0-255,66,140170,34,349806
43997,0.002885,74.125.68.0-255,2902,143072,34,349806
43998,0.002887,172.31.33.0-255,66,143138,34,349806
43999,0.002909,74.125.68.0-255,1484,144622,34,349806
44000,0.002913,74.125.68.0-255,2902,147524,34,349806
44001,0.002915,172.31.33.0-255,66,147590,34,349806
44002,0.002964,74.125.68.0-255,1484,149074,34,349806
44003,0.002984,74.125.68.0-255,4320,153394,34,349806
44004,0.002986,172.31.33.0-255,66,153460,34,349806
44005,0.00299,74.125.68.0-255,2902,156362,34,349806
44006,0.002992,172.31.33.0-255,66,156428,34,349806
44007,0.002997,74.125.68.0-255,4320,160748,34,349806
44008,0.003003,172.31.33.0-255,66,160814,34,349806
44009,0.003014,172.31.33.0-255,66,160880,34,349806
44010,0.003017,74.125.68.0-255,766,161646,34,349806
44011,0.00302,74.125.68.0-255,1484,163130,34,349806
44012,0.003022,172.31.33.0-255,66,163196,34,349806
44013,0.003027,74.125.68.0-255,4320,167516,34,349806
44014,0.00303,172.31.33.0-255,66,167582,34,349806
44015,0.003053,74.125.68.0-255,2902,170484,34,349806
44016,0.003056,172.31.33.0-255,66,170550,34,349806
44017,0.003082,74.125.68.0-255,5738,176288,34,349806
44018,0.003084,172.31.33.0-255,66,176354,34,349806
44019,0.003097,172.31.33.0-255,66,176420,34,349806
44020,0.003104,74.125.68.0-255,5738,182158,34,349806
44021,0.003106,172.31.33.0-255,66,182224,34,349806
44022,0.003142,74.125.68.0-255,3602,185826,34,349806
44023,0.003144,172.31.33.0-255,66,185892,34,349806
44024,0.003291,74.125.68.0-255,1484,187376,34,349806
44025,0.00332,74.125.68.0-255,2902,190278,34,349806
44026,0.003323,172.31.33.0-255,66,190344,34,349806
44027,0.003354,74.125.68.0-255,4320,194664,34,349806
44028,0.003357,172.31.33.0-255,66,194730,34,349806
44029,0.00338,74.125.68.0-255,1484,196214,34,349806
44030,0.003387,74.125.68.0-255,7156,203370,34,349806
44031,0.003389,172.31.33.0-255,66,203436,34,349806
44032,0.00341,74.125.68.0-255,7156,210592,34,349806
44033,0.003412,172.31.33.0-255,66,210658,34,349806
44034,0.003441,74.125.68.0-255,7156,217814,34,349806
44035,0.003443,172.31.33.0-255,66,217880,34,349806
44036,0.003446,74.125.68.0-255,2184,220064,34,349806
44037,0.003448,172.31.33.0-255,66,220130,34,349806
44038,0.003505,74.125.68.0-255,1484,221614,34,349806
44039,0.003509,74.125.68.0-255,2902,224516,34,349806
44040,0.003512,172.31.33.0-255,66,224582,34,349806
44041,0.003539,74.125.68.0-255,5738,230320,34,349806
44042,0.003541,172.31.33.0-255,66,230386,34,349806
44043,0.003567,74.125.68.0-255,4320,234706,34,349806
44044,0.003569,172.31.33.0-255,66,234772,34,349806
44045,0.003581,74.125.68.0-255,2902,237674,34,349806
44046,0.003587,172.31.33.0-255,66,237740,34,349806
44047,0.003597,172.31.33.0-255,66,237806,34,349806
44048,0.003602,74.125.68.0-255,4320,242126,34,349806
44049,0.003604,172.31.33.0-255,66,242192,34,349806
44050,0.003654,74.125.68.0-255,2902,245094,34,349806
44051,0.003656,172.31.33.0-255,66,245160,34,349806
44052,0.00369,172.31.33.0-255,66,245226,34,349806
44053,0.00371,74.125.68.0-255,2902,248128,34,349806
44054,0.003716,74.125.68.0-255,5738,253866,34,349806
44055,0.00373,74.125.68.0-255,766,254632,34,349806
44056,0.003801,74.125.68.0-255,1484,256116,34,349806
44057,0.003822,74.125.68.0-255,2902,259018,34,349806
44058,0.003824,74.125.68.0-255,1484,260502,34,349806
44059,0.003841,74.125.68.0-255,4320,264822,34,349806
44060,0.003846,74.125.68.0-255,4320,269142,34,349806
44061,0.003859,74.125.68.0-255,1484,270626,34,349806
44062,0.003872,74.125.68.0-255,7156,277782,34,349806
44063,0.003927,74.125.68.0-255,1484,279266,34,349806
44064,0.00398,74.125.68.0-255,5738,285004,34,349806
44065,0.003991,74.125.68.0-255,3602,288606,34,349806
44066,0.004063,74.125.68.0-255,1484,290090,34,349806
44067,0.00408,74.125.68.0-255,2902,292992,34,349806
44068,0.004105,74.125.68.0-255,2902,295894,34,349806
44069,0.004117,74.125.68.0-255,2902,298796,34,349806
44070,0.00412,74.125.68.0-255,1484,300280,34,349806
44071,0.004134,74.125.68.0-255,1484,301764,34,349806
44072,0.004161,74.125.68.0-255,2902,304666,34,349806
44073,0.004171,74.125.68.0-255,1484,306150,34,349806
44074,0.004188,74.125.68.0-255,5738,311888,34,349806
44075,0.00419,74.125.68.0-255,1484,313372,34,349806
44076,0.004195,74.125.68.0-255,4320,317692,34,349806
44077,0.004206,74.125.68.0-255,1484,319176,34,349806
44078,0.004231,74.125.68.0-255,3602,322778,34,349806
44079,0.004246,74.125.68.0-255,2902,325680,34,349806
44080,0.004256,74.125.68.0-255,1484,327164,34,349806
44081,0.004269,74.125.68.0-255,2902,330066,34,349806
44082,0.004284,74.125.68.0-255,2902,332968,34,349806
44083,0.004295,74.125.68.0-255,4320,337288,34,349806
44084,0.004305,74.125.68.0-255,2902,340190,34,349806
44085,0.00435,74.125.68.0-255,4320,344510,34,349806
44086,0.004364,74.125.68.0-255,4954,349464,34,349806
44087,0.004397,74.125.68.0-255,105,349569,34,349806
44088,0.01105,172.31.33.0-255,66,349635,34,349806
44089,0.013321,172.31.33.0-255,105,349740,34,349806
44090,0.015311,74.125.68.0-255,66,349806,34,349806
44091,0.0,172.217.194.0-255,152,152,34,188031
44092,2.7e-05,172.31.33.0-255,66,218,34,188031
44093,3.4e-05,172.217.194.0-255,1484,1702,34,188031
44094,3.9e-05,172.31.33.0-255,66,1768,34,188031
44095,4.5e-05,172.217.194.0-255,2902,4670,34,188031
44096,4.8e-05,172.31.33.0-255,66,4736,34,188031
44097,5.5e-05,172.217.194.0-255,5738,10474,34,188031
44098,5.8e-05,172.31.33.0-255,66,10540,34,188031
44099,0.000102,172.31.33.0-255,66,10606,34,188031
44100,0.00011,172.217.194.0-255,6797,17403,34,188031
44101,0.000112,172.31.33.0-255,66,17469,34,188031
44102,0.000935,172.217.194.0-255,1484,18953,34,188031
44103,0.000942,172.31.33.0-255,66,19019,34,188031
44104,0.000952,172.217.194.0-255,2902,21921,34,188031
44105,0.000955,172.31.33.0-255,66,21987,34,188031
44106,0.000961,172.217.194.0-255,5738,27725,34,188031
44107,0.000963,172.31.33.0-255,66,27791,34,188031
44108,0.001032,172.31.33.0-255,66,27857,34,188031
44109,0.001044,172.31.33.0-255,66,27923,34,188031
44110,0.001047,172.217.194.0-255,366,28289,34,188031
44111,0.001049,172.31.33.0-255,66,28355,34,188031
44112,0.00109,172.217.194.0-255,1484,29839,34,188031
44113,0.001093,172.31.33.0-255,66,29905,34,188031
44114,0.001108,172.217.194.0-255,1484,31389,34,188031
44115,0.00111,172.31.33.0-255,66,31455,34,188031
44116,0.001116,172.217.194.0-255,2902,34357,34,188031
44117,0.001119,172.31.33.0-255,66,34423,34,188031
44118,0.001122,172.217.194.0-255,1484,35907,34,188031
44119,0.001124,172.31.33.0-255,66,35973,34,188031
44120,0.001148,172.217.194.0-255,4320,40293,34,188031
44121,0.00115,172.31.33.0-255,66,40359,34,188031
44122,0.001162,172.31.33.0-255,66,40425,34,188031
44123,0.001168,172.217.194.0-255,4320,44745,34,188031
44124,0.00117,172.31.33.0-255,66,44811,34,188031
44125,0.001194,172.217.194.0-255,4320,49131,34,188031
44126,0.001196,172.31.33.0-255,66,49197,34,188031
44127,0.001202,172.217.194.0-255,5379,54576,34,188031
44128,0.001204,172.31.33.0-255,66,54642,34,188031
44129,0.001306,172.217.194.0-255,1484,56126,34,188031
44130,0.001313,172.217.194.0-255,2902,59028,34,188031
44131,0.001316,172.31.33.0-255,66,59094,34,188031
44132,0.00132,172.217.194.0-255,2902,61996,34,188031
44133,0.001322,172.31.33.0-255,66,62062,34,188031
44134,0.001337,172.217.194.0-255,2902,64964,34,188031
44135,0.001339,172.31.33.0-255,66,65030,34,188031
44136,0.001344,172.217.194.0-255,4320,69350,34,188031
44137,0.001347,172.31.33.0-255,66,69416,34,188031
44138,0.001383,172.31.33.0-255,66,69482,34,188031
44139,0.001394,172.31.33.0-255,66,69548,34,188031
44140,0.001623,172.217.194.0-255,1484,71032,34,188031
44141,0.00163,172.217.194.0-255,2902,73934,34,188031
44142,0.001634,172.31.33.0-255,66,74000,34,188031
44143,0.00164,172.217.194.0-255,5738,79738,34,188031
44144,0.001643,172.31.33.0-255,66,79804,34,188031
44145,0.001655,172.31.33.0-255,66,79870,34,188031
44146,0.001666,172.31.33.0-255,66,79936,34,188031
44147,0.001689,172.217.194.0-255,1484,81420,34,188031
44148,0.001703,172.217.194.0-255,2902,84322,34,188031
44149,0.001705,172.31.33.0-255,66,84388,34,188031
44150,0.00171,172.217.194.0-255,4320,88708,34,188031
44151,0.001712,172.31.33.0-255,66,88774,34,188031
44152,0.001722,172.217.194.0-255,1484,90258,34,188031
44153,0.001755,172.31.33.0-255,66,90324,34,188031
44154,0.001782,172.31.33.0-255,66,90390,34,188031
44155,0.001788,172.217.194.0-255,7156,97546,34,188031
44156,0.00179,172.31.33.0-255,66,97612,34,188031
44157,0.001803,172.217.194.0-255,4320,101932,34,188031
44158,0.001805,172.31.33.0-255,66,101998,34,188031
44159,0.001823,172.217.194.0-255,7156,109154,34,188031
44160,0.001825,172.31.33.0-255,66,109220,34,188031
44161,0.001856,172.31.33.0-255,66,109286,34,188031
44162,0.001917,172.31.33.0-255,66,109352,34,188031
44163,0.001934,172.31.33.0-255,66,109418,34,188031
44164,0.001947,172.31.33.0-255,66,109484,34,188031
44165,0.002059,172.217.194.0-255,1484,110968,34,188031
44166,0.002072,172.217.194.0-255,2902,113870,34,188031
44167,0.002074,172.31.33.0-255,66,113936,34,188031
44168,0.002092,172.217.194.0-255,5738,119674,34,188031
44169,0.002095,172.31.33.0-255,66,119740,34,188031
44170,0.002118,172.217.194.0-255,1484,121224,34,188031
44171,0.002146,172.31.33.0-255,66,121290,34,188031
44172,0.002156,172.31.33.0-255,66,121356,34,188031
44173,0.002171,172.217.194.0-255,5020,126376,34,188031
44174,0.002173,172.31.33.0-255,66,126442,34,188031
44175,0.00218,172.217.194.0-255,5738,132180,34,188031
44176,0.002182,172.31.33.0-255,66,132246,34,188031
44177,0.002215,172.31.33.0-255,66,132312,34,188031
44178,0.002228,172.217.194.0-255,4320,136632,34,188031
44179,0.00223,172.31.33.0-255,66,136698,34,188031
44180,0.002262,172.31.33.0-255,66,136764,34,188031
44181,0.0023,172.217.194.0-255,1484,138248,34,188031
44182,0.002316,172.217.194.0-255,2902,141150,34,188031
44183,0.002318,172.31.33.0-255,66,141216,34,188031
44184,0.002323,172.217.194.0-255,2902,144118,34,188031
44185,0.002325,172.31.33.0-255,66,144184,34,188031
44186,0.002344,172.217.194.0-255,2902,147086,34,188031
44187,0.002345,172.31.33.0-255,66,147152,34,188031
44188,0.002365,172.217.194.0-255,7156,154308,34,188031
44189,0.002367,172.31.33.0-255,66,154374,34,188031
44190,0.002372,172.217.194.0-255,5738,160112,34,188031
44191,0.002375,172.31.33.0-255,66,160178,34,188031
44192,0.002399,172.217.194.0-255,5738,165916,34,188031
44193,0.002402,172.31.33.0-255,66,165982,34,188031
44194,0.002405,172.217.194.0-255,1484,167466,34,188031
44195,0.002409,172.217.194.0-255,3602,171068,34,188031
44196,0.002411,172.31.33.0-255,66,171134,34,188031
44197,0.002454,172.217.194.0-255,1484,172618,34,188031
44198,0.002469,172.217.194.0-255,2902,175520,34,188031
44199,0.002471,172.31.33.0-255,66,175586,34,188031
44200,0.002474,172.217.194.0-255,1484,177070,34,188031
44201,0.002492,172.217.194.0-255,4320,181390,34,188031
44202,0.002495,172.31.33.0-255,66,181456,34,188031
44203,0.0025,172.217.194.0-255,4320,185776,34,188031
44204,0.002502,172.31.33.0-255,66,185842,34,188031
44205,0.002522,172.31.33.0-255,66,185908,34,188031
44206,0.002526,172.217.194.0-255,1614,187522,34,188031
44207,0.002529,172.31.33.0-255,66,187588,34,188031
44208,0.002548,172.217.194.0-255,105,187693,34,188031
44209,0.011795,172.31.33.0-255,101,187794,34,188031
44210,0.013761,172.31.33.0-255,105,187899,34,188031
44211,0.014052,172.217.194.0-255,66,187965,34,188031
44212,0.01602,172.217.194.0-255,66,188031,34,188031
44213,0.0,74.125.200.0-255,149,149,34,278185
44214,2.2e-05,172.31.33.0-255,66,215,34,278185
44215,2.8e-05,74.125.200.0-255,1484,1699,34,278185
44216,3.2e-05,172.31.33.0-255,66,1765,34,278185
44217,3.5e-05,74.125.200.0-255,1484,3249,34,278185
44218,3.7e-05,172.31.33.0-255,66,3315,34,278185
44219,5.7e-05,74.125.200.0-255,2902,6217,34,278185
44220,6e-05,172.31.33.0-255,66,6283,34,278185
44221,8.1e-05,74.125.200.0-255,5738,12021,34,278185
44222,8.4e-05,172.31.33.0-255,66,12087,34,278185
44223,8.8e-05,74.125.200.0-255,2057,14144,34,278185
44224,9e-05,172.31.33.0-255,66,14210,34,278185
44225,0.000127,74.125.200.0-255,2902,17112,34,278185
44226,0.00013,172.31.33.0-255,66,17178,34,278185
44227,0.00015,74.125.200.0-255,4320,21498,34,278185
44228,0.000154,172.31.33.0-255,66,21564,34,278185
44229,0.000178,172.31.33.0-255,66,21630,34,278185
44230,0.000181,74.125.200.0-255,1125,22755,34,278185
44231,0.000182,172.31.33.0-255,66,22821,34,278185
44232,0.000334,74.125.200.0-255,1484,24305,34,278185
44233,0.000337,172.31.33.0-255,66,24371,34,278185
44234,0.000357,74.125.200.0-255,2902,27273,34,278185
44235,0.00036,172.31.33.0-255,66,27339,34,278185
44236,0.000362,74.125.200.0-255,1484,28823,34,278185
44237,0.000365,172.31.33.0-255,66,28889,34,278185
44238,0.00038,74.125.200.0-255,4320,33209,34,278185
44239,0.000383,172.31.33.0-255,66,33275,34,278185
44240,0.000388,74.125.200.0-255,4320,37595,34,278185
44241,0.00039,172.31.33.0-255,66,37661,34,278185
44242,0.000409,74.125.200.0-255,1484,39145,34,278185
44243,0.000411,172.31.33.0-255,66,39211,34,278185
44244,0.000423,74.125.200.0-255,3961,43172,34,278185
44245,0.000425,172.31.33.0-255,66,43238,34,278185
44246,0.000459,172.31.33.0-255,66,43304,34,278185
44247,0.000482,74.125.200.0-255,1484,44788,34,278185
44248,0.000496,74.125.200.0-255,2843,47631,34,278185
44249,0.000499,172.31.33.0-255,66,47697,34,278185
44250,0.000656,74.125.200.0-255,128,47825,34,278185
44251,0.000668,74.125.200.0-255,348,48173,34,278185
44252,0.000686,172.31.33.0-255,66,48239,34,278185
44253,0.001085,74.125.200.0-255,1484,49723,34,278185
44254,0.001093,74.125.200.0-255,2902,52625,34,278185
44255,0.001097,172.31.33.0-255,66,52691,34,278185
44256,0.001103,74.125.200.0-255,4320,57011,34,278185
44257,0.001105,172.31.33.0-255,66,57077,34,278185
44258,0.001132,172.31.33.0-255,66,57143,34,278185
44259,0.001135,74.125.200.0-255,1484,58627,34,278185
44260,0.001153,74.125.200.0-255,5738,64365,34,278185
44261,0.001156,172.31.33.0-255,66,64431,34,278185
44262,0.001161,74.125.200.0-255,2902,67333,34,278185
44263,0.001162,172.31.33.0-255,66,67399,34,278185
44264,0.001177,74.125.200.0-255,2902,70301,34,278185
44265,0.001179,172.31.33.0-255,66,70367,34,278185
44266,0.001205,74.125.200.0-255,2902,73269,34,278185
44267,0.001208,172.31.33.0-255,66,73335,34,278185
44268,0.001212,74.125.200.0-255,766,74101,34,278185
44269,0.001448,74.125.200.0-255,1484,75585,34,278185
44270,0.00145,172.31.33.0-255,66,75651,34,278185
44271,0.001461,74.125.200.0-255,2902,78553,34,278185
44272,0.001463,172.31.33.0-255,66,78619,34,278185
44273,0.001484,74.125.200.0-255,5738,84357,34,278185
44274,0.001486,172.31.33.0-255,66,84423,34,278185
44275,0.001489,74.125.200.0-255,1484,85907,34,278185
44276,0.001512,74.125.200.0-255,4320,90227,34,278185
44277,0.001514,172.31.33.0-255,66,90293,34,278185
44278,0.001521,74.125.200.0-255,7156,97449,34,278185
44279,0.001523,172.31.33.0-255,66,97515,34,278185
44280,0.001543,74.125.200.0-255,1484,98999,34,278185
44281,0.001553,74.125.200.0-255,1484,100483,34,278185
44282,0.001555,172.31.33.0-255,66,100549,34,278185
44283,0.001575,74.125.200.0-255,4320,104869,34,278185
44284,0.001578,172.31.33.0-255,66,104935,34,278185
44285,0.001587,74.125.200.0-255,1484,106419,34,278185
44286,0.001607,74.125.200.0-255,2184,108603,34,278185
44287,0.001609,172.31.33.0-255,66,108669,34,278185
44288,0.001648,74.125.200.0-255,4320,112989,34,278185
44289,0.00165,172.31.33.0-255,66,113055,34,278185
44290,0.001669,74.125.200.0-255,5738,118793,34,278185
44291,0.001671,172.31.33.0-255,66,118859,34,278185
44292,0.001703,74.125.200.0-255,2902,121761,34,278185
44293,0.001705,172.31.33.0-255,66,121827,34,278185
44294,0.001723,74.125.200.0-255,7156,128983,34,278185
44295,0.001726,172.31.33.0-255,66,129049,34,278185
44296,0.001729,74.125.200.0-255,2902,131951,34,278185
44297,0.001731,172.31.33.0-255,66,132017,34,278185
44298,0.00176,172.31.33.0-255,66,132083,34,278185
44299,0.001763,74.125.200.0-255,2184,134267,34,278185
44300,0.001765,172.31.33.0-255,66,134333,34,278185
44301,0.002315,74.125.200.0-255,1484,135817,34,278185
44302,0.00233,74.125.200.0-255,2902,138719,34,278185
44303,0.002332,172.31.33.0-255,66,138785,34,278185
44304,0.002354,74.125.200.0-255,5738,144523,34,278185
44305,0.002356,172.31.33.0-255,66,144589,34,278185
44306,0.00236,74.125.200.0-255,2902,147491,34,278185
44307,0.002362,172.31.33.0-255,66,147557,34,278185
44308,0.00244,172.31.33.0-255,66,147623,34,278185
44309,0.002445,74.125.200.0-255,4320,151943,34,278185
44310,0.002447,172.31.33.0-255,66,152009,34,278185
44311,0.00245,74.125.200.0-255,1484,153493,34,278185
44312,0.002453,74.125.200.0-255,1484,154977,34,278185
44313,0.002454,172.31.33.0-255,66,155043,34,278185
44314,0.002459,74.125.200.0-255,3602,158645,34,278185
44315,0.002461,172.31.33.0-255,66,158711,34,278185
44316,0.002718,74.125.200.0-255,1484,160195,34,278185
44317,0.002728,74.125.200.0-255,1484,161679,34,278185
44318,0.00273,172.31.33.0-255,66,161745,34,278185
44319,0.002748,74.125.200.0-255,1484,163229,34,278185
44320,0.002753,74.125.200.0-255,5738,168967,34,278185
44321,0.002755,172.31.33.0-255,66,169033,34,278185
44322,0.002774,74.125.200.0-255,2902,171935,34,278185
44323,0.002776,172.31.33.0-255,66,172001,34,278185
44324,0.002781,74.125.200.0-255,4320,176321,34,278185
44325,0.002783,172.31.33.0-255,66,176387,34,278185
44326,0.002815,74.125.200.0-255,5738,182125,34,278185
44327,0.002818,172.31.33.0-255,66,182191,34,278185
44328,0.002833,74.125.200.0-255,2902,185093,34,278185
44329,0.002835,172.31.33.0-255,66,185159,34,278185
44330,0.002867,74.125.200.0-255,1484,186643,34,278185
44331,0.002898,172.31.33.0-255,66,186709,34,278185
44332,0.002908,172.31.33.0-255,66,186775,34,278185
44333,0.002916,74.125.200.0-255,1484,188259,34,278185
44334,0.002939,74.125.200.0-255,7156,195415,34,278185
44335,0.002942,172.31.33.0-255,66,195481,34,278185
44336,0.002954,74.125.200.0-255,1484,196965,34,278185
44337,0.002978,172.31.33.0-255,66,197031,34,278185
44338,0.002982,74.125.200.0-255,3602,200633,34,278185
44339,0.002984,172.31.33.0-255,66,200699,34,278185
44340,0.003025,74.125.200.0-255,5738,206437,34,278185
44341,0.003027,172.31.33.0-255,66,206503,34,278185
44342,0.003051,172.31.33.0-255,66,206569,34,278185
44343,0.003055,74.125.200.0-255,2902,209471,34,278185
44344,0.003058,172.31.33.0-255,66,209537,34,278185
44345,0.003099,172.31.33.0-255,66,209603,34,278185
44346,0.003104,74.125.200.0-255,3602,213205,34,278185
44347,0.003106,172.31.33.0-255,66,213271,34,278185
44348,0.003118,74.125.200.0-255,1484,214755,34,278185
44349,0.003146,172.31.33.0-255,66,214821,34,278185
44350,0.003169,74.125.200.0-255,4320,219141,34,278185
44351,0.003172,172.31.33.0-255,66,219207,34,278185
44352,0.003185,172.31.33.0-255,66,219273,34,278185
44353,0.003187,74.125.200.0-255,766,220039,34,278185
44354,0.00319,74.125.200.0-255,1484,221523,34,278185
44355,0.003192,172.31.33.0-255,66,221589,34,278185
44356,0.003215,74.125.200.0-255,4320,225909,34,278185
44357,0.003218,172.31.33.0-255,66,225975,34,278185
44358,0.003244,74.125.200.0-255,5738,231713,34,278185
44359,0.003247,172.31.33.0-255,66,231779,34,278185
44360,0.003249,74.125.200.0-255,1484,233263,34,278185
44361,0.003252,74.125.200.0-255,1484,234747,34,278185
44362,0.003253,172.31.33.0-255,66,234813,34,278185
44363,0.003259,74.125.200.0-255,5738,240551,34,278185
44364,0.003261,172.31.33.0-255,66,240617,34,278185
44365,0.003268,74.125.200.0-255,7156,247773,34,278185
44366,0.00327,172.31.33.0-255,66,247839,34,278185
44367,0.003276,74.125.200.0-255,5738,253577,34,278185
44368,0.003278,74.125.200.0-255,766,254343,34,278185
44369,0.003348,74.125.200.0-255,4320,258663,34,278185
44370,0.003352,74.125.200.0-255,4320,262983,34,278185
44371,0.003391,74.125.200.0-255,2902,265885,34,278185
44372,0.003414,74.125.200.0-255,7016,272901,34,278185
44373,0.003417,74.125.200.0-255,105,273006,34,278185
44374,0.003441,74.125.200.0-255,129,273135,34,278185
44375,0.006004,172.31.33.0-255,66,273201,34,278185
44376,0.008383,172.31.33.0-255,105,273306,34,278185
44377,0.008407,172.31.33.0-255,105,273411,34,278185
44378,0.008643,172.31.33.0-255,90,273501,34,278185
44379,0.008651,172.31.33.0-255,66,273567,34,278185
44380,0.010426,74.125.200.0-255,66,273633,34,278185
44381,0.010441,74.125.200.0-255,66,273699,34,278185
44382,0.010667,74.125.200.0-255,66,273765,34,278185
44383,0.010726,74.125.200.0-255,66,273831,34,278185
44384,0.010732,172.31.33.0-255,66,273897,34,278185
44385,0.027113,172.31.33.0-255,167,274064,34,278185
44386,0.027138,172.31.33.0-255,1113,275177,34,278185
44387,0.027176,172.31.33.0-255,1514,276691,34,278185
44388,0.027177,172.31.33.0-255,1296,277987,34,278185
44389,0.028608,104.244.42.0-255,66,278053,34,278185
44390,0.028647,104.244.42.0-255,66,278119,34,278185
44391,0.028686,104.244.42.0-255,66,278185,34,278185
44392,0.0,74.125.68.0-255,153,153,34,365735
44393,1.9e-05,172.31.33.0-255,66,219,34,365735
44394,2.5e-05,74.125.68.0-255,1484,1703,34,365735
44395,2.9e-05,172.31.33.0-255,66,1769,34,365735
44396,3.4e-05,74.125.68.0-255,2902,4671,34,365735
44397,3.6e-05,172.31.33.0-255,66,4737,34,365735
44398,5.2e-05,74.125.68.0-255,1484,6221,34,365735
44399,5.4e-05,172.31.33.0-255,66,6287,34,365735
44400,6.8e-05,74.125.68.0-255,4320,10607,34,365735
44401,7e-05,172.31.33.0-255,66,10673,34,365735
44402,7.4e-05,74.125.68.0-255,2902,13575,34,365735
44403,7.6e-05,172.31.33.0-255,66,13641,34,365735
44404,0.000106,74.125.68.0-255,593,14234,34,365735
44405,0.000108,172.31.33.0-255,66,14300,34,365735
44406,0.000212,74.125.68.0-255,1484,15784,34,365735
44407,0.000216,172.31.33.0-255,66,15850,34,365735
44408,0.000234,74.125.68.0-255,2902,18752,34,365735
44409,0.000236,172.31.33.0-255,66,18818,34,365735
44410,0.00024,74.125.68.0-255,2902,21720,34,365735
44411,0.000242,172.31.33.0-255,66,21786,34,365735
44412,0.000255,74.125.68.0-255,1484,23270,34,365735
44413,0.000256,172.31.33.0-255,66,23336,34,365735
44414,0.000298,74.125.68.0-255,4320,27656,34,365735
44415,0.0003,172.31.33.0-255,66,27722,34,365735
44416,0.000318,74.125.68.0-255,3961,31683,34,365735
44417,0.00032,172.31.33.0-255,66,31749,34,365735
44418,0.000412,74.125.68.0-255,1484,33233,34,365735
44419,0.000417,172.31.33.0-255,66,33299,34,365735
44420,0.000431,74.125.68.0-255,2902,36201,34,365735
44421,0.000433,172.31.33.0-255,66,36267,34,365735
44422,0.000453,74.125.68.0-255,2902,39169,34,365735
44423,0.000457,172.31.33.0-255,66,39235,34,365735
44424,0.000486,74.125.68.0-255,2902,42137,34,365735
44425,0.000489,172.31.33.0-255,66,42203,34,365735
44426,0.000512,74.125.68.0-255,1484,43687,34,365735
44427,0.000517,74.125.68.0-255,5379,49066,34,365735
44428,0.000522,172.31.33.0-255,66,49132,34,365735
44429,0.000535,74.125.68.0-255,1484,50616,34,365735
44430,0.000552,74.125.68.0-255,4320,54936,34,365735
44431,0.000555,172.31.33.0-255,66,55002,34,365735
44432,0.000557,74.125.68.0-255,1484,56486,34,365735
44433,0.000591,74.125.68.0-255,2902,59388,34,365735
44434,0.000595,172.31.33.0-255,66,59454,34,365735
44435,0.000615,74.125.68.0-255,5738,65192,34,365735
44436,0.000617,172.31.33.0-255,66,65258,34,365735
44437,0.00062,74.125.68.0-255,1125,66383,34,365735
44438,0.000972,74.125.68.0-255,646,67029,34,365735
44439,0.000976,172.31.33.0-255,66,67095,34,365735
44440,0.001306,74.125.68.0-255,1484,68579,34,365735
44441,0.001315,74.125.68.0-255,1484,70063,34,365735
44442,0.001319,172.31.33.0-255,66,70129,34,365735
44443,0.001342,74.125.68.0-255,2902,73031,34,365735
44444,0.001345,172.31.33.0-255,66,73097,34,365735
44445,0.001348,74.125.68.0-255,1484,74581,34,365735
44446,0.001364,74.125.68.0-255,2902,77483,34,365735
44447,0.001367,172.31.33.0-255,66,77549,34,365735
44448,0.001386,74.125.68.0-255,1484,79033,34,365735
44449,0.00139,74.125.68.0-255,1484,80517,34,365735
44450,0.001393,172.31.33.0-255,66,80583,34,365735
44451,0.001398,74.125.68.0-255,2902,83485,34,365735
44452,0.001399,172.31.33.0-255,66,83551,34,365735
44453,0.00143,74.125.68.0-255,3961,87512,34,365735
44454,0.001433,172.31.33.0-255,66,87578,34,365735
44455,0.001439,74.125.68.0-255,4320,91898,34,365735
44456,0.001441,172.31.33.0-255,66,91964,34,365735
44457,0.001486,74.125.68.0-255,5738,97702,34,365735
44458,0.001489,172.31.33.0-255,66,97768,34,365735
44459,0.001509,74.125.68.0-255,2902,100670,34,365735
44460,0.001511,172.31.33.0-255,66,100736,34,365735
44461,0.001514,74.125.68.0-255,1125,101861,34,365735
44462,0.002031,74.125.68.0-255,1484,103345,34,365735
44463,0.002039,172.31.33.0-255,66,103411,34,365735
44464,0.002045,74.125.68.0-255,2902,106313,34,365735
44465,0.002048,172.31.33.0-255,66,106379,34,365735
44466,0.00208,74.125.68.0-255,2902,109281,34,365735
44467,0.002083,172.31.33.0-255,66,109347,34,365735
44468,0.002101,74.125.68.0-255,2902,112249,34,365735
44469,0.002103,172.31.33.0-255,66,112315,34,365735
44470,0.002107,74.125.68.0-255,2902,115217,34,365735
44471,0.002109,172.31.33.0-255,66,115283,34,365735
44472,0.00213,74.125.68.0-255,4320,119603,34,365735
44473,0.002132,172.31.33.0-255,66,119669,34,365735
44474,0.002138,74.125.68.0-255,5738,125407,34,365735
44475,0.002141,172.31.33.0-255,66,125473,34,365735
44476,0.002191,74.125.68.0-255,7156,132629,34,365735
44477,0.002193,172.31.33.0-255,66,132695,34,365735
44478,0.002196,74.125.68.0-255,1484,134179,34,365735
44479,0.002201,74.125.68.0-255,2184,136363,34,365735
44480,0.002203,172.31.33.0-255,66,136429,34,365735
44481,0.002305,74.125.68.0-255,1484,137913,34,365735
44482,0.002324,74.125.68.0-255,2902,140815,34,365735
44483,0.002327,172.31.33.0-255,66,140881,34,365735
44484,0.002343,74.125.68.0-255,1484,142365,34,365735
44485,0.002357,74.125.68.0-255,2902,145267,34,365735
44486,0.00236,172.31.33.0-255,66,145333,34,365735
44487,0.002362,74.125.68.0-255,1484,146817,34,365735
44488,0.002374,74.125.68.0-255,1484,148301,34,365735
44489,0.002377,172.31.33.0-255,66,148367,34,365735
44490,0.002396,74.125.68.0-255,1484,149851,34,365735
44491,0.002401,74.125.68.0-255,2902,152753,34,365735
44492,0.002404,172.31.33.0-255,66,152819,34,365735
44493,0.002418,74.125.68.0-255,1484,154303,34,365735
44494,0.002434,74.125.68.0-255,4320,158623,34,365735
44495,0.002437,172.31.33.0-255,66,158689,34,365735
44496,0.002452,74.125.68.0-255,2902,161591,34,365735
44497,0.002455,172.31.33.0-255,66,161657,34,365735
44498,0.00246,74.125.68.0-255,2902,164559,34,365735
44499,0.002462,172.31.33.0-255,66,164625,34,365735
44500,0.002479,74.125.68.0-255,2902,167527,34,365735
44501,0.002482,172.31.33.0-255,66,167593,34,365735
44502,0.002488,74.125.68.0-255,3602,171195,34,365735
44503,0.00249,172.31.33.0-255,66,171261,34,365735
44504,0.002847,74.125.68.0-255,1484,172745,34,365735
44505,0.00287,74.125.68.0-255,1484,174229,34,365735
44506,0.002872,172.31.33.0-255,66,174295,34,365735
44507,0.002884,74.125.68.0-255,2902,177197,34,365735
44508,0.002887,172.31.33.0-255,66,177263,34,365735
44509,0.002891,74.125.68.0-255,2902,180165,34,365735
44510,0.002894,172.31.33.0-255,66,180231,34,365735
44511,0.002914,74.125.68.0-255,2902,183133,34,365735
44512,0.002916,172.31.33.0-255,66,183199,34,365735
44513,0.002947,74.125.68.0-255,5738,188937,34,365735
44514,0.00295,172.31.33.0-255,66,189003,34,365735
44515,0.002956,74.125.68.0-255,5738,194741,34,365735
44516,0.002958,172.31.33.0-255,66,194807,34,365735
44517,0.002971,74.125.68.0-255,1484,196291,34,365735
44518,0.003003,74.125.68.0-255,1484,197775,34,365735
44519,0.003005,172.31.33.0-255,66,197841,34,365735
44520,0.003031,172.31.33.0-255,66,197907,34,365735
44521,0.003077,74.125.68.0-255,1484,199391,34,365735
44522,0.003099,74.125.68.0-255,2902,202293,34,365735
44523,0.003102,172.31.33.0-255,66,202359,34,365735
44524,0.003105,74.125.68.0-255,1484,203843,34,365735
44525,0.003119,74.125.68.0-255,1484,205327,34,365735
44526,0.003121,172.31.33.0-255,66,205393,34,365735
44527,0.003127,74.125.68.0-255,2902,208295,34,365735
44528,0.003129,172.31.33.0-255,66,208361,34,365735
44529,0.00314,74.125.68.0-255,1484,209845,34,365735
44530,0.00318,74.125.68.0-255,4320,214165,34,365735
44531,0.003182,172.31.33.0-255,66,214231,34,365735
44532,0.003202,74.125.68.0-255,4320,218551,34,365735
44533,0.003205,172.31.33.0-255,66,218617,34,365735
44534,0.003217,172.31.33.0-255,66,218683,34,365735
44535,0.003222,74.125.68.0-255,3602,222285,34,365735
44536,0.003457,74.125.68.0-255,1484,223769,34,365735
44537,0.003487,74.125.68.0-255,2902,226671,34,365735
44538,0.00349,74.125.68.0-255,1484,228155,34,365735
44539,0.003507,74.125.68.0-255,2902,231057,34,365735
44540,0.003524,74.125.68.0-255,5738,236795,34,365735
44541,0.003547,74.125.68.0-255,2902,239697,34,365735
44542,0.003554,74.125.68.0-255,5738,245435,34,365735
44543,0.003561,74.125.68.0-255,7156,252591,34,365735
44544,0.003586,74.125.68.0-255,3602,256193,34,365735
44545,0.00368,74.125.68.0-255,1484,257677,34,365735
44546,0.003687,74.125.68.0-255,2902,260579,34,365735
44547,0.0037,74.125.68.0-255,4320,264899,34,365735
44548,0.00371,74.125.68.0-255,1484,266383,34,365735
44549,0.003731,74.125.68.0-255,7156,273539,34,365735
44550,0.003749,74.125.68.0-255,2902,276441,34,365735
44551,0.003753,74.125.68.0-255,1484,277925,34,365735
44552,0.003783,74.125.68.0-255,2184,280109,34,365735
44553,0.003787,74.125.68.0-255,2902,283011,34,365735
44554,0.003862,74.125.68.0-255,7156,290167,34,365735
44555,0.003869,74.125.68.0-255,5738,295905,34,365735
44556,0.003876,74.125.68.0-255,7156,303061,34,365735
44557,0.003881,74.125.68.0-255,2902,305963,34,365735
44558,0.004194,74.125.68.0-255,1484,307447,34,365735
44559,0.004208,74.125.68.0-255,1484,308931,34,365735
44560,0.004222,74.125.68.0-255,1484,310415,34,365735
44561,0.004229,74.125.68.0-255,5738,316153,34,365735
44562,0.004231,74.125.68.0-255,1484,317637,34,365735
44563,0.004243,74.125.68.0-255,1484,319121,34,365735
44564,0.004248,74.125.68.0-255,2902,322023,34,365735
44565,0.004262,74.125.68.0-255,1484,323507,34,365735
44566,0.004304,74.125.68.0-255,4320,327827,34,365735
44567,0.004318,74.125.68.0-255,2902,330729,34,365735
44568,0.004324,74.125.68.0-255,5738,336467,34,365735
44569,0.004342,74.125.68.0-255,2902,339369,34,365735
44570,0.004345,74.125.68.0-255,766,340135,34,365735
44571,0.004357,74.125.68.0-255,1484,341619,34,365735
44572,0.004387,74.125.68.0-255,2902,344521,34,365735
44573,0.004402,74.125.68.0-255,1484,346005,34,365735
44574,0.004414,74.125.68.0-255,1484,347489,34,365735
44575,0.004431,74.125.68.0-255,1484,348973,34,365735
44576,0.004434,74.125.68.0-255,1484,350457,34,365735
44577,0.004437,74.125.68.0-255,1484,351941,34,365735
44578,0.004439,74.125.68.0-255,1484,353425,34,365735
44579,0.004442,74.125.68.0-255,1484,354909,34,365735
44580,0.004463,74.125.68.0-255,1484,356393,34,365735
44581,0.00448,74.125.68.0-255,1484,357877,34,365735
44582,0.004494,74.125.68.0-255,2902,360779,34,365735
44583,0.004498,74.125.68.0-255,1484,362263,34,365735
44584,0.004513,74.125.68.0-255,1484,363747,34,365735
44585,0.004537,74.125.68.0-255,1646,365393,34,365735
44586,0.00458,74.125.68.0-255,105,365498,34,365735
44587,0.007928,172.31.33.0-255,66,365564,34,365735
44588,0.010605,172.31.33.0-255,105,365669,34,365735
44589,0.012537,74.125.68.0-255,66,365735,34,365735
