,TIME,SRC,PACKET_SIZE,CUMULATIVE_PACKET_SIZE,PAGE_NUMBER,TOTAL_PACKET_SIZE
0,0.0,172.217.194.0-255,146,146,46,190155
1,2.7e-05,172.31.46.0-255,66,212,46,190155
2,3.4e-05,172.217.194.0-255,1484,1696,46,190155
3,3.8e-05,172.31.46.0-255,66,1762,46,190155
4,5.2e-05,172.217.194.0-255,2902,4664,46,190155
5,5.6e-05,172.31.46.0-255,66,4730,46,190155
6,6.5e-05,172.217.194.0-255,7156,11886,46,190155
7,6.7e-05,172.31.46.0-255,66,11952,46,190155
8,7.1e-05,172.217.194.0-255,2127,14079,46,190155
9,7.4e-05,172.31.46.0-255,66,14145,46,190155
10,0.000314,172.217.194.0-255,1484,15629,46,190155
11,0.00032,172.31.46.0-255,66,15695,46,190155
12,0.000326,172.217.194.0-255,2902,18597,46,190155
13,0.000329,172.31.46.0-255,66,18663,46,190155
14,0.000366,172.217.194.0-255,5738,24401,46,190155
15,0.000369,172.31.46.0-255,66,24467,46,190155
16,0.000378,172.217.194.0-255,6797,31264,46,190155
17,0.00038,172.31.46.0-255,66,31330,46,190155
18,0.00072,172.217.194.0-255,1484,32814,46,190155
19,0.000726,172.31.46.0-255,66,32880,46,190155
20,0.000732,172.217.194.0-255,2902,35782,46,190155
21,0.000734,172.31.46.0-255,66,35848,46,190155
22,0.000745,172.217.194.0-255,5738,41586,46,190155
23,0.000747,172.31.46.0-255,66,41652,46,190155
24,0.000792,172.217.194.0-255,2902,44554,46,190155
25,0.000795,172.31.46.0-255,66,44620,46,190155
26,0.000818,172.217.194.0-255,3961,48581,46,190155
27,0.000821,172.31.46.0-255,66,48647,46,190155
28,0.000829,172.217.194.0-255,7156,55803,46,190155
29,0.000831,172.31.46.0-255,66,55869,46,190155
30,0.000868,172.31.46.0-255,66,55935,46,190155
31,0.001301,172.217.194.0-255,645,56580,46,190155
32,0.001306,172.31.46.0-255,66,56646,46,190155
33,0.001409,172.217.194.0-255,1484,58130,46,190155
34,0.001413,172.31.46.0-255,66,58196,46,190155
35,0.00142,172.217.194.0-255,2902,61098,46,190155
36,0.001422,172.31.46.0-255,66,61164,46,190155
37,0.001453,172.217.194.0-255,5738,66902,46,190155
38,0.001455,172.31.46.0-255,66,66968,46,190155
39,0.001461,172.217.194.0-255,4320,71288,46,190155
40,0.001463,172.31.46.0-255,66,71354,46,190155
41,0.001496,172.31.46.0-255,66,71420,46,190155
42,0.001513,172.31.46.0-255,66,71486,46,190155
43,0.00231,172.217.194.0-255,1484,72970,46,190155
44,0.002318,172.31.46.0-255,66,73036,46,190155
45,0.002326,172.217.194.0-255,2902,75938,46,190155
46,0.002328,172.31.46.0-255,66,76004,46,190155
47,0.00234,172.217.194.0-255,5738,81742,46,190155
48,0.002342,172.31.46.0-255,66,81808,46,190155
49,0.002373,172.217.194.0-255,7156,88964,46,190155
50,0.002405,172.217.194.0-255,5738,94702,46,190155
51,0.002409,172.217.194.0-255,2902,97604,46,190155
52,0.002412,172.217.194.0-255,1484,99088,46,190155
53,0.002436,172.217.194.0-255,6438,105526,46,190155
54,0.002658,172.217.194.0-255,1484,107010,46,190155
55,0.002697,172.217.194.0-255,1484,108494,46,190155
56,0.002701,172.217.194.0-255,1484,109978,46,190155
57,0.002709,172.217.194.0-255,5738,115716,46,190155
58,0.002727,172.217.194.0-255,1484,117200,46,190155
59,0.002789,172.217.194.0-255,2902,120102,46,190155
60,0.002835,172.217.194.0-255,2902,123004,46,190155
61,0.00288,172.217.194.0-255,2902,125906,46,190155
62,0.002923,172.217.194.0-255,2902,128808,46,190155
63,0.002956,172.217.194.0-255,4320,133128,46,190155
64,0.00298,172.217.194.0-255,6438,139566,46,190155
65,0.003058,172.217.194.0-255,7156,146722,46,190155
66,0.003168,172.217.194.0-255,7156,153878,46,190155
67,0.003176,172.217.194.0-255,6438,160316,46,190155
68,0.003181,172.217.194.0-255,2902,163218,46,190155
69,0.003205,172.217.194.0-255,4320,167538,46,190155
70,0.003264,172.217.194.0-255,7156,174694,46,190155
71,0.003327,172.217.194.0-255,6081,180775,46,190155
72,0.003347,172.217.194.0-255,105,180880,46,190155
73,0.007652,172.31.46.0-255,66,180946,46,190155
74,0.01018,172.31.46.0-255,105,181051,46,190155
75,0.01284,172.217.194.0-255,66,181117,46,190155
76,0.040451,172.31.46.0-255,172,181289,46,190155
77,0.040496,172.31.46.0-255,1119,182408,46,190155
78,0.040598,172.31.46.0-255,1514,183922,46,190155
79,0.0406,172.31.46.0-255,1514,185436,46,190155
80,0.040602,172.31.46.0-255,1514,186950,46,190155
81,0.040606,172.31.46.0-255,1514,188464,46,190155
82,0.040608,172.31.46.0-255,1493,189957,46,190155
83,0.042009,104.244.42.0-255,66,190023,46,190155
84,0.042042,104.244.42.0-255,66,190089,46,190155
85,0.042224,104.244.42.0-255,66,190155,46,190155
86,0.0,74.125.200.0-255,153,153,46,267917
87,2e-05,74.125.200.0-255,1484,1637,46,267917
88,3.1e-05,172.31.46.0-255,66,1703,46,267917
89,3.8e-05,74.125.200.0-255,2902,4605,46,267917
90,4.2e-05,172.31.46.0-255,66,4671,46,267917
91,7.7e-05,74.125.200.0-255,7156,11827,46,267917
92,8e-05,172.31.46.0-255,66,11893,46,267917
93,0.00012,172.31.46.0-255,66,11959,46,267917
94,0.000124,74.125.200.0-255,2902,14861,46,267917
95,0.000127,172.31.46.0-255,66,14927,46,267917
96,0.000139,74.125.200.0-255,4320,19247,46,267917
97,0.000141,172.31.46.0-255,66,19313,46,267917
98,0.000188,74.125.200.0-255,3961,23274,46,267917
99,0.000192,172.31.46.0-255,66,23340,46,267917
100,0.000389,74.125.200.0-255,1484,24824,46,267917
101,0.000409,74.125.200.0-255,2902,27726,46,267917
102,0.000412,172.31.46.0-255,66,27792,46,267917
103,0.00047,74.125.200.0-255,4320,32112,46,267917
104,0.000474,172.31.46.0-255,66,32178,46,267917
105,0.000508,172.31.46.0-255,66,32244,46,267917
106,0.000515,74.125.200.0-255,5738,37982,46,267917
107,0.000517,172.31.46.0-255,66,38048,46,267917
108,0.000544,74.125.200.0-255,4320,42368,46,267917
109,0.000546,172.31.46.0-255,66,42434,46,267917
110,0.000555,74.125.200.0-255,2902,45336,46,267917
111,0.000558,172.31.46.0-255,66,45402,46,267917
112,0.000563,74.125.200.0-255,3602,49004,46,267917
113,0.000565,172.31.46.0-255,66,49070,46,267917
114,0.000614,74.125.200.0-255,412,49482,46,267917
115,0.000646,74.125.200.0-255,1484,50966,46,267917
116,0.000649,172.31.46.0-255,66,51032,46,267917
117,0.000676,74.125.200.0-255,1484,52516,46,267917
118,0.000693,74.125.200.0-255,2902,55418,46,267917
119,0.000696,172.31.46.0-255,66,55484,46,267917
120,0.000715,74.125.200.0-255,5738,61222,46,267917
121,0.000718,172.31.46.0-255,66,61288,46,267917
122,0.00075,74.125.200.0-255,7156,68444,46,267917
123,0.000753,172.31.46.0-255,66,68510,46,267917
124,0.000782,74.125.200.0-255,7156,75666,46,267917
125,0.000785,172.31.46.0-255,66,75732,46,267917
126,0.000818,74.125.200.0-255,1484,77216,46,267917
127,0.000839,74.125.200.0-255,6438,83654,46,267917
128,0.000842,172.31.46.0-255,66,83720,46,267917
129,0.000895,74.125.200.0-255,1484,85204,46,267917
130,0.000909,74.125.200.0-255,1484,86688,46,267917
131,0.000911,172.31.46.0-255,66,86754,46,267917
132,0.000943,74.125.200.0-255,2902,89656,46,267917
133,0.000945,172.31.46.0-255,66,89722,46,267917
134,0.000952,74.125.200.0-255,5738,95460,46,267917
135,0.000955,172.31.46.0-255,66,95526,46,267917
136,0.000963,74.125.200.0-255,2902,98428,46,267917
137,0.000965,172.31.46.0-255,66,98494,46,267917
138,0.001002,172.31.46.0-255,66,98560,46,267917
139,0.001038,172.31.46.0-255,66,98626,46,267917
140,0.001041,74.125.200.0-255,330,98956,46,267917
141,0.00109,74.125.200.0-255,1484,100440,46,267917
142,0.001092,172.31.46.0-255,66,100506,46,267917
143,0.001096,74.125.200.0-255,1484,101990,46,267917
144,0.001117,74.125.200.0-255,2902,104892,46,267917
145,0.00112,172.31.46.0-255,66,104958,46,267917
146,0.001125,74.125.200.0-255,4320,109278,46,267917
147,0.001127,172.31.46.0-255,66,109344,46,267917
148,0.001157,74.125.200.0-255,5738,115082,46,267917
149,0.001159,172.31.46.0-255,66,115148,46,267917
150,0.001165,74.125.200.0-255,4320,119468,46,267917
151,0.001167,172.31.46.0-255,66,119534,46,267917
152,0.001197,74.125.200.0-255,7156,126690,46,267917
153,0.0012,172.31.46.0-255,66,126756,46,267917
154,0.001204,74.125.200.0-255,2902,129658,46,267917
155,0.001206,172.31.46.0-255,66,129724,46,267917
156,0.00123,74.125.200.0-255,3602,133326,46,267917
157,0.001237,172.31.46.0-255,66,133392,46,267917
158,0.002569,74.125.200.0-255,1484,134876,46,267917
159,0.002591,74.125.200.0-255,1484,136360,46,267917
160,0.002595,172.31.46.0-255,66,136426,46,267917
161,0.002599,74.125.200.0-255,1484,137910,46,267917
162,0.00262,74.125.200.0-255,2902,140812,46,267917
163,0.002623,172.31.46.0-255,66,140878,46,267917
164,0.002662,74.125.200.0-255,5738,146616,46,267917
165,0.002665,172.31.46.0-255,66,146682,46,267917
166,0.002687,74.125.200.0-255,5738,152420,46,267917
167,0.00269,172.31.46.0-255,66,152486,46,267917
168,0.002708,74.125.200.0-255,1484,153970,46,267917
169,0.002716,74.125.200.0-255,5738,159708,46,267917
170,0.002718,172.31.46.0-255,66,159774,46,267917
171,0.002723,74.125.200.0-255,4320,164094,46,267917
172,0.002725,172.31.46.0-255,66,164160,46,267917
173,0.002756,74.125.200.0-255,2902,167062,46,267917
174,0.002758,172.31.46.0-255,66,167128,46,267917
175,0.002761,74.125.200.0-255,766,167894,46,267917
176,0.003629,74.125.200.0-255,1484,169378,46,267917
177,0.003636,172.31.46.0-255,66,169444,46,267917
178,0.003645,74.125.200.0-255,2902,172346,46,267917
179,0.003648,172.31.46.0-255,66,172412,46,267917
180,0.003657,74.125.200.0-255,2902,175314,46,267917
181,0.00366,172.31.46.0-255,66,175380,46,267917
182,0.003691,74.125.200.0-255,4320,179700,46,267917
183,0.003693,172.31.46.0-255,66,179766,46,267917
184,0.00371,172.31.46.0-255,66,179832,46,267917
185,0.003713,74.125.200.0-255,1484,181316,46,267917
186,0.003739,74.125.200.0-255,4320,185636,46,267917
187,0.003741,172.31.46.0-255,66,185702,46,267917
188,0.003761,74.125.200.0-255,7156,192858,46,267917
189,0.003764,172.31.46.0-255,66,192924,46,267917
190,0.003789,74.125.200.0-255,3602,196526,46,267917
191,0.003791,172.31.46.0-255,66,196592,46,267917
192,0.003797,74.125.200.0-255,4320,200912,46,267917
193,0.003799,172.31.46.0-255,66,200978,46,267917
194,0.003838,172.31.46.0-255,66,201044,46,267917
195,0.003848,74.125.200.0-255,1484,202528,46,267917
196,0.003861,74.125.200.0-255,7156,209684,46,267917
197,0.003863,172.31.46.0-255,66,209750,46,267917
198,0.00387,74.125.200.0-255,5738,215488,46,267917
199,0.003872,172.31.46.0-255,66,215554,46,267917
200,0.003902,74.125.200.0-255,2902,218456,46,267917
201,0.003904,172.31.46.0-255,66,218522,46,267917
202,0.003907,74.125.200.0-255,766,219288,46,267917
203,0.003927,74.125.200.0-255,1484,220772,46,267917
204,0.003929,172.31.46.0-255,66,220838,46,267917
205,0.003935,74.125.200.0-255,4320,225158,46,267917
206,0.003937,172.31.46.0-255,66,225224,46,267917
207,0.004006,172.31.46.0-255,66,225290,46,267917
208,0.004024,172.31.46.0-255,66,225356,46,267917
209,0.004031,74.125.200.0-255,6438,231794,46,267917
210,0.004033,172.31.46.0-255,66,231860,46,267917
211,0.004041,74.125.200.0-255,7156,239016,46,267917
212,0.004043,172.31.46.0-255,66,239082,46,267917
213,0.004054,172.31.46.0-255,66,239148,46,267917
214,0.004058,74.125.200.0-255,1484,240632,46,267917
215,0.004089,172.31.46.0-255,66,240698,46,267917
216,0.004111,74.125.200.0-255,1484,242182,46,267917
217,0.004127,172.31.46.0-255,66,242248,46,267917
218,0.004133,74.125.200.0-255,5738,247986,46,267917
219,0.004135,172.31.46.0-255,66,248052,46,267917
220,0.004173,74.125.200.0-255,4320,252372,46,267917
221,0.004176,172.31.46.0-255,66,252438,46,267917
222,0.004211,172.31.46.0-255,66,252504,46,267917
223,0.004235,74.125.200.0-255,5738,258242,46,267917
224,0.004239,172.31.46.0-255,66,258308,46,267917
225,0.00427,172.31.46.0-255,66,258374,46,267917
226,0.004273,74.125.200.0-255,97,258471,46,267917
227,0.004276,74.125.200.0-255,105,258576,46,267917
228,0.00957,172.31.46.0-255,66,258642,46,267917
229,0.009615,172.31.46.0-255,105,258747,46,267917
230,0.012063,74.125.200.0-255,66,258813,46,267917
231,0.039753,172.31.46.0-255,172,258985,46,267917
232,0.039783,172.31.46.0-255,1115,260100,46,267917
233,0.039852,172.31.46.0-255,1514,261614,46,267917
234,0.039854,172.31.46.0-255,1514,263128,46,267917
235,0.039856,172.31.46.0-255,1514,264642,46,267917
236,0.03986,172.31.46.0-255,1514,266156,46,267917
237,0.039861,172.31.46.0-255,1497,267653,46,267917
238,0.041457,104.244.42.0-255,66,267719,46,267917
239,0.041473,104.244.42.0-255,66,267785,46,267917
240,0.041593,104.244.42.0-255,66,267851,46,267917
241,0.041642,104.244.42.0-255,66,267917,46,267917
242,0.0,74.125.24.0-255,153,153,46,208045
243,3.4e-05,172.31.46.0-255,66,219,46,208045
244,4.2e-05,74.125.24.0-255,1484,1703,46,208045
245,4.7e-05,172.31.46.0-255,66,1769,46,208045
246,5.2e-05,74.125.24.0-255,2902,4671,46,208045
247,6.3e-05,172.31.46.0-255,66,4737,46,208045
248,7.3e-05,74.125.24.0-255,7156,11893,46,208045
249,7.8e-05,172.31.46.0-255,66,11959,46,208045
250,8.2e-05,74.125.24.0-255,2077,14036,46,208045
251,8.6e-05,172.31.46.0-255,66,14102,46,208045
252,0.000177,74.125.24.0-255,1484,15586,46,208045
253,0.00018,172.31.46.0-255,66,15652,46,208045
254,0.000186,74.125.24.0-255,2902,18554,46,208045
255,0.000189,172.31.46.0-255,66,18620,46,208045
256,0.000192,74.125.24.0-255,1484,20104,46,208045
257,0.000199,172.31.46.0-255,66,20170,46,208045
258,0.000231,74.125.24.0-255,4320,24490,46,208045
259,0.000238,74.125.24.0-255,6797,31287,46,208045
260,0.000274,172.31.46.0-255,66,31353,46,208045
261,0.000277,172.31.46.0-255,66,31419,46,208045
262,0.000325,172.31.46.0-255,66,31485,46,208045
263,0.000329,74.125.24.0-255,2543,34028,46,208045
264,0.000332,172.31.46.0-255,66,34094,46,208045
265,0.000335,74.125.24.0-255,1484,35578,46,208045
266,0.000337,172.31.46.0-255,66,35644,46,208045
267,0.000341,74.125.24.0-255,2902,38546,46,208045
268,0.000344,172.31.46.0-255,66,38612,46,208045
269,0.000381,74.125.24.0-255,5738,44350,46,208045
270,0.000384,172.31.46.0-255,66,44416,46,208045
271,0.000392,74.125.24.0-255,6797,51213,46,208045
272,0.000394,172.31.46.0-255,66,51279,46,208045
273,0.000429,74.125.24.0-255,360,51639,46,208045
274,0.000432,74.125.24.0-255,385,52024,46,208045
275,0.00071,74.125.24.0-255,1484,53508,46,208045
276,0.000715,172.31.46.0-255,66,53574,46,208045
277,0.000751,74.125.24.0-255,2902,56476,46,208045
278,0.000755,172.31.46.0-255,66,56542,46,208045
279,0.000761,74.125.24.0-255,5738,62280,46,208045
280,0.000764,172.31.46.0-255,66,62346,46,208045
281,0.000774,172.31.46.0-255,66,62412,46,208045
282,0.000798,74.125.24.0-255,4320,66732,46,208045
283,0.000801,172.31.46.0-255,66,66798,46,208045
284,0.000808,74.125.24.0-255,5738,72536,46,208045
285,0.00081,172.31.46.0-255,66,72602,46,208045
286,0.000837,74.125.24.0-255,5020,77622,46,208045
287,0.00084,172.31.46.0-255,66,77688,46,208045
288,0.001203,74.125.24.0-255,1484,79172,46,208045
289,0.00121,74.125.24.0-255,2902,82074,46,208045
290,0.001214,172.31.46.0-255,66,82140,46,208045
291,0.001217,74.125.24.0-255,1484,83624,46,208045
292,0.001246,74.125.24.0-255,4320,87944,46,208045
293,0.001249,172.31.46.0-255,66,88010,46,208045
294,0.001253,74.125.24.0-255,1484,89494,46,208045
295,0.00128,74.125.24.0-255,2902,92396,46,208045
296,0.001283,172.31.46.0-255,66,92462,46,208045
297,0.001289,74.125.24.0-255,5738,98200,46,208045
298,0.001292,172.31.46.0-255,66,98266,46,208045
299,0.00132,74.125.24.0-255,7156,105422,46,208045
300,0.001323,172.31.46.0-255,66,105488,46,208045
301,0.001345,74.125.24.0-255,4320,109808,46,208045
302,0.001347,172.31.46.0-255,66,109874,46,208045
303,0.001352,74.125.24.0-255,2184,112058,46,208045
304,0.001354,172.31.46.0-255,66,112124,46,208045
305,0.001397,74.125.24.0-255,2902,115026,46,208045
306,0.0014,172.31.46.0-255,66,115092,46,208045
307,0.001403,74.125.24.0-255,1484,116576,46,208045
308,0.00143,74.125.24.0-255,2902,119478,46,208045
309,0.001433,172.31.46.0-255,66,119544,46,208045
310,0.001444,172.31.46.0-255,66,119610,46,208045
311,0.001459,172.31.46.0-255,66,119676,46,208045
312,0.001469,172.31.46.0-255,66,119742,46,208045
313,0.001509,74.125.24.0-255,2902,122644,46,208045
314,0.001512,172.31.46.0-255,66,122710,46,208045
315,0.001517,74.125.24.0-255,4320,127030,46,208045
316,0.00152,172.31.46.0-255,66,127096,46,208045
317,0.001523,74.125.24.0-255,1484,128580,46,208045
318,0.001559,74.125.24.0-255,7156,135736,46,208045
319,0.001562,172.31.46.0-255,66,135802,46,208045
320,0.001569,74.125.24.0-255,4320,140122,46,208045
321,0.001571,172.31.46.0-255,66,140188,46,208045
322,0.001619,172.31.46.0-255,66,140254,46,208045
323,0.001726,74.125.24.0-255,1484,141738,46,208045
324,0.001732,74.125.24.0-255,2902,144640,46,208045
325,0.001735,172.31.46.0-255,66,144706,46,208045
326,0.001742,74.125.24.0-255,4320,149026,46,208045
327,0.001744,172.31.46.0-255,66,149092,46,208045
328,0.00177,74.125.24.0-255,1484,150576,46,208045
329,0.001819,172.31.46.0-255,66,150642,46,208045
330,0.001831,74.125.24.0-255,1484,152126,46,208045
331,0.001849,172.31.46.0-255,66,152192,46,208045
332,0.002245,74.125.24.0-255,1484,153676,46,208045
333,0.002261,74.125.24.0-255,2902,156578,46,208045
334,0.002264,172.31.46.0-255,66,156644,46,208045
335,0.00227,74.125.24.0-255,4320,160964,46,208045
336,0.002272,172.31.46.0-255,66,161030,46,208045
337,0.002316,172.31.46.0-255,66,161096,46,208045
338,0.00236,172.31.46.0-255,66,161162,46,208045
339,0.002364,74.125.24.0-255,2902,164064,46,208045
340,0.002367,172.31.46.0-255,66,164130,46,208045
341,0.002391,74.125.24.0-255,2184,166314,46,208045
342,0.002397,172.31.46.0-255,66,166380,46,208045
343,0.002441,74.125.24.0-255,1484,167864,46,208045
344,0.002445,74.125.24.0-255,1484,169348,46,208045
345,0.002447,172.31.46.0-255,66,169414,46,208045
346,0.002474,74.125.24.0-255,1484,170898,46,208045
347,0.002481,74.125.24.0-255,5738,176636,46,208045
348,0.002484,172.31.46.0-255,66,176702,46,208045
349,0.00253,172.31.46.0-255,66,176768,46,208045
350,0.00257,172.31.46.0-255,66,176834,46,208045
351,0.002582,172.31.46.0-255,66,176900,46,208045
352,0.002601,74.125.24.0-255,2902,179802,46,208045
353,0.002604,172.31.46.0-255,66,179868,46,208045
354,0.00261,74.125.24.0-255,5738,185606,46,208045
355,0.002613,172.31.46.0-255,66,185672,46,208045
356,0.002645,172.31.46.0-255,66,185738,46,208045
357,0.00265,74.125.24.0-255,4320,190058,46,208045
358,0.002652,172.31.46.0-255,66,190124,46,208045
359,0.00272,172.31.46.0-255,66,190190,46,208045
360,0.002731,172.31.46.0-255,66,190256,46,208045
361,0.005396,74.125.24.0-255,5738,195994,46,208045
362,0.005407,172.31.46.0-255,66,196060,46,208045
363,0.008063,74.125.24.0-255,2652,198712,46,208045
364,0.008069,172.31.46.0-255,66,198778,46,208045
365,0.010593,172.31.46.0-255,105,198883,46,208045
366,0.013247,74.125.24.0-255,66,198949,46,208045
367,0.039018,172.31.46.0-255,164,199113,46,208045
368,0.039054,172.31.46.0-255,1129,200242,46,208045
369,0.039131,172.31.46.0-255,1514,201756,46,208045
370,0.039152,172.31.46.0-255,1514,203270,46,208045
371,0.039153,172.31.46.0-255,1514,204784,46,208045
372,0.039173,172.31.46.0-255,1514,206298,46,208045
373,0.039174,172.31.46.0-255,1483,207781,46,208045
374,0.040582,104.244.42.0-255,66,207847,46,208045
375,0.040683,104.244.42.0-255,66,207913,46,208045
376,0.04069,104.244.42.0-255,66,207979,46,208045
377,0.040846,104.244.42.0-255,66,208045,46,208045
378,0.0,172.253.118.0-255,150,150,46,248497
379,2.4e-05,172.31.46.0-255,66,216,46,248497
380,3.2e-05,172.253.118.0-255,1484,1700,46,248497
381,3.6e-05,172.31.46.0-255,66,1766,46,248497
382,4e-05,172.253.118.0-255,1484,3250,46,248497
383,5.3e-05,172.31.46.0-255,66,3316,46,248497
384,6.1e-05,172.253.118.0-255,4320,7636,46,248497
385,6.4e-05,172.31.46.0-255,66,7702,46,248497
386,6.8e-05,172.253.118.0-255,1484,9186,46,248497
387,7e-05,172.31.46.0-255,66,9252,46,248497
388,0.000105,172.253.118.0-255,4822,14074,46,248497
389,0.000108,172.31.46.0-255,66,14140,46,248497
390,0.000413,172.253.118.0-255,1484,15624,46,248497
391,0.000419,172.31.46.0-255,66,15690,46,248497
392,0.000425,172.253.118.0-255,2902,18592,46,248497
393,0.000428,172.31.46.0-255,66,18658,46,248497
394,0.000468,172.253.118.0-255,5738,24396,46,248497
395,0.000472,172.31.46.0-255,66,24462,46,248497
396,0.000475,172.253.118.0-255,1484,25946,46,248497
397,0.000477,172.31.46.0-255,66,26012,46,248497
398,0.00048,172.253.118.0-255,1484,27496,46,248497
399,0.000482,172.31.46.0-255,66,27562,46,248497
400,0.000509,172.253.118.0-255,1484,29046,46,248497
401,0.000512,172.31.46.0-255,66,29112,46,248497
402,0.000531,172.253.118.0-255,2543,31655,46,248497
403,0.000533,172.31.46.0-255,66,31721,46,248497
404,0.000702,172.253.118.0-255,1484,33205,46,248497
405,0.000706,172.31.46.0-255,66,33271,46,248497
406,0.000731,172.253.118.0-255,2902,36173,46,248497
407,0.000733,172.31.46.0-255,66,36239,46,248497
408,0.000736,172.253.118.0-255,1484,37723,46,248497
409,0.000738,172.31.46.0-255,66,37789,46,248497
410,0.000745,172.253.118.0-255,2902,40691,46,248497
411,0.000751,172.31.46.0-255,66,40757,46,248497
412,0.000777,172.253.118.0-255,2902,43659,46,248497
413,0.00078,172.31.46.0-255,66,43725,46,248497
414,0.000787,172.253.118.0-255,6797,50522,46,248497
415,0.000789,172.31.46.0-255,66,50588,46,248497
416,0.000794,172.253.118.0-255,2902,53490,46,248497
417,0.000796,172.31.46.0-255,66,53556,46,248497
418,0.000822,172.253.118.0-255,4320,57876,46,248497
419,0.000825,172.31.46.0-255,66,57942,46,248497
420,0.000862,172.253.118.0-255,5738,63680,46,248497
421,0.000865,172.31.46.0-255,66,63746,46,248497
422,0.000897,172.253.118.0-255,2854,66600,46,248497
423,0.000899,172.31.46.0-255,66,66666,46,248497
424,0.000965,172.253.118.0-255,108,66774,46,248497
425,0.001216,172.31.46.0-255,66,66840,46,248497
426,0.001248,172.253.118.0-255,1484,68324,46,248497
427,0.001261,172.253.118.0-255,1484,69808,46,248497
428,0.001263,172.31.46.0-255,66,69874,46,248497
429,0.001286,172.253.118.0-255,1484,71358,46,248497
430,0.001292,172.253.118.0-255,4320,75678,46,248497
431,0.001294,172.31.46.0-255,66,75744,46,248497
432,0.001341,172.253.118.0-255,7156,82900,46,248497
433,0.001344,172.31.46.0-255,66,82966,46,248497
434,0.001367,172.253.118.0-255,2543,85509,46,248497
435,0.001369,172.31.46.0-255,66,85575,46,248497
436,0.001376,172.253.118.0-255,7156,92731,46,248497
437,0.001378,172.31.46.0-255,66,92797,46,248497
438,0.001383,172.253.118.0-255,2902,95699,46,248497
439,0.001385,172.31.46.0-255,66,95765,46,248497
440,0.001433,172.253.118.0-255,5379,101144,46,248497
441,0.001436,172.31.46.0-255,66,101210,46,248497
442,0.002085,172.253.118.0-255,1484,102694,46,248497
443,0.002096,172.253.118.0-255,2902,105596,46,248497
444,0.0021,172.31.46.0-255,66,105662,46,248497
445,0.002105,172.253.118.0-255,1484,107146,46,248497
446,0.002132,172.253.118.0-255,4320,111466,46,248497
447,0.002134,172.31.46.0-255,66,111532,46,248497
448,0.002165,172.31.46.0-255,66,111598,46,248497
449,0.002189,172.253.118.0-255,4320,115918,46,248497
450,0.002192,172.31.46.0-255,66,115984,46,248497
451,0.002195,172.253.118.0-255,1484,117468,46,248497
452,0.002229,172.31.46.0-255,66,117534,46,248497
453,0.004806,172.253.118.0-255,5738,123272,46,248497
454,0.004818,172.31.46.0-255,66,123338,46,248497
455,0.007413,172.253.118.0-255,5738,129076,46,248497
456,0.007419,172.31.46.0-255,66,129142,46,248497
457,0.010002,172.253.118.0-255,5738,134880,46,248497
458,0.010009,172.31.46.0-255,66,134946,46,248497
459,0.012601,172.253.118.0-255,5738,140684,46,248497
460,0.012611,172.31.46.0-255,66,140750,46,248497
461,0.015178,172.253.118.0-255,5738,146488,46,248497
462,0.015195,172.31.46.0-255,66,146554,46,248497
463,0.017777,172.253.118.0-255,5738,152292,46,248497
464,0.017791,172.31.46.0-255,66,152358,46,248497
465,0.020391,172.253.118.0-255,5738,158096,46,248497
466,0.020409,172.31.46.0-255,66,158162,46,248497
467,0.023002,172.253.118.0-255,5738,163900,46,248497
468,0.023017,172.31.46.0-255,66,163966,46,248497
469,0.025598,172.253.118.0-255,5738,169704,46,248497
470,0.025611,172.31.46.0-255,66,169770,46,248497
471,0.02819,172.253.118.0-255,5738,175508,46,248497
472,0.0282,172.31.46.0-255,66,175574,46,248497
473,0.030788,172.253.118.0-255,5738,181312,46,248497
474,0.030797,172.31.46.0-255,66,181378,46,248497
475,0.030945,172.31.46.0-255,172,181550,46,248497
476,0.030974,172.31.46.0-255,1119,182669,46,248497
477,0.031088,172.31.46.0-255,1514,184183,46,248497
478,0.03109,172.31.46.0-255,404,184587,46,248497
479,0.033289,104.244.42.0-255,66,184653,46,248497
480,0.033378,172.253.118.0-255,5738,190391,46,248497
481,0.033385,172.31.46.0-255,66,190457,46,248497
482,0.035965,172.253.118.0-255,5738,196195,46,248497
483,0.035973,172.31.46.0-255,66,196261,46,248497
484,0.038543,172.253.118.0-255,5738,201999,46,248497
485,0.038555,172.31.46.0-255,66,202065,46,248497
486,0.04112,172.253.118.0-255,5738,207803,46,248497
487,0.041128,172.31.46.0-255,66,207869,46,248497
488,0.043701,172.253.118.0-255,5738,213607,46,248497
489,0.043711,172.31.46.0-255,66,213673,46,248497
490,0.046322,172.253.118.0-255,5738,219411,46,248497
491,0.04636,172.31.46.0-255,66,219477,46,248497
492,0.04895,172.253.118.0-255,5738,225215,46,248497
493,0.048968,172.31.46.0-255,66,225281,46,248497
494,0.051552,172.253.118.0-255,5738,231019,46,248497
495,0.05156,172.31.46.0-255,66,231085,46,248497
496,0.054134,172.253.118.0-255,5738,236823,46,248497
497,0.054142,172.31.46.0-255,66,236889,46,248497
498,0.056713,172.253.118.0-255,5738,242627,46,248497
499,0.056722,172.31.46.0-255,66,242693,46,248497
500,0.059301,172.253.118.0-255,5738,248431,46,248497
501,0.059309,172.31.46.0-255,66,248497,46,248497
502,0.0,172.217.194.0-255,153,153,46,252973
503,1.4e-05,172.31.46.0-255,66,219,46,252973
504,2e-05,172.217.194.0-255,1484,1703,46,252973
505,2.4e-05,172.31.46.0-255,66,1769,46,252973
506,3e-05,172.217.194.0-255,2902,4671,46,252973
507,3.3e-05,172.31.46.0-255,66,4737,46,252973
508,5.6e-05,172.217.194.0-255,5738,10475,46,252973
509,5.8e-05,172.31.46.0-255,66,10541,46,252973
510,9e-05,172.217.194.0-255,3478,14019,46,252973
511,9.3e-05,172.31.46.0-255,66,14085,46,252973
512,0.000135,172.217.194.0-255,4320,18405,46,252973
513,0.000138,172.31.46.0-255,66,18471,46,252973
514,0.000142,172.217.194.0-255,2902,21373,46,252973
515,0.000144,172.31.46.0-255,66,21439,46,252973
516,0.000158,172.217.194.0-255,4320,25759,46,252973
517,0.000161,172.31.46.0-255,66,25825,46,252973
518,0.00018,172.217.194.0-255,4320,30145,46,252973
519,0.000182,172.31.46.0-255,66,30211,46,252973
520,0.000199,172.217.194.0-255,4320,34531,46,252973
521,0.000201,172.31.46.0-255,66,34597,46,252973
522,0.000218,172.217.194.0-255,1125,35722,46,252973
523,0.00022,172.31.46.0-255,66,35788,46,252973
524,0.000226,172.217.194.0-255,5738,41526,46,252973
525,0.000228,172.31.46.0-255,66,41592,46,252973
526,0.00025,172.217.194.0-255,6797,48389,46,252973
527,0.000252,172.31.46.0-255,66,48455,46,252973
528,0.000296,172.217.194.0-255,4320,52775,46,252973
529,0.000299,172.31.46.0-255,66,52841,46,252973
530,0.000319,172.217.194.0-255,1484,54325,46,252973
531,0.000321,172.31.46.0-255,66,54391,46,252973
532,0.000328,172.217.194.0-255,7156,61547,46,252973
533,0.00033,172.31.46.0-255,66,61613,46,252973
534,0.000351,172.217.194.0-255,3961,65574,46,252973
535,0.000408,172.217.194.0-255,3483,69057,46,252973
536,0.000412,172.217.194.0-255,2902,71959,46,252973
537,0.000426,172.217.194.0-255,1484,73443,46,252973
538,0.000445,172.217.194.0-255,1484,74927,46,252973
539,0.000457,172.217.194.0-255,4320,79247,46,252973
540,0.00046,172.31.46.0-255,66,79313,46,252973
541,0.000465,172.31.46.0-255,66,79379,46,252973
542,0.000476,172.217.194.0-255,2902,82281,46,252973
543,0.000504,172.217.194.0-255,6797,89078,46,252973
544,0.000512,172.31.46.0-255,66,89144,46,252973
545,0.000523,172.217.194.0-255,7156,96300,46,252973
546,0.000528,172.31.46.0-255,66,96366,46,252973
547,0.000595,172.217.194.0-255,3961,100327,46,252973
548,0.000613,172.31.46.0-255,66,100393,46,252973
549,0.000684,172.217.194.0-255,1484,101877,46,252973
550,0.000704,172.217.194.0-255,2902,104779,46,252973
551,0.00071,172.217.194.0-255,5738,110517,46,252973
552,0.000712,172.217.194.0-255,1484,112001,46,252973
553,0.000719,172.31.46.0-255,66,112067,46,252973
554,0.000732,172.217.194.0-255,7156,119223,46,252973
555,0.000744,172.31.46.0-255,66,119289,46,252973
556,0.000773,172.217.194.0-255,5738,125027,46,252973
557,0.000783,172.31.46.0-255,66,125093,46,252973
558,0.000815,172.31.46.0-255,66,125159,46,252973
559,0.000818,172.217.194.0-255,1484,126643,46,252973
560,0.000857,172.31.46.0-255,66,126709,46,252973
561,0.000874,172.217.194.0-255,4320,131029,46,252973
562,0.000928,172.31.46.0-255,66,131095,46,252973
563,0.000932,172.31.46.0-255,66,131161,46,252973
564,0.000949,172.217.194.0-255,1484,132645,46,252973
565,0.000953,172.217.194.0-255,2902,135547,46,252973
566,0.000958,172.217.194.0-255,5738,141285,46,252973
567,0.000964,172.31.46.0-255,66,141351,46,252973
568,0.000971,172.217.194.0-255,1484,142835,46,252973
569,0.000991,172.217.194.0-255,5738,148573,46,252973
570,0.000997,172.217.194.0-255,4320,152893,46,252973
571,0.001001,172.31.46.0-255,66,152959,46,252973
572,0.001016,172.217.194.0-255,4320,157279,46,252973
573,0.001028,172.31.46.0-255,66,157345,46,252973
574,0.001043,172.217.194.0-255,7156,164501,46,252973
575,0.001061,172.31.46.0-255,66,164567,46,252973
576,0.001077,172.217.194.0-255,766,165333,46,252973
577,0.001166,172.217.194.0-255,1484,166817,46,252973
578,0.001171,172.217.194.0-255,2902,169719,46,252973
579,0.001183,172.217.194.0-255,1484,171203,46,252973
580,0.001189,172.31.46.0-255,66,171269,46,252973
581,0.001198,172.217.194.0-255,4320,175589,46,252973
582,0.001202,172.31.46.0-255,66,175655,46,252973
583,0.001211,172.217.194.0-255,4320,179975,46,252973
584,0.001223,172.31.46.0-255,66,180041,46,252973
585,0.001236,172.217.194.0-255,1484,181525,46,252973
586,0.001241,172.31.46.0-255,66,181591,46,252973
587,0.00128,172.217.194.0-255,7156,188747,46,252973
588,0.001301,172.217.194.0-255,2902,191649,46,252973
589,0.001311,172.31.46.0-255,66,191715,46,252973
590,0.001359,172.31.46.0-255,66,191781,46,252973
591,0.001365,172.217.194.0-255,1484,193265,46,252973
592,0.001381,172.217.194.0-255,2902,196167,46,252973
593,0.001387,172.217.194.0-255,4320,200487,46,252973
594,0.001401,172.217.194.0-255,1484,201971,46,252973
595,0.001411,172.31.46.0-255,66,202037,46,252973
596,0.00142,172.217.194.0-255,4320,206357,46,252973
597,0.001424,172.31.46.0-255,66,206423,46,252973
598,0.001436,172.217.194.0-255,7156,213579,46,252973
599,0.001452,172.217.194.0-255,3602,217181,46,252973
600,0.001458,172.31.46.0-255,66,217247,46,252973
601,0.001476,172.217.194.0-255,1484,218731,46,252973
602,0.00148,172.217.194.0-255,2902,221633,46,252973
603,0.001502,172.217.194.0-255,5738,227371,46,252973
604,0.001507,172.31.46.0-255,66,227437,46,252973
605,0.001518,172.217.194.0-255,5738,233175,46,252973
606,0.001536,172.217.194.0-255,7156,240331,46,252973
607,0.001538,172.217.194.0-255,1484,241815,46,252973
608,0.001549,172.31.46.0-255,66,241881,46,252973
609,0.001566,172.217.194.0-255,1484,243365,46,252973
610,0.001603,172.31.46.0-255,66,243431,46,252973
611,0.001632,172.217.194.0-255,7156,250587,46,252973
612,0.001708,172.217.194.0-255,105,250692,46,252973
613,0.001715,172.31.46.0-255,66,250758,46,252973
614,0.007685,172.31.46.0-255,105,250863,46,252973
615,0.01016,172.217.194.0-255,66,250929,46,252973
616,0.030904,172.31.46.0-255,172,251101,46,252973
617,0.030935,172.31.46.0-255,1118,252219,46,252973
618,0.030982,172.31.46.0-255,556,252775,46,252973
619,0.032471,104.244.42.0-255,66,252841,46,252973
620,0.032505,104.244.42.0-255,66,252907,46,252973
621,0.03252,104.244.42.0-255,66,252973,46,252973
622,0.0,172.217.194.0-255,150,150,46,199005
623,1.7e-05,172.31.46.0-255,66,216,46,199005
624,2.4e-05,172.217.194.0-255,1484,1700,46,199005
625,2.8e-05,172.31.46.0-255,66,1766,46,199005
626,3.4e-05,172.217.194.0-255,2902,4668,46,199005
627,4.4e-05,172.31.46.0-255,66,4734,46,199005
628,5.1e-05,172.217.194.0-255,5738,10472,46,199005
629,5.4e-05,172.31.46.0-255,66,10538,46,199005
630,9e-05,172.31.46.0-255,66,10604,46,199005
631,9.7e-05,172.217.194.0-255,6797,17401,46,199005
632,0.0001,172.31.46.0-255,66,17467,46,199005
633,0.000155,172.217.194.0-255,1484,18951,46,199005
634,0.000158,172.31.46.0-255,66,19017,46,199005
635,0.000162,172.217.194.0-255,2902,21919,46,199005
636,0.000165,172.31.46.0-255,66,21985,46,199005
637,0.0002,172.217.194.0-255,5738,27723,46,199005
638,0.000203,172.31.46.0-255,66,27789,46,199005
639,0.00021,172.217.194.0-255,7156,34945,46,199005
640,0.000212,172.31.46.0-255,66,35011,46,199005
641,0.000253,172.31.46.0-255,66,35077,46,199005
642,0.000257,172.217.194.0-255,2184,37261,46,199005
643,0.000259,172.31.46.0-255,66,37327,46,199005
644,0.000262,172.217.194.0-255,398,37725,46,199005
645,0.000264,172.31.46.0-255,66,37791,46,199005
646,0.000319,172.217.194.0-255,377,38168,46,199005
647,0.000322,172.31.46.0-255,66,38234,46,199005
648,0.000413,172.217.194.0-255,1484,39718,46,199005
649,0.000417,172.31.46.0-255,66,39784,46,199005
650,0.000422,172.217.194.0-255,2902,42686,46,199005
651,0.000425,172.31.46.0-255,66,42752,46,199005
652,0.000453,172.217.194.0-255,4320,47072,46,199005
653,0.000456,172.31.46.0-255,66,47138,46,199005
654,0.000483,172.217.194.0-255,1484,48622,46,199005
655,0.000491,172.217.194.0-255,6797,55419,46,199005
656,0.000493,172.31.46.0-255,66,55485,46,199005
657,0.00057,172.217.194.0-255,1484,56969,46,199005
658,0.000575,172.217.194.0-255,2902,59871,46,199005
659,0.000577,172.31.46.0-255,66,59937,46,199005
660,0.000584,172.217.194.0-255,5738,65675,46,199005
661,0.000587,172.31.46.0-255,66,65741,46,199005
662,0.000617,172.217.194.0-255,5738,71479,46,199005
663,0.000619,172.31.46.0-255,66,71545,46,199005
664,0.000643,172.217.194.0-255,1125,72670,46,199005
665,0.000983,172.217.194.0-255,1484,74154,46,199005
666,0.000989,172.31.46.0-255,66,74220,46,199005
667,0.000997,172.217.194.0-255,2902,77122,46,199005
668,0.000999,172.31.46.0-255,66,77188,46,199005
669,0.00101,172.217.194.0-255,5738,82926,46,199005
670,0.001013,172.31.46.0-255,66,82992,46,199005
671,0.00105,172.31.46.0-255,66,83058,46,199005
672,0.001058,172.217.194.0-255,7156,90214,46,199005
673,0.00106,172.31.46.0-255,66,90280,46,199005
674,0.001104,172.217.194.0-255,3602,93882,46,199005
675,0.001107,172.31.46.0-255,66,93948,46,199005
676,0.001224,172.217.194.0-255,1484,95432,46,199005
677,0.001239,172.217.194.0-255,2902,98334,46,199005
678,0.001242,172.31.46.0-255,66,98400,46,199005
679,0.001249,172.217.194.0-255,5738,104138,46,199005
680,0.001251,172.31.46.0-255,66,104204,46,199005
681,0.001288,172.31.46.0-255,66,104270,46,199005
682,0.001294,172.217.194.0-255,4320,108590,46,199005
683,0.001296,172.31.46.0-255,66,108656,46,199005
684,0.001336,172.217.194.0-255,6438,115094,46,199005
685,0.001339,172.31.46.0-255,66,115160,46,199005
686,0.001536,172.217.194.0-255,1484,116644,46,199005
687,0.001542,172.217.194.0-255,2902,119546,46,199005
688,0.001545,172.31.46.0-255,66,119612,46,199005
689,0.001552,172.217.194.0-255,5738,125350,46,199005
690,0.001555,172.31.46.0-255,66,125416,46,199005
691,0.001595,172.31.46.0-255,66,125482,46,199005
692,0.0016,172.217.194.0-255,4320,129802,46,199005
693,0.001603,172.31.46.0-255,66,129868,46,199005
694,0.001633,172.217.194.0-255,1484,131352,46,199005
695,0.001652,172.217.194.0-255,7156,138508,46,199005
696,0.001655,172.31.46.0-255,66,138574,46,199005
697,0.001692,172.31.46.0-255,66,138640,46,199005
698,0.001714,172.31.46.0-255,66,138706,46,199005
699,0.00172,172.217.194.0-255,5020,143726,46,199005
700,0.001722,172.31.46.0-255,66,143792,46,199005
701,0.001782,172.217.194.0-255,1484,145276,46,199005
702,0.001787,172.217.194.0-255,2902,148178,46,199005
703,0.001789,172.31.46.0-255,66,148244,46,199005
704,0.001796,172.217.194.0-255,5738,153982,46,199005
705,0.001799,172.31.46.0-255,66,154048,46,199005
706,0.001823,172.31.46.0-255,66,154114,46,199005
707,0.001847,172.217.194.0-255,4320,158434,46,199005
708,0.001849,172.31.46.0-255,66,158500,46,199005
709,0.001882,172.217.194.0-255,6438,164938,46,199005
710,0.001885,172.31.46.0-255,66,165004,46,199005
711,0.001899,172.31.46.0-255,66,165070,46,199005
712,0.001905,172.217.194.0-255,5738,170808,46,199005
713,0.001907,172.31.46.0-255,66,170874,46,199005
714,0.001942,172.31.46.0-255,66,170940,46,199005
715,0.001949,172.217.194.0-255,5738,176678,46,199005
716,0.001952,172.31.46.0-255,66,176744,46,199005
717,0.001992,172.217.194.0-255,5020,181764,46,199005
718,0.001995,172.31.46.0-255,66,181830,46,199005
719,0.002013,172.31.46.0-255,66,181896,46,199005
720,0.00202,172.217.194.0-255,7156,189052,46,199005
721,0.002022,172.31.46.0-255,66,189118,46,199005
722,0.002069,172.31.46.0-255,66,189184,46,199005
723,0.002082,172.31.46.0-255,66,189250,46,199005
724,0.002146,172.217.194.0-255,105,189355,46,199005
725,0.00215,172.31.46.0-255,66,189421,46,199005
726,0.002153,172.31.46.0-255,66,189487,46,199005
727,0.010719,172.31.46.0-255,66,189553,46,199005
728,0.010757,172.31.46.0-255,105,189658,46,199005
729,0.013121,172.217.194.0-255,66,189724,46,199005
730,0.033144,172.31.46.0-255,172,189896,46,199005
731,0.033178,172.31.46.0-255,1118,191014,46,199005
732,0.033242,172.31.46.0-255,1514,192528,46,199005
733,0.033244,172.31.46.0-255,1514,194042,46,199005
734,0.033245,172.31.46.0-255,1514,195556,46,199005
735,0.03325,172.31.46.0-255,1514,197070,46,199005
736,0.033252,172.31.46.0-255,1497,198567,46,199005
737,0.03479,104.244.42.0-255,66,198633,46,199005
738,0.03482,104.244.42.0-255,66,198699,46,199005
739,0.034923,104.244.42.0-255,66,198765,46,199005
740,0.034944,104.244.42.0-255,66,198831,46,199005
741,0.035624,104.244.42.0-255,108,198939,46,199005
742,0.035633,172.31.46.0-255,66,199005,46,199005
743,0.0,74.125.200.0-255,150,150,46,317216
744,1.7e-05,74.125.200.0-255,1484,1634,46,317216
745,2.6e-05,172.31.46.0-255,66,1700,46,317216
746,3.4e-05,74.125.200.0-255,2902,4602,46,317216
747,3.7e-05,172.31.46.0-255,66,4668,46,317216
748,7.1e-05,74.125.200.0-255,7156,11824,46,317216
749,7.9e-05,172.31.46.0-255,66,11890,46,317216
750,0.00011,74.125.200.0-255,2055,13945,46,317216
751,0.000112,172.31.46.0-255,66,14011,46,317216
752,0.000143,74.125.200.0-255,1484,15495,46,317216
753,0.000146,74.125.200.0-255,1484,16979,46,317216
754,0.000148,172.31.46.0-255,66,17045,46,317216
755,0.000159,74.125.200.0-255,1484,18529,46,317216
756,0.000169,74.125.200.0-255,4320,22849,46,317216
757,0.000171,172.31.46.0-255,66,22915,46,317216
758,0.000196,74.125.200.0-255,1484,24399,46,317216
759,0.000203,74.125.200.0-255,6797,31196,46,317216
760,0.000205,172.31.46.0-255,66,31262,46,317216
761,0.000233,74.125.200.0-255,7156,38418,46,317216
762,0.000236,172.31.46.0-255,66,38484,46,317216
763,0.000239,74.125.200.0-255,1484,39968,46,317216
764,0.000266,74.125.200.0-255,4320,44288,46,317216
765,0.000269,172.31.46.0-255,66,44354,46,317216
766,0.000297,74.125.200.0-255,3961,48315,46,317216
767,0.0003,172.31.46.0-255,66,48381,46,317216
768,0.000581,74.125.200.0-255,1484,49865,46,317216
769,0.000601,74.125.200.0-255,2902,52767,46,317216
770,0.000605,172.31.46.0-255,66,52833,46,317216
771,0.000609,74.125.200.0-255,1484,54317,46,317216
772,0.000639,74.125.200.0-255,2902,57219,46,317216
773,0.000642,172.31.46.0-255,66,57285,46,317216
774,0.000672,74.125.200.0-255,5738,63023,46,317216
775,0.000675,172.31.46.0-255,66,63089,46,317216
776,0.000677,74.125.200.0-255,1484,64573,46,317216
777,0.000682,74.125.200.0-255,1706,66279,46,317216
778,0.000684,172.31.46.0-255,66,66345,46,317216
779,0.00081,74.125.200.0-255,1484,67829,46,317216
780,0.000814,74.125.200.0-255,1484,69313,46,317216
781,0.000821,172.31.46.0-255,66,69379,46,317216
782,0.00083,74.125.200.0-255,1484,70863,46,317216
783,0.000837,74.125.200.0-255,4320,75183,46,317216
784,0.000843,172.31.46.0-255,66,75249,46,317216
785,0.000864,74.125.200.0-255,1484,76733,46,317216
786,0.000871,74.125.200.0-255,5738,82471,46,317216
787,0.000873,172.31.46.0-255,66,82537,46,317216
788,0.000898,74.125.200.0-255,5738,88275,46,317216
789,0.000901,172.31.46.0-255,66,88341,46,317216
790,0.000944,172.31.46.0-255,66,88407,46,317216
791,0.000958,74.125.200.0-255,2184,90591,46,317216
792,0.00096,74.125.200.0-255,1484,92075,46,317216
793,0.000964,74.125.200.0-255,2902,94977,46,317216
794,0.000974,74.125.200.0-255,5738,100715,46,317216
795,0.000976,74.125.200.0-255,1484,102199,46,317216
796,0.00098,74.125.200.0-255,2902,105101,46,317216
797,0.000983,74.125.200.0-255,2902,108003,46,317216
798,0.000989,172.31.46.0-255,66,108069,46,317216
799,0.000993,172.31.46.0-255,66,108135,46,317216
800,0.000996,172.31.46.0-255,66,108201,46,317216
801,0.001009,172.31.46.0-255,66,108267,46,317216
802,0.001012,172.31.46.0-255,66,108333,46,317216
803,0.001017,74.125.200.0-255,2902,111235,46,317216
804,0.00102,172.31.46.0-255,66,111301,46,317216
805,0.001032,172.31.46.0-255,66,111367,46,317216
806,0.001072,172.31.46.0-255,66,111433,46,317216
807,0.001078,74.125.200.0-255,4320,115753,46,317216
808,0.001081,172.31.46.0-255,66,115819,46,317216
809,0.00113,74.125.200.0-255,5738,121557,46,317216
810,0.001134,172.31.46.0-255,66,121623,46,317216
811,0.001172,172.31.46.0-255,66,121689,46,317216
812,0.001175,74.125.200.0-255,1484,123173,46,317216
813,0.001207,74.125.200.0-255,3602,126775,46,317216
814,0.001209,172.31.46.0-255,66,126841,46,317216
815,0.001233,74.125.200.0-255,1484,128325,46,317216
816,0.001246,74.125.200.0-255,2902,131227,46,317216
817,0.001249,172.31.46.0-255,66,131293,46,317216
818,0.00128,74.125.200.0-255,5738,137031,46,317216
819,0.001283,172.31.46.0-255,66,137097,46,317216
820,0.001287,74.125.200.0-255,2902,139999,46,317216
821,0.00129,172.31.46.0-255,66,140065,46,317216
822,0.001295,74.125.200.0-255,4320,144385,46,317216
823,0.001302,172.31.46.0-255,66,144451,46,317216
824,0.001348,172.31.46.0-255,66,144517,46,317216
825,0.001355,74.125.200.0-255,5738,150255,46,317216
826,0.001357,172.31.46.0-255,66,150321,46,317216
827,0.001389,74.125.200.0-255,2184,152505,46,317216
828,0.001392,172.31.46.0-255,66,152571,46,317216
829,0.001416,74.125.200.0-255,2902,155473,46,317216
830,0.001418,172.31.46.0-255,66,155539,46,317216
831,0.001421,74.125.200.0-255,1484,157023,46,317216
832,0.001447,74.125.200.0-255,2902,159925,46,317216
833,0.00145,172.31.46.0-255,66,159991,46,317216
834,0.001454,74.125.200.0-255,2902,162893,46,317216
835,0.001457,172.31.46.0-255,66,162959,46,317216
836,0.001497,74.125.200.0-255,5738,168697,46,317216
837,0.001503,74.125.200.0-255,5738,174435,46,317216
838,0.001509,74.125.200.0-255,7156,181591,46,317216
839,0.001515,172.31.46.0-255,66,181657,46,317216
840,0.001522,172.31.46.0-255,66,181723,46,317216
841,0.001525,172.31.46.0-255,66,181789,46,317216
842,0.001571,74.125.200.0-255,5020,186809,46,317216
843,0.001574,172.31.46.0-255,66,186875,46,317216
844,0.001589,74.125.200.0-255,1484,188359,46,317216
845,0.001604,74.125.200.0-255,2902,191261,46,317216
846,0.001607,172.31.46.0-255,66,191327,46,317216
847,0.00161,74.125.200.0-255,1484,192811,46,317216
848,0.001638,74.125.200.0-255,4320,197131,46,317216
849,0.001641,172.31.46.0-255,66,197197,46,317216
850,0.001644,74.125.200.0-255,1484,198681,46,317216
851,0.001653,74.125.200.0-255,4320,203001,46,317216
852,0.001655,172.31.46.0-255,66,203067,46,317216
853,0.001689,74.125.200.0-255,4320,207387,46,317216
854,0.001692,172.31.46.0-255,66,207453,46,317216
855,0.001708,172.31.46.0-255,66,207519,46,317216
856,0.001747,74.125.200.0-255,1484,209003,46,317216
857,0.001752,74.125.200.0-255,2902,211905,46,317216
858,0.001754,172.31.46.0-255,66,211971,46,317216
859,0.001759,74.125.200.0-255,2902,214873,46,317216
860,0.001761,172.31.46.0-255,66,214939,46,317216
861,0.001785,74.125.200.0-255,2902,217841,46,317216
862,0.001788,172.31.46.0-255,66,217907,46,317216
863,0.001793,74.125.200.0-255,4320,222227,46,317216
864,0.001796,172.31.46.0-255,66,222293,46,317216
865,0.001806,74.125.200.0-255,5738,228031,46,317216
866,0.001809,172.31.46.0-255,66,228097,46,317216
867,0.001877,74.125.200.0-255,2184,230281,46,317216
868,0.001881,172.31.46.0-255,66,230347,46,317216
869,0.001884,172.31.46.0-255,66,230413,46,317216
870,0.002007,74.125.200.0-255,1484,231897,46,317216
871,0.002012,74.125.200.0-255,2902,234799,46,317216
872,0.002015,172.31.46.0-255,66,234865,46,317216
873,0.002041,74.125.200.0-255,4320,239185,46,317216
874,0.002043,172.31.46.0-255,66,239251,46,317216
875,0.002048,74.125.200.0-255,4320,243571,46,317216
876,0.00205,172.31.46.0-255,66,243637,46,317216
877,0.002069,74.125.200.0-255,1484,245121,46,317216
878,0.002072,74.125.200.0-255,1484,246605,46,317216
879,0.002073,172.31.46.0-255,66,246671,46,317216
880,0.00211,172.31.46.0-255,66,246737,46,317216
881,0.002115,74.125.200.0-255,4320,251057,46,317216
882,0.002117,172.31.46.0-255,66,251123,46,317216
883,0.002143,74.125.200.0-255,3602,254725,46,317216
884,0.002146,172.31.46.0-255,66,254791,46,317216
885,0.002191,74.125.200.0-255,4320,259111,46,317216
886,0.002194,172.31.46.0-255,66,259177,46,317216
887,0.002197,74.125.200.0-255,1484,260661,46,317216
888,0.002226,74.125.200.0-255,4320,264981,46,317216
889,0.002229,172.31.46.0-255,66,265047,46,317216
890,0.002252,74.125.200.0-255,7156,272203,46,317216
891,0.002255,172.31.46.0-255,66,272269,46,317216
892,0.002275,74.125.200.0-255,4320,276589,46,317216
893,0.002277,172.31.46.0-255,66,276655,46,317216
894,0.002307,74.125.200.0-255,4320,280975,46,317216
895,0.00231,172.31.46.0-255,66,281041,46,317216
896,0.002315,74.125.200.0-255,2902,283943,46,317216
897,0.002317,172.31.46.0-255,66,284009,46,317216
898,0.002322,74.125.200.0-255,4320,288329,46,317216
899,0.002325,172.31.46.0-255,66,288395,46,317216
900,0.002327,74.125.200.0-255,766,289161,46,317216
901,0.002406,74.125.200.0-255,1484,290645,46,317216
902,0.00241,172.31.46.0-255,66,290711,46,317216
903,0.002414,74.125.200.0-255,1484,292195,46,317216
904,0.002435,74.125.200.0-255,1484,293679,46,317216
905,0.002437,172.31.46.0-255,66,293745,46,317216
906,0.002442,74.125.200.0-255,2902,296647,46,317216
907,0.002444,172.31.46.0-255,66,296713,46,317216
908,0.002472,74.125.200.0-255,2902,299615,46,317216
909,0.002475,172.31.46.0-255,66,299681,46,317216
910,0.002482,74.125.200.0-255,7156,306837,46,317216
911,0.002484,172.31.46.0-255,66,306903,46,317216
912,0.002487,74.125.200.0-255,590,307493,46,317216
913,0.002542,74.125.200.0-255,105,307598,46,317216
914,0.009599,172.31.46.0-255,101,307699,46,317216
915,0.011386,172.31.46.0-255,105,307804,46,317216
916,0.012108,74.125.200.0-255,66,307870,46,317216
917,0.013888,74.125.200.0-255,66,307936,46,317216
918,0.036714,172.31.46.0-255,172,308108,46,317216
919,0.036747,172.31.46.0-255,1115,309223,46,317216
920,0.036814,172.31.46.0-255,1514,310737,46,317216
921,0.036834,172.31.46.0-255,1514,312251,46,317216
922,0.036836,172.31.46.0-255,1514,313765,46,317216
923,0.036855,172.31.46.0-255,1514,315279,46,317216
924,0.036858,172.31.46.0-255,1499,316778,46,317216
925,0.038238,104.244.42.0-255,66,316844,46,317216
926,0.03827,104.244.42.0-255,66,316910,46,317216
927,0.038393,104.244.42.0-255,66,316976,46,317216
928,0.038438,104.244.42.0-255,66,317042,46,317216
929,0.039028,104.244.42.0-255,108,317150,46,317216
930,0.039037,172.31.46.0-255,66,317216,46,317216
931,0.0,172.217.194.0-255,297,297,46,259168
932,2.3e-05,172.31.46.0-255,66,363,46,259168
933,2.9e-05,172.217.194.0-255,1484,1847,46,259168
934,3.4e-05,172.31.46.0-255,66,1913,46,259168
935,4.9e-05,172.217.194.0-255,4320,6233,46,259168
936,5.2e-05,172.31.46.0-255,66,6299,46,259168
937,6.4e-05,172.31.46.0-255,66,6365,46,259168
938,7.1e-05,172.217.194.0-255,5738,12103,46,259168
939,7.5e-05,172.31.46.0-255,66,12169,46,259168
940,0.000108,172.217.194.0-255,4320,16489,46,259168
941,0.000111,172.31.46.0-255,66,16555,46,259168
942,0.000142,172.217.194.0-255,5379,21934,46,259168
943,0.000145,172.31.46.0-255,66,22000,46,259168
944,0.00015,172.217.194.0-255,2902,24902,46,259168
945,0.000152,172.31.46.0-255,66,24968,46,259168
946,0.000183,172.217.194.0-255,4320,29288,46,259168
947,0.000186,172.31.46.0-255,66,29354,46,259168
948,0.000196,172.31.46.0-255,66,29420,46,259168
949,0.00024,172.31.46.0-255,66,29486,46,259168
950,0.000261,172.217.194.0-255,2495,31981,46,259168
951,0.000263,172.31.46.0-255,66,32047,46,259168
952,0.000287,172.217.194.0-255,366,32413,46,259168
953,0.00029,172.31.46.0-255,66,32479,46,259168
954,0.000485,172.217.194.0-255,1484,33963,46,259168
955,0.00049,172.31.46.0-255,66,34029,46,259168
956,0.000496,172.217.194.0-255,2902,36931,46,259168
957,0.000499,172.31.46.0-255,66,36997,46,259168
958,0.00051,172.217.194.0-255,5738,42735,46,259168
959,0.000513,172.31.46.0-255,66,42801,46,259168
960,0.000559,172.31.46.0-255,66,42867,46,259168
961,0.000564,172.217.194.0-255,2902,45769,46,259168
962,0.000566,172.31.46.0-255,66,45835,46,259168
963,0.000607,172.31.46.0-255,66,45901,46,259168
964,0.000924,172.217.194.0-255,1484,47385,46,259168
965,0.000946,172.217.194.0-255,2902,50287,46,259168
966,0.00095,172.31.46.0-255,66,50353,46,259168
967,0.000958,172.217.194.0-255,5738,56091,46,259168
968,0.000959,172.31.46.0-255,66,56157,46,259168
969,0.000962,172.217.194.0-255,1484,57641,46,259168
970,0.00099,172.217.194.0-255,1484,59125,46,259168
971,0.000993,172.31.46.0-255,66,59191,46,259168
972,0.000999,172.217.194.0-255,4320,63511,46,259168
973,0.001001,172.31.46.0-255,66,63577,46,259168
974,0.001021,172.217.194.0-255,5738,69315,46,259168
975,0.001029,172.31.46.0-255,66,69381,46,259168
976,0.001071,172.31.46.0-255,66,69447,46,259168
977,0.001103,172.217.194.0-255,2184,71631,46,259168
978,0.001106,172.217.194.0-255,1484,73115,46,259168
979,0.00111,172.217.194.0-255,2902,76017,46,259168
980,0.001116,172.217.194.0-255,5738,81755,46,259168
981,0.00112,172.31.46.0-255,66,81821,46,259168
982,0.001124,172.31.46.0-255,66,81887,46,259168
983,0.001126,172.31.46.0-255,66,81953,46,259168
984,0.001148,172.217.194.0-255,2902,84855,46,259168
985,0.00115,172.31.46.0-255,66,84921,46,259168
986,0.001162,172.31.46.0-255,66,84987,46,259168
987,0.0012,172.31.46.0-255,66,85053,46,259168
988,0.00178,172.217.194.0-255,1484,86537,46,259168
989,0.001785,172.217.194.0-255,1484,88021,46,259168
990,0.001789,172.31.46.0-255,66,88087,46,259168
991,0.001817,172.217.194.0-255,1484,89571,46,259168
992,0.001824,172.217.194.0-255,5738,95309,46,259168
993,0.001827,172.31.46.0-255,66,95375,46,259168
994,0.00183,172.217.194.0-255,1484,96859,46,259168
995,0.001874,172.31.46.0-255,66,96925,46,259168
996,0.001884,172.217.194.0-255,4320,101245,46,259168
997,0.001886,172.31.46.0-255,66,101311,46,259168
998,0.001915,172.217.194.0-255,5738,107049,46,259168
999,0.001918,172.31.46.0-255,66,107115,46,259168
1000,0.00192,172.217.194.0-255,766,107881,46,259168
1001,0.002013,172.217.194.0-255,1484,109365,46,259168
1002,0.002018,172.31.46.0-255,66,109431,46,259168
1003,0.002023,172.217.194.0-255,2902,112333,46,259168
1004,0.002025,172.31.46.0-255,66,112399,46,259168
1005,0.002028,172.217.194.0-255,1484,113883,46,259168
1006,0.002055,172.217.194.0-255,4320,118203,46,259168
1007,0.002058,172.31.46.0-255,66,118269,46,259168
1008,0.002063,172.217.194.0-255,2902,121171,46,259168
1009,0.002064,172.31.46.0-255,66,121237,46,259168
1010,0.002101,172.31.46.0-255,66,121303,46,259168
1011,0.002116,172.31.46.0-255,66,121369,46,259168
1012,0.002132,172.217.194.0-255,2184,123553,46,259168
1013,0.002139,172.31.46.0-255,66,123619,46,259168
1014,0.002197,172.217.194.0-255,1484,125103,46,259168
1015,0.002216,172.217.194.0-255,2902,128005,46,259168
1016,0.002219,172.31.46.0-255,66,128071,46,259168
1017,0.002225,172.217.194.0-255,4320,132391,46,259168
1018,0.002227,172.31.46.0-255,66,132457,46,259168
1019,0.002252,172.217.194.0-255,1484,133941,46,259168
1020,0.002267,172.31.46.0-255,66,134007,46,259168
1021,0.002296,172.217.194.0-255,4320,138327,46,259168
1022,0.002298,172.31.46.0-255,66,138393,46,259168
1023,0.002326,172.31.46.0-255,66,138459,46,259168
1024,0.004645,172.217.194.0-255,5738,144197,46,259168
1025,0.004655,172.31.46.0-255,66,144263,46,259168
1026,0.007011,172.217.194.0-255,5738,150001,46,259168
1027,0.007017,172.31.46.0-255,66,150067,46,259168
1028,0.009435,172.217.194.0-255,4320,154387,46,259168
1029,0.009445,172.31.46.0-255,66,154453,46,259168
1030,0.009475,172.217.194.0-255,1484,155937,46,259168
1031,0.011771,172.217.194.0-255,4320,160257,46,259168
1032,0.011779,172.31.46.0-255,66,160323,46,259168
1033,0.014185,172.217.194.0-255,5738,166061,46,259168
1034,0.014198,172.31.46.0-255,66,166127,46,259168
1035,0.016585,172.217.194.0-255,5738,171865,46,259168
1036,0.016594,172.31.46.0-255,66,171931,46,259168
1037,0.01894,172.217.194.0-255,5738,177669,46,259168
1038,0.018974,172.31.46.0-255,66,177735,46,259168
1039,0.021344,172.217.194.0-255,5738,183473,46,259168
1040,0.021362,172.31.46.0-255,66,183539,46,259168
1041,0.023692,172.217.194.0-255,5738,189277,46,259168
1042,0.023705,172.31.46.0-255,66,189343,46,259168
1043,0.026083,172.217.194.0-255,5738,195081,46,259168
1044,0.026101,172.31.46.0-255,66,195147,46,259168
1045,0.028526,172.217.194.0-255,5738,200885,46,259168
1046,0.028542,172.31.46.0-255,66,200951,46,259168
1047,0.030907,172.217.194.0-255,5738,206689,46,259168
1048,0.03092,172.31.46.0-255,66,206755,46,259168
1049,0.033273,172.217.194.0-255,5738,212493,46,259168
1050,0.033285,172.31.46.0-255,66,212559,46,259168
1051,0.03564,172.217.194.0-255,5738,218297,46,259168
1052,0.035649,172.31.46.0-255,66,218363,46,259168
1053,0.038022,172.217.194.0-255,5738,224101,46,259168
1054,0.038037,172.31.46.0-255,66,224167,46,259168
1055,0.039675,172.31.46.0-255,172,224339,46,259168
1056,0.039706,172.31.46.0-255,1120,225459,46,259168
1057,0.039774,172.31.46.0-255,1514,226973,46,259168
1058,0.039777,172.31.46.0-255,1514,228487,46,259168
1059,0.039778,172.31.46.0-255,1514,230001,46,259168
1060,0.039779,172.31.46.0-255,1514,231515,46,259168
1061,0.03978,172.31.46.0-255,1492,233007,46,259168
1062,0.04041,172.217.194.0-255,5738,238745,46,259168
1063,0.040419,172.31.46.0-255,66,238811,46,259168
1064,0.041252,104.244.42.0-255,66,238877,46,259168
1065,0.041262,104.244.42.0-255,66,238943,46,259168
1066,0.041358,104.244.42.0-255,66,239009,46,259168
1067,0.042082,104.244.42.0-255,108,239117,46,259168
1068,0.04209,172.31.46.0-255,66,239183,46,259168
1069,0.042796,172.217.194.0-255,5738,244921,46,259168
1070,0.042801,172.31.46.0-255,66,244987,46,259168
1071,0.045204,172.217.194.0-255,5738,250725,46,259168
1072,0.04521,172.31.46.0-255,66,250791,46,259168
1073,0.047548,172.217.194.0-255,5738,256529,46,259168
1074,0.047557,172.31.46.0-255,66,256595,46,259168
1075,0.049891,172.217.194.0-255,2336,258931,46,259168
1076,0.049897,172.31.46.0-255,66,258997,46,259168
1077,0.050059,172.31.46.0-255,105,259102,46,259168
1078,0.052404,172.217.194.0-255,66,259168,46,259168
1079,0.0,74.125.200.0-255,150,150,46,242111
1080,1.9e-05,172.31.46.0-255,66,216,46,242111
1081,2.6e-05,74.125.200.0-255,1484,1700,46,242111
1082,3e-05,172.31.46.0-255,66,1766,46,242111
1083,3.6e-05,74.125.200.0-255,2902,4668,46,242111
1084,4.8e-05,172.31.46.0-255,66,4734,46,242111
1085,5.1e-05,74.125.200.0-255,1484,6218,46,242111
1086,5.4e-05,172.31.46.0-255,66,6284,46,242111
1087,5.9e-05,74.125.200.0-255,2902,9186,46,242111
1088,6.1e-05,172.31.46.0-255,66,9252,46,242111
1089,0.000105,74.125.200.0-255,4320,13572,46,242111
1090,0.000109,172.31.46.0-255,66,13638,46,242111
1091,0.000132,74.125.200.0-255,619,14257,46,242111
1092,0.000134,172.31.46.0-255,66,14323,46,242111
1093,0.000164,74.125.200.0-255,1484,15807,46,242111
1094,0.000166,172.31.46.0-255,66,15873,46,242111
1095,0.000169,74.125.200.0-255,1484,17357,46,242111
1096,0.000171,172.31.46.0-255,66,17423,46,242111
1097,0.00019,74.125.200.0-255,1484,18907,46,242111
1098,0.000192,172.31.46.0-255,66,18973,46,242111
1099,0.0002,74.125.200.0-255,5738,24711,46,242111
1100,0.000206,172.31.46.0-255,66,24777,46,242111
1101,0.000209,74.125.200.0-255,1484,26261,46,242111
1102,0.000211,172.31.46.0-255,66,26327,46,242111
1103,0.000236,74.125.200.0-255,2902,29229,46,242111
1104,0.000243,172.31.46.0-255,66,29295,46,242111
1105,0.000275,74.125.200.0-255,2543,31838,46,242111
1106,0.000277,172.31.46.0-255,66,31904,46,242111
1107,0.000815,74.125.200.0-255,1484,33388,46,242111
1108,0.000821,172.31.46.0-255,66,33454,46,242111
1109,0.00083,74.125.200.0-255,2902,36356,46,242111
1110,0.000832,172.31.46.0-255,66,36422,46,242111
1111,0.000841,74.125.200.0-255,1484,37906,46,242111
1112,0.000868,74.125.200.0-255,2902,40808,46,242111
1113,0.00087,172.31.46.0-255,66,40874,46,242111
1114,0.000874,74.125.200.0-255,1484,42358,46,242111
1115,0.000898,74.125.200.0-255,4320,46678,46,242111
1116,0.000901,172.31.46.0-255,66,46744,46,242111
1117,0.000904,74.125.200.0-255,1484,48228,46,242111
1118,0.000954,172.31.46.0-255,66,48294,46,242111
1119,0.000958,74.125.200.0-255,2902,51196,46,242111
1120,0.000961,172.31.46.0-255,66,51262,46,242111
1121,0.001001,74.125.200.0-255,4320,55582,46,242111
1122,0.001005,172.31.46.0-255,66,55648,46,242111
1123,0.001028,74.125.200.0-255,1402,57050,46,242111
1124,0.001148,74.125.200.0-255,1484,58534,46,242111
1125,0.001152,172.31.46.0-255,66,58600,46,242111
1126,0.001184,74.125.200.0-255,2902,61502,46,242111
1127,0.001187,172.31.46.0-255,66,61568,46,242111
1128,0.00119,74.125.200.0-255,1484,63052,46,242111
1129,0.001215,74.125.200.0-255,4320,67372,46,242111
1130,0.001217,172.31.46.0-255,66,67438,46,242111
1131,0.001222,74.125.200.0-255,2902,70340,46,242111
1132,0.001224,172.31.46.0-255,66,70406,46,242111
1133,0.001254,74.125.200.0-255,4005,74411,46,242111
1134,0.001258,172.31.46.0-255,66,74477,46,242111
1135,0.001669,74.125.200.0-255,1484,75961,46,242111
1136,0.001678,74.125.200.0-255,2902,78863,46,242111
1137,0.001683,172.31.46.0-255,66,78929,46,242111
1138,0.001714,74.125.200.0-255,2902,81831,46,242111
1139,0.001717,172.31.46.0-255,66,81897,46,242111
1140,0.001742,74.125.200.0-255,2902,84799,46,242111
1141,0.001745,172.31.46.0-255,66,84865,46,242111
1142,0.001769,74.125.200.0-255,1484,86349,46,242111
1143,0.001772,74.125.200.0-255,1484,87833,46,242111
1144,0.001775,172.31.46.0-255,66,87899,46,242111
1145,0.001798,74.125.200.0-255,7156,95055,46,242111
1146,0.001801,172.31.46.0-255,66,95121,46,242111
1147,0.001813,172.31.46.0-255,66,95187,46,242111
1148,0.001818,74.125.200.0-255,3602,98789,46,242111
1149,0.00182,172.31.46.0-255,66,98855,46,242111
1150,0.00422,74.125.200.0-255,5738,104593,46,242111
1151,0.004227,172.31.46.0-255,66,104659,46,242111
1152,0.006629,74.125.200.0-255,5738,110397,46,242111
1153,0.006636,172.31.46.0-255,66,110463,46,242111
1154,0.00905,74.125.200.0-255,5738,116201,46,242111
1155,0.009058,172.31.46.0-255,66,116267,46,242111
1156,0.011467,74.125.200.0-255,5738,122005,46,242111
1157,0.011477,172.31.46.0-255,66,122071,46,242111
1158,0.013892,74.125.200.0-255,5738,127809,46,242111
1159,0.0139,172.31.46.0-255,66,127875,46,242111
1160,0.01631,74.125.200.0-255,5738,133613,46,242111
1161,0.016324,172.31.46.0-255,66,133679,46,242111
1162,0.018725,74.125.200.0-255,4320,137999,46,242111
1163,0.018734,172.31.46.0-255,66,138065,46,242111
1164,0.018767,74.125.200.0-255,1484,139549,46,242111
1165,0.021143,74.125.200.0-255,4320,143869,46,242111
1166,0.021151,172.31.46.0-255,66,143935,46,242111
1167,0.023557,74.125.200.0-255,5738,149673,46,242111
1168,0.023565,172.31.46.0-255,66,149739,46,242111
1169,0.02597,74.125.200.0-255,5738,155477,46,242111
1170,0.025978,172.31.46.0-255,66,155543,46,242111
1171,0.028364,74.125.200.0-255,2902,158445,46,242111
1172,0.028371,172.31.46.0-255,66,158511,46,242111
1173,0.028402,74.125.200.0-255,2902,161413,46,242111
1174,0.028405,172.31.46.0-255,66,161479,46,242111
1175,0.03081,74.125.200.0-255,1484,162963,46,242111
1176,0.030835,74.125.200.0-255,2902,165865,46,242111
1177,0.03084,172.31.46.0-255,66,165931,46,242111
1178,0.030869,74.125.200.0-255,1484,167415,46,242111
1179,0.033254,74.125.200.0-255,4320,171735,46,242111
1180,0.033263,172.31.46.0-255,66,171801,46,242111
1181,0.035728,74.125.200.0-255,1484,173285,46,242111
1182,0.035758,74.125.200.0-255,4320,177605,46,242111
1183,0.035763,172.31.46.0-255,66,177671,46,242111
1184,0.036308,172.31.46.0-255,172,177843,46,242111
1185,0.036341,172.31.46.0-255,1118,178961,46,242111
1186,0.036406,172.31.46.0-255,1514,180475,46,242111
1187,0.036408,172.31.46.0-255,1514,181989,46,242111
1188,0.03641,172.31.46.0-255,1514,183503,46,242111
1189,0.03641,172.31.46.0-255,1514,185017,46,242111
1190,0.036435,172.31.46.0-255,1494,186511,46,242111
1191,0.038001,104.244.42.0-255,66,186577,46,242111
1192,0.038009,104.244.42.0-255,66,186643,46,242111
1193,0.038125,104.244.42.0-255,66,186709,46,242111
1194,0.038158,74.125.200.0-255,2902,189611,46,242111
1195,0.038163,172.31.46.0-255,66,189677,46,242111
1196,0.038195,74.125.200.0-255,2902,192579,46,242111
1197,0.038198,172.31.46.0-255,66,192645,46,242111
1198,0.04058,74.125.200.0-255,2902,195547,46,242111
1199,0.040587,172.31.46.0-255,66,195613,46,242111
1200,0.040609,74.125.200.0-255,2902,198515,46,242111
1201,0.040611,172.31.46.0-255,66,198581,46,242111
1202,0.042996,74.125.200.0-255,5738,204319,46,242111
1203,0.043003,172.31.46.0-255,66,204385,46,242111
1204,0.045428,74.125.200.0-255,5738,210123,46,242111
1205,0.045434,172.31.46.0-255,66,210189,46,242111
1206,0.047845,74.125.200.0-255,5738,215927,46,242111
1207,0.047852,172.31.46.0-255,66,215993,46,242111
1208,0.050309,74.125.200.0-255,5738,221731,46,242111
1209,0.050316,172.31.46.0-255,66,221797,46,242111
1210,0.052736,74.125.200.0-255,5738,227535,46,242111
1211,0.052742,172.31.46.0-255,66,227601,46,242111
1212,0.055151,74.125.200.0-255,5738,233339,46,242111
1213,0.055158,172.31.46.0-255,66,233405,46,242111
1214,0.057578,74.125.200.0-255,5738,239143,46,242111
1215,0.057585,172.31.46.0-255,66,239209,46,242111
1216,0.059994,74.125.200.0-255,2902,242111,46,242111
1217,0.0,74.125.68.0-255,150,150,46,320445
1218,2.2e-05,172.31.46.0-255,66,216,46,320445
1219,3e-05,74.125.68.0-255,1484,1700,46,320445
1220,3.5e-05,172.31.46.0-255,66,1766,46,320445
1221,4.1e-05,74.125.68.0-255,2902,4668,46,320445
1222,4.5e-05,172.31.46.0-255,66,4734,46,320445
1223,9.2e-05,74.125.68.0-255,7156,11890,46,320445
1224,9.6e-05,172.31.46.0-255,66,11956,46,320445
1225,0.0001,74.125.68.0-255,2028,13984,46,320445
1226,0.000103,172.31.46.0-255,66,14050,46,320445
1227,0.000121,74.125.68.0-255,1484,15534,46,320445
1228,0.000123,172.31.46.0-255,66,15600,46,320445
1229,0.000128,74.125.68.0-255,2902,18502,46,320445
1230,0.000131,172.31.46.0-255,66,18568,46,320445
1231,0.000148,74.125.68.0-255,4320,22888,46,320445
1232,0.000151,172.31.46.0-255,66,22954,46,320445
1233,0.000169,74.125.68.0-255,1484,24438,46,320445
1234,0.000171,172.31.46.0-255,66,24504,46,320445
1235,0.000179,74.125.68.0-255,6797,31301,46,320445
1236,0.000182,172.31.46.0-255,66,31367,46,320445
1237,0.000263,74.125.68.0-255,1484,32851,46,320445
1238,0.000266,172.31.46.0-255,66,32917,46,320445
1239,0.00027,74.125.68.0-255,1484,34401,46,320445
1240,0.000272,172.31.46.0-255,66,34467,46,320445
1241,0.000291,74.125.68.0-255,2902,37369,46,320445
1242,0.000295,172.31.46.0-255,66,37435,46,320445
1243,0.0003,74.125.68.0-255,4320,41755,46,320445
1244,0.000303,172.31.46.0-255,66,41821,46,320445
1245,0.000313,74.125.68.0-255,1484,43305,46,320445
1246,0.000315,172.31.46.0-255,66,43371,46,320445
1247,0.000336,74.125.68.0-255,5379,48750,46,320445
1248,0.000339,172.31.46.0-255,66,48816,46,320445
1249,0.000345,74.125.68.0-255,5738,54554,46,320445
1250,0.000376,74.125.68.0-255,2902,57456,46,320445
1251,0.000479,74.125.68.0-255,111,57567,46,320445
1252,0.000529,74.125.68.0-255,1484,59051,46,320445
1253,0.00055,74.125.68.0-255,2902,61953,46,320445
1254,0.000575,74.125.68.0-255,5738,67691,46,320445
1255,0.000638,74.125.68.0-255,6797,74488,46,320445
1256,0.000906,74.125.68.0-255,1484,75972,46,320445
1257,0.000924,74.125.68.0-255,2902,78874,46,320445
1258,0.000944,74.125.68.0-255,4320,83194,46,320445
1259,0.000947,74.125.68.0-255,1484,84678,46,320445
1260,0.000966,74.125.68.0-255,4320,88998,46,320445
1261,0.000976,74.125.68.0-255,1484,90482,46,320445
1262,0.001001,74.125.68.0-255,2902,93384,46,320445
1263,0.001044,74.125.68.0-255,2902,96286,46,320445
1264,0.00109,74.125.68.0-255,2184,98470,46,320445
1265,0.001131,74.125.68.0-255,2902,101372,46,320445
1266,0.001134,74.125.68.0-255,1484,102856,46,320445
1267,0.001155,74.125.68.0-255,1484,104340,46,320445
1268,0.00116,74.125.68.0-255,4320,108660,46,320445
1269,0.001177,74.125.68.0-255,2902,111562,46,320445
1270,0.001192,74.125.68.0-255,5738,117300,46,320445
1271,0.001198,74.125.68.0-255,5738,123038,46,320445
1272,0.001202,74.125.68.0-255,2902,125940,46,320445
1273,0.001215,74.125.68.0-255,4320,130260,46,320445
1274,0.001248,74.125.68.0-255,3602,133862,46,320445
1275,0.001253,74.125.68.0-255,4320,138182,46,320445
1276,0.001282,74.125.68.0-255,7156,145338,46,320445
1277,0.0013,74.125.68.0-255,2902,148240,46,320445
1278,0.001305,74.125.68.0-255,4320,152560,46,320445
1279,0.001308,74.125.68.0-255,1484,154044,46,320445
1280,0.001328,74.125.68.0-255,4320,158364,46,320445
1281,0.001407,74.125.68.0-255,1484,159848,46,320445
1282,0.001471,74.125.68.0-255,2902,162750,46,320445
1283,0.001477,74.125.68.0-255,5738,168488,46,320445
1284,0.001514,74.125.68.0-255,1484,169972,46,320445
1285,0.001522,172.31.46.0-255,66,170038,46,320445
1286,0.001532,74.125.68.0-255,2902,172940,46,320445
1287,0.001539,172.31.46.0-255,66,173006,46,320445
1288,0.001552,74.125.68.0-255,2902,175908,46,320445
1289,0.001575,74.125.68.0-255,4320,180228,46,320445
1290,0.00159,74.125.68.0-255,5738,185966,46,320445
1291,0.001604,74.125.68.0-255,2902,188868,46,320445
1292,0.001608,74.125.68.0-255,2902,191770,46,320445
1293,0.001626,74.125.68.0-255,766,192536,46,320445
1294,0.001717,74.125.68.0-255,1484,194020,46,320445
1295,0.001723,74.125.68.0-255,2902,196922,46,320445
1296,0.001744,74.125.68.0-255,5738,202660,46,320445
1297,0.001749,74.125.68.0-255,2902,205562,46,320445
1298,0.001805,74.125.68.0-255,4320,209882,46,320445
1299,0.001822,74.125.68.0-255,5619,215501,46,320445
1300,0.001825,74.125.68.0-255,1484,216985,46,320445
1301,0.001837,74.125.68.0-255,4320,221305,46,320445
1302,0.001853,74.125.68.0-255,4320,225625,46,320445
1303,0.001862,74.125.68.0-255,4320,229945,46,320445
1304,0.001877,74.125.68.0-255,5738,235683,46,320445
1305,0.001895,172.31.46.0-255,66,235749,46,320445
1306,0.00191,74.125.68.0-255,4320,240069,46,320445
1307,0.00193,74.125.68.0-255,3602,243671,46,320445
1308,0.001948,172.31.46.0-255,66,243737,46,320445
1309,0.001966,74.125.68.0-255,1484,245221,46,320445
1310,0.001978,74.125.68.0-255,2902,248123,46,320445
1311,0.001993,74.125.68.0-255,2902,251025,46,320445
1312,0.001998,172.31.46.0-255,66,251091,46,320445
1313,0.002006,74.125.68.0-255,2902,253993,46,320445
1314,0.00201,74.125.68.0-255,2902,256895,46,320445
1315,0.002015,172.31.46.0-255,66,256961,46,320445
1316,0.002034,74.125.68.0-255,4320,261281,46,320445
1317,0.002046,74.125.68.0-255,2902,264183,46,320445
1318,0.002062,74.125.68.0-255,5738,269921,46,320445
1319,0.002068,74.125.68.0-255,5738,275659,46,320445
1320,0.002075,172.31.46.0-255,66,275725,46,320445
1321,0.002083,74.125.68.0-255,1484,277209,46,320445
1322,0.002103,74.125.68.0-255,1484,278693,46,320445
1323,0.002118,74.125.68.0-255,2902,281595,46,320445
1324,0.002128,172.31.46.0-255,66,281661,46,320445
1325,0.002149,74.125.68.0-255,4320,285981,46,320445
1326,0.002156,172.31.46.0-255,66,286047,46,320445
1327,0.002171,74.125.68.0-255,4320,290367,46,320445
1328,0.002183,74.125.68.0-255,2902,293269,46,320445
1329,0.002195,172.31.46.0-255,66,293335,46,320445
1330,0.002211,74.125.68.0-255,2902,296237,46,320445
1331,0.002218,74.125.68.0-255,7156,303393,46,320445
1332,0.002239,172.31.46.0-255,66,303459,46,320445
1333,0.00225,74.125.68.0-255,5020,308479,46,320445
1334,0.002265,172.31.46.0-255,66,308545,46,320445
1335,0.002286,74.125.68.0-255,4320,312865,46,320445
1336,0.002292,74.125.68.0-255,3602,316467,46,320445
1337,0.00233,172.31.46.0-255,66,316533,46,320445
1338,0.002366,74.125.68.0-255,97,316630,46,320445
1339,0.002372,172.31.46.0-255,66,316696,46,320445
1340,0.00239,74.125.68.0-255,105,316801,46,320445
1341,0.004824,172.31.46.0-255,66,316867,46,320445
1342,0.004857,172.31.46.0-255,105,316972,46,320445
1343,0.007435,74.125.68.0-255,66,317038,46,320445
1344,0.02657,172.31.46.0-255,172,317210,46,320445
1345,0.026604,172.31.46.0-255,1119,318329,46,320445
1346,0.026668,172.31.46.0-255,1514,319843,46,320445
1347,0.02667,172.31.46.0-255,404,320247,46,320445
1348,0.028132,104.244.42.0-255,66,320313,46,320445
1349,0.028172,104.244.42.0-255,66,320379,46,320445
1350,0.028216,104.244.42.0-255,66,320445,46,320445
1351,0.0,74.125.24.0-255,156,156,46,233874
1352,2.8e-05,172.31.46.0-255,66,222,46,233874
1353,3.7e-05,74.125.24.0-255,1484,1706,46,233874
1354,4.3e-05,172.31.46.0-255,66,1772,46,233874
1355,5.8e-05,74.125.24.0-255,2902,4674,46,233874
1356,6.1e-05,172.31.46.0-255,66,4740,46,233874
1357,7e-05,74.125.24.0-255,7156,11896,46,233874
1358,7.3e-05,172.31.46.0-255,66,11962,46,233874
1359,7.7e-05,74.125.24.0-255,2024,13986,46,233874
1360,8.1e-05,172.31.46.0-255,66,14052,46,233874
1361,0.000313,74.125.24.0-255,1484,15536,46,233874
1362,0.00032,172.31.46.0-255,66,15602,46,233874
1363,0.000326,74.125.24.0-255,2902,18504,46,233874
1364,0.000328,172.31.46.0-255,66,18570,46,233874
1365,0.000337,74.125.24.0-255,2902,21472,46,233874
1366,0.000339,172.31.46.0-255,66,21538,46,233874
1367,0.000374,74.125.24.0-255,2902,24440,46,233874
1368,0.000376,172.31.46.0-255,66,24506,46,233874
1369,0.000382,74.125.24.0-255,4320,28826,46,233874
1370,0.000384,172.31.46.0-255,66,28892,46,233874
1371,0.000388,74.125.24.0-255,2902,31794,46,233874
1372,0.00039,172.31.46.0-255,66,31860,46,233874
1373,0.000429,74.125.24.0-255,5379,37239,46,233874
1374,0.000432,172.31.46.0-255,66,37305,46,233874
1375,0.000443,172.31.46.0-255,66,37371,46,233874
1376,0.000447,74.125.24.0-255,2543,39914,46,233874
1377,0.000449,172.31.46.0-255,66,39980,46,233874
1378,0.000491,74.125.24.0-255,2902,42882,46,233874
1379,0.000494,172.31.46.0-255,66,42948,46,233874
1380,0.0005,74.125.24.0-255,4320,47268,46,233874
1381,0.000502,172.31.46.0-255,66,47334,46,233874
1382,0.000506,74.125.24.0-255,2902,50236,46,233874
1383,0.000514,172.31.46.0-255,66,50302,46,233874
1384,0.000543,74.125.24.0-255,5738,56040,46,233874
1385,0.000545,172.31.46.0-255,66,56106,46,233874
1386,0.000548,74.125.24.0-255,1125,57231,46,233874
1387,0.000601,74.125.24.0-255,646,57877,46,233874
1388,0.000604,172.31.46.0-255,66,57943,46,233874
1389,0.000643,74.125.24.0-255,1484,59427,46,233874
1390,0.000649,74.125.24.0-255,2902,62329,46,233874
1391,0.000652,172.31.46.0-255,66,62395,46,233874
1392,0.000655,74.125.24.0-255,1484,63879,46,233874
1393,0.00068,74.125.24.0-255,4320,68199,46,233874
1394,0.000683,172.31.46.0-255,66,68265,46,233874
1395,0.000688,74.125.24.0-255,2902,71167,46,233874
1396,0.00069,172.31.46.0-255,66,71233,46,233874
1397,0.000723,172.31.46.0-255,66,71299,46,233874
1398,0.000735,172.31.46.0-255,66,71365,46,233874
1399,0.000738,74.125.24.0-255,1125,72490,46,233874
1400,0.000847,74.125.24.0-255,1484,73974,46,233874
1401,0.000851,172.31.46.0-255,66,74040,46,233874
1402,0.000857,74.125.24.0-255,2902,76942,46,233874
1403,0.00086,172.31.46.0-255,66,77008,46,233874
1404,0.000871,74.125.24.0-255,5738,82746,46,233874
1405,0.000874,172.31.46.0-255,66,82812,46,233874
1406,0.000878,74.125.24.0-255,2902,85714,46,233874
1407,0.00088,172.31.46.0-255,66,85780,46,233874
1408,0.00091,172.31.46.0-255,66,85846,46,233874
1409,0.000916,74.125.24.0-255,4320,90166,46,233874
1410,0.000918,172.31.46.0-255,66,90232,46,233874
1411,0.000932,74.125.24.0-255,4320,94552,46,233874
1412,0.000934,172.31.46.0-255,66,94618,46,233874
1413,0.000957,74.125.24.0-255,2184,96802,46,233874
1414,0.00096,172.31.46.0-255,66,96868,46,233874
1415,0.000967,74.125.24.0-255,5738,102606,46,233874
1416,0.000969,172.31.46.0-255,66,102672,46,233874
1417,0.000975,74.125.24.0-255,4320,106992,46,233874
1418,0.000977,172.31.46.0-255,66,107058,46,233874
1419,0.001011,74.125.24.0-255,2902,109960,46,233874
1420,0.001014,172.31.46.0-255,66,110026,46,233874
1421,0.00103,172.31.46.0-255,66,110092,46,233874
1422,0.001037,74.125.24.0-255,6438,116530,46,233874
1423,0.001039,172.31.46.0-255,66,116596,46,233874
1424,0.001073,74.125.24.0-255,1484,118080,46,233874
1425,0.001078,74.125.24.0-255,2902,120982,46,233874
1426,0.001081,172.31.46.0-255,66,121048,46,233874
1427,0.001115,74.125.24.0-255,5738,126786,46,233874
1428,0.001118,172.31.46.0-255,66,126852,46,233874
1429,0.001124,74.125.24.0-255,5738,132590,46,233874
1430,0.001127,172.31.46.0-255,66,132656,46,233874
1431,0.001137,74.125.24.0-255,2902,135558,46,233874
1432,0.001139,172.31.46.0-255,66,135624,46,233874
1433,0.001181,172.31.46.0-255,66,135690,46,233874
1434,0.001188,74.125.24.0-255,5020,140710,46,233874
1435,0.00119,172.31.46.0-255,66,140776,46,233874
1436,0.001258,74.125.24.0-255,1484,142260,46,233874
1437,0.001264,74.125.24.0-255,2902,145162,46,233874
1438,0.001267,172.31.46.0-255,66,145228,46,233874
1439,0.001287,74.125.24.0-255,5738,150966,46,233874
1440,0.00129,172.31.46.0-255,66,151032,46,233874
1441,0.001325,172.31.46.0-255,66,151098,46,233874
1442,0.001331,74.125.24.0-255,4320,155418,46,233874
1443,0.001333,172.31.46.0-255,66,155484,46,233874
1444,0.001368,74.125.24.0-255,4320,159804,46,233874
1445,0.001371,172.31.46.0-255,66,159870,46,233874
1446,0.001375,74.125.24.0-255,2184,162054,46,233874
1447,0.001377,172.31.46.0-255,66,162120,46,233874
1448,0.001501,74.125.24.0-255,1484,163604,46,233874
1449,0.001507,74.125.24.0-255,2902,166506,46,233874
1450,0.001511,172.31.46.0-255,66,166572,46,233874
1451,0.001517,74.125.24.0-255,4320,170892,46,233874
1452,0.001519,172.31.46.0-255,66,170958,46,233874
1453,0.001547,74.125.24.0-255,1484,172442,46,233874
1454,0.0016,172.31.46.0-255,66,172508,46,233874
1455,0.001633,74.125.24.0-255,4320,176828,46,233874
1456,0.001636,172.31.46.0-255,66,176894,46,233874
1457,0.001649,172.31.46.0-255,66,176960,46,233874
1458,0.001677,74.125.24.0-255,1484,178444,46,233874
1459,0.001681,74.125.24.0-255,2902,181346,46,233874
1460,0.001684,172.31.46.0-255,66,181412,46,233874
1461,0.001712,74.125.24.0-255,5738,187150,46,233874
1462,0.001739,172.31.46.0-255,66,187216,46,233874
1463,0.00175,74.125.24.0-255,4320,191536,46,233874
1464,0.001768,172.31.46.0-255,66,191602,46,233874
1465,0.001777,74.125.24.0-255,2184,193786,46,233874
1466,0.001792,74.125.24.0-255,1484,195270,46,233874
1467,0.001804,74.125.24.0-255,1484,196754,46,233874
1468,0.001809,74.125.24.0-255,4320,201074,46,233874
1469,0.001828,74.125.24.0-255,2902,203976,46,233874
1470,0.001836,74.125.24.0-255,7156,211132,46,233874
1471,0.001841,172.31.46.0-255,66,211198,46,233874
1472,0.00185,74.125.24.0-255,2902,214100,46,233874
1473,0.001867,74.125.24.0-255,5738,219838,46,233874
1474,0.001875,172.31.46.0-255,66,219904,46,233874
1475,0.001937,74.125.24.0-255,4320,224224,46,233874
1476,0.00194,172.31.46.0-255,66,224290,46,233874
1477,0.00195,74.125.24.0-255,5738,230028,46,233874
1478,0.001961,172.31.46.0-255,66,230094,46,233874
1479,0.002002,74.125.24.0-255,97,230191,46,233874
1480,0.00201,172.31.46.0-255,66,230257,46,233874
1481,0.002018,74.125.24.0-255,105,230362,46,233874
1482,0.004671,172.31.46.0-255,66,230428,46,233874
1483,0.004711,172.31.46.0-255,105,230533,46,233874
1484,0.006904,74.125.24.0-255,66,230599,46,233874
1485,0.029327,172.31.46.0-255,172,230771,46,233874
1486,0.029361,172.31.46.0-255,1119,231890,46,233874
1487,0.029425,172.31.46.0-255,1514,233404,46,233874
1488,0.029426,172.31.46.0-255,404,233808,46,233874
1489,0.031347,104.244.42.0-255,66,233874,46,233874
1490,0.0,74.125.24.0-255,146,146,46,229007
1491,1.5e-05,172.31.46.0-255,66,212,46,229007
1492,2.1e-05,74.125.24.0-255,1484,1696,46,229007
1493,2.6e-05,172.31.46.0-255,66,1762,46,229007
1494,3.9e-05,74.125.24.0-255,2902,4664,46,229007
1495,4.2e-05,172.31.46.0-255,66,4730,46,229007
1496,5e-05,74.125.24.0-255,7156,11886,46,229007
1497,5.3e-05,172.31.46.0-255,66,11952,46,229007
1498,5.7e-05,74.125.24.0-255,1985,13937,46,229007
1499,5.9e-05,172.31.46.0-255,66,14003,46,229007
1500,7.9e-05,74.125.24.0-255,4320,18323,46,229007
1501,8.7e-05,172.31.46.0-255,66,18389,46,229007
1502,0.000116,74.125.24.0-255,7156,25545,46,229007
1503,0.00012,172.31.46.0-255,66,25611,46,229007
1504,0.000126,74.125.24.0-255,5379,30990,46,229007
1505,0.000128,172.31.46.0-255,66,31056,46,229007
1506,0.000212,74.125.24.0-255,1484,32540,46,229007
1507,0.000215,172.31.46.0-255,66,32606,46,229007
1508,0.00022,74.125.24.0-255,2902,35508,46,229007
1509,0.000223,172.31.46.0-255,66,35574,46,229007
1510,0.000227,74.125.24.0-255,2902,38476,46,229007
1511,0.000234,172.31.46.0-255,66,38542,46,229007
1512,0.000262,74.125.24.0-255,2902,41444,46,229007
1513,0.000265,172.31.46.0-255,66,41510,46,229007
1514,0.000286,74.125.24.0-255,4320,45830,46,229007
1515,0.000288,172.31.46.0-255,66,45896,46,229007
1516,0.000333,74.125.24.0-255,6797,52693,46,229007
1517,0.000337,172.31.46.0-255,66,52759,46,229007
1518,0.000349,172.31.46.0-255,66,52825,46,229007
1519,0.000353,74.125.24.0-255,1705,54530,46,229007
1520,0.000355,172.31.46.0-255,66,54596,46,229007
1521,0.000874,74.125.24.0-255,1484,56080,46,229007
1522,0.000898,74.125.24.0-255,2902,58982,46,229007
1523,0.000903,172.31.46.0-255,66,59048,46,229007
1524,0.000907,74.125.24.0-255,1484,60532,46,229007
1525,0.000934,74.125.24.0-255,4320,64852,46,229007
1526,0.000937,172.31.46.0-255,66,64918,46,229007
1527,0.00094,74.125.24.0-255,1484,66402,46,229007
1528,0.000945,74.125.24.0-255,4320,70722,46,229007
1529,0.000947,172.31.46.0-255,66,70788,46,229007
1530,0.000989,172.31.46.0-255,66,70854,46,229007
1531,0.001006,172.31.46.0-255,66,70920,46,229007
1532,0.001664,74.125.24.0-255,1484,72404,46,229007
1533,0.001671,74.125.24.0-255,1484,73888,46,229007
1534,0.001675,172.31.46.0-255,66,73954,46,229007
1535,0.001694,74.125.24.0-255,1484,75438,46,229007
1536,0.001701,74.125.24.0-255,5738,81176,46,229007
1537,0.001703,172.31.46.0-255,66,81242,46,229007
1538,0.001713,172.31.46.0-255,66,81308,46,229007
1539,0.001741,74.125.24.0-255,2902,84210,46,229007
1540,0.001744,172.31.46.0-255,66,84276,46,229007
1541,0.001761,74.125.24.0-255,2902,87178,46,229007
1542,0.001763,172.31.46.0-255,66,87244,46,229007
1543,0.001795,172.31.46.0-255,66,87310,46,229007
1544,0.001815,74.125.24.0-255,1484,88794,46,229007
1545,0.00182,74.125.24.0-255,2902,91696,46,229007
1546,0.001822,172.31.46.0-255,66,91762,46,229007
1547,0.001828,74.125.24.0-255,5738,97500,46,229007
1548,0.00183,172.31.46.0-255,66,97566,46,229007
1549,0.00188,172.31.46.0-255,66,97632,46,229007
1550,0.001887,74.125.24.0-255,5738,103370,46,229007
1551,0.001889,172.31.46.0-255,66,103436,46,229007
1552,0.001921,74.125.24.0-255,5020,108456,46,229007
1553,0.001924,172.31.46.0-255,66,108522,46,229007
1554,0.00193,74.125.24.0-255,4320,112842,46,229007
1555,0.001932,172.31.46.0-255,66,112908,46,229007
1556,0.001968,74.125.24.0-255,1484,114392,46,229007
1557,0.001982,172.31.46.0-255,66,114458,46,229007
1558,0.001989,74.125.24.0-255,7156,121614,46,229007
1559,0.001992,172.31.46.0-255,66,121680,46,229007
1560,0.00202,172.31.46.0-255,66,121746,46,229007
1561,0.002053,172.31.46.0-255,66,121812,46,229007
1562,0.002099,172.31.46.0-255,66,121878,46,229007
1563,0.002133,172.31.46.0-255,66,121944,46,229007
1564,0.002145,172.31.46.0-255,66,122010,46,229007
1565,0.002223,172.31.46.0-255,66,122076,46,229007
1566,0.002229,74.125.24.0-255,3602,125678,46,229007
1567,0.002231,172.31.46.0-255,66,125744,46,229007
1568,0.002237,74.125.24.0-255,4320,130064,46,229007
1569,0.002239,172.31.46.0-255,66,130130,46,229007
1570,0.002286,172.31.46.0-255,66,130196,46,229007
1571,0.002293,74.125.24.0-255,5738,135934,46,229007
1572,0.002296,172.31.46.0-255,66,136000,46,229007
1573,0.00232,74.125.24.0-255,2902,138902,46,229007
1574,0.002323,172.31.46.0-255,66,138968,46,229007
1575,0.002499,74.125.24.0-255,1484,140452,46,229007
1576,0.002506,74.125.24.0-255,2902,143354,46,229007
1577,0.002543,74.125.24.0-255,2902,146256,46,229007
1578,0.002564,74.125.24.0-255,4320,150576,46,229007
1579,0.002567,74.125.24.0-255,1484,152060,46,229007
1580,0.002587,74.125.24.0-255,7156,159216,46,229007
1581,0.002604,74.125.24.0-255,4320,163536,46,229007
1582,0.002627,74.125.24.0-255,5738,169274,46,229007
1583,0.005785,172.31.46.0-255,66,169340,46,229007
1584,0.008421,74.125.24.0-255,5738,175078,46,229007
1585,0.008428,172.31.46.0-255,66,175144,46,229007
1586,0.011037,74.125.24.0-255,5738,180882,46,229007
1587,0.011045,172.31.46.0-255,66,180948,46,229007
1588,0.013652,74.125.24.0-255,5738,186686,46,229007
1589,0.013664,172.31.46.0-255,66,186752,46,229007
1590,0.016246,74.125.24.0-255,5738,192490,46,229007
1591,0.016255,172.31.46.0-255,66,192556,46,229007
1592,0.01886,74.125.24.0-255,5738,198294,46,229007
1593,0.018869,172.31.46.0-255,66,198360,46,229007
1594,0.021443,74.125.24.0-255,5738,204098,46,229007
1595,0.02145,172.31.46.0-255,66,204164,46,229007
1596,0.024062,74.125.24.0-255,5738,209902,46,229007
1597,0.024069,172.31.46.0-255,66,209968,46,229007
1598,0.026539,172.31.46.0-255,172,210140,46,229007
1599,0.026568,172.31.46.0-255,1119,211259,46,229007
1600,0.026629,172.31.46.0-255,1514,212773,46,229007
1601,0.02663,172.31.46.0-255,404,213177,46,229007
1602,0.026671,74.125.24.0-255,5738,218915,46,229007
1603,0.026676,172.31.46.0-255,66,218981,46,229007
1604,0.028103,104.244.42.0-255,66,219047,46,229007
1605,0.028132,104.244.42.0-255,66,219113,46,229007
1606,0.028177,104.244.42.0-255,66,219179,46,229007
1607,0.029273,74.125.24.0-255,5738,224917,46,229007
1608,0.029279,172.31.46.0-255,66,224983,46,229007
1609,0.031892,74.125.24.0-255,3787,228770,46,229007
1610,0.031902,172.31.46.0-255,66,228836,46,229007
1611,0.032144,172.31.46.0-255,105,228941,46,229007
1612,0.034692,74.125.24.0-255,66,229007,46,229007
1613,0.0,74.125.200.0-255,152,152,46,258403
1614,2.3e-05,172.31.46.0-255,66,218,46,258403
1615,3.1e-05,74.125.200.0-255,1484,1702,46,258403
1616,3.6e-05,172.31.46.0-255,66,1768,46,258403
1617,5e-05,74.125.200.0-255,2902,4670,46,258403
1618,5.4e-05,172.31.46.0-255,66,4736,46,258403
1619,5.8e-05,74.125.200.0-255,2902,7638,46,258403
1620,6.1e-05,172.31.46.0-255,66,7704,46,258403
1621,6.8e-05,74.125.200.0-255,4320,12024,46,258403
1622,7.1e-05,172.31.46.0-255,66,12090,46,258403
1623,0.00011,172.31.46.0-255,66,12156,46,258403
1624,0.000141,172.31.46.0-255,66,12222,46,258403
1625,0.000145,74.125.200.0-255,2543,14765,46,258403
1626,0.000147,172.31.46.0-255,66,14831,46,258403
1627,0.000229,74.125.200.0-255,1484,16315,46,258403
1628,0.000232,172.31.46.0-255,66,16381,46,258403
1629,0.000235,74.125.200.0-255,1484,17865,46,258403
1630,0.000237,172.31.46.0-255,66,17931,46,258403
1631,0.000258,74.125.200.0-255,2902,20833,46,258403
1632,0.000261,172.31.46.0-255,66,20899,46,258403
1633,0.000263,74.125.200.0-255,1484,22383,46,258403
1634,0.000265,172.31.46.0-255,66,22449,46,258403
1635,0.000296,74.125.200.0-255,4320,26769,46,258403
1636,0.000298,172.31.46.0-255,66,26835,46,258403
1637,0.000308,172.31.46.0-255,66,26901,46,258403
1638,0.000317,74.125.200.0-255,4320,31221,46,258403
1639,0.000319,172.31.46.0-255,66,31287,46,258403
1640,0.00034,74.125.200.0-255,4320,35607,46,258403
1641,0.000342,172.31.46.0-255,66,35673,46,258403
1642,0.000346,74.125.200.0-255,2902,38575,46,258403
1643,0.000352,172.31.46.0-255,66,38641,46,258403
1644,0.000381,74.125.200.0-255,2855,41496,46,258403
1645,0.000383,172.31.46.0-255,66,41562,46,258403
1646,0.000385,74.125.200.0-255,374,41936,46,258403
1647,0.00053,74.125.200.0-255,1484,43420,46,258403
1648,0.000534,172.31.46.0-255,66,43486,46,258403
1649,0.000538,74.125.200.0-255,1484,44970,46,258403
1650,0.000567,74.125.200.0-255,1484,46454,46,258403
1651,0.00057,172.31.46.0-255,66,46520,46,258403
1652,0.000575,74.125.200.0-255,4320,50840,46,258403
1653,0.000577,172.31.46.0-255,66,50906,46,258403
1654,0.00058,74.125.200.0-255,1484,52390,46,258403
1655,0.000607,172.31.46.0-255,66,52456,46,258403
1656,0.000611,74.125.200.0-255,2902,55358,46,258403
1657,0.000613,172.31.46.0-255,66,55424,46,258403
1658,0.000652,74.125.200.0-255,2902,58326,46,258403
1659,0.000655,172.31.46.0-255,66,58392,46,258403
1660,0.000696,172.31.46.0-255,66,58458,46,258403
1661,0.001048,74.125.200.0-255,1484,59942,46,258403
1662,0.001055,74.125.200.0-255,2902,62844,46,258403
1663,0.001059,172.31.46.0-255,66,62910,46,258403
1664,0.001092,74.125.200.0-255,5738,68648,46,258403
1665,0.001094,172.31.46.0-255,66,68714,46,258403
1666,0.001099,74.125.200.0-255,2902,71616,46,258403
1667,0.001101,172.31.46.0-255,66,71682,46,258403
1668,0.001144,74.125.200.0-255,5738,77420,46,258403
1669,0.001149,172.31.46.0-255,66,77486,46,258403
1670,0.001152,172.31.46.0-255,66,77552,46,258403
1671,0.00118,74.125.200.0-255,6438,83990,46,258403
1672,0.001183,172.31.46.0-255,66,84056,46,258403
1673,0.001198,74.125.200.0-255,1484,85540,46,258403
1674,0.001206,74.125.200.0-255,1484,87024,46,258403
1675,0.001208,172.31.46.0-255,66,87090,46,258403
1676,0.001229,74.125.200.0-255,1484,88574,46,258403
1677,0.001235,74.125.200.0-255,5738,94312,46,258403
1678,0.001237,172.31.46.0-255,66,94378,46,258403
1679,0.001252,74.125.200.0-255,1484,95862,46,258403
1680,0.001283,172.31.46.0-255,66,95928,46,258403
1681,0.001296,172.31.46.0-255,66,95994,46,258403
1682,0.001316,74.125.200.0-255,766,96760,46,258403
1683,0.001352,74.125.200.0-255,1484,98244,46,258403
1684,0.001355,172.31.46.0-255,66,98310,46,258403
1685,0.001362,74.125.200.0-255,2902,101212,46,258403
1686,0.001364,172.31.46.0-255,66,101278,46,258403
1687,0.001398,74.125.200.0-255,5738,107016,46,258403
1688,0.001439,74.125.200.0-255,2902,109918,46,258403
1689,0.001444,172.31.46.0-255,66,109984,46,258403
1690,0.001446,172.31.46.0-255,66,110050,46,258403
1691,0.001472,74.125.200.0-255,7156,117206,46,258403
1692,0.001475,172.31.46.0-255,66,117272,46,258403
1693,0.001489,172.31.46.0-255,66,117338,46,258403
1694,0.001493,74.125.200.0-255,2184,119522,46,258403
1695,0.001497,74.125.200.0-255,1484,121006,46,258403
1696,0.001501,172.31.46.0-255,66,121072,46,258403
1697,0.001528,74.125.200.0-255,1484,122556,46,258403
1698,0.00153,172.31.46.0-255,66,122622,46,258403
1699,0.00154,74.125.200.0-255,4320,126942,46,258403
1700,0.001543,172.31.46.0-255,66,127008,46,258403
1701,0.001554,172.31.46.0-255,66,127074,46,258403
1702,0.00156,74.125.200.0-255,5738,132812,46,258403
1703,0.001562,172.31.46.0-255,66,132878,46,258403
1704,0.001588,74.125.200.0-255,2902,135780,46,258403
1705,0.001594,172.31.46.0-255,66,135846,46,258403
1706,0.001606,172.31.46.0-255,66,135912,46,258403
1707,0.001609,74.125.200.0-255,1484,137396,46,258403
1708,0.001638,74.125.200.0-255,2902,140298,46,258403
1709,0.001641,172.31.46.0-255,66,140364,46,258403
1710,0.001647,74.125.200.0-255,5738,146102,46,258403
1711,0.001649,172.31.46.0-255,66,146168,46,258403
1712,0.001653,74.125.200.0-255,1484,147652,46,258403
1713,0.001693,74.125.200.0-255,5738,153390,46,258403
1714,0.001696,172.31.46.0-255,66,153456,46,258403
1715,0.001708,172.31.46.0-255,66,153522,46,258403
1716,0.001723,172.31.46.0-255,66,153588,46,258403
1717,0.001774,74.125.200.0-255,1484,155072,46,258403
1718,0.001777,74.125.200.0-255,1484,156556,46,258403
1719,0.001782,172.31.46.0-255,66,156622,46,258403
1720,0.00179,74.125.200.0-255,1484,158106,46,258403
1721,0.001793,74.125.200.0-255,1484,159590,46,258403
1722,0.001795,172.31.46.0-255,66,159656,46,258403
1723,0.001822,74.125.200.0-255,4320,163976,46,258403
1724,0.001825,172.31.46.0-255,66,164042,46,258403
1725,0.00183,74.125.200.0-255,2902,166944,46,258403
1726,0.001832,172.31.46.0-255,66,167010,46,258403
1727,0.001841,74.125.200.0-255,4320,171330,46,258403
1728,0.001843,172.31.46.0-255,66,171396,46,258403
1729,0.001849,74.125.200.0-255,4320,175716,46,258403
1730,0.001865,172.31.46.0-255,66,175782,46,258403
1731,0.001897,74.125.200.0-255,4320,180102,46,258403
1732,0.001899,74.125.200.0-255,1484,181586,46,258403
1733,0.001903,74.125.200.0-255,2902,184488,46,258403
1734,0.001908,172.31.46.0-255,66,184554,46,258403
1735,0.001927,74.125.200.0-255,3602,188156,46,258403
1736,0.001942,172.31.46.0-255,66,188222,46,258403
1737,0.002005,74.125.200.0-255,1484,189706,46,258403
1738,0.002019,74.125.200.0-255,2902,192608,46,258403
1739,0.002039,74.125.200.0-255,5738,198346,46,258403
1740,0.002054,172.31.46.0-255,66,198412,46,258403
1741,0.002066,74.125.200.0-255,4320,202732,46,258403
1742,0.002107,172.31.46.0-255,66,202798,46,258403
1743,0.002116,74.125.200.0-255,2902,205700,46,258403
1744,0.002124,172.31.46.0-255,66,205766,46,258403
1745,0.002171,74.125.200.0-255,7156,212922,46,258403
1746,0.002183,172.31.46.0-255,66,212988,46,258403
1747,0.002192,74.125.200.0-255,2902,215890,46,258403
1748,0.002197,74.125.200.0-255,4320,220210,46,258403
1749,0.002202,172.31.46.0-255,66,220276,46,258403
1750,0.002222,74.125.200.0-255,7156,227432,46,258403
1751,0.002232,74.125.200.0-255,7156,234588,46,258403
1752,0.002297,74.125.200.0-255,7156,241744,46,258403
1753,0.002304,74.125.200.0-255,4320,246064,46,258403
1754,0.002322,74.125.200.0-255,2825,248889,46,258403
1755,0.002329,172.31.46.0-255,66,248955,46,258403
1756,0.004569,74.125.200.0-255,105,249060,46,258403
1757,0.004821,172.31.46.0-255,66,249126,46,258403
1758,0.004861,172.31.46.0-255,105,249231,46,258403
1759,0.007115,74.125.200.0-255,66,249297,46,258403
1760,0.037177,172.31.46.0-255,172,249469,46,258403
1761,0.037207,172.31.46.0-255,1114,250583,46,258403
1762,0.037267,172.31.46.0-255,1514,252097,46,258403
1763,0.037287,172.31.46.0-255,1514,253611,46,258403
1764,0.037289,172.31.46.0-255,1514,255125,46,258403
1765,0.037308,172.31.46.0-255,1514,256639,46,258403
1766,0.03731,172.31.46.0-255,1500,258139,46,258403
1767,0.038727,104.244.42.0-255,66,258205,46,258403
1768,0.038738,104.244.42.0-255,66,258271,46,258403
1769,0.038833,104.244.42.0-255,66,258337,46,258403
1770,0.038862,104.244.42.0-255,66,258403,46,258403
1771,0.0,172.217.194.0-255,153,153,46,272488
1772,2.4e-05,172.31.46.0-255,66,219,46,272488
1773,3.1e-05,172.217.194.0-255,1484,1703,46,272488
1774,3.7e-05,172.31.46.0-255,66,1769,46,272488
1775,4.2e-05,172.217.194.0-255,2902,4671,46,272488
1776,4.5e-05,172.31.46.0-255,66,4737,46,272488
1777,5.4e-05,172.217.194.0-255,7156,11893,46,272488
1778,5.7e-05,172.31.46.0-255,66,11959,46,272488
1779,7.8e-05,172.217.194.0-255,4320,16279,46,272488
1780,8e-05,172.31.46.0-255,66,16345,46,272488
1781,0.000104,172.217.194.0-255,6295,22640,46,272488
1782,0.000106,172.31.46.0-255,66,22706,46,272488
1783,0.000145,172.31.46.0-255,66,22772,46,272488
1784,0.000171,172.217.194.0-255,2902,25674,46,272488
1785,0.000173,172.31.46.0-255,66,25740,46,272488
1786,0.000193,172.217.194.0-255,5738,31478,46,272488
1787,0.000195,172.31.46.0-255,66,31544,46,272488
1788,0.000234,172.217.194.0-255,1484,33028,46,272488
1789,0.000237,172.31.46.0-255,66,33094,46,272488
1790,0.000259,172.217.194.0-255,6797,39891,46,272488
1791,0.000262,172.31.46.0-255,66,39957,46,272488
1792,0.000323,172.217.194.0-255,1484,41441,46,272488
1793,0.000325,172.31.46.0-255,66,41507,46,272488
1794,0.000331,172.217.194.0-255,2902,44409,46,272488
1795,0.000333,172.31.46.0-255,66,44475,46,272488
1796,0.00035,172.217.194.0-255,5738,50213,46,272488
1797,0.000352,172.31.46.0-255,66,50279,46,272488
1798,0.00038,172.217.194.0-255,7095,57374,46,272488
1799,0.000383,172.31.46.0-255,66,57440,46,272488
1800,0.000618,172.217.194.0-255,380,57820,46,272488
1801,0.000624,172.31.46.0-255,66,57886,46,272488
1802,0.000798,172.217.194.0-255,1484,59370,46,272488
1803,0.000803,172.31.46.0-255,66,59436,46,272488
1804,0.000808,172.217.194.0-255,2902,62338,46,272488
1805,0.000811,172.31.46.0-255,66,62404,46,272488
1806,0.000817,172.217.194.0-255,5738,68142,46,272488
1807,0.00082,172.31.46.0-255,66,68208,46,272488
1808,0.000845,172.217.194.0-255,6797,75005,46,272488
1809,0.000848,172.31.46.0-255,66,75071,46,272488
1810,0.000946,172.217.194.0-255,1484,76555,46,272488
1811,0.000949,172.31.46.0-255,66,76621,46,272488
1812,0.000954,172.217.194.0-255,1484,78105,46,272488
1813,0.000956,172.31.46.0-255,66,78171,46,272488
1814,0.000968,172.217.194.0-255,1484,79655,46,272488
1815,0.000971,172.217.194.0-255,1484,81139,46,272488
1816,0.000974,172.31.46.0-255,66,81205,46,272488
1817,0.000976,172.31.46.0-255,66,81271,46,272488
1818,0.001003,172.217.194.0-255,4320,85591,46,272488
1819,0.001006,172.31.46.0-255,66,85657,46,272488
1820,0.001014,172.217.194.0-255,6797,92454,46,272488
1821,0.001017,172.31.46.0-255,66,92520,46,272488
1822,0.001421,172.217.194.0-255,1484,94004,46,272488
1823,0.001426,172.31.46.0-255,66,94070,46,272488
1824,0.00143,172.217.194.0-255,1484,95554,46,272488
1825,0.001432,172.31.46.0-255,66,95620,46,272488
1826,0.001446,172.217.194.0-255,1484,97104,46,272488
1827,0.001448,172.31.46.0-255,66,97170,46,272488
1828,0.001455,172.217.194.0-255,5738,102908,46,272488
1829,0.001457,172.31.46.0-255,66,102974,46,272488
1830,0.001462,172.217.194.0-255,2902,105876,46,272488
1831,0.001464,172.31.46.0-255,66,105942,46,272488
1832,0.001502,172.31.46.0-255,66,106008,46,272488
1833,0.001509,172.217.194.0-255,5738,111746,46,272488
1834,0.001511,172.31.46.0-255,66,111812,46,272488
1835,0.001527,172.217.194.0-255,5020,116832,46,272488
1836,0.001529,172.31.46.0-255,66,116898,46,272488
1837,0.001581,172.217.194.0-255,1484,118382,46,272488
1838,0.001584,172.31.46.0-255,66,118448,46,272488
1839,0.001588,172.217.194.0-255,2902,121350,46,272488
1840,0.00159,172.31.46.0-255,66,121416,46,272488
1841,0.001593,172.217.194.0-255,1484,122900,46,272488
1842,0.001595,172.31.46.0-255,66,122966,46,272488
1843,0.001619,172.217.194.0-255,4320,127286,46,272488
1844,0.001621,172.31.46.0-255,66,127352,46,272488
1845,0.001632,172.31.46.0-255,66,127418,46,272488
1846,0.001651,172.217.194.0-255,4320,131738,46,272488
1847,0.001653,172.31.46.0-255,66,131804,46,272488
1848,0.001657,172.217.194.0-255,2902,134706,46,272488
1849,0.001659,172.31.46.0-255,66,134772,46,272488
1850,0.001683,172.217.194.0-255,1484,136256,46,272488
1851,0.001687,172.31.46.0-255,66,136322,46,272488
1852,0.001705,172.217.194.0-255,6438,142760,46,272488
1853,0.001707,172.31.46.0-255,66,142826,46,272488
1854,0.00171,172.217.194.0-255,1484,144310,46,272488
1855,0.001712,172.31.46.0-255,66,144376,46,272488
1856,0.001732,172.217.194.0-255,7156,151532,46,272488
1857,0.001735,172.31.46.0-255,66,151598,46,272488
1858,0.001753,172.217.194.0-255,5738,157336,46,272488
1859,0.001755,172.31.46.0-255,66,157402,46,272488
1860,0.001791,172.31.46.0-255,66,157468,46,272488
1861,0.001799,172.217.194.0-255,7156,164624,46,272488
1862,0.001801,172.31.46.0-255,66,164690,46,272488
1863,0.00182,172.217.194.0-255,2184,166874,46,272488
1864,0.001823,172.31.46.0-255,66,166940,46,272488
1865,0.001844,172.217.194.0-255,2902,169842,46,272488
1866,0.001846,172.31.46.0-255,66,169908,46,272488
1867,0.001871,172.217.194.0-255,7156,177064,46,272488
1868,0.001874,172.31.46.0-255,66,177130,46,272488
1869,0.001885,172.31.46.0-255,66,177196,46,272488
1870,0.001899,172.217.194.0-255,2902,180098,46,272488
1871,0.001901,172.31.46.0-255,66,180164,46,272488
1872,0.001912,172.31.46.0-255,66,180230,46,272488
1873,0.001964,172.217.194.0-255,3602,183832,46,272488
1874,0.001968,172.31.46.0-255,66,183898,46,272488
1875,0.001975,172.217.194.0-255,1484,185382,46,272488
1876,0.001977,172.31.46.0-255,66,185448,46,272488
1877,0.001997,172.217.194.0-255,2902,188350,46,272488
1878,0.002,172.31.46.0-255,66,188416,46,272488
1879,0.002006,172.217.194.0-255,5738,194154,46,272488
1880,0.002008,172.31.46.0-255,66,194220,46,272488
1881,0.002046,172.31.46.0-255,66,194286,46,272488
1882,0.002072,172.217.194.0-255,2902,197188,46,272488
1883,0.002074,172.31.46.0-255,66,197254,46,272488
1884,0.002087,172.31.46.0-255,66,197320,46,272488
1885,0.002093,172.217.194.0-255,5738,203058,46,272488
1886,0.002096,172.31.46.0-255,66,203124,46,272488
1887,0.002121,172.217.194.0-255,7156,210280,46,272488
1888,0.002124,172.31.46.0-255,66,210346,46,272488
1889,0.002151,172.217.194.0-255,5738,216084,46,272488
1890,0.002154,172.31.46.0-255,66,216150,46,272488
1891,0.002182,172.31.46.0-255,66,216216,46,272488
1892,0.002205,172.217.194.0-255,2902,219118,46,272488
1893,0.002208,172.31.46.0-255,66,219184,46,272488
1894,0.002228,172.217.194.0-255,3602,222786,46,272488
1895,0.002232,172.31.46.0-255,66,222852,46,272488
1896,0.002237,172.217.194.0-255,2902,225754,46,272488
1897,0.002239,172.31.46.0-255,66,225820,46,272488
1898,0.002273,172.217.194.0-255,4320,230140,46,272488
1899,0.002276,172.31.46.0-255,66,230206,46,272488
1900,0.002282,172.217.194.0-255,4320,234526,46,272488
1901,0.002284,172.31.46.0-255,66,234592,46,272488
1902,0.002325,172.31.46.0-255,66,234658,46,272488
1903,0.002356,172.217.194.0-255,2902,237560,46,272488
1904,0.002359,172.31.46.0-255,66,237626,46,272488
1905,0.00237,172.31.46.0-255,66,237692,46,272488
1906,0.002383,172.217.194.0-255,1484,239176,46,272488
1907,0.002421,172.217.194.0-255,7156,246332,46,272488
1908,0.002443,172.217.194.0-255,2184,248516,46,272488
1909,0.00246,172.217.194.0-255,5738,254254,46,272488
1910,0.002476,172.217.194.0-255,7156,261410,46,272488
1911,0.002493,172.217.194.0-255,1594,263004,46,272488
1912,0.009102,172.31.46.0-255,66,263070,46,272488
1913,0.011473,172.217.194.0-255,136,263206,46,272488
1914,0.011618,172.31.46.0-255,66,263272,46,272488
1915,0.011657,172.31.46.0-255,105,263377,46,272488
1916,0.014055,172.217.194.0-255,66,263443,46,272488
1917,0.039722,172.31.46.0-255,176,263619,46,272488
1918,0.039753,172.31.46.0-255,1118,264737,46,272488
1919,0.039819,172.31.46.0-255,1514,266251,46,272488
1920,0.039822,172.31.46.0-255,1514,267765,46,272488
1921,0.039823,172.31.46.0-255,1514,269279,46,272488
1922,0.039824,172.31.46.0-255,1514,270793,46,272488
1923,0.039826,172.31.46.0-255,1497,272290,46,272488
1924,0.041353,104.244.42.0-255,66,272356,46,272488
1925,0.041377,104.244.42.0-255,66,272422,46,272488
1926,0.041511,104.244.42.0-255,66,272488,46,272488
1927,0.0,74.125.200.0-255,153,153,46,307223
1928,1.9e-05,172.31.46.0-255,66,219,46,307223
1929,2.5e-05,74.125.200.0-255,1484,1703,46,307223
1930,2.9e-05,172.31.46.0-255,66,1769,46,307223
1931,3.2e-05,74.125.200.0-255,1484,3253,46,307223
1932,4.4e-05,172.31.46.0-255,66,3319,46,307223
1933,5.1e-05,74.125.200.0-255,2902,6221,46,307223
1934,5.4e-05,172.31.46.0-255,66,6287,46,307223
1935,6e-05,74.125.200.0-255,5738,12025,46,307223
1936,6.4e-05,172.31.46.0-255,66,12091,46,307223
1937,6.7e-05,74.125.200.0-255,1484,13575,46,307223
1938,7e-05,172.31.46.0-255,66,13641,46,307223
1939,0.000105,74.125.200.0-255,5001,18642,46,307223
1940,0.000109,172.31.46.0-255,66,18708,46,307223
1941,0.000116,74.125.200.0-255,7156,25864,46,307223
1942,0.000118,172.31.46.0-255,66,25930,46,307223
1943,0.00015,74.125.200.0-255,5379,31309,46,307223
1944,0.000152,172.31.46.0-255,66,31375,46,307223
1945,0.000232,74.125.200.0-255,1484,32859,46,307223
1946,0.000235,172.31.46.0-255,66,32925,46,307223
1947,0.00024,74.125.200.0-255,2902,35827,46,307223
1948,0.000242,172.31.46.0-255,66,35893,46,307223
1949,0.000265,74.125.200.0-255,5738,41631,46,307223
1950,0.000268,172.31.46.0-255,66,41697,46,307223
1951,0.000276,74.125.200.0-255,2902,44599,46,307223
1952,0.000278,172.31.46.0-255,66,44665,46,307223
1953,0.000283,74.125.200.0-255,3961,48626,46,307223
1954,0.000285,172.31.46.0-255,66,48692,46,307223
1955,0.000314,74.125.200.0-255,2902,51594,46,307223
1956,0.000316,172.31.46.0-255,66,51660,46,307223
1957,0.000345,74.125.200.0-255,5738,57398,46,307223
1958,0.000348,172.31.46.0-255,66,57464,46,307223
1959,0.0004,74.125.200.0-255,2902,60366,46,307223
1960,0.000402,172.31.46.0-255,66,60432,46,307223
1961,0.000429,74.125.200.0-255,5651,66083,46,307223
1962,0.000432,172.31.46.0-255,66,66149,46,307223
1963,0.000473,74.125.200.0-255,130,66279,46,307223
1964,0.000595,74.125.200.0-255,1484,67763,46,307223
1965,0.0006,172.31.46.0-255,66,67829,46,307223
1966,0.000621,74.125.200.0-255,2902,70731,46,307223
1967,0.000624,172.31.46.0-255,66,70797,46,307223
1968,0.000627,74.125.200.0-255,1484,72281,46,307223
1969,0.000649,74.125.200.0-255,2902,75183,46,307223
1970,0.000652,172.31.46.0-255,66,75249,46,307223
1971,0.000687,172.31.46.0-255,66,75315,46,307223
1972,0.000709,74.125.200.0-255,4320,79635,46,307223
1973,0.000712,172.31.46.0-255,66,79701,46,307223
1974,0.00074,74.125.200.0-255,5738,85439,46,307223
1975,0.000742,172.31.46.0-255,66,85505,46,307223
1976,0.000746,74.125.200.0-255,1484,86989,46,307223
1977,0.00075,74.125.200.0-255,2902,89891,46,307223
1978,0.000753,172.31.46.0-255,66,89957,46,307223
1979,0.00078,74.125.200.0-255,1408,91365,46,307223
1980,0.000891,74.125.200.0-255,1484,92849,46,307223
1981,0.000896,172.31.46.0-255,66,92915,46,307223
1982,0.000923,74.125.200.0-255,1484,94399,46,307223
1983,0.000936,74.125.200.0-255,2902,97301,46,307223
1984,0.000938,172.31.46.0-255,66,97367,46,307223
1985,0.000941,74.125.200.0-255,1484,98851,46,307223
1986,0.000966,74.125.200.0-255,4320,103171,46,307223
1987,0.000969,172.31.46.0-255,66,103237,46,307223
1988,0.001006,172.31.46.0-255,66,103303,46,307223
1989,0.001038,74.125.200.0-255,5738,109041,46,307223
1990,0.001042,172.31.46.0-255,66,109107,46,307223
1991,0.001062,74.125.200.0-255,6438,115545,46,307223
1992,0.001065,172.31.46.0-255,66,115611,46,307223
1993,0.001115,74.125.200.0-255,1484,117095,46,307223
1994,0.001119,74.125.200.0-255,1484,118579,46,307223
1995,0.001122,172.31.46.0-255,66,118645,46,307223
1996,0.001147,74.125.200.0-255,1484,120129,46,307223
1997,0.001153,74.125.200.0-255,5738,125867,46,307223
1998,0.001158,172.31.46.0-255,66,125933,46,307223
1999,0.001205,172.31.46.0-255,66,125999,46,307223
2000,0.001211,74.125.200.0-255,5738,131737,46,307223
2001,0.001213,172.31.46.0-255,66,131803,46,307223
2002,0.001252,74.125.200.0-255,5020,136823,46,307223
2003,0.001255,172.31.46.0-255,66,136889,46,307223
2004,0.001435,74.125.200.0-255,1484,138373,46,307223
2005,0.001454,74.125.200.0-255,2902,141275,46,307223
2006,0.001458,172.31.46.0-255,66,141341,46,307223
2007,0.001461,74.125.200.0-255,1484,142825,46,307223
2008,0.001492,74.125.200.0-255,4320,147145,46,307223
2009,0.001494,172.31.46.0-255,66,147211,46,307223
2010,0.001501,74.125.200.0-255,5738,152949,46,307223
2011,0.001503,172.31.46.0-255,66,153015,46,307223
2012,0.00151,74.125.200.0-255,7156,160171,46,307223
2013,0.001512,172.31.46.0-255,66,160237,46,307223
2014,0.001556,74.125.200.0-255,2184,162421,46,307223
2015,0.001559,172.31.46.0-255,66,162487,46,307223
2016,0.001564,172.31.46.0-255,66,162553,46,307223
2017,0.001654,74.125.200.0-255,1484,164037,46,307223
2018,0.001671,74.125.200.0-255,2902,166939,46,307223
2019,0.001676,74.125.200.0-255,2902,169841,46,307223
2020,0.001705,74.125.200.0-255,2902,172743,46,307223
2021,0.00171,74.125.200.0-255,2902,175645,46,307223
2022,0.001713,74.125.200.0-255,1484,177129,46,307223
2023,0.00172,172.31.46.0-255,66,177195,46,307223
2024,0.001764,74.125.200.0-255,766,177961,46,307223
2025,0.001783,172.31.46.0-255,66,178027,46,307223
2026,0.003257,74.125.200.0-255,1484,179511,46,307223
2027,0.003266,74.125.200.0-255,2902,182413,46,307223
2028,0.003271,172.31.46.0-255,66,182479,46,307223
2029,0.003275,74.125.200.0-255,1484,183963,46,307223
2030,0.003333,172.31.46.0-255,66,184029,46,307223
2031,0.003341,74.125.200.0-255,2902,186931,46,307223
2032,0.003343,172.31.46.0-255,66,186997,46,307223
2033,0.003356,74.125.200.0-255,7156,194153,46,307223
2034,0.003358,172.31.46.0-255,66,194219,46,307223
2035,0.003362,74.125.200.0-255,2902,197121,46,307223
2036,0.003365,172.31.46.0-255,66,197187,46,307223
2037,0.003392,74.125.200.0-255,2902,200089,46,307223
2038,0.003395,172.31.46.0-255,66,200155,46,307223
2039,0.003399,74.125.200.0-255,2902,203057,46,307223
2040,0.003401,172.31.46.0-255,66,203123,46,307223
2041,0.003405,74.125.200.0-255,766,203889,46,307223
2042,0.003794,74.125.200.0-255,1484,205373,46,307223
2043,0.003801,172.31.46.0-255,66,205439,46,307223
2044,0.003806,74.125.200.0-255,1484,206923,46,307223
2045,0.003827,74.125.200.0-255,1484,208407,46,307223
2046,0.00383,172.31.46.0-255,66,208473,46,307223
2047,0.003838,74.125.200.0-255,5738,214211,46,307223
2048,0.00384,172.31.46.0-255,66,214277,46,307223
2049,0.003846,74.125.200.0-255,4320,218597,46,307223
2050,0.003848,172.31.46.0-255,66,218663,46,307223
2051,0.003871,74.125.200.0-255,4320,222983,46,307223
2052,0.003873,172.31.46.0-255,66,223049,46,307223
2053,0.003903,74.125.200.0-255,7156,230205,46,307223
2054,0.003905,172.31.46.0-255,66,230271,46,307223
2055,0.003911,74.125.200.0-255,4320,234591,46,307223
2056,0.003913,172.31.46.0-255,66,234657,46,307223
2057,0.00394,74.125.200.0-255,3602,238259,46,307223
2058,0.003942,172.31.46.0-255,66,238325,46,307223
2059,0.003945,74.125.200.0-255,1484,239809,46,307223
2060,0.003948,74.125.200.0-255,1484,241293,46,307223
2061,0.00395,172.31.46.0-255,66,241359,46,307223
2062,0.003955,74.125.200.0-255,2902,244261,46,307223
2063,0.003957,172.31.46.0-255,66,244327,46,307223
2064,0.003964,74.125.200.0-255,5738,250065,46,307223
2065,0.003966,172.31.46.0-255,66,250131,46,307223
2066,0.003971,74.125.200.0-255,4320,254451,46,307223
2067,0.003974,172.31.46.0-255,66,254517,46,307223
2068,0.003977,74.125.200.0-255,1484,256001,46,307223
2069,0.004004,74.125.200.0-255,4320,260321,46,307223
2070,0.004006,172.31.46.0-255,66,260387,46,307223
2071,0.004014,74.125.200.0-255,7156,267543,46,307223
2072,0.004016,172.31.46.0-255,66,267609,46,307223
2073,0.004045,74.125.200.0-255,4320,271929,46,307223
2074,0.004047,172.31.46.0-255,66,271995,46,307223
2075,0.00405,74.125.200.0-255,766,272761,46,307223
2076,0.004074,74.125.200.0-255,1484,274245,46,307223
2077,0.004076,172.31.46.0-255,66,274311,46,307223
2078,0.00408,74.125.200.0-255,1484,275795,46,307223
2079,0.004097,74.125.200.0-255,1484,277279,46,307223
2080,0.0041,172.31.46.0-255,66,277345,46,307223
2081,0.004131,74.125.200.0-255,5738,283083,46,307223
2082,0.004134,172.31.46.0-255,66,283149,46,307223
2083,0.004138,74.125.200.0-255,2902,286051,46,307223
2084,0.00414,172.31.46.0-255,66,286117,46,307223
2085,0.004161,74.125.200.0-255,4320,290437,46,307223
2086,0.004163,172.31.46.0-255,66,290503,46,307223
2087,0.004193,172.31.46.0-255,66,290569,46,307223
2088,0.004241,172.31.46.0-255,66,290635,46,307223
2089,0.004275,74.125.200.0-255,4320,294955,46,307223
2090,0.004277,172.31.46.0-255,66,295021,46,307223
2091,0.0043,74.125.200.0-255,2756,297777,46,307223
2092,0.004303,172.31.46.0-255,66,297843,46,307223
2093,0.004325,74.125.200.0-255,105,297948,46,307223
2094,0.010504,172.31.46.0-255,66,298014,46,307223
2095,0.010537,172.31.46.0-255,105,298119,46,307223
2096,0.012864,74.125.200.0-255,66,298185,46,307223
2097,0.034088,172.31.46.0-255,172,298357,46,307223
2098,0.034123,172.31.46.0-255,1119,299476,46,307223
2099,0.034199,172.31.46.0-255,1514,300990,46,307223
2100,0.034201,172.31.46.0-255,1514,302504,46,307223
2101,0.034207,172.31.46.0-255,1514,304018,46,307223
2102,0.034208,172.31.46.0-255,1514,305532,46,307223
2103,0.034233,172.31.46.0-255,1493,307025,46,307223
2104,0.035631,104.244.42.0-255,66,307091,46,307223
2105,0.035663,104.244.42.0-255,66,307157,46,307223
2106,0.035786,104.244.42.0-255,66,307223,46,307223
2107,0.0,172.217.194.0-255,146,146,46,213469
2108,2.9e-05,172.31.46.0-255,66,212,46,213469
2109,3.6e-05,172.217.194.0-255,1484,1696,46,213469
2110,4e-05,172.31.46.0-255,66,1762,46,213469
2111,4.6e-05,172.217.194.0-255,2902,4664,46,213469
2112,5.1e-05,172.31.46.0-255,66,4730,46,213469
2113,5.9e-05,172.217.194.0-255,7156,11886,46,213469
2114,6.2e-05,172.31.46.0-255,66,11952,46,213469
2115,6.8e-05,172.217.194.0-255,4964,16916,46,213469
2116,7.2e-05,172.31.46.0-255,66,16982,46,213469
2117,7.8e-05,172.217.194.0-255,4320,21302,46,213469
2118,8e-05,172.31.46.0-255,66,21368,46,213469
2119,0.000112,172.31.46.0-255,66,21434,46,213469
2120,0.000162,172.217.194.0-255,1484,22918,46,213469
2121,0.000164,172.31.46.0-255,66,22984,46,213469
2122,0.000168,172.217.194.0-255,2902,25886,46,213469
2123,0.000171,172.31.46.0-255,66,25952,46,213469
2124,0.000191,172.217.194.0-255,4320,30272,46,213469
2125,0.000194,172.31.46.0-255,66,30338,46,213469
2126,0.000214,172.217.194.0-255,1484,31822,46,213469
2127,0.000216,172.31.46.0-255,66,31888,46,213469
2128,0.000221,172.217.194.0-255,4320,36208,46,213469
2129,0.000223,172.31.46.0-255,66,36274,46,213469
2130,0.000239,172.217.194.0-255,2902,39176,46,213469
2131,0.000241,172.31.46.0-255,66,39242,46,213469
2132,0.00027,172.31.46.0-255,66,39308,46,213469
2133,0.000278,172.217.194.0-255,7049,46357,46,213469
2134,0.00028,172.31.46.0-255,66,46423,46,213469
2135,0.000314,172.217.194.0-255,119,46542,46,213469
2136,0.000317,172.31.46.0-255,66,46608,46,213469
2137,0.000346,172.217.194.0-255,380,46988,46,213469
2138,0.000529,172.217.194.0-255,1484,48472,46,213469
2139,0.000534,172.31.46.0-255,66,48538,46,213469
2140,0.000539,172.217.194.0-255,2902,51440,46,213469
2141,0.000542,172.31.46.0-255,66,51506,46,213469
2142,0.000545,172.217.194.0-255,1484,52990,46,213469
2143,0.00057,172.217.194.0-255,4320,57310,46,213469
2144,0.000573,172.31.46.0-255,66,57376,46,213469
2145,0.000581,172.217.194.0-255,7156,64532,46,213469
2146,0.000584,172.31.46.0-255,66,64598,46,213469
2147,0.000617,172.217.194.0-255,2902,67500,46,213469
2148,0.000619,172.31.46.0-255,66,67566,46,213469
2149,0.000645,172.31.46.0-255,66,67632,46,213469
2150,0.000648,172.217.194.0-255,2184,69816,46,213469
2151,0.00065,172.31.46.0-255,66,69882,46,213469
2152,0.000711,172.217.194.0-255,1484,71366,46,213469
2153,0.000727,172.217.194.0-255,2902,74268,46,213469
2154,0.00073,172.31.46.0-255,66,74334,46,213469
2155,0.000737,172.217.194.0-255,5738,80072,46,213469
2156,0.000739,172.31.46.0-255,66,80138,46,213469
2157,0.000771,172.31.46.0-255,66,80204,46,213469
2158,0.00079,172.217.194.0-255,1484,81688,46,213469
2159,0.000803,172.31.46.0-255,66,81754,46,213469
2160,0.000807,172.217.194.0-255,2184,83938,46,213469
2161,0.000809,172.31.46.0-255,66,84004,46,213469
2162,0.000919,172.217.194.0-255,1484,85488,46,213469
2163,0.000925,172.217.194.0-255,2902,88390,46,213469
2164,0.000929,172.31.46.0-255,66,88456,46,213469
2165,0.000948,172.217.194.0-255,1484,89940,46,213469
2166,0.000968,172.217.194.0-255,4320,94260,46,213469
2167,0.000971,172.31.46.0-255,66,94326,46,213469
2168,0.000984,172.31.46.0-255,66,94392,46,213469
2169,0.000991,172.217.194.0-255,5738,100130,46,213469
2170,0.000994,172.31.46.0-255,66,100196,46,213469
2171,0.001017,172.217.194.0-255,4320,104516,46,213469
2172,0.001019,172.31.46.0-255,66,104582,46,213469
2173,0.001023,172.217.194.0-255,766,105348,46,213469
2174,0.001075,172.217.194.0-255,1484,106832,46,213469
2175,0.001079,172.31.46.0-255,66,106898,46,213469
2176,0.001083,172.217.194.0-255,1484,108382,46,213469
2177,0.001098,172.217.194.0-255,1484,109866,46,213469
2178,0.001101,172.31.46.0-255,66,109932,46,213469
2179,0.001108,172.217.194.0-255,5738,115670,46,213469
2180,0.001111,172.31.46.0-255,66,115736,46,213469
2181,0.001117,172.217.194.0-255,5738,121474,46,213469
2182,0.001119,172.31.46.0-255,66,121540,46,213469
2183,0.001154,172.217.194.0-255,7156,128696,46,213469
2184,0.001157,172.31.46.0-255,66,128762,46,213469
2185,0.00117,172.31.46.0-255,66,128828,46,213469
2186,0.002059,172.217.194.0-255,1484,130312,46,213469
2187,0.002066,172.217.194.0-255,2902,133214,46,213469
2188,0.002069,172.31.46.0-255,66,133280,46,213469
2189,0.002074,172.217.194.0-255,1484,134764,46,213469
2190,0.002092,172.217.194.0-255,4320,139084,46,213469
2191,0.002094,172.31.46.0-255,66,139150,46,213469
2192,0.002128,172.31.46.0-255,66,139216,46,213469
2193,0.00214,172.217.194.0-255,2902,142118,46,213469
2194,0.002142,172.31.46.0-255,66,142184,46,213469
2195,0.002168,172.31.46.0-255,66,142250,46,213469
2196,0.002212,172.217.194.0-255,1484,143734,46,213469
2197,0.002218,172.217.194.0-255,2902,146636,46,213469
2198,0.002221,172.31.46.0-255,66,146702,46,213469
2199,0.002228,172.217.194.0-255,5738,152440,46,213469
2200,0.00223,172.31.46.0-255,66,152506,46,213469
2201,0.002233,172.217.194.0-255,1484,153990,46,213469
2202,0.00227,172.31.46.0-255,66,154056,46,213469
2203,0.002313,172.217.194.0-255,1484,155540,46,213469
2204,0.002349,172.31.46.0-255,66,155606,46,213469
2205,0.002381,172.217.194.0-255,2902,158508,46,213469
2206,0.002383,172.31.46.0-255,66,158574,46,213469
2207,0.002419,172.31.46.0-255,66,158640,46,213469
2208,0.002435,172.31.46.0-255,66,158706,46,213469
2209,0.002442,172.217.194.0-255,6438,165144,46,213469
2210,0.002445,172.31.46.0-255,66,165210,46,213469
2211,0.002452,172.217.194.0-255,7156,172366,46,213469
2212,0.002454,172.31.46.0-255,66,172432,46,213469
2213,0.002458,172.217.194.0-255,2902,175334,46,213469
2214,0.00246,172.31.46.0-255,66,175400,46,213469
2215,0.002486,172.217.194.0-255,5738,181138,46,213469
2216,0.002489,172.31.46.0-255,66,181204,46,213469
2217,0.002496,172.217.194.0-255,5738,186942,46,213469
2218,0.002498,172.31.46.0-255,66,187008,46,213469
2219,0.002534,172.31.46.0-255,66,187074,46,213469
2220,0.002537,172.217.194.0-255,766,187840,46,213469
2221,0.002558,172.217.194.0-255,1484,189324,46,213469
2222,0.00256,172.31.46.0-255,66,189390,46,213469
2223,0.002587,172.31.46.0-255,66,189456,46,213469
2224,0.002589,172.217.194.0-255,1484,190940,46,213469
2225,0.002596,172.217.194.0-255,5738,196678,46,213469
2226,0.002599,172.31.46.0-255,66,196744,46,213469
2227,0.002628,172.31.46.0-255,66,196810,46,213469
2228,0.002635,172.217.194.0-255,6438,203248,46,213469
2229,0.002637,172.31.46.0-255,66,203314,46,213469
2230,0.002652,172.217.194.0-255,2902,206216,46,213469
2231,0.002655,172.31.46.0-255,66,206282,46,213469
2232,0.002668,172.217.194.0-255,4636,210918,46,213469
2233,0.00267,172.31.46.0-255,66,210984,46,213469
2234,0.002691,172.217.194.0-255,105,211089,46,213469
2235,0.009525,172.31.46.0-255,66,211155,46,213469
2236,0.009563,172.31.46.0-255,105,211260,46,213469
2237,0.01204,172.217.194.0-255,66,211326,46,213469
2238,0.039837,172.31.46.0-255,272,211598,46,213469
2239,0.039864,172.31.46.0-255,1119,212717,46,213469
2240,0.039922,172.31.46.0-255,554,213271,46,213469
2241,0.041392,104.244.42.0-255,66,213337,46,213469
2242,0.041546,104.244.42.0-255,66,213403,46,213469
2243,0.041549,104.244.42.0-255,66,213469,46,213469
2244,0.0,74.125.24.0-255,146,146,46,196703
2245,1.5e-05,172.31.46.0-255,66,212,46,196703
2246,2.2e-05,74.125.24.0-255,1484,1696,46,196703
2247,2.6e-05,172.31.46.0-255,66,1762,46,196703
2248,3.1e-05,74.125.24.0-255,2902,4664,46,196703
2249,4.4e-05,172.31.46.0-255,66,4730,46,196703
2250,5.3e-05,74.125.24.0-255,7156,11886,46,196703
2251,5.6e-05,172.31.46.0-255,66,11952,46,196703
2252,0.000168,74.125.24.0-255,2022,13974,46,196703
2253,0.000172,172.31.46.0-255,66,14040,46,196703
2254,0.000201,74.125.24.0-255,2902,16942,46,196703
2255,0.000204,172.31.46.0-255,66,17008,46,196703
2256,0.000233,74.125.24.0-255,2902,19910,46,196703
2257,0.000235,172.31.46.0-255,66,19976,46,196703
2258,0.000263,74.125.24.0-255,4320,24296,46,196703
2259,0.000266,172.31.46.0-255,66,24362,46,196703
2260,0.000353,74.125.24.0-255,6797,31159,46,196703
2261,0.000356,172.31.46.0-255,66,31225,46,196703
2262,0.000457,74.125.24.0-255,4320,35545,46,196703
2263,0.000462,172.31.46.0-255,66,35611,46,196703
2264,0.000481,74.125.24.0-255,2902,38513,46,196703
2265,0.000484,172.31.46.0-255,66,38579,46,196703
2266,0.000568,74.125.24.0-255,2902,41481,46,196703
2267,0.000572,172.31.46.0-255,66,41547,46,196703
2268,0.000603,74.125.24.0-255,6797,48344,46,196703
2269,0.000607,172.31.46.0-255,66,48410,46,196703
2270,0.000727,74.125.24.0-255,1484,49894,46,196703
2271,0.000731,172.31.46.0-255,66,49960,46,196703
2272,0.00075,74.125.24.0-255,2902,52862,46,196703
2273,0.000753,172.31.46.0-255,66,52928,46,196703
2274,0.000777,74.125.24.0-255,1484,54412,46,196703
2275,0.000779,172.31.46.0-255,66,54478,46,196703
2276,0.000798,74.125.24.0-255,4320,58798,46,196703
2277,0.000809,172.31.46.0-255,66,58864,46,196703
2278,0.000873,74.125.24.0-255,5738,64602,46,196703
2279,0.000889,74.125.24.0-255,1125,65727,46,196703
2280,0.000898,172.31.46.0-255,66,65793,46,196703
2281,0.000979,74.125.24.0-255,2902,68695,46,196703
2282,0.000989,172.31.46.0-255,66,68761,46,196703
2283,0.000999,74.125.24.0-255,4320,73081,46,196703
2284,0.001003,172.31.46.0-255,66,73147,46,196703
2285,0.001084,74.125.24.0-255,4320,77467,46,196703
2286,0.001088,172.31.46.0-255,66,77533,46,196703
2287,0.001119,74.125.24.0-255,5959,83492,46,196703
2288,0.00113,172.31.46.0-255,66,83558,46,196703
2289,0.001249,74.125.24.0-255,4320,87878,46,196703
2290,0.001279,172.31.46.0-255,66,87944,46,196703
2291,0.001284,172.31.46.0-255,66,88010,46,196703
2292,0.001505,74.125.24.0-255,1484,89494,46,196703
2293,0.001531,74.125.24.0-255,2902,92396,46,196703
2294,0.001535,172.31.46.0-255,66,92462,46,196703
2295,0.001561,74.125.24.0-255,2902,95364,46,196703
2296,0.00158,74.125.24.0-255,2902,98266,46,196703
2297,0.001582,172.31.46.0-255,66,98332,46,196703
2298,0.001587,172.31.46.0-255,66,98398,46,196703
2299,0.001653,74.125.24.0-255,1484,99882,46,196703
2300,0.001692,172.31.46.0-255,66,99948,46,196703
2301,0.001849,172.31.46.0-255,66,100014,46,196703
2302,0.002031,74.125.24.0-255,5738,105752,46,196703
2303,0.002035,172.31.46.0-255,66,105818,46,196703
2304,0.002069,74.125.24.0-255,7156,112974,46,196703
2305,0.002072,172.31.46.0-255,66,113040,46,196703
2306,0.002225,74.125.24.0-255,7156,120196,46,196703
2307,0.00223,172.31.46.0-255,66,120262,46,196703
2308,0.002307,172.31.46.0-255,66,120328,46,196703
2309,0.002543,74.125.24.0-255,1484,121812,46,196703
2310,0.002566,74.125.24.0-255,2902,124714,46,196703
2311,0.00257,172.31.46.0-255,66,124780,46,196703
2312,0.002599,74.125.24.0-255,5738,130518,46,196703
2313,0.002602,172.31.46.0-255,66,130584,46,196703
2314,0.002698,74.125.24.0-255,1484,132068,46,196703
2315,0.002819,74.125.24.0-255,3602,135670,46,196703
2316,0.00298,74.125.24.0-255,1484,137154,46,196703
2317,0.003003,74.125.24.0-255,2902,140056,46,196703
2318,0.003006,74.125.24.0-255,1484,141540,46,196703
2319,0.003023,74.125.24.0-255,4320,145860,46,196703
2320,0.003247,74.125.24.0-255,5738,151598,46,196703
2321,0.003268,74.125.24.0-255,2902,154500,46,196703
2322,0.003349,74.125.24.0-255,2184,156684,46,196703
2323,0.003384,74.125.24.0-255,4320,161004,46,196703
2324,0.003431,74.125.24.0-255,5738,166742,46,196703
2325,0.003656,74.125.24.0-255,1484,168226,46,196703
2326,0.004147,74.125.24.0-255,6438,174664,46,196703
2327,0.004212,74.125.24.0-255,7156,181820,46,196703
2328,0.004431,74.125.24.0-255,4320,186140,46,196703
2329,0.004631,74.125.24.0-255,4320,190460,46,196703
2330,0.005198,74.125.24.0-255,2731,193191,46,196703
2331,0.007452,172.31.46.0-255,66,193257,46,196703
2332,0.00919,172.31.46.0-255,105,193362,46,196703
2333,0.011533,74.125.24.0-255,66,193428,46,196703
2334,0.035861,172.31.46.0-255,172,193600,46,196703
2335,0.035909,172.31.46.0-255,1119,194719,46,196703
2336,0.035975,172.31.46.0-255,1514,196233,46,196703
2337,0.035976,172.31.46.0-255,404,196637,46,196703
2338,0.038331,104.244.42.0-255,66,196703,46,196703
2339,0.0,74.125.24.0-255,146,146,46,236720
2340,2.5e-05,172.31.46.0-255,66,212,46,236720
2341,3.2e-05,74.125.24.0-255,1484,1696,46,236720
2342,3.7e-05,172.31.46.0-255,66,1762,46,236720
2343,5.1e-05,74.125.24.0-255,2902,4664,46,236720
2344,5.4e-05,172.31.46.0-255,66,4730,46,236720
2345,6.1e-05,74.125.24.0-255,4320,9050,46,236720
2346,6.3e-05,172.31.46.0-255,66,9116,46,236720
2347,6.9e-05,74.125.24.0-255,4906,14022,46,236720
2348,7.3e-05,172.31.46.0-255,66,14088,46,236720
2349,0.000136,74.125.24.0-255,1484,15572,46,236720
2350,0.000139,172.31.46.0-255,66,15638,46,236720
2351,0.000166,74.125.24.0-255,2902,18540,46,236720
2352,0.000169,172.31.46.0-255,66,18606,46,236720
2353,0.000175,74.125.24.0-255,5738,24344,46,236720
2354,0.000177,172.31.46.0-255,66,24410,46,236720
2355,0.000209,74.125.24.0-255,4320,28730,46,236720
2356,0.000212,172.31.46.0-255,66,28796,46,236720
2357,0.000234,74.125.24.0-255,2543,31339,46,236720
2358,0.000236,172.31.46.0-255,66,31405,46,236720
2359,0.000244,74.125.24.0-255,7156,38561,46,236720
2360,0.000246,172.31.46.0-255,66,38627,46,236720
2361,0.000282,74.125.24.0-255,7156,45783,46,236720
2362,0.000285,172.31.46.0-255,66,45849,46,236720
2363,0.000311,74.125.24.0-255,2543,48392,46,236720
2364,0.000314,172.31.46.0-255,66,48458,46,236720
2365,0.000398,74.125.24.0-255,1484,49942,46,236720
2366,0.000401,172.31.46.0-255,66,50008,46,236720
2367,0.000433,74.125.24.0-255,2902,52910,46,236720
2368,0.000436,172.31.46.0-255,66,52976,46,236720
2369,0.000442,74.125.24.0-255,5738,58714,46,236720
2370,0.000445,172.31.46.0-255,66,58780,46,236720
2371,0.000479,74.125.24.0-255,6797,65577,46,236720
2372,0.000482,172.31.46.0-255,66,65643,46,236720
2373,0.000521,74.125.24.0-255,1484,67127,46,236720
2374,0.000537,74.125.24.0-255,2902,70029,46,236720
2375,0.00054,172.31.46.0-255,66,70095,46,236720
2376,0.000543,74.125.24.0-255,1484,71579,46,236720
2377,0.000567,74.125.24.0-255,4320,75899,46,236720
2378,0.00057,172.31.46.0-255,66,75965,46,236720
2379,0.000574,74.125.24.0-255,2902,78867,46,236720
2380,0.000576,172.31.46.0-255,66,78933,46,236720
2381,0.000622,74.125.24.0-255,3961,82894,46,236720
2382,0.000625,172.31.46.0-255,66,82960,46,236720
2383,0.00069,74.125.24.0-255,1484,84444,46,236720
2384,0.000703,74.125.24.0-255,2902,87346,46,236720
2385,0.000705,172.31.46.0-255,66,87412,46,236720
2386,0.000736,74.125.24.0-255,2902,90314,46,236720
2387,0.00074,172.31.46.0-255,66,90380,46,236720
2388,0.000748,74.125.24.0-255,7156,97536,46,236720
2389,0.00075,172.31.46.0-255,66,97602,46,236720
2390,0.000788,172.31.46.0-255,66,97668,46,236720
2391,0.000799,172.31.46.0-255,66,97734,46,236720
2392,0.000821,74.125.24.0-255,2429,100163,46,236720
2393,0.000823,172.31.46.0-255,66,100229,46,236720
2394,0.000894,74.125.24.0-255,211,100440,46,236720
2395,0.000937,74.125.24.0-255,1484,101924,46,236720
2396,0.00094,172.31.46.0-255,66,101990,46,236720
2397,0.000947,74.125.24.0-255,4320,106310,46,236720
2398,0.00095,172.31.46.0-255,66,106376,46,236720
2399,0.000992,74.125.24.0-255,5738,112114,46,236720
2400,0.000995,172.31.46.0-255,66,112180,46,236720
2401,0.001017,74.125.24.0-255,2902,115082,46,236720
2402,0.001019,172.31.46.0-255,66,115148,46,236720
2403,0.001025,74.125.24.0-255,4320,119468,46,236720
2404,0.001027,172.31.46.0-255,66,119534,46,236720
2405,0.001042,172.31.46.0-255,66,119600,46,236720
2406,0.001045,74.125.24.0-255,766,120366,46,236720
2407,0.001447,74.125.24.0-255,1484,121850,46,236720
2408,0.001452,172.31.46.0-255,66,121916,46,236720
2409,0.001458,74.125.24.0-255,2902,124818,46,236720
2410,0.00146,172.31.46.0-255,66,124884,46,236720
2411,0.001465,74.125.24.0-255,2902,127786,46,236720
2412,0.001467,172.31.46.0-255,66,127852,46,236720
2413,0.001505,74.125.24.0-255,2902,130754,46,236720
2414,0.001508,172.31.46.0-255,66,130820,46,236720
2415,0.001514,74.125.24.0-255,4320,135140,46,236720
2416,0.001516,172.31.46.0-255,66,135206,46,236720
2417,0.001529,172.31.46.0-255,66,135272,46,236720
2418,0.00157,172.31.46.0-255,66,135338,46,236720
2419,0.001859,74.125.24.0-255,1484,136822,46,236720
2420,0.001889,74.125.24.0-255,2902,139724,46,236720
2421,0.001894,172.31.46.0-255,66,139790,46,236720
2422,0.0019,74.125.24.0-255,4320,144110,46,236720
2423,0.001902,172.31.46.0-255,66,144176,46,236720
2424,0.001943,172.31.46.0-255,66,144242,46,236720
2425,0.00195,74.125.24.0-255,5738,149980,46,236720
2426,0.001952,172.31.46.0-255,66,150046,46,236720
2427,0.002008,172.31.46.0-255,66,150112,46,236720
2428,0.002032,74.125.24.0-255,766,150878,46,236720
2429,0.00211,74.125.24.0-255,1484,152362,46,236720
2430,0.002116,172.31.46.0-255,66,152428,46,236720
2431,0.002134,74.125.24.0-255,2902,155330,46,236720
2432,0.002136,172.31.46.0-255,66,155396,46,236720
2433,0.002142,74.125.24.0-255,4320,159716,46,236720
2434,0.002144,172.31.46.0-255,66,159782,46,236720
2435,0.002192,172.31.46.0-255,66,159848,46,236720
2436,0.002232,172.31.46.0-255,66,159914,46,236720
2437,0.002242,74.125.24.0-255,1484,161398,46,236720
2438,0.002277,172.31.46.0-255,66,161464,46,236720
2439,0.002293,172.31.46.0-255,66,161530,46,236720
2440,0.002296,74.125.24.0-255,1484,163014,46,236720
2441,0.002346,172.31.46.0-255,66,163080,46,236720
2442,0.002349,74.125.24.0-255,766,163846,46,236720
2443,0.002371,74.125.24.0-255,1484,165330,46,236720
2444,0.002374,172.31.46.0-255,66,165396,46,236720
2445,0.002378,74.125.24.0-255,2902,168298,46,236720
2446,0.002382,172.31.46.0-255,66,168364,46,236720
2447,0.002405,74.125.24.0-255,1484,169848,46,236720
2448,0.002411,74.125.24.0-255,4320,174168,46,236720
2449,0.002414,172.31.46.0-255,66,174234,46,236720
2450,0.002419,74.125.24.0-255,4320,178554,46,236720
2451,0.002421,172.31.46.0-255,66,178620,46,236720
2452,0.002462,172.31.46.0-255,66,178686,46,236720
2453,0.002474,172.31.46.0-255,66,178752,46,236720
2454,0.002526,74.125.24.0-255,1484,180236,46,236720
2455,0.002531,74.125.24.0-255,2902,183138,46,236720
2456,0.002533,172.31.46.0-255,66,183204,46,236720
2457,0.002561,74.125.24.0-255,5738,188942,46,236720
2458,0.002564,172.31.46.0-255,66,189008,46,236720
2459,0.002599,172.31.46.0-255,66,189074,46,236720
2460,0.002619,74.125.24.0-255,1484,190558,46,236720
2461,0.002626,74.125.24.0-255,5738,196296,46,236720
2462,0.008002,172.31.46.0-255,66,196362,46,236720
2463,0.010658,74.125.24.0-255,5738,202100,46,236720
2464,0.010677,172.31.46.0-255,66,202166,46,236720
2465,0.013307,74.125.24.0-255,5738,207904,46,236720
2466,0.013324,172.31.46.0-255,66,207970,46,236720
2467,0.01595,74.125.24.0-255,5738,213708,46,236720
2468,0.015964,172.31.46.0-255,66,213774,46,236720
2469,0.01859,74.125.24.0-255,5738,219512,46,236720
2470,0.01861,172.31.46.0-255,66,219578,46,236720
2471,0.0212,74.125.24.0-255,5738,225316,46,236720
2472,0.021215,172.31.46.0-255,66,225382,46,236720
2473,0.023835,74.125.24.0-255,2062,227444,46,236720
2474,0.023852,172.31.46.0-255,66,227510,46,236720
2475,0.024325,172.31.46.0-255,105,227615,46,236720
2476,0.026889,74.125.24.0-255,66,227681,46,236720
2477,0.041893,172.31.46.0-255,172,227853,46,236720
2478,0.041934,172.31.46.0-255,1120,228973,46,236720
2479,0.042002,172.31.46.0-255,1514,230487,46,236720
2480,0.042004,172.31.46.0-255,1514,232001,46,236720
2481,0.04201,172.31.46.0-255,1514,233515,46,236720
2482,0.042011,172.31.46.0-255,1514,235029,46,236720
2483,0.042027,172.31.46.0-255,1493,236522,46,236720
2484,0.043412,104.244.42.0-255,66,236588,46,236720
2485,0.043439,104.244.42.0-255,66,236654,46,236720
2486,0.043573,104.244.42.0-255,66,236720,46,236720
2487,0.0,74.125.24.0-255,152,152,46,253903
2488,1.7e-05,172.31.46.0-255,66,218,46,253903
2489,2.3e-05,74.125.24.0-255,1484,1702,46,253903
2490,2.7e-05,172.31.46.0-255,66,1768,46,253903
2491,3.3e-05,74.125.24.0-255,2902,4670,46,253903
2492,4.3e-05,172.31.46.0-255,66,4736,46,253903
2493,5e-05,74.125.24.0-255,5738,10474,46,253903
2494,5.3e-05,172.31.46.0-255,66,10540,46,253903
2495,6e-05,74.125.24.0-255,6382,16922,46,253903
2496,6.3e-05,172.31.46.0-255,66,16988,46,253903
2497,8.8e-05,74.125.24.0-255,4320,21308,46,253903
2498,9.1e-05,172.31.46.0-255,66,21374,46,253903
2499,0.000121,74.125.24.0-255,7156,28530,46,253903
2500,0.000124,172.31.46.0-255,66,28596,46,253903
2501,0.000128,74.125.24.0-255,2543,31139,46,253903
2502,0.00013,172.31.46.0-255,66,31205,46,253903
2503,0.000217,74.125.24.0-255,1484,32689,46,253903
2504,0.000221,172.31.46.0-255,66,32755,46,253903
2505,0.000225,74.125.24.0-255,1484,34239,46,253903
2506,0.000227,172.31.46.0-255,66,34305,46,253903
2507,0.000247,74.125.24.0-255,1484,35789,46,253903
2508,0.000249,172.31.46.0-255,66,35855,46,253903
2509,0.00026,74.125.24.0-255,5738,41593,46,253903
2510,0.000263,172.31.46.0-255,66,41659,46,253903
2511,0.000267,74.125.24.0-255,2902,44561,46,253903
2512,0.000269,172.31.46.0-255,66,44627,46,253903
2513,0.000313,172.31.46.0-255,66,44693,46,253903
2514,0.000324,172.31.46.0-255,66,44759,46,253903
2515,0.000327,74.125.24.0-255,1433,46192,46,253903
2516,0.000329,172.31.46.0-255,66,46258,46,253903
2517,0.000733,74.125.24.0-255,111,46369,46,253903
2518,0.000839,74.125.24.0-255,1484,47853,46,253903
2519,0.000844,172.31.46.0-255,66,47919,46,253903
2520,0.000851,74.125.24.0-255,2902,50821,46,253903
2521,0.000853,172.31.46.0-255,66,50887,46,253903
2522,0.000861,74.125.24.0-255,1484,52371,46,253903
2523,0.000881,74.125.24.0-255,4320,56691,46,253903
2524,0.000883,172.31.46.0-255,66,56757,46,253903
2525,0.000904,74.125.24.0-255,5738,62495,46,253903
2526,0.000908,172.31.46.0-255,66,62561,46,253903
2527,0.00093,74.125.24.0-255,6797,69358,46,253903
2528,0.000934,172.31.46.0-255,66,69424,46,253903
2529,0.000937,74.125.24.0-255,1484,70908,46,253903
2530,0.000977,172.31.46.0-255,66,70974,46,253903
2531,0.001183,74.125.24.0-255,1484,72458,46,253903
2532,0.001199,74.125.24.0-255,2902,75360,46,253903
2533,0.001217,172.31.46.0-255,66,75426,46,253903
2534,0.001225,74.125.24.0-255,5738,81164,46,253903
2535,0.001227,172.31.46.0-255,66,81230,46,253903
2536,0.001269,172.31.46.0-255,66,81296,46,253903
2537,0.001296,74.125.24.0-255,4320,85616,46,253903
2538,0.001299,172.31.46.0-255,66,85682,46,253903
2539,0.001312,172.31.46.0-255,66,85748,46,253903
2540,0.001334,74.125.24.0-255,766,86514,46,253903
2541,0.001359,74.125.24.0-255,1484,87998,46,253903
2542,0.001361,172.31.46.0-255,66,88064,46,253903
2543,0.001366,74.125.24.0-255,2902,90966,46,253903
2544,0.001368,172.31.46.0-255,66,91032,46,253903
2545,0.001375,74.125.24.0-255,5738,96770,46,253903
2546,0.001377,172.31.46.0-255,66,96836,46,253903
2547,0.001403,74.125.24.0-255,7156,103992,46,253903
2548,0.001405,172.31.46.0-255,66,104058,46,253903
2549,0.001436,74.125.24.0-255,5738,109796,46,253903
2550,0.001438,172.31.46.0-255,66,109862,46,253903
2551,0.001444,74.125.24.0-255,5738,115600,46,253903
2552,0.001447,172.31.46.0-255,66,115666,46,253903
2553,0.001505,74.125.24.0-255,5286,120952,46,253903
2554,0.001508,172.31.46.0-255,66,121018,46,253903
2555,0.001979,74.125.24.0-255,1484,122502,46,253903
2556,0.001987,74.125.24.0-255,2902,125404,46,253903
2557,0.001992,172.31.46.0-255,66,125470,46,253903
2558,0.001999,74.125.24.0-255,4320,129790,46,253903
2559,0.002001,172.31.46.0-255,66,129856,46,253903
2560,0.002028,74.125.24.0-255,1484,131340,46,253903
2561,0.002036,74.125.24.0-255,7156,138496,46,253903
2562,0.002039,172.31.46.0-255,66,138562,46,253903
2563,0.002073,172.31.46.0-255,66,138628,46,253903
2564,0.002098,74.125.24.0-255,1484,140112,46,253903
2565,0.002102,74.125.24.0-255,2184,142296,46,253903
2566,0.002104,172.31.46.0-255,66,142362,46,253903
2567,0.00223,74.125.24.0-255,1484,143846,46,253903
2568,0.002237,74.125.24.0-255,2902,146748,46,253903
2569,0.002241,172.31.46.0-255,66,146814,46,253903
2570,0.002281,74.125.24.0-255,5738,152552,46,253903
2571,0.002284,172.31.46.0-255,66,152618,46,253903
2572,0.002299,172.31.46.0-255,66,152684,46,253903
2573,0.002356,74.125.24.0-255,2902,155586,46,253903
2574,0.002359,172.31.46.0-255,66,155652,46,253903
2575,0.002398,172.31.46.0-255,66,155718,46,253903
2576,0.002754,74.125.24.0-255,1484,157202,46,253903
2577,0.002758,74.125.24.0-255,2902,160104,46,253903
2578,0.002762,172.31.46.0-255,66,160170,46,253903
2579,0.002793,74.125.24.0-255,4320,164490,46,253903
2580,0.002796,172.31.46.0-255,66,164556,46,253903
2581,0.002798,74.125.24.0-255,1484,166040,46,253903
2582,0.002828,74.125.24.0-255,7156,173196,46,253903
2583,0.002831,172.31.46.0-255,66,173262,46,253903
2584,0.002837,74.125.24.0-255,4320,177582,46,253903
2585,0.002839,172.31.46.0-255,66,177648,46,253903
2586,0.002842,74.125.24.0-255,1484,179132,46,253903
2587,0.002883,74.125.24.0-255,7156,186288,46,253903
2588,0.002885,172.31.46.0-255,66,186354,46,253903
2589,0.00289,74.125.24.0-255,3602,189956,46,253903
2590,0.002892,172.31.46.0-255,66,190022,46,253903
2591,0.002963,74.125.24.0-255,1484,191506,46,253903
2592,0.002976,74.125.24.0-255,2902,194408,46,253903
2593,0.002978,172.31.46.0-255,66,194474,46,253903
2594,0.003007,74.125.24.0-255,5738,200212,46,253903
2595,0.00301,172.31.46.0-255,66,200278,46,253903
2596,0.003014,74.125.24.0-255,2902,203180,46,253903
2597,0.003016,172.31.46.0-255,66,203246,46,253903
2598,0.003052,172.31.46.0-255,66,203312,46,253903
2599,0.003064,172.31.46.0-255,66,203378,46,253903
2600,0.003127,74.125.24.0-255,1484,204862,46,253903
2601,0.003142,74.125.24.0-255,2902,207764,46,253903
2602,0.003145,172.31.46.0-255,66,207830,46,253903
2603,0.003168,74.125.24.0-255,5738,213568,46,253903
2604,0.003171,172.31.46.0-255,66,213634,46,253903
2605,0.003177,74.125.24.0-255,5738,219372,46,253903
2606,0.003204,74.125.24.0-255,7156,226528,46,253903
2607,0.003248,74.125.24.0-255,1484,228012,46,253903
2608,0.003266,74.125.24.0-255,2902,230914,46,253903
2609,0.003283,74.125.24.0-255,5738,236652,46,253903
2610,0.003339,74.125.24.0-255,1484,238136,46,253903
2611,0.003342,74.125.24.0-255,97,238233,46,253903
2612,0.003345,172.31.46.0-255,78,238311,46,253903
2613,0.003348,74.125.24.0-255,1484,239795,46,253903
2614,0.00335,172.31.46.0-255,78,239873,46,253903
2615,0.003427,74.125.24.0-255,105,239978,46,253903
2616,0.008193,172.31.46.0-255,66,240044,46,253903
2617,0.009977,74.125.24.0-255,4320,244364,46,253903
2618,0.009985,172.31.46.0-255,78,244442,46,253903
2619,0.010025,172.31.46.0-255,78,244520,46,253903
2620,0.011221,172.31.46.0-255,105,244625,46,253903
2621,0.013721,74.125.24.0-255,66,244691,46,253903
2622,0.035576,172.31.46.0-255,172,244863,46,253903
2623,0.035622,172.31.46.0-255,1119,245982,46,253903
2624,0.035696,172.31.46.0-255,1514,247496,46,253903
2625,0.035698,172.31.46.0-255,1514,249010,46,253903
2626,0.0357,172.31.46.0-255,1514,250524,46,253903
2627,0.035701,172.31.46.0-255,1514,252038,46,253903
2628,0.035727,172.31.46.0-255,1493,253531,46,253903
2629,0.037155,104.244.42.0-255,66,253597,46,253903
2630,0.037188,104.244.42.0-255,66,253663,46,253903
2631,0.037291,104.244.42.0-255,66,253729,46,253903
2632,0.038214,104.244.42.0-255,108,253837,46,253903
2633,0.038224,172.31.46.0-255,66,253903,46,253903
2634,0.0,74.125.68.0-255,143,143,46,361705
2635,2.6e-05,172.31.46.0-255,66,209,46,361705
2636,3.3e-05,74.125.68.0-255,1484,1693,46,361705
2637,3.8e-05,172.31.46.0-255,66,1759,46,361705
2638,4.5e-05,74.125.68.0-255,2902,4661,46,361705
2639,4.9e-05,172.31.46.0-255,66,4727,46,361705
2640,5.3e-05,74.125.68.0-255,1484,6211,46,361705
2641,5.5e-05,172.31.46.0-255,66,6277,46,361705
2642,7.6e-05,74.125.68.0-255,4320,10597,46,361705
2643,8e-05,172.31.46.0-255,66,10663,46,361705
2644,9.3e-05,74.125.68.0-255,1484,12147,46,361705
2645,9.5e-05,172.31.46.0-255,66,12213,46,361705
2646,0.000112,74.125.68.0-255,2030,14243,46,361705
2647,0.000115,172.31.46.0-255,66,14309,46,361705
2648,0.000128,74.125.68.0-255,1484,15793,46,361705
2649,0.000131,172.31.46.0-255,66,15859,46,361705
2650,0.000154,74.125.68.0-255,2902,18761,46,361705
2651,0.000157,172.31.46.0-255,66,18827,46,361705
2652,0.000176,74.125.68.0-255,4320,23147,46,361705
2653,0.000178,172.31.46.0-255,66,23213,46,361705
2654,0.000191,74.125.68.0-255,2902,26115,46,361705
2655,0.000193,172.31.46.0-255,66,26181,46,361705
2656,0.000211,74.125.68.0-255,2902,29083,46,361705
2657,0.000214,172.31.46.0-255,66,29149,46,361705
2658,0.000218,74.125.68.0-255,2543,31692,46,361705
2659,0.00022,172.31.46.0-255,66,31758,46,361705
2660,0.000568,74.125.68.0-255,1484,33242,46,361705
2661,0.000575,172.31.46.0-255,66,33308,46,361705
2662,0.000581,74.125.68.0-255,2902,36210,46,361705
2663,0.000584,172.31.46.0-255,66,36276,46,361705
2664,0.000589,74.125.68.0-255,2902,39178,46,361705
2665,0.000591,172.31.46.0-255,66,39244,46,361705
2666,0.000611,74.125.68.0-255,1484,40728,46,361705
2667,0.000641,74.125.68.0-255,5738,46466,46,361705
2668,0.000645,172.31.46.0-255,66,46532,46,361705
2669,0.000665,74.125.68.0-255,2543,49075,46,361705
2670,0.000669,172.31.46.0-255,66,49141,46,361705
2671,0.000681,74.125.68.0-255,1484,50625,46,361705
2672,0.000703,74.125.68.0-255,5738,56363,46,361705
2673,0.000707,172.31.46.0-255,66,56429,46,361705
2674,0.000729,74.125.68.0-255,5738,62167,46,361705
2675,0.000731,172.31.46.0-255,66,62233,46,361705
2676,0.000744,74.125.68.0-255,2902,65135,46,361705
2677,0.000746,172.31.46.0-255,66,65201,46,361705
2678,0.000786,74.125.68.0-255,1436,66637,46,361705
2679,0.000815,74.125.68.0-255,344,66981,46,361705
2680,0.000818,172.31.46.0-255,66,67047,46,361705
2681,0.000957,74.125.68.0-255,1484,68531,46,361705
2682,0.000975,74.125.68.0-255,2902,71433,46,361705
2683,0.000979,172.31.46.0-255,66,71499,46,361705
2684,0.000982,74.125.68.0-255,1484,72983,46,361705
2685,0.001008,74.125.68.0-255,2902,75885,46,361705
2686,0.001011,172.31.46.0-255,66,75951,46,361705
2687,0.001025,74.125.68.0-255,1484,77435,46,361705
2688,0.001043,74.125.68.0-255,4320,81755,46,361705
2689,0.001045,172.31.46.0-255,66,81821,46,361705
2690,0.001049,74.125.68.0-255,1484,83305,46,361705
2691,0.001106,172.31.46.0-255,66,83371,46,361705
2692,0.001128,74.125.68.0-255,4320,87691,46,361705
2693,0.001131,172.31.46.0-255,66,87757,46,361705
2694,0.001156,74.125.68.0-255,4320,92077,46,361705
2695,0.001158,172.31.46.0-255,66,92143,46,361705
2696,0.001161,74.125.68.0-255,1125,93268,46,361705
2697,0.001566,172.31.46.0-255,66,93334,46,361705
2698,0.001898,74.125.68.0-255,1484,94818,46,361705
2699,0.001909,74.125.68.0-255,1484,96302,46,361705
2700,0.001913,172.31.46.0-255,66,96368,46,361705
2701,0.00192,74.125.68.0-255,2902,99270,46,361705
2702,0.001922,172.31.46.0-255,66,99336,46,361705
2703,0.001953,74.125.68.0-255,5738,105074,46,361705
2704,0.001956,172.31.46.0-255,66,105140,46,361705
2705,0.001962,74.125.68.0-255,4320,109460,46,361705
2706,0.001964,172.31.46.0-255,66,109526,46,361705
2707,0.001992,74.125.68.0-255,4320,113846,46,361705
2708,0.001994,172.31.46.0-255,66,113912,46,361705
2709,0.002019,74.125.68.0-255,1484,115396,46,361705
2710,0.002033,172.31.46.0-255,66,115462,46,361705
2711,0.002036,74.125.68.0-255,766,116228,46,361705
2712,0.002206,74.125.68.0-255,1484,117712,46,361705
2713,0.002212,172.31.46.0-255,66,117778,46,361705
2714,0.002217,74.125.68.0-255,1484,119262,46,361705
2715,0.002232,74.125.68.0-255,1484,120746,46,361705
2716,0.002234,172.31.46.0-255,66,120812,46,361705
2717,0.002242,74.125.68.0-255,5738,126550,46,361705
2718,0.002244,172.31.46.0-255,66,126616,46,361705
2719,0.002272,74.125.68.0-255,7156,133772,46,361705
2720,0.002275,172.31.46.0-255,66,133838,46,361705
2721,0.002302,172.31.46.0-255,66,133904,46,361705
2722,0.002308,74.125.68.0-255,4320,138224,46,361705
2723,0.00231,172.31.46.0-255,66,138290,46,361705
2724,0.002334,74.125.68.0-255,3602,141892,46,361705
2725,0.002336,172.31.46.0-255,66,141958,46,361705
2726,0.002341,74.125.68.0-255,2902,144860,46,361705
2727,0.002343,172.31.46.0-255,66,144926,46,361705
2728,0.002358,74.125.68.0-255,5738,150664,46,361705
2729,0.002362,172.31.46.0-255,66,150730,46,361705
2730,0.002366,74.125.68.0-255,2902,153632,46,361705
2731,0.002369,172.31.46.0-255,66,153698,46,361705
2732,0.00239,74.125.68.0-255,2902,156600,46,361705
2733,0.002393,172.31.46.0-255,66,156666,46,361705
2734,0.0024,74.125.68.0-255,7156,163822,46,361705
2735,0.002403,172.31.46.0-255,66,163888,46,361705
2736,0.002408,74.125.68.0-255,4320,168208,46,361705
2737,0.00241,172.31.46.0-255,66,168274,46,361705
2738,0.00244,74.125.68.0-255,7156,175430,46,361705
2739,0.002443,172.31.46.0-255,66,175496,46,361705
2740,0.002447,74.125.68.0-255,766,176262,46,361705
2741,0.002636,74.125.68.0-255,1484,177746,46,361705
2742,0.002644,172.31.46.0-255,66,177812,46,361705
2743,0.002659,74.125.68.0-255,1484,179296,46,361705
2744,0.002673,74.125.68.0-255,1484,180780,46,361705
2745,0.002676,172.31.46.0-255,66,180846,46,361705
2746,0.00269,74.125.68.0-255,2902,183748,46,361705
2747,0.002693,172.31.46.0-255,66,183814,46,361705
2748,0.002719,74.125.68.0-255,4320,188134,46,361705
2749,0.002722,172.31.46.0-255,66,188200,46,361705
2750,0.002726,74.125.68.0-255,1484,189684,46,361705
2751,0.002729,74.125.68.0-255,1484,191168,46,361705
2752,0.002731,172.31.46.0-255,66,191234,46,361705
2753,0.002764,74.125.68.0-255,1484,192718,46,361705
2754,0.002781,74.125.68.0-255,1484,194202,46,361705
2755,0.002784,172.31.46.0-255,66,194268,46,361705
2756,0.002798,74.125.68.0-255,1484,195752,46,361705
2757,0.002811,74.125.68.0-255,2902,198654,46,361705
2758,0.002814,172.31.46.0-255,66,198720,46,361705
2759,0.002817,74.125.68.0-255,1484,200204,46,361705
2760,0.002829,74.125.68.0-255,1484,201688,46,361705
2761,0.002832,172.31.46.0-255,66,201754,46,361705
2762,0.002851,74.125.68.0-255,1484,203238,46,361705
2763,0.002877,74.125.68.0-255,5738,208976,46,361705
2764,0.002881,172.31.46.0-255,66,209042,46,361705
2765,0.002924,74.125.68.0-255,2184,211226,46,361705
2766,0.002927,172.31.46.0-255,66,211292,46,361705
2767,0.003405,74.125.68.0-255,1484,212776,46,361705
2768,0.003423,74.125.68.0-255,1484,214260,46,361705
2769,0.003425,172.31.46.0-255,66,214326,46,361705
2770,0.003439,74.125.68.0-255,2902,217228,46,361705
2771,0.003442,172.31.46.0-255,66,217294,46,361705
2772,0.003467,74.125.68.0-255,2902,220196,46,361705
2773,0.00347,172.31.46.0-255,66,220262,46,361705
2774,0.003494,74.125.68.0-255,2902,223164,46,361705
2775,0.003496,172.31.46.0-255,66,223230,46,361705
2776,0.003515,74.125.68.0-255,1484,224714,46,361705
2777,0.003541,74.125.68.0-255,5738,230452,46,361705
2778,0.003543,172.31.46.0-255,66,230518,46,361705
2779,0.003546,74.125.68.0-255,1484,232002,46,361705
2780,0.003563,74.125.68.0-255,4320,236322,46,361705
2781,0.003565,172.31.46.0-255,66,236388,46,361705
2782,0.003571,74.125.68.0-255,4320,240708,46,361705
2783,0.003573,172.31.46.0-255,66,240774,46,361705
2784,0.00359,74.125.68.0-255,1484,242258,46,361705
2785,0.003611,74.125.68.0-255,2902,245160,46,361705
2786,0.003614,172.31.46.0-255,66,245226,46,361705
2787,0.003617,74.125.68.0-255,766,245992,46,361705
2788,0.003652,74.125.68.0-255,1484,247476,46,361705
2789,0.003654,172.31.46.0-255,66,247542,46,361705
2790,0.003673,74.125.68.0-255,4320,251862,46,361705
2791,0.003675,172.31.46.0-255,66,251928,46,361705
2792,0.003679,74.125.68.0-255,1484,253412,46,361705
2793,0.003683,74.125.68.0-255,2902,256314,46,361705
2794,0.003685,172.31.46.0-255,66,256380,46,361705
2795,0.003724,74.125.68.0-255,2902,259282,46,361705
2796,0.003727,172.31.46.0-255,66,259348,46,361705
2797,0.003731,74.125.68.0-255,2902,262250,46,361705
2798,0.003733,172.31.46.0-255,66,262316,46,361705
2799,0.003745,74.125.68.0-255,1484,263800,46,361705
2800,0.003758,74.125.68.0-255,2902,266702,46,361705
2801,0.00376,172.31.46.0-255,66,266768,46,361705
2802,0.003778,74.125.68.0-255,1484,268252,46,361705
2803,0.003797,74.125.68.0-255,2902,271154,46,361705
2804,0.0038,172.31.46.0-255,66,271220,46,361705
2805,0.003811,74.125.68.0-255,1484,272704,46,361705
2806,0.003836,74.125.68.0-255,7156,279860,46,361705
2807,0.003839,172.31.46.0-255,66,279926,46,361705
2808,0.003841,74.125.68.0-255,766,280692,46,361705
2809,0.003956,74.125.68.0-255,1484,282176,46,361705
2810,0.003958,172.31.46.0-255,66,282242,46,361705
2811,0.003973,74.125.68.0-255,1484,283726,46,361705
2812,0.003985,74.125.68.0-255,1484,285210,46,361705
2813,0.003987,172.31.46.0-255,66,285276,46,361705
2814,0.004003,74.125.68.0-255,1484,286760,46,361705
2815,0.004041,74.125.68.0-255,5738,292498,46,361705
2816,0.004044,172.31.46.0-255,66,292564,46,361705
2817,0.004062,74.125.68.0-255,1484,294048,46,361705
2818,0.004066,74.125.68.0-255,2902,296950,46,361705
2819,0.004068,172.31.46.0-255,66,297016,46,361705
2820,0.00409,74.125.68.0-255,2902,299918,46,361705
2821,0.004093,172.31.46.0-255,66,299984,46,361705
2822,0.004096,74.125.68.0-255,1484,301468,46,361705
2823,0.004113,74.125.68.0-255,2902,304370,46,361705
2824,0.004115,172.31.46.0-255,66,304436,46,361705
2825,0.004134,74.125.68.0-255,4320,308756,46,361705
2826,0.004137,172.31.46.0-255,66,308822,46,361705
2827,0.004155,74.125.68.0-255,2902,311724,46,361705
2828,0.004157,172.31.46.0-255,66,311790,46,361705
2829,0.004188,74.125.68.0-255,3602,315392,46,361705
2830,0.004191,172.31.46.0-255,66,315458,46,361705
2831,0.004371,74.125.68.0-255,1484,316942,46,361705
2832,0.004382,74.125.68.0-255,1484,318426,46,361705
2833,0.004384,172.31.46.0-255,66,318492,46,361705
2834,0.004401,74.125.68.0-255,2902,321394,46,361705
2835,0.004403,172.31.46.0-255,66,321460,46,361705
2836,0.004415,74.125.68.0-255,1484,322944,46,361705
2837,0.004434,74.125.68.0-255,4320,327264,46,361705
2838,0.004437,172.31.46.0-255,66,327330,46,361705
2839,0.00444,74.125.68.0-255,1484,328814,46,361705
2840,0.004454,74.125.68.0-255,2902,331716,46,361705
2841,0.004456,172.31.46.0-255,66,331782,46,361705
2842,0.004476,74.125.68.0-255,1484,333266,46,361705
2843,0.004485,74.125.68.0-255,7156,340422,46,361705
2844,0.004487,172.31.46.0-255,66,340488,46,361705
2845,0.004493,74.125.68.0-255,4320,344808,46,361705
2846,0.004496,172.31.46.0-255,66,344874,46,361705
2847,0.004517,74.125.68.0-255,1484,346358,46,361705
2848,0.004555,74.125.68.0-255,3602,349960,46,361705
2849,0.004558,172.31.46.0-255,66,350026,46,361705
2850,0.004561,74.125.68.0-255,1484,351510,46,361705
2851,0.004569,74.125.68.0-255,7156,358666,46,361705
2852,0.004571,172.31.46.0-255,66,358732,46,361705
2853,0.004595,74.125.68.0-255,2565,361297,46,361705
2854,0.004597,172.31.46.0-255,66,361363,46,361705
2855,0.004661,74.125.68.0-255,105,361468,46,361705
2856,0.012698,172.31.46.0-255,66,361534,46,361705
2857,0.012747,172.31.46.0-255,105,361639,46,361705
2858,0.015291,74.125.68.0-255,66,361705,46,361705
2859,0.0,74.125.200.0-255,152,152,46,267240
2860,3.2e-05,172.31.46.0-255,66,218,46,267240
2861,3.8e-05,74.125.200.0-255,1484,1702,46,267240
2862,4.2e-05,172.31.46.0-255,66,1768,46,267240
2863,5.4e-05,74.125.200.0-255,2902,4670,46,267240
2864,5.7e-05,172.31.46.0-255,66,4736,46,267240
2865,6.2e-05,74.125.200.0-255,4320,9056,46,267240
2866,6.5e-05,172.31.46.0-255,66,9122,46,267240
2867,6.9e-05,74.125.200.0-255,2902,12024,46,267240
2868,7.2e-05,172.31.46.0-255,66,12090,46,267240
2869,0.000116,74.125.200.0-255,6300,18390,46,267240
2870,0.000121,172.31.46.0-255,66,18456,46,267240
2871,0.000127,74.125.200.0-255,4320,22776,46,267240
2872,0.000129,172.31.46.0-255,66,22842,46,267240
2873,0.000135,74.125.200.0-255,7156,29998,46,267240
2874,0.000139,172.31.46.0-255,66,30064,46,267240
2875,0.000151,74.125.200.0-255,1125,31189,46,267240
2876,0.000154,172.31.46.0-255,66,31255,46,267240
2877,0.00022,74.125.200.0-255,1484,32739,46,267240
2878,0.000223,172.31.46.0-255,66,32805,46,267240
2879,0.000252,74.125.200.0-255,2902,35707,46,267240
2880,0.000255,172.31.46.0-255,66,35773,46,267240
2881,0.000286,74.125.200.0-255,5738,41511,46,267240
2882,0.00029,172.31.46.0-255,66,41577,46,267240
2883,0.000296,74.125.200.0-255,5738,47315,46,267240
2884,0.000299,172.31.46.0-255,66,47381,46,267240
2885,0.000316,74.125.200.0-255,1125,48506,46,267240
2886,0.000319,172.31.46.0-255,66,48572,46,267240
2887,0.000329,74.125.200.0-255,2902,51474,46,267240
2888,0.000333,172.31.46.0-255,66,51540,46,267240
2889,0.00036,172.31.46.0-255,66,51606,46,267240
2890,0.000388,74.125.200.0-255,5724,57330,46,267240
2891,0.000391,172.31.46.0-255,66,57396,46,267240
2892,0.000488,74.125.200.0-255,1484,58880,46,267240
2893,0.000493,74.125.200.0-255,1484,60364,46,267240
2894,0.000496,172.31.46.0-255,66,60430,46,267240
2895,0.000525,74.125.200.0-255,1484,61914,46,267240
2896,0.000531,74.125.200.0-255,5738,67652,46,267240
2897,0.000534,172.31.46.0-255,66,67718,46,267240
2898,0.00054,74.125.200.0-255,5738,73456,46,267240
2899,0.000543,172.31.46.0-255,66,73522,46,267240
2900,0.000555,74.125.200.0-255,4320,77842,46,267240
2901,0.000558,172.31.46.0-255,66,77908,46,267240
2902,0.000579,74.125.200.0-255,2543,80451,46,267240
2903,0.000582,172.31.46.0-255,66,80517,46,267240
2904,0.000587,74.125.200.0-255,4320,84837,46,267240
2905,0.00059,172.31.46.0-255,66,84903,46,267240
2906,0.000624,74.125.200.0-255,6797,91700,46,267240
2907,0.000628,172.31.46.0-255,66,91766,46,267240
2908,0.000827,74.125.200.0-255,1484,93250,46,267240
2909,0.000832,74.125.200.0-255,1484,94734,46,267240
2910,0.000835,172.31.46.0-255,66,94800,46,267240
2911,0.000859,74.125.200.0-255,1484,96284,46,267240
2912,0.000865,74.125.200.0-255,5738,102022,46,267240
2913,0.000868,172.31.46.0-255,66,102088,46,267240
2914,0.000898,74.125.200.0-255,5738,107826,46,267240
2915,0.000901,172.31.46.0-255,66,107892,46,267240
2916,0.000929,74.125.200.0-255,7156,115048,46,267240
2917,0.000932,172.31.46.0-255,66,115114,46,267240
2918,0.000937,74.125.200.0-255,4320,119434,46,267240
2919,0.000939,172.31.46.0-255,66,119500,46,267240
2920,0.000941,74.125.200.0-255,1484,120984,46,267240
2921,0.000966,74.125.200.0-255,5020,126004,46,267240
2922,0.00097,172.31.46.0-255,66,126070,46,267240
2923,0.000979,74.125.200.0-255,2902,128972,46,267240
2924,0.000981,172.31.46.0-255,66,129038,46,267240
2925,0.001013,74.125.200.0-255,4320,133358,46,267240
2926,0.001016,172.31.46.0-255,66,133424,46,267240
2927,0.00102,74.125.200.0-255,2902,136326,46,267240
2928,0.001021,172.31.46.0-255,66,136392,46,267240
2929,0.001027,74.125.200.0-255,4320,140712,46,267240
2930,0.001029,172.31.46.0-255,66,140778,46,267240
2931,0.001039,172.31.46.0-255,66,140844,46,267240
2932,0.001067,172.31.46.0-255,66,140910,46,267240
2933,0.001092,74.125.200.0-255,766,141676,46,267240
2934,0.001154,74.125.200.0-255,1484,143160,46,267240
2935,0.001158,172.31.46.0-255,66,143226,46,267240
2936,0.001162,74.125.200.0-255,2902,146128,46,267240
2937,0.001164,172.31.46.0-255,66,146194,46,267240
2938,0.001187,74.125.200.0-255,5738,151932,46,267240
2939,0.001191,172.31.46.0-255,66,151998,46,267240
2940,0.001206,74.125.200.0-255,1484,153482,46,267240
2941,0.001238,74.125.200.0-255,2902,156384,46,267240
2942,0.001241,172.31.46.0-255,66,156450,46,267240
2943,0.001273,74.125.200.0-255,1484,157934,46,267240
2944,0.001277,74.125.200.0-255,2902,160836,46,267240
2945,0.00128,172.31.46.0-255,66,160902,46,267240
2946,0.001285,74.125.200.0-255,5738,166640,46,267240
2947,0.001287,172.31.46.0-255,66,166706,46,267240
2948,0.001313,74.125.200.0-255,5738,172444,46,267240
2949,0.001316,172.31.46.0-255,66,172510,46,267240
2950,0.00135,74.125.200.0-255,3602,176112,46,267240
2951,0.001353,172.31.46.0-255,66,176178,46,267240
2952,0.001482,74.125.200.0-255,1484,177662,46,267240
2953,0.001486,74.125.200.0-255,1484,179146,46,267240
2954,0.001489,172.31.46.0-255,66,179212,46,267240
2955,0.001515,74.125.200.0-255,2902,182114,46,267240
2956,0.001519,172.31.46.0-255,66,182180,46,267240
2957,0.001526,74.125.200.0-255,5738,187918,46,267240
2958,0.001528,172.31.46.0-255,66,187984,46,267240
2959,0.001564,74.125.200.0-255,7156,195140,46,267240
2960,0.001567,172.31.46.0-255,66,195206,46,267240
2961,0.001592,74.125.200.0-255,1484,196690,46,267240
2962,0.001605,172.31.46.0-255,66,196756,46,267240
2963,0.00161,74.125.200.0-255,3602,200358,46,267240
2964,0.001613,172.31.46.0-255,66,200424,46,267240
2965,0.001672,74.125.200.0-255,1484,201908,46,267240
2966,0.001688,74.125.200.0-255,2902,204810,46,267240
2967,0.001691,172.31.46.0-255,66,204876,46,267240
2968,0.001695,74.125.200.0-255,2902,207778,46,267240
2969,0.001697,172.31.46.0-255,66,207844,46,267240
2970,0.0017,74.125.200.0-255,1484,209328,46,267240
2971,0.001716,74.125.200.0-255,2902,212230,46,267240
2972,0.001719,172.31.46.0-255,66,212296,46,267240
2973,0.00174,172.31.46.0-255,66,212362,46,267240
2974,0.001743,74.125.200.0-255,1484,213846,46,267240
2975,0.001775,172.31.46.0-255,66,213912,46,267240
2976,0.001802,172.31.46.0-255,66,213978,46,267240
2977,0.001831,74.125.200.0-255,2184,216162,46,267240
2978,0.001835,172.31.46.0-255,66,216228,46,267240
2979,0.00184,74.125.200.0-255,4320,220548,46,267240
2980,0.001843,172.31.46.0-255,66,220614,46,267240
2981,0.00188,74.125.200.0-255,4320,224934,46,267240
2982,0.001884,172.31.46.0-255,66,225000,46,267240
2983,0.001929,172.31.46.0-255,66,225066,46,267240
2984,0.001934,74.125.200.0-255,5020,230086,46,267240
2985,0.001936,172.31.46.0-255,66,230152,46,267240
2986,0.001941,74.125.200.0-255,5738,235890,46,267240
2987,0.001944,172.31.46.0-255,66,235956,46,267240
2988,0.001956,172.31.46.0-255,66,236022,46,267240
2989,0.001969,172.31.46.0-255,66,236088,46,267240
2990,0.001974,74.125.200.0-255,3602,239690,46,267240
2991,0.001976,172.31.46.0-255,66,239756,46,267240
2992,0.002008,74.125.200.0-255,4320,244076,46,267240
2993,0.002012,172.31.46.0-255,66,244142,46,267240
2994,0.002015,74.125.200.0-255,1484,245626,46,267240
2995,0.002019,74.125.200.0-255,2902,248528,46,267240
2996,0.002021,172.31.46.0-255,66,248594,46,267240
2997,0.002025,74.125.200.0-255,2902,251496,46,267240
2998,0.002027,172.31.46.0-255,66,251562,46,267240
2999,0.00206,74.125.200.0-255,2902,254464,46,267240
3000,0.002063,172.31.46.0-255,66,254530,46,267240
3001,0.002078,172.31.46.0-255,66,254596,46,267240
3002,0.002126,172.31.46.0-255,66,254662,46,267240
3003,0.002131,74.125.200.0-255,5738,260400,46,267240
3004,0.002133,172.31.46.0-255,66,260466,46,267240
3005,0.002175,74.125.200.0-255,2785,263251,46,267240
3006,0.002182,172.31.46.0-255,66,263317,46,267240
3007,0.002187,74.125.200.0-255,105,263422,46,267240
3008,0.007107,172.31.46.0-255,66,263488,46,267240
3009,0.007154,172.31.46.0-255,105,263593,46,267240
3010,0.009707,74.125.200.0-255,66,263659,46,267240
3011,0.025319,172.31.46.0-255,172,263831,46,267240
3012,0.025347,172.31.46.0-255,1119,264950,46,267240
3013,0.025381,172.31.46.0-255,1514,266464,46,267240
3014,0.025382,172.31.46.0-255,404,266868,46,267240
3015,0.026798,104.244.42.0-255,66,266934,46,267240
3016,0.026972,104.244.42.0-255,66,267000,46,267240
3017,0.026986,104.244.42.0-255,66,267066,46,267240
3018,0.027603,104.244.42.0-255,108,267174,46,267240
3019,0.027621,172.31.46.0-255,66,267240,46,267240
3020,0.0,74.125.24.0-255,153,153,46,228626
3021,1.6e-05,172.31.46.0-255,66,219,46,228626
3022,2.2e-05,74.125.24.0-255,1484,1703,46,228626
3023,2.6e-05,172.31.46.0-255,66,1769,46,228626
3024,3.1e-05,74.125.24.0-255,2902,4671,46,228626
3025,3.4e-05,172.31.46.0-255,66,4737,46,228626
3026,5.4e-05,74.125.24.0-255,4320,9057,46,228626
3027,5.7e-05,172.31.46.0-255,66,9123,46,228626
3028,8.1e-05,74.125.24.0-255,2902,12025,46,228626
3029,8.3e-05,172.31.46.0-255,66,12091,46,228626
3030,8.9e-05,74.125.24.0-255,4927,17018,46,228626
3031,9.1e-05,172.31.46.0-255,66,17084,46,228626
3032,0.000109,74.125.24.0-255,7156,24240,46,228626
3033,0.000112,172.31.46.0-255,66,24306,46,228626
3034,0.000136,74.125.24.0-255,6797,31103,46,228626
3035,0.000138,172.31.46.0-255,66,31169,46,228626
3036,0.000551,74.125.24.0-255,1484,32653,46,228626
3037,0.000556,172.31.46.0-255,66,32719,46,228626
3038,0.000562,74.125.24.0-255,2902,35621,46,228626
3039,0.000564,172.31.46.0-255,66,35687,46,228626
3040,0.00057,74.125.24.0-255,5738,41425,46,228626
3041,0.000572,172.31.46.0-255,66,41491,46,228626
3042,0.000603,74.125.24.0-255,4320,45811,46,228626
3043,0.000605,172.31.46.0-255,66,45877,46,228626
3044,0.000634,172.31.46.0-255,66,45943,46,228626
3045,0.000645,172.31.46.0-255,66,46009,46,228626
3046,0.000822,74.125.24.0-255,109,46118,46,228626
3047,0.000827,172.31.46.0-255,66,46184,46,228626
3048,0.001064,74.125.24.0-255,1484,47668,46,228626
3049,0.001069,172.31.46.0-255,66,47734,46,228626
3050,0.001078,74.125.24.0-255,2902,50636,46,228626
3051,0.00108,172.31.46.0-255,66,50702,46,228626
3052,0.001098,74.125.24.0-255,2902,53604,46,228626
3053,0.001099,172.31.46.0-255,66,53670,46,228626
3054,0.001113,74.125.24.0-255,2902,56572,46,228626
3055,0.001116,172.31.46.0-255,66,56638,46,228626
3056,0.001136,74.125.24.0-255,5738,62376,46,228626
3057,0.001138,172.31.46.0-255,66,62442,46,228626
3058,0.001167,74.125.24.0-255,7156,69598,46,228626
3059,0.001171,172.31.46.0-255,66,69664,46,228626
3060,0.001184,74.125.24.0-255,1484,71148,46,228626
3061,0.001206,172.31.46.0-255,66,71214,46,228626
3062,0.00124,172.31.46.0-255,66,71280,46,228626
3063,0.001246,74.125.24.0-255,5063,76343,46,228626
3064,0.001248,172.31.46.0-255,66,76409,46,228626
3065,0.00288,74.125.24.0-255,1484,77893,46,228626
3066,0.002889,74.125.24.0-255,2902,80795,46,228626
3067,0.002894,172.31.46.0-255,66,80861,46,228626
3068,0.0029,74.125.24.0-255,4320,85181,46,228626
3069,0.002904,172.31.46.0-255,66,85247,46,228626
3070,0.002917,74.125.24.0-255,1484,86731,46,228626
3071,0.00292,74.125.24.0-255,1484,88215,46,228626
3072,0.002922,172.31.46.0-255,66,88281,46,228626
3073,0.002928,74.125.24.0-255,4320,92601,46,228626
3074,0.002931,172.31.46.0-255,66,92667,46,228626
3075,0.002952,74.125.24.0-255,4320,96987,46,228626
3076,0.002954,172.31.46.0-255,66,97053,46,228626
3077,0.002957,74.125.24.0-255,1484,98537,46,228626
3078,0.002976,74.125.24.0-255,5738,104275,46,228626
3079,0.002979,172.31.46.0-255,66,104341,46,228626
3080,0.003,74.125.24.0-255,1484,105825,46,228626
3081,0.003013,74.125.24.0-255,5020,110845,46,228626
3082,0.003015,172.31.46.0-255,66,110911,46,228626
3083,0.004306,74.125.24.0-255,1484,112395,46,228626
3084,0.00432,74.125.24.0-255,2902,115297,46,228626
3085,0.004323,172.31.46.0-255,66,115363,46,228626
3086,0.004335,74.125.24.0-255,1484,116847,46,228626
3087,0.004351,74.125.24.0-255,4320,121167,46,228626
3088,0.004353,172.31.46.0-255,66,121233,46,228626
3089,0.004364,74.125.24.0-255,1484,122717,46,228626
3090,0.004383,74.125.24.0-255,7156,129873,46,228626
3091,0.004385,172.31.46.0-255,66,129939,46,228626
3092,0.004403,74.125.24.0-255,2902,132841,46,228626
3093,0.004406,172.31.46.0-255,66,132907,46,228626
3094,0.004434,74.125.24.0-255,5738,138645,46,228626
3095,0.004436,172.31.46.0-255,66,138711,46,228626
3096,0.004473,172.31.46.0-255,66,138777,46,228626
3097,0.004477,74.125.24.0-255,2902,141679,46,228626
3098,0.004479,172.31.46.0-255,66,141745,46,228626
3099,0.004506,172.31.46.0-255,66,141811,46,228626
3100,0.004522,74.125.24.0-255,1484,143295,46,228626
3101,0.004532,172.31.46.0-255,66,143361,46,228626
3102,0.004534,74.125.24.0-255,766,144127,46,228626
3103,0.004961,74.125.24.0-255,1484,145611,46,228626
3104,0.004963,172.31.46.0-255,66,145677,46,228626
3105,0.004966,74.125.24.0-255,1484,147161,46,228626
3106,0.004982,74.125.24.0-255,1484,148645,46,228626
3107,0.004984,172.31.46.0-255,66,148711,46,228626
3108,0.00499,74.125.24.0-255,5738,154449,46,228626
3109,0.004992,172.31.46.0-255,66,154515,46,228626
3110,0.00502,74.125.24.0-255,2902,157417,46,228626
3111,0.005022,172.31.46.0-255,66,157483,46,228626
3112,0.005047,172.31.46.0-255,66,157549,46,228626
3113,0.005068,74.125.24.0-255,2902,160451,46,228626
3114,0.00507,172.31.46.0-255,66,160517,46,228626
3115,0.005098,172.31.46.0-255,66,160583,46,228626
3116,0.005848,74.125.24.0-255,1484,162067,46,228626
3117,0.005854,74.125.24.0-255,2902,164969,46,228626
3118,0.005858,172.31.46.0-255,66,165035,46,228626
3119,0.005895,74.125.24.0-255,2902,167937,46,228626
3120,0.005896,172.31.46.0-255,66,168003,46,228626
3121,0.005924,74.125.24.0-255,2902,170905,46,228626
3122,0.005926,172.31.46.0-255,66,170971,46,228626
3123,0.005931,74.125.24.0-255,4320,175291,46,228626
3124,0.005933,172.31.46.0-255,66,175357,46,228626
3125,0.005944,172.31.46.0-255,66,175423,46,228626
3126,0.005952,172.31.46.0-255,66,175489,46,228626
3127,0.005973,172.31.46.0-255,66,175555,46,228626
3128,0.006008,172.31.46.0-255,66,175621,46,228626
3129,0.006037,74.125.24.0-255,1484,177105,46,228626
3130,0.00607,172.31.46.0-255,66,177171,46,228626
3131,0.006086,74.125.24.0-255,4320,181491,46,228626
3132,0.006088,172.31.46.0-255,66,181557,46,228626
3133,0.006123,172.31.46.0-255,66,181623,46,228626
3134,0.006126,74.125.24.0-255,1484,183107,46,228626
3135,0.006143,74.125.24.0-255,4320,187427,46,228626
3136,0.006146,172.31.46.0-255,66,187493,46,228626
3137,0.006177,172.31.46.0-255,66,187559,46,228626
3138,0.006183,74.125.24.0-255,6438,193997,46,228626
3139,0.006185,172.31.46.0-255,66,194063,46,228626
3140,0.006191,74.125.24.0-255,5738,199801,46,228626
3141,0.006193,172.31.46.0-255,66,199867,46,228626
3142,0.006217,74.125.24.0-255,1484,201351,46,228626
3143,0.006224,74.125.24.0-255,5738,207089,46,228626
3144,0.006227,172.31.46.0-255,66,207155,46,228626
3145,0.006246,74.125.24.0-255,2902,210057,46,228626
3146,0.00625,172.31.46.0-255,66,210123,46,228626
3147,0.00628,74.125.24.0-255,2902,213025,46,228626
3148,0.006284,172.31.46.0-255,66,213091,46,228626
3149,0.006307,74.125.24.0-255,6155,219246,46,228626
3150,0.00631,74.125.24.0-255,105,219351,46,228626
3151,0.006328,172.31.46.0-255,66,219417,46,228626
3152,0.008164,172.31.46.0-255,105,219522,46,228626
3153,0.010658,74.125.24.0-255,66,219588,46,228626
3154,0.037395,172.31.46.0-255,172,219760,46,228626
3155,0.03743,172.31.46.0-255,1119,220879,46,228626
3156,0.037495,172.31.46.0-255,1514,222393,46,228626
3157,0.037497,172.31.46.0-255,1514,223907,46,228626
3158,0.037502,172.31.46.0-255,1514,225421,46,228626
3159,0.037503,172.31.46.0-255,1514,226935,46,228626
3160,0.037519,172.31.46.0-255,1493,228428,46,228626
3161,0.03897,104.244.42.0-255,66,228494,46,228626
3162,0.039011,104.244.42.0-255,66,228560,46,228626
3163,0.039057,104.244.42.0-255,66,228626,46,228626
3164,0.0,74.125.24.0-255,148,148,46,167344
3165,1.8e-05,172.31.46.0-255,66,214,46,167344
3166,4.7e-05,74.125.24.0-255,1484,1698,46,167344
3167,5.1e-05,172.31.46.0-255,66,1764,46,167344
3168,5.6e-05,74.125.24.0-255,2902,4666,46,167344
3169,5.9e-05,172.31.46.0-255,66,4732,46,167344
3170,6.6e-05,74.125.24.0-255,5738,10470,46,167344
3171,7e-05,172.31.46.0-255,66,10536,46,167344
3172,7.4e-05,74.125.24.0-255,3547,14083,46,167344
3173,7.7e-05,172.31.46.0-255,66,14149,46,167344
3174,0.000713,74.125.24.0-255,1484,15633,46,167344
3175,0.00072,172.31.46.0-255,66,15699,46,167344
3176,0.000729,74.125.24.0-255,2902,18601,46,167344
3177,0.000732,172.31.46.0-255,66,18667,46,167344
3178,0.000739,74.125.24.0-255,5738,24405,46,167344
3179,0.000741,172.31.46.0-255,66,24471,46,167344
3180,0.000762,74.125.24.0-255,1484,25955,46,167344
3181,0.000764,172.31.46.0-255,66,26021,46,167344
3182,0.000793,172.31.46.0-255,66,26087,46,167344
3183,0.000798,74.125.24.0-255,4320,30407,46,167344
3184,0.0008,172.31.46.0-255,66,30473,46,167344
3185,0.000815,74.125.24.0-255,4320,34793,46,167344
3186,0.000818,172.31.46.0-255,66,34859,46,167344
3187,0.000836,74.125.24.0-255,2902,37761,46,167344
3188,0.000839,172.31.46.0-255,66,37827,46,167344
3189,0.000857,74.125.24.0-255,2902,40729,46,167344
3190,0.000859,172.31.46.0-255,66,40795,46,167344
3191,0.00089,172.31.46.0-255,66,40861,46,167344
3192,0.000893,74.125.24.0-255,441,41302,46,167344
3193,0.000895,172.31.46.0-255,66,41368,46,167344
3194,0.001016,74.125.24.0-255,1484,42852,46,167344
3195,0.001041,74.125.24.0-255,2902,45754,46,167344
3196,0.001045,172.31.46.0-255,66,45820,46,167344
3197,0.00105,74.125.24.0-255,2902,48722,46,167344
3198,0.001052,172.31.46.0-255,66,48788,46,167344
3199,0.001057,74.125.24.0-255,4320,53108,46,167344
3200,0.00106,172.31.46.0-255,66,53174,46,167344
3201,0.001098,172.31.46.0-255,66,53240,46,167344
3202,0.00111,172.31.46.0-255,66,53306,46,167344
3203,0.00114,74.125.24.0-255,2184,55490,46,167344
3204,0.001143,172.31.46.0-255,66,55556,46,167344
3205,0.001674,74.125.24.0-255,1484,57040,46,167344
3206,0.001683,74.125.24.0-255,2902,59942,46,167344
3207,0.001687,172.31.46.0-255,66,60008,46,167344
3208,0.001691,74.125.24.0-255,1484,61492,46,167344
3209,0.001711,74.125.24.0-255,4320,65812,46,167344
3210,0.001713,172.31.46.0-255,66,65878,46,167344
3211,0.001716,74.125.24.0-255,1484,67362,46,167344
3212,0.001774,74.125.24.0-255,7156,74518,46,167344
3213,0.001777,172.31.46.0-255,66,74584,46,167344
3214,0.00181,74.125.24.0-255,2902,77486,46,167344
3215,0.001812,172.31.46.0-255,66,77552,46,167344
3216,0.00183,74.125.24.0-255,4320,81872,46,167344
3217,0.001832,172.31.46.0-255,66,81938,46,167344
3218,0.001842,172.31.46.0-255,66,82004,46,167344
3219,0.002277,74.125.24.0-255,1484,83488,46,167344
3220,0.002282,74.125.24.0-255,2902,86390,46,167344
3221,0.002286,172.31.46.0-255,66,86456,46,167344
3222,0.002289,74.125.24.0-255,1484,87940,46,167344
3223,0.002305,74.125.24.0-255,4320,92260,46,167344
3224,0.002308,172.31.46.0-255,66,92326,46,167344
3225,0.002313,74.125.24.0-255,4320,96646,46,167344
3226,0.002315,172.31.46.0-255,66,96712,46,167344
3227,0.002333,74.125.24.0-255,2902,99614,46,167344
3228,0.002335,172.31.46.0-255,66,99680,46,167344
3229,0.002349,74.125.24.0-255,1484,101164,46,167344
3230,0.002363,74.125.24.0-255,4320,105484,46,167344
3231,0.002365,172.31.46.0-255,66,105550,46,167344
3232,0.002392,172.31.46.0-255,66,105616,46,167344
3233,0.002396,74.125.24.0-255,2184,107800,46,167344
3234,0.002398,172.31.46.0-255,66,107866,46,167344
3235,0.002427,172.31.46.0-255,66,107932,46,167344
3236,0.002452,172.31.46.0-255,66,107998,46,167344
3237,0.002499,172.31.46.0-255,66,108064,46,167344
3238,0.002522,74.125.24.0-255,1484,109548,46,167344
3239,0.002537,172.31.46.0-255,66,109614,46,167344
3240,0.002552,172.31.46.0-255,66,109680,46,167344
3241,0.002563,172.31.46.0-255,66,109746,46,167344
3242,0.002584,74.125.24.0-255,1484,111230,46,167344
3243,0.002603,74.125.24.0-255,2902,114132,46,167344
3244,0.002606,172.31.46.0-255,66,114198,46,167344
3245,0.002611,74.125.24.0-255,4320,118518,46,167344
3246,0.002614,172.31.46.0-255,66,118584,46,167344
3247,0.002625,74.125.24.0-255,1484,120068,46,167344
3248,0.002628,74.125.24.0-255,1484,121552,46,167344
3249,0.00263,172.31.46.0-255,66,121618,46,167344
3250,0.002633,74.125.24.0-255,1484,123102,46,167344
3251,0.002651,74.125.24.0-255,1484,124586,46,167344
3252,0.002653,172.31.46.0-255,66,124652,46,167344
3253,0.002685,172.31.46.0-255,66,124718,46,167344
3254,0.002691,74.125.24.0-255,4320,129038,46,167344
3255,0.002693,172.31.46.0-255,66,129104,46,167344
3256,0.002739,74.125.24.0-255,2902,132006,46,167344
3257,0.002742,172.31.46.0-255,66,132072,46,167344
3258,0.002778,172.31.46.0-255,66,132138,46,167344
3259,0.002781,74.125.24.0-255,1484,133622,46,167344
3260,0.002829,172.31.46.0-255,66,133688,46,167344
3261,0.002834,74.125.24.0-255,4320,138008,46,167344
3262,0.002837,172.31.46.0-255,66,138074,46,167344
3263,0.002866,172.31.46.0-255,66,138140,46,167344
3264,0.002877,172.31.46.0-255,66,138206,46,167344
3265,0.0029,74.125.24.0-255,1484,139690,46,167344
3266,0.002926,172.31.46.0-255,66,139756,46,167344
3267,0.002945,74.125.24.0-255,2184,141940,46,167344
3268,0.002948,172.31.46.0-255,66,142006,46,167344
3269,0.002962,172.31.46.0-255,66,142072,46,167344
3270,0.002988,74.125.24.0-255,7156,149228,46,167344
3271,0.002991,172.31.46.0-255,66,149294,46,167344
3272,0.002997,74.125.24.0-255,5020,154314,46,167344
3273,0.003,172.31.46.0-255,66,154380,46,167344
3274,0.003005,74.125.24.0-255,3344,157724,46,167344
3275,0.003007,172.31.46.0-255,66,157790,46,167344
3276,0.003058,74.125.24.0-255,105,157895,46,167344
3277,0.007283,172.31.46.0-255,66,157961,46,167344
3278,0.007322,172.31.46.0-255,105,158066,46,167344
3279,0.009854,74.125.24.0-255,66,158132,46,167344
3280,0.030939,172.31.46.0-255,172,158304,46,167344
3281,0.030974,172.31.46.0-255,1119,159423,46,167344
3282,0.031051,172.31.46.0-255,1514,160937,46,167344
3283,0.031053,172.31.46.0-255,1514,162451,46,167344
3284,0.031054,172.31.46.0-255,1514,163965,46,167344
3285,0.031056,172.31.46.0-255,1514,165479,46,167344
3286,0.031083,172.31.46.0-255,1493,166972,46,167344
3287,0.032498,104.244.42.0-255,66,167038,46,167344
3288,0.032546,104.244.42.0-255,66,167104,46,167344
3289,0.032647,104.244.42.0-255,66,167170,46,167344
3290,0.034116,104.244.42.0-255,108,167278,46,167344
3291,0.034125,172.31.46.0-255,66,167344,46,167344
3292,0.0,74.125.200.0-255,153,153,46,244956
3293,2.4e-05,172.31.46.0-255,66,219,46,244956
3294,5.6e-05,74.125.200.0-255,1484,1703,46,244956
3295,6.1e-05,172.31.46.0-255,66,1769,46,244956
3296,6.6e-05,74.125.200.0-255,2902,4671,46,244956
3297,6.9e-05,172.31.46.0-255,66,4737,46,244956
3298,7.1e-05,74.125.200.0-255,1484,6221,46,244956
3299,7.3e-05,172.31.46.0-255,66,6287,46,244956
3300,0.000115,74.125.200.0-255,1484,7771,46,244956
3301,0.000117,172.31.46.0-255,66,7837,46,244956
3302,0.000142,74.125.200.0-255,1484,9321,46,244956
3303,0.000144,172.31.46.0-255,66,9387,46,244956
3304,0.00015,74.125.200.0-255,4874,14261,46,244956
3305,0.000152,172.31.46.0-255,66,14327,46,244956
3306,0.00023,74.125.200.0-255,1484,15811,46,244956
3307,0.000232,172.31.46.0-255,66,15877,46,244956
3308,0.000257,74.125.200.0-255,2902,18779,46,244956
3309,0.00026,172.31.46.0-255,66,18845,46,244956
3310,0.000278,74.125.200.0-255,2902,21747,46,244956
3311,0.000279,172.31.46.0-255,66,21813,46,244956
3312,0.000283,74.125.200.0-255,2902,24715,46,244956
3313,0.000285,172.31.46.0-255,66,24781,46,244956
3314,0.000302,74.125.200.0-255,1484,26265,46,244956
3315,0.000304,172.31.46.0-255,66,26331,46,244956
3316,0.000329,74.125.200.0-255,2902,29233,46,244956
3317,0.000331,172.31.46.0-255,66,29299,46,244956
3318,0.000359,74.125.200.0-255,5379,34678,46,244956
3319,0.000361,172.31.46.0-255,66,34744,46,244956
3320,0.000369,172.31.46.0-255,66,34810,46,244956
3321,0.000392,74.125.200.0-255,5379,40189,46,244956
3322,0.000394,172.31.46.0-255,66,40255,46,244956
3323,0.000715,74.125.200.0-255,1484,41739,46,244956
3324,0.000731,74.125.200.0-255,2902,44641,46,244956
3325,0.000734,172.31.46.0-255,66,44707,46,244956
3326,0.000762,74.125.200.0-255,4320,49027,46,244956
3327,0.000765,172.31.46.0-255,66,49093,46,244956
3328,0.000789,74.125.200.0-255,5738,54831,46,244956
3329,0.000791,172.31.46.0-255,66,54897,46,244956
3330,0.000815,74.125.200.0-255,3961,58858,46,244956
3331,0.000817,172.31.46.0-255,66,58924,46,244956
3332,0.000827,172.31.46.0-255,66,58990,46,244956
3333,0.00083,74.125.200.0-255,2902,61892,46,244956
3334,0.000835,172.31.46.0-255,66,61958,46,244956
3335,0.000861,74.125.200.0-255,3123,65081,46,244956
3336,0.000863,172.31.46.0-255,66,65147,46,244956
3337,0.000888,74.125.200.0-255,2902,68049,46,244956
3338,0.000891,172.31.46.0-255,66,68115,46,244956
3339,0.000895,74.125.200.0-255,4320,72435,46,244956
3340,0.000897,172.31.46.0-255,66,72501,46,244956
3341,0.000931,172.31.46.0-255,66,72567,46,244956
3342,0.000933,74.125.200.0-255,1125,73692,46,244956
3343,0.000968,74.125.200.0-255,1484,75176,46,244956
3344,0.00097,172.31.46.0-255,66,75242,46,244956
3345,0.001013,74.125.200.0-255,4320,79562,46,244956
3346,0.001016,172.31.46.0-255,66,79628,46,244956
3347,0.001022,74.125.200.0-255,5738,85366,46,244956
3348,0.001024,172.31.46.0-255,66,85432,46,244956
3349,0.001051,74.125.200.0-255,4320,89752,46,244956
3350,0.001054,172.31.46.0-255,66,89818,46,244956
3351,0.001056,74.125.200.0-255,562,90380,46,244956
3352,0.001116,74.125.200.0-255,1484,91864,46,244956
3353,0.001119,172.31.46.0-255,66,91930,46,244956
3354,0.001123,74.125.200.0-255,1484,93414,46,244956
3355,0.001146,74.125.200.0-255,2902,96316,46,244956
3356,0.00115,172.31.46.0-255,66,96382,46,244956
3357,0.001153,74.125.200.0-255,1484,97866,46,244956
3358,0.001157,74.125.200.0-255,2902,100768,46,244956
3359,0.00116,172.31.46.0-255,66,100834,46,244956
3360,0.001166,74.125.200.0-255,5738,106572,46,244956
3361,0.001168,172.31.46.0-255,66,106638,46,244956
3362,0.001229,172.31.46.0-255,66,106704,46,244956
3363,0.001259,74.125.200.0-255,4320,111024,46,244956
3364,0.001261,172.31.46.0-255,66,111090,46,244956
3365,0.001287,74.125.200.0-255,766,111856,46,244956
3366,0.001329,74.125.200.0-255,1484,113340,46,244956
3367,0.001333,172.31.46.0-255,66,113406,46,244956
3368,0.001373,74.125.200.0-255,2902,116308,46,244956
3369,0.001376,172.31.46.0-255,66,116374,46,244956
3370,0.001408,74.125.200.0-255,5738,122112,46,244956
3371,0.001412,172.31.46.0-255,66,122178,46,244956
3372,0.001419,74.125.200.0-255,7156,129334,46,244956
3373,0.001421,172.31.46.0-255,66,129400,46,244956
3374,0.001452,74.125.200.0-255,7156,136556,46,244956
3375,0.001455,172.31.46.0-255,66,136622,46,244956
3376,0.001479,74.125.200.0-255,7156,143778,46,244956
3377,0.001482,172.31.46.0-255,66,143844,46,244956
3378,0.001508,74.125.200.0-255,2184,146028,46,244956
3379,0.001511,172.31.46.0-255,66,146094,46,244956
3380,0.001541,74.125.200.0-255,1484,147578,46,244956
3381,0.001557,74.125.200.0-255,2902,150480,46,244956
3382,0.00156,172.31.46.0-255,66,150546,46,244956
3383,0.001564,74.125.200.0-255,1484,152030,46,244956
3384,0.001589,74.125.200.0-255,4320,156350,46,244956
3385,0.001592,172.31.46.0-255,66,156416,46,244956
3386,0.001598,74.125.200.0-255,5738,162154,46,244956
3387,0.001601,172.31.46.0-255,66,162220,46,244956
3388,0.001639,74.125.200.0-255,5738,167958,46,244956
3389,0.001643,172.31.46.0-255,66,168024,46,244956
3390,0.001652,74.125.200.0-255,1484,169508,46,244956
3391,0.001702,74.125.200.0-255,2902,172410,46,244956
3392,0.001705,172.31.46.0-255,66,172476,46,244956
3393,0.001738,74.125.200.0-255,5738,178214,46,244956
3394,0.001741,172.31.46.0-255,66,178280,46,244956
3395,0.001759,74.125.200.0-255,1484,179764,46,244956
3396,0.001771,74.125.200.0-255,766,180530,46,244956
3397,0.001773,172.31.46.0-255,66,180596,46,244956
3398,0.00189,74.125.200.0-255,1484,182080,46,244956
3399,0.001897,74.125.200.0-255,2902,184982,46,244956
3400,0.001901,172.31.46.0-255,66,185048,46,244956
3401,0.00193,74.125.200.0-255,5738,190786,46,244956
3402,0.001933,172.31.46.0-255,66,190852,46,244956
3403,0.001968,172.31.46.0-255,66,190918,46,244956
3404,0.001995,74.125.200.0-255,1484,192402,46,244956
3405,0.002016,172.31.46.0-255,66,192468,46,244956
3406,0.002125,74.125.200.0-255,1484,193952,46,244956
3407,0.00213,74.125.200.0-255,1484,195436,46,244956
3408,0.002132,172.31.46.0-255,66,195502,46,244956
3409,0.002145,74.125.200.0-255,1484,196986,46,244956
3410,0.002153,74.125.200.0-255,1484,198470,46,244956
3411,0.002156,172.31.46.0-255,66,198536,46,244956
3412,0.002162,74.125.200.0-255,2902,201438,46,244956
3413,0.002165,172.31.46.0-255,66,201504,46,244956
3414,0.002171,74.125.200.0-255,5738,207242,46,244956
3415,0.002174,172.31.46.0-255,66,207308,46,244956
3416,0.002216,172.31.46.0-255,66,207374,46,244956
3417,0.002241,74.125.200.0-255,2902,210276,46,244956
3418,0.002244,172.31.46.0-255,66,210342,46,244956
3419,0.002258,172.31.46.0-255,66,210408,46,244956
3420,0.002287,74.125.200.0-255,2184,212592,46,244956
3421,0.00229,172.31.46.0-255,66,212658,46,244956
3422,0.002295,74.125.200.0-255,4320,216978,46,244956
3423,0.002297,172.31.46.0-255,66,217044,46,244956
3424,0.002301,74.125.200.0-255,2902,219946,46,244956
3425,0.002303,172.31.46.0-255,66,220012,46,244956
3426,0.002359,172.31.46.0-255,66,220078,46,244956
3427,0.002363,74.125.200.0-255,2184,222262,46,244956
3428,0.002366,172.31.46.0-255,66,222328,46,244956
3429,0.002405,74.125.200.0-255,4320,226648,46,244956
3430,0.002409,172.31.46.0-255,66,226714,46,244956
3431,0.002452,172.31.46.0-255,66,226780,46,244956
3432,0.002466,172.31.46.0-255,66,226846,46,244956
3433,0.002471,74.125.200.0-255,4320,231166,46,244956
3434,0.002472,172.31.46.0-255,66,231232,46,244956
3435,0.002525,172.31.46.0-255,66,231298,46,244956
3436,0.002532,74.125.200.0-255,7156,238454,46,244956
3437,0.002567,74.125.200.0-255,3602,242056,46,244956
3438,0.002569,74.125.200.0-255,343,242399,46,244956
3439,0.002584,74.125.200.0-255,105,242504,46,244956
3440,0.002638,172.31.46.0-255,66,242570,46,244956
3441,0.003151,172.31.46.0-255,101,242671,46,244956
3442,0.005328,172.31.46.0-255,105,242776,46,244956
3443,0.005803,74.125.200.0-255,66,242842,46,244956
3444,0.007969,74.125.200.0-255,66,242908,46,244956
3445,0.033765,172.31.46.0-255,176,243084,46,244956
3446,0.033794,172.31.46.0-255,1118,244202,46,244956
3447,0.033845,172.31.46.0-255,556,244758,46,244956
3448,0.035407,104.244.42.0-255,66,244824,46,244956
3449,0.03545,104.244.42.0-255,66,244890,46,244956
3450,0.035507,104.244.42.0-255,66,244956,46,244956
3451,0.0,172.217.194.0-255,153,153,46,257529
3452,2.3e-05,172.31.46.0-255,66,219,46,257529
3453,3e-05,172.217.194.0-255,1484,1703,46,257529
3454,3.5e-05,172.31.46.0-255,66,1769,46,257529
3455,4e-05,172.217.194.0-255,2902,4671,46,257529
3456,4.3e-05,172.31.46.0-255,66,4737,46,257529
3457,5.8e-05,172.217.194.0-255,7156,11893,46,257529
3458,6.1e-05,172.31.46.0-255,66,11959,46,257529
3459,0.000106,172.217.194.0-255,4320,16279,46,257529
3460,0.00011,172.31.46.0-255,66,16345,46,257529
3461,0.000147,172.217.194.0-255,4877,21222,46,257529
3462,0.000151,172.31.46.0-255,66,21288,46,257529
3463,0.000168,172.31.46.0-255,66,21354,46,257529
3464,0.000185,172.217.194.0-255,1484,22838,46,257529
3465,0.000187,172.31.46.0-255,66,22904,46,257529
3466,0.000192,172.217.194.0-255,2902,25806,46,257529
3467,0.000195,172.31.46.0-255,66,25872,46,257529
3468,0.000218,172.217.194.0-255,4320,30192,46,257529
3469,0.000221,172.31.46.0-255,66,30258,46,257529
3470,0.000244,172.217.194.0-255,1484,31742,46,257529
3471,0.000246,172.31.46.0-255,66,31808,46,257529
3472,0.000281,172.31.46.0-255,66,31874,46,257529
3473,0.00031,172.217.194.0-255,3961,35835,46,257529
3474,0.000313,172.31.46.0-255,66,35901,46,257529
3475,0.000325,172.31.46.0-255,66,35967,46,257529
3476,0.000328,172.217.194.0-255,119,36086,46,257529
3477,0.00033,172.31.46.0-255,66,36152,46,257529
3478,0.000358,172.217.194.0-255,381,36533,46,257529
3479,0.000361,172.31.46.0-255,66,36599,46,257529
3480,0.000662,172.217.194.0-255,1484,38083,46,257529
3481,0.000679,172.217.194.0-255,2902,40985,46,257529
3482,0.000687,172.31.46.0-255,66,41051,46,257529
3483,0.00071,172.217.194.0-255,5738,46789,46,257529
3484,0.000718,172.217.194.0-255,7156,53945,46,257529
3485,0.000729,172.217.194.0-255,2902,56847,46,257529
3486,0.000747,172.31.46.0-255,66,56913,46,257529
3487,0.000776,172.217.194.0-255,1484,58397,46,257529
3488,0.000818,172.31.46.0-255,66,58463,46,257529
3489,0.001197,172.217.194.0-255,1484,59947,46,257529
3490,0.001212,172.217.194.0-255,2902,62849,46,257529
3491,0.001216,172.31.46.0-255,66,62915,46,257529
3492,0.001223,172.217.194.0-255,4320,67235,46,257529
3493,0.001232,172.31.46.0-255,66,67301,46,257529
3494,0.001252,172.217.194.0-255,1484,68785,46,257529
3495,0.001268,172.217.194.0-255,2902,71687,46,257529
3496,0.001314,172.31.46.0-255,66,71753,46,257529
3497,0.002173,172.217.194.0-255,1484,73237,46,257529
3498,0.002184,172.217.194.0-255,2902,76139,46,257529
3499,0.002189,172.31.46.0-255,66,76205,46,257529
3500,0.002225,172.217.194.0-255,5738,81943,46,257529
3501,0.002283,172.217.194.0-255,3602,85545,46,257529
3502,0.002286,172.217.194.0-255,1484,87029,46,257529
3503,0.002301,172.217.194.0-255,2902,89931,46,257529
3504,0.002305,172.217.194.0-255,2902,92833,46,257529
3505,0.002331,172.217.194.0-255,7156,99989,46,257529
3506,0.002337,172.217.194.0-255,5738,105727,46,257529
3507,0.002353,172.217.194.0-255,2902,108629,46,257529
3508,0.002381,172.217.194.0-255,2902,111531,46,257529
3509,0.002396,172.217.194.0-255,5020,116551,46,257529
3510,0.002426,172.217.194.0-255,1484,118035,46,257529
3511,0.002443,172.217.194.0-255,2902,120937,46,257529
3512,0.00245,172.217.194.0-255,5738,126675,46,257529
3513,0.00251,172.217.194.0-255,5738,132413,46,257529
3514,0.002526,172.217.194.0-255,5738,138151,46,257529
3515,0.00253,172.217.194.0-255,1484,139635,46,257529
3516,0.007113,172.31.46.0-255,66,139701,46,257529
3517,0.009593,172.217.194.0-255,5738,145439,46,257529
3518,0.009601,172.31.46.0-255,66,145505,46,257529
3519,0.012046,172.217.194.0-255,5738,151243,46,257529
3520,0.012053,172.31.46.0-255,66,151309,46,257529
3521,0.014495,172.217.194.0-255,5738,157047,46,257529
3522,0.014503,172.31.46.0-255,66,157113,46,257529
3523,0.016996,172.217.194.0-255,5738,162851,46,257529
3524,0.017004,172.31.46.0-255,66,162917,46,257529
3525,0.019452,172.217.194.0-255,4320,167237,46,257529
3526,0.019461,172.31.46.0-255,66,167303,46,257529
3527,0.019492,172.217.194.0-255,1484,168787,46,257529
3528,0.021913,172.217.194.0-255,4320,173107,46,257529
3529,0.02192,172.31.46.0-255,66,173173,46,257529
3530,0.024389,172.217.194.0-255,5738,178911,46,257529
3531,0.024436,172.31.46.0-255,66,178977,46,257529
3532,0.026888,172.217.194.0-255,5738,184715,46,257529
3533,0.026895,172.31.46.0-255,66,184781,46,257529
3534,0.029368,172.217.194.0-255,5738,190519,46,257529
3535,0.029376,172.31.46.0-255,66,190585,46,257529
3536,0.031777,172.217.194.0-255,5738,196323,46,257529
3537,0.031784,172.31.46.0-255,66,196389,46,257529
3538,0.034224,172.217.194.0-255,5738,202127,46,257529
3539,0.034232,172.31.46.0-255,66,202193,46,257529
3540,0.036645,172.217.194.0-255,5738,207931,46,257529
3541,0.036652,172.31.46.0-255,66,207997,46,257529
3542,0.03916,172.217.194.0-255,5738,213735,46,257529
3543,0.039167,172.31.46.0-255,66,213801,46,257529
3544,0.041616,172.217.194.0-255,4320,218121,46,257529
3545,0.041623,172.31.46.0-255,66,218187,46,257529
3546,0.04165,172.217.194.0-255,1484,219671,46,257529
3547,0.044025,172.217.194.0-255,4320,223991,46,257529
3548,0.044032,172.31.46.0-255,66,224057,46,257529
3549,0.046514,172.217.194.0-255,5738,229795,46,257529
3550,0.046561,172.31.46.0-255,66,229861,46,257529
3551,0.049023,172.217.194.0-255,5738,235599,46,257529
3552,0.049037,172.31.46.0-255,66,235665,46,257529
3553,0.0515,172.217.194.0-255,5738,241403,46,257529
3554,0.051511,172.31.46.0-255,66,241469,46,257529
3555,0.054024,172.217.194.0-255,5738,247207,46,257529
3556,0.054032,172.31.46.0-255,66,247273,46,257529
3557,0.056526,172.217.194.0-255,4320,251593,46,257529
3558,0.056534,172.31.46.0-255,66,251659,46,257529
3559,0.05656,172.217.194.0-255,1484,253143,46,257529
3560,0.058976,172.217.194.0-255,4320,257463,46,257529
3561,0.058983,172.31.46.0-255,66,257529,46,257529
3562,0.0,74.125.200.0-255,159,159,46,317732
3563,1.2e-05,172.31.46.0-255,66,225,46,317732
3564,3.7e-05,74.125.200.0-255,1484,1709,46,317732
3565,4.2e-05,172.31.46.0-255,66,1775,46,317732
3566,4.5e-05,74.125.200.0-255,1484,3259,46,317732
3567,4.7e-05,172.31.46.0-255,66,3325,46,317732
3568,5.3e-05,74.125.200.0-255,2902,6227,46,317732
3569,6e-05,172.31.46.0-255,66,6293,46,317732
3570,6.3e-05,74.125.200.0-255,1484,7777,46,317732
3571,6.6e-05,172.31.46.0-255,66,7843,46,317732
3572,0.0001,74.125.200.0-255,4320,12163,46,317732
3573,0.000103,172.31.46.0-255,66,12229,46,317732
3574,0.00011,74.125.200.0-255,5738,17967,46,317732
3575,0.000113,172.31.46.0-255,66,18033,46,317732
3576,0.000132,74.125.200.0-255,620,18653,46,317732
3577,0.000134,172.31.46.0-255,66,18719,46,317732
3578,0.000142,74.125.200.0-255,7156,25875,46,317732
3579,0.000145,172.31.46.0-255,66,25941,46,317732
3580,0.000149,74.125.200.0-255,1484,27425,46,317732
3581,0.00015,172.31.46.0-255,66,27491,46,317732
3582,0.000176,74.125.200.0-255,3961,31452,46,317732
3583,0.000179,172.31.46.0-255,66,31518,46,317732
3584,0.000235,74.125.200.0-255,1484,33002,46,317732
3585,0.000238,172.31.46.0-255,66,33068,46,317732
3586,0.000274,74.125.200.0-255,1484,34552,46,317732
3587,0.000277,172.31.46.0-255,66,34618,46,317732
3588,0.00031,74.125.200.0-255,1484,36102,46,317732
3589,0.000313,172.31.46.0-255,66,36168,46,317732
3590,0.000319,74.125.200.0-255,5738,41906,46,317732
3591,0.000321,172.31.46.0-255,66,41972,46,317732
3592,0.000333,74.125.200.0-255,6797,48769,46,317732
3593,0.000335,172.31.46.0-255,66,48835,46,317732
3594,0.00034,74.125.200.0-255,4320,53155,46,317732
3595,0.000342,172.31.46.0-255,66,53221,46,317732
3596,0.000373,74.125.200.0-255,2902,56123,46,317732
3597,0.000376,172.31.46.0-255,66,56189,46,317732
3598,0.000383,74.125.200.0-255,7156,63345,46,317732
3599,0.000386,172.31.46.0-255,66,63411,46,317732
3600,0.000389,74.125.200.0-255,1484,64895,46,317732
3601,0.000422,74.125.200.0-255,1469,66364,46,317732
3602,0.000425,172.31.46.0-255,66,66430,46,317732
3603,0.000476,74.125.200.0-255,1484,67914,46,317732
3604,0.000482,74.125.200.0-255,2902,70816,46,317732
3605,0.000485,172.31.46.0-255,66,70882,46,317732
3606,0.000488,74.125.200.0-255,1484,72366,46,317732
3607,0.000505,74.125.200.0-255,2902,75268,46,317732
3608,0.000507,172.31.46.0-255,66,75334,46,317732
3609,0.000514,74.125.200.0-255,5738,81072,46,317732
3610,0.000516,172.31.46.0-255,66,81138,46,317732
3611,0.000545,74.125.200.0-255,2902,84040,46,317732
3612,0.000548,172.31.46.0-255,66,84106,46,317732
3613,0.000585,172.31.46.0-255,66,84172,46,317732
3614,0.00059,74.125.200.0-255,2902,87074,46,317732
3615,0.000592,172.31.46.0-255,66,87140,46,317732
3616,0.000615,74.125.200.0-255,3961,91101,46,317732
3617,0.000622,172.31.46.0-255,66,91167,46,317732
3618,0.000814,74.125.200.0-255,1484,92651,46,317732
3619,0.000831,74.125.200.0-255,2902,95553,46,317732
3620,0.000834,172.31.46.0-255,66,95619,46,317732
3621,0.000866,74.125.200.0-255,5738,101357,46,317732
3622,0.00087,172.31.46.0-255,66,101423,46,317732
3623,0.000878,74.125.200.0-255,7156,108579,46,317732
3624,0.00088,172.31.46.0-255,66,108645,46,317732
3625,0.000922,172.31.46.0-255,66,108711,46,317732
3626,0.000952,74.125.200.0-255,2902,111613,46,317732
3627,0.000955,172.31.46.0-255,66,111679,46,317732
3628,0.000993,74.125.200.0-255,1880,113559,46,317732
3629,0.000996,172.31.46.0-255,66,113625,46,317732
3630,0.001065,74.125.200.0-255,1484,115109,46,317732
3631,0.001086,74.125.200.0-255,2902,118011,46,317732
3632,0.001089,172.31.46.0-255,66,118077,46,317732
3633,0.001093,74.125.200.0-255,1484,119561,46,317732
3634,0.001115,74.125.200.0-255,1484,121045,46,317732
3635,0.001117,172.31.46.0-255,66,121111,46,317732
3636,0.001123,74.125.200.0-255,4320,125431,46,317732
3637,0.001125,172.31.46.0-255,66,125497,46,317732
3638,0.001169,172.31.46.0-255,66,125563,46,317732
3639,0.001177,74.125.200.0-255,5738,131301,46,317732
3640,0.00118,172.31.46.0-255,66,131367,46,317732
3641,0.001187,74.125.200.0-255,7156,138523,46,317732
3642,0.00119,172.31.46.0-255,66,138589,46,317732
3643,0.001193,74.125.200.0-255,766,139355,46,317732
3644,0.00133,74.125.200.0-255,1484,140839,46,317732
3645,0.001334,172.31.46.0-255,66,140905,46,317732
3646,0.001349,74.125.200.0-255,2902,143807,46,317732
3647,0.001358,172.31.46.0-255,66,143873,46,317732
3648,0.001362,74.125.200.0-255,1484,145357,46,317732
3649,0.001386,74.125.200.0-255,2902,148259,46,317732
3650,0.001411,74.125.200.0-255,5738,153997,46,317732
3651,0.00142,172.31.46.0-255,66,154063,46,317732
3652,0.001432,74.125.200.0-255,4320,158383,46,317732
3653,0.00146,172.31.46.0-255,66,158449,46,317732
3654,0.00147,74.125.200.0-255,2902,161351,46,317732
3655,0.001478,172.31.46.0-255,66,161417,46,317732
3656,0.001497,74.125.200.0-255,2902,164319,46,317732
3657,0.0015,172.31.46.0-255,66,164385,46,317732
3658,0.001506,74.125.200.0-255,5738,170123,46,317732
3659,0.001524,74.125.200.0-255,1484,171607,46,317732
3660,0.001537,172.31.46.0-255,66,171673,46,317732
3661,0.001564,74.125.200.0-255,2184,173857,46,317732
3662,0.001579,172.31.46.0-255,66,173923,46,317732
3663,0.001697,74.125.200.0-255,1484,175407,46,317732
3664,0.0017,74.125.200.0-255,1484,176891,46,317732
3665,0.001706,172.31.46.0-255,66,176957,46,317732
3666,0.001714,74.125.200.0-255,1484,178441,46,317732
3667,0.001735,74.125.200.0-255,5738,184179,46,317732
3668,0.001755,74.125.200.0-255,1484,185663,46,317732
3669,0.001809,172.31.46.0-255,66,185729,46,317732
3670,0.001834,74.125.200.0-255,2184,187913,46,317732
3671,0.001838,74.125.200.0-255,2902,190815,46,317732
3672,0.001843,172.31.46.0-255,66,190881,46,317732
3673,0.001885,74.125.200.0-255,4320,195201,46,317732
3674,0.001895,172.31.46.0-255,66,195267,46,317732
3675,0.001904,74.125.200.0-255,2902,198169,46,317732
3676,0.001931,74.125.200.0-255,7156,205325,46,317732
3677,0.001936,74.125.200.0-255,4320,209645,46,317732
3678,0.001945,172.31.46.0-255,66,209711,46,317732
3679,0.001955,74.125.200.0-255,3602,213313,46,317732
3680,0.001963,74.125.200.0-255,1484,214797,46,317732
3681,0.001988,172.31.46.0-255,66,214863,46,317732
3682,0.001993,74.125.200.0-255,2902,217765,46,317732
3683,0.002012,74.125.200.0-255,4320,222085,46,317732
3684,0.002017,172.31.46.0-255,66,222151,46,317732
3685,0.002025,74.125.200.0-255,1484,223635,46,317732
3686,0.002036,74.125.200.0-255,7156,230791,46,317732
3687,0.002064,172.31.46.0-255,66,230857,46,317732
3688,0.00207,74.125.200.0-255,2902,233759,46,317732
3689,0.002076,172.31.46.0-255,66,233825,46,317732
3690,0.002097,74.125.200.0-255,5738,239563,46,317732
3691,0.002111,74.125.200.0-255,5738,245301,46,317732
3692,0.002129,74.125.200.0-255,2902,248203,46,317732
3693,0.002158,74.125.200.0-255,2184,250387,46,317732
3694,0.00216,74.125.200.0-255,1484,251871,46,317732
3695,0.002168,172.31.46.0-255,66,251937,46,317732
3696,0.002225,74.125.200.0-255,2902,254839,46,317732
3697,0.002237,74.125.200.0-255,2902,257741,46,317732
3698,0.002244,74.125.200.0-255,5738,263479,46,317732
3699,0.002255,172.31.46.0-255,66,263545,46,317732
3700,0.002268,74.125.200.0-255,2902,266447,46,317732
3701,0.002283,74.125.200.0-255,1484,267931,46,317732
3702,0.002286,74.125.200.0-255,1484,269415,46,317732
3703,0.002289,74.125.200.0-255,1484,270899,46,317732
3704,0.002301,74.125.200.0-255,2902,273801,46,317732
3705,0.002318,74.125.200.0-255,1484,275285,46,317732
3706,0.002323,74.125.200.0-255,2902,278187,46,317732
3707,0.002325,74.125.200.0-255,1484,279671,46,317732
3708,0.002327,74.125.200.0-255,1484,281155,46,317732
3709,0.002332,172.31.46.0-255,66,281221,46,317732
3710,0.002358,74.125.200.0-255,4320,285541,46,317732
3711,0.002361,74.125.200.0-255,766,286307,46,317732
3712,0.002376,172.31.46.0-255,66,286373,46,317732
3713,0.002399,74.125.200.0-255,1484,287857,46,317732
3714,0.002402,74.125.200.0-255,1484,289341,46,317732
3715,0.002424,74.125.200.0-255,2902,292243,46,317732
3716,0.00243,74.125.200.0-255,5738,297981,46,317732
3717,0.002434,172.31.46.0-255,66,298047,46,317732
3718,0.002444,172.31.46.0-255,66,298113,46,317732
3719,0.002473,74.125.200.0-255,4320,302433,46,317732
3720,0.002483,172.31.46.0-255,66,302499,46,317732
3721,0.002503,74.125.200.0-255,5738,308237,46,317732
3722,0.002507,74.125.200.0-255,122,308359,46,317732
3723,0.002521,74.125.200.0-255,105,308464,46,317732
3724,0.002528,172.31.46.0-255,66,308530,46,317732
3725,0.011095,172.31.46.0-255,105,308635,46,317732
3726,0.013254,74.125.200.0-255,66,308701,46,317732
3727,0.034066,172.31.46.0-255,164,308865,46,317732
3728,0.0341,172.31.46.0-255,1127,309992,46,317732
3729,0.034185,172.31.46.0-255,1514,311506,46,317732
3730,0.034187,172.31.46.0-255,1514,313020,46,317732
3731,0.034189,172.31.46.0-255,1514,314534,46,317732
3732,0.034194,172.31.46.0-255,1514,316048,46,317732
3733,0.034195,172.31.46.0-255,1486,317534,46,317732
3734,0.035763,104.244.42.0-255,66,317600,46,317732
3735,0.035855,104.244.42.0-255,66,317666,46,317732
3736,0.035905,104.244.42.0-255,66,317732,46,317732
3737,0.0,74.125.68.0-255,152,152,46,311473
3738,2.3e-05,172.31.46.0-255,66,218,46,311473
3739,5.4e-05,74.125.68.0-255,1484,1702,46,311473
3740,6.1e-05,172.31.46.0-255,66,1768,46,311473
3741,6.5e-05,74.125.68.0-255,1484,3252,46,311473
3742,6.8e-05,172.31.46.0-255,66,3318,46,311473
3743,7.4e-05,74.125.68.0-255,2902,6220,46,311473
3744,7.7e-05,172.31.46.0-255,66,6286,46,311473
3745,0.000123,74.125.68.0-255,1484,7770,46,311473
3746,0.000125,172.31.46.0-255,66,7836,46,311473
3747,0.000149,74.125.68.0-255,2902,10738,46,311473
3748,0.000152,172.31.46.0-255,66,10804,46,311473
3749,0.000157,74.125.68.0-255,2902,13706,46,311473
3750,0.000159,172.31.46.0-255,66,13772,46,311473
3751,0.000177,74.125.68.0-255,586,14358,46,311473
3752,0.00018,172.31.46.0-255,66,14424,46,311473
3753,0.000288,74.125.68.0-255,1484,15908,46,311473
3754,0.000292,172.31.46.0-255,66,15974,46,311473
3755,0.000297,74.125.68.0-255,2902,18876,46,311473
3756,0.0003,172.31.46.0-255,66,18942,46,311473
3757,0.000319,74.125.68.0-255,4320,23262,46,311473
3758,0.000326,172.31.46.0-255,66,23328,46,311473
3759,0.000368,172.31.46.0-255,66,23394,46,311473
3760,0.000396,172.31.46.0-255,66,23460,46,311473
3761,0.000399,74.125.68.0-255,1484,24944,46,311473
3762,0.000401,172.31.46.0-255,66,25010,46,311473
3763,0.000442,74.125.68.0-255,6797,31807,46,311473
3764,0.000445,172.31.46.0-255,66,31873,46,311473
3765,0.000469,74.125.68.0-255,1484,33357,46,311473
3766,0.000471,172.31.46.0-255,66,33423,46,311473
3767,0.000493,74.125.68.0-255,1484,34907,46,311473
3768,0.000524,74.125.68.0-255,1484,36391,46,311473
3769,0.000526,172.31.46.0-255,66,36457,46,311473
3770,0.000533,74.125.68.0-255,5738,42195,46,311473
3771,0.000536,172.31.46.0-255,66,42261,46,311473
3772,0.000541,74.125.68.0-255,4320,46581,46,311473
3773,0.000544,172.31.46.0-255,66,46647,46,311473
3774,0.000575,74.125.68.0-255,2899,49546,46,311473
3775,0.000578,172.31.46.0-255,66,49612,46,311473
3776,0.000603,74.125.68.0-255,330,49942,46,311473
3777,0.000762,74.125.68.0-255,1484,51426,46,311473
3778,0.000768,172.31.46.0-255,66,51492,46,311473
3779,0.000774,74.125.68.0-255,2902,54394,46,311473
3780,0.000776,172.31.46.0-255,66,54460,46,311473
3781,0.000804,74.125.68.0-255,5738,60198,46,311473
3782,0.000807,172.31.46.0-255,66,60264,46,311473
3783,0.000812,74.125.68.0-255,2902,63166,46,311473
3784,0.000814,172.31.46.0-255,66,63232,46,311473
3785,0.000853,74.125.68.0-255,4320,67552,46,311473
3786,0.000857,172.31.46.0-255,66,67618,46,311473
3787,0.000868,172.31.46.0-255,66,67684,46,311473
3788,0.000879,172.31.46.0-255,66,67750,46,311473
3789,0.001428,74.125.68.0-255,1484,69234,46,311473
3790,0.001445,74.125.68.0-255,2902,72136,46,311473
3791,0.001449,172.31.46.0-255,66,72202,46,311473
3792,0.001478,74.125.68.0-255,4320,76522,46,311473
3793,0.001483,172.31.46.0-255,66,76588,46,311473
3794,0.001495,74.125.68.0-255,1484,78072,46,311473
3795,0.001507,74.125.68.0-255,7156,85228,46,311473
3796,0.00151,172.31.46.0-255,66,85294,46,311473
3797,0.001582,172.31.46.0-255,66,85360,46,311473
3798,0.001587,74.125.68.0-255,2184,87544,46,311473
3799,0.001589,172.31.46.0-255,66,87610,46,311473
3800,0.001641,74.125.68.0-255,1484,89094,46,311473
3801,0.001647,74.125.68.0-255,2902,91996,46,311473
3802,0.00165,172.31.46.0-255,66,92062,46,311473
3803,0.001655,74.125.68.0-255,2902,94964,46,311473
3804,0.001656,172.31.46.0-255,66,95030,46,311473
3805,0.001677,74.125.68.0-255,2902,97932,46,311473
3806,0.001679,172.31.46.0-255,66,97998,46,311473
3807,0.001687,74.125.68.0-255,2902,100900,46,311473
3808,0.00169,172.31.46.0-255,66,100966,46,311473
3809,0.001695,74.125.68.0-255,4320,105286,46,311473
3810,0.001698,172.31.46.0-255,66,105352,46,311473
3811,0.001728,172.31.46.0-255,66,105418,46,311473
3812,0.001736,74.125.68.0-255,7156,112574,46,311473
3813,0.001739,172.31.46.0-255,66,112640,46,311473
3814,0.001769,74.125.68.0-255,766,113406,46,311473
3815,0.001862,74.125.68.0-255,1484,114890,46,311473
3816,0.001868,172.31.46.0-255,66,114956,46,311473
3817,0.001875,74.125.68.0-255,2902,117858,46,311473
3818,0.001877,172.31.46.0-255,66,117924,46,311473
3819,0.001889,74.125.68.0-255,5738,123662,46,311473
3820,0.001891,172.31.46.0-255,66,123728,46,311473
3821,0.001896,74.125.68.0-255,2902,126630,46,311473
3822,0.001898,172.31.46.0-255,66,126696,46,311473
3823,0.001906,74.125.68.0-255,5738,132434,46,311473
3824,0.001908,172.31.46.0-255,66,132500,46,311473
3825,0.001931,74.125.68.0-255,4320,136820,46,311473
3826,0.001935,172.31.46.0-255,66,136886,46,311473
3827,0.001942,74.125.68.0-255,7156,144042,46,311473
3828,0.001944,172.31.46.0-255,66,144108,46,311473
3829,0.001969,74.125.68.0-255,2902,147010,46,311473
3830,0.001971,172.31.46.0-255,66,147076,46,311473
3831,0.001974,74.125.68.0-255,766,147842,46,311473
3832,0.002092,74.125.68.0-255,1484,149326,46,311473
3833,0.002097,172.31.46.0-255,66,149392,46,311473
3834,0.002102,74.125.68.0-255,2902,152294,46,311473
3835,0.002104,172.31.46.0-255,66,152360,46,311473
3836,0.002141,74.125.68.0-255,5738,158098,46,311473
3837,0.002145,172.31.46.0-255,66,158164,46,311473
3838,0.002148,74.125.68.0-255,1484,159648,46,311473
3839,0.002153,74.125.68.0-255,2902,162550,46,311473
3840,0.002156,172.31.46.0-255,66,162616,46,311473
3841,0.002161,74.125.68.0-255,4320,166936,46,311473
3842,0.002164,172.31.46.0-255,66,167002,46,311473
3843,0.002166,74.125.68.0-255,1484,168486,46,311473
3844,0.002199,74.125.68.0-255,5738,174224,46,311473
3845,0.002202,172.31.46.0-255,66,174290,46,311473
3846,0.002218,74.125.68.0-255,4320,178610,46,311473
3847,0.002224,172.31.46.0-255,66,178676,46,311473
3848,0.002251,74.125.68.0-255,3602,182278,46,311473
3849,0.002254,172.31.46.0-255,66,182344,46,311473
3850,0.002381,74.125.68.0-255,1484,183828,46,311473
3851,0.002403,74.125.68.0-255,1484,185312,46,311473
3852,0.002407,172.31.46.0-255,66,185378,46,311473
3853,0.00244,74.125.68.0-255,4320,189698,46,311473
3854,0.002444,172.31.46.0-255,66,189764,46,311473
3855,0.002447,74.125.68.0-255,1484,191248,46,311473
3856,0.002469,74.125.68.0-255,2902,194150,46,311473
3857,0.002472,172.31.46.0-255,66,194216,46,311473
3858,0.002502,74.125.68.0-255,1484,195700,46,311473
3859,0.002516,74.125.68.0-255,2902,198602,46,311473
3860,0.002519,172.31.46.0-255,66,198668,46,311473
3861,0.002548,74.125.68.0-255,5738,204406,46,311473
3862,0.002551,172.31.46.0-255,66,204472,46,311473
3863,0.002563,74.125.68.0-255,2902,207374,46,311473
3864,0.00257,172.31.46.0-255,66,207440,46,311473
3865,0.002597,74.125.68.0-255,4320,211760,46,311473
3866,0.002601,172.31.46.0-255,66,211826,46,311473
3867,0.002607,74.125.68.0-255,4320,216146,46,311473
3868,0.002609,172.31.46.0-255,66,216212,46,311473
3869,0.002611,74.125.68.0-255,766,216978,46,311473
3870,0.002707,74.125.68.0-255,1484,218462,46,311473
3871,0.002711,172.31.46.0-255,66,218528,46,311473
3872,0.002716,74.125.68.0-255,1484,220012,46,311473
3873,0.002737,74.125.68.0-255,1484,221496,46,311473
3874,0.002739,172.31.46.0-255,66,221562,46,311473
3875,0.002745,74.125.68.0-255,4320,225882,46,311473
3876,0.002748,172.31.46.0-255,66,225948,46,311473
3877,0.00278,74.125.68.0-255,5738,231686,46,311473
3878,0.002783,172.31.46.0-255,66,231752,46,311473
3879,0.002794,172.31.46.0-255,66,231818,46,311473
3880,0.00282,74.125.68.0-255,2902,234720,46,311473
3881,0.002823,172.31.46.0-255,66,234786,46,311473
3882,0.002828,74.125.68.0-255,4320,239106,46,311473
3883,0.002831,172.31.46.0-255,66,239172,46,311473
3884,0.002864,172.31.46.0-255,66,239238,46,311473
3885,0.002888,74.125.68.0-255,5020,244258,46,311473
3886,0.002891,172.31.46.0-255,66,244324,46,311473
3887,0.002897,74.125.68.0-255,5738,250062,46,311473
3888,0.002899,172.31.46.0-255,66,250128,46,311473
3889,0.002905,74.125.68.0-255,5738,255866,46,311473
3890,0.002907,172.31.46.0-255,66,255932,46,311473
3891,0.002913,74.125.68.0-255,4320,260252,46,311473
3892,0.002916,172.31.46.0-255,66,260318,46,311473
3893,0.00292,74.125.68.0-255,2902,263220,46,311473
3894,0.002923,172.31.46.0-255,66,263286,46,311473
3895,0.002953,74.125.68.0-255,5020,268306,46,311473
3896,0.002956,172.31.46.0-255,66,268372,46,311473
3897,0.002982,74.125.68.0-255,1484,269856,46,311473
3898,0.002986,74.125.68.0-255,1484,271340,46,311473
3899,0.002988,172.31.46.0-255,66,271406,46,311473
3900,0.003014,74.125.68.0-255,2902,274308,46,311473
3901,0.003017,172.31.46.0-255,66,274374,46,311473
3902,0.003024,74.125.68.0-255,5738,280112,46,311473
3903,0.003026,172.31.46.0-255,66,280178,46,311473
3904,0.003055,74.125.68.0-255,5738,285916,46,311473
3905,0.003057,172.31.46.0-255,66,285982,46,311473
3906,0.003091,74.125.68.0-255,7156,293138,46,311473
3907,0.003094,172.31.46.0-255,66,293204,46,311473
3908,0.003101,74.125.68.0-255,5738,298942,46,311473
3909,0.003103,172.31.46.0-255,66,299008,46,311473
3910,0.003137,172.31.46.0-255,66,299074,46,311473
3911,0.003152,172.31.46.0-255,66,299140,46,311473
3912,0.003156,74.125.68.0-255,2886,302026,46,311473
3913,0.003158,172.31.46.0-255,66,302092,46,311473
3914,0.003196,74.125.68.0-255,105,302197,46,311473
3915,0.008748,172.31.46.0-255,66,302263,46,311473
3916,0.008798,172.31.46.0-255,105,302368,46,311473
3917,0.01088,74.125.68.0-255,66,302434,46,311473
3918,0.038213,172.31.46.0-255,172,302606,46,311473
3919,0.038248,172.31.46.0-255,1118,303724,46,311473
3920,0.038318,172.31.46.0-255,1514,305238,46,311473
3921,0.03832,172.31.46.0-255,1514,306752,46,311473
3922,0.038325,172.31.46.0-255,1514,308266,46,311473
3923,0.038326,172.31.46.0-255,1514,309780,46,311473
3924,0.038343,172.31.46.0-255,1495,311275,46,311473
3925,0.039909,104.244.42.0-255,66,311341,46,311473
3926,0.039936,104.244.42.0-255,66,311407,46,311473
3927,0.040003,104.244.42.0-255,66,311473,46,311473
3928,0.0,74.125.200.0-255,143,143,46,311191
3929,2.3e-05,74.125.200.0-255,1484,1627,46,311191
3930,3.7e-05,172.31.46.0-255,66,1693,46,311191
3931,4.7e-05,74.125.200.0-255,2902,4595,46,311191
3932,5.2e-05,172.31.46.0-255,66,4661,46,311191
3933,6.8e-05,74.125.200.0-255,7156,11817,46,311191
3934,8.4e-05,172.31.46.0-255,66,11883,46,311191
3935,8.9e-05,74.125.200.0-255,2093,13976,46,311191
3936,9.2e-05,172.31.46.0-255,66,14042,46,311191
3937,0.000405,74.125.200.0-255,1484,15526,46,311191
3938,0.000412,74.125.200.0-255,1484,17010,46,311191
3939,0.000416,172.31.46.0-255,66,17076,46,311191
3940,0.000422,74.125.200.0-255,2902,19978,46,311191
3941,0.000424,172.31.46.0-255,66,20044,46,311191
3942,0.000435,74.125.200.0-255,4320,24364,46,311191
3943,0.000437,172.31.46.0-255,66,24430,46,311191
3944,0.000476,74.125.200.0-255,1484,25914,46,311191
3945,0.000484,74.125.200.0-255,5379,31293,46,311191
3946,0.000487,172.31.46.0-255,66,31359,46,311191
3947,0.001087,74.125.200.0-255,1484,32843,46,311191
3948,0.001097,74.125.200.0-255,2902,35745,46,311191
3949,0.001102,172.31.46.0-255,66,35811,46,311191
3950,0.00111,74.125.200.0-255,4320,40131,46,311191
3951,0.001112,172.31.46.0-255,66,40197,46,311191
3952,0.001141,74.125.200.0-255,1484,41681,46,311191
3953,0.001147,74.125.200.0-255,2902,44583,46,311191
3954,0.001149,172.31.46.0-255,66,44649,46,311191
3955,0.001155,74.125.200.0-255,3961,48610,46,311191
3956,0.001157,172.31.46.0-255,66,48676,46,311191
3957,0.001184,74.125.200.0-255,5738,54414,46,311191
3958,0.001186,172.31.46.0-255,66,54480,46,311191
3959,0.001214,74.125.200.0-255,2902,57382,46,311191
3960,0.001217,172.31.46.0-255,66,57448,46,311191
3961,0.001223,74.125.200.0-255,4320,61768,46,311191
3962,0.001225,172.31.46.0-255,66,61834,46,311191
3963,0.001237,74.125.200.0-255,4230,66064,46,311191
3964,0.001239,172.31.46.0-255,66,66130,46,311191
3965,0.001281,74.125.200.0-255,134,66264,46,311191
3966,0.001405,74.125.200.0-255,1484,67748,46,311191
3967,0.00141,172.31.46.0-255,66,67814,46,311191
3968,0.001417,74.125.200.0-255,2902,70716,46,311191
3969,0.00142,172.31.46.0-255,66,70782,46,311191
3970,0.001432,74.125.200.0-255,5738,76520,46,311191
3971,0.001435,172.31.46.0-255,66,76586,46,311191
3972,0.001438,74.125.200.0-255,1484,78070,46,311191
3973,0.001468,74.125.200.0-255,5738,83808,46,311191
3974,0.001478,172.31.46.0-255,66,83874,46,311191
3975,0.001489,172.31.46.0-255,66,83940,46,311191
3976,0.0015,172.31.46.0-255,66,84006,46,311191
3977,0.00216,74.125.200.0-255,1484,85490,46,311191
3978,0.002169,74.125.200.0-255,2902,88392,46,311191
3979,0.002174,172.31.46.0-255,66,88458,46,311191
3980,0.002179,74.125.200.0-255,1484,89942,46,311191
3981,0.002206,74.125.200.0-255,4320,94262,46,311191
3982,0.002208,172.31.46.0-255,66,94328,46,311191
3983,0.002212,74.125.200.0-255,2902,97230,46,311191
3984,0.002214,172.31.46.0-255,66,97296,46,311191
3985,0.00222,74.125.200.0-255,4320,101616,46,311191
3986,0.002222,172.31.46.0-255,66,101682,46,311191
3987,0.002239,172.31.46.0-255,66,101748,46,311191
3988,0.002244,74.125.200.0-255,2902,104650,46,311191
3989,0.002246,172.31.46.0-255,66,104716,46,311191
3990,0.002283,74.125.200.0-255,4320,109036,46,311191
3991,0.002285,172.31.46.0-255,66,109102,46,311191
3992,0.002288,74.125.200.0-255,766,109868,46,311191
3993,0.002457,74.125.200.0-255,1484,111352,46,311191
3994,0.00246,172.31.46.0-255,66,111418,46,311191
3995,0.00249,74.125.200.0-255,2902,114320,46,311191
3996,0.002492,172.31.46.0-255,66,114386,46,311191
3997,0.002499,74.125.200.0-255,5738,120124,46,311191
3998,0.002501,172.31.46.0-255,66,120190,46,311191
3999,0.002529,74.125.200.0-255,2902,123092,46,311191
4000,0.002531,172.31.46.0-255,66,123158,46,311191
4001,0.002554,74.125.200.0-255,2902,126060,46,311191
4002,0.002556,172.31.46.0-255,66,126126,46,311191
4003,0.002587,74.125.200.0-255,7156,133282,46,311191
4004,0.00259,172.31.46.0-255,66,133348,46,311191
4005,0.002596,74.125.200.0-255,5738,139086,46,311191
4006,0.002598,172.31.46.0-255,66,139152,46,311191
4007,0.00261,74.125.200.0-255,6438,145590,46,311191
4008,0.002612,172.31.46.0-255,66,145656,46,311191
4009,0.002618,74.125.200.0-255,5738,151394,46,311191
4010,0.002621,172.31.46.0-255,66,151460,46,311191
4011,0.002698,172.31.46.0-255,66,151526,46,311191
4012,0.002707,74.125.200.0-255,7156,158682,46,311191
4013,0.002709,172.31.46.0-255,66,158748,46,311191
4014,0.00272,74.125.200.0-255,5020,163768,46,311191
4015,0.002723,172.31.46.0-255,66,163834,46,311191
4016,0.003163,74.125.200.0-255,1484,165318,46,311191
4017,0.003179,74.125.200.0-255,2902,168220,46,311191
4018,0.003182,172.31.46.0-255,66,168286,46,311191
4019,0.003213,74.125.200.0-255,5738,174024,46,311191
4020,0.003215,172.31.46.0-255,66,174090,46,311191
4021,0.003218,74.125.200.0-255,1484,175574,46,311191
4022,0.003243,74.125.200.0-255,7156,182730,46,311191
4023,0.003246,172.31.46.0-255,66,182796,46,311191
4024,0.003274,74.125.200.0-255,5738,188534,46,311191
4025,0.003276,172.31.46.0-255,66,188600,46,311191
4026,0.003307,74.125.200.0-255,4320,192920,46,311191
4027,0.00331,172.31.46.0-255,66,192986,46,311191
4028,0.003313,74.125.200.0-255,1484,194470,46,311191
4029,0.003335,74.125.200.0-255,3602,198072,46,311191
4030,0.003337,172.31.46.0-255,66,198138,46,311191
4031,0.003381,74.125.200.0-255,1484,199622,46,311191
4032,0.003394,74.125.200.0-255,2902,202524,46,311191
4033,0.003397,172.31.46.0-255,66,202590,46,311191
4034,0.003422,74.125.200.0-255,5738,208328,46,311191
4035,0.003426,172.31.46.0-255,66,208394,46,311191
4036,0.003449,74.125.200.0-255,1484,209878,46,311191
4037,0.003463,74.125.200.0-255,1484,211362,46,311191
4038,0.003466,172.31.46.0-255,66,211428,46,311191
4039,0.003501,74.125.200.0-255,7156,218584,46,311191
4040,0.003505,172.31.46.0-255,66,218650,46,311191
4041,0.00351,74.125.200.0-255,4320,222970,46,311191
4042,0.003513,172.31.46.0-255,66,223036,46,311191
4043,0.003515,74.125.200.0-255,1484,224520,46,311191
4044,0.003531,172.31.46.0-255,66,224586,46,311191
4045,0.003576,172.31.46.0-255,66,224652,46,311191
4046,0.003579,74.125.200.0-255,1484,226136,46,311191
4047,0.003582,74.125.200.0-255,1484,227620,46,311191
4048,0.003584,172.31.46.0-255,66,227686,46,311191
4049,0.003592,74.125.200.0-255,1484,229170,46,311191
4050,0.003596,74.125.200.0-255,2902,232072,46,311191
4051,0.003598,172.31.46.0-255,66,232138,46,311191
4052,0.003605,74.125.200.0-255,5738,237876,46,311191
4053,0.003607,172.31.46.0-255,66,237942,46,311191
4054,0.003649,74.125.200.0-255,2902,240844,46,311191
4055,0.003652,172.31.46.0-255,66,240910,46,311191
4056,0.003675,74.125.200.0-255,5738,246648,46,311191
4057,0.003678,172.31.46.0-255,66,246714,46,311191
4058,0.003683,74.125.200.0-255,5020,251734,46,311191
4059,0.003686,172.31.46.0-255,66,251800,46,311191
4060,0.00372,74.125.200.0-255,5738,257538,46,311191
4061,0.003723,172.31.46.0-255,66,257604,46,311191
4062,0.003726,74.125.200.0-255,1484,259088,46,311191
4063,0.003751,74.125.200.0-255,4320,263408,46,311191
4064,0.003753,172.31.46.0-255,66,263474,46,311191
4065,0.003783,74.125.200.0-255,2902,266376,46,311191
4066,0.003785,172.31.46.0-255,66,266442,46,311191
4067,0.003792,74.125.200.0-255,5738,272180,46,311191
4068,0.003794,172.31.46.0-255,66,272246,46,311191
4069,0.003797,74.125.200.0-255,1484,273730,46,311191
4070,0.003805,74.125.200.0-255,1484,275214,46,311191
4071,0.003807,172.31.46.0-255,66,275280,46,311191
4072,0.00381,74.125.200.0-255,1484,276764,46,311191
4073,0.003816,74.125.200.0-255,4320,281084,46,311191
4074,0.003818,172.31.46.0-255,66,281150,46,311191
4075,0.003821,74.125.200.0-255,1484,282634,46,311191
4076,0.003847,74.125.200.0-255,2184,284818,46,311191
4077,0.003851,172.31.46.0-255,66,284884,46,311191
4078,0.00392,74.125.200.0-255,1484,286368,46,311191
4079,0.003946,74.125.200.0-255,2902,289270,46,311191
4080,0.003949,172.31.46.0-255,66,289336,46,311191
4081,0.003955,74.125.200.0-255,4320,293656,46,311191
4082,0.003958,172.31.46.0-255,66,293722,46,311191
4083,0.003984,74.125.200.0-255,1484,295206,46,311191
4084,0.003995,172.31.46.0-255,66,295272,46,311191
4085,0.004024,74.125.200.0-255,4320,299592,46,311191
4086,0.004026,172.31.46.0-255,66,299658,46,311191
4087,0.004106,172.31.46.0-255,66,299724,46,311191
4088,0.004124,172.31.46.0-255,66,299790,46,311191
4089,0.004149,74.125.200.0-255,1847,301637,46,311191
4090,0.004152,172.31.46.0-255,66,301703,46,311191
4091,0.004155,74.125.200.0-255,105,301808,46,311191
4092,0.007255,172.31.46.0-255,105,301913,46,311191
4093,0.009554,74.125.200.0-255,66,301979,46,311191
4094,0.037276,172.31.46.0-255,172,302151,46,311191
4095,0.037308,172.31.46.0-255,1115,303266,46,311191
4096,0.037373,172.31.46.0-255,1514,304780,46,311191
4097,0.037374,172.31.46.0-255,1514,306294,46,311191
4098,0.037376,172.31.46.0-255,1514,307808,46,311191
4099,0.037377,172.31.46.0-255,1514,309322,46,311191
4100,0.037404,172.31.46.0-255,1497,310819,46,311191
4101,0.038956,104.244.42.0-255,66,310885,46,311191
4102,0.038995,104.244.42.0-255,66,310951,46,311191
4103,0.039095,104.244.42.0-255,66,311017,46,311191
4104,0.044524,104.244.42.0-255,108,311125,46,311191
4105,0.044539,172.31.46.0-255,66,311191,46,311191
4106,0.0,172.217.194.0-255,147,147,46,229988
4107,1.5e-05,172.31.46.0-255,66,213,46,229988
4108,2.2e-05,172.217.194.0-255,1484,1697,46,229988
4109,2.6e-05,172.31.46.0-255,66,1763,46,229988
4110,3.1e-05,172.217.194.0-255,2902,4665,46,229988
4111,3.4e-05,172.31.46.0-255,66,4731,46,229988
4112,6.5e-05,172.217.194.0-255,7156,11887,46,229988
4113,6.7e-05,172.31.46.0-255,66,11953,46,229988
4114,8.7e-05,172.217.194.0-255,1484,13437,46,229988
4115,8.9e-05,172.31.46.0-255,66,13503,46,229988
4116,0.00011,172.217.194.0-255,5738,19241,46,229988
4117,0.000112,172.31.46.0-255,66,19307,46,229988
4118,0.000139,172.31.46.0-255,66,19373,46,229988
4119,0.000158,172.217.194.0-255,2543,21916,46,229988
4120,0.00016,172.31.46.0-255,66,21982,46,229988
4121,0.000304,172.217.194.0-255,1484,23466,46,229988
4122,0.000309,172.31.46.0-255,66,23532,46,229988
4123,0.000314,172.217.194.0-255,2902,26434,46,229988
4124,0.000317,172.31.46.0-255,66,26500,46,229988
4125,0.000323,172.217.194.0-255,5738,32238,46,229988
4126,0.000325,172.31.46.0-255,66,32304,46,229988
4127,0.000328,172.217.194.0-255,1484,33788,46,229988
4128,0.000331,172.31.46.0-255,66,33854,46,229988
4129,0.000361,172.217.194.0-255,7156,41010,46,229988
4130,0.000363,172.31.46.0-255,66,41076,46,229988
4131,0.00038,172.217.194.0-255,2543,43619,46,229988
4132,0.000382,172.31.46.0-255,66,43685,46,229988
4133,0.000393,172.31.46.0-255,66,43751,46,229988
4134,0.000416,172.217.194.0-255,4214,47965,46,229988
4135,0.000418,172.31.46.0-255,66,48031,46,229988
4136,0.000421,172.217.194.0-255,119,48150,46,229988
4137,0.000483,172.217.194.0-255,1484,49634,46,229988
4138,0.000486,172.31.46.0-255,66,49700,46,229988
4139,0.000501,172.217.194.0-255,1484,51184,46,229988
4140,0.000523,172.217.194.0-255,1484,52668,46,229988
4141,0.000526,172.31.46.0-255,66,52734,46,229988
4142,0.000533,172.217.194.0-255,5738,58472,46,229988
4143,0.000536,172.31.46.0-255,66,58538,46,229988
4144,0.000546,172.31.46.0-255,66,58604,46,229988
4145,0.000594,172.217.194.0-255,4320,62924,46,229988
4146,0.000596,172.31.46.0-255,66,62990,46,229988
4147,0.000628,172.31.46.0-255,66,63056,46,229988
4148,0.000631,172.217.194.0-255,379,63435,46,229988
4149,0.000719,172.217.194.0-255,1484,64919,46,229988
4150,0.000724,172.31.46.0-255,66,64985,46,229988
4151,0.000728,172.217.194.0-255,2902,67887,46,229988
4152,0.00073,172.31.46.0-255,66,67953,46,229988
4153,0.000754,172.217.194.0-255,5738,73691,46,229988
4154,0.000757,172.31.46.0-255,66,73757,46,229988
4155,0.000763,172.217.194.0-255,4320,78077,46,229988
4156,0.000766,172.31.46.0-255,66,78143,46,229988
4157,0.000788,172.31.46.0-255,66,78209,46,229988
4158,0.000819,172.31.46.0-255,66,78275,46,229988
4159,0.000855,172.217.194.0-255,7156,85431,46,229988
4160,0.000858,172.31.46.0-255,66,85497,46,229988
4161,0.000887,172.217.194.0-255,4320,89817,46,229988
4162,0.00089,172.31.46.0-255,66,89883,46,229988
4163,0.000904,172.31.46.0-255,66,89949,46,229988
4164,0.000915,172.31.46.0-255,66,90015,46,229988
4165,0.000936,172.217.194.0-255,5738,95753,46,229988
4166,0.000953,172.31.46.0-255,66,95819,46,229988
4167,0.000982,172.217.194.0-255,4320,100139,46,229988
4168,0.000986,172.31.46.0-255,66,100205,46,229988
4169,0.000998,172.31.46.0-255,66,100271,46,229988
4170,0.001004,172.217.194.0-255,5738,106009,46,229988
4171,0.001007,172.31.46.0-255,66,106075,46,229988
4172,0.001026,172.217.194.0-255,6438,112513,46,229988
4173,0.001029,172.31.46.0-255,66,112579,46,229988
4174,0.001166,172.217.194.0-255,1484,114063,46,229988
4175,0.00117,172.217.194.0-255,1484,115547,46,229988
4176,0.001173,172.31.46.0-255,66,115613,46,229988
4177,0.001192,172.217.194.0-255,1484,117097,46,229988
4178,0.001199,172.217.194.0-255,5738,122835,46,229988
4179,0.001201,172.31.46.0-255,66,122901,46,229988
4180,0.001206,172.217.194.0-255,2902,125803,46,229988
4181,0.001208,172.31.46.0-255,66,125869,46,229988
4182,0.001222,172.217.194.0-255,1484,127353,46,229988
4183,0.001245,172.31.46.0-255,66,127419,46,229988
4184,0.001269,172.217.194.0-255,7156,134575,46,229988
4185,0.001272,172.31.46.0-255,66,134641,46,229988
4186,0.001294,172.217.194.0-255,3602,138243,46,229988
4187,0.001296,172.31.46.0-255,66,138309,46,229988
4188,0.001331,172.217.194.0-255,1484,139793,46,229988
4189,0.001346,172.217.194.0-255,2902,142695,46,229988
4190,0.001349,172.31.46.0-255,66,142761,46,229988
4191,0.001375,172.217.194.0-255,5738,148499,46,229988
4192,0.00138,172.217.194.0-255,4320,152819,46,229988
4193,0.001384,172.31.46.0-255,66,152885,46,229988
4194,0.001387,172.31.46.0-255,66,152951,46,229988
4195,0.001416,172.31.46.0-255,66,153017,46,229988
4196,0.00143,172.31.46.0-255,66,153083,46,229988
4197,0.001554,172.217.194.0-255,1484,154567,46,229988
4198,0.001575,172.217.194.0-255,2902,157469,46,229988
4199,0.001578,172.31.46.0-255,66,157535,46,229988
4200,0.001584,172.217.194.0-255,5738,163273,46,229988
4201,0.001586,172.31.46.0-255,66,163339,46,229988
4202,0.001609,172.217.194.0-255,7156,170495,46,229988
4203,0.001611,172.31.46.0-255,66,170561,46,229988
4204,0.001636,172.217.194.0-255,5738,176299,46,229988
4205,0.001639,172.31.46.0-255,66,176365,46,229988
4206,0.001651,172.31.46.0-255,66,176431,46,229988
4207,0.001667,172.217.194.0-255,766,177197,46,229988
4208,0.00167,172.217.194.0-255,1484,178681,46,229988
4209,0.001672,172.31.46.0-255,66,178747,46,229988
4210,0.001695,172.217.194.0-255,4320,183067,46,229988
4211,0.001698,172.31.46.0-255,66,183133,46,229988
4212,0.001701,172.217.194.0-255,1484,184617,46,229988
4213,0.001715,172.217.194.0-255,4320,188937,46,229988
4214,0.001717,172.31.46.0-255,66,189003,46,229988
4215,0.001747,172.217.194.0-255,4320,193323,46,229988
4216,0.00175,172.31.46.0-255,66,193389,46,229988
4217,0.001757,172.217.194.0-255,7156,200545,46,229988
4218,0.00176,172.31.46.0-255,66,200611,46,229988
4219,0.001771,172.217.194.0-255,1484,202095,46,229988
4220,0.001787,172.217.194.0-255,5738,207833,46,229988
4221,0.00179,172.31.46.0-255,66,207899,46,229988
4222,0.001824,172.31.46.0-255,66,207965,46,229988
4223,0.001827,172.217.194.0-255,1484,209449,46,229988
4224,0.001842,172.31.46.0-255,66,209515,46,229988
4225,0.001871,172.31.46.0-255,66,209581,46,229988
4226,0.001877,172.217.194.0-255,5020,214601,46,229988
4227,0.001879,172.31.46.0-255,66,214667,46,229988
4228,0.001881,172.217.194.0-255,1484,216151,46,229988
4229,0.0019,172.217.194.0-255,4320,220471,46,229988
4230,0.001904,172.31.46.0-255,66,220537,46,229988
4231,0.001933,172.31.46.0-255,66,220603,46,229988
4232,0.001936,172.217.194.0-255,105,220708,46,229988
4233,0.009594,172.31.46.0-255,66,220774,46,229988
4234,0.009634,172.31.46.0-255,105,220879,46,229988
4235,0.011734,172.217.194.0-255,66,220945,46,229988
4236,0.038692,172.31.46.0-255,176,221121,46,229988
4237,0.038726,172.31.46.0-255,1118,222239,46,229988
4238,0.038795,172.31.46.0-255,1514,223753,46,229988
4239,0.038796,172.31.46.0-255,1514,225267,46,229988
4240,0.038798,172.31.46.0-255,1514,226781,46,229988
4241,0.038799,172.31.46.0-255,1514,228295,46,229988
4242,0.0388,172.31.46.0-255,1495,229790,46,229988
4243,0.040379,104.244.42.0-255,66,229856,46,229988
4244,0.040432,104.244.42.0-255,66,229922,46,229988
4245,0.040549,104.244.42.0-255,66,229988,46,229988
4246,0.0,172.217.194.0-255,294,294,46,162355
4247,2.8e-05,172.31.46.0-255,66,360,46,162355
4248,3.5e-05,172.217.194.0-255,1484,1844,46,162355
4249,4.1e-05,172.31.46.0-255,66,1910,46,162355
4250,5.7e-05,172.217.194.0-255,4320,6230,46,162355
4251,6.1e-05,172.31.46.0-255,66,6296,46,162355
4252,7.3e-05,172.31.46.0-255,66,6362,46,162355
4253,8e-05,172.217.194.0-255,7156,13518,46,162355
4254,8.2e-05,172.31.46.0-255,66,13584,46,162355
4255,9.3e-05,172.31.46.0-255,66,13650,46,162355
4256,0.000119,172.217.194.0-255,1125,14775,46,162355
4257,0.000127,172.31.46.0-255,66,14841,46,162355
4258,0.000206,172.217.194.0-255,1484,16325,46,162355
4259,0.000209,172.31.46.0-255,66,16391,46,162355
4260,0.000215,172.217.194.0-255,2902,19293,46,162355
4261,0.000216,172.31.46.0-255,66,19359,46,162355
4262,0.00022,172.217.194.0-255,1484,20843,46,162355
4263,0.000222,172.31.46.0-255,66,20909,46,162355
4264,0.000258,172.217.194.0-255,4320,25229,46,162355
4265,0.000261,172.31.46.0-255,66,25295,46,162355
4266,0.000269,172.217.194.0-255,6797,32092,46,162355
4267,0.000271,172.31.46.0-255,66,32158,46,162355
4268,0.000295,172.217.194.0-255,4320,36478,46,162355
4269,0.000297,172.31.46.0-255,66,36544,46,162355
4270,0.000331,172.217.194.0-255,2902,39446,46,162355
4271,0.000334,172.31.46.0-255,66,39512,46,162355
4272,0.000345,172.31.46.0-255,66,39578,46,162355
4273,0.000348,172.217.194.0-255,1125,40703,46,162355
4274,0.00035,172.31.46.0-255,66,40769,46,162355
4275,0.000446,172.217.194.0-255,364,41133,46,162355
4276,0.000451,172.217.194.0-255,380,41513,46,162355
4277,0.001009,172.217.194.0-255,1484,42997,46,162355
4278,0.001017,172.31.46.0-255,66,43063,46,162355
4279,0.001023,172.217.194.0-255,2902,45965,46,162355
4280,0.001025,172.31.46.0-255,66,46031,46,162355
4281,0.001028,172.217.194.0-255,1484,47515,46,162355
4282,0.001056,172.217.194.0-255,4320,51835,46,162355
4283,0.001058,172.31.46.0-255,66,51901,46,162355
4284,0.001066,172.217.194.0-255,5738,57639,46,162355
4285,0.001068,172.31.46.0-255,66,57705,46,162355
4286,0.001109,172.217.194.0-255,7156,64861,46,162355
4287,0.001112,172.31.46.0-255,66,64927,46,162355
4288,0.001125,172.31.46.0-255,66,64993,46,162355
4289,0.001132,172.217.194.0-255,6438,71431,46,162355
4290,0.001134,172.31.46.0-255,66,71497,46,162355
4291,0.00114,172.217.194.0-255,4320,75817,46,162355
4292,0.001142,172.31.46.0-255,66,75883,46,162355
4293,0.001167,172.217.194.0-255,2902,78785,46,162355
4294,0.001171,172.31.46.0-255,66,78851,46,162355
4295,0.001187,172.31.46.0-255,66,78917,46,162355
4296,0.001193,172.217.194.0-255,4320,83237,46,162355
4297,0.001195,172.31.46.0-255,66,83303,46,162355
4298,0.001226,172.217.194.0-255,5020,88323,46,162355
4299,0.001229,172.31.46.0-255,66,88389,46,162355
4300,0.001277,172.31.46.0-255,66,88455,46,162355
4301,0.001316,172.31.46.0-255,66,88521,46,162355
4302,0.00132,172.217.194.0-255,2184,90705,46,162355
4303,0.001322,172.31.46.0-255,66,90771,46,162355
4304,0.001512,172.217.194.0-255,1484,92255,46,162355
4305,0.00152,172.217.194.0-255,2902,95157,46,162355
4306,0.001523,172.31.46.0-255,66,95223,46,162355
4307,0.001562,172.217.194.0-255,5738,100961,46,162355
4308,0.001564,172.31.46.0-255,66,101027,46,162355
4309,0.001568,172.217.194.0-255,1484,102511,46,162355
4310,0.001583,172.31.46.0-255,66,102577,46,162355
4311,0.001621,172.31.46.0-255,66,102643,46,162355
4312,0.001667,172.217.194.0-255,1484,104127,46,162355
4313,0.001671,172.217.194.0-255,1484,105611,46,162355
4314,0.001674,172.31.46.0-255,66,105677,46,162355
4315,0.001698,172.217.194.0-255,1484,107161,46,162355
4316,0.001705,172.217.194.0-255,5738,112899,46,162355
4317,0.001708,172.31.46.0-255,66,112965,46,162355
4318,0.001748,172.31.46.0-255,66,113031,46,162355
4319,0.001753,172.217.194.0-255,2902,115933,46,162355
4320,0.001756,172.31.46.0-255,66,115999,46,162355
4321,0.001784,172.31.46.0-255,66,116065,46,162355
4322,0.001809,172.217.194.0-255,1484,117549,46,162355
4323,0.001814,172.217.194.0-255,2902,120451,46,162355
4324,0.001817,172.31.46.0-255,66,120517,46,162355
4325,0.001824,172.217.194.0-255,5738,126255,46,162355
4326,0.001826,172.31.46.0-255,66,126321,46,162355
4327,0.001862,172.31.46.0-255,66,126387,46,162355
4328,0.001891,172.217.194.0-255,4320,130707,46,162355
4329,0.001894,172.31.46.0-255,66,130773,46,162355
4330,0.0019,172.217.194.0-255,4320,135093,46,162355
4331,0.001902,172.31.46.0-255,66,135159,46,162355
4332,0.001927,172.31.46.0-255,66,135225,46,162355
4333,0.001941,172.31.46.0-255,66,135291,46,162355
4334,0.001993,172.31.46.0-255,66,135357,46,162355
4335,0.001996,172.217.194.0-255,1484,136841,46,162355
4336,0.00202,172.217.194.0-255,2902,139743,46,162355
4337,0.002023,172.31.46.0-255,66,139809,46,162355
4338,0.00203,172.217.194.0-255,5738,145547,46,162355
4339,0.002032,172.31.46.0-255,66,145613,46,162355
4340,0.002066,172.31.46.0-255,66,145679,46,162355
4341,0.002098,172.217.194.0-255,4320,149999,46,162355
4342,0.002101,172.31.46.0-255,66,150065,46,162355
4343,0.002146,172.31.46.0-255,66,150131,46,162355
4344,0.002175,172.217.194.0-255,766,150897,46,162355
4345,0.002189,172.31.46.0-255,66,150963,46,162355
4346,0.002206,172.31.46.0-255,66,151029,46,162355
4347,0.002242,172.217.194.0-255,1880,152909,46,162355
4348,0.002256,172.217.194.0-255,105,153014,46,162355
4349,0.002266,172.31.46.0-255,66,153080,46,162355
4350,0.010228,172.31.46.0-255,105,153185,46,162355
4351,0.012467,172.217.194.0-255,66,153251,46,162355
4352,0.039989,172.31.46.0-255,172,153423,46,162355
4353,0.040029,172.31.46.0-255,1118,154541,46,162355
4354,0.040098,172.31.46.0-255,1514,156055,46,162355
4355,0.0401,172.31.46.0-255,1514,157569,46,162355
4356,0.040106,172.31.46.0-255,1514,159083,46,162355
4357,0.040107,172.31.46.0-255,1514,160597,46,162355
4358,0.040133,172.31.46.0-255,1494,162091,46,162355
4359,0.041553,104.244.42.0-255,66,162157,46,162355
4360,0.041586,104.244.42.0-255,66,162223,46,162355
4361,0.041643,104.244.42.0-255,66,162289,46,162355
4362,0.041734,104.244.42.0-255,66,162355,46,162355
4363,0.0,172.253.118.0-255,153,153,46,217435
4364,2.2e-05,172.31.46.0-255,66,219,46,217435
4365,2.8e-05,172.253.118.0-255,1484,1703,46,217435
4366,3.2e-05,172.31.46.0-255,66,1769,46,217435
4367,3.8e-05,172.253.118.0-255,2902,4671,46,217435
4368,4e-05,172.31.46.0-255,66,4737,46,217435
4369,4.7e-05,172.253.118.0-255,7156,11893,46,217435
4370,4.9e-05,172.31.46.0-255,66,11959,46,217435
4371,5.3e-05,172.253.118.0-255,2119,14078,46,217435
4372,5.6e-05,172.31.46.0-255,66,14144,46,217435
4373,0.000342,172.253.118.0-255,1484,15628,46,217435
4374,0.000346,172.31.46.0-255,66,15694,46,217435
4375,0.000352,172.253.118.0-255,2902,18596,46,217435
4376,0.000354,172.31.46.0-255,66,18662,46,217435
4377,0.000357,172.253.118.0-255,1484,20146,46,217435
4378,0.000359,172.31.46.0-255,66,20212,46,217435
4379,0.000384,172.253.118.0-255,4320,24532,46,217435
4380,0.000389,172.31.46.0-255,66,24598,46,217435
4381,0.000401,172.253.118.0-255,1484,26082,46,217435
4382,0.000403,172.31.46.0-255,66,26148,46,217435
4383,0.000428,172.253.118.0-255,5379,31527,46,217435
4384,0.000431,172.31.46.0-255,66,31593,46,217435
4385,0.000929,172.253.118.0-255,1484,33077,46,217435
4386,0.000934,172.31.46.0-255,66,33143,46,217435
4387,0.000942,172.253.118.0-255,2902,36045,46,217435
4388,0.000944,172.31.46.0-255,66,36111,46,217435
4389,0.000949,172.253.118.0-255,2902,39013,46,217435
4390,0.00095,172.31.46.0-255,66,39079,46,217435
4391,0.000977,172.253.118.0-255,2902,41981,46,217435
4392,0.00098,172.31.46.0-255,66,42047,46,217435
4393,0.000986,172.253.118.0-255,5738,47785,46,217435
4394,0.000988,172.31.46.0-255,66,47851,46,217435
4395,0.000991,172.253.118.0-255,1484,49335,46,217435
4396,0.001013,172.253.118.0-255,4320,53655,46,217435
4397,0.001029,172.31.46.0-255,66,53721,46,217435
4398,0.001045,172.253.118.0-255,3961,57682,46,217435
4399,0.001055,172.31.46.0-255,66,57748,46,217435
4400,0.003101,172.253.118.0-255,5738,63486,46,217435
4401,0.003109,172.31.46.0-255,66,63552,46,217435
4402,0.00513,172.253.118.0-255,4320,67872,46,217435
4403,0.005142,172.253.118.0-255,1484,69356,46,217435
4404,0.006353,172.31.46.0-255,66,69422,46,217435
4405,0.008394,172.253.118.0-255,5738,75160,46,217435
4406,0.008402,172.31.46.0-255,66,75226,46,217435
4407,0.010501,172.253.118.0-255,5738,80964,46,217435
4408,0.011409,172.31.46.0-255,66,81030,46,217435
4409,0.013444,172.253.118.0-255,5738,86768,46,217435
4410,0.013456,172.31.46.0-255,66,86834,46,217435
4411,0.015514,172.253.118.0-255,5738,92572,46,217435
4412,0.015523,172.31.46.0-255,66,92638,46,217435
4413,0.017838,172.253.118.0-255,5738,98376,46,217435
4414,0.017847,172.31.46.0-255,66,98442,46,217435
4415,0.019867,172.253.118.0-255,5738,104180,46,217435
4416,0.019874,172.31.46.0-255,66,104246,46,217435
4417,0.021904,172.253.118.0-255,5738,109984,46,217435
4418,0.021911,172.31.46.0-255,66,110050,46,217435
4419,0.023947,172.253.118.0-255,4320,114370,46,217435
4420,0.023955,172.31.46.0-255,66,114436,46,217435
4421,0.023974,172.253.118.0-255,1484,115920,46,217435
4422,0.025965,172.253.118.0-255,4320,120240,46,217435
4423,0.025972,172.31.46.0-255,66,120306,46,217435
4424,0.02807,172.253.118.0-255,5738,126044,46,217435
4425,0.028347,172.31.46.0-255,66,126110,46,217435
4426,0.030404,172.253.118.0-255,5738,131848,46,217435
4427,0.030424,172.31.46.0-255,66,131914,46,217435
4428,0.032462,172.253.118.0-255,5738,137652,46,217435
4429,0.032471,172.31.46.0-255,66,137718,46,217435
4430,0.034516,172.253.118.0-255,5738,143456,46,217435
4431,0.034523,172.31.46.0-255,66,143522,46,217435
4432,0.03655,172.253.118.0-255,4320,147842,46,217435
4433,0.036554,172.31.46.0-255,66,147908,46,217435
4434,0.036572,172.253.118.0-255,1484,149392,46,217435
4435,0.03861,172.253.118.0-255,4320,153712,46,217435
4436,0.038619,172.31.46.0-255,66,153778,46,217435
4437,0.040629,172.253.118.0-255,5738,159516,46,217435
4438,0.04079,172.31.46.0-255,172,159688,46,217435
4439,0.04082,172.31.46.0-255,1119,160807,46,217435
4440,0.040877,172.31.46.0-255,1514,162321,46,217435
4441,0.040879,172.31.46.0-255,1360,163681,46,217435
4442,0.040902,172.31.46.0-255,66,163747,46,217435
4443,0.042344,104.244.42.0-255,66,163813,46,217435
4444,0.042386,104.244.42.0-255,66,163879,46,217435
4445,0.042445,104.244.42.0-255,66,163945,46,217435
4446,0.042931,172.253.118.0-255,2902,166847,46,217435
4447,0.042935,172.31.46.0-255,66,166913,46,217435
4448,0.042954,172.253.118.0-255,2902,169815,46,217435
4449,0.042974,172.31.46.0-255,66,169881,46,217435
4450,0.044964,172.253.118.0-255,2902,172783,46,217435
4451,0.044984,172.31.46.0-255,66,172849,46,217435
4452,0.045016,172.253.118.0-255,1484,174333,46,217435
4453,0.04503,172.253.118.0-255,1484,175817,46,217435
4454,0.045051,172.31.46.0-255,66,175883,46,217435
4455,0.047008,172.253.118.0-255,2902,178785,46,217435
4456,0.047014,172.31.46.0-255,66,178851,46,217435
4457,0.047067,172.253.118.0-255,2902,181753,46,217435
4458,0.047083,172.31.46.0-255,66,181819,46,217435
4459,0.049043,172.253.118.0-255,2902,184721,46,217435
4460,0.049054,172.31.46.0-255,66,184787,46,217435
4461,0.04911,172.253.118.0-255,2902,187689,46,217435
4462,0.04912,172.31.46.0-255,66,187755,46,217435
4463,0.051079,172.253.118.0-255,2902,190657,46,217435
4464,0.051085,172.31.46.0-255,66,190723,46,217435
4465,0.051137,172.253.118.0-255,2902,193625,46,217435
4466,0.051157,172.31.46.0-255,66,193691,46,217435
4467,0.053129,172.253.118.0-255,2902,196593,46,217435
4468,0.053135,172.31.46.0-255,66,196659,46,217435
4469,0.053172,172.253.118.0-255,2902,199561,46,217435
4470,0.053179,172.31.46.0-255,66,199627,46,217435
4471,0.055175,172.253.118.0-255,2902,202529,46,217435
4472,0.05518,172.31.46.0-255,66,202595,46,217435
4473,0.055199,172.253.118.0-255,2902,205497,46,217435
4474,0.055221,172.31.46.0-255,66,205563,46,217435
4475,0.057202,172.253.118.0-255,2902,208465,46,217435
4476,0.057208,172.31.46.0-255,66,208531,46,217435
4477,0.057242,172.253.118.0-255,2902,211433,46,217435
4478,0.057248,172.31.46.0-255,66,211499,46,217435
4479,0.059248,172.253.118.0-255,2902,214401,46,217435
4480,0.059254,172.31.46.0-255,66,214467,46,217435
4481,0.059283,172.253.118.0-255,2902,217369,46,217435
4482,0.059307,172.31.46.0-255,66,217435,46,217435
4483,0.0,172.31.46.0-255,105,105,46,315321
4484,0.001754,157.240.25.0-255,105,210,46,315321
4485,0.001767,172.31.46.0-255,66,276,46,315321
4486,0.033502,74.125.200.0-255,153,429,46,315321
4487,0.033525,172.31.46.0-255,66,495,46,315321
4488,0.033533,74.125.200.0-255,1484,1979,46,315321
4489,0.033537,172.31.46.0-255,66,2045,46,315321
4490,0.033542,74.125.200.0-255,2902,4947,46,315321
4491,0.033545,172.31.46.0-255,66,5013,46,315321
4492,0.03355,74.125.200.0-255,2902,7915,46,315321
4493,0.033553,172.31.46.0-255,66,7981,46,315321
4494,0.033572,74.125.200.0-255,2902,10883,46,315321
4495,0.033576,172.31.46.0-255,66,10949,46,315321
4496,0.033597,74.125.200.0-255,1484,12433,46,315321
4497,0.033599,172.31.46.0-255,66,12499,46,315321
4498,0.033619,74.125.200.0-255,2090,14589,46,315321
4499,0.033621,172.31.46.0-255,66,14655,46,315321
4500,0.033651,74.125.200.0-255,4320,18975,46,315321
4501,0.033653,172.31.46.0-255,66,19041,46,315321
4502,0.033676,74.125.200.0-255,5738,24779,46,315321
4503,0.033679,172.31.46.0-255,66,24845,46,315321
4504,0.033697,74.125.200.0-255,1484,26329,46,315321
4505,0.0337,172.31.46.0-255,66,26395,46,315321
4506,0.033726,74.125.200.0-255,5379,31774,46,315321
4507,0.033729,172.31.46.0-255,66,31840,46,315321
4508,0.033744,74.125.200.0-255,4320,36160,46,315321
4509,0.033746,172.31.46.0-255,66,36226,46,315321
4510,0.033761,74.125.200.0-255,2902,39128,46,315321
4511,0.033764,172.31.46.0-255,66,39194,46,315321
4512,0.033769,74.125.200.0-255,4320,43514,46,315321
4513,0.033771,172.31.46.0-255,66,43580,46,315321
4514,0.033791,74.125.200.0-255,1484,45064,46,315321
4515,0.033793,172.31.46.0-255,66,45130,46,315321
4516,0.033796,74.125.200.0-255,1484,46614,46,315321
4517,0.033798,172.31.46.0-255,66,46680,46,315321
4518,0.033814,74.125.200.0-255,2543,49223,46,315321
4519,0.03396,172.31.46.0-255,66,49289,46,315321
4520,0.034111,172.31.46.0-255,101,49390,46,315321
4521,0.034385,74.125.200.0-255,1484,50874,46,315321
4522,0.034403,74.125.200.0-255,2902,53776,46,315321
4523,0.034407,172.31.46.0-255,66,53842,46,315321
4524,0.034412,74.125.200.0-255,2902,56744,46,315321
4525,0.034425,74.125.200.0-255,1484,58228,46,315321
4526,0.034438,74.125.200.0-255,2902,61130,46,315321
4527,0.034471,74.125.200.0-255,5379,66509,46,315321
4528,0.034498,172.31.46.0-255,66,66575,46,315321
4529,0.034506,74.125.200.0-255,1484,68059,46,315321
4530,0.034525,74.125.200.0-255,4320,72379,46,315321
4531,0.034562,172.31.46.0-255,66,72445,46,315321
4532,0.034574,74.125.200.0-255,7156,79601,46,315321
4533,0.03458,74.125.200.0-255,4541,84142,46,315321
4534,0.034584,172.31.46.0-255,66,84208,46,315321
4535,0.034626,74.125.200.0-255,1484,85692,46,315321
4536,0.034646,74.125.200.0-255,2902,88594,46,315321
4537,0.034656,172.31.46.0-255,66,88660,46,315321
4538,0.034661,74.125.200.0-255,2902,91562,46,315321
4539,0.034665,172.31.46.0-255,66,91628,46,315321
4540,0.034674,74.125.200.0-255,2902,94530,46,315321
4541,0.03468,74.125.200.0-255,4320,98850,46,315321
4542,0.034701,172.31.46.0-255,66,98916,46,315321
4543,0.03472,74.125.200.0-255,2543,101459,46,315321
4544,0.034735,172.31.46.0-255,66,101525,46,315321
4545,0.03483,74.125.200.0-255,1484,103009,46,315321
4546,0.034842,74.125.200.0-255,1484,104493,46,315321
4547,0.034859,74.125.200.0-255,1484,105977,46,315321
4548,0.034864,74.125.200.0-255,2902,108879,46,315321
4549,0.034876,74.125.200.0-255,1484,110363,46,315321
4550,0.034879,74.125.200.0-255,1484,111847,46,315321
4551,0.034888,172.31.46.0-255,66,111913,46,315321
4552,0.034899,74.125.200.0-255,4320,116233,46,315321
4553,0.034926,172.31.46.0-255,66,116299,46,315321
4554,0.034939,74.125.200.0-255,2902,119201,46,315321
4555,0.034944,74.125.200.0-255,4320,123521,46,315321
4556,0.034968,74.125.200.0-255,3602,127123,46,315321
4557,0.034972,172.31.46.0-255,66,127189,46,315321
4558,0.035066,74.125.200.0-255,1484,128673,46,315321
4559,0.035071,74.125.200.0-255,1484,130157,46,315321
4560,0.035073,74.125.200.0-255,1484,131641,46,315321
4561,0.035088,172.31.46.0-255,66,131707,46,315321
4562,0.035092,74.125.200.0-255,1484,133191,46,315321
4563,0.035099,74.125.200.0-255,5738,138929,46,315321
4564,0.035105,172.31.46.0-255,66,138995,46,315321
4565,0.035149,74.125.200.0-255,4320,143315,46,315321
4566,0.035159,172.31.46.0-255,66,143381,46,315321
4567,0.035166,74.125.200.0-255,5738,149119,46,315321
4568,0.035171,74.125.200.0-255,3602,152721,46,315321
4569,0.035195,172.31.46.0-255,66,152787,46,315321
4570,0.03522,74.125.200.0-255,4320,157107,46,315321
4571,0.035228,172.31.46.0-255,66,157173,46,315321
4572,0.035249,74.125.200.0-255,5738,162911,46,315321
4573,0.035256,172.31.46.0-255,66,162977,46,315321
4574,0.035268,74.125.200.0-255,2902,165879,46,315321
4575,0.035285,172.31.46.0-255,66,165945,46,315321
4576,0.035298,74.125.200.0-255,4320,170265,46,315321
4577,0.035305,172.31.46.0-255,66,170331,46,315321
4578,0.035337,74.125.200.0-255,5738,176069,46,315321
4579,0.035353,74.125.200.0-255,2184,178253,46,315321
4580,0.035359,172.31.46.0-255,66,178319,46,315321
4581,0.035369,74.125.200.0-255,4320,182639,46,315321
4582,0.035374,172.31.46.0-255,66,182705,46,315321
4583,0.035388,74.125.200.0-255,4320,187025,46,315321
4584,0.035393,74.125.200.0-255,2902,189927,46,315321
4585,0.035403,172.31.46.0-255,66,189993,46,315321
4586,0.035413,74.125.200.0-255,4320,194313,46,315321
4587,0.035425,74.125.200.0-255,2902,197215,46,315321
4588,0.03543,172.31.46.0-255,66,197281,46,315321
4589,0.035443,74.125.200.0-255,5738,203019,46,315321
4590,0.035464,74.125.200.0-255,766,203785,46,315321
4591,0.035472,172.31.46.0-255,66,203851,46,315321
4592,0.035872,74.125.200.0-255,1484,205335,46,315321
4593,0.035895,74.125.200.0-255,2902,208237,46,315321
4594,0.035898,172.31.46.0-255,66,208303,46,315321
4595,0.035925,74.125.200.0-255,4320,212623,46,315321
4596,0.035932,172.31.46.0-255,66,212689,46,315321
4597,0.035951,74.125.200.0-255,1484,214173,46,315321
4598,0.035954,74.125.200.0-255,1484,215657,46,315321
4599,0.035958,172.31.46.0-255,66,215723,46,315321
4600,0.036017,74.125.200.0-255,7156,222879,46,315321
4601,0.036032,74.125.200.0-255,1484,224363,46,315321
4602,0.036035,74.125.200.0-255,1484,225847,46,315321
4603,0.03604,74.125.200.0-255,4320,230167,46,315321
4604,0.036047,74.125.200.0-255,7156,237323,46,315321
4605,0.03605,74.125.200.0-255,766,238089,46,315321
4606,0.036411,74.125.200.0-255,1484,239573,46,315321
4607,0.036417,74.125.200.0-255,2902,242475,46,315321
4608,0.036437,74.125.200.0-255,4320,246795,46,315321
4609,0.036451,74.125.200.0-255,1484,248279,46,315321
4610,0.036463,74.125.200.0-255,2902,251181,46,315321
4611,0.036475,74.125.200.0-255,4320,255501,46,315321
4612,0.036478,74.125.200.0-255,66,255567,46,315321
4613,0.036486,74.125.200.0-255,5738,261305,46,315321
4614,0.036505,74.125.200.0-255,2902,264207,46,315321
4615,0.036512,74.125.200.0-255,7156,271363,46,315321
4616,0.036535,74.125.200.0-255,766,272129,46,315321
4617,0.036581,74.125.200.0-255,1484,273613,46,315321
4618,0.036597,74.125.200.0-255,1484,275097,46,315321
4619,0.036602,74.125.200.0-255,2902,277999,46,315321
4620,0.03662,74.125.200.0-255,4320,282319,46,315321
4621,0.036635,74.125.200.0-255,1484,283803,46,315321
4622,0.036651,74.125.200.0-255,4320,288123,46,315321
4623,0.036698,74.125.200.0-255,1484,289607,46,315321
4624,0.036751,74.125.200.0-255,2902,292509,46,315321
4625,0.036794,74.125.200.0-255,4320,296829,46,315321
4626,0.036808,74.125.200.0-255,4320,301149,46,315321
4627,0.036814,74.125.200.0-255,5738,306887,46,315321
4628,0.036863,74.125.200.0-255,1484,308371,46,315321
4629,0.036896,74.125.200.0-255,4320,312691,46,315321
4630,0.036909,74.125.200.0-255,2288,314979,46,315321
4631,0.036925,74.125.200.0-255,105,315084,46,315321
4632,0.037031,172.31.46.0-255,66,315150,46,315321
4633,0.03871,172.31.46.0-255,105,315255,46,315321
4634,0.045586,74.125.200.0-255,66,315321,46,315321
4635,0.0,74.125.24.0-255,149,149,46,287385
4636,2e-05,172.31.46.0-255,66,215,46,287385
4637,2.7e-05,74.125.24.0-255,1484,1699,46,287385
4638,3.2e-05,172.31.46.0-255,66,1765,46,287385
4639,3.7e-05,74.125.24.0-255,2902,4667,46,287385
4640,4e-05,172.31.46.0-255,66,4733,46,287385
4641,4.7e-05,74.125.24.0-255,5738,10471,46,287385
4642,5e-05,172.31.46.0-255,66,10537,46,287385
4643,7.4e-05,74.125.24.0-255,3456,13993,46,287385
4644,7.7e-05,172.31.46.0-255,66,14059,46,287385
4645,0.00035,74.125.24.0-255,1484,15543,46,287385
4646,0.000356,172.31.46.0-255,66,15609,46,287385
4647,0.000362,74.125.24.0-255,2902,18511,46,287385
4648,0.000365,172.31.46.0-255,66,18577,46,287385
4649,0.00037,74.125.24.0-255,4320,22897,46,287385
4650,0.000372,172.31.46.0-255,66,22963,46,287385
4651,0.000411,74.125.24.0-255,1484,24447,46,287385
4652,0.000414,172.31.46.0-255,66,24513,46,287385
4653,0.000419,74.125.24.0-255,2902,27415,46,287385
4654,0.00042,172.31.46.0-255,66,27481,46,287385
4655,0.000438,74.125.24.0-255,3961,31442,46,287385
4656,0.000441,172.31.46.0-255,66,31508,46,287385
4657,0.000467,74.125.24.0-255,2902,34410,46,287385
4658,0.00047,172.31.46.0-255,66,34476,46,287385
4659,0.000494,74.125.24.0-255,2902,37378,46,287385
4660,0.000496,172.31.46.0-255,66,37444,46,287385
4661,0.000504,74.125.24.0-255,7156,44600,46,287385
4662,0.000506,172.31.46.0-255,66,44666,46,287385
4663,0.000525,74.125.24.0-255,1484,46150,46,287385
4664,0.000527,172.31.46.0-255,66,46216,46,287385
4665,0.000553,172.31.46.0-255,66,46282,46,287385
4666,0.000605,74.125.24.0-255,5379,51661,46,287385
4667,0.000608,172.31.46.0-255,66,51727,46,287385
4668,0.00061,74.125.24.0-255,646,52373,46,287385
4669,0.000683,74.125.24.0-255,1484,53857,46,287385
4670,0.000687,172.31.46.0-255,66,53923,46,287385
4671,0.000692,74.125.24.0-255,2902,56825,46,287385
4672,0.000694,172.31.46.0-255,66,56891,46,287385
4673,0.000699,74.125.24.0-255,4320,61211,46,287385
4674,0.000701,172.31.46.0-255,66,61277,46,287385
4675,0.000714,74.125.24.0-255,1484,62761,46,287385
4676,0.000734,74.125.24.0-255,4320,67081,46,287385
4677,0.000737,172.31.46.0-255,66,67147,46,287385
4678,0.000748,74.125.24.0-255,2902,70049,46,287385
4679,0.00075,172.31.46.0-255,66,70115,46,287385
4680,0.000767,74.125.24.0-255,3961,74076,46,287385
4681,0.000771,172.31.46.0-255,66,74142,46,287385
4682,0.000785,74.125.24.0-255,4320,78462,46,287385
4683,0.000787,172.31.46.0-255,66,78528,46,287385
4684,0.000812,172.31.46.0-255,66,78594,46,287385
4685,0.000854,74.125.24.0-255,2902,81496,46,287385
4686,0.000858,172.31.46.0-255,66,81562,46,287385
4687,0.000865,74.125.24.0-255,4320,85882,46,287385
4688,0.000866,172.31.46.0-255,66,85948,46,287385
4689,0.000876,172.31.46.0-255,66,86014,46,287385
4690,0.00088,74.125.24.0-255,4320,90334,46,287385
4691,0.000882,172.31.46.0-255,66,90400,46,287385
4692,0.000925,172.31.46.0-255,66,90466,46,287385
4693,0.001376,74.125.24.0-255,1484,91950,46,287385
4694,0.001384,74.125.24.0-255,2902,94852,46,287385
4695,0.001388,172.31.46.0-255,66,94918,46,287385
4696,0.001391,74.125.24.0-255,1484,96402,46,287385
4697,0.001407,74.125.24.0-255,2902,99304,46,287385
4698,0.001409,172.31.46.0-255,66,99370,46,287385
4699,0.001438,74.125.24.0-255,2902,102272,46,287385
4700,0.00144,172.31.46.0-255,66,102338,46,287385
4701,0.001452,172.31.46.0-255,66,102404,46,287385
4702,0.001457,74.125.24.0-255,4320,106724,46,287385
4703,0.001459,172.31.46.0-255,66,106790,46,287385
4704,0.001494,74.125.24.0-255,2902,109692,46,287385
4705,0.001496,172.31.46.0-255,66,109758,46,287385
4706,0.001506,74.125.24.0-255,2184,111942,46,287385
4707,0.001508,172.31.46.0-255,66,112008,46,287385
4708,0.001643,74.125.24.0-255,1484,113492,46,287385
4709,0.00166,74.125.24.0-255,2902,116394,46,287385
4710,0.001662,172.31.46.0-255,66,116460,46,287385
4711,0.001683,74.125.24.0-255,5738,122198,46,287385
4712,0.001685,172.31.46.0-255,66,122264,46,287385
4713,0.001687,74.125.24.0-255,1484,123748,46,287385
4714,0.001706,74.125.24.0-255,7156,130904,46,287385
4715,0.001708,172.31.46.0-255,66,130970,46,287385
4716,0.001726,74.125.24.0-255,2902,133872,46,287385
4717,0.001728,172.31.46.0-255,66,133938,46,287385
4718,0.001757,74.125.24.0-255,2902,136840,46,287385
4719,0.001759,172.31.46.0-255,66,136906,46,287385
4720,0.001784,172.31.46.0-255,66,136972,46,287385
4721,0.002446,74.125.24.0-255,1484,138456,46,287385
4722,0.002451,74.125.24.0-255,2902,141358,46,287385
4723,0.002453,172.31.46.0-255,66,141424,46,287385
4724,0.002468,74.125.24.0-255,5738,147162,46,287385
4725,0.00247,172.31.46.0-255,66,147228,46,287385
4726,0.002492,74.125.24.0-255,4320,151548,46,287385
4727,0.002494,172.31.46.0-255,66,151614,46,287385
4728,0.002505,74.125.24.0-255,4320,155934,46,287385
4729,0.002507,172.31.46.0-255,66,156000,46,287385
4730,0.00253,74.125.24.0-255,4320,160320,46,287385
4731,0.002532,172.31.46.0-255,66,160386,46,287385
4732,0.002543,172.31.46.0-255,66,160452,46,287385
4733,0.005251,74.125.24.0-255,5738,166190,46,287385
4734,0.005259,172.31.46.0-255,66,166256,46,287385
4735,0.007938,74.125.24.0-255,5738,171994,46,287385
4736,0.007946,172.31.46.0-255,66,172060,46,287385
4737,0.010644,74.125.24.0-255,5738,177798,46,287385
4738,0.010653,172.31.46.0-255,66,177864,46,287385
4739,0.013359,74.125.24.0-255,5738,183602,46,287385
4740,0.013368,172.31.46.0-255,66,183668,46,287385
4741,0.016039,74.125.24.0-255,5738,189406,46,287385
4742,0.016045,172.31.46.0-255,66,189472,46,287385
4743,0.018718,74.125.24.0-255,5738,195210,46,287385
4744,0.018731,172.31.46.0-255,66,195276,46,287385
4745,0.021425,74.125.24.0-255,5738,201014,46,287385
4746,0.021433,172.31.46.0-255,66,201080,46,287385
4747,0.024092,74.125.24.0-255,5738,206818,46,287385
4748,0.024099,172.31.46.0-255,66,206884,46,287385
4749,0.02677,74.125.24.0-255,5738,212622,46,287385
4750,0.026777,172.31.46.0-255,66,212688,46,287385
4751,0.029486,74.125.24.0-255,5738,218426,46,287385
4752,0.029495,172.31.46.0-255,66,218492,46,287385
4753,0.031623,172.31.46.0-255,172,218664,46,287385
4754,0.031651,172.31.46.0-255,1118,219782,46,287385
4755,0.031714,172.31.46.0-255,1514,221296,46,287385
4756,0.031715,172.31.46.0-255,1514,222810,46,287385
4757,0.031719,172.31.46.0-255,1514,224324,46,287385
4758,0.03172,172.31.46.0-255,1514,225838,46,287385
4759,0.031753,172.31.46.0-255,1495,227333,46,287385
4760,0.032173,74.125.24.0-255,5738,233071,46,287385
4761,0.032179,172.31.46.0-255,66,233137,46,287385
4762,0.033274,104.244.42.0-255,66,233203,46,287385
4763,0.03329,104.244.42.0-255,66,233269,46,287385
4764,0.033384,104.244.42.0-255,66,233335,46,287385
4765,0.033436,104.244.42.0-255,66,233401,46,287385
4766,0.034861,74.125.24.0-255,4320,237721,46,287385
4767,0.034866,172.31.46.0-255,66,237787,46,287385
4768,0.034881,74.125.24.0-255,1484,239271,46,287385
4769,0.037547,74.125.24.0-255,4320,243591,46,287385
4770,0.037552,172.31.46.0-255,66,243657,46,287385
4771,0.040229,74.125.24.0-255,5738,249395,46,287385
4772,0.040236,172.31.46.0-255,66,249461,46,287385
4773,0.042923,74.125.24.0-255,5738,255199,46,287385
4774,0.042932,172.31.46.0-255,66,255265,46,287385
4775,0.045607,74.125.24.0-255,4320,259585,46,287385
4776,0.045612,172.31.46.0-255,66,259651,46,287385
4777,0.045627,74.125.24.0-255,1484,261135,46,287385
4778,0.049045,74.125.24.0-255,4320,265455,46,287385
4779,0.049051,172.31.46.0-255,66,265521,46,287385
4780,0.051711,74.125.24.0-255,4320,269841,46,287385
4781,0.051717,172.31.46.0-255,66,269907,46,287385
4782,0.051736,74.125.24.0-255,1484,271391,46,287385
4783,0.054384,74.125.24.0-255,4320,275711,46,287385
4784,0.054391,172.31.46.0-255,66,275777,46,287385
4785,0.057059,74.125.24.0-255,5738,281515,46,287385
4786,0.057067,172.31.46.0-255,66,281581,46,287385
4787,0.059775,74.125.24.0-255,5738,287319,46,287385
4788,0.059781,172.31.46.0-255,66,287385,46,287385
4789,0.0,172.217.194.0-255,152,152,46,233629
4790,2.4e-05,172.31.46.0-255,66,218,46,233629
4791,3.1e-05,172.217.194.0-255,1484,1702,46,233629
4792,3.6e-05,172.31.46.0-255,66,1768,46,233629
4793,4.3e-05,172.217.194.0-255,2902,4670,46,233629
4794,4.6e-05,172.31.46.0-255,66,4736,46,233629
4795,5.1e-05,172.217.194.0-255,2902,7638,46,233629
4796,5.4e-05,172.31.46.0-255,66,7704,46,233629
4797,8.2e-05,172.217.194.0-255,4320,12024,46,233629
4798,8.5e-05,172.31.46.0-255,66,12090,46,233629
4799,8.9e-05,172.217.194.0-255,2024,14114,46,233629
4800,9.2e-05,172.31.46.0-255,66,14180,46,233629
4801,9.6e-05,172.217.194.0-255,2902,17082,46,233629
4802,9.8e-05,172.31.46.0-255,66,17148,46,233629
4803,0.000106,172.217.194.0-255,7156,24304,46,233629
4804,0.000109,172.31.46.0-255,66,24370,46,233629
4805,0.000112,172.217.194.0-255,1484,25854,46,233629
4806,0.000114,172.31.46.0-255,66,25920,46,233629
4807,0.000143,172.217.194.0-255,4320,30240,46,233629
4808,0.000146,172.31.46.0-255,66,30306,46,233629
4809,0.000169,172.217.194.0-255,1125,31431,46,233629
4810,0.000171,172.31.46.0-255,66,31497,46,233629
4811,0.000252,172.217.194.0-255,1484,32981,46,233629
4812,0.000256,172.31.46.0-255,66,33047,46,233629
4813,0.000261,172.217.194.0-255,2902,35949,46,233629
4814,0.000263,172.31.46.0-255,66,36015,46,233629
4815,0.000269,172.217.194.0-255,5738,41753,46,233629
4816,0.000272,172.31.46.0-255,66,41819,46,233629
4817,0.000298,172.217.194.0-255,2902,44721,46,233629
4818,0.000301,172.31.46.0-255,66,44787,46,233629
4819,0.000327,172.31.46.0-255,66,44853,46,233629
4820,0.000373,172.31.46.0-255,66,44919,46,233629
4821,0.000376,172.217.194.0-255,119,45038,46,233629
4822,0.000432,172.217.194.0-255,1484,46522,46,233629
4823,0.000436,172.31.46.0-255,66,46588,46,233629
4824,0.000456,172.217.194.0-255,2902,49490,46,233629
4825,0.000459,172.31.46.0-255,66,49556,46,233629
4826,0.000465,172.217.194.0-255,5738,55294,46,233629
4827,0.000468,172.31.46.0-255,66,55360,46,233629
4828,0.000474,172.217.194.0-255,5738,61098,46,233629
4829,0.000477,172.31.46.0-255,66,61164,46,233629
4830,0.000499,172.217.194.0-255,1484,62648,46,233629
4831,0.000515,172.217.194.0-255,7156,69804,46,233629
4832,0.000519,172.31.46.0-255,66,69870,46,233629
4833,0.000541,172.217.194.0-255,5379,75249,46,233629
4834,0.000544,172.31.46.0-255,66,75315,46,233629
4835,0.000549,172.217.194.0-255,4277,79592,46,233629
4836,0.000551,172.31.46.0-255,66,79658,46,233629
4837,0.00091,172.217.194.0-255,1484,81142,46,233629
4838,0.000916,172.217.194.0-255,2902,84044,46,233629
4839,0.00092,172.31.46.0-255,66,84110,46,233629
4840,0.000944,172.217.194.0-255,5738,89848,46,233629
4841,0.000953,172.31.46.0-255,66,89914,46,233629
4842,0.000961,172.217.194.0-255,5738,95652,46,233629
4843,0.000963,172.31.46.0-255,66,95718,46,233629
4844,0.000982,172.217.194.0-255,7156,102874,46,233629
4845,0.000984,172.31.46.0-255,66,102940,46,233629
4846,0.000997,172.31.46.0-255,66,103006,46,233629
4847,0.001074,172.217.194.0-255,1484,104490,46,233629
4848,0.001079,172.217.194.0-255,2902,107392,46,233629
4849,0.001082,172.31.46.0-255,66,107458,46,233629
4850,0.0011,172.217.194.0-255,1484,108942,46,233629
4851,0.001103,172.217.194.0-255,1484,110426,46,233629
4852,0.001106,172.31.46.0-255,66,110492,46,233629
4853,0.00113,172.217.194.0-255,4320,114812,46,233629
4854,0.001133,172.31.46.0-255,66,114878,46,233629
4855,0.001159,172.217.194.0-255,4320,119198,46,233629
4856,0.001162,172.31.46.0-255,66,119264,46,233629
4857,0.001195,172.31.46.0-255,66,119330,46,233629
4858,0.001207,172.31.46.0-255,66,119396,46,233629
4859,0.00121,172.217.194.0-255,1484,120880,46,233629
4860,0.001214,172.217.194.0-255,2902,123782,46,233629
4861,0.001217,172.31.46.0-255,66,123848,46,233629
4862,0.001223,172.217.194.0-255,5738,129586,46,233629
4863,0.001225,172.31.46.0-255,66,129652,46,233629
4864,0.001265,172.31.46.0-255,66,129718,46,233629
4865,0.001277,172.31.46.0-255,66,129784,46,233629
4866,0.001333,172.217.194.0-255,1484,131268,46,233629
4867,0.001338,172.217.194.0-255,2902,134170,46,233629
4868,0.001341,172.31.46.0-255,66,134236,46,233629
4869,0.001365,172.217.194.0-255,5738,139974,46,233629
4870,0.001368,172.31.46.0-255,66,140040,46,233629
4871,0.001371,172.217.194.0-255,1484,141524,46,233629
4872,0.001386,172.217.194.0-255,5738,147262,46,233629
4873,0.001389,172.31.46.0-255,66,147328,46,233629
4874,0.001417,172.217.194.0-255,5738,153066,46,233629
4875,0.001422,172.31.46.0-255,66,153132,46,233629
4876,0.001439,172.217.194.0-255,1484,154616,46,233629
4877,0.001454,172.217.194.0-255,5738,160354,46,233629
4878,0.001457,172.31.46.0-255,66,160420,46,233629
4879,0.001474,172.217.194.0-255,3602,164022,46,233629
4880,0.001477,172.31.46.0-255,66,164088,46,233629
4881,0.001636,172.217.194.0-255,1484,165572,46,233629
4882,0.001643,172.217.194.0-255,2902,168474,46,233629
4883,0.001646,172.31.46.0-255,66,168540,46,233629
4884,0.001654,172.217.194.0-255,5738,174278,46,233629
4885,0.001656,172.31.46.0-255,66,174344,46,233629
4886,0.001673,172.31.46.0-255,66,174410,46,233629
4887,0.001699,172.217.194.0-255,1484,175894,46,233629
4888,0.001712,172.31.46.0-255,66,175960,46,233629
4889,0.001715,172.217.194.0-255,1484,177444,46,233629
4890,0.00172,172.217.194.0-255,2902,180346,46,233629
4891,0.001722,172.31.46.0-255,66,180412,46,233629
4892,0.001728,172.217.194.0-255,5738,186150,46,233629
4893,0.00173,172.31.46.0-255,66,186216,46,233629
4894,0.001751,172.217.194.0-255,4320,190536,46,233629
4895,0.001754,172.31.46.0-255,66,190602,46,233629
4896,0.001778,172.217.194.0-255,5738,196340,46,233629
4897,0.001781,172.31.46.0-255,66,196406,46,233629
4898,0.001787,172.217.194.0-255,5738,202144,46,233629
4899,0.001789,172.31.46.0-255,66,202210,46,233629
4900,0.001815,172.217.194.0-255,5738,207948,46,233629
4901,0.001818,172.31.46.0-255,66,208014,46,233629
4902,0.001842,172.217.194.0-255,6438,214452,46,233629
4903,0.001845,172.31.46.0-255,66,214518,46,233629
4904,0.001851,172.217.194.0-255,7156,221674,46,233629
4905,0.001853,172.31.46.0-255,66,221740,46,233629
4906,0.001871,172.217.194.0-255,7156,228896,46,233629
4907,0.001875,172.31.46.0-255,66,228962,46,233629
4908,0.001904,172.31.46.0-255,66,229028,46,233629
4909,0.001924,172.31.46.0-255,66,229094,46,233629
4910,0.001942,172.31.46.0-255,66,229160,46,233629
4911,0.001954,172.31.46.0-255,66,229226,46,233629
4912,0.001966,172.31.46.0-255,66,229292,46,233629
4913,0.002005,172.217.194.0-255,105,229397,46,233629
4914,0.002048,172.217.194.0-255,129,229526,46,233629
4915,0.008968,172.31.46.0-255,105,229631,46,233629
4916,0.009014,172.31.46.0-255,105,229736,46,233629
4917,0.009238,172.31.46.0-255,90,229826,46,233629
4918,0.009248,172.31.46.0-255,66,229892,46,233629
4919,0.011501,172.217.194.0-255,66,229958,46,233629
4920,0.01153,172.217.194.0-255,66,230024,46,233629
4921,0.011764,172.217.194.0-255,66,230090,46,233629
4922,0.011785,172.217.194.0-255,66,230156,46,233629
4923,0.011791,172.31.46.0-255,66,230222,46,233629
4924,0.029201,172.31.46.0-255,172,230394,46,233629
4925,0.029236,172.31.46.0-255,1119,231513,46,233629
4926,0.029296,172.31.46.0-255,1514,233027,46,233629
4927,0.029297,172.31.46.0-255,404,233431,46,233629
4928,0.030773,104.244.42.0-255,66,233497,46,233629
4929,0.030834,104.244.42.0-255,66,233563,46,233629
4930,0.030855,104.244.42.0-255,66,233629,46,233629
4931,0.0,172.217.194.0-255,152,152,46,159334
4932,2e-05,172.31.46.0-255,66,218,46,159334
4933,2.7e-05,172.217.194.0-255,1484,1702,46,159334
4934,3.2e-05,172.31.46.0-255,66,1768,46,159334
4935,3.8e-05,172.217.194.0-255,2902,4670,46,159334
4936,4.7e-05,172.31.46.0-255,66,4736,46,159334
4937,5.5e-05,172.217.194.0-255,7156,11892,46,159334
4938,5.9e-05,172.31.46.0-255,66,11958,46,159334
4939,6.4e-05,172.217.194.0-255,3447,15405,46,159334
4940,6.7e-05,172.31.46.0-255,66,15471,46,159334
4941,9.4e-05,172.31.46.0-255,66,15537,46,159334
4942,0.000123,172.217.194.0-255,4320,19857,46,159334
4943,0.000126,172.31.46.0-255,66,19923,46,159334
4944,0.000131,172.217.194.0-255,2543,22466,46,159334
4945,0.000133,172.31.46.0-255,66,22532,46,159334
4946,0.00016,172.217.194.0-255,1484,24016,46,159334
4947,0.000163,172.31.46.0-255,66,24082,46,159334
4948,0.000168,172.217.194.0-255,2902,26984,46,159334
4949,0.00017,172.31.46.0-255,66,27050,46,159334
4950,0.000176,172.217.194.0-255,5738,32788,46,159334
4951,0.000179,172.31.46.0-255,66,32854,46,159334
4952,0.00022,172.217.194.0-255,6797,39651,46,159334
4953,0.000223,172.31.46.0-255,66,39717,46,159334
4954,0.000253,172.217.194.0-255,4320,44037,46,159334
4955,0.000255,172.31.46.0-255,66,44103,46,159334
4956,0.000285,172.217.194.0-255,2902,47005,46,159334
4957,0.000295,172.217.194.0-255,1444,48449,46,159334
4958,0.0003,172.31.46.0-255,66,48515,46,159334
4959,0.000307,172.31.46.0-255,66,48581,46,159334
4960,0.000309,172.31.46.0-255,66,48647,46,159334
4961,0.000388,172.217.194.0-255,361,49008,46,159334
4962,0.000504,172.217.194.0-255,1484,50492,46,159334
4963,0.000509,172.31.46.0-255,66,50558,46,159334
4964,0.000515,172.217.194.0-255,2902,53460,46,159334
4965,0.000519,172.31.46.0-255,66,53526,46,159334
4966,0.000529,172.217.194.0-255,5738,59264,46,159334
4967,0.000531,172.31.46.0-255,66,59330,46,159334
4968,0.000574,172.31.46.0-255,66,59396,46,159334
4969,0.000585,172.31.46.0-255,66,59462,46,159334
4970,0.000588,172.217.194.0-255,766,60228,46,159334
4971,0.000764,172.217.194.0-255,1484,61712,46,159334
4972,0.00077,172.217.194.0-255,2902,64614,46,159334
4973,0.000775,172.31.46.0-255,66,64680,46,159334
4974,0.000779,172.31.46.0-255,66,64746,46,159334
4975,0.000799,172.217.194.0-255,5738,70484,46,159334
4976,0.000802,172.31.46.0-255,66,70550,46,159334
4977,0.00081,172.217.194.0-255,7156,77706,46,159334
4978,0.000813,172.31.46.0-255,66,77772,46,159334
4979,0.000828,172.217.194.0-255,5738,83510,46,159334
4980,0.000831,172.31.46.0-255,66,83576,46,159334
4981,0.000848,172.31.46.0-255,66,83642,46,159334
4982,0.001028,172.217.194.0-255,1484,85126,46,159334
4983,0.001046,172.217.194.0-255,2902,88028,46,159334
4984,0.00105,172.31.46.0-255,66,88094,46,159334
4985,0.001057,172.217.194.0-255,5738,93832,46,159334
4986,0.001059,172.31.46.0-255,66,93898,46,159334
4987,0.00107,172.217.194.0-255,5738,99636,46,159334
4988,0.001073,172.31.46.0-255,66,99702,46,159334
4989,0.001107,172.31.46.0-255,66,99768,46,159334
4990,0.001135,172.217.194.0-255,1484,101252,46,159334
4991,0.001142,172.217.194.0-255,5020,106272,46,159334
4992,0.001144,172.31.46.0-255,66,106338,46,159334
4993,0.001152,172.217.194.0-255,5738,112076,46,159334
4994,0.001154,172.31.46.0-255,66,112142,46,159334
4995,0.001164,172.217.194.0-255,5738,117880,46,159334
4996,0.001167,172.31.46.0-255,66,117946,46,159334
4997,0.001203,172.217.194.0-255,7156,125102,46,159334
4998,0.001207,172.31.46.0-255,66,125168,46,159334
4999,0.001218,172.31.46.0-255,66,125234,46,159334
5000,0.001251,172.217.194.0-255,2902,128136,46,159334
5001,0.001254,172.31.46.0-255,66,128202,46,159334
5002,0.001278,172.217.194.0-255,2184,130386,46,159334
5003,0.001281,172.31.46.0-255,66,130452,46,159334
5004,0.00143,172.217.194.0-255,1484,131936,46,159334
5005,0.001436,172.217.194.0-255,2902,134838,46,159334
5006,0.001438,172.31.46.0-255,66,134904,46,159334
5007,0.001445,172.217.194.0-255,5738,140642,46,159334
5008,0.001447,172.31.46.0-255,66,140708,46,159334
5009,0.001523,172.31.46.0-255,66,140774,46,159334
5010,0.00154,172.31.46.0-255,66,140840,46,159334
5011,0.001555,172.31.46.0-255,66,140906,46,159334
5012,0.001572,172.31.46.0-255,66,140972,46,159334
5013,0.001606,172.217.194.0-255,2902,143874,46,159334
5014,0.001609,172.31.46.0-255,66,143940,46,159334
5015,0.001631,172.31.46.0-255,66,144006,46,159334
5016,0.001649,172.31.46.0-255,66,144072,46,159334
5017,0.001664,172.31.46.0-255,66,144138,46,159334
5018,0.001697,172.217.194.0-255,4320,148458,46,159334
5019,0.001701,172.31.46.0-255,66,148524,46,159334
5020,0.001762,172.31.46.0-255,66,148590,46,159334
5021,0.001769,172.31.46.0-255,66,148656,46,159334
5022,0.001794,172.31.46.0-255,66,148722,46,159334
5023,0.001797,172.217.194.0-255,1160,149882,46,159334
5024,0.0018,172.217.194.0-255,105,149987,46,159334
5025,0.004162,172.31.46.0-255,66,150053,46,159334
5026,0.004199,172.31.46.0-255,105,150158,46,159334
5027,0.006477,172.217.194.0-255,66,150224,46,159334
5028,0.031896,172.31.46.0-255,176,150400,46,159334
5029,0.031924,172.31.46.0-255,1118,151518,46,159334
5030,0.032027,172.31.46.0-255,1514,153032,46,159334
5031,0.032028,172.31.46.0-255,1514,154546,46,159334
5032,0.03203,172.31.46.0-255,1514,156060,46,159334
5033,0.032031,172.31.46.0-255,1514,157574,46,159334
5034,0.032055,172.31.46.0-255,1496,159070,46,159334
5035,0.033414,104.244.42.0-255,66,159136,46,159334
5036,0.033448,104.244.42.0-255,66,159202,46,159334
5037,0.033613,104.244.42.0-255,66,159268,46,159334
5038,0.033634,104.244.42.0-255,66,159334,46,159334
5039,0.0,74.125.24.0-255,153,153,46,185702
5040,2.3e-05,172.31.46.0-255,66,219,46,185702
5041,3e-05,74.125.24.0-255,1484,1703,46,185702
5042,3.4e-05,172.31.46.0-255,66,1769,46,185702
5043,4e-05,74.125.24.0-255,2902,4671,46,185702
5044,4.2e-05,172.31.46.0-255,66,4737,46,185702
5045,5e-05,74.125.24.0-255,7156,11893,46,185702
5046,5.2e-05,172.31.46.0-255,66,11959,46,185702
5047,5.6e-05,74.125.24.0-255,2043,14002,46,185702
5048,6e-05,172.31.46.0-255,66,14068,46,185702
5049,8.7e-05,74.125.24.0-255,5738,19806,46,185702
5050,9.1e-05,172.31.46.0-255,66,19872,46,185702
5051,0.000114,74.125.24.0-255,5738,25610,46,185702
5052,0.000117,172.31.46.0-255,66,25676,46,185702
5053,0.000124,74.125.24.0-255,5379,31055,46,185702
5054,0.000127,172.31.46.0-255,66,31121,46,185702
5055,0.000169,74.125.24.0-255,1484,32605,46,185702
5056,0.000172,172.31.46.0-255,66,32671,46,185702
5057,0.000177,74.125.24.0-255,2902,35573,46,185702
5058,0.000179,172.31.46.0-255,66,35639,46,185702
5059,0.000205,74.125.24.0-255,5738,41377,46,185702
5060,0.000208,172.31.46.0-255,66,41443,46,185702
5061,0.000211,74.125.24.0-255,1484,42927,46,185702
5062,0.000213,172.31.46.0-255,66,42993,46,185702
5063,0.000216,74.125.24.0-255,1484,44477,46,185702
5064,0.000217,172.31.46.0-255,66,44543,46,185702
5065,0.000246,172.31.46.0-255,66,44609,46,185702
5066,0.000274,74.125.24.0-255,5738,50347,46,185702
5067,0.000277,172.31.46.0-255,66,50413,46,185702
5068,0.000299,74.125.24.0-255,7073,57486,46,185702
5069,0.000301,172.31.46.0-255,66,57552,46,185702
5070,0.000499,74.125.24.0-255,130,57682,46,185702
5071,0.000541,74.125.24.0-255,1484,59166,46,185702
5072,0.000546,172.31.46.0-255,66,59232,46,185702
5073,0.000567,74.125.24.0-255,2902,62134,46,185702
5074,0.00057,172.31.46.0-255,66,62200,46,185702
5075,0.000576,74.125.24.0-255,5738,67938,46,185702
5076,0.000578,172.31.46.0-255,66,68004,46,185702
5077,0.000603,172.31.46.0-255,66,68070,46,185702
5078,0.000615,74.125.24.0-255,1484,69554,46,185702
5079,0.000627,172.31.46.0-255,66,69620,46,185702
5080,0.00063,74.125.24.0-255,466,70086,46,185702
5081,0.000762,74.125.24.0-255,1484,71570,46,185702
5082,0.000767,172.31.46.0-255,66,71636,46,185702
5083,0.000773,74.125.24.0-255,2902,74538,46,185702
5084,0.000775,172.31.46.0-255,66,74604,46,185702
5085,0.000782,74.125.24.0-255,5738,80342,46,185702
5086,0.000784,172.31.46.0-255,66,80408,46,185702
5087,0.000808,74.125.24.0-255,4320,84728,46,185702
5088,0.000812,172.31.46.0-255,66,84794,46,185702
5089,0.000829,172.31.46.0-255,66,84860,46,185702
5090,0.00084,172.31.46.0-255,66,84926,46,185702
5091,0.000862,74.125.24.0-255,4320,89246,46,185702
5092,0.000864,172.31.46.0-255,66,89312,46,185702
5093,0.000872,74.125.24.0-255,7156,96468,46,185702
5094,0.000874,172.31.46.0-255,66,96534,46,185702
5095,0.0009,172.31.46.0-255,66,96600,46,185702
5096,0.00099,74.125.24.0-255,1484,98084,46,185702
5097,0.000996,74.125.24.0-255,2902,100986,46,185702
5098,0.000999,172.31.46.0-255,66,101052,46,185702
5099,0.001002,74.125.24.0-255,1484,102536,46,185702
5100,0.001023,74.125.24.0-255,4320,106856,46,185702
5101,0.001025,74.125.24.0-255,1484,108340,46,185702
5102,0.00103,172.31.46.0-255,66,108406,46,185702
5103,0.001061,172.31.46.0-255,66,108472,46,185702
5104,0.001065,74.125.24.0-255,2902,111374,46,185702
5105,0.001067,172.31.46.0-255,66,111440,46,185702
5106,0.001094,172.31.46.0-255,66,111506,46,185702
5107,0.001127,74.125.24.0-255,1484,112990,46,185702
5108,0.001132,74.125.24.0-255,2902,115892,46,185702
5109,0.001135,172.31.46.0-255,66,115958,46,185702
5110,0.00115,74.125.24.0-255,4320,120278,46,185702
5111,0.001153,172.31.46.0-255,66,120344,46,185702
5112,0.001183,74.125.24.0-255,1484,121828,46,185702
5113,0.001196,172.31.46.0-255,66,121894,46,185702
5114,0.001252,172.31.46.0-255,66,121960,46,185702
5115,0.00134,172.31.46.0-255,66,122026,46,185702
5116,0.001348,172.31.46.0-255,66,122092,46,185702
5117,0.001354,74.125.24.0-255,5738,127830,46,185702
5118,0.001357,172.31.46.0-255,66,127896,46,185702
5119,0.001361,74.125.24.0-255,3602,131498,46,185702
5120,0.001363,172.31.46.0-255,66,131564,46,185702
5121,0.001374,74.125.24.0-255,4320,135884,46,185702
5122,0.001376,172.31.46.0-255,66,135950,46,185702
5123,0.001388,172.31.46.0-255,66,136016,46,185702
5124,0.001397,172.31.46.0-255,66,136082,46,185702
5125,0.001462,172.31.46.0-255,66,136148,46,185702
5126,0.001476,172.31.46.0-255,66,136214,46,185702
5127,0.001488,172.31.46.0-255,66,136280,46,185702
5128,0.001527,74.125.24.0-255,7156,143436,46,185702
5129,0.00153,172.31.46.0-255,66,143502,46,185702
5130,0.001554,74.125.24.0-255,4320,147822,46,185702
5131,0.001557,172.31.46.0-255,66,147888,46,185702
5132,0.00157,172.31.46.0-255,66,147954,46,185702
5133,0.001574,74.125.24.0-255,2902,150856,46,185702
5134,0.001576,172.31.46.0-255,66,150922,46,185702
5135,0.001596,74.125.24.0-255,6438,157360,46,185702
5136,0.001598,172.31.46.0-255,66,157426,46,185702
5137,0.001626,74.125.24.0-255,4320,161746,46,185702
5138,0.001629,172.31.46.0-255,66,161812,46,185702
5139,0.001652,74.125.24.0-255,5738,167550,46,185702
5140,0.001657,74.125.24.0-255,4320,171870,46,185702
5141,0.001672,172.31.46.0-255,66,171936,46,185702
5142,0.001678,172.31.46.0-255,66,172002,46,185702
5143,0.001681,172.31.46.0-255,66,172068,46,185702
5144,0.001685,74.125.24.0-255,2902,174970,46,185702
5145,0.001688,172.31.46.0-255,66,175036,46,185702
5146,0.001698,172.31.46.0-255,66,175102,46,185702
5147,0.001718,74.125.24.0-255,872,175974,46,185702
5148,0.001749,74.125.24.0-255,105,176079,46,185702
5149,0.00366,172.31.46.0-255,101,176180,46,185702
5150,0.004285,172.31.46.0-255,105,176285,46,185702
5151,0.006029,74.125.24.0-255,66,176351,46,185702
5152,0.006656,74.125.24.0-255,66,176417,46,185702
5153,0.034525,172.31.46.0-255,176,176593,46,185702
5154,0.034555,172.31.46.0-255,1118,177711,46,185702
5155,0.034611,172.31.46.0-255,1514,179225,46,185702
5156,0.034612,172.31.46.0-255,1514,180739,46,185702
5157,0.034616,172.31.46.0-255,1514,182253,46,185702
5158,0.034617,172.31.46.0-255,1514,183767,46,185702
5159,0.034635,172.31.46.0-255,1497,185264,46,185702
5160,0.036174,104.244.42.0-255,66,185330,46,185702
5161,0.036209,104.244.42.0-255,66,185396,46,185702
5162,0.036294,104.244.42.0-255,66,185462,46,185702
5163,0.036384,104.244.42.0-255,66,185528,46,185702
5164,0.036964,104.244.42.0-255,108,185636,46,185702
5165,0.036971,172.31.46.0-255,66,185702,46,185702
5166,0.0,74.125.200.0-255,296,296,46,203496
5167,2.3e-05,172.31.46.0-255,66,362,46,203496
5168,3e-05,74.125.200.0-255,1484,1846,46,203496
5169,3.4e-05,172.31.46.0-255,66,1912,46,203496
5170,3.7e-05,74.125.200.0-255,1484,3396,46,203496
5171,4.9e-05,172.31.46.0-255,66,3462,46,203496
5172,5.6e-05,74.125.200.0-255,2902,6364,46,203496
5173,5.9e-05,172.31.46.0-255,66,6430,46,203496
5174,0.000118,74.125.200.0-255,5738,12168,46,203496
5175,0.000123,172.31.46.0-255,66,12234,46,203496
5176,0.000263,74.125.200.0-255,6083,18317,46,203496
5177,0.000269,172.31.46.0-255,66,18383,46,203496
5178,0.000402,74.125.200.0-255,5738,24121,46,203496
5179,0.000406,172.31.46.0-255,66,24187,46,203496
5180,0.000433,172.31.46.0-255,66,24253,46,203496
5181,0.000717,74.125.200.0-255,7156,31409,46,203496
5182,0.000722,172.31.46.0-255,66,31475,46,203496
5183,0.000886,74.125.200.0-255,4320,35795,46,203496
5184,0.00089,172.31.46.0-255,66,35861,46,203496
5185,0.000942,172.31.46.0-255,66,35927,46,203496
5186,0.001474,74.125.200.0-255,5738,41665,46,203496
5187,0.00148,172.31.46.0-255,66,41731,46,203496
5188,0.001519,172.31.46.0-255,66,41797,46,203496
5189,0.002083,172.31.46.0-255,66,41863,46,203496
5190,0.002244,74.125.200.0-255,4320,46183,46,203496
5191,0.002249,172.31.46.0-255,66,46249,46,203496
5192,0.002305,172.31.46.0-255,66,46315,46,203496
5193,0.003059,74.125.200.0-255,7156,53471,46,203496
5194,0.005532,172.31.46.0-255,66,53537,46,203496
5195,0.007547,74.125.200.0-255,1484,55021,46,203496
5196,0.00757,74.125.200.0-255,4320,59341,46,203496
5197,0.007575,172.31.46.0-255,66,59407,46,203496
5198,0.009612,74.125.200.0-255,5738,65145,46,203496
5199,0.009833,172.31.46.0-255,66,65211,46,203496
5200,0.011865,74.125.200.0-255,5738,70949,46,203496
5201,0.011874,172.31.46.0-255,66,71015,46,203496
5202,0.013905,74.125.200.0-255,5738,76753,46,203496
5203,0.016236,172.31.46.0-255,66,76819,46,203496
5204,0.018261,74.125.200.0-255,5738,82557,46,203496
5205,0.018269,172.31.46.0-255,66,82623,46,203496
5206,0.0203,74.125.200.0-255,5738,88361,46,203496
5207,0.020308,172.31.46.0-255,66,88427,46,203496
5208,0.022334,74.125.200.0-255,5738,94165,46,203496
5209,0.022341,172.31.46.0-255,66,94231,46,203496
5210,0.024357,74.125.200.0-255,5738,99969,46,203496
5211,0.024365,172.31.46.0-255,66,100035,46,203496
5212,0.026391,74.125.200.0-255,5738,105773,46,203496
5213,0.026399,172.31.46.0-255,66,105839,46,203496
5214,0.027108,172.31.46.0-255,172,106011,46,203496
5215,0.02714,172.31.46.0-255,1119,107130,46,203496
5216,0.0272,172.31.46.0-255,1514,108644,46,203496
5217,0.027202,172.31.46.0-255,404,109048,46,203496
5218,0.028419,74.125.200.0-255,5738,114786,46,203496
5219,0.028426,172.31.46.0-255,66,114852,46,203496
5220,0.028737,104.244.42.0-255,66,114918,46,203496
5221,0.030437,74.125.200.0-255,5738,120656,46,203496
5222,0.030444,172.31.46.0-255,66,120722,46,203496
5223,0.032455,74.125.200.0-255,2902,123624,46,203496
5224,0.032462,172.31.46.0-255,66,123690,46,203496
5225,0.032491,74.125.200.0-255,2902,126592,46,203496
5226,0.032547,172.31.46.0-255,66,126658,46,203496
5227,0.034489,74.125.200.0-255,2902,129560,46,203496
5228,0.034498,172.31.46.0-255,66,129626,46,203496
5229,0.034548,74.125.200.0-255,2902,132528,46,203496
5230,0.034577,172.31.46.0-255,66,132594,46,203496
5231,0.036529,74.125.200.0-255,2902,135496,46,203496
5232,0.036536,172.31.46.0-255,66,135562,46,203496
5233,0.036592,74.125.200.0-255,2902,138464,46,203496
5234,0.036936,172.31.46.0-255,66,138530,46,203496
5235,0.03856,74.125.200.0-255,2902,141432,46,203496
5236,0.038568,172.31.46.0-255,66,141498,46,203496
5237,0.038955,74.125.200.0-255,2902,144400,46,203496
5238,0.038962,172.31.46.0-255,66,144466,46,203496
5239,0.040601,74.125.200.0-255,2902,147368,46,203496
5240,0.040609,172.31.46.0-255,66,147434,46,203496
5241,0.040994,74.125.200.0-255,2902,150336,46,203496
5242,0.041001,172.31.46.0-255,66,150402,46,203496
5243,0.04265,74.125.200.0-255,2902,153304,46,203496
5244,0.042657,172.31.46.0-255,66,153370,46,203496
5245,0.043037,74.125.200.0-255,2902,156272,46,203496
5246,0.043044,172.31.46.0-255,66,156338,46,203496
5247,0.044668,74.125.200.0-255,2902,159240,46,203496
5248,0.044675,172.31.46.0-255,66,159306,46,203496
5249,0.045055,74.125.200.0-255,2902,162208,46,203496
5250,0.045062,172.31.46.0-255,66,162274,46,203496
5251,0.0467,74.125.200.0-255,2902,165176,46,203496
5252,0.046707,172.31.46.0-255,66,165242,46,203496
5253,0.047069,74.125.200.0-255,2902,168144,46,203496
5254,0.047075,172.31.46.0-255,66,168210,46,203496
5255,0.048722,74.125.200.0-255,2902,171112,46,203496
5256,0.048731,172.31.46.0-255,66,171178,46,203496
5257,0.049085,74.125.200.0-255,2902,174080,46,203496
5258,0.049091,172.31.46.0-255,66,174146,46,203496
5259,0.050752,74.125.200.0-255,2902,177048,46,203496
5260,0.05076,172.31.46.0-255,66,177114,46,203496
5261,0.051102,74.125.200.0-255,2902,180016,46,203496
5262,0.051109,172.31.46.0-255,66,180082,46,203496
5263,0.05278,74.125.200.0-255,2902,182984,46,203496
5264,0.052786,172.31.46.0-255,66,183050,46,203496
5265,0.053145,74.125.200.0-255,2902,185952,46,203496
5266,0.053152,172.31.46.0-255,66,186018,46,203496
5267,0.054813,74.125.200.0-255,1484,187502,46,203496
5268,0.055158,74.125.200.0-255,4320,191822,46,203496
5269,0.055464,172.31.46.0-255,66,191888,46,203496
5270,0.05752,74.125.200.0-255,5738,197626,46,203496
5271,0.05757,172.31.46.0-255,66,197692,46,203496
5272,0.059598,74.125.200.0-255,5738,203430,46,203496
5273,0.059605,172.31.46.0-255,66,203496,46,203496
5274,0.0,74.125.24.0-255,297,297,46,187027
5275,1.7e-05,172.31.46.0-255,66,363,46,187027
5276,2.3e-05,74.125.24.0-255,1484,1847,46,187027
5277,2.6e-05,172.31.46.0-255,66,1913,46,187027
5278,3.2e-05,74.125.24.0-255,4320,6233,46,187027
5279,3.5e-05,172.31.46.0-255,66,6299,46,187027
5280,5.4e-05,74.125.24.0-255,1484,7783,46,187027
5281,5.6e-05,172.31.46.0-255,66,7849,46,187027
5282,7.9e-05,74.125.24.0-255,5738,13587,46,187027
5283,8.2e-05,172.31.46.0-255,66,13653,46,187027
5284,0.000152,74.125.24.0-255,5738,19391,46,187027
5285,0.000155,172.31.46.0-255,66,19457,46,187027
5286,0.000182,172.31.46.0-255,66,19523,46,187027
5287,0.000305,74.125.24.0-255,3961,23484,46,187027
5288,0.000308,172.31.46.0-255,66,23550,46,187027
5289,0.000353,74.125.24.0-255,4320,27870,46,187027
5290,0.000356,172.31.46.0-255,66,27936,46,187027
5291,0.000407,74.125.24.0-255,2902,30838,46,187027
5292,0.000409,172.31.46.0-255,66,30904,46,187027
5293,0.000431,74.125.24.0-255,7156,38060,46,187027
5294,0.000434,172.31.46.0-255,66,38126,46,187027
5295,0.000561,172.31.46.0-255,66,38192,46,187027
5296,0.000587,172.31.46.0-255,66,38258,46,187027
5297,0.000774,172.31.46.0-255,66,38324,46,187027
5298,0.000801,172.31.46.0-255,66,38390,46,187027
5299,0.001023,172.31.46.0-255,66,38456,46,187027
5300,0.00104,74.125.24.0-255,467,38923,46,187027
5301,0.001169,74.125.24.0-255,4320,43243,46,187027
5302,0.001173,172.31.46.0-255,66,43309,46,187027
5303,0.001233,172.31.46.0-255,66,43375,46,187027
5304,0.001267,172.31.46.0-255,66,43441,46,187027
5305,0.001467,74.125.24.0-255,7156,50597,46,187027
5306,0.001471,172.31.46.0-255,66,50663,46,187027
5307,0.001488,74.125.24.0-255,2184,52847,46,187027
5308,0.00149,172.31.46.0-255,66,52913,46,187027
5309,0.001587,172.31.46.0-255,66,52979,46,187027
5310,0.001606,74.125.24.0-255,1484,54463,46,187027
5311,0.001705,74.125.24.0-255,7156,61619,46,187027
5312,0.001708,172.31.46.0-255,66,61685,46,187027
5313,0.001742,172.31.46.0-255,66,61751,46,187027
5314,0.001958,74.125.24.0-255,2184,63935,46,187027
5315,0.001962,172.31.46.0-255,66,64001,46,187027
5316,0.001991,74.125.24.0-255,2902,66903,46,187027
5317,0.001993,172.31.46.0-255,66,66969,46,187027
5318,0.002034,74.125.24.0-255,7156,74125,46,187027
5319,0.002036,172.31.46.0-255,66,74191,46,187027
5320,0.0021,74.125.24.0-255,5738,79929,46,187027
5321,0.002103,172.31.46.0-255,66,79995,46,187027
5322,0.002132,172.31.46.0-255,66,80061,46,187027
5323,0.002293,74.125.24.0-255,2902,82963,46,187027
5324,0.002297,172.31.46.0-255,66,83029,46,187027
5325,0.002317,74.125.24.0-255,5020,88049,46,187027
5326,0.002319,172.31.46.0-255,66,88115,46,187027
5327,0.002385,74.125.24.0-255,2902,91017,46,187027
5328,0.002388,172.31.46.0-255,66,91083,46,187027
5329,0.002442,172.31.46.0-255,66,91149,46,187027
5330,0.002472,172.31.46.0-255,66,91215,46,187027
5331,0.002814,74.125.24.0-255,4320,95535,46,187027
5332,0.002819,172.31.46.0-255,66,95601,46,187027
5333,0.002844,172.31.46.0-255,66,95667,46,187027
5334,0.002991,172.31.46.0-255,66,95733,46,187027
5335,0.00304,172.31.46.0-255,66,95799,46,187027
5336,0.005293,74.125.24.0-255,5738,101537,46,187027
5337,0.005298,172.31.46.0-255,66,101603,46,187027
5338,0.007544,74.125.24.0-255,4320,105923,46,187027
5339,0.007548,172.31.46.0-255,66,105989,46,187027
5340,0.007567,74.125.24.0-255,1484,107473,46,187027
5341,0.009791,74.125.24.0-255,4320,111793,46,187027
5342,0.009799,172.31.46.0-255,66,111859,46,187027
5343,0.012067,74.125.24.0-255,5738,117597,46,187027
5344,0.012075,172.31.46.0-255,66,117663,46,187027
5345,0.01434,74.125.24.0-255,5738,123401,46,187027
5346,0.014348,172.31.46.0-255,66,123467,46,187027
5347,0.016613,74.125.24.0-255,5738,129205,46,187027
5348,0.016623,172.31.46.0-255,66,129271,46,187027
5349,0.018899,74.125.24.0-255,5738,135009,46,187027
5350,0.018908,172.31.46.0-255,66,135075,46,187027
5351,0.021176,74.125.24.0-255,5738,140813,46,187027
5352,0.021183,172.31.46.0-255,66,140879,46,187027
5353,0.023467,74.125.24.0-255,5738,146617,46,187027
5354,0.023474,172.31.46.0-255,66,146683,46,187027
5355,0.025729,74.125.24.0-255,5738,152421,46,187027
5356,0.025736,172.31.46.0-255,66,152487,46,187027
5357,0.028033,74.125.24.0-255,5738,158225,46,187027
5358,0.028039,172.31.46.0-255,66,158291,46,187027
5359,0.030304,74.125.24.0-255,5738,164029,46,187027
5360,0.030312,172.31.46.0-255,66,164095,46,187027
5361,0.03257,74.125.24.0-255,5738,169833,46,187027
5362,0.032578,172.31.46.0-255,66,169899,46,187027
5363,0.03485,74.125.24.0-255,5738,175637,46,187027
5364,0.034858,172.31.46.0-255,66,175703,46,187027
5365,0.037125,74.125.24.0-255,2049,177752,46,187027
5366,0.037134,172.31.46.0-255,66,177818,46,187027
5367,0.037326,172.31.46.0-255,105,177923,46,187027
5368,0.039549,74.125.24.0-255,66,177989,46,187027
5369,0.040909,172.31.46.0-255,172,178161,46,187027
5370,0.040942,172.31.46.0-255,1114,179275,46,187027
5371,0.041008,172.31.46.0-255,1514,180789,46,187027
5372,0.04101,172.31.46.0-255,1514,182303,46,187027
5373,0.041017,172.31.46.0-255,1514,183817,46,187027
5374,0.041019,172.31.46.0-255,1514,185331,46,187027
5375,0.041043,172.31.46.0-255,1498,186829,46,187027
5376,0.042414,104.244.42.0-255,66,186895,46,187027
5377,0.042489,104.244.42.0-255,66,186961,46,187027
5378,0.042612,104.244.42.0-255,66,187027,46,187027
5379,0.0,74.125.24.0-255,153,153,46,235024
5380,1.4e-05,74.125.24.0-255,1484,1637,46,235024
5381,2.2e-05,172.31.46.0-255,66,1703,46,235024
5382,3.1e-05,74.125.24.0-255,2902,4605,46,235024
5383,3.5e-05,172.31.46.0-255,66,4671,46,235024
5384,5e-05,74.125.24.0-255,7156,11827,46,235024
5385,5.4e-05,172.31.46.0-255,66,11893,46,235024
5386,5.9e-05,74.125.24.0-255,2087,13980,46,235024
5387,6.2e-05,172.31.46.0-255,66,14046,46,235024
5388,0.00022,74.125.24.0-255,1484,15530,46,235024
5389,0.000227,74.125.24.0-255,2902,18432,46,235024
5390,0.000231,172.31.46.0-255,66,18498,46,235024
5391,0.000236,74.125.24.0-255,2902,21400,46,235024
5392,0.000238,172.31.46.0-255,66,21466,46,235024
5393,0.000261,74.125.24.0-255,2902,24368,46,235024
5394,0.000267,172.31.46.0-255,66,24434,46,235024
5395,0.000275,74.125.24.0-255,6797,31231,46,235024
5396,0.000278,172.31.46.0-255,66,31297,46,235024
5397,0.000306,74.125.24.0-255,4320,35617,46,235024
5398,0.000309,172.31.46.0-255,66,35683,46,235024
5399,0.00035,172.31.46.0-255,66,35749,46,235024
5400,0.000354,74.125.24.0-255,2543,38292,46,235024
5401,0.000356,172.31.46.0-255,66,38358,46,235024
5402,0.000774,74.125.24.0-255,1484,39842,46,235024
5403,0.00078,74.125.24.0-255,2902,42744,46,235024
5404,0.000785,172.31.46.0-255,66,42810,46,235024
5405,0.000816,74.125.24.0-255,5738,48548,46,235024
5406,0.000819,172.31.46.0-255,66,48614,46,235024
5407,0.000822,74.125.24.0-255,1484,50098,46,235024
5408,0.000858,74.125.24.0-255,1484,51582,46,235024
5409,0.000862,172.31.46.0-255,66,51648,46,235024
5410,0.000896,172.31.46.0-255,66,51714,46,235024
5411,0.000899,74.125.24.0-255,1484,53198,46,235024
5412,0.000924,172.31.46.0-255,66,53264,46,235024
5413,0.00096,74.125.24.0-255,6797,60061,46,235024
5414,0.000963,172.31.46.0-255,66,60127,46,235024
5415,0.001191,74.125.24.0-255,1484,61611,46,235024
5416,0.001196,74.125.24.0-255,2902,64513,46,235024
5417,0.001201,172.31.46.0-255,66,64579,46,235024
5418,0.001231,74.125.24.0-255,5738,70317,46,235024
5419,0.001235,172.31.46.0-255,66,70383,46,235024
5420,0.001252,172.31.46.0-255,66,70449,46,235024
5421,0.001278,74.125.24.0-255,1484,71933,46,235024
5422,0.001293,172.31.46.0-255,66,71999,46,235024
5423,0.001311,172.31.46.0-255,66,72065,46,235024
5424,0.00134,74.125.24.0-255,5738,77803,46,235024
5425,0.001344,172.31.46.0-255,66,77869,46,235024
5426,0.001361,172.31.46.0-255,66,77935,46,235024
5427,0.001963,74.125.24.0-255,1484,79419,46,235024
5428,0.001986,74.125.24.0-255,2902,82321,46,235024
5429,0.00199,172.31.46.0-255,66,82387,46,235024
5430,0.001995,74.125.24.0-255,2902,85289,46,235024
5431,0.001997,172.31.46.0-255,66,85355,46,235024
5432,0.002026,74.125.24.0-255,2902,88257,46,235024
5433,0.002028,172.31.46.0-255,66,88323,46,235024
5434,0.002034,74.125.24.0-255,4320,92643,46,235024
5435,0.002036,172.31.46.0-255,66,92709,46,235024
5436,0.002052,172.31.46.0-255,66,92775,46,235024
5437,0.002085,74.125.24.0-255,2902,95677,46,235024
5438,0.002087,172.31.46.0-255,66,95743,46,235024
5439,0.002119,74.125.24.0-255,5020,100763,46,235024
5440,0.002121,172.31.46.0-255,66,100829,46,235024
5441,0.002329,74.125.24.0-255,1484,102313,46,235024
5442,0.002345,74.125.24.0-255,1484,103797,46,235024
5443,0.002349,172.31.46.0-255,66,103863,46,235024
5444,0.002354,74.125.24.0-255,2902,106765,46,235024
5445,0.002356,172.31.46.0-255,66,106831,46,235024
5446,0.002377,74.125.24.0-255,1484,108315,46,235024
5447,0.002388,74.125.24.0-255,7156,115471,46,235024
5448,0.00239,172.31.46.0-255,66,115537,46,235024
5449,0.002428,74.125.24.0-255,1484,117021,46,235024
5450,0.00243,172.31.46.0-255,66,117087,46,235024
5451,0.002464,74.125.24.0-255,2902,119989,46,235024
5452,0.002466,172.31.46.0-255,66,120055,46,235024
5453,0.002481,74.125.24.0-255,766,120821,46,235024
5454,0.002515,74.125.24.0-255,2902,123723,46,235024
5455,0.002517,172.31.46.0-255,66,123789,46,235024
5456,0.002542,74.125.24.0-255,1484,125273,46,235024
5457,0.002548,74.125.24.0-255,5738,131011,46,235024
5458,0.00255,172.31.46.0-255,66,131077,46,235024
5459,0.002571,172.31.46.0-255,66,131143,46,235024
5460,0.002577,74.125.24.0-255,5738,136881,46,235024
5461,0.002578,172.31.46.0-255,66,136947,46,235024
5462,0.002602,74.125.24.0-255,6438,143385,46,235024
5463,0.002604,172.31.46.0-255,66,143451,46,235024
5464,0.002607,74.125.24.0-255,1484,144935,46,235024
5465,0.00263,74.125.24.0-255,4320,149255,46,235024
5466,0.002632,172.31.46.0-255,66,149321,46,235024
5467,0.002634,74.125.24.0-255,1484,150805,46,235024
5468,0.002659,74.125.24.0-255,5738,156543,46,235024
5469,0.002662,172.31.46.0-255,66,156609,46,235024
5470,0.002668,74.125.24.0-255,5738,162347,46,235024
5471,0.00267,172.31.46.0-255,66,162413,46,235024
5472,0.002672,74.125.24.0-255,1484,163897,46,235024
5473,0.002697,74.125.24.0-255,7156,171053,46,235024
5474,0.0027,172.31.46.0-255,66,171119,46,235024
5475,0.002706,74.125.24.0-255,6438,177557,46,235024
5476,0.002708,172.31.46.0-255,66,177623,46,235024
5477,0.002769,74.125.24.0-255,2902,180525,46,235024
5478,0.002772,172.31.46.0-255,66,180591,46,235024
5479,0.002775,74.125.24.0-255,1484,182075,46,235024
5480,0.002794,74.125.24.0-255,2902,184977,46,235024
5481,0.002796,172.31.46.0-255,66,185043,46,235024
5482,0.0028,74.125.24.0-255,2902,187945,46,235024
5483,0.002802,172.31.46.0-255,66,188011,46,235024
5484,0.002833,74.125.24.0-255,5738,193749,46,235024
5485,0.002835,172.31.46.0-255,66,193815,46,235024
5486,0.00284,74.125.24.0-255,4320,198135,46,235024
5487,0.002842,172.31.46.0-255,66,198201,46,235024
5488,0.002872,172.31.46.0-255,66,198267,46,235024
5489,0.002902,74.125.24.0-255,5020,203287,46,235024
5490,0.002905,172.31.46.0-255,66,203353,46,235024
5491,0.002928,74.125.24.0-255,2902,206255,46,235024
5492,0.00293,172.31.46.0-255,66,206321,46,235024
5493,0.002941,74.125.24.0-255,2902,209223,46,235024
5494,0.002943,172.31.46.0-255,66,209289,46,235024
5495,0.002951,74.125.24.0-255,4320,213609,46,235024
5496,0.002953,172.31.46.0-255,66,213675,46,235024
5497,0.002957,74.125.24.0-255,2902,216577,46,235024
5498,0.002961,172.31.46.0-255,66,216643,46,235024
5499,0.002994,172.31.46.0-255,66,216709,46,235024
5500,0.003009,172.31.46.0-255,66,216775,46,235024
5501,0.003035,74.125.24.0-255,1484,218259,46,235024
5502,0.003055,74.125.24.0-255,7156,225415,46,235024
5503,0.003057,172.31.46.0-255,66,225481,46,235024
5504,0.003116,172.31.46.0-255,66,225547,46,235024
5505,0.003118,74.125.24.0-255,97,225644,46,235024
5506,0.00315,74.125.24.0-255,105,225749,46,235024
5507,0.00746,172.31.46.0-255,66,225815,46,235024
5508,0.007497,172.31.46.0-255,105,225920,46,235024
5509,0.009794,74.125.24.0-255,66,225986,46,235024
5510,0.037602,172.31.46.0-255,172,226158,46,235024
5511,0.037637,172.31.46.0-255,1115,227273,46,235024
5512,0.0377,172.31.46.0-255,1514,228787,46,235024
5513,0.037701,172.31.46.0-255,1514,230301,46,235024
5514,0.037707,172.31.46.0-255,1514,231815,46,235024
5515,0.037708,172.31.46.0-255,1514,233329,46,235024
5516,0.037726,172.31.46.0-255,1497,234826,46,235024
5517,0.039154,104.244.42.0-255,66,234892,46,235024
5518,0.039174,104.244.42.0-255,66,234958,46,235024
5519,0.039299,104.244.42.0-255,66,235024,46,235024
5520,0.0,172.217.194.0-255,153,153,46,281676
5521,1.4e-05,172.31.46.0-255,66,219,46,281676
5522,2.1e-05,172.217.194.0-255,1484,1703,46,281676
5523,2.5e-05,172.31.46.0-255,66,1769,46,281676
5524,3.1e-05,172.217.194.0-255,2902,4671,46,281676
5525,3.5e-05,172.31.46.0-255,66,4737,46,281676
5526,6.2e-05,172.217.194.0-255,5738,10475,46,281676
5527,6.5e-05,172.31.46.0-255,66,10541,46,281676
5528,8e-05,172.217.194.0-255,2902,13443,46,281676
5529,8.2e-05,172.31.46.0-255,66,13509,46,281676
5530,9.6e-05,172.217.194.0-255,718,14227,46,281676
5531,9.9e-05,172.31.46.0-255,66,14293,46,281676
5532,0.000925,172.217.194.0-255,1484,15777,46,281676
5533,0.000932,172.31.46.0-255,66,15843,46,281676
5534,0.000943,172.217.194.0-255,2902,18745,46,281676
5535,0.000945,172.31.46.0-255,66,18811,46,281676
5536,0.000951,172.217.194.0-255,2902,21713,46,281676
5537,0.000953,172.31.46.0-255,66,21779,46,281676
5538,0.000958,172.217.194.0-255,4320,26099,46,281676
5539,0.00096,172.31.46.0-255,66,26165,46,281676
5540,0.000978,172.217.194.0-255,1484,27649,46,281676
5541,0.00098,172.31.46.0-255,66,27715,46,281676
5542,0.001021,172.31.46.0-255,66,27781,46,281676
5543,0.001029,172.217.194.0-255,7156,34937,46,281676
5544,0.001031,172.31.46.0-255,66,35003,46,281676
5545,0.001044,172.217.194.0-255,1484,36487,46,281676
5546,0.001046,172.31.46.0-255,66,36553,46,281676
5547,0.001061,172.217.194.0-255,3961,40514,46,281676
5548,0.001064,172.31.46.0-255,66,40580,46,281676
5549,0.001141,172.217.194.0-255,1484,42064,46,281676
5550,0.001144,172.31.46.0-255,66,42130,46,281676
5551,0.001148,172.217.194.0-255,2902,45032,46,281676
5552,0.00115,172.31.46.0-255,66,45098,46,281676
5553,0.001171,172.217.194.0-255,5738,50836,46,281676
5554,0.001173,172.31.46.0-255,66,50902,46,281676
5555,0.001194,172.217.194.0-255,1484,52386,46,281676
5556,0.00121,172.217.194.0-255,5379,57765,46,281676
5557,0.001212,172.31.46.0-255,66,57831,46,281676
5558,0.00138,172.217.194.0-255,1484,59315,46,281676
5559,0.001393,172.217.194.0-255,2902,62217,46,281676
5560,0.001397,172.31.46.0-255,66,62283,46,281676
5561,0.001403,172.217.194.0-255,4320,66603,46,281676
5562,0.001405,172.31.46.0-255,66,66669,46,281676
5563,0.001418,172.217.194.0-255,1484,68153,46,281676
5564,0.001459,172.217.194.0-255,5738,73891,46,281676
5565,0.001461,172.31.46.0-255,66,73957,46,281676
5566,0.001483,172.217.194.0-255,7051,81008,46,281676
5567,0.001485,172.31.46.0-255,66,81074,46,281676
5568,0.001498,172.31.46.0-255,66,81140,46,281676
5569,0.001503,172.217.194.0-255,2902,84042,46,281676
5570,0.001505,172.31.46.0-255,66,84108,46,281676
5571,0.001528,172.217.194.0-255,1484,85592,46,281676
5572,0.001535,172.217.194.0-255,5738,91330,46,281676
5573,0.001537,172.31.46.0-255,66,91396,46,281676
5574,0.001567,172.217.194.0-255,6683,98079,46,281676
5575,0.00157,172.31.46.0-255,66,98145,46,281676
5576,0.00162,172.217.194.0-255,1484,99629,46,281676
5577,0.001623,172.217.194.0-255,1484,101113,46,281676
5578,0.001625,172.31.46.0-255,66,101179,46,281676
5579,0.001643,172.217.194.0-255,1484,102663,46,281676
5580,0.001649,172.217.194.0-255,5738,108401,46,281676
5581,0.001652,172.31.46.0-255,66,108467,46,281676
5582,0.001681,172.217.194.0-255,6920,115387,46,281676
5583,0.001684,172.31.46.0-255,66,115453,46,281676
5584,0.00182,172.217.194.0-255,1484,116937,46,281676
5585,0.001838,172.217.194.0-255,2902,119839,46,281676
5586,0.00184,172.31.46.0-255,66,119905,46,281676
5587,0.001846,172.217.194.0-255,5738,125643,46,281676
5588,0.001849,172.31.46.0-255,66,125709,46,281676
5589,0.001871,172.217.194.0-255,5738,131447,46,281676
5590,0.001874,172.31.46.0-255,66,131513,46,281676
5591,0.001912,172.217.194.0-255,7156,138669,46,281676
5592,0.001915,172.31.46.0-255,66,138735,46,281676
5593,0.001936,172.217.194.0-255,5738,144473,46,281676
5594,0.001939,172.31.46.0-255,66,144539,46,281676
5595,0.001944,172.217.194.0-255,5020,149559,46,281676
5596,0.001946,172.31.46.0-255,66,149625,46,281676
5597,0.0045,172.217.194.0-255,5738,155363,46,281676
5598,0.004506,172.31.46.0-255,66,155429,46,281676
5599,0.007082,172.217.194.0-255,5738,161167,46,281676
5600,0.00709,172.31.46.0-255,66,161233,46,281676
5601,0.009648,172.217.194.0-255,5738,166971,46,281676
5602,0.009659,172.31.46.0-255,66,167037,46,281676
5603,0.012205,172.217.194.0-255,5738,172775,46,281676
5604,0.012214,172.31.46.0-255,66,172841,46,281676
5605,0.014759,172.217.194.0-255,5738,178579,46,281676
5606,0.014767,172.31.46.0-255,66,178645,46,281676
5607,0.01735,172.217.194.0-255,5738,184383,46,281676
5608,0.017358,172.31.46.0-255,66,184449,46,281676
5609,0.019908,172.217.194.0-255,5738,190187,46,281676
5610,0.019915,172.31.46.0-255,66,190253,46,281676
5611,0.022505,172.217.194.0-255,5738,195991,46,281676
5612,0.022514,172.31.46.0-255,66,196057,46,281676
5613,0.025103,172.217.194.0-255,5738,201795,46,281676
5614,0.025114,172.31.46.0-255,66,201861,46,281676
5615,0.027661,172.217.194.0-255,5738,207599,46,281676
5616,0.027671,172.31.46.0-255,66,207665,46,281676
5617,0.030255,172.217.194.0-255,5738,213403,46,281676
5618,0.030262,172.31.46.0-255,66,213469,46,281676
5619,0.032805,172.217.194.0-255,5738,219207,46,281676
5620,0.032815,172.31.46.0-255,66,219273,46,281676
5621,0.035362,172.217.194.0-255,5738,225011,46,281676
5622,0.035372,172.31.46.0-255,66,225077,46,281676
5623,0.037906,172.217.194.0-255,5738,230815,46,281676
5624,0.037916,172.31.46.0-255,66,230881,46,281676
5625,0.03954,172.31.46.0-255,172,231053,46,281676
5626,0.039571,172.31.46.0-255,1119,232172,46,281676
5627,0.039638,172.31.46.0-255,1514,233686,46,281676
5628,0.03964,172.31.46.0-255,1360,235046,46,281676
5629,0.040473,172.217.194.0-255,5738,240784,46,281676
5630,0.04048,172.31.46.0-255,66,240850,46,281676
5631,0.041082,104.244.42.0-255,66,240916,46,281676
5632,0.041124,104.244.42.0-255,66,240982,46,281676
5633,0.041218,104.244.42.0-255,66,241048,46,281676
5634,0.043059,172.217.194.0-255,5738,246786,46,281676
5635,0.043068,172.31.46.0-255,66,246852,46,281676
5636,0.045671,172.217.194.0-255,5738,252590,46,281676
5637,0.045677,172.31.46.0-255,66,252656,46,281676
5638,0.048224,172.217.194.0-255,5738,258394,46,281676
5639,0.048231,172.31.46.0-255,66,258460,46,281676
5640,0.050773,172.217.194.0-255,5738,264198,46,281676
5641,0.05078,172.31.46.0-255,66,264264,46,281676
5642,0.053398,172.217.194.0-255,5738,270002,46,281676
5643,0.053406,172.31.46.0-255,66,270068,46,281676
5644,0.055967,172.217.194.0-255,5738,275806,46,281676
5645,0.055975,172.31.46.0-255,66,275872,46,281676
5646,0.058544,172.217.194.0-255,5738,281610,46,281676
5647,0.058551,172.31.46.0-255,66,281676,46,281676
5648,0.0,74.125.24.0-255,150,150,46,190905
5649,3.7e-05,172.31.46.0-255,66,216,46,190905
5650,4.5e-05,74.125.24.0-255,1484,1700,46,190905
5651,5.2e-05,172.31.46.0-255,66,1766,46,190905
5652,6.5e-05,74.125.24.0-255,2902,4668,46,190905
5653,7e-05,172.31.46.0-255,66,4734,46,190905
5654,7.6e-05,74.125.24.0-255,2902,7636,46,190905
5655,7.9e-05,172.31.46.0-255,66,7702,46,190905
5656,0.000119,172.31.46.0-255,66,7768,46,190905
5657,0.00014,172.31.46.0-255,66,7834,46,190905
5658,0.000267,74.125.24.0-255,1484,9318,46,190905
5659,0.000276,172.31.46.0-255,66,9384,46,190905
5660,0.000283,74.125.24.0-255,2902,12286,46,190905
5661,0.000286,172.31.46.0-255,66,12352,46,190905
5662,0.000297,74.125.24.0-255,5738,18090,46,190905
5663,0.000299,172.31.46.0-255,66,18156,46,190905
5664,0.000328,74.125.24.0-255,2902,21058,46,190905
5665,0.00033,172.31.46.0-255,66,21124,46,190905
5666,0.000372,172.31.46.0-255,66,21190,46,190905
5667,0.000411,172.31.46.0-255,66,21256,46,190905
5668,0.000414,74.125.24.0-255,431,21687,46,190905
5669,0.000416,172.31.46.0-255,66,21753,46,190905
5670,0.000478,74.125.24.0-255,1484,23237,46,190905
5671,0.000481,172.31.46.0-255,66,23303,46,190905
5672,0.000486,74.125.24.0-255,2902,26205,46,190905
5673,0.000488,172.31.46.0-255,66,26271,46,190905
5674,0.000498,74.125.24.0-255,2902,29173,46,190905
5675,0.0005,172.31.46.0-255,66,29239,46,190905
5676,0.000532,74.125.24.0-255,2902,32141,46,190905
5677,0.000576,74.125.24.0-255,2460,34601,46,190905
5678,0.000834,74.125.24.0-255,1484,36085,46,190905
5679,0.000842,74.125.24.0-255,2902,38987,46,190905
5680,0.000856,74.125.24.0-255,4320,43307,46,190905
5681,0.000873,74.125.24.0-255,1484,44791,46,190905
5682,0.000888,74.125.24.0-255,2902,47693,46,190905
5683,0.000894,74.125.24.0-255,4320,52013,46,190905
5684,0.000918,74.125.24.0-255,4320,56333,46,190905
5685,0.000932,74.125.24.0-255,4320,60653,46,190905
5686,0.000939,74.125.24.0-255,7156,67809,46,190905
5687,0.00098,74.125.24.0-255,766,68575,46,190905
5688,0.001147,172.31.46.0-255,66,68641,46,190905
5689,0.001409,74.125.24.0-255,1484,70125,46,190905
5690,0.001415,74.125.24.0-255,2902,73027,46,190905
5691,0.001429,74.125.24.0-255,4320,77347,46,190905
5692,0.001435,172.31.46.0-255,66,77413,46,190905
5693,0.001448,74.125.24.0-255,1484,78897,46,190905
5694,0.001459,74.125.24.0-255,5738,84635,46,190905
5695,0.001475,74.125.24.0-255,1484,86119,46,190905
5696,0.001479,172.31.46.0-255,66,86185,46,190905
5697,0.00149,74.125.24.0-255,4320,90505,46,190905
5698,0.001501,172.31.46.0-255,66,90571,46,190905
5699,0.00152,74.125.24.0-255,7156,97727,46,190905
5700,0.001527,74.125.24.0-255,5020,102747,46,190905
5701,0.001551,172.31.46.0-255,66,102813,46,190905
5702,0.002416,74.125.24.0-255,1484,104297,46,190905
5703,0.002424,74.125.24.0-255,2902,107199,46,190905
5704,0.002428,172.31.46.0-255,66,107265,46,190905
5705,0.002435,74.125.24.0-255,5738,113003,46,190905
5706,0.00246,74.125.24.0-255,5738,118741,46,190905
5707,0.002479,74.125.24.0-255,7156,125897,46,190905
5708,0.002482,172.31.46.0-255,66,125963,46,190905
5709,0.002492,172.31.46.0-255,66,126029,46,190905
5710,0.002547,172.31.46.0-255,66,126095,46,190905
5711,0.002573,74.125.24.0-255,1484,127579,46,190905
5712,0.002576,74.125.24.0-255,1484,129063,46,190905
5713,0.002588,74.125.24.0-255,1484,130547,46,190905
5714,0.002598,172.31.46.0-255,66,130613,46,190905
5715,0.002616,74.125.24.0-255,5738,136351,46,190905
5716,0.002621,74.125.24.0-255,2902,139253,46,190905
5717,0.002624,74.125.24.0-255,1484,140737,46,190905
5718,0.002649,172.31.46.0-255,66,140803,46,190905
5719,0.002656,74.125.24.0-255,5738,146541,46,190905
5720,0.002661,172.31.46.0-255,66,146607,46,190905
5721,0.00268,74.125.24.0-255,7156,153763,46,190905
5722,0.002693,74.125.24.0-255,2902,156665,46,190905
5723,0.002719,172.31.46.0-255,66,156731,46,190905
5724,0.002733,74.125.24.0-255,4320,161051,46,190905
5725,0.002752,172.31.46.0-255,66,161117,46,190905
5726,0.002781,74.125.24.0-255,1484,162601,46,190905
5727,0.002831,74.125.24.0-255,5738,168339,46,190905
5728,0.002872,74.125.24.0-255,1484,169823,46,190905
5729,0.002876,74.125.24.0-255,1484,171307,46,190905
5730,0.002889,74.125.24.0-255,2902,174209,46,190905
5731,0.003037,74.125.24.0-255,1484,175693,46,190905
5732,0.003055,74.125.24.0-255,5827,181520,46,190905
5733,0.003067,74.125.24.0-255,105,181625,46,190905
5734,0.009568,172.31.46.0-255,66,181691,46,190905
5735,0.011436,172.31.46.0-255,105,181796,46,190905
5736,0.013693,74.125.24.0-255,66,181862,46,190905
5737,0.041575,172.31.46.0-255,176,182038,46,190905
5738,0.041612,172.31.46.0-255,1119,183157,46,190905
5739,0.041687,172.31.46.0-255,1514,184671,46,190905
5740,0.04169,172.31.46.0-255,1514,186185,46,190905
5741,0.041695,172.31.46.0-255,1514,187699,46,190905
5742,0.041697,172.31.46.0-255,1514,189213,46,190905
5743,0.041732,172.31.46.0-255,1494,190707,46,190905
5744,0.043121,104.244.42.0-255,66,190773,46,190905
5745,0.043173,104.244.42.0-255,66,190839,46,190905
5746,0.043271,104.244.42.0-255,66,190905,46,190905
5747,0.0,74.125.200.0-255,152,152,46,308546
5748,1.8e-05,172.31.46.0-255,66,218,46,308546
5749,5.8e-05,74.125.200.0-255,1484,1702,46,308546
5750,6.3e-05,172.31.46.0-255,66,1768,46,308546
5751,7.1e-05,74.125.200.0-255,2902,4670,46,308546
5752,7.5e-05,172.31.46.0-255,66,4736,46,308546
5753,8.3e-05,74.125.200.0-255,5738,10474,46,308546
5754,8.6e-05,172.31.46.0-255,66,10540,46,308546
5755,0.000124,74.125.200.0-255,3464,14004,46,308546
5756,0.000126,172.31.46.0-255,66,14070,46,308546
5757,0.000155,74.125.200.0-255,4320,18390,46,308546
5758,0.000158,172.31.46.0-255,66,18456,46,308546
5759,0.000181,74.125.200.0-255,5738,24194,46,308546
5760,0.000184,172.31.46.0-255,66,24260,46,308546
5761,0.000192,74.125.200.0-255,7156,31416,46,308546
5762,0.000195,172.31.46.0-255,66,31482,46,308546
5763,0.000236,172.31.46.0-255,66,31548,46,308546
5764,0.000273,74.125.200.0-255,3602,35150,46,308546
5765,0.000276,172.31.46.0-255,66,35216,46,308546
5766,0.00033,74.125.200.0-255,1484,36700,46,308546
5767,0.000333,172.31.46.0-255,66,36766,46,308546
5768,0.000355,74.125.200.0-255,2902,39668,46,308546
5769,0.000358,172.31.46.0-255,66,39734,46,308546
5770,0.000363,74.125.200.0-255,2902,42636,46,308546
5771,0.000366,172.31.46.0-255,66,42702,46,308546
5772,0.00037,74.125.200.0-255,2902,45604,46,308546
5773,0.000373,172.31.46.0-255,66,45670,46,308546
5774,0.000388,74.125.200.0-255,1484,47154,46,308546
5775,0.000391,172.31.46.0-255,66,47220,46,308546
5776,0.000412,74.125.200.0-255,5379,52599,46,308546
5777,0.000415,172.31.46.0-255,66,52665,46,308546
5778,0.000446,74.125.200.0-255,416,53081,46,308546
5779,0.000492,74.125.200.0-255,329,53410,46,308546
5780,0.000681,74.125.200.0-255,1484,54894,46,308546
5781,0.000686,172.31.46.0-255,66,54960,46,308546
5782,0.000692,74.125.200.0-255,2902,57862,46,308546
5783,0.000695,172.31.46.0-255,66,57928,46,308546
5784,0.000698,74.125.200.0-255,1484,59412,46,308546
5785,0.000722,74.125.200.0-255,2902,62314,46,308546
5786,0.000725,172.31.46.0-255,66,62380,46,308546
5787,0.000731,74.125.200.0-255,5738,68118,46,308546
5788,0.000734,172.31.46.0-255,66,68184,46,308546
5789,0.000776,172.31.46.0-255,66,68250,46,308546
5790,0.000813,74.125.200.0-255,4320,72570,46,308546
5791,0.000815,172.31.46.0-255,66,72636,46,308546
5792,0.000832,74.125.200.0-255,2543,75179,46,308546
5793,0.000835,172.31.46.0-255,66,75245,46,308546
5794,0.001342,74.125.200.0-255,1484,76729,46,308546
5795,0.001349,74.125.200.0-255,2902,79631,46,308546
5796,0.001354,172.31.46.0-255,66,79697,46,308546
5797,0.001362,74.125.200.0-255,5738,85435,46,308546
5798,0.001365,172.31.46.0-255,66,85501,46,308546
5799,0.00137,74.125.200.0-255,2902,88403,46,308546
5800,0.001372,172.31.46.0-255,66,88469,46,308546
5801,0.001404,74.125.200.0-255,4320,92789,46,308546
5802,0.001408,172.31.46.0-255,66,92855,46,308546
5803,0.001411,74.125.200.0-255,1484,94339,46,308546
5804,0.001436,74.125.200.0-255,7156,101495,46,308546
5805,0.001439,172.31.46.0-255,66,101561,46,308546
5806,0.001474,74.125.200.0-255,7156,108717,46,308546
5807,0.001478,172.31.46.0-255,66,108783,46,308546
5808,0.001491,74.125.200.0-255,766,109549,46,308546
5809,0.001636,74.125.200.0-255,1484,111033,46,308546
5810,0.00164,172.31.46.0-255,66,111099,46,308546
5811,0.001646,74.125.200.0-255,2902,114001,46,308546
5812,0.001648,172.31.46.0-255,66,114067,46,308546
5813,0.001677,74.125.200.0-255,5738,119805,46,308546
5814,0.00168,172.31.46.0-255,66,119871,46,308546
5815,0.001685,74.125.200.0-255,2902,122773,46,308546
5816,0.001687,172.31.46.0-255,66,122839,46,308546
5817,0.001718,172.31.46.0-255,66,122905,46,308546
5818,0.001722,74.125.200.0-255,1484,124389,46,308546
5819,0.001753,172.31.46.0-255,66,124455,46,308546
5820,0.001756,74.125.200.0-255,1484,125939,46,308546
5821,0.001786,74.125.200.0-255,5738,131677,46,308546
5822,0.001826,172.31.46.0-255,66,131743,46,308546
5823,0.001847,74.125.200.0-255,7156,138899,46,308546
5824,0.001874,172.31.46.0-255,66,138965,46,308546
5825,0.001922,74.125.200.0-255,1484,140449,46,308546
5826,0.001937,74.125.200.0-255,2902,143351,46,308546
5827,0.001943,172.31.46.0-255,66,143417,46,308546
5828,0.00196,74.125.200.0-255,5738,149155,46,308546
5829,0.001985,74.125.200.0-255,4320,153475,46,308546
5830,0.001988,172.31.46.0-255,66,153541,46,308546
5831,0.001993,172.31.46.0-255,66,153607,46,308546
5832,0.002005,74.125.200.0-255,7156,160763,46,308546
5833,0.002009,74.125.200.0-255,1484,162247,46,308546
5834,0.002043,172.31.46.0-255,66,162313,46,308546
5835,0.002131,74.125.200.0-255,1484,163797,46,308546
5836,0.002148,74.125.200.0-255,2902,166699,46,308546
5837,0.002169,74.125.200.0-255,2902,169601,46,308546
5838,0.002185,74.125.200.0-255,2902,172503,46,308546
5839,0.002189,74.125.200.0-255,2902,175405,46,308546
5840,0.002201,172.31.46.0-255,66,175471,46,308546
5841,0.002212,74.125.200.0-255,4320,179791,46,308546
5842,0.002217,172.31.46.0-255,66,179857,46,308546
5843,0.00224,74.125.200.0-255,2902,182759,46,308546
5844,0.002248,172.31.46.0-255,66,182825,46,308546
5845,0.00226,74.125.200.0-255,5738,188563,46,308546
5846,0.0023,74.125.200.0-255,4320,192883,46,308546
5847,0.002303,172.31.46.0-255,66,192949,46,308546
5848,0.002315,74.125.200.0-255,4320,197269,46,308546
5849,0.00232,172.31.46.0-255,66,197335,46,308546
5850,0.002347,74.125.200.0-255,7156,204491,46,308546
5851,0.002376,172.31.46.0-255,66,204557,46,308546
5852,0.004679,74.125.200.0-255,5738,210295,46,308546
5853,0.004688,172.31.46.0-255,66,210361,46,308546
5854,0.006983,74.125.200.0-255,5738,216099,46,308546
5855,0.006986,172.31.46.0-255,66,216165,46,308546
5856,0.009292,74.125.200.0-255,5738,221903,46,308546
5857,0.0093,172.31.46.0-255,66,221969,46,308546
5858,0.011612,74.125.200.0-255,5738,227707,46,308546
5859,0.01162,172.31.46.0-255,66,227773,46,308546
5860,0.01394,74.125.200.0-255,5738,233511,46,308546
5861,0.013952,172.31.46.0-255,66,233577,46,308546
5862,0.016288,74.125.200.0-255,5738,239315,46,308546
5863,0.016301,172.31.46.0-255,66,239381,46,308546
5864,0.018624,74.125.200.0-255,5738,245119,46,308546
5865,0.018634,172.31.46.0-255,66,245185,46,308546
5866,0.020958,74.125.200.0-255,5738,250923,46,308546
5867,0.020974,172.31.46.0-255,66,250989,46,308546
5868,0.023335,74.125.200.0-255,5738,256727,46,308546
5869,0.023344,172.31.46.0-255,66,256793,46,308546
5870,0.025648,74.125.200.0-255,5738,262531,46,308546
5871,0.025656,172.31.46.0-255,66,262597,46,308546
5872,0.027974,74.125.200.0-255,5738,268335,46,308546
5873,0.027988,172.31.46.0-255,66,268401,46,308546
5874,0.030297,74.125.200.0-255,5738,274139,46,308546
5875,0.030306,172.31.46.0-255,66,274205,46,308546
5876,0.031376,172.31.46.0-255,172,274377,46,308546
5877,0.031411,172.31.46.0-255,1119,275496,46,308546
5878,0.031475,172.31.46.0-255,1514,277010,46,308546
5879,0.031477,172.31.46.0-255,404,277414,46,308546
5880,0.032637,74.125.200.0-255,5738,283152,46,308546
5881,0.032646,172.31.46.0-255,66,283218,46,308546
5882,0.03291,104.244.42.0-255,66,283284,46,308546
5883,0.032937,104.244.42.0-255,66,283350,46,308546
5884,0.033045,104.244.42.0-255,66,283416,46,308546
5885,0.034969,74.125.200.0-255,5738,289154,46,308546
5886,0.034977,172.31.46.0-255,66,289220,46,308546
5887,0.037293,74.125.200.0-255,5738,294958,46,308546
5888,0.0373,172.31.46.0-255,66,295024,46,308546
5889,0.039618,74.125.200.0-255,5738,300762,46,308546
5890,0.039625,172.31.46.0-255,66,300828,46,308546
5891,0.041937,74.125.200.0-255,5738,306566,46,308546
5892,0.041946,172.31.46.0-255,66,306632,46,308546
5893,0.044264,74.125.200.0-255,1677,308309,46,308546
5894,0.044271,172.31.46.0-255,66,308375,46,308546
5895,0.044431,172.31.46.0-255,105,308480,46,308546
5896,0.046711,74.125.200.0-255,66,308546,46,308546
5897,0.0,172.217.194.0-255,153,153,46,245524
5898,1.7e-05,172.31.46.0-255,66,219,46,245524
5899,2.4e-05,172.217.194.0-255,1484,1703,46,245524
5900,2.9e-05,172.31.46.0-255,66,1769,46,245524
5901,4.2e-05,172.217.194.0-255,2902,4671,46,245524
5902,4.6e-05,172.31.46.0-255,66,4737,46,245524
5903,5.4e-05,172.217.194.0-255,7156,11893,46,245524
5904,5.7e-05,172.31.46.0-255,66,11959,46,245524
5905,8.8e-05,172.217.194.0-255,2026,13985,46,245524
5906,9.5e-05,172.31.46.0-255,66,14051,46,245524
5907,0.0001,172.217.194.0-255,2902,16953,46,245524
5908,0.000103,172.31.46.0-255,66,17019,46,245524
5909,0.000108,172.217.194.0-255,4320,21339,46,245524
5910,0.000111,172.31.46.0-255,66,21405,46,245524
5911,0.000145,172.217.194.0-255,2902,24307,46,245524
5912,0.000148,172.31.46.0-255,66,24373,46,245524
5913,0.000155,172.217.194.0-255,6797,31170,46,245524
5914,0.000157,172.31.46.0-255,66,31236,46,245524
5915,0.00019,172.217.194.0-255,1484,32720,46,245524
5916,0.000193,172.31.46.0-255,66,32786,46,245524
5917,0.000198,172.217.194.0-255,2902,35688,46,245524
5918,0.000201,172.31.46.0-255,66,35754,46,245524
5919,0.000221,172.217.194.0-255,5738,41492,46,245524
5920,0.000228,172.31.46.0-255,66,41558,46,245524
5921,0.000231,172.217.194.0-255,1484,43042,46,245524
5922,0.000233,172.31.46.0-255,66,43108,46,245524
5923,0.00027,172.31.46.0-255,66,43174,46,245524
5924,0.000306,172.31.46.0-255,66,43240,46,245524
5925,0.000309,172.217.194.0-255,338,43578,46,245524
5926,0.000311,172.31.46.0-255,66,43644,46,245524
5927,0.000476,172.217.194.0-255,117,43761,46,245524
5928,0.000522,172.217.194.0-255,386,44147,46,245524
5929,0.001083,172.217.194.0-255,1484,45631,46,245524
5930,0.00109,172.31.46.0-255,66,45697,46,245524
5931,0.001094,172.217.194.0-255,1484,47181,46,245524
5932,0.001118,172.217.194.0-255,1484,48665,46,245524
5933,0.001125,172.217.194.0-255,5738,54403,46,245524
5934,0.00113,172.217.194.0-255,4320,58723,46,245524
5935,0.001146,172.217.194.0-255,2902,61625,46,245524
5936,0.001153,172.217.194.0-255,5738,67363,46,245524
5937,0.001164,172.31.46.0-255,66,67429,46,245524
5938,0.001184,172.217.194.0-255,2184,69613,46,245524
5939,0.001191,172.31.46.0-255,66,69679,46,245524
5940,0.002101,172.217.194.0-255,1484,71163,46,245524
5941,0.002114,172.217.194.0-255,2902,74065,46,245524
5942,0.002119,172.31.46.0-255,66,74131,46,245524
5943,0.002127,172.217.194.0-255,5738,79869,46,245524
5944,0.002195,172.217.194.0-255,4320,84189,46,245524
5945,0.002251,172.217.194.0-255,1484,85673,46,245524
5946,0.002277,172.217.194.0-255,2902,88575,46,245524
5947,0.0023,172.217.194.0-255,4320,92895,46,245524
5948,0.00233,172.217.194.0-255,1484,94379,46,245524
5949,0.002349,172.217.194.0-255,7156,101535,46,245524
5950,0.002356,172.217.194.0-255,7156,108691,46,245524
5951,0.003319,172.31.46.0-255,66,108757,46,245524
5952,0.005649,172.217.194.0-255,5738,114495,46,245524
5953,0.005656,172.31.46.0-255,66,114561,46,245524
5954,0.007959,172.217.194.0-255,5738,120299,46,245524
5955,0.008563,172.31.46.0-255,66,120365,46,245524
5956,0.010893,172.217.194.0-255,5738,126103,46,245524
5957,0.01091,172.31.46.0-255,66,126169,46,245524
5958,0.013228,172.217.194.0-255,5738,131907,46,245524
5959,0.015443,172.31.46.0-255,66,131973,46,245524
5960,0.017737,172.217.194.0-255,5738,137711,46,245524
5961,0.01775,172.31.46.0-255,66,137777,46,245524
5962,0.020054,172.217.194.0-255,5738,143515,46,245524
5963,0.020062,172.31.46.0-255,66,143581,46,245524
5964,0.022367,172.217.194.0-255,5738,149319,46,245524
5965,0.022376,172.31.46.0-255,66,149385,46,245524
5966,0.024685,172.217.194.0-255,5738,155123,46,245524
5967,0.024692,172.31.46.0-255,66,155189,46,245524
5968,0.025527,172.31.46.0-255,172,155361,46,245524
5969,0.025559,172.31.46.0-255,1119,156480,46,245524
5970,0.025622,172.31.46.0-255,1514,157994,46,245524
5971,0.025624,172.31.46.0-255,404,158398,46,245524
5972,0.027005,172.217.194.0-255,5738,164136,46,245524
5973,0.027013,172.31.46.0-255,66,164202,46,245524
5974,0.027792,104.244.42.0-255,66,164268,46,245524
5975,0.029312,172.217.194.0-255,5738,170006,46,245524
5976,0.029317,172.31.46.0-255,66,170072,46,245524
5977,0.031596,172.217.194.0-255,5738,175810,46,245524
5978,0.031602,172.31.46.0-255,66,175876,46,245524
5979,0.033925,172.217.194.0-255,5738,181614,46,245524
5980,0.033936,172.31.46.0-255,66,181680,46,245524
5981,0.036264,172.217.194.0-255,5738,187418,46,245524
5982,0.036271,172.31.46.0-255,66,187484,46,245524
5983,0.038575,172.217.194.0-255,5738,193222,46,245524
5984,0.038583,172.31.46.0-255,66,193288,46,245524
5985,0.040882,172.217.194.0-255,5738,199026,46,245524
5986,0.040889,172.31.46.0-255,66,199092,46,245524
5987,0.04319,172.217.194.0-255,5738,204830,46,245524
5988,0.043197,172.31.46.0-255,66,204896,46,245524
5989,0.045496,172.217.194.0-255,5738,210634,46,245524
5990,0.045503,172.31.46.0-255,66,210700,46,245524
5991,0.04783,172.217.194.0-255,5738,216438,46,245524
5992,0.047836,172.31.46.0-255,66,216504,46,245524
5993,0.050168,172.217.194.0-255,5738,222242,46,245524
5994,0.050176,172.31.46.0-255,66,222308,46,245524
5995,0.052501,172.217.194.0-255,5738,228046,46,245524
5996,0.05251,172.31.46.0-255,66,228112,46,245524
5997,0.054836,172.217.194.0-255,5738,233850,46,245524
5998,0.054843,172.31.46.0-255,66,233916,46,245524
5999,0.057135,172.217.194.0-255,5738,239654,46,245524
6000,0.057142,172.31.46.0-255,66,239720,46,245524
6001,0.059428,172.217.194.0-255,5738,245458,46,245524
6002,0.059434,172.31.46.0-255,66,245524,46,245524
6003,0.0,74.125.24.0-255,143,143,46,227869
6004,2.4e-05,172.31.46.0-255,66,209,46,227869
6005,3.1e-05,74.125.24.0-255,1484,1693,46,227869
6006,3.5e-05,172.31.46.0-255,66,1759,46,227869
6007,4.1e-05,74.125.24.0-255,2902,4661,46,227869
6008,4.4e-05,172.31.46.0-255,66,4727,46,227869
6009,5.2e-05,74.125.24.0-255,7156,11883,46,227869
6010,5.6e-05,172.31.46.0-255,66,11949,46,227869
6011,6e-05,74.125.24.0-255,2042,13991,46,227869
6012,6.4e-05,172.31.46.0-255,66,14057,46,227869
6013,0.000718,74.125.24.0-255,1484,15541,46,227869
6014,0.000725,172.31.46.0-255,66,15607,46,227869
6015,0.000735,74.125.24.0-255,2902,18509,46,227869
6016,0.000737,172.31.46.0-255,66,18575,46,227869
6017,0.000744,74.125.24.0-255,5738,24313,46,227869
6018,0.000746,172.31.46.0-255,66,24379,46,227869
6019,0.000776,74.125.24.0-255,6797,31176,46,227869
6020,0.00078,172.31.46.0-255,66,31242,46,227869
6021,0.000858,74.125.24.0-255,1484,32726,46,227869
6022,0.000862,172.31.46.0-255,66,32792,46,227869
6023,0.000868,74.125.24.0-255,2902,35694,46,227869
6024,0.00087,172.31.46.0-255,66,35760,46,227869
6025,0.000885,74.125.24.0-255,1484,37244,46,227869
6026,0.000888,172.31.46.0-255,66,37310,46,227869
6027,0.000914,74.125.24.0-255,4320,41630,46,227869
6028,0.000918,172.31.46.0-255,66,41696,46,227869
6029,0.000925,74.125.24.0-255,5738,47434,46,227869
6030,0.000927,172.31.46.0-255,66,47500,46,227869
6031,0.000945,74.125.24.0-255,3961,51461,46,227869
6032,0.000948,172.31.46.0-255,66,51527,46,227869
6033,0.000955,74.125.24.0-255,5738,57265,46,227869
6034,0.000957,172.31.46.0-255,66,57331,46,227869
6035,0.000979,74.125.24.0-255,4320,61651,46,227869
6036,0.000982,172.31.46.0-255,66,61717,46,227869
6037,0.000987,74.125.24.0-255,4237,65954,46,227869
6038,0.00099,172.31.46.0-255,66,66020,46,227869
6039,0.000993,74.125.24.0-255,129,66149,46,227869
6040,0.002093,74.125.24.0-255,347,66496,46,227869
6041,0.00214,74.125.24.0-255,1484,67980,46,227869
6042,0.002146,172.31.46.0-255,66,68046,46,227869
6043,0.002155,74.125.24.0-255,4320,72366,46,227869
6044,0.002158,172.31.46.0-255,66,72432,46,227869
6045,0.002216,172.31.46.0-255,66,72498,46,227869
6046,0.00222,74.125.24.0-255,4320,76818,46,227869
6047,0.002224,172.31.46.0-255,66,76884,46,227869
6048,0.00225,74.125.24.0-255,7156,84040,46,227869
6049,0.002252,172.31.46.0-255,66,84106,46,227869
6050,0.002258,74.125.24.0-255,4320,88426,46,227869
6051,0.00226,172.31.46.0-255,66,88492,46,227869
6052,0.002282,74.125.24.0-255,2184,90676,46,227869
6053,0.002285,172.31.46.0-255,66,90742,46,227869
6054,0.004747,74.125.24.0-255,2902,93644,46,227869
6055,0.004758,172.31.46.0-255,66,93710,46,227869
6056,0.00479,74.125.24.0-255,2902,96612,46,227869
6057,0.004794,172.31.46.0-255,66,96678,46,227869
6058,0.007245,74.125.24.0-255,2902,99580,46,227869
6059,0.007261,172.31.46.0-255,66,99646,46,227869
6060,0.007284,74.125.24.0-255,2902,102548,46,227869
6061,0.007287,172.31.46.0-255,66,102614,46,227869
6062,0.009735,74.125.24.0-255,2902,105516,46,227869
6063,0.009747,172.31.46.0-255,66,105582,46,227869
6064,0.009772,74.125.24.0-255,2902,108484,46,227869
6065,0.009775,172.31.46.0-255,66,108550,46,227869
6066,0.01226,74.125.24.0-255,5738,114288,46,227869
6067,0.012277,172.31.46.0-255,66,114354,46,227869
6068,0.014829,74.125.24.0-255,5738,120092,46,227869
6069,0.014845,172.31.46.0-255,66,120158,46,227869
6070,0.017381,74.125.24.0-255,5738,125896,46,227869
6071,0.017395,172.31.46.0-255,66,125962,46,227869
6072,0.01991,74.125.24.0-255,5738,131700,46,227869
6073,0.019921,172.31.46.0-255,66,131766,46,227869
6074,0.022493,74.125.24.0-255,5738,137504,46,227869
6075,0.022511,172.31.46.0-255,66,137570,46,227869
6076,0.025023,74.125.24.0-255,5738,143308,46,227869
6077,0.025038,172.31.46.0-255,66,143374,46,227869
6078,0.027578,74.125.24.0-255,5738,149112,46,227869
6079,0.027598,172.31.46.0-255,66,149178,46,227869
6080,0.030099,74.125.24.0-255,5738,154916,46,227869
6081,0.030117,172.31.46.0-255,66,154982,46,227869
6082,0.032623,74.125.24.0-255,5738,160720,46,227869
6083,0.03264,172.31.46.0-255,66,160786,46,227869
6084,0.03358,172.31.46.0-255,176,160962,46,227869
6085,0.033615,172.31.46.0-255,1118,162080,46,227869
6086,0.033699,172.31.46.0-255,1514,163594,46,227869
6087,0.033701,172.31.46.0-255,1514,165108,46,227869
6088,0.033703,172.31.46.0-255,1514,166622,46,227869
6089,0.033704,172.31.46.0-255,1514,168136,46,227869
6090,0.033705,172.31.46.0-255,1495,169631,46,227869
6091,0.035156,74.125.24.0-255,5738,175369,46,227869
6092,0.035167,172.31.46.0-255,66,175435,46,227869
6093,0.03525,104.244.42.0-255,66,175501,46,227869
6094,0.035298,104.244.42.0-255,66,175567,46,227869
6095,0.035446,104.244.42.0-255,66,175633,46,227869
6096,0.037753,74.125.24.0-255,5738,181371,46,227869
6097,0.037766,172.31.46.0-255,66,181437,46,227869
6098,0.040302,74.125.24.0-255,5738,187175,46,227869
6099,0.040319,172.31.46.0-255,66,187241,46,227869
6100,0.042828,74.125.24.0-255,5738,192979,46,227869
6101,0.042844,172.31.46.0-255,66,193045,46,227869
6102,0.045371,74.125.24.0-255,5738,198783,46,227869
6103,0.045383,172.31.46.0-255,66,198849,46,227869
6104,0.047888,74.125.24.0-255,5738,204587,46,227869
6105,0.047909,172.31.46.0-255,66,204653,46,227869
6106,0.050419,74.125.24.0-255,5738,210391,46,227869
6107,0.050437,172.31.46.0-255,66,210457,46,227869
6108,0.052968,74.125.24.0-255,5738,216195,46,227869
6109,0.052985,172.31.46.0-255,66,216261,46,227869
6110,0.055509,74.125.24.0-255,5738,221999,46,227869
6111,0.055525,172.31.46.0-255,66,222065,46,227869
6112,0.058011,74.125.24.0-255,5738,227803,46,227869
6113,0.058026,172.31.46.0-255,66,227869,46,227869
6114,0.0,74.125.24.0-255,150,150,46,194284
6115,2e-05,172.31.46.0-255,66,216,46,194284
6116,2.7e-05,74.125.24.0-255,1484,1700,46,194284
6117,3.1e-05,172.31.46.0-255,66,1766,46,194284
6118,3.7e-05,74.125.24.0-255,2902,4668,46,194284
6119,3.9e-05,172.31.46.0-255,66,4734,46,194284
6120,5.4e-05,74.125.24.0-255,7156,11890,46,194284
6121,5.8e-05,172.31.46.0-255,66,11956,46,194284
6122,6.2e-05,74.125.24.0-255,2075,14031,46,194284
6123,6.5e-05,172.31.46.0-255,66,14097,46,194284
6124,9.8e-05,74.125.24.0-255,2902,16999,46,194284
6125,0.000101,172.31.46.0-255,66,17065,46,194284
6126,0.000108,74.125.24.0-255,5738,22803,46,194284
6127,0.000111,172.31.46.0-255,66,22869,46,194284
6128,0.000146,74.125.24.0-255,1484,24353,46,194284
6129,0.000148,172.31.46.0-255,66,24419,46,194284
6130,0.000179,74.125.24.0-255,6797,31216,46,194284
6131,0.000181,172.31.46.0-255,66,31282,46,194284
6132,0.000185,74.125.24.0-255,1484,32766,46,194284
6133,0.000187,172.31.46.0-255,66,32832,46,194284
6134,0.000213,74.125.24.0-255,7156,39988,46,194284
6135,0.000215,172.31.46.0-255,66,40054,46,194284
6136,0.000226,172.31.46.0-255,66,40120,46,194284
6137,0.000514,74.125.24.0-255,1484,41604,46,194284
6138,0.000519,172.31.46.0-255,66,41670,46,194284
6139,0.000525,74.125.24.0-255,2902,44572,46,194284
6140,0.000527,172.31.46.0-255,66,44638,46,194284
6141,0.000534,74.125.24.0-255,5738,50376,46,194284
6142,0.000541,172.31.46.0-255,66,50442,46,194284
6143,0.000585,172.31.46.0-255,66,50508,46,194284
6144,0.000597,172.31.46.0-255,66,50574,46,194284
6145,0.000625,74.125.24.0-255,3961,54535,46,194284
6146,0.000628,172.31.46.0-255,66,54601,46,194284
6147,0.000633,74.125.24.0-255,4320,58921,46,194284
6148,0.000636,172.31.46.0-255,66,58987,46,194284
6149,0.000702,172.31.46.0-255,66,59053,46,194284
6150,0.000707,74.125.24.0-255,2543,61596,46,194284
6151,0.00071,172.31.46.0-255,66,61662,46,194284
6152,0.000909,74.125.24.0-255,1484,63146,46,194284
6153,0.000916,74.125.24.0-255,2902,66048,46,194284
6154,0.00092,172.31.46.0-255,66,66114,46,194284
6155,0.000927,74.125.24.0-255,5738,71852,46,194284
6156,0.000929,172.31.46.0-255,66,71918,46,194284
6157,0.000968,74.125.24.0-255,2902,74820,46,194284
6158,0.00097,172.31.46.0-255,66,74886,46,194284
6159,0.000988,74.125.24.0-255,3947,78833,46,194284
6160,0.000991,172.31.46.0-255,66,78899,46,194284
6161,0.001023,74.125.24.0-255,5738,84637,46,194284
6162,0.001025,172.31.46.0-255,66,84703,46,194284
6163,0.001055,74.125.24.0-255,1484,86187,46,194284
6164,0.001066,172.31.46.0-255,66,86253,46,194284
6165,0.001089,172.31.46.0-255,66,86319,46,194284
6166,0.001091,74.125.24.0-255,766,87085,46,194284
6167,0.001453,74.125.24.0-255,1484,88569,46,194284
6168,0.001458,172.31.46.0-255,66,88635,46,194284
6169,0.001464,74.125.24.0-255,2902,91537,46,194284
6170,0.001466,172.31.46.0-255,66,91603,46,194284
6171,0.001484,74.125.24.0-255,1484,93087,46,194284
6172,0.001506,74.125.24.0-255,2902,95989,46,194284
6173,0.001508,172.31.46.0-255,66,96055,46,194284
6174,0.001521,172.31.46.0-255,66,96121,46,194284
6175,0.001549,74.125.24.0-255,1484,97605,46,194284
6176,0.001583,172.31.46.0-255,66,97671,46,194284
6177,0.001809,74.125.24.0-255,1484,99155,46,194284
6178,0.001823,74.125.24.0-255,2902,102057,46,194284
6179,0.001826,172.31.46.0-255,66,102123,46,194284
6180,0.00183,74.125.24.0-255,1484,103607,46,194284
6181,0.001857,74.125.24.0-255,4320,107927,46,194284
6182,0.001859,172.31.46.0-255,66,107993,46,194284
6183,0.001872,172.31.46.0-255,66,108059,46,194284
6184,0.001896,74.125.24.0-255,1484,109543,46,194284
6185,0.001908,172.31.46.0-255,66,109609,46,194284
6186,0.002169,74.125.24.0-255,1484,111093,46,194284
6187,0.002175,74.125.24.0-255,2902,113995,46,194284
6188,0.002178,172.31.46.0-255,66,114061,46,194284
6189,0.002215,74.125.24.0-255,5738,119799,46,194284
6190,0.002218,172.31.46.0-255,66,119865,46,194284
6191,0.002223,74.125.24.0-255,2902,122767,46,194284
6192,0.002225,172.31.46.0-255,66,122833,46,194284
6193,0.002257,172.31.46.0-255,66,122899,46,194284
6194,0.002268,172.31.46.0-255,66,122965,46,194284
6195,0.002316,74.125.24.0-255,7156,130121,46,194284
6196,0.00232,172.31.46.0-255,66,130187,46,194284
6197,0.002356,172.31.46.0-255,66,130253,46,194284
6198,0.002402,172.31.46.0-255,66,130319,46,194284
6199,0.002433,74.125.24.0-255,3602,133921,46,194284
6200,0.002436,172.31.46.0-255,66,133987,46,194284
6201,0.002439,74.125.24.0-255,1484,135471,46,194284
6202,0.002444,74.125.24.0-255,2902,138373,46,194284
6203,0.002446,172.31.46.0-255,66,138439,46,194284
6204,0.002451,74.125.24.0-255,5738,144177,46,194284
6205,0.002453,172.31.46.0-255,66,144243,46,194284
6206,0.002459,74.125.24.0-255,5738,149981,46,194284
6207,0.002462,172.31.46.0-255,66,150047,46,194284
6208,0.002498,172.31.46.0-255,66,150113,46,194284
6209,0.002504,74.125.24.0-255,5020,155133,46,194284
6210,0.002541,74.125.24.0-255,1484,156617,46,194284
6211,0.002558,74.125.24.0-255,2902,159519,46,194284
6212,0.002577,74.125.24.0-255,5738,165257,46,194284
6213,0.002605,74.125.24.0-255,2902,168159,46,194284
6214,0.002653,74.125.24.0-255,2184,170343,46,194284
6215,0.002658,74.125.24.0-255,4320,174663,46,194284
6216,0.002695,74.125.24.0-255,7156,181819,46,194284
6217,0.00272,74.125.24.0-255,2755,184574,46,194284
6218,0.002741,74.125.24.0-255,97,184671,46,194284
6219,0.002772,74.125.24.0-255,105,184776,46,194284
6220,0.007796,172.31.46.0-255,66,184842,46,194284
6221,0.009003,172.31.46.0-255,101,184943,46,194284
6222,0.009684,172.31.46.0-255,105,185048,46,194284
6223,0.011266,74.125.24.0-255,66,185114,46,194284
6224,0.011942,74.125.24.0-255,66,185180,46,194284
6225,0.035074,172.31.46.0-255,172,185352,46,194284
6226,0.035105,172.31.46.0-255,1120,186472,46,194284
6227,0.03517,172.31.46.0-255,1514,187986,46,194284
6228,0.035172,172.31.46.0-255,1514,189500,46,194284
6229,0.035178,172.31.46.0-255,1514,191014,46,194284
6230,0.035179,172.31.46.0-255,1514,192528,46,194284
6231,0.035197,172.31.46.0-255,1492,194020,46,194284
6232,0.036646,104.244.42.0-255,66,194086,46,194284
6233,0.036685,104.244.42.0-255,66,194152,46,194284
6234,0.036733,104.244.42.0-255,66,194218,46,194284
6235,0.036783,104.244.42.0-255,66,194284,46,194284
6236,0.0,172.217.194.0-255,146,146,46,138385
6237,1.8e-05,172.31.46.0-255,66,212,46,138385
6238,2.4e-05,172.217.194.0-255,1484,1696,46,138385
6239,2.9e-05,172.31.46.0-255,66,1762,46,138385
6240,3.3e-05,172.217.194.0-255,2902,4664,46,138385
6241,3.7e-05,172.31.46.0-255,66,4730,46,138385
6242,4.9e-05,172.217.194.0-255,7156,11886,46,138385
6243,5.4e-05,172.31.46.0-255,66,11952,46,138385
6244,5.8e-05,172.217.194.0-255,2006,13958,46,138385
6245,6.1e-05,172.31.46.0-255,66,14024,46,138385
6246,9.6e-05,172.31.46.0-255,66,14090,46,138385
6247,0.000103,172.217.194.0-255,5738,19828,46,138385
6248,0.000105,172.31.46.0-255,66,19894,46,138385
6249,0.000137,172.217.194.0-255,7156,27050,46,138385
6250,0.000139,172.31.46.0-255,66,27116,46,138385
6251,0.000167,172.217.194.0-255,7156,34272,46,138385
6252,0.000169,172.31.46.0-255,66,34338,46,138385
6253,0.000203,172.31.46.0-255,66,34404,46,138385
6254,0.000243,172.31.46.0-255,66,34470,46,138385
6255,0.000391,172.217.194.0-255,99,34569,46,138385
6256,0.000395,172.31.46.0-255,66,34635,46,138385
6257,0.000544,172.217.194.0-255,1484,36119,46,138385
6258,0.000548,172.31.46.0-255,66,36185,46,138385
6259,0.000574,172.217.194.0-255,2902,39087,46,138385
6260,0.000576,172.31.46.0-255,66,39153,46,138385
6261,0.000582,172.217.194.0-255,5738,44891,46,138385
6262,0.000584,172.31.46.0-255,66,44957,46,138385
6263,0.000589,172.217.194.0-255,4320,49277,46,138385
6264,0.00059,172.31.46.0-255,66,49343,46,138385
6265,0.000635,172.31.46.0-255,66,49409,46,138385
6266,0.000637,172.31.46.0-255,66,49475,46,138385
6267,0.00114,172.217.194.0-255,1484,50959,46,138385
6268,0.001146,172.217.194.0-255,2902,53861,46,138385
6269,0.00115,172.31.46.0-255,66,53927,46,138385
6270,0.001184,172.217.194.0-255,5738,59665,46,138385
6271,0.001186,172.31.46.0-255,66,59731,46,138385
6272,0.001194,172.217.194.0-255,7156,66887,46,138385
6273,0.001197,172.31.46.0-255,66,66953,46,138385
6274,0.001229,172.31.46.0-255,66,67019,46,138385
6275,0.001262,172.217.194.0-255,5738,72757,46,138385
6276,0.001265,172.31.46.0-255,66,72823,46,138385
6277,0.001269,172.217.194.0-255,2184,75007,46,138385
6278,0.001271,172.31.46.0-255,66,75073,46,138385
6279,0.00145,172.217.194.0-255,1484,76557,46,138385
6280,0.001456,172.217.194.0-255,2902,79459,46,138385
6281,0.001459,172.31.46.0-255,66,79525,46,138385
6282,0.001466,172.217.194.0-255,5738,85263,46,138385
6283,0.001468,172.31.46.0-255,66,85329,46,138385
6284,0.001471,172.217.194.0-255,1484,86813,46,138385
6285,0.001505,172.31.46.0-255,66,86879,46,138385
6286,0.001541,172.31.46.0-255,66,86945,46,138385
6287,0.001563,172.217.194.0-255,6438,93383,46,138385
6288,0.001566,172.31.46.0-255,66,93449,46,138385
6289,0.001613,172.31.46.0-255,66,93515,46,138385
6290,0.001649,172.217.194.0-255,5738,99253,46,138385
6291,0.001652,172.31.46.0-255,66,99319,46,138385
6292,0.001669,172.31.46.0-255,66,99385,46,138385
6293,0.001675,172.217.194.0-255,4320,103705,46,138385
6294,0.001677,172.31.46.0-255,66,103771,46,138385
6295,0.001683,172.217.194.0-255,5738,109509,46,138385
6296,0.001686,172.31.46.0-255,66,109575,46,138385
6297,0.001698,172.31.46.0-255,66,109641,46,138385
6298,0.001715,172.31.46.0-255,66,109707,46,138385
6299,0.001759,172.31.46.0-255,66,109773,46,138385
6300,0.001797,172.217.194.0-255,4320,114093,46,138385
6301,0.0018,172.31.46.0-255,66,114159,46,138385
6302,0.001821,172.31.46.0-255,66,114225,46,138385
6303,0.001824,172.217.194.0-255,1484,115709,46,138385
6304,0.001852,172.217.194.0-255,7156,122865,46,138385
6305,0.001855,172.31.46.0-255,66,122931,46,138385
6306,0.001901,172.31.46.0-255,66,122997,46,138385
6307,0.001914,172.31.46.0-255,66,123063,46,138385
6308,0.001962,172.31.46.0-255,66,123129,46,138385
6309,0.001986,172.31.46.0-255,66,123195,46,138385
6310,0.002028,172.217.194.0-255,5738,128933,46,138385
6311,0.002031,172.31.46.0-255,66,128999,46,138385
6312,0.002068,172.217.194.0-255,105,129104,46,138385
6313,0.002085,172.31.46.0-255,66,129170,46,138385
6314,0.015224,172.31.46.0-255,105,129275,46,138385
6315,0.017296,172.217.194.0-255,66,129341,46,138385
6316,0.03966,172.31.46.0-255,176,129517,46,138385
6317,0.039691,172.31.46.0-255,1118,130635,46,138385
6318,0.039766,172.31.46.0-255,1514,132149,46,138385
6319,0.039768,172.31.46.0-255,1514,133663,46,138385
6320,0.039791,172.31.46.0-255,1514,135177,46,138385
6321,0.039792,172.31.46.0-255,1514,136691,46,138385
6322,0.039795,172.31.46.0-255,1496,138187,46,138385
6323,0.041327,104.244.42.0-255,66,138253,46,138385
6324,0.041377,104.244.42.0-255,66,138319,46,138385
6325,0.041473,104.244.42.0-255,66,138385,46,138385
6326,0.0,74.125.24.0-255,153,153,46,292026
6327,2e-05,172.31.46.0-255,66,219,46,292026
6328,2.8e-05,74.125.24.0-255,1484,1703,46,292026
6329,3.3e-05,172.31.46.0-255,66,1769,46,292026
6330,4.6e-05,74.125.24.0-255,2902,4671,46,292026
6331,5e-05,172.31.46.0-255,66,4737,46,292026
6332,5.3e-05,74.125.24.0-255,1484,6221,46,292026
6333,5.6e-05,172.31.46.0-255,66,6287,46,292026
6334,6.1e-05,74.125.24.0-255,2902,9189,46,292026
6335,6.4e-05,172.31.46.0-255,66,9255,46,292026
6336,7.1e-05,74.125.24.0-255,6352,15607,46,292026
6337,7.4e-05,172.31.46.0-255,66,15673,46,292026
6338,7.8e-05,74.125.24.0-255,2902,18575,46,292026
6339,8.1e-05,172.31.46.0-255,66,18641,46,292026
6340,0.000107,74.125.24.0-255,7156,25797,46,292026
6341,0.000114,172.31.46.0-255,66,25863,46,292026
6342,0.000138,74.125.24.0-255,5379,31242,46,292026
6343,0.000141,172.31.46.0-255,66,31308,46,292026
6344,0.000166,74.125.24.0-255,1484,32792,46,292026
6345,0.000168,172.31.46.0-255,66,32858,46,292026
6346,0.000197,74.125.24.0-255,4320,37178,46,292026
6347,0.0002,172.31.46.0-255,66,37244,46,292026
6348,0.000202,74.125.24.0-255,1484,38728,46,292026
6349,0.000205,172.31.46.0-255,66,38794,46,292026
6350,0.000216,172.31.46.0-255,66,38860,46,292026
6351,0.000257,74.125.24.0-255,2902,41762,46,292026
6352,0.00026,172.31.46.0-255,66,41828,46,292026
6353,0.000297,172.31.46.0-255,66,41894,46,292026
6354,0.000328,74.125.24.0-255,409,42303,46,292026
6355,0.000331,172.31.46.0-255,66,42369,46,292026
6356,0.000675,74.125.24.0-255,1484,43853,46,292026
6357,0.000683,74.125.24.0-255,2902,46755,46,292026
6358,0.000686,172.31.46.0-255,66,46821,46,292026
6359,0.000694,74.125.24.0-255,5738,52559,46,292026
6360,0.000696,172.31.46.0-255,66,52625,46,292026
6361,0.000726,74.125.24.0-255,7156,59781,46,292026
6362,0.000729,172.31.46.0-255,66,59847,46,292026
6363,0.000759,74.125.24.0-255,5738,65585,46,292026
6364,0.000762,172.31.46.0-255,66,65651,46,292026
6365,0.000775,172.31.46.0-255,66,65717,46,292026
6366,0.001581,74.125.24.0-255,1484,67201,46,292026
6367,0.001591,74.125.24.0-255,2902,70103,46,292026
6368,0.001595,172.31.46.0-255,66,70169,46,292026
6369,0.001603,74.125.24.0-255,5738,75907,46,292026
6370,0.001605,172.31.46.0-255,66,75973,46,292026
6371,0.001612,74.125.24.0-255,5738,81711,46,292026
6372,0.001619,172.31.46.0-255,66,81777,46,292026
6373,0.001662,172.31.46.0-255,66,81843,46,292026
6374,0.001668,74.125.24.0-255,5020,86863,46,292026
6375,0.001684,172.31.46.0-255,66,86929,46,292026
6376,0.001733,74.125.24.0-255,1484,88413,46,292026
6377,0.001738,74.125.24.0-255,2902,91315,46,292026
6378,0.001741,172.31.46.0-255,66,91381,46,292026
6379,0.001768,74.125.24.0-255,2902,94283,46,292026
6380,0.00177,172.31.46.0-255,66,94349,46,292026
6381,0.001775,74.125.24.0-255,4320,98669,46,292026
6382,0.001778,172.31.46.0-255,66,98735,46,292026
6383,0.001785,74.125.24.0-255,7156,105891,46,292026
6384,0.001787,172.31.46.0-255,66,105957,46,292026
6385,0.001819,74.125.24.0-255,1484,107441,46,292026
6386,0.001834,172.31.46.0-255,66,107507,46,292026
6387,0.002001,74.125.24.0-255,1484,108991,46,292026
6388,0.002007,74.125.24.0-255,2902,111893,46,292026
6389,0.002011,172.31.46.0-255,66,111959,46,292026
6390,0.002046,74.125.24.0-255,5738,117697,46,292026
6391,0.002049,172.31.46.0-255,66,117763,46,292026
6392,0.002063,172.31.46.0-255,66,117829,46,292026
6393,0.002078,172.31.46.0-255,66,117895,46,292026
6394,0.00212,74.125.24.0-255,2184,120079,46,292026
6395,0.002125,172.31.46.0-255,66,120145,46,292026
6396,0.00215,74.125.24.0-255,2902,123047,46,292026
6397,0.002152,172.31.46.0-255,66,123113,46,292026
6398,0.002179,74.125.24.0-255,5738,128851,46,292026
6399,0.002182,74.125.24.0-255,2902,131753,46,292026
6400,0.002187,172.31.46.0-255,66,131819,46,292026
6401,0.002195,172.31.46.0-255,66,131885,46,292026
6402,0.002202,74.125.24.0-255,7156,139041,46,292026
6403,0.002209,172.31.46.0-255,66,139107,46,292026
6404,0.002246,172.31.46.0-255,66,139173,46,292026
6405,0.004501,74.125.24.0-255,4320,143493,46,292026
6406,0.004508,172.31.46.0-255,66,143559,46,292026
6407,0.004534,74.125.24.0-255,1484,145043,46,292026
6408,0.00679,74.125.24.0-255,4320,149363,46,292026
6409,0.006796,172.31.46.0-255,66,149429,46,292026
6410,0.009051,74.125.24.0-255,5738,155167,46,292026
6411,0.009057,172.31.46.0-255,66,155233,46,292026
6412,0.01132,74.125.24.0-255,5738,160971,46,292026
6413,0.011328,172.31.46.0-255,66,161037,46,292026
6414,0.013583,74.125.24.0-255,5738,166775,46,292026
6415,0.01359,172.31.46.0-255,66,166841,46,292026
6416,0.015864,74.125.24.0-255,5738,172579,46,292026
6417,0.015871,172.31.46.0-255,66,172645,46,292026
6418,0.018141,74.125.24.0-255,5738,178383,46,292026
6419,0.018148,172.31.46.0-255,66,178449,46,292026
6420,0.02042,74.125.24.0-255,5738,184187,46,292026
6421,0.020428,172.31.46.0-255,66,184253,46,292026
6422,0.022681,74.125.24.0-255,5738,189991,46,292026
6423,0.022689,172.31.46.0-255,66,190057,46,292026
6424,0.024945,74.125.24.0-255,5738,195795,46,292026
6425,0.024953,172.31.46.0-255,66,195861,46,292026
6426,0.027236,74.125.24.0-255,5738,201599,46,292026
6427,0.027244,172.31.46.0-255,66,201665,46,292026
6428,0.029525,74.125.24.0-255,5738,207403,46,292026
6429,0.029532,172.31.46.0-255,66,207469,46,292026
6430,0.031793,74.125.24.0-255,5738,213207,46,292026
6431,0.031802,172.31.46.0-255,66,213273,46,292026
6432,0.034076,172.31.46.0-255,172,213445,46,292026
6433,0.034119,74.125.24.0-255,5738,219183,46,292026
6434,0.034124,172.31.46.0-255,66,219249,46,292026
6435,0.034145,172.31.46.0-255,1114,220363,46,292026
6436,0.034221,172.31.46.0-255,1514,221877,46,292026
6437,0.034223,172.31.46.0-255,1514,223391,46,292026
6438,0.034228,172.31.46.0-255,1514,224905,46,292026
6439,0.034229,172.31.46.0-255,1514,226419,46,292026
6440,0.034249,172.31.46.0-255,1499,227918,46,292026
6441,0.035638,104.244.42.0-255,66,227984,46,292026
6442,0.035729,104.244.42.0-255,66,228050,46,292026
6443,0.035807,104.244.42.0-255,66,228116,46,292026
6444,0.035821,104.244.42.0-255,66,228182,46,292026
6445,0.036407,74.125.24.0-255,5738,233920,46,292026
6446,0.036412,172.31.46.0-255,66,233986,46,292026
6447,0.038699,74.125.24.0-255,5738,239724,46,292026
6448,0.038705,172.31.46.0-255,66,239790,46,292026
6449,0.040987,74.125.24.0-255,5738,245528,46,292026
6450,0.040992,172.31.46.0-255,66,245594,46,292026
6451,0.043271,74.125.24.0-255,5738,251332,46,292026
6452,0.043278,172.31.46.0-255,66,251398,46,292026
6453,0.04558,74.125.24.0-255,5738,257136,46,292026
6454,0.045586,172.31.46.0-255,66,257202,46,292026
6455,0.047863,74.125.24.0-255,5738,262940,46,292026
6456,0.04787,172.31.46.0-255,66,263006,46,292026
6457,0.050143,74.125.24.0-255,5738,268744,46,292026
6458,0.050149,172.31.46.0-255,66,268810,46,292026
6459,0.052439,74.125.24.0-255,5738,274548,46,292026
6460,0.052444,172.31.46.0-255,66,274614,46,292026
6461,0.054728,74.125.24.0-255,5738,280352,46,292026
6462,0.054735,172.31.46.0-255,66,280418,46,292026
6463,0.057006,74.125.24.0-255,5738,286156,46,292026
6464,0.057013,172.31.46.0-255,66,286222,46,292026
6465,0.059284,74.125.24.0-255,5738,291960,46,292026
6466,0.05929,172.31.46.0-255,66,292026,46,292026
6467,0.0,172.217.194.0-255,153,153,46,223803
6468,1.8e-05,172.217.194.0-255,1484,1637,46,223803
6469,3e-05,172.31.46.0-255,66,1703,46,223803
6470,4e-05,172.217.194.0-255,2902,4605,46,223803
6471,4.4e-05,172.31.46.0-255,66,4671,46,223803
6472,5.8e-05,172.217.194.0-255,5738,10409,46,223803
6473,6.1e-05,172.31.46.0-255,66,10475,46,223803
6474,0.000102,172.217.194.0-255,3505,13980,46,223803
6475,0.000105,172.31.46.0-255,66,14046,46,223803
6476,0.00026,172.217.194.0-255,1484,15530,46,223803
6477,0.000267,172.217.194.0-255,2902,18432,46,223803
6478,0.000271,172.31.46.0-255,66,18498,46,223803
6479,0.000308,172.217.194.0-255,5738,24236,46,223803
6480,0.000312,172.31.46.0-255,66,24302,46,223803
6481,0.000339,172.217.194.0-255,5738,30040,46,223803
6482,0.000342,172.31.46.0-255,66,30106,46,223803
6483,0.000379,172.31.46.0-255,66,30172,46,223803
6484,0.00039,172.31.46.0-255,66,30238,46,223803
6485,0.000418,172.217.194.0-255,4320,34558,46,223803
6486,0.000421,172.31.46.0-255,66,34624,46,223803
6487,0.000437,172.31.46.0-255,66,34690,46,223803
6488,0.000542,172.217.194.0-255,367,35057,46,223803
6489,0.000853,172.217.194.0-255,375,35432,46,223803
6490,0.000882,172.217.194.0-255,1484,36916,46,223803
6491,0.000886,172.31.46.0-255,66,36982,46,223803
6492,0.000914,172.217.194.0-255,4320,41302,46,223803
6493,0.000918,172.31.46.0-255,66,41368,46,223803
6494,0.000924,172.217.194.0-255,4320,45688,46,223803
6495,0.000926,172.31.46.0-255,66,45754,46,223803
6496,0.000964,172.217.194.0-255,5738,51492,46,223803
6497,0.000967,172.31.46.0-255,66,51558,46,223803
6498,0.000975,172.217.194.0-255,5738,57296,46,223803
6499,0.000977,172.31.46.0-255,66,57362,46,223803
6500,0.000998,172.217.194.0-255,2902,60264,46,223803
6501,0.001001,172.31.46.0-255,66,60330,46,223803
6502,0.001058,172.31.46.0-255,66,60396,46,223803
6503,0.001207,172.217.194.0-255,1484,61880,46,223803
6504,0.001212,172.217.194.0-255,1484,63364,46,223803
6505,0.001215,172.31.46.0-255,66,63430,46,223803
6506,0.001239,172.217.194.0-255,1484,64914,46,223803
6507,0.001245,172.217.194.0-255,4320,69234,46,223803
6508,0.001247,172.31.46.0-255,66,69300,46,223803
6509,0.001254,172.217.194.0-255,5738,75038,46,223803
6510,0.001257,172.31.46.0-255,66,75104,46,223803
6511,0.00126,172.217.194.0-255,1484,76588,46,223803
6512,0.001284,172.217.194.0-255,7156,83744,46,223803
6513,0.001287,172.31.46.0-255,66,83810,46,223803
6514,0.001316,172.217.194.0-255,2902,86712,46,223803
6515,0.001319,172.31.46.0-255,66,86778,46,223803
6516,0.00133,172.31.46.0-255,66,86844,46,223803
6517,0.001359,172.217.194.0-255,4320,91164,46,223803
6518,0.001362,172.31.46.0-255,66,91230,46,223803
6519,0.001387,172.31.46.0-255,66,91296,46,223803
6520,0.001394,172.217.194.0-255,4320,95616,46,223803
6521,0.001396,172.31.46.0-255,66,95682,46,223803
6522,0.001439,172.31.46.0-255,66,95748,46,223803
6523,0.001446,172.217.194.0-255,6438,102186,46,223803
6524,0.001449,172.31.46.0-255,66,102252,46,223803
6525,0.002324,172.217.194.0-255,1484,103736,46,223803
6526,0.002334,172.217.194.0-255,2902,106638,46,223803
6527,0.002339,172.31.46.0-255,66,106704,46,223803
6528,0.002347,172.217.194.0-255,5738,112442,46,223803
6529,0.002349,172.31.46.0-255,66,112508,46,223803
6530,0.002366,172.31.46.0-255,66,112574,46,223803
6531,0.00242,172.217.194.0-255,7156,119730,46,223803
6532,0.002422,172.31.46.0-255,66,119796,46,223803
6533,0.002456,172.31.46.0-255,66,119862,46,223803
6534,0.003413,172.217.194.0-255,1484,121346,46,223803
6535,0.003422,172.217.194.0-255,2902,124248,46,223803
6536,0.003426,172.31.46.0-255,66,124314,46,223803
6537,0.003432,172.217.194.0-255,2902,127216,46,223803
6538,0.003435,172.31.46.0-255,66,127282,46,223803
6539,0.003453,172.217.194.0-255,2902,130184,46,223803
6540,0.003456,172.31.46.0-255,66,130250,46,223803
6541,0.00348,172.217.194.0-255,4320,134570,46,223803
6542,0.003482,172.31.46.0-255,66,134636,46,223803
6543,0.003519,172.217.194.0-255,7156,141792,46,223803
6544,0.003521,172.31.46.0-255,66,141858,46,223803
6545,0.003539,172.31.46.0-255,66,141924,46,223803
6546,0.003807,172.217.194.0-255,1484,143408,46,223803
6547,0.003825,172.217.194.0-255,2902,146310,46,223803
6548,0.003828,172.31.46.0-255,66,146376,46,223803
6549,0.003835,172.217.194.0-255,5738,152114,46,223803
6550,0.003837,172.31.46.0-255,66,152180,46,223803
6551,0.003847,172.217.194.0-255,5738,157918,46,223803
6552,0.003849,172.31.46.0-255,66,157984,46,223803
6553,0.003878,172.217.194.0-255,1484,159468,46,223803
6554,0.003892,172.31.46.0-255,66,159534,46,223803
6555,0.003937,172.217.194.0-255,4320,163854,46,223803
6556,0.00394,172.31.46.0-255,66,163920,46,223803
6557,0.003945,172.217.194.0-255,2184,166104,46,223803
6558,0.003947,172.31.46.0-255,66,166170,46,223803
6559,0.003964,172.31.46.0-255,66,166236,46,223803
6560,0.003968,172.217.194.0-255,1484,167720,46,223803
6561,0.003975,172.217.194.0-255,7156,174876,46,223803
6562,0.003979,172.31.46.0-255,66,174942,46,223803
6563,0.004004,172.217.194.0-255,1484,176426,46,223803
6564,0.004011,172.217.194.0-255,5020,181446,46,223803
6565,0.004014,172.31.46.0-255,66,181512,46,223803
6566,0.004077,172.217.194.0-255,1484,182996,46,223803
6567,0.004096,172.217.194.0-255,1484,184480,46,223803
6568,0.004099,172.31.46.0-255,66,184546,46,223803
6569,0.004128,172.217.194.0-255,4320,188866,46,223803
6570,0.004131,172.31.46.0-255,66,188932,46,223803
6571,0.004143,172.217.194.0-255,1484,190416,46,223803
6572,0.004169,172.31.46.0-255,66,190482,46,223803
6573,0.004181,172.31.46.0-255,66,190548,46,223803
6574,0.004221,172.31.46.0-255,66,190614,46,223803
6575,0.004299,172.217.194.0-255,1484,192098,46,223803
6576,0.004303,172.217.194.0-255,1484,193582,46,223803
6577,0.004306,172.31.46.0-255,66,193648,46,223803
6578,0.004327,172.217.194.0-255,1484,195132,46,223803
6579,0.004335,172.217.194.0-255,5738,200870,46,223803
6580,0.004338,172.31.46.0-255,66,200936,46,223803
6581,0.004345,172.217.194.0-255,5738,206674,46,223803
6582,0.004348,172.31.46.0-255,66,206740,46,223803
6583,0.004388,172.217.194.0-255,7156,213896,46,223803
6584,0.004392,172.31.46.0-255,66,213962,46,223803
6585,0.004405,172.31.46.0-255,66,214028,46,223803
6586,0.004448,172.217.194.0-255,7156,221184,46,223803
6587,0.004451,172.31.46.0-255,66,221250,46,223803
6588,0.004488,172.31.46.0-255,66,221316,46,223803
6589,0.004491,172.217.194.0-255,97,221413,46,223803
6590,0.004494,172.217.194.0-255,105,221518,46,223803
6591,0.006325,172.31.46.0-255,66,221584,46,223803
6592,0.006361,172.31.46.0-255,105,221689,46,223803
6593,0.009006,172.217.194.0-255,66,221755,46,223803
6594,0.037657,172.31.46.0-255,176,221931,46,223803
6595,0.037689,172.31.46.0-255,1115,223046,46,223803
6596,0.037757,172.31.46.0-255,559,223605,46,223803
6597,0.039347,104.244.42.0-255,66,223671,46,223803
6598,0.039398,104.244.42.0-255,66,223737,46,223803
6599,0.039465,104.244.42.0-255,66,223803,46,223803
6600,0.0,172.217.194.0-255,146,146,46,241946
6601,2.2e-05,172.31.46.0-255,66,212,46,241946
6602,2.9e-05,172.217.194.0-255,1484,1696,46,241946
6603,3.4e-05,172.31.46.0-255,66,1762,46,241946
6604,4e-05,172.217.194.0-255,2902,4664,46,241946
6605,4.3e-05,172.31.46.0-255,66,4730,46,241946
6606,4.8e-05,172.217.194.0-255,4320,9050,46,241946
6607,5.1e-05,172.31.46.0-255,66,9116,46,241946
6608,8.4e-05,172.217.194.0-255,4841,13957,46,241946
6609,8.8e-05,172.31.46.0-255,66,14023,46,241946
6610,9.1e-05,172.217.194.0-255,1484,15507,46,241946
6611,9.3e-05,172.31.46.0-255,66,15573,46,241946
6612,0.00011,172.217.194.0-255,4320,19893,46,241946
6613,0.000112,172.31.46.0-255,66,19959,46,241946
6614,0.000133,172.217.194.0-255,1484,21443,46,241946
6615,0.000136,172.31.46.0-255,66,21509,46,241946
6616,0.000156,172.217.194.0-255,4320,25829,46,241946
6617,0.000158,172.31.46.0-255,66,25895,46,241946
6618,0.00018,172.217.194.0-255,5379,31274,46,241946
6619,0.000183,172.31.46.0-255,66,31340,46,241946
6620,0.000275,172.217.194.0-255,1484,32824,46,241946
6621,0.000279,172.31.46.0-255,66,32890,46,241946
6622,0.000285,172.217.194.0-255,2902,35792,46,241946
6623,0.000287,172.31.46.0-255,66,35858,46,241946
6624,0.000292,172.217.194.0-255,4320,40178,46,241946
6625,0.000295,172.31.46.0-255,66,40244,46,241946
6626,0.000317,172.217.194.0-255,1484,41728,46,241946
6627,0.00032,172.31.46.0-255,66,41794,46,241946
6628,0.000339,172.217.194.0-255,6797,48591,46,241946
6629,0.000341,172.31.46.0-255,66,48657,46,241946
6630,0.000383,172.217.194.0-255,5738,54395,46,241946
6631,0.000386,172.31.46.0-255,66,54461,46,241946
6632,0.000404,172.217.194.0-255,1484,55945,46,241946
6633,0.000406,172.31.46.0-255,66,56011,46,241946
6634,0.000417,172.31.46.0-255,66,56077,46,241946
6635,0.000434,172.217.194.0-255,1436,57513,46,241946
6636,0.000437,172.31.46.0-255,66,57579,46,241946
6637,0.000453,172.217.194.0-255,366,57945,46,241946
6638,0.000455,172.31.46.0-255,66,58011,46,241946
6639,0.00069,172.217.194.0-255,1484,59495,46,241946
6640,0.000695,172.31.46.0-255,66,59561,46,241946
6641,0.0007,172.217.194.0-255,2902,62463,46,241946
6642,0.000703,172.31.46.0-255,66,62529,46,241946
6643,0.000709,172.217.194.0-255,4320,66849,46,241946
6644,0.000719,172.31.46.0-255,66,66915,46,241946
6645,0.000728,172.217.194.0-255,1484,68399,46,241946
6646,0.000749,172.217.194.0-255,4320,72719,46,241946
6647,0.00076,172.31.46.0-255,66,72785,46,241946
6648,0.000786,172.217.194.0-255,2184,74969,46,241946
6649,0.000802,172.31.46.0-255,66,75035,46,241946
6650,0.000812,172.217.194.0-255,2902,77937,46,241946
6651,0.000838,172.217.194.0-255,4320,82257,46,241946
6652,0.000847,172.31.46.0-255,66,82323,46,241946
6653,0.000867,172.217.194.0-255,2902,85225,46,241946
6654,0.00088,172.31.46.0-255,66,85291,46,241946
6655,0.000898,172.217.194.0-255,4320,89611,46,241946
6656,0.000916,172.217.194.0-255,5738,95349,46,241946
6657,0.000927,172.31.46.0-255,66,95415,46,241946
6658,0.000938,172.217.194.0-255,5020,100435,46,241946
6659,0.000968,172.217.194.0-255,1484,101919,46,241946
6660,0.000972,172.217.194.0-255,2902,104821,46,241946
6661,0.000976,172.31.46.0-255,66,104887,46,241946
6662,0.000981,172.31.46.0-255,66,104953,46,241946
6663,0.000997,172.217.194.0-255,5738,110691,46,241946
6664,0.001012,172.31.46.0-255,66,110757,46,241946
6665,0.001023,172.217.194.0-255,5738,116495,46,241946
6666,0.001029,172.31.46.0-255,66,116561,46,241946
6667,0.001036,172.217.194.0-255,1484,118045,46,241946
6668,0.001049,172.217.194.0-255,4320,122365,46,241946
6669,0.001064,172.217.194.0-255,2902,125267,46,241946
6670,0.001072,172.31.46.0-255,66,125333,46,241946
6671,0.001094,172.217.194.0-255,7156,132489,46,241946
6672,0.001097,172.217.194.0-255,1484,133973,46,241946
6673,0.001107,172.31.46.0-255,66,134039,46,241946
6674,0.001189,172.217.194.0-255,2902,136941,46,241946
6675,0.001212,172.217.194.0-255,2902,139843,46,241946
6676,0.00123,172.217.194.0-255,7156,146999,46,241946
6677,0.001236,172.31.46.0-255,66,147065,46,241946
6678,0.001255,172.217.194.0-255,5738,152803,46,241946
6679,0.001279,172.31.46.0-255,66,152869,46,241946
6680,0.001288,172.31.46.0-255,66,152935,46,241946
6681,0.001497,172.217.194.0-255,1484,154419,46,241946
6682,0.001503,172.217.194.0-255,2902,157321,46,241946
6683,0.001525,172.217.194.0-255,5738,163059,46,241946
6684,0.001528,172.31.46.0-255,66,163125,46,241946
6685,0.001538,172.31.46.0-255,66,163191,46,241946
6686,0.001547,172.217.194.0-255,2902,166093,46,241946
6687,0.001583,172.217.194.0-255,1484,167577,46,241946
6688,0.001586,172.31.46.0-255,66,167643,46,241946
6689,0.001591,172.31.46.0-255,66,167709,46,241946
6690,0.001613,172.217.194.0-255,7156,174865,46,241946
6691,0.00163,172.217.194.0-255,2184,177049,46,241946
6692,0.001634,172.31.46.0-255,66,177115,46,241946
6693,0.001734,172.217.194.0-255,1484,178599,46,241946
6694,0.00174,172.217.194.0-255,2902,181501,46,241946
6695,0.001757,172.31.46.0-255,66,181567,46,241946
6696,0.001763,172.217.194.0-255,5738,187305,46,241946
6697,0.001769,172.217.194.0-255,4320,191625,46,241946
6698,0.001775,172.217.194.0-255,5738,197363,46,241946
6699,0.00178,172.31.46.0-255,66,197429,46,241946
6700,0.001796,172.217.194.0-255,5738,203167,46,241946
6701,0.001832,172.31.46.0-255,66,203233,46,241946
6702,0.001859,172.217.194.0-255,2902,206135,46,241946
6703,0.00188,172.217.194.0-255,4320,210455,46,241946
6704,0.001886,172.217.194.0-255,7156,217611,46,241946
6705,0.001888,172.31.46.0-255,66,217677,46,241946
6706,0.001894,172.31.46.0-255,66,217743,46,241946
6707,0.001905,172.217.194.0-255,1484,219227,46,241946
6708,0.001933,172.217.194.0-255,766,219993,46,241946
6709,0.001943,172.31.46.0-255,66,220059,46,241946
6710,0.001965,172.217.194.0-255,2902,222961,46,241946
6711,0.001972,172.31.46.0-255,66,223027,46,241946
6712,0.002019,172.217.194.0-255,5738,228765,46,241946
6713,0.002022,172.31.46.0-255,66,228831,46,241946
6714,0.002032,172.217.194.0-255,3602,232433,46,241946
6715,0.002074,172.31.46.0-255,66,232499,46,241946
6716,0.002113,172.217.194.0-255,105,232604,46,241946
6717,0.002129,172.31.46.0-255,66,232670,46,241946
6718,0.004439,172.31.46.0-255,105,232775,46,241946
6719,0.006552,172.217.194.0-255,66,232841,46,241946
6720,0.036066,172.31.46.0-255,172,233013,46,241946
6721,0.036098,172.31.46.0-255,1118,234131,46,241946
6722,0.036154,172.31.46.0-255,1514,235645,46,241946
6723,0.036155,172.31.46.0-255,1514,237159,46,241946
6724,0.03616,172.31.46.0-255,1514,238673,46,241946
6725,0.036161,172.31.46.0-255,1514,240187,46,241946
6726,0.036191,172.31.46.0-255,1495,241682,46,241946
6727,0.037666,104.244.42.0-255,66,241748,46,241946
6728,0.037691,104.244.42.0-255,66,241814,46,241946
6729,0.037811,104.244.42.0-255,66,241880,46,241946
6730,0.037861,104.244.42.0-255,66,241946,46,241946
6731,0.0,74.125.130.0-255,152,152,46,340829
6732,2.2e-05,172.31.46.0-255,66,218,46,340829
6733,2.8e-05,74.125.130.0-255,1484,1702,46,340829
6734,3.3e-05,172.31.46.0-255,66,1768,46,340829
6735,3.9e-05,74.125.130.0-255,2902,4670,46,340829
6736,4.2e-05,172.31.46.0-255,66,4736,46,340829
6737,4.8e-05,74.125.130.0-255,4320,9056,46,340829
6738,5.2e-05,172.31.46.0-255,66,9122,46,340829
6739,8e-05,74.125.130.0-255,2902,12024,46,340829
6740,8.3e-05,172.31.46.0-255,66,12090,46,340829
6741,0.000104,74.125.130.0-255,2103,14193,46,340829
6742,0.000108,172.31.46.0-255,66,14259,46,340829
6743,0.000171,74.125.130.0-255,1484,15743,46,340829
6744,0.000174,172.31.46.0-255,66,15809,46,340829
6745,0.000178,74.125.130.0-255,2902,18711,46,340829
6746,0.000181,172.31.46.0-255,66,18777,46,340829
6747,0.000193,74.125.130.0-255,2902,21679,46,340829
6748,0.000195,172.31.46.0-255,66,21745,46,340829
6749,0.000212,74.125.130.0-255,2902,24647,46,340829
6750,0.000214,172.31.46.0-255,66,24713,46,340829
6751,0.000234,74.125.130.0-255,6797,31510,46,340829
6752,0.000236,172.31.46.0-255,66,31576,46,340829
6753,0.000298,74.125.130.0-255,1484,33060,46,340829
6754,0.000302,172.31.46.0-255,66,33126,46,340829
6755,0.000307,74.125.130.0-255,2902,36028,46,340829
6756,0.000309,172.31.46.0-255,66,36094,46,340829
6757,0.000323,74.125.130.0-255,2902,38996,46,340829
6758,0.000325,172.31.46.0-255,66,39062,46,340829
6759,0.000346,74.125.130.0-255,2902,41964,46,340829
6760,0.000348,172.31.46.0-255,66,42030,46,340829
6761,0.000351,74.125.130.0-255,1484,43514,46,340829
6762,0.000353,172.31.46.0-255,66,43580,46,340829
6763,0.000391,74.125.130.0-255,5379,48959,46,340829
6764,0.000394,172.31.46.0-255,66,49025,46,340829
6765,0.000873,74.125.130.0-255,1484,50509,46,340829
6766,0.00088,74.125.130.0-255,1484,51993,46,340829
6767,0.000884,172.31.46.0-255,66,52059,46,340829
6768,0.000889,74.125.130.0-255,2902,54961,46,340829
6769,0.000891,172.31.46.0-255,66,55027,46,340829
6770,0.000931,74.125.130.0-255,5738,60765,46,340829
6771,0.000936,74.125.130.0-255,2902,63667,46,340829
6772,0.000942,172.31.46.0-255,66,63733,46,340829
6773,0.000949,172.31.46.0-255,66,63799,46,340829
6774,0.000983,74.125.130.0-255,2543,66342,46,340829
6775,0.000986,172.31.46.0-255,66,66408,46,340829
6776,0.00106,74.125.130.0-255,1484,67892,46,340829
6777,0.001072,74.125.130.0-255,2902,70794,46,340829
6778,0.001074,172.31.46.0-255,66,70860,46,340829
6779,0.001079,74.125.130.0-255,2902,73762,46,340829
6780,0.00108,172.31.46.0-255,66,73828,46,340829
6781,0.001095,74.125.130.0-255,2902,76730,46,340829
6782,0.001097,172.31.46.0-255,66,76796,46,340829
6783,0.0011,74.125.130.0-255,1484,78280,46,340829
6784,0.00112,74.125.130.0-255,5379,83659,46,340829
6785,0.001122,172.31.46.0-255,66,83725,46,340829
6786,0.001145,172.31.46.0-255,66,83791,46,340829
6787,0.00116,74.125.130.0-255,4320,88111,46,340829
6788,0.001162,172.31.46.0-255,66,88177,46,340829
6789,0.001166,74.125.130.0-255,3123,91300,46,340829
6790,0.001168,172.31.46.0-255,66,91366,46,340829
6791,0.001253,74.125.130.0-255,1484,92850,46,340829
6792,0.001256,74.125.130.0-255,1484,94334,46,340829
6793,0.00126,172.31.46.0-255,66,94400,46,340829
6794,0.001275,74.125.130.0-255,1484,95884,46,340829
6795,0.001281,74.125.130.0-255,5738,101622,46,340829
6796,0.001283,172.31.46.0-255,66,101688,46,340829
6797,0.001297,74.125.130.0-255,1484,103172,46,340829
6798,0.00132,172.31.46.0-255,66,103238,46,340829
6799,0.001357,74.125.130.0-255,7156,110394,46,340829
6800,0.00136,172.31.46.0-255,66,110460,46,340829
6801,0.001381,74.125.130.0-255,3053,113513,46,340829
6802,0.001383,172.31.46.0-255,66,113579,46,340829
6803,0.001403,74.125.130.0-255,1484,115063,46,340829
6804,0.001423,74.125.130.0-255,2902,117965,46,340829
6805,0.001426,172.31.46.0-255,66,118031,46,340829
6806,0.001431,74.125.130.0-255,4320,122351,46,340829
6807,0.001433,172.31.46.0-255,66,122417,46,340829
6808,0.001443,74.125.130.0-255,1484,123901,46,340829
6809,0.001455,74.125.130.0-255,2902,126803,46,340829
6810,0.001458,172.31.46.0-255,66,126869,46,340829
6811,0.001479,172.31.46.0-255,66,126935,46,340829
6812,0.001504,74.125.130.0-255,4320,131255,46,340829
6813,0.001507,172.31.46.0-255,66,131321,46,340829
6814,0.001525,74.125.130.0-255,6438,137759,46,340829
6815,0.001528,172.31.46.0-255,66,137825,46,340829
6816,0.001649,74.125.130.0-255,1484,139309,46,340829
6817,0.001662,74.125.130.0-255,2902,142211,46,340829
6818,0.001665,172.31.46.0-255,66,142277,46,340829
6819,0.001668,74.125.130.0-255,1484,143761,46,340829
6820,0.001686,74.125.130.0-255,4320,148081,46,340829
6821,0.001688,172.31.46.0-255,66,148147,46,340829
6822,0.0017,74.125.130.0-255,2902,151049,46,340829
6823,0.001702,172.31.46.0-255,66,151115,46,340829
6824,0.001722,172.31.46.0-255,66,151181,46,340829
6825,0.001734,172.31.46.0-255,66,151247,46,340829
6826,0.001756,74.125.130.0-255,766,152013,46,340829
6827,0.001835,74.125.130.0-255,1484,153497,46,340829
6828,0.001838,172.31.46.0-255,66,153563,46,340829
6829,0.001842,74.125.130.0-255,2902,156465,46,340829
6830,0.001844,172.31.46.0-255,66,156531,46,340829
6831,0.00186,74.125.130.0-255,5738,162269,46,340829
6832,0.001862,172.31.46.0-255,66,162335,46,340829
6833,0.001865,74.125.130.0-255,1484,163819,46,340829
6834,0.001881,74.125.130.0-255,4320,168139,46,340829
6835,0.001883,172.31.46.0-255,66,168205,46,340829
6836,0.001914,74.125.130.0-255,7156,175361,46,340829
6837,0.001918,74.125.130.0-255,4320,179681,46,340829
6838,0.001922,172.31.46.0-255,66,179747,46,340829
6839,0.001928,172.31.46.0-255,66,179813,46,340829
6840,0.001932,74.125.130.0-255,2902,182715,46,340829
6841,0.001934,172.31.46.0-255,66,182781,46,340829
6842,0.001975,74.125.130.0-255,3602,186383,46,340829
6843,0.001978,172.31.46.0-255,66,186449,46,340829
6844,0.004152,74.125.130.0-255,1484,187933,46,340829
6845,0.004187,74.125.130.0-255,4320,192253,46,340829
6846,0.004191,172.31.46.0-255,66,192319,46,340829
6847,0.006407,74.125.130.0-255,5738,198057,46,340829
6848,0.00641,172.31.46.0-255,66,198123,46,340829
6849,0.008645,74.125.130.0-255,5738,203861,46,340829
6850,0.008651,172.31.46.0-255,66,203927,46,340829
6851,0.01089,74.125.130.0-255,5738,209665,46,340829
6852,0.010898,172.31.46.0-255,66,209731,46,340829
6853,0.013133,74.125.130.0-255,5738,215469,46,340829
6854,0.01314,172.31.46.0-255,66,215535,46,340829
6855,0.01538,74.125.130.0-255,5738,221273,46,340829
6856,0.015395,172.31.46.0-255,66,221339,46,340829
6857,0.017628,74.125.130.0-255,5738,227077,46,340829
6858,0.017642,172.31.46.0-255,66,227143,46,340829
6859,0.019874,74.125.130.0-255,5738,232881,46,340829
6860,0.019885,172.31.46.0-255,66,232947,46,340829
6861,0.02212,74.125.130.0-255,5738,238685,46,340829
6862,0.022129,172.31.46.0-255,66,238751,46,340829
6863,0.024375,74.125.130.0-255,5738,244489,46,340829
6864,0.024387,172.31.46.0-255,66,244555,46,340829
6865,0.026634,74.125.130.0-255,5738,250293,46,340829
6866,0.026647,172.31.46.0-255,66,250359,46,340829
6867,0.028882,74.125.130.0-255,5738,256097,46,340829
6868,0.02889,172.31.46.0-255,66,256163,46,340829
6869,0.031126,74.125.130.0-255,5738,261901,46,340829
6870,0.031137,172.31.46.0-255,66,261967,46,340829
6871,0.033381,74.125.130.0-255,5738,267705,46,340829
6872,0.033394,172.31.46.0-255,66,267771,46,340829
6873,0.03564,74.125.130.0-255,5738,273509,46,340829
6874,0.035655,172.31.46.0-255,66,273575,46,340829
6875,0.037898,74.125.130.0-255,5738,279313,46,340829
6876,0.037907,172.31.46.0-255,66,279379,46,340829
6877,0.038017,172.31.46.0-255,172,279551,46,340829
6878,0.038047,172.31.46.0-255,1114,280665,46,340829
6879,0.038112,172.31.46.0-255,1514,282179,46,340829
6880,0.038114,172.31.46.0-255,1514,283693,46,340829
6881,0.038115,172.31.46.0-255,1514,285207,46,340829
6882,0.03812,172.31.46.0-255,1514,286721,46,340829
6883,0.038122,172.31.46.0-255,1500,288221,46,340829
6884,0.039558,104.244.42.0-255,66,288287,46,340829
6885,0.039612,104.244.42.0-255,66,288353,46,340829
6886,0.039659,104.244.42.0-255,66,288419,46,340829
6887,0.040144,74.125.130.0-255,5738,294157,46,340829
6888,0.040151,172.31.46.0-255,66,294223,46,340829
6889,0.0404,104.244.42.0-255,108,294331,46,340829
6890,0.040409,172.31.46.0-255,66,294397,46,340829
6891,0.042389,74.125.130.0-255,5738,300135,46,340829
6892,0.042396,172.31.46.0-255,66,300201,46,340829
6893,0.044637,74.125.130.0-255,5738,305939,46,340829
6894,0.044648,172.31.46.0-255,66,306005,46,340829
6895,0.046901,74.125.130.0-255,5738,311743,46,340829
6896,0.04691,172.31.46.0-255,66,311809,46,340829
6897,0.04915,74.125.130.0-255,5738,317547,46,340829
6898,0.049159,172.31.46.0-255,66,317613,46,340829
6899,0.051396,74.125.130.0-255,5738,323351,46,340829
6900,0.051403,172.31.46.0-255,66,323417,46,340829
6901,0.053634,74.125.130.0-255,5738,329155,46,340829
6902,0.05364,172.31.46.0-255,66,329221,46,340829
6903,0.055892,74.125.130.0-255,5738,334959,46,340829
6904,0.055898,172.31.46.0-255,66,335025,46,340829
6905,0.058133,74.125.130.0-255,5738,340763,46,340829
6906,0.058139,172.31.46.0-255,66,340829,46,340829
6907,0.0,172.217.194.0-255,143,143,46,293767
6908,1.8e-05,172.217.194.0-255,1484,1627,46,293767
6909,2.7e-05,172.31.46.0-255,66,1693,46,293767
6910,3.6e-05,172.217.194.0-255,2902,4595,46,293767
6911,4e-05,172.31.46.0-255,66,4661,46,293767
6912,4.3e-05,172.217.194.0-255,1484,6145,46,293767
6913,9.9e-05,172.217.194.0-255,4320,10465,46,293767
6914,0.000104,172.31.46.0-255,66,10531,46,293767
6915,0.00012,172.217.194.0-255,3473,14004,46,293767
6916,0.000123,172.31.46.0-255,66,14070,46,293767
6917,0.000154,172.217.194.0-255,1484,15554,46,293767
6918,0.000158,172.217.194.0-255,1484,17038,46,293767
6919,0.00016,172.31.46.0-255,66,17104,46,293767
6920,0.000178,172.217.194.0-255,1484,18588,46,293767
6921,0.000185,172.217.194.0-255,5738,24326,46,293767
6922,0.000188,172.31.46.0-255,66,24392,46,293767
6923,0.000191,172.217.194.0-255,1484,25876,46,293767
6924,0.000215,172.217.194.0-255,5379,31255,46,293767
6925,0.000219,172.31.46.0-255,66,31321,46,293767
6926,0.000226,172.217.194.0-255,7156,38477,46,293767
6927,0.000229,172.31.46.0-255,66,38543,46,293767
6928,0.00026,172.217.194.0-255,4320,42863,46,293767
6929,0.000263,172.31.46.0-255,66,42929,46,293767
6930,0.000299,172.217.194.0-255,5379,48308,46,293767
6931,0.000303,172.31.46.0-255,66,48374,46,293767
6932,0.001359,172.217.194.0-255,1484,49858,46,293767
6933,0.001371,172.217.194.0-255,2902,52760,46,293767
6934,0.001377,172.31.46.0-255,66,52826,46,293767
6935,0.001384,172.217.194.0-255,2902,55728,46,293767
6936,0.001386,172.31.46.0-255,66,55794,46,293767
6937,0.001402,172.217.194.0-255,2902,58696,46,293767
6938,0.001405,172.31.46.0-255,66,58762,46,293767
6939,0.001409,172.217.194.0-255,2902,61664,46,293767
6940,0.001412,172.31.46.0-255,66,61730,46,293767
6941,0.001435,172.217.194.0-255,3961,65691,46,293767
6942,0.001438,172.31.46.0-255,66,65757,46,293767
6943,0.001446,172.217.194.0-255,5738,71495,46,293767
6944,0.001448,172.31.46.0-255,66,71561,46,293767
6945,0.001484,172.31.46.0-255,66,71627,46,293767
6946,0.001489,172.217.194.0-255,2543,74170,46,293767
6947,0.001491,172.31.46.0-255,66,74236,46,293767
6948,0.001494,172.217.194.0-255,646,74882,46,293767
6949,0.001514,172.217.194.0-255,1484,76366,46,293767
6950,0.001517,172.31.46.0-255,66,76432,46,293767
6951,0.001523,172.217.194.0-255,4320,80752,46,293767
6952,0.001526,172.31.46.0-255,66,80818,46,293767
6953,0.001538,172.217.194.0-255,1484,82302,46,293767
6954,0.001562,172.31.46.0-255,66,82368,46,293767
6955,0.001565,172.217.194.0-255,1125,83493,46,293767
6956,0.001954,172.217.194.0-255,1484,84977,46,293767
6957,0.001961,172.31.46.0-255,66,85043,46,293767
6958,0.001968,172.217.194.0-255,2902,87945,46,293767
6959,0.001972,172.31.46.0-255,66,88011,46,293767
6960,0.001975,172.217.194.0-255,1484,89495,46,293767
6961,0.001993,172.217.194.0-255,2902,92397,46,293767
6962,0.001996,172.31.46.0-255,66,92463,46,293767
6963,0.002016,172.217.194.0-255,1484,93947,46,293767
6964,0.002031,172.31.46.0-255,66,94013,46,293767
6965,0.002069,172.217.194.0-255,4320,98333,46,293767
6966,0.002072,172.31.46.0-255,66,98399,46,293767
6967,0.002096,172.217.194.0-255,6438,104837,46,293767
6968,0.002099,172.31.46.0-255,66,104903,46,293767
6969,0.002203,172.217.194.0-255,1484,106387,46,293767
6970,0.002208,172.217.194.0-255,1484,107871,46,293767
6971,0.002212,172.31.46.0-255,66,107937,46,293767
6972,0.00223,172.217.194.0-255,1484,109421,46,293767
6973,0.002238,172.217.194.0-255,5738,115159,46,293767
6974,0.002241,172.31.46.0-255,66,115225,46,293767
6975,0.002262,172.217.194.0-255,7156,122381,46,293767
6976,0.002265,172.31.46.0-255,66,122447,46,293767
6977,0.00228,172.217.194.0-255,5738,128185,46,293767
6978,0.002283,172.31.46.0-255,66,128251,46,293767
6979,0.002295,172.31.46.0-255,66,128317,46,293767
6980,0.002342,172.217.194.0-255,2184,130501,46,293767
6981,0.002345,172.31.46.0-255,66,130567,46,293767
6982,0.002988,172.217.194.0-255,1484,132051,46,293767
6983,0.003004,172.217.194.0-255,2902,134953,46,293767
6984,0.003008,172.31.46.0-255,66,135019,46,293767
6985,0.003029,172.217.194.0-255,4320,139339,46,293767
6986,0.003033,172.31.46.0-255,66,139405,46,293767
6987,0.003069,172.217.194.0-255,1484,140889,46,293767
6988,0.003103,172.217.194.0-255,1484,142373,46,293767
6989,0.003106,172.31.46.0-255,66,142439,46,293767
6990,0.003109,172.217.194.0-255,1484,143923,46,293767
6991,0.003121,172.217.194.0-255,1484,145407,46,293767
6992,0.003124,172.31.46.0-255,66,145473,46,293767
6993,0.003137,172.217.194.0-255,1484,146957,46,293767
6994,0.003142,172.217.194.0-255,2902,149859,46,293767
6995,0.003144,172.31.46.0-255,66,149925,46,293767
6996,0.003172,172.217.194.0-255,2902,152827,46,293767
6997,0.003175,172.31.46.0-255,66,152893,46,293767
6998,0.003195,172.217.194.0-255,2902,155795,46,293767
6999,0.003198,172.31.46.0-255,66,155861,46,293767
7000,0.003211,172.31.46.0-255,66,155927,46,293767
7001,0.003491,172.217.194.0-255,1484,157411,46,293767
7002,0.003534,172.217.194.0-255,2902,160313,46,293767
7003,0.003537,172.31.46.0-255,66,160379,46,293767
7004,0.003556,172.217.194.0-255,2902,163281,46,293767
7005,0.003559,172.31.46.0-255,66,163347,46,293767
7006,0.003565,172.217.194.0-255,4320,167667,46,293767
7007,0.003567,172.31.46.0-255,66,167733,46,293767
7008,0.003579,172.217.194.0-255,2902,170635,46,293767
7009,0.003581,172.31.46.0-255,66,170701,46,293767
7010,0.003599,172.217.194.0-255,2902,173603,46,293767
7011,0.003601,172.31.46.0-255,66,173669,46,293767
7012,0.003632,172.31.46.0-255,66,173735,46,293767
7013,0.003667,172.217.194.0-255,2902,176637,46,293767
7014,0.003669,172.31.46.0-255,66,176703,46,293767
7015,0.003702,172.31.46.0-255,66,176769,46,293767
7016,0.003722,172.31.46.0-255,66,176835,46,293767
7017,0.003728,172.217.194.0-255,5738,182573,46,293767
7018,0.003731,172.31.46.0-255,66,182639,46,293767
7019,0.003749,172.217.194.0-255,2902,185541,46,293767
7020,0.003751,172.31.46.0-255,66,185607,46,293767
7021,0.00378,172.31.46.0-255,66,185673,46,293767
7022,0.004014,172.217.194.0-255,1484,187157,46,293767
7023,0.004019,172.217.194.0-255,1484,188641,46,293767
7024,0.004023,172.31.46.0-255,66,188707,46,293767
7025,0.004044,172.217.194.0-255,1484,190191,46,293767
7026,0.004048,172.217.194.0-255,1484,191675,46,293767
7027,0.00405,172.31.46.0-255,66,191741,46,293767
7028,0.004077,172.217.194.0-255,5738,197479,46,293767
7029,0.00408,172.31.46.0-255,66,197545,46,293767
7030,0.004096,172.217.194.0-255,1484,199029,46,293767
7031,0.00411,172.217.194.0-255,2902,201931,46,293767
7032,0.004113,172.31.46.0-255,66,201997,46,293767
7033,0.004134,172.217.194.0-255,5738,207735,46,293767
7034,0.004137,172.31.46.0-255,66,207801,46,293767
7035,0.00414,172.217.194.0-255,1484,209285,46,293767
7036,0.004145,172.217.194.0-255,2902,212187,46,293767
7037,0.004148,172.31.46.0-255,66,212253,46,293767
7038,0.004168,172.217.194.0-255,2902,215155,46,293767
7039,0.004171,172.31.46.0-255,66,215221,46,293767
7040,0.004177,172.217.194.0-255,5020,220241,46,293767
7041,0.00418,172.31.46.0-255,66,220307,46,293767
7042,0.00443,172.217.194.0-255,1484,221791,46,293767
7043,0.004453,172.217.194.0-255,2902,224693,46,293767
7044,0.004457,172.31.46.0-255,66,224759,46,293767
7045,0.004464,172.217.194.0-255,5738,230497,46,293767
7046,0.004468,172.31.46.0-255,66,230563,46,293767
7047,0.004491,172.217.194.0-255,4320,234883,46,293767
7048,0.004494,172.31.46.0-255,66,234949,46,293767
7049,0.004497,172.217.194.0-255,1484,236433,46,293767
7050,0.004521,172.217.194.0-255,4320,240753,46,293767
7051,0.004524,172.31.46.0-255,66,240819,46,293767
7052,0.004529,172.217.194.0-255,4320,245139,46,293767
7053,0.004531,172.31.46.0-255,66,245205,46,293767
7054,0.004549,172.217.194.0-255,7156,252361,46,293767
7055,0.004553,172.31.46.0-255,66,252427,46,293767
7056,0.004587,172.217.194.0-255,5738,258165,46,293767
7057,0.004591,172.31.46.0-255,66,258231,46,293767
7058,0.004607,172.217.194.0-255,3602,261833,46,293767
7059,0.00461,172.31.46.0-255,66,261899,46,293767
7060,0.004613,172.217.194.0-255,1484,263383,46,293767
7061,0.004686,172.217.194.0-255,5738,269121,46,293767
7062,0.004691,172.31.46.0-255,66,269187,46,293767
7063,0.004711,172.217.194.0-255,2902,272089,46,293767
7064,0.004714,172.31.46.0-255,66,272155,46,293767
7065,0.004726,172.31.46.0-255,66,272221,46,293767
7066,0.004732,172.217.194.0-255,5020,277241,46,293767
7067,0.004735,172.31.46.0-255,66,277307,46,293767
7068,0.004767,172.217.194.0-255,2902,280209,46,293767
7069,0.00477,172.31.46.0-255,66,280275,46,293767
7070,0.004791,172.217.194.0-255,1484,281759,46,293767
7071,0.004799,172.217.194.0-255,5738,287497,46,293767
7072,0.004801,172.31.46.0-255,66,287563,46,293767
7073,0.004829,172.217.194.0-255,5862,293425,46,293767
7074,0.004832,172.31.46.0-255,66,293491,46,293767
7075,0.004895,172.217.194.0-255,105,293596,46,293767
7076,0.015272,172.31.46.0-255,105,293701,46,293767
7077,0.017983,172.217.194.0-255,66,293767,46,293767
7078,0.0,172.217.194.0-255,149,149,46,246113
7079,1.4e-05,172.31.46.0-255,66,215,46,246113
7080,2.1e-05,172.217.194.0-255,1484,1699,46,246113
7081,2.5e-05,172.31.46.0-255,66,1765,46,246113
7082,3.2e-05,172.217.194.0-255,2902,4667,46,246113
7083,3.6e-05,172.31.46.0-255,66,4733,46,246113
7084,4.1e-05,172.217.194.0-255,2902,7635,46,246113
7085,4.5e-05,172.31.46.0-255,66,7701,46,246113
7086,6.4e-05,172.217.194.0-255,4320,12021,46,246113
7087,6.7e-05,172.31.46.0-255,66,12087,46,246113
7088,7.2e-05,172.217.194.0-255,3423,15510,46,246113
7089,7.5e-05,172.31.46.0-255,66,15576,46,246113
7090,7.8e-05,172.217.194.0-255,1484,17060,46,246113
7091,8.1e-05,172.31.46.0-255,66,17126,46,246113
7092,0.000113,172.31.46.0-255,66,17192,46,246113
7093,0.000116,172.217.194.0-255,1484,18676,46,246113
7094,0.000118,172.31.46.0-255,66,18742,46,246113
7095,0.000138,172.217.194.0-255,1125,19867,46,246113
7096,0.00014,172.31.46.0-255,66,19933,46,246113
7097,0.000174,172.217.194.0-255,1484,21417,46,246113
7098,0.000176,172.31.46.0-255,66,21483,46,246113
7099,0.000181,172.217.194.0-255,2902,24385,46,246113
7100,0.000184,172.31.46.0-255,66,24451,46,246113
7101,0.00019,172.217.194.0-255,5738,30189,46,246113
7102,0.000193,172.31.46.0-255,66,30255,46,246113
7103,0.000206,172.217.194.0-255,2902,33157,46,246113
7104,0.000208,172.31.46.0-255,66,33223,46,246113
7105,0.000225,172.217.194.0-255,6797,40020,46,246113
7106,0.000227,172.31.46.0-255,66,40086,46,246113
7107,0.000239,172.31.46.0-255,66,40152,46,246113
7108,0.000263,172.217.194.0-255,1484,41636,46,246113
7109,0.000269,172.217.194.0-255,4283,45919,46,246113
7110,0.000272,172.31.46.0-255,66,45985,46,246113
7111,0.000287,172.217.194.0-255,2902,48887,46,246113
7112,0.00029,172.31.46.0-255,66,48953,46,246113
7113,0.000311,172.217.194.0-255,1484,50437,46,246113
7114,0.000346,172.31.46.0-255,66,50503,46,246113
7115,0.000358,172.217.194.0-255,1484,51987,46,246113
7116,0.000364,172.217.194.0-255,5379,57366,46,246113
7117,0.000366,172.31.46.0-255,66,57432,46,246113
7118,0.000373,172.217.194.0-255,5738,63170,46,246113
7119,0.000375,172.31.46.0-255,66,63236,46,246113
7120,0.000413,172.217.194.0-255,5738,68974,46,246113
7121,0.000416,172.31.46.0-255,66,69040,46,246113
7122,0.000433,172.217.194.0-255,2841,71881,46,246113
7123,0.000436,172.31.46.0-255,66,71947,46,246113
7124,0.000566,172.217.194.0-255,1484,73431,46,246113
7125,0.000571,172.217.194.0-255,2902,76333,46,246113
7126,0.000574,172.31.46.0-255,66,76399,46,246113
7127,0.000578,172.217.194.0-255,1484,77883,46,246113
7128,0.000594,172.217.194.0-255,4320,82203,46,246113
7129,0.000597,172.31.46.0-255,66,82269,46,246113
7130,0.00061,172.217.194.0-255,4320,86589,46,246113
7131,0.000612,172.31.46.0-255,66,86655,46,246113
7132,0.000638,172.31.46.0-255,66,86721,46,246113
7133,0.000662,172.217.194.0-255,4320,91041,46,246113
7134,0.000664,172.31.46.0-255,66,91107,46,246113
7135,0.000681,172.217.194.0-255,5889,96996,46,246113
7136,0.000684,172.31.46.0-255,66,97062,46,246113
7137,0.000688,172.217.194.0-255,2902,99964,46,246113
7138,0.00069,172.31.46.0-255,66,100030,46,246113
7139,0.000717,172.31.46.0-255,66,100096,46,246113
7140,0.000724,172.217.194.0-255,7156,107252,46,246113
7141,0.000727,172.31.46.0-255,66,107318,46,246113
7142,0.000752,172.31.46.0-255,66,107384,46,246113
7143,0.000767,172.217.194.0-255,4320,111704,46,246113
7144,0.000769,172.31.46.0-255,66,111770,46,246113
7145,0.000789,172.217.194.0-255,766,112536,46,246113
7146,0.000898,172.217.194.0-255,1484,114020,46,246113
7147,0.000902,172.31.46.0-255,66,114086,46,246113
7148,0.000907,172.217.194.0-255,2902,116988,46,246113
7149,0.000909,172.31.46.0-255,66,117054,46,246113
7150,0.000912,172.217.194.0-255,1484,118538,46,246113
7151,0.000937,172.217.194.0-255,4320,122858,46,246113
7152,0.00094,172.31.46.0-255,66,122924,46,246113
7153,0.000947,172.217.194.0-255,7156,130080,46,246113
7154,0.000949,172.31.46.0-255,66,130146,46,246113
7155,0.000966,172.217.194.0-255,5738,135884,46,246113
7156,0.000968,172.31.46.0-255,66,135950,46,246113
7157,0.000983,172.217.194.0-255,2902,138852,46,246113
7158,0.000985,172.31.46.0-255,66,138918,46,246113
7159,0.001008,172.31.46.0-255,66,138984,46,246113
7160,0.001068,172.217.194.0-255,1484,140468,46,246113
7161,0.001073,172.217.194.0-255,2902,143370,46,246113
7162,0.001076,172.31.46.0-255,66,143436,46,246113
7163,0.001082,172.217.194.0-255,2902,146338,46,246113
7164,0.001084,172.31.46.0-255,66,146404,46,246113
7165,0.001098,172.217.194.0-255,2902,149306,46,246113
7166,0.001101,172.31.46.0-255,66,149372,46,246113
7167,0.001104,172.217.194.0-255,1484,150856,46,246113
7168,0.001132,172.31.46.0-255,66,150922,46,246113
7169,0.001155,172.217.194.0-255,1484,152406,46,246113
7170,0.001167,172.31.46.0-255,66,152472,46,246113
7171,0.00117,172.217.194.0-255,1484,153956,46,246113
7172,0.001202,172.31.46.0-255,66,154022,46,246113
7173,0.00122,172.31.46.0-255,66,154088,46,246113
7174,0.001258,172.217.194.0-255,4320,158408,46,246113
7175,0.001261,172.31.46.0-255,66,158474,46,246113
7176,0.001283,172.31.46.0-255,66,158540,46,246113
7177,0.00131,172.217.194.0-255,1484,160024,46,246113
7178,0.001321,172.217.194.0-255,2902,162926,46,246113
7179,0.001323,172.31.46.0-255,66,162992,46,246113
7180,0.001326,172.217.194.0-255,1484,164476,46,246113
7181,0.001345,172.217.194.0-255,4320,168796,46,246113
7182,0.001347,172.31.46.0-255,66,168862,46,246113
7183,0.001354,172.217.194.0-255,7156,176018,46,246113
7184,0.001372,172.217.194.0-255,5738,181756,46,246113
7185,0.001375,172.217.194.0-255,2902,184658,46,246113
7186,0.001379,172.31.46.0-255,66,184724,46,246113
7187,0.001409,172.31.46.0-255,66,184790,46,246113
7188,0.001443,172.217.194.0-255,1484,186274,46,246113
7189,0.001457,172.217.194.0-255,2902,189176,46,246113
7190,0.001461,172.217.194.0-255,2902,192078,46,246113
7191,0.001474,172.31.46.0-255,66,192144,46,246113
7192,0.001484,172.217.194.0-255,2902,195046,46,246113
7193,0.00149,172.217.194.0-255,5738,200784,46,246113
7194,0.001492,172.217.194.0-255,1484,202268,46,246113
7195,0.001506,172.217.194.0-255,4320,206588,46,246113
7196,0.001513,172.31.46.0-255,66,206654,46,246113
7197,0.001525,172.217.194.0-255,7156,213810,46,246113
7198,0.001528,172.217.194.0-255,2902,216712,46,246113
7199,0.001539,172.217.194.0-255,2184,218896,46,246113
7200,0.001556,172.217.194.0-255,4320,223216,46,246113
7201,0.001569,172.31.46.0-255,66,223282,46,246113
7202,0.001572,172.217.194.0-255,1484,224766,46,246113
7203,0.001574,172.217.194.0-255,1484,226250,46,246113
7204,0.00158,172.31.46.0-255,66,226316,46,246113
7205,0.001598,172.217.194.0-255,1484,227800,46,246113
7206,0.001615,172.31.46.0-255,66,227866,46,246113
7207,0.001642,172.217.194.0-255,4320,232186,46,246113
7208,0.001653,172.217.194.0-255,2902,235088,46,246113
7209,0.001662,172.31.46.0-255,66,235154,46,246113
7210,0.001697,172.217.194.0-255,1484,236638,46,246113
7211,0.001708,172.217.194.0-255,105,236743,46,246113
7212,0.001715,172.31.46.0-255,66,236809,46,246113
7213,0.008745,172.31.46.0-255,105,236914,46,246113
7214,0.011435,172.217.194.0-255,66,236980,46,246113
7215,0.034448,172.31.46.0-255,199,237179,46,246113
7216,0.034478,172.31.46.0-255,1118,238297,46,246113
7217,0.034546,172.31.46.0-255,1514,239811,46,246113
7218,0.034548,172.31.46.0-255,1514,241325,46,246113
7219,0.034549,172.31.46.0-255,1514,242839,46,246113
7220,0.034554,172.31.46.0-255,1514,244353,46,246113
7221,0.034556,172.31.46.0-255,1496,245849,46,246113
7222,0.036105,104.244.42.0-255,66,245915,46,246113
7223,0.036117,104.244.42.0-255,66,245981,46,246113
7224,0.036218,104.244.42.0-255,66,246047,46,246113
7225,0.036295,104.244.42.0-255,66,246113,46,246113
7226,0.0,74.125.24.0-255,296,296,46,258237
7227,2.8e-05,172.31.46.0-255,66,362,46,258237
7228,3.5e-05,74.125.24.0-255,1484,1846,46,258237
7229,3.9e-05,172.31.46.0-255,66,1912,46,258237
7230,4.4e-05,74.125.24.0-255,2902,4814,46,258237
7231,5.5e-05,172.31.46.0-255,66,4880,46,258237
7232,6.2e-05,74.125.24.0-255,5738,10618,46,258237
7233,6.7e-05,172.31.46.0-255,66,10684,46,258237
7234,0.000109,172.31.46.0-255,66,10750,46,258237
7235,0.000116,74.125.24.0-255,6797,17547,46,258237
7236,0.000119,172.31.46.0-255,66,17613,46,258237
7237,0.000195,74.125.24.0-255,1484,19097,46,258237
7238,0.000198,172.31.46.0-255,66,19163,46,258237
7239,0.000202,74.125.24.0-255,1484,20647,46,258237
7240,0.000204,172.31.46.0-255,66,20713,46,258237
7241,0.000228,74.125.24.0-255,1484,22197,46,258237
7242,0.000231,172.31.46.0-255,66,22263,46,258237
7243,0.000238,74.125.24.0-255,5738,28001,46,258237
7244,0.00024,172.31.46.0-255,66,28067,46,258237
7245,0.000252,74.125.24.0-255,6797,34864,46,258237
7246,0.000254,172.31.46.0-255,66,34930,46,258237
7247,0.0004,74.125.24.0-255,1484,36414,46,258237
7248,0.000404,172.31.46.0-255,66,36480,46,258237
7249,0.00041,74.125.24.0-255,2902,39382,46,258237
7250,0.000412,172.31.46.0-255,66,39448,46,258237
7251,0.000445,74.125.24.0-255,5738,45186,46,258237
7252,0.000447,172.31.46.0-255,66,45252,46,258237
7253,0.000454,74.125.24.0-255,4320,49572,46,258237
7254,0.000456,172.31.46.0-255,66,49638,46,258237
7255,0.000482,74.125.24.0-255,3123,52761,46,258237
7256,0.000489,172.31.46.0-255,66,52827,46,258237
7257,0.000502,74.125.24.0-255,1484,54311,46,258237
7258,0.000518,74.125.24.0-255,2902,57213,46,258237
7259,0.00052,172.31.46.0-255,66,57279,46,258237
7260,0.000527,74.125.24.0-255,5738,63017,46,258237
7261,0.000529,172.31.46.0-255,66,63083,46,258237
7262,0.000577,172.31.46.0-255,66,63149,46,258237
7263,0.000607,74.125.24.0-255,5738,68887,46,258237
7264,0.000609,172.31.46.0-255,66,68953,46,258237
7265,0.000637,74.125.24.0-255,3961,72914,46,258237
7266,0.000639,172.31.46.0-255,66,72980,46,258237
7267,0.001205,74.125.24.0-255,1484,74464,46,258237
7268,0.00121,74.125.24.0-255,1484,75948,46,258237
7269,0.001214,172.31.46.0-255,66,76014,46,258237
7270,0.001238,74.125.24.0-255,1484,77498,46,258237
7271,0.001245,74.125.24.0-255,5738,83236,46,258237
7272,0.001247,172.31.46.0-255,66,83302,46,258237
7273,0.001253,74.125.24.0-255,4320,87622,46,258237
7274,0.001255,172.31.46.0-255,66,87688,46,258237
7275,0.001325,172.31.46.0-255,66,87754,46,258237
7276,0.001332,74.125.24.0-255,5738,93492,46,258237
7277,0.001334,172.31.46.0-255,66,93558,46,258237
7278,0.001354,74.125.24.0-255,2184,95742,46,258237
7279,0.001356,172.31.46.0-255,66,95808,46,258237
7280,0.001391,74.125.24.0-255,2902,98710,46,258237
7281,0.001393,172.31.46.0-255,66,98776,46,258237
7282,0.001398,74.125.24.0-255,2902,101678,46,258237
7283,0.0014,172.31.46.0-255,66,101744,46,258237
7284,0.001432,74.125.24.0-255,1484,103228,46,258237
7285,0.001443,172.31.46.0-255,66,103294,46,258237
7286,0.001475,74.125.24.0-255,7156,110450,46,258237
7287,0.001477,172.31.46.0-255,66,110516,46,258237
7288,0.001509,74.125.24.0-255,7156,117672,46,258237
7289,0.001512,172.31.46.0-255,66,117738,46,258237
7290,0.001518,74.125.24.0-255,3602,121340,46,258237
7291,0.001521,172.31.46.0-255,66,121406,46,258237
7292,0.001529,74.125.24.0-255,2902,124308,46,258237
7293,0.001532,172.31.46.0-255,66,124374,46,258237
7294,0.001561,74.125.24.0-255,1484,125858,46,258237
7295,0.001569,74.125.24.0-255,7156,133014,46,258237
7296,0.001572,172.31.46.0-255,66,133080,46,258237
7297,0.00158,74.125.24.0-255,7156,140236,46,258237
7298,0.001582,172.31.46.0-255,66,140302,46,258237
7299,0.001605,74.125.24.0-255,1484,141786,46,258237
7300,0.001612,74.125.24.0-255,7156,148942,46,258237
7301,0.001614,172.31.46.0-255,66,149008,46,258237
7302,0.00164,74.125.24.0-255,4320,153328,46,258237
7303,0.001643,172.31.46.0-255,66,153394,46,258237
7304,0.001647,74.125.24.0-255,2184,155578,46,258237
7305,0.001649,172.31.46.0-255,66,155644,46,258237
7306,0.001746,74.125.24.0-255,1484,157128,46,258237
7307,0.001766,74.125.24.0-255,2902,160030,46,258237
7308,0.001769,172.31.46.0-255,66,160096,46,258237
7309,0.001775,74.125.24.0-255,4320,164416,46,258237
7310,0.001778,172.31.46.0-255,66,164482,46,258237
7311,0.001799,74.125.24.0-255,1484,165966,46,258237
7312,0.001833,172.31.46.0-255,66,166032,46,258237
7313,0.001842,74.125.24.0-255,7156,173188,46,258237
7314,0.001844,172.31.46.0-255,66,173254,46,258237
7315,0.001871,74.125.24.0-255,4320,177574,46,258237
7316,0.001874,172.31.46.0-255,66,177640,46,258237
7317,0.001877,74.125.24.0-255,2184,179824,46,258237
7318,0.001879,172.31.46.0-255,66,179890,46,258237
7319,0.002045,74.125.24.0-255,1484,181374,46,258237
7320,0.00205,74.125.24.0-255,2902,184276,46,258237
7321,0.002058,172.31.46.0-255,66,184342,46,258237
7322,0.002081,74.125.24.0-255,5738,190080,46,258237
7323,0.002084,172.31.46.0-255,66,190146,46,258237
7324,0.002102,172.31.46.0-255,66,190212,46,258237
7325,0.002137,74.125.24.0-255,1484,191696,46,258237
7326,0.00215,172.31.46.0-255,66,191762,46,258237
7327,0.002153,74.125.24.0-255,766,192528,46,258237
7328,0.002192,74.125.24.0-255,1484,194012,46,258237
7329,0.002195,172.31.46.0-255,66,194078,46,258237
7330,0.002198,74.125.24.0-255,1484,195562,46,258237
7331,0.002223,74.125.24.0-255,1484,197046,46,258237
7332,0.002225,172.31.46.0-255,66,197112,46,258237
7333,0.002233,74.125.24.0-255,5738,202850,46,258237
7334,0.002236,172.31.46.0-255,66,202916,46,258237
7335,0.002247,74.125.24.0-255,5738,208654,46,258237
7336,0.002249,172.31.46.0-255,66,208720,46,258237
7337,0.002289,74.125.24.0-255,7156,215876,46,258237
7338,0.002292,172.31.46.0-255,66,215942,46,258237
7339,0.00231,172.31.46.0-255,66,216008,46,258237
7340,0.002393,172.31.46.0-255,66,216074,46,258237
7341,0.002414,172.31.46.0-255,66,216140,46,258237
7342,0.00243,172.31.46.0-255,66,216206,46,258237
7343,0.002436,74.125.24.0-255,4320,220526,46,258237
7344,0.002438,172.31.46.0-255,66,220592,46,258237
7345,0.002474,172.31.46.0-255,66,220658,46,258237
7346,0.00248,74.125.24.0-255,5020,225678,46,258237
7347,0.002483,172.31.46.0-255,66,225744,46,258237
7348,0.004934,74.125.24.0-255,4320,230064,46,258237
7349,0.004952,172.31.46.0-255,66,230130,46,258237
7350,0.004981,74.125.24.0-255,1484,231614,46,258237
7351,0.007379,74.125.24.0-255,4320,235934,46,258237
7352,0.007389,172.31.46.0-255,66,236000,46,258237
7353,0.009822,74.125.24.0-255,5738,241738,46,258237
7354,0.009831,172.31.46.0-255,66,241804,46,258237
7355,0.012274,74.125.24.0-255,5738,247542,46,258237
7356,0.012285,172.31.46.0-255,66,247608,46,258237
7357,0.01467,74.125.24.0-255,1287,248895,46,258237
7358,0.01963,172.31.46.0-255,66,248961,46,258237
7359,0.019678,172.31.46.0-255,105,249066,46,258237
7360,0.022087,74.125.24.0-255,66,249132,46,258237
7361,0.045481,172.31.46.0-255,172,249304,46,258237
7362,0.045519,172.31.46.0-255,1118,250422,46,258237
7363,0.045584,172.31.46.0-255,1514,251936,46,258237
7364,0.045586,172.31.46.0-255,1514,253450,46,258237
7365,0.045588,172.31.46.0-255,1514,254964,46,258237
7366,0.045594,172.31.46.0-255,1514,256478,46,258237
7367,0.045596,172.31.46.0-255,1495,257973,46,258237
7368,0.047146,104.244.42.0-255,66,258039,46,258237
7369,0.04718,104.244.42.0-255,66,258105,46,258237
7370,0.047254,104.244.42.0-255,66,258171,46,258237
7371,0.047276,104.244.42.0-255,66,258237,46,258237
7372,0.0,172.217.194.0-255,189,189,46,264241
7373,2.3e-05,172.31.46.0-255,66,255,46,264241
7374,3.1e-05,172.217.194.0-255,1484,1739,46,264241
7375,3.6e-05,172.31.46.0-255,66,1805,46,264241
7376,4.1e-05,172.217.194.0-255,2902,4707,46,264241
7377,4.4e-05,172.31.46.0-255,66,4773,46,264241
7378,5.1e-05,172.217.194.0-255,5738,10511,46,264241
7379,5.4e-05,172.31.46.0-255,66,10577,46,264241
7380,8.6e-05,172.217.194.0-255,3547,14124,46,264241
7381,8.9e-05,172.31.46.0-255,66,14190,46,264241
7382,0.000106,172.217.194.0-255,1484,15674,46,264241
7383,0.00011,172.31.46.0-255,66,15740,46,264241
7384,0.000131,172.217.194.0-255,1484,17224,46,264241
7385,0.000134,172.31.46.0-255,66,17290,46,264241
7386,0.00014,172.217.194.0-255,4320,21610,46,264241
7387,0.000142,172.31.46.0-255,66,21676,46,264241
7388,0.000145,172.217.194.0-255,1484,23160,46,264241
7389,0.000147,172.31.46.0-255,66,23226,46,264241
7390,0.000176,172.217.194.0-255,7156,30382,46,264241
7391,0.000179,172.31.46.0-255,66,30448,46,264241
7392,0.000182,172.217.194.0-255,1125,31573,46,264241
7393,0.000183,172.31.46.0-255,66,31639,46,264241
7394,0.000304,172.217.194.0-255,1484,33123,46,264241
7395,0.000309,172.31.46.0-255,66,33189,46,264241
7396,0.000313,172.217.194.0-255,1484,34673,46,264241
7397,0.000315,172.31.46.0-255,66,34739,46,264241
7398,0.000329,172.217.194.0-255,1484,36223,46,264241
7399,0.000331,172.31.46.0-255,66,36289,46,264241
7400,0.000356,172.217.194.0-255,2902,39191,46,264241
7401,0.000359,172.31.46.0-255,66,39257,46,264241
7402,0.000372,172.217.194.0-255,2902,42159,46,264241
7403,0.000374,172.31.46.0-255,66,42225,46,264241
7404,0.000379,172.217.194.0-255,2902,45127,46,264241
7405,0.000381,172.31.46.0-255,66,45193,46,264241
7406,0.000404,172.217.194.0-255,3961,49154,46,264241
7407,0.000407,172.31.46.0-255,66,49220,46,264241
7408,0.000414,172.217.194.0-255,7156,56376,46,264241
7409,0.000416,172.31.46.0-255,66,56442,46,264241
7410,0.00044,172.217.194.0-255,7156,63598,46,264241
7411,0.000443,172.31.46.0-255,66,63664,46,264241
7412,0.000447,172.217.194.0-255,2543,66207,46,264241
7413,0.000449,172.31.46.0-255,66,66273,46,264241
7414,0.000452,172.217.194.0-255,364,66637,46,264241
7415,0.000826,172.217.194.0-255,380,67017,46,264241
7416,0.001065,172.217.194.0-255,1484,68501,46,264241
7417,0.001071,172.31.46.0-255,66,68567,46,264241
7418,0.001077,172.217.194.0-255,2902,71469,46,264241
7419,0.00108,172.31.46.0-255,66,71535,46,264241
7420,0.001107,172.217.194.0-255,5738,77273,46,264241
7421,0.00111,172.31.46.0-255,66,77339,46,264241
7422,0.001116,172.217.194.0-255,4320,81659,46,264241
7423,0.001118,172.31.46.0-255,66,81725,46,264241
7424,0.00113,172.217.194.0-255,1484,83209,46,264241
7425,0.001152,172.31.46.0-255,66,83275,46,264241
7426,0.001157,172.217.194.0-255,4320,87595,46,264241
7427,0.001159,172.31.46.0-255,66,87661,46,264241
7428,0.001179,172.217.194.0-255,3602,91263,46,264241
7429,0.001181,172.31.46.0-255,66,91329,46,264241
7430,0.001569,172.217.194.0-255,1484,92813,46,264241
7431,0.001575,172.217.194.0-255,2902,95715,46,264241
7432,0.001579,172.31.46.0-255,66,95781,46,264241
7433,0.001583,172.217.194.0-255,1484,97265,46,264241
7434,0.001604,172.217.194.0-255,4320,101585,46,264241
7435,0.001606,172.31.46.0-255,66,101651,46,264241
7436,0.001613,172.217.194.0-255,5738,107389,46,264241
7437,0.001615,172.31.46.0-255,66,107455,46,264241
7438,0.001641,172.217.194.0-255,4320,111775,46,264241
7439,0.001643,172.31.46.0-255,66,111841,46,264241
7440,0.001675,172.31.46.0-255,66,111907,46,264241
7441,0.001678,172.217.194.0-255,766,112673,46,264241
7442,0.001814,172.217.194.0-255,1484,114157,46,264241
7443,0.001818,172.31.46.0-255,66,114223,46,264241
7444,0.001823,172.217.194.0-255,2902,117125,46,264241
7445,0.001825,172.31.46.0-255,66,117191,46,264241
7446,0.001842,172.217.194.0-255,4320,121511,46,264241
7447,0.001844,172.31.46.0-255,66,121577,46,264241
7448,0.001866,172.217.194.0-255,1484,123061,46,264241
7449,0.00187,172.217.194.0-255,2902,125963,46,264241
7450,0.001876,172.217.194.0-255,5738,131701,46,264241
7451,0.00188,172.31.46.0-255,66,131767,46,264241
7452,0.001888,172.31.46.0-255,66,131833,46,264241
7453,0.001894,172.217.194.0-255,4320,136153,46,264241
7454,0.001896,172.31.46.0-255,66,136219,46,264241
7455,0.001938,172.31.46.0-255,66,136285,46,264241
7456,0.002259,172.217.194.0-255,1484,137769,46,264241
7457,0.002265,172.217.194.0-255,2902,140671,46,264241
7458,0.002268,172.31.46.0-255,66,140737,46,264241
7459,0.002275,172.217.194.0-255,5738,146475,46,264241
7460,0.002277,172.31.46.0-255,66,146541,46,264241
7461,0.002342,172.31.46.0-255,66,146607,46,264241
7462,0.002355,172.31.46.0-255,66,146673,46,264241
7463,0.002476,172.217.194.0-255,1484,148157,46,264241
7464,0.002482,172.217.194.0-255,2902,151059,46,264241
7465,0.002485,172.31.46.0-255,66,151125,46,264241
7466,0.002505,172.217.194.0-255,5738,156863,46,264241
7467,0.002507,172.31.46.0-255,66,156929,46,264241
7468,0.002534,172.217.194.0-255,7156,164085,46,264241
7469,0.002537,172.31.46.0-255,66,164151,46,264241
7470,0.002572,172.31.46.0-255,66,164217,46,264241
7471,0.002598,172.217.194.0-255,5738,169955,46,264241
7472,0.002601,172.31.46.0-255,66,170021,46,264241
7473,0.002605,172.217.194.0-255,2184,172205,46,264241
7474,0.002607,172.31.46.0-255,66,172271,46,264241
7475,0.002613,172.217.194.0-255,5738,178009,46,264241
7476,0.002616,172.31.46.0-255,66,178075,46,264241
7477,0.002619,172.217.194.0-255,1484,179559,46,264241
7478,0.002623,172.217.194.0-255,2902,182461,46,264241
7479,0.002625,172.31.46.0-255,66,182527,46,264241
7480,0.002628,172.217.194.0-255,1484,184011,46,264241
7481,0.002639,172.217.194.0-255,4320,188331,46,264241
7482,0.002641,172.31.46.0-255,66,188397,46,264241
7483,0.002677,172.217.194.0-255,1484,189881,46,264241
7484,0.002691,172.31.46.0-255,66,189947,46,264241
7485,0.002696,172.217.194.0-255,3602,193549,46,264241
7486,0.002698,172.31.46.0-255,66,193615,46,264241
7487,0.0027,172.217.194.0-255,1484,195099,46,264241
7488,0.002703,172.31.46.0-255,78,195177,46,264241
7489,0.002717,172.31.46.0-255,66,195243,46,264241
7490,0.002722,172.217.194.0-255,4320,199563,46,264241
7491,0.002724,172.31.46.0-255,66,199629,46,264241
7492,0.002747,172.217.194.0-255,1484,201113,46,264241
7493,0.00275,172.217.194.0-255,1484,202597,46,264241
7494,0.002752,172.31.46.0-255,66,202663,46,264241
7495,0.002769,172.217.194.0-255,5738,208401,46,264241
7496,0.002771,172.31.46.0-255,66,208467,46,264241
7497,0.002798,172.217.194.0-255,6438,214905,46,264241
7498,0.002801,172.31.46.0-255,66,214971,46,264241
7499,0.002808,172.217.194.0-255,5738,220709,46,264241
7500,0.00281,172.31.46.0-255,66,220775,46,264241
7501,0.002841,172.217.194.0-255,7156,227931,46,264241
7502,0.002844,172.31.46.0-255,66,227997,46,264241
7503,0.002851,172.217.194.0-255,5738,233735,46,264241
7504,0.002853,172.31.46.0-255,66,233801,46,264241
7505,0.00286,172.217.194.0-255,5738,239539,46,264241
7506,0.002862,172.31.46.0-255,66,239605,46,264241
7507,0.00291,172.31.46.0-255,66,239671,46,264241
7508,0.002917,172.217.194.0-255,7156,246827,46,264241
7509,0.002919,172.31.46.0-255,66,246893,46,264241
7510,0.002939,172.31.46.0-255,66,246959,46,264241
7511,0.002946,172.217.194.0-255,7150,254109,46,264241
7512,0.002949,172.31.46.0-255,66,254175,46,264241
7513,0.002952,172.217.194.0-255,97,254272,46,264241
7514,0.003008,172.217.194.0-255,105,254377,46,264241
7515,0.00301,172.217.194.0-255,129,254506,46,264241
7516,0.011006,172.31.46.0-255,105,254611,46,264241
7517,0.011053,172.31.46.0-255,105,254716,46,264241
7518,0.011304,172.31.46.0-255,90,254806,46,264241
7519,0.011323,172.31.46.0-255,66,254872,46,264241
7520,0.013517,172.217.194.0-255,66,254938,46,264241
7521,0.013531,172.217.194.0-255,66,255004,46,264241
7522,0.013799,172.217.194.0-255,66,255070,46,264241
7523,0.015292,172.217.194.0-255,66,255136,46,264241
7524,0.015305,172.31.46.0-255,66,255202,46,264241
7525,0.039864,172.31.46.0-255,172,255374,46,264241
7526,0.039899,172.31.46.0-255,1119,256493,46,264241
7527,0.039979,172.31.46.0-255,1514,258007,46,264241
7528,0.03998,172.31.46.0-255,1514,259521,46,264241
7529,0.039982,172.31.46.0-255,1514,261035,46,264241
7530,0.039986,172.31.46.0-255,1514,262549,46,264241
7531,0.039987,172.31.46.0-255,1494,264043,46,264241
7532,0.041437,104.244.42.0-255,66,264109,46,264241
7533,0.041491,104.244.42.0-255,66,264175,46,264241
7534,0.041539,104.244.42.0-255,66,264241,46,264241
7535,0.0,172.217.194.0-255,287,287,46,193270
7536,2.4e-05,172.31.46.0-255,66,353,46,193270
7537,3e-05,172.217.194.0-255,1484,1837,46,193270
7538,3.4e-05,172.31.46.0-255,66,1903,46,193270
7539,4.8e-05,172.217.194.0-255,4320,6223,46,193270
7540,5.1e-05,172.31.46.0-255,66,6289,46,193270
7541,5.5e-05,172.217.194.0-255,2902,9191,46,193270
7542,5.8e-05,172.31.46.0-255,66,9257,46,193270
7543,9.2e-05,172.217.194.0-255,6184,15441,46,193270
7544,9.4e-05,172.31.46.0-255,66,15507,46,193270
7545,0.000105,172.31.46.0-255,66,15573,46,193270
7546,0.000116,172.217.194.0-255,1484,17057,46,193270
7547,0.000122,172.31.46.0-255,66,17123,46,193270
7548,0.000138,172.217.194.0-255,3961,21084,46,193270
7549,0.00014,172.31.46.0-255,66,21150,46,193270
7550,0.000174,172.217.194.0-255,1484,22634,46,193270
7551,0.000176,172.31.46.0-255,66,22700,46,193270
7552,0.000194,172.217.194.0-255,2902,25602,46,193270
7553,0.000196,172.31.46.0-255,66,25668,46,193270
7554,0.000199,172.217.194.0-255,1484,27152,46,193270
7555,0.0002,172.31.46.0-255,66,27218,46,193270
7556,0.000225,172.217.194.0-255,4320,31538,46,193270
7557,0.000227,172.31.46.0-255,66,31604,46,193270
7558,0.000233,172.217.194.0-255,5738,37342,46,193270
7559,0.000235,172.31.46.0-255,66,37408,46,193270
7560,0.00027,172.31.46.0-255,66,37474,46,193270
7561,0.000274,172.217.194.0-255,2902,40376,46,193270
7562,0.000275,172.31.46.0-255,66,40442,46,193270
7563,0.000296,172.217.194.0-255,2457,42899,46,193270
7564,0.000298,172.31.46.0-255,66,42965,46,193270
7565,0.000414,172.217.194.0-255,115,43080,46,193270
7566,0.000539,172.217.194.0-255,1484,44564,46,193270
7567,0.000543,172.31.46.0-255,66,44630,46,193270
7568,0.000548,172.217.194.0-255,2902,47532,46,193270
7569,0.000551,172.31.46.0-255,66,47598,46,193270
7570,0.000579,172.217.194.0-255,5738,53336,46,193270
7571,0.000581,172.31.46.0-255,66,53402,46,193270
7572,0.000587,172.217.194.0-255,5738,59140,46,193270
7573,0.000589,172.31.46.0-255,66,59206,46,193270
7574,0.00061,172.217.194.0-255,7156,66362,46,193270
7575,0.000616,172.31.46.0-255,66,66428,46,193270
7576,0.000654,172.31.46.0-255,66,66494,46,193270
7577,0.000656,172.217.194.0-255,385,66879,46,193270
7578,0.000951,172.217.194.0-255,1484,68363,46,193270
7579,0.000954,172.217.194.0-255,1484,69847,46,193270
7580,0.000962,172.31.46.0-255,66,69913,46,193270
7581,0.000966,172.217.194.0-255,1484,71397,46,193270
7582,0.000968,172.31.46.0-255,66,71463,46,193270
7583,0.000972,172.217.194.0-255,2902,74365,46,193270
7584,0.000973,172.31.46.0-255,66,74431,46,193270
7585,0.001004,172.217.194.0-255,2902,77333,46,193270
7586,0.001017,172.31.46.0-255,66,77399,46,193270
7587,0.001019,172.31.46.0-255,66,77465,46,193270
7588,0.001035,172.217.194.0-255,1484,78949,46,193270
7589,0.001045,172.31.46.0-255,66,79015,46,193270
7590,0.001082,172.217.194.0-255,766,79781,46,193270
7591,0.001468,172.217.194.0-255,1484,81265,46,193270
7592,0.001473,172.31.46.0-255,66,81331,46,193270
7593,0.00148,172.217.194.0-255,2902,84233,46,193270
7594,0.001482,172.31.46.0-255,66,84299,46,193270
7595,0.001521,172.217.194.0-255,2902,87201,46,193270
7596,0.001524,172.31.46.0-255,66,87267,46,193270
7597,0.001535,172.217.194.0-255,1484,88751,46,193270
7598,0.001546,172.31.46.0-255,66,88817,46,193270
7599,0.001566,172.31.46.0-255,66,88883,46,193270
7600,0.002145,172.217.194.0-255,1484,90367,46,193270
7601,0.002155,172.217.194.0-255,2902,93269,46,193270
7602,0.002159,172.31.46.0-255,66,93335,46,193270
7603,0.002167,172.217.194.0-255,5738,99073,46,193270
7604,0.002169,172.31.46.0-255,66,99139,46,193270
7605,0.002178,172.217.194.0-255,1484,100623,46,193270
7606,0.002203,172.217.194.0-255,2902,103525,46,193270
7607,0.002206,172.31.46.0-255,66,103591,46,193270
7608,0.002234,172.217.194.0-255,4320,107911,46,193270
7609,0.002236,172.31.46.0-255,66,107977,46,193270
7610,0.002247,172.31.46.0-255,66,108043,46,193270
7611,0.002259,172.217.194.0-255,6438,114481,46,193270
7612,0.002262,172.31.46.0-255,66,114547,46,193270
7613,0.002295,172.217.194.0-255,7156,121703,46,193270
7614,0.002298,172.31.46.0-255,66,121769,46,193270
7615,0.002316,172.217.194.0-255,4320,126089,46,193270
7616,0.002319,172.31.46.0-255,66,126155,46,193270
7617,0.002351,172.217.194.0-255,7156,133311,46,193270
7618,0.002353,172.31.46.0-255,66,133377,46,193270
7619,0.002374,172.217.194.0-255,7156,140533,46,193270
7620,0.002376,172.31.46.0-255,66,140599,46,193270
7621,0.002411,172.31.46.0-255,66,140665,46,193270
7622,0.002611,172.217.194.0-255,1484,142149,46,193270
7623,0.002618,172.217.194.0-255,2902,145051,46,193270
7624,0.002622,172.31.46.0-255,66,145117,46,193270
7625,0.00263,172.217.194.0-255,5738,150855,46,193270
7626,0.002632,172.31.46.0-255,66,150921,46,193270
7627,0.002641,172.217.194.0-255,1484,152405,46,193270
7628,0.002661,172.217.194.0-255,1484,153889,46,193270
7629,0.002663,172.31.46.0-255,66,153955,46,193270
7630,0.002674,172.217.194.0-255,4320,158275,46,193270
7631,0.002681,172.31.46.0-255,66,158341,46,193270
7632,0.002707,172.31.46.0-255,66,158407,46,193270
7633,0.002739,172.31.46.0-255,66,158473,46,193270
7634,0.002777,172.31.46.0-255,66,158539,46,193270
7635,0.002795,172.31.46.0-255,66,158605,46,193270
7636,0.002821,172.217.194.0-255,2902,161507,46,193270
7637,0.002824,172.31.46.0-255,66,161573,46,193270
7638,0.002859,172.31.46.0-255,66,161639,46,193270
7639,0.00287,172.31.46.0-255,66,161705,46,193270
7640,0.003309,172.217.194.0-255,1484,163189,46,193270
7641,0.003329,172.217.194.0-255,2902,166091,46,193270
7642,0.003333,172.31.46.0-255,66,166157,46,193270
7643,0.003341,172.217.194.0-255,5738,171895,46,193270
7644,0.003344,172.31.46.0-255,66,171961,46,193270
7645,0.003386,172.31.46.0-255,66,172027,46,193270
7646,0.003415,172.217.194.0-255,2902,174929,46,193270
7647,0.003417,172.31.46.0-255,66,174995,46,193270
7648,0.003436,172.31.46.0-255,66,175061,46,193270
7649,0.003439,172.217.194.0-255,766,175827,46,193270
7650,0.003686,172.217.194.0-255,1484,177311,46,193270
7651,0.003691,172.31.46.0-255,66,177377,46,193270
7652,0.003697,172.217.194.0-255,2902,180279,46,193270
7653,0.0037,172.31.46.0-255,66,180345,46,193270
7654,0.00375,172.217.194.0-255,2902,183247,46,193270
7655,0.003754,172.31.46.0-255,66,183313,46,193270
7656,0.00378,172.217.194.0-255,394,183707,46,193270
7657,0.003784,172.217.194.0-255,105,183812,46,193270
7658,0.011469,172.31.46.0-255,66,183878,46,193270
7659,0.011508,172.31.46.0-255,105,183983,46,193270
7660,0.012979,172.217.194.0-255,105,184088,46,193270
7661,0.012989,172.31.46.0-255,78,184166,46,193270
7662,0.013484,172.217.194.0-255,66,184232,46,193270
7663,0.037131,172.31.46.0-255,172,184404,46,193270
7664,0.037169,172.31.46.0-255,1119,185523,46,193270
7665,0.037249,172.31.46.0-255,1514,187037,46,193270
7666,0.037251,172.31.46.0-255,1514,188551,46,193270
7667,0.037256,172.31.46.0-255,1514,190065,46,193270
7668,0.037257,172.31.46.0-255,1514,191579,46,193270
7669,0.037276,172.31.46.0-255,1493,193072,46,193270
7670,0.038674,104.244.42.0-255,66,193138,46,193270
7671,0.038701,104.244.42.0-255,66,193204,46,193270
7672,0.038821,104.244.42.0-255,66,193270,46,193270
7673,0.0,172.253.118.0-255,150,150,46,279434
7674,1.7e-05,172.31.46.0-255,66,216,46,279434
7675,2.3e-05,172.253.118.0-255,1484,1700,46,279434
7676,2.7e-05,172.31.46.0-255,66,1766,46,279434
7677,3.3e-05,172.253.118.0-255,2902,4668,46,279434
7678,4.3e-05,172.31.46.0-255,66,4734,46,279434
7679,5e-05,172.253.118.0-255,7156,11890,46,279434
7680,5.4e-05,172.31.46.0-255,66,11956,46,279434
7681,5.8e-05,172.253.118.0-255,2027,13983,46,279434
7682,6e-05,172.31.46.0-255,66,14049,46,279434
7683,0.000124,172.253.118.0-255,1484,15533,46,279434
7684,0.000128,172.31.46.0-255,66,15599,46,279434
7685,0.000133,172.253.118.0-255,2902,18501,46,279434
7686,0.000136,172.31.46.0-255,66,18567,46,279434
7687,0.000156,172.253.118.0-255,5738,24305,46,279434
7688,0.000158,172.31.46.0-255,66,24371,46,279434
7689,0.000165,172.253.118.0-255,5738,30109,46,279434
7690,0.000171,172.31.46.0-255,66,30175,46,279434
7691,0.000201,172.253.118.0-255,1125,31300,46,279434
7692,0.000204,172.31.46.0-255,66,31366,46,279434
7693,0.000421,172.253.118.0-255,1484,32850,46,279434
7694,0.000427,172.31.46.0-255,66,32916,46,279434
7695,0.000432,172.253.118.0-255,2902,35818,46,279434
7696,0.000435,172.31.46.0-255,66,35884,46,279434
7697,0.000443,172.253.118.0-255,1484,37368,46,279434
7698,0.000445,172.31.46.0-255,66,37434,46,279434
7699,0.000476,172.253.118.0-255,4320,41754,46,279434
7700,0.000479,172.31.46.0-255,66,41820,46,279434
7701,0.000486,172.253.118.0-255,6797,48617,46,279434
7702,0.000488,172.31.46.0-255,66,48683,46,279434
7703,0.000518,172.253.118.0-255,5738,54421,46,279434
7704,0.000521,172.31.46.0-255,66,54487,46,279434
7705,0.000553,172.31.46.0-255,66,54553,46,279434
7706,0.000558,172.253.118.0-255,2543,57096,46,279434
7707,0.00056,172.31.46.0-255,66,57162,46,279434
7708,0.000563,172.253.118.0-255,678,57840,46,279434
7709,0.000812,172.253.118.0-255,1484,59324,46,279434
7710,0.000816,172.31.46.0-255,66,59390,46,279434
7711,0.000823,172.253.118.0-255,2902,62292,46,279434
7712,0.000826,172.31.46.0-255,66,62358,46,279434
7713,0.000837,172.253.118.0-255,5738,68096,46,279434
7714,0.00084,172.31.46.0-255,66,68162,46,279434
7715,0.000879,172.31.46.0-255,66,68228,46,279434
7716,0.000891,172.31.46.0-255,66,68294,46,279434
7717,0.000925,172.253.118.0-255,2184,70478,46,279434
7718,0.000928,172.31.46.0-255,66,70544,46,279434
7719,0.001126,172.253.118.0-255,1484,72028,46,279434
7720,0.001146,172.253.118.0-255,2902,74930,46,279434
7721,0.001149,172.31.46.0-255,66,74996,46,279434
7722,0.001156,172.253.118.0-255,5738,80734,46,279434
7723,0.001159,172.31.46.0-255,66,80800,46,279434
7724,0.001192,172.31.46.0-255,66,80866,46,279434
7725,0.001217,172.253.118.0-255,1484,82350,46,279434
7726,0.001232,172.31.46.0-255,66,82416,46,279434
7727,0.001774,172.253.118.0-255,1484,83900,46,279434
7728,0.00178,172.253.118.0-255,2902,86802,46,279434
7729,0.001784,172.31.46.0-255,66,86868,46,279434
7730,0.001789,172.253.118.0-255,2902,89770,46,279434
7731,0.001791,172.31.46.0-255,66,89836,46,279434
7732,0.001824,172.253.118.0-255,2902,92738,46,279434
7733,0.001827,172.31.46.0-255,66,92804,46,279434
7734,0.001833,172.253.118.0-255,5738,98542,46,279434
7735,0.001835,172.31.46.0-255,66,98608,46,279434
7736,0.001863,172.253.118.0-255,7156,105764,46,279434
7737,0.001865,172.31.46.0-255,66,105830,46,279434
7738,0.001869,172.253.118.0-255,1484,107314,46,279434
7739,0.001922,172.31.46.0-255,66,107380,46,279434
7740,0.003954,172.253.118.0-255,5738,113118,46,279434
7741,0.003962,172.31.46.0-255,66,113184,46,279434
7742,0.006007,172.253.118.0-255,5738,118922,46,279434
7743,0.006011,172.31.46.0-255,66,118988,46,279434
7744,0.008041,172.253.118.0-255,2902,121890,46,279434
7745,0.008048,172.31.46.0-255,66,121956,46,279434
7746,0.00809,172.253.118.0-255,2902,124858,46,279434
7747,0.008092,172.31.46.0-255,66,124924,46,279434
7748,0.010071,172.253.118.0-255,2902,127826,46,279434
7749,0.010078,172.31.46.0-255,66,127892,46,279434
7750,0.010107,172.253.118.0-255,2902,130794,46,279434
7751,0.01011,172.31.46.0-255,66,130860,46,279434
7752,0.012163,172.253.118.0-255,5738,136598,46,279434
7753,0.012171,172.31.46.0-255,66,136664,46,279434
7754,0.014225,172.253.118.0-255,5738,142402,46,279434
7755,0.014234,172.31.46.0-255,66,142468,46,279434
7756,0.016279,172.253.118.0-255,5738,148206,46,279434
7757,0.016289,172.31.46.0-255,66,148272,46,279434
7758,0.01834,172.253.118.0-255,5738,154010,46,279434
7759,0.018348,172.31.46.0-255,66,154076,46,279434
7760,0.020368,172.253.118.0-255,5738,159814,46,279434
7761,0.020375,172.31.46.0-255,66,159880,46,279434
7762,0.022415,172.253.118.0-255,5738,165618,46,279434
7763,0.022427,172.31.46.0-255,66,165684,46,279434
7764,0.024467,172.253.118.0-255,5738,171422,46,279434
7765,0.024475,172.31.46.0-255,66,171488,46,279434
7766,0.02654,172.253.118.0-255,5738,177226,46,279434
7767,0.026547,172.31.46.0-255,66,177292,46,279434
7768,0.028576,172.253.118.0-255,5738,183030,46,279434
7769,0.028584,172.31.46.0-255,66,183096,46,279434
7770,0.030611,172.253.118.0-255,5738,188834,46,279434
7771,0.03062,172.31.46.0-255,66,188900,46,279434
7772,0.032658,172.253.118.0-255,5738,194638,46,279434
7773,0.032666,172.31.46.0-255,66,194704,46,279434
7774,0.034699,172.253.118.0-255,5738,200442,46,279434
7775,0.034708,172.31.46.0-255,66,200508,46,279434
7776,0.036738,172.253.118.0-255,5738,206246,46,279434
7777,0.036747,172.31.46.0-255,66,206312,46,279434
7778,0.038779,172.253.118.0-255,5738,212050,46,279434
7779,0.038786,172.31.46.0-255,66,212116,46,279434
7780,0.039202,172.31.46.0-255,172,212288,46,279434
7781,0.039234,172.31.46.0-255,1118,213406,46,279434
7782,0.039298,172.31.46.0-255,1514,214920,46,279434
7783,0.0393,172.31.46.0-255,1514,216434,46,279434
7784,0.039306,172.31.46.0-255,1514,217948,46,279434
7785,0.039307,172.31.46.0-255,1514,219462,46,279434
7786,0.039336,172.31.46.0-255,1494,220956,46,279434
7787,0.040772,104.244.42.0-255,66,221022,46,279434
7788,0.040811,104.244.42.0-255,66,221088,46,279434
7789,0.040821,172.253.118.0-255,5738,226826,46,279434
7790,0.040828,172.31.46.0-255,66,226892,46,279434
7791,0.040858,104.244.42.0-255,66,226958,46,279434
7792,0.04091,104.244.42.0-255,66,227024,46,279434
7793,0.041549,104.244.42.0-255,108,227132,46,279434
7794,0.041558,172.31.46.0-255,66,227198,46,279434
7795,0.042864,172.253.118.0-255,5738,232936,46,279434
7796,0.04287,172.31.46.0-255,66,233002,46,279434
7797,0.044884,172.253.118.0-255,5738,238740,46,279434
7798,0.044891,172.31.46.0-255,66,238806,46,279434
7799,0.046924,172.253.118.0-255,5738,244544,46,279434
7800,0.04693,172.31.46.0-255,66,244610,46,279434
7801,0.048958,172.253.118.0-255,5738,250348,46,279434
7802,0.048964,172.31.46.0-255,66,250414,46,279434
7803,0.05101,172.253.118.0-255,5738,256152,46,279434
7804,0.051016,172.31.46.0-255,66,256218,46,279434
7805,0.053068,172.253.118.0-255,5738,261956,46,279434
7806,0.053078,172.31.46.0-255,66,262022,46,279434
7807,0.055087,172.253.118.0-255,5738,267760,46,279434
7808,0.055092,172.31.46.0-255,66,267826,46,279434
7809,0.057139,172.253.118.0-255,5738,273564,46,279434
7810,0.057145,172.31.46.0-255,66,273630,46,279434
7811,0.05918,172.253.118.0-255,5738,279368,46,279434
7812,0.059186,172.31.46.0-255,66,279434,46,279434
7813,0.0,142.250.4.0-255,153,153,46,234031
7814,1.4e-05,142.250.4.0-255,1484,1637,46,234031
7815,2.1e-05,172.31.46.0-255,66,1703,46,234031
7816,2.9e-05,142.250.4.0-255,2902,4605,46,234031
7817,3.2e-05,172.31.46.0-255,66,4671,46,234031
7818,4e-05,142.250.4.0-255,7156,11827,46,234031
7819,4.3e-05,172.31.46.0-255,66,11893,46,234031
7820,4.6e-05,142.250.4.0-255,2054,13947,46,234031
7821,4.9e-05,172.31.46.0-255,66,14013,46,234031
7822,8.3e-05,172.31.46.0-255,66,14079,46,234031
7823,9.9e-05,142.250.4.0-255,5738,19817,46,234031
7824,0.000102,172.31.46.0-255,66,19883,46,234031
7825,0.000125,172.31.46.0-255,66,19949,46,234031
7826,0.000167,172.31.46.0-255,66,20015,46,234031
7827,0.0002,172.31.46.0-255,66,20081,46,234031
7828,0.000203,142.250.4.0-255,1484,21565,46,234031
7829,0.000273,142.250.4.0-255,4320,25885,46,234031
7830,0.000275,172.31.46.0-255,66,25951,46,234031
7831,0.000293,142.250.4.0-255,2897,28848,46,234031
7832,0.000296,172.31.46.0-255,66,28914,46,234031
7833,0.000475,142.250.4.0-255,1484,30398,46,234031
7834,0.000482,142.250.4.0-255,2902,33300,46,234031
7835,0.000485,172.31.46.0-255,66,33366,46,234031
7836,0.000489,142.250.4.0-255,1484,34850,46,234031
7837,0.00051,142.250.4.0-255,4320,39170,46,234031
7838,0.000512,142.250.4.0-255,1484,40654,46,234031
7839,0.000516,172.31.46.0-255,66,40720,46,234031
7840,0.000538,142.250.4.0-255,2902,43622,46,234031
7841,0.000541,172.31.46.0-255,66,43688,46,234031
7842,0.000563,142.250.4.0-255,5738,49426,46,234031
7843,0.000566,172.31.46.0-255,66,49492,46,234031
7844,0.000573,142.250.4.0-255,7156,56648,46,234031
7845,0.000575,172.31.46.0-255,66,56714,46,234031
7846,0.000595,142.250.4.0-255,1484,58198,46,234031
7847,0.000612,142.250.4.0-255,5020,63218,46,234031
7848,0.000615,172.31.46.0-255,66,63284,46,234031
7849,0.001469,142.250.4.0-255,1484,64768,46,234031
7850,0.001478,142.250.4.0-255,2902,67670,46,234031
7851,0.001483,172.31.46.0-255,66,67736,46,234031
7852,0.001487,142.250.4.0-255,1484,69220,46,234031
7853,0.001507,142.250.4.0-255,4320,73540,46,234031
7854,0.00151,172.31.46.0-255,66,73606,46,234031
7855,0.001516,142.250.4.0-255,5738,79344,46,234031
7856,0.001517,172.31.46.0-255,66,79410,46,234031
7857,0.001536,142.250.4.0-255,1484,80894,46,234031
7858,0.001548,142.250.4.0-255,4320,85214,46,234031
7859,0.00155,172.31.46.0-255,66,85280,46,234031
7860,0.001565,142.250.4.0-255,7156,92436,46,234031
7861,0.001566,172.31.46.0-255,66,92502,46,234031
7862,0.001571,142.250.4.0-255,2902,95404,46,234031
7863,0.001573,172.31.46.0-255,66,95470,46,234031
7864,0.001594,142.250.4.0-255,2184,97654,46,234031
7865,0.001596,172.31.46.0-255,66,97720,46,234031
7866,0.0018,142.250.4.0-255,1484,99204,46,234031
7867,0.001808,142.250.4.0-255,2902,102106,46,234031
7868,0.001812,172.31.46.0-255,66,102172,46,234031
7869,0.001818,142.250.4.0-255,4320,106492,46,234031
7870,0.001821,172.31.46.0-255,66,106558,46,234031
7871,0.001837,142.250.4.0-255,1484,108042,46,234031
7872,0.001858,172.31.46.0-255,66,108108,46,234031
7873,0.001883,142.250.4.0-255,2902,111010,46,234031
7874,0.001886,172.31.46.0-255,66,111076,46,234031
7875,0.001899,172.31.46.0-255,66,111142,46,234031
7876,0.001921,142.250.4.0-255,1484,112626,46,234031
7877,0.001936,142.250.4.0-255,5738,118364,46,234031
7878,0.001938,172.31.46.0-255,66,118430,46,234031
7879,0.001979,172.31.46.0-255,66,118496,46,234031
7880,0.001991,172.31.46.0-255,66,118562,46,234031
7881,0.002091,142.250.4.0-255,1484,120046,46,234031
7882,0.0021,142.250.4.0-255,2902,122948,46,234031
7883,0.002104,172.31.46.0-255,66,123014,46,234031
7884,0.002109,142.250.4.0-255,2902,125916,46,234031
7885,0.002111,172.31.46.0-255,66,125982,46,234031
7886,0.002125,142.250.4.0-255,2902,128884,46,234031
7887,0.002128,172.31.46.0-255,66,128950,46,234031
7888,0.002131,142.250.4.0-255,1484,130434,46,234031
7889,0.002135,142.250.4.0-255,2902,133336,46,234031
7890,0.002138,172.31.46.0-255,66,133402,46,234031
7891,0.002163,142.250.4.0-255,5738,139140,46,234031
7892,0.002166,172.31.46.0-255,66,139206,46,234031
7893,0.00217,142.250.4.0-255,1484,140690,46,234031
7894,0.002206,172.31.46.0-255,66,140756,46,234031
7895,0.00223,142.250.4.0-255,1484,142240,46,234031
7896,0.002234,142.250.4.0-255,2902,145142,46,234031
7897,0.002237,172.31.46.0-255,66,145208,46,234031
7898,0.002242,142.250.4.0-255,4320,149528,46,234031
7899,0.002245,172.31.46.0-255,66,149594,46,234031
7900,0.002258,142.250.4.0-255,1484,151078,46,234031
7901,0.002297,142.250.4.0-255,5738,156816,46,234031
7902,0.0023,172.31.46.0-255,66,156882,46,234031
7903,0.002327,142.250.4.0-255,7156,164038,46,234031
7904,0.00233,172.31.46.0-255,66,164104,46,234031
7905,0.002337,142.250.4.0-255,7156,171260,46,234031
7906,0.00234,172.31.46.0-255,66,171326,46,234031
7907,0.002353,172.31.46.0-255,66,171392,46,234031
7908,0.002383,172.31.46.0-255,66,171458,46,234031
7909,0.00239,142.250.4.0-255,7156,178614,46,234031
7910,0.002393,172.31.46.0-255,66,178680,46,234031
7911,0.00242,142.250.4.0-255,7156,185836,46,234031
7912,0.002422,172.31.46.0-255,66,185902,46,234031
7913,0.002425,142.250.4.0-255,766,186668,46,234031
7914,0.002456,142.250.4.0-255,1484,188152,46,234031
7915,0.002458,172.31.46.0-255,66,188218,46,234031
7916,0.002472,142.250.4.0-255,4320,192538,46,234031
7917,0.002476,172.31.46.0-255,66,192604,46,234031
7918,0.00248,142.250.4.0-255,2902,195506,46,234031
7919,0.002483,172.31.46.0-255,66,195572,46,234031
7920,0.002494,142.250.4.0-255,1484,197056,46,234031
7921,0.002497,142.250.4.0-255,1484,198540,46,234031
7922,0.002499,172.31.46.0-255,66,198606,46,234031
7923,0.002513,142.250.4.0-255,4320,202926,46,234031
7924,0.002516,172.31.46.0-255,66,202992,46,234031
7925,0.002545,172.31.46.0-255,66,203058,46,234031
7926,0.002548,142.250.4.0-255,1484,204542,46,234031
7927,0.002559,172.31.46.0-255,66,204608,46,234031
7928,0.002584,142.250.4.0-255,1484,206092,46,234031
7929,0.00261,172.31.46.0-255,66,206158,46,234031
7930,0.002632,142.250.4.0-255,5738,211896,46,234031
7931,0.002635,172.31.46.0-255,66,211962,46,234031
7932,0.002642,142.250.4.0-255,7156,219118,46,234031
7933,0.002645,172.31.46.0-255,66,219184,46,234031
7934,0.002656,172.31.46.0-255,66,219250,46,234031
7935,0.00269,172.31.46.0-255,66,219316,46,234031
7936,0.002693,142.250.4.0-255,1484,220800,46,234031
7937,0.00271,142.250.4.0-255,3851,224651,46,234031
7938,0.002712,172.31.46.0-255,66,224717,46,234031
7939,0.002737,142.250.4.0-255,105,224822,46,234031
7940,0.007939,172.31.46.0-255,105,224927,46,234031
7941,0.010349,142.250.4.0-255,66,224993,46,234031
7942,0.03639,172.31.46.0-255,172,225165,46,234031
7943,0.036424,172.31.46.0-255,1115,226280,46,234031
7944,0.03649,172.31.46.0-255,1514,227794,46,234031
7945,0.036492,172.31.46.0-255,1514,229308,46,234031
7946,0.036493,172.31.46.0-255,1514,230822,46,234031
7947,0.036498,172.31.46.0-255,1514,232336,46,234031
7948,0.036499,172.31.46.0-255,1497,233833,46,234031
7949,0.038047,104.244.42.0-255,66,233899,46,234031
7950,0.038101,104.244.42.0-255,66,233965,46,234031
7951,0.038204,104.244.42.0-255,66,234031,46,234031
7952,0.0,74.125.24.0-255,150,150,46,241502
7953,1.4e-05,172.31.46.0-255,66,216,46,241502
7954,2e-05,74.125.24.0-255,1484,1700,46,241502
7955,2.4e-05,172.31.46.0-255,66,1766,46,241502
7956,3e-05,74.125.24.0-255,2902,4668,46,241502
7957,4e-05,172.31.46.0-255,66,4734,46,241502
7958,4.6e-05,74.125.24.0-255,4320,9054,46,241502
7959,4.9e-05,172.31.46.0-255,66,9120,46,241502
7960,7.9e-05,74.125.24.0-255,2902,12022,46,241502
7961,8.6e-05,172.31.46.0-255,66,12088,46,241502
7962,9e-05,74.125.24.0-255,2003,14091,46,241502
7963,9.3e-05,172.31.46.0-255,66,14157,46,241502
7964,0.000204,74.125.24.0-255,1484,15641,46,241502
7965,0.000207,172.31.46.0-255,66,15707,46,241502
7966,0.000236,74.125.24.0-255,2902,18609,46,241502
7967,0.000239,172.31.46.0-255,66,18675,46,241502
7968,0.000246,74.125.24.0-255,5738,24413,46,241502
7969,0.000248,172.31.46.0-255,66,24479,46,241502
7970,0.000258,74.125.24.0-255,5738,30217,46,241502
7971,0.00026,172.31.46.0-255,66,30283,46,241502
7972,0.000289,74.125.24.0-255,1484,31767,46,241502
7973,0.000291,172.31.46.0-255,66,31833,46,241502
7974,0.000316,172.31.46.0-255,66,31899,46,241502
7975,0.000338,74.125.24.0-255,3961,35860,46,241502
7976,0.00034,172.31.46.0-255,66,35926,46,241502
7977,0.00035,172.31.46.0-255,66,35992,46,241502
7978,0.000368,74.125.24.0-255,1484,37476,46,241502
7979,0.00037,172.31.46.0-255,66,37542,46,241502
7980,0.000385,172.31.46.0-255,66,37608,46,241502
7981,0.000387,74.125.24.0-255,396,38004,46,241502
7982,0.000744,74.125.24.0-255,115,38119,46,241502
7983,0.000931,172.31.46.0-255,66,38185,46,241502
7984,0.001252,74.125.24.0-255,1484,39669,46,241502
7985,0.001261,74.125.24.0-255,2902,42571,46,241502
7986,0.001264,172.31.46.0-255,66,42637,46,241502
7987,0.001268,74.125.24.0-255,1484,44121,46,241502
7988,0.001297,74.125.24.0-255,4320,48441,46,241502
7989,0.001299,172.31.46.0-255,66,48507,46,241502
7990,0.001309,172.31.46.0-255,66,48573,46,241502
7991,0.001343,74.125.24.0-255,1484,50057,46,241502
7992,0.001363,172.31.46.0-255,66,50123,46,241502
7993,0.00149,74.125.24.0-255,1484,51607,46,241502
7994,0.001495,74.125.24.0-255,1484,53091,46,241502
7995,0.001498,172.31.46.0-255,66,53157,46,241502
7996,0.001523,74.125.24.0-255,1484,54641,46,241502
7997,0.001528,74.125.24.0-255,5738,60379,46,241502
7998,0.00153,172.31.46.0-255,66,60445,46,241502
7999,0.001574,172.31.46.0-255,66,60511,46,241502
8000,0.001613,172.31.46.0-255,66,60577,46,241502
8001,0.001639,74.125.24.0-255,1484,62061,46,241502
8002,0.001658,74.125.24.0-255,2902,64963,46,241502
8003,0.001661,172.31.46.0-255,66,65029,46,241502
8004,0.001664,74.125.24.0-255,1484,66513,46,241502
8005,0.001688,74.125.24.0-255,4320,70833,46,241502
8006,0.001691,172.31.46.0-255,66,70899,46,241502
8007,0.001696,74.125.24.0-255,5738,76637,46,241502
8008,0.001698,172.31.46.0-255,66,76703,46,241502
8009,0.001732,74.125.24.0-255,4320,81023,46,241502
8010,0.001734,172.31.46.0-255,66,81089,46,241502
8011,0.001773,172.31.46.0-255,66,81155,46,241502
8012,0.001778,74.125.24.0-255,5020,86175,46,241502
8013,0.00178,172.31.46.0-255,66,86241,46,241502
8014,0.001857,74.125.24.0-255,1484,87725,46,241502
8015,0.001873,74.125.24.0-255,2902,90627,46,241502
8016,0.001876,172.31.46.0-255,66,90693,46,241502
8017,0.001879,74.125.24.0-255,1484,92177,46,241502
8018,0.001906,74.125.24.0-255,4320,96497,46,241502
8019,0.001908,172.31.46.0-255,66,96563,46,241502
8020,0.001912,74.125.24.0-255,2902,99465,46,241502
8021,0.001913,172.31.46.0-255,66,99531,46,241502
8022,0.001935,172.31.46.0-255,66,99597,46,241502
8023,0.001957,74.125.24.0-255,2902,102499,46,241502
8024,0.001959,172.31.46.0-255,66,102565,46,241502
8025,0.001986,172.31.46.0-255,66,102631,46,241502
8026,0.002001,172.31.46.0-255,66,102697,46,241502
8027,0.002007,74.125.24.0-255,5738,108435,46,241502
8028,0.002009,172.31.46.0-255,66,108501,46,241502
8029,0.002045,172.31.46.0-255,66,108567,46,241502
8030,0.002053,74.125.24.0-255,4320,112887,46,241502
8031,0.002055,172.31.46.0-255,66,112953,46,241502
8032,0.002076,74.125.24.0-255,2184,115137,46,241502
8033,0.002078,172.31.46.0-255,66,115203,46,241502
8034,0.002102,74.125.24.0-255,1484,116687,46,241502
8035,0.002118,74.125.24.0-255,2902,119589,46,241502
8036,0.00212,172.31.46.0-255,66,119655,46,241502
8037,0.002123,74.125.24.0-255,1484,121139,46,241502
8038,0.002143,74.125.24.0-255,4320,125459,46,241502
8039,0.002145,172.31.46.0-255,66,125525,46,241502
8040,0.002158,74.125.24.0-255,2902,128427,46,241502
8041,0.002159,172.31.46.0-255,66,128493,46,241502
8042,0.002196,172.31.46.0-255,66,128559,46,241502
8043,0.002199,74.125.24.0-255,1484,130043,46,241502
8044,0.002235,172.31.46.0-255,66,130109,46,241502
8045,0.002257,74.125.24.0-255,1484,131593,46,241502
8046,0.002269,74.125.24.0-255,2902,134495,46,241502
8047,0.002271,172.31.46.0-255,66,134561,46,241502
8048,0.002299,74.125.24.0-255,5738,140299,46,241502
8049,0.002301,172.31.46.0-255,66,140365,46,241502
8050,0.00231,172.31.46.0-255,66,140431,46,241502
8051,0.002359,74.125.24.0-255,2902,143333,46,241502
8052,0.002361,172.31.46.0-255,66,143399,46,241502
8053,0.002394,172.31.46.0-255,66,143465,46,241502
8054,0.00242,74.125.24.0-255,1484,144949,46,241502
8055,0.002424,74.125.24.0-255,2902,147851,46,241502
8056,0.002426,172.31.46.0-255,66,147917,46,241502
8057,0.002439,74.125.24.0-255,5738,153655,46,241502
8058,0.002444,172.31.46.0-255,66,153721,46,241502
8059,0.002457,74.125.24.0-255,2902,156623,46,241502
8060,0.002464,172.31.46.0-255,66,156689,46,241502
8061,0.002487,74.125.24.0-255,7156,163845,46,241502
8062,0.002489,172.31.46.0-255,66,163911,46,241502
8063,0.00491,74.125.24.0-255,5738,169649,46,241502
8064,0.004916,172.31.46.0-255,66,169715,46,241502
8065,0.007385,74.125.24.0-255,5738,175453,46,241502
8066,0.00739,172.31.46.0-255,66,175519,46,241502
8067,0.009879,74.125.24.0-255,5738,181257,46,241502
8068,0.009885,172.31.46.0-255,66,181323,46,241502
8069,0.012339,74.125.24.0-255,5738,187061,46,241502
8070,0.012346,172.31.46.0-255,66,187127,46,241502
8071,0.0149,74.125.24.0-255,5738,192865,46,241502
8072,0.014909,172.31.46.0-255,66,192931,46,241502
8073,0.017333,74.125.24.0-255,5738,198669,46,241502
8074,0.017344,172.31.46.0-255,66,198735,46,241502
8075,0.019767,74.125.24.0-255,2902,201637,46,241502
8076,0.019774,172.31.46.0-255,66,201703,46,241502
8077,0.01982,74.125.24.0-255,2902,204605,46,241502
8078,0.019824,172.31.46.0-255,66,204671,46,241502
8079,0.022225,74.125.24.0-255,2902,207573,46,241502
8080,0.022233,172.31.46.0-255,66,207639,46,241502
8081,0.022264,74.125.24.0-255,2902,210541,46,241502
8082,0.022267,172.31.46.0-255,66,210607,46,241502
8083,0.024663,74.125.24.0-255,2902,213509,46,241502
8084,0.024669,172.31.46.0-255,66,213575,46,241502
8085,0.024715,74.125.24.0-255,2902,216477,46,241502
8086,0.024717,172.31.46.0-255,66,216543,46,241502
8087,0.027175,74.125.24.0-255,2902,219445,46,241502
8088,0.027185,172.31.46.0-255,66,219511,46,241502
8089,0.027213,74.125.24.0-255,2902,222413,46,241502
8090,0.027216,172.31.46.0-255,66,222479,46,241502
8091,0.02964,74.125.24.0-255,5738,228217,46,241502
8092,0.029647,172.31.46.0-255,66,228283,46,241502
8093,0.032101,74.125.24.0-255,3943,232226,46,241502
8094,0.032109,172.31.46.0-255,66,232292,46,241502
8095,0.032315,172.31.46.0-255,105,232397,46,241502
8096,0.034726,74.125.24.0-255,66,232463,46,241502
8097,0.037289,172.31.46.0-255,172,232635,46,241502
8098,0.037322,172.31.46.0-255,1118,233753,46,241502
8099,0.037388,172.31.46.0-255,1514,235267,46,241502
8100,0.03739,172.31.46.0-255,1514,236781,46,241502
8101,0.037391,172.31.46.0-255,1514,238295,46,241502
8102,0.037396,172.31.46.0-255,1514,239809,46,241502
8103,0.037398,172.31.46.0-255,1495,241304,46,241502
8104,0.038941,104.244.42.0-255,66,241370,46,241502
8105,0.039035,104.244.42.0-255,66,241436,46,241502
8106,0.039093,104.244.42.0-255,66,241502,46,241502
8107,0.0,172.217.194.0-255,153,153,46,213258
8108,1.4e-05,172.31.46.0-255,66,219,46,213258
8109,4.5e-05,172.217.194.0-255,1484,1703,46,213258
8110,4.9e-05,172.31.46.0-255,66,1769,46,213258
8111,5.5e-05,172.217.194.0-255,2902,4671,46,213258
8112,5.9e-05,172.31.46.0-255,66,4737,46,213258
8113,7e-05,172.217.194.0-255,7156,11893,46,213258
8114,7.2e-05,172.31.46.0-255,66,11959,46,213258
8115,7.7e-05,172.217.194.0-255,3485,15444,46,213258
8116,7.9e-05,172.31.46.0-255,66,15510,46,213258
8117,0.000109,172.217.194.0-255,4320,19830,46,213258
8118,0.000112,172.31.46.0-255,66,19896,46,213258
8119,0.000135,172.217.194.0-255,5738,25634,46,213258
8120,0.000137,172.31.46.0-255,66,25700,46,213258
8121,0.000179,172.217.194.0-255,5379,31079,46,213258
8122,0.000181,172.31.46.0-255,66,31145,46,213258
8123,0.000617,172.217.194.0-255,1484,32629,46,213258
8124,0.000621,172.31.46.0-255,66,32695,46,213258
8125,0.000628,172.217.194.0-255,2902,35597,46,213258
8126,0.00063,172.31.46.0-255,66,35663,46,213258
8127,0.000633,172.217.194.0-255,1484,37147,46,213258
8128,0.000639,172.31.46.0-255,66,37213,46,213258
8129,0.00067,172.217.194.0-255,4320,41533,46,213258
8130,0.000672,172.31.46.0-255,66,41599,46,213258
8131,0.000676,172.217.194.0-255,1484,43083,46,213258
8132,0.000677,172.31.46.0-255,66,43149,46,213258
8133,0.000707,172.31.46.0-255,66,43215,46,213258
8134,0.000733,172.217.194.0-255,4320,47535,46,213258
8135,0.000739,172.31.46.0-255,66,47601,46,213258
8136,0.000748,172.31.46.0-255,66,47667,46,213258
8137,0.001755,172.217.194.0-255,363,48030,46,213258
8138,0.00179,172.217.194.0-255,1484,49514,46,213258
8139,0.001795,172.31.46.0-255,66,49580,46,213258
8140,0.00181,172.217.194.0-255,2902,52482,46,213258
8141,0.001816,172.31.46.0-255,66,52548,46,213258
8142,0.001837,172.217.194.0-255,1484,54032,46,213258
8143,0.001876,172.217.194.0-255,5738,59770,46,213258
8144,0.001879,172.31.46.0-255,66,59836,46,213258
8145,0.001905,172.217.194.0-255,7156,66992,46,213258
8146,0.001907,172.31.46.0-255,66,67058,46,213258
8147,0.001947,172.217.194.0-255,5738,72796,46,213258
8148,0.001949,172.31.46.0-255,66,72862,46,213258
8149,0.001971,172.217.194.0-255,2902,75764,46,213258
8150,0.001973,172.31.46.0-255,66,75830,46,213258
8151,0.00198,172.217.194.0-255,6438,82268,46,213258
8152,0.001982,172.31.46.0-255,66,82334,46,213258
8153,0.004634,172.217.194.0-255,5738,88072,46,213258
8154,0.004641,172.31.46.0-255,66,88138,46,213258
8155,0.007284,172.217.194.0-255,5738,93876,46,213258
8156,0.00729,172.31.46.0-255,66,93942,46,213258
8157,0.009934,172.217.194.0-255,5738,99680,46,213258
8158,0.009942,172.31.46.0-255,66,99746,46,213258
8159,0.012595,172.217.194.0-255,5738,105484,46,213258
8160,0.012605,172.31.46.0-255,66,105550,46,213258
8161,0.015257,172.217.194.0-255,5738,111288,46,213258
8162,0.015266,172.31.46.0-255,66,111354,46,213258
8163,0.017895,172.217.194.0-255,5738,117092,46,213258
8164,0.017903,172.31.46.0-255,66,117158,46,213258
8165,0.020559,172.217.194.0-255,5738,122896,46,213258
8166,0.020566,172.31.46.0-255,66,122962,46,213258
8167,0.023241,172.217.194.0-255,5738,128700,46,213258
8168,0.023249,172.31.46.0-255,66,128766,46,213258
8169,0.025926,172.217.194.0-255,5738,134504,46,213258
8170,0.025933,172.31.46.0-255,66,134570,46,213258
8171,0.026879,172.31.46.0-255,172,134742,46,213258
8172,0.026907,172.31.46.0-255,1118,135860,46,213258
8173,0.026962,172.31.46.0-255,1514,137374,46,213258
8174,0.026964,172.31.46.0-255,1514,138888,46,213258
8175,0.026969,172.31.46.0-255,1514,140402,46,213258
8176,0.02697,172.31.46.0-255,1514,141916,46,213258
8177,0.026986,172.31.46.0-255,1496,143412,46,213258
8178,0.028353,104.244.42.0-255,66,143478,46,213258
8179,0.028381,104.244.42.0-255,66,143544,46,213258
8180,0.028473,104.244.42.0-255,66,143610,46,213258
8181,0.028576,172.217.194.0-255,5738,149348,46,213258
8182,0.028582,172.31.46.0-255,66,149414,46,213258
8183,0.031222,172.217.194.0-255,5738,155152,46,213258
8184,0.031233,172.31.46.0-255,66,155218,46,213258
8185,0.033869,172.217.194.0-255,5738,160956,46,213258
8186,0.033877,172.31.46.0-255,66,161022,46,213258
8187,0.036517,172.217.194.0-255,5738,166760,46,213258
8188,0.036521,172.31.46.0-255,66,166826,46,213258
8189,0.039147,172.217.194.0-255,5738,172564,46,213258
8190,0.039152,172.31.46.0-255,66,172630,46,213258
8191,0.041787,172.217.194.0-255,5738,178368,46,213258
8192,0.041796,172.31.46.0-255,66,178434,46,213258
8193,0.044456,172.217.194.0-255,5738,184172,46,213258
8194,0.044462,172.31.46.0-255,66,184238,46,213258
8195,0.047093,172.217.194.0-255,5738,189976,46,213258
8196,0.0471,172.31.46.0-255,66,190042,46,213258
8197,0.049757,172.217.194.0-255,5738,195780,46,213258
8198,0.049763,172.31.46.0-255,66,195846,46,213258
8199,0.052422,172.217.194.0-255,5738,201584,46,213258
8200,0.052427,172.31.46.0-255,66,201650,46,213258
8201,0.055106,172.217.194.0-255,5738,207388,46,213258
8202,0.055111,172.31.46.0-255,66,207454,46,213258
8203,0.057795,172.217.194.0-255,5738,213192,46,213258
8204,0.057801,172.31.46.0-255,66,213258,46,213258
8205,0.0,74.125.24.0-255,147,147,46,258513
8206,3.8e-05,172.31.46.0-255,66,213,46,258513
8207,4.4e-05,74.125.24.0-255,1484,1697,46,258513
8208,4.8e-05,172.31.46.0-255,66,1763,46,258513
8209,5.3e-05,74.125.24.0-255,2902,4665,46,258513
8210,5.5e-05,172.31.46.0-255,66,4731,46,258513
8211,6.1e-05,74.125.24.0-255,4320,9051,46,258513
8212,6.4e-05,172.31.46.0-255,66,9117,46,258513
8213,9.3e-05,74.125.24.0-255,1484,10601,46,258513
8214,9.5e-05,172.31.46.0-255,66,10667,46,258513
8215,0.0001,74.125.24.0-255,3461,14128,46,258513
8216,0.000103,172.31.46.0-255,66,14194,46,258513
8217,0.000185,74.125.24.0-255,1484,15678,46,258513
8218,0.000189,172.31.46.0-255,66,15744,46,258513
8219,0.000193,74.125.24.0-255,1484,17228,46,258513
8220,0.000195,172.31.46.0-255,66,17294,46,258513
8221,0.00021,74.125.24.0-255,1484,18778,46,258513
8222,0.000212,172.31.46.0-255,66,18844,46,258513
8223,0.000218,74.125.24.0-255,4320,23164,46,258513
8224,0.000222,172.31.46.0-255,66,23230,46,258513
8225,0.000245,74.125.24.0-255,1484,24714,46,258513
8226,0.000249,172.31.46.0-255,66,24780,46,258513
8227,0.000256,74.125.24.0-255,6797,31577,46,258513
8228,0.000258,172.31.46.0-255,66,31643,46,258513
8229,0.000444,74.125.24.0-255,1484,33127,46,258513
8230,0.000448,172.31.46.0-255,66,33193,46,258513
8231,0.000454,74.125.24.0-255,2902,36095,46,258513
8232,0.000457,172.31.46.0-255,66,36161,46,258513
8233,0.000521,74.125.24.0-255,4320,40481,46,258513
8234,0.000525,172.31.46.0-255,66,40547,46,258513
8235,0.000551,74.125.24.0-255,1484,42031,46,258513
8236,0.000553,172.31.46.0-255,66,42097,46,258513
8237,0.000568,172.31.46.0-255,66,42163,46,258513
8238,0.000574,74.125.24.0-255,5738,47901,46,258513
8239,0.000577,172.31.46.0-255,66,47967,46,258513
8240,0.000583,74.125.24.0-255,4233,52200,46,258513
8241,0.000599,172.31.46.0-255,66,52266,46,258513
8242,0.001049,74.125.24.0-255,131,52397,46,258513
8243,0.001085,74.125.24.0-255,1484,53881,46,258513
8244,0.00109,172.31.46.0-255,66,53947,46,258513
8245,0.001096,74.125.24.0-255,2902,56849,46,258513
8246,0.001099,172.31.46.0-255,66,56915,46,258513
8247,0.001131,74.125.24.0-255,7156,64071,46,258513
8248,0.001135,172.31.46.0-255,66,64137,46,258513
8249,0.001146,172.31.46.0-255,66,64203,46,258513
8250,0.001177,74.125.24.0-255,5738,69941,46,258513
8251,0.001181,172.31.46.0-255,66,70007,46,258513
8252,0.001193,172.31.46.0-255,66,70073,46,258513
8253,0.001467,74.125.24.0-255,1484,71557,46,258513
8254,0.001476,74.125.24.0-255,2902,74459,46,258513
8255,0.001481,172.31.46.0-255,66,74525,46,258513
8256,0.001489,74.125.24.0-255,5738,80263,46,258513
8257,0.001491,172.31.46.0-255,66,80329,46,258513
8258,0.001495,74.125.24.0-255,4320,84649,46,258513
8259,0.001497,172.31.46.0-255,66,84715,46,258513
8260,0.001565,172.31.46.0-255,66,84781,46,258513
8261,0.001576,172.31.46.0-255,66,84847,46,258513
8262,0.002,74.125.24.0-255,1484,86331,46,258513
8263,0.002009,74.125.24.0-255,2902,89233,46,258513
8264,0.002013,172.31.46.0-255,66,89299,46,258513
8265,0.002021,74.125.24.0-255,5738,95037,46,258513
8266,0.002022,172.31.46.0-255,66,95103,46,258513
8267,0.002067,74.125.24.0-255,2902,98005,46,258513
8268,0.002071,172.31.46.0-255,66,98071,46,258513
8269,0.002088,74.125.24.0-255,1484,99555,46,258513
8270,0.002094,74.125.24.0-255,5738,105293,46,258513
8271,0.002096,172.31.46.0-255,66,105359,46,258513
8272,0.002103,74.125.24.0-255,7156,112515,46,258513
8273,0.002105,172.31.46.0-255,66,112581,46,258513
8274,0.002127,74.125.24.0-255,4320,116901,46,258513
8275,0.002129,172.31.46.0-255,66,116967,46,258513
8276,0.002133,74.125.24.0-255,2184,119151,46,258513
8277,0.002135,172.31.46.0-255,66,119217,46,258513
8278,0.004475,74.125.24.0-255,5738,124955,46,258513
8279,0.004487,172.31.46.0-255,66,125021,46,258513
8280,0.006851,74.125.24.0-255,5738,130759,46,258513
8281,0.006862,172.31.46.0-255,66,130825,46,258513
8282,0.009224,74.125.24.0-255,5738,136563,46,258513
8283,0.009236,172.31.46.0-255,66,136629,46,258513
8284,0.011572,74.125.24.0-255,5738,142367,46,258513
8285,0.011581,172.31.46.0-255,66,142433,46,258513
8286,0.01392,74.125.24.0-255,5738,148171,46,258513
8287,0.013931,172.31.46.0-255,66,148237,46,258513
8288,0.016261,74.125.24.0-255,5738,153975,46,258513
8289,0.016273,172.31.46.0-255,66,154041,46,258513
8290,0.01864,74.125.24.0-255,5738,159779,46,258513
8291,0.018654,172.31.46.0-255,66,159845,46,258513
8292,0.021033,74.125.24.0-255,5738,165583,46,258513
8293,0.021046,172.31.46.0-255,66,165649,46,258513
8294,0.023387,74.125.24.0-255,5738,171387,46,258513
8295,0.023394,172.31.46.0-255,66,171453,46,258513
8296,0.025739,74.125.24.0-255,5738,177191,46,258513
8297,0.025752,172.31.46.0-255,66,177257,46,258513
8298,0.028158,74.125.24.0-255,5738,182995,46,258513
8299,0.028169,172.31.46.0-255,66,183061,46,258513
8300,0.030517,74.125.24.0-255,5738,188799,46,258513
8301,0.030529,172.31.46.0-255,66,188865,46,258513
8302,0.032919,74.125.24.0-255,5738,194603,46,258513
8303,0.032931,172.31.46.0-255,66,194669,46,258513
8304,0.035334,74.125.24.0-255,5738,200407,46,258513
8305,0.03535,172.31.46.0-255,66,200473,46,258513
8306,0.037719,74.125.24.0-255,5738,206211,46,258513
8307,0.037732,172.31.46.0-255,66,206277,46,258513
8308,0.040101,74.125.24.0-255,5738,212015,46,258513
8309,0.040111,172.31.46.0-255,66,212081,46,258513
8310,0.042456,74.125.24.0-255,5738,217819,46,258513
8311,0.042475,172.31.46.0-255,66,217885,46,258513
8312,0.04481,74.125.24.0-255,5738,223623,46,258513
8313,0.044823,172.31.46.0-255,66,223689,46,258513
8314,0.047246,74.125.24.0-255,5738,229427,46,258513
8315,0.047261,172.31.46.0-255,66,229493,46,258513
8316,0.049716,74.125.24.0-255,5738,235231,46,258513
8317,0.049732,172.31.46.0-255,66,235297,46,258513
8318,0.052099,74.125.24.0-255,5738,241035,46,258513
8319,0.052116,172.31.46.0-255,66,241101,46,258513
8320,0.054481,74.125.24.0-255,5738,246839,46,258513
8321,0.054496,172.31.46.0-255,66,246905,46,258513
8322,0.056859,74.125.24.0-255,5738,252643,46,258513
8323,0.056893,172.31.46.0-255,66,252709,46,258513
8324,0.05924,74.125.24.0-255,5738,258447,46,258513
8325,0.059253,172.31.46.0-255,66,258513,46,258513
8326,0.0,74.125.24.0-255,153,153,46,275333
8327,2.2e-05,172.31.46.0-255,66,219,46,275333
8328,2.9e-05,74.125.24.0-255,1484,1703,46,275333
8329,3.5e-05,172.31.46.0-255,66,1769,46,275333
8330,4e-05,74.125.24.0-255,2902,4671,46,275333
8331,4.5e-05,172.31.46.0-255,66,4737,46,275333
8332,5.2e-05,74.125.24.0-255,5738,10475,46,275333
8333,5.6e-05,172.31.46.0-255,66,10541,46,275333
8334,7.4e-05,74.125.24.0-255,1484,12025,46,275333
8335,7.7e-05,172.31.46.0-255,66,12091,46,275333
8336,8.6e-05,74.125.24.0-255,5738,17829,46,275333
8337,9e-05,172.31.46.0-255,66,17895,46,275333
8338,0.000112,74.125.24.0-255,4918,22813,46,275333
8339,0.000115,172.31.46.0-255,66,22879,46,275333
8340,0.000147,74.125.24.0-255,7156,30035,46,275333
8341,0.000149,172.31.46.0-255,66,30101,46,275333
8342,0.00017,74.125.24.0-255,1125,31226,46,275333
8343,0.000172,172.31.46.0-255,66,31292,46,275333
8344,0.000189,74.125.24.0-255,1484,32776,46,275333
8345,0.000192,172.31.46.0-255,66,32842,46,275333
8346,0.000196,74.125.24.0-255,2902,35744,46,275333
8347,0.000198,172.31.46.0-255,66,35810,46,275333
8348,0.000228,74.125.24.0-255,5738,41548,46,275333
8349,0.000231,172.31.46.0-255,66,41614,46,275333
8350,0.000237,74.125.24.0-255,5738,47352,46,275333
8351,0.00024,172.31.46.0-255,66,47418,46,275333
8352,0.000243,74.125.24.0-255,1484,48902,46,275333
8353,0.000245,172.31.46.0-255,66,48968,46,275333
8354,0.000281,172.31.46.0-255,66,49034,46,275333
8355,0.000287,74.125.24.0-255,5316,54350,46,275333
8356,0.000289,172.31.46.0-255,66,54416,46,275333
8357,0.00035,74.125.24.0-255,132,54548,46,275333
8358,0.000626,74.125.24.0-255,345,54893,46,275333
8359,0.000747,74.125.24.0-255,1484,56377,46,275333
8360,0.000752,172.31.46.0-255,66,56443,46,275333
8361,0.000758,74.125.24.0-255,2902,59345,46,275333
8362,0.00076,172.31.46.0-255,66,59411,46,275333
8363,0.000792,74.125.24.0-255,5738,65149,46,275333
8364,0.000796,172.31.46.0-255,66,65215,46,275333
8365,0.000814,74.125.24.0-255,2902,68117,46,275333
8366,0.000817,172.31.46.0-255,66,68183,46,275333
8367,0.000836,74.125.24.0-255,3413,71596,46,275333
8368,0.000839,172.31.46.0-255,66,71662,46,275333
8369,0.00125,74.125.24.0-255,1484,73146,46,275333
8370,0.00127,74.125.24.0-255,2902,76048,46,275333
8371,0.001274,172.31.46.0-255,66,76114,46,275333
8372,0.001282,74.125.24.0-255,5738,81852,46,275333
8373,0.001284,172.31.46.0-255,66,81918,46,275333
8374,0.001321,74.125.24.0-255,5738,87656,46,275333
8375,0.001323,172.31.46.0-255,66,87722,46,275333
8376,0.001346,74.125.24.0-255,7156,94878,46,275333
8377,0.001349,172.31.46.0-255,66,94944,46,275333
8378,0.001377,74.125.24.0-255,2902,97846,46,275333
8379,0.00138,172.31.46.0-255,66,97912,46,275333
8380,0.001408,172.31.46.0-255,66,97978,46,275333
8381,0.001819,74.125.24.0-255,1484,99462,46,275333
8382,0.001827,74.125.24.0-255,2902,102364,46,275333
8383,0.001831,172.31.46.0-255,66,102430,46,275333
8384,0.00184,74.125.24.0-255,5738,108168,46,275333
8385,0.001843,172.31.46.0-255,66,108234,46,275333
8386,0.001848,74.125.24.0-255,2902,111136,46,275333
8387,0.00185,172.31.46.0-255,66,111202,46,275333
8388,0.001874,74.125.24.0-255,4320,115522,46,275333
8389,0.001876,172.31.46.0-255,66,115588,46,275333
8390,0.001888,172.31.46.0-255,66,115654,46,275333
8391,0.00191,74.125.24.0-255,5738,121392,46,275333
8392,0.001914,74.125.24.0-255,2184,123576,46,275333
8393,0.001917,172.31.46.0-255,66,123642,46,275333
8394,0.001925,172.31.46.0-255,66,123708,46,275333
8395,0.001995,74.125.24.0-255,1484,125192,46,275333
8396,0.001999,74.125.24.0-255,1484,126676,46,275333
8397,0.002002,172.31.46.0-255,66,126742,46,275333
8398,0.002021,74.125.24.0-255,1484,128226,46,275333
8399,0.002028,74.125.24.0-255,5738,133964,46,275333
8400,0.00203,172.31.46.0-255,66,134030,46,275333
8401,0.002034,74.125.24.0-255,1484,135514,46,275333
8402,0.002076,172.31.46.0-255,66,135580,46,275333
8403,0.002083,74.125.24.0-255,4320,139900,46,275333
8404,0.002085,172.31.46.0-255,66,139966,46,275333
8405,0.002105,74.125.24.0-255,5738,145704,46,275333
8406,0.002108,172.31.46.0-255,66,145770,46,275333
8407,0.002111,74.125.24.0-255,766,146536,46,275333
8408,0.002568,172.31.46.0-255,66,146602,46,275333
8409,0.002785,74.125.24.0-255,1484,148086,46,275333
8410,0.002795,74.125.24.0-255,2902,150988,46,275333
8411,0.002799,172.31.46.0-255,66,151054,46,275333
8412,0.002805,74.125.24.0-255,2902,153956,46,275333
8413,0.002807,172.31.46.0-255,66,154022,46,275333
8414,0.002823,74.125.24.0-255,2902,156924,46,275333
8415,0.002825,172.31.46.0-255,66,156990,46,275333
8416,0.002832,74.125.24.0-255,7156,164146,46,275333
8417,0.002834,172.31.46.0-255,66,164212,46,275333
8418,0.00284,74.125.24.0-255,2902,167114,46,275333
8419,0.002842,172.31.46.0-255,66,167180,46,275333
8420,0.002845,74.125.24.0-255,1484,168664,46,275333
8421,0.002909,74.125.24.0-255,7156,175820,46,275333
8422,0.002912,172.31.46.0-255,66,175886,46,275333
8423,0.002932,74.125.24.0-255,5020,180906,46,275333
8424,0.002934,172.31.46.0-255,66,180972,46,275333
8425,0.003056,74.125.24.0-255,1484,182456,46,275333
8426,0.003063,74.125.24.0-255,2902,185358,46,275333
8427,0.003066,172.31.46.0-255,66,185424,46,275333
8428,0.003072,74.125.24.0-255,2902,188326,46,275333
8429,0.003074,172.31.46.0-255,66,188392,46,275333
8430,0.00309,74.125.24.0-255,2902,191294,46,275333
8431,0.003092,172.31.46.0-255,66,191360,46,275333
8432,0.0031,74.125.24.0-255,7156,198516,46,275333
8433,0.003102,172.31.46.0-255,66,198582,46,275333
8434,0.003119,74.125.24.0-255,5738,204320,46,275333
8435,0.003122,172.31.46.0-255,66,204386,46,275333
8436,0.003128,74.125.24.0-255,4320,208706,46,275333
8437,0.00313,172.31.46.0-255,66,208772,46,275333
8438,0.003157,74.125.24.0-255,6438,215210,46,275333
8439,0.003159,172.31.46.0-255,66,215276,46,275333
8440,0.003344,74.125.24.0-255,1484,216760,46,275333
8441,0.003351,74.125.24.0-255,2902,219662,46,275333
8442,0.003355,172.31.46.0-255,66,219728,46,275333
8443,0.003363,74.125.24.0-255,5738,225466,46,275333
8444,0.003365,172.31.46.0-255,66,225532,46,275333
8445,0.003367,74.125.24.0-255,1484,227016,46,275333
8446,0.003397,172.31.46.0-255,66,227082,46,275333
8447,0.003432,172.31.46.0-255,66,227148,46,275333
8448,0.003452,74.125.24.0-255,2184,229332,46,275333
8449,0.003455,172.31.46.0-255,66,229398,46,275333
8450,0.003459,74.125.24.0-255,2902,232300,46,275333
8451,0.003461,172.31.46.0-255,66,232366,46,275333
8452,0.003477,172.31.46.0-255,66,232432,46,275333
8453,0.003489,172.31.46.0-255,66,232498,46,275333
8454,0.003511,74.125.24.0-255,2902,235400,46,275333
8455,0.003513,172.31.46.0-255,66,235466,46,275333
8456,0.003516,74.125.24.0-255,1484,236950,46,275333
8457,0.003519,172.31.46.0-255,78,237028,46,275333
8458,0.003533,172.31.46.0-255,78,237106,46,275333
8459,0.003555,74.125.24.0-255,2184,239290,46,275333
8460,0.003558,172.31.46.0-255,66,239356,46,275333
8461,0.003564,74.125.24.0-255,5738,245094,46,275333
8462,0.003566,172.31.46.0-255,66,245160,46,275333
8463,0.003582,74.125.24.0-255,5738,250898,46,275333
8464,0.003585,172.31.46.0-255,66,250964,46,275333
8465,0.003605,172.31.46.0-255,66,251030,46,275333
8466,0.003631,74.125.24.0-255,5738,256768,46,275333
8467,0.003655,74.125.24.0-255,2902,259670,46,275333
8468,0.003698,74.125.24.0-255,3602,263272,46,275333
8469,0.003702,74.125.24.0-255,2689,265961,46,275333
8470,0.003745,74.125.24.0-255,105,266066,46,275333
8471,0.003882,172.31.46.0-255,66,266132,46,275333
8472,0.005441,172.31.46.0-255,105,266237,46,275333
8473,0.007505,74.125.24.0-255,66,266303,46,275333
8474,0.034166,172.31.46.0-255,164,266467,46,275333
8475,0.034201,172.31.46.0-255,1128,267595,46,275333
8476,0.03427,172.31.46.0-255,1514,269109,46,275333
8477,0.034272,172.31.46.0-255,1514,270623,46,275333
8478,0.034273,172.31.46.0-255,1514,272137,46,275333
8479,0.034279,172.31.46.0-255,1514,273651,46,275333
8480,0.03428,172.31.46.0-255,1484,275135,46,275333
8481,0.035828,104.244.42.0-255,66,275201,46,275333
8482,0.035889,104.244.42.0-255,66,275267,46,275333
8483,0.035947,104.244.42.0-255,66,275333,46,275333
8484,0.0,172.217.194.0-255,153,153,46,183420
8485,2e-05,172.31.46.0-255,66,219,46,183420
8486,2.7e-05,172.217.194.0-255,1484,1703,46,183420
8487,3.1e-05,172.31.46.0-255,66,1769,46,183420
8488,3.7e-05,172.217.194.0-255,2902,4671,46,183420
8489,4e-05,172.31.46.0-255,66,4737,46,183420
8490,4.8e-05,172.217.194.0-255,7156,11893,46,183420
8491,5e-05,172.31.46.0-255,66,11959,46,183420
8492,7e-05,172.217.194.0-255,4320,16279,46,183420
8493,7.3e-05,172.31.46.0-255,66,16345,46,183420
8494,0.000109,172.31.46.0-255,66,16411,46,183420
8495,0.000114,172.217.194.0-255,2543,18954,46,183420
8496,0.000116,172.31.46.0-255,66,19020,46,183420
8497,0.000121,172.217.194.0-255,2902,21922,46,183420
8498,0.000123,172.31.46.0-255,66,21988,46,183420
8499,0.000155,172.217.194.0-255,7156,29144,46,183420
8500,0.000158,172.31.46.0-255,66,29210,46,183420
8501,0.00018,172.217.194.0-255,5738,34948,46,183420
8502,0.000182,172.31.46.0-255,66,35014,46,183420
8503,0.000199,172.217.194.0-255,1125,36139,46,183420
8504,0.000201,172.31.46.0-255,66,36205,46,183420
8505,0.000225,172.217.194.0-255,1484,37689,46,183420
8506,0.000228,172.31.46.0-255,66,37755,46,183420
8507,0.000248,172.217.194.0-255,2902,40657,46,183420
8508,0.00025,172.31.46.0-255,66,40723,46,183420
8509,0.000272,172.217.194.0-255,5738,46461,46,183420
8510,0.000275,172.31.46.0-255,66,46527,46,183420
8511,0.00028,172.217.194.0-255,4320,50847,46,183420
8512,0.000282,172.31.46.0-255,66,50913,46,183420
8513,0.000295,172.217.194.0-255,2543,53456,46,183420
8514,0.000297,172.31.46.0-255,66,53522,46,183420
8515,0.0003,172.217.194.0-255,361,53883,46,183420
8516,0.000644,172.217.194.0-255,381,54264,46,183420
8517,0.000947,172.217.194.0-255,1484,55748,46,183420
8518,0.000952,172.217.194.0-255,2902,58650,46,183420
8519,0.000956,172.217.194.0-255,2902,61552,46,183420
8520,0.000962,172.31.46.0-255,66,61618,46,183420
8521,0.000966,172.31.46.0-255,66,61684,46,183420
8522,0.000969,172.31.46.0-255,66,61750,46,183420
8523,0.000978,172.217.194.0-255,2902,64652,46,183420
8524,0.00098,172.31.46.0-255,66,64718,46,183420
8525,0.000983,172.217.194.0-255,1484,66202,46,183420
8526,0.001026,172.31.46.0-255,66,66268,46,183420
8527,0.001039,172.31.46.0-255,66,66334,46,183420
8528,0.001371,172.217.194.0-255,1484,67818,46,183420
8529,0.001377,172.217.194.0-255,2902,70720,46,183420
8530,0.00138,172.31.46.0-255,66,70786,46,183420
8531,0.001386,172.217.194.0-255,2902,73688,46,183420
8532,0.001388,172.31.46.0-255,66,73754,46,183420
8533,0.001403,172.217.194.0-255,2902,76656,46,183420
8534,0.001405,172.31.46.0-255,66,76722,46,183420
8535,0.001443,172.217.194.0-255,7156,83878,46,183420
8536,0.001446,172.31.46.0-255,66,83944,46,183420
8537,0.001468,172.217.194.0-255,5738,89682,46,183420
8538,0.001481,172.31.46.0-255,66,89748,46,183420
8539,0.001484,172.31.46.0-255,66,89814,46,183420
8540,0.001967,172.217.194.0-255,1484,91298,46,183420
8541,0.001977,172.217.194.0-255,2902,94200,46,183420
8542,0.001981,172.31.46.0-255,66,94266,46,183420
8543,0.002003,172.217.194.0-255,4320,98586,46,183420
8544,0.002005,172.31.46.0-255,66,98652,46,183420
8545,0.00203,172.217.194.0-255,5738,104390,46,183420
8546,0.002033,172.31.46.0-255,66,104456,46,183420
8547,0.002052,172.217.194.0-255,4320,108776,46,183420
8548,0.002055,172.31.46.0-255,66,108842,46,183420
8549,0.002068,172.217.194.0-255,2902,111744,46,183420
8550,0.00207,172.31.46.0-255,66,111810,46,183420
8551,0.002074,172.217.194.0-255,2902,114712,46,183420
8552,0.002076,172.31.46.0-255,66,114778,46,183420
8553,0.002114,172.31.46.0-255,66,114844,46,183420
8554,0.002548,172.217.194.0-255,1484,116328,46,183420
8555,0.002556,172.217.194.0-255,2902,119230,46,183420
8556,0.00256,172.31.46.0-255,66,119296,46,183420
8557,0.002583,172.217.194.0-255,5738,125034,46,183420
8558,0.002585,172.31.46.0-255,66,125100,46,183420
8559,0.002603,172.217.194.0-255,4320,129420,46,183420
8560,0.002605,172.31.46.0-255,66,129486,46,183420
8561,0.002629,172.31.46.0-255,66,129552,46,183420
8562,0.002635,172.217.194.0-255,5738,135290,46,183420
8563,0.002637,172.31.46.0-255,66,135356,46,183420
8564,0.002654,172.217.194.0-255,1484,136840,46,183420
8565,0.002698,172.31.46.0-255,66,136906,46,183420
8566,0.002713,172.31.46.0-255,66,136972,46,183420
8567,0.002739,172.217.194.0-255,6438,143410,46,183420
8568,0.002741,172.31.46.0-255,66,143476,46,183420
8569,0.002764,172.217.194.0-255,7156,150632,46,183420
8570,0.002766,172.31.46.0-255,66,150698,46,183420
8571,0.002803,172.31.46.0-255,66,150764,46,183420
8572,0.002822,172.217.194.0-255,4320,155084,46,183420
8573,0.002824,172.31.46.0-255,66,155150,46,183420
8574,0.002828,172.217.194.0-255,2902,158052,46,183420
8575,0.002832,172.31.46.0-255,66,158118,46,183420
8576,0.002864,172.31.46.0-255,66,158184,46,183420
8577,0.00288,172.31.46.0-255,66,158250,46,183420
8578,0.002886,172.217.194.0-255,4320,162570,46,183420
8579,0.002889,172.31.46.0-255,66,162636,46,183420
8580,0.002916,172.217.194.0-255,7156,169792,46,183420
8581,0.002918,172.31.46.0-255,66,169858,46,183420
8582,0.002959,172.217.194.0-255,1484,171342,46,183420
8583,0.002985,172.31.46.0-255,66,171408,46,183420
8584,0.002997,172.31.46.0-255,66,171474,46,183420
8585,0.003011,172.31.46.0-255,66,171540,46,183420
8586,0.003045,172.31.46.0-255,66,171606,46,183420
8587,0.003061,172.31.46.0-255,66,171672,46,183420
8588,0.003091,172.31.46.0-255,66,171738,46,183420
8589,0.003117,172.217.194.0-255,2135,173873,46,183420
8590,0.003121,172.31.46.0-255,66,173939,46,183420
8591,0.003124,172.217.194.0-255,105,174044,46,183420
8592,0.006791,172.31.46.0-255,101,174145,46,183420
8593,0.008852,172.217.194.0-255,66,174211,46,183420
8594,0.01064,172.31.46.0-255,105,174316,46,183420
8595,0.012702,172.217.194.0-255,66,174382,46,183420
8596,0.034301,172.31.46.0-255,172,174554,46,183420
8597,0.034339,172.31.46.0-255,1119,175673,46,183420
8598,0.034416,172.31.46.0-255,1514,177187,46,183420
8599,0.034418,172.31.46.0-255,1514,178701,46,183420
8600,0.034423,172.31.46.0-255,1514,180215,46,183420
8601,0.034424,172.31.46.0-255,1514,181729,46,183420
8602,0.034442,172.31.46.0-255,1493,183222,46,183420
8603,0.035905,104.244.42.0-255,66,183288,46,183420
8604,0.035918,104.244.42.0-255,66,183354,46,183420
8605,0.036004,104.244.42.0-255,66,183420,46,183420
8606,0.0,172.217.194.0-255,152,152,46,193506
8607,2.2e-05,172.31.46.0-255,66,218,46,193506
8608,2.8e-05,172.217.194.0-255,1484,1702,46,193506
8609,3.1e-05,172.31.46.0-255,66,1768,46,193506
8610,3.7e-05,172.217.194.0-255,2902,4670,46,193506
8611,3.9e-05,172.31.46.0-255,66,4736,46,193506
8612,4.4e-05,172.217.194.0-255,4320,9056,46,193506
8613,4.7e-05,172.31.46.0-255,66,9122,46,193506
8614,7.2e-05,172.217.194.0-255,2902,12024,46,193506
8615,7.5e-05,172.31.46.0-255,66,12090,46,193506
8616,7.8e-05,172.217.194.0-255,2038,14128,46,193506
8617,8e-05,172.31.46.0-255,66,14194,46,193506
8618,8.4e-05,172.217.194.0-255,2902,17096,46,193506
8619,8.6e-05,172.31.46.0-255,66,17162,46,193506
8620,0.00012,172.31.46.0-255,66,17228,46,193506
8621,0.000125,172.217.194.0-255,5379,22607,46,193506
8622,0.000127,172.31.46.0-255,66,22673,46,193506
8623,0.00027,172.217.194.0-255,1484,24157,46,193506
8624,0.000275,172.31.46.0-255,66,24223,46,193506
8625,0.000279,172.217.194.0-255,1484,25707,46,193506
8626,0.000281,172.31.46.0-255,66,25773,46,193506
8627,0.000293,172.217.194.0-255,1484,27257,46,193506
8628,0.000295,172.31.46.0-255,66,27323,46,193506
8629,0.000302,172.217.194.0-255,5738,33061,46,193506
8630,0.000304,172.31.46.0-255,66,33127,46,193506
8631,0.000324,172.217.194.0-255,4320,37447,46,193506
8632,0.000326,172.31.46.0-255,66,37513,46,193506
8633,0.000348,172.217.194.0-255,1484,38997,46,193506
8634,0.00035,172.31.46.0-255,66,39063,46,193506
8635,0.000374,172.31.46.0-255,66,39129,46,193506
8636,0.000379,172.217.194.0-255,2902,42031,46,193506
8637,0.000381,172.31.46.0-255,66,42097,46,193506
8638,0.000418,172.217.194.0-255,1484,43581,46,193506
8639,0.00044,172.217.194.0-255,2853,46434,46,193506
8640,0.000443,172.31.46.0-255,66,46500,46,193506
8641,0.000445,172.217.194.0-255,376,46876,46,193506
8642,0.000651,172.217.194.0-255,1484,48360,46,193506
8643,0.000655,172.31.46.0-255,66,48426,46,193506
8644,0.000671,172.217.194.0-255,2902,51328,46,193506
8645,0.000673,172.31.46.0-255,66,51394,46,193506
8646,0.000676,172.217.194.0-255,1484,52878,46,193506
8647,0.000703,172.217.194.0-255,4320,57198,46,193506
8648,0.000705,172.31.46.0-255,66,57264,46,193506
8649,0.000712,172.217.194.0-255,7156,64420,46,193506
8650,0.000714,172.31.46.0-255,66,64486,46,193506
8651,0.000717,172.217.194.0-255,1484,65970,46,193506
8652,0.000744,172.31.46.0-255,66,66036,46,193506
8653,0.000765,172.217.194.0-255,4320,70356,46,193506
8654,0.000768,172.31.46.0-255,66,70422,46,193506
8655,0.000771,172.217.194.0-255,2184,72606,46,193506
8656,0.000773,172.31.46.0-255,66,72672,46,193506
8657,0.000874,172.217.194.0-255,1484,74156,46,193506
8658,0.000877,172.217.194.0-255,1484,75640,46,193506
8659,0.00088,172.31.46.0-255,66,75706,46,193506
8660,0.0009,172.217.194.0-255,1484,77190,46,193506
8661,0.000907,172.217.194.0-255,5738,82928,46,193506
8662,0.000909,172.31.46.0-255,66,82994,46,193506
8663,0.000912,172.217.194.0-255,2902,85896,46,193506
8664,0.000914,172.31.46.0-255,66,85962,46,193506
8665,0.000936,172.217.194.0-255,5738,91700,46,193506
8666,0.000938,172.31.46.0-255,66,91766,46,193506
8667,0.000952,172.217.194.0-255,4320,96086,46,193506
8668,0.000954,172.31.46.0-255,66,96152,46,193506
8669,0.000959,172.217.194.0-255,5738,101890,46,193506
8670,0.000961,172.31.46.0-255,66,101956,46,193506
8671,0.000983,172.217.194.0-255,2902,104858,46,193506
8672,0.000985,172.31.46.0-255,66,104924,46,193506
8673,0.000989,172.217.194.0-255,2184,107108,46,193506
8674,0.000991,172.31.46.0-255,66,107174,46,193506
8675,0.001014,172.217.194.0-255,2902,110076,46,193506
8676,0.001017,172.31.46.0-255,66,110142,46,193506
8677,0.001033,172.217.194.0-255,5738,115880,46,193506
8678,0.001035,172.31.46.0-255,66,115946,46,193506
8679,0.001057,172.217.194.0-255,1484,117430,46,193506
8680,0.001063,172.217.194.0-255,4320,121750,46,193506
8681,0.001066,172.31.46.0-255,66,121816,46,193506
8682,0.00109,172.217.194.0-255,7156,128972,46,193506
8683,0.001093,172.31.46.0-255,66,129038,46,193506
8684,0.001098,172.217.194.0-255,4320,133358,46,193506
8685,0.0011,172.31.46.0-255,66,133424,46,193506
8686,0.00112,172.31.46.0-255,66,133490,46,193506
8687,0.001609,172.217.194.0-255,1484,134974,46,193506
8688,0.001613,172.217.194.0-255,1484,136458,46,193506
8689,0.001616,172.31.46.0-255,66,136524,46,193506
8690,0.001635,172.217.194.0-255,1484,138008,46,193506
8691,0.001641,172.217.194.0-255,5738,143746,46,193506
8692,0.001644,172.31.46.0-255,66,143812,46,193506
8693,0.00165,172.217.194.0-255,5738,149550,46,193506
8694,0.001651,172.31.46.0-255,66,149616,46,193506
8695,0.001692,172.31.46.0-255,66,149682,46,193506
8696,0.001696,172.217.194.0-255,2902,152584,46,193506
8697,0.001698,172.31.46.0-255,66,152650,46,193506
8698,0.001735,172.31.46.0-255,66,152716,46,193506
8699,0.001747,172.31.46.0-255,66,152782,46,193506
8700,0.001782,172.31.46.0-255,66,152848,46,193506
8701,0.001802,172.217.194.0-255,3602,156450,46,193506
8702,0.001804,172.31.46.0-255,66,156516,46,193506
8703,0.001807,172.217.194.0-255,1484,158000,46,193506
8704,0.001811,172.217.194.0-255,2902,160902,46,193506
8705,0.001813,172.31.46.0-255,66,160968,46,193506
8706,0.001819,172.217.194.0-255,5738,166706,46,193506
8707,0.00182,172.31.46.0-255,66,166772,46,193506
8708,0.001889,172.31.46.0-255,66,166838,46,193506
8709,0.0019,172.31.46.0-255,66,166904,46,193506
8710,0.001921,172.217.194.0-255,4320,171224,46,193506
8711,0.001924,172.31.46.0-255,66,171290,46,193506
8712,0.001962,172.31.46.0-255,66,171356,46,193506
8713,0.001982,172.217.194.0-255,3602,174958,46,193506
8714,0.001984,172.217.194.0-255,1484,176442,46,193506
8715,0.001988,172.31.46.0-255,66,176508,46,193506
8716,0.002022,172.31.46.0-255,66,176574,46,193506
8717,0.002055,172.31.46.0-255,66,176640,46,193506
8718,0.002063,172.217.194.0-255,7156,183796,46,193506
8719,0.002066,172.31.46.0-255,66,183862,46,193506
8720,0.002101,172.31.46.0-255,66,183928,46,193506
8721,0.002127,172.31.46.0-255,66,183994,46,193506
8722,0.002148,172.31.46.0-255,66,184060,46,193506
8723,0.002159,172.31.46.0-255,66,184126,46,193506
8724,0.002162,172.217.194.0-255,105,184231,46,193506
8725,0.003831,172.31.46.0-255,66,184297,46,193506
8726,0.003863,172.31.46.0-255,105,184402,46,193506
8727,0.006536,172.217.194.0-255,66,184468,46,193506
8728,0.033183,172.31.46.0-255,172,184640,46,193506
8729,0.033213,172.31.46.0-255,1118,185758,46,193506
8730,0.033273,172.31.46.0-255,1514,187272,46,193506
8731,0.033274,172.31.46.0-255,1514,188786,46,193506
8732,0.033276,172.31.46.0-255,1514,190300,46,193506
8733,0.033279,172.31.46.0-255,1514,191814,46,193506
8734,0.03328,172.31.46.0-255,1494,193308,46,193506
8735,0.034895,104.244.42.0-255,66,193374,46,193506
8736,0.034906,104.244.42.0-255,66,193440,46,193506
8737,0.034927,104.244.42.0-255,66,193506,46,193506
8738,0.0,74.125.68.0-255,150,150,46,343126
8739,1.3e-05,172.31.46.0-255,66,216,46,343126
8740,2.9e-05,74.125.68.0-255,1484,1700,46,343126
8741,3.3e-05,172.31.46.0-255,66,1766,46,343126
8742,3.6e-05,74.125.68.0-255,1484,3250,46,343126
8743,3.8e-05,172.31.46.0-255,66,3316,46,343126
8744,6e-05,74.125.68.0-255,1484,4800,46,343126
8745,6.2e-05,172.31.46.0-255,66,4866,46,343126
8746,6.9e-05,74.125.68.0-255,5738,10604,46,343126
8747,7.1e-05,172.31.46.0-255,66,10670,46,343126
8748,9.4e-05,74.125.68.0-255,1484,12154,46,343126
8749,9.6e-05,172.31.46.0-255,66,12220,46,343126
8750,0.000109,74.125.68.0-255,2063,14283,46,343126
8751,0.000111,172.31.46.0-255,66,14349,46,343126
8752,0.000157,74.125.68.0-255,1484,15833,46,343126
8753,0.000159,172.31.46.0-255,66,15899,46,343126
8754,0.000164,74.125.68.0-255,2902,18801,46,343126
8755,0.000166,172.31.46.0-255,66,18867,46,343126
8756,0.000176,74.125.68.0-255,1484,20351,46,343126
8757,0.000178,172.31.46.0-255,66,20417,46,343126
8758,0.000195,74.125.68.0-255,4320,24737,46,343126
8759,0.000198,172.31.46.0-255,66,24803,46,343126
8760,0.000203,74.125.68.0-255,5738,30541,46,343126
8761,0.000205,172.31.46.0-255,66,30607,46,343126
8762,0.000229,74.125.68.0-255,1125,31732,46,343126
8763,0.000231,172.31.46.0-255,66,31798,46,343126
8764,0.000236,74.125.68.0-255,2902,34700,46,343126
8765,0.000237,172.31.46.0-255,66,34766,46,343126
8766,0.00024,74.125.68.0-255,1484,36250,46,343126
8767,0.000242,172.31.46.0-255,66,36316,46,343126
8768,0.000254,74.125.68.0-255,2902,39218,46,343126
8769,0.000256,172.31.46.0-255,66,39284,46,343126
8770,0.000261,74.125.68.0-255,2902,42186,46,343126
8771,0.000264,172.31.46.0-255,66,42252,46,343126
8772,0.000285,74.125.68.0-255,5738,47990,46,343126
8773,0.000287,172.31.46.0-255,66,48056,46,343126
8774,0.00029,74.125.68.0-255,1125,49181,46,343126
8775,0.000345,74.125.68.0-255,1484,50665,46,343126
8776,0.000348,172.31.46.0-255,66,50731,46,343126
8777,0.000351,74.125.68.0-255,1484,52215,46,343126
8778,0.000365,74.125.68.0-255,1484,53699,46,343126
8779,0.000367,172.31.46.0-255,66,53765,46,343126
8780,0.000386,74.125.68.0-255,5738,59503,46,343126
8781,0.000388,172.31.46.0-255,66,59569,46,343126
8782,0.000402,74.125.68.0-255,2902,62471,46,343126
8783,0.000403,172.31.46.0-255,66,62537,46,343126
8784,0.00042,74.125.68.0-255,3961,66498,46,343126
8785,0.000422,172.31.46.0-255,66,66564,46,343126
8786,0.000472,74.125.68.0-255,645,67209,46,343126
8787,0.000504,74.125.68.0-255,1484,68693,46,343126
8788,0.000507,172.31.46.0-255,66,68759,46,343126
8789,0.000523,74.125.68.0-255,4320,73079,46,343126
8790,0.000526,172.31.46.0-255,66,73145,46,343126
8791,0.000528,74.125.68.0-255,1484,74629,46,343126
8792,0.000551,74.125.68.0-255,1484,76113,46,343126
8793,0.000554,172.31.46.0-255,66,76179,46,343126
8794,0.000559,74.125.68.0-255,4320,80499,46,343126
8795,0.000561,172.31.46.0-255,66,80565,46,343126
8796,0.000564,74.125.68.0-255,1484,82049,46,343126
8797,0.000584,74.125.68.0-255,7156,89205,46,343126
8798,0.000587,172.31.46.0-255,66,89271,46,343126
8799,0.000613,172.31.46.0-255,66,89337,46,343126
8800,0.000637,74.125.68.0-255,2184,91521,46,343126
8801,0.00064,172.31.46.0-255,66,91587,46,343126
8802,0.000881,74.125.68.0-255,1484,93071,46,343126
8803,0.000898,74.125.68.0-255,1484,94555,46,343126
8804,0.000901,172.31.46.0-255,66,94621,46,343126
8805,0.000907,74.125.68.0-255,2902,97523,46,343126
8806,0.000909,172.31.46.0-255,66,97589,46,343126
8807,0.000915,74.125.68.0-255,4320,101909,46,343126
8808,0.000917,172.31.46.0-255,66,101975,46,343126
8809,0.000931,74.125.68.0-255,1484,103459,46,343126
8810,0.000942,74.125.68.0-255,1484,104943,46,343126
8811,0.000944,172.31.46.0-255,66,105009,46,343126
8812,0.000967,74.125.68.0-255,7156,112165,46,343126
8813,0.000969,172.31.46.0-255,66,112231,46,343126
8814,0.000976,74.125.68.0-255,5738,117969,46,343126
8815,0.000979,172.31.46.0-255,66,118035,46,343126
8816,0.001003,74.125.68.0-255,4320,122355,46,343126
8817,0.001007,172.31.46.0-255,66,122421,46,343126
8818,0.001012,74.125.68.0-255,3602,126023,46,343126
8819,0.001014,172.31.46.0-255,66,126089,46,343126
8820,0.001095,74.125.68.0-255,1484,127573,46,343126
8821,0.001121,74.125.68.0-255,2902,130475,46,343126
8822,0.001127,74.125.68.0-255,5738,136213,46,343126
8823,0.001131,172.31.46.0-255,66,136279,46,343126
8824,0.001135,172.31.46.0-255,66,136345,46,343126
8825,0.001144,74.125.68.0-255,2902,139247,46,343126
8826,0.001146,172.31.46.0-255,66,139313,46,343126
8827,0.001176,74.125.68.0-255,4320,143633,46,343126
8828,0.001179,172.31.46.0-255,66,143699,46,343126
8829,0.001189,172.31.46.0-255,66,143765,46,343126
8830,0.001192,74.125.68.0-255,1484,145249,46,343126
8831,0.001208,74.125.68.0-255,2902,148151,46,343126
8832,0.001211,172.31.46.0-255,66,148217,46,343126
8833,0.001265,74.125.68.0-255,3602,151819,46,343126
8834,0.001267,172.31.46.0-255,66,151885,46,343126
8835,0.001331,74.125.68.0-255,1484,153369,46,343126
8836,0.001349,74.125.68.0-255,2902,156271,46,343126
8837,0.001352,172.31.46.0-255,66,156337,46,343126
8838,0.001357,74.125.68.0-255,4320,160657,46,343126
8839,0.001359,172.31.46.0-255,66,160723,46,343126
8840,0.001374,74.125.68.0-255,2902,163625,46,343126
8841,0.001377,172.31.46.0-255,66,163691,46,343126
8842,0.001403,74.125.68.0-255,5738,169429,46,343126
8843,0.001406,172.31.46.0-255,66,169495,46,343126
8844,0.001412,74.125.68.0-255,5738,175233,46,343126
8845,0.001414,172.31.46.0-255,66,175299,46,343126
8846,0.001421,74.125.68.0-255,5738,181037,46,343126
8847,0.001424,172.31.46.0-255,66,181103,46,343126
8848,0.001446,74.125.68.0-255,1484,182587,46,343126
8849,0.001453,74.125.68.0-255,3602,186189,46,343126
8850,0.001455,172.31.46.0-255,66,186255,46,343126
8851,0.001575,74.125.68.0-255,1484,187739,46,343126
8852,0.001581,74.125.68.0-255,2902,190641,46,343126
8853,0.001583,172.31.46.0-255,66,190707,46,343126
8854,0.001587,74.125.68.0-255,1484,192191,46,343126
8855,0.001608,74.125.68.0-255,4320,196511,46,343126
8856,0.00161,172.31.46.0-255,66,196577,46,343126
8857,0.001615,74.125.68.0-255,2902,199479,46,343126
8858,0.001617,172.31.46.0-255,66,199545,46,343126
8859,0.001622,74.125.68.0-255,2902,202447,46,343126
8860,0.001624,172.31.46.0-255,66,202513,46,343126
8861,0.00165,74.125.68.0-255,1484,203997,46,343126
8862,0.001661,172.31.46.0-255,66,204063,46,343126
8863,0.001668,74.125.68.0-255,5738,209801,46,343126
8864,0.00167,172.31.46.0-255,66,209867,46,343126
8865,0.001684,74.125.68.0-255,1484,211351,46,343126
8866,0.001689,74.125.68.0-255,4320,215671,46,343126
8867,0.001691,172.31.46.0-255,66,215737,46,343126
8868,0.001715,74.125.68.0-255,3602,219339,46,343126
8869,0.001717,172.31.46.0-255,66,219405,46,343126
8870,0.001729,74.125.68.0-255,5738,225143,46,343126
8871,0.001732,172.31.46.0-255,66,225209,46,343126
8872,0.001739,74.125.68.0-255,7156,232365,46,343126
8873,0.001741,172.31.46.0-255,66,232431,46,343126
8874,0.001772,172.31.46.0-255,66,232497,46,343126
8875,0.001794,74.125.68.0-255,3602,236099,46,343126
8876,0.001797,172.31.46.0-255,66,236165,46,343126
8877,0.001862,74.125.68.0-255,1484,237649,46,343126
8878,0.001868,74.125.68.0-255,2902,240551,46,343126
8879,0.001871,172.31.46.0-255,66,240617,46,343126
8880,0.001891,74.125.68.0-255,5738,246355,46,343126
8881,0.001894,172.31.46.0-255,66,246421,46,343126
8882,0.001919,74.125.68.0-255,1484,247905,46,343126
8883,0.001944,74.125.68.0-255,7156,255061,46,343126
8884,0.001946,172.31.46.0-255,66,255127,46,343126
8885,0.001954,74.125.68.0-255,7156,262283,46,343126
8886,0.001957,172.31.46.0-255,66,262349,46,343126
8887,0.001971,74.125.68.0-255,2902,265251,46,343126
8888,0.001975,172.31.46.0-255,66,265317,46,343126
8889,0.001986,74.125.68.0-255,5020,270337,46,343126
8890,0.001988,172.31.46.0-255,66,270403,46,343126
8891,0.002064,74.125.68.0-255,1484,271887,46,343126
8892,0.002078,74.125.68.0-255,2902,274789,46,343126
8893,0.002081,172.31.46.0-255,66,274855,46,343126
8894,0.002119,74.125.68.0-255,2902,277757,46,343126
8895,0.002122,172.31.46.0-255,66,277823,46,343126
8896,0.002126,74.125.68.0-255,1484,279307,46,343126
8897,0.002139,74.125.68.0-255,2902,282209,46,343126
8898,0.002142,172.31.46.0-255,66,282275,46,343126
8899,0.002165,74.125.68.0-255,4320,286595,46,343126
8900,0.002167,172.31.46.0-255,66,286661,46,343126
8901,0.002189,74.125.68.0-255,4320,290981,46,343126
8902,0.002192,172.31.46.0-255,66,291047,46,343126
8903,0.002197,74.125.68.0-255,4320,295367,46,343126
8904,0.002199,172.31.46.0-255,66,295433,46,343126
8905,0.002214,74.125.68.0-255,2902,298335,46,343126
8906,0.002216,172.31.46.0-255,66,298401,46,343126
8907,0.002289,74.125.68.0-255,2902,301303,46,343126
8908,0.002299,172.31.46.0-255,66,301369,46,343126
8909,0.002316,74.125.68.0-255,5738,307107,46,343126
8910,0.002322,74.125.68.0-255,6438,313545,46,343126
8911,0.00783,172.31.46.0-255,66,313611,46,343126
8912,0.007836,172.31.46.0-255,66,313677,46,343126
8913,0.007839,172.31.46.0-255,66,313743,46,343126
8914,0.007842,172.31.46.0-255,66,313809,46,343126
8915,0.010141,74.125.68.0-255,5738,319547,46,343126
8916,0.010147,172.31.46.0-255,66,319613,46,343126
8917,0.012424,74.125.68.0-255,5738,325351,46,343126
8918,0.012432,172.31.46.0-255,66,325417,46,343126
8919,0.014699,74.125.68.0-255,5738,331155,46,343126
8920,0.014707,172.31.46.0-255,66,331221,46,343126
8921,0.01698,74.125.68.0-255,2456,333677,46,343126
8922,0.016988,172.31.46.0-255,66,333743,46,343126
8923,0.01888,172.31.46.0-255,105,333848,46,343126
8924,0.021111,74.125.68.0-255,66,333914,46,343126
8925,0.034936,172.31.46.0-255,172,334086,46,343126
8926,0.034973,172.31.46.0-255,1114,335200,46,343126
8927,0.035038,172.31.46.0-255,1514,336714,46,343126
8928,0.03504,172.31.46.0-255,1514,338228,46,343126
8929,0.035041,172.31.46.0-255,1514,339742,46,343126
8930,0.035042,172.31.46.0-255,1514,341256,46,343126
8931,0.035068,172.31.46.0-255,1498,342754,46,343126
8932,0.036471,104.244.42.0-255,66,342820,46,343126
8933,0.036534,104.244.42.0-255,66,342886,46,343126
8934,0.036628,104.244.42.0-255,66,342952,46,343126
8935,0.037405,104.244.42.0-255,108,343060,46,343126
8936,0.037415,172.31.46.0-255,66,343126,46,343126
8937,0.0,74.125.130.0-255,146,146,46,269764
8938,1.3e-05,172.31.46.0-255,66,212,46,269764
8939,3.6e-05,74.125.130.0-255,1484,1696,46,269764
8940,4e-05,172.31.46.0-255,66,1762,46,269764
8941,7e-05,74.125.130.0-255,2902,4664,46,269764
8942,7.2e-05,172.31.46.0-255,66,4730,46,269764
8943,0.000105,74.125.130.0-255,1484,6214,46,269764
8944,0.000108,172.31.46.0-255,66,6280,46,269764
8945,0.000123,74.125.130.0-255,1484,7764,46,269764
8946,0.000125,172.31.46.0-255,66,7830,46,269764
8947,0.000142,74.125.130.0-255,2902,10732,46,269764
8948,0.000144,172.31.46.0-255,66,10798,46,269764
8949,0.000154,74.125.130.0-255,1484,12282,46,269764
8950,0.000157,172.31.46.0-255,66,12348,46,269764
8951,0.000222,74.125.130.0-255,3461,15809,46,269764
8952,0.000225,172.31.46.0-255,66,15875,46,269764
8953,0.000288,74.125.130.0-255,1484,17359,46,269764
8954,0.00029,172.31.46.0-255,66,17425,46,269764
8955,0.000316,172.31.46.0-255,66,17491,46,269764
8956,0.000477,74.125.130.0-255,2902,20393,46,269764
8957,0.000481,172.31.46.0-255,66,20459,46,269764
8958,0.000515,74.125.130.0-255,2543,23002,46,269764
8959,0.000517,172.31.46.0-255,66,23068,46,269764
8960,0.000567,74.125.130.0-255,1484,24552,46,269764
8961,0.00057,172.31.46.0-255,66,24618,46,269764
8962,0.000592,74.125.130.0-255,5738,30356,46,269764
8963,0.000595,172.31.46.0-255,66,30422,46,269764
8964,0.000696,74.125.130.0-255,1484,31906,46,269764
8965,0.000699,172.31.46.0-255,66,31972,46,269764
8966,0.00073,172.31.46.0-255,66,32038,46,269764
8967,0.000741,74.125.130.0-255,1125,33163,46,269764
8968,0.000869,172.31.46.0-255,66,33229,46,269764
8969,0.00098,74.125.130.0-255,5738,38967,46,269764
8970,0.001001,74.125.130.0-255,5629,44596,46,269764
8971,0.00115,74.125.130.0-255,119,44715,46,269764
8972,0.001174,74.125.130.0-255,1484,46199,46,269764
8973,0.001188,74.125.130.0-255,1484,47683,46,269764
8974,0.001204,74.125.130.0-255,5738,53421,46,269764
8975,0.001215,74.125.130.0-255,4320,57741,46,269764
8976,0.001416,74.125.130.0-255,1484,59225,46,269764
8977,0.001428,74.125.130.0-255,2902,62127,46,269764
8978,0.001496,74.125.130.0-255,2902,65029,46,269764
8979,0.001879,74.125.130.0-255,4320,69349,46,269764
8980,0.001958,74.125.130.0-255,5738,75087,46,269764
8981,0.002528,74.125.130.0-255,1484,76571,46,269764
8982,0.003125,74.125.130.0-255,7156,83727,46,269764
8983,0.003176,74.125.130.0-255,5738,89465,46,269764
8984,0.003197,74.125.130.0-255,3602,93067,46,269764
8985,0.003629,74.125.130.0-255,1484,94551,46,269764
8986,0.003641,74.125.130.0-255,2902,97453,46,269764
8987,0.003684,74.125.130.0-255,4320,101773,46,269764
8988,0.0037,74.125.130.0-255,7156,108929,46,269764
8989,0.003713,74.125.130.0-255,5738,114667,46,269764
8990,0.003729,74.125.130.0-255,5738,120405,46,269764
8991,0.00374,74.125.130.0-255,2902,123307,46,269764
8992,0.003748,74.125.130.0-255,1484,124791,46,269764
8993,0.003759,74.125.130.0-255,2902,127693,46,269764
8994,0.00377,74.125.130.0-255,4320,132013,46,269764
8995,0.003783,74.125.130.0-255,4320,136333,46,269764
8996,0.005483,172.31.46.0-255,66,136399,46,269764
8997,0.007962,74.125.130.0-255,5738,142137,46,269764
8998,0.007969,172.31.46.0-255,66,142203,46,269764
8999,0.010466,74.125.130.0-255,1484,143687,46,269764
9000,0.01049,74.125.130.0-255,4320,148007,46,269764
9001,0.010495,172.31.46.0-255,66,148073,46,269764
9002,0.012963,74.125.130.0-255,5738,153811,46,269764
9003,0.013577,172.31.46.0-255,66,153877,46,269764
9004,0.01605,74.125.130.0-255,5738,159615,46,269764
9005,0.016062,172.31.46.0-255,66,159681,46,269764
9006,0.018527,74.125.130.0-255,2902,162583,46,269764
9007,0.018534,172.31.46.0-255,66,162649,46,269764
9008,0.018558,74.125.130.0-255,2902,165551,46,269764
9009,0.018578,172.31.46.0-255,66,165617,46,269764
9010,0.021033,74.125.130.0-255,2902,168519,46,269764
9011,0.02104,172.31.46.0-255,66,168585,46,269764
9012,0.02106,74.125.130.0-255,2902,171487,46,269764
9013,0.021093,172.31.46.0-255,66,171553,46,269764
9014,0.023503,74.125.130.0-255,2902,174455,46,269764
9015,0.023508,172.31.46.0-255,66,174521,46,269764
9016,0.023549,74.125.130.0-255,2902,177423,46,269764
9017,0.023555,172.31.46.0-255,66,177489,46,269764
9018,0.025981,74.125.130.0-255,2902,180391,46,269764
9019,0.02599,172.31.46.0-255,66,180457,46,269764
9020,0.026009,74.125.130.0-255,1484,181941,46,269764
9021,0.026032,74.125.130.0-255,1484,183425,46,269764
9022,0.026086,172.31.46.0-255,66,183491,46,269764
9023,0.028466,74.125.130.0-255,2902,186393,46,269764
9024,0.028474,172.31.46.0-255,66,186459,46,269764
9025,0.028536,74.125.130.0-255,2902,189361,46,269764
9026,0.028568,172.31.46.0-255,66,189427,46,269764
9027,0.030932,74.125.130.0-255,2902,192329,46,269764
9028,0.030939,172.31.46.0-255,66,192395,46,269764
9029,0.03106,74.125.130.0-255,2902,195297,46,269764
9030,0.031065,172.31.46.0-255,66,195363,46,269764
9031,0.032951,172.31.46.0-255,172,195535,46,269764
9032,0.032984,172.31.46.0-255,1118,196653,46,269764
9033,0.033047,172.31.46.0-255,1514,198167,46,269764
9034,0.033049,172.31.46.0-255,1514,199681,46,269764
9035,0.033054,172.31.46.0-255,1514,201195,46,269764
9036,0.033055,172.31.46.0-255,1514,202709,46,269764
9037,0.033073,172.31.46.0-255,1495,204204,46,269764
9038,0.033408,74.125.130.0-255,2902,207106,46,269764
9039,0.033415,172.31.46.0-255,66,207172,46,269764
9040,0.033517,74.125.130.0-255,2902,210074,46,269764
9041,0.033535,172.31.46.0-255,66,210140,46,269764
9042,0.03462,104.244.42.0-255,66,210206,46,269764
9043,0.034729,104.244.42.0-255,66,210272,46,269764
9044,0.034734,104.244.42.0-255,66,210338,46,269764
9045,0.03588,74.125.130.0-255,2902,213240,46,269764
9046,0.035886,172.31.46.0-255,66,213306,46,269764
9047,0.03601,74.125.130.0-255,1484,214790,46,269764
9048,0.036028,74.125.130.0-255,1484,216274,46,269764
9049,0.036032,172.31.46.0-255,66,216340,46,269764
9050,0.038347,74.125.130.0-255,2902,219242,46,269764
9051,0.038353,172.31.46.0-255,66,219308,46,269764
9052,0.038483,74.125.130.0-255,2902,222210,46,269764
9053,0.038487,172.31.46.0-255,66,222276,46,269764
9054,0.040828,74.125.130.0-255,2902,225178,46,269764
9055,0.040834,172.31.46.0-255,66,225244,46,269764
9056,0.040937,74.125.130.0-255,2902,228146,46,269764
9057,0.040941,172.31.46.0-255,66,228212,46,269764
9058,0.043305,74.125.130.0-255,2902,231114,46,269764
9059,0.043312,172.31.46.0-255,66,231180,46,269764
9060,0.043396,74.125.130.0-255,2902,234082,46,269764
9061,0.043412,172.31.46.0-255,66,234148,46,269764
9062,0.045804,74.125.130.0-255,2902,237050,46,269764
9063,0.045811,172.31.46.0-255,66,237116,46,269764
9064,0.045864,74.125.130.0-255,2902,240018,46,269764
9065,0.045899,172.31.46.0-255,66,240084,46,269764
9066,0.048283,74.125.130.0-255,2902,242986,46,269764
9067,0.048289,172.31.46.0-255,66,243052,46,269764
9068,0.048346,74.125.130.0-255,2902,245954,46,269764
9069,0.04837,172.31.46.0-255,66,246020,46,269764
9070,0.050823,74.125.130.0-255,2902,248922,46,269764
9071,0.05083,172.31.46.0-255,66,248988,46,269764
9072,0.050851,74.125.130.0-255,2902,251890,46,269764
9073,0.050871,172.31.46.0-255,66,251956,46,269764
9074,0.05331,74.125.130.0-255,2902,254858,46,269764
9075,0.053316,172.31.46.0-255,66,254924,46,269764
9076,0.053341,74.125.130.0-255,2902,257826,46,269764
9077,0.053366,172.31.46.0-255,66,257892,46,269764
9078,0.055785,74.125.130.0-255,2902,260794,46,269764
9079,0.055791,172.31.46.0-255,66,260860,46,269764
9080,0.055822,74.125.130.0-255,2902,263762,46,269764
9081,0.055844,172.31.46.0-255,66,263828,46,269764
9082,0.058265,74.125.130.0-255,2902,266730,46,269764
9083,0.058272,172.31.46.0-255,66,266796,46,269764
9084,0.058313,74.125.130.0-255,2902,269698,46,269764
9085,0.058332,172.31.46.0-255,66,269764,46,269764
9086,0.0,172.217.194.0-255,146,146,46,288757
9087,2.2e-05,172.31.46.0-255,66,212,46,288757
9088,2.8e-05,172.217.194.0-255,1484,1696,46,288757
9089,3.2e-05,172.31.46.0-255,66,1762,46,288757
9090,3.7e-05,172.217.194.0-255,2902,4664,46,288757
9091,3.9e-05,172.31.46.0-255,66,4730,46,288757
9092,4.5e-05,172.217.194.0-255,5738,10468,46,288757
9093,4.8e-05,172.31.46.0-255,66,10534,46,288757
9094,8.2e-05,172.217.194.0-255,1484,12018,46,288757
9095,8.5e-05,172.31.46.0-255,66,12084,46,288757
9096,0.000116,172.31.46.0-255,66,12150,46,288757
9097,0.000126,172.31.46.0-255,66,12216,46,288757
9098,0.000157,172.217.194.0-255,4320,16536,46,288757
9099,0.000159,172.31.46.0-255,66,16602,46,288757
9100,0.000187,172.31.46.0-255,66,16668,46,288757
9101,0.000319,172.217.194.0-255,1484,18152,46,288757
9102,0.000322,172.31.46.0-255,66,18218,46,288757
9103,0.000327,172.217.194.0-255,2902,21120,46,288757
9104,0.000329,172.31.46.0-255,66,21186,46,288757
9105,0.000351,172.217.194.0-255,1484,22670,46,288757
9106,0.000353,172.31.46.0-255,66,22736,46,288757
9107,0.000378,172.217.194.0-255,4320,27056,46,288757
9108,0.00038,172.31.46.0-255,66,27122,46,288757
9109,0.000386,172.217.194.0-255,6797,33919,46,288757
9110,0.000388,172.31.46.0-255,66,33985,46,288757
9111,0.000508,172.217.194.0-255,1484,35469,46,288757
9112,0.000511,172.31.46.0-255,66,35535,46,288757
9113,0.000516,172.217.194.0-255,2902,38437,46,288757
9114,0.000519,172.31.46.0-255,66,38503,46,288757
9115,0.000523,172.217.194.0-255,4320,42823,46,288757
9116,0.000532,172.31.46.0-255,66,42889,46,288757
9117,0.000546,172.217.194.0-255,1484,44373,46,288757
9118,0.00055,172.217.194.0-255,2902,47275,46,288757
9119,0.00056,172.31.46.0-255,66,47341,46,288757
9120,0.000581,172.217.194.0-255,1484,48825,46,288757
9121,0.00059,172.31.46.0-255,66,48891,46,288757
9122,0.000612,172.217.194.0-255,286,49177,46,288757
9123,0.000623,172.31.46.0-255,66,49243,46,288757
9124,0.000649,172.217.194.0-255,1484,50727,46,288757
9125,0.000662,172.217.194.0-255,2902,53629,46,288757
9126,0.000664,172.217.194.0-255,1484,55113,46,288757
9127,0.00067,172.31.46.0-255,66,55179,46,288757
9128,0.000678,172.217.194.0-255,4320,59499,46,288757
9129,0.000687,172.31.46.0-255,66,59565,46,288757
9130,0.000712,172.217.194.0-255,1484,61049,46,288757
9131,0.000732,172.217.194.0-255,4817,65866,46,288757
9132,0.000736,172.31.46.0-255,66,65932,46,288757
9133,0.000999,172.217.194.0-255,1484,67416,46,288757
9134,0.001003,172.217.194.0-255,1484,68900,46,288757
9135,0.001006,172.31.46.0-255,66,68966,46,288757
9136,0.001026,172.217.194.0-255,1484,70450,46,288757
9137,0.001031,172.217.194.0-255,4320,74770,46,288757
9138,0.001036,172.217.194.0-255,4320,79090,46,288757
9139,0.001046,172.217.194.0-255,1484,80574,46,288757
9140,0.001053,172.217.194.0-255,7156,87730,46,288757
9141,0.001059,172.31.46.0-255,66,87796,46,288757
9142,0.001076,172.217.194.0-255,4320,92116,46,288757
9143,0.001083,172.217.194.0-255,7156,99272,46,288757
9144,0.001087,172.31.46.0-255,66,99338,46,288757
9145,0.001099,172.217.194.0-255,766,100104,46,288757
9146,0.001137,172.217.194.0-255,7156,107260,46,288757
9147,0.001154,172.31.46.0-255,66,107326,46,288757
9148,0.001161,172.217.194.0-255,5738,113064,46,288757
9149,0.001164,172.217.194.0-255,2902,115966,46,288757
9150,0.001168,172.31.46.0-255,66,116032,46,288757
9151,0.001194,172.217.194.0-255,6438,122470,46,288757
9152,0.001201,172.31.46.0-255,66,122536,46,288757
9153,0.001231,172.217.194.0-255,2902,125438,46,288757
9154,0.001236,172.31.46.0-255,66,125504,46,288757
9155,0.001275,172.217.194.0-255,4320,129824,46,288757
9156,0.001281,172.31.46.0-255,66,129890,46,288757
9157,0.001291,172.217.194.0-255,1484,131374,46,288757
9158,0.001304,172.217.194.0-255,5020,136394,46,288757
9159,0.001315,172.31.46.0-255,66,136460,46,288757
9160,0.001406,172.217.194.0-255,1484,137944,46,288757
9161,0.001411,172.217.194.0-255,2902,140846,46,288757
9162,0.001417,172.31.46.0-255,66,140912,46,288757
9163,0.001436,172.217.194.0-255,5738,146650,46,288757
9164,0.00148,172.217.194.0-255,7156,153806,46,288757
9165,0.001494,172.217.194.0-255,2902,156708,46,288757
9166,0.001499,172.31.46.0-255,66,156774,46,288757
9167,0.001507,172.217.194.0-255,2902,159676,46,288757
9168,0.001512,172.31.46.0-255,66,159742,46,288757
9169,0.001529,172.217.194.0-255,7156,166898,46,288757
9170,0.001541,172.217.194.0-255,3602,170500,46,288757
9171,0.001543,172.31.46.0-255,66,170566,46,288757
9172,0.001547,172.31.46.0-255,66,170632,46,288757
9173,0.001887,172.217.194.0-255,1484,172116,46,288757
9174,0.001905,172.217.194.0-255,2902,175018,46,288757
9175,0.001908,172.31.46.0-255,66,175084,46,288757
9176,0.001912,172.217.194.0-255,1484,176568,46,288757
9177,0.001939,172.217.194.0-255,4320,180888,46,288757
9178,0.001942,172.217.194.0-255,1484,182372,46,288757
9179,0.001977,172.217.194.0-255,5738,188110,46,288757
9180,0.00203,172.217.194.0-255,5020,193130,46,288757
9181,0.002168,172.217.194.0-255,1484,194614,46,288757
9182,0.002182,172.217.194.0-255,2902,197516,46,288757
9183,0.002201,172.217.194.0-255,5738,203254,46,288757
9184,0.002203,172.217.194.0-255,1484,204738,46,288757
9185,0.002227,172.217.194.0-255,4320,209058,46,288757
9186,0.002234,172.217.194.0-255,7156,216214,46,288757
9187,0.002255,172.217.194.0-255,5738,221952,46,288757
9188,0.002258,172.217.194.0-255,1484,223436,46,288757
9189,0.002276,172.217.194.0-255,5020,228456,46,288757
9190,0.002282,172.217.194.0-255,5738,234194,46,288757
9191,0.002292,172.217.194.0-255,1484,235678,46,288757
9192,0.002302,172.217.194.0-255,1484,237162,46,288757
9193,0.002352,172.217.194.0-255,2902,240064,46,288757
9194,0.002367,172.217.194.0-255,2902,242966,46,288757
9195,0.002385,172.217.194.0-255,2902,245868,46,288757
9196,0.002389,172.217.194.0-255,2902,248770,46,288757
9197,0.002408,172.217.194.0-255,4320,253090,46,288757
9198,0.002415,172.217.194.0-255,7156,260246,46,288757
9199,0.002431,172.217.194.0-255,4320,264566,46,288757
9200,0.00516,172.31.46.0-255,66,264632,46,288757
9201,0.007604,172.217.194.0-255,5738,270370,46,288757
9202,0.00761,172.31.46.0-255,66,270436,46,288757
9203,0.01002,172.217.194.0-255,5738,276174,46,288757
9204,0.010027,172.31.46.0-255,66,276240,46,288757
9205,0.012423,172.217.194.0-255,3241,279481,46,288757
9206,0.014002,172.31.46.0-255,66,279547,46,288757
9207,0.014195,172.31.46.0-255,105,279652,46,288757
9208,0.016579,172.217.194.0-255,66,279718,46,288757
9209,0.032915,172.31.46.0-255,172,279890,46,288757
9210,0.032949,172.31.46.0-255,1118,281008,46,288757
9211,0.033021,172.31.46.0-255,1514,282522,46,288757
9212,0.033023,172.31.46.0-255,1514,284036,46,288757
9213,0.033028,172.31.46.0-255,1514,285550,46,288757
9214,0.033029,172.31.46.0-255,1514,287064,46,288757
9215,0.033046,172.31.46.0-255,1495,288559,46,288757
9216,0.034551,104.244.42.0-255,66,288625,46,288757
9217,0.034606,104.244.42.0-255,66,288691,46,288757
9218,0.034745,104.244.42.0-255,66,288757,46,288757
9219,0.0,74.125.24.0-255,298,298,46,187357
9220,1.2e-05,172.31.46.0-255,66,364,46,187357
9221,1.8e-05,74.125.24.0-255,1484,1848,46,187357
9222,2.2e-05,172.31.46.0-255,66,1914,46,187357
9223,4e-05,74.125.24.0-255,1484,3398,46,187357
9224,4.2e-05,172.31.46.0-255,66,3464,46,187357
9225,5.4e-05,74.125.24.0-255,2902,6366,46,187357
9226,5.7e-05,172.31.46.0-255,66,6432,46,187357
9227,6e-05,74.125.24.0-255,1484,7916,46,187357
9228,6.2e-05,172.31.46.0-255,66,7982,46,187357
9229,8.5e-05,74.125.24.0-255,4320,12302,46,187357
9230,8.7e-05,172.31.46.0-255,66,12368,46,187357
9231,9.6e-05,172.31.46.0-255,66,12434,46,187357
9232,0.000134,74.125.24.0-255,5738,18172,46,187357
9233,0.000136,172.31.46.0-255,66,18238,46,187357
9234,0.000156,74.125.24.0-255,5379,23617,46,187357
9235,0.000159,172.31.46.0-255,66,23683,46,187357
9236,0.000184,74.125.24.0-255,1484,25167,46,187357
9237,0.000186,172.31.46.0-255,66,25233,46,187357
9238,0.000201,74.125.24.0-255,2902,28135,46,187357
9239,0.000203,172.31.46.0-255,66,28201,46,187357
9240,0.000206,74.125.24.0-255,1484,29685,46,187357
9241,0.000208,172.31.46.0-255,66,29751,46,187357
9242,0.000229,74.125.24.0-255,4320,34071,46,187357
9243,0.000232,172.31.46.0-255,66,34137,46,187357
9244,0.000237,74.125.24.0-255,5738,39875,46,187357
9245,0.000239,172.31.46.0-255,66,39941,46,187357
9246,0.000256,74.125.24.0-255,1125,41066,46,187357
9247,0.000258,172.31.46.0-255,66,41132,46,187357
9248,0.000274,74.125.24.0-255,1484,42616,46,187357
9249,0.000275,172.31.46.0-255,66,42682,46,187357
9250,0.000294,74.125.24.0-255,5738,48420,46,187357
9251,0.000297,172.31.46.0-255,66,48486,46,187357
9252,0.000302,74.125.24.0-255,5738,54224,46,187357
9253,0.000304,172.31.46.0-255,66,54290,46,187357
9254,0.000341,74.125.24.0-255,4296,58586,46,187357
9255,0.000343,172.31.46.0-255,66,58652,46,187357
9256,0.000398,74.125.24.0-255,110,58762,46,187357
9257,0.000507,74.125.24.0-255,330,59092,46,187357
9258,0.000834,74.125.24.0-255,1484,60576,46,187357
9259,0.000838,172.31.46.0-255,66,60642,46,187357
9260,0.000843,74.125.24.0-255,2902,63544,46,187357
9261,0.000845,172.31.46.0-255,66,63610,46,187357
9262,0.000885,74.125.24.0-255,5738,69348,46,187357
9263,0.000888,172.31.46.0-255,66,69414,46,187357
9264,0.0009,172.31.46.0-255,66,69480,46,187357
9265,0.000948,172.31.46.0-255,66,69546,46,187357
9266,0.001365,74.125.24.0-255,1484,71030,46,187357
9267,0.001375,74.125.24.0-255,2902,73932,46,187357
9268,0.001379,172.31.46.0-255,66,73998,46,187357
9269,0.001384,74.125.24.0-255,1484,75482,46,187357
9270,0.001403,74.125.24.0-255,4320,79802,46,187357
9271,0.001405,172.31.46.0-255,66,79868,46,187357
9272,0.001411,74.125.24.0-255,5738,85606,46,187357
9273,0.001413,172.31.46.0-255,66,85672,46,187357
9274,0.001446,172.31.46.0-255,66,85738,46,187357
9275,0.001449,74.125.24.0-255,1484,87222,46,187357
9276,0.001485,74.125.24.0-255,3602,90824,46,187357
9277,0.001488,172.31.46.0-255,66,90890,46,187357
9278,0.001516,172.31.46.0-255,66,90956,46,187357
9279,0.001546,74.125.24.0-255,4320,95276,46,187357
9280,0.001549,172.31.46.0-255,66,95342,46,187357
9281,0.001564,172.31.46.0-255,66,95408,46,187357
9282,0.001569,74.125.24.0-255,3602,99010,46,187357
9283,0.001572,172.31.46.0-255,66,99076,46,187357
9284,0.001678,74.125.24.0-255,1484,100560,46,187357
9285,0.001701,74.125.24.0-255,2902,103462,46,187357
9286,0.001705,172.31.46.0-255,66,103528,46,187357
9287,0.001711,74.125.24.0-255,4320,107848,46,187357
9288,0.001714,172.31.46.0-255,66,107914,46,187357
9289,0.001738,74.125.24.0-255,1484,109398,46,187357
9290,0.001751,172.31.46.0-255,66,109464,46,187357
9291,0.001754,74.125.24.0-255,1484,110948,46,187357
9292,0.001782,172.31.46.0-255,66,111014,46,187357
9293,0.001876,74.125.24.0-255,1484,112498,46,187357
9294,0.001883,74.125.24.0-255,2902,115400,46,187357
9295,0.001887,172.31.46.0-255,66,115466,46,187357
9296,0.001892,74.125.24.0-255,2902,118368,46,187357
9297,0.001894,172.31.46.0-255,66,118434,46,187357
9298,0.001909,74.125.24.0-255,2902,121336,46,187357
9299,0.001912,172.31.46.0-255,66,121402,46,187357
9300,0.001918,74.125.24.0-255,4320,125722,46,187357
9301,0.00192,172.31.46.0-255,66,125788,46,187357
9302,0.001946,74.125.24.0-255,2902,128690,46,187357
9303,0.001949,172.31.46.0-255,66,128756,46,187357
9304,0.001954,74.125.24.0-255,2902,131658,46,187357
9305,0.001956,172.31.46.0-255,66,131724,46,187357
9306,0.001981,172.31.46.0-255,66,131790,46,187357
9307,0.001986,74.125.24.0-255,2184,133974,46,187357
9308,0.001988,172.31.46.0-255,66,134040,46,187357
9309,0.002008,74.125.24.0-255,4320,138360,46,187357
9310,0.002011,172.31.46.0-255,66,138426,46,187357
9311,0.002039,74.125.24.0-255,2902,141328,46,187357
9312,0.002043,172.31.46.0-255,66,141394,46,187357
9313,0.002059,172.31.46.0-255,66,141460,46,187357
9314,0.002063,74.125.24.0-255,2902,144362,46,187357
9315,0.002066,172.31.46.0-255,66,144428,46,187357
9316,0.002112,172.31.46.0-255,66,144494,46,187357
9317,0.002114,74.125.24.0-255,766,145260,46,187357
9318,0.002145,74.125.24.0-255,1484,146744,46,187357
9319,0.002148,172.31.46.0-255,66,146810,46,187357
9320,0.002152,74.125.24.0-255,2902,149712,46,187357
9321,0.002154,172.31.46.0-255,66,149778,46,187357
9322,0.002205,74.125.24.0-255,4320,154098,46,187357
9323,0.002208,172.31.46.0-255,66,154164,46,187357
9324,0.002219,172.31.46.0-255,66,154230,46,187357
9325,0.002225,74.125.24.0-255,5738,159968,46,187357
9326,0.002227,172.31.46.0-255,66,160034,46,187357
9327,0.002256,172.31.46.0-255,66,160100,46,187357
9328,0.002273,74.125.24.0-255,7156,167256,46,187357
9329,0.002276,172.31.46.0-255,66,167322,46,187357
9330,0.002304,172.31.46.0-255,66,167388,46,187357
9331,0.002327,74.125.24.0-255,5738,173126,46,187357
9332,0.00233,172.31.46.0-255,66,173192,46,187357
9333,0.002362,172.31.46.0-255,66,173258,46,187357
9334,0.002373,172.31.46.0-255,66,173324,46,187357
9335,0.002397,172.31.46.0-255,66,173390,46,187357
9336,0.002411,172.31.46.0-255,66,173456,46,187357
9337,0.002436,74.125.24.0-255,4320,177776,46,187357
9338,0.002439,172.31.46.0-255,66,177842,46,187357
9339,0.002469,172.31.46.0-255,66,177908,46,187357
9340,0.002498,172.31.46.0-255,66,177974,46,187357
9341,0.004926,74.125.24.0-255,105,178079,46,187357
9342,0.006421,172.31.46.0-255,66,178145,46,187357
9343,0.006469,172.31.46.0-255,105,178250,46,187357
9344,0.008915,74.125.24.0-255,66,178316,46,187357
9345,0.033577,172.31.46.0-255,172,178488,46,187357
9346,0.033602,172.31.46.0-255,1118,179606,46,187357
9347,0.033656,172.31.46.0-255,1514,181120,46,187357
9348,0.033657,172.31.46.0-255,1514,182634,46,187357
9349,0.033658,172.31.46.0-255,1514,184148,46,187357
9350,0.033662,172.31.46.0-255,1514,185662,46,187357
9351,0.033664,172.31.46.0-255,1497,187159,46,187357
9352,0.035191,104.244.42.0-255,66,187225,46,187357
9353,0.035222,104.244.42.0-255,66,187291,46,187357
9354,0.035301,104.244.42.0-255,66,187357,46,187357
9355,0.0,74.125.68.0-255,153,153,46,295455
9356,1.6e-05,172.31.46.0-255,66,219,46,295455
9357,2.2e-05,74.125.68.0-255,1484,1703,46,295455
9358,2.8e-05,172.31.46.0-255,66,1769,46,295455
9359,3.1e-05,74.125.68.0-255,1484,3253,46,295455
9360,3.4e-05,172.31.46.0-255,66,3319,46,295455
9361,4.7e-05,74.125.68.0-255,2902,6221,46,295455
9362,5.1e-05,172.31.46.0-255,66,6287,46,295455
9363,5.4e-05,74.125.68.0-255,1484,7771,46,295455
9364,5.6e-05,172.31.46.0-255,66,7837,46,295455
9365,8.2e-05,74.125.68.0-255,4320,12157,46,295455
9366,9.1e-05,172.31.46.0-255,66,12223,46,295455
9367,9.5e-05,74.125.68.0-255,2042,14265,46,295455
9368,9.8e-05,172.31.46.0-255,66,14331,46,295455
9369,0.000394,74.125.68.0-255,1484,15815,46,295455
9370,0.0004,172.31.46.0-255,66,15881,46,295455
9371,0.000405,74.125.68.0-255,2902,18783,46,295455
9372,0.000408,172.31.46.0-255,66,18849,46,295455
9373,0.000437,74.125.68.0-255,4320,23169,46,295455
9374,0.00044,172.31.46.0-255,66,23235,46,295455
9375,0.000443,74.125.68.0-255,1484,24719,46,295455
9376,0.000446,172.31.46.0-255,66,24785,46,295455
9377,0.000473,74.125.68.0-255,4320,29105,46,295455
9378,0.000482,172.31.46.0-255,66,29171,46,295455
9379,0.000499,74.125.68.0-255,2543,31714,46,295455
9380,0.000501,172.31.46.0-255,66,31780,46,295455
9381,0.000647,74.125.68.0-255,1484,33264,46,295455
9382,0.000651,172.31.46.0-255,66,33330,46,295455
9383,0.000655,74.125.68.0-255,1484,34814,46,295455
9384,0.000658,172.31.46.0-255,66,34880,46,295455
9385,0.000688,74.125.68.0-255,2902,37782,46,295455
9386,0.000694,74.125.68.0-255,5738,43520,46,295455
9387,0.000715,172.31.46.0-255,66,43586,46,295455
9388,0.000718,172.31.46.0-255,66,43652,46,295455
9389,0.000735,74.125.68.0-255,5379,49031,46,295455
9390,0.000737,172.31.46.0-255,66,49097,46,295455
9391,0.000744,74.125.68.0-255,5738,54835,46,295455
9392,0.000746,172.31.46.0-255,66,54901,46,295455
9393,0.000784,172.31.46.0-255,66,54967,46,295455
9394,0.001018,74.125.68.0-255,645,55612,46,295455
9395,0.001151,172.31.46.0-255,66,55678,46,295455
9396,0.001277,74.125.68.0-255,1484,57162,46,295455
9397,0.001285,74.125.68.0-255,2902,60064,46,295455
9398,0.001289,172.31.46.0-255,66,60130,46,295455
9399,0.001316,74.125.68.0-255,2902,63032,46,295455
9400,0.001319,172.31.46.0-255,66,63098,46,295455
9401,0.001347,74.125.68.0-255,2902,66000,46,295455
9402,0.00135,172.31.46.0-255,66,66066,46,295455
9403,0.001361,74.125.68.0-255,1484,67550,46,295455
9404,0.001371,74.125.68.0-255,4320,71870,46,295455
9405,0.001373,172.31.46.0-255,66,71936,46,295455
9406,0.001401,74.125.68.0-255,5379,77315,46,295455
9407,0.001404,172.31.46.0-255,66,77381,46,295455
9408,0.001415,74.125.68.0-255,1484,78865,46,295455
9409,0.001431,74.125.68.0-255,1484,80349,46,295455
9410,0.001433,172.31.46.0-255,66,80415,46,295455
9411,0.001439,74.125.68.0-255,4320,84735,46,295455
9412,0.001441,172.31.46.0-255,66,84801,46,295455
9413,0.001486,74.125.68.0-255,4320,89121,46,295455
9414,0.001489,172.31.46.0-255,66,89187,46,295455
9415,0.001507,74.125.68.0-255,1125,90312,46,295455
9416,0.001551,74.125.68.0-255,1484,91796,46,295455
9417,0.001555,172.31.46.0-255,66,91862,46,295455
9418,0.001559,74.125.68.0-255,1484,93346,46,295455
9419,0.001581,74.125.68.0-255,1484,94830,46,295455
9420,0.001584,172.31.46.0-255,66,94896,46,295455
9421,0.001589,74.125.68.0-255,4320,99216,46,295455
9422,0.001592,172.31.46.0-255,66,99282,46,295455
9423,0.00163,172.31.46.0-255,66,99348,46,295455
9424,0.001637,74.125.68.0-255,5738,105086,46,295455
9425,0.001639,172.31.46.0-255,66,105152,46,295455
9426,0.001642,74.125.68.0-255,1484,106636,46,295455
9427,0.00166,74.125.68.0-255,5738,112374,46,295455
9428,0.001667,172.31.46.0-255,66,112440,46,295455
9429,0.001698,74.125.68.0-255,3602,116042,46,295455
9430,0.001701,172.31.46.0-255,66,116108,46,295455
9431,0.002084,74.125.68.0-255,1484,117592,46,295455
9432,0.002119,74.125.68.0-255,2902,120494,46,295455
9433,0.002125,172.31.46.0-255,66,120560,46,295455
9434,0.002166,74.125.68.0-255,1484,122044,46,295455
9435,0.002185,74.125.68.0-255,2902,124946,46,295455
9436,0.002187,172.31.46.0-255,66,125012,46,295455
9437,0.002216,74.125.68.0-255,4320,129332,46,295455
9438,0.002219,172.31.46.0-255,66,129398,46,295455
9439,0.002248,74.125.68.0-255,1484,130882,46,295455
9440,0.002253,74.125.68.0-255,2902,133784,46,295455
9441,0.002255,172.31.46.0-255,66,133850,46,295455
9442,0.002261,74.125.68.0-255,4320,138170,46,295455
9443,0.002264,172.31.46.0-255,66,138236,46,295455
9444,0.002282,74.125.68.0-255,2902,141138,46,295455
9445,0.002289,172.31.46.0-255,66,141204,46,295455
9446,0.002307,74.125.68.0-255,2902,144106,46,295455
9447,0.002309,172.31.46.0-255,66,144172,46,295455
9448,0.002335,74.125.68.0-255,4320,148492,46,295455
9449,0.002337,172.31.46.0-255,66,148558,46,295455
9450,0.002362,74.125.68.0-255,2184,150742,46,295455
9451,0.002364,172.31.46.0-255,66,150808,46,295455
9452,0.004728,74.125.68.0-255,2902,153710,46,295455
9453,0.004735,172.31.46.0-255,66,153776,46,295455
9454,0.004747,74.125.68.0-255,1484,155260,46,295455
9455,0.004767,74.125.68.0-255,1484,156744,46,295455
9456,0.004769,172.31.46.0-255,66,156810,46,295455
9457,0.007139,74.125.68.0-255,2902,159712,46,295455
9458,0.007144,172.31.46.0-255,66,159778,46,295455
9459,0.007173,74.125.68.0-255,2902,162680,46,295455
9460,0.007176,172.31.46.0-255,66,162746,46,295455
9461,0.009546,74.125.68.0-255,2902,165648,46,295455
9462,0.009553,172.31.46.0-255,66,165714,46,295455
9463,0.009584,74.125.68.0-255,2902,168616,46,295455
9464,0.009587,172.31.46.0-255,66,168682,46,295455
9465,0.011984,74.125.68.0-255,2902,171584,46,295455
9466,0.011994,172.31.46.0-255,66,171650,46,295455
9467,0.01203,74.125.68.0-255,1484,173134,46,295455
9468,0.012042,74.125.68.0-255,1484,174618,46,295455
9469,0.012044,172.31.46.0-255,66,174684,46,295455
9470,0.014386,74.125.68.0-255,2902,177586,46,295455
9471,0.014394,172.31.46.0-255,66,177652,46,295455
9472,0.014441,74.125.68.0-255,2902,180554,46,295455
9473,0.014445,172.31.46.0-255,66,180620,46,295455
9474,0.016801,74.125.68.0-255,2902,183522,46,295455
9475,0.016812,172.31.46.0-255,66,183588,46,295455
9476,0.016847,74.125.68.0-255,2902,186490,46,295455
9477,0.016849,172.31.46.0-255,66,186556,46,295455
9478,0.019224,74.125.68.0-255,2902,189458,46,295455
9479,0.019231,172.31.46.0-255,66,189524,46,295455
9480,0.019255,74.125.68.0-255,2902,192426,46,295455
9481,0.019258,172.31.46.0-255,66,192492,46,295455
9482,0.021633,74.125.68.0-255,2902,195394,46,295455
9483,0.021639,172.31.46.0-255,66,195460,46,295455
9484,0.021673,74.125.68.0-255,2902,198362,46,295455
9485,0.021675,172.31.46.0-255,66,198428,46,295455
9486,0.024043,74.125.68.0-255,2902,201330,46,295455
9487,0.02405,172.31.46.0-255,66,201396,46,295455
9488,0.024082,74.125.68.0-255,2902,204298,46,295455
9489,0.024085,172.31.46.0-255,66,204364,46,295455
9490,0.026449,74.125.68.0-255,2902,207266,46,295455
9491,0.026457,172.31.46.0-255,66,207332,46,295455
9492,0.026529,74.125.68.0-255,2902,210234,46,295455
9493,0.026532,172.31.46.0-255,66,210300,46,295455
9494,0.028856,74.125.68.0-255,2902,213202,46,295455
9495,0.028862,172.31.46.0-255,66,213268,46,295455
9496,0.028923,74.125.68.0-255,2902,216170,46,295455
9497,0.028926,172.31.46.0-255,66,216236,46,295455
9498,0.031272,74.125.68.0-255,2902,219138,46,295455
9499,0.031278,172.31.46.0-255,66,219204,46,295455
9500,0.03131,74.125.68.0-255,2902,222106,46,295455
9501,0.031312,172.31.46.0-255,66,222172,46,295455
9502,0.031888,172.31.46.0-255,176,222348,46,295455
9503,0.031916,172.31.46.0-255,1118,223466,46,295455
9504,0.031971,172.31.46.0-255,1514,224980,46,295455
9505,0.031972,172.31.46.0-255,1514,226494,46,295455
9506,0.031974,172.31.46.0-255,1514,228008,46,295455
9507,0.031979,172.31.46.0-255,1514,229522,46,295455
9508,0.031979,172.31.46.0-255,1495,231017,46,295455
9509,0.033592,104.244.42.0-255,66,231083,46,295455
9510,0.0336,104.244.42.0-255,66,231149,46,295455
9511,0.03367,104.244.42.0-255,66,231215,46,295455
9512,0.033676,74.125.68.0-255,2902,234117,46,295455
9513,0.03368,172.31.46.0-255,66,234183,46,295455
9514,0.033705,74.125.68.0-255,2902,237085,46,295455
9515,0.033707,172.31.46.0-255,66,237151,46,295455
9516,0.036082,74.125.68.0-255,2902,240053,46,295455
9517,0.036089,172.31.46.0-255,66,240119,46,295455
9518,0.036113,74.125.68.0-255,2902,243021,46,295455
9519,0.036116,172.31.46.0-255,66,243087,46,295455
9520,0.038493,74.125.68.0-255,2902,245989,46,295455
9521,0.038499,172.31.46.0-255,66,246055,46,295455
9522,0.038528,74.125.68.0-255,2902,248957,46,295455
9523,0.038531,172.31.46.0-255,66,249023,46,295455
9524,0.040919,74.125.68.0-255,5738,254761,46,295455
9525,0.040929,172.31.46.0-255,66,254827,46,295455
9526,0.043343,74.125.68.0-255,5738,260565,46,295455
9527,0.043349,172.31.46.0-255,66,260631,46,295455
9528,0.045759,74.125.68.0-255,5738,266369,46,295455
9529,0.045765,172.31.46.0-255,66,266435,46,295455
9530,0.048176,74.125.68.0-255,5738,272173,46,295455
9531,0.048183,172.31.46.0-255,66,272239,46,295455
9532,0.05059,74.125.68.0-255,5738,277977,46,295455
9533,0.050599,172.31.46.0-255,66,278043,46,295455
9534,0.053004,74.125.68.0-255,5738,283781,46,295455
9535,0.05301,172.31.46.0-255,66,283847,46,295455
9536,0.055409,74.125.68.0-255,5738,289585,46,295455
9537,0.055416,172.31.46.0-255,66,289651,46,295455
9538,0.057845,74.125.68.0-255,5738,295389,46,295455
9539,0.057852,172.31.46.0-255,66,295455,46,295455
9540,0.0,74.125.24.0-255,146,146,46,259682
9541,1.3e-05,172.31.46.0-255,66,212,46,259682
9542,1.8e-05,74.125.24.0-255,1484,1696,46,259682
9543,2.2e-05,172.31.46.0-255,66,1762,46,259682
9544,2.8e-05,74.125.24.0-255,2902,4664,46,259682
9545,3.1e-05,172.31.46.0-255,66,4730,46,259682
9546,3.8e-05,74.125.24.0-255,7156,11886,46,259682
9547,4.1e-05,172.31.46.0-255,66,11952,46,259682
9548,8e-05,74.125.24.0-255,2127,14079,46,259682
9549,8.3e-05,172.31.46.0-255,66,14145,46,259682
9550,0.000201,74.125.24.0-255,1484,15629,46,259682
9551,0.000204,172.31.46.0-255,66,15695,46,259682
9552,0.000209,74.125.24.0-255,2902,18597,46,259682
9553,0.000211,172.31.46.0-255,66,18663,46,259682
9554,0.000232,74.125.24.0-255,1484,20147,46,259682
9555,0.000233,172.31.46.0-255,66,20213,46,259682
9556,0.000247,74.125.24.0-255,2902,23115,46,259682
9557,0.000249,172.31.46.0-255,66,23181,46,259682
9558,0.000256,74.125.24.0-255,5738,28919,46,259682
9559,0.000258,172.31.46.0-255,66,28985,46,259682
9560,0.000279,74.125.24.0-255,2543,31528,46,259682
9561,0.000281,172.31.46.0-255,66,31594,46,259682
9562,0.00032,74.125.24.0-255,5738,37332,46,259682
9563,0.000323,172.31.46.0-255,66,37398,46,259682
9564,0.000337,74.125.24.0-255,4320,41718,46,259682
9565,0.000339,172.31.46.0-255,66,41784,46,259682
9566,0.000341,74.125.24.0-255,1484,43268,46,259682
9567,0.000343,172.31.46.0-255,66,43334,46,259682
9568,0.000347,74.125.24.0-255,2902,46236,46,259682
9569,0.000349,172.31.46.0-255,66,46302,46,259682
9570,0.000384,74.125.24.0-255,2543,48845,46,259682
9571,0.000386,172.31.46.0-255,66,48911,46,259682
9572,0.000486,74.125.24.0-255,1484,50395,46,259682
9573,0.000503,74.125.24.0-255,2902,53297,46,259682
9574,0.000506,172.31.46.0-255,66,53363,46,259682
9575,0.000523,74.125.24.0-255,4320,57683,46,259682
9576,0.000526,172.31.46.0-255,66,57749,46,259682
9577,0.000544,74.125.24.0-255,1484,59233,46,259682
9578,0.000547,74.125.24.0-255,1484,60717,46,259682
9579,0.000549,172.31.46.0-255,66,60783,46,259682
9580,0.000571,74.125.24.0-255,5379,66162,46,259682
9581,0.000573,172.31.46.0-255,66,66228,46,259682
9582,0.000594,74.125.24.0-255,5738,71966,46,259682
9583,0.000597,172.31.46.0-255,66,72032,46,259682
9584,0.000611,74.125.24.0-255,1484,73516,46,259682
9585,0.000618,74.125.24.0-255,7156,80672,46,259682
9586,0.00062,172.31.46.0-255,66,80738,46,259682
9587,0.000635,74.125.24.0-255,1484,82222,46,259682
9588,0.000659,74.125.24.0-255,1704,83926,46,259682
9589,0.000663,172.31.46.0-255,66,83992,46,259682
9590,0.000682,74.125.24.0-255,2902,86894,46,259682
9591,0.000684,172.31.46.0-255,66,86960,46,259682
9592,0.000689,74.125.24.0-255,4320,91280,46,259682
9593,0.000691,172.31.46.0-255,66,91346,46,259682
9594,0.000715,74.125.24.0-255,2902,94248,46,259682
9595,0.000718,172.31.46.0-255,66,94314,46,259682
9596,0.000724,74.125.24.0-255,6249,100563,46,259682
9597,0.000726,172.31.46.0-255,66,100629,46,259682
9598,0.001062,74.125.24.0-255,1484,102113,46,259682
9599,0.001068,74.125.24.0-255,2902,105015,46,259682
9600,0.001071,172.31.46.0-255,66,105081,46,259682
9601,0.001076,74.125.24.0-255,4320,109401,46,259682
9602,0.001078,172.31.46.0-255,66,109467,46,259682
9603,0.001102,74.125.24.0-255,1484,110951,46,259682
9604,0.001115,172.31.46.0-255,66,111017,46,259682
9605,0.001144,74.125.24.0-255,7156,118173,46,259682
9606,0.001145,172.31.46.0-255,66,118239,46,259682
9607,0.001165,74.125.24.0-255,2902,121141,46,259682
9608,0.001167,172.31.46.0-255,66,121207,46,259682
9609,0.001169,74.125.24.0-255,766,121973,46,259682
9610,0.001533,172.31.46.0-255,66,122039,46,259682
9611,0.001589,74.125.24.0-255,1484,123523,46,259682
9612,0.001602,74.125.24.0-255,2902,126425,46,259682
9613,0.001605,172.31.46.0-255,66,126491,46,259682
9614,0.001624,74.125.24.0-255,5738,132229,46,259682
9615,0.001626,172.31.46.0-255,66,132295,46,259682
9616,0.001629,74.125.24.0-255,1484,133779,46,259682
9617,0.001664,172.31.46.0-255,66,133845,46,259682
9618,0.001683,74.125.24.0-255,4320,138165,46,259682
9619,0.001685,172.31.46.0-255,66,138231,46,259682
9620,0.001691,74.125.24.0-255,5738,143969,46,259682
9621,0.001693,172.31.46.0-255,66,144035,46,259682
9622,0.001737,74.125.24.0-255,3602,147637,46,259682
9623,0.00174,172.31.46.0-255,66,147703,46,259682
9624,0.001898,74.125.24.0-255,1484,149187,46,259682
9625,0.001902,74.125.24.0-255,1484,150671,46,259682
9626,0.001905,172.31.46.0-255,66,150737,46,259682
9627,0.001922,74.125.24.0-255,1484,152221,46,259682
9628,0.001929,74.125.24.0-255,5738,157959,46,259682
9629,0.001931,172.31.46.0-255,66,158025,46,259682
9630,0.001933,74.125.24.0-255,1484,159509,46,259682
9631,0.001957,74.125.24.0-255,4320,163829,46,259682
9632,0.001959,172.31.46.0-255,66,163895,46,259682
9633,0.001966,74.125.24.0-255,7156,171051,46,259682
9634,0.001968,172.31.46.0-255,66,171117,46,259682
9635,0.001995,172.31.46.0-255,66,171183,46,259682
9636,0.002029,74.125.24.0-255,1484,172667,46,259682
9637,0.002034,74.125.24.0-255,2902,175569,46,259682
9638,0.002036,172.31.46.0-255,66,175635,46,259682
9639,0.002038,74.125.24.0-255,1484,177119,46,259682
9640,0.002074,172.31.46.0-255,66,177185,46,259682
9641,0.002089,74.125.24.0-255,2902,180087,46,259682
9642,0.002092,172.31.46.0-255,66,180153,46,259682
9643,0.002127,172.31.46.0-255,66,180219,46,259682
9644,0.002131,74.125.24.0-255,2184,182403,46,259682
9645,0.002133,172.31.46.0-255,66,182469,46,259682
9646,0.002351,74.125.24.0-255,1484,183953,46,259682
9647,0.002357,74.125.24.0-255,2902,186855,46,259682
9648,0.002359,172.31.46.0-255,66,186921,46,259682
9649,0.002383,74.125.24.0-255,2902,189823,46,259682
9650,0.002385,172.31.46.0-255,66,189889,46,259682
9651,0.002395,74.125.24.0-255,1484,191373,46,259682
9652,0.002399,74.125.24.0-255,4320,195693,46,259682
9653,0.002402,172.31.46.0-255,66,195759,46,259682
9654,0.002418,74.125.24.0-255,1484,197243,46,259682
9655,0.002422,74.125.24.0-255,2902,200145,46,259682
9656,0.002424,172.31.46.0-255,66,200211,46,259682
9657,0.002449,172.31.46.0-255,66,200277,46,259682
9658,0.002458,172.31.46.0-255,66,200343,46,259682
9659,0.002499,74.125.24.0-255,1484,201827,46,259682
9660,0.002512,74.125.24.0-255,2902,204729,46,259682
9661,0.002514,172.31.46.0-255,66,204795,46,259682
9662,0.002517,74.125.24.0-255,1484,206279,46,259682
9663,0.002535,74.125.24.0-255,4320,210599,46,259682
9664,0.002537,172.31.46.0-255,66,210665,46,259682
9665,0.002543,74.125.24.0-255,7156,217821,46,259682
9666,0.002545,172.31.46.0-255,66,217887,46,259682
9667,0.002558,74.125.24.0-255,2902,220789,46,259682
9668,0.00256,172.31.46.0-255,66,220855,46,259682
9669,0.002563,74.125.24.0-255,2902,223757,46,259682
9670,0.002565,172.31.46.0-255,66,223823,46,259682
9671,0.00258,74.125.24.0-255,5738,229561,46,259682
9672,0.002582,172.31.46.0-255,66,229627,46,259682
9673,0.002619,172.31.46.0-255,66,229693,46,259682
9674,0.00263,172.31.46.0-255,66,229759,46,259682
9675,0.002685,172.31.46.0-255,66,229825,46,259682
9676,0.002694,172.31.46.0-255,66,229891,46,259682
9677,0.002716,74.125.24.0-255,4320,234211,46,259682
9678,0.002718,172.31.46.0-255,66,234277,46,259682
9679,0.002731,172.31.46.0-255,66,234343,46,259682
9680,0.002737,74.125.24.0-255,6438,240781,46,259682
9681,0.002739,172.31.46.0-255,66,240847,46,259682
9682,0.002745,74.125.24.0-255,7156,248003,46,259682
9683,0.002748,172.31.46.0-255,66,248069,46,259682
9684,0.002773,74.125.24.0-255,2167,250236,46,259682
9685,0.002776,172.31.46.0-255,66,250302,46,259682
9686,0.002778,74.125.24.0-255,105,250407,46,259682
9687,0.009051,172.31.46.0-255,66,250473,46,259682
9688,0.009091,172.31.46.0-255,105,250578,46,259682
9689,0.011041,74.125.24.0-255,66,250644,46,259682
9690,0.032861,172.31.46.0-255,172,250816,46,259682
9691,0.032892,172.31.46.0-255,1119,251935,46,259682
9692,0.032957,172.31.46.0-255,1514,253449,46,259682
9693,0.032959,172.31.46.0-255,1514,254963,46,259682
9694,0.032965,172.31.46.0-255,1514,256477,46,259682
9695,0.032966,172.31.46.0-255,1514,257991,46,259682
9696,0.03299,172.31.46.0-255,1493,259484,46,259682
9697,0.034456,104.244.42.0-255,66,259550,46,259682
9698,0.034494,104.244.42.0-255,66,259616,46,259682
9699,0.03455,104.244.42.0-255,66,259682,46,259682
9700,0.0,74.125.200.0-255,153,153,46,251849
9701,2.2e-05,172.31.46.0-255,66,219,46,251849
9702,2.9e-05,74.125.200.0-255,1484,1703,46,251849
9703,3.3e-05,172.31.46.0-255,66,1769,46,251849
9704,3.8e-05,74.125.200.0-255,2902,4671,46,251849
9705,4.7e-05,172.31.46.0-255,66,4737,46,251849
9706,5.5e-05,74.125.200.0-255,7156,11893,46,251849
9707,5.8e-05,172.31.46.0-255,66,11959,46,251849
9708,6.2e-05,74.125.200.0-255,2041,14000,46,251849
9709,6.4e-05,172.31.46.0-255,66,14066,46,251849
9710,0.000178,74.125.200.0-255,1484,15550,46,251849
9711,0.000183,172.31.46.0-255,66,15616,46,251849
9712,0.000225,74.125.200.0-255,1484,17100,46,251849
9713,0.000229,172.31.46.0-255,66,17166,46,251849
9714,0.000233,74.125.200.0-255,2902,20068,46,251849
9715,0.000235,172.31.46.0-255,66,20134,46,251849
9716,0.000272,74.125.200.0-255,4320,24454,46,251849
9717,0.000275,172.31.46.0-255,66,24520,46,251849
9718,0.000282,74.125.200.0-255,5738,30258,46,251849
9719,0.000284,172.31.46.0-255,66,30324,46,251849
9720,0.000287,74.125.200.0-255,1125,31449,46,251849
9721,0.000289,172.31.46.0-255,66,31515,46,251849
9722,0.000329,74.125.200.0-255,1484,32999,46,251849
9723,0.000331,172.31.46.0-255,66,33065,46,251849
9724,0.000376,74.125.200.0-255,1484,34549,46,251849
9725,0.000379,172.31.46.0-255,66,34615,46,251849
9726,0.000405,74.125.200.0-255,2902,37517,46,251849
9727,0.000408,172.31.46.0-255,66,37583,46,251849
9728,0.000434,74.125.200.0-255,2902,40485,46,251849
9729,0.000436,172.31.46.0-255,66,40551,46,251849
9730,0.00046,74.125.200.0-255,1484,42035,46,251849
9731,0.000462,172.31.46.0-255,66,42101,46,251849
9732,0.000466,74.125.200.0-255,1484,43585,46,251849
9733,0.000494,74.125.200.0-255,2902,46487,46,251849
9734,0.000496,172.31.46.0-255,66,46553,46,251849
9735,0.000519,74.125.200.0-255,1484,48037,46,251849
9736,0.000545,74.125.200.0-255,1125,49162,46,251849
9737,0.000547,172.31.46.0-255,66,49228,46,251849
9738,0.000624,74.125.200.0-255,1484,50712,46,251849
9739,0.000655,74.125.200.0-255,2902,53614,46,251849
9740,0.000659,172.31.46.0-255,66,53680,46,251849
9741,0.000688,74.125.200.0-255,4320,58000,46,251849
9742,0.000691,172.31.46.0-255,66,58066,46,251849
9743,0.000723,74.125.200.0-255,7156,65222,46,251849
9744,0.000726,172.31.46.0-255,66,65288,46,251849
9745,0.000747,74.125.200.0-255,1125,66413,46,251849
9746,0.001154,172.31.46.0-255,66,66479,46,251849
9747,0.001213,74.125.200.0-255,1484,67963,46,251849
9748,0.001217,74.125.200.0-255,1484,69447,46,251849
9749,0.00122,172.31.46.0-255,66,69513,46,251849
9750,0.001252,74.125.200.0-255,2902,72415,46,251849
9751,0.001254,172.31.46.0-255,66,72481,46,251849
9752,0.001266,74.125.200.0-255,1484,73965,46,251849
9753,0.001293,74.125.200.0-255,4320,78285,46,251849
9754,0.001295,172.31.46.0-255,66,78351,46,251849
9755,0.001299,74.125.200.0-255,1484,79835,46,251849
9756,0.001318,74.125.200.0-255,2902,82737,46,251849
9757,0.00132,172.31.46.0-255,66,82803,46,251849
9758,0.001364,74.125.200.0-255,3122,85925,46,251849
9759,0.001367,172.31.46.0-255,66,85991,46,251849
9760,0.00138,74.125.200.0-255,1484,87475,46,251849
9761,0.001411,74.125.200.0-255,2902,90377,46,251849
9762,0.001414,172.31.46.0-255,66,90443,46,251849
9763,0.00143,172.31.46.0-255,66,90509,46,251849
9764,0.001433,74.125.200.0-255,1125,91634,46,251849
9765,0.001664,172.31.46.0-255,66,91700,46,251849
9766,0.001733,74.125.200.0-255,1484,93184,46,251849
9767,0.001741,74.125.200.0-255,2902,96086,46,251849
9768,0.001744,172.31.46.0-255,66,96152,46,251849
9769,0.001748,74.125.200.0-255,1484,97636,46,251849
9770,0.001777,74.125.200.0-255,4320,101956,46,251849
9771,0.00178,172.31.46.0-255,66,102022,46,251849
9772,0.001786,74.125.200.0-255,4320,106342,46,251849
9773,0.001788,172.31.46.0-255,66,106408,46,251849
9774,0.001797,74.125.200.0-255,5738,112146,46,251849
9775,0.001799,172.31.46.0-255,66,112212,46,251849
9776,0.001802,74.125.200.0-255,1484,113696,46,251849
9777,0.001847,172.31.46.0-255,66,113762,46,251849
9778,0.001851,74.125.200.0-255,2184,115946,46,251849
9779,0.001853,172.31.46.0-255,66,116012,46,251849
9780,0.004255,74.125.200.0-255,4320,120332,46,251849
9781,0.004262,172.31.46.0-255,66,120398,46,251849
9782,0.004287,74.125.200.0-255,1484,121882,46,251849
9783,0.00668,74.125.200.0-255,4320,126202,46,251849
9784,0.006685,172.31.46.0-255,66,126268,46,251849
9785,0.009096,74.125.200.0-255,4320,130588,46,251849
9786,0.009102,172.31.46.0-255,66,130654,46,251849
9787,0.009125,74.125.200.0-255,1484,132138,46,251849
9788,0.011518,74.125.200.0-255,4320,136458,46,251849
9789,0.011527,172.31.46.0-255,66,136524,46,251849
9790,0.013941,74.125.200.0-255,5738,142262,46,251849
9791,0.01395,172.31.46.0-255,66,142328,46,251849
9792,0.016386,74.125.200.0-255,5738,148066,46,251849
9793,0.016396,172.31.46.0-255,66,148132,46,251849
9794,0.018838,74.125.200.0-255,5738,153870,46,251849
9795,0.018846,172.31.46.0-255,66,153936,46,251849
9796,0.021263,74.125.200.0-255,5738,159674,46,251849
9797,0.02127,172.31.46.0-255,66,159740,46,251849
9798,0.023738,74.125.200.0-255,5738,165478,46,251849
9799,0.023744,172.31.46.0-255,66,165544,46,251849
9800,0.026179,74.125.200.0-255,5738,171282,46,251849
9801,0.026186,172.31.46.0-255,66,171348,46,251849
9802,0.028608,74.125.200.0-255,5738,177086,46,251849
9803,0.028615,172.31.46.0-255,66,177152,46,251849
9804,0.031019,74.125.200.0-255,5738,182890,46,251849
9805,0.031026,172.31.46.0-255,66,182956,46,251849
9806,0.031435,172.31.46.0-255,172,183128,46,251849
9807,0.031464,172.31.46.0-255,1118,184246,46,251849
9808,0.031525,172.31.46.0-255,1514,185760,46,251849
9809,0.031527,172.31.46.0-255,1514,187274,46,251849
9810,0.031528,172.31.46.0-255,1514,188788,46,251849
9811,0.031529,172.31.46.0-255,1514,190302,46,251849
9812,0.031556,172.31.46.0-255,1495,191797,46,251849
9813,0.033085,104.244.42.0-255,66,191863,46,251849
9814,0.033145,104.244.42.0-255,66,191929,46,251849
9815,0.03329,104.244.42.0-255,66,191995,46,251849
9816,0.033433,74.125.200.0-255,4320,196315,46,251849
9817,0.033437,172.31.46.0-255,66,196381,46,251849
9818,0.033463,74.125.200.0-255,1484,197865,46,251849
9819,0.035847,74.125.200.0-255,2902,200767,46,251849
9820,0.035853,172.31.46.0-255,66,200833,46,251849
9821,0.03587,74.125.200.0-255,1484,202317,46,251849
9822,0.038272,74.125.200.0-255,4320,206637,46,251849
9823,0.038277,172.31.46.0-255,66,206703,46,251849
9824,0.040734,74.125.200.0-255,5738,212441,46,251849
9825,0.040741,172.31.46.0-255,66,212507,46,251849
9826,0.043175,74.125.200.0-255,5738,218245,46,251849
9827,0.04318,172.31.46.0-255,66,218311,46,251849
9828,0.045598,74.125.200.0-255,5738,224049,46,251849
9829,0.045603,172.31.46.0-255,66,224115,46,251849
9830,0.048023,74.125.200.0-255,5738,229853,46,251849
9831,0.048029,172.31.46.0-255,66,229919,46,251849
9832,0.050468,74.125.200.0-255,5738,235657,46,251849
9833,0.050474,172.31.46.0-255,66,235723,46,251849
9834,0.052897,74.125.200.0-255,4320,240043,46,251849
9835,0.052902,172.31.46.0-255,66,240109,46,251849
9836,0.052928,74.125.200.0-255,1484,241593,46,251849
9837,0.055329,74.125.200.0-255,4320,245913,46,251849
9838,0.055335,172.31.46.0-255,66,245979,46,251849
9839,0.057754,74.125.200.0-255,4320,250299,46,251849
9840,0.05776,172.31.46.0-255,66,250365,46,251849
9841,0.057786,74.125.200.0-255,1484,251849,46,251849
9842,0.0,172.217.194.0-255,165,165,46,227465
9843,3.4e-05,172.31.46.0-255,66,231,46,227465
9844,4.1e-05,172.217.194.0-255,1484,1715,46,227465
9845,4.5e-05,172.31.46.0-255,66,1781,46,227465
9846,5.7e-05,172.217.194.0-255,2902,4683,46,227465
9847,5.9e-05,172.31.46.0-255,66,4749,46,227465
9848,9e-05,172.217.194.0-255,5738,10487,46,227465
9849,9.3e-05,172.31.46.0-255,66,10553,46,227465
9850,0.000121,172.217.194.0-255,1484,12037,46,227465
9851,0.000124,172.31.46.0-255,66,12103,46,227465
9852,0.000259,172.217.194.0-255,2041,14144,46,227465
9853,0.000263,172.31.46.0-255,66,14210,46,227465
9854,0.000324,172.217.194.0-255,4320,18530,46,227465
9855,0.000329,172.31.46.0-255,66,18596,46,227465
9856,0.000358,172.217.194.0-255,7156,25752,46,227465
9857,0.000362,172.31.46.0-255,66,25818,46,227465
9858,0.000561,172.217.194.0-255,4320,30138,46,227465
9859,0.000565,172.31.46.0-255,66,30204,46,227465
9860,0.000666,172.217.194.0-255,2902,33106,46,227465
9861,0.000671,172.31.46.0-255,66,33172,46,227465
9862,0.000707,172.31.46.0-255,66,33238,46,227465
9863,0.000736,172.217.194.0-255,6438,39676,46,227465
9864,0.000739,172.31.46.0-255,66,39742,46,227465
9865,0.001094,172.217.194.0-255,5738,45480,46,227465
9866,0.001101,172.31.46.0-255,66,45546,46,227465
9867,0.001144,172.31.46.0-255,66,45612,46,227465
9868,0.001396,172.217.194.0-255,2902,48514,46,227465
9869,0.001399,172.31.46.0-255,66,48580,46,227465
9870,0.001463,172.31.46.0-255,66,48646,46,227465
9871,0.001498,172.31.46.0-255,66,48712,46,227465
9872,0.002216,172.217.194.0-255,3602,52314,46,227465
9873,0.002221,172.31.46.0-255,66,52380,46,227465
9874,0.002278,172.217.194.0-255,2902,55282,46,227465
9875,0.002296,172.217.194.0-255,7156,62438,46,227465
9876,0.002397,172.217.194.0-255,6438,68876,46,227465
9877,0.003458,172.217.194.0-255,1484,70360,46,227465
9878,0.003474,172.217.194.0-255,7156,77516,46,227465
9879,0.003603,172.217.194.0-255,7156,84672,46,227465
9880,0.004191,172.31.46.0-255,66,84738,46,227465
9881,0.006593,172.217.194.0-255,2902,87640,46,227465
9882,0.006596,172.31.46.0-255,66,87706,46,227465
9883,0.006617,172.217.194.0-255,2902,90608,46,227465
9884,0.007018,172.31.46.0-255,66,90674,46,227465
9885,0.009034,172.217.194.0-255,1484,92158,46,227465
9886,0.00906,172.217.194.0-255,1484,93642,46,227465
9887,0.009065,172.31.46.0-255,66,93708,46,227465
9888,0.009434,172.217.194.0-255,2902,96610,46,227465
9889,0.011206,172.31.46.0-255,66,96676,46,227465
9890,0.011446,172.217.194.0-255,2902,99578,46,227465
9891,0.011451,172.31.46.0-255,66,99644,46,227465
9892,0.013645,172.217.194.0-255,2902,102546,46,227465
9893,0.013655,172.31.46.0-255,66,102612,46,227465
9894,0.013849,172.217.194.0-255,2902,105514,46,227465
9895,0.013854,172.31.46.0-255,66,105580,46,227465
9896,0.016081,172.217.194.0-255,2902,108482,46,227465
9897,0.016089,172.31.46.0-255,66,108548,46,227465
9898,0.016218,172.217.194.0-255,2902,111450,46,227465
9899,0.016425,172.31.46.0-255,66,111516,46,227465
9900,0.018483,172.217.194.0-255,2902,114418,46,227465
9901,0.018489,172.31.46.0-255,66,114484,46,227465
9902,0.018808,172.217.194.0-255,1484,115968,46,227465
9903,0.018822,172.217.194.0-255,1484,117452,46,227465
9904,0.018825,172.31.46.0-255,66,117518,46,227465
9905,0.020892,172.217.194.0-255,2902,120420,46,227465
9906,0.020898,172.31.46.0-255,66,120486,46,227465
9907,0.021241,172.217.194.0-255,2902,123388,46,227465
9908,0.021247,172.31.46.0-255,66,123454,46,227465
9909,0.023285,172.217.194.0-255,2902,126356,46,227465
9910,0.023292,172.31.46.0-255,66,126422,46,227465
9911,0.023641,172.217.194.0-255,2902,129324,46,227465
9912,0.023646,172.31.46.0-255,66,129390,46,227465
9913,0.025774,172.217.194.0-255,2902,132292,46,227465
9914,0.025783,172.31.46.0-255,66,132358,46,227465
9915,0.026017,172.217.194.0-255,2902,135260,46,227465
9916,0.026023,172.31.46.0-255,66,135326,46,227465
9917,0.028214,172.217.194.0-255,2902,138228,46,227465
9918,0.028223,172.31.46.0-255,66,138294,46,227465
9919,0.028432,172.217.194.0-255,2902,141196,46,227465
9920,0.028438,172.31.46.0-255,66,141262,46,227465
9921,0.029594,172.31.46.0-255,168,141430,46,227465
9922,0.029622,172.31.46.0-255,1127,142557,46,227465
9923,0.029661,172.31.46.0-255,1514,144071,46,227465
9924,0.029663,172.31.46.0-255,1514,145585,46,227465
9925,0.029664,172.31.46.0-255,1514,147099,46,227465
9926,0.029665,172.31.46.0-255,1514,148613,46,227465
9927,0.029666,172.31.46.0-255,1486,150099,46,227465
9928,0.030621,172.217.194.0-255,2902,153001,46,227465
9929,0.03063,172.31.46.0-255,66,153067,46,227465
9930,0.030815,172.217.194.0-255,2902,155969,46,227465
9931,0.03082,172.31.46.0-255,66,156035,46,227465
9932,0.031224,104.244.42.0-255,66,156101,46,227465
9933,0.031274,104.244.42.0-255,66,156167,46,227465
9934,0.031328,104.244.42.0-255,66,156233,46,227465
9935,0.033047,172.217.194.0-255,2902,159135,46,227465
9936,0.033052,172.31.46.0-255,66,159201,46,227465
9937,0.033231,172.217.194.0-255,2902,162103,46,227465
9938,0.033236,172.31.46.0-255,66,162169,46,227465
9939,0.035432,172.217.194.0-255,2902,165071,46,227465
9940,0.035438,172.31.46.0-255,66,165137,46,227465
9941,0.035643,172.217.194.0-255,2902,168039,46,227465
9942,0.035649,172.31.46.0-255,66,168105,46,227465
9943,0.037842,172.217.194.0-255,2902,171007,46,227465
9944,0.037846,172.31.46.0-255,66,171073,46,227465
9945,0.038066,172.217.194.0-255,2902,173975,46,227465
9946,0.038071,172.31.46.0-255,66,174041,46,227465
9947,0.040246,172.217.194.0-255,2902,176943,46,227465
9948,0.040252,172.31.46.0-255,66,177009,46,227465
9949,0.040464,172.217.194.0-255,2902,179911,46,227465
9950,0.040469,172.31.46.0-255,66,179977,46,227465
9951,0.042636,172.217.194.0-255,2902,182879,46,227465
9952,0.042641,172.31.46.0-255,66,182945,46,227465
9953,0.042873,172.217.194.0-255,2902,185847,46,227465
9954,0.042879,172.31.46.0-255,66,185913,46,227465
9955,0.045032,172.217.194.0-255,2902,188815,46,227465
9956,0.045037,172.31.46.0-255,66,188881,46,227465
9957,0.045251,172.217.194.0-255,2902,191783,46,227465
9958,0.045258,172.31.46.0-255,66,191849,46,227465
9959,0.047463,172.217.194.0-255,2902,194751,46,227465
9960,0.047468,172.31.46.0-255,66,194817,46,227465
9961,0.047659,172.217.194.0-255,2902,197719,46,227465
9962,0.047665,172.31.46.0-255,66,197785,46,227465
9963,0.04988,172.217.194.0-255,2902,200687,46,227465
9964,0.049885,172.31.46.0-255,66,200753,46,227465
9965,0.050097,172.217.194.0-255,2902,203655,46,227465
9966,0.050102,172.31.46.0-255,66,203721,46,227465
9967,0.052281,172.217.194.0-255,2902,206623,46,227465
9968,0.052287,172.31.46.0-255,66,206689,46,227465
9969,0.052539,172.217.194.0-255,2902,209591,46,227465
9970,0.052544,172.31.46.0-255,66,209657,46,227465
9971,0.054694,172.217.194.0-255,2902,212559,46,227465
9972,0.0547,172.31.46.0-255,66,212625,46,227465
9973,0.054996,172.217.194.0-255,2902,215527,46,227465
9974,0.055002,172.31.46.0-255,66,215593,46,227465
9975,0.057112,172.217.194.0-255,2902,218495,46,227465
9976,0.057117,172.31.46.0-255,66,218561,46,227465
9977,0.057399,172.217.194.0-255,2902,221463,46,227465
9978,0.057403,172.31.46.0-255,66,221529,46,227465
9979,0.059637,172.217.194.0-255,2902,224431,46,227465
9980,0.059639,172.31.46.0-255,66,224497,46,227465
9981,0.059832,172.217.194.0-255,2902,227399,46,227465
9982,0.059836,172.31.46.0-255,66,227465,46,227465
9983,0.0,74.125.68.0-255,150,150,46,318842
9984,2.1e-05,172.31.46.0-255,66,216,46,318842
9985,2.8e-05,74.125.68.0-255,1484,1700,46,318842
9986,3.1e-05,172.31.46.0-255,66,1766,46,318842
9987,3.6e-05,74.125.68.0-255,2902,4668,46,318842
9988,3.9e-05,172.31.46.0-255,66,4734,46,318842
9989,4.4e-05,74.125.68.0-255,4320,9054,46,318842
9990,4.6e-05,172.31.46.0-255,66,9120,46,318842
9991,5e-05,74.125.68.0-255,2902,12022,46,318842
9992,5.2e-05,172.31.46.0-255,66,12088,46,318842
9993,7.5e-05,74.125.68.0-255,2065,14153,46,318842
9994,7.8e-05,172.31.46.0-255,66,14219,46,318842
9995,8.3e-05,74.125.68.0-255,2902,17121,46,318842
9996,8.4e-05,172.31.46.0-255,66,17187,46,318842
9997,0.000101,74.125.68.0-255,7156,24343,46,318842
9998,0.000103,172.31.46.0-255,66,24409,46,318842
9999,0.000139,74.125.68.0-255,2902,27311,46,318842
10000,0.000141,172.31.46.0-255,66,27377,46,318842
10001,0.000159,74.125.68.0-255,3961,31338,46,318842
10002,0.000161,172.31.46.0-255,66,31404,46,318842
10003,0.000311,74.125.68.0-255,1484,32888,46,318842
10004,0.000316,172.31.46.0-255,66,32954,46,318842
10005,0.000321,74.125.68.0-255,2902,35856,46,318842
10006,0.000323,172.31.46.0-255,66,35922,46,318842
10007,0.000334,74.125.68.0-255,1484,37406,46,318842
10008,0.000337,172.31.46.0-255,66,37472,46,318842
10009,0.00034,74.125.68.0-255,1484,38956,46,318842
10010,0.000342,172.31.46.0-255,66,39022,46,318842
10011,0.000352,74.125.68.0-255,1484,40506,46,318842
10012,0.000355,172.31.46.0-255,66,40572,46,318842
10013,0.000359,74.125.68.0-255,2902,43474,46,318842
10014,0.00036,172.31.46.0-255,66,43540,46,318842
10015,0.000374,74.125.68.0-255,2902,46442,46,318842
10016,0.000388,74.125.68.0-255,5379,51821,46,318842
10017,0.000411,74.125.68.0-255,2902,54723,46,318842
10018,0.000426,172.31.46.0-255,66,54789,46,318842
10019,0.00043,74.125.68.0-255,2902,57691,46,318842
10020,0.000435,172.31.46.0-255,66,57757,46,318842
10021,0.000443,74.125.68.0-255,1484,59241,46,318842
10022,0.00046,74.125.68.0-255,7109,66350,46,318842
10023,0.000462,74.125.68.0-255,112,66462,46,318842
10024,0.000484,172.31.46.0-255,66,66528,46,318842
10025,0.000568,74.125.68.0-255,1484,68012,46,318842
10026,0.000578,74.125.68.0-255,1484,69496,46,318842
10027,0.00059,74.125.68.0-255,1484,70980,46,318842
10028,0.000592,172.31.46.0-255,66,71046,46,318842
10029,0.000604,74.125.68.0-255,1484,72530,46,318842
10030,0.000608,74.125.68.0-255,2902,75432,46,318842
10031,0.000621,74.125.68.0-255,2902,78334,46,318842
10032,0.000632,172.31.46.0-255,66,78400,46,318842
10033,0.000636,74.125.68.0-255,2902,81302,46,318842
10034,0.00064,172.31.46.0-255,66,81368,46,318842
10035,0.000651,74.125.68.0-255,2543,83911,46,318842
10036,0.000654,74.125.68.0-255,1484,85395,46,318842
10037,0.000668,74.125.68.0-255,4320,89715,46,318842
10038,0.000676,172.31.46.0-255,66,89781,46,318842
10039,0.000693,74.125.68.0-255,4320,94101,46,318842
10040,0.0007,172.31.46.0-255,66,94167,46,318842
10041,0.00071,74.125.68.0-255,5738,99905,46,318842
10042,0.000731,172.31.46.0-255,66,99971,46,318842
10043,0.000746,74.125.68.0-255,1387,101358,46,318842
10044,0.001036,74.125.68.0-255,1484,102842,46,318842
10045,0.001039,172.31.46.0-255,66,102908,46,318842
10046,0.001045,74.125.68.0-255,2902,105810,46,318842
10047,0.001057,172.31.46.0-255,66,105876,46,318842
10048,0.001064,74.125.68.0-255,2902,108778,46,318842
10049,0.001068,172.31.46.0-255,66,108844,46,318842
10050,0.001079,74.125.68.0-255,2902,111746,46,318842
10051,0.00109,74.125.68.0-255,1484,113230,46,318842
10052,0.001106,74.125.68.0-255,5738,118968,46,318842
10053,0.001115,172.31.46.0-255,66,119034,46,318842
10054,0.00113,74.125.68.0-255,5738,124772,46,318842
10055,0.001144,172.31.46.0-255,66,124838,46,318842
10056,0.001158,74.125.68.0-255,1484,126322,46,318842
10057,0.0012,74.125.68.0-255,7156,133478,46,318842
10058,0.001202,172.31.46.0-255,66,133544,46,318842
10059,0.001221,74.125.68.0-255,2184,135728,46,318842
10060,0.001223,74.125.68.0-255,1484,137212,46,318842
10061,0.001243,74.125.68.0-255,2902,140114,46,318842
10062,0.001258,172.31.46.0-255,66,140180,46,318842
10063,0.00128,74.125.68.0-255,5738,145918,46,318842
10064,0.001284,74.125.68.0-255,2902,148820,46,318842
10065,0.001293,172.31.46.0-255,66,148886,46,318842
10066,0.001304,74.125.68.0-255,4320,153206,46,318842
10067,0.001307,74.125.68.0-255,2902,156108,46,318842
10068,0.001311,172.31.46.0-255,66,156174,46,318842
10069,0.001353,172.31.46.0-255,66,156240,46,318842
10070,0.001386,74.125.68.0-255,2184,158424,46,318842
10071,0.00139,172.31.46.0-255,66,158490,46,318842
10072,0.001398,74.125.68.0-255,2902,161392,46,318842
10073,0.001414,172.31.46.0-255,66,161458,46,318842
10074,0.001426,74.125.68.0-255,7156,168614,46,318842
10075,0.001445,172.31.46.0-255,66,168680,46,318842
10076,0.001458,74.125.68.0-255,4320,173000,46,318842
10077,0.001472,74.125.68.0-255,7156,180156,46,318842
10078,0.001477,172.31.46.0-255,66,180222,46,318842
10079,0.001525,74.125.68.0-255,5738,185960,46,318842
10080,0.00153,172.31.46.0-255,66,186026,46,318842
10081,0.001543,74.125.68.0-255,6438,192464,46,318842
10082,0.001553,172.31.46.0-255,66,192530,46,318842
10083,0.001588,74.125.68.0-255,4320,196850,46,318842
10084,0.001601,74.125.68.0-255,1484,198334,46,318842
10085,0.001605,172.31.46.0-255,66,198400,46,318842
10086,0.00162,74.125.68.0-255,1484,199884,46,318842
10087,0.001638,74.125.68.0-255,5738,205622,46,318842
10088,0.001648,172.31.46.0-255,66,205688,46,318842
10089,0.001657,74.125.68.0-255,2902,208590,46,318842
10090,0.001682,172.31.46.0-255,66,208656,46,318842
10091,0.001742,74.125.68.0-255,5738,214394,46,318842
10092,0.00175,172.31.46.0-255,66,214460,46,318842
10093,0.001782,172.31.46.0-255,66,214526,46,318842
10094,0.00182,74.125.68.0-255,4320,218846,46,318842
10095,0.001828,172.31.46.0-255,66,218912,46,318842
10096,0.001872,172.31.46.0-255,66,218978,46,318842
10097,0.001957,172.31.46.0-255,66,219044,46,318842
10098,0.001998,172.31.46.0-255,66,219110,46,318842
10099,0.002076,74.125.68.0-255,4320,223430,46,318842
10100,0.002085,172.31.46.0-255,66,223496,46,318842
10101,0.002115,172.31.46.0-255,66,223562,46,318842
10102,0.002156,74.125.68.0-255,1484,225046,46,318842
10103,0.00217,74.125.68.0-255,2902,227948,46,318842
10104,0.002204,172.31.46.0-255,66,228014,46,318842
10105,0.002221,74.125.68.0-255,5738,233752,46,318842
10106,0.002224,74.125.68.0-255,1484,235236,46,318842
10107,0.002245,74.125.68.0-255,5738,240974,46,318842
10108,0.00225,74.125.68.0-255,4320,245294,46,318842
10109,0.002261,74.125.68.0-255,1484,246778,46,318842
10110,0.002264,172.31.46.0-255,66,246844,46,318842
10111,0.002278,74.125.68.0-255,2902,249746,46,318842
10112,0.002297,74.125.68.0-255,4320,254066,46,318842
10113,0.002299,172.31.46.0-255,66,254132,46,318842
10114,0.002303,172.31.46.0-255,66,254198,46,318842
10115,0.002336,74.125.68.0-255,3602,257800,46,318842
10116,0.00234,172.31.46.0-255,66,257866,46,318842
10117,0.004566,74.125.68.0-255,1484,259350,46,318842
10118,0.004611,74.125.68.0-255,4320,263670,46,318842
10119,0.004615,172.31.46.0-255,66,263736,46,318842
10120,0.006881,74.125.68.0-255,5738,269474,46,318842
10121,0.00805,172.31.46.0-255,66,269540,46,318842
10122,0.010327,74.125.68.0-255,5738,275278,46,318842
10123,0.010333,172.31.46.0-255,66,275344,46,318842
10124,0.012609,74.125.68.0-255,5738,281082,46,318842
10125,0.01488,172.31.46.0-255,66,281148,46,318842
10126,0.017159,74.125.68.0-255,5738,286886,46,318842
10127,0.017169,172.31.46.0-255,66,286952,46,318842
10128,0.019443,74.125.68.0-255,5738,292690,46,318842
10129,0.01945,172.31.46.0-255,66,292756,46,318842
10130,0.021731,74.125.68.0-255,5738,298494,46,318842
10131,0.021737,172.31.46.0-255,66,298560,46,318842
10132,0.024014,74.125.68.0-255,5738,304298,46,318842
10133,0.02402,172.31.46.0-255,66,304364,46,318842
10134,0.026293,74.125.68.0-255,5203,309567,46,318842
10135,0.0263,172.31.46.0-255,66,309633,46,318842
10136,0.026482,172.31.46.0-255,105,309738,46,318842
10137,0.028715,74.125.68.0-255,66,309804,46,318842
10138,0.032195,172.31.46.0-255,172,309976,46,318842
10139,0.032225,172.31.46.0-255,1114,311090,46,318842
10140,0.032289,172.31.46.0-255,1514,312604,46,318842
10141,0.032291,172.31.46.0-255,1514,314118,46,318842
10142,0.032292,172.31.46.0-255,1514,315632,46,318842
10143,0.032293,172.31.46.0-255,1514,317146,46,318842
10144,0.032319,172.31.46.0-255,1498,318644,46,318842
10145,0.033787,104.244.42.0-255,66,318710,46,318842
10146,0.033818,104.244.42.0-255,66,318776,46,318842
10147,0.033935,104.244.42.0-255,66,318842,46,318842
10148,0.0,172.217.194.0-255,150,150,46,269857
10149,2.3e-05,172.31.46.0-255,66,216,46,269857
10150,2.9e-05,172.217.194.0-255,1484,1700,46,269857
10151,3.4e-05,172.31.46.0-255,66,1766,46,269857
10152,4e-05,172.217.194.0-255,2902,4668,46,269857
10153,5.2e-05,172.31.46.0-255,66,4734,46,269857
10154,6e-05,172.217.194.0-255,7156,11890,46,269857
10155,6.3e-05,172.31.46.0-255,66,11956,46,269857
10156,6.8e-05,172.217.194.0-255,3485,15441,46,269857
10157,7.1e-05,172.31.46.0-255,66,15507,46,269857
10158,8.6e-05,172.31.46.0-255,66,15573,46,269857
10159,9.1e-05,172.217.194.0-255,2543,18116,46,269857
10160,9.4e-05,172.31.46.0-255,66,18182,46,269857
10161,0.000145,172.217.194.0-255,1484,19666,46,269857
10162,0.000148,172.31.46.0-255,66,19732,46,269857
10163,0.000185,172.217.194.0-255,2902,22634,46,269857
10164,0.000188,172.31.46.0-255,66,22700,46,269857
10165,0.000195,172.217.194.0-255,5738,28438,46,269857
10166,0.000197,172.31.46.0-255,66,28504,46,269857
10167,0.000212,172.31.46.0-255,66,28570,46,269857
10168,0.000217,172.217.194.0-255,4320,32890,46,269857
10169,0.00022,172.31.46.0-255,66,32956,46,269857
10170,0.000255,172.217.194.0-255,5738,38694,46,269857
10171,0.000258,172.31.46.0-255,66,38760,46,269857
10172,0.000293,172.217.194.0-255,4234,42994,46,269857
10173,0.000297,172.31.46.0-255,66,43060,46,269857
10174,0.000321,172.217.194.0-255,122,43182,46,269857
10175,0.000324,172.31.46.0-255,66,43248,46,269857
10176,0.000725,172.217.194.0-255,379,43627,46,269857
10177,0.000731,172.31.46.0-255,66,43693,46,269857
10178,0.000832,172.217.194.0-255,1484,45177,46,269857
10179,0.000839,172.217.194.0-255,2902,48079,46,269857
10180,0.000842,172.31.46.0-255,66,48145,46,269857
10181,0.000877,172.217.194.0-255,5738,53883,46,269857
10182,0.000881,172.31.46.0-255,66,53949,46,269857
10183,0.000909,172.217.194.0-255,6248,60197,46,269857
10184,0.000912,172.31.46.0-255,66,60263,46,269857
10185,0.001346,172.217.194.0-255,1484,61747,46,269857
10186,0.001351,172.217.194.0-255,1484,63231,46,269857
10187,0.001355,172.31.46.0-255,66,63297,46,269857
10188,0.001369,172.217.194.0-255,1484,64781,46,269857
10189,0.00138,172.217.194.0-255,5738,70519,46,269857
10190,0.001383,172.31.46.0-255,66,70585,46,269857
10191,0.001387,172.217.194.0-255,1484,72069,46,269857
10192,0.001425,172.31.46.0-255,66,72135,46,269857
10193,0.001442,172.31.46.0-255,66,72201,46,269857
10194,0.001601,172.217.194.0-255,1484,73685,46,269857
10195,0.001629,172.217.194.0-255,2902,76587,46,269857
10196,0.001633,172.31.46.0-255,66,76653,46,269857
10197,0.00164,172.217.194.0-255,5738,82391,46,269857
10198,0.001642,172.31.46.0-255,66,82457,46,269857
10199,0.001676,172.217.194.0-255,2902,85359,46,269857
10200,0.001679,172.31.46.0-255,66,85425,46,269857
10201,0.001721,172.31.46.0-255,66,85491,46,269857
10202,0.001731,172.31.46.0-255,66,85557,46,269857
10203,0.00174,172.217.194.0-255,2184,87741,46,269857
10204,0.001742,172.31.46.0-255,66,87807,46,269857
10205,0.001746,172.217.194.0-255,2902,90709,46,269857
10206,0.001749,172.31.46.0-255,66,90775,46,269857
10207,0.001756,172.217.194.0-255,7156,97931,46,269857
10208,0.001758,172.31.46.0-255,66,97997,46,269857
10209,0.001813,172.31.46.0-255,66,98063,46,269857
10210,0.00182,172.217.194.0-255,5738,103801,46,269857
10211,0.001822,172.31.46.0-255,66,103867,46,269857
10212,0.001858,172.217.194.0-255,2184,106051,46,269857
10213,0.001861,172.31.46.0-255,66,106117,46,269857
10214,0.001873,172.31.46.0-255,66,106183,46,269857
10215,0.001883,172.217.194.0-255,5738,111921,46,269857
10216,0.001885,172.31.46.0-255,66,111987,46,269857
10217,0.001928,172.31.46.0-255,66,112053,46,269857
10218,0.001935,172.217.194.0-255,6438,118491,46,269857
10219,0.001937,172.31.46.0-255,66,118557,46,269857
10220,0.002037,172.217.194.0-255,1484,120041,46,269857
10221,0.002053,172.217.194.0-255,2902,122943,46,269857
10222,0.002057,172.31.46.0-255,66,123009,46,269857
10223,0.002089,172.217.194.0-255,5738,128747,46,269857
10224,0.002092,172.31.46.0-255,66,128813,46,269857
10225,0.002104,172.31.46.0-255,66,128879,46,269857
10226,0.002121,172.217.194.0-255,2902,131781,46,269857
10227,0.002124,172.31.46.0-255,66,131847,46,269857
10228,0.00214,172.31.46.0-255,66,131913,46,269857
10229,0.004246,172.217.194.0-255,5738,137651,46,269857
10230,0.004253,172.31.46.0-255,66,137717,46,269857
10231,0.006338,172.217.194.0-255,5738,143455,46,269857
10232,0.006346,172.31.46.0-255,66,143521,46,269857
10233,0.008431,172.217.194.0-255,1484,145005,46,269857
10234,0.008449,172.217.194.0-255,4320,149325,46,269857
10235,0.008452,172.31.46.0-255,66,149391,46,269857
10236,0.010548,172.217.194.0-255,5738,155129,46,269857
10237,0.010555,172.31.46.0-255,66,155195,46,269857
10238,0.01264,172.217.194.0-255,5738,160933,46,269857
10239,0.012647,172.31.46.0-255,66,160999,46,269857
10240,0.014733,172.217.194.0-255,5738,166737,46,269857
10241,0.014747,172.31.46.0-255,66,166803,46,269857
10242,0.016843,172.217.194.0-255,5738,172541,46,269857
10243,0.016854,172.31.46.0-255,66,172607,46,269857
10244,0.018931,172.217.194.0-255,5738,178345,46,269857
10245,0.01894,172.31.46.0-255,66,178411,46,269857
10246,0.020995,172.217.194.0-255,5738,184149,46,269857
10247,0.021003,172.31.46.0-255,66,184215,46,269857
10248,0.023087,172.217.194.0-255,5738,189953,46,269857
10249,0.023092,172.31.46.0-255,66,190019,46,269857
10250,0.025208,172.217.194.0-255,5738,195757,46,269857
10251,0.025223,172.31.46.0-255,66,195823,46,269857
10252,0.027276,172.217.194.0-255,5738,201561,46,269857
10253,0.027284,172.31.46.0-255,66,201627,46,269857
10254,0.029361,172.217.194.0-255,5738,207365,46,269857
10255,0.029368,172.31.46.0-255,66,207431,46,269857
10256,0.031436,172.217.194.0-255,5738,213169,46,269857
10257,0.031442,172.31.46.0-255,66,213235,46,269857
10258,0.033539,172.217.194.0-255,4320,217555,46,269857
10259,0.033547,172.31.46.0-255,66,217621,46,269857
10260,0.033569,172.217.194.0-255,1484,219105,46,269857
10261,0.035642,172.217.194.0-255,4320,223425,46,269857
10262,0.035649,172.31.46.0-255,66,223491,46,269857
10263,0.03618,172.31.46.0-255,172,223663,46,269857
10264,0.036208,172.31.46.0-255,1120,224783,46,269857
10265,0.036264,172.31.46.0-255,1514,226297,46,269857
10266,0.036266,172.31.46.0-255,1514,227811,46,269857
10267,0.036271,172.31.46.0-255,1514,229325,46,269857
10268,0.036272,172.31.46.0-255,1514,230839,46,269857
10269,0.036297,172.31.46.0-255,1492,232331,46,269857
10270,0.037713,172.217.194.0-255,5738,238069,46,269857
10271,0.03772,172.31.46.0-255,66,238135,46,269857
10272,0.037749,104.244.42.0-255,66,238201,46,269857
10273,0.037786,104.244.42.0-255,66,238267,46,269857
10274,0.037829,104.244.42.0-255,66,238333,46,269857
10275,0.039825,172.217.194.0-255,5738,244071,46,269857
10276,0.039831,172.31.46.0-255,66,244137,46,269857
10277,0.041928,172.217.194.0-255,5738,249875,46,269857
10278,0.041934,172.31.46.0-255,66,249941,46,269857
10279,0.044002,172.217.194.0-255,5738,255679,46,269857
10280,0.044007,172.31.46.0-255,66,255745,46,269857
10281,0.046113,172.217.194.0-255,5738,261483,46,269857
10282,0.046118,172.31.46.0-255,66,261549,46,269857
10283,0.048214,172.217.194.0-255,5738,267287,46,269857
10284,0.04822,172.31.46.0-255,66,267353,46,269857
10285,0.050319,172.217.194.0-255,2267,269620,46,269857
10286,0.050324,172.31.46.0-255,66,269686,46,269857
10287,0.050465,172.31.46.0-255,105,269791,46,269857
10288,0.052525,172.217.194.0-255,66,269857,46,269857
10289,0.0,74.125.24.0-255,153,153,46,207344
10290,2.1e-05,172.31.46.0-255,66,219,46,207344
10291,2.8e-05,74.125.24.0-255,1484,1703,46,207344
10292,3.3e-05,172.31.46.0-255,66,1769,46,207344
10293,3.7e-05,74.125.24.0-255,2902,4671,46,207344
10294,4e-05,172.31.46.0-255,66,4737,46,207344
10295,4.7e-05,74.125.24.0-255,7156,11893,46,207344
10296,4.9e-05,172.31.46.0-255,66,11959,46,207344
10297,5.4e-05,74.125.24.0-255,3519,15478,46,207344
10298,5.6e-05,172.31.46.0-255,66,15544,46,207344
10299,8.9e-05,172.31.46.0-255,66,15610,46,207344
10300,9.2e-05,74.125.24.0-255,1484,17094,46,207344
10301,9.4e-05,172.31.46.0-255,66,17160,46,207344
10302,0.000113,74.125.24.0-255,1125,18285,46,207344
10303,0.000115,172.31.46.0-255,66,18351,46,207344
10304,0.000197,74.125.24.0-255,1484,19835,46,207344
10305,0.0002,172.31.46.0-255,66,19901,46,207344
10306,0.000226,74.125.24.0-255,2902,22803,46,207344
10307,0.000229,172.31.46.0-255,66,22869,46,207344
10308,0.000235,74.125.24.0-255,5738,28607,46,207344
10309,0.000236,172.31.46.0-255,66,28673,46,207344
10310,0.000257,172.31.46.0-255,66,28739,46,207344
10311,0.000272,74.125.24.0-255,5379,34118,46,207344
10312,0.000274,172.31.46.0-255,66,34184,46,207344
10313,0.000299,74.125.24.0-255,5738,39922,46,207344
10314,0.000301,172.31.46.0-255,66,39988,46,207344
10315,0.000318,74.125.24.0-255,4296,44284,46,207344
10316,0.000321,172.31.46.0-255,66,44350,46,207344
10317,0.000415,74.125.24.0-255,1484,45834,46,207344
10318,0.000418,172.31.46.0-255,66,45900,46,207344
10319,0.000423,74.125.24.0-255,2902,48802,46,207344
10320,0.000437,74.125.24.0-255,4320,53122,46,207344
10321,0.00045,74.125.24.0-255,1484,54606,46,207344
10322,0.000455,74.125.24.0-255,4320,58926,46,207344
10323,0.00046,172.31.46.0-255,66,58992,46,207344
10324,0.000474,74.125.24.0-255,4320,63312,46,207344
10325,0.000483,172.31.46.0-255,66,63378,46,207344
10326,0.000516,74.125.24.0-255,6797,70175,46,207344
10327,0.000531,172.31.46.0-255,66,70241,46,207344
10328,0.000638,74.125.24.0-255,1484,71725,46,207344
10329,0.000651,74.125.24.0-255,2902,74627,46,207344
10330,0.000663,74.125.24.0-255,1484,76111,46,207344
10331,0.000684,74.125.24.0-255,4320,80431,46,207344
10332,0.000693,172.31.46.0-255,66,80497,46,207344
10333,0.000703,74.125.24.0-255,5738,86235,46,207344
10334,0.000708,172.31.46.0-255,66,86301,46,207344
10335,0.000721,74.125.24.0-255,7156,93457,46,207344
10336,0.000755,74.125.24.0-255,2902,96359,46,207344
10337,0.000763,172.31.46.0-255,66,96425,46,207344
10338,0.000796,172.31.46.0-255,66,96491,46,207344
10339,0.000822,74.125.24.0-255,1484,97975,46,207344
10340,0.00084,172.31.46.0-255,66,98041,46,207344
10341,0.000882,172.31.46.0-255,66,98107,46,207344
10342,0.001043,74.125.24.0-255,1484,99591,46,207344
10343,0.001047,74.125.24.0-255,1484,101075,46,207344
10344,0.00107,74.125.24.0-255,1484,102559,46,207344
10345,0.001076,74.125.24.0-255,5738,108297,46,207344
10346,0.001083,172.31.46.0-255,66,108363,46,207344
10347,0.00113,74.125.24.0-255,2184,110547,46,207344
10348,0.001142,172.31.46.0-255,66,110613,46,207344
10349,0.001151,74.125.24.0-255,1484,112097,46,207344
10350,0.001166,74.125.24.0-255,2902,114999,46,207344
10351,0.001172,172.31.46.0-255,66,115065,46,207344
10352,0.001188,74.125.24.0-255,5738,120803,46,207344
10353,0.001196,172.31.46.0-255,66,120869,46,207344
10354,0.001226,74.125.24.0-255,2902,123771,46,207344
10355,0.001232,172.31.46.0-255,66,123837,46,207344
10356,0.00126,74.125.24.0-255,7156,130993,46,207344
10357,0.001267,172.31.46.0-255,66,131059,46,207344
10358,0.001277,74.125.24.0-255,3602,134661,46,207344
10359,0.001295,172.31.46.0-255,66,134727,46,207344
10360,0.001362,74.125.24.0-255,1484,136211,46,207344
10361,0.001376,74.125.24.0-255,2902,139113,46,207344
10362,0.001394,74.125.24.0-255,5738,144851,46,207344
10363,0.001405,172.31.46.0-255,66,144917,46,207344
10364,0.001416,74.125.24.0-255,7156,152073,46,207344
10365,0.001421,172.31.46.0-255,66,152139,46,207344
10366,0.001434,74.125.24.0-255,4320,156459,46,207344
10367,0.001453,172.31.46.0-255,66,156525,46,207344
10368,0.001479,172.31.46.0-255,66,156591,46,207344
10369,0.001492,74.125.24.0-255,766,157357,46,207344
10370,0.001532,74.125.24.0-255,1484,158841,46,207344
10371,0.001539,172.31.46.0-255,66,158907,46,207344
10372,0.001548,74.125.24.0-255,2902,161809,46,207344
10373,0.001552,74.125.24.0-255,2902,164711,46,207344
10374,0.001563,74.125.24.0-255,2902,167613,46,207344
10375,0.001579,74.125.24.0-255,4320,171933,46,207344
10376,0.001583,172.31.46.0-255,66,171999,46,207344
10377,0.001609,172.31.46.0-255,66,172065,46,207344
10378,0.001682,74.125.24.0-255,5738,177803,46,207344
10379,0.001697,74.125.24.0-255,5738,183541,46,207344
10380,0.001702,74.125.24.0-255,5738,189279,46,207344
10381,0.001705,172.31.46.0-255,66,189345,46,207344
10382,0.001714,74.125.24.0-255,4320,193665,46,207344
10383,0.001718,172.31.46.0-255,66,193731,46,207344
10384,0.00175,172.31.46.0-255,66,193797,46,207344
10385,0.001753,74.125.24.0-255,766,194563,46,207344
10386,0.001767,172.31.46.0-255,66,194629,46,207344
10387,0.0018,172.31.46.0-255,66,194695,46,207344
10388,0.001842,74.125.24.0-255,2902,197597,46,207344
10389,0.001845,172.31.46.0-255,66,197663,46,207344
10390,0.001849,172.31.46.0-255,66,197729,46,207344
10391,0.001878,74.125.24.0-255,105,197834,46,207344
10392,0.001884,172.31.46.0-255,66,197900,46,207344
10393,0.002773,172.31.46.0-255,101,198001,46,207344
10394,0.00401,172.31.46.0-255,105,198106,46,207344
10395,0.005019,74.125.24.0-255,66,198172,46,207344
10396,0.006241,74.125.24.0-255,66,198238,46,207344
10397,0.033585,172.31.46.0-255,172,198410,46,207344
10398,0.033614,172.31.46.0-255,1114,199524,46,207344
10399,0.033667,172.31.46.0-255,1514,201038,46,207344
10400,0.033668,172.31.46.0-255,1514,202552,46,207344
10401,0.033673,172.31.46.0-255,1514,204066,46,207344
10402,0.033674,172.31.46.0-255,1514,205580,46,207344
10403,0.033703,172.31.46.0-255,1500,207080,46,207344
10404,0.035077,104.244.42.0-255,66,207146,46,207344
10405,0.035096,104.244.42.0-255,66,207212,46,207344
10406,0.035191,104.244.42.0-255,66,207278,46,207344
10407,0.035213,104.244.42.0-255,66,207344,46,207344
10408,0.0,172.217.194.0-255,153,153,46,278835
10409,2.2e-05,172.31.46.0-255,66,219,46,278835
10410,2.8e-05,172.217.194.0-255,1484,1703,46,278835
10411,3.3e-05,172.31.46.0-255,66,1769,46,278835
10412,4.6e-05,172.217.194.0-255,2902,4671,46,278835
10413,5e-05,172.31.46.0-255,66,4737,46,278835
10414,5.5e-05,172.217.194.0-255,2902,7639,46,278835
10415,5.8e-05,172.31.46.0-255,66,7705,46,278835
10416,8.3e-05,172.217.194.0-255,1484,9189,46,278835
10417,8.5e-05,172.31.46.0-255,66,9255,46,278835
10418,0.000102,172.217.194.0-255,6329,15584,46,278835
10419,0.000108,172.31.46.0-255,66,15650,46,278835
10420,0.000116,172.217.194.0-255,7156,22806,46,278835
10421,0.00012,172.31.46.0-255,66,22872,46,278835
10422,0.000122,172.217.194.0-255,1484,24356,46,278835
10423,0.000124,172.31.46.0-255,66,24422,46,278835
10424,0.000166,172.31.46.0-255,66,24488,46,278835
10425,0.000177,172.31.46.0-255,66,24554,46,278835
10426,0.000217,172.217.194.0-255,1484,26038,46,278835
10427,0.000219,172.31.46.0-255,66,26104,46,278835
10428,0.000224,172.217.194.0-255,2902,29006,46,278835
10429,0.000225,172.31.46.0-255,66,29072,46,278835
10430,0.000233,172.217.194.0-255,5738,34810,46,278835
10431,0.000235,172.31.46.0-255,66,34876,46,278835
10432,0.000238,172.217.194.0-255,1484,36360,46,278835
10433,0.00024,172.31.46.0-255,66,36426,46,278835
10434,0.000273,172.217.194.0-255,5657,42083,46,278835
10435,0.000275,172.31.46.0-255,66,42149,46,278835
10436,0.000363,172.217.194.0-255,379,42528,46,278835
10437,0.000366,172.31.46.0-255,66,42594,46,278835
10438,0.000632,172.217.194.0-255,1484,44078,46,278835
10439,0.000651,172.217.194.0-255,2902,46980,46,278835
10440,0.000654,172.31.46.0-255,66,47046,46,278835
10441,0.00066,172.217.194.0-255,5738,52784,46,278835
10442,0.000662,172.31.46.0-255,66,52850,46,278835
10443,0.000688,172.217.194.0-255,7156,60006,46,278835
10444,0.000691,172.31.46.0-255,66,60072,46,278835
10445,0.000713,172.217.194.0-255,5738,65810,46,278835
10446,0.000716,172.31.46.0-255,66,65876,46,278835
10447,0.000874,172.217.194.0-255,1484,67360,46,278835
10448,0.00088,172.217.194.0-255,2902,70262,46,278835
10449,0.000884,172.217.194.0-255,2902,73164,46,278835
10450,0.000904,172.217.194.0-255,2902,76066,46,278835
10451,0.000911,172.217.194.0-255,5738,81804,46,278835
10452,0.000929,172.217.194.0-255,5738,87542,46,278835
10453,0.000993,172.217.194.0-255,3602,91144,46,278835
10454,0.001017,172.217.194.0-255,1484,92628,46,278835
10455,0.001046,172.217.194.0-255,2902,95530,46,278835
10456,0.001049,172.217.194.0-255,1484,97014,46,278835
10457,0.001066,172.217.194.0-255,4320,101334,46,278835
10458,0.001073,172.217.194.0-255,5738,107072,46,278835
10459,0.001088,172.217.194.0-255,4320,111392,46,278835
10460,0.001115,172.217.194.0-255,4320,115712,46,278835
10461,0.001158,172.217.194.0-255,1484,117196,46,278835
10462,0.001162,172.217.194.0-255,2902,120098,46,278835
10463,0.001182,172.217.194.0-255,5738,125836,46,278835
10464,0.001206,172.217.194.0-255,5738,131574,46,278835
10465,0.001226,172.217.194.0-255,7156,138730,46,278835
10466,0.001257,172.217.194.0-255,1484,140214,46,278835
10467,0.001271,172.217.194.0-255,5020,145234,46,278835
10468,0.001297,172.217.194.0-255,7156,152390,46,278835
10469,0.001324,172.217.194.0-255,4320,156710,46,278835
10470,0.001419,172.217.194.0-255,2902,159612,46,278835
10471,0.001435,172.217.194.0-255,3602,163214,46,278835
10472,0.001438,172.217.194.0-255,1484,164698,46,278835
10473,0.001443,172.217.194.0-255,2902,167600,46,278835
10474,0.001449,172.217.194.0-255,5738,173338,46,278835
10475,0.001465,172.217.194.0-255,2902,176240,46,278835
10476,0.001524,172.217.194.0-255,4320,180560,46,278835
10477,0.001546,172.217.194.0-255,6438,186998,46,278835
10478,0.001796,172.217.194.0-255,1484,188482,46,278835
10479,0.0018,172.217.194.0-255,1484,189966,46,278835
10480,0.001816,172.217.194.0-255,1484,191450,46,278835
10481,0.001819,172.217.194.0-255,1484,192934,46,278835
10482,0.001842,172.217.194.0-255,4320,197254,46,278835
10483,0.001846,172.217.194.0-255,1484,198738,46,278835
10484,0.001881,172.217.194.0-255,4320,203058,46,278835
10485,0.002025,172.217.194.0-255,1484,204542,46,278835
10486,0.002031,172.217.194.0-255,2902,207444,46,278835
10487,0.002038,172.217.194.0-255,5738,213182,46,278835
10488,0.002051,172.217.194.0-255,2902,216084,46,278835
10489,0.002065,172.31.46.0-255,66,216150,46,278835
10490,0.002091,172.217.194.0-255,5738,221888,46,278835
10491,0.002103,172.31.46.0-255,66,221954,46,278835
10492,0.004143,172.217.194.0-255,5738,227692,46,278835
10493,0.00415,172.31.46.0-255,66,227758,46,278835
10494,0.006204,172.217.194.0-255,5738,233496,46,278835
10495,0.006211,172.31.46.0-255,66,233562,46,278835
10496,0.008273,172.217.194.0-255,5738,239300,46,278835
10497,0.008276,172.31.46.0-255,66,239366,46,278835
10498,0.010329,172.217.194.0-255,5738,245104,46,278835
10499,0.010336,172.31.46.0-255,66,245170,46,278835
10500,0.012403,172.217.194.0-255,5738,250908,46,278835
10501,0.01241,172.31.46.0-255,66,250974,46,278835
10502,0.01447,172.217.194.0-255,5738,256712,46,278835
10503,0.014479,172.31.46.0-255,66,256778,46,278835
10504,0.016508,172.217.194.0-255,5738,262516,46,278835
10505,0.016515,172.31.46.0-255,66,262582,46,278835
10506,0.018549,172.217.194.0-255,5738,268320,46,278835
10507,0.018557,172.31.46.0-255,66,268386,46,278835
10508,0.020594,172.217.194.0-255,1173,269559,46,278835
10509,0.020734,172.31.46.0-255,66,269625,46,278835
10510,0.020771,172.31.46.0-255,105,269730,46,278835
10511,0.022779,172.217.194.0-255,66,269796,46,278835
10512,0.038046,172.31.46.0-255,172,269968,46,278835
10513,0.038076,172.31.46.0-255,1120,271088,46,278835
10514,0.038143,172.31.46.0-255,1514,272602,46,278835
10515,0.038145,172.31.46.0-255,1514,274116,46,278835
10516,0.038146,172.31.46.0-255,1514,275630,46,278835
10517,0.038147,172.31.46.0-255,1514,277144,46,278835
10518,0.038174,172.31.46.0-255,1493,278637,46,278835
10519,0.039621,104.244.42.0-255,66,278703,46,278835
10520,0.039676,104.244.42.0-255,66,278769,46,278835
10521,0.039723,104.244.42.0-255,66,278835,46,278835
10522,0.0,74.125.24.0-255,153,153,46,202628
10523,2e-05,172.31.46.0-255,66,219,46,202628
10524,2.6e-05,74.125.24.0-255,1484,1703,46,202628
10525,3.1e-05,172.31.46.0-255,66,1769,46,202628
10526,3.6e-05,74.125.24.0-255,2902,4671,46,202628
10527,3.9e-05,172.31.46.0-255,66,4737,46,202628
10528,4.4e-05,74.125.24.0-255,4320,9057,46,202628
10529,4.7e-05,172.31.46.0-255,66,9123,46,202628
10530,7.4e-05,74.125.24.0-255,2902,12025,46,202628
10531,7.6e-05,172.31.46.0-255,66,12091,46,202628
10532,8.1e-05,74.125.24.0-255,2040,14131,46,202628
10533,8.3e-05,172.31.46.0-255,66,14197,46,202628
10534,0.000175,74.125.24.0-255,1484,15681,46,202628
10535,0.000178,172.31.46.0-255,66,15747,46,202628
10536,0.000183,74.125.24.0-255,2902,18649,46,202628
10537,0.000185,172.31.46.0-255,66,18715,46,202628
10538,0.000188,74.125.24.0-255,1484,20199,46,202628
10539,0.00019,172.31.46.0-255,66,20265,46,202628
10540,0.000215,74.125.24.0-255,4320,24585,46,202628
10541,0.000218,172.31.46.0-255,66,24651,46,202628
10542,0.000223,74.125.24.0-255,2902,27553,46,202628
10543,0.000225,172.31.46.0-255,66,27619,46,202628
10544,0.000249,74.125.24.0-255,3961,31580,46,202628
10545,0.000251,172.31.46.0-255,66,31646,46,202628
10546,0.000269,74.125.24.0-255,2902,34548,46,202628
10547,0.000271,172.31.46.0-255,66,34614,46,202628
10548,0.000296,172.31.46.0-255,66,34680,46,202628
10549,0.000334,74.125.24.0-255,4320,39000,46,202628
10550,0.000337,172.31.46.0-255,66,39066,46,202628
10551,0.000353,74.125.24.0-255,1125,40191,46,202628
10552,0.000356,172.31.46.0-255,66,40257,46,202628
10553,0.000362,74.125.24.0-255,5738,45995,46,202628
10554,0.000364,172.31.46.0-255,66,46061,46,202628
10555,0.000385,74.125.24.0-255,1484,47545,46,202628
10556,0.000422,172.31.46.0-255,66,47611,46,202628
10557,0.00044,74.125.24.0-255,133,47744,46,202628
10558,0.00048,74.125.24.0-255,1484,49228,46,202628
10559,0.000483,172.31.46.0-255,66,49294,46,202628
10560,0.000488,74.125.24.0-255,2902,52196,46,202628
10561,0.000491,172.31.46.0-255,66,52262,46,202628
10562,0.000529,74.125.24.0-255,2902,55164,46,202628
10563,0.000532,172.31.46.0-255,66,55230,46,202628
10564,0.000552,74.125.24.0-255,4320,59550,46,202628
10565,0.000555,172.31.46.0-255,66,59616,46,202628
10566,0.000566,172.31.46.0-255,66,59682,46,202628
10567,0.000599,74.125.24.0-255,5738,65420,46,202628
10568,0.000602,172.31.46.0-255,66,65486,46,202628
10569,0.000623,74.125.24.0-255,1484,66970,46,202628
10570,0.00063,74.125.24.0-255,6438,73408,46,202628
10571,0.000634,172.31.46.0-255,66,73474,46,202628
10572,0.000776,74.125.24.0-255,1484,74958,46,202628
10573,0.000781,74.125.24.0-255,1484,76442,46,202628
10574,0.000784,172.31.46.0-255,66,76508,46,202628
10575,0.0008,74.125.24.0-255,1484,77992,46,202628
10576,0.000808,74.125.24.0-255,5738,83730,46,202628
10577,0.00081,172.31.46.0-255,66,83796,46,202628
10578,0.000825,74.125.24.0-255,4320,88116,46,202628
10579,0.000828,172.31.46.0-255,66,88182,46,202628
10580,0.000831,74.125.24.0-255,1484,89666,46,202628
10581,0.000854,74.125.24.0-255,4320,93986,46,202628
10582,0.000857,172.31.46.0-255,66,94052,46,202628
10583,0.000879,74.125.24.0-255,5738,99790,46,202628
10584,0.000881,172.31.46.0-255,66,99856,46,202628
10585,0.000902,74.125.24.0-255,5738,105594,46,202628
10586,0.000905,172.31.46.0-255,66,105660,46,202628
10587,0.000926,74.125.24.0-255,2184,107844,46,202628
10588,0.000928,172.31.46.0-255,66,107910,46,202628
10589,0.000942,74.125.24.0-255,1484,109394,46,202628
10590,0.000954,74.125.24.0-255,2902,112296,46,202628
10591,0.000956,172.31.46.0-255,66,112362,46,202628
10592,0.000969,74.125.24.0-255,1484,113846,46,202628
10593,0.000987,74.125.24.0-255,4320,118166,46,202628
10594,0.000989,172.31.46.0-255,66,118232,46,202628
10595,0.000992,74.125.24.0-255,1484,119716,46,202628
10596,0.001003,74.125.24.0-255,1484,121200,46,202628
10597,0.001005,172.31.46.0-255,66,121266,46,202628
10598,0.001037,172.31.46.0-255,66,121332,46,202628
10599,0.001058,74.125.24.0-255,1484,122816,46,202628
10600,0.00107,172.31.46.0-255,66,122882,46,202628
10601,0.001134,74.125.24.0-255,1484,124366,46,202628
10602,0.001151,74.125.24.0-255,2902,127268,46,202628
10603,0.001154,172.31.46.0-255,66,127334,46,202628
10604,0.001177,74.125.24.0-255,5738,133072,46,202628
10605,0.00118,172.31.46.0-255,66,133138,46,202628
10606,0.001204,74.125.24.0-255,1484,134622,46,202628
10607,0.001216,74.125.24.0-255,2902,137524,46,202628
10608,0.001218,172.31.46.0-255,66,137590,46,202628
10609,0.001246,74.125.24.0-255,5738,143328,46,202628
10610,0.00127,172.31.46.0-255,66,143394,46,202628
10611,0.001518,74.125.24.0-255,1484,144878,46,202628
10612,0.001536,74.125.24.0-255,2902,147780,46,202628
10613,0.001539,172.31.46.0-255,66,147846,46,202628
10614,0.001554,74.125.24.0-255,4320,152166,46,202628
10615,0.001556,172.31.46.0-255,66,152232,46,202628
10616,0.00158,74.125.24.0-255,1484,153716,46,202628
10617,0.001591,172.31.46.0-255,66,153782,46,202628
10618,0.001642,74.125.24.0-255,5738,159520,46,202628
10619,0.001645,172.31.46.0-255,66,159586,46,202628
10620,0.001676,74.125.24.0-255,4320,163906,46,202628
10621,0.001702,172.31.46.0-255,66,163972,46,202628
10622,0.001708,172.31.46.0-255,66,164038,46,202628
10623,0.00173,74.125.24.0-255,2902,166940,46,202628
10624,0.001733,172.31.46.0-255,66,167006,46,202628
10625,0.00179,172.31.46.0-255,66,167072,46,202628
10626,0.001812,74.125.24.0-255,3602,170674,46,202628
10627,0.001834,74.125.24.0-255,5020,175694,46,202628
10628,0.001842,172.31.46.0-255,66,175760,46,202628
10629,0.001882,74.125.24.0-255,7156,182916,46,202628
10630,0.00189,172.31.46.0-255,66,182982,46,202628
10631,0.001919,172.31.46.0-255,66,183048,46,202628
10632,0.001948,74.125.24.0-255,4320,187368,46,202628
10633,0.00196,172.31.46.0-255,66,187434,46,202628
10634,0.001996,172.31.46.0-255,66,187500,46,202628
10635,0.002009,74.125.24.0-255,2902,190402,46,202628
10636,0.002023,172.31.46.0-255,66,190468,46,202628
10637,0.002052,74.125.24.0-255,2612,193080,46,202628
10638,0.002063,74.125.24.0-255,105,193185,46,202628
10639,0.002073,172.31.46.0-255,66,193251,46,202628
10640,0.003662,172.31.46.0-255,101,193352,46,202628
10641,0.004175,172.31.46.0-255,105,193457,46,202628
10642,0.005868,74.125.24.0-255,66,193523,46,202628
10643,0.006313,74.125.24.0-255,66,193589,46,202628
10644,0.036233,172.31.46.0-255,172,193761,46,202628
10645,0.036264,172.31.46.0-255,1118,194879,46,202628
10646,0.036343,172.31.46.0-255,1514,196393,46,202628
10647,0.036346,172.31.46.0-255,1514,197907,46,202628
10648,0.036352,172.31.46.0-255,1514,199421,46,202628
10649,0.036353,172.31.46.0-255,1514,200935,46,202628
10650,0.036371,172.31.46.0-255,1495,202430,46,202628
10651,0.03789,104.244.42.0-255,66,202496,46,202628
10652,0.037923,104.244.42.0-255,66,202562,46,202628
10653,0.038023,104.244.42.0-255,66,202628,46,202628
10654,0.0,172.217.194.0-255,150,150,46,205738
10655,1.9e-05,172.31.46.0-255,66,216,46,205738
10656,2.5e-05,172.217.194.0-255,1484,1700,46,205738
10657,2.9e-05,172.31.46.0-255,66,1766,46,205738
10658,3.4e-05,172.217.194.0-255,2902,4668,46,205738
10659,3.6e-05,172.31.46.0-255,66,4734,46,205738
10660,4.8e-05,172.217.194.0-255,5738,10472,46,205738
10661,5.1e-05,172.31.46.0-255,66,10538,46,205738
10662,8e-05,172.217.194.0-255,1484,12022,46,205738
10663,8.2e-05,172.31.46.0-255,66,12088,46,205738
10664,0.000107,172.31.46.0-255,66,12154,46,205738
10665,0.000111,172.217.194.0-255,2543,14697,46,205738
10666,0.000113,172.31.46.0-255,66,14763,46,205738
10667,0.000142,172.217.194.0-255,1484,16247,46,205738
10668,0.000144,172.31.46.0-255,66,16313,46,205738
10669,0.000149,172.217.194.0-255,2902,19215,46,205738
10670,0.000151,172.31.46.0-255,66,19281,46,205738
10671,0.000155,172.217.194.0-255,2902,22183,46,205738
10672,0.000156,172.31.46.0-255,66,22249,46,205738
10673,0.000187,172.217.194.0-255,2902,25151,46,205738
10674,0.000189,172.31.46.0-255,66,25217,46,205738
10675,0.000193,172.217.194.0-255,2902,28119,46,205738
10676,0.000195,172.31.46.0-255,66,28185,46,205738
10677,0.000242,172.31.46.0-255,66,28251,46,205738
10678,0.000245,172.217.194.0-255,1484,29735,46,205738
10679,0.000247,172.31.46.0-255,66,29801,46,205738
10680,0.000257,172.31.46.0-255,66,29867,46,205738
10681,0.000265,172.217.194.0-255,377,30244,46,205738
10682,0.000268,172.31.46.0-255,66,30310,46,205738
10683,0.000513,172.217.194.0-255,99,30409,46,205738
10684,0.000539,172.217.194.0-255,363,30772,46,205738
10685,0.000728,172.217.194.0-255,1484,32256,46,205738
10686,0.000733,172.31.46.0-255,66,32322,46,205738
10687,0.000739,172.217.194.0-255,2902,35224,46,205738
10688,0.000741,172.31.46.0-255,66,35290,46,205738
10689,0.000754,172.217.194.0-255,5738,41028,46,205738
10690,0.000757,172.31.46.0-255,66,41094,46,205738
10691,0.000781,172.217.194.0-255,1484,42578,46,205738
10692,0.000805,172.31.46.0-255,66,42644,46,205738
10693,0.000812,172.217.194.0-255,5738,48382,46,205738
10694,0.000814,172.31.46.0-255,66,48448,46,205738
10695,0.00087,172.217.194.0-255,5020,53468,46,205738
10696,0.000874,172.31.46.0-255,66,53534,46,205738
10697,0.001635,172.217.194.0-255,1484,55018,46,205738
10698,0.001643,172.217.194.0-255,2902,57920,46,205738
10699,0.001648,172.31.46.0-255,66,57986,46,205738
10700,0.001656,172.217.194.0-255,5738,63724,46,205738
10701,0.001658,172.31.46.0-255,66,63790,46,205738
10702,0.001668,172.217.194.0-255,2902,66692,46,205738
10703,0.00167,172.31.46.0-255,66,66758,46,205738
10704,0.001704,172.31.46.0-255,66,66824,46,205738
10705,0.001711,172.217.194.0-255,7156,73980,46,205738
10706,0.001714,172.31.46.0-255,66,74046,46,205738
10707,0.001744,172.217.194.0-255,3602,77648,46,205738
10708,0.001746,172.31.46.0-255,66,77714,46,205738
10709,0.001816,172.217.194.0-255,1484,79198,46,205738
10710,0.001819,172.217.194.0-255,1484,80682,46,205738
10711,0.001821,172.31.46.0-255,66,80748,46,205738
10712,0.001846,172.217.194.0-255,1484,82232,46,205738
10713,0.001851,172.217.194.0-255,5738,87970,46,205738
10714,0.001853,172.31.46.0-255,66,88036,46,205738
10715,0.001858,172.217.194.0-255,4320,92356,46,205738
10716,0.00186,172.31.46.0-255,66,92422,46,205738
10717,0.001893,172.31.46.0-255,66,92488,46,205738
10718,0.001938,172.217.194.0-255,2902,95390,46,205738
10719,0.001939,172.31.46.0-255,66,95456,46,205738
10720,0.001969,172.31.46.0-255,66,95522,46,205738
10721,0.002353,172.217.194.0-255,1484,97006,46,205738
10722,0.002366,172.217.194.0-255,2902,99908,46,205738
10723,0.002368,172.31.46.0-255,66,99974,46,205738
10724,0.002371,172.217.194.0-255,1484,101458,46,205738
10725,0.002396,172.217.194.0-255,4320,105778,46,205738
10726,0.002398,172.31.46.0-255,66,105844,46,205738
10727,0.002401,172.217.194.0-255,1484,107328,46,205738
10728,0.002436,172.31.46.0-255,66,107394,46,205738
10729,0.002448,172.31.46.0-255,66,107460,46,205738
10730,0.002464,172.31.46.0-255,66,107526,46,205738
10731,0.002466,172.217.194.0-255,1484,109010,46,205738
10732,0.002472,172.217.194.0-255,5738,114748,46,205738
10733,0.002475,172.31.46.0-255,66,114814,46,205738
10734,0.002477,172.217.194.0-255,1484,116298,46,205738
10735,0.002507,172.217.194.0-255,1484,117782,46,205738
10736,0.002509,172.31.46.0-255,66,117848,46,205738
10737,0.002511,172.217.194.0-255,1484,119332,46,205738
10738,0.002529,172.217.194.0-255,4320,123652,46,205738
10739,0.002531,172.31.46.0-255,66,123718,46,205738
10740,0.002561,172.217.194.0-255,6438,130156,46,205738
10741,0.002563,172.31.46.0-255,66,130222,46,205738
10742,0.002742,172.217.194.0-255,1484,131706,46,205738
10743,0.002757,172.217.194.0-255,2902,134608,46,205738
10744,0.002759,172.31.46.0-255,66,134674,46,205738
10745,0.002765,172.217.194.0-255,5738,140412,46,205738
10746,0.002767,172.31.46.0-255,66,140478,46,205738
10747,0.002805,172.31.46.0-255,66,140544,46,205738
10748,0.002869,172.217.194.0-255,5738,146282,46,205738
10749,0.002871,172.31.46.0-255,66,146348,46,205738
10750,0.002899,172.31.46.0-255,66,146414,46,205738
10751,0.002922,172.217.194.0-255,1484,147898,46,205738
10752,0.002926,172.217.194.0-255,2902,150800,46,205738
10753,0.002928,172.31.46.0-255,66,150866,46,205738
10754,0.002932,172.217.194.0-255,2902,153768,46,205738
10755,0.002934,172.31.46.0-255,66,153834,46,205738
10756,0.002966,172.217.194.0-255,2902,156736,46,205738
10757,0.002968,172.31.46.0-255,66,156802,46,205738
10758,0.00298,172.31.46.0-255,66,156868,46,205738
10759,0.002982,172.217.194.0-255,1484,158352,46,205738
10760,0.00302,172.31.46.0-255,66,158418,46,205738
10761,0.003033,172.217.194.0-255,2902,161320,46,205738
10762,0.003039,172.31.46.0-255,66,161386,46,205738
10763,0.003073,172.31.46.0-255,66,161452,46,205738
10764,0.00308,172.217.194.0-255,5738,167190,46,205738
10765,0.003082,172.31.46.0-255,66,167256,46,205738
10766,0.003106,172.217.194.0-255,7156,174412,46,205738
10767,0.003109,172.31.46.0-255,66,174478,46,205738
10768,0.003119,172.31.46.0-255,66,174544,46,205738
10769,0.003126,172.217.194.0-255,7156,181700,46,205738
10770,0.003128,172.31.46.0-255,66,181766,46,205738
10771,0.003152,172.217.194.0-255,2902,184668,46,205738
10772,0.003154,172.31.46.0-255,66,184734,46,205738
10773,0.003161,172.217.194.0-255,5738,190472,46,205738
10774,0.003163,172.31.46.0-255,66,190538,46,205738
10775,0.003206,172.31.46.0-255,66,190604,46,205738
10776,0.003217,172.31.46.0-255,66,190670,46,205738
10777,0.003227,172.31.46.0-255,66,190736,46,205738
10778,0.003255,172.217.194.0-255,1484,192220,46,205738
10779,0.003258,172.217.194.0-255,1484,193704,46,205738
10780,0.00326,172.31.46.0-255,66,193770,46,205738
10781,0.003264,172.217.194.0-255,2326,196096,46,205738
10782,0.003265,172.31.46.0-255,66,196162,46,205738
10783,0.003268,172.217.194.0-255,105,196267,46,205738
10784,0.005833,172.31.46.0-255,66,196333,46,205738
10785,0.005865,172.31.46.0-255,105,196438,46,205738
10786,0.00833,172.217.194.0-255,66,196504,46,205738
10787,0.029295,172.31.46.0-255,193,196697,46,205738
10788,0.029328,172.31.46.0-255,1118,197815,46,205738
10789,0.029415,172.31.46.0-255,1514,199329,46,205738
10790,0.029418,172.31.46.0-255,1514,200843,46,205738
10791,0.029419,172.31.46.0-255,1514,202357,46,205738
10792,0.029423,172.31.46.0-255,1514,203871,46,205738
10793,0.029425,172.31.46.0-255,1495,205366,46,205738
10794,0.030994,104.244.42.0-255,66,205432,46,205738
10795,0.031004,104.244.42.0-255,66,205498,46,205738
10796,0.0311,104.244.42.0-255,66,205564,46,205738
10797,0.031858,104.244.42.0-255,108,205672,46,205738
10798,0.031869,172.31.46.0-255,66,205738,46,205738
10799,0.0,172.217.194.0-255,152,152,46,305448
10800,2.1e-05,172.31.46.0-255,66,218,46,305448
10801,2.8e-05,172.217.194.0-255,1484,1702,46,305448
10802,3.2e-05,172.31.46.0-255,66,1768,46,305448
10803,3.7e-05,172.217.194.0-255,2902,4670,46,305448
10804,4e-05,172.31.46.0-255,66,4736,46,305448
10805,4.6e-05,172.217.194.0-255,7156,11892,46,305448
10806,4.9e-05,172.31.46.0-255,66,11958,46,305448
10807,5.1e-05,172.217.194.0-255,1484,13442,46,305448
10808,5.3e-05,172.31.46.0-255,66,13508,46,305448
10809,9.7e-05,172.217.194.0-255,624,14132,46,305448
10810,0.0001,172.31.46.0-255,66,14198,46,305448
10811,0.000236,172.217.194.0-255,1484,15682,46,305448
10812,0.00024,172.31.46.0-255,66,15748,46,305448
10813,0.000245,172.217.194.0-255,2902,18650,46,305448
10814,0.000248,172.31.46.0-255,66,18716,46,305448
10815,0.000253,172.217.194.0-255,2902,21618,46,305448
10816,0.000255,172.31.46.0-255,66,21684,46,305448
10817,0.000281,172.217.194.0-255,2902,24586,46,305448
10818,0.000283,172.31.46.0-255,66,24652,46,305448
10819,0.000294,172.217.194.0-255,1484,26136,46,305448
10820,0.000296,172.31.46.0-255,66,26202,46,305448
10821,0.00033,172.217.194.0-255,5379,31581,46,305448
10822,0.000333,172.31.46.0-255,66,31647,46,305448
10823,0.000508,172.217.194.0-255,1484,33131,46,305448
10824,0.000513,172.31.46.0-255,66,33197,46,305448
10825,0.000518,172.217.194.0-255,2902,36099,46,305448
10826,0.00052,172.31.46.0-255,66,36165,46,305448
10827,0.000527,172.217.194.0-255,5738,41903,46,305448
10828,0.000529,172.31.46.0-255,66,41969,46,305448
10829,0.000561,172.217.194.0-255,4320,46289,46,305448
10830,0.000563,172.31.46.0-255,66,46355,46,305448
10831,0.000575,172.217.194.0-255,2543,48898,46,305448
10832,0.000597,172.31.46.0-255,66,48964,46,305448
10833,0.000699,172.217.194.0-255,1484,50448,46,305448
10834,0.000705,172.217.194.0-255,2902,53350,46,305448
10835,0.000707,172.31.46.0-255,66,53416,46,305448
10836,0.00073,172.217.194.0-255,1484,54900,46,305448
10837,0.000755,172.217.194.0-255,4320,59220,46,305448
10838,0.000762,172.217.194.0-255,7095,66315,46,305448
10839,0.000772,172.31.46.0-255,66,66381,46,305448
10840,0.000983,172.31.46.0-255,101,66482,46,305448
10841,0.001002,172.217.194.0-255,379,66861,46,305448
10842,0.001182,172.217.194.0-255,1484,68345,46,305448
10843,0.001186,172.31.46.0-255,66,68411,46,305448
10844,0.001192,172.217.194.0-255,2902,71313,46,305448
10845,0.001194,172.31.46.0-255,66,71379,46,305448
10846,0.0012,172.217.194.0-255,4320,75699,46,305448
10847,0.001203,172.31.46.0-255,66,75765,46,305448
10848,0.001226,172.217.194.0-255,1484,77249,46,305448
10849,0.001232,172.217.194.0-255,4320,81569,46,305448
10850,0.001234,172.31.46.0-255,66,81635,46,305448
10851,0.00124,172.217.194.0-255,5738,87373,46,305448
10852,0.001242,172.31.46.0-255,66,87439,46,305448
10853,0.001257,172.217.194.0-255,4320,91759,46,305448
10854,0.00127,172.217.194.0-255,1484,93243,46,305448
10855,0.001275,172.217.194.0-255,2902,96145,46,305448
10856,0.001295,172.217.194.0-255,5020,101165,46,305448
10857,0.001304,172.31.46.0-255,66,101231,46,305448
10858,0.001566,172.217.194.0-255,1484,102715,46,305448
10859,0.001573,172.217.194.0-255,2902,105617,46,305448
10860,0.001577,172.31.46.0-255,66,105683,46,305448
10861,0.001592,172.217.194.0-255,5738,111421,46,305448
10862,0.001594,172.31.46.0-255,66,111487,46,305448
10863,0.001637,172.31.46.0-255,66,111553,46,305448
10864,0.001672,172.31.46.0-255,66,111619,46,305448
10865,0.001712,172.217.194.0-255,1484,113103,46,305448
10866,0.001731,172.217.194.0-255,2902,116005,46,305448
10867,0.001746,172.217.194.0-255,5738,121743,46,305448
10868,0.001753,172.31.46.0-255,66,121809,46,305448
10869,0.001788,172.31.46.0-255,66,121875,46,305448
10870,0.001801,172.217.194.0-255,1484,123359,46,305448
10871,0.001833,172.31.46.0-255,66,123425,46,305448
10872,0.001837,172.217.194.0-255,2902,126327,46,305448
10873,0.001842,172.31.46.0-255,66,126393,46,305448
10874,0.001855,172.217.194.0-255,5738,132131,46,305448
10875,0.001873,172.217.194.0-255,1484,133615,46,305448
10876,0.001879,172.217.194.0-255,7156,140771,46,305448
10877,0.001882,172.31.46.0-255,66,140837,46,305448
10878,0.001892,172.31.46.0-255,66,140903,46,305448
10879,0.001897,172.217.194.0-255,4320,145223,46,305448
10880,0.001969,172.217.194.0-255,5738,150961,46,305448
10881,0.001985,172.217.194.0-255,6438,157399,46,305448
10882,0.001992,172.31.46.0-255,66,157465,46,305448
10883,0.002104,172.217.194.0-255,1484,158949,46,305448
10884,0.00211,172.217.194.0-255,2902,161851,46,305448
10885,0.002126,172.31.46.0-255,66,161917,46,305448
10886,0.002131,172.217.194.0-255,4320,166237,46,305448
10887,0.002136,172.31.46.0-255,66,166303,46,305448
10888,0.002145,172.217.194.0-255,1484,167787,46,305448
10889,0.002161,172.217.194.0-255,7156,174943,46,305448
10890,0.002171,172.31.46.0-255,66,175009,46,305448
10891,0.002182,172.217.194.0-255,5738,180747,46,305448
10892,0.002187,172.217.194.0-255,5738,186485,46,305448
10893,0.002201,172.217.194.0-255,5020,191505,46,305448
10894,0.002221,172.31.46.0-255,66,191571,46,305448
10895,0.002768,172.217.194.0-255,1484,193055,46,305448
10896,0.002802,172.217.194.0-255,2902,195957,46,305448
10897,0.002806,172.31.46.0-255,66,196023,46,305448
10898,0.002813,172.217.194.0-255,5738,201761,46,305448
10899,0.002825,172.217.194.0-255,7156,208917,46,305448
10900,0.002829,172.217.194.0-255,2902,211819,46,305448
10901,0.002859,172.217.194.0-255,5738,217557,46,305448
10902,0.002915,172.217.194.0-255,1484,219041,46,305448
10903,0.002926,172.217.194.0-255,1484,220525,46,305448
10904,0.002937,172.217.194.0-255,1484,222009,46,305448
10905,0.002956,172.217.194.0-255,1484,223493,46,305448
10906,0.002981,172.217.194.0-255,2902,226395,46,305448
10907,0.002987,172.217.194.0-255,5738,232133,46,305448
10908,0.00299,172.217.194.0-255,1484,233617,46,305448
10909,0.003001,172.217.194.0-255,1484,235101,46,305448
10910,0.003017,172.217.194.0-255,7156,242257,46,305448
10911,0.003038,172.217.194.0-255,1484,243741,46,305448
10912,0.00309,172.217.194.0-255,1484,245225,46,305448
10913,0.003095,172.217.194.0-255,2902,248127,46,305448
10914,0.003101,172.217.194.0-255,2902,251029,46,305448
10915,0.003119,172.217.194.0-255,2902,253931,46,305448
10916,0.003125,172.217.194.0-255,4320,258251,46,305448
10917,0.003132,172.217.194.0-255,4320,262571,46,305448
10918,0.003143,172.217.194.0-255,2902,265473,46,305448
10919,0.003159,172.217.194.0-255,4320,269793,46,305448
10920,0.003163,172.217.194.0-255,2902,272695,46,305448
10921,0.00318,172.217.194.0-255,5020,277715,46,305448
10922,0.003198,172.217.194.0-255,2902,280617,46,305448
10923,0.003207,172.217.194.0-255,1484,282101,46,305448
10924,0.00321,172.217.194.0-255,1484,283585,46,305448
10925,0.003233,172.217.194.0-255,4320,287905,46,305448
10926,0.003257,172.217.194.0-255,1484,289389,46,305448
10927,0.003331,172.217.194.0-255,5738,295127,46,305448
10928,0.003351,172.217.194.0-255,778,295905,46,305448
10929,0.003354,172.217.194.0-255,97,296002,46,305448
10930,0.003356,172.217.194.0-255,105,296107,46,305448
10931,0.007016,172.31.46.0-255,66,296173,46,305448
10932,0.008461,172.31.46.0-255,105,296278,46,305448
10933,0.014911,172.217.194.0-255,66,296344,46,305448
10934,0.034623,172.31.46.0-255,172,296516,46,305448
10935,0.034652,172.31.46.0-255,1118,297634,46,305448
10936,0.034711,172.31.46.0-255,1514,299148,46,305448
10937,0.034712,172.31.46.0-255,1514,300662,46,305448
10938,0.034717,172.31.46.0-255,1514,302176,46,305448
10939,0.034718,172.31.46.0-255,1514,303690,46,305448
10940,0.034742,172.31.46.0-255,1494,305184,46,305448
10941,0.036281,104.244.42.0-255,66,305250,46,305448
10942,0.036313,104.244.42.0-255,66,305316,46,305448
10943,0.036389,104.244.42.0-255,66,305382,46,305448
10944,0.03641,104.244.42.0-255,66,305448,46,305448
10945,0.0,172.31.46.0-255,105,105,46,239327
10946,0.00178,157.240.25.0-255,105,210,46,239327
10947,0.001791,172.31.46.0-255,66,276,46,239327
10948,0.052246,74.125.130.0-255,143,419,46,239327
10949,0.052258,172.31.46.0-255,66,485,46,239327
10950,0.052274,74.125.130.0-255,1484,1969,46,239327
10951,0.052279,172.31.46.0-255,66,2035,46,239327
10952,0.052282,74.125.130.0-255,1484,3519,46,239327
10953,0.052285,172.31.46.0-255,66,3585,46,239327
10954,0.052289,74.125.130.0-255,1484,5069,46,239327
10955,0.052292,172.31.46.0-255,66,5135,46,239327
10956,0.052316,74.125.130.0-255,1484,6619,46,239327
10957,0.052319,172.31.46.0-255,66,6685,46,239327
10958,0.052324,74.125.130.0-255,2902,9587,46,239327
10959,0.052327,172.31.46.0-255,66,9653,46,239327
10960,0.05235,74.125.130.0-255,2902,12555,46,239327
10961,0.052352,172.31.46.0-255,66,12621,46,239327
10962,0.052363,172.31.46.0-255,66,12687,46,239327
10963,0.052382,74.125.130.0-255,3579,16266,46,239327
10964,0.052384,172.31.46.0-255,66,16332,46,239327
10965,0.052387,74.125.130.0-255,1484,17816,46,239327
10966,0.052389,172.31.46.0-255,66,17882,46,239327
10967,0.052405,74.125.130.0-255,5379,23261,46,239327
10968,0.052409,172.31.46.0-255,66,23327,46,239327
10969,0.052471,74.125.130.0-255,1484,24811,46,239327
10970,0.052475,172.31.46.0-255,66,24877,46,239327
10971,0.05248,74.125.130.0-255,2902,27779,46,239327
10972,0.052482,172.31.46.0-255,66,27845,46,239327
10973,0.052516,74.125.130.0-255,1484,29329,46,239327
10974,0.052518,172.31.46.0-255,66,29395,46,239327
10975,0.052522,74.125.130.0-255,1484,30879,46,239327
10976,0.052524,172.31.46.0-255,66,30945,46,239327
10977,0.052536,74.125.130.0-255,1484,32429,46,239327
10978,0.052538,172.31.46.0-255,66,32495,46,239327
10979,0.052541,74.125.130.0-255,1484,33979,46,239327
10980,0.052561,74.125.130.0-255,1484,35463,46,239327
10981,0.052564,172.31.46.0-255,66,35529,46,239327
10982,0.052581,74.125.130.0-255,1484,37013,46,239327
10983,0.052588,74.125.130.0-255,5738,42751,46,239327
10984,0.05259,172.31.46.0-255,66,42817,46,239327
10985,0.052611,74.125.130.0-255,5738,48555,46,239327
10986,0.052614,172.31.46.0-255,66,48621,46,239327
10987,0.052617,74.125.130.0-255,1484,50105,46,239327
10988,0.052643,74.125.130.0-255,5738,55843,46,239327
10989,0.052646,172.31.46.0-255,66,55909,46,239327
10990,0.052659,74.125.130.0-255,2184,58093,46,239327
10991,0.052661,172.31.46.0-255,66,58159,46,239327
10992,0.052857,74.125.130.0-255,645,58804,46,239327
10993,0.053085,74.125.130.0-255,1484,60288,46,239327
10994,0.05309,172.31.46.0-255,66,60354,46,239327
10995,0.053095,74.125.130.0-255,1484,61838,46,239327
10996,0.053105,74.125.130.0-255,1484,63322,46,239327
10997,0.053108,172.31.46.0-255,66,63388,46,239327
10998,0.053111,74.125.130.0-255,1484,64872,46,239327
10999,0.053136,74.125.130.0-255,4320,69192,46,239327
11000,0.053139,172.31.46.0-255,66,69258,46,239327
11001,0.053165,172.31.46.0-255,66,69324,46,239327
11002,0.053172,74.125.130.0-255,5738,75062,46,239327
11003,0.053175,172.31.46.0-255,66,75128,46,239327
11004,0.053222,172.31.46.0-255,66,75194,46,239327
11005,0.053552,74.125.130.0-255,1484,76678,46,239327
11006,0.053569,74.125.130.0-255,2902,79580,46,239327
11007,0.053572,172.31.46.0-255,66,79646,46,239327
11008,0.053577,74.125.130.0-255,2902,82548,46,239327
11009,0.053579,172.31.46.0-255,66,82614,46,239327
11010,0.053593,74.125.130.0-255,2902,85516,46,239327
11011,0.053595,172.31.46.0-255,66,85582,46,239327
11012,0.053637,172.31.46.0-255,66,85648,46,239327
11013,0.053643,74.125.130.0-255,5738,91386,46,239327
11014,0.053645,172.31.46.0-255,66,91452,46,239327
11015,0.05366,74.125.130.0-255,5020,96472,46,239327
11016,0.053663,172.31.46.0-255,66,96538,46,239327
11017,0.054228,74.125.130.0-255,1484,98022,46,239327
11018,0.054237,74.125.130.0-255,2902,100924,46,239327
11019,0.054241,172.31.46.0-255,66,100990,46,239327
11020,0.054267,74.125.130.0-255,5738,106728,46,239327
11021,0.054269,172.31.46.0-255,66,106794,46,239327
11022,0.054272,74.125.130.0-255,1484,108278,46,239327
11023,0.054294,74.125.130.0-255,5738,114016,46,239327
11024,0.054297,172.31.46.0-255,66,114082,46,239327
11025,0.054314,74.125.130.0-255,2902,116984,46,239327
11026,0.054316,172.31.46.0-255,66,117050,46,239327
11027,0.054344,172.31.46.0-255,66,117116,46,239327
11028,0.054348,74.125.130.0-255,2184,119300,46,239327
11029,0.05435,172.31.46.0-255,66,119366,46,239327
11030,0.054559,74.125.130.0-255,1484,120850,46,239327
11031,0.054566,74.125.130.0-255,2902,123752,46,239327
11032,0.05457,172.31.46.0-255,66,123818,46,239327
11033,0.054603,74.125.130.0-255,1484,125302,46,239327
11034,0.054618,74.125.130.0-255,4320,129622,46,239327
11035,0.05462,172.31.46.0-255,66,129688,46,239327
11036,0.05463,172.31.46.0-255,66,129754,46,239327
11037,0.054649,74.125.130.0-255,4320,134074,46,239327
11038,0.054651,172.31.46.0-255,66,134140,46,239327
11039,0.054655,74.125.130.0-255,1484,135624,46,239327
11040,0.054667,74.125.130.0-255,1484,137108,46,239327
11041,0.05467,172.31.46.0-255,66,137174,46,239327
11042,0.054704,172.31.46.0-255,66,137240,46,239327
11043,0.055276,74.125.130.0-255,1484,138724,46,239327
11044,0.055285,74.125.130.0-255,2902,141626,46,239327
11045,0.05529,172.31.46.0-255,66,141692,46,239327
11046,0.055297,74.125.130.0-255,5738,147430,46,239327
11047,0.0553,172.31.46.0-255,66,147496,46,239327
11048,0.055327,172.31.46.0-255,66,147562,46,239327
11049,0.055346,74.125.130.0-255,2902,150464,46,239327
11050,0.055348,172.31.46.0-255,66,150530,46,239327
11051,0.055361,74.125.130.0-255,1484,152014,46,239327
11052,0.055385,172.31.46.0-255,66,152080,46,239327
11053,0.055425,172.31.46.0-255,66,152146,46,239327
11054,0.055435,74.125.130.0-255,4320,156466,46,239327
11055,0.055437,172.31.46.0-255,66,156532,46,239327
11056,0.055454,74.125.130.0-255,2902,159434,46,239327
11057,0.055456,172.31.46.0-255,66,159500,46,239327
11058,0.055481,74.125.130.0-255,4320,163820,46,239327
11059,0.055484,172.31.46.0-255,66,163886,46,239327
11060,0.055509,172.31.46.0-255,66,163952,46,239327
11061,0.055526,74.125.130.0-255,1484,165436,46,239327
11062,0.05553,74.125.130.0-255,1484,166920,46,239327
11063,0.055532,172.31.46.0-255,66,166986,46,239327
11064,0.055552,74.125.130.0-255,1484,168470,46,239327
11065,0.055586,74.125.130.0-255,4320,172790,46,239327
11066,0.055589,172.31.46.0-255,66,172856,46,239327
11067,0.055617,74.125.130.0-255,1484,174340,46,239327
11068,0.055631,172.31.46.0-255,66,174406,46,239327
11069,0.055643,172.31.46.0-255,66,174472,46,239327
11070,0.05568,74.125.130.0-255,1484,175956,46,239327
11071,0.0557,74.125.130.0-255,2902,178858,46,239327
11072,0.055704,172.31.46.0-255,66,178924,46,239327
11073,0.055707,74.125.130.0-255,1484,180408,46,239327
11074,0.055711,74.125.130.0-255,4320,184728,46,239327
11075,0.055714,172.31.46.0-255,66,184794,46,239327
11076,0.055741,74.125.130.0-255,4320,189114,46,239327
11077,0.055745,172.31.46.0-255,66,189180,46,239327
11078,0.055749,74.125.130.0-255,2902,192082,46,239327
11079,0.055751,172.31.46.0-255,66,192148,46,239327
11080,0.055757,74.125.130.0-255,4320,196468,46,239327
11081,0.055759,172.31.46.0-255,66,196534,46,239327
11082,0.055784,74.125.130.0-255,4320,200854,46,239327
11083,0.055787,172.31.46.0-255,66,200920,46,239327
11084,0.055792,74.125.130.0-255,4320,205240,46,239327
11085,0.055795,172.31.46.0-255,66,205306,46,239327
11086,0.055798,74.125.130.0-255,1484,206790,46,239327
11087,0.055815,74.125.130.0-255,2184,208974,46,239327
11088,0.055817,172.31.46.0-255,66,209040,46,239327
11089,0.055836,74.125.130.0-255,2902,211942,46,239327
11090,0.055838,172.31.46.0-255,66,212008,46,239327
11091,0.055853,74.125.130.0-255,2902,214910,46,239327
11092,0.055856,172.31.46.0-255,66,214976,46,239327
11093,0.055872,74.125.130.0-255,4320,219296,46,239327
11094,0.055875,172.31.46.0-255,66,219362,46,239327
11095,0.05588,74.125.130.0-255,2902,222264,46,239327
11096,0.055882,172.31.46.0-255,66,222330,46,239327
11097,0.05591,172.31.46.0-255,66,222396,46,239327
11098,0.055949,74.125.130.0-255,4320,226716,46,239327
11099,0.055952,172.31.46.0-255,66,226782,46,239327
11100,0.055978,74.125.130.0-255,5020,231802,46,239327
11101,0.055981,172.31.46.0-255,66,231868,46,239327
11102,0.055989,74.125.130.0-255,7117,238985,46,239327
11103,0.055991,172.31.46.0-255,66,239051,46,239327
11104,0.055994,74.125.130.0-255,105,239156,46,239327
11105,0.058134,172.31.46.0-255,66,239222,46,239327
11106,0.05817,172.31.46.0-255,105,239327,46,239327
11107,0.0,172.217.24.0-255,153,153,46,330882
11108,2.6e-05,172.31.46.0-255,66,219,46,330882
11109,3.4e-05,172.217.24.0-255,1484,1703,46,330882
11110,3.9e-05,172.31.46.0-255,66,1769,46,330882
11111,4.6e-05,172.217.24.0-255,2902,4671,46,330882
11112,4.8e-05,172.31.46.0-255,66,4737,46,330882
11113,5.7e-05,172.217.24.0-255,7156,11893,46,330882
11114,6e-05,172.31.46.0-255,66,11959,46,330882
11115,6.6e-05,172.217.24.0-255,3401,15360,46,330882
11116,6.9e-05,172.31.46.0-255,66,15426,46,330882
11117,7.6e-05,172.217.24.0-255,4320,19746,46,330882
11118,7.9e-05,172.31.46.0-255,66,19812,46,330882
11119,8.5e-05,172.217.24.0-255,2902,22714,46,330882
11120,8.7e-05,172.31.46.0-255,66,22780,46,330882
11121,0.000114,172.217.24.0-255,7156,29936,46,330882
11122,0.000117,172.31.46.0-255,66,30002,46,330882
11123,0.00012,172.217.24.0-255,1125,31127,46,330882
11124,0.000122,172.31.46.0-255,66,31193,46,330882
11125,0.000147,172.217.24.0-255,1484,32677,46,330882
11126,0.000149,172.31.46.0-255,66,32743,46,330882
11127,0.000153,172.217.24.0-255,2902,35645,46,330882
11128,0.000155,172.31.46.0-255,66,35711,46,330882
11129,0.000174,172.217.24.0-255,5738,41449,46,330882
11130,0.000177,172.31.46.0-255,66,41515,46,330882
11131,0.000192,172.217.24.0-255,1484,42999,46,330882
11132,0.000195,172.31.46.0-255,66,43065,46,330882
11133,0.000227,172.217.24.0-255,5379,48444,46,330882
11134,0.00023,172.31.46.0-255,66,48510,46,330882
11135,0.000718,172.217.24.0-255,1484,49994,46,330882
11136,0.000724,172.31.46.0-255,66,50060,46,330882
11137,0.00073,172.217.24.0-255,2902,52962,46,330882
11138,0.000732,172.31.46.0-255,66,53028,46,330882
11139,0.000735,172.217.24.0-255,1484,54512,46,330882
11140,0.000757,172.217.24.0-255,4320,58832,46,330882
11141,0.000762,172.217.24.0-255,2902,61734,46,330882
11142,0.000765,172.31.46.0-255,66,61800,46,330882
11143,0.000769,172.31.46.0-255,66,61866,46,330882
11144,0.000794,172.217.24.0-255,3961,65827,46,330882
11145,0.000797,172.31.46.0-255,66,65893,46,330882
11146,0.0008,172.217.24.0-255,396,66289,46,330882
11147,0.001064,172.217.24.0-255,1484,67773,46,330882
11148,0.001069,172.31.46.0-255,66,67839,46,330882
11149,0.001073,172.217.24.0-255,1484,69323,46,330882
11150,0.001088,172.217.24.0-255,1484,70807,46,330882
11151,0.001091,172.31.46.0-255,66,70873,46,330882
11152,0.001112,172.217.24.0-255,4320,75193,46,330882
11153,0.001115,172.31.46.0-255,66,75259,46,330882
11154,0.001126,172.217.24.0-255,1484,76743,46,330882
11155,0.001142,172.217.24.0-255,2902,79645,46,330882
11156,0.001146,172.31.46.0-255,66,79711,46,330882
11157,0.001162,172.217.24.0-255,3961,83672,46,330882
11158,0.001165,172.31.46.0-255,66,83738,46,330882
11159,0.001213,172.217.24.0-255,1484,85222,46,330882
11160,0.001234,172.217.24.0-255,2902,88124,46,330882
11161,0.001237,172.31.46.0-255,66,88190,46,330882
11162,0.00126,172.217.24.0-255,5738,93928,46,330882
11163,0.001262,172.31.46.0-255,66,93994,46,330882
11164,0.001345,172.217.24.0-255,1484,95478,46,330882
11165,0.001365,172.217.24.0-255,4320,99798,46,330882
11166,0.001368,172.31.46.0-255,66,99864,46,330882
11167,0.001387,172.217.24.0-255,826,100690,46,330882
11168,0.00139,172.217.24.0-255,646,101336,46,330882
11169,0.001437,172.217.24.0-255,1484,102820,46,330882
11170,0.001441,172.31.46.0-255,66,102886,46,330882
11171,0.001445,172.217.24.0-255,1484,104370,46,330882
11172,0.001462,172.217.24.0-255,2902,107272,46,330882
11173,0.001464,172.31.46.0-255,66,107338,46,330882
11174,0.001467,172.217.24.0-255,1484,108822,46,330882
11175,0.001479,172.217.24.0-255,1484,110306,46,330882
11176,0.001481,172.31.46.0-255,66,110372,46,330882
11177,0.001501,172.217.24.0-255,1484,111856,46,330882
11178,0.001507,172.217.24.0-255,5738,117594,46,330882
11179,0.001509,172.217.24.0-255,459,118053,46,330882
11180,0.001514,172.31.46.0-255,66,118119,46,330882
11181,0.001757,172.31.46.0-255,66,118185,46,330882
11182,0.00198,172.217.24.0-255,1484,119669,46,330882
11183,0.00199,172.217.24.0-255,2902,122571,46,330882
11184,0.001994,172.31.46.0-255,66,122637,46,330882
11185,0.002028,172.217.24.0-255,2902,125539,46,330882
11186,0.002031,172.31.46.0-255,66,125605,46,330882
11187,0.002046,172.217.24.0-255,2902,128507,46,330882
11188,0.002048,172.31.46.0-255,66,128573,46,330882
11189,0.002053,172.217.24.0-255,2902,131475,46,330882
11190,0.002055,172.31.46.0-255,66,131541,46,330882
11191,0.002079,172.217.24.0-255,4320,135861,46,330882
11192,0.002081,172.31.46.0-255,66,135927,46,330882
11193,0.002084,172.217.24.0-255,404,136331,46,330882
11194,0.002222,172.217.24.0-255,1484,137815,46,330882
11195,0.002227,172.31.46.0-255,66,137881,46,330882
11196,0.002232,172.217.24.0-255,1484,139365,46,330882
11197,0.002253,172.217.24.0-255,1484,140849,46,330882
11198,0.002255,172.31.46.0-255,66,140915,46,330882
11199,0.002261,172.217.24.0-255,4320,145235,46,330882
11200,0.002263,172.31.46.0-255,66,145301,46,330882
11201,0.002266,172.217.24.0-255,1484,146785,46,330882
11202,0.002289,172.217.24.0-255,7156,153941,46,330882
11203,0.002291,172.31.46.0-255,66,154007,46,330882
11204,0.002311,172.217.24.0-255,1484,155491,46,330882
11205,0.002315,172.217.24.0-255,2902,158393,46,330882
11206,0.002317,172.31.46.0-255,66,158459,46,330882
11207,0.002341,172.217.24.0-255,5738,164197,46,330882
11208,0.002343,172.31.46.0-255,66,164263,46,330882
11209,0.002371,172.217.24.0-255,2902,167165,46,330882
11210,0.002373,172.31.46.0-255,66,167231,46,330882
11211,0.002392,172.217.24.0-255,3602,170833,46,330882
11212,0.002394,172.31.46.0-255,66,170899,46,330882
11213,0.005485,172.217.24.0-255,5738,176637,46,330882
11214,0.005496,172.31.46.0-255,66,176703,46,330882
11215,0.007775,172.217.24.0-255,5738,182441,46,330882
11216,0.007779,172.31.46.0-255,66,182507,46,330882
11217,0.009783,172.217.24.0-255,5738,188245,46,330882
11218,0.009799,172.31.46.0-255,66,188311,46,330882
11219,0.011809,172.217.24.0-255,5738,194049,46,330882
11220,0.011836,172.31.46.0-255,66,194115,46,330882
11221,0.01382,172.217.24.0-255,5738,199853,46,330882
11222,0.013836,172.31.46.0-255,66,199919,46,330882
11223,0.015844,172.217.24.0-255,5738,205657,46,330882
11224,0.015852,172.31.46.0-255,66,205723,46,330882
11225,0.017891,172.217.24.0-255,5738,211461,46,330882
11226,0.017904,172.31.46.0-255,66,211527,46,330882
11227,0.019897,172.217.24.0-255,5738,217265,46,330882
11228,0.019908,172.31.46.0-255,66,217331,46,330882
11229,0.021977,172.217.24.0-255,5738,223069,46,330882
11230,0.021992,172.31.46.0-255,66,223135,46,330882
11231,0.023986,172.217.24.0-255,5738,228873,46,330882
11232,0.024001,172.31.46.0-255,66,228939,46,330882
11233,0.026055,172.217.24.0-255,5738,234677,46,330882
11234,0.026066,172.31.46.0-255,66,234743,46,330882
11235,0.027292,172.31.46.0-255,172,234915,46,330882
11236,0.027321,172.31.46.0-255,1119,236034,46,330882
11237,0.027385,172.31.46.0-255,1514,237548,46,330882
11238,0.027387,172.31.46.0-255,404,237952,46,330882
11239,0.028052,172.217.24.0-255,5738,243690,46,330882
11240,0.028061,172.31.46.0-255,66,243756,46,330882
11241,0.029407,104.244.42.0-255,66,243822,46,330882
11242,0.030045,172.217.24.0-255,5738,249560,46,330882
11243,0.030053,172.31.46.0-255,66,249626,46,330882
11244,0.032094,172.217.24.0-255,5738,255364,46,330882
11245,0.032103,172.31.46.0-255,66,255430,46,330882
11246,0.034159,172.217.24.0-255,5738,261168,46,330882
11247,0.034169,172.31.46.0-255,66,261234,46,330882
11248,0.03632,172.217.24.0-255,5738,266972,46,330882
11249,0.036333,172.31.46.0-255,66,267038,46,330882
11250,0.038432,172.217.24.0-255,5738,272776,46,330882
11251,0.038443,172.31.46.0-255,66,272842,46,330882
11252,0.040517,172.217.24.0-255,5738,278580,46,330882
11253,0.040528,172.31.46.0-255,66,278646,46,330882
11254,0.042617,172.217.24.0-255,5738,284384,46,330882
11255,0.042625,172.31.46.0-255,66,284450,46,330882
11256,0.044629,172.217.24.0-255,5738,290188,46,330882
11257,0.044637,172.31.46.0-255,66,290254,46,330882
11258,0.046622,172.217.24.0-255,5738,295992,46,330882
11259,0.046635,172.31.46.0-255,66,296058,46,330882
11260,0.048629,172.217.24.0-255,5738,301796,46,330882
11261,0.048641,172.31.46.0-255,66,301862,46,330882
11262,0.050644,172.217.24.0-255,5738,307600,46,330882
11263,0.050653,172.31.46.0-255,66,307666,46,330882
11264,0.052642,172.217.24.0-255,5738,313404,46,330882
11265,0.052649,172.31.46.0-255,66,313470,46,330882
11266,0.054651,172.217.24.0-255,5738,319208,46,330882
11267,0.054662,172.31.46.0-255,66,319274,46,330882
11268,0.056795,172.217.24.0-255,5738,325012,46,330882
11269,0.056806,172.31.46.0-255,66,325078,46,330882
11270,0.058941,172.217.24.0-255,5738,330816,46,330882
11271,0.058951,172.31.46.0-255,66,330882,46,330882
11272,0.0,74.125.130.0-255,153,153,46,317394
11273,2.8e-05,74.125.130.0-255,1484,1637,46,317394
11274,4.2e-05,172.31.46.0-255,66,1703,46,317394
11275,4.9e-05,74.125.130.0-255,2902,4605,46,317394
11276,5.2e-05,172.31.46.0-255,66,4671,46,317394
11277,8.2e-05,74.125.130.0-255,5738,10409,46,317394
11278,8.6e-05,172.31.46.0-255,66,10475,46,317394
11279,0.000113,74.125.130.0-255,1484,11959,46,317394
11280,0.000129,74.125.130.0-255,2093,14052,46,317394
11281,0.000131,172.31.46.0-255,66,14118,46,317394
11282,0.000189,74.125.130.0-255,1484,15602,46,317394
11283,0.000194,74.125.130.0-255,2902,18504,46,317394
11284,0.000198,172.31.46.0-255,66,18570,46,317394
11285,0.000219,74.125.130.0-255,4320,22890,46,317394
11286,0.000223,172.31.46.0-255,66,22956,46,317394
11287,0.000228,74.125.130.0-255,4320,27276,46,317394
11288,0.00023,172.31.46.0-255,66,27342,46,317394
11289,0.000246,74.125.130.0-255,1484,28826,46,317394
11290,0.000273,74.125.130.0-255,2543,31369,46,317394
11291,0.000275,172.31.46.0-255,66,31435,46,317394
11292,0.000386,74.125.130.0-255,1484,32919,46,317394
11293,0.000407,74.125.130.0-255,2902,35821,46,317394
11294,0.000411,172.31.46.0-255,66,35887,46,317394
11295,0.000416,74.125.130.0-255,2902,38789,46,317394
11296,0.000419,172.31.46.0-255,66,38855,46,317394
11297,0.000422,74.125.130.0-255,1484,40339,46,317394
11298,0.000443,74.125.130.0-255,2902,43241,46,317394
11299,0.000446,172.31.46.0-255,66,43307,46,317394
11300,0.000464,74.125.130.0-255,1484,44791,46,317394
11301,0.000479,74.125.130.0-255,3961,48752,46,317394
11302,0.000483,172.31.46.0-255,66,48818,46,317394
11303,0.000752,74.125.130.0-255,1484,50302,46,317394
11304,0.000761,74.125.130.0-255,2902,53204,46,317394
11305,0.000765,172.31.46.0-255,66,53270,46,317394
11306,0.000769,74.125.130.0-255,1484,54754,46,317394
11307,0.000787,74.125.130.0-255,2902,57656,46,317394
11308,0.00079,172.31.46.0-255,66,57722,46,317394
11309,0.000796,74.125.130.0-255,5738,63460,46,317394
11310,0.000798,172.31.46.0-255,66,63526,46,317394
11311,0.000834,74.125.130.0-255,2543,66069,46,317394
11312,0.000838,172.31.46.0-255,66,66135,46,317394
11313,0.000897,74.125.130.0-255,1484,67619,46,317394
11314,0.000911,74.125.130.0-255,2902,70521,46,317394
11315,0.000914,172.31.46.0-255,66,70587,46,317394
11316,0.000918,74.125.130.0-255,1484,72071,46,317394
11317,0.000933,74.125.130.0-255,2902,74973,46,317394
11318,0.000936,172.31.46.0-255,66,75039,46,317394
11319,0.000957,74.125.130.0-255,5738,80777,46,317394
11320,0.00096,172.31.46.0-255,66,80843,46,317394
11321,0.000991,74.125.130.0-255,5379,86222,46,317394
11322,0.000995,172.31.46.0-255,66,86288,46,317394
11323,0.001001,74.125.130.0-255,5738,92026,46,317394
11324,0.001003,172.31.46.0-255,66,92092,46,317394
11325,0.001053,172.31.46.0-255,66,92158,46,317394
11326,0.001429,74.125.130.0-255,1484,93642,46,317394
11327,0.001447,74.125.130.0-255,2902,96544,46,317394
11328,0.001451,172.31.46.0-255,66,96610,46,317394
11329,0.001455,74.125.130.0-255,1484,98094,46,317394
11330,0.001469,74.125.130.0-255,4320,102414,46,317394
11331,0.001472,172.31.46.0-255,66,102480,46,317394
11332,0.001476,74.125.130.0-255,2902,105382,46,317394
11333,0.001479,172.31.46.0-255,66,105448,46,317394
11334,0.001483,74.125.130.0-255,2902,108350,46,317394
11335,0.001485,172.31.46.0-255,66,108416,46,317394
11336,0.001499,74.125.130.0-255,1484,109900,46,317394
11337,0.001503,74.125.130.0-255,2902,112802,46,317394
11338,0.001506,172.31.46.0-255,66,112868,46,317394
11339,0.001532,74.125.130.0-255,5738,118606,46,317394
11340,0.001534,172.31.46.0-255,66,118672,46,317394
11341,0.001543,172.31.46.0-255,66,118738,46,317394
11342,0.002156,74.125.130.0-255,1484,120222,46,317394
11343,0.002167,74.125.130.0-255,2902,123124,46,317394
11344,0.002169,172.31.46.0-255,66,123190,46,317394
11345,0.002185,74.125.130.0-255,1484,124674,46,317394
11346,0.002199,74.125.130.0-255,2902,127576,46,317394
11347,0.002202,172.31.46.0-255,66,127642,46,317394
11348,0.002204,74.125.130.0-255,1484,129126,46,317394
11349,0.002242,74.125.130.0-255,7156,136282,46,317394
11350,0.002244,172.31.46.0-255,66,136348,46,317394
11351,0.002249,74.125.130.0-255,4320,140668,46,317394
11352,0.002251,172.31.46.0-255,66,140734,46,317394
11353,0.002263,74.125.130.0-255,1484,142218,46,317394
11354,0.002266,74.125.130.0-255,1484,143702,46,317394
11355,0.002267,172.31.46.0-255,66,143768,46,317394
11356,0.002282,74.125.130.0-255,5738,149506,46,317394
11357,0.002284,172.31.46.0-255,66,149572,46,317394
11358,0.002308,74.125.130.0-255,3602,153174,46,317394
11359,0.00231,172.31.46.0-255,66,153240,46,317394
11360,0.002333,74.125.130.0-255,2902,156142,46,317394
11361,0.002335,172.31.46.0-255,66,156208,46,317394
11362,0.002352,74.125.130.0-255,4320,160528,46,317394
11363,0.002355,172.31.46.0-255,66,160594,46,317394
11364,0.00237,74.125.130.0-255,1484,162078,46,317394
11365,0.002389,74.125.130.0-255,7156,169234,46,317394
11366,0.002392,172.31.46.0-255,66,169300,46,317394
11367,0.002395,74.125.130.0-255,2902,172202,46,317394
11368,0.002398,172.31.46.0-255,66,172268,46,317394
11369,0.002403,74.125.130.0-255,4320,176588,46,317394
11370,0.002405,172.31.46.0-255,66,176654,46,317394
11371,0.002444,74.125.130.0-255,1484,178138,46,317394
11372,0.002464,74.125.130.0-255,7156,185294,46,317394
11373,0.002467,172.31.46.0-255,66,185360,46,317394
11374,0.002483,74.125.130.0-255,2184,187544,46,317394
11375,0.002485,172.31.46.0-255,66,187610,46,317394
11376,0.002677,74.125.130.0-255,1484,189094,46,317394
11377,0.002693,74.125.130.0-255,2902,191996,46,317394
11378,0.002696,172.31.46.0-255,66,192062,46,317394
11379,0.002716,74.125.130.0-255,5738,197800,46,317394
11380,0.002718,172.31.46.0-255,66,197866,46,317394
11381,0.00276,172.31.46.0-255,66,197932,46,317394
11382,0.002764,74.125.130.0-255,2902,200834,46,317394
11383,0.002766,172.31.46.0-255,66,200900,46,317394
11384,0.002781,74.125.130.0-255,7156,208056,46,317394
11385,0.002784,172.31.46.0-255,66,208122,46,317394
11386,0.002804,74.125.130.0-255,2184,210306,46,317394
11387,0.002806,172.31.46.0-255,66,210372,46,317394
11388,0.002899,74.125.130.0-255,1484,211856,46,317394
11389,0.002919,74.125.130.0-255,2902,214758,46,317394
11390,0.002924,172.31.46.0-255,66,214824,46,317394
11391,0.00294,74.125.130.0-255,4320,219144,46,317394
11392,0.002943,172.31.46.0-255,66,219210,46,317394
11393,0.002946,74.125.130.0-255,1484,220694,46,317394
11394,0.002955,74.125.130.0-255,2902,223596,46,317394
11395,0.002958,172.31.46.0-255,66,223662,46,317394
11396,0.00296,74.125.130.0-255,1484,225146,46,317394
11397,0.002985,74.125.130.0-255,4320,229466,46,317394
11398,0.002988,172.31.46.0-255,66,229532,46,317394
11399,0.002993,74.125.130.0-255,4320,233852,46,317394
11400,0.002995,172.31.46.0-255,66,233918,46,317394
11401,0.002998,74.125.130.0-255,1484,235402,46,317394
11402,0.003021,74.125.130.0-255,4320,239722,46,317394
11403,0.003024,172.31.46.0-255,66,239788,46,317394
11404,0.003061,74.125.130.0-255,5020,244808,46,317394
11405,0.003065,172.31.46.0-255,66,244874,46,317394
11406,0.00307,74.125.130.0-255,2902,247776,46,317394
11407,0.003073,172.31.46.0-255,66,247842,46,317394
11408,0.003144,172.31.46.0-255,66,247908,46,317394
11409,0.003158,172.31.46.0-255,66,247974,46,317394
11410,0.003163,74.125.130.0-255,5738,253712,46,317394
11411,0.003166,172.31.46.0-255,66,253778,46,317394
11412,0.003168,74.125.130.0-255,766,254544,46,317394
11413,0.003191,74.125.130.0-255,1484,256028,46,317394
11414,0.003194,172.31.46.0-255,66,256094,46,317394
11415,0.0032,74.125.130.0-255,4320,260414,46,317394
11416,0.003202,172.31.46.0-255,66,260480,46,317394
11417,0.003215,74.125.130.0-255,1484,261964,46,317394
11418,0.003235,74.125.130.0-255,4320,266284,46,317394
11419,0.003238,172.31.46.0-255,66,266350,46,317394
11420,0.003265,172.31.46.0-255,66,266416,46,317394
11421,0.003311,74.125.130.0-255,1484,267900,46,317394
11422,0.003327,172.31.46.0-255,66,267966,46,317394
11423,0.00333,74.125.130.0-255,766,268732,46,317394
11424,0.003333,74.125.130.0-255,1484,270216,46,317394
11425,0.003336,172.31.46.0-255,66,270282,46,317394
11426,0.003339,74.125.130.0-255,1484,271766,46,317394
11427,0.003355,74.125.130.0-255,2902,274668,46,317394
11428,0.003358,172.31.46.0-255,66,274734,46,317394
11429,0.003382,74.125.130.0-255,5738,280472,46,317394
11430,0.003386,172.31.46.0-255,66,280538,46,317394
11431,0.003407,74.125.130.0-255,4320,284858,46,317394
11432,0.00341,172.31.46.0-255,66,284924,46,317394
11433,0.003438,74.125.130.0-255,5738,290662,46,317394
11434,0.003442,172.31.46.0-255,66,290728,46,317394
11435,0.003455,172.31.46.0-255,66,290794,46,317394
11436,0.003459,74.125.130.0-255,2184,292978,46,317394
11437,0.003463,74.125.130.0-255,2902,295880,46,317394
11438,0.003463,172.31.46.0-255,66,295946,46,317394
11439,0.003467,172.31.46.0-255,66,296012,46,317394
11440,0.003482,74.125.130.0-255,1484,297496,46,317394
11441,0.003504,74.125.130.0-255,4320,301816,46,317394
11442,0.003508,172.31.46.0-255,66,301882,46,317394
11443,0.003511,74.125.130.0-255,1484,303366,46,317394
11444,0.003533,74.125.130.0-255,2902,306268,46,317394
11445,0.003537,172.31.46.0-255,66,306334,46,317394
11446,0.00354,74.125.130.0-255,1308,307642,46,317394
11447,0.003543,74.125.130.0-255,97,307739,46,317394
11448,0.003596,74.125.130.0-255,105,307844,46,317394
11449,0.003688,172.31.46.0-255,101,307945,46,317394
11450,0.005647,74.125.130.0-255,66,308011,46,317394
11451,0.006007,172.31.46.0-255,105,308116,46,317394
11452,0.007967,74.125.130.0-255,66,308182,46,317394
11453,0.031931,172.31.46.0-255,172,308354,46,317394
11454,0.031961,172.31.46.0-255,1115,309469,46,317394
11455,0.032007,172.31.46.0-255,1514,310983,46,317394
11456,0.032009,172.31.46.0-255,1514,312497,46,317394
11457,0.03201,172.31.46.0-255,1514,314011,46,317394
11458,0.032012,172.31.46.0-255,1514,315525,46,317394
11459,0.032036,172.31.46.0-255,1497,317022,46,317394
11460,0.033492,104.244.42.0-255,66,317088,46,317394
11461,0.033543,104.244.42.0-255,66,317154,46,317394
11462,0.033615,104.244.42.0-255,66,317220,46,317394
11463,0.034148,104.244.42.0-255,108,317328,46,317394
11464,0.034184,172.31.46.0-255,66,317394,46,317394
11465,0.0,74.125.24.0-255,149,149,46,267129
11466,2e-05,172.31.46.0-255,66,215,46,267129
11467,2.6e-05,74.125.24.0-255,1484,1699,46,267129
11468,3e-05,172.31.46.0-255,66,1765,46,267129
11469,3.4e-05,74.125.24.0-255,2902,4667,46,267129
11470,3.7e-05,172.31.46.0-255,66,4733,46,267129
11471,5.1e-05,74.125.24.0-255,7156,11889,46,267129
11472,5.4e-05,172.31.46.0-255,66,11955,46,267129
11473,5.8e-05,74.125.24.0-255,2902,14857,46,267129
11474,6.1e-05,172.31.46.0-255,66,14923,46,267129
11475,8.4e-05,74.125.24.0-255,4848,19771,46,267129
11476,9.1e-05,172.31.46.0-255,66,19837,46,267129
11477,9.4e-05,74.125.24.0-255,1484,21321,46,267129
11478,9.5e-05,172.31.46.0-255,66,21387,46,267129
11479,0.000145,172.31.46.0-255,66,21453,46,267129
11480,0.000166,74.125.24.0-255,1125,22578,46,267129
11481,0.000168,172.31.46.0-255,66,22644,46,267129
11482,0.000316,74.125.24.0-255,1484,24128,46,267129
11483,0.00032,172.31.46.0-255,66,24194,46,267129
11484,0.000326,74.125.24.0-255,2902,27096,46,267129
11485,0.000328,172.31.46.0-255,66,27162,46,267129
11486,0.000332,74.125.24.0-255,2902,30064,46,267129
11487,0.000334,172.31.46.0-255,66,30130,46,267129
11488,0.000371,74.125.24.0-255,7156,37286,46,267129
11489,0.000373,172.31.46.0-255,66,37352,46,267129
11490,0.000414,172.31.46.0-255,66,37418,46,267129
11491,0.000424,172.31.46.0-255,66,37484,46,267129
11492,0.000448,74.125.24.0-255,2855,40339,46,267129
11493,0.00045,172.31.46.0-255,66,40405,46,267129
11494,0.000462,74.125.24.0-255,376,40781,46,267129
11495,0.00075,74.125.24.0-255,1484,42265,46,267129
11496,0.000754,172.31.46.0-255,66,42331,46,267129
11497,0.000758,74.125.24.0-255,2902,45233,46,267129
11498,0.00076,172.31.46.0-255,66,45299,46,267129
11499,0.00078,74.125.24.0-255,5738,51037,46,267129
11500,0.000782,172.31.46.0-255,66,51103,46,267129
11501,0.000793,74.125.24.0-255,7156,58259,46,267129
11502,0.000795,172.31.46.0-255,66,58325,46,267129
11503,0.000821,74.125.24.0-255,4320,62645,46,267129
11504,0.000826,172.31.46.0-255,66,62711,46,267129
11505,0.000849,74.125.24.0-255,5738,68449,46,267129
11506,0.000852,172.31.46.0-255,66,68515,46,267129
11507,0.000877,74.125.24.0-255,6438,74953,46,267129
11508,0.000885,172.31.46.0-255,66,75019,46,267129
11509,0.001132,74.125.24.0-255,1484,76503,46,267129
11510,0.001137,74.125.24.0-255,1484,77987,46,267129
11511,0.001139,172.31.46.0-255,66,78053,46,267129
11512,0.001165,74.125.24.0-255,1484,79537,46,267129
11513,0.001171,74.125.24.0-255,5738,85275,46,267129
11514,0.001173,172.31.46.0-255,66,85341,46,267129
11515,0.001205,172.31.46.0-255,66,85407,46,267129
11516,0.001239,74.125.24.0-255,5738,91145,46,267129
11517,0.001242,172.31.46.0-255,66,91211,46,267129
11518,0.001266,74.125.24.0-255,5020,96231,46,267129
11519,0.001268,172.31.46.0-255,66,96297,46,267129
11520,0.001562,74.125.24.0-255,1484,97781,46,267129
11521,0.001576,74.125.24.0-255,2902,100683,46,267129
11522,0.001578,172.31.46.0-255,66,100749,46,267129
11523,0.001582,74.125.24.0-255,1484,102233,46,267129
11524,0.001604,74.125.24.0-255,4320,106553,46,267129
11525,0.001606,172.31.46.0-255,66,106619,46,267129
11526,0.001611,74.125.24.0-255,4320,110939,46,267129
11527,0.001613,172.31.46.0-255,66,111005,46,267129
11528,0.001616,74.125.24.0-255,1484,112489,46,267129
11529,0.001642,172.31.46.0-255,66,112555,46,267129
11530,0.001677,172.31.46.0-255,66,112621,46,267129
11531,0.002146,74.125.24.0-255,1484,114105,46,267129
11532,0.002157,74.125.24.0-255,2902,117007,46,267129
11533,0.002161,172.31.46.0-255,66,117073,46,267129
11534,0.002166,74.125.24.0-255,1484,118557,46,267129
11535,0.002194,74.125.24.0-255,4320,122877,46,267129
11536,0.002196,172.31.46.0-255,66,122943,46,267129
11537,0.002199,74.125.24.0-255,1484,124427,46,267129
11538,0.00224,172.31.46.0-255,66,124493,46,267129
11539,0.002276,172.31.46.0-255,66,124559,46,267129
11540,0.004605,74.125.24.0-255,5738,130297,46,267129
11541,0.004612,172.31.46.0-255,66,130363,46,267129
11542,0.006953,74.125.24.0-255,5738,136101,46,267129
11543,0.006959,172.31.46.0-255,66,136167,46,267129
11544,0.009313,74.125.24.0-255,5738,141905,46,267129
11545,0.009322,172.31.46.0-255,66,141971,46,267129
11546,0.011686,74.125.24.0-255,5738,147709,46,267129
11547,0.011694,172.31.46.0-255,66,147775,46,267129
11548,0.014044,74.125.24.0-255,5738,153513,46,267129
11549,0.014052,172.31.46.0-255,66,153579,46,267129
11550,0.016405,74.125.24.0-255,5738,159317,46,267129
11551,0.016415,172.31.46.0-255,66,159383,46,267129
11552,0.01879,74.125.24.0-255,5738,165121,46,267129
11553,0.018798,172.31.46.0-255,66,165187,46,267129
11554,0.021145,74.125.24.0-255,5738,170925,46,267129
11555,0.021153,172.31.46.0-255,66,170991,46,267129
11556,0.023525,74.125.24.0-255,5738,176729,46,267129
11557,0.023532,172.31.46.0-255,66,176795,46,267129
11558,0.024504,172.31.46.0-255,172,176967,46,267129
11559,0.024533,172.31.46.0-255,1119,178086,46,267129
11560,0.024595,172.31.46.0-255,1514,179600,46,267129
11561,0.024597,172.31.46.0-255,403,180003,46,267129
11562,0.025884,74.125.24.0-255,5738,185741,46,267129
11563,0.025891,172.31.46.0-255,66,185807,46,267129
11564,0.026635,104.244.42.0-255,66,185873,46,267129
11565,0.028248,74.125.24.0-255,5738,191611,46,267129
11566,0.028255,172.31.46.0-255,66,191677,46,267129
11567,0.030619,74.125.24.0-255,5738,197415,46,267129
11568,0.030627,172.31.46.0-255,66,197481,46,267129
11569,0.032959,74.125.24.0-255,5738,203219,46,267129
11570,0.032966,172.31.46.0-255,66,203285,46,267129
11571,0.035306,74.125.24.0-255,5738,209023,46,267129
11572,0.035312,172.31.46.0-255,66,209089,46,267129
11573,0.037668,74.125.24.0-255,5738,214827,46,267129
11574,0.037675,172.31.46.0-255,66,214893,46,267129
11575,0.040028,74.125.24.0-255,5738,220631,46,267129
11576,0.040035,172.31.46.0-255,66,220697,46,267129
11577,0.042382,74.125.24.0-255,5738,226435,46,267129
11578,0.042389,172.31.46.0-255,66,226501,46,267129
11579,0.04474,74.125.24.0-255,5738,232239,46,267129
11580,0.044747,172.31.46.0-255,66,232305,46,267129
11581,0.047096,74.125.24.0-255,5738,238043,46,267129
11582,0.047102,172.31.46.0-255,66,238109,46,267129
11583,0.049449,74.125.24.0-255,5738,243847,46,267129
11584,0.049454,172.31.46.0-255,66,243913,46,267129
11585,0.051802,74.125.24.0-255,5738,249651,46,267129
11586,0.051807,172.31.46.0-255,66,249717,46,267129
11587,0.054153,74.125.24.0-255,5738,255455,46,267129
11588,0.054161,172.31.46.0-255,66,255521,46,267129
11589,0.056521,74.125.24.0-255,5738,261259,46,267129
11590,0.056527,172.31.46.0-255,66,261325,46,267129
11591,0.058886,74.125.24.0-255,5738,267063,46,267129
11592,0.058892,172.31.46.0-255,66,267129,46,267129
11593,0.0,172.31.46.0-255,224,224,46,290
11594,0.006759,172.217.194.0-255,66,290,46,290
11595,0.0,74.125.24.0-255,153,153,46,254094
11596,2.3e-05,172.31.46.0-255,66,219,46,254094
11597,3e-05,74.125.24.0-255,1484,1703,46,254094
11598,3.5e-05,172.31.46.0-255,66,1769,46,254094
11599,4.9e-05,74.125.24.0-255,2902,4671,46,254094
11600,5.2e-05,172.31.46.0-255,66,4737,46,254094
11601,5.8e-05,74.125.24.0-255,2902,7639,46,254094
11602,6.1e-05,172.31.46.0-255,66,7705,46,254094
11603,8.5e-05,74.125.24.0-255,4320,12025,46,254094
11604,9.2e-05,172.31.46.0-255,66,12091,46,254094
11605,0.00011,172.31.46.0-255,66,12157,46,254094
11606,0.000114,74.125.24.0-255,2543,14700,46,254094
11607,0.000116,172.31.46.0-255,66,14766,46,254094
11608,0.000198,74.125.24.0-255,1484,16250,46,254094
11609,0.000201,172.31.46.0-255,66,16316,46,254094
11610,0.000206,74.125.24.0-255,2902,19218,46,254094
11611,0.000208,172.31.46.0-255,66,19284,46,254094
11612,0.000252,74.125.24.0-255,5738,25022,46,254094
11613,0.000255,172.31.46.0-255,66,25088,46,254094
11614,0.000261,74.125.24.0-255,5738,30826,46,254094
11615,0.000264,172.31.46.0-255,66,30892,46,254094
11616,0.000275,172.31.46.0-255,66,30958,46,254094
11617,0.000306,74.125.24.0-255,5379,36337,46,254094
11618,0.000309,172.31.46.0-255,66,36403,46,254094
11619,0.000332,74.125.24.0-255,2902,39305,46,254094
11620,0.000335,172.31.46.0-255,66,39371,46,254094
11621,0.000358,74.125.24.0-255,1125,40496,46,254094
11622,0.000361,172.31.46.0-255,66,40562,46,254094
11623,0.000525,74.125.24.0-255,645,41207,46,254094
11624,0.00053,172.31.46.0-255,66,41273,46,254094
11625,0.000672,74.125.24.0-255,1484,42757,46,254094
11626,0.000678,74.125.24.0-255,1484,44241,46,254094
11627,0.000681,172.31.46.0-255,66,44307,46,254094
11628,0.000705,74.125.24.0-255,1484,45791,46,254094
11629,0.000712,74.125.24.0-255,5738,51529,46,254094
11630,0.000716,172.31.46.0-255,66,51595,46,254094
11631,0.000741,172.31.46.0-255,66,51661,46,254094
11632,0.000743,74.125.24.0-255,1484,53145,46,254094
11633,0.00078,74.125.24.0-255,7156,60301,46,254094
11634,0.000784,172.31.46.0-255,66,60367,46,254094
11635,0.000791,74.125.24.0-255,6797,67164,46,254094
11636,0.000793,172.31.46.0-255,66,67230,46,254094
11637,0.001079,74.125.24.0-255,1484,68714,46,254094
11638,0.001097,74.125.24.0-255,2902,71616,46,254094
11639,0.001101,172.31.46.0-255,66,71682,46,254094
11640,0.001108,74.125.24.0-255,5738,77420,46,254094
11641,0.00111,172.31.46.0-255,66,77486,46,254094
11642,0.001118,74.125.24.0-255,1484,78970,46,254094
11643,0.001161,172.31.46.0-255,66,79036,46,254094
11644,0.001169,74.125.24.0-255,7156,86192,46,254094
11645,0.001171,172.31.46.0-255,66,86258,46,254094
11646,0.00121,74.125.24.0-255,3602,89860,46,254094
11647,0.001214,172.31.46.0-255,66,89926,46,254094
11648,0.001252,74.125.24.0-255,1484,91410,46,254094
11649,0.001257,74.125.24.0-255,2902,94312,46,254094
11650,0.00126,172.31.46.0-255,66,94378,46,254094
11651,0.001278,74.125.24.0-255,2902,97280,46,254094
11652,0.00128,172.31.46.0-255,66,97346,46,254094
11653,0.001308,74.125.24.0-255,2902,100248,46,254094
11654,0.00131,172.31.46.0-255,66,100314,46,254094
11655,0.001321,172.31.46.0-255,66,100380,46,254094
11656,0.001354,74.125.24.0-255,2902,103282,46,254094
11657,0.001358,172.31.46.0-255,66,103348,46,254094
11658,0.001381,172.31.46.0-255,66,103414,46,254094
11659,0.001411,74.125.24.0-255,3602,107016,46,254094
11660,0.001414,172.31.46.0-255,66,107082,46,254094
11661,0.001491,74.125.24.0-255,1484,108566,46,254094
11662,0.001495,74.125.24.0-255,1484,110050,46,254094
11663,0.001498,172.31.46.0-255,66,110116,46,254094
11664,0.001523,74.125.24.0-255,1484,111600,46,254094
11665,0.001531,74.125.24.0-255,5738,117338,46,254094
11666,0.001533,172.31.46.0-255,66,117404,46,254094
11667,0.001539,74.125.24.0-255,5738,123142,46,254094
11668,0.001541,172.31.46.0-255,66,123208,46,254094
11669,0.001588,74.125.24.0-255,1484,124692,46,254094
11670,0.001604,172.31.46.0-255,66,124758,46,254094
11671,0.001609,74.125.24.0-255,2184,126942,46,254094
11672,0.001611,172.31.46.0-255,66,127008,46,254094
11673,0.001741,74.125.24.0-255,1484,128492,46,254094
11674,0.001746,74.125.24.0-255,2902,131394,46,254094
11675,0.001752,172.31.46.0-255,66,131460,46,254094
11676,0.001765,74.125.24.0-255,5738,137198,46,254094
11677,0.001767,172.31.46.0-255,66,137264,46,254094
11678,0.001775,74.125.24.0-255,1484,138748,46,254094
11679,0.001808,172.31.46.0-255,66,138814,46,254094
11680,0.001832,172.31.46.0-255,66,138880,46,254094
11681,0.001864,74.125.24.0-255,5020,143900,46,254094
11682,0.00191,172.31.46.0-255,66,143966,46,254094
11683,0.001913,172.31.46.0-255,66,144032,46,254094
11684,0.001955,172.31.46.0-255,66,144098,46,254094
11685,0.002032,74.125.24.0-255,1484,145582,46,254094
11686,0.002044,74.125.24.0-255,1484,147066,46,254094
11687,0.002047,172.31.46.0-255,66,147132,46,254094
11688,0.002076,74.125.24.0-255,1484,148616,46,254094
11689,0.002082,74.125.24.0-255,5738,154354,46,254094
11690,0.002085,172.31.46.0-255,66,154420,46,254094
11691,0.002088,74.125.24.0-255,1484,155904,46,254094
11692,0.002112,74.125.24.0-255,7156,163060,46,254094
11693,0.002114,172.31.46.0-255,66,163126,46,254094
11694,0.002161,74.125.24.0-255,4320,167446,46,254094
11695,0.002165,172.31.46.0-255,66,167512,46,254094
11696,0.002202,172.31.46.0-255,66,167578,46,254094
11697,0.002205,74.125.24.0-255,1484,169062,46,254094
11698,0.002209,74.125.24.0-255,1484,170546,46,254094
11699,0.002211,172.31.46.0-255,66,170612,46,254094
11700,0.002236,74.125.24.0-255,1484,172096,46,254094
11701,0.002242,74.125.24.0-255,5738,177834,46,254094
11702,0.002248,74.125.24.0-255,5738,183572,46,254094
11703,0.002265,172.31.46.0-255,66,183638,46,254094
11704,0.002269,172.31.46.0-255,66,183704,46,254094
11705,0.002291,74.125.24.0-255,5738,189442,46,254094
11706,0.002293,172.31.46.0-255,66,189508,46,254094
11707,0.002325,74.125.24.0-255,7156,196664,46,254094
11708,0.002328,172.31.46.0-255,66,196730,46,254094
11709,0.002335,74.125.24.0-255,5020,201750,46,254094
11710,0.002337,172.31.46.0-255,66,201816,46,254094
11711,0.002365,74.125.24.0-255,4320,206136,46,254094
11712,0.002368,172.31.46.0-255,66,206202,46,254094
11713,0.002402,172.31.46.0-255,66,206268,46,254094
11714,0.002428,74.125.24.0-255,4320,210588,46,254094
11715,0.00243,172.31.46.0-255,66,210654,46,254094
11716,0.002436,74.125.24.0-255,4320,214974,46,254094
11717,0.002438,172.31.46.0-255,66,215040,46,254094
11718,0.002462,74.125.24.0-255,5738,220778,46,254094
11719,0.002464,172.31.46.0-255,66,220844,46,254094
11720,0.002489,74.125.24.0-255,6438,227282,46,254094
11721,0.002492,172.31.46.0-255,66,227348,46,254094
11722,0.005119,74.125.24.0-255,4320,231668,46,254094
11723,0.005126,172.31.46.0-255,66,231734,46,254094
11724,0.005156,74.125.24.0-255,1484,233218,46,254094
11725,0.007709,74.125.24.0-255,4320,237538,46,254094
11726,0.007716,172.31.46.0-255,66,237604,46,254094
11727,0.01033,74.125.24.0-255,5738,243342,46,254094
11728,0.010336,172.31.46.0-255,66,243408,46,254094
11729,0.012936,74.125.24.0-255,1411,244819,46,254094
11730,0.015984,172.31.46.0-255,66,244885,46,254094
11731,0.016025,172.31.46.0-255,105,244990,46,254094
11732,0.018617,74.125.24.0-255,66,245056,46,254094
11733,0.033111,172.31.46.0-255,172,245228,46,254094
11734,0.033152,172.31.46.0-255,1114,246342,46,254094
11735,0.033211,172.31.46.0-255,1514,247856,46,254094
11736,0.033213,172.31.46.0-255,1514,249370,46,254094
11737,0.033214,172.31.46.0-255,1514,250884,46,254094
11738,0.033219,172.31.46.0-255,1514,252398,46,254094
11739,0.03322,172.31.46.0-255,1498,253896,46,254094
11740,0.034683,104.244.42.0-255,66,253962,46,254094
11741,0.034749,104.244.42.0-255,66,254028,46,254094
11742,0.034833,104.244.42.0-255,66,254094,46,254094
11743,0.0,74.125.24.0-255,146,146,46,268626
11744,1.5e-05,172.31.46.0-255,66,212,46,268626
11745,2.1e-05,74.125.24.0-255,1484,1696,46,268626
11746,2.6e-05,172.31.46.0-255,66,1762,46,268626
11747,3.9e-05,74.125.24.0-255,2902,4664,46,268626
11748,4.2e-05,172.31.46.0-255,66,4730,46,268626
11749,4.9e-05,74.125.24.0-255,7156,11886,46,268626
11750,5.2e-05,172.31.46.0-255,66,11952,46,268626
11751,5.6e-05,74.125.24.0-255,2037,13989,46,268626
11752,5.8e-05,172.31.46.0-255,66,14055,46,268626
11753,0.000253,74.125.24.0-255,1484,15539,46,268626
11754,0.000258,172.31.46.0-255,66,15605,46,268626
11755,0.000264,74.125.24.0-255,2902,18507,46,268626
11756,0.000267,172.31.46.0-255,66,18573,46,268626
11757,0.00027,74.125.24.0-255,1484,20057,46,268626
11758,0.000272,172.31.46.0-255,66,20123,46,268626
11759,0.000303,74.125.24.0-255,4320,24443,46,268626
11760,0.000307,172.31.46.0-255,66,24509,46,268626
11761,0.000319,74.125.24.0-255,6797,31306,46,268626
11762,0.000321,172.31.46.0-255,66,31372,46,268626
11763,0.000325,74.125.24.0-255,2902,34274,46,268626
11764,0.000327,172.31.46.0-255,66,34340,46,268626
11765,0.000359,74.125.24.0-255,4320,38660,46,268626
11766,0.000362,172.31.46.0-255,66,38726,46,268626
11767,0.000373,172.31.46.0-255,66,38792,46,268626
11768,0.0004,74.125.24.0-255,1484,40276,46,268626
11769,0.000402,172.31.46.0-255,66,40342,46,268626
11770,0.000436,172.31.46.0-255,66,40408,46,268626
11771,0.000445,74.125.24.0-255,6797,47205,46,268626
11772,0.000447,172.31.46.0-255,66,47271,46,268626
11773,0.00045,74.125.24.0-255,398,47669,46,268626
11774,0.00057,74.125.24.0-255,111,47780,46,268626
11775,0.000967,74.125.24.0-255,1484,49264,46,268626
11776,0.000972,172.31.46.0-255,66,49330,46,268626
11777,0.000977,74.125.24.0-255,2902,52232,46,268626
11778,0.000979,172.31.46.0-255,66,52298,46,268626
11779,0.00101,74.125.24.0-255,5738,58036,46,268626
11780,0.001013,172.31.46.0-255,66,58102,46,268626
11781,0.001019,74.125.24.0-255,5738,63840,46,268626
11782,0.001021,172.31.46.0-255,66,63906,46,268626
11783,0.001038,74.125.24.0-255,1125,65031,46,268626
11784,0.00109,172.31.46.0-255,66,65097,46,268626
11785,0.001116,74.125.24.0-255,2902,67999,46,268626
11786,0.001119,172.31.46.0-255,66,68065,46,268626
11787,0.001142,74.125.24.0-255,2543,70608,46,268626
11788,0.001144,172.31.46.0-255,66,70674,46,268626
11789,0.00163,74.125.24.0-255,1484,72158,46,268626
11790,0.00164,74.125.24.0-255,2902,75060,46,268626
11791,0.001644,172.31.46.0-255,66,75126,46,268626
11792,0.001648,74.125.24.0-255,1484,76610,46,268626
11793,0.001682,74.125.24.0-255,4320,80930,46,268626
11794,0.001686,172.31.46.0-255,66,80996,46,268626
11795,0.001691,74.125.24.0-255,4320,85316,46,268626
11796,0.001693,172.31.46.0-255,66,85382,46,268626
11797,0.001724,74.125.24.0-255,1484,86866,46,268626
11798,0.001761,172.31.46.0-255,66,86932,46,268626
11799,0.001772,172.31.46.0-255,66,86998,46,268626
11800,0.00182,74.125.24.0-255,1484,88482,46,268626
11801,0.001824,74.125.24.0-255,1484,89966,46,268626
11802,0.001827,172.31.46.0-255,66,90032,46,268626
11803,0.001855,74.125.24.0-255,1484,91516,46,268626
11804,0.001862,74.125.24.0-255,5738,97254,46,268626
11805,0.001864,172.31.46.0-255,66,97320,46,268626
11806,0.001878,74.125.24.0-255,2902,100222,46,268626
11807,0.00188,172.31.46.0-255,66,100288,46,268626
11808,0.001918,172.31.46.0-255,66,100354,46,268626
11809,0.001936,172.31.46.0-255,66,100420,46,268626
11810,0.001975,74.125.24.0-255,1484,101904,46,268626
11811,0.001996,74.125.24.0-255,2902,104806,46,268626
11812,0.002,172.31.46.0-255,66,104872,46,268626
11813,0.002003,74.125.24.0-255,1484,106356,46,268626
11814,0.002032,74.125.24.0-255,4320,110676,46,268626
11815,0.002036,172.31.46.0-255,66,110742,46,268626
11816,0.002043,74.125.24.0-255,7156,117898,46,268626
11817,0.002045,172.31.46.0-255,66,117964,46,268626
11818,0.002059,74.125.24.0-255,1484,119448,46,268626
11819,0.002095,172.31.46.0-255,66,119514,46,268626
11820,0.002099,74.125.24.0-255,2184,121698,46,268626
11821,0.002101,172.31.46.0-255,66,121764,46,268626
11822,0.002192,74.125.24.0-255,1484,123248,46,268626
11823,0.002199,74.125.24.0-255,2902,126150,46,268626
11824,0.002204,172.31.46.0-255,66,126216,46,268626
11825,0.002235,74.125.24.0-255,5738,131954,46,268626
11826,0.002238,172.31.46.0-255,66,132020,46,268626
11827,0.002244,74.125.24.0-255,4320,136340,46,268626
11828,0.002246,172.31.46.0-255,66,136406,46,268626
11829,0.00229,172.31.46.0-255,66,136472,46,268626
11830,0.0023,172.31.46.0-255,66,136538,46,268626
11831,0.002436,74.125.24.0-255,1484,138022,46,268626
11832,0.002443,74.125.24.0-255,2902,140924,46,268626
11833,0.002446,172.31.46.0-255,66,140990,46,268626
11834,0.002526,74.125.24.0-255,4320,145310,46,268626
11835,0.002531,172.31.46.0-255,66,145376,46,268626
11836,0.002565,74.125.24.0-255,5738,151114,46,268626
11837,0.002568,172.31.46.0-255,66,151180,46,268626
11838,0.002594,74.125.24.0-255,7156,158336,46,268626
11839,0.002597,172.31.46.0-255,66,158402,46,268626
11840,0.002624,74.125.24.0-255,4320,162722,46,268626
11841,0.002626,172.31.46.0-255,66,162788,46,268626
11842,0.002632,74.125.24.0-255,4320,167108,46,268626
11843,0.002635,172.31.46.0-255,66,167174,46,268626
11844,0.002637,74.125.24.0-255,1484,168658,46,268626
11845,0.002663,74.125.24.0-255,2184,170842,46,268626
11846,0.002666,172.31.46.0-255,66,170908,46,268626
11847,0.002818,74.125.24.0-255,1484,172392,46,268626
11848,0.002822,74.125.24.0-255,1484,173876,46,268626
11849,0.002824,172.31.46.0-255,66,173942,46,268626
11850,0.002851,74.125.24.0-255,1484,175426,46,268626
11851,0.002858,74.125.24.0-255,5738,181164,46,268626
11852,0.00286,172.31.46.0-255,66,181230,46,268626
11853,0.002883,74.125.24.0-255,1484,182714,46,268626
11854,0.002908,74.125.24.0-255,1484,184198,46,268626
11855,0.002911,172.31.46.0-255,66,184264,46,268626
11856,0.002914,74.125.24.0-255,1484,185748,46,268626
11857,0.002934,74.125.24.0-255,2902,188650,46,268626
11858,0.002937,172.31.46.0-255,66,188716,46,268626
11859,0.00295,74.125.24.0-255,2902,191618,46,268626
11860,0.002952,172.31.46.0-255,66,191684,46,268626
11861,0.002984,74.125.24.0-255,7156,198840,46,268626
11862,0.002986,172.31.46.0-255,66,198906,46,268626
11863,0.002993,74.125.24.0-255,6438,205344,46,268626
11864,0.002996,172.31.46.0-255,66,205410,46,268626
11865,0.002999,74.125.24.0-255,1484,206894,46,268626
11866,0.003008,74.125.24.0-255,2902,209796,46,268626
11867,0.00301,172.31.46.0-255,66,209862,46,268626
11868,0.003072,74.125.24.0-255,5738,215600,46,268626
11869,0.003075,172.31.46.0-255,66,215666,46,268626
11870,0.003078,74.125.24.0-255,1484,217150,46,268626
11871,0.003083,74.125.24.0-255,2902,220052,46,268626
11872,0.003089,74.125.24.0-255,5738,225790,46,268626
11873,0.003099,74.125.24.0-255,4320,230110,46,268626
11874,0.003149,74.125.24.0-255,2902,233012,46,268626
11875,0.003213,74.125.24.0-255,4320,237332,46,268626
11876,0.00324,74.125.24.0-255,5738,243070,46,268626
11877,0.003244,74.125.24.0-255,1484,244554,46,268626
11878,0.00328,74.125.24.0-255,1484,246038,46,268626
11879,0.003299,74.125.24.0-255,7156,253194,46,268626
11880,0.003323,74.125.24.0-255,2902,256096,46,268626
11881,0.003329,74.125.24.0-255,3052,259148,46,268626
11882,0.003331,74.125.24.0-255,97,259245,46,268626
11883,0.003421,74.125.24.0-255,105,259350,46,268626
11884,0.003969,172.31.46.0-255,66,259416,46,268626
11885,0.00608,172.31.46.0-255,105,259521,46,268626
11886,0.008573,74.125.24.0-255,66,259587,46,268626
11887,0.0359,172.31.46.0-255,172,259759,46,268626
11888,0.035929,172.31.46.0-255,1119,260878,46,268626
11889,0.035984,172.31.46.0-255,1514,262392,46,268626
11890,0.035986,172.31.46.0-255,1514,263906,46,268626
11891,0.035987,172.31.46.0-255,1514,265420,46,268626
11892,0.035992,172.31.46.0-255,1514,266934,46,268626
11893,0.035993,172.31.46.0-255,1494,268428,46,268626
11894,0.03747,104.244.42.0-255,66,268494,46,268626
11895,0.037513,104.244.42.0-255,66,268560,46,268626
11896,0.037612,104.244.42.0-255,66,268626,46,268626
11897,0.0,74.125.24.0-255,146,146,46,213597
11898,1.7e-05,172.31.46.0-255,66,212,46,213597
11899,2.4e-05,74.125.24.0-255,1484,1696,46,213597
11900,2.8e-05,172.31.46.0-255,66,1762,46,213597
11901,3.3e-05,74.125.24.0-255,2902,4664,46,213597
11902,4.2e-05,172.31.46.0-255,66,4730,46,213597
11903,4.9e-05,74.125.24.0-255,5738,10468,46,213597
11904,5.2e-05,172.31.46.0-255,66,10534,46,213597
11905,0.000103,74.125.24.0-255,3446,13980,46,213597
11906,0.000106,172.31.46.0-255,66,14046,46,213597
11907,0.000133,74.125.24.0-255,2902,16948,46,213597
11908,0.000135,172.31.46.0-255,66,17014,46,213597
11909,0.000162,74.125.24.0-255,1484,18498,46,213597
11910,0.000164,172.31.46.0-255,66,18564,46,213597
11911,0.000169,74.125.24.0-255,2902,21466,46,213597
11912,0.000171,172.31.46.0-255,66,21532,46,213597
11913,0.000186,172.31.46.0-255,66,21598,46,213597
11914,0.000189,74.125.24.0-255,1125,22723,46,213597
11915,0.000191,172.31.46.0-255,66,22789,46,213597
11916,0.000261,74.125.24.0-255,1484,24273,46,213597
11917,0.000264,172.31.46.0-255,66,24339,46,213597
11918,0.000282,74.125.24.0-255,2902,27241,46,213597
11919,0.000285,172.31.46.0-255,66,27307,46,213597
11920,0.000291,74.125.24.0-255,5738,33045,46,213597
11921,0.000294,172.31.46.0-255,66,33111,46,213597
11922,0.000319,74.125.24.0-255,5738,38849,46,213597
11923,0.000322,172.31.46.0-255,66,38915,46,213597
11924,0.000353,74.125.24.0-255,7156,46071,46,213597
11925,0.000356,172.31.46.0-255,66,46137,46,213597
11926,0.000394,74.125.24.0-255,6797,52934,46,213597
11927,0.000397,172.31.46.0-255,66,53000,46,213597
11928,0.000402,74.125.24.0-255,4274,57274,46,213597
11929,0.000405,172.31.46.0-255,66,57340,46,213597
11930,0.000694,74.125.24.0-255,110,57450,46,213597
11931,0.000734,74.125.24.0-255,330,57780,46,213597
11932,0.000968,74.125.24.0-255,1484,59264,46,213597
11933,0.000974,172.31.46.0-255,66,59330,46,213597
11934,0.001003,74.125.24.0-255,2902,62232,46,213597
11935,0.001006,172.31.46.0-255,66,62298,46,213597
11936,0.001013,74.125.24.0-255,5738,68036,46,213597
11937,0.001015,172.31.46.0-255,66,68102,46,213597
11938,0.001019,74.125.24.0-255,2902,71004,46,213597
11939,0.001026,172.31.46.0-255,66,71070,46,213597
11940,0.001065,172.31.46.0-255,66,71136,46,213597
11941,0.001075,172.31.46.0-255,66,71202,46,213597
11942,0.001096,74.125.24.0-255,2184,73386,46,213597
11943,0.001099,172.31.46.0-255,66,73452,46,213597
11944,0.00114,74.125.24.0-255,1484,74936,46,213597
11945,0.001144,74.125.24.0-255,1484,76420,46,213597
11946,0.001147,172.31.46.0-255,66,76486,46,213597
11947,0.001166,74.125.24.0-255,1484,77970,46,213597
11948,0.001171,74.125.24.0-255,4320,82290,46,213597
11949,0.001177,172.31.46.0-255,66,82356,46,213597
11950,0.001184,74.125.24.0-255,1484,83840,46,213597
11951,0.001195,74.125.24.0-255,5738,89578,46,213597
11952,0.001198,172.31.46.0-255,66,89644,46,213597
11953,0.001234,172.31.46.0-255,66,89710,46,213597
11954,0.001238,74.125.24.0-255,1484,91194,46,213597
11955,0.001264,74.125.24.0-255,3602,94796,46,213597
11956,0.001269,172.31.46.0-255,66,94862,46,213597
11957,0.001609,74.125.24.0-255,1484,96346,46,213597
11958,0.001623,74.125.24.0-255,2902,99248,46,213597
11959,0.001627,172.31.46.0-255,66,99314,46,213597
11960,0.001656,74.125.24.0-255,5738,105052,46,213597
11961,0.001659,172.31.46.0-255,66,105118,46,213597
11962,0.001663,74.125.24.0-255,2902,108020,46,213597
11963,0.001665,172.31.46.0-255,66,108086,46,213597
11964,0.001699,74.125.24.0-255,7156,115242,46,213597
11965,0.001701,172.31.46.0-255,66,115308,46,213597
11966,0.001714,172.31.46.0-255,66,115374,46,213597
11967,0.001739,74.125.24.0-255,766,116140,46,213597
11968,0.002008,74.125.24.0-255,1484,117624,46,213597
11969,0.002014,172.31.46.0-255,66,117690,46,213597
11970,0.00202,74.125.24.0-255,2902,120592,46,213597
11971,0.002022,172.31.46.0-255,66,120658,46,213597
11972,0.002028,74.125.24.0-255,5738,126396,46,213597
11973,0.002035,172.31.46.0-255,66,126462,46,213597
11974,0.002084,172.31.46.0-255,66,126528,46,213597
11975,0.002101,172.31.46.0-255,66,126594,46,213597
11976,0.002126,74.125.24.0-255,1484,128078,46,213597
11977,0.002154,74.125.24.0-255,2902,130980,46,213597
11978,0.002157,172.31.46.0-255,66,131046,46,213597
11979,0.002163,74.125.24.0-255,5738,136784,46,213597
11980,0.002166,172.31.46.0-255,66,136850,46,213597
11981,0.002183,74.125.24.0-255,1484,138334,46,213597
11982,0.002217,172.31.46.0-255,66,138400,46,213597
11983,0.002233,172.31.46.0-255,66,138466,46,213597
11984,0.002256,74.125.24.0-255,2184,140650,46,213597
11985,0.002259,172.31.46.0-255,66,140716,46,213597
11986,0.0023,74.125.24.0-255,2902,143618,46,213597
11987,0.002303,172.31.46.0-255,66,143684,46,213597
11988,0.002332,74.125.24.0-255,7156,150840,46,213597
11989,0.002336,172.31.46.0-255,66,150906,46,213597
11990,0.002378,74.125.24.0-255,2902,153808,46,213597
11991,0.002381,172.31.46.0-255,66,153874,46,213597
11992,0.002414,74.125.24.0-255,5738,159612,46,213597
11993,0.002417,172.31.46.0-255,66,159678,46,213597
11994,0.002433,172.31.46.0-255,66,159744,46,213597
11995,0.002436,74.125.24.0-255,1484,161228,46,213597
11996,0.002442,74.125.24.0-255,5020,166248,46,213597
11997,0.002445,172.31.46.0-255,66,166314,46,213597
11998,0.00247,74.125.24.0-255,1484,167798,46,213597
11999,0.002475,74.125.24.0-255,2902,170700,46,213597
12000,0.002478,172.31.46.0-255,66,170766,46,213597
12001,0.002488,74.125.24.0-255,5738,176504,46,213597
12002,0.002491,172.31.46.0-255,66,176570,46,213597
12003,0.002535,172.31.46.0-255,66,176636,46,213597
12004,0.002538,74.125.24.0-255,1484,178120,46,213597
12005,0.002567,172.31.46.0-255,66,178186,46,213597
12006,0.002602,172.31.46.0-255,66,178252,46,213597
12007,0.002604,74.125.24.0-255,1484,179736,46,213597
12008,0.002628,172.31.46.0-255,66,179802,46,213597
12009,0.002634,74.125.24.0-255,5020,184822,46,213597
12010,0.002637,172.31.46.0-255,66,184888,46,213597
12011,0.002704,74.125.24.0-255,4320,189208,46,213597
12012,0.002712,74.125.24.0-255,6438,195646,46,213597
12013,0.002719,74.125.24.0-255,7156,202802,46,213597
12014,0.002733,74.125.24.0-255,1241,204043,46,213597
12015,0.002736,74.125.24.0-255,105,204148,46,213597
12016,0.007135,172.31.46.0-255,66,204214,46,213597
12017,0.008964,172.31.46.0-255,105,204319,46,213597
12018,0.01087,74.125.24.0-255,66,204385,46,213597
12019,0.037158,172.31.46.0-255,172,204557,46,213597
12020,0.037189,172.31.46.0-255,1118,205675,46,213597
12021,0.037251,172.31.46.0-255,1514,207189,46,213597
12022,0.037252,172.31.46.0-255,1514,208703,46,213597
12023,0.037254,172.31.46.0-255,1514,210217,46,213597
12024,0.037254,172.31.46.0-255,1514,211731,46,213597
12025,0.037255,172.31.46.0-255,1494,213225,46,213597
12026,0.038705,104.244.42.0-255,66,213291,46,213597
12027,0.038756,104.244.42.0-255,66,213357,46,213597
12028,0.038803,104.244.42.0-255,66,213423,46,213597
12029,0.039438,104.244.42.0-255,108,213531,46,213597
12030,0.039445,172.31.46.0-255,66,213597,46,213597
12031,0.0,74.125.24.0-255,156,156,46,260099
12032,2.1e-05,172.31.46.0-255,66,222,46,260099
12033,2.7e-05,74.125.24.0-255,1484,1706,46,260099
12034,3.2e-05,172.31.46.0-255,66,1772,46,260099
12035,4.4e-05,74.125.24.0-255,2902,4674,46,260099
12036,4.8e-05,172.31.46.0-255,66,4740,46,260099
12037,5.6e-05,74.125.24.0-255,7156,11896,46,260099
12038,5.9e-05,172.31.46.0-255,66,11962,46,260099
12039,6.3e-05,74.125.24.0-255,2066,14028,46,260099
12040,6.6e-05,172.31.46.0-255,66,14094,46,260099
12041,0.000113,172.31.46.0-255,66,14160,46,260099
12042,0.000121,74.125.24.0-255,7156,21316,46,260099
12043,0.000124,172.31.46.0-255,66,21382,46,260099
12044,0.000153,74.125.24.0-255,4320,25702,46,260099
12045,0.000155,172.31.46.0-255,66,25768,46,260099
12046,0.000174,172.31.46.0-255,66,25834,46,260099
12047,0.000202,74.125.24.0-255,2902,28736,46,260099
12048,0.000205,172.31.46.0-255,66,28802,46,260099
12049,0.000233,74.125.24.0-255,7156,35958,46,260099
12050,0.000235,172.31.46.0-255,66,36024,46,260099
12051,0.000263,74.125.24.0-255,7093,43117,46,260099
12052,0.000266,172.31.46.0-255,66,43183,46,260099
12053,0.000627,74.125.24.0-255,1484,44667,46,260099
12054,0.000632,172.31.46.0-255,66,44733,46,260099
12055,0.000638,74.125.24.0-255,2902,47635,46,260099
12056,0.00064,172.31.46.0-255,66,47701,46,260099
12057,0.00066,74.125.24.0-255,2902,50603,46,260099
12058,0.000663,172.31.46.0-255,66,50669,46,260099
12059,0.000692,74.125.24.0-255,2902,53571,46,260099
12060,0.000694,172.31.46.0-255,66,53637,46,260099
12061,0.000722,74.125.24.0-255,7111,60748,46,260099
12062,0.000751,172.31.46.0-255,66,60814,46,260099
12063,0.000816,74.125.24.0-255,1484,62298,46,260099
12064,0.00082,74.125.24.0-255,2902,65200,46,260099
12065,0.000833,172.31.46.0-255,66,65266,46,260099
12066,0.000843,74.125.24.0-255,2902,68168,46,260099
12067,0.000858,74.125.24.0-255,2902,71070,46,260099
12068,0.000863,74.125.24.0-255,4320,75390,46,260099
12069,0.000877,172.31.46.0-255,66,75456,46,260099
12070,0.000901,172.31.46.0-255,66,75522,46,260099
12071,0.000973,172.31.46.0-255,66,75588,46,260099
12072,0.001026,172.31.46.0-255,66,75654,46,260099
12073,0.001552,74.125.24.0-255,1484,77138,46,260099
12074,0.001558,74.125.24.0-255,2902,80040,46,260099
12075,0.001561,172.31.46.0-255,66,80106,46,260099
12076,0.001593,74.125.24.0-255,5738,85844,46,260099
12077,0.001606,172.31.46.0-255,66,85910,46,260099
12078,0.001638,172.31.46.0-255,66,85976,46,260099
12079,0.001644,74.125.24.0-255,5020,90996,46,260099
12080,0.001663,172.31.46.0-255,66,91062,46,260099
12081,0.002098,74.125.24.0-255,1484,92546,46,260099
12082,0.002105,74.125.24.0-255,2902,95448,46,260099
12083,0.002109,172.31.46.0-255,66,95514,46,260099
12084,0.002113,74.125.24.0-255,1484,96998,46,260099
12085,0.002145,74.125.24.0-255,4320,101318,46,260099
12086,0.002147,172.31.46.0-255,66,101384,46,260099
12087,0.002172,172.31.46.0-255,66,101450,46,260099
12088,0.002228,172.31.46.0-255,66,101516,46,260099
12089,0.002263,74.125.24.0-255,1484,103000,46,260099
12090,0.002282,74.125.24.0-255,2902,105902,46,260099
12091,0.002286,172.31.46.0-255,66,105968,46,260099
12092,0.002293,74.125.24.0-255,5738,111706,46,260099
12093,0.002358,172.31.46.0-255,66,111772,46,260099
12094,0.004664,74.125.24.0-255,5738,117510,46,260099
12095,0.004676,172.31.46.0-255,66,117576,46,260099
12096,0.006989,74.125.24.0-255,5738,123314,46,260099
12097,0.006995,172.31.46.0-255,66,123380,46,260099
12098,0.009314,74.125.24.0-255,5738,129118,46,260099
12099,0.00932,172.31.46.0-255,66,129184,46,260099
12100,0.011643,74.125.24.0-255,5738,134922,46,260099
12101,0.01165,172.31.46.0-255,66,134988,46,260099
12102,0.013948,74.125.24.0-255,5738,140726,46,260099
12103,0.013957,172.31.46.0-255,66,140792,46,260099
12104,0.016279,74.125.24.0-255,5738,146530,46,260099
12105,0.016285,172.31.46.0-255,66,146596,46,260099
12106,0.018597,74.125.24.0-255,5738,152334,46,260099
12107,0.018605,172.31.46.0-255,66,152400,46,260099
12108,0.020947,74.125.24.0-255,5738,158138,46,260099
12109,0.020954,172.31.46.0-255,66,158204,46,260099
12110,0.023262,74.125.24.0-255,5738,163942,46,260099
12111,0.023272,172.31.46.0-255,66,164008,46,260099
12112,0.025611,74.125.24.0-255,5738,169746,46,260099
12113,0.025618,172.31.46.0-255,66,169812,46,260099
12114,0.027954,74.125.24.0-255,5738,175550,46,260099
12115,0.027962,172.31.46.0-255,66,175616,46,260099
12116,0.030269,74.125.24.0-255,5738,181354,46,260099
12117,0.030277,172.31.46.0-255,66,181420,46,260099
12118,0.0326,74.125.24.0-255,5738,187158,46,260099
12119,0.032608,172.31.46.0-255,66,187224,46,260099
12120,0.034923,74.125.24.0-255,5738,192962,46,260099
12121,0.03493,172.31.46.0-255,66,193028,46,260099
12122,0.035865,172.31.46.0-255,164,193192,46,260099
12123,0.035894,172.31.46.0-255,1128,194320,46,260099
12124,0.035968,172.31.46.0-255,1514,195834,46,260099
12125,0.03597,172.31.46.0-255,1514,197348,46,260099
12126,0.035971,172.31.46.0-255,1514,198862,46,260099
12127,0.035972,172.31.46.0-255,1514,200376,46,260099
12128,0.035973,172.31.46.0-255,1485,201861,46,260099
12129,0.037224,74.125.24.0-255,5738,207599,46,260099
12130,0.037231,172.31.46.0-255,66,207665,46,260099
12131,0.037499,104.244.42.0-255,66,207731,46,260099
12132,0.037506,104.244.42.0-255,66,207797,46,260099
12133,0.037538,104.244.42.0-255,66,207863,46,260099
12134,0.039573,74.125.24.0-255,5738,213601,46,260099
12135,0.039579,172.31.46.0-255,66,213667,46,260099
12136,0.041899,74.125.24.0-255,5738,219405,46,260099
12137,0.041906,172.31.46.0-255,66,219471,46,260099
12138,0.04422,74.125.24.0-255,5738,225209,46,260099
12139,0.044226,172.31.46.0-255,66,225275,46,260099
12140,0.046556,74.125.24.0-255,5738,231013,46,260099
12141,0.046562,172.31.46.0-255,66,231079,46,260099
12142,0.048875,74.125.24.0-255,5738,236817,46,260099
12143,0.048881,172.31.46.0-255,66,236883,46,260099
12144,0.051179,74.125.24.0-255,5738,242621,46,260099
12145,0.051185,172.31.46.0-255,66,242687,46,260099
12146,0.053495,74.125.24.0-255,5738,248425,46,260099
12147,0.0535,172.31.46.0-255,66,248491,46,260099
12148,0.055821,74.125.24.0-255,5738,254229,46,260099
12149,0.055828,172.31.46.0-255,66,254295,46,260099
12150,0.058127,74.125.24.0-255,5738,260033,46,260099
12151,0.058133,172.31.46.0-255,66,260099,46,260099
12152,0.0,172.31.46.0-255,105,105,46,276
12153,0.002577,157.240.25.0-255,105,210,46,276
12154,0.002594,172.31.46.0-255,66,276,46,276
12155,0.0,74.125.24.0-255,153,153,46,221102
12156,2.5e-05,172.31.46.0-255,66,219,46,221102
12157,3.2e-05,74.125.24.0-255,1484,1703,46,221102
12158,3.7e-05,172.31.46.0-255,66,1769,46,221102
12159,4.2e-05,74.125.24.0-255,2902,4671,46,221102
12160,4.5e-05,172.31.46.0-255,66,4737,46,221102
12161,5.2e-05,74.125.24.0-255,5738,10475,46,221102
12162,5.5e-05,172.31.46.0-255,66,10541,46,221102
12163,6e-05,74.125.24.0-255,3545,14086,46,221102
12164,6.3e-05,172.31.46.0-255,66,14152,46,221102
12165,6.7e-05,74.125.24.0-255,1484,15636,46,221102
12166,7e-05,172.31.46.0-255,66,15702,46,221102
12167,9.1e-05,74.125.24.0-255,2902,18604,46,221102
12168,9.4e-05,172.31.46.0-255,66,18670,46,221102
12169,0.000107,172.31.46.0-255,66,18736,46,221102
12170,0.000111,74.125.24.0-255,2543,21279,46,221102
12171,0.000113,172.31.46.0-255,66,21345,46,221102
12172,0.00021,74.125.24.0-255,1484,22829,46,221102
12173,0.000213,172.31.46.0-255,66,22895,46,221102
12174,0.000219,74.125.24.0-255,2902,25797,46,221102
12175,0.000221,172.31.46.0-255,66,25863,46,221102
12176,0.000224,74.125.24.0-255,1484,27347,46,221102
12177,0.000226,172.31.46.0-255,66,27413,46,221102
12178,0.000253,74.125.24.0-255,4320,31733,46,221102
12179,0.000256,172.31.46.0-255,66,31799,46,221102
12180,0.000273,74.125.24.0-255,5738,37537,46,221102
12181,0.000276,172.31.46.0-255,66,37603,46,221102
12182,0.000309,172.31.46.0-255,66,37669,46,221102
12183,0.000336,172.31.46.0-255,66,37735,46,221102
12184,0.000685,74.125.24.0-255,109,37844,46,221102
12185,0.00069,74.125.24.0-255,330,38174,46,221102
12186,0.001008,172.31.46.0-255,66,38240,46,221102
12187,0.001164,74.125.24.0-255,1484,39724,46,221102
12188,0.001173,74.125.24.0-255,2902,42626,46,221102
12189,0.001177,172.31.46.0-255,66,42692,46,221102
12190,0.001185,74.125.24.0-255,5738,48430,46,221102
12191,0.001187,172.31.46.0-255,66,48496,46,221102
12192,0.001228,172.31.46.0-255,66,48562,46,221102
12193,0.001285,172.31.46.0-255,66,48628,46,221102
12194,0.001305,74.125.24.0-255,3602,52230,46,221102
12195,0.001307,172.31.46.0-255,66,52296,46,221102
12196,0.001582,74.125.24.0-255,1484,53780,46,221102
12197,0.001589,74.125.24.0-255,1484,55264,46,221102
12198,0.001592,172.31.46.0-255,66,55330,46,221102
12199,0.001613,74.125.24.0-255,1484,56814,46,221102
12200,0.001618,74.125.24.0-255,2902,59716,46,221102
12201,0.00162,172.31.46.0-255,66,59782,46,221102
12202,0.001624,74.125.24.0-255,2902,62684,46,221102
12203,0.001627,172.31.46.0-255,66,62750,46,221102
12204,0.001645,74.125.24.0-255,4320,67070,46,221102
12205,0.001648,172.31.46.0-255,66,67136,46,221102
12206,0.001677,74.125.24.0-255,5738,72874,46,221102
12207,0.00168,172.31.46.0-255,66,72940,46,221102
12208,0.00171,172.31.46.0-255,66,73006,46,221102
12209,0.00173,74.125.24.0-255,3602,76608,46,221102
12210,0.001733,172.31.46.0-255,66,76674,46,221102
12211,0.001798,74.125.24.0-255,1484,78158,46,221102
12212,0.001803,74.125.24.0-255,2902,81060,46,221102
12213,0.001806,172.31.46.0-255,66,81126,46,221102
12214,0.001827,74.125.24.0-255,4320,85446,46,221102
12215,0.00183,172.31.46.0-255,66,85512,46,221102
12216,0.001851,74.125.24.0-255,1484,86996,46,221102
12217,0.001865,172.31.46.0-255,66,87062,46,221102
12218,0.001886,74.125.24.0-255,1484,88546,46,221102
12219,0.001893,74.125.24.0-255,7156,95702,46,221102
12220,0.001896,172.31.46.0-255,66,95768,46,221102
12221,0.001966,172.31.46.0-255,66,95834,46,221102
12222,0.001984,74.125.24.0-255,2184,98018,46,221102
12223,0.001986,172.31.46.0-255,66,98084,46,221102
12224,0.001994,74.125.24.0-255,5738,103822,46,221102
12225,0.001997,172.31.46.0-255,66,103888,46,221102
12226,0.002031,172.31.46.0-255,66,103954,46,221102
12227,0.002085,74.125.24.0-255,1484,105438,46,221102
12228,0.002089,74.125.24.0-255,1484,106922,46,221102
12229,0.002092,172.31.46.0-255,66,106988,46,221102
12230,0.002108,74.125.24.0-255,1484,108472,46,221102
12231,0.002114,74.125.24.0-255,4320,112792,46,221102
12232,0.002117,172.31.46.0-255,66,112858,46,221102
12233,0.002142,74.125.24.0-255,1484,114342,46,221102
12234,0.002153,172.31.46.0-255,66,114408,46,221102
12235,0.002193,74.125.24.0-255,1484,115892,46,221102
12236,0.002217,74.125.24.0-255,7156,123048,46,221102
12237,0.00222,172.31.46.0-255,66,123114,46,221102
12238,0.002247,74.125.24.0-255,6438,129552,46,221102
12239,0.00225,172.31.46.0-255,66,129618,46,221102
12240,0.002344,74.125.24.0-255,1484,131102,46,221102
12241,0.002365,74.125.24.0-255,2902,134004,46,221102
12242,0.002368,172.31.46.0-255,66,134070,46,221102
12243,0.002372,74.125.24.0-255,1484,135554,46,221102
12244,0.00239,74.125.24.0-255,4320,139874,46,221102
12245,0.002393,172.31.46.0-255,66,139940,46,221102
12246,0.002396,74.125.24.0-255,1484,141424,46,221102
12247,0.002411,74.125.24.0-255,2902,144326,46,221102
12248,0.002414,172.31.46.0-255,66,144392,46,221102
12249,0.002488,74.125.24.0-255,2902,147294,46,221102
12250,0.002508,74.125.24.0-255,4320,151614,46,221102
12251,0.002527,74.125.24.0-255,5738,157352,46,221102
12252,0.002549,74.125.24.0-255,2902,160254,46,221102
12253,0.002564,74.125.24.0-255,4320,164574,46,221102
12254,0.002605,74.125.24.0-255,766,165340,46,221102
12255,0.002652,74.125.24.0-255,2902,168242,46,221102
12256,0.002677,74.125.24.0-255,5738,173980,46,221102
12257,0.002688,74.125.24.0-255,1484,175464,46,221102
12258,0.002691,74.125.24.0-255,1484,176948,46,221102
12259,0.002706,74.125.24.0-255,3602,180550,46,221102
12260,0.003441,74.125.24.0-255,1484,182034,46,221102
12261,0.003456,74.125.24.0-255,2902,184936,46,221102
12262,0.003476,74.125.24.0-255,5738,190674,46,221102
12263,0.003538,74.125.24.0-255,5738,196412,46,221102
12264,0.00356,74.125.24.0-255,5738,202150,46,221102
12265,0.003565,74.125.24.0-255,3602,205752,46,221102
12266,0.00357,74.125.24.0-255,4320,210072,46,221102
12267,0.003588,74.125.24.0-255,1650,211722,46,221102
12268,0.003628,74.125.24.0-255,105,211827,46,221102
12269,0.006864,172.31.46.0-255,66,211893,46,221102
12270,0.009295,172.31.46.0-255,105,211998,46,221102
12271,0.011877,74.125.24.0-255,66,212064,46,221102
12272,0.035491,172.31.46.0-255,172,212236,46,221102
12273,0.035525,172.31.46.0-255,1119,213355,46,221102
12274,0.035603,172.31.46.0-255,1514,214869,46,221102
12275,0.035605,172.31.46.0-255,1514,216383,46,221102
12276,0.035606,172.31.46.0-255,1514,217897,46,221102
12277,0.035612,172.31.46.0-255,1514,219411,46,221102
12278,0.035613,172.31.46.0-255,1493,220904,46,221102
12279,0.037052,104.244.42.0-255,66,220970,46,221102
12280,0.037084,104.244.42.0-255,66,221036,46,221102
12281,0.03719,104.244.42.0-255,66,221102,46,221102
12282,0.0,74.125.24.0-255,146,146,46,172479
12283,1.5e-05,172.31.46.0-255,66,212,46,172479
12284,2.1e-05,74.125.24.0-255,1484,1696,46,172479
12285,2.5e-05,172.31.46.0-255,66,1762,46,172479
12286,3e-05,74.125.24.0-255,2902,4664,46,172479
12287,3.3e-05,172.31.46.0-255,66,4730,46,172479
12288,4.1e-05,74.125.24.0-255,7156,11886,46,172479
12289,4.3e-05,172.31.46.0-255,66,11952,46,172479
12290,4.5e-05,74.125.24.0-255,1484,13436,46,172479
12291,4.8e-05,172.31.46.0-255,66,13502,46,172479
12292,7.7e-05,74.125.24.0-255,682,14184,46,172479
12293,7.9e-05,172.31.46.0-255,66,14250,46,172479
12294,0.000191,74.125.24.0-255,1484,15734,46,172479
12295,0.000195,172.31.46.0-255,66,15800,46,172479
12296,0.000201,74.125.24.0-255,2902,18702,46,172479
12297,0.000203,172.31.46.0-255,66,18768,46,172479
12298,0.000209,74.125.24.0-255,4320,23088,46,172479
12299,0.000211,172.31.46.0-255,66,23154,46,172479
12300,0.00023,74.125.24.0-255,1484,24638,46,172479
12301,0.000232,172.31.46.0-255,66,24704,46,172479
12302,0.000236,74.125.24.0-255,1484,26188,46,172479
12303,0.000237,172.31.46.0-255,66,26254,46,172479
12304,0.00026,74.125.24.0-255,5379,31633,46,172479
12305,0.000263,172.31.46.0-255,66,31699,46,172479
12306,0.00035,74.125.24.0-255,1484,33183,46,172479
12307,0.000353,172.31.46.0-255,66,33249,46,172479
12308,0.000358,74.125.24.0-255,2902,36151,46,172479
12309,0.00036,172.31.46.0-255,66,36217,46,172479
12310,0.000376,74.125.24.0-255,5738,41955,46,172479
12311,0.000379,172.31.46.0-255,66,42021,46,172479
12312,0.000407,74.125.24.0-255,6797,48818,46,172479
12313,0.00041,172.31.46.0-255,66,48884,46,172479
12314,0.000417,74.125.24.0-255,7156,56040,46,172479
12315,0.000419,172.31.46.0-255,66,56106,46,172479
12316,0.000473,74.125.24.0-255,677,56783,46,172479
12317,0.000492,172.31.46.0-255,66,56849,46,172479
12318,0.000709,74.125.24.0-255,1484,58333,46,172479
12319,0.000715,74.125.24.0-255,2902,61235,46,172479
12320,0.000718,172.31.46.0-255,66,61301,46,172479
12321,0.000744,74.125.24.0-255,5738,67039,46,172479
12322,0.000748,74.125.24.0-255,2902,69941,46,172479
12323,0.000751,172.31.46.0-255,66,70007,46,172479
12324,0.000754,172.31.46.0-255,66,70073,46,172479
12325,0.000773,74.125.24.0-255,3961,74034,46,172479
12326,0.000775,172.31.46.0-255,66,74100,46,172479
12327,0.001325,74.125.24.0-255,1484,75584,46,172479
12328,0.001334,74.125.24.0-255,2902,78486,46,172479
12329,0.001337,172.31.46.0-255,66,78552,46,172479
12330,0.001341,74.125.24.0-255,1484,80036,46,172479
12331,0.001363,74.125.24.0-255,4320,84356,46,172479
12332,0.001366,172.31.46.0-255,66,84422,46,172479
12333,0.001371,74.125.24.0-255,4320,88742,46,172479
12334,0.001373,172.31.46.0-255,66,88808,46,172479
12335,0.001393,74.125.24.0-255,1484,90292,46,172479
12336,0.001417,172.31.46.0-255,66,90358,46,172479
12337,0.001437,74.125.24.0-255,1125,91483,46,172479
12338,0.001448,172.31.46.0-255,66,91549,46,172479
12339,0.001463,74.125.24.0-255,4320,95869,46,172479
12340,0.001465,172.31.46.0-255,66,95935,46,172479
12341,0.001485,74.125.24.0-255,5020,100955,46,172479
12342,0.001487,172.31.46.0-255,66,101021,46,172479
12343,0.001573,74.125.24.0-255,1484,102505,46,172479
12344,0.001578,74.125.24.0-255,1484,103989,46,172479
12345,0.001581,172.31.46.0-255,66,104055,46,172479
12346,0.001603,74.125.24.0-255,1484,105539,46,172479
12347,0.001609,74.125.24.0-255,5738,111277,46,172479
12348,0.001612,172.31.46.0-255,66,111343,46,172479
12349,0.001617,74.125.24.0-255,4320,115663,46,172479
12350,0.001639,74.125.24.0-255,5738,121401,46,172479
12351,0.00167,74.125.24.0-255,4320,125721,46,172479
12352,0.001737,74.125.24.0-255,2902,128623,46,172479
12353,0.001777,74.125.24.0-255,5738,134361,46,172479
12354,0.001822,74.125.24.0-255,4320,138681,46,172479
12355,0.001907,74.125.24.0-255,5020,143701,46,172479
12356,0.00199,74.125.24.0-255,5738,149439,46,172479
12357,0.002109,74.125.24.0-255,1484,150923,46,172479
12358,0.002116,74.125.24.0-255,6438,157361,46,172479
12359,0.002144,74.125.24.0-255,5738,163099,46,172479
12360,0.002173,74.125.24.0-255,105,163204,46,172479
12361,0.003511,172.31.46.0-255,66,163270,46,172479
12362,0.00817,172.31.46.0-255,105,163375,46,172479
12363,0.010411,74.125.24.0-255,66,163441,46,172479
12364,0.03677,172.31.46.0-255,172,163613,46,172479
12365,0.03681,172.31.46.0-255,1114,164727,46,172479
12366,0.0369,172.31.46.0-255,1514,166241,46,172479
12367,0.036902,172.31.46.0-255,1514,167755,46,172479
12368,0.036908,172.31.46.0-255,1514,169269,46,172479
12369,0.036909,172.31.46.0-255,1514,170783,46,172479
12370,0.036928,172.31.46.0-255,1498,172281,46,172479
12371,0.038261,104.244.42.0-255,66,172347,46,172479
12372,0.038296,104.244.42.0-255,66,172413,46,172479
12373,0.038445,104.244.42.0-255,66,172479,46,172479
12374,0.0,74.125.200.0-255,153,153,46,311649
12375,2.1e-05,172.31.46.0-255,66,219,46,311649
12376,2.8e-05,74.125.200.0-255,1484,1703,46,311649
12377,3.2e-05,172.31.46.0-255,66,1769,46,311649
12378,3.5e-05,74.125.200.0-255,1484,3253,46,311649
12379,3.7e-05,172.31.46.0-255,66,3319,46,311649
12380,5.9e-05,74.125.200.0-255,2902,6221,46,311649
12381,6.1e-05,172.31.46.0-255,66,6287,46,311649
12382,6.7e-05,74.125.200.0-255,5738,12025,46,311649
12383,6.9e-05,172.31.46.0-255,66,12091,46,311649
12384,9.4e-05,74.125.200.0-255,2042,14133,46,311649
12385,9.6e-05,172.31.46.0-255,66,14199,46,311649
12386,0.000161,74.125.200.0-255,1484,15683,46,311649
12387,0.000164,172.31.46.0-255,66,15749,46,311649
12388,0.000168,74.125.200.0-255,2902,18651,46,311649
12389,0.00017,172.31.46.0-255,66,18717,46,311649
12390,0.00019,74.125.200.0-255,2902,21619,46,311649
12391,0.000192,172.31.46.0-255,66,21685,46,311649
12392,0.000209,74.125.200.0-255,1484,23169,46,311649
12393,0.000211,172.31.46.0-255,66,23235,46,311649
12394,0.000227,74.125.200.0-255,2902,26137,46,311649
12395,0.000229,172.31.46.0-255,66,26203,46,311649
12396,0.000246,74.125.200.0-255,5379,31582,46,311649
12397,0.000248,172.31.46.0-255,66,31648,46,311649
12398,0.000279,74.125.200.0-255,4320,35968,46,311649
12399,0.000281,172.31.46.0-255,66,36034,46,311649
12400,0.000295,74.125.200.0-255,1484,37518,46,311649
12401,0.000297,172.31.46.0-255,66,37584,46,311649
12402,0.0003,74.125.200.0-255,1484,39068,46,311649
12403,0.000302,172.31.46.0-255,66,39134,46,311649
12404,0.000319,74.125.200.0-255,2902,42036,46,311649
12405,0.000321,172.31.46.0-255,66,42102,46,311649
12406,0.000341,74.125.200.0-255,5738,47840,46,311649
12407,0.000343,172.31.46.0-255,66,47906,46,311649
12408,0.000346,74.125.200.0-255,1125,49031,46,311649
12409,0.00037,74.125.200.0-255,1484,50515,46,311649
12410,0.000371,172.31.46.0-255,66,50581,46,311649
12411,0.000384,74.125.200.0-255,2902,53483,46,311649
12412,0.000386,172.31.46.0-255,66,53549,46,311649
12413,0.00041,74.125.200.0-255,1484,55033,46,311649
12414,0.000416,74.125.200.0-255,5738,60771,46,311649
12415,0.000419,172.31.46.0-255,66,60837,46,311649
12416,0.000453,74.125.200.0-255,5654,66491,46,311649
12417,0.000455,172.31.46.0-255,66,66557,46,311649
12418,0.000458,74.125.200.0-255,129,66686,46,311649
12419,0.000554,74.125.200.0-255,1484,68170,46,311649
12420,0.000558,172.31.46.0-255,66,68236,46,311649
12421,0.000571,74.125.200.0-255,2902,71138,46,311649
12422,0.000573,172.31.46.0-255,66,71204,46,311649
12423,0.000576,74.125.200.0-255,1484,72688,46,311649
12424,0.000603,74.125.200.0-255,4320,77008,46,311649
12425,0.000605,172.31.46.0-255,66,77074,46,311649
12426,0.00061,74.125.200.0-255,4320,81394,46,311649
12427,0.000612,172.31.46.0-255,66,81460,46,311649
12428,0.000618,74.125.200.0-255,5379,86839,46,311649
12429,0.00062,172.31.46.0-255,66,86905,46,311649
12430,0.000672,172.31.46.0-255,66,86971,46,311649
12431,0.000677,74.125.200.0-255,2543,89514,46,311649
12432,0.000679,172.31.46.0-255,66,89580,46,311649
12433,0.000682,74.125.200.0-255,348,89928,46,311649
12434,0.000844,74.125.200.0-255,1484,91412,46,311649
12435,0.000847,172.31.46.0-255,66,91478,46,311649
12436,0.000851,74.125.200.0-255,1484,92962,46,311649
12437,0.000867,74.125.200.0-255,2902,95864,46,311649
12438,0.000869,172.31.46.0-255,66,95930,46,311649
12439,0.000872,74.125.200.0-255,1484,97414,46,311649
12440,0.00089,74.125.200.0-255,4320,101734,46,311649
12441,0.000892,172.31.46.0-255,66,101800,46,311649
12442,0.000906,74.125.200.0-255,4320,106120,46,311649
12443,0.000908,172.31.46.0-255,66,106186,46,311649
12444,0.000936,74.125.200.0-255,7156,113342,46,311649
12445,0.000939,172.31.46.0-255,66,113408,46,311649
12446,0.000964,74.125.200.0-255,7156,120564,46,311649
12447,0.000966,172.31.46.0-255,66,120630,46,311649
12448,0.000988,74.125.200.0-255,3602,124232,46,311649
12449,0.00099,172.31.46.0-255,66,124298,46,311649
12450,0.001428,74.125.200.0-255,1484,125782,46,311649
12451,0.001444,74.125.200.0-255,2902,128684,46,311649
12452,0.001447,172.31.46.0-255,66,128750,46,311649
12453,0.00145,74.125.200.0-255,1484,130234,46,311649
12454,0.001471,74.125.200.0-255,4320,134554,46,311649
12455,0.001473,172.31.46.0-255,66,134620,46,311649
12456,0.001477,74.125.200.0-255,2902,137522,46,311649
12457,0.001479,172.31.46.0-255,66,137588,46,311649
12458,0.001495,74.125.200.0-255,5738,143326,46,311649
12459,0.001497,172.31.46.0-255,66,143392,46,311649
12460,0.001513,74.125.200.0-255,4320,147712,46,311649
12461,0.001514,172.31.46.0-255,66,147778,46,311649
12462,0.001521,74.125.200.0-255,5738,153516,46,311649
12463,0.001522,172.31.46.0-255,66,153582,46,311649
12464,0.001547,74.125.200.0-255,5020,158602,46,311649
12465,0.00155,172.31.46.0-255,66,158668,46,311649
12466,0.001612,74.125.200.0-255,1484,160152,46,311649
12467,0.001617,74.125.200.0-255,2902,163054,46,311649
12468,0.001619,172.31.46.0-255,66,163120,46,311649
12469,0.001644,74.125.200.0-255,5738,168858,46,311649
12470,0.001647,172.31.46.0-255,66,168924,46,311649
12471,0.001673,172.31.46.0-255,66,168990,46,311649
12472,0.001697,74.125.200.0-255,4320,173310,46,311649
12473,0.0017,172.31.46.0-255,66,173376,46,311649
12474,0.001705,74.125.200.0-255,4320,177696,46,311649
12475,0.001707,172.31.46.0-255,66,177762,46,311649
12476,0.001734,74.125.200.0-255,6438,184200,46,311649
12477,0.001737,172.31.46.0-255,66,184266,46,311649
12478,0.001824,74.125.200.0-255,1484,185750,46,311649
12479,0.001829,74.125.200.0-255,2902,188652,46,311649
12480,0.001831,172.31.46.0-255,66,188718,46,311649
12481,0.001857,74.125.200.0-255,5738,194456,46,311649
12482,0.001859,172.31.46.0-255,66,194522,46,311649
12483,0.001888,172.31.46.0-255,66,194588,46,311649
12484,0.001903,74.125.200.0-255,4320,198908,46,311649
12485,0.001906,172.31.46.0-255,66,198974,46,311649
12486,0.00193,74.125.200.0-255,7156,206130,46,311649
12487,0.001933,172.31.46.0-255,66,206196,46,311649
12488,0.001937,74.125.200.0-255,2184,208380,46,311649
12489,0.001938,172.31.46.0-255,66,208446,46,311649
12490,0.001994,74.125.200.0-255,1484,209930,46,311649
12491,0.002008,74.125.200.0-255,2902,212832,46,311649
12492,0.002011,172.31.46.0-255,66,212898,46,311649
12493,0.002031,74.125.200.0-255,2902,215800,46,311649
12494,0.002033,172.31.46.0-255,66,215866,46,311649
12495,0.002047,74.125.200.0-255,1484,217350,46,311649
12496,0.002067,74.125.200.0-255,2902,220252,46,311649
12497,0.002071,172.31.46.0-255,66,220318,46,311649
12498,0.002079,74.125.200.0-255,1484,221802,46,311649
12499,0.002099,74.125.200.0-255,7156,228958,46,311649
12500,0.002102,172.31.46.0-255,66,229024,46,311649
12501,0.002114,172.31.46.0-255,66,229090,46,311649
12502,0.002132,74.125.200.0-255,5020,234110,46,311649
12503,0.002135,172.31.46.0-255,66,234176,46,311649
12504,0.002168,74.125.200.0-255,2902,237078,46,311649
12505,0.00217,172.31.46.0-255,66,237144,46,311649
12506,0.002185,74.125.200.0-255,2902,240046,46,311649
12507,0.002187,172.31.46.0-255,66,240112,46,311649
12508,0.0022,172.31.46.0-255,66,240178,46,311649
12509,0.002205,74.125.200.0-255,4320,244498,46,311649
12510,0.002208,172.31.46.0-255,66,244564,46,311649
12511,0.00223,74.125.200.0-255,5738,250302,46,311649
12512,0.002233,172.31.46.0-255,66,250368,46,311649
12513,0.002238,74.125.200.0-255,3602,253970,46,311649
12514,0.00224,172.31.46.0-255,66,254036,46,311649
12515,0.002269,74.125.200.0-255,4320,258356,46,311649
12516,0.002272,172.31.46.0-255,66,258422,46,311649
12517,0.002288,74.125.200.0-255,5738,264160,46,311649
12518,0.002291,172.31.46.0-255,66,264226,46,311649
12519,0.002294,74.125.200.0-255,1484,265710,46,311649
12520,0.002312,74.125.200.0-255,5738,271448,46,311649
12521,0.002315,172.31.46.0-255,66,271514,46,311649
12522,0.002344,172.31.46.0-255,66,271580,46,311649
12523,0.00237,74.125.200.0-255,5738,277318,46,311649
12524,0.002372,172.31.46.0-255,66,277384,46,311649
12525,0.002376,74.125.200.0-255,2184,279568,46,311649
12526,0.002378,172.31.46.0-255,66,279634,46,311649
12527,0.002398,74.125.200.0-255,2902,282536,46,311649
12528,0.002401,172.31.46.0-255,66,282602,46,311649
12529,0.002441,172.31.46.0-255,66,282668,46,311649
12530,0.002446,74.125.200.0-255,2902,285570,46,311649
12531,0.002448,172.31.46.0-255,66,285636,46,311649
12532,0.00247,172.31.46.0-255,66,285702,46,311649
12533,0.00249,74.125.200.0-255,5738,291440,46,311649
12534,0.002494,172.31.46.0-255,66,291506,46,311649
12535,0.002508,74.125.200.0-255,5738,297244,46,311649
12536,0.002511,172.31.46.0-255,66,297310,46,311649
12537,0.002539,74.125.200.0-255,3602,300912,46,311649
12538,0.002542,172.31.46.0-255,66,300978,46,311649
12539,0.002554,74.125.200.0-255,960,301938,46,311649
12540,0.002557,74.125.200.0-255,97,302035,46,311649
12541,0.002604,74.125.200.0-255,105,302140,46,311649
12542,0.008199,172.31.46.0-255,66,302206,46,311649
12543,0.008739,172.31.46.0-255,101,302307,46,311649
12544,0.010122,172.31.46.0-255,105,302412,46,311649
12545,0.011342,74.125.200.0-255,66,302478,46,311649
12546,0.012731,74.125.200.0-255,66,302544,46,311649
12547,0.04004,172.31.46.0-255,172,302716,46,311649
12548,0.040072,172.31.46.0-255,1118,303834,46,311649
12549,0.040139,172.31.46.0-255,1514,305348,46,311649
12550,0.040141,172.31.46.0-255,1514,306862,46,311649
12551,0.040146,172.31.46.0-255,1514,308376,46,311649
12552,0.040147,172.31.46.0-255,1514,309890,46,311649
12553,0.040164,172.31.46.0-255,1495,311385,46,311649
12554,0.041692,104.244.42.0-255,66,311451,46,311649
12555,0.041723,104.244.42.0-255,66,311517,46,311649
12556,0.041812,104.244.42.0-255,66,311583,46,311649
12557,0.041825,104.244.42.0-255,66,311649,46,311649
12558,0.0,74.125.24.0-255,153,153,46,233489
12559,1.6e-05,74.125.24.0-255,1484,1637,46,233489
12560,2.2e-05,172.31.46.0-255,66,1703,46,233489
12561,3.1e-05,74.125.24.0-255,2902,4605,46,233489
12562,3.4e-05,172.31.46.0-255,66,4671,46,233489
12563,6.7e-05,74.125.24.0-255,7156,11827,46,233489
12564,7e-05,172.31.46.0-255,66,11893,46,233489
12565,7.4e-05,74.125.24.0-255,2088,13981,46,233489
12566,7.7e-05,172.31.46.0-255,66,14047,46,233489
12567,0.000314,74.125.24.0-255,1484,15531,46,233489
12568,0.000322,74.125.24.0-255,2902,18433,46,233489
12569,0.000326,172.31.46.0-255,66,18499,46,233489
12570,0.000333,74.125.24.0-255,5738,24237,46,233489
12571,0.000335,172.31.46.0-255,66,24303,46,233489
12572,0.000388,74.125.24.0-255,6797,31100,46,233489
12573,0.000391,172.31.46.0-255,66,31166,46,233489
12574,0.001271,74.125.24.0-255,1484,32650,46,233489
12575,0.001283,74.125.24.0-255,2902,35552,46,233489
12576,0.001288,172.31.46.0-255,66,35618,46,233489
12577,0.001297,74.125.24.0-255,5738,41356,46,233489
12578,0.001299,172.31.46.0-255,66,41422,46,233489
12579,0.001342,172.31.46.0-255,66,41488,46,233489
12580,0.001387,74.125.24.0-255,4320,45808,46,233489
12581,0.00139,172.31.46.0-255,66,45874,46,233489
12582,0.001419,74.125.24.0-255,6797,52671,46,233489
12583,0.001422,172.31.46.0-255,66,52737,46,233489
12584,0.002017,74.125.24.0-255,645,53382,46,233489
12585,0.003088,74.125.24.0-255,1484,54866,46,233489
12586,0.003094,172.31.46.0-255,66,54932,46,233489
12587,0.003098,74.125.24.0-255,1484,56416,46,233489
12588,0.003118,74.125.24.0-255,1484,57900,46,233489
12589,0.003121,172.31.46.0-255,66,57966,46,233489
12590,0.003128,74.125.24.0-255,5738,63704,46,233489
12591,0.003131,172.31.46.0-255,66,63770,46,233489
12592,0.00316,74.125.24.0-255,6797,70567,46,233489
12593,0.003163,172.31.46.0-255,66,70633,46,233489
12594,0.003171,74.125.24.0-255,7156,77789,46,233489
12595,0.003173,172.31.46.0-255,66,77855,46,233489
12596,0.003203,172.31.46.0-255,66,77921,46,233489
12597,0.004914,74.125.24.0-255,1484,79405,46,233489
12598,0.004921,74.125.24.0-255,1484,80889,46,233489
12599,0.004925,172.31.46.0-255,66,80955,46,233489
12600,0.004957,74.125.24.0-255,1484,82439,46,233489
12601,0.004963,74.125.24.0-255,5738,88177,46,233489
12602,0.004966,172.31.46.0-255,66,88243,46,233489
12603,0.004971,74.125.24.0-255,2902,91145,46,233489
12604,0.004972,172.31.46.0-255,66,91211,46,233489
12605,0.005,172.31.46.0-255,66,91277,46,233489
12606,0.005044,172.31.46.0-255,66,91343,46,233489
12607,0.005047,74.125.24.0-255,1484,92827,46,233489
12608,0.005081,172.31.46.0-255,66,92893,46,233489
12609,0.005086,74.125.24.0-255,2902,95795,46,233489
12610,0.005088,172.31.46.0-255,66,95861,46,233489
12611,0.005131,172.31.46.0-255,66,95927,46,233489
12612,0.005135,74.125.24.0-255,766,96693,46,233489
12613,0.005231,74.125.24.0-255,1484,98177,46,233489
12614,0.005235,172.31.46.0-255,66,98243,46,233489
12615,0.00524,74.125.24.0-255,2902,101145,46,233489
12616,0.005242,172.31.46.0-255,66,101211,46,233489
12617,0.00526,74.125.24.0-255,1484,102695,46,233489
12618,0.005283,74.125.24.0-255,4320,107015,46,233489
12619,0.005287,172.31.46.0-255,66,107081,46,233489
12620,0.0053,172.31.46.0-255,66,107147,46,233489
12621,0.00534,172.31.46.0-255,66,107213,46,233489
12622,0.005359,74.125.24.0-255,2184,109397,46,233489
12623,0.005361,172.31.46.0-255,66,109463,46,233489
12624,0.005403,74.125.24.0-255,1484,110947,46,233489
12625,0.005408,74.125.24.0-255,2902,113849,46,233489
12626,0.005411,172.31.46.0-255,66,113915,46,233489
12627,0.005464,74.125.24.0-255,5738,119653,46,233489
12628,0.005467,172.31.46.0-255,66,119719,46,233489
12629,0.005472,74.125.24.0-255,4320,124039,46,233489
12630,0.005474,172.31.46.0-255,66,124105,46,233489
12631,0.005522,172.31.46.0-255,66,124171,46,233489
12632,0.005525,74.125.24.0-255,1484,125655,46,233489
12633,0.005547,74.125.24.0-255,2902,128557,46,233489
12634,0.00555,172.31.46.0-255,66,128623,46,233489
12635,0.005578,74.125.24.0-255,6438,135061,46,233489
12636,0.005581,172.31.46.0-255,66,135127,46,233489
12637,0.005584,74.125.24.0-255,1484,136611,46,233489
12638,0.005589,74.125.24.0-255,2902,139513,46,233489
12639,0.005591,172.31.46.0-255,66,139579,46,233489
12640,0.005622,74.125.24.0-255,5738,145317,46,233489
12641,0.005625,172.31.46.0-255,66,145383,46,233489
12642,0.00567,172.31.46.0-255,66,145449,46,233489
12643,0.005673,74.125.24.0-255,1484,146933,46,233489
12644,0.005697,74.125.24.0-255,1484,148417,46,233489
12645,0.005699,172.31.46.0-255,66,148483,46,233489
12646,0.005732,172.31.46.0-255,66,148549,46,233489
12647,0.005749,74.125.24.0-255,1484,150033,46,233489
12648,0.005766,74.125.24.0-255,2902,152935,46,233489
12649,0.005769,172.31.46.0-255,66,153001,46,233489
12650,0.005798,74.125.24.0-255,5738,158739,46,233489
12651,0.005802,172.31.46.0-255,66,158805,46,233489
12652,0.005809,74.125.24.0-255,5738,164543,46,233489
12653,0.005812,172.31.46.0-255,66,164609,46,233489
12654,0.005831,74.125.24.0-255,1484,166093,46,233489
12655,0.005846,172.31.46.0-255,66,166159,46,233489
12656,0.005864,74.125.24.0-255,1484,167643,46,233489
12657,0.005869,74.125.24.0-255,2184,169827,46,233489
12658,0.005871,172.31.46.0-255,66,169893,46,233489
12659,0.005944,74.125.24.0-255,1484,171377,46,233489
12660,0.005947,74.125.24.0-255,1484,172861,46,233489
12661,0.00595,172.31.46.0-255,66,172927,46,233489
12662,0.005963,74.125.24.0-255,1484,174411,46,233489
12663,0.005974,74.125.24.0-255,5738,180149,46,233489
12664,0.005976,172.31.46.0-255,66,180215,46,233489
12665,0.005979,74.125.24.0-255,1484,181699,46,233489
12666,0.006007,172.31.46.0-255,66,181765,46,233489
12667,0.006028,74.125.24.0-255,2902,184667,46,233489
12668,0.00603,172.31.46.0-255,66,184733,46,233489
12669,0.006042,172.31.46.0-255,66,184799,46,233489
12670,0.006066,74.125.24.0-255,2184,186983,46,233489
12671,0.006068,172.31.46.0-255,66,187049,46,233489
12672,0.006295,74.125.24.0-255,1484,188533,46,233489
12673,0.006301,74.125.24.0-255,2902,191435,46,233489
12674,0.006305,172.31.46.0-255,66,191501,46,233489
12675,0.006308,74.125.24.0-255,1484,192985,46,233489
12676,0.006332,74.125.24.0-255,4320,197305,46,233489
12677,0.006335,172.31.46.0-255,66,197371,46,233489
12678,0.006374,172.31.46.0-255,66,197437,46,233489
12679,0.006381,74.125.24.0-255,5738,203175,46,233489
12680,0.006383,172.31.46.0-255,66,203241,46,233489
12681,0.006428,74.125.24.0-255,5020,208261,46,233489
12682,0.006431,172.31.46.0-255,66,208327,46,233489
12683,0.006506,74.125.24.0-255,1484,209811,46,233489
12684,0.006511,74.125.24.0-255,2902,212713,46,233489
12685,0.006514,172.31.46.0-255,66,212779,46,233489
12686,0.006545,74.125.24.0-255,5738,218517,46,233489
12687,0.006548,172.31.46.0-255,66,218583,46,233489
12688,0.006575,74.125.24.0-255,5526,224109,46,233489
12689,0.006578,172.31.46.0-255,66,224175,46,233489
12690,0.00661,74.125.24.0-255,105,224280,46,233489
12691,0.008601,172.31.46.0-255,105,224385,46,233489
12692,0.010908,74.125.24.0-255,66,224451,46,233489
12693,0.032303,172.31.46.0-255,172,224623,46,233489
12694,0.032333,172.31.46.0-255,1115,225738,46,233489
12695,0.032398,172.31.46.0-255,1514,227252,46,233489
12696,0.0324,172.31.46.0-255,1514,228766,46,233489
12697,0.032402,172.31.46.0-255,1514,230280,46,233489
12698,0.032407,172.31.46.0-255,1514,231794,46,233489
12699,0.032408,172.31.46.0-255,1497,233291,46,233489
12700,0.033986,104.244.42.0-255,66,233357,46,233489
12701,0.034164,104.244.42.0-255,66,233423,46,233489
12702,0.03417,104.244.42.0-255,66,233489,46,233489
12703,0.0,74.125.68.0-255,154,154,46,278278
12704,2.4e-05,172.31.46.0-255,66,220,46,278278
12705,3.2e-05,74.125.68.0-255,1484,1704,46,278278
12706,3.6e-05,172.31.46.0-255,66,1770,46,278278
12707,3.9e-05,74.125.68.0-255,1484,3254,46,278278
12708,4.8e-05,172.31.46.0-255,66,3320,46,278278
12709,5.4e-05,74.125.68.0-255,2902,6222,46,278278
12710,5.8e-05,172.31.46.0-255,66,6288,46,278278
12711,6.4e-05,74.125.68.0-255,5738,12026,46,278278
12712,6.7e-05,172.31.46.0-255,66,12092,46,278278
12713,9.7e-05,74.125.68.0-255,3421,15513,46,278278
12714,0.000101,172.31.46.0-255,66,15579,46,278278
12715,0.000106,74.125.68.0-255,4320,19899,46,278278
12716,0.000107,172.31.46.0-255,66,19965,46,278278
12717,0.00014,172.31.46.0-255,66,20031,46,278278
12718,0.000143,74.125.68.0-255,1125,21156,46,278278
12719,0.000145,172.31.46.0-255,66,21222,46,278278
12720,0.000235,74.125.68.0-255,1484,22706,46,278278
12721,0.000238,172.31.46.0-255,66,22772,46,278278
12722,0.000256,74.125.68.0-255,2902,25674,46,278278
12723,0.000258,172.31.46.0-255,66,25740,46,278278
12724,0.000263,74.125.68.0-255,2902,28642,46,278278
12725,0.000264,172.31.46.0-255,66,28708,46,278278
12726,0.000286,74.125.68.0-255,2902,31610,46,278278
12727,0.000289,172.31.46.0-255,66,31676,46,278278
12728,0.000293,74.125.68.0-255,2902,34578,46,278278
12729,0.000299,172.31.46.0-255,66,34644,46,278278
12730,0.000304,74.125.68.0-255,3961,38605,46,278278
12731,0.000309,172.31.46.0-255,66,38671,46,278278
12732,0.000338,172.31.46.0-255,66,38737,46,278278
12733,0.000343,74.125.68.0-255,4320,43057,46,278278
12734,0.000405,74.125.68.0-255,4318,47375,46,278278
12735,0.000408,74.125.68.0-255,329,47704,46,278278
12736,0.000578,172.31.46.0-255,66,47770,46,278278
12737,0.000614,74.125.68.0-255,1484,49254,46,278278
12738,0.000618,74.125.68.0-255,1484,50738,46,278278
12739,0.000633,172.31.46.0-255,66,50804,46,278278
12740,0.000636,74.125.68.0-255,1484,52288,46,278278
12741,0.000642,74.125.68.0-255,4320,56608,46,278278
12742,0.000676,172.31.46.0-255,66,56674,46,278278
12743,0.000702,74.125.68.0-255,5738,62412,46,278278
12744,0.000717,74.125.68.0-255,2902,65314,46,278278
12745,0.000727,172.31.46.0-255,66,65380,46,278278
12746,0.00076,74.125.68.0-255,1484,66864,46,278278
12747,0.000779,74.125.68.0-255,3602,70466,46,278278
12748,0.000785,172.31.46.0-255,66,70532,46,278278
12749,0.000869,74.125.68.0-255,1484,72016,46,278278
12750,0.000885,74.125.68.0-255,2902,74918,46,278278
12751,0.000891,172.31.46.0-255,66,74984,46,278278
12752,0.000919,74.125.68.0-255,5738,80722,46,278278
12753,0.000927,74.125.68.0-255,7156,87878,46,278278
12754,0.000941,172.31.46.0-255,66,87944,46,278278
12755,0.000984,74.125.68.0-255,2902,90846,46,278278
12756,0.000991,172.31.46.0-255,66,90912,46,278278
12757,0.001019,74.125.68.0-255,3602,94514,46,278278
12758,0.001034,172.31.46.0-255,66,94580,46,278278
12759,0.001064,74.125.68.0-255,1484,96064,46,278278
12760,0.001077,74.125.68.0-255,2902,98966,46,278278
12761,0.001087,74.125.68.0-255,1484,100450,46,278278
12762,0.00109,172.31.46.0-255,66,100516,46,278278
12763,0.001124,74.125.68.0-255,4320,104836,46,278278
12764,0.00113,74.125.68.0-255,2902,107738,46,278278
12765,0.001134,74.125.68.0-255,4320,112058,46,278278
12766,0.001138,74.125.68.0-255,2902,114960,46,278278
12767,0.001156,172.31.46.0-255,66,115026,46,278278
12768,0.001163,74.125.68.0-255,5738,120764,46,278278
12769,0.001173,74.125.68.0-255,5738,126502,46,278278
12770,0.00118,172.31.46.0-255,66,126568,46,278278
12771,0.001208,74.125.68.0-255,2184,128752,46,278278
12772,0.001213,172.31.46.0-255,66,128818,46,278278
12773,0.001288,74.125.68.0-255,1484,130302,46,278278
12774,0.001294,74.125.68.0-255,2902,133204,46,278278
12775,0.001318,74.125.68.0-255,2902,136106,46,278278
12776,0.001323,74.125.68.0-255,4320,140426,46,278278
12777,0.001357,74.125.68.0-255,2902,143328,46,278278
12778,0.001371,74.125.68.0-255,1484,144812,46,278278
12779,0.001376,74.125.68.0-255,4320,149132,46,278278
12780,0.001382,172.31.46.0-255,66,149198,46,278278
12781,0.001392,74.125.68.0-255,1484,150682,46,278278
12782,0.001417,74.125.68.0-255,3602,154284,46,278278
12783,0.001427,172.31.46.0-255,66,154350,46,278278
12784,0.00156,74.125.68.0-255,1484,155834,46,278278
12785,0.001564,74.125.68.0-255,1484,157318,46,278278
12786,0.001577,74.125.68.0-255,1484,158802,46,278278
12787,0.001585,172.31.46.0-255,66,158868,46,278278
12788,0.001598,74.125.68.0-255,5738,164606,46,278278
12789,0.001603,172.31.46.0-255,66,164672,46,278278
12790,0.001622,74.125.68.0-255,5738,170410,46,278278
12791,0.001643,74.125.68.0-255,4320,174730,46,278278
12792,0.001649,74.125.68.0-255,4320,179050,46,278278
12793,0.001665,172.31.46.0-255,66,179116,46,278278
12794,0.001677,74.125.68.0-255,7156,186272,46,278278
12795,0.001681,74.125.68.0-255,2184,188456,46,278278
12796,0.00169,74.125.68.0-255,2902,191358,46,278278
12797,0.001697,172.31.46.0-255,66,191424,46,278278
12798,0.001728,74.125.68.0-255,7156,198580,46,278278
12799,0.001734,172.31.46.0-255,66,198646,46,278278
12800,0.001746,74.125.68.0-255,4320,202966,46,278278
12801,0.001762,74.125.68.0-255,5738,208704,46,278278
12802,0.001802,74.125.68.0-255,2902,211606,46,278278
12803,0.001829,74.125.68.0-255,2184,213790,46,278278
12804,0.001834,74.125.68.0-255,2902,216692,46,278278
12805,0.001841,172.31.46.0-255,66,216758,46,278278
12806,0.001871,74.125.68.0-255,5738,222496,46,278278
12807,0.001909,74.125.68.0-255,3602,226098,46,278278
12808,0.001912,172.31.46.0-255,66,226164,46,278278
12809,0.001919,172.31.46.0-255,66,226230,46,278278
12810,0.001945,74.125.68.0-255,7156,233386,46,278278
12811,0.001961,74.125.68.0-255,5738,239124,46,278278
12812,0.001972,172.31.46.0-255,66,239190,46,278278
12813,0.002014,172.31.46.0-255,66,239256,46,278278
12814,0.002023,74.125.68.0-255,1484,240740,46,278278
12815,0.002042,74.125.68.0-255,5738,246478,46,278278
12816,0.002076,172.31.46.0-255,66,246544,46,278278
12817,0.00212,74.125.68.0-255,2902,249446,46,278278
12818,0.002125,74.125.68.0-255,5738,255184,46,278278
12819,0.002128,172.31.46.0-255,66,255250,46,278278
12820,0.002138,74.125.68.0-255,2902,258152,46,278278
12821,0.002188,172.31.46.0-255,66,258218,46,278278
12822,0.002216,74.125.68.0-255,4320,262538,46,278278
12823,0.002222,172.31.46.0-255,66,262604,46,278278
12824,0.002243,74.125.68.0-255,6227,268831,46,278278
12825,0.00226,74.125.68.0-255,105,268936,46,278278
12826,0.002277,172.31.46.0-255,66,269002,46,278278
12827,0.009693,172.31.46.0-255,105,269107,46,278278
12828,0.012078,74.125.68.0-255,66,269173,46,278278
12829,0.046267,172.31.46.0-255,172,269345,46,278278
12830,0.046298,172.31.46.0-255,1118,270463,46,278278
12831,0.046363,172.31.46.0-255,1514,271977,46,278278
12832,0.046384,172.31.46.0-255,1514,273491,46,278278
12833,0.046388,172.31.46.0-255,1514,275005,46,278278
12834,0.046404,172.31.46.0-255,1514,276519,46,278278
12835,0.046417,172.31.46.0-255,1495,278014,46,278278
12836,0.047952,104.244.42.0-255,66,278080,46,278278
12837,0.047981,104.244.42.0-255,66,278146,46,278278
12838,0.048044,104.244.42.0-255,66,278212,46,278278
12839,0.048135,104.244.42.0-255,66,278278,46,278278
12840,0.0,172.31.46.0-255,232,232,46,298
12841,0.005808,172.217.194.0-255,66,298,46,298
12842,0.0,172.217.194.0-255,295,295,46,285620
12843,1.1e-05,172.217.194.0-255,1484,1779,46,285620
12844,1.8e-05,172.217.194.0-255,2902,4681,46,285620
12845,3.4e-05,172.217.194.0-255,1484,6165,46,285620
12846,4.9e-05,172.217.194.0-255,4320,10485,46,285620
12847,6.7e-05,172.217.194.0-255,3312,13797,46,285620
12848,9.8e-05,172.31.46.0-255,66,13863,46,285620
12849,0.000119,172.217.194.0-255,1484,15347,46,285620
12850,0.000143,172.217.194.0-255,5738,21085,46,285620
12851,0.000158,172.217.194.0-255,5738,26823,46,285620
12852,0.000179,172.217.194.0-255,1484,28307,46,285620
12853,0.000229,172.217.194.0-255,2543,30850,46,285620
12854,0.000316,172.31.46.0-255,66,30916,46,285620
12855,0.000495,172.217.194.0-255,1484,32400,46,285620
12856,0.000501,172.217.194.0-255,2902,35302,46,285620
12857,0.000504,172.31.46.0-255,66,35368,46,285620
12858,0.000507,172.217.194.0-255,1484,36852,46,285620
12859,0.000524,172.217.194.0-255,4320,41172,46,285620
12860,0.000538,172.31.46.0-255,66,41238,46,285620
12861,0.000554,172.217.194.0-255,1484,42722,46,285620
12862,0.000565,172.217.194.0-255,2902,45624,46,285620
12863,0.000634,172.31.46.0-255,66,45690,46,285620
12864,0.000673,172.217.194.0-255,2902,48592,46,285620
12865,0.00068,172.31.46.0-255,66,48658,46,285620
12866,0.000715,172.31.46.0-255,66,48724,46,285620
12867,0.000763,172.217.194.0-255,5738,54462,46,285620
12868,0.000771,172.31.46.0-255,66,54528,46,285620
12869,0.000779,172.217.194.0-255,1775,56303,46,285620
12870,0.000787,172.31.46.0-255,66,56369,46,285620
12871,0.000828,172.217.194.0-255,2902,59271,46,285620
12872,0.000833,172.31.46.0-255,66,59337,46,285620
12873,0.000879,172.31.46.0-255,66,59403,46,285620
12874,0.001005,172.217.194.0-255,6757,66160,46,285620
12875,0.001019,172.31.46.0-255,66,66226,46,285620
12876,0.001134,172.217.194.0-255,1484,67710,46,285620
12877,0.001139,172.217.194.0-255,2902,70612,46,285620
12878,0.001142,172.31.46.0-255,66,70678,46,285620
12879,0.001159,172.217.194.0-255,2902,73580,46,285620
12880,0.001171,172.217.194.0-255,2902,76482,46,285620
12881,0.001174,172.31.46.0-255,66,76548,46,285620
12882,0.001178,172.31.46.0-255,66,76614,46,285620
12883,0.001208,172.217.194.0-255,1484,78098,46,285620
12884,0.001221,172.217.194.0-255,5738,83836,46,285620
12885,0.001225,172.31.46.0-255,66,83902,46,285620
12886,0.001273,172.217.194.0-255,2902,86804,46,285620
12887,0.001277,172.31.46.0-255,66,86870,46,285620
12888,0.001314,172.31.46.0-255,66,86936,46,285620
12889,0.001393,172.217.194.0-255,2184,89120,46,285620
12890,0.001398,172.31.46.0-255,66,89186,46,285620
12891,0.001438,172.217.194.0-255,1484,90670,46,285620
12892,0.001441,172.217.194.0-255,1484,92154,46,285620
12893,0.001443,172.31.46.0-255,66,92220,46,285620
12894,0.001458,172.217.194.0-255,1484,93704,46,285620
12895,0.001464,172.217.194.0-255,5738,99442,46,285620
12896,0.001478,172.31.46.0-255,66,99508,46,285620
12897,0.001526,172.217.194.0-255,5738,105246,46,285620
12898,0.00153,172.31.46.0-255,66,105312,46,285620
12899,0.001536,172.217.194.0-255,1484,106796,46,285620
12900,0.001588,172.217.194.0-255,4320,111116,46,285620
12901,0.001598,172.31.46.0-255,66,111182,46,285620
12902,0.001627,172.31.46.0-255,66,111248,46,285620
12903,0.001699,172.217.194.0-255,2184,113432,46,285620
12904,0.001702,172.31.46.0-255,66,113498,46,285620
12905,0.001719,172.217.194.0-255,1484,114982,46,285620
12906,0.00175,172.31.46.0-255,66,115048,46,285620
12907,0.001777,172.31.46.0-255,66,115114,46,285620
12908,0.001963,172.217.194.0-255,6438,121552,46,285620
12909,0.001967,172.31.46.0-255,66,121618,46,285620
12910,0.002017,172.217.194.0-255,1484,123102,46,285620
12911,0.002029,172.217.194.0-255,5738,128840,46,285620
12912,0.002048,172.31.46.0-255,66,128906,46,285620
12913,0.002098,172.31.46.0-255,66,128972,46,285620
12914,0.002106,172.217.194.0-255,1484,130456,46,285620
12915,0.002225,172.217.194.0-255,1484,131940,46,285620
12916,0.002229,172.31.46.0-255,66,132006,46,285620
12917,0.00224,172.217.194.0-255,5738,137744,46,285620
12918,0.002261,172.217.194.0-255,3602,141346,46,285620
12919,0.002299,172.31.46.0-255,101,141447,46,285620
12920,0.002374,172.217.194.0-255,1484,142931,46,285620
12921,0.002392,172.217.194.0-255,2902,145833,46,285620
12922,0.002395,172.217.194.0-255,1484,147317,46,285620
12923,0.002401,172.31.46.0-255,66,147383,46,285620
12924,0.002414,172.217.194.0-255,4320,151703,46,285620
12925,0.002423,172.31.46.0-255,66,151769,46,285620
12926,0.00245,172.217.194.0-255,2902,154671,46,285620
12927,0.002461,172.31.46.0-255,66,154737,46,285620
12928,0.002469,172.217.194.0-255,1484,156221,46,285620
12929,0.002488,172.217.194.0-255,2902,159123,46,285620
12930,0.00251,172.217.194.0-255,1484,160607,46,285620
12931,0.002514,172.217.194.0-255,2902,163509,46,285620
12932,0.002599,172.217.194.0-255,1484,164993,46,285620
12933,0.002613,172.217.194.0-255,2184,167177,46,285620
12934,0.002709,172.217.194.0-255,1484,168661,46,285620
12935,0.002715,172.217.194.0-255,2902,171563,46,285620
12936,0.002734,172.217.194.0-255,2902,174465,46,285620
12937,0.002748,172.217.194.0-255,2902,177367,46,285620
12938,0.002778,172.217.194.0-255,5738,183105,46,285620
12939,0.002794,172.217.194.0-255,7156,190261,46,285620
12940,0.00285,172.217.194.0-255,4320,194581,46,285620
12941,0.002861,172.217.194.0-255,1484,196065,46,285620
12942,0.002895,172.217.194.0-255,5020,201085,46,285620
12943,0.002928,172.217.194.0-255,1484,202569,46,285620
12944,0.002945,172.217.194.0-255,4320,206889,46,285620
12945,0.002964,172.217.194.0-255,4320,211209,46,285620
12946,0.002978,172.217.194.0-255,2902,214111,46,285620
12947,0.003054,172.217.194.0-255,4320,218431,46,285620
12948,0.003067,172.31.46.0-255,66,218497,46,285620
12949,0.003114,172.217.194.0-255,4320,222817,46,285620
12950,0.003128,172.217.194.0-255,2184,225001,46,285620
12951,0.003138,172.31.46.0-255,66,225067,46,285620
12952,0.003648,172.217.194.0-255,1484,226551,46,285620
12953,0.003669,172.217.194.0-255,2902,229453,46,285620
12954,0.003673,172.31.46.0-255,66,229519,46,285620
12955,0.003699,172.217.194.0-255,5738,235257,46,285620
12956,0.003704,172.217.194.0-255,4320,239577,46,285620
12957,0.00371,172.31.46.0-255,66,239643,46,285620
12958,0.003717,172.217.194.0-255,1484,241127,46,285620
12959,0.00375,172.217.194.0-255,5738,246865,46,285620
12960,0.003755,172.31.46.0-255,66,246931,46,285620
12961,0.00378,172.217.194.0-255,7156,254087,46,285620
12962,0.003789,172.31.46.0-255,66,254153,46,285620
12963,0.003838,172.217.194.0-255,5020,259173,46,285620
12964,0.003866,172.217.194.0-255,4320,263493,46,285620
12965,0.003873,172.31.46.0-255,66,263559,46,285620
12966,0.003884,172.217.194.0-255,2902,266461,46,285620
12967,0.003889,172.31.46.0-255,66,266527,46,285620
12968,0.003925,172.217.194.0-255,5738,272265,46,285620
12969,0.003943,172.217.194.0-255,3506,275771,46,285620
12970,0.003947,172.31.46.0-255,66,275837,46,285620
12971,0.003951,172.31.46.0-255,66,275903,46,285620
12972,0.003963,172.217.194.0-255,97,276000,46,285620
12973,0.003965,172.217.194.0-255,105,276105,46,285620
12974,0.004627,172.217.194.0-255,66,276171,46,285620
12975,0.008296,172.31.46.0-255,66,276237,46,285620
12976,0.008328,172.31.46.0-255,105,276342,46,285620
12977,0.010657,172.217.194.0-255,66,276408,46,285620
12978,0.033399,172.31.46.0-255,172,276580,46,285620
12979,0.033433,172.31.46.0-255,1115,277695,46,285620
12980,0.033502,172.31.46.0-255,1514,279209,46,285620
12981,0.033504,172.31.46.0-255,1514,280723,46,285620
12982,0.033506,172.31.46.0-255,1514,282237,46,285620
12983,0.033507,172.31.46.0-255,1514,283751,46,285620
12984,0.03354,172.31.46.0-255,1497,285248,46,285620
12985,0.035066,104.244.42.0-255,66,285314,46,285620
12986,0.035094,104.244.42.0-255,66,285380,46,285620
12987,0.03526,104.244.42.0-255,66,285446,46,285620
12988,0.038765,104.244.42.0-255,108,285554,46,285620
12989,0.038772,172.31.46.0-255,66,285620,46,285620
12990,0.0,172.253.118.0-255,156,156,46,257360
12991,2.3e-05,172.31.46.0-255,66,222,46,257360
12992,3e-05,172.253.118.0-255,1484,1706,46,257360
12993,3.7e-05,172.31.46.0-255,66,1772,46,257360
12994,5.1e-05,172.253.118.0-255,2902,4674,46,257360
12995,5.5e-05,172.31.46.0-255,66,4740,46,257360
12996,6.3e-05,172.253.118.0-255,7156,11896,46,257360
12997,6.6e-05,172.31.46.0-255,66,11962,46,257360
12998,7e-05,172.253.118.0-255,2091,14053,46,257360
12999,7.2e-05,172.31.46.0-255,66,14119,46,257360
13000,0.000335,172.253.118.0-255,1484,15603,46,257360
13001,0.000341,172.31.46.0-255,66,15669,46,257360
13002,0.000347,172.253.118.0-255,2902,18571,46,257360
13003,0.00035,172.31.46.0-255,66,18637,46,257360
13004,0.000361,172.253.118.0-255,5738,24375,46,257360
13005,0.000364,172.31.46.0-255,66,24441,46,257360
13006,0.000416,172.31.46.0-255,66,24507,46,257360
13007,0.000427,172.31.46.0-255,66,24573,46,257360
13008,0.000465,172.253.118.0-255,6797,31370,46,257360
13009,0.000468,172.31.46.0-255,66,31436,46,257360
13010,0.000979,172.253.118.0-255,1484,32920,46,257360
13011,0.000986,172.31.46.0-255,66,32986,46,257360
13012,0.000994,172.253.118.0-255,2902,35888,46,257360
13013,0.000997,172.31.46.0-255,66,35954,46,257360
13014,0.001011,172.253.118.0-255,5738,41692,46,257360
13015,0.001013,172.31.46.0-255,66,41758,46,257360
13016,0.001045,172.253.118.0-255,2902,44660,46,257360
13017,0.001047,172.31.46.0-255,66,44726,46,257360
13018,0.001081,172.31.46.0-255,66,44792,46,257360
13019,0.001121,172.253.118.0-255,4320,49112,46,257360
13020,0.001153,172.253.118.0-255,645,49757,46,257360
13021,0.001218,172.253.118.0-255,1484,51241,46,257360
13022,0.001225,172.253.118.0-255,2902,54143,46,257360
13023,0.001242,172.253.118.0-255,1484,55627,46,257360
13024,0.001256,172.253.118.0-255,4320,59947,46,257360
13025,0.001262,172.253.118.0-255,4320,64267,46,257360
13026,0.001299,172.253.118.0-255,1877,66144,46,257360
13027,0.001738,172.253.118.0-255,1484,67628,46,257360
13028,0.001748,172.253.118.0-255,2902,70530,46,257360
13029,0.001755,172.253.118.0-255,5738,76268,46,257360
13030,0.001771,172.253.118.0-255,4320,80588,46,257360
13031,0.001784,172.253.118.0-255,2902,83490,46,257360
13032,0.001807,172.253.118.0-255,1484,84974,46,257360
13033,0.00183,172.253.118.0-255,7156,92130,46,257360
13034,0.002102,172.253.118.0-255,1484,93614,46,257360
13035,0.002122,172.253.118.0-255,2902,96516,46,257360
13036,0.002126,172.253.118.0-255,1484,98000,46,257360
13037,0.002143,172.253.118.0-255,4320,102320,46,257360
13038,0.002146,172.253.118.0-255,1484,103804,46,257360
13039,0.002163,172.253.118.0-255,7156,110960,46,257360
13040,0.002185,172.253.118.0-255,4320,115280,46,257360
13041,0.002785,172.253.118.0-255,1484,116764,46,257360
13042,0.00279,172.253.118.0-255,2902,119666,46,257360
13043,0.002804,172.253.118.0-255,5738,125404,46,257360
13044,0.002827,172.253.118.0-255,5738,131142,46,257360
13045,0.002886,172.253.118.0-255,5020,136162,46,257360
13046,0.002906,172.253.118.0-255,5738,141900,46,257360
13047,0.002925,172.253.118.0-255,4320,146220,46,257360
13048,0.002946,172.253.118.0-255,4320,150540,46,257360
13049,0.002984,172.253.118.0-255,5738,156278,46,257360
13050,0.003002,172.253.118.0-255,3602,159880,46,257360
13051,0.003377,172.253.118.0-255,1484,161364,46,257360
13052,0.003396,172.253.118.0-255,2902,164266,46,257360
13053,0.003405,172.253.118.0-255,1484,165750,46,257360
13054,0.003425,172.253.118.0-255,4320,170070,46,257360
13055,0.00343,172.253.118.0-255,4320,174390,46,257360
13056,0.003472,172.253.118.0-255,5738,180128,46,257360
13057,0.003485,172.253.118.0-255,2184,182312,46,257360
13058,0.003543,172.253.118.0-255,1484,183796,46,257360
13059,0.003549,172.253.118.0-255,2902,186698,46,257360
13060,0.003577,172.253.118.0-255,5738,192436,46,257360
13061,0.003579,172.253.118.0-255,1484,193920,46,257360
13062,0.003603,172.253.118.0-255,2902,196822,46,257360
13063,0.003618,172.253.118.0-255,5738,202560,46,257360
13064,0.003637,172.253.118.0-255,4320,206880,46,257360
13065,0.003723,172.253.118.0-255,1484,208364,46,257360
13066,0.003728,172.253.118.0-255,2902,211266,46,257360
13067,0.003734,172.253.118.0-255,4320,215586,46,257360
13068,0.003751,172.253.118.0-255,1484,217070,46,257360
13069,0.003758,172.253.118.0-255,4320,221390,46,257360
13070,0.003775,172.253.118.0-255,7156,228546,46,257360
13071,0.00379,172.253.118.0-255,1484,230030,46,257360
13072,0.003793,172.253.118.0-255,1484,231514,46,257360
13073,0.003857,172.253.118.0-255,1484,232998,46,257360
13074,0.003874,172.253.118.0-255,2902,235900,46,257360
13075,0.003893,172.253.118.0-255,5738,241638,46,257360
13076,0.003904,172.253.118.0-255,2902,244540,46,257360
13077,0.003917,172.253.118.0-255,1484,246024,46,257360
13078,0.003952,172.253.118.0-255,1956,247980,46,257360
13079,0.003965,172.253.118.0-255,105,248085,46,257360
13080,0.004189,172.31.46.0-255,66,248151,46,257360
13081,0.006353,172.31.46.0-255,105,248256,46,257360
13082,0.00835,172.253.118.0-255,66,248322,46,257360
13083,0.032678,172.31.46.0-255,172,248494,46,257360
13084,0.032721,172.31.46.0-255,1119,249613,46,257360
13085,0.032786,172.31.46.0-255,1514,251127,46,257360
13086,0.032787,172.31.46.0-255,1514,252641,46,257360
13087,0.032792,172.31.46.0-255,1514,254155,46,257360
13088,0.032793,172.31.46.0-255,1514,255669,46,257360
13089,0.032816,172.31.46.0-255,1493,257162,46,257360
13090,0.03423,104.244.42.0-255,66,257228,46,257360
13091,0.034257,104.244.42.0-255,66,257294,46,257360
13092,0.034377,104.244.42.0-255,66,257360,46,257360
13093,0.0,74.125.130.0-255,150,150,46,344459
13094,2.5e-05,172.31.46.0-255,66,216,46,344459
13095,3.1e-05,74.125.130.0-255,1484,1700,46,344459
13096,3.7e-05,172.31.46.0-255,66,1766,46,344459
13097,4.4e-05,74.125.130.0-255,2902,4668,46,344459
13098,4.7e-05,172.31.46.0-255,66,4734,46,344459
13099,5.5e-05,74.125.130.0-255,7156,11890,46,344459
13100,5.8e-05,172.31.46.0-255,66,11956,46,344459
13101,6.2e-05,74.125.130.0-255,2047,14003,46,344459
13102,6.5e-05,172.31.46.0-255,66,14069,46,344459
13103,0.000214,74.125.130.0-255,1484,15553,46,344459
13104,0.000219,172.31.46.0-255,66,15619,46,344459
13105,0.000225,74.125.130.0-255,2902,18521,46,344459
13106,0.000227,172.31.46.0-255,66,18587,46,344459
13107,0.000258,74.125.130.0-255,5738,24325,46,344459
13108,0.000261,172.31.46.0-255,66,24391,46,344459
13109,0.000266,74.125.130.0-255,2902,27293,46,344459
13110,0.000268,172.31.46.0-255,66,27359,46,344459
13111,0.000288,74.125.130.0-255,2902,30261,46,344459
13112,0.00029,172.31.46.0-255,66,30327,46,344459
13113,0.000302,74.125.130.0-255,1125,31452,46,344459
13114,0.000305,172.31.46.0-255,66,31518,46,344459
13115,0.000327,74.125.130.0-255,1484,33002,46,344459
13116,0.000329,172.31.46.0-255,66,33068,46,344459
13117,0.000335,74.125.130.0-255,4320,37388,46,344459
13118,0.000337,172.31.46.0-255,66,37454,46,344459
13119,0.000362,74.125.130.0-255,2902,40356,46,344459
13120,0.000364,172.31.46.0-255,66,40422,46,344459
13121,0.000392,74.125.130.0-255,7156,47578,46,344459
13122,0.000395,172.31.46.0-255,66,47644,46,344459
13123,0.000398,74.125.130.0-255,1125,48769,46,344459
13124,0.0004,172.31.46.0-255,66,48835,46,344459
13125,0.000704,74.125.130.0-255,1484,50319,46,344459
13126,0.00071,74.125.130.0-255,1484,51803,46,344459
13127,0.000713,172.31.46.0-255,66,51869,46,344459
13128,0.000736,74.125.130.0-255,2902,54771,46,344459
13129,0.000739,172.31.46.0-255,66,54837,46,344459
13130,0.000744,74.125.130.0-255,2902,57739,46,344459
13131,0.000746,172.31.46.0-255,66,57805,46,344459
13132,0.000765,74.125.130.0-255,2902,60707,46,344459
13133,0.000767,172.31.46.0-255,66,60773,46,344459
13134,0.000771,74.125.130.0-255,2902,63675,46,344459
13135,0.000774,172.31.46.0-255,66,63741,46,344459
13136,0.000812,74.125.130.0-255,2543,66284,46,344459
13137,0.000816,172.31.46.0-255,66,66350,46,344459
13138,0.000881,74.125.130.0-255,1484,67834,46,344459
13139,0.000886,74.125.130.0-255,2902,70736,46,344459
13140,0.000889,172.31.46.0-255,66,70802,46,344459
13141,0.000909,74.125.130.0-255,5738,76540,46,344459
13142,0.000912,172.31.46.0-255,66,76606,46,344459
13143,0.000916,74.125.130.0-255,2902,79508,46,344459
13144,0.000918,172.31.46.0-255,66,79574,46,344459
13145,0.000961,74.125.130.0-255,3961,83535,46,344459
13146,0.000964,172.31.46.0-255,66,83601,46,344459
13147,0.000974,172.31.46.0-255,66,83667,46,344459
13148,0.000978,74.125.130.0-255,2902,86569,46,344459
13149,0.000981,172.31.46.0-255,66,86635,46,344459
13150,0.001026,74.125.130.0-255,5960,92595,46,344459
13151,0.001031,172.31.46.0-255,66,92661,46,344459
13152,0.001071,74.125.130.0-255,4320,96981,46,344459
13153,0.001074,172.31.46.0-255,66,97047,46,344459
13154,0.001094,74.125.130.0-255,2902,99949,46,344459
13155,0.001096,172.31.46.0-255,66,100015,46,344459
13156,0.001108,172.31.46.0-255,66,100081,46,344459
13157,0.00111,74.125.130.0-255,561,100642,46,344459
13158,0.00126,74.125.130.0-255,1484,102126,46,344459
13159,0.001264,172.31.46.0-255,66,102192,46,344459
13160,0.001284,74.125.130.0-255,1484,103676,46,344459
13161,0.001302,74.125.130.0-255,1484,105160,46,344459
13162,0.001305,172.31.46.0-255,66,105226,46,344459
13163,0.001323,74.125.130.0-255,1484,106710,46,344459
13164,0.001349,74.125.130.0-255,5738,112448,46,344459
13165,0.001352,172.31.46.0-255,66,112514,46,344459
13166,0.00136,74.125.130.0-255,7156,119670,46,344459
13167,0.001362,172.31.46.0-255,66,119736,46,344459
13168,0.001387,74.125.130.0-255,4320,124056,46,344459
13169,0.001391,172.31.46.0-255,66,124122,46,344459
13170,0.001415,74.125.130.0-255,5738,129860,46,344459
13171,0.001419,172.31.46.0-255,66,129926,46,344459
13172,0.001425,74.125.130.0-255,5020,134946,46,344459
13173,0.001428,172.31.46.0-255,66,135012,46,344459
13174,0.001626,74.125.130.0-255,1484,136496,46,344459
13175,0.001632,74.125.130.0-255,2902,139398,46,344459
13176,0.001635,172.31.46.0-255,66,139464,46,344459
13177,0.001648,74.125.130.0-255,1484,140948,46,344459
13178,0.001662,74.125.130.0-255,4320,145268,46,344459
13179,0.001665,172.31.46.0-255,66,145334,46,344459
13180,0.001685,74.125.130.0-255,4320,149654,46,344459
13181,0.001687,172.31.46.0-255,66,149720,46,344459
13182,0.001704,74.125.130.0-255,5738,155458,46,344459
13183,0.001707,172.31.46.0-255,66,155524,46,344459
13184,0.001739,74.125.130.0-255,5738,161262,46,344459
13185,0.001742,172.31.46.0-255,66,161328,46,344459
13186,0.001762,74.125.130.0-255,4320,165648,46,344459
13187,0.001766,172.31.46.0-255,66,165714,46,344459
13188,0.001781,74.125.130.0-255,2570,168284,46,344459
13189,0.001784,172.31.46.0-255,66,168350,46,344459
13190,0.002028,74.125.130.0-255,1484,169834,46,344459
13191,0.002043,74.125.130.0-255,2902,172736,46,344459
13192,0.002047,172.31.46.0-255,66,172802,46,344459
13193,0.00205,74.125.130.0-255,1484,174286,46,344459
13194,0.002067,74.125.130.0-255,4320,178606,46,344459
13195,0.00207,172.31.46.0-255,66,178672,46,344459
13196,0.004105,74.125.130.0-255,5738,184410,46,344459
13197,0.004112,172.31.46.0-255,66,184476,46,344459
13198,0.00615,74.125.130.0-255,5738,190214,46,344459
13199,0.006158,172.31.46.0-255,66,190280,46,344459
13200,0.008206,74.125.130.0-255,5738,196018,46,344459
13201,0.008212,172.31.46.0-255,66,196084,46,344459
13202,0.010254,74.125.130.0-255,5738,201822,46,344459
13203,0.010262,172.31.46.0-255,66,201888,46,344459
13204,0.012302,74.125.130.0-255,5738,207626,46,344459
13205,0.012311,172.31.46.0-255,66,207692,46,344459
13206,0.01439,74.125.130.0-255,5738,213430,46,344459
13207,0.014397,172.31.46.0-255,66,213496,46,344459
13208,0.016456,74.125.130.0-255,5738,219234,46,344459
13209,0.016463,172.31.46.0-255,66,219300,46,344459
13210,0.018529,74.125.130.0-255,5738,225038,46,344459
13211,0.018537,172.31.46.0-255,66,225104,46,344459
13212,0.020577,74.125.130.0-255,5738,230842,46,344459
13213,0.020583,172.31.46.0-255,66,230908,46,344459
13214,0.022655,74.125.130.0-255,5738,236646,46,344459
13215,0.022663,172.31.46.0-255,66,236712,46,344459
13216,0.02472,74.125.130.0-255,5738,242450,46,344459
13217,0.024725,172.31.46.0-255,66,242516,46,344459
13218,0.025671,172.31.46.0-255,172,242688,46,344459
13219,0.025698,172.31.46.0-255,1119,243807,46,344459
13220,0.025751,172.31.46.0-255,1514,245321,46,344459
13221,0.025752,172.31.46.0-255,404,245725,46,344459
13222,0.026801,74.125.130.0-255,5738,251463,46,344459
13223,0.026809,172.31.46.0-255,66,251529,46,344459
13224,0.027937,104.244.42.0-255,66,251595,46,344459
13225,0.028839,74.125.130.0-255,5738,257333,46,344459
13226,0.028846,172.31.46.0-255,66,257399,46,344459
13227,0.030897,74.125.130.0-255,5738,263137,46,344459
13228,0.030905,172.31.46.0-255,66,263203,46,344459
13229,0.032955,74.125.130.0-255,5738,268941,46,344459
13230,0.032961,172.31.46.0-255,66,269007,46,344459
13231,0.035006,74.125.130.0-255,5738,274745,46,344459
13232,0.035012,172.31.46.0-255,66,274811,46,344459
13233,0.03707,74.125.130.0-255,5738,280549,46,344459
13234,0.037078,172.31.46.0-255,66,280615,46,344459
13235,0.039121,74.125.130.0-255,5738,286353,46,344459
13236,0.039128,172.31.46.0-255,66,286419,46,344459
13237,0.041183,74.125.130.0-255,5738,292157,46,344459
13238,0.041193,172.31.46.0-255,66,292223,46,344459
13239,0.043241,74.125.130.0-255,5738,297961,46,344459
13240,0.043247,172.31.46.0-255,66,298027,46,344459
13241,0.045291,74.125.130.0-255,5738,303765,46,344459
13242,0.045297,172.31.46.0-255,66,303831,46,344459
13243,0.047347,74.125.130.0-255,5738,309569,46,344459
13244,0.047353,172.31.46.0-255,66,309635,46,344459
13245,0.049402,74.125.130.0-255,5738,315373,46,344459
13246,0.049407,172.31.46.0-255,66,315439,46,344459
13247,0.051447,74.125.130.0-255,5738,321177,46,344459
13248,0.051456,172.31.46.0-255,66,321243,46,344459
13249,0.053508,74.125.130.0-255,5738,326981,46,344459
13250,0.05352,172.31.46.0-255,66,327047,46,344459
13251,0.055576,74.125.130.0-255,5738,332785,46,344459
13252,0.055586,172.31.46.0-255,66,332851,46,344459
13253,0.057645,74.125.130.0-255,5738,338589,46,344459
13254,0.057654,172.31.46.0-255,66,338655,46,344459
13255,0.059709,74.125.130.0-255,5738,344393,46,344459
13256,0.059716,172.31.46.0-255,66,344459,46,344459
13257,0.0,74.125.24.0-255,152,152,46,278063
13258,2.7e-05,172.31.46.0-255,66,218,46,278063
13259,3.4e-05,74.125.24.0-255,1484,1702,46,278063
13260,3.8e-05,172.31.46.0-255,66,1768,46,278063
13261,4.3e-05,74.125.24.0-255,2902,4670,46,278063
13262,4.6e-05,172.31.46.0-255,66,4736,46,278063
13263,5.4e-05,74.125.24.0-255,7156,11892,46,278063
13264,5.8e-05,172.31.46.0-255,66,11958,46,278063
13265,8.2e-05,74.125.24.0-255,1987,13945,46,278063
13266,8.7e-05,172.31.46.0-255,66,14011,46,278063
13267,0.000125,74.125.24.0-255,1484,15495,46,278063
13268,0.000128,172.31.46.0-255,66,15561,46,278063
13269,0.000131,74.125.24.0-255,1484,17045,46,278063
13270,0.000133,172.31.46.0-255,66,17111,46,278063
13271,0.000146,74.125.24.0-255,1484,18595,46,278063
13272,0.000148,172.31.46.0-255,66,18661,46,278063
13273,0.000155,74.125.24.0-255,5738,24399,46,278063
13274,0.000157,172.31.46.0-255,66,24465,46,278063
13275,0.000176,74.125.24.0-255,6797,31262,46,278063
13276,0.000179,172.31.46.0-255,66,31328,46,278063
13277,0.000494,74.125.24.0-255,1484,32812,46,278063
13278,0.000498,172.31.46.0-255,66,32878,46,278063
13279,0.000503,74.125.24.0-255,2902,35780,46,278063
13280,0.000505,172.31.46.0-255,66,35846,46,278063
13281,0.00052,74.125.24.0-255,4320,40166,46,278063
13282,0.000524,172.31.46.0-255,66,40232,46,278063
13283,0.00053,74.125.24.0-255,1484,41716,46,278063
13284,0.000532,172.31.46.0-255,66,41782,46,278063
13285,0.000554,172.31.46.0-255,66,41848,46,278063
13286,0.000592,172.31.46.0-255,66,41914,46,278063
13287,0.000602,74.125.24.0-255,7107,49021,46,278063
13288,0.000604,172.31.46.0-255,66,49087,46,278063
13289,0.000626,74.125.24.0-255,109,49196,46,278063
13290,0.000629,74.125.24.0-255,334,49530,46,278063
13291,0.000933,74.125.24.0-255,1484,51014,46,278063
13292,0.000939,172.31.46.0-255,66,51080,46,278063
13293,0.000944,74.125.24.0-255,2902,53982,46,278063
13294,0.000946,172.31.46.0-255,66,54048,46,278063
13295,0.000971,74.125.24.0-255,5738,59786,46,278063
13296,0.000974,172.31.46.0-255,66,59852,46,278063
13297,0.000998,74.125.24.0-255,7156,67008,46,278063
13298,0.001,172.31.46.0-255,66,67074,46,278063
13299,0.001023,74.125.24.0-255,5738,72812,46,278063
13300,0.001025,172.31.46.0-255,66,72878,46,278063
13301,0.001034,172.31.46.0-255,66,72944,46,278063
13302,0.001057,74.125.24.0-255,2184,75128,46,278063
13303,0.001059,172.31.46.0-255,66,75194,46,278063
13304,0.001147,74.125.24.0-255,1484,76678,46,278063
13305,0.001173,74.125.24.0-255,2902,79580,46,278063
13306,0.001177,172.31.46.0-255,66,79646,46,278063
13307,0.001183,74.125.24.0-255,5738,85384,46,278063
13308,0.001184,172.31.46.0-255,66,85450,46,278063
13309,0.001215,74.125.24.0-255,7156,92606,46,278063
13310,0.001218,172.31.46.0-255,66,92672,46,278063
13311,0.001236,74.125.24.0-255,2902,95574,46,278063
13312,0.001238,172.31.46.0-255,66,95640,46,278063
13313,0.001255,74.125.24.0-255,4320,99960,46,278063
13314,0.001257,172.31.46.0-255,66,100026,46,278063
13315,0.001274,74.125.24.0-255,7156,107182,46,278063
13316,0.001276,172.31.46.0-255,66,107248,46,278063
13317,0.001279,74.125.24.0-255,2184,109432,46,278063
13318,0.001281,172.31.46.0-255,66,109498,46,278063
13319,0.002023,74.125.24.0-255,1484,110982,46,278063
13320,0.002039,74.125.24.0-255,2902,113884,46,278063
13321,0.002042,172.31.46.0-255,66,113950,46,278063
13322,0.002045,74.125.24.0-255,2902,116852,46,278063
13323,0.002047,172.31.46.0-255,66,116918,46,278063
13324,0.002061,74.125.24.0-255,2902,119820,46,278063
13325,0.002063,172.31.46.0-255,66,119886,46,278063
13326,0.002081,74.125.24.0-255,7156,127042,46,278063
13327,0.002083,172.31.46.0-255,66,127108,46,278063
13328,0.002092,74.125.24.0-255,1484,128592,46,278063
13329,0.002129,74.125.24.0-255,4320,132912,46,278063
13330,0.002131,172.31.46.0-255,66,132978,46,278063
13331,0.002146,172.31.46.0-255,66,133044,46,278063
13332,0.002158,74.125.24.0-255,2184,135228,46,278063
13333,0.00216,172.31.46.0-255,66,135294,46,278063
13334,0.002382,74.125.24.0-255,1484,136778,46,278063
13335,0.004466,74.125.24.0-255,4320,141098,46,278063
13336,0.004474,172.31.46.0-255,66,141164,46,278063
13337,0.006835,74.125.24.0-255,5738,146902,46,278063
13338,0.006841,172.31.46.0-255,66,146968,46,278063
13339,0.009156,74.125.24.0-255,5738,152706,46,278063
13340,0.009165,172.31.46.0-255,66,152772,46,278063
13341,0.011496,74.125.24.0-255,5738,158510,46,278063
13342,0.011506,172.31.46.0-255,66,158576,46,278063
13343,0.013878,74.125.24.0-255,5738,164314,46,278063
13344,0.013887,172.31.46.0-255,66,164380,46,278063
13345,0.01627,74.125.24.0-255,5738,170118,46,278063
13346,0.016277,172.31.46.0-255,66,170184,46,278063
13347,0.017764,172.31.46.0-255,172,170356,46,278063
13348,0.017812,172.31.46.0-255,1119,171475,46,278063
13349,0.017878,172.31.46.0-255,1514,172989,46,278063
13350,0.01788,172.31.46.0-255,404,173393,46,278063
13351,0.018588,74.125.24.0-255,5738,179131,46,278063
13352,0.018594,172.31.46.0-255,66,179197,46,278063
13353,0.019345,104.244.42.0-255,66,179263,46,278063
13354,0.019376,104.244.42.0-255,66,179329,46,278063
13355,0.019429,104.244.42.0-255,66,179395,46,278063
13356,0.020981,74.125.24.0-255,5738,185133,46,278063
13357,0.020986,172.31.46.0-255,66,185199,46,278063
13358,0.023348,74.125.24.0-255,5738,190937,46,278063
13359,0.023355,172.31.46.0-255,66,191003,46,278063
13360,0.025675,74.125.24.0-255,5738,196741,46,278063
13361,0.025683,172.31.46.0-255,66,196807,46,278063
13362,0.028083,74.125.24.0-255,5738,202545,46,278063
13363,0.028094,172.31.46.0-255,66,202611,46,278063
13364,0.030441,74.125.24.0-255,5738,208349,46,278063
13365,0.030452,172.31.46.0-255,66,208415,46,278063
13366,0.03283,74.125.24.0-255,5738,214153,46,278063
13367,0.03284,172.31.46.0-255,66,214219,46,278063
13368,0.035194,74.125.24.0-255,5738,219957,46,278063
13369,0.035203,172.31.46.0-255,66,220023,46,278063
13370,0.03755,74.125.24.0-255,5738,225761,46,278063
13371,0.037558,172.31.46.0-255,66,225827,46,278063
13372,0.039888,74.125.24.0-255,5738,231565,46,278063
13373,0.039894,172.31.46.0-255,66,231631,46,278063
13374,0.042297,74.125.24.0-255,5738,237369,46,278063
13375,0.042307,172.31.46.0-255,66,237435,46,278063
13376,0.044698,74.125.24.0-255,5738,243173,46,278063
13377,0.044705,172.31.46.0-255,66,243239,46,278063
13378,0.047092,74.125.24.0-255,5738,248977,46,278063
13379,0.047099,172.31.46.0-255,66,249043,46,278063
13380,0.049473,74.125.24.0-255,5738,254781,46,278063
13381,0.049485,172.31.46.0-255,66,254847,46,278063
13382,0.051844,74.125.24.0-255,5738,260585,46,278063
13383,0.051851,172.31.46.0-255,66,260651,46,278063
13384,0.054171,74.125.24.0-255,5738,266389,46,278063
13385,0.054179,172.31.46.0-255,66,266455,46,278063
13386,0.056543,74.125.24.0-255,5738,272193,46,278063
13387,0.05655,172.31.46.0-255,66,272259,46,278063
13388,0.058871,74.125.24.0-255,5738,277997,46,278063
13389,0.058877,172.31.46.0-255,66,278063,46,278063
13390,0.0,74.125.200.0-255,226,226,46,183644
13391,2.3e-05,172.31.46.0-255,66,292,46,183644
13392,3e-05,74.125.200.0-255,1484,1776,46,183644
13393,3.4e-05,172.31.46.0-255,66,1842,46,183644
13394,5.4e-05,74.125.200.0-255,4320,6162,46,183644
13395,5.7e-05,172.31.46.0-255,66,6228,46,183644
13396,0.000217,74.125.200.0-255,4320,10548,46,183644
13397,0.000222,172.31.46.0-255,66,10614,46,183644
13398,0.000243,74.125.200.0-255,3522,14136,46,183644
13399,0.000245,172.31.46.0-255,66,14202,46,183644
13400,0.00053,74.125.200.0-255,5738,19940,46,183644
13401,0.000536,172.31.46.0-255,66,20006,46,183644
13402,0.000554,172.31.46.0-255,66,20072,46,183644
13403,0.001103,172.31.46.0-255,66,20138,46,183644
13404,0.00227,74.125.200.0-255,2902,23040,46,183644
13405,0.002275,172.31.46.0-255,66,23106,46,183644
13406,0.003335,74.125.200.0-255,2902,26008,46,183644
13407,0.003338,172.31.46.0-255,66,26074,46,183644
13408,0.004505,74.125.200.0-255,2902,28976,46,183644
13409,0.00451,172.31.46.0-255,66,29042,46,183644
13410,0.00557,74.125.200.0-255,2902,31944,46,183644
13411,0.005576,172.31.46.0-255,66,32010,46,183644
13412,0.006755,74.125.200.0-255,2902,34912,46,183644
13413,0.006761,172.31.46.0-255,66,34978,46,183644
13414,0.007803,74.125.200.0-255,2902,37880,46,183644
13415,0.007809,172.31.46.0-255,66,37946,46,183644
13416,0.009007,74.125.200.0-255,2902,40848,46,183644
13417,0.009013,172.31.46.0-255,66,40914,46,183644
13418,0.010045,74.125.200.0-255,2902,43816,46,183644
13419,0.010051,172.31.46.0-255,66,43882,46,183644
13420,0.011245,74.125.200.0-255,2902,46784,46,183644
13421,0.011253,172.31.46.0-255,66,46850,46,183644
13422,0.01228,74.125.200.0-255,2902,49752,46,183644
13423,0.012286,172.31.46.0-255,66,49818,46,183644
13424,0.013505,74.125.200.0-255,2902,52720,46,183644
13425,0.013511,172.31.46.0-255,66,52786,46,183644
13426,0.014517,74.125.200.0-255,2902,55688,46,183644
13427,0.014523,172.31.46.0-255,66,55754,46,183644
13428,0.015755,74.125.200.0-255,2902,58656,46,183644
13429,0.015761,172.31.46.0-255,66,58722,46,183644
13430,0.016758,74.125.200.0-255,2902,61624,46,183644
13431,0.016763,172.31.46.0-255,66,61690,46,183644
13432,0.017994,74.125.200.0-255,2902,64592,46,183644
13433,0.018001,172.31.46.0-255,66,64658,46,183644
13434,0.01899,74.125.200.0-255,2902,67560,46,183644
13435,0.018997,172.31.46.0-255,66,67626,46,183644
13436,0.02023,74.125.200.0-255,2902,70528,46,183644
13437,0.020238,172.31.46.0-255,66,70594,46,183644
13438,0.021222,74.125.200.0-255,2902,73496,46,183644
13439,0.021229,172.31.46.0-255,66,73562,46,183644
13440,0.022467,74.125.200.0-255,2902,76464,46,183644
13441,0.022474,172.31.46.0-255,66,76530,46,183644
13442,0.023466,74.125.200.0-255,2902,79432,46,183644
13443,0.023473,172.31.46.0-255,66,79498,46,183644
13444,0.024711,74.125.200.0-255,2902,82400,46,183644
13445,0.024717,172.31.46.0-255,66,82466,46,183644
13446,0.025701,74.125.200.0-255,2902,85368,46,183644
13447,0.025706,172.31.46.0-255,66,85434,46,183644
13448,0.026947,74.125.200.0-255,2902,88336,46,183644
13449,0.026953,172.31.46.0-255,66,88402,46,183644
13450,0.027937,74.125.200.0-255,2902,91304,46,183644
13451,0.027943,172.31.46.0-255,66,91370,46,183644
13452,0.028966,172.31.46.0-255,172,91542,46,183644
13453,0.028994,172.31.46.0-255,1114,92656,46,183644
13454,0.029049,172.31.46.0-255,1514,94170,46,183644
13455,0.02905,172.31.46.0-255,1514,95684,46,183644
13456,0.029054,172.31.46.0-255,1514,97198,46,183644
13457,0.029056,172.31.46.0-255,1514,98712,46,183644
13458,0.029084,172.31.46.0-255,1498,100210,46,183644
13459,0.02918,74.125.200.0-255,2902,103112,46,183644
13460,0.029185,172.31.46.0-255,66,103178,46,183644
13461,0.03018,74.125.200.0-255,2902,106080,46,183644
13462,0.030185,172.31.46.0-255,66,106146,46,183644
13463,0.030497,104.244.42.0-255,66,106212,46,183644
13464,0.030564,104.244.42.0-255,66,106278,46,183644
13465,0.030612,104.244.42.0-255,66,106344,46,183644
13466,0.030617,104.244.42.0-255,66,106410,46,183644
13467,0.030652,104.244.42.0-255,66,106476,46,183644
13468,0.031424,74.125.200.0-255,2902,109378,46,183644
13469,0.031429,172.31.46.0-255,66,109444,46,183644
13470,0.032407,74.125.200.0-255,2902,112346,46,183644
13471,0.032411,172.31.46.0-255,66,112412,46,183644
13472,0.033667,74.125.200.0-255,2902,115314,46,183644
13473,0.033672,172.31.46.0-255,66,115380,46,183644
13474,0.03465,74.125.200.0-255,2902,118282,46,183644
13475,0.034656,172.31.46.0-255,66,118348,46,183644
13476,0.035908,74.125.200.0-255,2902,121250,46,183644
13477,0.035914,172.31.46.0-255,66,121316,46,183644
13478,0.036882,74.125.200.0-255,2902,124218,46,183644
13479,0.036888,172.31.46.0-255,66,124284,46,183644
13480,0.03815,74.125.200.0-255,2902,127186,46,183644
13481,0.038156,172.31.46.0-255,66,127252,46,183644
13482,0.039127,74.125.200.0-255,2902,130154,46,183644
13483,0.039132,172.31.46.0-255,66,130220,46,183644
13484,0.040425,74.125.200.0-255,2902,133122,46,183644
13485,0.040433,172.31.46.0-255,66,133188,46,183644
13486,0.041376,74.125.200.0-255,2902,136090,46,183644
13487,0.041383,172.31.46.0-255,66,136156,46,183644
13488,0.042671,74.125.200.0-255,2902,139058,46,183644
13489,0.042677,172.31.46.0-255,66,139124,46,183644
13490,0.043616,74.125.200.0-255,2902,142026,46,183644
13491,0.043621,172.31.46.0-255,66,142092,46,183644
13492,0.044938,74.125.200.0-255,2902,144994,46,183644
13493,0.044944,172.31.46.0-255,66,145060,46,183644
13494,0.045876,74.125.200.0-255,2902,147962,46,183644
13495,0.045882,172.31.46.0-255,66,148028,46,183644
13496,0.047168,74.125.200.0-255,2902,150930,46,183644
13497,0.047173,172.31.46.0-255,66,150996,46,183644
13498,0.048125,74.125.200.0-255,2902,153898,46,183644
13499,0.04813,172.31.46.0-255,66,153964,46,183644
13500,0.049406,74.125.200.0-255,2902,156866,46,183644
13501,0.04941,172.31.46.0-255,66,156932,46,183644
13502,0.050386,74.125.200.0-255,2902,159834,46,183644
13503,0.050392,172.31.46.0-255,66,159900,46,183644
13504,0.051645,74.125.200.0-255,2902,162802,46,183644
13505,0.051651,172.31.46.0-255,66,162868,46,183644
13506,0.052629,74.125.200.0-255,2902,165770,46,183644
13507,0.052634,172.31.46.0-255,66,165836,46,183644
13508,0.053875,74.125.200.0-255,2902,168738,46,183644
13509,0.053882,172.31.46.0-255,66,168804,46,183644
13510,0.054857,74.125.200.0-255,2902,171706,46,183644
13511,0.054862,172.31.46.0-255,66,171772,46,183644
13512,0.05614,74.125.200.0-255,2902,174674,46,183644
13513,0.056148,172.31.46.0-255,66,174740,46,183644
13514,0.057097,74.125.200.0-255,2902,177642,46,183644
13515,0.057103,172.31.46.0-255,66,177708,46,183644
13516,0.058401,74.125.200.0-255,2902,180610,46,183644
13517,0.058407,172.31.46.0-255,66,180676,46,183644
13518,0.059344,74.125.200.0-255,2902,183578,46,183644
13519,0.059349,172.31.46.0-255,66,183644,46,183644
13520,0.0,74.125.68.0-255,153,153,46,297792
13521,2.5e-05,172.31.46.0-255,66,219,46,297792
13522,3.3e-05,74.125.68.0-255,1484,1703,46,297792
13523,3.9e-05,172.31.46.0-255,66,1769,46,297792
13524,4.6e-05,74.125.68.0-255,2902,4671,46,297792
13525,4.9e-05,172.31.46.0-255,66,4737,46,297792
13526,5.5e-05,74.125.68.0-255,4320,9057,46,297792
13527,5.7e-05,172.31.46.0-255,66,9123,46,297792
13528,6.6e-05,74.125.68.0-255,4859,13982,46,297792
13529,7.1e-05,172.31.46.0-255,66,14048,46,297792
13530,9.6e-05,74.125.68.0-255,1484,15532,46,297792
13531,9.9e-05,172.31.46.0-255,66,15598,46,297792
13532,0.000104,74.125.68.0-255,2902,18500,46,297792
13533,0.000106,172.31.46.0-255,66,18566,46,297792
13534,0.000134,74.125.68.0-255,5738,24304,46,297792
13535,0.000137,172.31.46.0-255,66,24370,46,297792
13536,0.000141,74.125.68.0-255,2902,27272,46,297792
13537,0.000143,172.31.46.0-255,66,27338,46,297792
13538,0.000149,74.125.68.0-255,4320,31658,46,297792
13539,0.000151,172.31.46.0-255,66,31724,46,297792
13540,0.000178,172.31.46.0-255,66,31790,46,297792
13541,0.000182,74.125.68.0-255,2902,34692,46,297792
13542,0.000184,172.31.46.0-255,66,34758,46,297792
13543,0.000202,74.125.68.0-255,2902,37660,46,297792
13544,0.000204,172.31.46.0-255,66,37726,46,297792
13545,0.000228,74.125.68.0-255,2184,39910,46,297792
13546,0.00023,172.31.46.0-255,66,39976,46,297792
13547,0.000308,74.125.68.0-255,1484,41460,46,297792
13548,0.000312,172.31.46.0-255,66,41526,46,297792
13549,0.000335,74.125.68.0-255,1484,43010,46,297792
13550,0.000337,172.31.46.0-255,66,43076,46,297792
13551,0.000358,74.125.68.0-255,1484,44560,46,297792
13552,0.000363,74.125.68.0-255,1484,46044,46,297792
13553,0.000365,172.31.46.0-255,66,46110,46,297792
13554,0.000369,74.125.68.0-255,2902,49012,46,297792
13555,0.000371,172.31.46.0-255,66,49078,46,297792
13556,0.000412,74.125.68.0-255,1484,50562,46,297792
13557,0.000429,74.125.68.0-255,2902,53464,46,297792
13558,0.000431,172.31.46.0-255,66,53530,46,297792
13559,0.000452,74.125.68.0-255,4235,57765,46,297792
13560,0.000454,172.31.46.0-255,66,57831,46,297792
13561,0.001273,74.125.68.0-255,382,58213,46,297792
13562,0.001301,74.125.68.0-255,1484,59697,46,297792
13563,0.001305,172.31.46.0-255,66,59763,46,297792
13564,0.001313,74.125.68.0-255,4320,64083,46,297792
13565,0.001315,172.31.46.0-255,66,64149,46,297792
13566,0.001347,74.125.68.0-255,1484,65633,46,297792
13567,0.001376,172.31.46.0-255,66,65699,46,297792
13568,0.001384,74.125.68.0-255,7156,72855,46,297792
13569,0.001387,172.31.46.0-255,66,72921,46,297792
13570,0.001413,74.125.68.0-255,4320,77241,46,297792
13571,0.001417,172.31.46.0-255,66,77307,46,297792
13572,0.001424,74.125.68.0-255,5738,83045,46,297792
13573,0.001426,172.31.46.0-255,66,83111,46,297792
13574,0.001429,74.125.68.0-255,766,83877,46,297792
13575,0.001501,74.125.68.0-255,1484,85361,46,297792
13576,0.001505,172.31.46.0-255,66,85427,46,297792
13577,0.001511,74.125.68.0-255,2902,88329,46,297792
13578,0.001513,172.31.46.0-255,66,88395,46,297792
13579,0.001543,74.125.68.0-255,5738,94133,46,297792
13580,0.001545,172.31.46.0-255,66,94199,46,297792
13581,0.001552,74.125.68.0-255,5738,99937,46,297792
13582,0.001554,172.31.46.0-255,66,100003,46,297792
13583,0.001558,74.125.68.0-255,1484,101487,46,297792
13584,0.001585,74.125.68.0-255,5738,107225,46,297792
13585,0.001587,172.31.46.0-255,66,107291,46,297792
13586,0.001603,74.125.68.0-255,4320,111611,46,297792
13587,0.001605,172.31.46.0-255,66,111677,46,297792
13588,0.001627,74.125.68.0-255,6438,118115,46,297792
13589,0.001631,172.31.46.0-255,66,118181,46,297792
13590,0.001636,74.125.68.0-255,4320,122501,46,297792
13591,0.001638,172.31.46.0-255,66,122567,46,297792
13592,0.00166,74.125.68.0-255,7156,129723,46,297792
13593,0.001663,172.31.46.0-255,66,129789,46,297792
13594,0.001669,74.125.68.0-255,4320,134109,46,297792
13595,0.001671,172.31.46.0-255,66,134175,46,297792
13596,0.001677,74.125.68.0-255,5738,139913,46,297792
13597,0.00168,172.31.46.0-255,66,139979,46,297792
13598,0.001684,74.125.68.0-255,1484,141463,46,297792
13599,0.00172,172.31.46.0-255,66,141529,46,297792
13600,0.001722,74.125.68.0-255,766,142295,46,297792
13601,0.001763,74.125.68.0-255,1484,143779,46,297792
13602,0.001765,172.31.46.0-255,66,143845,46,297792
13603,0.00177,74.125.68.0-255,2902,146747,46,297792
13604,0.001772,172.31.46.0-255,66,146813,46,297792
13605,0.001785,74.125.68.0-255,2902,149715,46,297792
13606,0.001788,172.31.46.0-255,66,149781,46,297792
13607,0.001816,74.125.68.0-255,2902,152683,46,297792
13608,0.001819,172.31.46.0-255,66,152749,46,297792
13609,0.001827,74.125.68.0-255,5738,158487,46,297792
13610,0.001829,172.31.46.0-255,66,158553,46,297792
13611,0.001836,74.125.68.0-255,7156,165709,46,297792
13612,0.001838,172.31.46.0-255,66,165775,46,297792
13613,0.00187,172.31.46.0-255,66,165841,46,297792
13614,0.00191,74.125.68.0-255,5738,171579,46,297792
13615,0.001912,172.31.46.0-255,66,171645,46,297792
13616,0.001929,74.125.68.0-255,4320,175965,46,297792
13617,0.001932,172.31.46.0-255,66,176031,46,297792
13618,0.001969,172.31.46.0-255,66,176097,46,297792
13619,0.001974,74.125.68.0-255,4320,180417,46,297792
13620,0.001977,172.31.46.0-255,66,180483,46,297792
13621,0.002018,74.125.68.0-255,2902,183385,46,297792
13622,0.002021,172.31.46.0-255,66,183451,46,297792
13623,0.002054,172.31.46.0-255,66,183517,46,297792
13624,0.002093,74.125.68.0-255,1484,185001,46,297792
13625,0.002124,172.31.46.0-255,66,185067,46,297792
13626,0.002137,172.31.46.0-255,66,185133,46,297792
13627,0.00218,172.31.46.0-255,66,185199,46,297792
13628,0.002184,74.125.68.0-255,2902,188101,46,297792
13629,0.002186,172.31.46.0-255,66,188167,46,297792
13630,0.002192,74.125.68.0-255,4320,192487,46,297792
13631,0.002215,172.31.46.0-255,66,192553,46,297792
13632,0.00224,74.125.68.0-255,5738,198291,46,297792
13633,0.002243,172.31.46.0-255,66,198357,46,297792
13634,0.002271,74.125.68.0-255,7156,205513,46,297792
13635,0.002274,172.31.46.0-255,66,205579,46,297792
13636,0.004547,74.125.68.0-255,2902,208481,46,297792
13637,0.004553,172.31.46.0-255,66,208547,46,297792
13638,0.004573,74.125.68.0-255,2902,211449,46,297792
13639,0.004575,172.31.46.0-255,66,211515,46,297792
13640,0.00682,74.125.68.0-255,2902,214417,46,297792
13641,0.006825,172.31.46.0-255,66,214483,46,297792
13642,0.006842,74.125.68.0-255,2902,217385,46,297792
13643,0.006845,172.31.46.0-255,66,217451,46,297792
13644,0.009121,74.125.68.0-255,5738,223189,46,297792
13645,0.009128,172.31.46.0-255,66,223255,46,297792
13646,0.011406,74.125.68.0-255,5738,228993,46,297792
13647,0.011412,172.31.46.0-255,66,229059,46,297792
13648,0.013745,74.125.68.0-255,5738,234797,46,297792
13649,0.013754,172.31.46.0-255,66,234863,46,297792
13650,0.016033,74.125.68.0-255,5738,240601,46,297792
13651,0.01604,172.31.46.0-255,66,240667,46,297792
13652,0.018343,74.125.68.0-255,5738,246405,46,297792
13653,0.018351,172.31.46.0-255,66,246471,46,297792
13654,0.020638,74.125.68.0-255,5738,252209,46,297792
13655,0.020644,172.31.46.0-255,66,252275,46,297792
13656,0.022927,74.125.68.0-255,5738,258013,46,297792
13657,0.022937,172.31.46.0-255,66,258079,46,297792
13658,0.025227,74.125.68.0-255,5738,263817,46,297792
13659,0.025241,172.31.46.0-255,66,263883,46,297792
13660,0.026782,172.31.46.0-255,164,264047,46,297792
13661,0.026812,172.31.46.0-255,1129,265176,46,297792
13662,0.026873,172.31.46.0-255,1514,266690,46,297792
13663,0.026875,172.31.46.0-255,394,267084,46,297792
13664,0.027535,74.125.68.0-255,5738,272822,46,297792
13665,0.027544,172.31.46.0-255,66,272888,46,297792
13666,0.028341,104.244.42.0-255,66,272954,46,297792
13667,0.028377,104.244.42.0-255,66,273020,46,297792
13668,0.028405,104.244.42.0-255,66,273086,46,297792
13669,0.02982,74.125.68.0-255,5738,278824,46,297792
13670,0.029828,172.31.46.0-255,66,278890,46,297792
13671,0.032118,74.125.68.0-255,5738,284628,46,297792
13672,0.032134,172.31.46.0-255,66,284694,46,297792
13673,0.03443,74.125.68.0-255,5738,290432,46,297792
13674,0.034443,172.31.46.0-255,66,290498,46,297792
13675,0.036719,74.125.68.0-255,5738,296236,46,297792
13676,0.036731,172.31.46.0-255,66,296302,46,297792
13677,0.039016,74.125.68.0-255,1253,297555,46,297792
13678,0.039188,172.31.46.0-255,66,297621,46,297792
13679,0.03926,172.31.46.0-255,105,297726,46,297792
13680,0.04149,74.125.68.0-255,66,297792,46,297792
13681,0.0,74.125.200.0-255,153,153,46,343448
13682,1.2e-05,172.31.46.0-255,66,219,46,343448
13683,3.2e-05,74.125.200.0-255,1484,1703,46,343448
13684,3.5e-05,172.31.46.0-255,66,1769,46,343448
13685,5.1e-05,74.125.200.0-255,2902,4671,46,343448
13686,5.4e-05,172.31.46.0-255,66,4737,46,343448
13687,7e-05,74.125.200.0-255,1484,6221,46,343448
13688,7.2e-05,172.31.46.0-255,66,6287,46,343448
13689,9.3e-05,74.125.200.0-255,4320,10607,46,343448
13690,9.5e-05,172.31.46.0-255,66,10673,46,343448
13691,0.000101,74.125.200.0-255,3508,14181,46,343448
13692,0.000103,172.31.46.0-255,66,14247,46,343448
13693,0.000107,74.125.200.0-255,4320,18567,46,343448
13694,0.000109,172.31.46.0-255,66,18633,46,343448
13695,0.000129,74.125.200.0-255,5738,24371,46,343448
13696,0.000132,172.31.46.0-255,66,24437,46,343448
13697,0.000158,74.125.200.0-255,4320,28757,46,343448
13698,0.000161,172.31.46.0-255,66,28823,46,343448
13699,0.000165,74.125.200.0-255,2543,31366,46,343448
13700,0.000166,172.31.46.0-255,66,31432,46,343448
13701,0.000195,74.125.200.0-255,1484,32916,46,343448
13702,0.000198,172.31.46.0-255,66,32982,46,343448
13703,0.000215,74.125.200.0-255,2902,35884,46,343448
13704,0.000217,172.31.46.0-255,66,35950,46,343448
13705,0.000239,74.125.200.0-255,4320,40270,46,343448
13706,0.000241,172.31.46.0-255,66,40336,46,343448
13707,0.000244,74.125.200.0-255,1484,41820,46,343448
13708,0.000246,172.31.46.0-255,66,41886,46,343448
13709,0.000263,74.125.200.0-255,4320,46206,46,343448
13710,0.000266,172.31.46.0-255,66,46272,46,343448
13711,0.00029,172.31.46.0-255,66,46338,46,343448
13712,0.00031,74.125.200.0-255,1484,47822,46,343448
13713,0.000331,74.125.200.0-255,2902,50724,46,343448
13714,0.000333,172.31.46.0-255,66,50790,46,343448
13715,0.000347,74.125.200.0-255,5020,55810,46,343448
13716,0.000349,172.31.46.0-255,66,55876,46,343448
13717,0.00038,74.125.200.0-255,445,56321,46,343448
13718,0.000495,74.125.200.0-255,1484,57805,46,343448
13719,0.000499,172.31.46.0-255,66,57871,46,343448
13720,0.000504,74.125.200.0-255,2902,60773,46,343448
13721,0.000506,172.31.46.0-255,66,60839,46,343448
13722,0.000524,74.125.200.0-255,1484,62323,46,343448
13723,0.000537,74.125.200.0-255,4320,66643,46,343448
13724,0.000539,172.31.46.0-255,66,66709,46,343448
13725,0.000572,172.31.46.0-255,66,66775,46,343448
13726,0.000614,172.31.46.0-255,66,66841,46,343448
13727,0.000617,74.125.200.0-255,328,67169,46,343448
13728,0.00116,172.31.46.0-255,66,67235,46,343448
13729,0.001326,74.125.200.0-255,1484,68719,46,343448
13730,0.001342,74.125.200.0-255,1484,70203,46,343448
13731,0.001345,172.31.46.0-255,66,70269,46,343448
13732,0.001367,74.125.200.0-255,1484,71753,46,343448
13733,0.001373,74.125.200.0-255,4320,76073,46,343448
13734,0.001376,172.31.46.0-255,66,76139,46,343448
13735,0.001379,74.125.200.0-255,1484,77623,46,343448
13736,0.001405,74.125.200.0-255,7156,84779,46,343448
13737,0.001407,172.31.46.0-255,66,84845,46,343448
13738,0.001411,74.125.200.0-255,2902,87747,46,343448
13739,0.001413,172.31.46.0-255,66,87813,46,343448
13740,0.001416,74.125.200.0-255,1484,89297,46,343448
13741,0.001447,172.31.46.0-255,66,89363,46,343448
13742,0.00145,74.125.200.0-255,766,90129,46,343448
13743,0.002662,74.125.200.0-255,1484,91613,46,343448
13744,0.00267,172.31.46.0-255,66,91679,46,343448
13745,0.002677,74.125.200.0-255,2902,94581,46,343448
13746,0.002679,172.31.46.0-255,66,94647,46,343448
13747,0.002684,74.125.200.0-255,2902,97549,46,343448
13748,0.002686,172.31.46.0-255,66,97615,46,343448
13749,0.002709,74.125.200.0-255,2902,100517,46,343448
13750,0.002711,172.31.46.0-255,66,100583,46,343448
13751,0.002717,74.125.200.0-255,5738,106321,46,343448
13752,0.00272,172.31.46.0-255,66,106387,46,343448
13753,0.002735,74.125.200.0-255,5738,112125,46,343448
13754,0.002737,172.31.46.0-255,66,112191,46,343448
13755,0.002744,74.125.200.0-255,7156,119347,46,343448
13756,0.002747,172.31.46.0-255,66,119413,46,343448
13757,0.002766,74.125.200.0-255,5020,124433,46,343448
13758,0.002768,172.31.46.0-255,66,124499,46,343448
13759,0.002826,74.125.200.0-255,1484,125983,46,343448
13760,0.002857,74.125.200.0-255,2902,128885,46,343448
13761,0.002859,172.31.46.0-255,66,128951,46,343448
13762,0.002862,74.125.200.0-255,1484,130435,46,343448
13763,0.002894,74.125.200.0-255,4320,134755,46,343448
13764,0.002896,172.31.46.0-255,66,134821,46,343448
13765,0.002916,74.125.200.0-255,1484,136305,46,343448
13766,0.002921,74.125.200.0-255,4320,140625,46,343448
13767,0.002924,172.31.46.0-255,66,140691,46,343448
13768,0.00293,74.125.200.0-255,5738,146429,46,343448
13769,0.002932,172.31.46.0-255,66,146495,46,343448
13770,0.002994,172.31.46.0-255,66,146561,46,343448
13771,0.002997,74.125.200.0-255,766,147327,46,343448
13772,0.003021,74.125.200.0-255,4320,151647,46,343448
13773,0.003024,172.31.46.0-255,66,151713,46,343448
13774,0.003046,74.125.200.0-255,7156,158869,46,343448
13775,0.003049,172.31.46.0-255,66,158935,46,343448
13776,0.003067,74.125.200.0-255,4320,163255,46,343448
13777,0.003069,172.31.46.0-255,66,163321,46,343448
13778,0.003091,74.125.200.0-255,5738,169059,46,343448
13779,0.003094,172.31.46.0-255,66,169125,46,343448
13780,0.003107,74.125.200.0-255,4320,173445,46,343448
13781,0.00311,172.31.46.0-255,66,173511,46,343448
13782,0.003126,74.125.200.0-255,7156,180667,46,343448
13783,0.003128,172.31.46.0-255,66,180733,46,343448
13784,0.003157,74.125.200.0-255,2184,182917,46,343448
13785,0.003159,172.31.46.0-255,66,182983,46,343448
13786,0.003163,74.125.200.0-255,2902,185885,46,343448
13787,0.003165,172.31.46.0-255,66,185951,46,343448
13788,0.003177,74.125.200.0-255,1484,187435,46,343448
13789,0.00319,74.125.200.0-255,1484,188919,46,343448
13790,0.003192,172.31.46.0-255,66,188985,46,343448
13791,0.003209,74.125.200.0-255,1484,190469,46,343448
13792,0.00322,74.125.200.0-255,5738,196207,46,343448
13793,0.003222,172.31.46.0-255,66,196273,46,343448
13794,0.003228,74.125.200.0-255,4320,200593,46,343448
13795,0.00323,172.31.46.0-255,66,200659,46,343448
13796,0.003245,74.125.200.0-255,4320,204979,46,343448
13797,0.003247,172.31.46.0-255,66,205045,46,343448
13798,0.003266,74.125.200.0-255,1484,206529,46,343448
13799,0.003284,74.125.200.0-255,2902,209431,46,343448
13800,0.003287,172.31.46.0-255,66,209497,46,343448
13801,0.003306,74.125.200.0-255,5738,215235,46,343448
13802,0.003308,172.31.46.0-255,66,215301,46,343448
13803,0.00331,74.125.200.0-255,766,216067,46,343448
13804,0.00335,74.125.200.0-255,1484,217551,46,343448
13805,0.003352,172.31.46.0-255,66,217617,46,343448
13806,0.003367,74.125.200.0-255,4320,221937,46,343448
13807,0.00337,172.31.46.0-255,66,222003,46,343448
13808,0.003373,74.125.200.0-255,2902,224905,46,343448
13809,0.003375,172.31.46.0-255,66,224971,46,343448
13810,0.003399,74.125.200.0-255,4320,229291,46,343448
13811,0.003401,172.31.46.0-255,66,229357,46,343448
13812,0.003404,74.125.200.0-255,1484,230841,46,343448
13813,0.003423,74.125.200.0-255,7156,237997,46,343448
13814,0.003425,172.31.46.0-255,66,238063,46,343448
13815,0.003451,74.125.200.0-255,7156,245219,46,343448
13816,0.003453,172.31.46.0-255,66,245285,46,343448
13817,0.003466,74.125.200.0-255,2902,248187,46,343448
13818,0.003467,172.31.46.0-255,66,248253,46,343448
13819,0.003487,74.125.200.0-255,5020,253273,46,343448
13820,0.00349,172.31.46.0-255,66,253339,46,343448
13821,0.003494,74.125.200.0-255,2902,256241,46,343448
13822,0.003495,172.31.46.0-255,66,256307,46,343448
13823,0.003499,74.125.200.0-255,4320,260627,46,343448
13824,0.003502,172.31.46.0-255,66,260693,46,343448
13825,0.003519,74.125.200.0-255,1484,262177,46,343448
13826,0.003541,74.125.200.0-255,7156,269333,46,343448
13827,0.003543,172.31.46.0-255,66,269399,46,343448
13828,0.003547,74.125.200.0-255,2902,272301,46,343448
13829,0.003548,172.31.46.0-255,66,272367,46,343448
13830,0.003563,74.125.200.0-255,4320,276687,46,343448
13831,0.003566,172.31.46.0-255,66,276753,46,343448
13832,0.00357,74.125.200.0-255,4320,281073,46,343448
13833,0.003572,172.31.46.0-255,66,281139,46,343448
13834,0.003585,74.125.200.0-255,3602,284741,46,343448
13835,0.003587,172.31.46.0-255,66,284807,46,343448
13836,0.003592,74.125.200.0-255,4320,289127,46,343448
13837,0.003594,172.31.46.0-255,66,289193,46,343448
13838,0.003617,74.125.200.0-255,5738,294931,46,343448
13839,0.003619,172.31.46.0-255,66,294997,46,343448
13840,0.003622,74.125.200.0-255,1484,296481,46,343448
13841,0.003638,74.125.200.0-255,1484,297965,46,343448
13842,0.00364,172.31.46.0-255,66,298031,46,343448
13843,0.003644,74.125.200.0-255,2902,300933,46,343448
13844,0.003648,74.125.200.0-255,4320,305253,46,343448
13845,0.003661,74.125.200.0-255,1484,306737,46,343448
13846,0.003674,74.125.200.0-255,2902,309639,46,343448
13847,0.003678,74.125.200.0-255,2902,312541,46,343448
13848,0.00368,74.125.200.0-255,1484,314025,46,343448
13849,0.003706,74.125.200.0-255,1484,315509,46,343448
13850,0.003721,74.125.200.0-255,2902,318411,46,343448
13851,0.003723,74.125.200.0-255,766,319177,46,343448
13852,0.003774,74.125.200.0-255,1484,320661,46,343448
13853,0.003786,74.125.200.0-255,2902,323563,46,343448
13854,0.003827,74.125.200.0-255,1484,325047,46,343448
13855,0.003845,74.125.200.0-255,3353,328400,46,343448
13856,0.003858,74.125.200.0-255,105,328505,46,343448
13857,0.006236,172.31.46.0-255,66,328571,46,343448
13858,0.008005,172.31.46.0-255,101,328672,46,343448
13859,0.008288,172.31.46.0-255,105,328777,46,343448
13860,0.010236,74.125.200.0-255,66,328843,46,343448
13861,0.010518,74.125.200.0-255,66,328909,46,343448
13862,0.032221,172.31.46.0-255,74,328983,46,343448
13863,0.033757,104.244.42.0-255,74,329057,46,343448
13864,0.033776,172.31.46.0-255,66,329123,46,343448
13865,0.035151,172.31.46.0-255,583,329706,46,343448
13866,0.036684,104.244.42.0-255,66,329772,46,343448
13867,0.038705,104.244.42.0-255,3363,333135,46,343448
13868,0.038714,172.31.46.0-255,66,333201,46,343448
13869,0.042579,172.31.46.0-255,192,333393,46,343448
13870,0.04404,172.31.46.0-255,243,333636,46,343448
13871,0.044069,172.31.46.0-255,828,334464,46,343448
13872,0.044175,172.31.46.0-255,1514,335978,46,343448
13873,0.044177,172.31.46.0-255,1514,337492,46,343448
13874,0.044179,172.31.46.0-255,1514,339006,46,343448
13875,0.04418,172.31.46.0-255,1514,340520,46,343448
13876,0.044181,172.31.46.0-255,1514,342034,46,343448
13877,0.044184,172.31.46.0-255,524,342558,46,343448
13878,0.044809,104.244.42.0-255,308,342866,46,343448
13879,0.044931,104.244.42.0-255,110,342976,46,343448
13880,0.045038,172.31.46.0-255,66,343042,46,343448
13881,0.04536,172.31.46.0-255,104,343146,46,343448
13882,0.045642,104.244.42.0-255,66,343212,46,343448
13883,0.045669,104.244.42.0-255,104,343316,46,343448
13884,0.045732,104.244.42.0-255,66,343382,46,343448
13885,0.04754,104.244.42.0-255,66,343448,46,343448
13886,0.0,172.217.194.0-255,147,147,46,214289
13887,2.8e-05,172.31.46.0-255,66,213,46,214289
13888,3.5e-05,172.217.194.0-255,1484,1697,46,214289
13889,4e-05,172.31.46.0-255,66,1763,46,214289
13890,4.8e-05,172.217.194.0-255,2902,4665,46,214289
13891,5.2e-05,172.31.46.0-255,66,4731,46,214289
13892,5.9e-05,172.217.194.0-255,5738,10469,46,214289
13893,6.2e-05,172.31.46.0-255,66,10535,46,214289
13894,8.5e-05,172.217.194.0-255,1484,12019,46,214289
13895,8.8e-05,172.31.46.0-255,66,12085,46,214289
13896,9.3e-05,172.217.194.0-255,2079,14164,46,214289
13897,9.5e-05,172.31.46.0-255,66,14230,46,214289
13898,0.000118,172.217.194.0-255,2902,17132,46,214289
13899,0.000121,172.31.46.0-255,66,17198,46,214289
13900,0.000135,172.217.194.0-255,2902,20100,46,214289
13901,0.000137,172.31.46.0-255,66,20166,46,214289
13902,0.000152,172.217.194.0-255,4320,24486,46,214289
13903,0.000155,172.31.46.0-255,66,24552,46,214289
13904,0.000201,172.217.194.0-255,6797,31349,46,214289
13905,0.000204,172.31.46.0-255,66,31415,46,214289
13906,0.000241,172.217.194.0-255,1484,32899,46,214289
13907,0.000243,172.31.46.0-255,66,32965,46,214289
13908,0.000248,172.217.194.0-255,2902,35867,46,214289
13909,0.00025,172.31.46.0-255,66,35933,46,214289
13910,0.000263,172.217.194.0-255,1484,37417,46,214289
13911,0.000265,172.31.46.0-255,66,37483,46,214289
13912,0.000293,172.217.194.0-255,4320,41803,46,214289
13913,0.000295,172.31.46.0-255,66,41869,46,214289
13914,0.000303,172.217.194.0-255,7156,49025,46,214289
13915,0.000305,172.31.46.0-255,66,49091,46,214289
13916,0.000326,172.217.194.0-255,4320,53411,46,214289
13917,0.000328,172.31.46.0-255,66,53477,46,214289
13918,0.000348,172.217.194.0-255,2543,56020,46,214289
13919,0.00035,172.31.46.0-255,66,56086,46,214289
13920,0.000365,172.217.194.0-255,4320,60406,46,214289
13921,0.000368,172.31.46.0-255,66,60472,46,214289
13922,0.000392,172.217.194.0-255,5680,66152,46,214289
13923,0.000395,172.31.46.0-255,66,66218,46,214289
13924,0.000418,172.217.194.0-255,376,66594,46,214289
13925,0.000791,172.217.194.0-255,1484,68078,46,214289
13926,0.000797,172.31.46.0-255,66,68144,46,214289
13927,0.000804,172.217.194.0-255,2902,71046,46,214289
13928,0.000806,172.31.46.0-255,66,71112,46,214289
13929,0.000809,172.217.194.0-255,1484,72596,46,214289
13930,0.000833,172.217.194.0-255,4320,76916,46,214289
13931,0.000835,172.31.46.0-255,66,76982,46,214289
13932,0.000839,172.217.194.0-255,1484,78466,46,214289
13933,0.000869,172.31.46.0-255,66,78532,46,214289
13934,0.000877,172.217.194.0-255,7156,85688,46,214289
13935,0.00088,172.31.46.0-255,66,85754,46,214289
13936,0.000901,172.217.194.0-255,3602,89356,46,214289
13937,0.000904,172.31.46.0-255,66,89422,46,214289
13938,0.001002,172.217.194.0-255,1484,90906,46,214289
13939,0.001017,172.217.194.0-255,2902,93808,46,214289
13940,0.001021,172.31.46.0-255,66,93874,46,214289
13941,0.001027,172.217.194.0-255,5738,99612,46,214289
13942,0.00103,172.31.46.0-255,66,99678,46,214289
13943,0.001069,172.31.46.0-255,66,99744,46,214289
13944,0.001075,172.217.194.0-255,4320,104064,46,214289
13945,0.001077,172.31.46.0-255,66,104130,46,214289
13946,0.001108,172.217.194.0-255,1484,105614,46,214289
13947,0.001124,172.217.194.0-255,5020,110634,46,214289
13948,0.001127,172.31.46.0-255,66,110700,46,214289
13949,0.00155,172.217.194.0-255,1484,112184,46,214289
13950,0.001581,172.217.194.0-255,2902,115086,46,214289
13951,0.001585,172.31.46.0-255,66,115152,46,214289
13952,0.001593,172.217.194.0-255,5738,120890,46,214289
13953,0.001595,172.31.46.0-255,66,120956,46,214289
13954,0.001621,172.217.194.0-255,2902,123858,46,214289
13955,0.001625,172.31.46.0-255,66,123924,46,214289
13956,0.001655,172.31.46.0-255,66,123990,46,214289
13957,0.00168,172.217.194.0-255,1484,125474,46,214289
13958,0.001703,172.217.194.0-255,1484,126958,46,214289
13959,0.001706,172.31.46.0-255,66,127024,46,214289
13960,0.001712,172.217.194.0-255,4320,131344,46,214289
13961,0.001714,172.31.46.0-255,66,131410,46,214289
13962,0.001729,172.217.194.0-255,3602,135012,46,214289
13963,0.001732,172.31.46.0-255,66,135078,46,214289
13964,0.001978,172.217.194.0-255,1484,136562,46,214289
13965,0.001982,172.217.194.0-255,1484,138046,46,214289
13966,0.001993,172.31.46.0-255,66,138112,46,214289
13967,0.001997,172.217.194.0-255,1484,139596,46,214289
13968,0.002004,172.217.194.0-255,4320,143916,46,214289
13969,0.002006,172.31.46.0-255,66,143982,46,214289
13970,0.00202,172.217.194.0-255,1484,145466,46,214289
13971,0.002034,172.217.194.0-255,4320,149786,46,214289
13972,0.002037,172.31.46.0-255,66,149852,46,214289
13973,0.002068,172.31.46.0-255,66,149918,46,214289
13974,0.002079,172.31.46.0-255,66,149984,46,214289
13975,0.002092,172.217.194.0-255,1484,151468,46,214289
13976,0.002159,172.31.46.0-255,66,151534,46,214289
13977,0.00218,172.217.194.0-255,3602,155136,46,214289
13978,0.002195,172.217.194.0-255,4320,159456,46,214289
13979,0.002204,172.31.46.0-255,66,159522,46,214289
13980,0.002207,172.31.46.0-255,66,159588,46,214289
13981,0.00221,172.31.46.0-255,66,159654,46,214289
13982,0.002216,172.217.194.0-255,4320,163974,46,214289
13983,0.002219,172.31.46.0-255,66,164040,46,214289
13984,0.002264,172.31.46.0-255,66,164106,46,214289
13985,0.002275,172.31.46.0-255,66,164172,46,214289
13986,0.002313,172.31.46.0-255,66,164238,46,214289
13987,0.002319,172.217.194.0-255,5738,169976,46,214289
13988,0.002321,172.31.46.0-255,66,170042,46,214289
13989,0.002327,172.217.194.0-255,5738,175780,46,214289
13990,0.002329,172.31.46.0-255,66,175846,46,214289
13991,0.002368,172.217.194.0-255,766,176612,46,214289
13992,0.002373,172.217.194.0-255,4320,180932,46,214289
13993,0.002388,172.217.194.0-255,7156,188088,46,214289
13994,0.002408,172.217.194.0-255,5738,193826,46,214289
13995,0.002427,172.217.194.0-255,1484,195310,46,214289
13996,0.002453,172.217.194.0-255,3602,198912,46,214289
13997,0.002469,172.217.194.0-255,7156,206068,46,214289
13998,0.002524,172.217.194.0-255,5738,211806,46,214289
13999,0.002572,172.217.194.0-255,97,211903,46,214289
14000,0.002574,172.217.194.0-255,105,212008,46,214289
14001,0.008502,172.31.46.0-255,66,212074,46,214289
14002,0.010711,172.31.46.0-255,105,212179,46,214289
14003,0.013366,172.217.194.0-255,66,212245,46,214289
14004,0.036817,172.31.46.0-255,172,212417,46,214289
14005,0.036854,172.31.46.0-255,1119,213536,46,214289
14006,0.036913,172.31.46.0-255,555,214091,46,214289
14007,0.038516,104.244.42.0-255,66,214157,46,214289
14008,0.038558,104.244.42.0-255,66,214223,46,214289
14009,0.038569,104.244.42.0-255,66,214289,46,214289
14010,0.0,74.125.68.0-255,146,146,46,227706
14011,2.4e-05,172.31.46.0-255,66,212,46,227706
14012,3.1e-05,74.125.68.0-255,1484,1696,46,227706
14013,3.6e-05,172.31.46.0-255,66,1762,46,227706
14014,4.2e-05,74.125.68.0-255,2902,4664,46,227706
14015,5.4e-05,172.31.46.0-255,66,4730,46,227706
14016,6.4e-05,74.125.68.0-255,7156,11886,46,227706
14017,6.8e-05,172.31.46.0-255,66,11952,46,227706
14018,7.3e-05,74.125.68.0-255,2024,13976,46,227706
14019,7.5e-05,172.31.46.0-255,66,14042,46,227706
14020,9.6e-05,74.125.68.0-255,2902,16944,46,227706
14021,0.0001,172.31.46.0-255,66,17010,46,227706
14022,0.000113,74.125.68.0-255,7156,24166,46,227706
14023,0.000115,172.31.46.0-255,66,24232,46,227706
14024,0.000122,74.125.68.0-255,5738,29970,46,227706
14025,0.000125,172.31.46.0-255,66,30036,46,227706
14026,0.000161,74.125.68.0-255,1125,31161,46,227706
14027,0.000164,172.31.46.0-255,66,31227,46,227706
14028,0.000259,74.125.68.0-255,1484,32711,46,227706
14029,0.000262,172.31.46.0-255,66,32777,46,227706
14030,0.000268,74.125.68.0-255,2902,35679,46,227706
14031,0.000269,172.31.46.0-255,66,35745,46,227706
14032,0.000273,74.125.68.0-255,1484,37229,46,227706
14033,0.00028,172.31.46.0-255,66,37295,46,227706
14034,0.000285,74.125.68.0-255,2902,40197,46,227706
14035,0.000288,172.31.46.0-255,66,40263,46,227706
14036,0.000323,74.125.68.0-255,5738,46001,46,227706
14037,0.000326,172.31.46.0-255,66,46067,46,227706
14038,0.000329,74.125.68.0-255,1484,47551,46,227706
14039,0.000331,172.31.46.0-255,66,47617,46,227706
14040,0.000373,74.125.68.0-255,2543,50160,46,227706
14041,0.000375,172.31.46.0-255,66,50226,46,227706
14042,0.0004,74.125.68.0-255,2902,53128,46,227706
14043,0.000407,74.125.68.0-255,5738,58866,46,227706
14044,0.000421,74.125.68.0-255,1484,60350,46,227706
14045,0.000435,172.31.46.0-255,66,60416,46,227706
14046,0.000445,74.125.68.0-255,2902,63318,46,227706
14047,0.000463,74.125.68.0-255,2816,66134,46,227706
14048,0.000466,172.31.46.0-255,66,66200,46,227706
14049,0.0005,74.125.68.0-255,129,66329,46,227706
14050,0.000642,74.125.68.0-255,1484,67813,46,227706
14051,0.000657,74.125.68.0-255,2902,70715,46,227706
14052,0.000685,74.125.68.0-255,5738,76453,46,227706
14053,0.000689,74.125.68.0-255,2902,79355,46,227706
14054,0.000707,74.125.68.0-255,3961,83316,46,227706
14055,0.000737,74.125.68.0-255,2902,86218,46,227706
14056,0.000789,74.125.68.0-255,2902,89120,46,227706
14057,0.000797,172.31.46.0-255,66,89186,46,227706
14058,0.000808,74.125.68.0-255,2543,91729,46,227706
14059,0.000818,172.31.46.0-255,66,91795,46,227706
14060,0.003486,74.125.68.0-255,1484,93279,46,227706
14061,0.003499,74.125.68.0-255,2902,96181,46,227706
14062,0.003505,172.31.46.0-255,66,96247,46,227706
14063,0.003531,74.125.68.0-255,1484,97731,46,227706
14064,0.005802,74.125.68.0-255,2902,100633,46,227706
14065,0.005818,74.125.68.0-255,1484,102117,46,227706
14066,0.006542,172.31.46.0-255,66,102183,46,227706
14067,0.008832,74.125.68.0-255,4320,106503,46,227706
14068,0.008839,172.31.46.0-255,66,106569,46,227706
14069,0.008867,74.125.68.0-255,1484,108053,46,227706
14070,0.011167,74.125.68.0-255,4320,112373,46,227706
14071,0.01153,172.31.46.0-255,66,112439,46,227706
14072,0.013764,74.125.68.0-255,4320,116759,46,227706
14073,0.013774,172.31.46.0-255,66,116825,46,227706
14074,0.013806,74.125.68.0-255,1484,118309,46,227706
14075,0.015998,74.125.68.0-255,4320,122629,46,227706
14076,0.016012,172.31.46.0-255,66,122695,46,227706
14077,0.018227,74.125.68.0-255,5738,128433,46,227706
14078,0.018527,172.31.46.0-255,66,128499,46,227706
14079,0.020739,74.125.68.0-255,5738,134237,46,227706
14080,0.020747,172.31.46.0-255,66,134303,46,227706
14081,0.023048,74.125.68.0-255,5738,140041,46,227706
14082,0.023055,172.31.46.0-255,66,140107,46,227706
14083,0.025296,74.125.68.0-255,4320,144427,46,227706
14084,0.025304,172.31.46.0-255,66,144493,46,227706
14085,0.025335,74.125.68.0-255,1484,145977,46,227706
14086,0.027508,74.125.68.0-255,4320,150297,46,227706
14087,0.027516,172.31.46.0-255,66,150363,46,227706
14088,0.029506,172.31.46.0-255,172,150535,46,227706
14089,0.029539,172.31.46.0-255,1119,151654,46,227706
14090,0.029598,172.31.46.0-255,1514,153168,46,227706
14091,0.0296,172.31.46.0-255,404,153572,46,227706
14092,0.029788,74.125.68.0-255,5738,159310,46,227706
14093,0.029826,172.31.46.0-255,66,159376,46,227706
14094,0.031767,104.244.42.0-255,66,159442,46,227706
14095,0.032568,74.125.68.0-255,2902,162344,46,227706
14096,0.032574,172.31.46.0-255,66,162410,46,227706
14097,0.032603,74.125.68.0-255,2902,165312,46,227706
14098,0.032861,172.31.46.0-255,66,165378,46,227706
14099,0.035812,74.125.68.0-255,2902,168280,46,227706
14100,0.03582,172.31.46.0-255,66,168346,46,227706
14101,0.035966,74.125.68.0-255,2902,171248,46,227706
14102,0.035971,172.31.46.0-255,66,171314,46,227706
14103,0.038287,74.125.68.0-255,2902,174216,46,227706
14104,0.038302,172.31.46.0-255,66,174282,46,227706
14105,0.038412,74.125.68.0-255,2902,177184,46,227706
14106,0.038443,172.31.46.0-255,66,177250,46,227706
14107,0.041007,74.125.68.0-255,2902,180152,46,227706
14108,0.041015,172.31.46.0-255,66,180218,46,227706
14109,0.041132,74.125.68.0-255,2902,183120,46,227706
14110,0.041137,172.31.46.0-255,66,183186,46,227706
14111,0.043527,74.125.68.0-255,2902,186088,46,227706
14112,0.043535,172.31.46.0-255,66,186154,46,227706
14113,0.043602,74.125.68.0-255,2902,189056,46,227706
14114,0.043639,172.31.46.0-255,66,189122,46,227706
14115,0.045752,74.125.68.0-255,2902,192024,46,227706
14116,0.045759,172.31.46.0-255,66,192090,46,227706
14117,0.045859,74.125.68.0-255,2902,194992,46,227706
14118,0.045863,172.31.46.0-255,66,195058,46,227706
14119,0.047992,74.125.68.0-255,2902,197960,46,227706
14120,0.047998,172.31.46.0-255,66,198026,46,227706
14121,0.048101,74.125.68.0-255,2902,200928,46,227706
14122,0.048105,172.31.46.0-255,66,200994,46,227706
14123,0.050213,74.125.68.0-255,2902,203896,46,227706
14124,0.050224,172.31.46.0-255,66,203962,46,227706
14125,0.050324,74.125.68.0-255,2902,206864,46,227706
14126,0.051999,172.31.46.0-255,66,206930,46,227706
14127,0.052432,74.125.68.0-255,2902,209832,46,227706
14128,0.052438,172.31.46.0-255,66,209898,46,227706
14129,0.054216,74.125.68.0-255,2902,212800,46,227706
14130,0.054442,172.31.46.0-255,66,212866,46,227706
14131,0.054643,74.125.68.0-255,2902,215768,46,227706
14132,0.054649,172.31.46.0-255,66,215834,46,227706
14133,0.056656,74.125.68.0-255,2902,218736,46,227706
14134,0.056663,172.31.46.0-255,66,218802,46,227706
14135,0.056863,74.125.68.0-255,2902,221704,46,227706
14136,0.056868,172.31.46.0-255,66,221770,46,227706
14137,0.058893,74.125.68.0-255,2902,224672,46,227706
14138,0.0589,172.31.46.0-255,66,224738,46,227706
14139,0.059075,74.125.68.0-255,2902,227640,46,227706
14140,0.05908,172.31.46.0-255,66,227706,46,227706
14141,0.0,216.58.221.0-255,153,153,46,268588
14142,1.9e-05,216.58.221.0-255,1484,1637,46,268588
14143,3e-05,172.31.46.0-255,66,1703,46,268588
14144,3.9e-05,216.58.221.0-255,2902,4605,46,268588
14145,4.5e-05,216.58.221.0-255,4320,8925,46,268588
14146,5.1e-05,216.58.221.0-255,4928,13853,46,268588
14147,9.4e-05,216.58.221.0-255,5379,19232,46,268588
14148,0.000142,216.58.221.0-255,1484,20716,46,268588
14149,0.000147,216.58.221.0-255,2902,23618,46,268588
14150,0.000162,216.58.221.0-255,2902,26520,46,268588
14151,0.000182,172.31.46.0-255,66,26586,46,268588
14152,0.000187,216.58.221.0-255,2902,29488,46,268588
14153,0.000198,216.58.221.0-255,6797,36285,46,268588
14154,0.000205,172.31.46.0-255,66,36351,46,268588
14155,0.000271,216.58.221.0-255,1484,37835,46,268588
14156,0.000275,216.58.221.0-255,1484,39319,46,268588
14157,0.000294,216.58.221.0-255,1484,40803,46,268588
14158,0.000299,216.58.221.0-255,4320,45123,46,268588
14159,0.000312,216.58.221.0-255,4320,49443,46,268588
14160,0.000326,216.58.221.0-255,4253,53696,46,268588
14161,0.000442,172.31.46.0-255,66,53762,46,268588
14162,0.000892,216.58.221.0-255,132,53894,46,268588
14163,0.001007,216.58.221.0-255,1484,55378,46,268588
14164,0.001012,172.31.46.0-255,66,55444,46,268588
14165,0.001018,216.58.221.0-255,2902,58346,46,268588
14166,0.001023,216.58.221.0-255,2902,61248,46,268588
14167,0.001042,216.58.221.0-255,2902,64150,46,268588
14168,0.00105,216.58.221.0-255,6797,70947,46,268588
14169,0.001091,172.31.46.0-255,66,71013,46,268588
14170,0.001235,216.58.221.0-255,1484,72497,46,268588
14171,0.001253,216.58.221.0-255,2902,75399,46,268588
14172,0.001256,172.31.46.0-255,66,75465,46,268588
14173,0.001263,216.58.221.0-255,5738,81203,46,268588
14174,0.001286,172.31.46.0-255,66,81269,46,268588
14175,0.001296,216.58.221.0-255,5738,87007,46,268588
14176,0.001301,172.31.46.0-255,66,87073,46,268588
14177,0.001371,216.58.221.0-255,5020,92093,46,268588
14178,0.001393,172.31.46.0-255,66,92159,46,268588
14179,0.001419,216.58.221.0-255,1484,93643,46,268588
14180,0.001424,216.58.221.0-255,2902,96545,46,268588
14181,0.00143,216.58.221.0-255,5738,102283,46,268588
14182,0.001438,172.31.46.0-255,66,102349,46,268588
14183,0.001449,216.58.221.0-255,4320,106669,46,268588
14184,0.001454,172.31.46.0-255,66,106735,46,268588
14185,0.001508,216.58.221.0-255,5738,112473,46,268588
14186,0.001533,216.58.221.0-255,1484,113957,46,268588
14187,0.001538,216.58.221.0-255,3602,117559,46,268588
14188,0.001568,172.31.46.0-255,66,117625,46,268588
14189,0.00161,216.58.221.0-255,1484,119109,46,268588
14190,0.001617,216.58.221.0-255,2902,122011,46,268588
14191,0.001636,216.58.221.0-255,5738,127749,46,268588
14192,0.001649,216.58.221.0-255,1484,129233,46,268588
14193,0.001661,216.58.221.0-255,2902,132135,46,268588
14194,0.001664,172.31.46.0-255,66,132201,46,268588
14195,0.001673,216.58.221.0-255,4320,136521,46,268588
14196,0.001679,172.31.46.0-255,66,136587,46,268588
14197,0.001697,216.58.221.0-255,4320,140907,46,268588
14198,0.001708,216.58.221.0-255,7156,148063,46,268588
14199,0.001734,216.58.221.0-255,3602,151665,46,268588
14200,0.001756,172.31.46.0-255,66,151731,46,268588
14201,0.001932,216.58.221.0-255,1484,153215,46,268588
14202,0.001939,216.58.221.0-255,2902,156117,46,268588
14203,0.001949,172.31.46.0-255,66,156183,46,268588
14204,0.001955,216.58.221.0-255,5738,161921,46,268588
14205,0.001988,216.58.221.0-255,2902,164823,46,268588
14206,0.001996,172.31.46.0-255,66,164889,46,268588
14207,0.002026,172.31.46.0-255,66,164955,46,268588
14208,0.002035,216.58.221.0-255,1888,166843,46,268588
14209,0.002067,172.31.46.0-255,66,166909,46,268588
14210,0.002212,216.58.221.0-255,1484,168393,46,268588
14211,0.002228,216.58.221.0-255,2902,171295,46,268588
14212,0.002238,216.58.221.0-255,1484,172779,46,268588
14213,0.002254,216.58.221.0-255,4320,177099,46,268588
14214,0.002259,216.58.221.0-255,2902,180001,46,268588
14215,0.002264,172.31.46.0-255,66,180067,46,268588
14216,0.0023,216.58.221.0-255,7156,187223,46,268588
14217,0.002335,216.58.221.0-255,4320,191543,46,268588
14218,0.002383,216.58.221.0-255,5020,196563,46,268588
14219,0.00241,216.58.221.0-255,5020,201583,46,268588
14220,0.002595,216.58.221.0-255,1484,203067,46,268588
14221,0.002601,216.58.221.0-255,2902,205969,46,268588
14222,0.002605,216.58.221.0-255,2902,208871,46,268588
14223,0.002624,216.58.221.0-255,1484,210355,46,268588
14224,0.00263,216.58.221.0-255,5738,216093,46,268588
14225,0.002637,216.58.221.0-255,7156,223249,46,268588
14226,0.00264,216.58.221.0-255,1484,224733,46,268588
14227,0.002652,216.58.221.0-255,2902,227635,46,268588
14228,0.002676,216.58.221.0-255,5738,233373,46,268588
14229,0.00268,216.58.221.0-255,2184,235557,46,268588
14230,0.002682,216.58.221.0-255,1484,237041,46,268588
14231,0.002701,216.58.221.0-255,1484,238525,46,268588
14232,0.002708,216.58.221.0-255,7156,245681,46,268588
14233,0.002774,216.58.221.0-255,4320,250001,46,268588
14234,0.002789,216.58.221.0-255,4320,254321,46,268588
14235,0.002808,216.58.221.0-255,5020,259341,46,268588
14236,0.002812,216.58.221.0-255,2902,262243,46,268588
14237,0.002856,216.58.221.0-255,1722,263965,46,268588
14238,0.002872,216.58.221.0-255,105,264070,46,268588
14239,0.008122,172.31.46.0-255,66,264136,46,268588
14240,0.01004,172.31.46.0-255,105,264241,46,268588
14241,0.012023,216.58.221.0-255,66,264307,46,268588
14242,0.034449,172.31.46.0-255,171,264478,46,268588
14243,0.034479,172.31.46.0-255,1139,265617,46,268588
14244,0.034545,172.31.46.0-255,1514,267131,46,268588
14245,0.034547,172.31.46.0-255,1259,268390,46,268588
14246,0.036132,104.244.42.0-255,66,268456,46,268588
14247,0.036171,104.244.42.0-255,66,268522,46,268588
14248,0.036287,104.244.42.0-255,66,268588,46,268588
14249,0.0,172.217.194.0-255,159,159,46,160928
14250,2.4e-05,172.31.46.0-255,66,225,46,160928
14251,4.2e-05,172.217.194.0-255,1484,1709,46,160928
14252,4.8e-05,172.31.46.0-255,66,1775,46,160928
14253,5.3e-05,172.217.194.0-255,2902,4677,46,160928
14254,5.7e-05,172.31.46.0-255,66,4743,46,160928
14255,6.5e-05,172.217.194.0-255,5738,10481,46,160928
14256,6.8e-05,172.31.46.0-255,66,10547,46,160928
14257,9.2e-05,172.217.194.0-255,1484,12031,46,160928
14258,9.4e-05,172.31.46.0-255,66,12097,46,160928
14259,0.000128,172.31.46.0-255,66,12163,46,160928
14260,0.000156,172.31.46.0-255,66,12229,46,160928
14261,0.000189,172.31.46.0-255,66,12295,46,160928
14262,0.000382,172.217.194.0-255,1484,13779,46,160928
14263,0.000387,172.31.46.0-255,66,13845,46,160928
14264,0.000394,172.217.194.0-255,2902,16747,46,160928
14265,0.000396,172.31.46.0-255,66,16813,46,160928
14266,0.000425,172.217.194.0-255,2902,19715,46,160928
14267,0.000427,172.31.46.0-255,66,19781,46,160928
14268,0.000451,172.217.194.0-255,2902,22683,46,160928
14269,0.000455,172.31.46.0-255,66,22749,46,160928
14270,0.000462,172.217.194.0-255,7119,29868,46,160928
14271,0.000465,172.31.46.0-255,66,29934,46,160928
14272,0.000544,172.217.194.0-255,1484,31418,46,160928
14273,0.000547,172.31.46.0-255,66,31484,46,160928
14274,0.000553,172.217.194.0-255,2902,34386,46,160928
14275,0.000556,172.31.46.0-255,66,34452,46,160928
14276,0.000571,172.217.194.0-255,5738,40190,46,160928
14277,0.000574,172.31.46.0-255,66,40256,46,160928
14278,0.000578,172.217.194.0-255,2902,43158,46,160928
14279,0.000581,172.31.46.0-255,66,43224,46,160928
14280,0.000594,172.217.194.0-255,2902,46126,46,160928
14281,0.000597,172.31.46.0-255,66,46192,46,160928
14282,0.000617,172.217.194.0-255,4320,50512,46,160928
14283,0.00062,172.31.46.0-255,66,50578,46,160928
14284,0.000661,172.217.194.0-255,5020,55598,46,160928
14285,0.000665,172.31.46.0-255,66,55664,46,160928
14286,0.000669,172.31.46.0-255,66,55730,46,160928
14287,0.000897,172.217.194.0-255,1484,57214,46,160928
14288,0.000903,172.217.194.0-255,1484,58698,46,160928
14289,0.000907,172.31.46.0-255,66,58764,46,160928
14290,0.000928,172.217.194.0-255,1484,60248,46,160928
14291,0.000936,172.217.194.0-255,5738,65986,46,160928
14292,0.000938,172.31.46.0-255,66,66052,46,160928
14293,0.000942,172.217.194.0-255,2902,68954,46,160928
14294,0.000944,172.31.46.0-255,66,69020,46,160928
14295,0.000963,172.217.194.0-255,4320,73340,46,160928
14296,0.000965,172.31.46.0-255,66,73406,46,160928
14297,0.000971,172.217.194.0-255,5738,79144,46,160928
14298,0.000973,172.31.46.0-255,66,79210,46,160928
14299,0.001005,172.31.46.0-255,66,79276,46,160928
14300,0.001016,172.31.46.0-255,66,79342,46,160928
14301,0.001021,172.217.194.0-255,2902,82244,46,160928
14302,0.001023,172.31.46.0-255,66,82310,46,160928
14303,0.001078,172.31.46.0-255,66,82376,46,160928
14304,0.00108,172.217.194.0-255,766,83142,46,160928
14305,0.001113,172.31.46.0-255,66,83208,46,160928
14306,0.001155,172.31.46.0-255,66,83274,46,160928
14307,0.001159,172.217.194.0-255,2902,86176,46,160928
14308,0.001162,172.31.46.0-255,66,86242,46,160928
14309,0.001166,172.217.194.0-255,2184,88426,46,160928
14310,0.001168,172.31.46.0-255,66,88492,46,160928
14311,0.001172,172.217.194.0-255,2902,91394,46,160928
14312,0.001175,172.31.46.0-255,66,91460,46,160928
14313,0.001181,172.217.194.0-255,5738,97198,46,160928
14314,0.001184,172.31.46.0-255,66,97264,46,160928
14315,0.001212,172.217.194.0-255,1484,98748,46,160928
14316,0.001229,172.31.46.0-255,66,98814,46,160928
14317,0.00124,172.31.46.0-255,66,98880,46,160928
14318,0.001299,172.217.194.0-255,2902,101782,46,160928
14319,0.001302,172.31.46.0-255,66,101848,46,160928
14320,0.001338,172.31.46.0-255,66,101914,46,160928
14321,0.001349,172.31.46.0-255,66,101980,46,160928
14322,0.001371,172.31.46.0-255,66,102046,46,160928
14323,0.001383,172.31.46.0-255,66,102112,46,160928
14324,0.001415,172.31.46.0-255,66,102178,46,160928
14325,0.001426,172.31.46.0-255,66,102244,46,160928
14326,0.001466,172.217.194.0-255,6438,108682,46,160928
14327,0.001469,172.217.194.0-255,2902,111584,46,160928
14328,0.001472,172.217.194.0-255,1484,113068,46,160928
14329,0.001477,172.31.46.0-255,66,113134,46,160928
14330,0.00148,172.31.46.0-255,66,113200,46,160928
14331,0.001483,172.31.46.0-255,66,113266,46,160928
14332,0.001496,172.217.194.0-255,2902,116168,46,160928
14333,0.001498,172.31.46.0-255,66,116234,46,160928
14334,0.001502,172.217.194.0-255,2902,119136,46,160928
14335,0.001504,172.31.46.0-255,66,119202,46,160928
14336,0.001534,172.217.194.0-255,5738,124940,46,160928
14337,0.001538,172.31.46.0-255,66,125006,46,160928
14338,0.001544,172.217.194.0-255,5738,130744,46,160928
14339,0.001546,172.31.46.0-255,66,130810,46,160928
14340,0.001586,172.217.194.0-255,2902,133712,46,160928
14341,0.00159,172.31.46.0-255,66,133778,46,160928
14342,0.001618,172.31.46.0-255,66,133844,46,160928
14343,0.001625,172.217.194.0-255,7156,141000,46,160928
14344,0.001628,172.31.46.0-255,66,141066,46,160928
14345,0.001658,172.217.194.0-255,5738,146804,46,160928
14346,0.001661,172.31.46.0-255,66,146870,46,160928
14347,0.001667,172.217.194.0-255,4620,151490,46,160928
14348,0.001669,172.31.46.0-255,66,151556,46,160928
14349,0.001672,172.217.194.0-255,105,151661,46,160928
14350,0.009334,172.31.46.0-255,66,151727,46,160928
14351,0.009374,172.31.46.0-255,105,151832,46,160928
14352,0.012012,172.217.194.0-255,66,151898,46,160928
14353,0.034971,172.31.46.0-255,164,152062,46,160928
14354,0.035006,172.31.46.0-255,1127,153189,46,160928
14355,0.035075,172.31.46.0-255,1514,154703,46,160928
14356,0.035078,172.31.46.0-255,1514,156217,46,160928
14357,0.035079,172.31.46.0-255,1514,157731,46,160928
14358,0.035081,172.31.46.0-255,1514,159245,46,160928
14359,0.035082,172.31.46.0-255,1485,160730,46,160928
14360,0.036658,104.244.42.0-255,66,160796,46,160928
14361,0.036696,104.244.42.0-255,66,160862,46,160928
14362,0.036852,104.244.42.0-255,66,160928,46,160928
14363,0.0,74.125.24.0-255,146,146,46,319370
14364,2.6e-05,172.31.46.0-255,66,212,46,319370
14365,3.3e-05,74.125.24.0-255,1484,1696,46,319370
14366,3.9e-05,172.31.46.0-255,66,1762,46,319370
14367,4.4e-05,74.125.24.0-255,2902,4664,46,319370
14368,4.7e-05,172.31.46.0-255,66,4730,46,319370
14369,5.4e-05,74.125.24.0-255,5738,10468,46,319370
14370,5.6e-05,172.31.46.0-255,66,10534,46,319370
14371,6.1e-05,74.125.24.0-255,3439,13973,46,319370
14372,6.3e-05,172.31.46.0-255,66,14039,46,319370
14373,0.000135,74.125.24.0-255,1484,15523,46,319370
14374,0.000139,172.31.46.0-255,66,15589,46,319370
14375,0.000143,74.125.24.0-255,2902,18491,46,319370
14376,0.000146,172.31.46.0-255,66,18557,46,319370
14377,0.000149,74.125.24.0-255,1484,20041,46,319370
14378,0.00015,172.31.46.0-255,66,20107,46,319370
14379,0.000172,74.125.24.0-255,4320,24427,46,319370
14380,0.000175,172.31.46.0-255,66,24493,46,319370
14381,0.000196,74.125.24.0-255,2902,27395,46,319370
14382,0.000198,172.31.46.0-255,66,27461,46,319370
14383,0.000223,172.31.46.0-255,66,27527,46,319370
14384,0.000235,172.31.46.0-255,66,27593,46,319370
14385,0.000273,74.125.24.0-255,1125,28718,46,319370
14386,0.000275,172.31.46.0-255,66,28784,46,319370
14387,0.000287,74.125.24.0-255,1484,30268,46,319370
14388,0.000289,172.31.46.0-255,66,30334,46,319370
14389,0.000295,74.125.24.0-255,4320,34654,46,319370
14390,0.000297,172.31.46.0-255,66,34720,46,319370
14391,0.000321,74.125.24.0-255,2902,37622,46,319370
14392,0.000323,172.31.46.0-255,66,37688,46,319370
14393,0.000329,74.125.24.0-255,4320,42008,46,319370
14394,0.000331,172.31.46.0-255,66,42074,46,319370
14395,0.000366,74.125.24.0-255,3961,46035,46,319370
14396,0.000369,172.31.46.0-255,66,46101,46,319370
14397,0.000434,74.125.24.0-255,399,46500,46,319370
14398,0.000438,172.31.46.0-255,66,46566,46,319370
14399,0.000489,74.125.24.0-255,345,46911,46,319370
14400,0.000493,172.31.46.0-255,66,46977,46,319370
14401,0.000535,74.125.24.0-255,1484,48461,46,319370
14402,0.000538,172.31.46.0-255,66,48527,46,319370
14403,0.000542,74.125.24.0-255,2902,51429,46,319370
14404,0.000545,172.31.46.0-255,66,51495,46,319370
14405,0.000557,74.125.24.0-255,1484,52979,46,319370
14406,0.000559,172.31.46.0-255,66,53045,46,319370
14407,0.000566,74.125.24.0-255,7156,60201,46,319370
14408,0.000569,172.31.46.0-255,66,60267,46,319370
14409,0.000585,74.125.24.0-255,2902,63169,46,319370
14410,0.000587,172.31.46.0-255,66,63235,46,319370
14411,0.000599,172.31.46.0-255,66,63301,46,319370
14412,0.000618,74.125.24.0-255,2902,66203,46,319370
14413,0.000621,172.31.46.0-255,66,66269,46,319370
14414,0.000628,74.125.24.0-255,6438,72707,46,319370
14415,0.000631,172.31.46.0-255,66,72773,46,319370
14416,0.0013,74.125.24.0-255,1484,74257,46,319370
14417,0.001306,172.31.46.0-255,66,74323,46,319370
14418,0.001312,74.125.24.0-255,2902,77225,46,319370
14419,0.001314,172.31.46.0-255,66,77291,46,319370
14420,0.00132,74.125.24.0-255,4320,81611,46,319370
14421,0.001322,172.31.46.0-255,66,81677,46,319370
14422,0.001336,74.125.24.0-255,1484,83161,46,319370
14423,0.001339,172.31.46.0-255,66,83227,46,319370
14424,0.001343,74.125.24.0-255,2902,86129,46,319370
14425,0.001345,172.31.46.0-255,66,86195,46,319370
14426,0.001349,74.125.24.0-255,2902,89097,46,319370
14427,0.001351,172.31.46.0-255,66,89163,46,319370
14428,0.001375,74.125.24.0-255,7156,96319,46,319370
14429,0.001378,172.31.46.0-255,66,96385,46,319370
14430,0.001386,74.125.24.0-255,7156,103541,46,319370
14431,0.001388,172.31.46.0-255,66,103607,46,319370
14432,0.001402,74.125.24.0-255,3602,107209,46,319370
14433,0.001404,172.31.46.0-255,66,107275,46,319370
14434,0.001502,74.125.24.0-255,1484,108759,46,319370
14435,0.00151,74.125.24.0-255,2902,111661,46,319370
14436,0.001512,172.31.46.0-255,66,111727,46,319370
14437,0.001517,74.125.24.0-255,2902,114629,46,319370
14438,0.00152,172.31.46.0-255,66,114695,46,319370
14439,0.001534,74.125.24.0-255,2902,117597,46,319370
14440,0.001536,172.31.46.0-255,66,117663,46,319370
14441,0.001539,74.125.24.0-255,1484,119147,46,319370
14442,0.001584,172.31.46.0-255,66,119213,46,319370
14443,0.001591,74.125.24.0-255,7156,126369,46,319370
14444,0.001594,172.31.46.0-255,66,126435,46,319370
14445,0.001617,74.125.24.0-255,3602,130037,46,319370
14446,0.00162,172.31.46.0-255,66,130103,46,319370
14447,0.001741,74.125.24.0-255,1484,131587,46,319370
14448,0.001746,74.125.24.0-255,2902,134489,46,319370
14449,0.001749,172.31.46.0-255,66,134555,46,319370
14450,0.001788,74.125.24.0-255,5738,140293,46,319370
14451,0.001792,172.31.46.0-255,66,140359,46,319370
14452,0.001796,74.125.24.0-255,2902,143261,46,319370
14453,0.001799,172.31.46.0-255,66,143327,46,319370
14454,0.001834,74.125.24.0-255,5738,149065,46,319370
14455,0.001836,172.31.46.0-255,66,149131,46,319370
14456,0.001859,74.125.24.0-255,4320,153451,46,319370
14457,0.001862,172.31.46.0-255,66,153517,46,319370
14458,0.001875,172.31.46.0-255,66,153583,46,319370
14459,0.003865,74.125.24.0-255,5738,159321,46,319370
14460,0.003873,172.31.46.0-255,66,159387,46,319370
14461,0.005886,74.125.24.0-255,5738,165125,46,319370
14462,0.007107,172.31.46.0-255,66,165191,46,319370
14463,0.009127,74.125.24.0-255,5738,170929,46,319370
14464,0.00914,172.31.46.0-255,66,170995,46,319370
14465,0.01115,74.125.24.0-255,5738,176733,46,319370
14466,0.011166,172.31.46.0-255,66,176799,46,319370
14467,0.013229,74.125.24.0-255,5738,182537,46,319370
14468,0.013245,172.31.46.0-255,66,182603,46,319370
14469,0.015257,74.125.24.0-255,5738,188341,46,319370
14470,0.015272,172.31.46.0-255,66,188407,46,319370
14471,0.017255,74.125.24.0-255,5738,194145,46,319370
14472,0.017267,172.31.46.0-255,66,194211,46,319370
14473,0.019301,74.125.24.0-255,5738,199949,46,319370
14474,0.019313,172.31.46.0-255,66,200015,46,319370
14475,0.021324,74.125.24.0-255,5738,205753,46,319370
14476,0.021335,172.31.46.0-255,66,205819,46,319370
14477,0.023304,74.125.24.0-255,5738,211557,46,319370
14478,0.023313,172.31.46.0-255,66,211623,46,319370
14479,0.025364,74.125.24.0-255,5738,217361,46,319370
14480,0.025379,172.31.46.0-255,66,217427,46,319370
14481,0.027377,74.125.24.0-255,5738,223165,46,319370
14482,0.027386,172.31.46.0-255,66,223231,46,319370
14483,0.028233,172.31.46.0-255,172,223403,46,319370
14484,0.028274,172.31.46.0-255,1119,224522,46,319370
14485,0.02834,172.31.46.0-255,1514,226036,46,319370
14486,0.028341,172.31.46.0-255,404,226440,46,319370
14487,0.029425,74.125.24.0-255,5738,232178,46,319370
14488,0.029437,172.31.46.0-255,66,232244,46,319370
14489,0.029884,104.244.42.0-255,66,232310,46,319370
14490,0.031434,74.125.24.0-255,5738,238048,46,319370
14491,0.031442,172.31.46.0-255,66,238114,46,319370
14492,0.033445,74.125.24.0-255,5738,243852,46,319370
14493,0.033454,172.31.46.0-255,66,243918,46,319370
14494,0.035474,74.125.24.0-255,5738,249656,46,319370
14495,0.035483,172.31.46.0-255,66,249722,46,319370
14496,0.037495,74.125.24.0-255,5738,255460,46,319370
14497,0.037505,172.31.46.0-255,66,255526,46,319370
14498,0.039546,74.125.24.0-255,5738,261264,46,319370
14499,0.039559,172.31.46.0-255,66,261330,46,319370
14500,0.041574,74.125.24.0-255,5738,267068,46,319370
14501,0.041587,172.31.46.0-255,66,267134,46,319370
14502,0.043566,74.125.24.0-255,5738,272872,46,319370
14503,0.043576,172.31.46.0-255,66,272938,46,319370
14504,0.045568,74.125.24.0-255,5738,278676,46,319370
14505,0.045578,172.31.46.0-255,66,278742,46,319370
14506,0.04755,74.125.24.0-255,5738,284480,46,319370
14507,0.047566,172.31.46.0-255,66,284546,46,319370
14508,0.04956,74.125.24.0-255,5738,290284,46,319370
14509,0.049571,172.31.46.0-255,66,290350,46,319370
14510,0.05159,74.125.24.0-255,5738,296088,46,319370
14511,0.051606,172.31.46.0-255,66,296154,46,319370
14512,0.053604,74.125.24.0-255,5738,301892,46,319370
14513,0.053617,172.31.46.0-255,66,301958,46,319370
14514,0.055626,74.125.24.0-255,5738,307696,46,319370
14515,0.055637,172.31.46.0-255,66,307762,46,319370
14516,0.057665,74.125.24.0-255,5738,313500,46,319370
14517,0.057678,172.31.46.0-255,66,313566,46,319370
14518,0.059715,74.125.24.0-255,5738,319304,46,319370
14519,0.059727,172.31.46.0-255,66,319370,46,319370
14520,0.0,172.31.46.0-255,105,105,46,276
14521,0.001828,157.240.25.0-255,105,210,46,276
14522,0.001843,172.31.46.0-255,66,276,46,276
14523,0.0,172.217.194.0-255,153,153,46,125615
14524,2e-05,172.31.46.0-255,66,219,46,125615
14525,2.6e-05,172.217.194.0-255,1484,1703,46,125615
14526,3e-05,172.31.46.0-255,66,1769,46,125615
14527,3.5e-05,172.217.194.0-255,2902,4671,46,125615
14528,4.3e-05,172.31.46.0-255,66,4737,46,125615
14529,4.6e-05,172.217.194.0-255,1484,6221,46,125615
14530,5e-05,172.31.46.0-255,66,6287,46,125615
14531,8.3e-05,172.217.194.0-255,4320,10607,46,125615
14532,8.5e-05,172.31.46.0-255,66,10673,46,125615
14533,9.5e-05,172.31.46.0-255,66,10739,46,125615
14534,0.000117,172.217.194.0-255,2063,12802,46,125615
14535,0.000119,172.31.46.0-255,66,12868,46,125615
14536,0.00013,172.31.46.0-255,66,12934,46,125615
14537,0.000218,172.217.194.0-255,1484,14418,46,125615
14538,0.000221,172.31.46.0-255,66,14484,46,125615
14539,0.000225,172.217.194.0-255,2902,17386,46,125615
14540,0.000228,172.31.46.0-255,66,17452,46,125615
14541,0.000248,172.217.194.0-255,4320,21772,46,125615
14542,0.000253,172.31.46.0-255,66,21838,46,125615
14543,0.000278,172.217.194.0-255,1484,23322,46,125615
14544,0.00028,172.31.46.0-255,66,23388,46,125615
14545,0.000287,172.217.194.0-255,6797,30185,46,125615
14546,0.000288,172.31.46.0-255,66,30251,46,125615
14547,0.000309,172.217.194.0-255,4320,34571,46,125615
14548,0.000311,172.31.46.0-255,66,34637,46,125615
14549,0.000338,172.31.46.0-255,66,34703,46,125615
14550,0.000341,172.217.194.0-255,2543,37246,46,125615
14551,0.000343,172.31.46.0-255,66,37312,46,125615
14552,0.000781,172.217.194.0-255,646,37958,46,125615
14553,0.000914,172.31.46.0-255,66,38024,46,125615
14554,0.001046,172.217.194.0-255,1484,39508,46,125615
14555,0.001055,172.217.194.0-255,2902,42410,46,125615
14556,0.001058,172.31.46.0-255,66,42476,46,125615
14557,0.001064,172.217.194.0-255,4320,46796,46,125615
14558,0.001066,172.31.46.0-255,66,46862,46,125615
14559,0.001092,172.217.194.0-255,1484,48346,46,125615
14560,0.001105,172.31.46.0-255,66,48412,46,125615
14561,0.001138,172.31.46.0-255,66,48478,46,125615
14562,0.00122,172.217.194.0-255,1484,49962,46,125615
14563,0.001226,172.217.194.0-255,2902,52864,46,125615
14564,0.001228,172.31.46.0-255,66,52930,46,125615
14565,0.001253,172.217.194.0-255,2902,55832,46,125615
14566,0.001256,172.31.46.0-255,66,55898,46,125615
14567,0.001282,172.217.194.0-255,2902,58800,46,125615
14568,0.001284,172.31.46.0-255,66,58866,46,125615
14569,0.001291,172.217.194.0-255,7156,66022,46,125615
14570,0.001293,172.31.46.0-255,66,66088,46,125615
14571,0.00131,172.31.46.0-255,66,66154,46,125615
14572,0.001337,172.217.194.0-255,1484,67638,46,125615
14573,0.001341,172.217.194.0-255,2184,69822,46,125615
14574,0.001343,172.31.46.0-255,66,69888,46,125615
14575,0.001348,172.217.194.0-255,2902,72790,46,125615
14576,0.00135,172.31.46.0-255,66,72856,46,125615
14577,0.001369,172.217.194.0-255,7156,80012,46,125615
14578,0.001372,172.31.46.0-255,66,80078,46,125615
14579,0.001378,172.217.194.0-255,5738,85816,46,125615
14580,0.001381,172.31.46.0-255,66,85882,46,125615
14581,0.001423,172.31.46.0-255,66,85948,46,125615
14582,0.001434,172.31.46.0-255,66,86014,46,125615
14583,0.001484,172.31.46.0-255,66,86080,46,125615
14584,0.00149,172.217.194.0-255,5738,91818,46,125615
14585,0.001502,172.31.46.0-255,66,91884,46,125615
14586,0.001507,172.217.194.0-255,2902,94786,46,125615
14587,0.00151,172.31.46.0-255,66,94852,46,125615
14588,0.001546,172.31.46.0-255,66,94918,46,125615
14589,0.001551,172.217.194.0-255,3602,98520,46,125615
14590,0.001553,172.31.46.0-255,66,98586,46,125615
14591,0.001646,172.217.194.0-255,1484,100070,46,125615
14592,0.001652,172.217.194.0-255,1484,101554,46,125615
14593,0.001655,172.31.46.0-255,66,101620,46,125615
14594,0.001675,172.217.194.0-255,1484,103104,46,125615
14595,0.001683,172.217.194.0-255,5738,108842,46,125615
14596,0.001685,172.31.46.0-255,66,108908,46,125615
14597,0.001689,172.217.194.0-255,1484,110392,46,125615
14598,0.001723,172.31.46.0-255,66,110458,46,125615
14599,0.001759,172.31.46.0-255,66,110524,46,125615
14600,0.00182,172.31.46.0-255,66,110590,46,125615
14601,0.001839,172.31.46.0-255,66,110656,46,125615
14602,0.001858,172.31.46.0-255,66,110722,46,125615
14603,0.001901,172.217.194.0-255,2184,112906,46,125615
14604,0.001904,172.31.46.0-255,66,112972,46,125615
14605,0.00192,172.31.46.0-255,66,113038,46,125615
14606,0.001938,172.31.46.0-255,66,113104,46,125615
14607,0.001988,172.31.46.0-255,66,113170,46,125615
14608,0.002003,172.31.46.0-255,66,113236,46,125615
14609,0.002019,172.31.46.0-255,66,113302,46,125615
14610,0.002035,172.31.46.0-255,66,113368,46,125615
14611,0.002067,172.31.46.0-255,66,113434,46,125615
14612,0.00209,172.217.194.0-255,2669,116103,46,125615
14613,0.002093,172.31.46.0-255,66,116169,46,125615
14614,0.002096,172.217.194.0-255,105,116274,46,125615
14615,0.006413,172.31.46.0-255,66,116340,46,125615
14616,0.006451,172.31.46.0-255,105,116445,46,125615
14617,0.008655,172.217.194.0-255,66,116511,46,125615
14618,0.038803,172.31.46.0-255,172,116683,46,125615
14619,0.038839,172.31.46.0-255,1114,117797,46,125615
14620,0.038905,172.31.46.0-255,1514,119311,46,125615
14621,0.038907,172.31.46.0-255,1514,120825,46,125615
14622,0.038913,172.31.46.0-255,1514,122339,46,125615
14623,0.038915,172.31.46.0-255,1514,123853,46,125615
14624,0.038932,172.31.46.0-255,1498,125351,46,125615
14625,0.04033,104.244.42.0-255,66,125417,46,125615
14626,0.040417,104.244.42.0-255,66,125483,46,125615
14627,0.040469,104.244.42.0-255,66,125549,46,125615
14628,0.04056,104.244.42.0-255,66,125615,46,125615
14629,0.0,74.125.200.0-255,150,150,46,289058
14630,1.3e-05,172.31.46.0-255,66,216,46,289058
14631,2.7e-05,74.125.200.0-255,1484,1700,46,289058
14632,3.2e-05,172.31.46.0-255,66,1766,46,289058
14633,4.8e-05,74.125.200.0-255,2902,4668,46,289058
14634,5.1e-05,172.31.46.0-255,66,4734,46,289058
14635,7.1e-05,74.125.200.0-255,1484,6218,46,289058
14636,7.3e-05,172.31.46.0-255,66,6284,46,289058
14637,8.8e-05,74.125.200.0-255,4320,10604,46,289058
14638,9.1e-05,172.31.46.0-255,66,10670,46,289058
14639,9.5e-05,74.125.200.0-255,3460,14130,46,289058
14640,9.8e-05,172.31.46.0-255,66,14196,46,289058
14641,0.000125,74.125.200.0-255,4320,18516,46,289058
14642,0.000127,172.31.46.0-255,66,18582,46,289058
14643,0.000137,172.31.46.0-255,66,18648,46,289058
14644,0.00014,74.125.200.0-255,1484,20132,46,289058
14645,0.000141,172.31.46.0-255,66,20198,46,289058
14646,0.000167,74.125.200.0-255,7156,27354,46,289058
14647,0.00017,172.31.46.0-255,66,27420,46,289058
14648,0.000192,74.125.200.0-255,2902,30322,46,289058
14649,0.000195,172.31.46.0-255,66,30388,46,289058
14650,0.000204,172.31.46.0-255,66,30454,46,289058
14651,0.000293,74.125.200.0-255,1484,31938,46,289058
14652,0.000296,172.31.46.0-255,66,32004,46,289058
14653,0.000317,74.125.200.0-255,2902,34906,46,289058
14654,0.000319,172.31.46.0-255,66,34972,46,289058
14655,0.000335,74.125.200.0-255,2902,37874,46,289058
14656,0.000338,172.31.46.0-255,66,37940,46,289058
14657,0.000359,74.125.200.0-255,2902,40842,46,289058
14658,0.000361,172.31.46.0-255,66,40908,46,289058
14659,0.000367,74.125.200.0-255,6797,47705,46,289058
14660,0.00037,74.125.200.0-255,395,48100,46,289058
14661,0.000456,172.31.46.0-255,66,48166,46,289058
14662,0.000735,74.125.200.0-255,1484,49650,46,289058
14663,0.00074,74.125.200.0-255,2902,52552,46,289058
14664,0.000743,74.125.200.0-255,1484,54036,46,289058
14665,0.000769,74.125.200.0-255,4320,58356,46,289058
14666,0.000775,74.125.200.0-255,5738,64094,46,289058
14667,0.00078,172.31.46.0-255,66,64160,46,289058
14668,0.000798,74.125.200.0-255,1484,65644,46,289058
14669,0.000816,74.125.200.0-255,5081,70725,46,289058
14670,0.000828,172.31.46.0-255,66,70791,46,289058
14671,0.000832,74.125.200.0-255,2902,73693,46,289058
14672,0.000837,172.31.46.0-255,66,73759,46,289058
14673,0.00087,74.125.200.0-255,5738,79497,46,289058
14674,0.001052,74.125.200.0-255,1484,80981,46,289058
14675,0.001059,74.125.200.0-255,2902,83883,46,289058
14676,0.001074,74.125.200.0-255,4320,88203,46,289058
14677,0.001093,74.125.200.0-255,1484,89687,46,289058
14678,0.001096,74.125.200.0-255,1484,91171,46,289058
14679,0.001101,74.125.200.0-255,2902,94073,46,289058
14680,0.001108,74.125.200.0-255,5738,99811,46,289058
14681,0.00118,74.125.200.0-255,2184,101995,46,289058
14682,0.001857,74.125.200.0-255,1484,103479,46,289058
14683,0.001875,74.125.200.0-255,2902,106381,46,289058
14684,0.001889,74.125.200.0-255,1484,107865,46,289058
14685,0.001906,74.125.200.0-255,2902,110767,46,289058
14686,0.001922,74.125.200.0-255,2902,113669,46,289058
14687,0.001935,74.125.200.0-255,2902,116571,46,289058
14688,0.001938,74.125.200.0-255,1484,118055,46,289058
14689,0.001943,74.125.200.0-255,2902,120957,46,289058
14690,0.001968,74.125.200.0-255,1484,122441,46,289058
14691,0.001988,74.125.200.0-255,4320,126761,46,289058
14692,0.001991,74.125.200.0-255,1484,128245,46,289058
14693,0.002005,74.125.200.0-255,2902,131147,46,289058
14694,0.002035,74.125.200.0-255,2902,134049,46,289058
14695,0.002052,74.125.200.0-255,2184,136233,46,289058
14696,0.002166,74.125.200.0-255,1484,137717,46,289058
14697,0.002179,74.125.200.0-255,1484,139201,46,289058
14698,0.002216,74.125.200.0-255,1484,140685,46,289058
14699,0.002231,74.125.200.0-255,1484,142169,46,289058
14700,0.00516,172.31.46.0-255,66,142235,46,289058
14701,0.007309,74.125.200.0-255,5738,147973,46,289058
14702,0.007316,172.31.46.0-255,66,148039,46,289058
14703,0.009457,74.125.200.0-255,5738,153777,46,289058
14704,0.009465,172.31.46.0-255,66,153843,46,289058
14705,0.011605,74.125.200.0-255,5738,159581,46,289058
14706,0.012715,172.31.46.0-255,66,159647,46,289058
14707,0.014853,74.125.200.0-255,5738,165385,46,289058
14708,0.014865,172.31.46.0-255,66,165451,46,289058
14709,0.017002,74.125.200.0-255,5738,171189,46,289058
14710,0.017009,172.31.46.0-255,66,171255,46,289058
14711,0.019149,74.125.200.0-255,5738,176993,46,289058
14712,0.019156,172.31.46.0-255,66,177059,46,289058
14713,0.021291,74.125.200.0-255,4320,181379,46,289058
14714,0.021298,172.31.46.0-255,66,181445,46,289058
14715,0.021317,74.125.200.0-255,1484,182929,46,289058
14716,0.023444,74.125.200.0-255,4320,187249,46,289058
14717,0.023452,172.31.46.0-255,66,187315,46,289058
14718,0.025598,74.125.200.0-255,5738,193053,46,289058
14719,0.025647,172.31.46.0-255,66,193119,46,289058
14720,0.027788,74.125.200.0-255,5738,198857,46,289058
14721,0.027796,172.31.46.0-255,66,198923,46,289058
14722,0.029933,74.125.200.0-255,2902,201825,46,289058
14723,0.02994,172.31.46.0-255,66,201891,46,289058
14724,0.029964,74.125.200.0-255,2902,204793,46,289058
14725,0.03081,172.31.46.0-255,66,204859,46,289058
14726,0.032076,74.125.200.0-255,1484,206343,46,289058
14727,0.032957,74.125.200.0-255,4320,210663,46,289058
14728,0.032965,172.31.46.0-255,66,210729,46,289058
14729,0.035124,74.125.200.0-255,5738,216467,46,289058
14730,0.035171,172.31.46.0-255,66,216533,46,289058
14731,0.037312,74.125.200.0-255,2902,219435,46,289058
14732,0.03732,172.31.46.0-255,66,219501,46,289058
14733,0.037341,74.125.200.0-255,2902,222403,46,289058
14734,0.037609,172.31.46.0-255,66,222469,46,289058
14735,0.03792,172.31.46.0-255,176,222645,46,289058
14736,0.037948,172.31.46.0-255,1118,223763,46,289058
14737,0.038027,172.31.46.0-255,1514,225277,46,289058
14738,0.038029,172.31.46.0-255,1514,226791,46,289058
14739,0.03803,172.31.46.0-255,1514,228305,46,289058
14740,0.038031,172.31.46.0-255,1514,229819,46,289058
14741,0.038058,172.31.46.0-255,1495,231314,46,289058
14742,0.039465,74.125.200.0-255,2902,234216,46,289058
14743,0.039472,172.31.46.0-255,66,234282,46,289058
14744,0.039602,104.244.42.0-255,66,234348,46,289058
14745,0.039609,104.244.42.0-255,66,234414,46,289058
14746,0.039719,104.244.42.0-255,66,234480,46,289058
14747,0.039754,74.125.200.0-255,2902,237382,46,289058
14748,0.039759,172.31.46.0-255,66,237448,46,289058
14749,0.041621,74.125.200.0-255,2902,240350,46,289058
14750,0.041628,172.31.46.0-255,66,240416,46,289058
14751,0.041888,74.125.200.0-255,2902,243318,46,289058
14752,0.041893,172.31.46.0-255,66,243384,46,289058
14753,0.043758,74.125.200.0-255,2902,246286,46,289058
14754,0.043765,172.31.46.0-255,66,246352,46,289058
14755,0.044027,74.125.200.0-255,2902,249254,46,289058
14756,0.044033,172.31.46.0-255,66,249320,46,289058
14757,0.04591,74.125.200.0-255,2902,252222,46,289058
14758,0.045917,172.31.46.0-255,66,252288,46,289058
14759,0.04618,74.125.200.0-255,2902,255190,46,289058
14760,0.046186,172.31.46.0-255,66,255256,46,289058
14761,0.048051,74.125.200.0-255,2902,258158,46,289058
14762,0.048057,172.31.46.0-255,66,258224,46,289058
14763,0.048319,74.125.200.0-255,2902,261126,46,289058
14764,0.048325,172.31.46.0-255,66,261192,46,289058
14765,0.050192,74.125.200.0-255,2902,264094,46,289058
14766,0.050199,172.31.46.0-255,66,264160,46,289058
14767,0.050463,74.125.200.0-255,2902,267062,46,289058
14768,0.050467,172.31.46.0-255,66,267128,46,289058
14769,0.052329,74.125.200.0-255,2902,270030,46,289058
14770,0.052603,74.125.200.0-255,2902,272932,46,289058
14771,0.053073,172.31.46.0-255,66,272998,46,289058
14772,0.055249,74.125.200.0-255,4320,277318,46,289058
14773,0.055255,172.31.46.0-255,66,277384,46,289058
14774,0.055273,74.125.200.0-255,1484,278868,46,289058
14775,0.057399,74.125.200.0-255,4320,283188,46,289058
14776,0.057406,172.31.46.0-255,66,283254,46,289058
14777,0.059547,74.125.200.0-255,5738,288992,46,289058
14778,0.059592,172.31.46.0-255,66,289058,46,289058
14779,0.0,74.125.200.0-255,153,153,46,316243
14780,2.3e-05,172.31.46.0-255,66,219,46,316243
14781,3e-05,74.125.200.0-255,1484,1703,46,316243
14782,3.4e-05,172.31.46.0-255,66,1769,46,316243
14783,4e-05,74.125.200.0-255,2902,4671,46,316243
14784,4.4e-05,172.31.46.0-255,66,4737,46,316243
14785,4.9e-05,74.125.200.0-255,2902,7639,46,316243
14786,5.2e-05,172.31.46.0-255,66,7705,46,316243
14787,7.7e-05,74.125.200.0-255,2902,10607,46,316243
14788,8e-05,172.31.46.0-255,66,10673,46,316243
14789,8.5e-05,74.125.200.0-255,3483,14156,46,316243
14790,8.7e-05,172.31.46.0-255,66,14222,46,316243
14791,0.000135,74.125.200.0-255,1484,15706,46,316243
14792,0.000138,172.31.46.0-255,66,15772,46,316243
14793,0.000141,74.125.200.0-255,1484,17256,46,316243
14794,0.000143,172.31.46.0-255,66,17322,46,316243
14795,0.000161,74.125.200.0-255,1484,18806,46,316243
14796,0.000164,172.31.46.0-255,66,18872,46,316243
14797,0.000171,74.125.200.0-255,5738,24610,46,316243
14798,0.000173,172.31.46.0-255,66,24676,46,316243
14799,0.000204,74.125.200.0-255,6797,31473,46,316243
14800,0.000207,172.31.46.0-255,66,31539,46,316243
14801,0.000238,74.125.200.0-255,7156,38695,46,316243
14802,0.000241,172.31.46.0-255,66,38761,46,316243
14803,0.000246,74.125.200.0-255,2902,41663,46,316243
14804,0.000248,172.31.46.0-255,66,41729,46,316243
14805,0.000253,74.125.200.0-255,4320,46049,46,316243
14806,0.000255,172.31.46.0-255,66,46115,46,316243
14807,0.000284,74.125.200.0-255,2543,48658,46,316243
14808,0.000286,172.31.46.0-255,66,48724,46,316243
14809,0.00031,74.125.200.0-255,2902,51626,46,316243
14810,0.000313,172.31.46.0-255,66,51692,46,316243
14811,0.000333,74.125.200.0-255,2902,54594,46,316243
14812,0.000336,172.31.46.0-255,66,54660,46,316243
14813,0.000356,74.125.200.0-255,4320,58980,46,316243
14814,0.000359,172.31.46.0-255,66,59046,46,316243
14815,0.000381,74.125.200.0-255,4320,63366,46,316243
14816,0.000384,172.31.46.0-255,66,63432,46,316243
14817,0.0004,74.125.200.0-255,2543,65975,46,316243
14818,0.000402,172.31.46.0-255,66,66041,46,316243
14819,0.000405,74.125.200.0-255,359,66400,46,316243
14820,0.000547,74.125.200.0-255,384,66784,46,316243
14821,0.000676,74.125.200.0-255,1484,68268,46,316243
14822,0.000682,172.31.46.0-255,66,68334,46,316243
14823,0.000687,74.125.200.0-255,2902,71236,46,316243
14824,0.00069,172.31.46.0-255,66,71302,46,316243
14825,0.00072,74.125.200.0-255,5738,77040,46,316243
14826,0.000723,172.31.46.0-255,66,77106,46,316243
14827,0.000741,74.125.200.0-255,4320,81426,46,316243
14828,0.000744,172.31.46.0-255,66,81492,46,316243
14829,0.000762,74.125.200.0-255,3961,85453,46,316243
14830,0.000764,172.31.46.0-255,66,85519,46,316243
14831,0.00077,74.125.200.0-255,4320,89839,46,316243
14832,0.000773,172.31.46.0-255,66,89905,46,316243
14833,0.000795,74.125.200.0-255,4320,94225,46,316243
14834,0.000801,74.125.200.0-255,5738,99963,46,316243
14835,0.000806,172.31.46.0-255,66,100029,46,316243
14836,0.000808,172.31.46.0-255,66,100095,46,316243
14837,0.000832,74.125.200.0-255,1125,101220,46,316243
14838,0.001393,74.125.200.0-255,1484,102704,46,316243
14839,0.001398,172.31.46.0-255,66,102770,46,316243
14840,0.001403,74.125.200.0-255,2902,105672,46,316243
14841,0.001406,172.31.46.0-255,66,105738,46,316243
14842,0.001409,74.125.200.0-255,1484,107222,46,316243
14843,0.001436,74.125.200.0-255,4320,111542,46,316243
14844,0.001439,172.31.46.0-255,66,111608,46,316243
14845,0.001443,74.125.200.0-255,1484,113092,46,316243
14846,0.001472,172.31.46.0-255,66,113158,46,316243
14847,0.001483,172.31.46.0-255,66,113224,46,316243
14848,0.001497,74.125.200.0-255,2902,116126,46,316243
14849,0.001499,172.31.46.0-255,66,116192,46,316243
14850,0.001504,74.125.200.0-255,2184,118376,46,316243
14851,0.001505,172.31.46.0-255,66,118442,46,316243
14852,0.001887,74.125.200.0-255,1484,119926,46,316243
14853,0.001896,74.125.200.0-255,2902,122828,46,316243
14854,0.001901,172.31.46.0-255,66,122894,46,316243
14855,0.001907,74.125.200.0-255,4320,127214,46,316243
14856,0.001909,172.31.46.0-255,66,127280,46,316243
14857,0.001927,74.125.200.0-255,5738,133018,46,316243
14858,0.001929,172.31.46.0-255,66,133084,46,316243
14859,0.001953,74.125.200.0-255,2902,135986,46,316243
14860,0.001956,172.31.46.0-255,66,136052,46,316243
14861,0.001966,172.31.46.0-255,66,136118,46,316243
14862,0.002007,74.125.200.0-255,4320,140438,46,316243
14863,0.00201,172.31.46.0-255,66,140504,46,316243
14864,0.00203,74.125.200.0-255,3602,144106,46,316243
14865,0.002033,172.31.46.0-255,66,144172,46,316243
14866,0.004053,74.125.200.0-255,1484,145656,46,316243
14867,0.004099,74.125.200.0-255,4320,149976,46,316243
14868,0.004104,172.31.46.0-255,66,150042,46,316243
14869,0.006149,74.125.200.0-255,5738,155780,46,316243
14870,0.006152,172.31.46.0-255,66,155846,46,316243
14871,0.008195,74.125.200.0-255,5738,161584,46,316243
14872,0.008203,172.31.46.0-255,66,161650,46,316243
14873,0.010264,74.125.200.0-255,5738,167388,46,316243
14874,0.010272,172.31.46.0-255,66,167454,46,316243
14875,0.01233,74.125.200.0-255,5738,173192,46,316243
14876,0.012337,172.31.46.0-255,66,173258,46,316243
14877,0.014383,74.125.200.0-255,5738,178996,46,316243
14878,0.014392,172.31.46.0-255,66,179062,46,316243
14879,0.016429,74.125.200.0-255,5738,184800,46,316243
14880,0.016436,172.31.46.0-255,66,184866,46,316243
14881,0.018474,74.125.200.0-255,5738,190604,46,316243
14882,0.018481,172.31.46.0-255,66,190670,46,316243
14883,0.020536,74.125.200.0-255,5738,196408,46,316243
14884,0.020545,172.31.46.0-255,66,196474,46,316243
14885,0.022588,74.125.200.0-255,5738,202212,46,316243
14886,0.022597,172.31.46.0-255,66,202278,46,316243
14887,0.02464,74.125.200.0-255,5738,208016,46,316243
14888,0.024648,172.31.46.0-255,66,208082,46,316243
14889,0.026711,74.125.200.0-255,5738,213820,46,316243
14890,0.02672,172.31.46.0-255,66,213886,46,316243
14891,0.028762,74.125.200.0-255,5738,219624,46,316243
14892,0.02877,172.31.46.0-255,66,219690,46,316243
14893,0.03085,74.125.200.0-255,5738,225428,46,316243
14894,0.030857,172.31.46.0-255,66,225494,46,316243
14895,0.032926,74.125.200.0-255,5738,231232,46,316243
14896,0.032932,172.31.46.0-255,66,231298,46,316243
14897,0.033742,172.31.46.0-255,164,231462,46,316243
14898,0.033774,172.31.46.0-255,1127,232589,46,316243
14899,0.033842,172.31.46.0-255,1514,234103,46,316243
14900,0.033843,172.31.46.0-255,1514,235617,46,316243
14901,0.033845,172.31.46.0-255,1514,237131,46,316243
14902,0.033846,172.31.46.0-255,1514,238645,46,316243
14903,0.033847,172.31.46.0-255,1486,240131,46,316243
14904,0.034974,74.125.200.0-255,1484,241615,46,316243
14905,0.034997,74.125.200.0-255,4320,245935,46,316243
14906,0.035002,172.31.46.0-255,66,246001,46,316243
14907,0.035335,104.244.42.0-255,66,246067,46,316243
14908,0.035343,104.244.42.0-255,66,246133,46,316243
14909,0.035475,104.244.42.0-255,66,246199,46,316243
14910,0.037036,74.125.200.0-255,2902,249101,46,316243
14911,0.037042,172.31.46.0-255,66,249167,46,316243
14912,0.037062,74.125.200.0-255,2902,252069,46,316243
14913,0.037064,172.31.46.0-255,66,252135,46,316243
14914,0.039095,74.125.200.0-255,2902,255037,46,316243
14915,0.039101,172.31.46.0-255,66,255103,46,316243
14916,0.039126,74.125.200.0-255,2902,258005,46,316243
14917,0.039128,172.31.46.0-255,66,258071,46,316243
14918,0.041144,74.125.200.0-255,2902,260973,46,316243
14919,0.041149,172.31.46.0-255,66,261039,46,316243
14920,0.041171,74.125.200.0-255,2902,263941,46,316243
14921,0.041173,172.31.46.0-255,66,264007,46,316243
14922,0.043191,74.125.200.0-255,5738,269745,46,316243
14923,0.043197,172.31.46.0-255,66,269811,46,316243
14924,0.045241,74.125.200.0-255,5738,275549,46,316243
14925,0.045248,172.31.46.0-255,66,275615,46,316243
14926,0.047308,74.125.200.0-255,5738,281353,46,316243
14927,0.047314,172.31.46.0-255,66,281419,46,316243
14928,0.049354,74.125.200.0-255,5738,287157,46,316243
14929,0.049359,172.31.46.0-255,66,287223,46,316243
14930,0.051432,74.125.200.0-255,5738,292961,46,316243
14931,0.051437,172.31.46.0-255,66,293027,46,316243
14932,0.053493,74.125.200.0-255,5738,298765,46,316243
14933,0.053499,172.31.46.0-255,66,298831,46,316243
14934,0.055566,74.125.200.0-255,5738,304569,46,316243
14935,0.055571,172.31.46.0-255,66,304635,46,316243
14936,0.05762,74.125.200.0-255,5738,310373,46,316243
14937,0.057627,172.31.46.0-255,66,310439,46,316243
14938,0.059683,74.125.200.0-255,5738,316177,46,316243
14939,0.059689,172.31.46.0-255,66,316243,46,316243
14940,0.0,74.125.24.0-255,146,146,46,273702
14941,2.2e-05,172.31.46.0-255,66,212,46,273702
14942,3e-05,74.125.24.0-255,1484,1696,46,273702
14943,3.4e-05,172.31.46.0-255,66,1762,46,273702
14944,3.9e-05,74.125.24.0-255,2902,4664,46,273702
14945,4.1e-05,172.31.46.0-255,66,4730,46,273702
14946,4.9e-05,74.125.24.0-255,7156,11886,46,273702
14947,5.3e-05,172.31.46.0-255,66,11952,46,273702
14948,9.1e-05,74.125.24.0-255,2042,13994,46,273702
14949,9.4e-05,172.31.46.0-255,66,14060,46,273702
14950,0.000118,74.125.24.0-255,2902,16962,46,273702
14951,0.000121,172.31.46.0-255,66,17028,46,273702
14952,0.000149,74.125.24.0-255,1484,18512,46,273702
14953,0.000152,172.31.46.0-255,66,18578,46,273702
14954,0.000173,74.125.24.0-255,5738,24316,46,273702
14955,0.000175,172.31.46.0-255,66,24382,46,273702
14956,0.000204,74.125.24.0-255,5738,30120,46,273702
14957,0.000209,172.31.46.0-255,66,30186,46,273702
14958,0.000217,74.125.24.0-255,1125,31311,46,273702
14959,0.000219,172.31.46.0-255,66,31377,46,273702
14960,0.000349,74.125.24.0-255,1484,32861,46,273702
14961,0.000354,172.31.46.0-255,66,32927,46,273702
14962,0.000361,74.125.24.0-255,2902,35829,46,273702
14963,0.000363,172.31.46.0-255,66,35895,46,273702
14964,0.000368,74.125.24.0-255,2902,38797,46,273702
14965,0.00037,172.31.46.0-255,66,38863,46,273702
14966,0.000396,74.125.24.0-255,2902,41765,46,273702
14967,0.000398,172.31.46.0-255,66,41831,46,273702
14968,0.000405,74.125.24.0-255,5738,47569,46,273702
14969,0.000407,172.31.46.0-255,66,47635,46,273702
14970,0.000429,74.125.24.0-255,1125,48760,46,273702
14971,0.000431,172.31.46.0-255,66,48826,46,273702
14972,0.000534,74.125.24.0-255,1484,50310,46,273702
14973,0.000539,74.125.24.0-255,1484,51794,46,273702
14974,0.000543,172.31.46.0-255,66,51860,46,273702
14975,0.000554,74.125.24.0-255,1484,53344,46,273702
14976,0.000559,74.125.24.0-255,2902,56246,46,273702
14977,0.000562,172.31.46.0-255,66,56312,46,273702
14978,0.000584,74.125.24.0-255,2902,59214,46,273702
14979,0.000587,172.31.46.0-255,66,59280,46,273702
14980,0.000604,74.125.24.0-255,1484,60764,46,273702
14981,0.000616,74.125.24.0-255,1484,62248,46,273702
14982,0.000618,172.31.46.0-255,66,62314,46,273702
14983,0.00064,74.125.24.0-255,4255,66569,46,273702
14984,0.000642,172.31.46.0-255,66,66635,46,273702
14985,0.000866,172.31.46.0-255,101,66736,46,273702
14986,0.001433,74.125.24.0-255,132,66868,46,273702
14987,0.001546,74.125.24.0-255,1484,68352,46,273702
14988,0.001552,172.31.46.0-255,66,68418,46,273702
14989,0.001559,74.125.24.0-255,2902,71320,46,273702
14990,0.001561,172.31.46.0-255,66,71386,46,273702
14991,0.001568,74.125.24.0-255,5738,77124,46,273702
14992,0.00157,172.31.46.0-255,66,77190,46,273702
14993,0.001574,74.125.24.0-255,1484,78674,46,273702
14994,0.001589,74.125.24.0-255,2902,81576,46,273702
14995,0.001592,172.31.46.0-255,66,81642,46,273702
14996,0.001614,74.125.24.0-255,2543,84185,46,273702
14997,0.001617,172.31.46.0-255,66,84251,46,273702
14998,0.001641,74.125.24.0-255,2902,87153,46,273702
14999,0.001643,172.31.46.0-255,66,87219,46,273702
15000,0.001679,172.31.46.0-255,66,87285,46,273702
15001,0.001683,74.125.24.0-255,2543,89828,46,273702
15002,0.001686,172.31.46.0-255,66,89894,46,273702
15003,0.001689,74.125.24.0-255,347,90241,46,273702
15004,0.001888,74.125.24.0-255,1484,91725,46,273702
15005,0.001894,172.31.46.0-255,66,91791,46,273702
15006,0.001899,74.125.24.0-255,2902,94693,46,273702
15007,0.001901,172.31.46.0-255,66,94759,46,273702
15008,0.001912,74.125.24.0-255,1484,96243,46,273702
15009,0.001931,74.125.24.0-255,4320,100563,46,273702
15010,0.001933,172.31.46.0-255,66,100629,46,273702
15011,0.001936,74.125.24.0-255,1484,102113,46,273702
15012,0.001953,74.125.24.0-255,4320,106433,46,273702
15013,0.001954,172.31.46.0-255,66,106499,46,273702
15014,0.001961,74.125.24.0-255,7156,113655,46,273702
15015,0.001963,172.31.46.0-255,66,113721,46,273702
15016,0.001986,74.125.24.0-255,2902,116623,46,273702
15017,0.001987,172.31.46.0-255,66,116689,46,273702
15018,0.002004,74.125.24.0-255,2902,119591,46,273702
15019,0.002005,172.31.46.0-255,66,119657,46,273702
15020,0.002024,74.125.24.0-255,5020,124677,46,273702
15021,0.002028,172.31.46.0-255,66,124743,46,273702
15022,0.002111,74.125.24.0-255,1484,126227,46,273702
15023,0.002114,74.125.24.0-255,1484,127711,46,273702
15024,0.002116,172.31.46.0-255,66,127777,46,273702
15025,0.002132,74.125.24.0-255,1484,129261,46,273702
15026,0.002137,74.125.24.0-255,4320,133581,46,273702
15027,0.00214,172.31.46.0-255,66,133647,46,273702
15028,0.002149,74.125.24.0-255,1484,135131,46,273702
15029,0.002155,74.125.24.0-255,5738,140869,46,273702
15030,0.002157,172.31.46.0-255,66,140935,46,273702
15031,0.002168,74.125.24.0-255,2902,143837,46,273702
15032,0.00217,172.31.46.0-255,66,143903,46,273702
15033,0.002181,74.125.24.0-255,2902,146805,46,273702
15034,0.002183,172.31.46.0-255,66,146871,46,273702
15035,0.002219,172.31.46.0-255,66,146937,46,273702
15036,0.002228,172.31.46.0-255,66,147003,46,273702
15037,0.002259,74.125.24.0-255,1484,148487,46,273702
15038,0.002315,74.125.24.0-255,2184,150671,46,273702
15039,0.002358,74.125.24.0-255,2902,153573,46,273702
15040,0.002371,74.125.24.0-255,2902,156475,46,273702
15041,0.002382,74.125.24.0-255,1484,157959,46,273702
15042,0.002416,74.125.24.0-255,3602,161561,46,273702
15043,0.002423,74.125.24.0-255,7156,168717,46,273702
15044,0.00244,74.125.24.0-255,5738,174455,46,273702
15045,0.002473,74.125.24.0-255,4320,178775,46,273702
15046,0.002487,74.125.24.0-255,766,179541,46,273702
15047,0.002678,74.125.24.0-255,1484,181025,46,273702
15048,0.002682,74.125.24.0-255,2902,183927,46,273702
15049,0.002703,74.125.24.0-255,5738,189665,46,273702
15050,0.002727,74.125.24.0-255,7156,196821,46,273702
15051,0.002729,74.125.24.0-255,1484,198305,46,273702
15052,0.002768,74.125.24.0-255,2902,201207,46,273702
15053,0.002778,74.125.24.0-255,1484,202691,46,273702
15054,0.002782,74.125.24.0-255,2184,204875,46,273702
15055,0.002944,74.125.24.0-255,1484,206359,46,273702
15056,0.002949,74.125.24.0-255,2902,209261,46,273702
15057,0.002961,74.125.24.0-255,2902,212163,46,273702
15058,0.002973,74.125.24.0-255,2902,215065,46,273702
15059,0.002989,74.125.24.0-255,4320,219385,46,273702
15060,0.003013,74.125.24.0-255,1484,220869,46,273702
15061,0.003017,74.125.24.0-255,4320,225189,46,273702
15062,0.00303,74.125.24.0-255,1484,226673,46,273702
15063,0.003064,74.125.24.0-255,1484,228157,46,273702
15064,0.003077,74.125.24.0-255,4320,232477,46,273702
15065,0.003087,74.125.24.0-255,2902,235379,46,273702
15066,0.003106,74.125.24.0-255,5020,240399,46,273702
15067,0.00313,74.125.24.0-255,2902,243301,46,273702
15068,0.003132,74.125.24.0-255,1484,244785,46,273702
15069,0.00316,74.125.24.0-255,5738,250523,46,273702
15070,0.003182,74.125.24.0-255,4320,254843,46,273702
15071,0.003187,74.125.24.0-255,5738,260581,46,273702
15072,0.003217,74.125.24.0-255,1484,262065,46,273702
15073,0.003232,74.125.24.0-255,2190,264255,46,273702
15074,0.003234,74.125.24.0-255,66,264321,46,273702
15075,0.003251,74.125.24.0-255,105,264426,46,273702
15076,0.005341,172.31.46.0-255,66,264492,46,273702
15077,0.007643,172.31.46.0-255,105,264597,46,273702
15078,0.015222,74.125.24.0-255,66,264663,46,273702
15079,0.031946,172.31.46.0-255,172,264835,46,273702
15080,0.031979,172.31.46.0-255,1118,265953,46,273702
15081,0.032038,172.31.46.0-255,1514,267467,46,273702
15082,0.03204,172.31.46.0-255,1514,268981,46,273702
15083,0.032041,172.31.46.0-255,1514,270495,46,273702
15084,0.032045,172.31.46.0-255,1514,272009,46,273702
15085,0.032046,172.31.46.0-255,1495,273504,46,273702
15086,0.033612,104.244.42.0-255,66,273570,46,273702
15087,0.033644,104.244.42.0-255,66,273636,46,273702
15088,0.033751,104.244.42.0-255,66,273702,46,273702
15089,0.0,172.217.194.0-255,153,153,46,285195
15090,2.8e-05,172.31.46.0-255,66,219,46,285195
15091,3.5e-05,172.217.194.0-255,1484,1703,46,285195
15092,3.9e-05,172.31.46.0-255,66,1769,46,285195
15093,4.4e-05,172.217.194.0-255,2902,4671,46,285195
15094,4.7e-05,172.31.46.0-255,66,4737,46,285195
15095,5e-05,172.217.194.0-255,1484,6221,46,285195
15096,5.2e-05,172.31.46.0-255,66,6287,46,285195
15097,8.2e-05,172.217.194.0-255,5738,12025,46,285195
15098,8.5e-05,172.31.46.0-255,66,12091,46,285195
15099,8.9e-05,172.217.194.0-255,2040,14131,46,285195
15100,9.1e-05,172.31.46.0-255,66,14197,46,285195
15101,0.000164,172.217.194.0-255,2902,17099,46,285195
15102,0.000168,172.31.46.0-255,66,17165,46,285195
15103,0.000175,172.217.194.0-255,4320,21485,46,285195
15104,0.000177,172.31.46.0-255,66,21551,46,285195
15105,0.000182,172.217.194.0-255,4320,25871,46,285195
15106,0.000184,172.31.46.0-255,66,25937,46,285195
15107,0.000204,172.217.194.0-255,4320,30257,46,285195
15108,0.000206,172.31.46.0-255,66,30323,46,285195
15109,0.000243,172.31.46.0-255,66,30389,46,285195
15110,0.000246,172.217.194.0-255,1484,31873,46,285195
15111,0.000248,172.31.46.0-255,66,31939,46,285195
15112,0.000269,172.217.194.0-255,6438,38377,46,285195
15113,0.000271,172.31.46.0-255,66,38443,46,285195
15114,0.000351,172.217.194.0-255,1484,39927,46,285195
15115,0.000355,172.31.46.0-255,66,39993,46,285195
15116,0.00037,172.217.194.0-255,2902,42895,46,285195
15117,0.000372,172.31.46.0-255,66,42961,46,285195
15118,0.000399,172.217.194.0-255,4320,47281,46,285195
15119,0.000401,172.31.46.0-255,66,47347,46,285195
15120,0.000433,172.217.194.0-255,5738,53085,46,285195
15121,0.000436,172.31.46.0-255,66,53151,46,285195
15122,0.000454,172.217.194.0-255,2813,55964,46,285195
15123,0.000456,172.31.46.0-255,66,56030,46,285195
15124,0.000824,172.217.194.0-255,1484,57514,46,285195
15125,0.00084,172.217.194.0-255,2902,60416,46,285195
15126,0.000845,172.31.46.0-255,66,60482,46,285195
15127,0.000867,172.217.194.0-255,5738,66220,46,285195
15128,0.00087,172.31.46.0-255,66,66286,46,285195
15129,0.000884,172.217.194.0-255,1484,67770,46,285195
15130,0.0009,172.217.194.0-255,5738,73508,46,285195
15131,0.000902,172.31.46.0-255,66,73574,46,285195
15132,0.000926,172.217.194.0-255,5738,79312,46,285195
15133,0.000928,172.31.46.0-255,66,79378,46,285195
15134,0.000934,172.217.194.0-255,4320,83698,46,285195
15135,0.000938,172.31.46.0-255,66,83764,46,285195
15136,0.000992,172.217.194.0-255,4320,88084,46,285195
15137,0.000997,172.31.46.0-255,66,88150,46,285195
15138,0.001025,172.217.194.0-255,6438,94588,46,285195
15139,0.001027,172.31.46.0-255,66,94654,46,285195
15140,0.00104,172.31.46.0-255,66,94720,46,285195
15141,0.001046,172.217.194.0-255,7156,101876,46,285195
15142,0.00105,172.31.46.0-255,66,101942,46,285195
15143,0.001081,172.217.194.0-255,1484,103426,46,285195
15144,0.001125,172.31.46.0-255,66,103492,46,285195
15145,0.00114,172.31.46.0-255,66,103558,46,285195
15146,0.001147,172.217.194.0-255,5738,109296,46,285195
15147,0.001149,172.31.46.0-255,66,109362,46,285195
15148,0.001182,172.31.46.0-255,66,109428,46,285195
15149,0.001227,172.217.194.0-255,2902,112330,46,285195
15150,0.001231,172.31.46.0-255,66,112396,46,285195
15151,0.001246,172.217.194.0-255,4320,116716,46,285195
15152,0.001249,172.31.46.0-255,66,116782,46,285195
15153,0.001256,172.217.194.0-255,7156,123938,46,285195
15154,0.001258,172.31.46.0-255,66,124004,46,285195
15155,0.00128,172.217.194.0-255,1484,125488,46,285195
15156,0.001285,172.217.194.0-255,2902,128390,46,285195
15157,0.001299,172.31.46.0-255,66,128456,46,285195
15158,0.001319,172.217.194.0-255,2184,130640,46,285195
15159,0.001325,172.31.46.0-255,66,130706,46,285195
15160,0.001406,172.217.194.0-255,1484,132190,46,285195
15161,0.001412,172.217.194.0-255,2902,135092,46,285195
15162,0.001427,172.31.46.0-255,66,135158,46,285195
15163,0.00143,172.217.194.0-255,1484,136642,46,285195
15164,0.001447,172.217.194.0-255,4320,140962,46,285195
15165,0.001461,172.31.46.0-255,66,141028,46,285195
15166,0.001482,172.217.194.0-255,5738,146766,46,285195
15167,0.001496,172.217.194.0-255,2902,149668,46,285195
15168,0.001501,172.31.46.0-255,66,149734,46,285195
15169,0.001513,172.217.194.0-255,2902,152636,46,285195
15170,0.001527,172.217.194.0-255,4320,156956,46,285195
15171,0.001544,172.217.194.0-255,2902,159858,46,285195
15172,0.001548,172.31.46.0-255,66,159924,46,285195
15173,0.001552,172.31.46.0-255,66,159990,46,285195
15174,0.001566,172.217.194.0-255,1484,161474,46,285195
15175,0.001583,172.217.194.0-255,6438,167912,46,285195
15176,0.001588,172.217.194.0-255,2902,170814,46,285195
15177,0.001593,172.31.46.0-255,66,170880,46,285195
15178,0.001614,172.217.194.0-255,5738,176618,46,285195
15179,0.001627,172.217.194.0-255,1484,178102,46,285195
15180,0.001641,172.31.46.0-255,66,178168,46,285195
15181,0.001659,172.217.194.0-255,7156,185324,46,285195
15182,0.001665,172.217.194.0-255,4320,189644,46,285195
15183,0.001669,172.31.46.0-255,66,189710,46,285195
15184,0.001683,172.217.194.0-255,5738,195448,46,285195
15185,0.001688,172.217.194.0-255,3602,199050,46,285195
15186,0.001711,172.31.46.0-255,66,199116,46,285195
15187,0.001764,172.217.194.0-255,1484,200600,46,285195
15188,0.00177,172.217.194.0-255,2902,203502,46,285195
15189,0.001774,172.31.46.0-255,66,203568,46,285195
15190,0.001786,172.217.194.0-255,5738,209306,46,285195
15191,0.001815,172.217.194.0-255,5738,215044,46,285195
15192,0.001819,172.31.46.0-255,66,215110,46,285195
15193,0.001824,172.31.46.0-255,66,215176,46,285195
15194,0.001842,172.217.194.0-255,7156,222332,46,285195
15195,0.001872,172.31.46.0-255,66,222398,46,285195
15196,0.001891,172.217.194.0-255,2902,225300,46,285195
15197,0.001898,172.31.46.0-255,66,225366,46,285195
15198,0.002005,172.217.194.0-255,2902,228268,46,285195
15199,0.002011,172.217.194.0-255,3602,231870,46,285195
15200,0.002022,172.31.46.0-255,66,231936,46,285195
15201,0.002381,172.217.194.0-255,1484,233420,46,285195
15202,0.002396,172.217.194.0-255,2902,236322,46,285195
15203,0.0024,172.31.46.0-255,66,236388,46,285195
15204,0.002425,172.217.194.0-255,5738,242126,46,285195
15205,0.002436,172.31.46.0-255,66,242192,46,285195
15206,0.002456,172.31.46.0-255,66,242258,46,285195
15207,0.002488,172.217.194.0-255,2902,245160,46,285195
15208,0.002496,172.217.194.0-255,7156,252316,46,285195
15209,0.0025,172.217.194.0-255,3602,255918,46,285195
15210,0.002506,172.31.46.0-255,66,255984,46,285195
15211,0.004947,172.217.194.0-255,5738,261722,46,285195
15212,0.004955,172.31.46.0-255,66,261788,46,285195
15213,0.007391,172.217.194.0-255,4320,266108,46,285195
15214,0.007397,172.31.46.0-255,66,266174,46,285195
15215,0.007415,172.217.194.0-255,1484,267658,46,285195
15216,0.009858,172.217.194.0-255,4320,271978,46,285195
15217,0.009865,172.31.46.0-255,66,272044,46,285195
15218,0.012297,172.217.194.0-255,3875,275919,46,285195
15219,0.012305,172.31.46.0-255,66,275985,46,285195
15220,0.012827,172.31.46.0-255,105,276090,46,285195
15221,0.015198,172.217.194.0-255,66,276156,46,285195
15222,0.039166,172.31.46.0-255,172,276328,46,285195
15223,0.0392,172.31.46.0-255,1118,277446,46,285195
15224,0.039284,172.31.46.0-255,1514,278960,46,285195
15225,0.039286,172.31.46.0-255,1514,280474,46,285195
15226,0.039293,172.31.46.0-255,1514,281988,46,285195
15227,0.039295,172.31.46.0-255,1514,283502,46,285195
15228,0.039327,172.31.46.0-255,1495,284997,46,285195
15229,0.040846,104.244.42.0-255,66,285063,46,285195
15230,0.040923,104.244.42.0-255,66,285129,46,285195
15231,0.041016,104.244.42.0-255,66,285195,46,285195
15232,0.0,172.217.194.0-255,153,153,46,236125
15233,2.2e-05,172.31.46.0-255,66,219,46,236125
15234,2.8e-05,172.217.194.0-255,1484,1703,46,236125
15235,3.2e-05,172.31.46.0-255,66,1769,46,236125
15236,4.4e-05,172.217.194.0-255,2902,4671,46,236125
15237,4.7e-05,172.31.46.0-255,66,4737,46,236125
15238,5.4e-05,172.217.194.0-255,7156,11893,46,236125
15239,5.6e-05,172.31.46.0-255,66,11959,46,236125
15240,6e-05,172.217.194.0-255,2100,14059,46,236125
15241,6.2e-05,172.31.46.0-255,66,14125,46,236125
15242,0.000101,172.217.194.0-255,4320,18445,46,236125
15243,0.000104,172.31.46.0-255,66,18511,46,236125
15244,0.000131,172.217.194.0-255,5738,24249,46,236125
15245,0.000133,172.31.46.0-255,66,24315,46,236125
15246,0.000162,172.217.194.0-255,6797,31112,46,236125
15247,0.000165,172.31.46.0-255,66,31178,46,236125
15248,0.000193,172.217.194.0-255,1484,32662,46,236125
15249,0.000195,172.31.46.0-255,66,32728,46,236125
15250,0.000224,172.217.194.0-255,2902,35630,46,236125
15251,0.000225,172.31.46.0-255,66,35696,46,236125
15252,0.000232,172.217.194.0-255,5738,41434,46,236125
15253,0.000234,172.31.46.0-255,66,41500,46,236125
15254,0.00026,172.31.46.0-255,66,41566,46,236125
15255,0.000288,172.217.194.0-255,5379,46945,46,236125
15256,0.000291,172.31.46.0-255,66,47011,46,236125
15257,0.000301,172.31.46.0-255,66,47077,46,236125
15258,0.000307,172.217.194.0-255,433,47510,46,236125
15259,0.000308,172.31.46.0-255,66,47576,46,236125
15260,0.000501,172.217.194.0-255,1484,49060,46,236125
15261,0.000505,172.31.46.0-255,66,49126,46,236125
15262,0.000512,172.217.194.0-255,2902,52028,46,236125
15263,0.000514,172.31.46.0-255,66,52094,46,236125
15264,0.000523,172.217.194.0-255,4320,56414,46,236125
15265,0.000525,172.31.46.0-255,66,56480,46,236125
15266,0.000547,172.217.194.0-255,1484,57964,46,236125
15267,0.000549,172.31.46.0-255,66,58030,46,236125
15268,0.000566,172.31.46.0-255,66,58096,46,236125
15269,0.000569,172.217.194.0-255,1484,59580,46,236125
15270,0.00057,172.31.46.0-255,66,59646,46,236125
15271,0.000612,172.31.46.0-255,66,59712,46,236125
15272,0.001005,172.217.194.0-255,1484,61196,46,236125
15273,0.001008,172.217.194.0-255,1484,62680,46,236125
15274,0.001014,172.31.46.0-255,66,62746,46,236125
15275,0.001017,172.31.46.0-255,66,62812,46,236125
15276,0.001025,172.217.194.0-255,1484,64296,46,236125
15277,0.001028,172.31.46.0-255,66,64362,46,236125
15278,0.001039,172.217.194.0-255,5738,70100,46,236125
15279,0.001041,172.31.46.0-255,66,70166,46,236125
15280,0.001045,172.217.194.0-255,2902,73068,46,236125
15281,0.001048,172.31.46.0-255,66,73134,46,236125
15282,0.001092,172.31.46.0-255,66,73200,46,236125
15283,0.001108,172.31.46.0-255,66,73266,46,236125
15284,0.001214,172.217.194.0-255,1484,74750,46,236125
15285,0.001218,172.31.46.0-255,66,74816,46,236125
15286,0.001223,172.217.194.0-255,2902,77718,46,236125
15287,0.001225,172.31.46.0-255,66,77784,46,236125
15288,0.001262,172.217.194.0-255,5738,83522,46,236125
15289,0.001266,172.31.46.0-255,66,83588,46,236125
15290,0.001288,172.31.46.0-255,66,83654,46,236125
15291,0.00133,172.31.46.0-255,66,83720,46,236125
15292,0.001364,172.217.194.0-255,1484,85204,46,236125
15293,0.001369,172.217.194.0-255,2902,88106,46,236125
15294,0.001381,172.31.46.0-255,66,88172,46,236125
15295,0.001386,172.217.194.0-255,2902,91074,46,236125
15296,0.001391,172.31.46.0-255,66,91140,46,236125
15297,0.001408,172.217.194.0-255,2902,94042,46,236125
15298,0.001413,172.217.194.0-255,4320,98362,46,236125
15299,0.001469,172.31.46.0-255,66,98428,46,236125
15300,0.001524,172.217.194.0-255,1484,99912,46,236125
15301,0.001528,172.217.194.0-255,1484,101396,46,236125
15302,0.001536,172.31.46.0-255,66,101462,46,236125
15303,0.001555,172.217.194.0-255,1484,102946,46,236125
15304,0.001562,172.217.194.0-255,5738,108684,46,236125
15305,0.001589,172.217.194.0-255,2902,111586,46,236125
15306,0.00161,172.31.46.0-255,66,111652,46,236125
15307,0.001614,172.217.194.0-255,2184,113836,46,236125
15308,0.001619,172.31.46.0-255,66,113902,46,236125
15309,0.001822,172.217.194.0-255,1484,115386,46,236125
15310,0.001829,172.217.194.0-255,2902,118288,46,236125
15311,0.001845,172.31.46.0-255,66,118354,46,236125
15312,0.001857,172.217.194.0-255,5738,124092,46,236125
15313,0.001874,172.217.194.0-255,2902,126994,46,236125
15314,0.001916,172.217.194.0-255,7156,134150,46,236125
15315,0.001939,172.31.46.0-255,66,134216,46,236125
15316,0.00195,172.217.194.0-255,1484,135700,46,236125
15317,0.001978,172.217.194.0-255,3602,139302,46,236125
15318,0.001984,172.217.194.0-255,5738,145040,46,236125
15319,0.002005,172.217.194.0-255,5738,150778,46,236125
15320,0.002012,172.31.46.0-255,66,150844,46,236125
15321,0.002022,172.217.194.0-255,5738,156582,46,236125
15322,0.002031,172.31.46.0-255,66,156648,46,236125
15323,0.002071,172.31.46.0-255,66,156714,46,236125
15324,0.002082,172.217.194.0-255,4320,161034,46,236125
15325,0.002089,172.217.194.0-255,5738,166772,46,236125
15326,0.002102,172.217.194.0-255,766,167538,46,236125
15327,0.002109,172.217.194.0-255,7156,174694,46,236125
15328,0.002114,172.31.46.0-255,66,174760,46,236125
15329,0.006462,172.31.46.0-255,66,174826,46,236125
15330,0.00857,172.217.194.0-255,5738,180564,46,236125
15331,0.008578,172.31.46.0-255,66,180630,46,236125
15332,0.010655,172.217.194.0-255,5738,186368,46,236125
15333,0.010661,172.31.46.0-255,66,186434,46,236125
15334,0.012729,172.217.194.0-255,5738,192172,46,236125
15335,0.012736,172.31.46.0-255,66,192238,46,236125
15336,0.014827,172.217.194.0-255,5738,197976,46,236125
15337,0.014834,172.31.46.0-255,66,198042,46,236125
15338,0.016929,172.217.194.0-255,5738,203780,46,236125
15339,0.016938,172.31.46.0-255,66,203846,46,236125
15340,0.019024,172.217.194.0-255,5738,209584,46,236125
15341,0.019031,172.31.46.0-255,66,209650,46,236125
15342,0.02112,172.217.194.0-255,5738,215388,46,236125
15343,0.021126,172.31.46.0-255,66,215454,46,236125
15344,0.023196,172.217.194.0-255,5738,221192,46,236125
15345,0.023202,172.31.46.0-255,66,221258,46,236125
15346,0.025296,172.217.194.0-255,5526,226784,46,236125
15347,0.025301,172.31.46.0-255,66,226850,46,236125
15348,0.02547,172.31.46.0-255,105,226955,46,236125
15349,0.027524,172.217.194.0-255,66,227021,46,236125
15350,0.038591,172.31.46.0-255,172,227193,46,236125
15351,0.038626,172.31.46.0-255,1114,228307,46,236125
15352,0.038692,172.31.46.0-255,1514,229821,46,236125
15353,0.038694,172.31.46.0-255,1514,231335,46,236125
15354,0.038699,172.31.46.0-255,1514,232849,46,236125
15355,0.0387,172.31.46.0-255,1514,234363,46,236125
15356,0.038729,172.31.46.0-255,1498,235861,46,236125
15357,0.04015,104.244.42.0-255,66,235927,46,236125
15358,0.040215,104.244.42.0-255,66,235993,46,236125
15359,0.040257,104.244.42.0-255,66,236059,46,236125
15360,0.040347,104.244.42.0-255,66,236125,46,236125
15361,0.0,74.125.24.0-255,153,153,46,274567
15362,2.2e-05,172.31.46.0-255,66,219,46,274567
15363,2.9e-05,74.125.24.0-255,1484,1703,46,274567
15364,3.2e-05,172.31.46.0-255,66,1769,46,274567
15365,3.8e-05,74.125.24.0-255,2902,4671,46,274567
15366,4.8e-05,172.31.46.0-255,66,4737,46,274567
15367,5.5e-05,74.125.24.0-255,7156,11893,46,274567
15368,5.8e-05,172.31.46.0-255,66,11959,46,274567
15369,6.2e-05,74.125.24.0-255,2006,13965,46,274567
15370,6.4e-05,172.31.46.0-255,66,14031,46,274567
15371,0.000137,74.125.24.0-255,1484,15515,46,274567
15372,0.000139,172.31.46.0-255,66,15581,46,274567
15373,0.000143,74.125.24.0-255,1484,17065,46,274567
15374,0.000145,172.31.46.0-255,66,17131,46,274567
15375,0.000163,74.125.24.0-255,1484,18615,46,274567
15376,0.000165,172.31.46.0-255,66,18681,46,274567
15377,0.000167,74.125.24.0-255,1484,20165,46,274567
15378,0.000173,172.31.46.0-255,66,20231,46,274567
15379,0.000197,74.125.24.0-255,4320,24551,46,274567
15380,0.000199,172.31.46.0-255,66,24617,46,274567
15381,0.000233,74.125.24.0-255,6797,31414,46,274567
15382,0.000235,172.31.46.0-255,66,31480,46,274567
15383,0.00032,74.125.24.0-255,1484,32964,46,274567
15384,0.000323,172.31.46.0-255,66,33030,46,274567
15385,0.000328,74.125.24.0-255,2902,35932,46,274567
15386,0.00033,172.31.46.0-255,66,35998,46,274567
15387,0.000355,74.125.24.0-255,5738,41736,46,274567
15388,0.000357,172.31.46.0-255,66,41802,46,274567
15389,0.000387,74.125.24.0-255,6797,48599,46,274567
15390,0.00039,172.31.46.0-255,66,48665,46,274567
15391,0.00078,74.125.24.0-255,1484,50149,46,274567
15392,0.000785,172.31.46.0-255,66,50215,46,274567
15393,0.000792,74.125.24.0-255,2902,53117,46,274567
15394,0.000794,172.31.46.0-255,66,53183,46,274567
15395,0.000807,74.125.24.0-255,5738,58921,46,274567
15396,0.000809,172.31.46.0-255,66,58987,46,274567
15397,0.000812,74.125.24.0-255,1484,60471,46,274567
15398,0.000844,74.125.24.0-255,2902,63373,46,274567
15399,0.000848,172.31.46.0-255,66,63439,46,274567
15400,0.000865,74.125.24.0-255,2543,65982,46,274567
15401,0.000867,172.31.46.0-255,66,66048,46,274567
15402,0.000905,74.125.24.0-255,1484,67532,46,274567
15403,0.000918,74.125.24.0-255,1484,69016,46,274567
15404,0.000921,172.31.46.0-255,66,69082,46,274567
15405,0.000925,74.125.24.0-255,1484,70566,46,274567
15406,0.000951,74.125.24.0-255,2902,73468,46,274567
15407,0.000953,172.31.46.0-255,66,73534,46,274567
15408,0.000968,172.31.46.0-255,66,73600,46,274567
15409,0.00097,74.125.24.0-255,1125,74725,46,274567
15410,0.001014,74.125.24.0-255,1484,76209,46,274567
15411,0.001016,172.31.46.0-255,66,76275,46,274567
15412,0.001034,74.125.24.0-255,2902,79177,46,274567
15413,0.001037,172.31.46.0-255,66,79243,46,274567
15414,0.001041,74.125.24.0-255,2902,82145,46,274567
15415,0.001043,172.31.46.0-255,66,82211,46,274567
15416,0.001071,74.125.24.0-255,2902,85113,46,274567
15417,0.001073,172.31.46.0-255,66,85179,46,274567
15418,0.001081,74.125.24.0-255,6797,91976,46,274567
15419,0.001083,172.31.46.0-255,66,92042,46,274567
15420,0.001117,74.125.24.0-255,647,92689,46,274567
15421,0.00142,74.125.24.0-255,1484,94173,46,274567
15422,0.001424,74.125.24.0-255,2902,97075,46,274567
15423,0.001429,172.31.46.0-255,66,97141,46,274567
15424,0.001433,172.31.46.0-255,66,97207,46,274567
15425,0.001449,74.125.24.0-255,5738,102945,46,274567
15426,0.001451,172.31.46.0-255,66,103011,46,274567
15427,0.001456,74.125.24.0-255,2902,105913,46,274567
15428,0.001461,172.31.46.0-255,66,105979,46,274567
15429,0.001502,172.31.46.0-255,66,106045,46,274567
15430,0.001515,172.31.46.0-255,66,106111,46,274567
15431,0.002076,74.125.24.0-255,1484,107595,46,274567
15432,0.002085,74.125.24.0-255,1484,109079,46,274567
15433,0.002088,172.31.46.0-255,66,109145,46,274567
15434,0.002122,74.125.24.0-255,1484,110629,46,274567
15435,0.002129,74.125.24.0-255,5738,116367,46,274567
15436,0.002132,172.31.46.0-255,66,116433,46,274567
15437,0.002177,172.31.46.0-255,66,116499,46,274567
15438,0.002204,74.125.24.0-255,4320,120819,46,274567
15439,0.002207,172.31.46.0-255,66,120885,46,274567
15440,0.002222,172.31.46.0-255,66,120951,46,274567
15441,0.002226,74.125.24.0-255,2184,123135,46,274567
15442,0.002228,172.31.46.0-255,66,123201,46,274567
15443,0.002334,74.125.24.0-255,1484,124685,46,274567
15444,0.00235,74.125.24.0-255,2902,127587,46,274567
15445,0.002353,172.31.46.0-255,66,127653,46,274567
15446,0.00236,74.125.24.0-255,4320,131973,46,274567
15447,0.002362,172.31.46.0-255,66,132039,46,274567
15448,0.002391,74.125.24.0-255,1484,133523,46,274567
15449,0.002402,172.31.46.0-255,66,133589,46,274567
15450,0.002427,74.125.24.0-255,5738,139327,46,274567
15451,0.002429,172.31.46.0-255,66,139393,46,274567
15452,0.002456,172.31.46.0-255,66,139459,46,274567
15453,0.00246,74.125.24.0-255,2902,142361,46,274567
15454,0.002462,172.31.46.0-255,66,142427,46,274567
15455,0.004898,74.125.24.0-255,5738,148165,46,274567
15456,0.004905,172.31.46.0-255,66,148231,46,274567
15457,0.007316,74.125.24.0-255,5738,153969,46,274567
15458,0.007323,172.31.46.0-255,66,154035,46,274567
15459,0.009745,74.125.24.0-255,5738,159773,46,274567
15460,0.009753,172.31.46.0-255,66,159839,46,274567
15461,0.012172,74.125.24.0-255,5738,165577,46,274567
15462,0.012181,172.31.46.0-255,66,165643,46,274567
15463,0.014595,74.125.24.0-255,5738,171381,46,274567
15464,0.014603,172.31.46.0-255,66,171447,46,274567
15465,0.017013,74.125.24.0-255,5738,177185,46,274567
15466,0.017022,172.31.46.0-255,66,177251,46,274567
15467,0.019446,74.125.24.0-255,5738,182989,46,274567
15468,0.019454,172.31.46.0-255,66,183055,46,274567
15469,0.021872,74.125.24.0-255,4320,187375,46,274567
15470,0.021878,172.31.46.0-255,66,187441,46,274567
15471,0.021907,74.125.24.0-255,1484,188925,46,274567
15472,0.024295,74.125.24.0-255,4320,193245,46,274567
15473,0.0243,172.31.46.0-255,66,193311,46,274567
15474,0.026724,74.125.24.0-255,5738,199049,46,274567
15475,0.026743,172.31.46.0-255,66,199115,46,274567
15476,0.029169,74.125.24.0-255,5738,204853,46,274567
15477,0.029185,172.31.46.0-255,66,204919,46,274567
15478,0.031618,74.125.24.0-255,5738,210657,46,274567
15479,0.031634,172.31.46.0-255,66,210723,46,274567
15480,0.034078,74.125.24.0-255,5738,216461,46,274567
15481,0.034096,172.31.46.0-255,66,216527,46,274567
15482,0.036516,74.125.24.0-255,5738,222265,46,274567
15483,0.036526,172.31.46.0-255,66,222331,46,274567
15484,0.038944,74.125.24.0-255,5738,228069,46,274567
15485,0.038952,172.31.46.0-255,66,228135,46,274567
15486,0.041378,74.125.24.0-255,5738,233873,46,274567
15487,0.041386,172.31.46.0-255,66,233939,46,274567
15488,0.043793,74.125.24.0-255,5738,239677,46,274567
15489,0.0438,172.31.46.0-255,66,239743,46,274567
15490,0.046246,74.125.24.0-255,5738,245481,46,274567
15491,0.046254,172.31.46.0-255,66,245547,46,274567
15492,0.048669,74.125.24.0-255,5738,251285,46,274567
15493,0.048675,172.31.46.0-255,66,251351,46,274567
15494,0.051111,74.125.24.0-255,5738,257089,46,274567
15495,0.051117,172.31.46.0-255,66,257155,46,274567
15496,0.053553,74.125.24.0-255,5738,262893,46,274567
15497,0.053569,172.31.46.0-255,66,262959,46,274567
15498,0.056034,74.125.24.0-255,5738,268697,46,274567
15499,0.056047,172.31.46.0-255,66,268763,46,274567
15500,0.058488,74.125.24.0-255,5738,274501,46,274567
15501,0.058495,172.31.46.0-255,66,274567,46,274567
15502,0.0,74.125.200.0-255,153,153,46,346310
15503,2e-05,172.31.46.0-255,66,219,46,346310
15504,2.6e-05,74.125.200.0-255,1484,1703,46,346310
15505,3e-05,172.31.46.0-255,66,1769,46,346310
15506,6.1e-05,74.125.200.0-255,2902,4671,46,346310
15507,6.4e-05,172.31.46.0-255,66,4737,46,346310
15508,7.1e-05,74.125.200.0-255,7156,11893,46,346310
15509,7.3e-05,172.31.46.0-255,66,11959,46,346310
15510,9.9e-05,172.31.46.0-255,66,12025,46,346310
15511,0.000116,74.125.200.0-255,1484,13509,46,346310
15512,0.000118,172.31.46.0-255,66,13575,46,346310
15513,0.000133,74.125.200.0-255,1484,15059,46,346310
15514,0.000135,172.31.46.0-255,66,15125,46,346310
15515,0.000152,74.125.200.0-255,5738,20863,46,346310
15516,0.000154,172.31.46.0-255,66,20929,46,346310
15517,0.000172,74.125.200.0-255,2543,23472,46,346310
15518,0.000173,172.31.46.0-255,66,23538,46,346310
15519,0.000198,74.125.200.0-255,2902,26440,46,346310
15520,0.0002,172.31.46.0-255,66,26506,46,346310
15521,0.000214,74.125.200.0-255,2902,29408,46,346310
15522,0.000216,172.31.46.0-255,66,29474,46,346310
15523,0.000222,74.125.200.0-255,7156,36630,46,346310
15524,0.000224,172.31.46.0-255,66,36696,46,346310
15525,0.000259,74.125.200.0-255,1484,38180,46,346310
15526,0.000261,172.31.46.0-255,66,38246,46,346310
15527,0.00028,74.125.200.0-255,2543,40789,46,346310
15528,0.000282,172.31.46.0-255,66,40855,46,346310
15529,0.000923,74.125.200.0-255,1484,42339,46,346310
15530,0.000928,172.31.46.0-255,66,42405,46,346310
15531,0.000936,74.125.200.0-255,2902,45307,46,346310
15532,0.000938,172.31.46.0-255,66,45373,46,346310
15533,0.000944,74.125.200.0-255,5738,51111,46,346310
15534,0.000946,172.31.46.0-255,66,51177,46,346310
15535,0.000965,74.125.200.0-255,4320,55497,46,346310
15536,0.000967,172.31.46.0-255,66,55563,46,346310
15537,0.000989,74.125.200.0-255,2543,58106,46,346310
15538,0.000991,172.31.46.0-255,66,58172,46,346310
15539,0.001048,74.125.200.0-255,1484,59656,46,346310
15540,0.001065,74.125.200.0-255,1484,61140,46,346310
15541,0.001068,172.31.46.0-255,66,61206,46,346310
15542,0.001086,74.125.200.0-255,2902,64108,46,346310
15543,0.001088,172.31.46.0-255,66,64174,46,346310
15544,0.001101,74.125.200.0-255,4320,68494,46,346310
15545,0.001103,172.31.46.0-255,66,68560,46,346310
15546,0.001118,74.125.200.0-255,1484,70044,46,346310
15547,0.001122,74.125.200.0-255,1484,71528,46,346310
15548,0.001123,172.31.46.0-255,66,71594,46,346310
15549,0.001127,74.125.200.0-255,2902,74496,46,346310
15550,0.001129,172.31.46.0-255,66,74562,46,346310
15551,0.001166,74.125.200.0-255,6797,81359,46,346310
15552,0.001168,172.31.46.0-255,66,81425,46,346310
15553,0.001189,74.125.200.0-255,7156,88581,46,346310
15554,0.001191,172.31.46.0-255,66,88647,46,346310
15555,0.001239,74.125.200.0-255,4542,93189,46,346310
15556,0.001242,172.31.46.0-255,66,93255,46,346310
15557,0.001321,74.125.200.0-255,1484,94739,46,346310
15558,0.001338,74.125.200.0-255,2902,97641,46,346310
15559,0.00134,172.31.46.0-255,66,97707,46,346310
15560,0.001344,74.125.200.0-255,1484,99191,46,346310
15561,0.001361,74.125.200.0-255,4320,103511,46,346310
15562,0.001364,172.31.46.0-255,66,103577,46,346310
15563,0.001366,74.125.200.0-255,1484,105061,46,346310
15564,0.001382,74.125.200.0-255,1484,106545,46,346310
15565,0.001384,172.31.46.0-255,66,106611,46,346310
15566,0.001389,74.125.200.0-255,4320,110931,46,346310
15567,0.001391,172.31.46.0-255,66,110997,46,346310
15568,0.001395,74.125.200.0-255,2902,113899,46,346310
15569,0.001397,172.31.46.0-255,66,113965,46,346310
15570,0.001421,74.125.200.0-255,5738,119703,46,346310
15571,0.001423,172.31.46.0-255,66,119769,46,346310
15572,0.001429,74.125.200.0-255,5738,125507,46,346310
15573,0.001431,172.31.46.0-255,66,125573,46,346310
15574,0.001465,74.125.200.0-255,1634,127207,46,346310
15575,0.001468,172.31.46.0-255,66,127273,46,346310
15576,0.001516,74.125.200.0-255,2902,130175,46,346310
15577,0.001518,172.31.46.0-255,66,130241,46,346310
15578,0.001521,74.125.200.0-255,1484,131725,46,346310
15579,0.001553,74.125.200.0-255,4320,136045,46,346310
15580,0.001556,172.31.46.0-255,66,136111,46,346310
15581,0.001571,74.125.200.0-255,1484,137595,46,346310
15582,0.001574,74.125.200.0-255,1484,139079,46,346310
15583,0.001576,172.31.46.0-255,66,139145,46,346310
15584,0.001603,172.31.46.0-255,66,139211,46,346310
15585,0.001639,172.31.46.0-255,66,139277,46,346310
15586,0.00175,74.125.200.0-255,1484,140761,46,346310
15587,0.001761,74.125.200.0-255,1484,142245,46,346310
15588,0.001763,172.31.46.0-255,66,142311,46,346310
15589,0.00178,74.125.200.0-255,1484,143795,46,346310
15590,0.001783,74.125.200.0-255,1484,145279,46,346310
15591,0.001784,172.31.46.0-255,66,145345,46,346310
15592,0.001788,74.125.200.0-255,2902,148247,46,346310
15593,0.00179,172.31.46.0-255,66,148313,46,346310
15594,0.001801,74.125.200.0-255,2902,151215,46,346310
15595,0.001803,172.31.46.0-255,66,151281,46,346310
15596,0.001825,74.125.200.0-255,2902,154183,46,346310
15597,0.001827,172.31.46.0-255,66,154249,46,346310
15598,0.001834,74.125.200.0-255,7156,161405,46,346310
15599,0.001836,172.31.46.0-255,66,161471,46,346310
15600,0.001847,74.125.200.0-255,4320,165791,46,346310
15601,0.001849,172.31.46.0-255,66,165857,46,346310
15602,0.001873,74.125.200.0-255,2902,168759,46,346310
15603,0.001875,172.31.46.0-255,66,168825,46,346310
15604,0.001892,74.125.200.0-255,5020,173845,46,346310
15605,0.001894,172.31.46.0-255,66,173911,46,346310
15606,0.001945,74.125.200.0-255,1484,175395,46,346310
15607,0.001985,74.125.200.0-255,2902,178297,46,346310
15608,0.001987,172.31.46.0-255,66,178363,46,346310
15609,0.001992,74.125.200.0-255,5738,184101,46,346310
15610,0.001995,74.125.200.0-255,1484,185585,46,346310
15611,0.002001,74.125.200.0-255,7156,192741,46,346310
15612,0.002011,74.125.200.0-255,1484,194225,46,346310
15613,0.002037,74.125.200.0-255,5738,199963,46,346310
15614,0.002051,74.125.200.0-255,5738,205701,46,346310
15615,0.002061,74.125.200.0-255,2184,207885,46,346310
15616,0.002111,74.125.200.0-255,1484,209369,46,346310
15617,0.002125,74.125.200.0-255,2902,212271,46,346310
15618,0.002145,74.125.200.0-255,4320,216591,46,346310
15619,0.002196,74.125.200.0-255,5738,222329,46,346310
15620,0.002207,74.125.200.0-255,2902,225231,46,346310
15621,0.002235,74.125.200.0-255,2902,228133,46,346310
15622,0.002251,74.125.200.0-255,5020,233153,46,346310
15623,0.002303,74.125.200.0-255,1484,234637,46,346310
15624,0.002325,74.125.200.0-255,7156,241793,46,346310
15625,0.002338,74.125.200.0-255,1484,243277,46,346310
15626,0.002347,74.125.200.0-255,1484,244761,46,346310
15627,0.00236,74.125.200.0-255,4320,249081,46,346310
15628,0.002378,74.125.200.0-255,2902,251983,46,346310
15629,0.002389,74.125.200.0-255,4320,256303,46,346310
15630,0.002427,74.125.200.0-255,1484,257787,46,346310
15631,0.00243,74.125.200.0-255,766,258553,46,346310
15632,0.006654,172.31.46.0-255,66,258619,46,346310
15633,0.009128,74.125.200.0-255,5738,264357,46,346310
15634,0.009135,172.31.46.0-255,66,264423,46,346310
15635,0.011622,74.125.200.0-255,4320,268743,46,346310
15636,0.01163,172.31.46.0-255,66,268809,46,346310
15637,0.011649,74.125.200.0-255,1484,270293,46,346310
15638,0.014104,74.125.200.0-255,4320,274613,46,346310
15639,0.014113,172.31.46.0-255,66,274679,46,346310
15640,0.016595,74.125.200.0-255,5738,280417,46,346310
15641,0.016603,172.31.46.0-255,66,280483,46,346310
15642,0.019063,74.125.200.0-255,5738,286221,46,346310
15643,0.019069,172.31.46.0-255,66,286287,46,346310
15644,0.021545,74.125.200.0-255,5738,292025,46,346310
15645,0.021552,172.31.46.0-255,66,292091,46,346310
15646,0.022727,172.31.46.0-255,172,292263,46,346310
15647,0.022754,172.31.46.0-255,1119,293382,46,346310
15648,0.022808,172.31.46.0-255,1349,294731,46,346310
15649,0.024026,74.125.200.0-255,5738,300469,46,346310
15650,0.024033,172.31.46.0-255,66,300535,46,346310
15651,0.024265,104.244.42.0-255,66,300601,46,346310
15652,0.024314,104.244.42.0-255,66,300667,46,346310
15653,0.024358,104.244.42.0-255,66,300733,46,346310
15654,0.024956,104.244.42.0-255,108,300841,46,346310
15655,0.024961,172.31.46.0-255,66,300907,46,346310
15656,0.026517,74.125.200.0-255,5738,306645,46,346310
15657,0.026524,172.31.46.0-255,66,306711,46,346310
15658,0.028998,74.125.200.0-255,5738,312449,46,346310
15659,0.029005,172.31.46.0-255,66,312515,46,346310
15660,0.031475,74.125.200.0-255,5738,318253,46,346310
15661,0.031481,172.31.46.0-255,66,318319,46,346310
15662,0.03395,74.125.200.0-255,5738,324057,46,346310
15663,0.033955,172.31.46.0-255,66,324123,46,346310
15664,0.03642,74.125.200.0-255,5738,329861,46,346310
15665,0.036427,172.31.46.0-255,66,329927,46,346310
15666,0.038905,74.125.200.0-255,5738,335665,46,346310
15667,0.038911,172.31.46.0-255,66,335731,46,346310
15668,0.041417,74.125.200.0-255,5738,341469,46,346310
15669,0.041424,172.31.46.0-255,66,341535,46,346310
15670,0.043907,74.125.200.0-255,4538,346073,46,346310
15671,0.043914,172.31.46.0-255,66,346139,46,346310
15672,0.044092,172.31.46.0-255,105,346244,46,346310
15673,0.046523,74.125.200.0-255,66,346310,46,346310
15674,0.0,74.125.24.0-255,297,297,46,252086
15675,2.3e-05,172.31.46.0-255,66,363,46,252086
15676,2.9e-05,74.125.24.0-255,1484,1847,46,252086
15677,3.3e-05,172.31.46.0-255,66,1913,46,252086
15678,4.1e-05,74.125.24.0-255,4320,6233,46,252086
15679,4.3e-05,172.31.46.0-255,66,6299,46,252086
15680,4.6e-05,74.125.24.0-255,1484,7783,46,252086
15681,4.9e-05,172.31.46.0-255,66,7849,46,252086
15682,7.6e-05,74.125.24.0-255,5738,13587,46,252086
15683,7.9e-05,172.31.46.0-255,66,13653,46,252086
15684,8.2e-05,74.125.24.0-255,1484,15137,46,252086
15685,8.4e-05,172.31.46.0-255,66,15203,46,252086
15686,0.00012,172.31.46.0-255,66,15269,46,252086
15687,0.000123,74.125.24.0-255,1125,16394,46,252086
15688,0.000125,172.31.46.0-255,66,16460,46,252086
15689,0.000176,74.125.24.0-255,1484,17944,46,252086
15690,0.000179,172.31.46.0-255,66,18010,46,252086
15691,0.000194,74.125.24.0-255,2902,20912,46,252086
15692,0.000197,172.31.46.0-255,66,20978,46,252086
15693,0.000203,74.125.24.0-255,5738,26716,46,252086
15694,0.000206,172.31.46.0-255,66,26782,46,252086
15695,0.00024,172.31.46.0-255,66,26848,46,252086
15696,0.00026,74.125.24.0-255,2902,29750,46,252086
15697,0.000263,172.31.46.0-255,66,29816,46,252086
15698,0.000266,74.125.24.0-255,1484,31300,46,252086
15699,0.000268,172.31.46.0-255,66,31366,46,252086
15700,0.000299,172.31.46.0-255,66,31432,46,252086
15701,0.000302,74.125.24.0-255,443,31875,46,252086
15702,0.000304,172.31.46.0-255,66,31941,46,252086
15703,0.000333,74.125.24.0-255,330,32271,46,252086
15704,0.000459,74.125.24.0-255,1484,33755,46,252086
15705,0.000463,172.31.46.0-255,66,33821,46,252086
15706,0.000468,74.125.24.0-255,2902,36723,46,252086
15707,0.00047,172.31.46.0-255,66,36789,46,252086
15708,0.000487,74.125.24.0-255,5738,42527,46,252086
15709,0.00049,172.31.46.0-255,66,42593,46,252086
15710,0.00053,74.125.24.0-255,1484,44077,46,252086
15711,0.000556,74.125.24.0-255,5379,49456,46,252086
15712,0.000559,172.31.46.0-255,66,49522,46,252086
15713,0.000566,74.125.24.0-255,7156,56678,46,252086
15714,0.000568,172.31.46.0-255,66,56744,46,252086
15715,0.000575,74.125.24.0-255,7156,63900,46,252086
15716,0.000579,172.31.46.0-255,66,63966,46,252086
15717,0.000604,74.125.24.0-255,2543,66509,46,252086
15718,0.000607,172.31.46.0-255,66,66575,46,252086
15719,0.00112,74.125.24.0-255,1484,68059,46,252086
15720,0.001127,74.125.24.0-255,2902,70961,46,252086
15721,0.001131,172.31.46.0-255,66,71027,46,252086
15722,0.001155,74.125.24.0-255,5738,76765,46,252086
15723,0.001158,172.31.46.0-255,66,76831,46,252086
15724,0.00119,74.125.24.0-255,7156,83987,46,252086
15725,0.001194,172.31.46.0-255,66,84053,46,252086
15726,0.001216,74.125.24.0-255,5738,89791,46,252086
15727,0.001219,172.31.46.0-255,66,89857,46,252086
15728,0.001224,74.125.24.0-255,4320,94177,46,252086
15729,0.001226,172.31.46.0-255,66,94243,46,252086
15730,0.00125,74.125.24.0-255,6438,100681,46,252086
15731,0.001253,172.31.46.0-255,66,100747,46,252086
15732,0.001694,74.125.24.0-255,1484,102231,46,252086
15733,0.001699,74.125.24.0-255,1484,103715,46,252086
15734,0.001703,172.31.46.0-255,66,103781,46,252086
15735,0.001721,74.125.24.0-255,1484,105265,46,252086
15736,0.001724,74.125.24.0-255,1484,106749,46,252086
15737,0.001726,172.31.46.0-255,66,106815,46,252086
15738,0.001748,74.125.24.0-255,4320,111135,46,252086
15739,0.001751,172.31.46.0-255,66,111201,46,252086
15740,0.001759,74.125.24.0-255,7156,118357,46,252086
15741,0.001761,172.31.46.0-255,66,118423,46,252086
15742,0.00178,74.125.24.0-255,5738,124161,46,252086
15743,0.001783,172.31.46.0-255,66,124227,46,252086
15744,0.001807,74.125.24.0-255,2902,127129,46,252086
15745,0.00181,172.31.46.0-255,66,127195,46,252086
15746,0.001838,172.31.46.0-255,66,127261,46,252086
15747,0.001842,74.125.24.0-255,2902,130163,46,252086
15748,0.001844,172.31.46.0-255,66,130229,46,252086
15749,0.001857,74.125.24.0-255,2902,133131,46,252086
15750,0.001859,172.31.46.0-255,66,133197,46,252086
15751,0.001875,74.125.24.0-255,5738,138935,46,252086
15752,0.001877,172.31.46.0-255,66,139001,46,252086
15753,0.001884,74.125.24.0-255,5738,144739,46,252086
15754,0.001886,172.31.46.0-255,66,144805,46,252086
15755,0.001912,74.125.24.0-255,7156,151961,46,252086
15756,0.001915,172.31.46.0-255,66,152027,46,252086
15757,0.001934,172.31.46.0-255,66,152093,46,252086
15758,0.001946,172.31.46.0-255,66,152159,46,252086
15759,0.001984,172.31.46.0-255,66,152225,46,252086
15760,0.001987,74.125.24.0-255,766,152991,46,252086
15761,0.001991,74.125.24.0-255,1484,154475,46,252086
15762,0.001992,172.31.46.0-255,66,154541,46,252086
15763,0.001998,74.125.24.0-255,4320,158861,46,252086
15764,0.002,172.31.46.0-255,66,158927,46,252086
15765,0.002018,74.125.24.0-255,4320,163247,46,252086
15766,0.002021,172.31.46.0-255,66,163313,46,252086
15767,0.002039,74.125.24.0-255,5738,169051,46,252086
15768,0.002042,172.31.46.0-255,66,169117,46,252086
15769,0.002058,172.31.46.0-255,66,169183,46,252086
15770,0.002115,172.31.46.0-255,66,169249,46,252086
15771,0.002125,172.31.46.0-255,66,169315,46,252086
15772,0.002129,74.125.24.0-255,2902,172217,46,252086
15773,0.002131,172.31.46.0-255,66,172283,46,252086
15774,0.002164,74.125.24.0-255,5738,178021,46,252086
15775,0.002166,172.31.46.0-255,66,178087,46,252086
15776,0.002178,172.31.46.0-255,66,178153,46,252086
15777,0.002183,74.125.24.0-255,5738,183891,46,252086
15778,0.002186,172.31.46.0-255,66,183957,46,252086
15779,0.002213,74.125.24.0-255,3602,187559,46,252086
15780,0.002215,172.31.46.0-255,66,187625,46,252086
15781,0.002227,172.31.46.0-255,66,187691,46,252086
15782,0.002242,74.125.24.0-255,1484,189175,46,252086
15783,0.002248,74.125.24.0-255,4320,193495,46,252086
15784,0.002251,172.31.46.0-255,66,193561,46,252086
15785,0.002292,172.31.46.0-255,66,193627,46,252086
15786,0.002296,74.125.24.0-255,2184,195811,46,252086
15787,0.002298,172.31.46.0-255,66,195877,46,252086
15788,0.002301,74.125.24.0-255,1484,197361,46,252086
15789,0.002317,74.125.24.0-255,1484,198845,46,252086
15790,0.002319,172.31.46.0-255,66,198911,46,252086
15791,0.002322,74.125.24.0-255,1484,200395,46,252086
15792,0.002347,74.125.24.0-255,5738,206133,46,252086
15793,0.00235,172.31.46.0-255,66,206199,46,252086
15794,0.002356,74.125.24.0-255,5738,211937,46,252086
15795,0.002358,172.31.46.0-255,66,212003,46,252086
15796,0.002377,74.125.24.0-255,2902,214905,46,252086
15797,0.002379,172.31.46.0-255,66,214971,46,252086
15798,0.002411,172.31.46.0-255,66,215037,46,252086
15799,0.002426,74.125.24.0-255,1484,216521,46,252086
15800,0.002431,74.125.24.0-255,3602,220123,46,252086
15801,0.002434,172.31.46.0-255,66,220189,46,252086
15802,0.00478,74.125.24.0-255,5738,225927,46,252086
15803,0.004788,172.31.46.0-255,66,225993,46,252086
15804,0.007181,74.125.24.0-255,4320,230313,46,252086
15805,0.007185,172.31.46.0-255,66,230379,46,252086
15806,0.007202,74.125.24.0-255,1484,231863,46,252086
15807,0.00954,74.125.24.0-255,2902,234765,46,252086
15808,0.009548,172.31.46.0-255,66,234831,46,252086
15809,0.009572,74.125.24.0-255,1484,236315,46,252086
15810,0.011872,74.125.24.0-255,4320,240635,46,252086
15811,0.011878,172.31.46.0-255,66,240701,46,252086
15812,0.01423,74.125.24.0-255,2105,242806,46,252086
15813,0.014239,172.31.46.0-255,66,242872,46,252086
15814,0.017174,172.31.46.0-255,105,242977,46,252086
15815,0.019474,74.125.24.0-255,66,243043,46,252086
15816,0.036681,172.31.46.0-255,176,243219,46,252086
15817,0.036715,172.31.46.0-255,1118,244337,46,252086
15818,0.036783,172.31.46.0-255,1514,245851,46,252086
15819,0.036785,172.31.46.0-255,1514,247365,46,252086
15820,0.036786,172.31.46.0-255,1514,248879,46,252086
15821,0.036787,172.31.46.0-255,1514,250393,46,252086
15822,0.036788,172.31.46.0-255,1495,251888,46,252086
15823,0.038382,104.244.42.0-255,66,251954,46,252086
15824,0.038412,104.244.42.0-255,66,252020,46,252086
15825,0.038466,104.244.42.0-255,66,252086,46,252086
15826,0.0,74.125.24.0-255,152,152,46,240562
15827,2.2e-05,172.31.46.0-255,66,218,46,240562
15828,2.8e-05,74.125.24.0-255,1484,1702,46,240562
15829,3.2e-05,172.31.46.0-255,66,1768,46,240562
15830,3.7e-05,74.125.24.0-255,2902,4670,46,240562
15831,4.1e-05,172.31.46.0-255,66,4736,46,240562
15832,5.4e-05,74.125.24.0-255,7156,11892,46,240562
15833,5.7e-05,172.31.46.0-255,66,11958,46,240562
15834,6.1e-05,74.125.24.0-255,2043,14001,46,240562
15835,6.4e-05,172.31.46.0-255,66,14067,46,240562
15836,9.8e-05,74.125.24.0-255,2902,16969,46,240562
15837,0.000101,172.31.46.0-255,66,17035,46,240562
15838,0.000106,74.125.24.0-255,4320,21355,46,240562
15839,0.000109,172.31.46.0-255,66,21421,46,240562
15840,0.000146,172.31.46.0-255,66,21487,46,240562
15841,0.000148,74.125.24.0-255,1125,22612,46,240562
15842,0.00015,172.31.46.0-255,66,22678,46,240562
15843,0.000253,74.125.24.0-255,1484,24162,46,240562
15844,0.000256,172.31.46.0-255,66,24228,46,240562
15845,0.00026,74.125.24.0-255,2902,27130,46,240562
15846,0.000262,172.31.46.0-255,66,27196,46,240562
15847,0.000265,74.125.24.0-255,1484,28680,46,240562
15848,0.000267,172.31.46.0-255,66,28746,46,240562
15849,0.000289,74.125.24.0-255,4320,33066,46,240562
15850,0.000294,172.31.46.0-255,66,33132,46,240562
15851,0.000298,74.125.24.0-255,2902,36034,46,240562
15852,0.0003,172.31.46.0-255,66,36100,46,240562
15853,0.000322,74.125.24.0-255,3961,40061,46,240562
15854,0.000325,172.31.46.0-255,66,40127,46,240562
15855,0.000356,74.125.24.0-255,1484,41611,46,240562
15856,0.000358,172.31.46.0-255,66,41677,46,240562
15857,0.000362,74.125.24.0-255,2902,44579,46,240562
15858,0.000364,172.31.46.0-255,66,44645,46,240562
15859,0.00039,74.125.24.0-255,5738,50383,46,240562
15860,0.000392,172.31.46.0-255,66,50449,46,240562
15861,0.000419,74.125.24.0-255,6797,57246,46,240562
15862,0.000421,172.31.46.0-255,66,57312,46,240562
15863,0.000506,74.125.24.0-255,365,57677,46,240562
15864,0.000826,74.125.24.0-255,380,58057,46,240562
15865,0.001024,74.125.24.0-255,1484,59541,46,240562
15866,0.001029,172.31.46.0-255,66,59607,46,240562
15867,0.001033,74.125.24.0-255,2902,62509,46,240562
15868,0.001035,172.31.46.0-255,66,62575,46,240562
15869,0.001041,74.125.24.0-255,5738,68313,46,240562
15870,0.001042,172.31.46.0-255,66,68379,46,240562
15871,0.001087,74.125.24.0-255,6797,75176,46,240562
15872,0.001091,74.125.24.0-255,2902,78078,46,240562
15873,0.001095,172.31.46.0-255,66,78144,46,240562
15874,0.001097,172.31.46.0-255,66,78210,46,240562
15875,0.00113,172.31.46.0-255,66,78276,46,240562
15876,0.001135,74.125.24.0-255,2543,80819,46,240562
15877,0.001137,172.31.46.0-255,66,80885,46,240562
15878,0.001503,74.125.24.0-255,1484,82369,46,240562
15879,0.001513,74.125.24.0-255,2902,85271,46,240562
15880,0.001518,172.31.46.0-255,66,85337,46,240562
15881,0.001555,74.125.24.0-255,5738,91075,46,240562
15882,0.001558,172.31.46.0-255,66,91141,46,240562
15883,0.001576,172.31.46.0-255,66,91207,46,240562
15884,0.001605,74.125.24.0-255,2902,94109,46,240562
15885,0.001607,172.31.46.0-255,66,94175,46,240562
15886,0.001615,74.125.24.0-255,7156,101331,46,240562
15887,0.001617,172.31.46.0-255,66,101397,46,240562
15888,0.00162,74.125.24.0-255,1484,102881,46,240562
15889,0.001646,74.125.24.0-255,2184,105065,46,240562
15890,0.001648,172.31.46.0-255,66,105131,46,240562
15891,0.001654,74.125.24.0-255,4320,109451,46,240562
15892,0.001656,172.31.46.0-255,66,109517,46,240562
15893,0.001667,172.31.46.0-255,66,109583,46,240562
15894,0.001688,74.125.24.0-255,5738,115321,46,240562
15895,0.001691,172.31.46.0-255,66,115387,46,240562
15896,0.001732,172.31.46.0-255,66,115453,46,240562
15897,0.001739,74.125.24.0-255,5020,120473,46,240562
15898,0.001741,172.31.46.0-255,66,120539,46,240562
15899,0.001768,74.125.24.0-255,5738,126277,46,240562
15900,0.001772,172.31.46.0-255,66,126343,46,240562
15901,0.001817,172.31.46.0-255,66,126409,46,240562
15902,0.001834,172.31.46.0-255,66,126475,46,240562
15903,0.00184,74.125.24.0-255,3602,130077,46,240562
15904,0.001842,172.31.46.0-255,66,130143,46,240562
15905,0.001899,172.31.46.0-255,66,130209,46,240562
15906,0.001916,172.31.46.0-255,66,130275,46,240562
15907,0.001943,74.125.24.0-255,2902,133177,46,240562
15908,0.001946,172.31.46.0-255,66,133243,46,240562
15909,0.001983,172.31.46.0-255,66,133309,46,240562
15910,0.00201,74.125.24.0-255,1484,134793,46,240562
15911,0.002016,74.125.24.0-255,2902,137695,46,240562
15912,0.002018,172.31.46.0-255,66,137761,46,240562
15913,0.002023,74.125.24.0-255,2902,140663,46,240562
15914,0.002025,172.31.46.0-255,66,140729,46,240562
15915,0.002046,74.125.24.0-255,2902,143631,46,240562
15916,0.002049,172.31.46.0-255,66,143697,46,240562
15917,0.00207,172.31.46.0-255,66,143763,46,240562
15918,0.002142,172.31.46.0-255,66,143829,46,240562
15919,0.002167,74.125.24.0-255,3602,147431,46,240562
15920,0.00217,172.31.46.0-255,66,147497,46,240562
15921,0.002173,74.125.24.0-255,1484,148981,46,240562
15922,0.002177,74.125.24.0-255,2902,151883,46,240562
15923,0.00218,172.31.46.0-255,66,151949,46,240562
15924,0.002185,74.125.24.0-255,5738,157687,46,240562
15925,0.002188,172.31.46.0-255,66,157753,46,240562
15926,0.002201,172.31.46.0-255,66,157819,46,240562
15927,0.002228,74.125.24.0-255,1484,159303,46,240562
15928,0.002239,172.31.46.0-255,66,159369,46,240562
15929,0.002244,74.125.24.0-255,2184,161553,46,240562
15930,0.002245,172.31.46.0-255,66,161619,46,240562
15931,0.002275,74.125.24.0-255,2902,164521,46,240562
15932,0.002278,172.31.46.0-255,66,164587,46,240562
15933,0.002284,74.125.24.0-255,2902,167489,46,240562
15934,0.002286,172.31.46.0-255,66,167555,46,240562
15935,0.002312,74.125.24.0-255,4320,171875,46,240562
15936,0.002315,172.31.46.0-255,66,171941,46,240562
15937,0.002326,74.125.24.0-255,5738,177679,46,240562
15938,0.002328,172.31.46.0-255,66,177745,46,240562
15939,0.002348,172.31.46.0-255,66,177811,46,240562
15940,0.002376,74.125.24.0-255,5738,183549,46,240562
15941,0.002379,172.31.46.0-255,66,183615,46,240562
15942,0.002384,74.125.24.0-255,3602,187217,46,240562
15943,0.002387,172.31.46.0-255,66,187283,46,240562
15944,0.002405,74.125.24.0-255,4320,191603,46,240562
15945,0.002408,172.31.46.0-255,66,191669,46,240562
15946,0.002417,74.125.24.0-255,5738,197407,46,240562
15947,0.00242,172.31.46.0-255,66,197473,46,240562
15948,0.002458,172.31.46.0-255,66,197539,46,240562
15949,0.002463,74.125.24.0-255,2902,200441,46,240562
15950,0.002465,172.31.46.0-255,66,200507,46,240562
15951,0.004889,74.125.24.0-255,5738,206245,46,240562
15952,0.004897,172.31.46.0-255,66,206311,46,240562
15953,0.00732,74.125.24.0-255,4320,210631,46,240562
15954,0.007325,172.31.46.0-255,66,210697,46,240562
15955,0.007349,74.125.24.0-255,1484,212181,46,240562
15956,0.009741,74.125.24.0-255,4320,216501,46,240562
15957,0.009748,172.31.46.0-255,66,216567,46,240562
15958,0.012187,74.125.24.0-255,5738,222305,46,240562
15959,0.012192,172.31.46.0-255,66,222371,46,240562
15960,0.014635,74.125.24.0-255,5738,228109,46,240562
15961,0.014643,172.31.46.0-255,66,228175,46,240562
15962,0.017084,74.125.24.0-255,3043,231218,46,240562
15963,0.017092,172.31.46.0-255,66,231284,46,240562
15964,0.020974,172.31.46.0-255,105,231389,46,240562
15965,0.023381,74.125.24.0-255,66,231455,46,240562
15966,0.041752,172.31.46.0-255,172,231627,46,240562
15967,0.041781,172.31.46.0-255,1118,232745,46,240562
15968,0.041838,172.31.46.0-255,1514,234259,46,240562
15969,0.041839,172.31.46.0-255,1514,235773,46,240562
15970,0.041844,172.31.46.0-255,1514,237287,46,240562
15971,0.041845,172.31.46.0-255,1514,238801,46,240562
15972,0.041877,172.31.46.0-255,1497,240298,46,240562
15973,0.043386,104.244.42.0-255,66,240364,46,240562
15974,0.043412,104.244.42.0-255,66,240430,46,240562
15975,0.043469,104.244.42.0-255,66,240496,46,240562
15976,0.043522,104.244.42.0-255,66,240562,46,240562
15977,0.0,74.125.200.0-255,153,153,46,318440
15978,2.5e-05,172.31.46.0-255,66,219,46,318440
15979,3.3e-05,74.125.200.0-255,1484,1703,46,318440
15980,3.8e-05,172.31.46.0-255,66,1769,46,318440
15981,4.4e-05,74.125.200.0-255,2902,4671,46,318440
15982,4.8e-05,172.31.46.0-255,66,4737,46,318440
15983,5.3e-05,74.125.200.0-255,2902,7639,46,318440
15984,5.7e-05,172.31.46.0-255,66,7705,46,318440
15985,8.5e-05,74.125.200.0-255,4320,12025,46,318440
15986,8.8e-05,172.31.46.0-255,66,12091,46,318440
15987,9.3e-05,74.125.200.0-255,2005,14096,46,318440
15988,9.5e-05,172.31.46.0-255,66,14162,46,318440
15989,0.000127,74.125.200.0-255,1484,15646,46,318440
15990,0.000129,172.31.46.0-255,66,15712,46,318440
15991,0.000134,74.125.200.0-255,2902,18614,46,318440
15992,0.000137,172.31.46.0-255,66,18680,46,318440
15993,0.000154,74.125.200.0-255,4320,23000,46,318440
15994,0.000157,172.31.46.0-255,66,23066,46,318440
15995,0.000171,74.125.200.0-255,1484,24550,46,318440
15996,0.000173,172.31.46.0-255,66,24616,46,318440
15997,0.000178,74.125.200.0-255,2902,27518,46,318440
15998,0.000179,172.31.46.0-255,66,27584,46,318440
15999,0.000187,74.125.200.0-255,3961,31545,46,318440
16000,0.000189,172.31.46.0-255,66,31611,46,318440
16001,0.00021,74.125.200.0-255,1484,33095,46,318440
16002,0.000212,172.31.46.0-255,66,33161,46,318440
16003,0.000236,74.125.200.0-255,5738,38899,46,318440
16004,0.000239,172.31.46.0-255,66,38965,46,318440
16005,0.000246,74.125.200.0-255,7156,46121,46,318440
16006,0.000249,172.31.46.0-255,66,46187,46,318440
16007,0.000264,74.125.200.0-255,1484,47671,46,318440
16008,0.000266,172.31.46.0-255,66,47737,46,318440
16009,0.00027,74.125.200.0-255,1125,48862,46,318440
16010,0.000634,74.125.200.0-255,1484,50346,46,318440
16011,0.000641,172.31.46.0-255,66,50412,46,318440
16012,0.000646,74.125.200.0-255,2902,53314,46,318440
16013,0.000649,172.31.46.0-255,66,53380,46,318440
16014,0.000666,74.125.200.0-255,5738,59118,46,318440
16015,0.000668,172.31.46.0-255,66,59184,46,318440
16016,0.000672,74.125.200.0-255,2902,62086,46,318440
16017,0.000674,172.31.46.0-255,66,62152,46,318440
16018,0.000692,74.125.200.0-255,1484,63636,46,318440
16019,0.000707,74.125.200.0-255,2543,66179,46,318440
16020,0.00071,172.31.46.0-255,66,66245,46,318440
16021,0.000754,74.125.200.0-255,1484,67729,46,318440
16022,0.000769,74.125.200.0-255,2902,70631,46,318440
16023,0.000772,172.31.46.0-255,66,70697,46,318440
16024,0.000794,74.125.200.0-255,2902,73599,46,318440
16025,0.000798,172.31.46.0-255,66,73665,46,318440
16026,0.000818,74.125.200.0-255,2902,76567,46,318440
16027,0.000821,172.31.46.0-255,66,76633,46,318440
16028,0.000827,74.125.200.0-255,4320,80953,46,318440
16029,0.000829,172.31.46.0-255,66,81019,46,318440
16030,0.00085,74.125.200.0-255,5379,86398,46,318440
16031,0.000853,172.31.46.0-255,66,86464,46,318440
16032,0.000872,74.125.200.0-255,4320,90784,46,318440
16033,0.000874,172.31.46.0-255,66,90850,46,318440
16034,0.0009,74.125.200.0-255,5738,96588,46,318440
16035,0.000902,172.31.46.0-255,66,96654,46,318440
16036,0.00092,74.125.200.0-255,2902,99556,46,318440
16037,0.000922,172.31.46.0-255,66,99622,46,318440
16038,0.000944,74.125.200.0-255,1706,101328,46,318440
16039,0.000947,172.31.46.0-255,66,101394,46,318440
16040,0.000981,74.125.200.0-255,1484,102878,46,318440
16041,0.000998,74.125.200.0-255,2902,105780,46,318440
16042,0.001001,172.31.46.0-255,66,105846,46,318440
16043,0.001031,74.125.200.0-255,4320,110166,46,318440
16044,0.001033,172.31.46.0-255,66,110232,46,318440
16045,0.001055,74.125.200.0-255,1484,111716,46,318440
16046,0.001061,74.125.200.0-255,4320,116036,46,318440
16047,0.001063,172.31.46.0-255,66,116102,46,318440
16048,0.001069,74.125.200.0-255,5738,121840,46,318440
16049,0.001072,172.31.46.0-255,66,121906,46,318440
16050,0.001084,172.31.46.0-255,66,121972,46,318440
16051,0.001098,74.125.200.0-255,1484,123456,46,318440
16052,0.001102,74.125.200.0-255,2184,125640,46,318440
16053,0.001104,172.31.46.0-255,66,125706,46,318440
16054,0.001126,74.125.200.0-255,1484,127190,46,318440
16055,0.001146,74.125.200.0-255,2902,130092,46,318440
16056,0.001149,172.31.46.0-255,66,130158,46,318440
16057,0.001165,74.125.200.0-255,5738,135896,46,318440
16058,0.001168,172.31.46.0-255,66,135962,46,318440
16059,0.001202,172.31.46.0-255,66,136028,46,318440
16060,0.001209,74.125.200.0-255,5738,141766,46,318440
16061,0.001211,172.31.46.0-255,66,141832,46,318440
16062,0.001234,74.125.200.0-255,4320,146152,46,318440
16063,0.001238,172.31.46.0-255,66,146218,46,318440
16064,0.001244,74.125.200.0-255,5020,151238,46,318440
16065,0.001246,172.31.46.0-255,66,151304,46,318440
16066,0.001273,74.125.200.0-255,1484,152788,46,318440
16067,0.00129,74.125.200.0-255,2902,155690,46,318440
16068,0.001292,172.31.46.0-255,66,155756,46,318440
16069,0.001313,74.125.200.0-255,5738,161494,46,318440
16070,0.001316,172.31.46.0-255,66,161560,46,318440
16071,0.001341,74.125.200.0-255,5738,167298,46,318440
16072,0.001344,172.31.46.0-255,66,167364,46,318440
16073,0.001352,74.125.200.0-255,7156,174520,46,318440
16074,0.001355,172.31.46.0-255,66,174586,46,318440
16075,0.001385,74.125.200.0-255,1484,176070,46,318440
16076,0.001417,172.31.46.0-255,66,176136,46,318440
16077,0.001507,74.125.200.0-255,1484,177620,46,318440
16078,0.00152,74.125.200.0-255,1484,179104,46,318440
16079,0.001523,172.31.46.0-255,66,179170,46,318440
16080,0.001543,74.125.200.0-255,1484,180654,46,318440
16081,0.001548,74.125.200.0-255,2902,183556,46,318440
16082,0.001553,74.125.200.0-255,4320,187876,46,318440
16083,0.001562,172.31.46.0-255,66,187942,46,318440
16084,0.001565,172.31.46.0-255,66,188008,46,318440
16085,0.001569,74.125.200.0-255,1484,189492,46,318440
16086,0.001595,74.125.200.0-255,7156,196648,46,318440
16087,0.001598,172.31.46.0-255,66,196714,46,318440
16088,0.001606,74.125.200.0-255,7156,203870,46,318440
16089,0.001608,172.31.46.0-255,66,203936,46,318440
16090,0.00163,74.125.200.0-255,2902,206838,46,318440
16091,0.001633,172.31.46.0-255,66,206904,46,318440
16092,0.001653,74.125.200.0-255,3602,210506,46,318440
16093,0.001657,172.31.46.0-255,66,210572,46,318440
16094,0.001692,74.125.200.0-255,2902,213474,46,318440
16095,0.001695,172.31.46.0-255,66,213540,46,318440
16096,0.001708,74.125.200.0-255,2902,216442,46,318440
16097,0.001711,172.31.46.0-255,66,216508,46,318440
16098,0.001725,74.125.200.0-255,7156,223664,46,318440
16099,0.001727,172.31.46.0-255,66,223730,46,318440
16100,0.001757,74.125.200.0-255,7156,230886,46,318440
16101,0.00176,172.31.46.0-255,66,230952,46,318440
16102,0.001772,172.31.46.0-255,66,231018,46,318440
16103,0.001802,74.125.200.0-255,5020,236038,46,318440
16104,0.001805,172.31.46.0-255,66,236104,46,318440
16105,0.001881,74.125.200.0-255,1484,237588,46,318440
16106,0.001907,74.125.200.0-255,2902,240490,46,318440
16107,0.001911,172.31.46.0-255,66,240556,46,318440
16108,0.001918,74.125.200.0-255,5738,246294,46,318440
16109,0.001921,172.31.46.0-255,66,246360,46,318440
16110,0.001944,74.125.200.0-255,7156,253516,46,318440
16111,0.001947,172.31.46.0-255,66,253582,46,318440
16112,0.001952,74.125.200.0-255,2902,256484,46,318440
16113,0.001954,172.31.46.0-255,66,256550,46,318440
16114,0.001977,74.125.200.0-255,5738,262288,46,318440
16115,0.00198,172.31.46.0-255,66,262354,46,318440
16116,0.002022,74.125.200.0-255,5738,268092,46,318440
16117,0.002025,172.31.46.0-255,66,268158,46,318440
16118,0.002046,74.125.200.0-255,2184,270342,46,318440
16119,0.002049,172.31.46.0-255,66,270408,46,318440
16120,0.002062,74.125.200.0-255,1484,271892,46,318440
16121,0.002083,74.125.200.0-255,2902,274794,46,318440
16122,0.002106,172.31.46.0-255,66,274860,46,318440
16123,0.002111,74.125.200.0-255,2902,277762,46,318440
16124,0.002113,172.31.46.0-255,66,277828,46,318440
16125,0.002121,74.125.200.0-255,7156,284984,46,318440
16126,0.002123,172.31.46.0-255,66,285050,46,318440
16127,0.002141,74.125.200.0-255,4320,289370,46,318440
16128,0.002143,172.31.46.0-255,66,289436,46,318440
16129,0.00217,74.125.200.0-255,5738,295174,46,318440
16130,0.002172,172.31.46.0-255,66,295240,46,318440
16131,0.002207,172.31.46.0-255,66,295306,46,318440
16132,0.002211,74.125.200.0-255,2902,298208,46,318440
16133,0.002213,172.31.46.0-255,66,298274,46,318440
16134,0.002239,74.125.200.0-255,4320,302594,46,318440
16135,0.002241,172.31.46.0-255,66,302660,46,318440
16136,0.00227,172.31.46.0-255,66,302726,46,318440
16137,0.002277,74.125.200.0-255,5738,308464,46,318440
16138,0.002279,172.31.46.0-255,66,308530,46,318440
16139,0.002314,172.31.46.0-255,66,308596,46,318440
16140,0.002341,74.125.200.0-255,5020,313616,46,318440
16141,0.002344,172.31.46.0-255,66,313682,46,318440
16142,0.002358,172.31.46.0-255,66,313748,46,318440
16143,0.002362,74.125.200.0-255,2139,315887,46,318440
16144,0.002364,172.31.46.0-255,66,315953,46,318440
16145,0.002413,74.125.200.0-255,105,316058,46,318440
16146,0.006948,172.31.46.0-255,101,316159,46,318440
16147,0.009363,74.125.200.0-255,66,316225,46,318440
16148,0.009407,172.31.46.0-255,105,316330,46,318440
16149,0.011817,74.125.200.0-255,66,316396,46,318440
16150,0.039804,172.31.46.0-255,172,316568,46,318440
16151,0.039838,172.31.46.0-255,1118,317686,46,318440
16152,0.039896,172.31.46.0-255,556,318242,46,318440
16153,0.041471,104.244.42.0-255,66,318308,46,318440
16154,0.0415,104.244.42.0-255,66,318374,46,318440
16155,0.041546,104.244.42.0-255,66,318440,46,318440
16156,0.0,74.125.24.0-255,143,143,46,244348
16157,2.3e-05,172.31.46.0-255,66,209,46,244348
16158,2.9e-05,74.125.24.0-255,1484,1693,46,244348
16159,3.3e-05,172.31.46.0-255,66,1759,46,244348
16160,3.9e-05,74.125.24.0-255,2902,4661,46,244348
16161,4.8e-05,172.31.46.0-255,66,4727,46,244348
16162,5.3e-05,74.125.24.0-255,2902,7629,46,244348
16163,5.6e-05,172.31.46.0-255,66,7695,46,244348
16164,8.1e-05,74.125.24.0-255,2902,10597,46,244348
16165,8.4e-05,172.31.46.0-255,66,10663,46,244348
16166,0.000108,74.125.24.0-255,3461,14124,46,244348
16167,0.000111,172.31.46.0-255,66,14190,46,244348
16168,0.000432,74.125.24.0-255,1484,15674,46,244348
16169,0.000437,172.31.46.0-255,66,15740,46,244348
16170,0.000444,74.125.24.0-255,2902,18642,46,244348
16171,0.000447,172.31.46.0-255,66,18708,46,244348
16172,0.000455,74.125.24.0-255,1484,20192,46,244348
16173,0.000457,172.31.46.0-255,66,20258,46,244348
16174,0.000491,74.125.24.0-255,4320,24578,46,244348
16175,0.000495,172.31.46.0-255,66,24644,46,244348
16176,0.000507,172.31.46.0-255,66,24710,46,244348
16177,0.000538,74.125.24.0-255,2543,27253,46,244348
16178,0.000541,172.31.46.0-255,66,27319,46,244348
16179,0.000556,172.31.46.0-255,66,27385,46,244348
16180,0.000568,172.31.46.0-255,66,27451,46,244348
16181,0.000591,74.125.24.0-255,1484,28935,46,244348
16182,0.000594,172.31.46.0-255,66,29001,46,244348
16183,0.000628,74.125.24.0-255,5738,34739,46,244348
16184,0.000631,172.31.46.0-255,66,34805,46,244348
16185,0.000648,74.125.24.0-255,2546,37351,46,244348
16186,0.00065,172.31.46.0-255,66,37417,46,244348
16187,0.000763,74.125.24.0-255,1484,38901,46,244348
16188,0.000768,74.125.24.0-255,1484,40385,46,244348
16189,0.000772,172.31.46.0-255,66,40451,46,244348
16190,0.000797,74.125.24.0-255,1484,41935,46,244348
16191,0.000805,74.125.24.0-255,5738,47673,46,244348
16192,0.000808,172.31.46.0-255,66,47739,46,244348
16193,0.000813,74.125.24.0-255,4320,52059,46,244348
16194,0.000816,172.31.46.0-255,66,52125,46,244348
16195,0.000855,74.125.24.0-255,5738,57863,46,244348
16196,0.000859,172.31.46.0-255,66,57929,46,244348
16197,0.000862,172.31.46.0-255,66,57995,46,244348
16198,0.00088,74.125.24.0-255,6438,64433,46,244348
16199,0.000883,172.31.46.0-255,66,64499,46,244348
16200,0.000896,172.31.46.0-255,66,64565,46,244348
16201,0.000922,74.125.24.0-255,1484,66049,46,244348
16202,0.000926,74.125.24.0-255,2243,68292,46,244348
16203,0.000928,172.31.46.0-255,66,68358,46,244348
16204,0.001057,74.125.24.0-255,1484,69842,46,244348
16205,0.001075,74.125.24.0-255,2902,72744,46,244348
16206,0.001079,172.31.46.0-255,66,72810,46,244348
16207,0.001086,74.125.24.0-255,5738,78548,46,244348
16208,0.001088,172.31.46.0-255,66,78614,46,244348
16209,0.001123,74.125.24.0-255,1484,80098,46,244348
16210,0.001168,172.31.46.0-255,66,80164,46,244348
16211,0.001181,172.31.46.0-255,66,80230,46,244348
16212,0.001228,74.125.24.0-255,1484,81714,46,244348
16213,0.001232,74.125.24.0-255,1484,83198,46,244348
16214,0.001236,172.31.46.0-255,66,83264,46,244348
16215,0.001255,74.125.24.0-255,1484,84748,46,244348
16216,0.001258,74.125.24.0-255,1484,86232,46,244348
16217,0.001261,172.31.46.0-255,66,86298,46,244348
16218,0.001282,74.125.24.0-255,4320,90618,46,244348
16219,0.001285,172.31.46.0-255,66,90684,46,244348
16220,0.001298,74.125.24.0-255,1484,92168,46,244348
16221,0.001319,74.125.24.0-255,4320,96488,46,244348
16222,0.001322,172.31.46.0-255,66,96554,46,244348
16223,0.001329,74.125.24.0-255,5738,102292,46,244348
16224,0.001331,172.31.46.0-255,66,102358,46,244348
16225,0.001349,74.125.24.0-255,1484,103842,46,244348
16226,0.001356,74.125.24.0-255,1484,105326,46,244348
16227,0.001358,172.31.46.0-255,66,105392,46,244348
16228,0.001396,74.125.24.0-255,4320,109712,46,244348
16229,0.0014,172.31.46.0-255,66,109778,46,244348
16230,0.001418,74.125.24.0-255,5020,114798,46,244348
16231,0.001421,172.31.46.0-255,66,114864,46,244348
16232,0.001498,74.125.24.0-255,1484,116348,46,244348
16233,0.001504,74.125.24.0-255,2902,119250,46,244348
16234,0.001507,172.31.46.0-255,66,119316,46,244348
16235,0.001534,74.125.24.0-255,5738,125054,46,244348
16236,0.001537,172.31.46.0-255,66,125120,46,244348
16237,0.001572,172.31.46.0-255,66,125186,46,244348
16238,0.00158,74.125.24.0-255,7156,132342,46,244348
16239,0.001582,172.31.46.0-255,66,132408,46,244348
16240,0.001614,74.125.24.0-255,4320,136728,46,244348
16241,0.001618,172.31.46.0-255,66,136794,46,244348
16242,0.001623,74.125.24.0-255,2184,138978,46,244348
16243,0.001625,172.31.46.0-255,66,139044,46,244348
16244,0.001749,74.125.24.0-255,1484,140528,46,244348
16245,0.001772,74.125.24.0-255,2902,143430,46,244348
16246,0.001776,172.31.46.0-255,66,143496,46,244348
16247,0.001781,74.125.24.0-255,2902,146398,46,244348
16248,0.001783,172.31.46.0-255,66,146464,46,244348
16249,0.001804,74.125.24.0-255,2902,149366,46,244348
16250,0.00181,172.31.46.0-255,66,149432,46,244348
16251,0.001816,74.125.24.0-255,4320,153752,46,244348
16252,0.001818,172.31.46.0-255,66,153818,46,244348
16253,0.001821,74.125.24.0-255,1484,155302,46,244348
16254,0.001866,172.31.46.0-255,66,155368,46,244348
16255,0.001882,172.31.46.0-255,66,155434,46,244348
16256,0.001955,74.125.24.0-255,1484,156918,46,244348
16257,0.001959,74.125.24.0-255,1484,158402,46,244348
16258,0.001962,172.31.46.0-255,66,158468,46,244348
16259,0.001989,74.125.24.0-255,1484,159952,46,244348
16260,0.001996,74.125.24.0-255,5738,165690,46,244348
16261,0.002,172.31.46.0-255,66,165756,46,244348
16262,0.002004,74.125.24.0-255,2902,168658,46,244348
16263,0.002006,172.31.46.0-255,66,168724,46,244348
16264,0.002029,74.125.24.0-255,4320,173044,46,244348
16265,0.002031,172.31.46.0-255,66,173110,46,244348
16266,0.002036,74.125.24.0-255,4320,177430,46,244348
16267,0.002038,172.31.46.0-255,66,177496,46,244348
16268,0.00208,172.31.46.0-255,66,177562,46,244348
16269,0.002084,74.125.24.0-255,2184,179746,46,244348
16270,0.002087,172.31.46.0-255,66,179812,46,244348
16271,0.002111,74.125.24.0-255,5738,185550,46,244348
16272,0.002114,172.31.46.0-255,66,185616,46,244348
16273,0.002145,74.125.24.0-255,7156,192772,46,244348
16274,0.002148,172.31.46.0-255,66,192838,46,244348
16275,0.002165,74.125.24.0-255,1484,194322,46,244348
16276,0.002169,74.125.24.0-255,2902,197224,46,244348
16277,0.002171,172.31.46.0-255,66,197290,46,244348
16278,0.002194,74.125.24.0-255,5738,203028,46,244348
16279,0.002197,172.31.46.0-255,66,203094,46,244348
16280,0.002253,74.125.24.0-255,5738,208832,46,244348
16281,0.002256,172.31.46.0-255,66,208898,46,244348
16282,0.002277,74.125.24.0-255,2902,211800,46,244348
16283,0.002279,172.31.46.0-255,66,211866,46,244348
16284,0.002291,172.31.46.0-255,66,211932,46,244348
16285,0.002302,172.31.46.0-255,66,211998,46,244348
16286,0.002323,74.125.24.0-255,1484,213482,46,244348
16287,0.002363,172.31.46.0-255,66,213548,46,244348
16288,0.002375,172.31.46.0-255,66,213614,46,244348
16289,0.002406,172.31.46.0-255,66,213680,46,244348
16290,0.004804,74.125.24.0-255,5738,219418,46,244348
16291,0.004811,172.31.46.0-255,66,219484,46,244348
16292,0.007204,74.125.24.0-255,4320,223804,46,244348
16293,0.00721,172.31.46.0-255,66,223870,46,244348
16294,0.007238,74.125.24.0-255,1484,225354,46,244348
16295,0.009602,74.125.24.0-255,4320,229674,46,244348
16296,0.009607,172.31.46.0-255,66,229740,46,244348
16297,0.011996,74.125.24.0-255,5267,235007,46,244348
16298,0.012002,172.31.46.0-255,66,235073,46,244348
16299,0.01223,172.31.46.0-255,105,235178,46,244348
16300,0.014592,74.125.24.0-255,66,235244,46,244348
16301,0.035203,172.31.46.0-255,172,235416,46,244348
16302,0.035232,172.31.46.0-255,1118,236534,46,244348
16303,0.035289,172.31.46.0-255,1514,238048,46,244348
16304,0.035291,172.31.46.0-255,1514,239562,46,244348
16305,0.035313,172.31.46.0-255,1514,241076,46,244348
16306,0.035314,172.31.46.0-255,1514,242590,46,244348
16307,0.035335,172.31.46.0-255,1494,244084,46,244348
16308,0.036861,104.244.42.0-255,66,244150,46,244348
16309,0.03694,104.244.42.0-255,66,244216,46,244348
16310,0.036968,104.244.42.0-255,66,244282,46,244348
16311,0.037039,104.244.42.0-255,66,244348,46,244348
16312,0.0,172.217.194.0-255,153,153,46,198049
16313,2.2e-05,172.217.194.0-255,1484,1637,46,198049
16314,3.6e-05,172.31.46.0-255,66,1703,46,198049
16315,4.5e-05,172.217.194.0-255,2902,4605,46,198049
16316,4.9e-05,172.31.46.0-255,66,4671,46,198049
16317,5.2e-05,172.217.194.0-255,1484,6155,46,198049
16318,8.2e-05,172.217.194.0-255,5738,11893,46,198049
16319,8.6e-05,172.31.46.0-255,66,11959,46,198049
16320,0.000105,172.217.194.0-255,2089,14048,46,198049
16321,0.000108,172.31.46.0-255,66,14114,46,198049
16322,0.000136,172.31.46.0-255,66,14180,46,198049
16323,0.000175,172.217.194.0-255,2902,17082,46,198049
16324,0.000178,172.31.46.0-255,66,17148,46,198049
16325,0.000195,172.217.194.0-255,5379,22527,46,198049
16326,0.000198,172.31.46.0-255,66,22593,46,198049
16327,0.000239,172.31.46.0-255,66,22659,46,198049
16328,0.000244,172.217.194.0-255,2902,25561,46,198049
16329,0.000246,172.31.46.0-255,66,25627,46,198049
16330,0.000265,172.217.194.0-255,6797,32424,46,198049
16331,0.000268,172.31.46.0-255,66,32490,46,198049
16332,0.000283,172.217.194.0-255,4320,36810,46,198049
16333,0.000285,172.31.46.0-255,66,36876,46,198049
16334,0.000325,172.31.46.0-255,66,36942,46,198049
16335,0.000328,172.217.194.0-255,343,37285,46,198049
16336,0.000343,172.217.194.0-255,119,37404,46,198049
16337,0.000508,172.217.194.0-255,378,37782,46,198049
16338,0.00107,172.217.194.0-255,1484,39266,46,198049
16339,0.001076,172.31.46.0-255,66,39332,46,198049
16340,0.001083,172.217.194.0-255,2902,42234,46,198049
16341,0.001085,172.31.46.0-255,66,42300,46,198049
16342,0.001092,172.217.194.0-255,4320,46620,46,198049
16343,0.001095,172.31.46.0-255,66,46686,46,198049
16344,0.001101,172.217.194.0-255,4320,51006,46,198049
16345,0.001104,172.31.46.0-255,66,51072,46,198049
16346,0.001133,172.217.194.0-255,4320,55392,46,198049
16347,0.001136,172.31.46.0-255,66,55458,46,198049
16348,0.001171,172.31.46.0-255,66,55524,46,198049
16349,0.001227,172.217.194.0-255,1484,57008,46,198049
16350,0.001245,172.217.194.0-255,2902,59910,46,198049
16351,0.001248,172.31.46.0-255,66,59976,46,198049
16352,0.001253,172.217.194.0-255,2902,62878,46,198049
16353,0.001255,172.31.46.0-255,66,62944,46,198049
16354,0.001268,172.217.194.0-255,2902,65846,46,198049
16355,0.00127,172.31.46.0-255,66,65912,46,198049
16356,0.001292,172.217.194.0-255,7156,73068,46,198049
16357,0.001294,172.31.46.0-255,66,73134,46,198049
16358,0.001317,172.217.194.0-255,5738,78872,46,198049
16359,0.00132,172.31.46.0-255,66,78938,46,198049
16360,0.001324,172.217.194.0-255,2902,81840,46,198049
16361,0.001326,172.31.46.0-255,66,81906,46,198049
16362,0.001348,172.217.194.0-255,5738,87644,46,198049
16363,0.001351,172.31.46.0-255,66,87710,46,198049
16364,0.001375,172.31.46.0-255,66,87776,46,198049
16365,0.001415,172.217.194.0-255,5738,93514,46,198049
16366,0.001418,172.31.46.0-255,66,93580,46,198049
16367,0.001439,172.217.194.0-255,5738,99318,46,198049
16368,0.001466,172.31.46.0-255,66,99384,46,198049
16369,0.001469,172.31.46.0-255,66,99450,46,198049
16370,0.001472,172.31.46.0-255,66,99516,46,198049
16371,0.001485,172.217.194.0-255,1484,101000,46,198049
16372,0.001502,172.31.46.0-255,66,101066,46,198049
16373,0.00153,172.217.194.0-255,6438,107504,46,198049
16374,0.001533,172.31.46.0-255,66,107570,46,198049
16375,0.001658,172.217.194.0-255,1484,109054,46,198049
16376,0.001665,172.217.194.0-255,2902,111956,46,198049
16377,0.001668,172.31.46.0-255,66,112022,46,198049
16378,0.001688,172.217.194.0-255,5738,117760,46,198049
16379,0.001691,172.31.46.0-255,66,117826,46,198049
16380,0.001711,172.217.194.0-255,5738,123564,46,198049
16381,0.001714,172.31.46.0-255,66,123630,46,198049
16382,0.001741,172.217.194.0-255,7156,130786,46,198049
16383,0.001745,172.31.46.0-255,66,130852,46,198049
16384,0.001756,172.31.46.0-255,66,130918,46,198049
16385,0.001759,172.217.194.0-255,1484,132402,46,198049
16386,0.001787,172.31.46.0-255,66,132468,46,198049
16387,0.001798,172.31.46.0-255,66,132534,46,198049
16388,0.001834,172.31.46.0-255,66,132600,46,198049
16389,0.001852,172.31.46.0-255,66,132666,46,198049
16390,0.002521,172.217.194.0-255,1484,134150,46,198049
16391,0.002526,172.217.194.0-255,2902,137052,46,198049
16392,0.002539,172.31.46.0-255,66,137118,46,198049
16393,0.002546,172.217.194.0-255,5738,142856,46,198049
16394,0.002548,172.31.46.0-255,66,142922,46,198049
16395,0.002575,172.217.194.0-255,2902,145824,46,198049
16396,0.002579,172.31.46.0-255,66,145890,46,198049
16397,0.0026,172.31.46.0-255,66,145956,46,198049
16398,0.002647,172.217.194.0-255,4320,150276,46,198049
16399,0.002652,172.31.46.0-255,66,150342,46,198049
16400,0.002666,172.217.194.0-255,6438,156780,46,198049
16401,0.002669,172.31.46.0-255,66,156846,46,198049
16402,0.002785,172.217.194.0-255,1484,158330,46,198049
16403,0.002792,172.217.194.0-255,2902,161232,46,198049
16404,0.002795,172.31.46.0-255,66,161298,46,198049
16405,0.0028,172.217.194.0-255,2902,164200,46,198049
16406,0.002802,172.31.46.0-255,66,164266,46,198049
16407,0.002817,172.217.194.0-255,2902,167168,46,198049
16408,0.002819,172.31.46.0-255,66,167234,46,198049
16409,0.002823,172.217.194.0-255,1484,168718,46,198049
16410,0.002857,172.31.46.0-255,66,168784,46,198049
16411,0.002875,172.217.194.0-255,1484,170268,46,198049
16412,0.002906,172.31.46.0-255,66,170334,46,198049
16413,0.002973,172.31.46.0-255,66,170400,46,198049
16414,0.002984,172.31.46.0-255,66,170466,46,198049
16415,0.003013,172.217.194.0-255,4320,174786,46,198049
16416,0.003016,172.31.46.0-255,66,174852,46,198049
16417,0.003022,172.217.194.0-255,5738,180590,46,198049
16418,0.003025,172.31.46.0-255,66,180656,46,198049
16419,0.003059,172.31.46.0-255,66,180722,46,198049
16420,0.003089,172.217.194.0-255,6438,187160,46,198049
16421,0.003092,172.31.46.0-255,66,187226,46,198049
16422,0.003095,172.217.194.0-255,1376,188602,46,198049
16423,0.00311,172.217.194.0-255,105,188707,46,198049
16424,0.008852,172.31.46.0-255,66,188773,46,198049
16425,0.008901,172.31.46.0-255,105,188878,46,198049
16426,0.010886,172.217.194.0-255,66,188944,46,198049
16427,0.03666,172.31.46.0-255,172,189116,46,198049
16428,0.036691,172.31.46.0-255,1115,190231,46,198049
16429,0.036745,172.31.46.0-255,1514,191745,46,198049
16430,0.036747,172.31.46.0-255,1514,193259,46,198049
16431,0.036748,172.31.46.0-255,1514,194773,46,198049
16432,0.036753,172.31.46.0-255,1514,196287,46,198049
16433,0.036754,172.31.46.0-255,1498,197785,46,198049
16434,0.0382,104.244.42.0-255,66,197851,46,198049
16435,0.03826,104.244.42.0-255,66,197917,46,198049
16436,0.038314,104.244.42.0-255,66,197983,46,198049
16437,0.038319,104.244.42.0-255,66,198049,46,198049
16438,0.0,74.125.68.0-255,153,153,46,347220
16439,2.3e-05,172.31.46.0-255,66,219,46,347220
16440,2.9e-05,74.125.68.0-255,1484,1703,46,347220
16441,3.4e-05,172.31.46.0-255,66,1769,46,347220
16442,4e-05,74.125.68.0-255,2902,4671,46,347220
16443,4.3e-05,172.31.46.0-255,66,4737,46,347220
16444,5e-05,74.125.68.0-255,5738,10475,46,347220
16445,5.3e-05,172.31.46.0-255,66,10541,46,347220
16446,5.8e-05,74.125.68.0-255,3466,14007,46,347220
16447,6.1e-05,172.31.46.0-255,66,14073,46,347220
16448,0.0001,74.125.68.0-255,1484,15557,46,347220
16449,0.000104,172.31.46.0-255,66,15623,46,347220
16450,0.000126,74.125.68.0-255,2902,18525,46,347220
16451,0.000129,172.31.46.0-255,66,18591,46,347220
16452,0.000135,74.125.68.0-255,5738,24329,46,347220
16453,0.000138,172.31.46.0-255,66,24395,46,347220
16454,0.000164,74.125.68.0-255,6797,31192,46,347220
16455,0.000167,172.31.46.0-255,66,31258,46,347220
16456,0.000575,74.125.68.0-255,1484,32742,46,347220
16457,0.000581,172.31.46.0-255,66,32808,46,347220
16458,0.000587,74.125.68.0-255,2902,35710,46,347220
16459,0.000589,172.31.46.0-255,66,35776,46,347220
16460,0.000612,74.125.68.0-255,5738,41514,46,347220
16461,0.000616,172.31.46.0-255,66,41580,46,347220
16462,0.000619,74.125.68.0-255,1484,43064,46,347220
16463,0.000621,172.31.46.0-255,66,43130,46,347220
16464,0.000625,74.125.68.0-255,2902,46032,46,347220
16465,0.000627,172.31.46.0-255,66,46098,46,347220
16466,0.000654,74.125.68.0-255,6797,52895,46,347220
16467,0.000657,172.31.46.0-255,66,52961,46,347220
16468,0.000662,74.125.68.0-255,4320,57281,46,347220
16469,0.000664,172.31.46.0-255,66,57347,46,347220
16470,0.000688,74.125.68.0-255,5738,63085,46,347220
16471,0.000692,172.31.46.0-255,66,63151,46,347220
16472,0.000714,74.125.68.0-255,2543,65694,46,347220
16473,0.000717,172.31.46.0-255,66,65760,46,347220
16474,0.000739,74.125.68.0-255,648,66408,46,347220
16475,0.000948,74.125.68.0-255,1484,67892,46,347220
16476,0.000953,172.31.46.0-255,66,67958,46,347220
16477,0.000959,74.125.68.0-255,2902,70860,46,347220
16478,0.00096,172.31.46.0-255,66,70926,46,347220
16479,0.000963,74.125.68.0-255,1484,72410,46,347220
16480,0.000977,74.125.68.0-255,2902,75312,46,347220
16481,0.00098,172.31.46.0-255,66,75378,46,347220
16482,0.001004,74.125.68.0-255,5738,81116,46,347220
16483,0.001007,172.31.46.0-255,66,81182,46,347220
16484,0.001029,74.125.68.0-255,7156,88338,46,347220
16485,0.001032,172.31.46.0-255,66,88404,46,347220
16486,0.001049,74.125.68.0-255,2902,91306,46,347220
16487,0.001052,172.31.46.0-255,66,91372,46,347220
16488,0.001069,74.125.68.0-255,2902,94274,46,347220
16489,0.001073,172.31.46.0-255,66,94340,46,347220
16490,0.001083,74.125.68.0-255,4320,98660,46,347220
16491,0.001086,172.31.46.0-255,66,98726,46,347220
16492,0.001098,74.125.68.0-255,2184,100910,46,347220
16493,0.0011,172.31.46.0-255,66,100976,46,347220
16494,0.001339,74.125.68.0-255,1484,102460,46,347220
16495,0.001343,74.125.68.0-255,1484,103944,46,347220
16496,0.001346,172.31.46.0-255,66,104010,46,347220
16497,0.001359,74.125.68.0-255,1484,105494,46,347220
16498,0.001365,74.125.68.0-255,4320,109814,46,347220
16499,0.001367,172.31.46.0-255,66,109880,46,347220
16500,0.001391,74.125.68.0-255,1484,111364,46,347220
16501,0.001396,74.125.68.0-255,2902,114266,46,347220
16502,0.001398,172.31.46.0-255,66,114332,46,347220
16503,0.001404,74.125.68.0-255,4320,118652,46,347220
16504,0.001406,172.31.46.0-255,66,118718,46,347220
16505,0.001416,172.31.46.0-255,66,118784,46,347220
16506,0.001435,74.125.68.0-255,2902,121686,46,347220
16507,0.001437,172.31.46.0-255,66,121752,46,347220
16508,0.001443,74.125.68.0-255,4320,126072,46,347220
16509,0.001445,172.31.46.0-255,66,126138,46,347220
16510,0.001447,74.125.68.0-255,766,126904,46,347220
16511,0.001755,74.125.68.0-255,1484,128388,46,347220
16512,0.00176,172.31.46.0-255,66,128454,46,347220
16513,0.001764,74.125.68.0-255,2902,131356,46,347220
16514,0.001766,172.31.46.0-255,66,131422,46,347220
16515,0.001769,74.125.68.0-255,1484,132906,46,347220
16516,0.001795,74.125.68.0-255,2902,135808,46,347220
16517,0.001797,172.31.46.0-255,66,135874,46,347220
16518,0.00182,74.125.68.0-255,5738,141612,46,347220
16519,0.001823,172.31.46.0-255,66,141678,46,347220
16520,0.001829,74.125.68.0-255,4320,145998,46,347220
16521,0.001831,172.31.46.0-255,66,146064,46,347220
16522,0.001857,74.125.68.0-255,5738,151802,46,347220
16523,0.001859,172.31.46.0-255,66,151868,46,347220
16524,0.001889,74.125.68.0-255,2902,154770,46,347220
16525,0.001891,172.31.46.0-255,66,154836,46,347220
16526,0.001909,74.125.68.0-255,6438,161274,46,347220
16527,0.001911,172.31.46.0-255,66,161340,46,347220
16528,0.001983,74.125.68.0-255,1484,162824,46,347220
16529,0.001988,74.125.68.0-255,1484,164308,46,347220
16530,0.00199,172.31.46.0-255,66,164374,46,347220
16531,0.002007,74.125.68.0-255,1484,165858,46,347220
16532,0.002015,74.125.68.0-255,5738,171596,46,347220
16533,0.002017,172.31.46.0-255,66,171662,46,347220
16534,0.002052,172.31.46.0-255,66,171728,46,347220
16535,0.002059,74.125.68.0-255,7156,178884,46,347220
16536,0.002061,172.31.46.0-255,66,178950,46,347220
16537,0.002081,74.125.68.0-255,2902,181852,46,347220
16538,0.002083,172.31.46.0-255,66,181918,46,347220
16539,0.002089,74.125.68.0-255,5020,186938,46,347220
16540,0.002092,172.31.46.0-255,66,187004,46,347220
16541,0.00414,74.125.68.0-255,5738,192742,46,347220
16542,0.00415,172.31.46.0-255,66,192808,46,347220
16543,0.006201,74.125.68.0-255,5738,198546,46,347220
16544,0.006209,172.31.46.0-255,66,198612,46,347220
16545,0.008254,74.125.68.0-255,5738,204350,46,347220
16546,0.008263,172.31.46.0-255,66,204416,46,347220
16547,0.010326,74.125.68.0-255,5738,210154,46,347220
16548,0.010336,172.31.46.0-255,66,210220,46,347220
16549,0.012439,74.125.68.0-255,5738,215958,46,347220
16550,0.01245,172.31.46.0-255,66,216024,46,347220
16551,0.014519,74.125.68.0-255,5738,221762,46,347220
16552,0.014533,172.31.46.0-255,66,221828,46,347220
16553,0.016613,74.125.68.0-255,5738,227566,46,347220
16554,0.016642,172.31.46.0-255,66,227632,46,347220
16555,0.018746,74.125.68.0-255,5738,233370,46,347220
16556,0.018758,172.31.46.0-255,66,233436,46,347220
16557,0.02083,74.125.68.0-255,5738,239174,46,347220
16558,0.020846,172.31.46.0-255,66,239240,46,347220
16559,0.022902,74.125.68.0-255,5738,244978,46,347220
16560,0.022915,172.31.46.0-255,66,245044,46,347220
16561,0.02498,74.125.68.0-255,5738,250782,46,347220
16562,0.024993,172.31.46.0-255,66,250848,46,347220
16563,0.027048,74.125.68.0-255,5738,256586,46,347220
16564,0.02706,172.31.46.0-255,66,256652,46,347220
16565,0.029141,74.125.68.0-255,5738,262390,46,347220
16566,0.029149,172.31.46.0-255,66,262456,46,347220
16567,0.031228,74.125.68.0-255,5738,268194,46,347220
16568,0.031242,172.31.46.0-255,66,268260,46,347220
16569,0.032385,172.31.46.0-255,172,268432,46,347220
16570,0.032417,172.31.46.0-255,1119,269551,46,347220
16571,0.03248,172.31.46.0-255,1514,271065,46,347220
16572,0.032482,172.31.46.0-255,404,271469,46,347220
16573,0.03329,74.125.68.0-255,5738,277207,46,347220
16574,0.033298,172.31.46.0-255,66,277273,46,347220
16575,0.033911,104.244.42.0-255,66,277339,46,347220
16576,0.033919,104.244.42.0-255,66,277405,46,347220
16577,0.034002,104.244.42.0-255,66,277471,46,347220
16578,0.035361,74.125.68.0-255,5738,283209,46,347220
16579,0.035371,172.31.46.0-255,66,283275,46,347220
16580,0.037419,74.125.68.0-255,5738,289013,46,347220
16581,0.037429,172.31.46.0-255,66,289079,46,347220
16582,0.039485,74.125.68.0-255,5738,294817,46,347220
16583,0.039495,172.31.46.0-255,66,294883,46,347220
16584,0.041574,74.125.68.0-255,5738,300621,46,347220
16585,0.041592,172.31.46.0-255,66,300687,46,347220
16586,0.04366,74.125.68.0-255,5738,306425,46,347220
16587,0.04367,172.31.46.0-255,66,306491,46,347220
16588,0.045732,74.125.68.0-255,5738,312229,46,347220
16589,0.045744,172.31.46.0-255,66,312295,46,347220
16590,0.047802,74.125.68.0-255,5738,318033,46,347220
16591,0.04781,172.31.46.0-255,66,318099,46,347220
16592,0.049924,74.125.68.0-255,5738,323837,46,347220
16593,0.049933,172.31.46.0-255,66,323903,46,347220
16594,0.052002,74.125.68.0-255,5738,329641,46,347220
16595,0.052016,172.31.46.0-255,66,329707,46,347220
16596,0.054099,74.125.68.0-255,5738,335445,46,347220
16597,0.054114,172.31.46.0-255,66,335511,46,347220
16598,0.056188,74.125.68.0-255,5738,341249,46,347220
16599,0.056201,172.31.46.0-255,66,341315,46,347220
16600,0.058269,74.125.68.0-255,5738,347053,46,347220
16601,0.058282,172.31.46.0-255,66,347119,46,347220
16602,0.058431,172.31.46.0-255,101,347220,46,347220
16603,0.0,172.217.194.0-255,160,160,46,295383
16604,2.2e-05,172.31.46.0-255,66,226,46,295383
16605,2.9e-05,172.217.194.0-255,1484,1710,46,295383
16606,3.3e-05,172.31.46.0-255,66,1776,46,295383
16607,3.9e-05,172.217.194.0-255,2902,4678,46,295383
16608,4.2e-05,172.31.46.0-255,66,4744,46,295383
16609,5e-05,172.217.194.0-255,7156,11900,46,295383
16610,5.4e-05,172.31.46.0-255,66,11966,46,295383
16611,5.8e-05,172.217.194.0-255,2064,14030,46,295383
16612,6.1e-05,172.31.46.0-255,66,14096,46,295383
16613,0.000136,172.217.194.0-255,1484,15580,46,295383
16614,0.000139,172.31.46.0-255,66,15646,46,295383
16615,0.000177,172.217.194.0-255,2902,18548,46,295383
16616,0.00018,172.31.46.0-255,66,18614,46,295383
16617,0.000187,172.217.194.0-255,5738,24352,46,295383
16618,0.000189,172.31.46.0-255,66,24418,46,295383
16619,0.000204,172.217.194.0-255,1484,25902,46,295383
16620,0.000206,172.31.46.0-255,66,25968,46,295383
16621,0.000237,172.217.194.0-255,5379,31347,46,295383
16622,0.00024,172.31.46.0-255,66,31413,46,295383
16623,0.000248,172.217.194.0-255,7156,38569,46,295383
16624,0.000251,172.31.46.0-255,66,38635,46,295383
16625,0.000258,172.217.194.0-255,7156,45791,46,295383
16626,0.00026,172.31.46.0-255,66,45857,46,295383
16627,0.000279,172.217.194.0-255,1484,47341,46,295383
16628,0.000281,172.31.46.0-255,66,47407,46,295383
16629,0.000302,172.217.194.0-255,1125,48532,46,295383
16630,0.000304,172.31.46.0-255,66,48598,46,295383
16631,0.000504,172.217.194.0-255,1484,50082,46,295383
16632,0.00051,172.31.46.0-255,66,50148,46,295383
16633,0.000515,172.217.194.0-255,2902,53050,46,295383
16634,0.000518,172.31.46.0-255,66,53116,46,295383
16635,0.00054,172.217.194.0-255,5738,58854,46,295383
16636,0.000543,172.31.46.0-255,66,58920,46,295383
16637,0.000565,172.217.194.0-255,6797,65717,46,295383
16638,0.000596,172.31.46.0-255,66,65783,46,295383
16639,0.000661,172.217.194.0-255,1484,67267,46,295383
16640,0.000669,172.217.194.0-255,2902,70169,46,295383
16641,0.000672,172.31.46.0-255,66,70235,46,295383
16642,0.000698,172.217.194.0-255,5738,75973,46,295383
16643,0.000701,172.31.46.0-255,66,76039,46,295383
16644,0.000707,172.217.194.0-255,4320,80359,46,295383
16645,0.000709,172.31.46.0-255,66,80425,46,295383
16646,0.000771,172.217.194.0-255,7156,87581,46,295383
16647,0.000775,172.31.46.0-255,66,87647,46,295383
16648,0.000796,172.217.194.0-255,5379,93026,46,295383
16649,0.000799,172.31.46.0-255,66,93092,46,295383
16650,0.000805,172.217.194.0-255,5738,98830,46,295383
16651,0.000808,172.31.46.0-255,66,98896,46,295383
16652,0.000834,172.31.46.0-255,66,98962,46,295383
16653,0.000866,172.217.194.0-255,212,99174,46,295383
16654,0.000875,172.31.46.0-255,66,99240,46,295383
16655,0.001026,172.217.194.0-255,1484,100724,46,295383
16656,0.001031,172.31.46.0-255,66,100790,46,295383
16657,0.001036,172.217.194.0-255,2902,103692,46,295383
16658,0.001039,172.31.46.0-255,66,103758,46,295383
16659,0.001045,172.217.194.0-255,5738,109496,46,295383
16660,0.001048,172.31.46.0-255,66,109562,46,295383
16661,0.001074,172.217.194.0-255,7156,116718,46,295383
16662,0.001078,172.31.46.0-255,66,116784,46,295383
16663,0.001097,172.217.194.0-255,4320,121104,46,295383
16664,0.0011,172.31.46.0-255,66,121170,46,295383
16665,0.001116,172.217.194.0-255,1484,122654,46,295383
16666,0.001148,172.31.46.0-255,66,122720,46,295383
16667,0.001435,172.217.194.0-255,1484,124204,46,295383
16668,0.001442,172.217.194.0-255,2902,127106,46,295383
16669,0.001446,172.31.46.0-255,66,127172,46,295383
16670,0.001454,172.217.194.0-255,5738,132910,46,295383
16671,0.001456,172.31.46.0-255,66,132976,46,295383
16672,0.001491,172.31.46.0-255,66,133042,46,295383
16673,0.001498,172.217.194.0-255,7156,140198,46,295383
16674,0.001501,172.31.46.0-255,66,140264,46,295383
16675,0.001541,172.217.194.0-255,3602,143866,46,295383
16676,0.001544,172.31.46.0-255,66,143932,46,295383
16677,0.001728,172.217.194.0-255,1484,145416,46,295383
16678,0.001734,172.217.194.0-255,2902,148318,46,295383
16679,0.001738,172.31.46.0-255,66,148384,46,295383
16680,0.001745,172.217.194.0-255,5738,154122,46,295383
16681,0.001748,172.31.46.0-255,66,154188,46,295383
16682,0.001754,172.217.194.0-255,5738,159926,46,295383
16683,0.001756,172.31.46.0-255,66,159992,46,295383
16684,0.001789,172.217.194.0-255,7156,167148,46,295383
16685,0.001792,172.31.46.0-255,66,167214,46,295383
16686,0.001834,172.217.194.0-255,1484,168698,46,295383
16687,0.001847,172.217.194.0-255,1484,170182,46,295383
16688,0.001849,172.31.46.0-255,66,170248,46,295383
16689,0.00188,172.31.46.0-255,66,170314,46,295383
16690,0.001883,172.217.194.0-255,1484,171798,46,295383
16691,0.001887,172.217.194.0-255,2902,174700,46,295383
16692,0.001889,172.31.46.0-255,66,174766,46,295383
16693,0.001894,172.217.194.0-255,4320,179086,46,295383
16694,0.001897,172.31.46.0-255,66,179152,46,295383
16695,0.001911,172.217.194.0-255,1484,180636,46,295383
16696,0.001914,172.217.194.0-255,1484,182120,46,295383
16697,0.001916,172.31.46.0-255,66,182186,46,295383
16698,0.001962,172.31.46.0-255,66,182252,46,295383
16699,0.00198,172.31.46.0-255,66,182318,46,295383
16700,0.002066,172.217.194.0-255,1484,183802,46,295383
16701,0.00207,172.217.194.0-255,1484,185286,46,295383
16702,0.002073,172.31.46.0-255,66,185352,46,295383
16703,0.00209,172.217.194.0-255,1484,186836,46,295383
16704,0.002097,172.217.194.0-255,5738,192574,46,295383
16705,0.0021,172.31.46.0-255,66,192640,46,295383
16706,0.00213,172.217.194.0-255,4320,196960,46,295383
16707,0.002133,172.31.46.0-255,66,197026,46,295383
16708,0.00214,172.217.194.0-255,5738,202764,46,295383
16709,0.002142,172.31.46.0-255,66,202830,46,295383
16710,0.002166,172.217.194.0-255,5738,208568,46,295383
16711,0.002168,172.31.46.0-255,66,208634,46,295383
16712,0.002179,172.31.46.0-255,66,208700,46,295383
16713,0.002618,172.217.194.0-255,1484,210184,46,295383
16714,0.002624,172.217.194.0-255,1484,211668,46,295383
16715,0.002628,172.31.46.0-255,66,211734,46,295383
16716,0.002633,172.217.194.0-255,1484,213218,46,295383
16717,0.002639,172.217.194.0-255,4320,217538,46,295383
16718,0.002642,172.31.46.0-255,66,217604,46,295383
16719,0.002667,172.217.194.0-255,4320,221924,46,295383
16720,0.002669,172.31.46.0-255,66,221990,46,295383
16721,0.002696,172.217.194.0-255,7156,229146,46,295383
16722,0.002711,172.217.194.0-255,2902,232048,46,295383
16723,0.002719,172.217.194.0-255,7156,239204,46,295383
16724,0.002735,172.217.194.0-255,2902,242106,46,295383
16725,0.002751,172.217.194.0-255,766,242872,46,295383
16726,0.002778,172.217.194.0-255,1484,244356,46,295383
16727,0.002791,172.217.194.0-255,4320,248676,46,295383
16728,0.002802,172.217.194.0-255,1484,250160,46,295383
16729,0.002828,172.217.194.0-255,5738,255898,46,295383
16730,0.002848,172.217.194.0-255,4320,260218,46,295383
16731,0.002866,172.217.194.0-255,1484,261702,46,295383
16732,0.002869,172.31.46.0-255,78,261780,46,295383
16733,0.002878,172.217.194.0-255,7156,268936,46,295383
16734,0.00288,172.31.46.0-255,78,269014,46,295383
16735,0.002902,172.217.194.0-255,7156,276170,46,295383
16736,0.002929,172.217.194.0-255,2902,279072,46,295383
16737,0.002969,172.217.194.0-255,3602,282674,46,295383
16738,0.002972,172.217.194.0-255,1484,284158,46,295383
16739,0.002988,172.217.194.0-255,766,284924,46,295383
16740,0.003272,172.217.194.0-255,985,285909,46,295383
16741,0.003285,172.217.194.0-255,97,286006,46,295383
16742,0.003357,172.217.194.0-255,105,286111,46,295383
16743,0.003998,172.31.46.0-255,66,286177,46,295383
16744,0.008039,172.31.46.0-255,105,286282,46,295383
16745,0.010299,172.217.194.0-255,66,286348,46,295383
16746,0.038479,172.31.46.0-255,168,286516,46,295383
16747,0.038513,172.31.46.0-255,1123,287639,46,295383
16748,0.03858,172.31.46.0-255,1514,289153,46,295383
16749,0.038582,172.31.46.0-255,1514,290667,46,295383
16750,0.038583,172.31.46.0-255,1514,292181,46,295383
16751,0.038585,172.31.46.0-255,1514,293695,46,295383
16752,0.038586,172.31.46.0-255,1490,295185,46,295383
16753,0.040054,104.244.42.0-255,66,295251,46,295383
16754,0.040092,104.244.42.0-255,66,295317,46,295383
16755,0.040225,104.244.42.0-255,66,295383,46,295383
16756,0.0,74.125.130.0-255,290,290,46,250160
16757,2.1e-05,172.31.46.0-255,66,356,46,250160
16758,2.8e-05,74.125.130.0-255,1484,1840,46,250160
16759,3.2e-05,172.31.46.0-255,66,1906,46,250160
16760,3.5e-05,74.125.130.0-255,1484,3390,46,250160
16761,4.5e-05,172.31.46.0-255,66,3456,46,250160
16762,8.4e-05,74.125.130.0-255,1484,4940,46,250160
16763,8.8e-05,172.31.46.0-255,66,5006,46,250160
16764,9.7e-05,74.125.130.0-255,5738,10744,46,250160
16765,0.0001,172.31.46.0-255,66,10810,46,250160
16766,0.000105,74.125.130.0-255,3225,14035,46,250160
16767,0.000108,172.31.46.0-255,66,14101,46,250160
16768,0.00013,74.125.130.0-255,1484,15585,46,250160
16769,0.000132,172.31.46.0-255,66,15651,46,250160
16770,0.000136,74.125.130.0-255,1484,17135,46,250160
16771,0.000138,172.31.46.0-255,66,17201,46,250160
16772,0.000169,74.125.130.0-255,1484,18685,46,250160
16773,0.000171,172.31.46.0-255,66,18751,46,250160
16774,0.000177,74.125.130.0-255,4320,23071,46,250160
16775,0.000179,172.31.46.0-255,66,23137,46,250160
16776,0.000209,74.125.130.0-255,1484,24621,46,250160
16777,0.000211,172.31.46.0-255,66,24687,46,250160
16778,0.000216,74.125.130.0-255,2902,27589,46,250160
16779,0.000219,172.31.46.0-255,66,27655,46,250160
16780,0.000225,74.125.130.0-255,3961,31616,46,250160
16781,0.000228,172.31.46.0-255,66,31682,46,250160
16782,0.00037,74.125.130.0-255,1484,33166,46,250160
16783,0.000375,172.31.46.0-255,66,33232,46,250160
16784,0.000379,74.125.130.0-255,1484,34716,46,250160
16785,0.000382,172.31.46.0-255,66,34782,46,250160
16786,0.000414,74.125.130.0-255,1484,36266,46,250160
16787,0.000417,172.31.46.0-255,66,36332,46,250160
16788,0.000425,74.125.130.0-255,5738,42070,46,250160
16789,0.000427,172.31.46.0-255,66,42136,46,250160
16790,0.000431,74.125.130.0-255,2902,45038,46,250160
16791,0.000433,172.31.46.0-255,66,45104,46,250160
16792,0.00047,74.125.130.0-255,3961,49065,46,250160
16793,0.000473,172.31.46.0-255,66,49131,46,250160
16794,0.00048,74.125.130.0-255,7156,56287,46,250160
16795,0.000482,172.31.46.0-255,66,56353,46,250160
16796,0.000493,172.31.46.0-255,66,56419,46,250160
16797,0.000537,74.125.130.0-255,1125,57544,46,250160
16798,0.00055,74.125.130.0-255,377,57921,46,250160
16799,0.001089,172.31.46.0-255,66,57987,46,250160
16800,0.001235,74.125.130.0-255,366,58353,46,250160
16801,0.001415,74.125.130.0-255,1484,59837,46,250160
16802,0.00142,172.31.46.0-255,66,59903,46,250160
16803,0.001426,74.125.130.0-255,1484,61387,46,250160
16804,0.001449,74.125.130.0-255,1484,62871,46,250160
16805,0.001451,172.31.46.0-255,66,62937,46,250160
16806,0.001454,74.125.130.0-255,1484,64421,46,250160
16807,0.001459,74.125.130.0-255,2902,67323,46,250160
16808,0.001461,172.31.46.0-255,66,67389,46,250160
16809,0.001495,74.125.130.0-255,5738,73127,46,250160
16810,0.001498,172.31.46.0-255,66,73193,46,250160
16811,0.001503,74.125.130.0-255,2543,75736,46,250160
16812,0.001504,172.31.46.0-255,66,75802,46,250160
16813,0.001509,74.125.130.0-255,2902,78704,46,250160
16814,0.001515,172.31.46.0-255,66,78770,46,250160
16815,0.001518,74.125.130.0-255,1484,80254,46,250160
16816,0.001553,74.125.130.0-255,5738,85992,46,250160
16817,0.001556,172.31.46.0-255,66,86058,46,250160
16818,0.001563,74.125.130.0-255,6797,92855,46,250160
16819,0.001565,172.31.46.0-255,66,92921,46,250160
16820,0.002407,74.125.130.0-255,1484,94405,46,250160
16821,0.002437,74.125.130.0-255,2902,97307,46,250160
16822,0.002441,172.31.46.0-255,66,97373,46,250160
16823,0.002449,74.125.130.0-255,5738,103111,46,250160
16824,0.002451,172.31.46.0-255,66,103177,46,250160
16825,0.002462,74.125.130.0-255,4320,107497,46,250160
16826,0.002464,172.31.46.0-255,66,107563,46,250160
16827,0.004873,74.125.130.0-255,1484,109047,46,250160
16828,0.004897,74.125.130.0-255,4320,113367,46,250160
16829,0.004901,172.31.46.0-255,66,113433,46,250160
16830,0.00734,74.125.130.0-255,5738,119171,46,250160
16831,0.007346,172.31.46.0-255,66,119237,46,250160
16832,0.009783,74.125.130.0-255,5738,124975,46,250160
16833,0.00979,172.31.46.0-255,66,125041,46,250160
16834,0.012228,74.125.130.0-255,5738,130779,46,250160
16835,0.012235,172.31.46.0-255,66,130845,46,250160
16836,0.014674,74.125.130.0-255,5738,136583,46,250160
16837,0.014682,172.31.46.0-255,66,136649,46,250160
16838,0.017181,74.125.130.0-255,5738,142387,46,250160
16839,0.017196,172.31.46.0-255,66,142453,46,250160
16840,0.019639,74.125.130.0-255,5738,148191,46,250160
16841,0.019649,172.31.46.0-255,66,148257,46,250160
16842,0.022098,74.125.130.0-255,5738,153995,46,250160
16843,0.02211,172.31.46.0-255,66,154061,46,250160
16844,0.02455,74.125.130.0-255,5738,159799,46,250160
16845,0.024565,172.31.46.0-255,66,159865,46,250160
16846,0.02701,74.125.130.0-255,5738,165603,46,250160
16847,0.027018,172.31.46.0-255,66,165669,46,250160
16848,0.029492,74.125.130.0-255,5738,171407,46,250160
16849,0.0295,172.31.46.0-255,66,171473,46,250160
16850,0.031937,74.125.130.0-255,5738,177211,46,250160
16851,0.031945,172.31.46.0-255,66,177277,46,250160
16852,0.034382,74.125.130.0-255,5738,183015,46,250160
16853,0.034392,172.31.46.0-255,66,183081,46,250160
16854,0.034948,172.31.46.0-255,172,183253,46,250160
16855,0.034979,172.31.46.0-255,1118,184371,46,250160
16856,0.03505,172.31.46.0-255,1514,185885,46,250160
16857,0.035052,172.31.46.0-255,1514,187399,46,250160
16858,0.035058,172.31.46.0-255,1514,188913,46,250160
16859,0.035059,172.31.46.0-255,1514,190427,46,250160
16860,0.035085,172.31.46.0-255,1495,191922,46,250160
16861,0.036628,104.244.42.0-255,66,191988,46,250160
16862,0.036635,104.244.42.0-255,66,192054,46,250160
16863,0.036746,104.244.42.0-255,66,192120,46,250160
16864,0.03683,74.125.130.0-255,5738,197858,46,250160
16865,0.036835,172.31.46.0-255,66,197924,46,250160
16866,0.039279,74.125.130.0-255,5738,203662,46,250160
16867,0.039286,172.31.46.0-255,66,203728,46,250160
16868,0.041721,74.125.130.0-255,5738,209466,46,250160
16869,0.041727,172.31.46.0-255,66,209532,46,250160
16870,0.044176,74.125.130.0-255,5738,215270,46,250160
16871,0.044188,172.31.46.0-255,66,215336,46,250160
16872,0.046639,74.125.130.0-255,5738,221074,46,250160
16873,0.046646,172.31.46.0-255,66,221140,46,250160
16874,0.049091,74.125.130.0-255,5738,226878,46,250160
16875,0.049098,172.31.46.0-255,66,226944,46,250160
16876,0.051541,74.125.130.0-255,5738,232682,46,250160
16877,0.051548,172.31.46.0-255,66,232748,46,250160
16878,0.053992,74.125.130.0-255,5738,238486,46,250160
16879,0.053999,172.31.46.0-255,66,238552,46,250160
16880,0.056467,74.125.130.0-255,5738,244290,46,250160
16881,0.056476,172.31.46.0-255,66,244356,46,250160
16882,0.058922,74.125.130.0-255,5738,250094,46,250160
16883,0.058928,172.31.46.0-255,66,250160,46,250160
