,TIME,SRC,PACKET_SIZE,CUMULATIVE_PACKET_SIZE,PAGE_NUMBER,TOTAL_PACKET_SIZE
0,0.0,74.125.200.0-255,150,150,11,296879
1,2.9e-05,172.31.36.0-255,66,216,11,296879
2,3.6e-05,74.125.200.0-255,1484,1700,11,296879
3,4e-05,172.31.36.0-255,66,1766,11,296879
4,4.5e-05,74.125.200.0-255,2902,4668,11,296879
5,4.8e-05,172.31.36.0-255,66,4734,11,296879
6,5e-05,74.125.200.0-255,1484,6218,11,296879
7,5.3e-05,172.31.36.0-255,66,6284,11,296879
8,7.6e-05,74.125.200.0-255,4320,10604,11,296879
9,7.9e-05,172.31.36.0-255,66,10670,11,296879
10,8.3e-05,74.125.200.0-255,3452,14122,11,296879
11,8.5e-05,172.31.36.0-255,66,14188,11,296879
12,0.000214,74.125.200.0-255,1484,15672,11,296879
13,0.000218,172.31.36.0-255,66,15738,11,296879
14,0.000223,74.125.200.0-255,2902,18640,11,296879
15,0.000225,172.31.36.0-255,66,18706,11,296879
16,0.000237,74.125.200.0-255,1484,20190,11,296879
17,0.00024,172.31.36.0-255,66,20256,11,296879
18,0.000257,74.125.200.0-255,4320,24576,11,296879
19,0.000261,172.31.36.0-255,66,24642,11,296879
20,0.000266,74.125.200.0-255,4320,28962,11,296879
21,0.000269,172.31.36.0-255,66,29028,11,296879
22,0.000287,74.125.200.0-255,2543,31571,11,296879
23,0.00029,172.31.36.0-255,66,31637,11,296879
24,0.000769,74.125.200.0-255,1484,33121,11,296879
25,0.000775,172.31.36.0-255,66,33187,11,296879
26,0.000782,74.125.200.0-255,1484,34671,11,296879
27,0.000784,172.31.36.0-255,66,34737,11,296879
28,0.000798,74.125.200.0-255,1484,36221,11,296879
29,0.0008,172.31.36.0-255,66,36287,11,296879
30,0.00082,74.125.200.0-255,5738,42025,11,296879
31,0.000822,172.31.36.0-255,66,42091,11,296879
32,0.000847,74.125.200.0-255,2902,44993,11,296879
33,0.00085,172.31.36.0-255,66,45059,11,296879
34,0.000881,74.125.200.0-255,3961,49020,11,296879
35,0.000884,172.31.36.0-255,66,49086,11,296879
36,0.000965,74.125.200.0-255,1484,50570,11,296879
37,0.00098,74.125.200.0-255,1484,52054,11,296879
38,0.000983,172.31.36.0-255,66,52120,11,296879
39,0.000998,74.125.200.0-255,1484,53604,11,296879
40,0.001023,74.125.200.0-255,5738,59342,11,296879
41,0.001026,172.31.36.0-255,66,59408,11,296879
42,0.00103,74.125.200.0-255,2902,62310,11,296879
43,0.001032,172.31.36.0-255,66,62376,11,296879
44,0.001045,74.125.200.0-255,1484,63860,11,296879
45,0.001083,74.125.200.0-255,3122,66982,11,296879
46,0.001087,172.31.36.0-255,66,67048,11,296879
47,0.001174,74.125.200.0-255,1484,68532,11,296879
48,0.001207,74.125.200.0-255,2902,71434,11,296879
49,0.001211,172.31.36.0-255,66,71500,11,296879
50,0.00123,74.125.200.0-255,2902,74402,11,296879
51,0.001232,172.31.36.0-255,66,74468,11,296879
52,0.001245,74.125.200.0-255,2902,77370,11,296879
53,0.001248,172.31.36.0-255,66,77436,11,296879
54,0.001252,74.125.200.0-255,4320,81756,11,296879
55,0.001255,172.31.36.0-255,66,81822,11,296879
56,0.001275,74.125.200.0-255,2543,84365,11,296879
57,0.001277,172.31.36.0-255,66,84431,11,296879
58,0.001294,74.125.200.0-255,2902,87333,11,296879
59,0.001296,172.31.36.0-255,66,87399,11,296879
60,0.001316,74.125.200.0-255,4320,91719,11,296879
61,0.001318,172.31.36.0-255,66,91785,11,296879
62,0.001325,74.125.200.0-255,7156,98941,11,296879
63,0.001327,172.31.36.0-255,66,99007,11,296879
64,0.001348,74.125.200.0-255,1484,100491,11,296879
65,0.00135,74.125.200.0-255,1125,101616,11,296879
66,0.001352,172.31.36.0-255,66,101682,11,296879
67,0.001451,74.125.200.0-255,1484,103166,11,296879
68,0.001467,74.125.200.0-255,2902,106068,11,296879
69,0.001469,172.31.36.0-255,66,106134,11,296879
70,0.001488,74.125.200.0-255,2902,109036,11,296879
71,0.00149,172.31.36.0-255,66,109102,11,296879
72,0.001494,74.125.200.0-255,2902,112004,11,296879
73,0.001496,172.31.36.0-255,66,112070,11,296879
74,0.001517,74.125.200.0-255,1484,113554,11,296879
75,0.001551,74.125.200.0-255,7156,120710,11,296879
76,0.001553,172.31.36.0-255,66,120776,11,296879
77,0.001568,74.125.200.0-255,1484,122260,11,296879
78,0.001575,74.125.200.0-255,7156,129416,11,296879
79,0.001577,172.31.36.0-255,66,129482,11,296879
80,0.001592,74.125.200.0-255,1484,130966,11,296879
81,0.001606,74.125.200.0-255,1484,132450,11,296879
82,0.001609,172.31.36.0-255,66,132516,11,296879
83,0.001628,74.125.200.0-255,3602,136118,11,296879
84,0.00163,172.31.36.0-255,66,136184,11,296879
85,0.003756,74.125.200.0-255,5738,141922,11,296879
86,0.003763,172.31.36.0-255,66,141988,11,296879
87,0.005876,74.125.200.0-255,4320,146308,11,296879
88,0.005881,172.31.36.0-255,66,146374,11,296879
89,0.005907,74.125.200.0-255,1484,147858,11,296879
90,0.008006,74.125.200.0-255,4320,152178,11,296879
91,0.008013,172.31.36.0-255,66,152244,11,296879
92,0.010152,74.125.200.0-255,5738,157982,11,296879
93,0.010158,172.31.36.0-255,66,158048,11,296879
94,0.012283,74.125.200.0-255,5738,163786,11,296879
95,0.012291,172.31.36.0-255,66,163852,11,296879
96,0.014425,74.125.200.0-255,5738,169590,11,296879
97,0.014434,172.31.36.0-255,66,169656,11,296879
98,0.01656,74.125.200.0-255,5738,175394,11,296879
99,0.016566,172.31.36.0-255,66,175460,11,296879
100,0.018702,74.125.200.0-255,5738,181198,11,296879
101,0.018709,172.31.36.0-255,66,181264,11,296879
102,0.020835,74.125.200.0-255,5738,187002,11,296879
103,0.020844,172.31.36.0-255,66,187068,11,296879
104,0.022972,74.125.200.0-255,5738,192806,11,296879
105,0.022979,172.31.36.0-255,66,192872,11,296879
106,0.025105,74.125.200.0-255,5738,198610,11,296879
107,0.025113,172.31.36.0-255,66,198676,11,296879
108,0.027238,74.125.200.0-255,5738,204414,11,296879
109,0.027245,172.31.36.0-255,66,204480,11,296879
110,0.028989,172.31.36.0-255,167,204647,11,296879
111,0.029023,172.31.36.0-255,1111,205758,11,296879
112,0.029055,172.31.36.0-255,1514,207272,11,296879
113,0.029057,172.31.36.0-255,1293,208565,11,296879
114,0.029363,74.125.200.0-255,2902,211467,11,296879
115,0.029369,172.31.36.0-255,66,211533,11,296879
116,0.02939,74.125.200.0-255,2902,214435,11,296879
117,0.029394,172.31.36.0-255,66,214501,11,296879
118,0.03063,104.244.42.0-255,66,214567,11,296879
119,0.030681,104.244.42.0-255,66,214633,11,296879
120,0.030756,104.244.42.0-255,66,214699,11,296879
121,0.031494,74.125.200.0-255,2902,217601,11,296879
122,0.031498,172.31.36.0-255,66,217667,11,296879
123,0.031534,74.125.200.0-255,2902,220569,11,296879
124,0.031537,172.31.36.0-255,66,220635,11,296879
125,0.033616,74.125.200.0-255,2902,223537,11,296879
126,0.033621,172.31.36.0-255,66,223603,11,296879
127,0.033653,74.125.200.0-255,2902,226505,11,296879
128,0.033656,172.31.36.0-255,66,226571,11,296879
129,0.03574,74.125.200.0-255,2902,229473,11,296879
130,0.035745,172.31.36.0-255,66,229539,11,296879
131,0.035779,74.125.200.0-255,2902,232441,11,296879
132,0.035783,172.31.36.0-255,66,232507,11,296879
133,0.03786,74.125.200.0-255,2902,235409,11,296879
134,0.037866,172.31.36.0-255,66,235475,11,296879
135,0.037898,74.125.200.0-255,2902,238377,11,296879
136,0.037901,172.31.36.0-255,66,238443,11,296879
137,0.039997,74.125.200.0-255,2902,241345,11,296879
138,0.040003,172.31.36.0-255,66,241411,11,296879
139,0.040036,74.125.200.0-255,2902,244313,11,296879
140,0.040039,172.31.36.0-255,66,244379,11,296879
141,0.042129,74.125.200.0-255,2902,247281,11,296879
142,0.042135,172.31.36.0-255,66,247347,11,296879
143,0.042168,74.125.200.0-255,2902,250249,11,296879
144,0.042172,172.31.36.0-255,66,250315,11,296879
145,0.044288,74.125.200.0-255,5738,256053,11,296879
146,0.044308,172.31.36.0-255,66,256119,11,296879
147,0.04643,74.125.200.0-255,5738,261857,11,296879
148,0.046436,172.31.36.0-255,66,261923,11,296879
149,0.048557,74.125.200.0-255,1484,263407,11,296879
150,0.048588,74.125.200.0-255,4320,267727,11,296879
151,0.048593,172.31.36.0-255,66,267793,11,296879
152,0.05074,74.125.200.0-255,5738,273531,11,296879
153,0.050746,172.31.36.0-255,66,273597,11,296879
154,0.05287,74.125.200.0-255,5738,279335,11,296879
155,0.052875,172.31.36.0-255,66,279401,11,296879
156,0.055014,74.125.200.0-255,5738,285139,11,296879
157,0.055019,172.31.36.0-255,66,285205,11,296879
158,0.057136,74.125.200.0-255,1484,286689,11,296879
159,0.05717,74.125.200.0-255,4320,291009,11,296879
160,0.057174,172.31.36.0-255,66,291075,11,296879
161,0.059299,74.125.200.0-255,5738,296813,11,296879
162,0.059304,172.31.36.0-255,66,296879,11,296879
163,0.0,172.217.194.0-255,143,143,11,210338
164,1.3e-05,172.217.194.0-255,1484,1627,11,210338
165,2.1e-05,172.31.36.0-255,66,1693,11,210338
166,4.1e-05,172.217.194.0-255,2902,4595,11,210338
167,4.6e-05,172.31.36.0-255,66,4661,11,210338
168,5.9e-05,172.217.194.0-255,4320,8981,11,210338
169,6.4e-05,172.31.36.0-255,66,9047,11,210338
170,8.5e-05,172.217.194.0-255,1484,10531,11,210338
171,0.000111,172.217.194.0-255,3411,13942,11,210338
172,0.000114,172.31.36.0-255,66,14008,11,210338
173,0.000624,172.217.194.0-255,1484,15492,11,210338
174,0.000634,172.217.194.0-255,2902,18394,11,210338
175,0.000639,172.31.36.0-255,66,18460,11,210338
176,0.000648,172.217.194.0-255,5738,24198,11,210338
177,0.00065,172.31.36.0-255,66,24264,11,210338
178,0.000662,172.217.194.0-255,5738,30002,11,210338
179,0.000665,172.31.36.0-255,66,30068,11,210338
180,0.000695,172.217.194.0-255,1484,31552,11,210338
181,0.00074,172.31.36.0-255,66,31618,11,210338
182,0.000763,172.217.194.0-255,1125,32743,11,210338
183,0.000769,172.217.194.0-255,3961,36704,11,210338
184,0.000772,172.31.36.0-255,66,36770,11,210338
185,0.000847,172.217.194.0-255,1484,38254,11,210338
186,0.000852,172.217.194.0-255,1484,39738,11,210338
187,0.000855,172.31.36.0-255,66,39804,11,210338
188,0.000882,172.217.194.0-255,1484,41288,11,210338
189,0.00089,172.217.194.0-255,5738,47026,11,210338
190,0.000893,172.31.36.0-255,66,47092,11,210338
191,0.000921,172.217.194.0-255,6797,53889,11,210338
192,0.000924,172.31.36.0-255,66,53955,11,210338
193,0.000966,172.217.194.0-255,7156,61111,11,210338
194,0.00097,172.31.36.0-255,66,61177,11,210338
195,0.000977,172.217.194.0-255,7156,68333,11,210338
196,0.00098,172.31.36.0-255,66,68399,11,210338
197,0.001026,172.31.36.0-255,66,68465,11,210338
198,0.001032,172.217.194.0-255,3123,71588,11,210338
199,0.001034,172.31.36.0-255,66,71654,11,210338
200,0.001148,172.217.194.0-255,1484,73138,11,210338
201,0.001155,172.217.194.0-255,2902,76040,11,210338
202,0.001159,172.31.36.0-255,66,76106,11,210338
203,0.001164,172.217.194.0-255,2902,79008,11,210338
204,0.001166,172.31.36.0-255,66,79074,11,210338
205,0.001185,172.217.194.0-255,2902,81976,11,210338
206,0.001192,172.31.36.0-255,66,82042,11,210338
207,0.001197,172.217.194.0-255,2902,84944,11,210338
208,0.001199,172.31.36.0-255,66,85010,11,210338
209,0.00123,172.31.36.0-255,66,85076,11,210338
210,0.001242,172.31.36.0-255,66,85142,11,210338
211,0.001264,172.217.194.0-255,766,85908,11,210338
212,0.001342,172.217.194.0-255,1484,87392,11,210338
213,0.001346,172.31.36.0-255,66,87458,11,210338
214,0.001352,172.217.194.0-255,2902,90360,11,210338
215,0.001354,172.31.36.0-255,66,90426,11,210338
216,0.001363,172.217.194.0-255,1484,91910,11,210338
217,0.001386,172.217.194.0-255,4320,96230,11,210338
218,0.001389,172.31.36.0-255,66,96296,11,210338
219,0.001397,172.217.194.0-255,5738,102034,11,210338
220,0.001399,172.31.36.0-255,66,102100,11,210338
221,0.001416,172.31.36.0-255,66,102166,11,210338
222,0.001452,172.217.194.0-255,5020,107186,11,210338
223,0.001455,172.31.36.0-255,66,107252,11,210338
224,0.002797,172.217.194.0-255,1484,108736,11,210338
225,0.002815,172.217.194.0-255,2902,111638,11,210338
226,0.00282,172.31.36.0-255,66,111704,11,210338
227,0.002827,172.217.194.0-255,5738,117442,11,210338
228,0.00283,172.31.36.0-255,66,117508,11,210338
229,0.002833,172.217.194.0-255,1484,118992,11,210338
230,0.00287,172.31.36.0-255,66,119058,11,210338
231,0.002875,172.217.194.0-255,2902,121960,11,210338
232,0.002877,172.31.36.0-255,66,122026,11,210338
233,0.002917,172.31.36.0-255,66,122092,11,210338
234,0.00292,172.217.194.0-255,1484,123576,11,210338
235,0.002934,172.31.36.0-255,66,123642,11,210338
236,0.002967,172.217.194.0-255,2902,126544,11,210338
237,0.002969,172.31.36.0-255,66,126610,11,210338
238,0.002985,172.31.36.0-255,66,126676,11,210338
239,0.002989,172.217.194.0-255,2184,128860,11,210338
240,0.002991,172.31.36.0-255,66,128926,11,210338
241,0.003723,172.217.194.0-255,1484,130410,11,210338
242,0.003727,172.217.194.0-255,1484,131894,11,210338
243,0.00373,172.31.36.0-255,66,131960,11,210338
244,0.003753,172.217.194.0-255,1484,133444,11,210338
245,0.00376,172.217.194.0-255,5738,139182,11,210338
246,0.003762,172.31.36.0-255,66,139248,11,210338
247,0.003767,172.217.194.0-255,2902,142150,11,210338
248,0.00377,172.31.36.0-255,66,142216,11,210338
249,0.003802,172.217.194.0-255,4320,146536,11,210338
250,0.003805,172.31.36.0-255,66,146602,11,210338
251,0.00382,172.31.36.0-255,66,146668,11,210338
252,0.003824,172.217.194.0-255,2184,148852,11,210338
253,0.003826,172.31.36.0-255,66,148918,11,210338
254,0.004345,172.217.194.0-255,1484,150402,11,210338
255,0.004353,172.217.194.0-255,2902,153304,11,210338
256,0.004357,172.31.36.0-255,66,153370,11,210338
257,0.004364,172.217.194.0-255,4320,157690,11,210338
258,0.004367,172.31.36.0-255,66,157756,11,210338
259,0.0044,172.217.194.0-255,1484,159240,11,210338
260,0.004412,172.31.36.0-255,66,159306,11,210338
261,0.004447,172.31.36.0-255,66,159372,11,210338
262,0.004477,172.217.194.0-255,6438,165810,11,210338
263,0.00448,172.31.36.0-255,66,165876,11,210338
264,0.004488,172.217.194.0-255,7156,173032,11,210338
265,0.00449,172.31.36.0-255,66,173098,11,210338
266,0.004531,172.217.194.0-255,7156,180254,11,210338
267,0.004537,172.31.36.0-255,66,180320,11,210338
268,0.004551,172.31.36.0-255,66,180386,11,210338
269,0.004559,172.217.194.0-255,5738,186124,11,210338
270,0.004561,172.31.36.0-255,66,186190,11,210338
271,0.004617,172.31.36.0-255,66,186256,11,210338
272,0.004635,172.31.36.0-255,66,186322,11,210338
273,0.004784,172.217.194.0-255,1484,187806,11,210338
274,0.004807,172.217.194.0-255,2902,190708,11,210338
275,0.004811,172.217.194.0-255,2902,193610,11,210338
276,0.004821,172.31.36.0-255,66,193676,11,210338
277,0.004825,172.31.36.0-255,66,193742,11,210338
278,0.004829,172.217.194.0-255,2902,196644,11,210338
279,0.004832,172.31.36.0-255,66,196710,11,210338
280,0.004841,172.217.194.0-255,2902,199612,11,210338
281,0.004843,172.31.36.0-255,66,199678,11,210338
282,0.004885,172.31.36.0-255,66,199744,11,210338
283,0.004891,172.217.194.0-255,4320,204064,11,210338
284,0.004893,172.31.36.0-255,66,204130,11,210338
285,0.004918,172.217.194.0-255,2516,206646,11,210338
286,0.004921,172.31.36.0-255,66,206712,11,210338
287,0.004924,172.217.194.0-255,97,206809,11,210338
288,0.004927,172.217.194.0-255,105,206914,11,210338
289,0.007619,172.31.36.0-255,66,206980,11,210338
290,0.007655,172.31.36.0-255,105,207085,11,210338
291,0.009715,172.217.194.0-255,66,207151,11,210338
292,0.027559,172.31.36.0-255,167,207318,11,210338
293,0.027595,172.31.36.0-255,1110,208428,11,210338
294,0.027653,172.31.36.0-255,1514,209942,11,210338
295,0.027654,172.31.36.0-255,330,210272,11,210338
296,0.029402,104.244.42.0-255,66,210338,11,210338
297,0.0,74.125.24.0-255,153,153,11,206087
298,2.5e-05,74.125.24.0-255,1484,1637,11,206087
299,3.2e-05,172.31.36.0-255,66,1703,11,206087
300,4e-05,74.125.24.0-255,2902,4605,11,206087
301,4.8e-05,74.125.24.0-255,7156,11761,11,206087
302,6.9e-05,74.125.24.0-255,2026,13787,11,206087
303,7.8e-05,172.31.36.0-255,66,13853,11,206087
304,0.000117,74.125.24.0-255,7156,21009,11,206087
305,0.000134,74.125.24.0-255,4320,25329,11,206087
306,0.00014,74.125.24.0-255,5379,30708,11,206087
307,0.000196,74.125.24.0-255,1484,32192,11,206087
308,0.0002,74.125.24.0-255,2902,35094,11,206087
309,0.000224,74.125.24.0-255,5738,40832,11,206087
310,0.000229,74.125.24.0-255,2902,43734,11,206087
311,0.000243,74.125.24.0-255,3961,47695,11,206087
312,0.00026,172.31.36.0-255,66,47761,11,206087
313,0.000263,74.125.24.0-255,2902,50663,11,206087
314,0.000289,172.31.36.0-255,66,50729,11,206087
315,0.000294,172.31.36.0-255,66,50795,11,206087
316,0.000321,74.125.24.0-255,1484,52279,11,206087
317,0.000326,74.125.24.0-255,2821,55100,11,206087
318,0.000338,172.31.36.0-255,66,55166,11,206087
319,0.000388,74.125.24.0-255,128,55294,11,206087
320,0.000401,74.125.24.0-255,347,55641,11,206087
321,0.000653,74.125.24.0-255,1484,57125,11,206087
322,0.000658,172.31.36.0-255,66,57191,11,206087
323,0.000663,74.125.24.0-255,2902,60093,11,206087
324,0.000668,74.125.24.0-255,2902,62995,11,206087
325,0.000675,172.31.36.0-255,66,63061,11,206087
326,0.000692,74.125.24.0-255,2902,65963,11,206087
327,0.0007,74.125.24.0-255,7156,73119,11,206087
328,0.000704,172.31.36.0-255,66,73185,11,206087
329,0.000729,74.125.24.0-255,2902,76087,11,206087
330,0.000738,172.31.36.0-255,66,76153,11,206087
331,0.000749,74.125.24.0-255,5738,81891,11,206087
332,0.000753,172.31.36.0-255,66,81957,11,206087
333,0.0008,172.31.36.0-255,66,82023,11,206087
334,0.001124,74.125.24.0-255,1484,83507,11,206087
335,0.00113,74.125.24.0-255,2902,86409,11,206087
336,0.001133,172.31.36.0-255,66,86475,11,206087
337,0.001165,74.125.24.0-255,5738,92213,11,206087
338,0.001172,74.125.24.0-255,4320,96533,11,206087
339,0.001179,172.31.36.0-255,66,96599,11,206087
340,0.001191,74.125.24.0-255,1484,98083,11,206087
341,0.001193,172.31.36.0-255,66,98149,11,206087
342,0.001232,172.31.36.0-255,66,98215,11,206087
343,0.001688,74.125.24.0-255,1484,99699,11,206087
344,0.001699,74.125.24.0-255,2902,102601,11,206087
345,0.001702,172.31.36.0-255,66,102667,11,206087
346,0.00171,74.125.24.0-255,5738,108405,11,206087
347,0.001805,74.125.24.0-255,1484,109889,11,206087
348,0.001809,74.125.24.0-255,2902,112791,11,206087
349,0.001812,74.125.24.0-255,1484,114275,11,206087
350,0.001821,172.31.36.0-255,66,114341,11,206087
351,0.001833,74.125.24.0-255,4320,118661,11,206087
352,0.001839,172.31.36.0-255,66,118727,11,206087
353,0.00191,74.125.24.0-255,3602,122329,11,206087
354,0.001917,74.125.24.0-255,4320,126649,11,206087
355,0.001942,74.125.24.0-255,7156,133805,11,206087
356,0.001961,74.125.24.0-255,2902,136707,11,206087
357,0.001981,172.31.36.0-255,66,136773,11,206087
358,0.002,172.31.36.0-255,66,136839,11,206087
359,0.002013,74.125.24.0-255,5020,141859,11,206087
360,0.002024,74.125.24.0-255,5738,147597,11,206087
361,0.002069,74.125.24.0-255,4320,151917,11,206087
362,0.0021,172.31.36.0-255,66,151983,11,206087
363,0.002201,74.125.24.0-255,1484,153467,11,206087
364,0.002206,74.125.24.0-255,2902,156369,11,206087
365,0.002208,74.125.24.0-255,1484,157853,11,206087
366,0.002222,74.125.24.0-255,4320,162173,11,206087
367,0.002229,172.31.36.0-255,66,162239,11,206087
368,0.002292,74.125.24.0-255,1484,163723,11,206087
369,0.002295,74.125.24.0-255,766,164489,11,206087
370,0.002309,172.31.36.0-255,66,164555,11,206087
371,0.002398,74.125.24.0-255,1484,166039,11,206087
372,0.002412,74.125.24.0-255,2902,168941,11,206087
373,0.002415,74.125.24.0-255,1484,170425,11,206087
374,0.00242,172.31.36.0-255,66,170491,11,206087
375,0.002428,74.125.24.0-255,2902,173393,11,206087
376,0.002433,172.31.36.0-255,66,173459,11,206087
377,0.002471,74.125.24.0-255,766,174225,11,206087
378,0.002474,172.31.36.0-255,78,174303,11,206087
379,0.002516,74.125.24.0-255,7156,181459,11,206087
380,0.002519,172.31.36.0-255,78,181537,11,206087
381,0.002557,74.125.24.0-255,5738,187275,11,206087
382,0.002562,74.125.24.0-255,2902,190177,11,206087
383,0.002581,74.125.24.0-255,4320,194497,11,206087
384,0.002585,74.125.24.0-255,2902,197399,11,206087
385,0.00259,172.31.36.0-255,66,197465,11,206087
386,0.002635,172.31.36.0-255,66,197531,11,206087
387,0.002645,74.125.24.0-255,5020,202551,11,206087
388,0.002661,74.125.24.0-255,105,202656,11,206087
389,0.002668,172.31.36.0-255,66,202722,11,206087
390,0.004309,172.31.36.0-255,105,202827,11,206087
391,0.006636,74.125.24.0-255,66,202893,11,206087
392,0.025072,172.31.36.0-255,172,203065,11,206087
393,0.025118,172.31.36.0-255,1110,204175,11,206087
394,0.025261,172.31.36.0-255,1514,205689,11,206087
395,0.025263,172.31.36.0-255,332,206021,11,206087
396,0.026876,104.244.42.0-255,66,206087,11,206087
397,0.0,74.125.24.0-255,153,153,11,227394
398,2.4e-05,172.31.36.0-255,66,219,11,227394
399,3.1e-05,74.125.24.0-255,1484,1703,11,227394
400,3.5e-05,172.31.36.0-255,66,1769,11,227394
401,4.1e-05,74.125.24.0-255,2902,4671,11,227394
402,4.4e-05,172.31.36.0-255,66,4737,11,227394
403,5.9e-05,74.125.24.0-255,5738,10475,11,227394
404,6.3e-05,172.31.36.0-255,66,10541,11,227394
405,6.8e-05,74.125.24.0-255,4320,14861,11,227394
406,7.2e-05,172.31.36.0-255,66,14927,11,227394
407,0.000113,74.125.24.0-255,2071,16998,11,227394
408,0.000117,172.31.36.0-255,66,17064,11,227394
409,0.000129,172.31.36.0-255,66,17130,11,227394
410,0.000158,74.125.24.0-255,4320,21450,11,227394
411,0.000161,172.31.36.0-255,66,21516,11,227394
412,0.000164,74.125.24.0-255,1125,22641,11,227394
413,0.000166,172.31.36.0-255,66,22707,11,227394
414,0.000235,74.125.24.0-255,1484,24191,11,227394
415,0.000238,172.31.36.0-255,66,24257,11,227394
416,0.000243,74.125.24.0-255,2902,27159,11,227394
417,0.000245,172.31.36.0-255,66,27225,11,227394
418,0.00025,74.125.24.0-255,2902,30127,11,227394
419,0.000252,172.31.36.0-255,66,30193,11,227394
420,0.000283,74.125.24.0-255,2902,33095,11,227394
421,0.000287,172.31.36.0-255,66,33161,11,227394
422,0.000306,172.31.36.0-255,66,33227,11,227394
423,0.00031,74.125.24.0-255,1484,34711,11,227394
424,0.000312,172.31.36.0-255,66,34777,11,227394
425,0.000354,74.125.24.0-255,5738,40515,11,227394
426,0.000357,172.31.36.0-255,66,40581,11,227394
427,0.000379,74.125.24.0-255,2543,43124,11,227394
428,0.000381,172.31.36.0-255,66,43190,11,227394
429,0.000384,74.125.24.0-255,364,43554,11,227394
430,0.000425,74.125.24.0-255,378,43932,11,227394
431,0.000951,74.125.24.0-255,1484,45416,11,227394
432,0.000956,172.31.36.0-255,66,45482,11,227394
433,0.000963,74.125.24.0-255,2902,48384,11,227394
434,0.000965,172.31.36.0-255,66,48450,11,227394
435,0.000968,74.125.24.0-255,1484,49934,11,227394
436,0.001,74.125.24.0-255,4320,54254,11,227394
437,0.001002,172.31.36.0-255,66,54320,11,227394
438,0.001009,74.125.24.0-255,4320,58640,11,227394
439,0.001011,172.31.36.0-255,66,58706,11,227394
440,0.001048,172.31.36.0-255,66,58772,11,227394
441,0.001075,172.31.36.0-255,66,58838,11,227394
442,0.001249,74.125.24.0-255,1484,60322,11,227394
443,0.001254,74.125.24.0-255,1484,61806,11,227394
444,0.001258,172.31.36.0-255,66,61872,11,227394
445,0.00129,74.125.24.0-255,1484,63356,11,227394
446,0.001297,74.125.24.0-255,5738,69094,11,227394
447,0.001299,172.31.36.0-255,66,69160,11,227394
448,0.001313,172.31.36.0-255,66,69226,11,227394
449,0.00133,172.31.36.0-255,66,69292,11,227394
450,0.002054,74.125.24.0-255,1484,70776,11,227394
451,0.002064,74.125.24.0-255,2902,73678,11,227394
452,0.002068,172.31.36.0-255,66,73744,11,227394
453,0.002077,74.125.24.0-255,5738,79482,11,227394
454,0.002079,172.31.36.0-255,66,79548,11,227394
455,0.002099,172.31.36.0-255,66,79614,11,227394
456,0.002126,74.125.24.0-255,2902,82516,11,227394
457,0.002132,172.31.36.0-255,66,82582,11,227394
458,0.00214,74.125.24.0-255,7156,89738,11,227394
459,0.002142,172.31.36.0-255,66,89804,11,227394
460,0.002145,74.125.24.0-255,1484,91288,11,227394
461,0.002166,74.125.24.0-255,2184,93472,11,227394
462,0.002173,172.31.36.0-255,66,93538,11,227394
463,0.002279,74.125.24.0-255,1484,95022,11,227394
464,0.00231,74.125.24.0-255,2902,97924,11,227394
465,0.002314,172.31.36.0-255,66,97990,11,227394
466,0.00232,74.125.24.0-255,4320,102310,11,227394
467,0.002322,172.31.36.0-255,66,102376,11,227394
468,0.002369,172.31.36.0-255,66,102442,11,227394
469,0.002392,172.31.36.0-255,66,102508,11,227394
470,0.00265,74.125.24.0-255,1484,103992,11,227394
471,0.005005,74.125.24.0-255,4320,108312,11,227394
472,0.005015,172.31.36.0-255,66,108378,11,227394
473,0.007626,74.125.24.0-255,4320,112698,11,227394
474,0.007632,172.31.36.0-255,66,112764,11,227394
475,0.007666,74.125.24.0-255,1484,114248,11,227394
476,0.010255,74.125.24.0-255,4320,118568,11,227394
477,0.010268,172.31.36.0-255,66,118634,11,227394
478,0.012916,74.125.24.0-255,5738,124372,11,227394
479,0.012931,172.31.36.0-255,66,124438,11,227394
480,0.015542,74.125.24.0-255,5738,130176,11,227394
481,0.015557,172.31.36.0-255,66,130242,11,227394
482,0.018149,74.125.24.0-255,5738,135980,11,227394
483,0.018168,172.31.36.0-255,66,136046,11,227394
484,0.020801,74.125.24.0-255,5738,141784,11,227394
485,0.02082,172.31.36.0-255,66,141850,11,227394
486,0.023489,74.125.24.0-255,5738,147588,11,227394
487,0.023508,172.31.36.0-255,66,147654,11,227394
488,0.026125,74.125.24.0-255,5738,153392,11,227394
489,0.026141,172.31.36.0-255,66,153458,11,227394
490,0.028792,74.125.24.0-255,5738,159196,11,227394
491,0.028809,172.31.36.0-255,66,159262,11,227394
492,0.031417,74.125.24.0-255,5738,165000,11,227394
493,0.031438,172.31.36.0-255,66,165066,11,227394
494,0.034094,74.125.24.0-255,5738,170804,11,227394
495,0.034109,172.31.36.0-255,66,170870,11,227394
496,0.03681,74.125.24.0-255,5738,176608,11,227394
497,0.036831,172.31.36.0-255,66,176674,11,227394
498,0.039488,74.125.24.0-255,5738,182412,11,227394
499,0.039505,172.31.36.0-255,66,182478,11,227394
500,0.0414,172.31.36.0-255,172,182650,11,227394
501,0.041436,172.31.36.0-255,1111,183761,11,227394
502,0.041502,172.31.36.0-255,1514,185275,11,227394
503,0.041504,172.31.36.0-255,1293,186568,11,227394
504,0.042137,74.125.24.0-255,5738,192306,11,227394
505,0.042149,172.31.36.0-255,66,192372,11,227394
506,0.042961,104.244.42.0-255,66,192438,11,227394
507,0.043001,104.244.42.0-255,66,192504,11,227394
508,0.043052,104.244.42.0-255,66,192570,11,227394
509,0.044748,74.125.24.0-255,5738,198308,11,227394
510,0.044754,172.31.36.0-255,66,198374,11,227394
511,0.047411,74.125.24.0-255,5738,204112,11,227394
512,0.047426,172.31.36.0-255,66,204178,11,227394
513,0.050095,74.125.24.0-255,5738,209916,11,227394
514,0.050104,172.31.36.0-255,66,209982,11,227394
515,0.052717,74.125.24.0-255,5738,215720,11,227394
516,0.052725,172.31.36.0-255,66,215786,11,227394
517,0.055382,74.125.24.0-255,5738,221524,11,227394
518,0.05539,172.31.36.0-255,66,221590,11,227394
519,0.058022,74.125.24.0-255,5738,227328,11,227394
520,0.058041,172.31.36.0-255,66,227394,11,227394
521,0.0,172.217.27.0-255,143,143,11,328551
522,2.4e-05,172.31.36.0-255,66,209,11,328551
523,3.1e-05,172.217.27.0-255,1484,1693,11,328551
524,3.5e-05,172.31.36.0-255,66,1759,11,328551
525,4.1e-05,172.217.27.0-255,2902,4661,11,328551
526,4.5e-05,172.31.36.0-255,66,4727,11,328551
527,5.2e-05,172.217.27.0-255,7156,11883,11,328551
528,5.5e-05,172.31.36.0-255,66,11949,11,328551
529,5.9e-05,172.217.27.0-255,2046,13995,11,328551
530,6.2e-05,172.31.36.0-255,66,14061,11,328551
531,6.7e-05,172.217.27.0-255,2902,16963,11,328551
532,6.9e-05,172.31.36.0-255,66,17029,11,328551
533,7.7e-05,172.217.27.0-255,7156,24185,11,328551
534,8e-05,172.31.36.0-255,66,24251,11,328551
535,8.7e-05,172.217.27.0-255,6797,31048,11,328551
536,9e-05,172.31.36.0-255,66,31114,11,328551
537,0.000168,172.217.27.0-255,1484,32598,11,328551
538,0.000171,172.31.36.0-255,66,32664,11,328551
539,0.000204,172.217.27.0-255,1484,34148,11,328551
540,0.000206,172.31.36.0-255,66,34214,11,328551
541,0.00022,172.217.27.0-255,1484,35698,11,328551
542,0.000223,172.31.36.0-255,66,35764,11,328551
543,0.000231,172.217.27.0-255,5738,41502,11,328551
544,0.000233,172.31.36.0-255,66,41568,11,328551
545,0.000238,172.217.27.0-255,4320,45888,11,328551
546,0.000241,172.31.36.0-255,66,45954,11,328551
547,0.000277,172.31.36.0-255,66,46020,11,328551
548,0.000288,172.31.36.0-255,66,46086,11,328551
549,0.000291,172.217.27.0-255,396,46482,11,328551
550,0.000293,172.31.36.0-255,66,46548,11,328551
551,0.000573,172.217.27.0-255,113,46661,11,328551
552,0.00073,172.217.27.0-255,1484,48145,11,328551
553,0.000735,172.31.36.0-255,66,48211,11,328551
554,0.000741,172.217.27.0-255,2902,51113,11,328551
555,0.000744,172.31.36.0-255,66,51179,11,328551
556,0.000748,172.217.27.0-255,2902,54081,11,328551
557,0.00075,172.31.36.0-255,66,54147,11,328551
558,0.000773,172.217.27.0-255,7156,61303,11,328551
559,0.000775,172.31.36.0-255,66,61369,11,328551
560,0.000781,172.217.27.0-255,2543,63912,11,328551
561,0.000782,172.31.36.0-255,66,63978,11,328551
562,0.000817,172.31.36.0-255,66,64044,11,328551
563,0.000853,172.217.27.0-255,2902,66946,11,328551
564,0.000856,172.31.36.0-255,66,67012,11,328551
565,0.000878,172.217.27.0-255,5643,72655,11,328551
566,0.000882,172.31.36.0-255,66,72721,11,328551
567,0.001329,172.217.27.0-255,1484,74205,11,328551
568,0.001335,172.217.27.0-255,2902,77107,11,328551
569,0.001339,172.31.36.0-255,66,77173,11,328551
570,0.001345,172.217.27.0-255,4320,81493,11,328551
571,0.001347,172.31.36.0-255,66,81559,11,328551
572,0.001374,172.217.27.0-255,1484,83043,11,328551
573,0.001388,172.31.36.0-255,66,83109,11,328551
574,0.001409,172.217.27.0-255,1484,84593,11,328551
575,0.001421,172.31.36.0-255,66,84659,11,328551
576,0.001424,172.217.27.0-255,766,85425,11,328551
577,0.00151,172.217.27.0-255,1484,86909,11,328551
578,0.001513,172.31.36.0-255,66,86975,11,328551
579,0.001519,172.217.27.0-255,2902,89877,11,328551
580,0.001521,172.31.36.0-255,66,89943,11,328551
581,0.001548,172.217.27.0-255,5738,95681,11,328551
582,0.001551,172.31.36.0-255,66,95747,11,328551
583,0.001554,172.217.27.0-255,1484,97231,11,328551
584,0.001571,172.217.27.0-255,1484,98715,11,328551
585,0.001574,172.31.36.0-255,66,98781,11,328551
586,0.001579,172.217.27.0-255,4320,103101,11,328551
587,0.001582,172.31.36.0-255,66,103167,11,328551
588,0.001592,172.31.36.0-255,66,103233,11,328551
589,0.001611,172.217.27.0-255,5738,108971,11,328551
590,0.001614,172.31.36.0-255,66,109037,11,328551
591,0.001636,172.217.27.0-255,2184,111221,11,328551
592,0.001638,172.31.36.0-255,66,111287,11,328551
593,0.001641,172.217.27.0-255,1484,112771,11,328551
594,0.001655,172.217.27.0-255,2902,115673,11,328551
595,0.001659,172.31.36.0-255,66,115739,11,328551
596,0.001666,172.217.27.0-255,5738,121477,11,328551
597,0.001668,172.31.36.0-255,66,121543,11,328551
598,0.001688,172.217.27.0-255,7156,128699,11,328551
599,0.00169,172.31.36.0-255,66,128765,11,328551
600,0.001719,172.217.27.0-255,5738,134503,11,328551
601,0.001722,172.31.36.0-255,66,134569,11,328551
602,0.001733,172.31.36.0-255,66,134635,11,328551
603,0.001751,172.217.27.0-255,2184,136819,11,328551
604,0.001753,172.31.36.0-255,66,136885,11,328551
605,0.001833,172.217.27.0-255,1484,138369,11,328551
606,0.001839,172.217.27.0-255,2902,141271,11,328551
607,0.001842,172.31.36.0-255,66,141337,11,328551
608,0.001845,172.217.27.0-255,1484,142821,11,328551
609,0.003613,172.217.27.0-255,4320,147141,11,328551
610,0.00362,172.31.36.0-255,66,147207,11,328551
611,0.005401,172.217.27.0-255,2902,150109,11,328551
612,0.005405,172.31.36.0-255,66,150175,11,328551
613,0.005425,172.217.27.0-255,2902,153077,11,328551
614,0.005428,172.31.36.0-255,66,153143,11,328551
615,0.00717,172.217.27.0-255,5738,158881,11,328551
616,0.007177,172.31.36.0-255,66,158947,11,328551
617,0.008937,172.217.27.0-255,5738,164685,11,328551
618,0.008942,172.31.36.0-255,66,164751,11,328551
619,0.010709,172.217.27.0-255,5738,170489,11,328551
620,0.010719,172.31.36.0-255,66,170555,11,328551
621,0.012517,172.217.27.0-255,5738,176293,11,328551
622,0.012528,172.31.36.0-255,66,176359,11,328551
623,0.014317,172.217.27.0-255,5738,182097,11,328551
624,0.01433,172.31.36.0-255,66,182163,11,328551
625,0.016101,172.217.27.0-255,4320,186483,11,328551
626,0.016109,172.31.36.0-255,66,186549,11,328551
627,0.01613,172.217.27.0-255,1484,188033,11,328551
628,0.01787,172.217.27.0-255,4320,192353,11,328551
629,0.017877,172.31.36.0-255,66,192419,11,328551
630,0.019639,172.217.27.0-255,2902,195321,11,328551
631,0.019649,172.31.36.0-255,66,195387,11,328551
632,0.019666,172.217.27.0-255,2902,198289,11,328551
633,0.019669,172.31.36.0-255,66,198355,11,328551
634,0.021411,172.217.27.0-255,4320,202675,11,328551
635,0.021419,172.31.36.0-255,66,202741,11,328551
636,0.021439,172.217.27.0-255,1484,204225,11,328551
637,0.023239,172.217.27.0-255,2902,207127,11,328551
638,0.023253,172.31.36.0-255,66,207193,11,328551
639,0.025024,172.217.27.0-255,5738,212931,11,328551
640,0.025033,172.31.36.0-255,66,212997,11,328551
641,0.0268,172.217.27.0-255,5738,218735,11,328551
642,0.02681,172.31.36.0-255,66,218801,11,328551
643,0.028603,172.217.27.0-255,5738,224539,11,328551
644,0.028611,172.31.36.0-255,66,224605,11,328551
645,0.029865,172.31.36.0-255,172,224777,11,328551
646,0.029903,172.31.36.0-255,1111,225888,11,328551
647,0.029932,172.31.36.0-255,1514,227402,11,328551
648,0.029934,172.31.36.0-255,1293,228695,11,328551
649,0.03037,172.217.27.0-255,5738,234433,11,328551
650,0.030375,172.31.36.0-255,66,234499,11,328551
651,0.031503,104.244.42.0-255,66,234565,11,328551
652,0.031523,104.244.42.0-255,66,234631,11,328551
653,0.031589,104.244.42.0-255,66,234697,11,328551
654,0.032128,172.217.27.0-255,2902,237599,11,328551
655,0.032132,172.31.36.0-255,66,237665,11,328551
656,0.032163,172.217.27.0-255,2902,240567,11,328551
657,0.032166,172.31.36.0-255,66,240633,11,328551
658,0.033889,172.217.27.0-255,2902,243535,11,328551
659,0.033895,172.31.36.0-255,66,243601,11,328551
660,0.03392,172.217.27.0-255,1484,245085,11,328551
661,0.033936,172.217.27.0-255,1484,246569,11,328551
662,0.033941,172.31.36.0-255,66,246635,11,328551
663,0.035651,172.217.27.0-255,2902,249537,11,328551
664,0.035658,172.31.36.0-255,66,249603,11,328551
665,0.035695,172.217.27.0-255,2902,252505,11,328551
666,0.035697,172.31.36.0-255,66,252571,11,328551
667,0.037421,172.217.27.0-255,2902,255473,11,328551
668,0.037432,172.31.36.0-255,66,255539,11,328551
669,0.037456,172.217.27.0-255,2902,258441,11,328551
670,0.037458,172.31.36.0-255,66,258507,11,328551
671,0.039199,172.217.27.0-255,2902,261409,11,328551
672,0.039206,172.31.36.0-255,66,261475,11,328551
673,0.039225,172.217.27.0-255,2902,264377,11,328551
674,0.039228,172.31.36.0-255,66,264443,11,328551
675,0.041008,172.217.27.0-255,2902,267345,11,328551
676,0.041017,172.31.36.0-255,66,267411,11,328551
677,0.04104,172.217.27.0-255,2902,270313,11,328551
678,0.041043,172.31.36.0-255,66,270379,11,328551
679,0.042781,172.217.27.0-255,2902,273281,11,328551
680,0.042789,172.31.36.0-255,66,273347,11,328551
681,0.042813,172.217.27.0-255,2902,276249,11,328551
682,0.042815,172.31.36.0-255,66,276315,11,328551
683,0.04457,172.217.27.0-255,5738,282053,11,328551
684,0.044576,172.31.36.0-255,66,282119,11,328551
685,0.046343,172.217.27.0-255,5738,287857,11,328551
686,0.04635,172.31.36.0-255,66,287923,11,328551
687,0.048114,172.217.27.0-255,5738,293661,11,328551
688,0.04812,172.31.36.0-255,66,293727,11,328551
689,0.049892,172.217.27.0-255,5738,299465,11,328551
690,0.049898,172.31.36.0-255,66,299531,11,328551
691,0.05166,172.217.27.0-255,5738,305269,11,328551
692,0.051668,172.31.36.0-255,66,305335,11,328551
693,0.053437,172.217.27.0-255,5738,311073,11,328551
694,0.053445,172.31.36.0-255,66,311139,11,328551
695,0.055202,172.217.27.0-255,5738,316877,11,328551
696,0.055211,172.31.36.0-255,66,316943,11,328551
697,0.056971,172.217.27.0-255,5738,322681,11,328551
698,0.056978,172.31.36.0-255,66,322747,11,328551
699,0.058755,172.217.27.0-255,5738,328485,11,328551
700,0.058761,172.31.36.0-255,66,328551,11,328551
701,0.0,74.125.24.0-255,289,289,11,269954
702,1.5e-05,172.31.36.0-255,66,355,11,269954
703,2.3e-05,74.125.24.0-255,1484,1839,11,269954
704,2.6e-05,172.31.36.0-255,66,1905,11,269954
705,3.3e-05,74.125.24.0-255,4320,6225,11,269954
706,4.4e-05,172.31.36.0-255,66,6291,11,269954
707,5.3e-05,74.125.24.0-255,7156,13447,11,269954
708,5.6e-05,172.31.36.0-255,66,13513,11,269954
709,6.2e-05,74.125.24.0-255,5738,19251,11,269954
710,6.5e-05,172.31.36.0-255,66,19317,11,269954
711,0.000108,172.31.36.0-255,66,19383,11,269954
712,0.000113,74.125.24.0-255,3961,23344,11,269954
713,0.000115,172.31.36.0-255,66,23410,11,269954
714,0.000569,74.125.24.0-255,1484,24894,11,269954
715,0.000576,172.31.36.0-255,66,24960,11,269954
716,0.000582,74.125.24.0-255,2902,27862,11,269954
717,0.000584,172.31.36.0-255,66,27928,11,269954
718,0.000598,74.125.24.0-255,5738,33666,11,269954
719,0.0006,172.31.36.0-255,66,33732,11,269954
720,0.000603,74.125.24.0-255,1484,35216,11,269954
721,0.000604,172.31.36.0-255,66,35282,11,269954
722,0.000648,74.125.24.0-255,5379,40661,11,269954
723,0.000651,172.31.36.0-255,66,40727,11,269954
724,0.000737,74.125.24.0-255,1484,42211,11,269954
725,0.000741,172.31.36.0-255,66,42277,11,269954
726,0.000746,74.125.24.0-255,2902,45179,11,269954
727,0.000748,172.31.36.0-255,66,45245,11,269954
728,0.000772,74.125.24.0-255,5738,50983,11,269954
729,0.000775,172.31.36.0-255,66,51049,11,269954
730,0.000802,74.125.24.0-255,4320,55369,11,269954
731,0.000805,172.31.36.0-255,66,55435,11,269954
732,0.000832,74.125.24.0-255,2543,57978,11,269954
733,0.00084,172.31.36.0-255,66,58044,11,269954
734,0.000853,74.125.24.0-255,7156,65200,11,269954
735,0.0009,74.125.24.0-255,1704,66904,11,269954
736,0.000919,172.31.36.0-255,66,66970,11,269954
737,0.001077,74.125.24.0-255,1484,68454,11,269954
738,0.001083,74.125.24.0-255,2902,71356,11,269954
739,0.001086,172.31.36.0-255,66,71422,11,269954
740,0.001113,74.125.24.0-255,5738,77160,11,269954
741,0.001117,74.125.24.0-255,1484,78644,11,269954
742,0.001188,172.31.36.0-255,66,78710,11,269954
743,0.001196,74.125.24.0-255,198,78908,11,269954
744,0.001274,74.125.24.0-255,1484,80392,11,269954
745,0.001295,74.125.24.0-255,2902,83294,11,269954
746,0.001299,74.125.24.0-255,2902,86196,11,269954
747,0.001302,172.31.36.0-255,66,86262,11,269954
748,0.001315,74.125.24.0-255,2902,89164,11,269954
749,0.001324,74.125.24.0-255,5738,94902,11,269954
750,0.001328,172.31.36.0-255,66,94968,11,269954
751,0.001363,74.125.24.0-255,7156,102124,11,269954
752,0.001378,172.31.36.0-255,66,102190,11,269954
753,0.00192,74.125.24.0-255,1484,103674,11,269954
754,0.001926,74.125.24.0-255,2902,106576,11,269954
755,0.00193,172.31.36.0-255,66,106642,11,269954
756,0.001962,74.125.24.0-255,5738,112380,11,269954
757,0.001968,172.31.36.0-255,66,112446,11,269954
758,0.001977,74.125.24.0-255,4320,116766,11,269954
759,0.001982,172.31.36.0-255,66,116832,11,269954
760,0.002024,74.125.24.0-255,5738,122570,11,269954
761,0.00203,172.31.36.0-255,66,122636,11,269954
762,0.002056,74.125.24.0-255,5020,127656,11,269954
763,0.002075,172.31.36.0-255,66,127722,11,269954
764,0.004391,74.125.24.0-255,5738,133460,11,269954
765,0.004399,172.31.36.0-255,66,133526,11,269954
766,0.006769,74.125.24.0-255,5738,139264,11,269954
767,0.006774,172.31.36.0-255,66,139330,11,269954
768,0.009102,74.125.24.0-255,5738,145068,11,269954
769,0.009109,172.31.36.0-255,66,145134,11,269954
770,0.011426,74.125.24.0-255,5738,150872,11,269954
771,0.011434,172.31.36.0-255,66,150938,11,269954
772,0.013757,74.125.24.0-255,5738,156676,11,269954
773,0.013765,172.31.36.0-255,66,156742,11,269954
774,0.016075,74.125.24.0-255,5738,162480,11,269954
775,0.016083,172.31.36.0-255,66,162546,11,269954
776,0.018383,74.125.24.0-255,5738,168284,11,269954
777,0.018391,172.31.36.0-255,66,168350,11,269954
778,0.020739,74.125.24.0-255,5738,174088,11,269954
779,0.020751,172.31.36.0-255,66,174154,11,269954
780,0.023104,74.125.24.0-255,5738,179892,11,269954
781,0.023113,172.31.36.0-255,66,179958,11,269954
782,0.025468,74.125.24.0-255,5738,185696,11,269954
783,0.025475,172.31.36.0-255,66,185762,11,269954
784,0.027806,74.125.24.0-255,5738,191500,11,269954
785,0.027816,172.31.36.0-255,66,191566,11,269954
786,0.030162,74.125.24.0-255,5738,197304,11,269954
787,0.030169,172.31.36.0-255,66,197370,11,269954
788,0.030769,172.31.36.0-255,172,197542,11,269954
789,0.0308,172.31.36.0-255,1107,198649,11,269954
790,0.030857,172.31.36.0-255,1514,200163,11,269954
791,0.030858,172.31.36.0-255,1297,201460,11,269954
792,0.032311,104.244.42.0-255,66,201526,11,269954
793,0.032345,104.244.42.0-255,66,201592,11,269954
794,0.032413,104.244.42.0-255,66,201658,11,269954
795,0.032464,74.125.24.0-255,4320,205978,11,269954
796,0.032469,172.31.36.0-255,66,206044,11,269954
797,0.032497,74.125.24.0-255,1484,207528,11,269954
798,0.03478,74.125.24.0-255,4320,211848,11,269954
799,0.034786,172.31.36.0-255,66,211914,11,269954
800,0.037118,74.125.24.0-255,5738,217652,11,269954
801,0.037169,172.31.36.0-255,66,217718,11,269954
802,0.039493,74.125.24.0-255,5738,223456,11,269954
803,0.039499,172.31.36.0-255,66,223522,11,269954
804,0.041833,74.125.24.0-255,5738,229260,11,269954
805,0.04184,172.31.36.0-255,66,229326,11,269954
806,0.044194,74.125.24.0-255,5738,235064,11,269954
807,0.044202,172.31.36.0-255,66,235130,11,269954
808,0.046533,74.125.24.0-255,5738,240868,11,269954
809,0.04654,172.31.36.0-255,66,240934,11,269954
810,0.048909,74.125.24.0-255,5738,246672,11,269954
811,0.048915,172.31.36.0-255,66,246738,11,269954
812,0.051255,74.125.24.0-255,5738,252476,11,269954
813,0.051261,172.31.36.0-255,66,252542,11,269954
814,0.053611,74.125.24.0-255,5738,258280,11,269954
815,0.053618,172.31.36.0-255,66,258346,11,269954
816,0.056005,74.125.24.0-255,5738,264084,11,269954
817,0.056012,172.31.36.0-255,66,264150,11,269954
818,0.058348,74.125.24.0-255,5738,269888,11,269954
819,0.058355,172.31.36.0-255,66,269954,11,269954
820,0.0,172.217.194.0-255,143,143,11,128565
821,1.4e-05,172.217.194.0-255,1484,1627,11,128565
822,2.2e-05,172.31.36.0-255,66,1693,11,128565
823,3e-05,172.217.194.0-255,2902,4595,11,128565
824,3.4e-05,172.31.36.0-255,66,4661,11,128565
825,6.3e-05,172.217.194.0-255,7156,11817,11,128565
826,6.7e-05,172.31.36.0-255,66,11883,11,128565
827,0.000116,172.31.36.0-255,66,11949,11,128565
828,0.000122,172.217.194.0-255,3961,15910,11,128565
829,0.000124,172.31.36.0-255,66,15976,11,128565
830,0.000152,172.217.194.0-255,1484,17460,11,128565
831,0.000166,172.217.194.0-255,2902,20362,11,128565
832,0.000169,172.31.36.0-255,66,20428,11,128565
833,0.000176,172.217.194.0-255,5738,26166,11,128565
834,0.000178,172.31.36.0-255,66,26232,11,128565
835,0.000215,172.31.36.0-255,66,26298,11,128565
836,0.000243,172.217.194.0-255,2543,28841,11,128565
837,0.000245,172.31.36.0-255,66,28907,11,128565
838,0.000263,172.31.36.0-255,66,28973,11,128565
839,0.000266,172.217.194.0-255,410,29383,11,128565
840,0.000378,172.217.194.0-255,364,29747,11,128565
841,0.000695,172.217.194.0-255,1484,31231,11,128565
842,0.000701,172.31.36.0-255,66,31297,11,128565
843,0.000708,172.217.194.0-255,2902,34199,11,128565
844,0.00071,172.31.36.0-255,66,34265,11,128565
845,0.000722,172.217.194.0-255,5738,40003,11,128565
846,0.000726,172.31.36.0-255,66,40069,11,128565
847,0.000729,172.217.194.0-255,1484,41553,11,128565
848,0.000765,172.31.36.0-255,66,41619,11,128565
849,0.000796,172.31.36.0-255,66,41685,11,128565
850,0.000817,172.217.194.0-255,2184,43869,11,128565
851,0.000819,172.31.36.0-255,66,43935,11,128565
852,0.00108,172.217.194.0-255,1484,45419,11,128565
853,0.001087,172.217.194.0-255,2902,48321,11,128565
854,0.001091,172.31.36.0-255,66,48387,11,128565
855,0.001098,172.217.194.0-255,4320,52707,11,128565
856,0.0011,172.31.36.0-255,66,52773,11,128565
857,0.001136,172.217.194.0-255,1484,54257,11,128565
858,0.001169,172.31.36.0-255,66,54323,11,128565
859,0.001172,172.31.36.0-255,66,54389,11,128565
860,0.001635,172.217.194.0-255,1484,55873,11,128565
861,0.001651,172.217.194.0-255,2902,58775,11,128565
862,0.001656,172.31.36.0-255,66,58841,11,128565
863,0.001688,172.217.194.0-255,5738,64579,11,128565
864,0.001691,172.31.36.0-255,66,64645,11,128565
865,0.001705,172.31.36.0-255,66,64711,11,128565
866,0.001718,172.31.36.0-255,66,64777,11,128565
867,0.001781,172.217.194.0-255,1484,66261,11,128565
868,0.001786,172.217.194.0-255,2902,69163,11,128565
869,0.001789,172.31.36.0-255,66,69229,11,128565
870,0.00182,172.217.194.0-255,5738,74967,11,128565
871,0.001823,172.31.36.0-255,66,75033,11,128565
872,0.001838,172.31.36.0-255,66,75099,11,128565
873,0.001868,172.31.36.0-255,66,75165,11,128565
874,0.001954,172.217.194.0-255,1484,76649,11,128565
875,0.001959,172.217.194.0-255,2902,79551,11,128565
876,0.001962,172.31.36.0-255,66,79617,11,128565
877,0.001998,172.217.194.0-255,5738,85355,11,128565
878,0.002001,172.31.36.0-255,66,85421,11,128565
879,0.002006,172.217.194.0-255,2902,88323,11,128565
880,0.002008,172.31.36.0-255,66,88389,11,128565
881,0.002041,172.31.36.0-255,66,88455,11,128565
882,0.002071,172.217.194.0-255,7156,95611,11,128565
883,0.002074,172.31.36.0-255,66,95677,11,128565
884,0.002098,172.217.194.0-255,3602,99279,11,128565
885,0.002101,172.31.36.0-255,66,99345,11,128565
886,0.002105,172.217.194.0-255,2902,102247,11,128565
887,0.002107,172.31.36.0-255,66,102313,11,128565
888,0.002111,172.217.194.0-255,1484,103797,11,128565
889,0.002142,172.217.194.0-255,2902,106699,11,128565
890,0.002144,172.31.36.0-255,66,106765,11,128565
891,0.002155,172.31.36.0-255,66,106831,11,128565
892,0.002165,172.217.194.0-255,2902,109733,11,128565
893,0.002168,172.31.36.0-255,66,109799,11,128565
894,0.002212,172.31.36.0-255,66,109865,11,128565
895,0.002218,172.217.194.0-255,4320,114185,11,128565
896,0.00222,172.31.36.0-255,66,114251,11,128565
897,0.002264,172.31.36.0-255,66,114317,11,128565
898,0.002278,172.31.36.0-255,66,114383,11,128565
899,0.002317,172.31.36.0-255,66,114449,11,128565
900,0.002362,172.31.36.0-255,66,114515,11,128565
901,0.002383,172.31.36.0-255,66,114581,11,128565
902,0.002409,172.217.194.0-255,5738,120319,11,128565
903,0.002412,172.31.36.0-255,66,120385,11,128565
904,0.00244,172.31.36.0-255,66,120451,11,128565
905,0.002447,172.217.194.0-255,4583,125034,11,128565
906,0.002449,172.31.36.0-255,66,125100,11,128565
907,0.002512,172.217.194.0-255,105,125205,11,128565
908,0.009996,172.31.36.0-255,105,125310,11,128565
909,0.012609,172.217.194.0-255,66,125376,11,128565
910,0.031469,172.31.36.0-255,167,125543,11,128565
911,0.031504,172.31.36.0-255,1110,126653,11,128565
912,0.031568,172.31.36.0-255,1514,128167,11,128565
913,0.03159,172.31.36.0-255,332,128499,11,128565
914,0.033221,104.244.42.0-255,66,128565,11,128565
915,0.0,74.125.24.0-255,153,153,11,244383
916,1.6e-05,172.31.36.0-255,66,219,11,244383
917,2.4e-05,74.125.24.0-255,1484,1703,11,244383
918,2.8e-05,172.31.36.0-255,66,1769,11,244383
919,4.1e-05,74.125.24.0-255,2902,4671,11,244383
920,4.4e-05,172.31.36.0-255,66,4737,11,244383
921,5.2e-05,74.125.24.0-255,7156,11893,11,244383
922,5.5e-05,172.31.36.0-255,66,11959,11,244383
923,5.7e-05,74.125.24.0-255,1484,13443,11,244383
924,6e-05,172.31.36.0-255,66,13509,11,244383
925,6.3e-05,74.125.24.0-255,650,14159,11,244383
926,6.4e-05,172.31.36.0-255,66,14225,11,244383
927,9.8e-05,74.125.24.0-255,1484,15709,11,244383
928,0.000101,172.31.36.0-255,66,15775,11,244383
929,0.000107,74.125.24.0-255,4320,20095,11,244383
930,0.000109,172.31.36.0-255,66,20161,11,244383
931,0.000117,74.125.24.0-255,1484,21645,11,244383
932,0.000119,172.31.36.0-255,66,21711,11,244383
933,0.000159,172.31.36.0-255,66,21777,11,244383
934,0.000162,74.125.24.0-255,1125,22902,11,244383
935,0.000163,172.31.36.0-255,66,22968,11,244383
936,0.000346,74.125.24.0-255,1484,24452,11,244383
937,0.000352,172.31.36.0-255,66,24518,11,244383
938,0.000358,74.125.24.0-255,2902,27420,11,244383
939,0.00036,172.31.36.0-255,66,27486,11,244383
940,0.000387,74.125.24.0-255,5738,33224,11,244383
941,0.00039,172.31.36.0-255,66,33290,11,244383
942,0.000414,74.125.24.0-255,4320,37610,11,244383
943,0.000416,172.31.36.0-255,66,37676,11,244383
944,0.000442,74.125.24.0-255,5379,43055,11,244383
945,0.000445,172.31.36.0-255,66,43121,11,244383
946,0.000451,74.125.24.0-255,5738,48859,11,244383
947,0.000454,172.31.36.0-255,66,48925,11,244383
948,0.000489,74.125.24.0-255,4320,53245,11,244383
949,0.000492,172.31.36.0-255,66,53311,11,244383
950,0.000497,74.125.24.0-255,3961,57272,11,244383
951,0.000499,172.31.36.0-255,66,57338,11,244383
952,0.000501,74.125.24.0-255,396,57734,11,244383
953,0.000643,74.125.24.0-255,1484,59218,11,244383
954,0.000647,172.31.36.0-255,66,59284,11,244383
955,0.000652,74.125.24.0-255,2902,62186,11,244383
956,0.000655,172.31.36.0-255,66,62252,11,244383
957,0.000683,74.125.24.0-255,5738,67990,11,244383
958,0.000686,172.31.36.0-255,66,68056,11,244383
959,0.000697,172.31.36.0-255,66,68122,11,244383
960,0.000723,74.125.24.0-255,4320,72442,11,244383
961,0.000725,172.31.36.0-255,66,72508,11,244383
962,0.000735,172.31.36.0-255,66,72574,11,244383
963,0.000743,74.125.24.0-255,2465,75039,11,244383
964,0.000747,172.31.36.0-255,66,75105,11,244383
965,0.000811,74.125.24.0-255,1484,76589,11,244383
966,0.000817,74.125.24.0-255,2902,79491,11,244383
967,0.000819,172.31.36.0-255,66,79557,11,244383
968,0.00085,74.125.24.0-255,2902,82459,11,244383
969,0.000853,172.31.36.0-255,66,82525,11,244383
970,0.000866,74.125.24.0-255,1484,84009,11,244383
971,0.00089,74.125.24.0-255,1484,85493,11,244383
972,0.000892,172.31.36.0-255,66,85559,11,244383
973,0.000896,74.125.24.0-255,1484,87043,11,244383
974,0.000914,172.31.36.0-255,66,87109,11,244383
975,0.000934,74.125.24.0-255,1484,88593,11,244383
976,0.000945,172.31.36.0-255,66,88659,11,244383
977,0.000991,172.31.36.0-255,66,88725,11,244383
978,0.001002,172.31.36.0-255,66,88791,11,244383
979,0.001031,74.125.24.0-255,4320,93111,11,244383
980,0.001033,172.31.36.0-255,66,93177,11,244383
981,0.001044,172.31.36.0-255,66,93243,11,244383
982,0.001285,74.125.24.0-255,1484,94727,11,244383
983,0.00129,74.125.24.0-255,1484,96211,11,244383
984,0.001294,172.31.36.0-255,66,96277,11,244383
985,0.001322,74.125.24.0-255,1484,97761,11,244383
986,0.001328,74.125.24.0-255,5738,103499,11,244383
987,0.00133,172.31.36.0-255,66,103565,11,244383
988,0.001337,74.125.24.0-255,5738,109303,11,244383
989,0.001338,172.31.36.0-255,66,109369,11,244383
990,0.00137,74.125.24.0-255,7156,116525,11,244383
991,0.001373,172.31.36.0-255,66,116591,11,244383
992,0.001384,172.31.36.0-255,66,116657,11,244383
993,0.001414,74.125.24.0-255,766,117423,11,244383
994,0.001884,74.125.24.0-255,1484,118907,11,244383
995,0.001888,172.31.36.0-255,66,118973,11,244383
996,0.001894,74.125.24.0-255,2902,121875,11,244383
997,0.001896,172.31.36.0-255,66,121941,11,244383
998,0.001899,74.125.24.0-255,1484,123425,11,244383
999,0.001925,74.125.24.0-255,4320,127745,11,244383
1000,0.001927,172.31.36.0-255,66,127811,11,244383
1001,0.001932,74.125.24.0-255,2902,130713,11,244383
1002,0.001934,172.31.36.0-255,66,130779,11,244383
1003,0.001969,172.31.36.0-255,66,130845,11,244383
1004,0.001972,74.125.24.0-255,1484,132329,11,244383
1005,0.002006,172.31.36.0-255,66,132395,11,244383
1006,0.002029,74.125.24.0-255,1484,133879,11,244383
1007,0.002043,74.125.24.0-255,2902,136781,11,244383
1008,0.002045,172.31.36.0-255,66,136847,11,244383
1009,0.00205,74.125.24.0-255,2902,139749,11,244383
1010,0.002052,172.31.36.0-255,66,139815,11,244383
1011,0.002077,74.125.24.0-255,2902,142717,11,244383
1012,0.002079,172.31.36.0-255,66,142783,11,244383
1013,0.002098,74.125.24.0-255,5738,148521,11,244383
1014,0.0021,172.31.36.0-255,66,148587,11,244383
1015,0.002113,172.31.36.0-255,66,148653,11,244383
1016,0.002179,172.31.36.0-255,66,148719,11,244383
1017,0.002211,74.125.24.0-255,5020,153739,11,244383
1018,0.002213,172.31.36.0-255,66,153805,11,244383
1019,0.002237,172.31.36.0-255,66,153871,11,244383
1020,0.002249,172.31.36.0-255,66,153937,11,244383
1021,0.002294,74.125.24.0-255,4320,158257,11,244383
1022,0.002297,172.31.36.0-255,66,158323,11,244383
1023,0.004524,74.125.24.0-255,5738,164061,11,244383
1024,0.004531,172.31.36.0-255,66,164127,11,244383
1025,0.00674,74.125.24.0-255,5738,169865,11,244383
1026,0.006746,172.31.36.0-255,66,169931,11,244383
1027,0.008922,74.125.24.0-255,5738,175669,11,244383
1028,0.008928,172.31.36.0-255,66,175735,11,244383
1029,0.011071,74.125.24.0-255,5738,181473,11,244383
1030,0.011078,172.31.36.0-255,66,181539,11,244383
1031,0.013245,74.125.24.0-255,5738,187277,11,244383
1032,0.013254,172.31.36.0-255,66,187343,11,244383
1033,0.015431,74.125.24.0-255,2902,190245,11,244383
1034,0.015439,172.31.36.0-255,66,190311,11,244383
1035,0.01547,74.125.24.0-255,2902,193213,11,244383
1036,0.015473,172.31.36.0-255,66,193279,11,244383
1037,0.01762,74.125.24.0-255,2902,196181,11,244383
1038,0.017627,172.31.36.0-255,66,196247,11,244383
1039,0.017658,74.125.24.0-255,2902,199149,11,244383
1040,0.017661,172.31.36.0-255,66,199215,11,244383
1041,0.01986,74.125.24.0-255,5738,204953,11,244383
1042,0.019867,172.31.36.0-255,66,205019,11,244383
1043,0.022056,74.125.24.0-255,5738,210757,11,244383
1044,0.022067,172.31.36.0-255,66,210823,11,244383
1045,0.024276,74.125.24.0-255,5738,216561,11,244383
1046,0.024285,172.31.36.0-255,66,216627,11,244383
1047,0.026473,74.125.24.0-255,5738,222365,11,244383
1048,0.02648,172.31.36.0-255,66,222431,11,244383
1049,0.028651,74.125.24.0-255,5738,228169,11,244383
1050,0.028659,172.31.36.0-255,66,228235,11,244383
1051,0.030848,74.125.24.0-255,5738,233973,11,244383
1052,0.030856,172.31.36.0-255,66,234039,11,244383
1053,0.033051,74.125.24.0-255,4320,238359,11,244383
1054,0.033058,172.31.36.0-255,66,238425,11,244383
1055,0.033089,74.125.24.0-255,1438,239863,11,244383
1056,0.033259,172.31.36.0-255,66,239929,11,244383
1057,0.033295,172.31.36.0-255,105,240034,11,244383
1058,0.033657,172.31.36.0-255,167,240201,11,244383
1059,0.033689,172.31.36.0-255,1111,241312,11,244383
1060,0.033745,172.31.36.0-255,1514,242826,11,244383
1061,0.033747,172.31.36.0-255,1293,244119,11,244383
1062,0.035309,104.244.42.0-255,66,244185,11,244383
1063,0.035354,104.244.42.0-255,66,244251,11,244383
1064,0.03543,104.244.42.0-255,66,244317,11,244383
1065,0.035447,74.125.24.0-255,66,244383,11,244383
1066,0.0,74.125.24.0-255,153,153,11,224508
1067,2.4e-05,172.31.36.0-255,66,219,11,224508
1068,5.6e-05,74.125.24.0-255,1484,1703,11,224508
1069,6.1e-05,172.31.36.0-255,66,1769,11,224508
1070,6.7e-05,74.125.24.0-255,2902,4671,11,224508
1071,7e-05,172.31.36.0-255,66,4737,11,224508
1072,7.6e-05,74.125.24.0-255,5738,10475,11,224508
1073,7.8e-05,172.31.36.0-255,66,10541,11,224508
1074,9.2e-05,74.125.24.0-255,2902,13443,11,224508
1075,9.5e-05,172.31.36.0-255,66,13509,11,224508
1076,0.000114,74.125.24.0-255,602,14111,11,224508
1077,0.000116,172.31.36.0-255,66,14177,11,224508
1078,0.000162,74.125.24.0-255,1484,15661,11,224508
1079,0.000166,172.31.36.0-255,66,15727,11,224508
1080,0.000171,74.125.24.0-255,2902,18629,11,224508
1081,0.000173,172.31.36.0-255,66,18695,11,224508
1082,0.00019,74.125.24.0-255,1484,20179,11,224508
1083,0.000193,172.31.36.0-255,66,20245,11,224508
1084,0.000221,74.125.24.0-255,4320,24565,11,224508
1085,0.000224,172.31.36.0-255,66,24631,11,224508
1086,0.000231,74.125.24.0-255,6797,31428,11,224508
1087,0.000233,172.31.36.0-255,66,31494,11,224508
1088,0.000256,74.125.24.0-255,1484,32978,11,224508
1089,0.000259,172.31.36.0-255,66,33044,11,224508
1090,0.000296,74.125.24.0-255,5738,38782,11,224508
1091,0.0003,172.31.36.0-255,66,38848,11,224508
1092,0.000311,172.31.36.0-255,66,38914,11,224508
1093,0.000319,74.125.24.0-255,1125,40039,11,224508
1094,0.000321,172.31.36.0-255,66,40105,11,224508
1095,0.000408,74.125.24.0-255,1484,41589,11,224508
1096,0.000414,74.125.24.0-255,2902,44491,11,224508
1097,0.000414,172.31.36.0-255,66,44557,11,224508
1098,0.000434,172.31.36.0-255,66,44623,11,224508
1099,0.000444,74.125.24.0-255,5738,50361,11,224508
1100,0.00045,172.31.36.0-255,66,50427,11,224508
1101,0.000503,74.125.24.0-255,6797,57224,11,224508
1102,0.00051,172.31.36.0-255,66,57290,11,224508
1103,0.000702,74.125.24.0-255,645,57935,11,224508
1104,0.000826,172.31.36.0-255,66,58001,11,224508
1105,0.00127,74.125.24.0-255,1484,59485,11,224508
1106,0.001281,74.125.24.0-255,2902,62387,11,224508
1107,0.001286,74.125.24.0-255,4320,66707,11,224508
1108,0.001301,74.125.24.0-255,1484,68191,11,224508
1109,0.001322,74.125.24.0-255,2902,71093,11,224508
1110,0.001336,74.125.24.0-255,5738,76831,11,224508
1111,0.00135,74.125.24.0-255,4320,81151,11,224508
1112,0.001372,74.125.24.0-255,2184,83335,11,224508
1113,0.002712,172.31.36.0-255,66,83401,11,224508
1114,0.005035,74.125.24.0-255,5738,89139,11,224508
1115,0.00504,172.31.36.0-255,66,89205,11,224508
1116,0.007357,74.125.24.0-255,4320,93525,11,224508
1117,0.007363,172.31.36.0-255,66,93591,11,224508
1118,0.007404,74.125.24.0-255,1484,95075,11,224508
1119,0.0097,74.125.24.0-255,4320,99395,11,224508
1120,0.009708,172.31.36.0-255,66,99461,11,224508
1121,0.012033,74.125.24.0-255,5738,105199,11,224508
1122,0.012095,172.31.36.0-255,66,105265,11,224508
1123,0.014422,74.125.24.0-255,5738,111003,11,224508
1124,0.014433,172.31.36.0-255,66,111069,11,224508
1125,0.016755,74.125.24.0-255,5738,116807,11,224508
1126,0.016764,172.31.36.0-255,66,116873,11,224508
1127,0.01908,74.125.24.0-255,5738,122611,11,224508
1128,0.019087,172.31.36.0-255,66,122677,11,224508
1129,0.021446,74.125.24.0-255,5738,128415,11,224508
1130,0.021454,172.31.36.0-255,66,128481,11,224508
1131,0.023768,74.125.24.0-255,5738,134219,11,224508
1132,0.023779,172.31.36.0-255,66,134285,11,224508
1133,0.024953,172.31.36.0-255,166,134451,11,224508
1134,0.024984,172.31.36.0-255,1131,135582,11,224508
1135,0.025023,172.31.36.0-255,1514,137096,11,224508
1136,0.025025,172.31.36.0-255,1273,138369,11,224508
1137,0.026105,74.125.24.0-255,5738,144107,11,224508
1138,0.026112,172.31.36.0-255,66,144173,11,224508
1139,0.026501,104.244.42.0-255,66,144239,11,224508
1140,0.026548,104.244.42.0-255,66,144305,11,224508
1141,0.026595,104.244.42.0-255,66,144371,11,224508
1142,0.02842,74.125.24.0-255,5738,150109,11,224508
1143,0.028426,172.31.36.0-255,66,150175,11,224508
1144,0.030753,74.125.24.0-255,5738,155913,11,224508
1145,0.030758,172.31.36.0-255,66,155979,11,224508
1146,0.033076,74.125.24.0-255,5738,161717,11,224508
1147,0.033082,172.31.36.0-255,66,161783,11,224508
1148,0.035389,74.125.24.0-255,5738,167521,11,224508
1149,0.035394,172.31.36.0-255,66,167587,11,224508
1150,0.037698,74.125.24.0-255,5738,173325,11,224508
1151,0.037704,172.31.36.0-255,66,173391,11,224508
1152,0.037829,172.31.36.0-255,101,173492,11,224508
1153,0.04002,74.125.24.0-255,4320,177812,11,224508
1154,0.040026,172.31.36.0-255,66,177878,11,224508
1155,0.040063,74.125.24.0-255,1484,179362,11,224508
1156,0.040123,74.125.24.0-255,66,179428,11,224508
1157,0.042355,74.125.24.0-255,4320,183748,11,224508
1158,0.042362,172.31.36.0-255,66,183814,11,224508
1159,0.04471,74.125.24.0-255,5738,189552,11,224508
1160,0.044776,172.31.36.0-255,66,189618,11,224508
1161,0.047099,74.125.24.0-255,5738,195356,11,224508
1162,0.047104,172.31.36.0-255,66,195422,11,224508
1163,0.049461,74.125.24.0-255,5738,201160,11,224508
1164,0.049466,172.31.36.0-255,66,201226,11,224508
1165,0.051807,74.125.24.0-255,5738,206964,11,224508
1166,0.051812,172.31.36.0-255,66,207030,11,224508
1167,0.054115,74.125.24.0-255,5738,212768,11,224508
1168,0.05412,172.31.36.0-255,66,212834,11,224508
1169,0.056461,74.125.24.0-255,5738,218572,11,224508
1170,0.056466,172.31.36.0-255,66,218638,11,224508
1171,0.058785,74.125.24.0-255,4320,222958,11,224508
1172,0.058791,172.31.36.0-255,66,223024,11,224508
1173,0.058817,74.125.24.0-255,1484,224508,11,224508
1174,0.0,172.31.36.0-255,66,66,11,66
1175,0.0,74.125.200.0-255,152,152,11,338756
1176,2.5e-05,172.31.36.0-255,66,218,11,338756
1177,3.2e-05,74.125.200.0-255,1484,1702,11,338756
1178,3.7e-05,172.31.36.0-255,66,1768,11,338756
1179,4.9e-05,74.125.200.0-255,1484,3252,11,338756
1180,5.2e-05,172.31.36.0-255,66,3318,11,338756
1181,8.8e-05,74.125.200.0-255,1484,4802,11,338756
1182,9.1e-05,172.31.36.0-255,66,4868,11,338756
1183,0.0001,74.125.200.0-255,5738,10606,11,338756
1184,0.000107,172.31.36.0-255,66,10672,11,338756
1185,0.000112,74.125.200.0-255,2902,13574,11,338756
1186,0.000114,172.31.36.0-255,66,13640,11,338756
1187,0.00014,74.125.200.0-255,3453,17093,11,338756
1188,0.000147,172.31.36.0-255,66,17159,11,338756
1189,0.00015,74.125.200.0-255,1484,18643,11,338756
1190,0.000152,172.31.36.0-255,66,18709,11,338756
1191,0.000157,74.125.200.0-255,2902,21611,11,338756
1192,0.00016,172.31.36.0-255,66,21677,11,338756
1193,0.000194,74.125.200.0-255,5738,27415,11,338756
1194,0.000197,172.31.36.0-255,66,27481,11,338756
1195,0.000199,74.125.200.0-255,1484,28965,11,338756
1196,0.000201,172.31.36.0-255,66,29031,11,338756
1197,0.000207,74.125.200.0-255,2902,31933,11,338756
1198,0.000214,172.31.36.0-255,66,31999,11,338756
1199,0.000242,74.125.200.0-255,5738,37737,11,338756
1200,0.000245,172.31.36.0-255,66,37803,11,338756
1201,0.000248,74.125.200.0-255,1484,39287,11,338756
1202,0.00025,172.31.36.0-255,66,39353,11,338756
1203,0.000255,74.125.200.0-255,2902,42255,11,338756
1204,0.000257,172.31.36.0-255,66,42321,11,338756
1205,0.000283,74.125.200.0-255,5738,48059,11,338756
1206,0.000285,172.31.36.0-255,66,48125,11,338756
1207,0.000293,74.125.200.0-255,766,48891,11,338756
1208,0.000312,74.125.200.0-255,1484,50375,11,338756
1209,0.000317,74.125.200.0-255,2902,53277,11,338756
1210,0.000333,74.125.200.0-255,1484,54761,11,338756
1211,0.000339,74.125.200.0-255,2902,57663,11,338756
1212,0.000354,74.125.200.0-255,2902,60565,11,338756
1213,0.000357,172.31.36.0-255,66,60631,11,338756
1214,0.000362,172.31.36.0-255,66,60697,11,338756
1215,0.000397,74.125.200.0-255,5690,66387,11,338756
1216,0.000401,74.125.200.0-255,111,66498,11,338756
1217,0.000571,172.31.36.0-255,66,66564,11,338756
1218,0.000599,74.125.200.0-255,1484,68048,11,338756
1219,0.000607,74.125.200.0-255,2902,70950,11,338756
1220,0.000634,74.125.200.0-255,5738,76688,11,338756
1221,0.000648,74.125.200.0-255,1484,78172,11,338756
1222,0.000651,172.31.36.0-255,66,78238,11,338756
1223,0.000684,74.125.200.0-255,5738,83976,11,338756
1224,0.000691,74.125.200.0-255,5738,89714,11,338756
1225,0.000701,172.31.36.0-255,66,89780,11,338756
1226,0.000725,172.31.36.0-255,66,89846,11,338756
1227,0.000757,74.125.200.0-255,2184,92030,11,338756
1228,0.000774,172.31.36.0-255,66,92096,11,338756
1229,0.001327,74.125.200.0-255,1484,93580,11,338756
1230,0.001355,74.125.200.0-255,2902,96482,11,338756
1231,0.001358,172.31.36.0-255,66,96548,11,338756
1232,0.001362,74.125.200.0-255,1484,98032,11,338756
1233,0.001365,74.125.200.0-255,1484,99516,11,338756
1234,0.001387,74.125.200.0-255,1484,101000,11,338756
1235,0.001393,74.125.200.0-255,4320,105320,11,338756
1236,0.001395,172.31.36.0-255,66,105386,11,338756
1237,0.0014,172.31.36.0-255,66,105452,11,338756
1238,0.001412,74.125.200.0-255,1484,106936,11,338756
1239,0.001416,74.125.200.0-255,1484,108420,11,338756
1240,0.00144,74.125.200.0-255,2902,111322,11,338756
1241,0.001455,74.125.200.0-255,1484,112806,11,338756
1242,0.001458,172.31.36.0-255,66,112872,11,338756
1243,0.001487,74.125.200.0-255,2902,115774,11,338756
1244,0.001494,74.125.200.0-255,5738,121512,11,338756
1245,0.001504,74.125.200.0-255,1484,122996,11,338756
1246,0.001518,74.125.200.0-255,3602,126598,11,338756
1247,0.00152,172.31.36.0-255,66,126664,11,338756
1248,0.001526,172.31.36.0-255,66,126730,11,338756
1249,0.001703,74.125.200.0-255,1484,128214,11,338756
1250,0.001709,74.125.200.0-255,2902,131116,11,338756
1251,0.001713,172.31.36.0-255,66,131182,11,338756
1252,0.001717,74.125.200.0-255,2902,134084,11,338756
1253,0.001743,74.125.200.0-255,2902,136986,11,338756
1254,0.001749,172.31.36.0-255,66,137052,11,338756
1255,0.001791,74.125.200.0-255,5738,142790,11,338756
1256,0.001822,74.125.200.0-255,1484,144274,11,338756
1257,0.001841,74.125.200.0-255,5020,149294,11,338756
1258,0.001849,74.125.200.0-255,7156,156450,11,338756
1259,0.001855,74.125.200.0-255,7156,163606,11,338756
1260,0.001858,172.31.36.0-255,66,163672,11,338756
1261,0.001873,74.125.200.0-255,1484,165156,11,338756
1262,0.001879,74.125.200.0-255,4320,169476,11,338756
1263,0.001883,172.31.36.0-255,66,169542,11,338756
1264,0.001904,74.125.200.0-255,4320,173862,11,338756
1265,0.001936,172.31.36.0-255,66,173928,11,338756
1266,0.00194,172.31.36.0-255,66,173994,11,338756
1267,0.001973,74.125.200.0-255,2902,176896,11,338756
1268,0.001988,172.31.36.0-255,66,176962,11,338756
1269,0.001994,74.125.200.0-255,4320,181282,11,338756
1270,0.002003,172.31.36.0-255,66,181348,11,338756
1271,0.002053,172.31.36.0-255,66,181414,11,338756
1272,0.002065,74.125.200.0-255,4320,185734,11,338756
1273,0.002095,74.125.200.0-255,1484,187218,11,338756
1274,0.002103,74.125.200.0-255,7156,194374,11,338756
1275,0.002122,74.125.200.0-255,4320,198694,11,338756
1276,0.002191,74.125.200.0-255,3602,202296,11,338756
1277,0.002197,74.125.200.0-255,4320,206616,11,338756
1278,0.00226,74.125.200.0-255,4320,210936,11,338756
1279,0.00228,74.125.200.0-255,5738,216674,11,338756
1280,0.0112,74.125.200.0-255,1484,218158,11,338756
1281,0.011711,172.31.36.0-255,66,218224,11,338756
1282,0.013969,74.125.200.0-255,5738,223962,11,338756
1283,0.013977,172.31.36.0-255,66,224028,11,338756
1284,0.016202,74.125.200.0-255,5738,229766,11,338756
1285,0.01621,172.31.36.0-255,66,229832,11,338756
1286,0.018455,74.125.200.0-255,5738,235570,11,338756
1287,0.018465,172.31.36.0-255,66,235636,11,338756
1288,0.020696,74.125.200.0-255,5738,241374,11,338756
1289,0.020706,172.31.36.0-255,66,241440,11,338756
1290,0.022945,74.125.200.0-255,5738,247178,11,338756
1291,0.022953,172.31.36.0-255,66,247244,11,338756
1292,0.025205,74.125.200.0-255,5738,252982,11,338756
1293,0.025213,172.31.36.0-255,66,253048,11,338756
1294,0.02744,74.125.200.0-255,5738,258786,11,338756
1295,0.027447,172.31.36.0-255,66,258852,11,338756
1296,0.029677,74.125.200.0-255,5738,264590,11,338756
1297,0.029686,172.31.36.0-255,66,264656,11,338756
1298,0.031909,74.125.200.0-255,4320,268976,11,338756
1299,0.031917,172.31.36.0-255,66,269042,11,338756
1300,0.031943,74.125.200.0-255,1484,270526,11,338756
1301,0.03415,74.125.200.0-255,4320,274846,11,338756
1302,0.034157,172.31.36.0-255,66,274912,11,338756
1303,0.036395,74.125.200.0-255,5738,280650,11,338756
1304,0.036445,172.31.36.0-255,66,280716,11,338756
1305,0.038699,74.125.200.0-255,5738,286454,11,338756
1306,0.038707,172.31.36.0-255,66,286520,11,338756
1307,0.040942,74.125.200.0-255,5738,292258,11,338756
1308,0.040952,172.31.36.0-255,66,292324,11,338756
1309,0.043211,74.125.200.0-255,5738,298062,11,338756
1310,0.043219,172.31.36.0-255,66,298128,11,338756
1311,0.045493,74.125.200.0-255,5738,303866,11,338756
1312,0.0455,172.31.36.0-255,66,303932,11,338756
1313,0.047722,74.125.200.0-255,5738,309670,11,338756
1314,0.047728,172.31.36.0-255,66,309736,11,338756
1315,0.049969,74.125.200.0-255,5738,315474,11,338756
1316,0.049976,172.31.36.0-255,66,315540,11,338756
1317,0.052228,74.125.200.0-255,5738,321278,11,338756
1318,0.05224,172.31.36.0-255,66,321344,11,338756
1319,0.054484,74.125.200.0-255,5738,327082,11,338756
1320,0.054498,172.31.36.0-255,66,327148,11,338756
1321,0.056729,74.125.200.0-255,5738,332886,11,338756
1322,0.05677,172.31.36.0-255,66,332952,11,338756
1323,0.059004,74.125.200.0-255,5738,338690,11,338756
1324,0.059011,172.31.36.0-255,66,338756,11,338756
1325,0.0,74.125.24.0-255,296,296,11,92855
1326,1.7e-05,172.31.36.0-255,66,362,11,92855
1327,2.2e-05,74.125.24.0-255,1484,1846,11,92855
1328,2.6e-05,172.31.36.0-255,66,1912,11,92855
1329,3.3e-05,74.125.24.0-255,4320,6232,11,92855
1330,3.6e-05,172.31.36.0-255,66,6298,11,92855
1331,8.7e-05,172.31.36.0-255,66,6364,11,92855
1332,0.000189,172.31.36.0-255,66,6430,11,92855
1333,0.000211,74.125.24.0-255,4320,10750,11,92855
1334,0.000214,172.31.36.0-255,66,10816,11,92855
1335,0.000345,74.125.24.0-255,7156,17972,11,92855
1336,0.00035,172.31.36.0-255,66,18038,11,92855
1337,0.000384,172.31.36.0-255,66,18104,11,92855
1338,0.000578,74.125.24.0-255,5738,23842,11,92855
1339,0.000582,172.31.36.0-255,66,23908,11,92855
1340,0.000616,172.31.36.0-255,66,23974,11,92855
1341,0.000787,74.125.24.0-255,2902,26876,11,92855
1342,0.000792,172.31.36.0-255,66,26942,11,92855
1343,0.000804,74.125.24.0-255,5738,32680,11,92855
1344,0.000808,172.31.36.0-255,66,32746,11,92855
1345,0.000863,172.31.36.0-255,66,32812,11,92855
1346,0.00116,74.125.24.0-255,7156,39968,11,92855
1347,0.001164,172.31.36.0-255,66,40034,11,92855
1348,0.00122,172.31.36.0-255,66,40100,11,92855
1349,0.001671,172.31.36.0-255,66,40166,11,92855
1350,0.001729,172.31.36.0-255,66,40232,11,92855
1351,0.002056,74.125.24.0-255,4320,44552,11,92855
1352,0.002061,172.31.36.0-255,66,44618,11,92855
1353,0.002108,172.31.36.0-255,66,44684,11,92855
1354,0.002473,172.31.36.0-255,66,44750,11,92855
1355,0.002504,172.31.36.0-255,66,44816,11,92855
1356,0.002531,172.31.36.0-255,66,44882,11,92855
1357,0.002881,74.125.24.0-255,7156,52038,11,92855
1358,0.002888,172.31.36.0-255,66,52104,11,92855
1359,0.003013,74.125.24.0-255,5738,57842,11,92855
1360,0.008025,172.31.36.0-255,66,57908,11,92855
1361,0.010571,74.125.24.0-255,5738,63646,11,92855
1362,0.010584,172.31.36.0-255,66,63712,11,92855
1363,0.013136,74.125.24.0-255,4320,68032,11,92855
1364,0.013144,172.31.36.0-255,66,68098,11,92855
1365,0.013164,74.125.24.0-255,1484,69582,11,92855
1366,0.015692,74.125.24.0-255,4320,73902,11,92855
1367,0.015696,172.31.36.0-255,66,73968,11,92855
1368,0.018256,74.125.24.0-255,5738,79706,11,92855
1369,0.018263,172.31.36.0-255,66,79772,11,92855
1370,0.020826,74.125.24.0-255,5684,85456,11,92855
1371,0.020834,172.31.36.0-255,66,85522,11,92855
1372,0.022093,172.31.36.0-255,105,85627,11,92855
1373,0.024611,74.125.24.0-255,66,85693,11,92855
1374,0.037856,172.31.36.0-255,172,85865,11,92855
1375,0.037891,172.31.36.0-255,1111,86976,11,92855
1376,0.037961,172.31.36.0-255,1514,88490,11,92855
1377,0.037963,172.31.36.0-255,1514,90004,11,92855
1378,0.037968,172.31.36.0-255,1514,91518,11,92855
1379,0.037969,172.31.36.0-255,1073,92591,11,92855
1380,0.039445,104.244.42.0-255,66,92657,11,92855
1381,0.039476,104.244.42.0-255,66,92723,11,92855
1382,0.039549,104.244.42.0-255,66,92789,11,92855
1383,0.039562,104.244.42.0-255,66,92855,11,92855
1384,0.0,74.125.200.0-255,153,153,11,349131
1385,3.2e-05,172.31.36.0-255,66,219,11,349131
1386,4e-05,74.125.200.0-255,1484,1703,11,349131
1387,4.3e-05,172.31.36.0-255,66,1769,11,349131
1388,4.8e-05,74.125.200.0-255,2902,4671,11,349131
1389,5.2e-05,172.31.36.0-255,66,4737,11,349131
1390,7.5e-05,74.125.200.0-255,5738,10475,11,349131
1391,7.8e-05,172.31.36.0-255,66,10541,11,349131
1392,8.1e-05,74.125.200.0-255,1484,12025,11,349131
1393,8.3e-05,172.31.36.0-255,66,12091,11,349131
1394,0.000106,74.125.200.0-255,2074,14165,11,349131
1395,0.000109,172.31.36.0-255,66,14231,11,349131
1396,0.000274,74.125.200.0-255,1484,15715,11,349131
1397,0.00028,172.31.36.0-255,66,15781,11,349131
1398,0.000301,74.125.200.0-255,2902,18683,11,349131
1399,0.000305,172.31.36.0-255,66,18749,11,349131
1400,0.000308,74.125.200.0-255,1484,20233,11,349131
1401,0.00031,172.31.36.0-255,66,20299,11,349131
1402,0.000336,74.125.200.0-255,4320,24619,11,349131
1403,0.000339,172.31.36.0-255,66,24685,11,349131
1404,0.000344,74.125.200.0-255,2902,27587,11,349131
1405,0.000346,172.31.36.0-255,66,27653,11,349131
1406,0.000352,74.125.200.0-255,3961,31614,11,349131
1407,0.000356,172.31.36.0-255,66,31680,11,349131
1408,0.00039,74.125.200.0-255,1484,33164,11,349131
1409,0.000393,172.31.36.0-255,66,33230,11,349131
1410,0.000399,74.125.200.0-255,2902,36132,11,349131
1411,0.000402,172.31.36.0-255,66,36198,11,349131
1412,0.000431,74.125.200.0-255,4320,40518,11,349131
1413,0.000435,172.31.36.0-255,66,40584,11,349131
1414,0.000451,74.125.200.0-255,1484,42068,11,349131
1415,0.000455,172.31.36.0-255,66,42134,11,349131
1416,0.000462,74.125.200.0-255,5738,47872,11,349131
1417,0.000465,172.31.36.0-255,66,47938,11,349131
1418,0.00048,74.125.200.0-255,1125,49063,11,349131
1419,0.000583,74.125.200.0-255,1484,50547,11,349131
1420,0.000588,172.31.36.0-255,66,50613,11,349131
1421,0.000602,74.125.200.0-255,2902,53515,11,349131
1422,0.000604,172.31.36.0-255,66,53581,11,349131
1423,0.000631,74.125.200.0-255,5738,59319,11,349131
1424,0.000634,172.31.36.0-255,66,59385,11,349131
1425,0.00064,74.125.200.0-255,2902,62287,11,349131
1426,0.000642,172.31.36.0-255,66,62353,11,349131
1427,0.000673,74.125.200.0-255,3961,66314,11,349131
1428,0.000676,172.31.36.0-255,66,66380,11,349131
1429,0.000838,74.125.200.0-255,1484,67864,11,349131
1430,0.000858,74.125.200.0-255,2902,70766,11,349131
1431,0.000861,172.31.36.0-255,66,70832,11,349131
1432,0.000867,74.125.200.0-255,4320,75152,11,349131
1433,0.000869,172.31.36.0-255,66,75218,11,349131
1434,0.000883,74.125.200.0-255,1484,76702,11,349131
1435,0.000915,172.31.36.0-255,66,76768,11,349131
1436,0.000927,172.31.36.0-255,66,76834,11,349131
1437,0.000948,74.125.200.0-255,5020,81854,11,349131
1438,0.000951,172.31.36.0-255,66,81920,11,349131
1439,0.001018,74.125.200.0-255,1484,83404,11,349131
1440,0.001024,74.125.200.0-255,2902,86306,11,349131
1441,0.001026,172.31.36.0-255,66,86372,11,349131
1442,0.001047,74.125.200.0-255,1484,87856,11,349131
1443,0.001051,74.125.200.0-255,2902,90758,11,349131
1444,0.001053,172.31.36.0-255,66,90824,11,349131
1445,0.001057,74.125.200.0-255,1484,92308,11,349131
1446,0.001076,74.125.200.0-255,4320,96628,11,349131
1447,0.001078,172.31.36.0-255,66,96694,11,349131
1448,0.001095,74.125.200.0-255,5265,101959,11,349131
1449,0.001098,172.31.36.0-255,66,102025,11,349131
1450,0.001103,74.125.200.0-255,4320,106345,11,349131
1451,0.001106,172.31.36.0-255,66,106411,11,349131
1452,0.001128,74.125.200.0-255,1484,107895,11,349131
1453,0.001131,74.125.200.0-255,1484,109379,11,349131
1454,0.001134,172.31.36.0-255,66,109445,11,349131
1455,0.001165,172.31.36.0-255,66,109511,11,349131
1456,0.00117,74.125.200.0-255,4320,113831,11,349131
1457,0.001173,172.31.36.0-255,66,113897,11,349131
1458,0.001208,74.125.200.0-255,5738,119635,11,349131
1459,0.001211,172.31.36.0-255,66,119701,11,349131
1460,0.001229,74.125.200.0-255,2184,121885,11,349131
1461,0.001231,172.31.36.0-255,66,121951,11,349131
1462,0.001478,74.125.200.0-255,1484,123435,11,349131
1463,0.001498,74.125.200.0-255,2902,126337,11,349131
1464,0.001502,172.31.36.0-255,66,126403,11,349131
1465,0.001507,74.125.200.0-255,2902,129305,11,349131
1466,0.001509,172.31.36.0-255,66,129371,11,349131
1467,0.001514,74.125.200.0-255,4320,133691,11,349131
1468,0.001517,172.31.36.0-255,66,133757,11,349131
1469,0.00154,74.125.200.0-255,2902,136659,11,349131
1470,0.001545,172.31.36.0-255,66,136725,11,349131
1471,0.00157,74.125.200.0-255,5738,142463,11,349131
1472,0.001573,172.31.36.0-255,66,142529,11,349131
1473,0.001577,74.125.200.0-255,2902,145431,11,349131
1474,0.00158,172.31.36.0-255,66,145497,11,349131
1475,0.001602,74.125.200.0-255,1484,146981,11,349131
1476,0.001622,172.31.36.0-255,66,147047,11,349131
1477,0.001639,74.125.200.0-255,766,147813,11,349131
1478,0.001642,74.125.200.0-255,211,148024,11,349131
1479,0.001687,74.125.200.0-255,1484,149508,11,349131
1480,0.001691,172.31.36.0-255,66,149574,11,349131
1481,0.001705,74.125.200.0-255,2902,152476,11,349131
1482,0.001709,172.31.36.0-255,66,152542,11,349131
1483,0.001727,74.125.200.0-255,1484,154026,11,349131
1484,0.00173,74.125.200.0-255,1484,155510,11,349131
1485,0.001734,172.31.36.0-255,66,155576,11,349131
1486,0.001734,74.125.200.0-255,2902,158478,11,349131
1487,0.001737,172.31.36.0-255,66,158544,11,349131
1488,0.001741,74.125.200.0-255,5738,164282,11,349131
1489,0.001743,172.31.36.0-255,66,164348,11,349131
1490,0.001777,172.31.36.0-255,66,164414,11,349131
1491,0.001808,74.125.200.0-255,1484,165898,11,349131
1492,0.00183,74.125.200.0-255,6438,172336,11,349131
1493,0.001834,172.31.36.0-255,66,172402,11,349131
1494,0.002154,74.125.200.0-255,1484,173886,11,349131
1495,0.002163,74.125.200.0-255,1484,175370,11,349131
1496,0.002168,172.31.36.0-255,66,175436,11,349131
1497,0.002195,74.125.200.0-255,2902,178338,11,349131
1498,0.002199,172.31.36.0-255,66,178404,11,349131
1499,0.002203,74.125.200.0-255,1484,179888,11,349131
1500,0.002222,74.125.200.0-255,4320,184208,11,349131
1501,0.002225,172.31.36.0-255,66,184274,11,349131
1502,0.002229,74.125.200.0-255,1484,185758,11,349131
1503,0.002262,74.125.200.0-255,7156,192914,11,349131
1504,0.002265,172.31.36.0-255,66,192980,11,349131
1505,0.002281,74.125.200.0-255,1484,194464,11,349131
1506,0.002286,74.125.200.0-255,2902,197366,11,349131
1507,0.002288,172.31.36.0-255,66,197432,11,349131
1508,0.002294,74.125.200.0-255,4320,201752,11,349131
1509,0.002296,172.31.36.0-255,66,201818,11,349131
1510,0.002341,74.125.200.0-255,5020,206838,11,349131
1511,0.002346,172.31.36.0-255,66,206904,11,349131
1512,0.004668,74.125.200.0-255,5738,212642,11,349131
1513,0.004675,172.31.36.0-255,66,212708,11,349131
1514,0.006987,74.125.200.0-255,5738,218446,11,349131
1515,0.006993,172.31.36.0-255,66,218512,11,349131
1516,0.009345,74.125.200.0-255,5738,224250,11,349131
1517,0.009359,172.31.36.0-255,66,224316,11,349131
1518,0.011695,74.125.200.0-255,5738,230054,11,349131
1519,0.011703,172.31.36.0-255,66,230120,11,349131
1520,0.014047,74.125.200.0-255,5738,235858,11,349131
1521,0.014056,172.31.36.0-255,66,235924,11,349131
1522,0.016394,74.125.200.0-255,5738,241662,11,349131
1523,0.016407,172.31.36.0-255,66,241728,11,349131
1524,0.01874,74.125.200.0-255,5738,247466,11,349131
1525,0.018755,172.31.36.0-255,66,247532,11,349131
1526,0.021096,74.125.200.0-255,5738,253270,11,349131
1527,0.021104,172.31.36.0-255,66,253336,11,349131
1528,0.023428,74.125.200.0-255,5738,259074,11,349131
1529,0.023439,172.31.36.0-255,66,259140,11,349131
1530,0.025603,172.31.36.0-255,167,259307,11,349131
1531,0.02563,172.31.36.0-255,1112,260419,11,349131
1532,0.025675,172.31.36.0-255,1514,261933,11,349131
1533,0.025677,172.31.36.0-255,1292,263225,11,349131
1534,0.025755,74.125.200.0-255,5738,268963,11,349131
1535,0.025762,172.31.36.0-255,66,269029,11,349131
1536,0.027181,104.244.42.0-255,66,269095,11,349131
1537,0.027208,104.244.42.0-255,66,269161,11,349131
1538,0.027269,104.244.42.0-255,66,269227,11,349131
1539,0.028072,74.125.200.0-255,5738,274965,11,349131
1540,0.028078,172.31.36.0-255,66,275031,11,349131
1541,0.030406,74.125.200.0-255,5738,280769,11,349131
1542,0.030415,172.31.36.0-255,66,280835,11,349131
1543,0.032736,74.125.200.0-255,5738,286573,11,349131
1544,0.032743,172.31.36.0-255,66,286639,11,349131
1545,0.035061,74.125.200.0-255,5738,292377,11,349131
1546,0.03507,172.31.36.0-255,66,292443,11,349131
1547,0.037381,74.125.200.0-255,5738,298181,11,349131
1548,0.037388,172.31.36.0-255,66,298247,11,349131
1549,0.039708,74.125.200.0-255,5738,303985,11,349131
1550,0.039729,172.31.36.0-255,66,304051,11,349131
1551,0.042056,74.125.200.0-255,5738,309789,11,349131
1552,0.042061,172.31.36.0-255,66,309855,11,349131
1553,0.044373,74.125.200.0-255,4320,314175,11,349131
1554,0.044378,172.31.36.0-255,66,314241,11,349131
1555,0.044406,74.125.200.0-255,1484,315725,11,349131
1556,0.046691,74.125.200.0-255,4320,320045,11,349131
1557,0.046698,172.31.36.0-255,66,320111,11,349131
1558,0.049027,74.125.200.0-255,5738,325849,11,349131
1559,0.049033,172.31.36.0-255,66,325915,11,349131
1560,0.051357,74.125.200.0-255,5738,331653,11,349131
1561,0.051365,172.31.36.0-255,66,331719,11,349131
1562,0.053681,74.125.200.0-255,5738,337457,11,349131
1563,0.053687,172.31.36.0-255,66,337523,11,349131
1564,0.056047,74.125.200.0-255,5738,343261,11,349131
1565,0.056053,172.31.36.0-255,66,343327,11,349131
1566,0.058384,74.125.200.0-255,5738,349065,11,349131
1567,0.058389,172.31.36.0-255,66,349131,11,349131
1568,0.0,172.217.194.0-255,153,153,11,120927
1569,2.9e-05,172.31.36.0-255,66,219,11,120927
1570,3.5e-05,172.217.194.0-255,1484,1703,11,120927
1571,3.9e-05,172.31.36.0-255,66,1769,11,120927
1572,4.4e-05,172.217.194.0-255,2902,4671,11,120927
1573,4.7e-05,172.31.36.0-255,66,4737,11,120927
1574,5.1e-05,172.217.194.0-255,2902,7639,11,120927
1575,5.3e-05,172.31.36.0-255,66,7705,11,120927
1576,7.1e-05,172.217.194.0-255,4320,12025,11,120927
1577,7.4e-05,172.31.36.0-255,66,12091,11,120927
1578,0.000147,172.217.194.0-255,4320,16411,11,120927
1579,0.000152,172.31.36.0-255,66,16477,11,120927
1580,0.000178,172.31.36.0-255,66,16543,11,120927
1581,0.000308,172.217.194.0-255,6797,23340,11,120927
1582,0.000313,172.31.36.0-255,66,23406,11,120927
1583,0.000388,172.217.194.0-255,4320,27726,11,120927
1584,0.000394,172.31.36.0-255,66,27792,11,120927
1585,0.000422,172.31.36.0-255,66,27858,11,120927
1586,0.000565,172.217.194.0-255,7156,35014,11,120927
1587,0.000569,172.31.36.0-255,66,35080,11,120927
1588,0.000604,172.31.36.0-255,66,35146,11,120927
1589,0.000816,172.217.194.0-255,382,35528,11,120927
1590,0.00082,172.31.36.0-255,66,35594,11,120927
1591,0.00084,172.217.194.0-255,1484,37078,11,120927
1592,0.000843,172.31.36.0-255,66,37144,11,120927
1593,0.000866,172.217.194.0-255,4320,41464,11,120927
1594,0.000869,172.31.36.0-255,66,41530,11,120927
1595,0.000932,172.217.194.0-255,2902,44432,11,120927
1596,0.000936,172.31.36.0-255,66,44498,11,120927
1597,0.000961,172.217.194.0-255,7156,51654,11,120927
1598,0.000984,172.31.36.0-255,66,51720,11,120927
1599,0.001091,172.31.36.0-255,66,51786,11,120927
1600,0.001283,172.217.194.0-255,4320,56106,11,120927
1601,0.001288,172.31.36.0-255,66,56172,11,120927
1602,0.001328,172.31.36.0-255,66,56238,11,120927
1603,0.001513,172.217.194.0-255,5738,61976,11,120927
1604,0.00152,172.31.36.0-255,66,62042,11,120927
1605,0.001582,172.31.36.0-255,66,62108,11,120927
1606,0.001999,172.217.194.0-255,1484,63592,11,120927
1607,0.002019,172.217.194.0-255,2902,66494,11,120927
1608,0.002024,172.31.36.0-255,66,66560,11,120927
1609,0.002089,172.31.36.0-255,66,66626,11,120927
1610,0.002141,172.31.36.0-255,66,66692,11,120927
1611,0.002819,172.217.194.0-255,5738,72430,11,120927
1612,0.002824,172.31.36.0-255,66,72496,11,120927
1613,0.002861,172.31.36.0-255,66,72562,11,120927
1614,0.003013,172.217.194.0-255,4320,76882,11,120927
1615,0.003017,172.31.36.0-255,66,76948,11,120927
1616,0.003412,172.31.36.0-255,66,77014,11,120927
1617,0.00388,172.31.36.0-255,66,77080,11,120927
1618,0.003948,172.31.36.0-255,66,77146,11,120927
1619,0.003967,172.31.36.0-255,66,77212,11,120927
1620,0.006256,172.217.194.0-255,5738,82950,11,120927
1621,0.006264,172.31.36.0-255,66,83016,11,120927
1622,0.00859,172.217.194.0-255,5738,88754,11,120927
1623,0.008603,172.31.36.0-255,66,88820,11,120927
1624,0.010948,172.217.194.0-255,5738,94558,11,120927
1625,0.010961,172.31.36.0-255,66,94624,11,120927
1626,0.013291,172.217.194.0-255,5738,100362,11,120927
1627,0.013305,172.31.36.0-255,66,100428,11,120927
1628,0.015579,172.217.194.0-255,5738,106166,11,120927
1629,0.015593,172.31.36.0-255,66,106232,11,120927
1630,0.017878,172.217.194.0-255,5738,111970,11,120927
1631,0.017896,172.31.36.0-255,66,112036,11,120927
1632,0.02019,172.217.194.0-255,4192,116228,11,120927
1633,0.020201,172.31.36.0-255,66,116294,11,120927
1634,0.020409,172.31.36.0-255,105,116399,11,120927
1635,0.022691,172.217.194.0-255,66,116465,11,120927
1636,0.028008,172.31.36.0-255,172,116637,11,120927
1637,0.028039,172.31.36.0-255,1107,117744,11,120927
1638,0.028094,172.31.36.0-255,1514,119258,11,120927
1639,0.028096,172.31.36.0-255,1297,120555,11,120927
1640,0.029554,104.244.42.0-255,66,120621,11,120927
1641,0.029576,104.244.42.0-255,66,120687,11,120927
1642,0.02965,104.244.42.0-255,66,120753,11,120927
1643,0.031874,104.244.42.0-255,108,120861,11,120927
1644,0.031895,172.31.36.0-255,66,120927,11,120927
1645,0.0,74.125.24.0-255,153,153,11,263600
1646,2.3e-05,172.31.36.0-255,66,219,11,263600
1647,3.1e-05,74.125.24.0-255,1484,1703,11,263600
1648,3.5e-05,172.31.36.0-255,66,1769,11,263600
1649,4.1e-05,74.125.24.0-255,2902,4671,11,263600
1650,4.5e-05,172.31.36.0-255,66,4737,11,263600
1651,5.2e-05,74.125.24.0-255,7156,11893,11,263600
1652,5.5e-05,172.31.36.0-255,66,11959,11,263600
1653,9.2e-05,172.31.36.0-255,66,12025,11,263600
1654,0.000104,74.125.24.0-255,616,12641,11,263600
1655,0.000107,172.31.36.0-255,66,12707,11,263600
1656,0.000158,74.125.24.0-255,2902,15609,11,263600
1657,0.00016,172.31.36.0-255,66,15675,11,263600
1658,0.000178,74.125.24.0-255,3961,19636,11,263600
1659,0.000181,172.31.36.0-255,66,19702,11,263600
1660,0.000214,74.125.24.0-255,1484,21186,11,263600
1661,0.000217,172.31.36.0-255,66,21252,11,263600
1662,0.000222,74.125.24.0-255,2902,24154,11,263600
1663,0.000224,172.31.36.0-255,66,24220,11,263600
1664,0.000246,74.125.24.0-255,1484,25704,11,263600
1665,0.000249,172.31.36.0-255,66,25770,11,263600
1666,0.000262,74.125.24.0-255,4320,30090,11,263600
1667,0.000264,172.31.36.0-255,66,30156,11,263600
1668,0.000295,74.125.24.0-255,1484,31640,11,263600
1669,0.000298,172.31.36.0-255,66,31706,11,263600
1670,0.000317,74.125.24.0-255,4320,36026,11,263600
1671,0.000319,172.31.36.0-255,66,36092,11,263600
1672,0.000342,172.31.36.0-255,66,36158,11,263600
1673,0.000369,74.125.24.0-255,5379,41537,11,263600
1674,0.000372,172.31.36.0-255,66,41603,11,263600
1675,0.000434,74.125.24.0-255,3961,45564,11,263600
1676,0.000438,172.31.36.0-255,66,45630,11,263600
1677,0.000442,74.125.24.0-255,413,46043,11,263600
1678,0.000471,74.125.24.0-255,329,46372,11,263600
1679,0.000598,74.125.24.0-255,1484,47856,11,263600
1680,0.000604,74.125.24.0-255,2902,50758,11,263600
1681,0.00061,74.125.24.0-255,5738,56496,11,263600
1682,0.000628,172.31.36.0-255,66,56562,11,263600
1683,0.000638,172.31.36.0-255,66,56628,11,263600
1684,0.00064,172.31.36.0-255,66,56694,11,263600
1685,0.000648,74.125.24.0-255,7156,63850,11,263600
1686,0.00065,172.31.36.0-255,66,63916,11,263600
1687,0.000675,74.125.24.0-255,5738,69654,11,263600
1688,0.000678,172.31.36.0-255,66,69720,11,263600
1689,0.00074,74.125.24.0-255,4320,74040,11,263600
1690,0.000744,172.31.36.0-255,66,74106,11,263600
1691,0.000769,74.125.24.0-255,6438,80544,11,263600
1692,0.000773,172.31.36.0-255,66,80610,11,263600
1693,0.001311,74.125.24.0-255,1484,82094,11,263600
1694,0.001316,74.125.24.0-255,1484,83578,11,263600
1695,0.001321,172.31.36.0-255,66,83644,11,263600
1696,0.001333,74.125.24.0-255,1484,85128,11,263600
1697,0.001355,74.125.24.0-255,5738,90866,11,263600
1698,0.001357,172.31.36.0-255,66,90932,11,263600
1699,0.001382,172.31.36.0-255,101,91033,11,263600
1700,0.001397,74.125.24.0-255,5738,96771,11,263600
1701,0.0014,172.31.36.0-255,66,96837,11,263600
1702,0.001419,74.125.24.0-255,7156,103993,11,263600
1703,0.001423,172.31.36.0-255,66,104059,11,263600
1704,0.001458,74.125.24.0-255,2902,106961,11,263600
1705,0.001461,172.31.36.0-255,66,107027,11,263600
1706,0.001485,172.31.36.0-255,66,107093,11,263600
1707,0.003474,74.125.24.0-255,66,107159,11,263600
1708,0.00365,74.125.24.0-255,2902,110061,11,263600
1709,0.003655,172.31.36.0-255,66,110127,11,263600
1710,0.003676,74.125.24.0-255,2902,113029,11,263600
1711,0.003679,172.31.36.0-255,66,113095,11,263600
1712,0.005802,74.125.24.0-255,2902,115997,11,263600
1713,0.005806,172.31.36.0-255,66,116063,11,263600
1714,0.005824,74.125.24.0-255,1484,117547,11,263600
1715,0.005835,74.125.24.0-255,1484,119031,11,263600
1716,0.005837,172.31.36.0-255,66,119097,11,263600
1717,0.007923,74.125.24.0-255,2902,121999,11,263600
1718,0.007926,172.31.36.0-255,66,122065,11,263600
1719,0.007993,74.125.24.0-255,2902,124967,11,263600
1720,0.007995,172.31.36.0-255,66,125033,11,263600
1721,0.010073,74.125.24.0-255,2902,127935,11,263600
1722,0.010081,172.31.36.0-255,66,128001,11,263600
1723,0.010125,74.125.24.0-255,2902,130903,11,263600
1724,0.010129,172.31.36.0-255,66,130969,11,263600
1725,0.012225,74.125.24.0-255,2902,133871,11,263600
1726,0.012232,172.31.36.0-255,66,133937,11,263600
1727,0.012305,74.125.24.0-255,2902,136839,11,263600
1728,0.012309,172.31.36.0-255,66,136905,11,263600
1729,0.014358,74.125.24.0-255,2902,139807,11,263600
1730,0.014366,172.31.36.0-255,66,139873,11,263600
1731,0.014454,74.125.24.0-255,2902,142775,11,263600
1732,0.014458,172.31.36.0-255,66,142841,11,263600
1733,0.016525,74.125.24.0-255,2902,145743,11,263600
1734,0.016532,172.31.36.0-255,66,145809,11,263600
1735,0.016601,74.125.24.0-255,2902,148711,11,263600
1736,0.016605,172.31.36.0-255,66,148777,11,263600
1737,0.018681,74.125.24.0-255,2902,151679,11,263600
1738,0.018691,172.31.36.0-255,66,151745,11,263600
1739,0.018735,74.125.24.0-255,2902,154647,11,263600
1740,0.018738,172.31.36.0-255,66,154713,11,263600
1741,0.020848,74.125.24.0-255,2902,157615,11,263600
1742,0.020856,172.31.36.0-255,66,157681,11,263600
1743,0.020904,74.125.24.0-255,2902,160583,11,263600
1744,0.020912,172.31.36.0-255,66,160649,11,263600
1745,0.023086,74.125.24.0-255,5738,166387,11,263600
1746,0.023094,172.31.36.0-255,66,166453,11,263600
1747,0.025248,74.125.24.0-255,5738,172191,11,263600
1748,0.025256,172.31.36.0-255,66,172257,11,263600
1749,0.027412,74.125.24.0-255,5738,177995,11,263600
1750,0.02742,172.31.36.0-255,66,178061,11,263600
1751,0.028987,172.31.36.0-255,167,178228,11,263600
1752,0.029017,172.31.36.0-255,1111,179339,11,263600
1753,0.029086,172.31.36.0-255,1514,180853,11,263600
1754,0.029089,172.31.36.0-255,1293,182146,11,263600
1755,0.029585,74.125.24.0-255,5738,187884,11,263600
1756,0.029592,172.31.36.0-255,66,187950,11,263600
1757,0.03068,104.244.42.0-255,66,188016,11,263600
1758,0.030716,104.244.42.0-255,66,188082,11,263600
1759,0.030763,104.244.42.0-255,66,188148,11,263600
1760,0.031747,74.125.24.0-255,5738,193886,11,263600
1761,0.031755,172.31.36.0-255,66,193952,11,263600
1762,0.033989,74.125.24.0-255,5738,199690,11,263600
1763,0.033996,172.31.36.0-255,66,199756,11,263600
1764,0.036171,74.125.24.0-255,5738,205494,11,263600
1765,0.036178,172.31.36.0-255,66,205560,11,263600
1766,0.038341,74.125.24.0-255,5738,211298,11,263600
1767,0.038349,172.31.36.0-255,66,211364,11,263600
1768,0.04049,74.125.24.0-255,5738,217102,11,263600
1769,0.040496,172.31.36.0-255,66,217168,11,263600
1770,0.042683,74.125.24.0-255,5738,222906,11,263600
1771,0.042694,172.31.36.0-255,66,222972,11,263600
1772,0.044835,74.125.24.0-255,5738,228710,11,263600
1773,0.044844,172.31.36.0-255,66,228776,11,263600
1774,0.046994,74.125.24.0-255,5738,234514,11,263600
1775,0.047001,172.31.36.0-255,66,234580,11,263600
1776,0.049157,74.125.24.0-255,5738,240318,11,263600
1777,0.049164,172.31.36.0-255,66,240384,11,263600
1778,0.051349,74.125.24.0-255,5738,246122,11,263600
1779,0.051356,172.31.36.0-255,66,246188,11,263600
1780,0.053526,74.125.24.0-255,5738,251926,11,263600
1781,0.053532,172.31.36.0-255,66,251992,11,263600
1782,0.055671,74.125.24.0-255,5738,257730,11,263600
1783,0.055677,172.31.36.0-255,66,257796,11,263600
1784,0.05781,74.125.24.0-255,5738,263534,11,263600
1785,0.057816,172.31.36.0-255,66,263600,11,263600
1786,0.0,74.125.68.0-255,153,153,11,295840
1787,2.1e-05,172.31.36.0-255,66,219,11,295840
1788,2.8e-05,74.125.68.0-255,1484,1703,11,295840
1789,3.3e-05,172.31.36.0-255,66,1769,11,295840
1790,3.8e-05,74.125.68.0-255,2902,4671,11,295840
1791,5.1e-05,172.31.36.0-255,66,4737,11,295840
1792,5.9e-05,74.125.68.0-255,4320,9057,11,295840
1793,6.1e-05,172.31.36.0-255,66,9123,11,295840
1794,0.000108,74.125.68.0-255,4920,14043,11,295840
1795,0.000112,172.31.36.0-255,66,14109,11,295840
1796,0.000197,74.125.68.0-255,1484,15593,11,295840
1797,0.000202,172.31.36.0-255,66,15659,11,295840
1798,0.000237,74.125.68.0-255,2902,18561,11,295840
1799,0.00024,172.31.36.0-255,66,18627,11,295840
1800,0.000246,74.125.68.0-255,4320,22947,11,295840
1801,0.000249,172.31.36.0-255,66,23013,11,295840
1802,0.00026,74.125.68.0-255,4320,27333,11,295840
1803,0.000263,172.31.36.0-255,66,27399,11,295840
1804,0.000292,74.125.68.0-255,1484,28883,11,295840
1805,0.000295,172.31.36.0-255,66,28949,11,295840
1806,0.000302,74.125.68.0-255,6797,35746,11,295840
1807,0.000305,172.31.36.0-255,66,35812,11,295840
1808,0.000316,74.125.68.0-255,7156,42968,11,295840
1809,0.00032,172.31.36.0-255,66,43034,11,295840
1810,0.000362,172.31.36.0-255,66,43100,11,295840
1811,0.000388,74.125.68.0-255,1484,44584,11,295840
1812,0.000391,172.31.36.0-255,66,44650,11,295840
1813,0.000396,74.125.68.0-255,2902,47552,11,295840
1814,0.000399,172.31.36.0-255,66,47618,11,295840
1815,0.000435,74.125.68.0-255,6438,54056,11,295840
1816,0.000439,172.31.36.0-255,66,54122,11,295840
1817,0.000441,74.125.68.0-255,397,54519,11,295840
1818,0.000468,74.125.68.0-255,347,54866,11,295840
1819,0.000568,74.125.68.0-255,1484,56350,11,295840
1820,0.000574,172.31.36.0-255,66,56416,11,295840
1821,0.00058,74.125.68.0-255,2902,59318,11,295840
1822,0.000582,172.31.36.0-255,66,59384,11,295840
1823,0.000585,74.125.68.0-255,1484,60868,11,295840
1824,0.00061,74.125.68.0-255,2902,63770,11,295840
1825,0.000614,172.31.36.0-255,66,63836,11,295840
1826,0.000626,74.125.68.0-255,5738,69574,11,295840
1827,0.000629,172.31.36.0-255,66,69640,11,295840
1828,0.000673,172.31.36.0-255,66,69706,11,295840
1829,0.000675,74.125.68.0-255,1484,71190,11,295840
1830,0.000702,74.125.68.0-255,4320,75510,11,295840
1831,0.000706,172.31.36.0-255,66,75576,11,295840
1832,0.000734,74.125.68.0-255,2184,77760,11,295840
1833,0.000738,172.31.36.0-255,66,77826,11,295840
1834,0.000781,74.125.68.0-255,1484,79310,11,295840
1835,0.000796,74.125.68.0-255,1484,80794,11,295840
1836,0.0008,172.31.36.0-255,66,80860,11,295840
1837,0.000805,74.125.68.0-255,2902,83762,11,295840
1838,0.000808,172.31.36.0-255,66,83828,11,295840
1839,0.000837,74.125.68.0-255,5738,89566,11,295840
1840,0.000841,172.31.36.0-255,66,89632,11,295840
1841,0.000844,74.125.68.0-255,1484,91116,11,295840
1842,0.000877,172.31.36.0-255,66,91182,11,295840
1843,0.000884,74.125.68.0-255,5738,96920,11,295840
1844,0.000886,172.31.36.0-255,66,96986,11,295840
1845,0.000912,74.125.68.0-255,5738,102724,11,295840
1846,0.000916,172.31.36.0-255,66,102790,11,295840
1847,0.000919,74.125.68.0-255,766,103556,11,295840
1848,0.000969,74.125.68.0-255,1484,105040,11,295840
1849,0.000973,172.31.36.0-255,66,105106,11,295840
1850,0.000979,74.125.68.0-255,2902,108008,11,295840
1851,0.000982,172.31.36.0-255,66,108074,11,295840
1852,0.001016,74.125.68.0-255,4320,112394,11,295840
1853,0.001022,74.125.68.0-255,5738,118132,11,295840
1854,0.001032,172.31.36.0-255,66,118198,11,295840
1855,0.001036,172.31.36.0-255,66,118264,11,295840
1856,0.00104,74.125.68.0-255,2902,121166,11,295840
1857,0.001043,172.31.36.0-255,66,121232,11,295840
1858,0.001078,74.125.68.0-255,4320,125552,11,295840
1859,0.001108,74.125.68.0-255,1484,127036,11,295840
1860,0.001125,74.125.68.0-255,2184,129220,11,295840
1861,0.001138,172.31.36.0-255,66,129286,11,295840
1862,0.001143,74.125.68.0-255,4320,133606,11,295840
1863,0.001149,172.31.36.0-255,66,133672,11,295840
1864,0.001183,74.125.68.0-255,5738,139410,11,295840
1865,0.001191,74.125.68.0-255,7156,146566,11,295840
1866,0.001249,74.125.68.0-255,4320,150886,11,295840
1867,0.001273,74.125.68.0-255,3602,154488,11,295840
1868,0.001295,172.31.36.0-255,66,154554,11,295840
1869,0.001414,74.125.68.0-255,1484,156038,11,295840
1870,0.001421,74.125.68.0-255,2902,158940,11,295840
1871,0.001431,172.31.36.0-255,66,159006,11,295840
1872,0.001444,74.125.68.0-255,5738,164744,11,295840
1873,0.001496,74.125.68.0-255,5738,170482,11,295840
1874,0.001501,172.31.36.0-255,66,170548,11,295840
1875,0.001507,172.31.36.0-255,66,170614,11,295840
1876,0.001536,74.125.68.0-255,4320,174934,11,295840
1877,0.001542,74.125.68.0-255,5020,179954,11,295840
1878,0.001569,172.31.36.0-255,66,180020,11,295840
1879,0.001643,74.125.68.0-255,1484,181504,11,295840
1880,0.001658,74.125.68.0-255,2902,184406,11,295840
1881,0.001664,74.125.68.0-255,2902,187308,11,295840
1882,0.001666,74.125.68.0-255,1484,188792,11,295840
1883,0.001694,74.125.68.0-255,2902,191694,11,295840
1884,0.001712,74.125.68.0-255,2902,194596,11,295840
1885,0.001725,74.125.68.0-255,2902,197498,11,295840
1886,0.00175,74.125.68.0-255,7156,204654,11,295840
1887,0.001753,74.125.68.0-255,766,205420,11,295840
1888,0.001792,74.125.68.0-255,1484,206904,11,295840
1889,0.001815,74.125.68.0-255,4320,211224,11,295840
1890,0.001833,74.125.68.0-255,1484,212708,11,295840
1891,0.001851,74.125.68.0-255,4320,217028,11,295840
1892,0.001893,74.125.68.0-255,1484,218512,11,295840
1893,0.001898,74.125.68.0-255,4320,222832,11,295840
1894,0.00193,74.125.68.0-255,5738,228570,11,295840
1895,0.001963,74.125.68.0-255,1484,230054,11,295840
1896,0.001991,74.125.68.0-255,5738,235792,11,295840
1897,0.00203,74.125.68.0-255,1484,237276,11,295840
1898,0.002061,74.125.68.0-255,5738,243014,11,295840
1899,0.002076,74.125.68.0-255,7156,250170,11,295840
1900,0.002084,74.125.68.0-255,7156,257326,11,295840
1901,0.002117,74.125.68.0-255,2902,260228,11,295840
1902,0.002134,74.125.68.0-255,5020,265248,11,295840
1903,0.002137,74.125.68.0-255,1484,266732,11,295840
1904,0.005224,172.31.36.0-255,66,266798,11,295840
1905,0.007358,74.125.68.0-255,5738,272536,11,295840
1906,0.007365,172.31.36.0-255,66,272602,11,295840
1907,0.009472,74.125.68.0-255,5738,278340,11,295840
1908,0.009479,172.31.36.0-255,66,278406,11,295840
1909,0.011597,74.125.68.0-255,5738,284144,11,295840
1910,0.011607,172.31.36.0-255,66,284210,11,295840
1911,0.013755,74.125.68.0-255,5738,289948,11,295840
1912,0.013767,172.31.36.0-255,66,290014,11,295840
1913,0.015861,74.125.68.0-255,1299,291313,11,295840
1914,0.017228,172.31.36.0-255,66,291379,11,295840
1915,0.017272,172.31.36.0-255,105,291484,11,295840
1916,0.01934,74.125.68.0-255,66,291550,11,295840
1917,0.023829,172.31.36.0-255,172,291722,11,295840
1918,0.02386,172.31.36.0-255,1111,292833,11,295840
1919,0.023921,172.31.36.0-255,1514,294347,11,295840
1920,0.023923,172.31.36.0-255,1295,295642,11,295840
1921,0.025433,104.244.42.0-255,66,295708,11,295840
1922,0.025455,104.244.42.0-255,66,295774,11,295840
1923,0.02553,104.244.42.0-255,66,295840,11,295840
1924,0.0,74.125.24.0-255,153,153,11,274932
1925,3.5e-05,172.31.36.0-255,66,219,11,274932
1926,4.2e-05,74.125.24.0-255,1484,1703,11,274932
1927,4.6e-05,172.31.36.0-255,66,1769,11,274932
1928,5.1e-05,74.125.24.0-255,2902,4671,11,274932
1929,5.4e-05,172.31.36.0-255,66,4737,11,274932
1930,7e-05,74.125.24.0-255,7156,11893,11,274932
1931,7.3e-05,172.31.36.0-255,66,11959,11,274932
1932,7.7e-05,74.125.24.0-255,2076,14035,11,274932
1933,8e-05,172.31.36.0-255,66,14101,11,274932
1934,0.000108,74.125.24.0-255,1484,15585,11,274932
1935,0.000116,172.31.36.0-255,66,15651,11,274932
1936,0.000121,74.125.24.0-255,2902,18553,11,274932
1937,0.000124,172.31.36.0-255,66,18619,11,274932
1938,0.00013,74.125.24.0-255,5738,24357,11,274932
1939,0.000133,172.31.36.0-255,66,24423,11,274932
1940,0.000136,74.125.24.0-255,1484,25907,11,274932
1941,0.000138,172.31.36.0-255,66,25973,11,274932
1942,0.000185,74.125.24.0-255,5379,31352,11,274932
1943,0.000189,172.31.36.0-255,66,31418,11,274932
1944,0.000318,74.125.24.0-255,1484,32902,11,274932
1945,0.000323,172.31.36.0-255,66,32968,11,274932
1946,0.000329,74.125.24.0-255,2902,35870,11,274932
1947,0.000332,172.31.36.0-255,66,35936,11,274932
1948,0.000336,74.125.24.0-255,2902,38838,11,274932
1949,0.000339,172.31.36.0-255,66,38904,11,274932
1950,0.000383,74.125.24.0-255,2902,41806,11,274932
1951,0.000388,172.31.36.0-255,66,41872,11,274932
1952,0.000395,74.125.24.0-255,6797,48669,11,274932
1953,0.000398,172.31.36.0-255,66,48735,11,274932
1954,0.000419,172.31.36.0-255,66,48801,11,274932
1955,0.000424,74.125.24.0-255,2543,51344,11,274932
1956,0.000426,172.31.36.0-255,66,51410,11,274932
1957,0.000534,74.125.24.0-255,645,52055,11,274932
1958,0.000685,74.125.24.0-255,1484,53539,11,274932
1959,0.000689,172.31.36.0-255,66,53605,11,274932
1960,0.000695,74.125.24.0-255,2902,56507,11,274932
1961,0.000697,172.31.36.0-255,66,56573,11,274932
1962,0.000735,74.125.24.0-255,5738,62311,11,274932
1963,0.000739,172.31.36.0-255,66,62377,11,274932
1964,0.000743,74.125.24.0-255,1484,63861,11,274932
1965,0.000776,172.31.36.0-255,66,63927,11,274932
1966,0.000808,74.125.24.0-255,2902,66829,11,274932
1967,0.000811,172.31.36.0-255,66,66895,11,274932
1968,0.000816,74.125.24.0-255,2902,69797,11,274932
1969,0.000818,172.31.36.0-255,66,69863,11,274932
1970,0.000836,172.31.36.0-255,66,69929,11,274932
1971,0.001136,74.125.24.0-255,1484,71413,11,274932
1972,0.001143,74.125.24.0-255,2902,74315,11,274932
1973,0.001146,172.31.36.0-255,66,74381,11,274932
1974,0.001183,74.125.24.0-255,5738,80119,11,274932
1975,0.001187,74.125.24.0-255,2902,83021,11,274932
1976,0.001188,172.31.36.0-255,66,83087,11,274932
1977,0.001193,172.31.36.0-255,66,83153,11,274932
1978,0.001238,172.31.36.0-255,66,83219,11,274932
1979,0.001256,172.31.36.0-255,66,83285,11,274932
1980,0.001259,74.125.24.0-255,766,84051,11,274932
1981,0.001343,74.125.24.0-255,1484,85535,11,274932
1982,0.001347,172.31.36.0-255,66,85601,11,274932
1983,0.001352,74.125.24.0-255,2902,88503,11,274932
1984,0.001354,172.31.36.0-255,66,88569,11,274932
1985,0.001367,74.125.24.0-255,5738,94307,11,274932
1986,0.00137,172.31.36.0-255,66,94373,11,274932
1987,0.001376,74.125.24.0-255,4320,98693,11,274932
1988,0.001378,172.31.36.0-255,66,98759,11,274932
1989,0.001421,172.31.36.0-255,66,98825,11,274932
1990,0.001429,74.125.24.0-255,7156,105981,11,274932
1991,0.001432,172.31.36.0-255,66,106047,11,274932
1992,0.001461,74.125.24.0-255,766,106813,11,274932
1993,0.001476,74.125.24.0-255,1484,108297,11,274932
1994,0.001479,172.31.36.0-255,66,108363,11,274932
1995,0.001483,74.125.24.0-255,1484,109847,11,274932
1996,0.001507,74.125.24.0-255,1484,111331,11,274932
1997,0.001511,172.31.36.0-255,66,111397,11,274932
1998,0.001519,74.125.24.0-255,5738,117135,11,274932
1999,0.001522,172.31.36.0-255,66,117201,11,274932
2000,0.00154,172.31.36.0-255,66,117267,11,274932
2001,0.001573,74.125.24.0-255,2902,120169,11,274932
2002,0.001577,172.31.36.0-255,66,120235,11,274932
2003,0.001583,74.125.24.0-255,4320,124555,11,274932
2004,0.001584,172.31.36.0-255,66,124621,11,274932
2005,0.001622,74.125.24.0-255,6438,131059,11,274932
2006,0.001626,172.31.36.0-255,66,131125,11,274932
2007,0.001644,172.31.36.0-255,66,131191,11,274932
2008,0.001651,74.125.24.0-255,7156,138347,11,274932
2009,0.001654,172.31.36.0-255,66,138413,11,274932
2010,0.001685,74.125.24.0-255,2902,141315,11,274932
2011,0.001689,172.31.36.0-255,66,141381,11,274932
2012,0.00174,172.31.36.0-255,66,141447,11,274932
2013,0.001896,74.125.24.0-255,1484,142931,11,274932
2014,0.001921,74.125.24.0-255,2902,145833,11,274932
2015,0.001925,172.31.36.0-255,66,145899,11,274932
2016,0.001932,74.125.24.0-255,5738,151637,11,274932
2017,0.001935,172.31.36.0-255,66,151703,11,274932
2018,0.001945,74.125.24.0-255,2902,154605,11,274932
2019,0.001948,172.31.36.0-255,66,154671,11,274932
2020,0.001958,74.125.24.0-255,4320,158991,11,274932
2021,0.001961,172.31.36.0-255,66,159057,11,274932
2022,0.001993,74.125.24.0-255,5738,164795,11,274932
2023,0.001997,172.31.36.0-255,66,164861,11,274932
2024,0.002009,172.31.36.0-255,66,164927,11,274932
2025,0.002165,74.125.24.0-255,1484,166411,11,274932
2026,0.002178,74.125.24.0-255,2902,169313,11,274932
2027,0.002183,172.31.36.0-255,66,169379,11,274932
2028,0.002208,74.125.24.0-255,5738,175117,11,274932
2029,0.002213,172.31.36.0-255,66,175183,11,274932
2030,0.002235,172.31.36.0-255,66,175249,11,274932
2031,0.002322,172.31.36.0-255,66,175315,11,274932
2032,0.002352,74.125.24.0-255,2184,177499,11,274932
2033,0.002363,172.31.36.0-255,66,177565,11,274932
2034,0.004656,74.125.24.0-255,2902,180467,11,274932
2035,0.004675,172.31.36.0-255,66,180533,11,274932
2036,0.004716,74.125.24.0-255,2902,183435,11,274932
2037,0.00472,172.31.36.0-255,66,183501,11,274932
2038,0.007021,74.125.24.0-255,2902,186403,11,274932
2039,0.007039,172.31.36.0-255,66,186469,11,274932
2040,0.007076,74.125.24.0-255,2902,189371,11,274932
2041,0.00708,172.31.36.0-255,66,189437,11,274932
2042,0.009386,74.125.24.0-255,2902,192339,11,274932
2043,0.009393,172.31.36.0-255,66,192405,11,274932
2044,0.009441,74.125.24.0-255,2902,195307,11,274932
2045,0.009444,172.31.36.0-255,66,195373,11,274932
2046,0.011722,74.125.24.0-255,2902,198275,11,274932
2047,0.011727,172.31.36.0-255,66,198341,11,274932
2048,0.011753,74.125.24.0-255,2902,201243,11,274932
2049,0.011755,172.31.36.0-255,66,201309,11,274932
2050,0.014037,74.125.24.0-255,2902,204211,11,274932
2051,0.014043,172.31.36.0-255,66,204277,11,274932
2052,0.014075,74.125.24.0-255,2902,207179,11,274932
2053,0.014079,172.31.36.0-255,66,207245,11,274932
2054,0.016374,74.125.24.0-255,2902,210147,11,274932
2055,0.01638,172.31.36.0-255,66,210213,11,274932
2056,0.016411,74.125.24.0-255,2902,213115,11,274932
2057,0.016414,172.31.36.0-255,66,213181,11,274932
2058,0.018763,74.125.24.0-255,5738,218919,11,274932
2059,0.018773,172.31.36.0-255,66,218985,11,274932
2060,0.0211,74.125.24.0-255,5738,224723,11,274932
2061,0.021108,172.31.36.0-255,66,224789,11,274932
2062,0.023466,74.125.24.0-255,5738,230527,11,274932
2063,0.023474,172.31.36.0-255,66,230593,11,274932
2064,0.025806,74.125.24.0-255,5738,236331,11,274932
2065,0.025813,172.31.36.0-255,66,236397,11,274932
2066,0.028156,74.125.24.0-255,5738,242135,11,274932
2067,0.028163,172.31.36.0-255,66,242201,11,274932
2068,0.030489,74.125.24.0-255,5738,247939,11,274932
2069,0.030498,172.31.36.0-255,66,248005,11,274932
2070,0.032356,172.31.36.0-255,172,248177,11,274932
2071,0.032389,172.31.36.0-255,1111,249288,11,274932
2072,0.032435,172.31.36.0-255,1514,250802,11,274932
2073,0.032437,172.31.36.0-255,1293,252095,11,274932
2074,0.032824,74.125.24.0-255,5738,257833,11,274932
2075,0.03283,172.31.36.0-255,66,257899,11,274932
2076,0.033931,104.244.42.0-255,66,257965,11,274932
2077,0.034,104.244.42.0-255,66,258031,11,274932
2078,0.034006,104.244.42.0-255,66,258097,11,274932
2079,0.035143,74.125.24.0-255,5738,263835,11,274932
2080,0.035148,172.31.36.0-255,66,263901,11,274932
2081,0.037473,74.125.24.0-255,5738,269639,11,274932
2082,0.037479,172.31.36.0-255,66,269705,11,274932
2083,0.039841,74.125.24.0-255,4990,274695,11,274932
2084,0.039862,172.31.36.0-255,66,274761,11,274932
2085,0.040027,172.31.36.0-255,105,274866,11,274932
2086,0.042295,74.125.24.0-255,66,274932,11,274932
2087,0.0,74.125.24.0-255,148,148,11,274388
2088,2.6e-05,172.31.36.0-255,66,214,11,274388
2089,3.3e-05,74.125.24.0-255,1484,1698,11,274388
2090,3.7e-05,172.31.36.0-255,66,1764,11,274388
2091,4.3e-05,74.125.24.0-255,2902,4666,11,274388
2092,4.6e-05,172.31.36.0-255,66,4732,11,274388
2093,5.4e-05,74.125.24.0-255,7156,11888,11,274388
2094,5.6e-05,172.31.36.0-255,66,11954,11,274388
2095,8.2e-05,74.125.24.0-255,2030,13984,11,274388
2096,8.4e-05,172.31.36.0-255,66,14050,11,274388
2097,0.000125,74.125.24.0-255,1484,15534,11,274388
2098,0.000127,172.31.36.0-255,66,15600,11,274388
2099,0.000132,74.125.24.0-255,2902,18502,11,274388
2100,0.000134,172.31.36.0-255,66,18568,11,274388
2101,0.000141,74.125.24.0-255,5738,24306,11,274388
2102,0.000143,172.31.36.0-255,66,24372,11,274388
2103,0.000175,74.125.24.0-255,4320,28692,11,274388
2104,0.000178,172.31.36.0-255,66,28758,11,274388
2105,0.000196,74.125.24.0-255,2543,31301,11,274388
2106,0.000198,172.31.36.0-255,66,31367,11,274388
2107,0.000331,74.125.24.0-255,1484,32851,11,274388
2108,0.000335,172.31.36.0-255,66,32917,11,274388
2109,0.000341,74.125.24.0-255,2902,35819,11,274388
2110,0.000344,172.31.36.0-255,66,35885,11,274388
2111,0.000375,74.125.24.0-255,5738,41623,11,274388
2112,0.000378,172.31.36.0-255,66,41689,11,274388
2113,0.000386,74.125.24.0-255,6797,48486,11,274388
2114,0.000388,172.31.36.0-255,66,48552,11,274388
2115,0.000413,74.125.24.0-255,5738,54290,11,274388
2116,0.000415,172.31.36.0-255,66,54356,11,274388
2117,0.000435,172.31.36.0-255,66,54422,11,274388
2118,0.000439,74.125.24.0-255,2543,56965,11,274388
2119,0.000441,172.31.36.0-255,66,57031,11,274388
2120,0.000444,74.125.24.0-255,645,57676,11,274388
2121,0.00063,74.125.24.0-255,1484,59160,11,274388
2122,0.000636,74.125.24.0-255,2902,62062,11,274388
2123,0.00064,172.31.36.0-255,66,62128,11,274388
2124,0.00065,172.31.36.0-255,66,62194,11,274388
2125,0.000656,74.125.24.0-255,5738,67932,11,274388
2126,0.000659,172.31.36.0-255,66,67998,11,274388
2127,0.000674,74.125.24.0-255,1484,69482,11,274388
2128,0.00069,74.125.24.0-255,2902,72384,11,274388
2129,0.000693,172.31.36.0-255,66,72450,11,274388
2130,0.000711,74.125.24.0-255,1484,73934,11,274388
2131,0.000751,172.31.36.0-255,66,74000,11,274388
2132,0.000782,172.31.36.0-255,66,74066,11,274388
2133,0.001141,74.125.24.0-255,1484,75550,11,274388
2134,0.001148,74.125.24.0-255,2902,78452,11,274388
2135,0.001152,172.31.36.0-255,66,78518,11,274388
2136,0.001168,74.125.24.0-255,4320,82838,11,274388
2137,0.001171,172.31.36.0-255,66,82904,11,274388
2138,0.001194,74.125.24.0-255,1484,84388,11,274388
2139,0.001202,74.125.24.0-255,7156,91544,11,274388
2140,0.001204,172.31.36.0-255,66,91610,11,274388
2141,0.001237,172.31.36.0-255,66,91676,11,274388
2142,0.001254,74.125.24.0-255,1484,93160,11,274388
2143,0.001259,74.125.24.0-255,2184,95344,11,274388
2144,0.001261,172.31.36.0-255,66,95410,11,274388
2145,0.001402,74.125.24.0-255,1484,96894,11,274388
2146,0.001406,74.125.24.0-255,1484,98378,11,274388
2147,0.001409,172.31.36.0-255,66,98444,11,274388
2148,0.001424,74.125.24.0-255,1484,99928,11,274388
2149,0.001432,74.125.24.0-255,5738,105666,11,274388
2150,0.001434,172.31.36.0-255,66,105732,11,274388
2151,0.001438,74.125.24.0-255,1484,107216,11,274388
2152,0.001471,172.31.36.0-255,66,107282,11,274388
2153,0.001489,74.125.24.0-255,5738,113020,11,274388
2154,0.001491,172.31.36.0-255,66,113086,11,274388
2155,0.001523,172.31.36.0-255,66,113152,11,274388
2156,0.001554,74.125.24.0-255,1484,114636,11,274388
2157,0.001567,74.125.24.0-255,2902,117538,11,274388
2158,0.001569,172.31.36.0-255,66,117604,11,274388
2159,0.001587,74.125.24.0-255,5738,123342,11,274388
2160,0.00159,172.31.36.0-255,66,123408,11,274388
2161,0.001593,74.125.24.0-255,1484,124892,11,274388
2162,0.001614,74.125.24.0-255,4320,129212,11,274388
2163,0.001616,172.31.36.0-255,66,129278,11,274388
2164,0.001643,172.31.36.0-255,66,129344,11,274388
2165,0.001656,172.31.36.0-255,66,129410,11,274388
2166,0.001806,74.125.24.0-255,1484,130894,11,274388
2167,0.001811,74.125.24.0-255,2902,133796,11,274388
2168,0.001814,172.31.36.0-255,66,133862,11,274388
2169,0.00182,74.125.24.0-255,2902,136764,11,274388
2170,0.001821,172.31.36.0-255,66,136830,11,274388
2171,0.001836,74.125.24.0-255,2902,139732,11,274388
2172,0.001838,172.31.36.0-255,66,139798,11,274388
2173,0.00185,172.31.36.0-255,66,139864,11,274388
2174,0.001867,74.125.24.0-255,2902,142766,11,274388
2175,0.001869,172.31.36.0-255,66,142832,11,274388
2176,0.00188,172.31.36.0-255,66,142898,11,274388
2177,0.001905,74.125.24.0-255,2184,145082,11,274388
2178,0.001939,172.31.36.0-255,66,145148,11,274388
2179,0.001959,74.125.24.0-255,2902,148050,11,274388
2180,0.001962,172.31.36.0-255,66,148116,11,274388
2181,0.001969,74.125.24.0-255,7156,155272,11,274388
2182,0.00197,172.31.36.0-255,66,155338,11,274388
2183,0.001988,172.31.36.0-255,66,155404,11,274388
2184,0.002015,172.31.36.0-255,66,155470,11,274388
2185,0.002033,74.125.24.0-255,3602,159072,11,274388
2186,0.002036,172.31.36.0-255,66,159138,11,274388
2187,0.00217,74.125.24.0-255,1484,160622,11,274388
2188,0.002176,74.125.24.0-255,2902,163524,11,274388
2189,0.002179,172.31.36.0-255,66,163590,11,274388
2190,0.002183,74.125.24.0-255,1484,165074,11,274388
2191,0.002201,74.125.24.0-255,4320,169394,11,274388
2192,0.002204,172.31.36.0-255,66,169460,11,274388
2193,0.002208,74.125.24.0-255,2902,172362,11,274388
2194,0.00221,172.31.36.0-255,66,172428,11,274388
2195,0.002247,172.31.36.0-255,66,172494,11,274388
2196,0.00225,74.125.24.0-255,1484,173978,11,274388
2197,0.002276,172.31.36.0-255,66,174044,11,274388
2198,0.005013,74.125.24.0-255,5738,179782,11,274388
2199,0.005037,172.31.36.0-255,66,179848,11,274388
2200,0.00777,74.125.24.0-255,1484,181332,11,274388
2201,0.007797,74.125.24.0-255,4320,185652,11,274388
2202,0.007803,172.31.36.0-255,66,185718,11,274388
2203,0.010555,74.125.24.0-255,5738,191456,11,274388
2204,0.010562,172.31.36.0-255,66,191522,11,274388
2205,0.01329,74.125.24.0-255,5738,197260,11,274388
2206,0.013299,172.31.36.0-255,66,197326,11,274388
2207,0.016025,74.125.24.0-255,5738,203064,11,274388
2208,0.016037,172.31.36.0-255,66,203130,11,274388
2209,0.018794,74.125.24.0-255,5738,208868,11,274388
2210,0.018805,172.31.36.0-255,66,208934,11,274388
2211,0.021541,74.125.24.0-255,5738,214672,11,274388
2212,0.021549,172.31.36.0-255,66,214738,11,274388
2213,0.024252,74.125.24.0-255,5738,220476,11,274388
2214,0.02426,172.31.36.0-255,66,220542,11,274388
2215,0.026966,74.125.24.0-255,5738,226280,11,274388
2216,0.026976,172.31.36.0-255,66,226346,11,274388
2217,0.029717,74.125.24.0-255,5738,232084,11,274388
2218,0.029724,172.31.36.0-255,66,232150,11,274388
2219,0.030096,172.31.36.0-255,172,232322,11,274388
2220,0.030126,172.31.36.0-255,1111,233433,11,274388
2221,0.030184,172.31.36.0-255,1514,234947,11,274388
2222,0.030186,172.31.36.0-255,1293,236240,11,274388
2223,0.031772,104.244.42.0-255,66,236306,11,274388
2224,0.0318,104.244.42.0-255,66,236372,11,274388
2225,0.031913,104.244.42.0-255,66,236438,11,274388
2226,0.032523,74.125.24.0-255,5738,242176,11,274388
2227,0.032528,172.31.36.0-255,66,242242,11,274388
2228,0.035288,74.125.24.0-255,5738,247980,11,274388
2229,0.035295,172.31.36.0-255,66,248046,11,274388
2230,0.038034,74.125.24.0-255,5738,253784,11,274388
2231,0.038041,172.31.36.0-255,66,253850,11,274388
2232,0.040815,74.125.24.0-255,5738,259588,11,274388
2233,0.040822,172.31.36.0-255,66,259654,11,274388
2234,0.04355,74.125.24.0-255,5738,265392,11,274388
2235,0.043557,172.31.36.0-255,66,265458,11,274388
2236,0.0463,74.125.24.0-255,5738,271196,11,274388
2237,0.04631,172.31.36.0-255,66,271262,11,274388
2238,0.049055,74.125.24.0-255,2889,274151,11,274388
2239,0.049063,172.31.36.0-255,66,274217,11,274388
2240,0.049216,172.31.36.0-255,105,274322,11,274388
2241,0.051899,74.125.24.0-255,66,274388,11,274388
2242,0.0,74.125.24.0-255,289,289,11,282318
2243,2.4e-05,172.31.36.0-255,66,355,11,282318
2244,3e-05,74.125.24.0-255,1484,1839,11,282318
2245,3.4e-05,172.31.36.0-255,66,1905,11,282318
2246,4.2e-05,74.125.24.0-255,4320,6225,11,282318
2247,4.6e-05,172.31.36.0-255,66,6291,11,282318
2248,5.1e-05,74.125.24.0-255,4320,10611,11,282318
2249,5.4e-05,172.31.36.0-255,66,10677,11,282318
2250,6e-05,74.125.24.0-255,4711,15388,11,282318
2251,6.3e-05,172.31.36.0-255,66,15454,11,282318
2252,6.9e-05,74.125.24.0-255,5738,21192,11,282318
2253,7.3e-05,172.31.36.0-255,66,21258,11,282318
2254,0.000131,74.125.24.0-255,1484,22742,11,282318
2255,0.000135,172.31.36.0-255,66,22808,11,282318
2256,0.000152,74.125.24.0-255,5738,28546,11,282318
2257,0.000155,172.31.36.0-255,66,28612,11,282318
2258,0.000175,74.125.24.0-255,2543,31155,11,282318
2259,0.000177,172.31.36.0-255,66,31221,11,282318
2260,0.000675,74.125.24.0-255,1484,32705,11,282318
2261,0.000681,172.31.36.0-255,66,32771,11,282318
2262,0.000687,74.125.24.0-255,2902,35673,11,282318
2263,0.000689,172.31.36.0-255,66,35739,11,282318
2264,0.000695,74.125.24.0-255,4320,40059,11,282318
2265,0.000697,172.31.36.0-255,66,40125,11,282318
2266,0.00072,74.125.24.0-255,1484,41609,11,282318
2267,0.000722,172.31.36.0-255,66,41675,11,282318
2268,0.000734,172.31.36.0-255,66,41741,11,282318
2269,0.000767,172.31.36.0-255,66,41807,11,282318
2270,0.000771,74.125.24.0-255,1484,43291,11,282318
2271,0.000773,172.31.36.0-255,66,43357,11,282318
2272,0.000786,74.125.24.0-255,2543,45900,11,282318
2273,0.000794,172.31.36.0-255,66,45966,11,282318
2274,0.000977,74.125.24.0-255,645,46611,11,282318
2275,0.001001,74.125.24.0-255,1484,48095,11,282318
2276,0.001004,172.31.36.0-255,66,48161,11,282318
2277,0.001026,74.125.24.0-255,4320,52481,11,282318
2278,0.001032,74.125.24.0-255,4320,56801,11,282318
2279,0.00104,172.31.36.0-255,66,56867,11,282318
2280,0.00105,74.125.24.0-255,2902,59769,11,282318
2281,0.001073,172.31.36.0-255,66,59835,11,282318
2282,0.001084,74.125.24.0-255,4320,64155,11,282318
2283,0.001088,172.31.36.0-255,66,64221,11,282318
2284,0.001099,74.125.24.0-255,2902,67123,11,282318
2285,0.001104,74.125.24.0-255,4320,71443,11,282318
2286,0.001125,74.125.24.0-255,4320,75763,11,282318
2287,0.001131,74.125.24.0-255,5020,80783,11,282318
2288,0.001142,172.31.36.0-255,66,80849,11,282318
2289,0.001511,74.125.24.0-255,1484,82333,11,282318
2290,0.001519,74.125.24.0-255,2902,85235,11,282318
2291,0.001543,74.125.24.0-255,5738,90973,11,282318
2292,0.001595,74.125.24.0-255,2902,93875,11,282318
2293,0.0016,74.125.24.0-255,4320,98195,11,282318
2294,0.001665,74.125.24.0-255,6438,104633,11,282318
2295,0.00211,74.125.24.0-255,1484,106117,11,282318
2296,0.002117,74.125.24.0-255,2902,109019,11,282318
2297,0.002121,74.125.24.0-255,1484,110503,11,282318
2298,0.002143,74.125.24.0-255,4320,114823,11,282318
2299,0.002148,74.125.24.0-255,2902,117725,11,282318
2300,0.002162,74.125.24.0-255,2902,120627,11,282318
2301,0.002181,74.125.24.0-255,2902,123529,11,282318
2302,0.002204,74.125.24.0-255,5738,129267,11,282318
2303,0.002218,74.125.24.0-255,4320,133587,11,282318
2304,0.002272,74.125.24.0-255,5020,138607,11,282318
2305,0.002277,74.125.24.0-255,4320,142927,11,282318
2306,0.002282,74.125.24.0-255,4320,147247,11,282318
2307,0.002296,74.125.24.0-255,1484,148731,11,282318
2308,0.0023,74.125.24.0-255,2902,151633,11,282318
2309,0.008196,172.31.36.0-255,66,151699,11,282318
2310,0.010471,74.125.24.0-255,5738,157437,11,282318
2311,0.010478,172.31.36.0-255,66,157503,11,282318
2312,0.012719,74.125.24.0-255,5738,163241,11,282318
2313,0.012725,172.31.36.0-255,66,163307,11,282318
2314,0.014999,74.125.24.0-255,5738,169045,11,282318
2315,0.015005,172.31.36.0-255,66,169111,11,282318
2316,0.017247,74.125.24.0-255,4320,173431,11,282318
2317,0.017255,172.31.36.0-255,66,173497,11,282318
2318,0.017277,74.125.24.0-255,1484,174981,11,282318
2319,0.019588,74.125.24.0-255,4320,179301,11,282318
2320,0.019599,172.31.36.0-255,66,179367,11,282318
2321,0.021876,74.125.24.0-255,5738,185105,11,282318
2322,0.021885,172.31.36.0-255,66,185171,11,282318
2323,0.024129,74.125.24.0-255,5738,190909,11,282318
2324,0.024137,172.31.36.0-255,66,190975,11,282318
2325,0.026377,74.125.24.0-255,5738,196713,11,282318
2326,0.026385,172.31.36.0-255,66,196779,11,282318
2327,0.028604,74.125.24.0-255,5738,202517,11,282318
2328,0.028611,172.31.36.0-255,66,202583,11,282318
2329,0.030848,74.125.24.0-255,5738,208321,11,282318
2330,0.030856,172.31.36.0-255,66,208387,11,282318
2331,0.033109,74.125.24.0-255,5738,214125,11,282318
2332,0.033117,172.31.36.0-255,66,214191,11,282318
2333,0.033316,172.31.36.0-255,167,214358,11,282318
2334,0.033346,172.31.36.0-255,1111,215469,11,282318
2335,0.033399,172.31.36.0-255,1514,216983,11,282318
2336,0.033401,172.31.36.0-255,1293,218276,11,282318
2337,0.034967,104.244.42.0-255,66,218342,11,282318
2338,0.035001,104.244.42.0-255,66,218408,11,282318
2339,0.035063,104.244.42.0-255,66,218474,11,282318
2340,0.035358,74.125.24.0-255,5738,224212,11,282318
2341,0.035364,172.31.36.0-255,66,224278,11,282318
2342,0.037606,74.125.24.0-255,5738,230016,11,282318
2343,0.037614,172.31.36.0-255,66,230082,11,282318
2344,0.039845,74.125.24.0-255,5738,235820,11,282318
2345,0.039852,172.31.36.0-255,66,235886,11,282318
2346,0.042084,74.125.24.0-255,5738,241624,11,282318
2347,0.042095,172.31.36.0-255,66,241690,11,282318
2348,0.044331,74.125.24.0-255,5738,247428,11,282318
2349,0.044337,172.31.36.0-255,66,247494,11,282318
2350,0.04659,74.125.24.0-255,5738,253232,11,282318
2351,0.046596,172.31.36.0-255,66,253298,11,282318
2352,0.048839,74.125.24.0-255,5738,259036,11,282318
2353,0.048845,172.31.36.0-255,66,259102,11,282318
2354,0.051112,74.125.24.0-255,5738,264840,11,282318
2355,0.051123,172.31.36.0-255,66,264906,11,282318
2356,0.053382,74.125.24.0-255,5738,270644,11,282318
2357,0.053392,172.31.36.0-255,66,270710,11,282318
2358,0.055642,74.125.24.0-255,5738,276448,11,282318
2359,0.055654,172.31.36.0-255,66,276514,11,282318
2360,0.057898,74.125.24.0-255,5738,282252,11,282318
2361,0.057905,172.31.36.0-255,66,282318,11,282318
2362,0.0,74.125.24.0-255,221,221,11,286021
2363,1.9e-05,172.31.36.0-255,66,287,11,286021
2364,2.7e-05,74.125.24.0-255,1484,1771,11,286021
2365,3.1e-05,172.31.36.0-255,66,1837,11,286021
2366,4.9e-05,74.125.24.0-255,4320,6157,11,286021
2367,5.4e-05,172.31.36.0-255,66,6223,11,286021
2368,6.5e-05,172.31.36.0-255,66,6289,11,286021
2369,7.3e-05,74.125.24.0-255,7156,13445,11,286021
2370,7.5e-05,172.31.36.0-255,66,13511,11,286021
2371,0.000106,74.125.24.0-255,7156,20667,11,286021
2372,0.00011,172.31.36.0-255,66,20733,11,286021
2373,0.000114,74.125.24.0-255,2543,23276,11,286021
2374,0.000117,172.31.36.0-255,66,23342,11,286021
2375,0.001122,74.125.24.0-255,1484,24826,11,286021
2376,0.001129,172.31.36.0-255,66,24892,11,286021
2377,0.00114,74.125.24.0-255,2902,27794,11,286021
2378,0.001142,172.31.36.0-255,66,27860,11,286021
2379,0.001156,74.125.24.0-255,5738,33598,11,286021
2380,0.001157,172.31.36.0-255,66,33664,11,286021
2381,0.001164,74.125.24.0-255,5738,39402,11,286021
2382,0.001167,172.31.36.0-255,66,39468,11,286021
2383,0.001196,74.125.24.0-255,2902,42370,11,286021
2384,0.001199,172.31.36.0-255,66,42436,11,286021
2385,0.001229,172.31.36.0-255,66,42502,11,286021
2386,0.001235,74.125.24.0-255,4273,46775,11,286021
2387,0.001237,172.31.36.0-255,66,46841,11,286021
2388,0.001653,74.125.24.0-255,1484,48325,11,286021
2389,0.001658,172.31.36.0-255,66,48391,11,286021
2390,0.001664,74.125.24.0-255,1484,49875,11,286021
2391,0.001667,172.31.36.0-255,66,49941,11,286021
2392,0.001672,74.125.24.0-255,2902,52843,11,286021
2393,0.001715,74.125.24.0-255,5738,58581,11,286021
2394,0.001751,74.125.24.0-255,5738,64319,11,286021
2395,0.001767,74.125.24.0-255,5738,70057,11,286021
2396,0.001786,74.125.24.0-255,7156,77213,11,286021
2397,0.0018,74.125.24.0-255,3602,80815,11,286021
2398,0.001904,172.31.36.0-255,66,80881,11,286021
2399,0.001934,74.125.24.0-255,1484,82365,11,286021
2400,0.00194,74.125.24.0-255,2902,85267,11,286021
2401,0.001947,74.125.24.0-255,5738,91005,11,286021
2402,0.001973,172.31.36.0-255,66,91071,11,286021
2403,0.002029,74.125.24.0-255,5738,96809,11,286021
2404,0.002044,74.125.24.0-255,4320,101129,11,286021
2405,0.002049,74.125.24.0-255,2902,104031,11,286021
2406,0.002055,172.31.36.0-255,66,104097,11,286021
2407,0.002076,74.125.24.0-255,2184,106281,11,286021
2408,0.002088,172.31.36.0-255,66,106347,11,286021
2409,0.002119,74.125.24.0-255,2902,109249,11,286021
2410,0.002132,172.31.36.0-255,66,109315,11,286021
2411,0.002157,74.125.24.0-255,4320,113635,11,286021
2412,0.002173,74.125.24.0-255,5738,119373,11,286021
2413,0.002177,172.31.36.0-255,66,119439,11,286021
2414,0.002206,74.125.24.0-255,2902,122341,11,286021
2415,0.002211,172.31.36.0-255,66,122407,11,286021
2416,0.002223,74.125.24.0-255,5020,127427,11,286021
2417,0.00225,172.31.36.0-255,66,127493,11,286021
2418,0.002349,74.125.24.0-255,1484,128977,11,286021
2419,0.002354,74.125.24.0-255,2902,131879,11,286021
2420,0.002377,172.31.36.0-255,66,131945,11,286021
2421,0.002399,74.125.24.0-255,4320,136265,11,286021
2422,0.002416,172.31.36.0-255,66,136331,11,286021
2423,0.002442,74.125.24.0-255,1484,137815,11,286021
2424,0.002474,74.125.24.0-255,4320,142135,11,286021
2425,0.002479,74.125.24.0-255,4320,146455,11,286021
2426,0.002484,172.31.36.0-255,66,146521,11,286021
2427,0.00252,74.125.24.0-255,1484,148005,11,286021
2428,0.002535,172.31.36.0-255,66,148071,11,286021
2429,0.005017,74.125.24.0-255,5738,153809,11,286021
2430,0.005025,172.31.36.0-255,66,153875,11,286021
2431,0.007506,74.125.24.0-255,5738,159613,11,286021
2432,0.007512,172.31.36.0-255,66,159679,11,286021
2433,0.009989,74.125.24.0-255,5738,165417,11,286021
2434,0.009996,172.31.36.0-255,66,165483,11,286021
2435,0.012483,74.125.24.0-255,5738,171221,11,286021
2436,0.012491,172.31.36.0-255,66,171287,11,286021
2437,0.014951,74.125.24.0-255,5738,177025,11,286021
2438,0.014959,172.31.36.0-255,66,177091,11,286021
2439,0.017439,74.125.24.0-255,5738,182829,11,286021
2440,0.017446,172.31.36.0-255,66,182895,11,286021
2441,0.019943,74.125.24.0-255,5738,188633,11,286021
2442,0.019953,172.31.36.0-255,66,188699,11,286021
2443,0.022434,74.125.24.0-255,5738,194437,11,286021
2444,0.022443,172.31.36.0-255,66,194503,11,286021
2445,0.024908,74.125.24.0-255,5738,200241,11,286021
2446,0.024917,172.31.36.0-255,66,200307,11,286021
2447,0.027143,172.31.36.0-255,172,200479,11,286021
2448,0.027196,172.31.36.0-255,1111,201590,11,286021
2449,0.027298,172.31.36.0-255,1514,203104,11,286021
2450,0.027301,172.31.36.0-255,1514,204618,11,286021
2451,0.027309,172.31.36.0-255,1514,206132,11,286021
2452,0.02731,172.31.36.0-255,1073,207205,11,286021
2453,0.027369,74.125.24.0-255,4320,211525,11,286021
2454,0.027375,172.31.36.0-255,66,211591,11,286021
2455,0.027406,74.125.24.0-255,1484,213075,11,286021
2456,0.028807,104.244.42.0-255,66,213141,11,286021
2457,0.028879,104.244.42.0-255,66,213207,11,286021
2458,0.028983,104.244.42.0-255,66,213273,11,286021
2459,0.028996,104.244.42.0-255,66,213339,11,286021
2460,0.029846,74.125.24.0-255,4320,217659,11,286021
2461,0.029851,172.31.36.0-255,66,217725,11,286021
2462,0.032335,74.125.24.0-255,5738,223463,11,286021
2463,0.032383,172.31.36.0-255,66,223529,11,286021
2464,0.034896,74.125.24.0-255,5738,229267,11,286021
2465,0.034903,172.31.36.0-255,66,229333,11,286021
2466,0.037376,74.125.24.0-255,5738,235071,11,286021
2467,0.037382,172.31.36.0-255,66,235137,11,286021
2468,0.039828,74.125.24.0-255,5738,240875,11,286021
2469,0.039835,172.31.36.0-255,66,240941,11,286021
2470,0.042319,74.125.24.0-255,5738,246679,11,286021
2471,0.042326,172.31.36.0-255,66,246745,11,286021
2472,0.044821,74.125.24.0-255,5738,252483,11,286021
2473,0.044828,172.31.36.0-255,66,252549,11,286021
2474,0.047294,74.125.24.0-255,5738,258287,11,286021
2475,0.0473,172.31.36.0-255,66,258353,11,286021
2476,0.049749,74.125.24.0-255,5738,264091,11,286021
2477,0.049755,172.31.36.0-255,66,264157,11,286021
2478,0.052197,74.125.24.0-255,5738,269895,11,286021
2479,0.052204,172.31.36.0-255,66,269961,11,286021
2480,0.054646,74.125.24.0-255,5738,275699,11,286021
2481,0.054652,172.31.36.0-255,66,275765,11,286021
2482,0.057116,74.125.24.0-255,4320,280085,11,286021
2483,0.057122,172.31.36.0-255,66,280151,11,286021
2484,0.057151,74.125.24.0-255,1484,281635,11,286021
2485,0.059573,74.125.24.0-255,4320,285955,11,286021
2486,0.05958,172.31.36.0-255,66,286021,11,286021
2487,0.0,74.125.24.0-255,156,156,11,216398
2488,3.6e-05,172.31.36.0-255,66,222,11,216398
2489,4.4e-05,74.125.24.0-255,1484,1706,11,216398
2490,4.9e-05,172.31.36.0-255,66,1772,11,216398
2491,6.3e-05,74.125.24.0-255,2902,4674,11,216398
2492,6.7e-05,172.31.36.0-255,66,4740,11,216398
2493,7.4e-05,74.125.24.0-255,7156,11896,11,216398
2494,7.7e-05,172.31.36.0-255,66,11962,11,216398
2495,8.1e-05,74.125.24.0-255,2048,14010,11,216398
2496,8.4e-05,172.31.36.0-255,66,14076,11,216398
2497,9.6e-05,172.31.36.0-255,66,14142,11,216398
2498,0.000103,74.125.24.0-255,5738,19880,11,216398
2499,0.000106,172.31.36.0-255,66,19946,11,216398
2500,0.000158,74.125.24.0-255,4320,24266,11,216398
2501,0.000162,172.31.36.0-255,66,24332,11,216398
2502,0.000207,172.31.36.0-255,66,24398,11,216398
2503,0.000229,172.31.36.0-255,66,24464,11,216398
2504,0.000575,74.125.24.0-255,645,25109,11,216398
2505,0.000581,172.31.36.0-255,66,25175,11,216398
2506,0.000939,74.125.24.0-255,1484,26659,11,216398
2507,0.000946,172.31.36.0-255,66,26725,11,216398
2508,0.000955,74.125.24.0-255,2902,29627,11,216398
2509,0.000957,172.31.36.0-255,66,29693,11,216398
2510,0.000972,74.125.24.0-255,5738,35431,11,216398
2511,0.000975,172.31.36.0-255,66,35497,11,216398
2512,0.00098,74.125.24.0-255,2902,38399,11,216398
2513,0.000982,172.31.36.0-255,66,38465,11,216398
2514,0.001026,172.31.36.0-255,66,38531,11,216398
2515,0.001195,74.125.24.0-255,1484,40015,11,216398
2516,0.001202,74.125.24.0-255,1484,41499,11,216398
2517,0.001219,74.125.24.0-255,1484,42983,11,216398
2518,0.001224,74.125.24.0-255,5738,48721,11,216398
2519,0.001245,74.125.24.0-255,2902,51623,11,216398
2520,0.001274,74.125.24.0-255,7156,58779,11,216398
2521,0.001345,74.125.24.0-255,3602,62381,11,216398
2522,0.001573,74.125.24.0-255,1484,63865,11,216398
2523,0.001581,74.125.24.0-255,2902,66767,11,216398
2524,0.001594,74.125.24.0-255,1484,68251,11,216398
2525,0.00161,74.125.24.0-255,4320,72571,11,216398
2526,0.001615,74.125.24.0-255,2902,75473,11,216398
2527,0.001626,74.125.24.0-255,4320,79793,11,216398
2528,0.001674,74.125.24.0-255,2902,82695,11,216398
2529,0.00169,74.125.24.0-255,5738,88433,11,216398
2530,0.001731,74.125.24.0-255,1484,89917,11,216398
2531,0.001734,74.125.24.0-255,1484,91401,11,216398
2532,0.001747,74.125.24.0-255,1484,92885,11,216398
2533,0.001751,74.125.24.0-255,2902,95787,11,216398
2534,0.001768,74.125.24.0-255,2902,98689,11,216398
2535,0.001772,74.125.24.0-255,2902,101591,11,216398
2536,0.00179,74.125.24.0-255,7156,108747,11,216398
2537,0.0018,74.125.24.0-255,2902,111649,11,216398
2538,0.001816,74.125.24.0-255,1484,113133,11,216398
2539,0.001878,74.125.24.0-255,1484,114617,11,216398
2540,0.001882,74.125.24.0-255,2902,117519,11,216398
2541,0.001902,74.125.24.0-255,5738,123257,11,216398
2542,0.001951,74.125.24.0-255,2902,126159,11,216398
2543,0.001971,74.125.24.0-255,4320,130479,11,216398
2544,0.002109,74.125.24.0-255,1484,131963,11,216398
2545,0.002121,74.125.24.0-255,2902,134865,11,216398
2546,0.002134,74.125.24.0-255,5738,140603,11,216398
2547,0.002181,74.125.24.0-255,2902,143505,11,216398
2548,0.002221,74.125.24.0-255,2184,145689,11,216398
2549,0.002282,74.125.24.0-255,1484,147173,11,216398
2550,0.002295,74.125.24.0-255,2902,150075,11,216398
2551,0.002318,74.125.24.0-255,5738,155813,11,216398
2552,0.002323,74.125.24.0-255,4320,160133,11,216398
2553,0.002351,74.125.24.0-255,4320,164453,11,216398
2554,0.002366,74.125.24.0-255,7156,171609,11,216398
2555,0.002409,74.125.24.0-255,1484,173093,11,216398
2556,0.00244,74.125.24.0-255,7156,180249,11,216398
2557,0.00246,74.125.24.0-255,6438,186687,11,216398
2558,0.002537,74.125.24.0-255,1484,188171,11,216398
2559,0.00257,74.125.24.0-255,1484,189655,11,216398
2560,0.00259,74.125.24.0-255,7156,196811,11,216398
2561,0.007448,172.31.36.0-255,66,196877,11,216398
2562,0.010052,74.125.24.0-255,5738,202615,11,216398
2563,0.010066,172.31.36.0-255,66,202681,11,216398
2564,0.012613,74.125.24.0-255,5738,208419,11,216398
2565,0.012622,172.31.36.0-255,66,208485,11,216398
2566,0.015139,74.125.24.0-255,4356,212841,11,216398
2567,0.015145,172.31.36.0-255,66,212907,11,216398
2568,0.015324,172.31.36.0-255,105,213012,11,216398
2569,0.017852,74.125.24.0-255,66,213078,11,216398
2570,0.026096,172.31.36.0-255,167,213245,11,216398
2571,0.026125,172.31.36.0-255,1109,214354,11,216398
2572,0.026178,172.31.36.0-255,1514,215868,11,216398
2573,0.02618,172.31.36.0-255,332,216200,11,216398
2574,0.027606,104.244.42.0-255,66,216266,11,216398
2575,0.027635,104.244.42.0-255,66,216332,11,216398
2576,0.027736,104.244.42.0-255,66,216398,11,216398
2577,0.0,74.125.24.0-255,148,148,11,204315
2578,2.3e-05,172.31.36.0-255,66,214,11,204315
2579,3.2e-05,74.125.24.0-255,1484,1698,11,204315
2580,3.6e-05,172.31.36.0-255,66,1764,11,204315
2581,4.2e-05,74.125.24.0-255,2902,4666,11,204315
2582,4.6e-05,172.31.36.0-255,66,4732,11,204315
2583,5.2e-05,74.125.24.0-255,4320,9052,11,204315
2584,5.5e-05,172.31.36.0-255,66,9118,11,204315
2585,6.2e-05,74.125.24.0-255,7156,16274,11,204315
2586,6.5e-05,172.31.36.0-255,66,16340,11,204315
2587,9.3e-05,74.125.24.0-255,2085,18425,11,204315
2588,9.5e-05,172.31.36.0-255,66,18491,11,204315
2589,0.000109,172.31.36.0-255,66,18557,11,204315
2590,0.000142,74.125.24.0-255,4320,22877,11,204315
2591,0.000143,172.31.36.0-255,66,22943,11,204315
2592,0.000175,172.31.36.0-255,66,23009,11,204315
2593,0.000198,74.125.24.0-255,3602,26611,11,204315
2594,0.0002,172.31.36.0-255,66,26677,11,204315
2595,0.000207,74.125.24.0-255,7132,33809,11,204315
2596,0.000209,172.31.36.0-255,66,33875,11,204315
2597,0.00027,74.125.24.0-255,1484,35359,11,204315
2598,0.000273,172.31.36.0-255,66,35425,11,204315
2599,0.000279,74.125.24.0-255,2902,38327,11,204315
2600,0.000281,172.31.36.0-255,66,38393,11,204315
2601,0.000308,74.125.24.0-255,5738,44131,11,204315
2602,0.00031,172.31.36.0-255,66,44197,11,204315
2603,0.000315,74.125.24.0-255,5738,49935,11,204315
2604,0.000317,172.31.36.0-255,66,50001,11,204315
2605,0.000335,74.125.24.0-255,7156,57157,11,204315
2606,0.000337,172.31.36.0-255,66,57223,11,204315
2607,0.000347,172.31.36.0-255,66,57289,11,204315
2608,0.000385,74.125.24.0-255,1484,58773,11,204315
2609,0.000409,172.31.36.0-255,66,58839,11,204315
2610,0.000432,74.125.24.0-255,5784,64623,11,204315
2611,0.000434,172.31.36.0-255,66,64689,11,204315
2612,0.000437,74.125.24.0-255,1484,66173,11,204315
2613,0.000451,74.125.24.0-255,1484,67657,11,204315
2614,0.000453,172.31.36.0-255,66,67723,11,204315
2615,0.000459,74.125.24.0-255,4320,72043,11,204315
2616,0.000461,172.31.36.0-255,66,72109,11,204315
2617,0.000467,74.125.24.0-255,7156,79265,11,204315
2618,0.000469,172.31.36.0-255,66,79331,11,204315
2619,0.000485,74.125.24.0-255,1484,80815,11,204315
2620,0.000489,74.125.24.0-255,2902,83717,11,204315
2621,0.000491,172.31.36.0-255,66,83783,11,204315
2622,0.000528,172.31.36.0-255,66,83849,11,204315
2623,0.000532,74.125.24.0-255,4320,88169,11,204315
2624,0.000534,172.31.36.0-255,66,88235,11,204315
2625,0.000561,74.125.24.0-255,2902,91137,11,204315
2626,0.000563,172.31.36.0-255,66,91203,11,204315
2627,0.000573,172.31.36.0-255,66,91269,11,204315
2628,0.000609,74.125.24.0-255,1484,92753,11,204315
2629,0.000636,172.31.36.0-255,66,92819,11,204315
2630,0.00064,74.125.24.0-255,2902,95721,11,204315
2631,0.000641,172.31.36.0-255,66,95787,11,204315
2632,0.000657,74.125.24.0-255,6438,102225,11,204315
2633,0.00066,172.31.36.0-255,66,102291,11,204315
2634,0.00067,172.31.36.0-255,66,102357,11,204315
2635,0.0007,74.125.24.0-255,4320,106677,11,204315
2636,0.000702,172.31.36.0-255,66,106743,11,204315
2637,0.000732,172.31.36.0-255,66,106809,11,204315
2638,0.000734,74.125.24.0-255,1484,108293,11,204315
2639,0.000755,172.31.36.0-255,66,108359,11,204315
2640,0.00076,74.125.24.0-255,4320,112679,11,204315
2641,0.000762,172.31.36.0-255,66,112745,11,204315
2642,0.000783,172.31.36.0-255,66,112811,11,204315
2643,0.000786,74.125.24.0-255,1484,114295,11,204315
2644,0.000806,172.31.36.0-255,66,114361,11,204315
2645,0.000861,74.125.24.0-255,1484,115845,11,204315
2646,0.000868,74.125.24.0-255,1484,117329,11,204315
2647,0.000871,172.31.36.0-255,66,117395,11,204315
2648,0.000887,74.125.24.0-255,1484,118879,11,204315
2649,0.000893,74.125.24.0-255,5738,124617,11,204315
2650,0.000895,172.31.36.0-255,66,124683,11,204315
2651,0.000901,74.125.24.0-255,4320,129003,11,204315
2652,0.000903,172.31.36.0-255,66,129069,11,204315
2653,0.000917,74.125.24.0-255,1484,130553,11,204315
2654,0.000932,74.125.24.0-255,4320,134873,11,204315
2655,0.000934,172.31.36.0-255,66,134939,11,204315
2656,0.000962,172.31.36.0-255,66,135005,11,204315
2657,0.000968,74.125.24.0-255,5020,140025,11,204315
2658,0.00097,172.31.36.0-255,66,140091,11,204315
2659,0.001,74.125.24.0-255,4320,144411,11,204315
2660,0.001005,172.31.36.0-255,66,144477,11,204315
2661,0.001025,74.125.24.0-255,5738,150215,11,204315
2662,0.001027,74.125.24.0-255,1484,151699,11,204315
2663,0.001031,172.31.36.0-255,66,151765,11,204315
2664,0.001062,172.31.36.0-255,66,151831,11,204315
2665,0.001073,172.31.36.0-255,66,151897,11,204315
2666,0.001093,74.125.24.0-255,766,152663,11,204315
2667,0.001126,74.125.24.0-255,1484,154147,11,204315
2668,0.001129,172.31.36.0-255,66,154213,11,204315
2669,0.001135,74.125.24.0-255,4320,158533,11,204315
2670,0.001137,172.31.36.0-255,66,158599,11,204315
2671,0.00114,74.125.24.0-255,1484,160083,11,204315
2672,0.001161,74.125.24.0-255,4320,164403,11,204315
2673,0.001164,172.31.36.0-255,66,164469,11,204315
2674,0.00117,74.125.24.0-255,5738,170207,11,204315
2675,0.001172,172.31.36.0-255,66,170273,11,204315
2676,0.001186,74.125.24.0-255,5738,176011,11,204315
2677,0.001188,172.31.36.0-255,66,176077,11,204315
2678,0.001198,74.125.24.0-255,1484,177561,11,204315
2679,0.001224,172.31.36.0-255,66,177627,11,204315
2680,0.001276,74.125.24.0-255,1484,179111,11,204315
2681,0.00128,74.125.24.0-255,2902,182013,11,204315
2682,0.001281,172.31.36.0-255,66,182079,11,204315
2683,0.001284,74.125.24.0-255,1484,183563,11,204315
2684,0.001305,74.125.24.0-255,4320,187883,11,204315
2685,0.001307,172.31.36.0-255,66,187949,11,204315
2686,0.001334,74.125.24.0-255,4320,192269,11,204315
2687,0.001337,172.31.36.0-255,66,192335,11,204315
2688,0.001363,172.31.36.0-255,66,192401,11,204315
2689,0.001369,74.125.24.0-255,7156,199557,11,204315
2690,0.001371,172.31.36.0-255,66,199623,11,204315
2691,0.001383,172.31.36.0-255,66,199689,11,204315
2692,0.001401,74.125.24.0-255,105,199794,11,204315
2693,0.00384,172.31.36.0-255,66,199860,11,204315
2694,0.003877,172.31.36.0-255,105,199965,11,204315
2695,0.006236,74.125.24.0-255,66,200031,11,204315
2696,0.028429,172.31.36.0-255,166,200197,11,204315
2697,0.028465,172.31.36.0-255,1135,201332,11,204315
2698,0.028522,172.31.36.0-255,1514,202846,11,204315
2699,0.028523,172.31.36.0-255,1271,204117,11,204315
2700,0.03004,104.244.42.0-255,66,204183,11,204315
2701,0.030068,104.244.42.0-255,66,204249,11,204315
2702,0.030158,104.244.42.0-255,66,204315,11,204315
2703,0.0,74.125.130.0-255,150,150,11,329344
2704,2.2e-05,172.31.36.0-255,66,216,11,329344
2705,2.9e-05,74.125.130.0-255,1484,1700,11,329344
2706,3.3e-05,172.31.36.0-255,66,1766,11,329344
2707,3.8e-05,74.125.130.0-255,2902,4668,11,329344
2708,4.1e-05,172.31.36.0-255,66,4734,11,329344
2709,4.6e-05,74.125.130.0-255,4320,9054,11,329344
2710,5e-05,172.31.36.0-255,66,9120,11,329344
2711,8.5e-05,74.125.130.0-255,2902,12022,11,329344
2712,8.7e-05,172.31.36.0-255,66,12088,11,329344
2713,0.000111,74.125.130.0-255,3493,15581,11,329344
2714,0.000114,172.31.36.0-255,66,15647,11,329344
2715,0.000121,74.125.130.0-255,7156,22803,11,329344
2716,0.000123,172.31.36.0-255,66,22869,11,329344
2717,0.000148,74.125.130.0-255,1484,24353,11,329344
2718,0.00015,172.31.36.0-255,66,24419,11,329344
2719,0.000177,74.125.130.0-255,6797,31216,11,329344
2720,0.00018,172.31.36.0-255,66,31282,11,329344
2721,0.000239,74.125.130.0-255,1484,32766,11,329344
2722,0.000242,172.31.36.0-255,66,32832,11,329344
2723,0.000246,74.125.130.0-255,1484,34316,11,329344
2724,0.000247,172.31.36.0-255,66,34382,11,329344
2725,0.000262,74.125.130.0-255,1484,35866,11,329344
2726,0.000264,172.31.36.0-255,66,35932,11,329344
2727,0.00027,74.125.130.0-255,4320,40252,11,329344
2728,0.000272,172.31.36.0-255,66,40318,11,329344
2729,0.000291,74.125.130.0-255,1484,41802,11,329344
2730,0.000293,172.31.36.0-255,66,41868,11,329344
2731,0.000298,74.125.130.0-255,4320,46188,11,329344
2732,0.0003,172.31.36.0-255,66,46254,11,329344
2733,0.000337,74.125.130.0-255,2543,48797,11,329344
2734,0.00034,172.31.36.0-255,66,48863,11,329344
2735,0.000372,74.125.130.0-255,2902,51765,11,329344
2736,0.000374,172.31.36.0-255,66,51831,11,329344
2737,0.000392,74.125.130.0-255,2902,54733,11,329344
2738,0.000394,172.31.36.0-255,66,54799,11,329344
2739,0.000399,74.125.130.0-255,4320,59119,11,329344
2740,0.000401,172.31.36.0-255,66,59185,11,329344
2741,0.000444,74.125.130.0-255,4320,63505,11,329344
2742,0.000448,172.31.36.0-255,66,63571,11,329344
2743,0.000465,74.125.130.0-255,2543,66114,11,329344
2744,0.000467,172.31.36.0-255,66,66180,11,329344
2745,0.000759,74.125.130.0-255,645,66825,11,329344
2746,0.001032,74.125.130.0-255,1484,68309,11,329344
2747,0.001036,172.31.36.0-255,66,68375,11,329344
2748,0.001042,74.125.130.0-255,2902,71277,11,329344
2749,0.001044,172.31.36.0-255,66,71343,11,329344
2750,0.001063,74.125.130.0-255,5738,77081,11,329344
2751,0.001067,172.31.36.0-255,66,77147,11,329344
2752,0.001086,74.125.130.0-255,1484,78631,11,329344
2753,0.001091,74.125.130.0-255,2902,81533,11,329344
2754,0.001093,172.31.36.0-255,66,81599,11,329344
2755,0.0011,74.125.130.0-255,5738,87337,11,329344
2756,0.001101,172.31.36.0-255,66,87403,11,329344
2757,0.00113,74.125.130.0-255,7156,94559,11,329344
2758,0.001134,172.31.36.0-255,66,94625,11,329344
2759,0.001171,74.125.130.0-255,4320,98945,11,329344
2760,0.001174,172.31.36.0-255,66,99011,11,329344
2761,0.001191,74.125.130.0-255,2184,101195,11,329344
2762,0.001193,172.31.36.0-255,66,101261,11,329344
2763,0.001215,74.125.130.0-255,1484,102745,11,329344
2764,0.001234,74.125.130.0-255,2902,105647,11,329344
2765,0.001236,172.31.36.0-255,66,105713,11,329344
2766,0.00124,74.125.130.0-255,1484,107197,11,329344
2767,0.001258,74.125.130.0-255,4320,111517,11,329344
2768,0.001261,172.31.36.0-255,66,111583,11,329344
2769,0.001279,74.125.130.0-255,4320,115903,11,329344
2770,0.001281,172.31.36.0-255,66,115969,11,329344
2771,0.001308,74.125.130.0-255,5738,121707,11,329344
2772,0.00131,172.31.36.0-255,66,121773,11,329344
2773,0.001322,172.31.36.0-255,66,121839,11,329344
2774,0.001344,74.125.130.0-255,1484,123323,11,329344
2775,0.001349,74.125.130.0-255,2184,125507,11,329344
2776,0.001351,172.31.36.0-255,66,125573,11,329344
2777,0.001622,74.125.130.0-255,1484,127057,11,329344
2778,0.001652,74.125.130.0-255,2902,129959,11,329344
2779,0.001656,172.31.36.0-255,66,130025,11,329344
2780,0.001676,74.125.130.0-255,4320,134345,11,329344
2781,0.001678,172.31.36.0-255,66,134411,11,329344
2782,0.001716,74.125.130.0-255,5738,140149,11,329344
2783,0.001719,172.31.36.0-255,66,140215,11,329344
2784,0.001737,74.125.130.0-255,4320,144535,11,329344
2785,0.001739,172.31.36.0-255,66,144601,11,329344
2786,0.001761,74.125.130.0-255,2902,147503,11,329344
2787,0.001764,172.31.36.0-255,66,147569,11,329344
2788,0.001768,74.125.130.0-255,2902,150471,11,329344
2789,0.00177,172.31.36.0-255,66,150537,11,329344
2790,0.001793,74.125.130.0-255,4320,154857,11,329344
2791,0.001796,172.31.36.0-255,66,154923,11,329344
2792,0.001802,74.125.130.0-255,4320,159243,11,329344
2793,0.001804,172.31.36.0-255,66,159309,11,329344
2794,0.00185,74.125.130.0-255,766,160075,11,329344
2795,0.002092,74.125.130.0-255,1484,161559,11,329344
2796,0.002096,172.31.36.0-255,66,161625,11,329344
2797,0.0021,74.125.130.0-255,1484,163109,11,329344
2798,0.002113,74.125.130.0-255,1484,164593,11,329344
2799,0.002115,172.31.36.0-255,66,164659,11,329344
2800,0.002139,74.125.130.0-255,1484,166143,11,329344
2801,0.002146,74.125.130.0-255,5738,171881,11,329344
2802,0.002149,172.31.36.0-255,66,171947,11,329344
2803,0.002152,74.125.130.0-255,1484,173431,11,329344
2804,0.002173,74.125.130.0-255,1484,174915,11,329344
2805,0.002176,172.31.36.0-255,66,174981,11,329344
2806,0.002192,74.125.130.0-255,1484,176465,11,329344
2807,0.004294,74.125.130.0-255,1484,177949,11,329344
2808,0.004301,172.31.36.0-255,66,178015,11,329344
2809,0.004331,74.125.130.0-255,2902,180917,11,329344
2810,0.004334,172.31.36.0-255,66,180983,11,329344
2811,0.006454,74.125.130.0-255,2902,183885,11,329344
2812,0.006459,172.31.36.0-255,66,183951,11,329344
2813,0.00648,74.125.130.0-255,2902,186853,11,329344
2814,0.006482,172.31.36.0-255,66,186919,11,329344
2815,0.008601,74.125.130.0-255,2902,189821,11,329344
2816,0.008604,172.31.36.0-255,66,189887,11,329344
2817,0.008622,74.125.130.0-255,2902,192789,11,329344
2818,0.008624,172.31.36.0-255,66,192855,11,329344
2819,0.010763,74.125.130.0-255,5738,198593,11,329344
2820,0.010772,172.31.36.0-255,66,198659,11,329344
2821,0.01297,74.125.130.0-255,5738,204397,11,329344
2822,0.012978,172.31.36.0-255,66,204463,11,329344
2823,0.015137,74.125.130.0-255,5738,210201,11,329344
2824,0.015145,172.31.36.0-255,66,210267,11,329344
2825,0.017314,74.125.130.0-255,5738,216005,11,329344
2826,0.017324,172.31.36.0-255,66,216071,11,329344
2827,0.019625,74.125.130.0-255,5738,221809,11,329344
2828,0.019632,172.31.36.0-255,66,221875,11,329344
2829,0.021913,74.125.130.0-255,5738,227613,11,329344
2830,0.021921,172.31.36.0-255,66,227679,11,329344
2831,0.024091,74.125.130.0-255,5738,233417,11,329344
2832,0.0241,172.31.36.0-255,66,233483,11,329344
2833,0.026263,74.125.130.0-255,5738,239221,11,329344
2834,0.02627,172.31.36.0-255,66,239287,11,329344
2835,0.028427,74.125.130.0-255,1484,240771,11,329344
2836,0.028436,74.125.130.0-255,4320,245091,11,329344
2837,0.028441,172.31.36.0-255,66,245157,11,329344
2838,0.030595,74.125.130.0-255,5738,250895,11,329344
2839,0.030601,172.31.36.0-255,66,250961,11,329344
2840,0.03102,172.31.36.0-255,167,251128,11,329344
2841,0.031048,172.31.36.0-255,1111,252239,11,329344
2842,0.031101,172.31.36.0-255,1514,253753,11,329344
2843,0.031103,172.31.36.0-255,1293,255046,11,329344
2844,0.032703,104.244.42.0-255,66,255112,11,329344
2845,0.032763,104.244.42.0-255,66,255178,11,329344
2846,0.03279,104.244.42.0-255,66,255244,11,329344
2847,0.032803,74.125.130.0-255,5738,260982,11,329344
2848,0.032807,172.31.36.0-255,66,261048,11,329344
2849,0.034978,74.125.130.0-255,5738,266786,11,329344
2850,0.034984,172.31.36.0-255,66,266852,11,329344
2851,0.037141,74.125.130.0-255,5738,272590,11,329344
2852,0.037148,172.31.36.0-255,66,272656,11,329344
2853,0.039316,74.125.130.0-255,5738,278394,11,329344
2854,0.039323,172.31.36.0-255,66,278460,11,329344
2855,0.041501,74.125.130.0-255,5738,284198,11,329344
2856,0.041508,172.31.36.0-255,66,284264,11,329344
2857,0.043665,74.125.130.0-255,5738,290002,11,329344
2858,0.043672,172.31.36.0-255,66,290068,11,329344
2859,0.045821,74.125.130.0-255,5738,295806,11,329344
2860,0.045829,172.31.36.0-255,66,295872,11,329344
2861,0.047991,74.125.130.0-255,5738,301610,11,329344
2862,0.047999,172.31.36.0-255,66,301676,11,329344
2863,0.050149,74.125.130.0-255,5738,307414,11,329344
2864,0.050156,172.31.36.0-255,66,307480,11,329344
2865,0.052303,74.125.130.0-255,4320,311800,11,329344
2866,0.05231,172.31.36.0-255,66,311866,11,329344
2867,0.052336,74.125.130.0-255,1484,313350,11,329344
2868,0.054457,74.125.130.0-255,4320,317670,11,329344
2869,0.054466,172.31.36.0-255,66,317736,11,329344
2870,0.056633,74.125.130.0-255,5738,323474,11,329344
2871,0.05664,172.31.36.0-255,66,323540,11,329344
2872,0.058807,74.125.130.0-255,5738,329278,11,329344
2873,0.058814,172.31.36.0-255,66,329344,11,329344
2874,0.0,74.125.68.0-255,153,153,11,229024
2875,2.7e-05,172.31.36.0-255,66,219,11,229024
2876,3.4e-05,74.125.68.0-255,1484,1703,11,229024
2877,3.8e-05,172.31.36.0-255,66,1769,11,229024
2878,4.2e-05,74.125.68.0-255,2902,4671,11,229024
2879,4.5e-05,172.31.36.0-255,66,4737,11,229024
2880,7e-05,74.125.68.0-255,7156,11893,11,229024
2881,7.3e-05,172.31.36.0-255,66,11959,11,229024
2882,7.5e-05,74.125.68.0-255,1484,13443,11,229024
2883,7.8e-05,172.31.36.0-255,66,13509,11,229024
2884,9.3e-05,74.125.68.0-255,2011,15520,11,229024
2885,9.6e-05,172.31.36.0-255,66,15586,11,229024
2886,0.000112,74.125.68.0-255,1484,17070,11,229024
2887,0.000115,172.31.36.0-255,66,17136,11,229024
2888,0.000129,74.125.68.0-255,4320,21456,11,229024
2889,0.000132,172.31.36.0-255,66,21522,11,229024
2890,0.000136,74.125.68.0-255,2902,24424,11,229024
2891,0.000138,172.31.36.0-255,66,24490,11,229024
2892,0.000189,74.125.68.0-255,4320,28810,11,229024
2893,0.000193,172.31.36.0-255,66,28876,11,229024
2894,0.000213,74.125.68.0-255,2543,31419,11,229024
2895,0.000217,172.31.36.0-255,66,31485,11,229024
2896,0.001752,74.125.68.0-255,1484,32969,11,229024
2897,0.001759,172.31.36.0-255,66,33035,11,229024
2898,0.001769,74.125.68.0-255,2902,35937,11,229024
2899,0.001771,172.31.36.0-255,66,36003,11,229024
2900,0.001778,74.125.68.0-255,5738,41741,11,229024
2901,0.00178,172.31.36.0-255,66,41807,11,229024
2902,0.001785,74.125.68.0-255,4320,46127,11,229024
2903,0.001788,172.31.36.0-255,66,46193,11,229024
2904,0.001792,74.125.68.0-255,2902,49095,11,229024
2905,0.001794,172.31.36.0-255,66,49161,11,229024
2906,0.001814,74.125.68.0-255,2543,51704,11,229024
2907,0.001817,172.31.36.0-255,66,51770,11,229024
2908,0.001828,172.31.36.0-255,66,51836,11,229024
2909,0.001869,74.125.68.0-255,2897,54733,11,229024
2910,0.001871,172.31.36.0-255,66,54799,11,229024
2911,0.00195,74.125.68.0-255,1484,56283,11,229024
2912,0.001957,74.125.68.0-255,2902,59185,11,229024
2913,0.00196,172.31.36.0-255,66,59251,11,229024
2914,0.00198,74.125.68.0-255,4320,63571,11,229024
2915,0.001983,172.31.36.0-255,66,63637,11,229024
2916,0.002014,74.125.68.0-255,4320,67957,11,229024
2917,0.002017,172.31.36.0-255,66,68023,11,229024
2918,0.002037,74.125.68.0-255,5379,73402,11,229024
2919,0.002049,172.31.36.0-255,66,73468,11,229024
2920,0.002056,172.31.36.0-255,66,73534,11,229024
2921,0.002092,74.125.68.0-255,5379,78913,11,229024
2922,0.002095,172.31.36.0-255,66,78979,11,229024
2923,0.002313,74.125.68.0-255,1484,80463,11,229024
2924,0.002325,74.125.68.0-255,1484,81947,11,229024
2925,0.002327,172.31.36.0-255,66,82013,11,229024
2926,0.002346,74.125.68.0-255,1484,83497,11,229024
2927,0.00235,74.125.68.0-255,2902,86399,11,229024
2928,0.002352,74.125.68.0-255,1484,87883,11,229024
2929,0.002356,172.31.36.0-255,66,87949,11,229024
2930,0.004664,74.125.68.0-255,4320,92269,11,229024
2931,0.004668,172.31.36.0-255,66,92335,11,229024
2932,0.006989,74.125.68.0-255,5738,98073,11,229024
2933,0.006997,172.31.36.0-255,66,98139,11,229024
2934,0.009313,74.125.68.0-255,5738,103877,11,229024
2935,0.00932,172.31.36.0-255,66,103943,11,229024
2936,0.011647,74.125.68.0-255,5738,109681,11,229024
2937,0.011658,172.31.36.0-255,66,109747,11,229024
2938,0.013988,74.125.68.0-255,5738,115485,11,229024
2939,0.014001,172.31.36.0-255,66,115551,11,229024
2940,0.016347,74.125.68.0-255,5738,121289,11,229024
2941,0.016352,172.31.36.0-255,66,121355,11,229024
2942,0.018669,74.125.68.0-255,5738,127093,11,229024
2943,0.018676,172.31.36.0-255,66,127159,11,229024
2944,0.020997,74.125.68.0-255,5738,132897,11,229024
2945,0.021004,172.31.36.0-255,66,132963,11,229024
2946,0.023345,74.125.68.0-255,5738,138701,11,229024
2947,0.023352,172.31.36.0-255,66,138767,11,229024
2948,0.024193,172.31.36.0-255,167,138934,11,229024
2949,0.024236,172.31.36.0-255,1107,140041,11,229024
2950,0.024314,172.31.36.0-255,1514,141555,11,229024
2951,0.024317,172.31.36.0-255,1299,142854,11,229024
2952,0.025679,74.125.68.0-255,5738,148592,11,229024
2953,0.025687,172.31.36.0-255,66,148658,11,229024
2954,0.025727,104.244.42.0-255,66,148724,11,229024
2955,0.025782,104.244.42.0-255,66,148790,11,229024
2956,0.025873,104.244.42.0-255,66,148856,11,229024
2957,0.028004,74.125.68.0-255,5738,154594,11,229024
2958,0.028009,172.31.36.0-255,66,154660,11,229024
2959,0.030331,74.125.68.0-255,5738,160398,11,229024
2960,0.030337,172.31.36.0-255,66,160464,11,229024
2961,0.032655,74.125.68.0-255,5738,166202,11,229024
2962,0.032663,172.31.36.0-255,66,166268,11,229024
2963,0.034982,74.125.68.0-255,5738,172006,11,229024
2964,0.034987,172.31.36.0-255,66,172072,11,229024
2965,0.037308,74.125.68.0-255,5738,177810,11,229024
2966,0.037313,172.31.36.0-255,66,177876,11,229024
2967,0.03963,74.125.68.0-255,4320,182196,11,229024
2968,0.039636,172.31.36.0-255,66,182262,11,229024
2969,0.039667,74.125.68.0-255,1484,183746,11,229024
2970,0.041954,74.125.68.0-255,4320,188066,11,229024
2971,0.04196,172.31.36.0-255,66,188132,11,229024
2972,0.044275,74.125.68.0-255,5738,193870,11,229024
2973,0.044282,172.31.36.0-255,66,193936,11,229024
2974,0.0466,74.125.68.0-255,5738,199674,11,229024
2975,0.046606,172.31.36.0-255,66,199740,11,229024
2976,0.048927,74.125.68.0-255,5738,205478,11,229024
2977,0.048933,172.31.36.0-255,66,205544,11,229024
2978,0.051276,74.125.68.0-255,5738,211282,11,229024
2979,0.051283,172.31.36.0-255,66,211348,11,229024
2980,0.053606,74.125.68.0-255,5738,217086,11,229024
2981,0.053613,172.31.36.0-255,66,217152,11,229024
2982,0.055929,74.125.68.0-255,2902,220054,11,229024
2983,0.055934,172.31.36.0-255,66,220120,11,229024
2984,0.055967,74.125.68.0-255,2902,223022,11,229024
2985,0.05597,172.31.36.0-255,66,223088,11,229024
2986,0.058249,74.125.68.0-255,2902,225990,11,229024
2987,0.058254,172.31.36.0-255,66,226056,11,229024
2988,0.058292,74.125.68.0-255,2902,228958,11,229024
2989,0.058295,172.31.36.0-255,66,229024,11,229024
2990,0.0,74.125.24.0-255,153,153,11,232812
2991,2.6e-05,74.125.24.0-255,1484,1637,11,232812
2992,3.3e-05,172.31.36.0-255,66,1703,11,232812
2993,4.1e-05,74.125.24.0-255,2902,4605,11,232812
2994,4.5e-05,172.31.36.0-255,66,4671,11,232812
2995,5.3e-05,74.125.24.0-255,7156,11827,11,232812
2996,5.5e-05,172.31.36.0-255,66,11893,11,232812
2997,8.7e-05,74.125.24.0-255,2039,13932,11,232812
2998,8.9e-05,172.31.36.0-255,66,13998,11,232812
2999,0.000131,74.125.24.0-255,1484,15482,11,232812
3000,0.000135,74.125.24.0-255,1484,16966,11,232812
3001,0.000138,172.31.36.0-255,66,17032,11,232812
3002,0.000157,74.125.24.0-255,1484,18516,11,232812
3003,0.000162,74.125.24.0-255,4320,22836,11,232812
3004,0.000165,172.31.36.0-255,66,22902,11,232812
3005,0.00018,74.125.24.0-255,1484,24386,11,232812
3006,0.000219,74.125.24.0-255,2902,27288,11,232812
3007,0.000222,172.31.36.0-255,66,27354,11,232812
3008,0.000242,74.125.24.0-255,3961,31315,11,232812
3009,0.000246,172.31.36.0-255,66,31381,11,232812
3010,0.000297,74.125.24.0-255,1484,32865,11,232812
3011,0.00032,74.125.24.0-255,2902,35767,11,232812
3012,0.000323,172.31.36.0-255,66,35833,11,232812
3013,0.00034,74.125.24.0-255,2902,38735,11,232812
3014,0.000343,172.31.36.0-255,66,38801,11,232812
3015,0.000366,74.125.24.0-255,2902,41703,11,232812
3016,0.00037,172.31.36.0-255,66,41769,11,232812
3017,0.000375,74.125.24.0-255,4320,46089,11,232812
3018,0.000378,172.31.36.0-255,66,46155,11,232812
3019,0.000392,74.125.24.0-255,4320,50475,11,232812
3020,0.000397,172.31.36.0-255,66,50541,11,232812
3021,0.000409,74.125.24.0-255,5379,55920,11,232812
3022,0.000412,74.125.24.0-255,1484,57404,11,232812
3023,0.000413,172.31.36.0-255,66,57470,11,232812
3024,0.000439,74.125.24.0-255,2902,60372,11,232812
3025,0.000442,172.31.36.0-255,66,60438,11,232812
3026,0.000466,74.125.24.0-255,5379,65817,11,232812
3027,0.000469,172.31.36.0-255,66,65883,11,232812
3028,0.000558,74.125.24.0-255,394,66277,11,232812
3029,0.000606,74.125.24.0-255,348,66625,11,232812
3030,0.000696,74.125.24.0-255,1484,68109,11,232812
3031,0.0007,172.31.36.0-255,66,68175,11,232812
3032,0.000706,74.125.24.0-255,2902,71077,11,232812
3033,0.000708,172.31.36.0-255,66,71143,11,232812
3034,0.000713,74.125.24.0-255,2902,74045,11,232812
3035,0.000715,172.31.36.0-255,66,74111,11,232812
3036,0.000739,74.125.24.0-255,2902,77013,11,232812
3037,0.000742,172.31.36.0-255,66,77079,11,232812
3038,0.000747,74.125.24.0-255,2902,79981,11,232812
3039,0.00075,172.31.36.0-255,66,80047,11,232812
3040,0.000772,172.31.36.0-255,66,80113,11,232812
3041,0.000814,172.31.36.0-255,66,80179,11,232812
3042,0.000975,74.125.24.0-255,1484,81663,11,232812
3043,0.00099,74.125.24.0-255,1484,83147,11,232812
3044,0.000993,172.31.36.0-255,66,83213,11,232812
3045,0.00101,74.125.24.0-255,1484,84697,11,232812
3046,0.001016,74.125.24.0-255,4320,89017,11,232812
3047,0.001019,172.31.36.0-255,66,89083,11,232812
3048,0.001033,74.125.24.0-255,1484,90567,11,232812
3049,0.00106,74.125.24.0-255,4320,94887,11,232812
3050,0.001064,172.31.36.0-255,66,94953,11,232812
3051,0.001095,172.31.36.0-255,66,95019,11,232812
3052,0.001116,74.125.24.0-255,5738,100757,11,232812
3053,0.001119,172.31.36.0-255,66,100823,11,232812
3054,0.001144,74.125.24.0-255,5020,105843,11,232812
3055,0.001147,172.31.36.0-255,66,105909,11,232812
3056,0.001215,74.125.24.0-255,1484,107393,11,232812
3057,0.001219,74.125.24.0-255,1484,108877,11,232812
3058,0.001222,172.31.36.0-255,66,108943,11,232812
3059,0.001236,74.125.24.0-255,1484,110427,11,232812
3060,0.001242,74.125.24.0-255,5738,116165,11,232812
3061,0.001245,172.31.36.0-255,66,116231,11,232812
3062,0.001258,172.31.36.0-255,66,116297,11,232812
3063,0.001292,172.31.36.0-255,66,116363,11,232812
3064,0.001313,74.125.24.0-255,2184,118547,11,232812
3065,0.001316,172.31.36.0-255,66,118613,11,232812
3066,0.001716,74.125.24.0-255,1484,120097,11,232812
3067,0.001725,74.125.24.0-255,2902,122999,11,232812
3068,0.001729,172.31.36.0-255,66,123065,11,232812
3069,0.001733,74.125.24.0-255,1484,124549,11,232812
3070,0.001753,74.125.24.0-255,4320,128869,11,232812
3071,0.001757,172.31.36.0-255,66,128935,11,232812
3072,0.00176,74.125.24.0-255,1484,130419,11,232812
3073,0.001789,172.31.36.0-255,66,130485,11,232812
3074,0.001822,172.31.36.0-255,66,130551,11,232812
3075,0.001836,74.125.24.0-255,766,131317,11,232812
3076,0.002062,74.125.24.0-255,1484,132801,11,232812
3077,0.002068,172.31.36.0-255,66,132867,11,232812
3078,0.002075,74.125.24.0-255,2902,135769,11,232812
3079,0.002078,172.31.36.0-255,66,135835,11,232812
3080,0.002084,74.125.24.0-255,5738,141573,11,232812
3081,0.002087,172.31.36.0-255,66,141639,11,232812
3082,0.002093,74.125.24.0-255,4320,145959,11,232812
3083,0.002095,172.31.36.0-255,66,146025,11,232812
3084,0.002115,74.125.24.0-255,4320,150345,11,232812
3085,0.002118,172.31.36.0-255,66,150411,11,232812
3086,0.002149,74.125.24.0-255,5738,156149,11,232812
3087,0.002152,172.31.36.0-255,66,156215,11,232812
3088,0.002188,172.31.36.0-255,66,156281,11,232812
3089,0.002201,172.31.36.0-255,66,156347,11,232812
3090,0.002235,74.125.24.0-255,1484,157831,11,232812
3091,0.002269,172.31.36.0-255,66,157897,11,232812
3092,0.002305,74.125.24.0-255,1484,159381,11,232812
3093,0.002317,74.125.24.0-255,2902,162283,11,232812
3094,0.002319,172.31.36.0-255,66,162349,11,232812
3095,0.002344,74.125.24.0-255,5738,168087,11,232812
3096,0.002347,172.31.36.0-255,66,168153,11,232812
3097,0.002349,74.125.24.0-255,1484,169637,11,232812
3098,0.002374,172.31.36.0-255,66,169703,11,232812
3099,0.002394,74.125.24.0-255,2902,172605,11,232812
3100,0.002397,172.31.36.0-255,66,172671,11,232812
3101,0.002403,74.125.24.0-255,7156,179827,11,232812
3102,0.002405,172.31.36.0-255,66,179893,11,232812
3103,0.002416,74.125.24.0-255,2902,182795,11,232812
3104,0.002419,172.31.36.0-255,66,182861,11,232812
3105,0.002422,74.125.24.0-255,766,183627,11,232812
3106,0.002768,74.125.24.0-255,1484,185111,11,232812
3107,0.002771,172.31.36.0-255,66,185177,11,232812
3108,0.00279,74.125.24.0-255,2902,188079,11,232812
3109,0.002793,172.31.36.0-255,66,188145,11,232812
3110,0.002799,74.125.24.0-255,5738,193883,11,232812
3111,0.002801,172.31.36.0-255,66,193949,11,232812
3112,0.002804,74.125.24.0-255,1484,195433,11,232812
3113,0.002827,74.125.24.0-255,2902,198335,11,232812
3114,0.002829,172.31.36.0-255,66,198401,11,232812
3115,0.002835,74.125.24.0-255,5738,204139,11,232812
3116,0.002838,172.31.36.0-255,66,204205,11,232812
3117,0.002852,74.125.24.0-255,1484,205689,11,232812
3118,0.002874,172.31.36.0-255,66,205755,11,232812
3119,0.002877,74.125.24.0-255,766,206521,11,232812
3120,0.002913,74.125.24.0-255,4320,210841,11,232812
3121,0.002916,172.31.36.0-255,66,210907,11,232812
3122,0.002946,172.31.36.0-255,66,210973,11,232812
3123,0.002951,74.125.24.0-255,5738,216711,11,232812
3124,0.002953,172.31.36.0-255,66,216777,11,232812
3125,0.002969,74.125.24.0-255,5738,222515,11,232812
3126,0.002972,172.31.36.0-255,66,222581,11,232812
3127,0.00299,74.125.24.0-255,1484,224065,11,232812
3128,0.003011,172.31.36.0-255,66,224131,11,232812
3129,0.00303,74.125.24.0-255,766,224897,11,232812
3130,0.003044,172.31.36.0-255,66,224963,11,232812
3131,0.003049,74.125.24.0-255,3224,228187,11,232812
3132,0.003051,172.31.36.0-255,66,228253,11,232812
3133,0.003083,74.125.24.0-255,105,228358,11,232812
3134,0.008004,172.31.36.0-255,105,228463,11,232812
3135,0.010315,74.125.24.0-255,66,228529,11,232812
3136,0.03178,172.31.36.0-255,167,228696,11,232812
3137,0.031819,172.31.36.0-255,1110,229806,11,232812
3138,0.031863,172.31.36.0-255,1514,231320,11,232812
3139,0.031865,172.31.36.0-255,1294,232614,11,232812
3140,0.033349,104.244.42.0-255,66,232680,11,232812
3141,0.03337,104.244.42.0-255,66,232746,11,232812
3142,0.03345,104.244.42.0-255,66,232812,11,232812
3143,0.0,172.31.36.0-255,164,164,11,230
3144,0.00776,74.125.24.0-255,66,230,11,230
3145,0.0,74.125.24.0-255,66,66,11,66
3146,0.0,172.31.36.0-255,66,66,11,66
3147,0.0,172.217.27.0-255,150,150,11,345792
3148,2.9e-05,172.31.36.0-255,66,216,11,345792
3149,3.6e-05,172.217.27.0-255,1484,1700,11,345792
3150,4e-05,172.31.36.0-255,66,1766,11,345792
3151,4.6e-05,172.217.27.0-255,2902,4668,11,345792
3152,5.7e-05,172.31.36.0-255,66,4734,11,345792
3153,6.3e-05,172.217.27.0-255,7156,11890,11,345792
3154,6.6e-05,172.31.36.0-255,66,11956,11,345792
3155,0.000109,172.31.36.0-255,66,12022,11,345792
3156,0.000121,172.31.36.0-255,66,12088,11,345792
3157,0.000126,172.217.27.0-255,2543,14631,11,345792
3158,0.000129,172.31.36.0-255,66,14697,11,345792
3159,0.000199,172.217.27.0-255,1484,16181,11,345792
3160,0.000203,172.31.36.0-255,66,16247,11,345792
3161,0.000208,172.217.27.0-255,2902,19149,11,345792
3162,0.00021,172.31.36.0-255,66,19215,11,345792
3163,0.000222,172.217.27.0-255,5738,24953,11,345792
3164,0.000225,172.31.36.0-255,66,25019,11,345792
3165,0.000258,172.217.27.0-255,4320,29339,11,345792
3166,0.000262,172.31.36.0-255,66,29405,11,345792
3167,0.00029,172.217.27.0-255,2543,31948,11,345792
3168,0.000295,172.31.36.0-255,66,32014,11,345792
3169,0.000303,172.217.27.0-255,2902,34916,11,345792
3170,0.000306,172.31.36.0-255,66,34982,11,345792
3171,0.000316,172.217.27.0-255,4320,39302,11,345792
3172,0.000319,172.31.36.0-255,66,39368,11,345792
3173,0.000322,172.217.27.0-255,1484,40852,11,345792
3174,0.000324,172.31.36.0-255,66,40918,11,345792
3175,0.00036,172.217.27.0-255,7156,48074,11,345792
3176,0.000363,172.31.36.0-255,66,48140,11,345792
3177,0.000367,172.217.27.0-255,1451,49591,11,345792
3178,0.000653,172.217.27.0-255,118,49709,11,345792
3179,0.000658,172.31.36.0-255,66,49775,11,345792
3180,0.000811,172.217.27.0-255,1484,51259,11,345792
3181,0.000821,172.217.27.0-255,2902,54161,11,345792
3182,0.000825,172.31.36.0-255,66,54227,11,345792
3183,0.000832,172.217.27.0-255,5738,59965,11,345792
3184,0.000833,172.31.36.0-255,66,60031,11,345792
3185,0.000867,172.217.27.0-255,6797,66828,11,345792
3186,0.000871,172.31.36.0-255,66,66894,11,345792
3187,0.000874,172.217.27.0-255,1484,68378,11,345792
3188,0.000878,172.217.27.0-255,2902,71280,11,345792
3189,0.00088,172.31.36.0-255,66,71346,11,345792
3190,0.000886,172.217.27.0-255,5738,77084,11,345792
3191,0.000888,172.31.36.0-255,66,77150,11,345792
3192,0.000924,172.217.27.0-255,6797,83947,11,345792
3193,0.000929,172.31.36.0-255,66,84013,11,345792
3194,0.001115,172.217.27.0-255,1484,85497,11,345792
3195,0.001122,172.217.27.0-255,2902,88399,11,345792
3196,0.001126,172.31.36.0-255,66,88465,11,345792
3197,0.001133,172.217.27.0-255,5738,94203,11,345792
3198,0.001135,172.31.36.0-255,66,94269,11,345792
3199,0.001166,172.217.27.0-255,4320,98589,11,345792
3200,0.001169,172.31.36.0-255,66,98655,11,345792
3201,0.001204,172.31.36.0-255,66,98721,11,345792
3202,0.001221,172.31.36.0-255,66,98787,11,345792
3203,0.001258,172.217.27.0-255,1484,100271,11,345792
3204,0.001264,172.217.27.0-255,2902,103173,11,345792
3205,0.001267,172.31.36.0-255,66,103239,11,345792
3206,0.001304,172.217.27.0-255,4320,107559,11,345792
3207,0.001308,172.31.36.0-255,66,107625,11,345792
3208,0.001315,172.217.27.0-255,5738,113363,11,345792
3209,0.001318,172.31.36.0-255,66,113429,11,345792
3210,0.00133,172.217.27.0-255,5738,119167,11,345792
3211,0.001332,172.31.36.0-255,66,119233,11,345792
3212,0.00136,172.217.27.0-255,5738,124971,11,345792
3213,0.001363,172.31.36.0-255,66,125037,11,345792
3214,0.00138,172.31.36.0-255,66,125103,11,345792
3215,0.001405,172.217.27.0-255,1484,126587,11,345792
3216,0.001428,172.217.27.0-255,2902,129489,11,345792
3217,0.001432,172.31.36.0-255,66,129555,11,345792
3218,0.001439,172.217.27.0-255,5738,135293,11,345792
3219,0.001441,172.31.36.0-255,66,135359,11,345792
3220,0.001452,172.217.27.0-255,4320,139679,11,345792
3221,0.001455,172.31.36.0-255,66,139745,11,345792
3222,0.001478,172.217.27.0-255,4320,144065,11,345792
3223,0.001487,172.31.36.0-255,66,144131,11,345792
3224,0.0015,172.31.36.0-255,66,144197,11,345792
3225,0.001506,172.217.27.0-255,5020,149217,11,345792
3226,0.001509,172.31.36.0-255,66,149283,11,345792
3227,0.001639,172.217.27.0-255,1484,150767,11,345792
3228,0.001644,172.217.27.0-255,1484,152251,11,345792
3229,0.001647,172.31.36.0-255,66,152317,11,345792
3230,0.00167,172.217.27.0-255,1484,153801,11,345792
3231,0.001676,172.217.27.0-255,5738,159539,11,345792
3232,0.001679,172.31.36.0-255,66,159605,11,345792
3233,0.001726,172.217.27.0-255,5738,165343,11,345792
3234,0.001729,172.31.36.0-255,66,165409,11,345792
3235,0.001759,172.217.27.0-255,7156,172565,11,345792
3236,0.001762,172.31.36.0-255,66,172631,11,345792
3237,0.001772,172.31.36.0-255,66,172697,11,345792
3238,0.003432,172.217.27.0-255,4320,177017,11,345792
3239,0.003437,172.31.36.0-255,66,177083,11,345792
3240,0.003463,172.217.27.0-255,1484,178567,11,345792
3241,0.005099,172.217.27.0-255,4320,182887,11,345792
3242,0.005103,172.31.36.0-255,66,182953,11,345792
3243,0.006767,172.217.27.0-255,5738,188691,11,345792
3244,0.006773,172.31.36.0-255,66,188757,11,345792
3245,0.008441,172.217.27.0-255,5738,194495,11,345792
3246,0.008449,172.31.36.0-255,66,194561,11,345792
3247,0.010113,172.217.27.0-255,5738,200299,11,345792
3248,0.01012,172.31.36.0-255,66,200365,11,345792
3249,0.011796,172.217.27.0-255,5738,206103,11,345792
3250,0.011806,172.31.36.0-255,66,206169,11,345792
3251,0.013482,172.217.27.0-255,5738,211907,11,345792
3252,0.013491,172.31.36.0-255,66,211973,11,345792
3253,0.015167,172.217.27.0-255,5738,217711,11,345792
3254,0.015174,172.31.36.0-255,66,217777,11,345792
3255,0.016855,172.217.27.0-255,5738,223515,11,345792
3256,0.016862,172.31.36.0-255,66,223581,11,345792
3257,0.018529,172.217.27.0-255,5738,229319,11,345792
3258,0.018537,172.31.36.0-255,66,229385,11,345792
3259,0.02021,172.217.27.0-255,4320,233705,11,345792
3260,0.020217,172.31.36.0-255,66,233771,11,345792
3261,0.020248,172.217.27.0-255,1484,235255,11,345792
3262,0.021874,172.217.27.0-255,4320,239575,11,345792
3263,0.021881,172.31.36.0-255,66,239641,11,345792
3264,0.023554,172.217.27.0-255,4320,243961,11,345792
3265,0.023561,172.31.36.0-255,66,244027,11,345792
3266,0.023588,172.217.27.0-255,1484,245511,11,345792
3267,0.025228,172.217.27.0-255,4320,249831,11,345792
3268,0.025235,172.31.36.0-255,66,249897,11,345792
3269,0.0267,172.31.36.0-255,167,250064,11,345792
3270,0.026729,172.31.36.0-255,1107,251171,11,345792
3271,0.026775,172.31.36.0-255,1514,252685,11,345792
3272,0.026777,172.31.36.0-255,1297,253982,11,345792
3273,0.026893,172.217.27.0-255,5738,259720,11,345792
3274,0.0269,172.31.36.0-255,66,259786,11,345792
3275,0.028244,104.244.42.0-255,66,259852,11,345792
3276,0.028467,104.244.42.0-255,66,259918,11,345792
3277,0.028469,104.244.42.0-255,66,259984,11,345792
3278,0.028556,172.217.27.0-255,5738,265722,11,345792
3279,0.02856,172.31.36.0-255,66,265788,11,345792
3280,0.030217,172.217.27.0-255,5738,271526,11,345792
3281,0.030223,172.31.36.0-255,66,271592,11,345792
3282,0.03188,172.217.27.0-255,2902,274494,11,345792
3283,0.031885,172.31.36.0-255,66,274560,11,345792
3284,0.031922,172.217.27.0-255,2902,277462,11,345792
3285,0.031925,172.31.36.0-255,66,277528,11,345792
3286,0.033535,172.217.27.0-255,2902,280430,11,345792
3287,0.03354,172.31.36.0-255,66,280496,11,345792
3288,0.033573,172.217.27.0-255,2902,283398,11,345792
3289,0.033576,172.31.36.0-255,66,283464,11,345792
3290,0.035195,172.217.27.0-255,2902,286366,11,345792
3291,0.035201,172.31.36.0-255,66,286432,11,345792
3292,0.035235,172.217.27.0-255,2902,289334,11,345792
3293,0.035238,172.31.36.0-255,66,289400,11,345792
3294,0.036865,172.217.27.0-255,2902,292302,11,345792
3295,0.03687,172.31.36.0-255,66,292368,11,345792
3296,0.036907,172.217.27.0-255,2902,295270,11,345792
3297,0.03691,172.31.36.0-255,66,295336,11,345792
3298,0.038548,172.217.27.0-255,2902,298238,11,345792
3299,0.038553,172.31.36.0-255,66,298304,11,345792
3300,0.038591,172.217.27.0-255,2902,301206,11,345792
3301,0.038595,172.31.36.0-255,66,301272,11,345792
3302,0.04021,172.217.27.0-255,2902,304174,11,345792
3303,0.040215,172.31.36.0-255,66,304240,11,345792
3304,0.040254,172.217.27.0-255,2902,307142,11,345792
3305,0.040257,172.31.36.0-255,66,307208,11,345792
3306,0.041872,172.217.27.0-255,2902,310110,11,345792
3307,0.041877,172.31.36.0-255,66,310176,11,345792
3308,0.041912,172.217.27.0-255,2902,313078,11,345792
3309,0.041915,172.31.36.0-255,66,313144,11,345792
3310,0.043533,172.217.27.0-255,2902,316046,11,345792
3311,0.043539,172.31.36.0-255,66,316112,11,345792
3312,0.043577,172.217.27.0-255,2902,319014,11,345792
3313,0.04358,172.31.36.0-255,66,319080,11,345792
3314,0.04521,172.217.27.0-255,2902,321982,11,345792
3315,0.045216,172.31.36.0-255,66,322048,11,345792
3316,0.045254,172.217.27.0-255,2902,324950,11,345792
3317,0.045257,172.31.36.0-255,66,325016,11,345792
3318,0.046878,172.217.27.0-255,2902,327918,11,345792
3319,0.046883,172.31.36.0-255,66,327984,11,345792
3320,0.046925,172.217.27.0-255,1484,329468,11,345792
3321,0.046941,172.217.27.0-255,1484,330952,11,345792
3322,0.046944,172.31.36.0-255,66,331018,11,345792
3323,0.04855,172.217.27.0-255,2902,333920,11,345792
3324,0.048555,172.31.36.0-255,66,333986,11,345792
3325,0.048598,172.217.27.0-255,2902,336888,11,345792
3326,0.048602,172.31.36.0-255,66,336954,11,345792
3327,0.050215,172.217.27.0-255,2902,339856,11,345792
3328,0.050221,172.31.36.0-255,66,339922,11,345792
3329,0.050255,172.217.27.0-255,2902,342824,11,345792
3330,0.050258,172.31.36.0-255,66,342890,11,345792
3331,0.051892,172.217.27.0-255,2665,345555,11,345792
3332,0.051897,172.31.36.0-255,66,345621,11,345792
3333,0.052074,172.31.36.0-255,105,345726,11,345792
3334,0.053698,172.217.27.0-255,66,345792,11,345792
3335,0.0,74.125.130.0-255,153,153,11,269777
3336,3.6e-05,172.31.36.0-255,66,219,11,269777
3337,4.4e-05,74.125.130.0-255,1484,1703,11,269777
3338,4.8e-05,172.31.36.0-255,66,1769,11,269777
3339,5.1e-05,74.125.130.0-255,1484,3253,11,269777
3340,5.4e-05,172.31.36.0-255,66,3319,11,269777
3341,5.9e-05,74.125.130.0-255,2902,6221,11,269777
3342,6.2e-05,172.31.36.0-255,66,6287,11,269777
3343,6.9e-05,74.125.130.0-255,4320,10607,11,269777
3344,7.1e-05,172.31.36.0-255,66,10673,11,269777
3345,9.3e-05,74.125.130.0-255,1484,12157,11,269777
3346,9.5e-05,172.31.36.0-255,66,12223,11,269777
3347,9.8e-05,74.125.130.0-255,1484,13707,11,269777
3348,0.000102,74.125.130.0-255,2045,15752,11,269777
3349,0.000103,172.31.36.0-255,66,15818,11,269777
3350,0.000107,172.31.36.0-255,66,15884,11,269777
3351,0.000133,74.125.130.0-255,5738,21622,11,269777
3352,0.000135,172.31.36.0-255,66,21688,11,269777
3353,0.00014,74.125.130.0-255,4320,26008,11,269777
3354,0.000143,172.31.36.0-255,66,26074,11,269777
3355,0.000146,74.125.130.0-255,1484,27558,11,269777
3356,0.000148,172.31.36.0-255,66,27624,11,269777
3357,0.000175,74.125.130.0-255,3961,31585,11,269777
3358,0.000178,172.31.36.0-255,66,31651,11,269777
3359,0.000331,74.125.130.0-255,1484,33135,11,269777
3360,0.000335,172.31.36.0-255,66,33201,11,269777
3361,0.000341,74.125.130.0-255,2902,36103,11,269777
3362,0.000343,172.31.36.0-255,66,36169,11,269777
3363,0.000346,74.125.130.0-255,1484,37653,11,269777
3364,0.000349,172.31.36.0-255,66,37719,11,269777
3365,0.000352,74.125.130.0-255,1484,39203,11,269777
3366,0.000355,172.31.36.0-255,66,39269,11,269777
3367,0.000375,74.125.130.0-255,1484,40753,11,269777
3368,0.000383,74.125.130.0-255,5738,46491,11,269777
3369,0.000387,172.31.36.0-255,66,46557,11,269777
3370,0.000403,74.125.130.0-255,1484,48041,11,269777
3371,0.000416,74.125.130.0-255,2902,50943,11,269777
3372,0.000419,172.31.36.0-255,66,51009,11,269777
3373,0.000443,74.125.130.0-255,2902,53911,11,269777
3374,0.000447,172.31.36.0-255,66,53977,11,269777
3375,0.000456,74.125.130.0-255,2902,56879,11,269777
3376,0.000458,172.31.36.0-255,66,56945,11,269777
3377,0.000462,74.125.130.0-255,2902,59847,11,269777
3378,0.000465,172.31.36.0-255,66,59913,11,269777
3379,0.00047,74.125.130.0-255,2902,62815,11,269777
3380,0.000472,172.31.36.0-255,66,62881,11,269777
3381,0.00049,74.125.130.0-255,1484,64365,11,269777
3382,0.000517,74.125.130.0-255,2496,66861,11,269777
3383,0.000521,172.31.36.0-255,66,66927,11,269777
3384,0.000643,74.125.130.0-255,101,67028,11,269777
3385,0.000872,74.125.130.0-255,1484,68512,11,269777
3386,0.000876,172.31.36.0-255,66,68578,11,269777
3387,0.000896,74.125.130.0-255,2902,71480,11,269777
3388,0.000899,172.31.36.0-255,66,71546,11,269777
3389,0.000903,74.125.130.0-255,1484,73030,11,269777
3390,0.000918,74.125.130.0-255,2902,75932,11,269777
3391,0.000921,172.31.36.0-255,66,75998,11,269777
3392,0.00095,74.125.130.0-255,5738,81736,11,269777
3393,0.000953,172.31.36.0-255,66,81802,11,269777
3394,0.00096,74.125.130.0-255,4320,86122,11,269777
3395,0.000962,172.31.36.0-255,66,86188,11,269777
3396,0.000968,74.125.130.0-255,5738,91926,11,269777
3397,0.00097,172.31.36.0-255,66,91992,11,269777
3398,0.001006,74.125.130.0-255,2902,94894,11,269777
3399,0.001009,172.31.36.0-255,66,94960,11,269777
3400,0.001027,74.125.130.0-255,6438,101398,11,269777
3401,0.00103,172.31.36.0-255,66,101464,11,269777
3402,0.001461,74.125.130.0-255,1484,102948,11,269777
3403,0.00147,74.125.130.0-255,2902,105850,11,269777
3404,0.001475,172.31.36.0-255,66,105916,11,269777
3405,0.001479,74.125.130.0-255,1484,107400,11,269777
3406,0.0015,74.125.130.0-255,4320,111720,11,269777
3407,0.001503,172.31.36.0-255,66,111786,11,269777
3408,0.001506,74.125.130.0-255,1484,113270,11,269777
3409,0.001526,74.125.130.0-255,5738,119008,11,269777
3410,0.001529,172.31.36.0-255,66,119074,11,269777
3411,0.00156,74.125.130.0-255,1484,120558,11,269777
3412,0.001587,74.125.130.0-255,7156,127714,11,269777
3413,0.00159,172.31.36.0-255,66,127780,11,269777
3414,0.001601,172.31.36.0-255,66,127846,11,269777
3415,0.00402,74.125.130.0-255,5738,133584,11,269777
3416,0.004026,172.31.36.0-255,66,133650,11,269777
3417,0.006425,74.125.130.0-255,5738,139388,11,269777
3418,0.006431,172.31.36.0-255,66,139454,11,269777
3419,0.008831,74.125.130.0-255,5738,145192,11,269777
3420,0.008838,172.31.36.0-255,66,145258,11,269777
3421,0.011265,74.125.130.0-255,5738,150996,11,269777
3422,0.011274,172.31.36.0-255,66,151062,11,269777
3423,0.013681,74.125.130.0-255,5738,156800,11,269777
3424,0.013693,172.31.36.0-255,66,156866,11,269777
3425,0.016102,74.125.130.0-255,5738,162604,11,269777
3426,0.016111,172.31.36.0-255,66,162670,11,269777
3427,0.018514,74.125.130.0-255,5738,168408,11,269777
3428,0.018521,172.31.36.0-255,66,168474,11,269777
3429,0.02093,74.125.130.0-255,5738,174212,11,269777
3430,0.020937,172.31.36.0-255,66,174278,11,269777
3431,0.023339,74.125.130.0-255,5738,180016,11,269777
3432,0.023347,172.31.36.0-255,66,180082,11,269777
3433,0.025742,74.125.130.0-255,5738,185820,11,269777
3434,0.025749,172.31.36.0-255,66,185886,11,269777
3435,0.026777,172.31.36.0-255,167,186053,11,269777
3436,0.026817,172.31.36.0-255,1111,187164,11,269777
3437,0.026886,172.31.36.0-255,1514,188678,11,269777
3438,0.026889,172.31.36.0-255,1293,189971,11,269777
3439,0.02815,74.125.130.0-255,5738,195709,11,269777
3440,0.028157,172.31.36.0-255,66,195775,11,269777
3441,0.028426,104.244.42.0-255,66,195841,11,269777
3442,0.028469,104.244.42.0-255,66,195907,11,269777
3443,0.028555,104.244.42.0-255,66,195973,11,269777
3444,0.030556,74.125.130.0-255,4320,200293,11,269777
3445,0.030561,172.31.36.0-255,66,200359,11,269777
3446,0.030582,74.125.130.0-255,1484,201843,11,269777
3447,0.032962,74.125.130.0-255,4320,206163,11,269777
3448,0.032968,172.31.36.0-255,66,206229,11,269777
3449,0.035371,74.125.130.0-255,5738,211967,11,269777
3450,0.035377,172.31.36.0-255,66,212033,11,269777
3451,0.037779,74.125.130.0-255,5738,217771,11,269777
3452,0.037789,172.31.36.0-255,66,217837,11,269777
3453,0.040187,74.125.130.0-255,2902,220739,11,269777
3454,0.040194,172.31.36.0-255,66,220805,11,269777
3455,0.040237,74.125.130.0-255,2902,223707,11,269777
3456,0.040241,172.31.36.0-255,66,223773,11,269777
3457,0.042589,74.125.130.0-255,2902,226675,11,269777
3458,0.042595,172.31.36.0-255,66,226741,11,269777
3459,0.042621,74.125.130.0-255,1484,228225,11,269777
3460,0.042632,74.125.130.0-255,1484,229709,11,269777
3461,0.042633,172.31.36.0-255,66,229775,11,269777
3462,0.045002,74.125.130.0-255,2902,232677,11,269777
3463,0.045008,172.31.36.0-255,66,232743,11,269777
3464,0.045039,74.125.130.0-255,2902,235645,11,269777
3465,0.045042,172.31.36.0-255,66,235711,11,269777
3466,0.0474,74.125.130.0-255,2902,238613,11,269777
3467,0.047405,172.31.36.0-255,66,238679,11,269777
3468,0.047433,74.125.130.0-255,2902,241581,11,269777
3469,0.047436,172.31.36.0-255,66,241647,11,269777
3470,0.049804,74.125.130.0-255,2902,244549,11,269777
3471,0.04981,172.31.36.0-255,66,244615,11,269777
3472,0.049842,74.125.130.0-255,2902,247517,11,269777
3473,0.049845,172.31.36.0-255,66,247583,11,269777
3474,0.052211,74.125.130.0-255,2902,250485,11,269777
3475,0.052223,172.31.36.0-255,66,250551,11,269777
3476,0.052258,74.125.130.0-255,2902,253453,11,269777
3477,0.052262,172.31.36.0-255,66,253519,11,269777
3478,0.054611,74.125.130.0-255,2902,256421,11,269777
3479,0.054617,172.31.36.0-255,66,256487,11,269777
3480,0.054656,74.125.130.0-255,2902,259389,11,269777
3481,0.054659,172.31.36.0-255,66,259455,11,269777
3482,0.057003,74.125.130.0-255,1484,260939,11,269777
3483,0.057049,74.125.130.0-255,2902,263841,11,269777
3484,0.057053,172.31.36.0-255,66,263907,11,269777
3485,0.057068,74.125.130.0-255,1484,265391,11,269777
3486,0.059451,74.125.130.0-255,4320,269711,11,269777
3487,0.059457,172.31.36.0-255,66,269777,11,269777
3488,0.0,74.125.24.0-255,152,152,11,231149
3489,3.4e-05,172.31.36.0-255,66,218,11,231149
3490,4.1e-05,74.125.24.0-255,1484,1702,11,231149
3491,4.5e-05,172.31.36.0-255,66,1768,11,231149
3492,5e-05,74.125.24.0-255,2902,4670,11,231149
3493,5.3e-05,172.31.36.0-255,66,4736,11,231149
3494,6e-05,74.125.24.0-255,7156,11892,11,231149
3495,6.3e-05,172.31.36.0-255,66,11958,11,231149
3496,8.2e-05,74.125.24.0-255,2902,14860,11,231149
3497,8.4e-05,172.31.36.0-255,66,14926,11,231149
3498,0.000123,172.31.36.0-255,66,14992,11,231149
3499,0.000127,74.125.24.0-255,2543,17535,11,231149
3500,0.00013,172.31.36.0-255,66,17601,11,231149
3501,0.000174,74.125.24.0-255,1484,19085,11,231149
3502,0.000178,172.31.36.0-255,66,19151,11,231149
3503,0.000183,74.125.24.0-255,2902,22053,11,231149
3504,0.000186,172.31.36.0-255,66,22119,11,231149
3505,0.000209,74.125.24.0-255,5738,27857,11,231149
3506,0.000212,172.31.36.0-255,66,27923,11,231149
3507,0.000236,74.125.24.0-255,2902,30825,11,231149
3508,0.000239,172.31.36.0-255,66,30891,11,231149
3509,0.000252,74.125.24.0-255,3961,34852,11,231149
3510,0.000255,172.31.36.0-255,66,34918,11,231149
3511,0.000278,74.125.24.0-255,5738,40656,11,231149
3512,0.000282,172.31.36.0-255,66,40722,11,231149
3513,0.000304,74.125.24.0-255,1484,42206,11,231149
3514,0.00031,74.125.24.0-255,4320,46526,11,231149
3515,0.00031,172.31.36.0-255,66,46592,11,231149
3516,0.000315,172.31.36.0-255,66,46658,11,231149
3517,0.000335,74.125.24.0-255,5379,52037,11,231149
3518,0.000339,172.31.36.0-255,66,52103,11,231149
3519,0.000489,74.125.24.0-255,646,52749,11,231149
3520,0.000758,172.31.36.0-255,66,52815,11,231149
3521,0.001024,74.125.24.0-255,1484,54299,11,231149
3522,0.001034,74.125.24.0-255,2902,57201,11,231149
3523,0.001038,172.31.36.0-255,66,57267,11,231149
3524,0.001042,74.125.24.0-255,1484,58751,11,231149
3525,0.001061,74.125.24.0-255,4320,63071,11,231149
3526,0.001063,172.31.36.0-255,66,63137,11,231149
3527,0.00109,74.125.24.0-255,6248,69385,11,231149
3528,0.001092,172.31.36.0-255,66,69451,11,231149
3529,0.002026,74.125.24.0-255,1484,70935,11,231149
3530,0.002033,74.125.24.0-255,2902,73837,11,231149
3531,0.002037,172.31.36.0-255,66,73903,11,231149
3532,0.002058,74.125.24.0-255,5738,79641,11,231149
3533,0.00206,172.31.36.0-255,66,79707,11,231149
3534,0.002064,74.125.24.0-255,4320,84027,11,231149
3535,0.002067,172.31.36.0-255,66,84093,11,231149
3536,0.002109,172.31.36.0-255,66,84159,11,231149
3537,0.002123,74.125.24.0-255,1484,85643,11,231149
3538,0.002128,74.125.24.0-255,4320,89963,11,231149
3539,0.00213,172.31.36.0-255,66,90029,11,231149
3540,0.002142,74.125.24.0-255,3602,93631,11,231149
3541,0.002144,172.31.36.0-255,66,93697,11,231149
3542,0.004486,74.125.24.0-255,5738,99435,11,231149
3543,0.004489,172.31.36.0-255,66,99501,11,231149
3544,0.006865,74.125.24.0-255,5738,105239,11,231149
3545,0.006872,172.31.36.0-255,66,105305,11,231149
3546,0.009228,74.125.24.0-255,5738,111043,11,231149
3547,0.009236,172.31.36.0-255,66,111109,11,231149
3548,0.011655,74.125.24.0-255,5738,116847,11,231149
3549,0.011663,172.31.36.0-255,66,116913,11,231149
3550,0.014027,74.125.24.0-255,5738,122651,11,231149
3551,0.014036,172.31.36.0-255,66,122717,11,231149
3552,0.016381,74.125.24.0-255,5738,128455,11,231149
3553,0.016391,172.31.36.0-255,66,128521,11,231149
3554,0.018775,74.125.24.0-255,5738,134259,11,231149
3555,0.018781,172.31.36.0-255,66,134325,11,231149
3556,0.020034,172.31.36.0-255,172,134497,11,231149
3557,0.020061,172.31.36.0-255,1111,135608,11,231149
3558,0.020103,172.31.36.0-255,1514,137122,11,231149
3559,0.020105,172.31.36.0-255,329,137451,11,231149
3560,0.021155,74.125.24.0-255,4320,141771,11,231149
3561,0.021159,172.31.36.0-255,66,141837,11,231149
3562,0.02119,74.125.24.0-255,1484,143321,11,231149
3563,0.021543,104.244.42.0-255,66,143387,11,231149
3564,0.02159,104.244.42.0-255,66,143453,11,231149
3565,0.02164,104.244.42.0-255,66,143519,11,231149
3566,0.022675,104.244.42.0-255,108,143627,11,231149
3567,0.022679,172.31.36.0-255,66,143693,11,231149
3568,0.023513,74.125.24.0-255,4320,148013,11,231149
3569,0.023517,172.31.36.0-255,66,148079,11,231149
3570,0.025873,74.125.24.0-255,4320,152399,11,231149
3571,0.025878,172.31.36.0-255,66,152465,11,231149
3572,0.025906,74.125.24.0-255,1484,153949,11,231149
3573,0.02825,74.125.24.0-255,4320,158269,11,231149
3574,0.028258,172.31.36.0-255,66,158335,11,231149
3575,0.030618,74.125.24.0-255,5738,164073,11,231149
3576,0.030624,172.31.36.0-255,66,164139,11,231149
3577,0.032947,74.125.24.0-255,5738,169877,11,231149
3578,0.032952,172.31.36.0-255,66,169943,11,231149
3579,0.035268,74.125.24.0-255,4320,174263,11,231149
3580,0.035272,172.31.36.0-255,66,174329,11,231149
3581,0.035297,74.125.24.0-255,1484,175813,11,231149
3582,0.037601,74.125.24.0-255,4320,180133,11,231149
3583,0.037607,172.31.36.0-255,66,180199,11,231149
3584,0.039952,74.125.24.0-255,1484,181683,11,231149
3585,0.039981,74.125.24.0-255,4320,186003,11,231149
3586,0.039986,172.31.36.0-255,66,186069,11,231149
3587,0.04234,74.125.24.0-255,5738,191807,11,231149
3588,0.042346,172.31.36.0-255,66,191873,11,231149
3589,0.044713,74.125.24.0-255,5738,197611,11,231149
3590,0.04472,172.31.36.0-255,66,197677,11,231149
3591,0.047096,74.125.24.0-255,5738,203415,11,231149
3592,0.047102,172.31.36.0-255,66,203481,11,231149
3593,0.049451,74.125.24.0-255,5738,209219,11,231149
3594,0.049456,172.31.36.0-255,66,209285,11,231149
3595,0.05186,74.125.24.0-255,5738,215023,11,231149
3596,0.051866,172.31.36.0-255,66,215089,11,231149
3597,0.054246,74.125.24.0-255,5738,220827,11,231149
3598,0.054251,172.31.36.0-255,66,220893,11,231149
3599,0.056624,74.125.24.0-255,4320,225213,11,231149
3600,0.05663,172.31.36.0-255,66,225279,11,231149
3601,0.056658,74.125.24.0-255,1484,226763,11,231149
3602,0.058969,74.125.24.0-255,4320,231083,11,231149
3603,0.058975,172.31.36.0-255,66,231149,11,231149
3604,0.0,172.217.194.0-255,152,152,11,168436
3605,2.4e-05,172.31.36.0-255,66,218,11,168436
3606,3.2e-05,172.217.194.0-255,1484,1702,11,168436
3607,3.8e-05,172.31.36.0-255,66,1768,11,168436
3608,5.5e-05,172.217.194.0-255,2902,4670,11,168436
3609,5.8e-05,172.31.36.0-255,66,4736,11,168436
3610,6.7e-05,172.217.194.0-255,7156,11892,11,168436
3611,6.9e-05,172.31.36.0-255,66,11958,11,168436
3612,7.4e-05,172.217.194.0-255,2047,14005,11,168436
3613,7.6e-05,172.31.36.0-255,66,14071,11,168436
3614,8.1e-05,172.217.194.0-255,2902,16973,11,168436
3615,8.4e-05,172.31.36.0-255,66,17039,11,168436
3616,8.7e-05,172.217.194.0-255,1484,18523,11,168436
3617,9e-05,172.31.36.0-255,66,18589,11,168436
3618,0.000124,172.217.194.0-255,5738,24327,11,168436
3619,0.000127,172.31.36.0-255,66,24393,11,168436
3620,0.000136,172.217.194.0-255,6797,31190,11,168436
3621,0.000139,172.31.36.0-255,66,31256,11,168436
3622,0.000168,172.217.194.0-255,1484,32740,11,168436
3623,0.00017,172.31.36.0-255,66,32806,11,168436
3624,0.000176,172.217.194.0-255,2902,35708,11,168436
3625,0.000177,172.31.36.0-255,66,35774,11,168436
3626,0.000184,172.217.194.0-255,5738,41512,11,168436
3627,0.000187,172.31.36.0-255,66,41578,11,168436
3628,0.000218,172.217.194.0-255,4320,45898,11,168436
3629,0.000221,172.31.36.0-255,66,45964,11,168436
3630,0.000239,172.217.194.0-255,2543,48507,11,168436
3631,0.000242,172.31.36.0-255,66,48573,11,168436
3632,0.000274,172.217.194.0-255,7156,55729,11,168436
3633,0.000276,172.31.36.0-255,66,55795,11,168436
3634,0.000279,172.217.194.0-255,1484,57279,11,168436
3635,0.000281,172.31.36.0-255,66,57345,11,168436
3636,0.000318,172.217.194.0-255,4320,61665,11,168436
3637,0.000321,172.31.36.0-255,66,61731,11,168436
3638,0.000348,172.217.194.0-255,4272,66003,11,168436
3639,0.000351,172.31.36.0-255,66,66069,11,168436
3640,0.000354,172.217.194.0-255,100,66169,11,168436
3641,0.001029,172.31.36.0-255,101,66270,11,168436
3642,0.001288,172.217.194.0-255,363,66633,11,168436
3643,0.001324,172.217.194.0-255,1484,68117,11,168436
3644,0.001331,172.31.36.0-255,66,68183,11,168436
3645,0.001343,172.217.194.0-255,4320,72503,11,168436
3646,0.001353,172.217.194.0-255,4320,76823,11,168436
3647,0.001359,172.31.36.0-255,66,76889,11,168436
3648,0.001366,172.31.36.0-255,66,76955,11,168436
3649,0.001375,172.217.194.0-255,2902,79857,11,168436
3650,0.001377,172.31.36.0-255,66,79923,11,168436
3651,0.00139,172.31.36.0-255,66,79989,11,168436
3652,0.001421,172.217.194.0-255,5738,85727,11,168436
3653,0.001424,172.31.36.0-255,66,85793,11,168436
3654,0.001431,172.217.194.0-255,5020,90813,11,168436
3655,0.001433,172.31.36.0-255,66,90879,11,168436
3656,0.001502,172.31.36.0-255,66,90945,11,168436
3657,0.001506,172.217.194.0-255,2902,93847,11,168436
3658,0.001508,172.31.36.0-255,66,93913,11,168436
3659,0.001545,172.31.36.0-255,66,93979,11,168436
3660,0.001604,172.217.194.0-255,1484,95463,11,168436
3661,0.001609,172.217.194.0-255,2902,98365,11,168436
3662,0.001615,172.31.36.0-255,66,98431,11,168436
3663,0.001627,172.217.194.0-255,5738,104169,11,168436
3664,0.00163,172.31.36.0-255,66,104235,11,168436
3665,0.001655,172.217.194.0-255,1484,105719,11,168436
3666,0.001686,172.31.36.0-255,66,105785,11,168436
3667,0.001743,172.31.36.0-255,66,105851,11,168436
3668,0.001754,172.31.36.0-255,66,105917,11,168436
3669,0.001789,172.217.194.0-255,2902,108819,11,168436
3670,0.001792,172.31.36.0-255,66,108885,11,168436
3671,0.001809,172.31.36.0-255,66,108951,11,168436
3672,0.001816,172.217.194.0-255,6438,115389,11,168436
3673,0.001819,172.31.36.0-255,66,115455,11,168436
3674,0.001862,172.217.194.0-255,7156,122611,11,168436
3675,0.001864,172.31.36.0-255,66,122677,11,168436
3676,0.001878,172.31.36.0-255,66,122743,11,168436
3677,0.001907,172.217.194.0-255,2902,125645,11,168436
3678,0.001911,172.31.36.0-255,66,125711,11,168436
3679,0.001957,172.31.36.0-255,66,125777,11,168436
3680,0.00196,172.217.194.0-255,1484,127261,11,168436
3681,0.001984,172.217.194.0-255,2902,130163,11,168436
3682,0.001987,172.31.36.0-255,66,130229,11,168436
3683,0.001992,172.217.194.0-255,4320,134549,11,168436
3684,0.001995,172.31.36.0-255,66,134615,11,168436
3685,0.002024,172.217.194.0-255,1484,136099,11,168436
3686,0.002041,172.31.36.0-255,66,136165,11,168436
3687,0.002076,172.31.36.0-255,66,136231,11,168436
3688,0.002127,172.31.36.0-255,66,136297,11,168436
3689,0.00213,172.217.194.0-255,1484,137781,11,168436
3690,0.00219,172.217.194.0-255,4320,142101,11,168436
3691,0.002193,172.31.36.0-255,66,142167,11,168436
3692,0.002235,172.31.36.0-255,66,142233,11,168436
3693,0.002256,172.31.36.0-255,66,142299,11,168436
3694,0.002273,172.31.36.0-255,66,142365,11,168436
3695,0.00228,172.217.194.0-255,6438,148803,11,168436
3696,0.002283,172.31.36.0-255,66,148869,11,168436
3697,0.00229,172.217.194.0-255,7156,156025,11,168436
3698,0.002293,172.31.36.0-255,66,156091,11,168436
3699,0.002308,172.31.36.0-255,66,156157,11,168436
3700,0.002321,172.31.36.0-255,66,156223,11,168436
3701,0.002324,172.217.194.0-255,1484,157707,11,168436
3702,0.002375,172.31.36.0-255,66,157773,11,168436
3703,0.002404,172.217.194.0-255,5966,163739,11,168436
3704,0.002407,172.31.36.0-255,66,163805,11,168436
3705,0.00241,172.217.194.0-255,105,163910,11,168436
3706,0.003393,172.217.194.0-255,66,163976,11,168436
3707,0.00854,172.31.36.0-255,105,164081,11,168436
3708,0.010889,172.217.194.0-255,66,164147,11,168436
3709,0.037676,172.31.36.0-255,172,164319,11,168436
3710,0.037709,172.31.36.0-255,1111,165430,11,168436
3711,0.037885,172.31.36.0-255,1514,166944,11,168436
3712,0.037888,172.31.36.0-255,1294,168238,11,168436
3713,0.039336,104.244.42.0-255,66,168304,11,168436
3714,0.039354,104.244.42.0-255,66,168370,11,168436
3715,0.039565,104.244.42.0-255,66,168436,11,168436
3716,0.0,172.217.194.0-255,153,153,11,214881
3717,1.6e-05,172.31.36.0-255,66,219,11,214881
3718,2.4e-05,172.217.194.0-255,1484,1703,11,214881
3719,2.9e-05,172.31.36.0-255,66,1769,11,214881
3720,3.5e-05,172.217.194.0-255,2902,4671,11,214881
3721,4.6e-05,172.31.36.0-255,66,4737,11,214881
3722,5.4e-05,172.217.194.0-255,7156,11893,11,214881
3723,5.8e-05,172.31.36.0-255,66,11959,11,214881
3724,6.3e-05,172.217.194.0-255,2049,14008,11,214881
3725,6.5e-05,172.31.36.0-255,66,14074,11,214881
3726,0.000109,172.217.194.0-255,1484,15558,11,214881
3727,0.000112,172.31.36.0-255,66,15624,11,214881
3728,0.000138,172.217.194.0-255,2902,18526,11,214881
3729,0.000141,172.31.36.0-255,66,18592,11,214881
3730,0.000148,172.217.194.0-255,5738,24330,11,214881
3731,0.00015,172.31.36.0-255,66,24396,11,214881
3732,0.000154,172.217.194.0-255,2902,27298,11,214881
3733,0.000156,172.31.36.0-255,66,27364,11,214881
3734,0.000204,172.217.194.0-255,3961,31325,11,214881
3735,0.000207,172.31.36.0-255,66,31391,11,214881
3736,0.000268,172.217.194.0-255,1484,32875,11,214881
3737,0.000272,172.31.36.0-255,66,32941,11,214881
3738,0.000277,172.217.194.0-255,2902,35843,11,214881
3739,0.00028,172.31.36.0-255,66,35909,11,214881
3740,0.000288,172.217.194.0-255,1484,37393,11,214881
3741,0.000291,172.31.36.0-255,66,37459,11,214881
3742,0.000325,172.217.194.0-255,4320,41779,11,214881
3743,0.000328,172.31.36.0-255,66,41845,11,214881
3744,0.000335,172.217.194.0-255,6797,48642,11,214881
3745,0.000338,172.31.36.0-255,66,48708,11,214881
3746,0.000385,172.31.36.0-255,66,48774,11,214881
3747,0.000428,172.217.194.0-255,5738,54512,11,214881
3748,0.000431,172.31.36.0-255,66,54578,11,214881
3749,0.000436,172.217.194.0-255,2543,57121,11,214881
3750,0.000438,172.31.36.0-255,66,57187,11,214881
3751,0.000441,172.217.194.0-255,677,57864,11,214881
3752,0.000645,172.217.194.0-255,1484,59348,11,214881
3753,0.00065,172.31.36.0-255,66,59414,11,214881
3754,0.000656,172.217.194.0-255,2902,62316,11,214881
3755,0.000658,172.31.36.0-255,66,62382,11,214881
3756,0.000663,172.217.194.0-255,2902,65284,11,214881
3757,0.000665,172.31.36.0-255,66,65350,11,214881
3758,0.000683,172.217.194.0-255,2902,68252,11,214881
3759,0.000686,172.31.36.0-255,66,68318,11,214881
3760,0.000692,172.217.194.0-255,4320,72638,11,214881
3761,0.000694,172.31.36.0-255,66,72704,11,214881
3762,0.000742,172.31.36.0-255,66,72770,11,214881
3763,0.000759,172.31.36.0-255,66,72836,11,214881
3764,0.000948,172.217.194.0-255,1484,74320,11,214881
3765,0.000953,172.217.194.0-255,1484,75804,11,214881
3766,0.000956,172.31.36.0-255,66,75870,11,214881
3767,0.000983,172.217.194.0-255,1484,77354,11,214881
3768,0.000989,172.217.194.0-255,5738,83092,11,214881
3769,0.000992,172.31.36.0-255,66,83158,11,214881
3770,0.000999,172.217.194.0-255,7156,90314,11,214881
3771,0.001001,172.31.36.0-255,66,90380,11,214881
3772,0.001037,172.217.194.0-255,5738,96118,11,214881
3773,0.00104,172.31.36.0-255,66,96184,11,214881
3774,0.001051,172.31.36.0-255,66,96250,11,214881
3775,0.001059,172.217.194.0-255,2184,98434,11,214881
3776,0.001062,172.31.36.0-255,66,98500,11,214881
3777,0.001197,172.217.194.0-255,1484,99984,11,214881
3778,0.001205,172.217.194.0-255,2902,102886,11,214881
3779,0.00121,172.31.36.0-255,66,102952,11,214881
3780,0.001214,172.217.194.0-255,1484,104436,11,214881
3781,0.001218,172.217.194.0-255,2902,107338,11,214881
3782,0.00122,172.31.36.0-255,66,107404,11,214881
3783,0.001251,172.217.194.0-255,5738,113142,11,214881
3784,0.001254,172.31.36.0-255,66,113208,11,214881
3785,0.001266,172.31.36.0-255,66,113274,11,214881
3786,0.001291,172.217.194.0-255,2902,116176,11,214881
3787,0.001294,172.31.36.0-255,66,116242,11,214881
3788,0.001297,172.217.194.0-255,1484,117726,11,214881
3789,0.00132,172.217.194.0-255,5020,122746,11,214881
3790,0.001323,172.31.36.0-255,66,122812,11,214881
3791,0.001348,172.217.194.0-255,1484,124296,11,214881
3792,0.001362,172.217.194.0-255,4320,128616,11,214881
3793,0.001365,172.31.36.0-255,66,128682,11,214881
3794,0.00137,172.217.194.0-255,4320,133002,11,214881
3795,0.001373,172.31.36.0-255,66,133068,11,214881
3796,0.001412,172.31.36.0-255,66,133134,11,214881
3797,0.001448,172.31.36.0-255,66,133200,11,214881
3798,0.002,172.217.194.0-255,1484,134684,11,214881
3799,0.002008,172.217.194.0-255,2902,137586,11,214881
3800,0.002013,172.31.36.0-255,66,137652,11,214881
3801,0.002047,172.217.194.0-255,4320,141972,11,214881
3802,0.00205,172.31.36.0-255,66,142038,11,214881
3803,0.00206,172.31.36.0-255,66,142104,11,214881
3804,0.002084,172.217.194.0-255,4320,146424,11,214881
3805,0.002087,172.31.36.0-255,66,146490,11,214881
3806,0.002132,172.31.36.0-255,66,146556,11,214881
3807,0.002138,172.217.194.0-255,3602,150158,11,214881
3808,0.00214,172.31.36.0-255,66,150224,11,214881
3809,0.002309,172.217.194.0-255,1484,151708,11,214881
3810,0.002315,172.217.194.0-255,2902,154610,11,214881
3811,0.002318,172.31.36.0-255,66,154676,11,214881
3812,0.002383,172.217.194.0-255,5738,160414,11,214881
3813,0.002386,172.31.36.0-255,66,160480,11,214881
3814,0.00241,172.31.36.0-255,66,160546,11,214881
3815,0.002423,172.31.36.0-255,66,160612,11,214881
3816,0.00247,172.31.36.0-255,66,160678,11,214881
3817,0.002495,172.31.36.0-255,66,160744,11,214881
3818,0.002538,172.31.36.0-255,66,160810,11,214881
3819,0.002556,172.31.36.0-255,66,160876,11,214881
3820,0.002587,172.217.194.0-255,7156,168032,11,214881
3821,0.002589,172.31.36.0-255,66,168098,11,214881
3822,0.002608,172.217.194.0-255,3602,171700,11,214881
3823,0.002611,172.31.36.0-255,66,171766,11,214881
3824,0.002622,172.31.36.0-255,66,171832,11,214881
3825,0.002644,172.217.194.0-255,2902,174734,11,214881
3826,0.002646,172.31.36.0-255,66,174800,11,214881
3827,0.002661,172.31.36.0-255,66,174866,11,214881
3828,0.005272,172.217.194.0-255,5738,180604,11,214881
3829,0.005279,172.31.36.0-255,66,180670,11,214881
3830,0.007916,172.217.194.0-255,5738,186408,11,214881
3831,0.007923,172.31.36.0-255,66,186474,11,214881
3832,0.010547,172.217.194.0-255,5738,192212,11,214881
3833,0.010554,172.31.36.0-255,66,192278,11,214881
3834,0.013219,172.217.194.0-255,5738,198016,11,214881
3835,0.013229,172.31.36.0-255,66,198082,11,214881
3836,0.015858,172.217.194.0-255,5738,203820,11,214881
3837,0.015867,172.31.36.0-255,66,203886,11,214881
3838,0.018513,172.217.194.0-255,5738,209624,11,214881
3839,0.018523,172.31.36.0-255,66,209690,11,214881
3840,0.021103,172.217.194.0-255,669,210359,11,214881
3841,0.021399,172.31.36.0-255,66,210425,11,214881
3842,0.02144,172.31.36.0-255,105,210530,11,214881
3843,0.024038,172.217.194.0-255,66,210596,11,214881
3844,0.036548,172.31.36.0-255,167,210763,11,214881
3845,0.036583,172.31.36.0-255,1107,211870,11,214881
3846,0.036643,172.31.36.0-255,1514,213384,11,214881
3847,0.036645,172.31.36.0-255,1299,214683,11,214881
3848,0.03805,104.244.42.0-255,66,214749,11,214881
3849,0.038078,104.244.42.0-255,66,214815,11,214881
3850,0.038152,104.244.42.0-255,66,214881,11,214881
3851,0.0,172.217.194.0-255,143,143,11,211795
3852,2.3e-05,172.31.36.0-255,66,209,11,211795
3853,3e-05,172.217.194.0-255,1484,1693,11,211795
3854,3.5e-05,172.31.36.0-255,66,1759,11,211795
3855,4.7e-05,172.217.194.0-255,2902,4661,11,211795
3856,5.1e-05,172.31.36.0-255,66,4727,11,211795
3857,5.9e-05,172.217.194.0-255,7156,11883,11,211795
3858,6.2e-05,172.31.36.0-255,66,11949,11,211795
3859,6.8e-05,172.217.194.0-255,4885,16834,11,211795
3860,7.1e-05,172.31.36.0-255,66,16900,11,211795
3861,7.7e-05,172.217.194.0-255,4320,21220,11,211795
3862,8e-05,172.31.36.0-255,66,21286,11,211795
3863,0.000103,172.217.194.0-255,1484,22770,11,211795
3864,0.000106,172.31.36.0-255,66,22836,11,211795
3865,0.000112,172.217.194.0-255,2902,25738,11,211795
3866,0.000115,172.31.36.0-255,66,25804,11,211795
3867,0.000143,172.217.194.0-255,5379,31183,11,211795
3868,0.000146,172.31.36.0-255,66,31249,11,211795
3869,0.000212,172.217.194.0-255,1484,32733,11,211795
3870,0.000215,172.31.36.0-255,66,32799,11,211795
3871,0.000253,172.217.194.0-255,2902,35701,11,211795
3872,0.000257,172.31.36.0-255,66,35767,11,211795
3873,0.000264,172.217.194.0-255,5738,41505,11,211795
3874,0.000266,172.31.36.0-255,66,41571,11,211795
3875,0.000273,172.217.194.0-255,6797,48368,11,211795
3876,0.000276,172.31.36.0-255,66,48434,11,211795
3877,0.000329,172.31.36.0-255,66,48500,11,211795
3878,0.000334,172.217.194.0-255,2543,51043,11,211795
3879,0.000336,172.31.36.0-255,66,51109,11,211795
3880,0.000356,172.217.194.0-255,646,51755,11,211795
3881,0.000358,172.31.36.0-255,66,51821,11,211795
3882,0.000541,172.217.194.0-255,1484,53305,11,211795
3883,0.000549,172.217.194.0-255,2902,56207,11,211795
3884,0.000553,172.31.36.0-255,66,56273,11,211795
3885,0.00059,172.217.194.0-255,5738,62011,11,211795
3886,0.000594,172.31.36.0-255,66,62077,11,211795
3887,0.000597,172.217.194.0-255,1484,63561,11,211795
3888,0.000621,172.217.194.0-255,5738,69299,11,211795
3889,0.000624,172.31.36.0-255,66,69365,11,211795
3890,0.000627,172.217.194.0-255,1484,70849,11,211795
3891,0.000652,172.31.36.0-255,66,70915,11,211795
3892,0.000678,172.217.194.0-255,2902,73817,11,211795
3893,0.000682,172.31.36.0-255,66,73883,11,211795
3894,0.000686,172.217.194.0-255,2184,76067,11,211795
3895,0.000689,172.31.36.0-255,66,76133,11,211795
3896,0.001101,172.217.194.0-255,1484,77617,11,211795
3897,0.001106,172.217.194.0-255,1484,79101,11,211795
3898,0.001109,172.31.36.0-255,66,79167,11,211795
3899,0.001138,172.217.194.0-255,1484,80651,11,211795
3900,0.001145,172.217.194.0-255,5738,86389,11,211795
3901,0.001148,172.31.36.0-255,66,86455,11,211795
3902,0.001155,172.217.194.0-255,7156,93611,11,211795
3903,0.001157,172.31.36.0-255,66,93677,11,211795
3904,0.001168,172.31.36.0-255,66,93743,11,211795
3905,0.001205,172.217.194.0-255,7156,100899,11,211795
3906,0.001208,172.31.36.0-255,66,100965,11,211795
3907,0.001211,172.217.194.0-255,766,101731,11,211795
3908,0.001248,172.217.194.0-255,1484,103215,11,211795
3909,0.00125,172.31.36.0-255,66,103281,11,211795
3910,0.00127,172.217.194.0-255,4320,107601,11,211795
3911,0.001273,172.31.36.0-255,66,107667,11,211795
3912,0.001278,172.217.194.0-255,4320,111987,11,211795
3913,0.001281,172.31.36.0-255,66,112053,11,211795
3914,0.001304,172.217.194.0-255,5738,117791,11,211795
3915,0.001307,172.31.36.0-255,66,117857,11,211795
3916,0.001314,172.217.194.0-255,7156,125013,11,211795
3917,0.001317,172.31.36.0-255,66,125079,11,211795
3918,0.001357,172.31.36.0-255,66,125145,11,211795
3919,0.001361,172.217.194.0-255,2184,127329,11,211795
3920,0.001363,172.31.36.0-255,66,127395,11,211795
3921,0.001464,172.217.194.0-255,1484,128879,11,211795
3922,0.001468,172.217.194.0-255,1484,130363,11,211795
3923,0.001471,172.31.36.0-255,66,130429,11,211795
3924,0.001495,172.217.194.0-255,1484,131913,11,211795
3925,0.001502,172.217.194.0-255,5738,137651,11,211795
3926,0.001504,172.31.36.0-255,66,137717,11,211795
3927,0.001543,172.31.36.0-255,66,137783,11,211795
3928,0.00155,172.217.194.0-255,5738,143521,11,211795
3929,0.001552,172.31.36.0-255,66,143587,11,211795
3930,0.001579,172.217.194.0-255,5020,148607,11,211795
3931,0.001582,172.31.36.0-255,66,148673,11,211795
3932,0.001856,172.217.194.0-255,1484,150157,11,211795
3933,0.001863,172.217.194.0-255,2902,153059,11,211795
3934,0.001866,172.31.36.0-255,66,153125,11,211795
3935,0.0019,172.217.194.0-255,5738,158863,11,211795
3936,0.001903,172.31.36.0-255,66,158929,11,211795
3937,0.001909,172.217.194.0-255,7156,166085,11,211795
3938,0.001912,172.31.36.0-255,66,166151,11,211795
3939,0.001917,172.217.194.0-255,2902,169053,11,211795
3940,0.001919,172.31.36.0-255,66,169119,11,211795
3941,0.00196,172.31.36.0-255,66,169185,11,211795
3942,0.001965,172.217.194.0-255,2184,171369,11,211795
3943,0.001967,172.31.36.0-255,66,171435,11,211795
3944,0.002032,172.217.194.0-255,1484,172919,11,211795
3945,0.002037,172.217.194.0-255,2902,175821,11,211795
3946,0.00204,172.31.36.0-255,66,175887,11,211795
3947,0.002071,172.217.194.0-255,5738,181625,11,211795
3948,0.002074,172.31.36.0-255,66,181691,11,211795
3949,0.00209,172.31.36.0-255,66,181757,11,211795
3950,0.002114,172.217.194.0-255,2902,184659,11,211795
3951,0.002116,172.31.36.0-255,66,184725,11,211795
3952,0.002128,172.31.36.0-255,66,184791,11,211795
3953,0.002166,172.217.194.0-255,5020,189811,11,211795
3954,0.002169,172.31.36.0-255,66,189877,11,211795
3955,0.002184,172.31.36.0-255,66,189943,11,211795
3956,0.002202,172.31.36.0-255,66,190009,11,211795
3957,0.002214,172.217.194.0-255,1484,191493,11,211795
3958,0.002264,172.31.36.0-255,66,191559,11,211795
3959,0.002271,172.217.194.0-255,6438,197997,11,211795
3960,0.002274,172.31.36.0-255,66,198063,11,211795
3961,0.002279,172.217.194.0-255,4320,202383,11,211795
3962,0.002282,172.31.36.0-255,66,202449,11,211795
3963,0.002321,172.217.194.0-255,2902,205351,11,211795
3964,0.002324,172.31.36.0-255,66,205417,11,211795
3965,0.00234,172.31.36.0-255,66,205483,11,211795
3966,0.00235,172.31.36.0-255,66,205549,11,211795
3967,0.002353,172.217.194.0-255,1484,207033,11,211795
3968,0.002386,172.31.36.0-255,66,207099,11,211795
3969,0.002418,172.31.36.0-255,66,207165,11,211795
3970,0.00484,172.217.194.0-255,105,207270,11,211795
3971,0.013926,172.31.36.0-255,66,207336,11,211795
3972,0.014155,172.31.36.0-255,105,207441,11,211795
3973,0.016479,172.217.194.0-255,66,207507,11,211795
3974,0.036425,172.31.36.0-255,172,207679,11,211795
3975,0.036462,172.31.36.0-255,1111,208790,11,211795
3976,0.036521,172.31.36.0-255,1514,210304,11,211795
3977,0.036523,172.31.36.0-255,1293,211597,11,211795
3978,0.038015,104.244.42.0-255,66,211663,11,211795
3979,0.038026,104.244.42.0-255,66,211729,11,211795
3980,0.038078,104.244.42.0-255,66,211795,11,211795
3981,0.0,74.125.68.0-255,146,146,11,398981
3982,1.6e-05,172.31.36.0-255,66,212,11,398981
3983,2.4e-05,74.125.68.0-255,1484,1696,11,398981
3984,2.8e-05,172.31.36.0-255,66,1762,11,398981
3985,6.7e-05,74.125.68.0-255,1484,3246,11,398981
3986,7e-05,172.31.36.0-255,66,3312,11,398981
3987,7.6e-05,74.125.68.0-255,2902,6214,11,398981
3988,7.9e-05,172.31.36.0-255,66,6280,11,398981
3989,0.000109,74.125.68.0-255,5738,12018,11,398981
3990,0.000111,172.31.36.0-255,66,12084,11,398981
3991,0.000128,74.125.68.0-255,2046,14130,11,398981
3992,0.000132,172.31.36.0-255,66,14196,11,398981
3993,0.000274,74.125.68.0-255,1484,15680,11,398981
3994,0.000279,172.31.36.0-255,66,15746,11,398981
3995,0.000286,74.125.68.0-255,2902,18648,11,398981
3996,0.000288,172.31.36.0-255,66,18714,11,398981
3997,0.000319,74.125.68.0-255,5738,24452,11,398981
3998,0.000322,172.31.36.0-255,66,24518,11,398981
3999,0.00033,74.125.68.0-255,6797,31315,11,398981
4000,0.000332,172.31.36.0-255,66,31381,11,398981
4001,0.000374,74.125.68.0-255,2902,34283,11,398981
4002,0.000377,172.31.36.0-255,66,34349,11,398981
4003,0.0004,74.125.68.0-255,1484,35833,11,398981
4004,0.000402,172.31.36.0-255,66,35899,11,398981
4005,0.000409,74.125.68.0-255,5738,41637,11,398981
4006,0.000412,172.31.36.0-255,66,41703,11,398981
4007,0.000454,172.31.36.0-255,66,41769,11,398981
4008,0.000461,74.125.68.0-255,7156,48925,11,398981
4009,0.000463,172.31.36.0-255,66,48991,11,398981
4010,0.000495,74.125.68.0-255,4320,53311,11,398981
4011,0.000497,172.31.36.0-255,66,53377,11,398981
4012,0.000501,74.125.68.0-255,2184,55561,11,398981
4013,0.000505,74.125.68.0-255,397,55958,11,398981
4014,0.000535,74.125.68.0-255,111,56069,11,398981
4015,0.000591,172.31.36.0-255,66,56135,11,398981
4016,0.000861,74.125.68.0-255,331,56466,11,398981
4017,0.001087,172.31.36.0-255,66,56532,11,398981
4018,0.001158,74.125.68.0-255,1484,58016,11,398981
4019,0.001175,74.125.68.0-255,1484,59500,11,398981
4020,0.00119,74.125.68.0-255,2902,62402,11,398981
4021,0.001232,74.125.68.0-255,4320,66722,11,398981
4022,0.001259,74.125.68.0-255,4320,71042,11,398981
4023,0.001272,74.125.68.0-255,1484,72526,11,398981
4024,0.001291,74.125.68.0-255,4320,76846,11,398981
4025,0.001307,74.125.68.0-255,2902,79748,11,398981
4026,0.001319,74.125.68.0-255,2902,82650,11,398981
4027,0.001336,74.125.68.0-255,4320,86970,11,398981
4028,0.001387,74.125.68.0-255,3602,90572,11,398981
4029,0.001724,74.125.68.0-255,1484,92056,11,398981
4030,0.001729,74.125.68.0-255,1484,93540,11,398981
4031,0.001748,74.125.68.0-255,2902,96442,11,398981
4032,0.001751,74.125.68.0-255,1484,97926,11,398981
4033,0.001769,74.125.68.0-255,4320,102246,11,398981
4034,0.001781,74.125.68.0-255,2902,105148,11,398981
4035,0.001801,74.125.68.0-255,4320,109468,11,398981
4036,0.001811,74.125.68.0-255,1484,110952,11,398981
4037,0.001834,74.125.68.0-255,7156,118108,11,398981
4038,0.001839,74.125.68.0-255,4320,122428,11,398981
4039,0.001911,74.125.68.0-255,2184,124612,11,398981
4040,0.002029,74.125.68.0-255,1484,126096,11,398981
4041,0.002057,74.125.68.0-255,2902,128998,11,398981
4042,0.002068,74.125.68.0-255,1484,130482,11,398981
4043,0.002085,74.125.68.0-255,4320,134802,11,398981
4044,0.002088,74.125.68.0-255,1484,136286,11,398981
4045,0.00211,74.125.68.0-255,2902,139188,11,398981
4046,0.002131,74.125.68.0-255,1484,140672,11,398981
4047,0.00217,74.125.68.0-255,4320,144992,11,398981
4048,0.002174,74.125.68.0-255,1484,146476,11,398981
4049,0.002178,74.125.68.0-255,2902,149378,11,398981
4050,0.002198,74.125.68.0-255,5738,155116,11,398981
4051,0.002242,74.125.68.0-255,3602,158718,11,398981
4052,0.002911,74.125.68.0-255,1484,160202,11,398981
4053,0.002928,74.125.68.0-255,2902,163104,11,398981
4054,0.002946,74.125.68.0-255,4320,167424,11,398981
4055,0.002967,74.125.68.0-255,5738,173162,11,398981
4056,0.002998,74.125.68.0-255,5738,178900,11,398981
4057,0.003022,74.125.68.0-255,5738,184638,11,398981
4058,0.003027,74.125.68.0-255,4320,188958,11,398981
4059,0.003055,74.125.68.0-255,3602,192560,11,398981
4060,0.004026,74.125.68.0-255,1484,194044,11,398981
4061,0.004039,74.125.68.0-255,2902,196946,11,398981
4062,0.004066,74.125.68.0-255,5738,202684,11,398981
4063,0.00408,74.125.68.0-255,2902,205586,11,398981
4064,0.004083,74.125.68.0-255,1484,207070,11,398981
4065,0.004099,74.125.68.0-255,2902,209972,11,398981
4066,0.00415,74.125.68.0-255,1484,211456,11,398981
4067,0.004172,74.125.68.0-255,7156,218612,11,398981
4068,0.004175,74.125.68.0-255,1484,220096,11,398981
4069,0.004179,74.125.68.0-255,2902,222998,11,398981
4070,0.004183,74.125.68.0-255,2902,225900,11,398981
4071,0.004211,74.125.68.0-255,766,226666,11,398981
4072,0.004246,74.125.68.0-255,1484,228150,11,398981
4073,0.004263,74.125.68.0-255,2902,231052,11,398981
4074,0.004276,74.125.68.0-255,1484,232536,11,398981
4075,0.00428,74.125.68.0-255,2902,235438,11,398981
4076,0.004304,74.125.68.0-255,2902,238340,11,398981
4077,0.004331,74.125.68.0-255,5738,244078,11,398981
4078,0.004336,74.125.68.0-255,4320,248398,11,398981
4079,0.004359,74.125.68.0-255,7156,255554,11,398981
4080,0.00439,74.125.68.0-255,5020,260574,11,398981
4081,0.004448,74.125.68.0-255,1484,262058,11,398981
4082,0.004469,74.125.68.0-255,2902,264960,11,398981
4083,0.00448,74.125.68.0-255,1484,266444,11,398981
4084,0.004495,74.125.68.0-255,2902,269346,11,398981
4085,0.004523,74.125.68.0-255,4320,273666,11,398981
4086,0.004539,74.125.68.0-255,1484,275150,11,398981
4087,0.004544,74.125.68.0-255,4320,279470,11,398981
4088,0.00455,74.125.68.0-255,5738,285208,11,398981
4089,0.004588,74.125.68.0-255,5738,290946,11,398981
4090,0.004606,74.125.68.0-255,3602,294548,11,398981
4091,0.004722,74.125.68.0-255,1484,296032,11,398981
4092,0.004738,74.125.68.0-255,2902,298934,11,398981
4093,0.004749,74.125.68.0-255,1484,300418,11,398981
4094,0.004761,74.125.68.0-255,4320,304738,11,398981
4095,0.004789,74.125.68.0-255,4320,309058,11,398981
4096,0.004813,74.125.68.0-255,7156,316214,11,398981
4097,0.004835,74.125.68.0-255,5738,321952,11,398981
4098,0.00485,74.125.68.0-255,6438,328390,11,398981
4099,0.004953,74.125.68.0-255,1484,329874,11,398981
4100,0.00496,74.125.68.0-255,2902,332776,11,398981
4101,0.004992,74.125.68.0-255,5738,338514,11,398981
4102,0.004997,74.125.68.0-255,2902,341416,11,398981
4103,0.005002,74.125.68.0-255,2902,344318,11,398981
4104,0.005011,172.31.36.0-255,66,344384,11,398981
4105,0.00502,74.125.68.0-255,1484,345868,11,398981
4106,0.005025,74.125.68.0-255,4320,350188,11,398981
4107,0.005038,172.31.36.0-255,66,350254,11,398981
4108,0.005056,74.125.68.0-255,4320,354574,11,398981
4109,0.005061,74.125.68.0-255,4320,358894,11,398981
4110,0.005064,74.125.68.0-255,1484,360378,11,398981
4111,0.005082,74.125.68.0-255,3602,363980,11,398981
4112,0.0051,74.125.68.0-255,5738,369718,11,398981
4113,0.005125,74.125.68.0-255,7156,376874,11,398981
4114,0.005134,172.31.36.0-255,66,376940,11,398981
4115,0.005153,74.125.68.0-255,7156,384096,11,398981
4116,0.005174,74.125.68.0-255,5738,389834,11,398981
4117,0.005205,74.125.68.0-255,4385,394219,11,398981
4118,0.005241,172.31.36.0-255,66,394285,11,398981
4119,0.005247,172.31.36.0-255,66,394351,11,398981
4120,0.005267,74.125.68.0-255,105,394456,11,398981
4121,0.007765,172.31.36.0-255,66,394522,11,398981
4122,0.007801,172.31.36.0-255,105,394627,11,398981
4123,0.010218,74.125.68.0-255,66,394693,11,398981
4124,0.032163,172.31.36.0-255,172,394865,11,398981
4125,0.032197,172.31.36.0-255,1111,395976,11,398981
4126,0.032257,172.31.36.0-255,1514,397490,11,398981
4127,0.032259,172.31.36.0-255,1293,398783,11,398981
4128,0.033822,104.244.42.0-255,66,398849,11,398981
4129,0.033851,104.244.42.0-255,66,398915,11,398981
4130,0.033909,104.244.42.0-255,66,398981,11,398981
4131,0.0,172.217.194.0-255,146,146,11,75109
4132,1.2e-05,172.217.194.0-255,1484,1630,11,75109
4133,1.8e-05,172.31.36.0-255,66,1696,11,75109
4134,4.5e-05,172.217.194.0-255,2902,4598,11,75109
4135,4.8e-05,172.31.36.0-255,66,4664,11,75109
4136,0.00018,172.217.194.0-255,7156,11820,11,75109
4137,0.000185,172.31.36.0-255,66,11886,11,75109
4138,0.000508,172.217.194.0-255,7156,19042,11,75109
4139,0.000513,172.31.36.0-255,66,19108,11,75109
4140,0.000549,172.31.36.0-255,66,19174,11,75109
4141,0.00117,172.217.194.0-255,7156,26330,11,75109
4142,0.001176,172.31.36.0-255,66,26396,11,75109
4143,0.001225,172.31.36.0-255,66,26462,11,75109
4144,0.002151,172.31.36.0-255,66,26528,11,75109
4145,0.002898,172.31.36.0-255,66,26594,11,75109
4146,0.002941,172.31.36.0-255,66,26660,11,75109
4147,0.003793,172.217.194.0-255,5738,32398,11,75109
4148,0.003797,172.31.36.0-255,66,32464,11,75109
4149,0.003817,172.217.194.0-255,5738,38202,11,75109
4150,0.00384,172.31.36.0-255,66,38268,11,75109
4151,0.0042,172.31.36.0-255,66,38334,11,75109
4152,0.004241,172.31.36.0-255,66,38400,11,75109
4153,0.005229,172.31.36.0-255,66,38466,11,75109
4154,0.005277,172.31.36.0-255,66,38532,11,75109
4155,0.006099,172.217.194.0-255,2460,40992,11,75109
4156,0.006106,172.31.36.0-255,66,41058,11,75109
4157,0.006527,172.217.194.0-255,7156,48214,11,75109
4158,0.006532,172.31.36.0-255,66,48280,11,75109
4159,0.006572,172.31.36.0-255,66,48346,11,75109
4160,0.006591,172.217.194.0-255,7156,55502,11,75109
4161,0.006594,172.31.36.0-255,66,55568,11,75109
4162,0.006752,172.217.194.0-255,7156,62724,11,75109
4163,0.006757,172.31.36.0-255,66,62790,11,75109
4164,0.006816,172.31.36.0-255,66,62856,11,75109
4165,0.007234,172.217.194.0-255,7156,70012,11,75109
4166,0.007239,172.31.36.0-255,66,70078,11,75109
4167,0.007277,172.31.36.0-255,66,70144,11,75109
4168,0.007324,172.31.36.0-255,66,70210,11,75109
4169,0.007736,172.31.36.0-255,66,70276,11,75109
4170,0.007783,172.31.36.0-255,66,70342,11,75109
4171,0.008906,172.31.36.0-255,66,70408,11,75109
4172,0.008943,172.31.36.0-255,66,70474,11,75109
4173,0.009366,172.31.36.0-255,105,70579,11,75109
4174,0.011659,172.217.194.0-255,66,70645,11,75109
4175,0.02851,172.31.36.0-255,172,70817,11,75109
4176,0.028544,172.31.36.0-255,1110,71927,11,75109
4177,0.028605,172.31.36.0-255,1514,73441,11,75109
4178,0.028606,172.31.36.0-255,1296,74737,11,75109
4179,0.030043,104.244.42.0-255,66,74803,11,75109
4180,0.030072,104.244.42.0-255,66,74869,11,75109
4181,0.030159,104.244.42.0-255,66,74935,11,75109
4182,0.031106,104.244.42.0-255,108,75043,11,75109
4183,0.031114,172.31.36.0-255,66,75109,11,75109
4184,0.0,74.125.130.0-255,299,299,11,305098
4185,2.3e-05,172.31.36.0-255,66,365,11,305098
4186,3e-05,74.125.130.0-255,1484,1849,11,305098
4187,3.4e-05,172.31.36.0-255,66,1915,11,305098
4188,5.7e-05,74.125.130.0-255,2902,4817,11,305098
4189,6e-05,172.31.36.0-255,66,4883,11,305098
4190,8.7e-05,74.125.130.0-255,2902,7785,11,305098
4191,9e-05,172.31.36.0-255,66,7851,11,305098
4192,0.00011,74.125.130.0-255,1484,9335,11,305098
4193,0.000112,172.31.36.0-255,66,9401,11,305098
4194,0.000119,74.125.130.0-255,4722,14123,11,305098
4195,0.000121,172.31.36.0-255,66,14189,11,305098
4196,0.000171,74.125.130.0-255,1484,15673,11,305098
4197,0.000175,172.31.36.0-255,66,15739,11,305098
4198,0.000193,74.125.130.0-255,2902,18641,11,305098
4199,0.000195,172.31.36.0-255,66,18707,11,305098
4200,0.0002,74.125.130.0-255,2902,21609,11,305098
4201,0.000203,172.31.36.0-255,66,21675,11,305098
4202,0.000226,74.125.130.0-255,2902,24577,11,305098
4203,0.000228,172.31.36.0-255,66,24643,11,305098
4204,0.000231,74.125.130.0-255,1484,26127,11,305098
4205,0.000233,172.31.36.0-255,66,26193,11,305098
4206,0.000251,74.125.130.0-255,5379,31572,11,305098
4207,0.000254,172.31.36.0-255,66,31638,11,305098
4208,0.000295,74.125.130.0-255,4320,35958,11,305098
4209,0.000298,172.31.36.0-255,66,36024,11,305098
4210,0.000304,74.125.130.0-255,4320,40344,11,305098
4211,0.000306,172.31.36.0-255,66,40410,11,305098
4212,0.00032,74.125.130.0-255,1484,41894,11,305098
4213,0.000322,172.31.36.0-255,66,41960,11,305098
4214,0.000326,74.125.130.0-255,1484,43444,11,305098
4215,0.000328,172.31.36.0-255,66,43510,11,305098
4216,0.000352,74.125.130.0-255,5379,48889,11,305098
4217,0.000459,74.125.130.0-255,1484,50373,11,305098
4218,0.000473,74.125.130.0-255,2902,53275,11,305098
4219,0.000495,74.125.130.0-255,4320,57595,11,305098
4220,0.000538,74.125.130.0-255,7156,64751,11,305098
4221,0.000551,74.125.130.0-255,1125,65876,11,305098
4222,0.000554,74.125.130.0-255,362,66238,11,305098
4223,0.000613,172.31.36.0-255,66,66304,11,305098
4224,0.000645,74.125.130.0-255,1484,67788,11,305098
4225,0.000662,74.125.130.0-255,2902,70690,11,305098
4226,0.000669,172.31.36.0-255,66,70756,11,305098
4227,0.000682,74.125.130.0-255,5738,76494,11,305098
4228,0.000708,74.125.130.0-255,6797,83291,11,305098
4229,0.000711,74.125.130.0-255,380,83671,11,305098
4230,0.000726,172.31.36.0-255,66,83737,11,305098
4231,0.000983,74.125.130.0-255,1484,85221,11,305098
4232,0.000989,74.125.130.0-255,2902,88123,11,305098
4233,0.001008,74.125.130.0-255,1484,89607,11,305098
4234,0.001011,172.31.36.0-255,66,89673,11,305098
4235,0.001021,74.125.130.0-255,4320,93993,11,305098
4236,0.001032,172.31.36.0-255,66,94059,11,305098
4237,0.001085,74.125.130.0-255,4320,98379,11,305098
4238,0.001101,74.125.130.0-255,766,99145,11,305098
4239,0.001107,172.31.36.0-255,66,99211,11,305098
4240,0.001211,74.125.130.0-255,1484,100695,11,305098
4241,0.001216,74.125.130.0-255,1484,102179,11,305098
4242,0.001226,74.125.130.0-255,1484,103663,11,305098
4243,0.001236,172.31.36.0-255,66,103729,11,305098
4244,0.001245,74.125.130.0-255,2902,106631,11,305098
4245,0.001251,74.125.130.0-255,4320,110951,11,305098
4246,0.001257,172.31.36.0-255,66,111017,11,305098
4247,0.001265,74.125.130.0-255,1484,112501,11,305098
4248,0.001285,74.125.130.0-255,7156,119657,11,305098
4249,0.001291,74.125.130.0-255,4320,123977,11,305098
4250,0.001303,74.125.130.0-255,1484,125461,11,305098
4251,0.00131,74.125.130.0-255,4320,129781,11,305098
4252,0.001315,172.31.36.0-255,66,129847,11,305098
4253,0.001327,74.125.130.0-255,2902,132749,11,305098
4254,0.00133,74.125.130.0-255,766,133515,11,305098
4255,0.001349,172.31.36.0-255,66,133581,11,305098
4256,0.001846,74.125.130.0-255,1484,135065,11,305098
4257,0.001851,74.125.130.0-255,1484,136549,11,305098
4258,0.001854,172.31.36.0-255,66,136615,11,305098
4259,0.001871,74.125.130.0-255,1484,138099,11,305098
4260,0.001897,74.125.130.0-255,4320,142419,11,305098
4261,0.001902,172.31.36.0-255,66,142485,11,305098
4262,0.001913,74.125.130.0-255,1484,143969,11,305098
4263,0.001918,74.125.130.0-255,4320,148289,11,305098
4264,0.001932,74.125.130.0-255,2902,151191,11,305098
4265,0.001951,74.125.130.0-255,7156,158347,11,305098
4266,0.001957,172.31.36.0-255,66,158413,11,305098
4267,0.001972,74.125.130.0-255,2902,161315,11,305098
4268,0.001999,74.125.130.0-255,4320,165635,11,305098
4269,0.002004,172.31.36.0-255,66,165701,11,305098
4270,0.00202,74.125.130.0-255,2184,167885,11,305098
4271,0.002034,172.31.36.0-255,66,167951,11,305098
4272,0.004274,74.125.130.0-255,2902,170853,11,305098
4273,0.004281,172.31.36.0-255,66,170919,11,305098
4274,0.004302,74.125.130.0-255,2902,173821,11,305098
4275,0.006554,74.125.130.0-255,2902,176723,11,305098
4276,0.007385,172.31.36.0-255,66,176789,11,305098
4277,0.00967,74.125.130.0-255,5738,182527,11,305098
4278,0.009678,172.31.36.0-255,66,182593,11,305098
4279,0.011963,74.125.130.0-255,5738,188331,11,305098
4280,0.011972,172.31.36.0-255,66,188397,11,305098
4281,0.014262,74.125.130.0-255,5738,194135,11,305098
4282,0.014767,172.31.36.0-255,66,194201,11,305098
4283,0.017051,74.125.130.0-255,5738,199939,11,305098
4284,0.01706,172.31.36.0-255,66,200005,11,305098
4285,0.019348,74.125.130.0-255,5738,205743,11,305098
4286,0.019357,172.31.36.0-255,66,205809,11,305098
4287,0.021636,74.125.130.0-255,5738,211547,11,305098
4288,0.021643,172.31.36.0-255,66,211613,11,305098
4289,0.02395,74.125.130.0-255,4320,215933,11,305098
4290,0.023957,172.31.36.0-255,66,215999,11,305098
4291,0.023978,74.125.130.0-255,1484,217483,11,305098
4292,0.026239,74.125.130.0-255,4320,221803,11,305098
4293,0.026246,172.31.36.0-255,66,221869,11,305098
4294,0.028528,74.125.130.0-255,5738,227607,11,305098
4295,0.028728,172.31.36.0-255,66,227673,11,305098
4296,0.029747,172.31.36.0-255,172,227845,11,305098
4297,0.029777,172.31.36.0-255,1109,228954,11,305098
4298,0.029831,172.31.36.0-255,1514,230468,11,305098
4299,0.029832,172.31.36.0-255,332,230800,11,305098
4300,0.031008,74.125.130.0-255,5738,236538,11,305098
4301,0.031015,172.31.36.0-255,66,236604,11,305098
4302,0.031301,104.244.42.0-255,66,236670,11,305098
4303,0.031449,104.244.42.0-255,66,236736,11,305098
4304,0.031461,104.244.42.0-255,66,236802,11,305098
4305,0.033321,74.125.130.0-255,5738,242540,11,305098
4306,0.033335,172.31.36.0-255,66,242606,11,305098
4307,0.035624,74.125.130.0-255,5738,248344,11,305098
4308,0.035636,172.31.36.0-255,66,248410,11,305098
4309,0.037934,74.125.130.0-255,5738,254148,11,305098
4310,0.03794,172.31.36.0-255,66,254214,11,305098
4311,0.040242,74.125.130.0-255,5738,259952,11,305098
4312,0.040249,172.31.36.0-255,66,260018,11,305098
4313,0.042569,74.125.130.0-255,4320,264338,11,305098
4314,0.042576,172.31.36.0-255,66,264404,11,305098
4315,0.042594,74.125.130.0-255,1484,265888,11,305098
4316,0.044861,74.125.130.0-255,4320,270208,11,305098
4317,0.044868,172.31.36.0-255,66,270274,11,305098
4318,0.047155,74.125.130.0-255,5738,276012,11,305098
4319,0.047315,172.31.36.0-255,66,276078,11,305098
4320,0.04959,74.125.130.0-255,5738,281816,11,305098
4321,0.049596,172.31.36.0-255,66,281882,11,305098
4322,0.051934,74.125.130.0-255,5738,287620,11,305098
4323,0.051944,172.31.36.0-255,66,287686,11,305098
4324,0.054229,74.125.130.0-255,5738,293424,11,305098
4325,0.054236,172.31.36.0-255,66,293490,11,305098
4326,0.056528,74.125.130.0-255,5738,299228,11,305098
4327,0.056535,172.31.36.0-255,66,299294,11,305098
4328,0.058809,74.125.130.0-255,5738,305032,11,305098
4329,0.058815,172.31.36.0-255,66,305098,11,305098
4330,0.0,74.125.24.0-255,153,153,11,280082
4331,1.7e-05,172.31.36.0-255,66,219,11,280082
4332,2.3e-05,74.125.24.0-255,1484,1703,11,280082
4333,2.6e-05,172.31.36.0-255,66,1769,11,280082
4334,3.1e-05,74.125.24.0-255,2902,4671,11,280082
4335,3.5e-05,172.31.36.0-255,66,4737,11,280082
4336,4e-05,74.125.24.0-255,2902,7639,11,280082
4337,4.3e-05,172.31.36.0-255,66,7705,11,280082
4338,6.2e-05,74.125.24.0-255,4320,12025,11,280082
4339,6.5e-05,172.31.36.0-255,66,12091,11,280082
4340,6.9e-05,74.125.24.0-255,2902,14993,11,280082
4341,7.2e-05,172.31.36.0-255,66,15059,11,280082
4342,0.000109,172.31.36.0-255,66,15125,11,280082
4343,0.000132,74.125.24.0-255,5379,20504,11,280082
4344,0.000134,172.31.36.0-255,66,20570,11,280082
4345,0.000392,74.125.24.0-255,1484,22054,11,280082
4346,0.000395,172.31.36.0-255,66,22120,11,280082
4347,0.000399,74.125.24.0-255,2902,25022,11,280082
4348,0.000401,172.31.36.0-255,66,25088,11,280082
4349,0.000424,74.125.24.0-255,2902,27990,11,280082
4350,0.000427,172.31.36.0-255,66,28056,11,280082
4351,0.000442,74.125.24.0-255,1484,29540,11,280082
4352,0.000444,172.31.36.0-255,66,29606,11,280082
4353,0.00046,74.125.24.0-255,1484,31090,11,280082
4354,0.000463,172.31.36.0-255,66,31156,11,280082
4355,0.000486,74.125.24.0-255,6797,37953,11,280082
4356,0.000488,172.31.36.0-255,66,38019,11,280082
4357,0.000494,74.125.24.0-255,5738,43757,11,280082
4358,0.000497,172.31.36.0-255,66,43823,11,280082
4359,0.000508,74.125.24.0-255,2902,46725,11,280082
4360,0.00051,172.31.36.0-255,66,46791,11,280082
4361,0.000515,74.125.24.0-255,2902,49693,11,280082
4362,0.000517,172.31.36.0-255,66,49759,11,280082
4363,0.000536,74.125.24.0-255,5379,55138,11,280082
4364,0.000539,172.31.36.0-255,66,55204,11,280082
4365,0.001124,74.125.24.0-255,645,55849,11,280082
4366,0.001472,74.125.24.0-255,1484,57333,11,280082
4367,0.001479,172.31.36.0-255,66,57399,11,280082
4368,0.001486,74.125.24.0-255,2902,60301,11,280082
4369,0.001488,172.31.36.0-255,66,60367,11,280082
4370,0.001494,74.125.24.0-255,5738,66105,11,280082
4371,0.001496,172.31.36.0-255,66,66171,11,280082
4372,0.001499,74.125.24.0-255,1484,67655,11,280082
4373,0.00152,74.125.24.0-255,2902,70557,11,280082
4374,0.001523,172.31.36.0-255,66,70623,11,280082
4375,0.001528,74.125.24.0-255,2902,73525,11,280082
4376,0.00153,172.31.36.0-255,66,73591,11,280082
4377,0.001561,74.125.24.0-255,2902,76493,11,280082
4378,0.001565,172.31.36.0-255,66,76559,11,280082
4379,0.00157,74.125.24.0-255,4320,80879,11,280082
4380,0.001573,172.31.36.0-255,66,80945,11,280082
4381,0.001608,74.125.24.0-255,4320,85265,11,280082
4382,0.001611,172.31.36.0-255,66,85331,11,280082
4383,0.001632,74.125.24.0-255,5020,90351,11,280082
4384,0.001635,172.31.36.0-255,66,90417,11,280082
4385,0.00178,74.125.24.0-255,1484,91901,11,280082
4386,0.001784,74.125.24.0-255,1484,93385,11,280082
4387,0.001787,172.31.36.0-255,66,93451,11,280082
4388,0.001803,74.125.24.0-255,1484,94935,11,280082
4389,0.001809,74.125.24.0-255,5738,100673,11,280082
4390,0.001812,172.31.36.0-255,66,100739,11,280082
4391,0.001835,74.125.24.0-255,5738,106477,11,280082
4392,0.001838,172.31.36.0-255,66,106543,11,280082
4393,0.001867,74.125.24.0-255,7156,113699,11,280082
4394,0.00187,172.31.36.0-255,66,113765,11,280082
4395,0.001874,74.125.24.0-255,2902,116667,11,280082
4396,0.001876,172.31.36.0-255,66,116733,11,280082
4397,0.001894,74.125.24.0-255,4320,121053,11,280082
4398,0.001898,172.31.36.0-255,66,121119,11,280082
4399,0.001908,74.125.24.0-255,3602,124721,11,280082
4400,0.001912,172.31.36.0-255,66,124787,11,280082
4401,0.002192,74.125.24.0-255,1484,126271,11,280082
4402,0.002197,74.125.24.0-255,1484,127755,11,280082
4403,0.0022,172.31.36.0-255,66,127821,11,280082
4404,0.002217,74.125.24.0-255,1484,129305,11,280082
4405,0.002224,74.125.24.0-255,5738,135043,11,280082
4406,0.002227,172.31.36.0-255,66,135109,11,280082
4407,0.002232,74.125.24.0-255,4320,139429,11,280082
4408,0.002235,172.31.36.0-255,66,139495,11,280082
4409,0.002269,172.31.36.0-255,66,139561,11,280082
4410,0.002281,172.31.36.0-255,66,139627,11,280082
4411,0.002284,74.125.24.0-255,766,140393,11,280082
4412,0.00276,172.31.36.0-255,66,140459,11,280082
4413,0.004606,74.125.24.0-255,4320,144779,11,280082
4414,0.004613,172.31.36.0-255,66,144845,11,280082
4415,0.005078,74.125.24.0-255,1484,146329,11,280082
4416,0.006952,74.125.24.0-255,2902,149231,11,280082
4417,0.006956,172.31.36.0-255,66,149297,11,280082
4418,0.006974,74.125.24.0-255,1484,150781,11,280082
4419,0.009299,74.125.24.0-255,4320,155101,11,280082
4420,0.009306,172.31.36.0-255,66,155167,11,280082
4421,0.011646,74.125.24.0-255,5738,160905,11,280082
4422,0.011654,172.31.36.0-255,66,160971,11,280082
4423,0.014017,74.125.24.0-255,5738,166709,11,280082
4424,0.014032,172.31.36.0-255,66,166775,11,280082
4425,0.01635,74.125.24.0-255,5738,172513,11,280082
4426,0.01636,172.31.36.0-255,66,172579,11,280082
4427,0.018677,74.125.24.0-255,5738,178317,11,280082
4428,0.018684,172.31.36.0-255,66,178383,11,280082
4429,0.021014,74.125.24.0-255,5738,184121,11,280082
4430,0.021023,172.31.36.0-255,66,184187,11,280082
4431,0.023342,74.125.24.0-255,4320,188507,11,280082
4432,0.023349,172.31.36.0-255,66,188573,11,280082
4433,0.023378,74.125.24.0-255,1484,190057,11,280082
4434,0.025691,74.125.24.0-255,4320,194377,11,280082
4435,0.025698,172.31.36.0-255,66,194443,11,280082
4436,0.027854,172.31.36.0-255,167,194610,11,280082
4437,0.027888,172.31.36.0-255,1112,195722,11,280082
4438,0.027921,172.31.36.0-255,1514,197236,11,280082
4439,0.027922,172.31.36.0-255,1292,198528,11,280082
4440,0.028002,74.125.24.0-255,5738,204266,11,280082
4441,0.028009,172.31.36.0-255,66,204332,11,280082
4442,0.029414,104.244.42.0-255,66,204398,11,280082
4443,0.029451,104.244.42.0-255,66,204464,11,280082
4444,0.0295,104.244.42.0-255,66,204530,11,280082
4445,0.03036,74.125.24.0-255,2902,207432,11,280082
4446,0.030364,172.31.36.0-255,66,207498,11,280082
4447,0.030394,74.125.24.0-255,2902,210400,11,280082
4448,0.030397,172.31.36.0-255,66,210466,11,280082
4449,0.032662,74.125.24.0-255,1484,211950,11,280082
4450,0.032703,74.125.24.0-255,2902,214852,11,280082
4451,0.032708,172.31.36.0-255,66,214918,11,280082
4452,0.032724,74.125.24.0-255,1484,216402,11,280082
4453,0.03507,74.125.24.0-255,4320,220722,11,280082
4454,0.035075,172.31.36.0-255,66,220788,11,280082
4455,0.037412,74.125.24.0-255,2902,223690,11,280082
4456,0.037419,172.31.36.0-255,66,223756,11,280082
4457,0.037437,74.125.24.0-255,2902,226658,11,280082
4458,0.03744,172.31.36.0-255,66,226724,11,280082
4459,0.039754,74.125.24.0-255,5738,232462,11,280082
4460,0.039759,172.31.36.0-255,66,232528,11,280082
4461,0.042107,74.125.24.0-255,2902,235430,11,280082
4462,0.042112,172.31.36.0-255,66,235496,11,280082
4463,0.042145,74.125.24.0-255,2902,238398,11,280082
4464,0.042148,172.31.36.0-255,66,238464,11,280082
4465,0.044432,74.125.24.0-255,2902,241366,11,280082
4466,0.044437,172.31.36.0-255,66,241432,11,280082
4467,0.044474,74.125.24.0-255,1484,242916,11,280082
4468,0.044488,74.125.24.0-255,1484,244400,11,280082
4469,0.044491,172.31.36.0-255,66,244466,11,280082
4470,0.046773,74.125.24.0-255,2902,247368,11,280082
4471,0.046778,172.31.36.0-255,66,247434,11,280082
4472,0.046829,74.125.24.0-255,2902,250336,11,280082
4473,0.046834,172.31.36.0-255,66,250402,11,280082
4474,0.049119,74.125.24.0-255,2902,253304,11,280082
4475,0.049126,172.31.36.0-255,66,253370,11,280082
4476,0.049163,74.125.24.0-255,2902,256272,11,280082
4477,0.049166,172.31.36.0-255,66,256338,11,280082
4478,0.051465,74.125.24.0-255,2902,259240,11,280082
4479,0.051471,172.31.36.0-255,66,259306,11,280082
4480,0.051506,74.125.24.0-255,2902,262208,11,280082
4481,0.05151,172.31.36.0-255,66,262274,11,280082
4482,0.053806,74.125.24.0-255,2902,265176,11,280082
4483,0.053812,172.31.36.0-255,66,265242,11,280082
4484,0.053835,74.125.24.0-255,2902,268144,11,280082
4485,0.053838,172.31.36.0-255,66,268210,11,280082
4486,0.056149,74.125.24.0-255,2902,271112,11,280082
4487,0.056154,172.31.36.0-255,66,271178,11,280082
4488,0.056189,74.125.24.0-255,2902,274080,11,280082
4489,0.056192,172.31.36.0-255,66,274146,11,280082
4490,0.058494,74.125.24.0-255,2902,277048,11,280082
4491,0.058499,172.31.36.0-255,66,277114,11,280082
4492,0.058533,74.125.24.0-255,2902,280016,11,280082
4493,0.058536,172.31.36.0-255,66,280082,11,280082
4494,0.0,172.217.24.0-255,152,152,11,194249
4495,2.9e-05,172.217.24.0-255,1484,1636,11,194249
4496,3.9e-05,172.31.36.0-255,66,1702,11,194249
4497,4.6e-05,172.217.24.0-255,2902,4604,11,194249
4498,4.9e-05,172.31.36.0-255,66,4670,11,194249
4499,5.4e-05,172.217.24.0-255,4320,8990,11,194249
4500,6.5e-05,172.31.36.0-255,66,9056,11,194249
4501,7e-05,172.217.24.0-255,2902,11958,11,194249
4502,7.2e-05,172.31.36.0-255,66,12024,11,194249
4503,7.7e-05,172.217.24.0-255,2902,14926,11,194249
4504,7.9e-05,172.31.36.0-255,66,14992,11,194249
4505,0.000117,172.217.24.0-255,3411,18403,11,194249
4506,0.000121,172.31.36.0-255,66,18469,11,194249
4507,0.000128,172.217.24.0-255,7156,25625,11,194249
4508,0.00013,172.31.36.0-255,66,25691,11,194249
4509,0.000137,172.217.24.0-255,5379,31070,11,194249
4510,0.00014,172.31.36.0-255,66,31136,11,194249
4511,0.0002,172.217.24.0-255,1484,32620,11,194249
4512,0.000207,172.217.24.0-255,2902,35522,11,194249
4513,0.00021,172.31.36.0-255,66,35588,11,194249
4514,0.000213,172.217.24.0-255,1484,37072,11,194249
4515,0.000242,172.217.24.0-255,4320,41392,11,194249
4516,0.000245,172.31.36.0-255,66,41458,11,194249
4517,0.000249,172.217.24.0-255,2902,44360,11,194249
4518,0.000252,172.31.36.0-255,66,44426,11,194249
4519,0.000258,172.217.24.0-255,5738,50164,11,194249
4520,0.00026,172.31.36.0-255,66,50230,11,194249
4521,0.000291,172.217.24.0-255,5379,55609,11,194249
4522,0.000295,172.31.36.0-255,66,55675,11,194249
4523,0.000307,172.31.36.0-255,66,55741,11,194249
4524,0.00094,172.217.24.0-255,119,55860,11,194249
4525,0.001058,172.217.24.0-255,1484,57344,11,194249
4526,0.001064,172.31.36.0-255,66,57410,11,194249
4527,0.00107,172.217.24.0-255,2902,60312,11,194249
4528,0.001072,172.31.36.0-255,66,60378,11,194249
4529,0.00111,172.217.24.0-255,5738,66116,11,194249
4530,0.001115,172.31.36.0-255,66,66182,11,194249
4531,0.001122,172.217.24.0-255,5738,71920,11,194249
4532,0.001124,172.31.36.0-255,66,71986,11,194249
4533,0.001155,172.217.24.0-255,5379,77365,11,194249
4534,0.001158,172.31.36.0-255,66,77431,11,194249
4535,0.001165,172.217.24.0-255,5738,83169,11,194249
4536,0.001167,172.31.36.0-255,66,83235,11,194249
4537,0.001191,172.217.24.0-255,4320,87555,11,194249
4538,0.001194,172.31.36.0-255,66,87621,11,194249
4539,0.001215,172.217.24.0-255,2543,90164,11,194249
4540,0.001217,172.31.36.0-255,66,90230,11,194249
4541,0.002044,172.217.24.0-255,1484,91714,11,194249
4542,0.002051,172.217.24.0-255,2902,94616,11,194249
4543,0.002054,172.31.36.0-255,66,94682,11,194249
4544,0.002062,172.217.24.0-255,5738,100420,11,194249
4545,0.002064,172.31.36.0-255,66,100486,11,194249
4546,0.002066,172.217.24.0-255,1484,101970,11,194249
4547,0.002094,172.217.24.0-255,2902,104872,11,194249
4548,0.002096,172.31.36.0-255,66,104938,11,194249
4549,0.00213,172.31.36.0-255,66,105004,11,194249
4550,0.002133,172.217.24.0-255,1484,106488,11,194249
4551,0.002136,172.217.24.0-255,1484,107972,11,194249
4552,0.002137,172.31.36.0-255,66,108038,11,194249
4553,0.002142,172.217.24.0-255,2902,110940,11,194249
4554,0.002144,172.31.36.0-255,66,111006,11,194249
4555,0.00217,172.217.24.0-255,5020,116026,11,194249
4556,0.002172,172.31.36.0-255,66,116092,11,194249
4557,0.002445,172.217.24.0-255,1484,117576,11,194249
4558,0.002448,172.217.24.0-255,1484,119060,11,194249
4559,0.002451,172.31.36.0-255,66,119126,11,194249
4560,0.002463,172.217.24.0-255,1484,120610,11,194249
4561,0.002473,172.217.24.0-255,5738,126348,11,194249
4562,0.002475,172.31.36.0-255,66,126414,11,194249
4563,0.00248,172.217.24.0-255,4320,130734,11,194249
4564,0.002482,172.31.36.0-255,66,130800,11,194249
4565,0.002512,172.31.36.0-255,66,130866,11,194249
4566,0.002528,172.31.36.0-255,66,130932,11,194249
4567,0.002569,172.217.24.0-255,5738,136670,11,194249
4568,0.002571,172.31.36.0-255,66,136736,11,194249
4569,0.002606,172.217.24.0-255,5738,142474,11,194249
4570,0.002608,172.31.36.0-255,66,142540,11,194249
4571,0.002623,172.31.36.0-255,66,142606,11,194249
4572,0.002628,172.217.24.0-255,5020,147626,11,194249
4573,0.002631,172.31.36.0-255,66,147692,11,194249
4574,0.002636,172.217.24.0-255,5738,153430,11,194249
4575,0.002638,172.31.36.0-255,66,153496,11,194249
4576,0.002681,172.31.36.0-255,66,153562,11,194249
4577,0.002684,172.217.24.0-255,1484,155046,11,194249
4578,0.002714,172.31.36.0-255,66,155112,11,194249
4579,0.002718,172.217.24.0-255,2184,157296,11,194249
4580,0.00272,172.31.36.0-255,66,157362,11,194249
4581,0.002722,172.217.24.0-255,1484,158846,11,194249
4582,0.002749,172.217.24.0-255,1484,160330,11,194249
4583,0.002752,172.31.36.0-255,66,160396,11,194249
4584,0.002759,172.217.24.0-255,7156,167552,11,194249
4585,0.002761,172.31.36.0-255,66,167618,11,194249
4586,0.002779,172.31.36.0-255,66,167684,11,194249
4587,0.002806,172.217.24.0-255,4320,172004,11,194249
4588,0.002808,172.31.36.0-255,66,172070,11,194249
4589,0.002815,172.217.24.0-255,6438,178508,11,194249
4590,0.002817,172.31.36.0-255,66,178574,11,194249
4591,0.002836,172.31.36.0-255,66,178640,11,194249
4592,0.002841,172.217.24.0-255,5738,184378,11,194249
4593,0.002843,172.31.36.0-255,66,184444,11,194249
4594,0.002872,172.217.24.0-255,2902,187346,11,194249
4595,0.002874,172.31.36.0-255,66,187412,11,194249
4596,0.002886,172.31.36.0-255,66,187478,11,194249
4597,0.002931,172.31.36.0-255,66,187544,11,194249
4598,0.002941,172.31.36.0-255,66,187610,11,194249
4599,0.002976,172.31.36.0-255,66,187676,11,194249
4600,0.003034,172.31.36.0-255,66,187742,11,194249
4601,0.003068,172.217.24.0-255,97,187839,11,194249
4602,0.00307,172.217.24.0-255,105,187944,11,194249
4603,0.004981,172.31.36.0-255,66,188010,11,194249
4604,0.007582,172.31.36.0-255,105,188115,11,194249
4605,0.009581,172.217.24.0-255,66,188181,11,194249
4606,0.030541,172.31.36.0-255,172,188353,11,194249
4607,0.030594,172.31.36.0-255,1110,189463,11,194249
4608,0.030616,172.31.36.0-255,1514,190977,11,194249
4609,0.030641,172.31.36.0-255,1514,192491,11,194249
4610,0.030643,172.31.36.0-255,1514,194005,11,194249
4611,0.030663,172.31.36.0-255,112,194117,11,194249
4612,0.032423,104.244.42.0-255,66,194183,11,194249
4613,0.032433,104.244.42.0-255,66,194249,11,194249
4614,0.0,172.217.194.0-255,158,158,11,287835
4615,2.6e-05,172.31.36.0-255,66,224,11,287835
4616,3.3e-05,172.217.194.0-255,1484,1708,11,287835
4617,3.7e-05,172.31.36.0-255,66,1774,11,287835
4618,4.1e-05,172.217.194.0-255,2902,4676,11,287835
4619,4.3e-05,172.31.36.0-255,66,4742,11,287835
4620,4.9e-05,172.217.194.0-255,7156,11898,11,287835
4621,5.1e-05,172.31.36.0-255,66,11964,11,287835
4622,9.5e-05,172.31.36.0-255,66,12030,11,287835
4623,9.7e-05,172.217.194.0-255,1484,13514,11,287835
4624,9.9e-05,172.31.36.0-255,66,13580,11,287835
4625,0.000117,172.217.194.0-255,3961,17541,11,287835
4626,0.00012,172.31.36.0-255,66,17607,11,287835
4627,0.000148,172.217.194.0-255,5738,23345,11,287835
4628,0.00015,172.31.36.0-255,66,23411,11,287835
4629,0.000156,172.217.194.0-255,2902,26313,11,287835
4630,0.000158,172.31.36.0-255,66,26379,11,287835
4631,0.000177,172.217.194.0-255,2902,29281,11,287835
4632,0.00018,172.31.36.0-255,66,29347,11,287835
4633,0.000183,172.217.194.0-255,2902,32249,11,287835
4634,0.000185,172.31.36.0-255,66,32315,11,287835
4635,0.000215,172.31.36.0-255,66,32381,11,287835
4636,0.00022,172.217.194.0-255,4320,36701,11,287835
4637,0.000222,172.31.36.0-255,66,36767,11,287835
4638,0.000238,172.217.194.0-255,3961,40728,11,287835
4639,0.00024,172.31.36.0-255,66,40794,11,287835
4640,0.00045,172.217.194.0-255,368,41162,11,287835
4641,0.000455,172.31.36.0-255,66,41228,11,287835
4642,0.000467,172.217.194.0-255,377,41605,11,287835
4643,0.00047,172.31.36.0-255,66,41671,11,287835
4644,0.000796,172.217.194.0-255,1484,43155,11,287835
4645,0.000818,172.217.194.0-255,2902,46057,11,287835
4646,0.000822,172.31.36.0-255,66,46123,11,287835
4647,0.000829,172.217.194.0-255,5738,51861,11,287835
4648,0.000835,172.31.36.0-255,66,51927,11,287835
4649,0.000874,172.217.194.0-255,5738,57665,11,287835
4650,0.000883,172.31.36.0-255,66,57731,11,287835
4651,0.000891,172.217.194.0-255,5020,62751,11,287835
4652,0.000901,172.31.36.0-255,66,62817,11,287835
4653,0.000994,172.217.194.0-255,1484,64301,11,287835
4654,0.001,172.217.194.0-255,2902,67203,11,287835
4655,0.001008,172.31.36.0-255,66,67269,11,287835
4656,0.001048,172.217.194.0-255,5738,73007,11,287835
4657,0.001052,172.31.36.0-255,66,73073,11,287835
4658,0.001058,172.217.194.0-255,5738,78811,11,287835
4659,0.00107,172.31.36.0-255,66,78877,11,287835
4660,0.001075,172.31.36.0-255,66,78943,11,287835
4661,0.00108,172.217.194.0-255,1484,80427,11,287835
4662,0.001087,172.217.194.0-255,5020,85447,11,287835
4663,0.001092,172.31.36.0-255,66,85513,11,287835
4664,0.001328,172.217.194.0-255,1484,86997,11,287835
4665,0.001334,172.217.194.0-255,2902,89899,11,287835
4666,0.001338,172.31.36.0-255,66,89965,11,287835
4667,0.001341,172.217.194.0-255,1484,91449,11,287835
4668,0.001361,172.217.194.0-255,4320,95769,11,287835
4669,0.001366,172.217.194.0-255,4320,100089,11,287835
4670,0.001378,172.31.36.0-255,66,100155,11,287835
4671,0.001395,172.217.194.0-255,5738,105893,11,287835
4672,0.001395,172.31.36.0-255,66,105959,11,287835
4673,0.001409,172.31.36.0-255,66,106025,11,287835
4674,0.001422,172.217.194.0-255,5020,111045,11,287835
4675,0.001426,172.31.36.0-255,66,111111,11,287835
4676,0.001748,172.217.194.0-255,1484,112595,11,287835
4677,0.001757,172.217.194.0-255,2902,115497,11,287835
4678,0.001761,172.31.36.0-255,66,115563,11,287835
4679,0.001765,172.217.194.0-255,1484,117047,11,287835
4680,0.001784,172.217.194.0-255,4320,121367,11,287835
4681,0.001788,172.217.194.0-255,1484,122851,11,287835
4682,0.001817,172.217.194.0-255,1484,124335,11,287835
4683,0.001913,172.217.194.0-255,1484,125819,11,287835
4684,0.001928,172.217.194.0-255,2902,128721,11,287835
4685,0.001943,172.217.194.0-255,2902,131623,11,287835
4686,0.001958,172.217.194.0-255,2902,134525,11,287835
4687,0.00207,172.217.194.0-255,1484,136009,11,287835
4688,0.002074,172.217.194.0-255,2902,138911,11,287835
4689,0.002098,172.217.194.0-255,4320,143231,11,287835
4690,0.006848,172.31.36.0-255,66,143297,11,287835
4691,0.008936,172.217.194.0-255,5738,149035,11,287835
4692,0.008944,172.31.36.0-255,66,149101,11,287835
4693,0.011029,172.217.194.0-255,4320,153421,11,287835
4694,0.011035,172.31.36.0-255,66,153487,11,287835
4695,0.011053,172.217.194.0-255,1484,154971,11,287835
4696,0.013116,172.217.194.0-255,4320,159291,11,287835
4697,0.013123,172.31.36.0-255,66,159357,11,287835
4698,0.015193,172.217.194.0-255,5738,165095,11,287835
4699,0.015641,172.31.36.0-255,66,165161,11,287835
4700,0.017699,172.217.194.0-255,5738,170899,11,287835
4701,0.017706,172.31.36.0-255,66,170965,11,287835
4702,0.019764,172.217.194.0-255,4320,175285,11,287835
4703,0.019771,172.31.36.0-255,66,175351,11,287835
4704,0.0198,172.217.194.0-255,1484,176835,11,287835
4705,0.021832,172.217.194.0-255,4320,181155,11,287835
4706,0.021838,172.31.36.0-255,66,181221,11,287835
4707,0.023049,172.31.36.0-255,167,181388,11,287835
4708,0.023077,172.31.36.0-255,1111,182499,11,287835
4709,0.023105,172.31.36.0-255,1514,184013,11,287835
4710,0.023107,172.31.36.0-255,330,184343,11,287835
4711,0.023939,172.217.194.0-255,5738,190081,11,287835
4712,0.023996,172.31.36.0-255,66,190147,11,287835
4713,0.024638,104.244.42.0-255,66,190213,11,287835
4714,0.024644,104.244.42.0-255,66,190279,11,287835
4715,0.024666,104.244.42.0-255,66,190345,11,287835
4716,0.025615,104.244.42.0-255,108,190453,11,287835
4717,0.025619,172.31.36.0-255,66,190519,11,287835
4718,0.02607,172.217.194.0-255,5738,196257,11,287835
4719,0.026074,172.31.36.0-255,66,196323,11,287835
4720,0.028128,172.217.194.0-255,5738,202061,11,287835
4721,0.028135,172.31.36.0-255,66,202127,11,287835
4722,0.030186,172.217.194.0-255,5738,207865,11,287835
4723,0.030191,172.31.36.0-255,66,207931,11,287835
4724,0.032297,172.217.194.0-255,5738,213669,11,287835
4725,0.032303,172.31.36.0-255,66,213735,11,287835
4726,0.034348,172.217.194.0-255,5738,219473,11,287835
4727,0.034353,172.31.36.0-255,66,219539,11,287835
4728,0.036414,172.217.194.0-255,5738,225277,11,287835
4729,0.03642,172.31.36.0-255,66,225343,11,287835
4730,0.038495,172.217.194.0-255,5738,231081,11,287835
4731,0.038501,172.31.36.0-255,66,231147,11,287835
4732,0.040538,172.217.194.0-255,5738,236885,11,287835
4733,0.040544,172.31.36.0-255,66,236951,11,287835
4734,0.042602,172.217.194.0-255,4320,241271,11,287835
4735,0.042608,172.31.36.0-255,66,241337,11,287835
4736,0.042634,172.217.194.0-255,1484,242821,11,287835
4737,0.044648,172.217.194.0-255,4320,247141,11,287835
4738,0.044654,172.31.36.0-255,66,247207,11,287835
4739,0.046705,172.217.194.0-255,5738,252945,11,287835
4740,0.046765,172.31.36.0-255,66,253011,11,287835
4741,0.048843,172.217.194.0-255,5738,258749,11,287835
4742,0.048851,172.31.36.0-255,66,258815,11,287835
4743,0.050888,172.217.194.0-255,5738,264553,11,287835
4744,0.050893,172.31.36.0-255,66,264619,11,287835
4745,0.052946,172.217.194.0-255,5738,270357,11,287835
4746,0.052951,172.31.36.0-255,66,270423,11,287835
4747,0.055017,172.217.194.0-255,5738,276161,11,287835
4748,0.055023,172.31.36.0-255,66,276227,11,287835
4749,0.057075,172.217.194.0-255,5738,281965,11,287835
4750,0.05708,172.31.36.0-255,66,282031,11,287835
4751,0.059137,172.217.194.0-255,5738,287769,11,287835
4752,0.059143,172.31.36.0-255,66,287835,11,287835
4753,0.0,172.217.194.0-255,150,150,11,205784
4754,2.3e-05,172.31.36.0-255,66,216,11,205784
4755,3e-05,172.217.194.0-255,1484,1700,11,205784
4756,3.5e-05,172.31.36.0-255,66,1766,11,205784
4757,4e-05,172.217.194.0-255,2902,4668,11,205784
4758,4.4e-05,172.31.36.0-255,66,4734,11,205784
4759,5.2e-05,172.217.194.0-255,7156,11890,11,205784
4760,5.6e-05,172.31.36.0-255,66,11956,11,205784
4761,6e-05,172.217.194.0-255,2036,13992,11,205784
4762,6.4e-05,172.31.36.0-255,66,14058,11,205784
4763,6.8e-05,172.217.194.0-255,1484,15542,11,205784
4764,7e-05,172.31.36.0-255,66,15608,11,205784
4765,7.4e-05,172.217.194.0-255,1484,17092,11,205784
4766,7.6e-05,172.31.36.0-255,66,17158,11,205784
4767,9.9e-05,172.217.194.0-255,1484,18642,11,205784
4768,0.000101,172.31.36.0-255,66,18708,11,205784
4769,0.000109,172.217.194.0-255,5738,24446,11,205784
4770,0.000112,172.31.36.0-255,66,24512,11,205784
4771,0.000119,172.217.194.0-255,6797,31309,11,205784
4772,0.000121,172.31.36.0-255,66,31375,11,205784
4773,0.000215,172.217.194.0-255,1484,32859,11,205784
4774,0.000218,172.31.36.0-255,66,32925,11,205784
4775,0.000224,172.217.194.0-255,2902,35827,11,205784
4776,0.000226,172.31.36.0-255,66,35893,11,205784
4777,0.000241,172.217.194.0-255,2902,38795,11,205784
4778,0.000244,172.31.36.0-255,66,38861,11,205784
4779,0.000275,172.217.194.0-255,2902,41763,11,205784
4780,0.000278,172.31.36.0-255,66,41829,11,205784
4781,0.000285,172.217.194.0-255,6797,48626,11,205784
4782,0.000288,172.31.36.0-255,66,48692,11,205784
4783,0.000295,172.217.194.0-255,7156,55848,11,205784
4784,0.000297,172.31.36.0-255,66,55914,11,205784
4785,0.000328,172.31.36.0-255,66,55980,11,205784
4786,0.000332,172.217.194.0-255,98,56078,11,205784
4787,0.000335,172.217.194.0-255,364,56442,11,205784
4788,0.000539,172.217.194.0-255,1484,57926,11,205784
4789,0.000544,172.31.36.0-255,66,57992,11,205784
4790,0.00055,172.217.194.0-255,2902,60894,11,205784
4791,0.000553,172.31.36.0-255,66,60960,11,205784
4792,0.000556,172.217.194.0-255,1484,62444,11,205784
4793,0.000577,172.217.194.0-255,4320,66764,11,205784
4794,0.00058,172.31.36.0-255,66,66830,11,205784
4795,0.000584,172.217.194.0-255,2902,69732,11,205784
4796,0.000586,172.31.36.0-255,66,69798,11,205784
4797,0.000616,172.217.194.0-255,7156,76954,11,205784
4798,0.000619,172.31.36.0-255,66,77020,11,205784
4799,0.000622,172.217.194.0-255,1484,78504,11,205784
4800,0.000676,172.31.36.0-255,66,78570,11,205784
4801,0.000842,172.217.194.0-255,1484,80054,11,205784
4802,0.000846,172.217.194.0-255,1484,81538,11,205784
4803,0.000849,172.31.36.0-255,66,81604,11,205784
4804,0.000869,172.217.194.0-255,1484,83088,11,205784
4805,0.000876,172.217.194.0-255,5738,88826,11,205784
4806,0.000878,172.31.36.0-255,66,88892,11,205784
4807,0.000934,172.31.36.0-255,66,88958,11,205784
4808,0.00095,172.31.36.0-255,66,89024,11,205784
4809,0.000986,172.217.194.0-255,1484,90508,11,205784
4810,0.000991,172.217.194.0-255,2902,93410,11,205784
4811,0.000994,172.31.36.0-255,66,93476,11,205784
4812,0.001001,172.217.194.0-255,5738,99214,11,205784
4813,0.001003,172.31.36.0-255,66,99280,11,205784
4814,0.001006,172.217.194.0-255,1484,100764,11,205784
4815,0.00104,172.31.36.0-255,66,100830,11,205784
4816,0.001072,172.217.194.0-255,4320,105150,11,205784
4817,0.001075,172.31.36.0-255,66,105216,11,205784
4818,0.001098,172.217.194.0-255,6438,111654,11,205784
4819,0.001102,172.31.36.0-255,66,111720,11,205784
4820,0.001119,172.217.194.0-255,1484,113204,11,205784
4821,0.001137,172.217.194.0-255,1484,114688,11,205784
4822,0.00114,172.31.36.0-255,66,114754,11,205784
4823,0.001146,172.217.194.0-255,4320,119074,11,205784
4824,0.001148,172.31.36.0-255,66,119140,11,205784
4825,0.001159,172.31.36.0-255,66,119206,11,205784
4826,0.001198,172.31.36.0-255,66,119272,11,205784
4827,0.001224,172.217.194.0-255,6438,125710,11,205784
4828,0.001226,172.31.36.0-255,66,125776,11,205784
4829,0.001861,172.217.194.0-255,1484,127260,11,205784
4830,0.001866,172.217.194.0-255,1484,128744,11,205784
4831,0.00187,172.31.36.0-255,66,128810,11,205784
4832,0.001891,172.217.194.0-255,1484,130294,11,205784
4833,0.001897,172.217.194.0-255,5738,136032,11,205784
4834,0.001901,172.31.36.0-255,66,136098,11,205784
4835,0.001906,172.217.194.0-255,2902,139000,11,205784
4836,0.001908,172.31.36.0-255,66,139066,11,205784
4837,0.001938,172.31.36.0-255,66,139132,11,205784
4838,0.001941,172.217.194.0-255,1484,140616,11,205784
4839,0.001971,172.217.194.0-255,1484,142100,11,205784
4840,0.001973,172.31.36.0-255,66,142166,11,205784
4841,0.002001,172.31.36.0-255,66,142232,11,205784
4842,0.002034,172.217.194.0-255,1484,143716,11,205784
4843,0.002039,172.217.194.0-255,2902,146618,11,205784
4844,0.002042,172.31.36.0-255,66,146684,11,205784
4845,0.002046,172.217.194.0-255,2902,149586,11,205784
4846,0.002048,172.31.36.0-255,66,149652,11,205784
4847,0.002064,172.217.194.0-255,2902,152554,11,205784
4848,0.002067,172.31.36.0-255,66,152620,11,205784
4849,0.002069,172.217.194.0-255,1484,154104,11,205784
4850,0.002104,172.31.36.0-255,66,154170,11,205784
4851,0.002115,172.31.36.0-255,66,154236,11,205784
4852,0.002134,172.217.194.0-255,2184,156420,11,205784
4853,0.002137,172.31.36.0-255,66,156486,11,205784
4854,0.002139,172.217.194.0-255,1484,157970,11,205784
4855,0.002144,172.217.194.0-255,2902,160872,11,205784
4856,0.002146,172.31.36.0-255,66,160938,11,205784
4857,0.002153,172.217.194.0-255,5738,166676,11,205784
4858,0.002155,172.31.36.0-255,66,166742,11,205784
4859,0.002169,172.31.36.0-255,66,166808,11,205784
4860,0.002229,172.31.36.0-255,66,166874,11,205784
4861,0.002237,172.217.194.0-255,7156,174030,11,205784
4862,0.002239,172.31.36.0-255,66,174096,11,205784
4863,0.00226,172.217.194.0-255,4320,178416,11,205784
4864,0.002262,172.31.36.0-255,66,178482,11,205784
4865,0.002273,172.31.36.0-255,66,178548,11,205784
4866,0.00229,172.217.194.0-255,1484,180032,11,205784
4867,0.002327,172.31.36.0-255,66,180098,11,205784
4868,0.002348,172.217.194.0-255,3602,183700,11,205784
4869,0.002351,172.31.36.0-255,66,183766,11,205784
4870,0.002365,172.31.36.0-255,66,183832,11,205784
4871,0.002387,172.31.36.0-255,66,183898,11,205784
4872,0.002392,172.217.194.0-255,3602,187500,11,205784
4873,0.002394,172.31.36.0-255,66,187566,11,205784
4874,0.002412,172.217.194.0-255,1484,189050,11,205784
4875,0.002428,172.217.194.0-255,5738,194788,11,205784
4876,0.002431,172.31.36.0-255,66,194854,11,205784
4877,0.002451,172.217.194.0-255,5738,200592,11,205784
4878,0.002454,172.31.36.0-255,66,200658,11,205784
4879,0.002493,172.31.36.0-255,66,200724,11,205784
4880,0.002496,172.217.194.0-255,252,200976,11,205784
4881,0.002498,172.217.194.0-255,105,201081,11,205784
4882,0.01289,172.31.36.0-255,66,201147,11,205784
4883,0.012934,172.31.36.0-255,105,201252,11,205784
4884,0.013516,172.217.194.0-255,105,201357,11,205784
4885,0.013526,172.31.36.0-255,78,201435,11,205784
4886,0.015584,172.217.194.0-255,66,201501,11,205784
4887,0.038725,172.31.36.0-255,167,201668,11,205784
4888,0.038759,172.31.36.0-255,1111,202779,11,205784
4889,0.038834,172.31.36.0-255,1514,204293,11,205784
4890,0.038836,172.31.36.0-255,1293,205586,11,205784
4891,0.04043,104.244.42.0-255,66,205652,11,205784
4892,0.040461,104.244.42.0-255,66,205718,11,205784
4893,0.040504,104.244.42.0-255,66,205784,11,205784
4894,0.0,172.217.194.0-255,153,153,11,167495
4895,3.5e-05,172.31.36.0-255,66,219,11,167495
4896,4.2e-05,172.217.194.0-255,1484,1703,11,167495
4897,4.8e-05,172.31.36.0-255,66,1769,11,167495
4898,5.3e-05,172.217.194.0-255,2902,4671,11,167495
4899,5.7e-05,172.31.36.0-255,66,4737,11,167495
4900,6.5e-05,172.217.194.0-255,7156,11893,11,167495
4901,6.9e-05,172.31.36.0-255,66,11959,11,167495
4902,8.9e-05,172.217.194.0-255,2081,14040,11,167495
4903,9.2e-05,172.31.36.0-255,66,14106,11,167495
4904,0.000381,172.217.194.0-255,1484,15590,11,167495
4905,0.000386,172.31.36.0-255,66,15656,11,167495
4906,0.000394,172.217.194.0-255,2902,18558,11,167495
4907,0.000397,172.31.36.0-255,66,18624,11,167495
4908,0.0004,172.217.194.0-255,1484,20108,11,167495
4909,0.000402,172.31.36.0-255,66,20174,11,167495
4910,0.000424,172.217.194.0-255,4320,24494,11,167495
4911,0.000427,172.31.36.0-255,66,24560,11,167495
4912,0.00043,172.217.194.0-255,1484,26044,11,167495
4913,0.000432,172.31.36.0-255,66,26110,11,167495
4914,0.00048,172.31.36.0-255,66,26176,11,167495
4915,0.000486,172.31.36.0-255,66,26242,11,167495
4916,0.000499,172.217.194.0-255,1484,27726,11,167495
4917,0.000502,172.31.36.0-255,66,27792,11,167495
4918,0.000537,172.31.36.0-255,66,27858,11,167495
4919,0.0006,172.217.194.0-255,342,28200,11,167495
4920,0.000604,172.31.36.0-255,66,28266,11,167495
4921,0.000623,172.217.194.0-255,432,28698,11,167495
4922,0.000625,172.31.36.0-255,66,28764,11,167495
4923,0.000742,172.217.194.0-255,1484,30248,11,167495
4924,0.00076,172.217.194.0-255,2902,33150,11,167495
4925,0.000764,172.31.36.0-255,66,33216,11,167495
4926,0.000772,172.217.194.0-255,5738,38954,11,167495
4927,0.000774,172.31.36.0-255,66,39020,11,167495
4928,0.000807,172.31.36.0-255,66,39086,11,167495
4929,0.000831,172.217.194.0-255,4320,43406,11,167495
4930,0.000834,172.31.36.0-255,66,43472,11,167495
4931,0.000844,172.31.36.0-255,66,43538,11,167495
4932,0.000858,172.217.194.0-255,2184,45722,11,167495
4933,0.000861,172.31.36.0-255,66,45788,11,167495
4934,0.001044,172.217.194.0-255,1484,47272,11,167495
4935,0.00105,172.217.194.0-255,2902,50174,11,167495
4936,0.001053,172.31.36.0-255,66,50240,11,167495
4937,0.001058,172.217.194.0-255,2902,53142,11,167495
4938,0.00106,172.31.36.0-255,66,53208,11,167495
4939,0.001074,172.217.194.0-255,2902,56110,11,167495
4940,0.001076,172.31.36.0-255,66,56176,11,167495
4941,0.001082,172.217.194.0-255,4320,60496,11,167495
4942,0.001085,172.31.36.0-255,66,60562,11,167495
4943,0.00112,172.31.36.0-255,66,60628,11,167495
4944,0.001125,172.31.36.0-255,66,60694,11,167495
4945,0.001141,172.217.194.0-255,2184,62878,11,167495
4946,0.001144,172.31.36.0-255,66,62944,11,167495
4947,0.002111,172.217.194.0-255,1484,64428,11,167495
4948,0.002122,172.217.194.0-255,2902,67330,11,167495
4949,0.002127,172.31.36.0-255,66,67396,11,167495
4950,0.002134,172.217.194.0-255,5738,73134,11,167495
4951,0.002136,172.31.36.0-255,66,73200,11,167495
4952,0.002139,172.217.194.0-255,1484,74684,11,167495
4953,0.002169,172.31.36.0-255,66,74750,11,167495
4954,0.002193,172.217.194.0-255,7156,81906,11,167495
4955,0.002195,172.31.36.0-255,66,81972,11,167495
4956,0.002214,172.217.194.0-255,6438,88410,11,167495
4957,0.002216,172.31.36.0-255,66,88476,11,167495
4958,0.002267,172.217.194.0-255,1484,89960,11,167495
4959,0.00227,172.217.194.0-255,1484,91444,11,167495
4960,0.002272,172.31.36.0-255,66,91510,11,167495
4961,0.002288,172.217.194.0-255,1484,92994,11,167495
4962,0.002291,172.217.194.0-255,1484,94478,11,167495
4963,0.002293,172.31.36.0-255,66,94544,11,167495
4964,0.002311,172.217.194.0-255,4320,98864,11,167495
4965,0.002313,172.31.36.0-255,66,98930,11,167495
4966,0.002353,172.217.194.0-255,2902,101832,11,167495
4967,0.002355,172.31.36.0-255,66,101898,11,167495
4968,0.002381,172.31.36.0-255,66,101964,11,167495
4969,0.002385,172.217.194.0-255,2902,104866,11,167495
4970,0.002388,172.31.36.0-255,66,104932,11,167495
4971,0.002399,172.31.36.0-255,66,104998,11,167495
4972,0.002418,172.217.194.0-255,6438,111436,11,167495
4973,0.002421,172.31.36.0-255,66,111502,11,167495
4974,0.002432,172.31.36.0-255,66,111568,11,167495
4975,0.002473,172.31.36.0-255,66,111634,11,167495
4976,0.002495,172.217.194.0-255,5738,117372,11,167495
4977,0.002497,172.31.36.0-255,66,117438,11,167495
4978,0.002524,172.217.194.0-255,7156,124594,11,167495
4979,0.002526,172.31.36.0-255,66,124660,11,167495
4980,0.002543,172.31.36.0-255,66,124726,11,167495
4981,0.002563,172.217.194.0-255,2902,127628,11,167495
4982,0.002564,172.31.36.0-255,66,127694,11,167495
4983,0.002592,172.217.194.0-255,5020,132714,11,167495
4984,0.002595,172.31.36.0-255,66,132780,11,167495
4985,0.0026,172.217.194.0-255,5738,138518,11,167495
4986,0.002602,172.31.36.0-255,66,138584,11,167495
4987,0.002617,172.31.36.0-255,66,138650,11,167495
4988,0.002627,172.31.36.0-255,66,138716,11,167495
4989,0.00265,172.217.194.0-255,3602,142318,11,167495
4990,0.002652,172.31.36.0-255,66,142384,11,167495
4991,0.002667,172.217.194.0-255,4320,146704,11,167495
4992,0.002669,172.31.36.0-255,66,146770,11,167495
4993,0.002717,172.217.194.0-255,1484,148254,11,167495
4994,0.002721,172.31.36.0-255,78,148332,11,167495
4995,0.002736,172.31.36.0-255,78,148410,11,167495
4996,0.00276,172.217.194.0-255,4320,152730,11,167495
4997,0.002763,172.31.36.0-255,78,152808,11,167495
4998,0.002766,172.217.194.0-255,1484,154292,11,167495
4999,0.002771,172.217.194.0-255,3602,157894,11,167495
5000,0.002809,172.217.194.0-255,1484,159378,11,167495
5001,0.002826,172.217.194.0-255,1315,160693,11,167495
5002,0.002828,172.31.36.0-255,78,160771,11,167495
5003,0.002848,172.217.194.0-255,105,160876,11,167495
5004,0.008442,172.31.36.0-255,66,160942,11,167495
5005,0.010669,172.31.36.0-255,78,161020,11,167495
5006,0.010691,172.217.194.0-255,2902,163922,11,167495
5007,0.010693,172.31.36.0-255,78,164000,11,167495
5008,0.010908,172.31.36.0-255,105,164105,11,167495
5009,0.013207,172.217.194.0-255,66,164171,11,167495
5010,0.028106,172.31.36.0-255,172,164343,11,167495
5011,0.028137,172.31.36.0-255,1109,165452,11,167495
5012,0.028179,172.31.36.0-255,1514,166966,11,167495
5013,0.028181,172.31.36.0-255,331,167297,11,167495
5014,0.029643,104.244.42.0-255,66,167363,11,167495
5015,0.029684,104.244.42.0-255,66,167429,11,167495
5016,0.029732,104.244.42.0-255,66,167495,11,167495
5017,0.0,74.125.24.0-255,153,153,11,275572
5018,2.5e-05,172.31.36.0-255,66,219,11,275572
5019,3.3e-05,74.125.24.0-255,1484,1703,11,275572
5020,3.8e-05,172.31.36.0-255,66,1769,11,275572
5021,5.4e-05,74.125.24.0-255,2902,4671,11,275572
5022,5.7e-05,172.31.36.0-255,66,4737,11,275572
5023,6.3e-05,74.125.24.0-255,4320,9057,11,275572
5024,6.5e-05,172.31.36.0-255,66,9123,11,275572
5025,7.2e-05,74.125.24.0-255,4918,14041,11,275572
5026,7.5e-05,172.31.36.0-255,66,14107,11,275572
5027,7.9e-05,74.125.24.0-255,1484,15591,11,275572
5028,8.2e-05,172.31.36.0-255,66,15657,11,275572
5029,0.000119,172.31.36.0-255,66,15723,11,275572
5030,0.00015,74.125.24.0-255,5379,21102,11,275572
5031,0.000153,172.31.36.0-255,66,21168,11,275572
5032,0.000255,74.125.24.0-255,1484,22652,11,275572
5033,0.000259,172.31.36.0-255,66,22718,11,275572
5034,0.000262,74.125.24.0-255,1484,24202,11,275572
5035,0.000264,172.31.36.0-255,66,24268,11,275572
5036,0.000298,74.125.24.0-255,1484,25752,11,275572
5037,0.0003,172.31.36.0-255,66,25818,11,275572
5038,0.000308,74.125.24.0-255,5738,31556,11,275572
5039,0.00031,172.31.36.0-255,66,31622,11,275572
5040,0.000317,74.125.24.0-255,5738,37360,11,275572
5041,0.000319,172.31.36.0-255,66,37426,11,275572
5042,0.000325,74.125.24.0-255,4320,41746,11,275572
5043,0.000327,172.31.36.0-255,66,41812,11,275572
5044,0.00036,172.31.36.0-255,66,41878,11,275572
5045,0.000366,74.125.24.0-255,3961,45839,11,275572
5046,0.000369,172.31.36.0-255,66,45905,11,275572
5047,0.000668,74.125.24.0-255,645,46550,11,275572
5048,0.000923,74.125.24.0-255,1484,48034,11,275572
5049,0.000928,172.31.36.0-255,66,48100,11,275572
5050,0.000935,74.125.24.0-255,2902,51002,11,275572
5051,0.000937,172.31.36.0-255,66,51068,11,275572
5052,0.000947,74.125.24.0-255,2902,53970,11,275572
5053,0.00095,172.31.36.0-255,66,54036,11,275572
5054,0.000981,74.125.24.0-255,2902,56938,11,275572
5055,0.000984,172.31.36.0-255,66,57004,11,275572
5056,0.00099,74.125.24.0-255,4320,61324,11,275572
5057,0.000992,172.31.36.0-255,66,61390,11,275572
5058,0.001006,172.31.36.0-255,66,61456,11,275572
5059,0.001016,172.31.36.0-255,66,61522,11,275572
5060,0.001072,74.125.24.0-255,1484,63006,11,275572
5061,0.001089,74.125.24.0-255,2902,65908,11,275572
5062,0.001094,172.31.36.0-255,66,65974,11,275572
5063,0.001099,74.125.24.0-255,2902,68876,11,275572
5064,0.001101,172.31.36.0-255,66,68942,11,275572
5065,0.001104,74.125.24.0-255,1484,70426,11,275572
5066,0.00113,74.125.24.0-255,2902,73328,11,275572
5067,0.001142,172.31.36.0-255,66,73394,11,275572
5068,0.001146,172.31.36.0-255,66,73460,11,275572
5069,0.001192,172.31.36.0-255,66,73526,11,275572
5070,0.001218,74.125.24.0-255,1484,75010,11,275572
5071,0.001222,74.125.24.0-255,2902,77912,11,275572
5072,0.001228,74.125.24.0-255,5738,83650,11,275572
5073,0.001233,172.31.36.0-255,66,83716,11,275572
5074,0.001242,172.31.36.0-255,66,83782,11,275572
5075,0.001259,172.31.36.0-255,66,83848,11,275572
5076,0.001291,74.125.24.0-255,2902,86750,11,275572
5077,0.001294,172.31.36.0-255,66,86816,11,275572
5078,0.001301,74.125.24.0-255,5738,92554,11,275572
5079,0.001303,172.31.36.0-255,66,92620,11,275572
5080,0.001338,74.125.24.0-255,5020,97640,11,275572
5081,0.001341,172.31.36.0-255,66,97706,11,275572
5082,0.001372,74.125.24.0-255,1484,99190,11,275572
5083,0.001392,74.125.24.0-255,2902,102092,11,275572
5084,0.001395,172.31.36.0-255,66,102158,11,275572
5085,0.001399,74.125.24.0-255,1484,103642,11,275572
5086,0.001423,74.125.24.0-255,4320,107962,11,275572
5087,0.001426,172.31.36.0-255,66,108028,11,275572
5088,0.001431,74.125.24.0-255,4320,112348,11,275572
5089,0.001434,172.31.36.0-255,66,112414,11,275572
5090,0.001452,172.31.36.0-255,66,112480,11,275572
5091,0.001455,74.125.24.0-255,1484,113964,11,275572
5092,0.001491,74.125.24.0-255,6438,120402,11,275572
5093,0.001495,172.31.36.0-255,66,120468,11,275572
5094,0.001587,74.125.24.0-255,1484,121952,11,275572
5095,0.001593,74.125.24.0-255,2902,124854,11,275572
5096,0.001596,172.31.36.0-255,66,124920,11,275572
5097,0.001603,74.125.24.0-255,5738,130658,11,275572
5098,0.001605,172.31.36.0-255,66,130724,11,275572
5099,0.00164,74.125.24.0-255,5738,136462,11,275572
5100,0.001643,172.31.36.0-255,66,136528,11,275572
5101,0.001694,172.31.36.0-255,66,136594,11,275572
5102,0.001708,74.125.24.0-255,4320,140914,11,275572
5103,0.001714,172.31.36.0-255,66,140980,11,275572
5104,0.00172,74.125.24.0-255,5020,146000,11,275572
5105,0.001723,172.31.36.0-255,66,146066,11,275572
5106,0.001842,74.125.24.0-255,1484,147550,11,275572
5107,0.001846,74.125.24.0-255,1484,149034,11,275572
5108,0.001849,172.31.36.0-255,66,149100,11,275572
5109,0.001875,74.125.24.0-255,1484,150584,11,275572
5110,0.001882,74.125.24.0-255,5738,156322,11,275572
5111,0.001884,172.31.36.0-255,66,156388,11,275572
5112,0.001925,74.125.24.0-255,7156,163544,11,275572
5113,0.001934,172.31.36.0-255,66,163610,11,275572
5114,0.001941,74.125.24.0-255,5738,169348,11,275572
5115,0.001943,172.31.36.0-255,66,169414,11,275572
5116,0.001972,172.31.36.0-255,66,169480,11,275572
5117,0.001978,74.125.24.0-255,5020,174500,11,275572
5118,0.001981,172.31.36.0-255,66,174566,11,275572
5119,0.002013,172.31.36.0-255,66,174632,11,275572
5120,0.002046,74.125.24.0-255,5738,180370,11,275572
5121,0.002049,172.31.36.0-255,66,180436,11,275572
5122,0.002056,74.125.24.0-255,5738,186174,11,275572
5123,0.002059,172.31.36.0-255,66,186240,11,275572
5124,0.002063,74.125.24.0-255,3602,189842,11,275572
5125,0.002066,172.31.36.0-255,66,189908,11,275572
5126,0.002354,74.125.24.0-255,1484,191392,11,275572
5127,0.002362,74.125.24.0-255,1484,192876,11,275572
5128,0.002365,172.31.36.0-255,66,192942,11,275572
5129,0.002397,74.125.24.0-255,1484,194426,11,275572
5130,0.002405,74.125.24.0-255,5738,200164,11,275572
5131,0.002407,172.31.36.0-255,66,200230,11,275572
5132,0.002412,74.125.24.0-255,2902,203132,11,275572
5133,0.002415,172.31.36.0-255,66,203198,11,275572
5134,0.002443,74.125.24.0-255,4320,207518,11,275572
5135,0.002446,172.31.36.0-255,66,207584,11,275572
5136,0.002463,172.31.36.0-255,66,207650,11,275572
5137,0.002491,74.125.24.0-255,2902,210552,11,275572
5138,0.002493,172.31.36.0-255,66,210618,11,275572
5139,0.002498,74.125.24.0-255,2184,212802,11,275572
5140,0.0025,172.31.36.0-255,66,212868,11,275572
5141,0.005077,74.125.24.0-255,5738,218606,11,275572
5142,0.005088,172.31.36.0-255,66,218672,11,275572
5143,0.007688,74.125.24.0-255,5738,224410,11,275572
5144,0.007709,172.31.36.0-255,66,224476,11,275572
5145,0.010311,74.125.24.0-255,5738,230214,11,275572
5146,0.010331,172.31.36.0-255,66,230280,11,275572
5147,0.012956,74.125.24.0-255,5738,236018,11,275572
5148,0.012972,172.31.36.0-255,66,236084,11,275572
5149,0.015586,74.125.24.0-255,5738,241822,11,275572
5150,0.015606,172.31.36.0-255,66,241888,11,275572
5151,0.018187,74.125.24.0-255,5738,247626,11,275572
5152,0.018198,172.31.36.0-255,66,247692,11,275572
5153,0.020797,74.125.24.0-255,5738,253430,11,275572
5154,0.020811,172.31.36.0-255,66,253496,11,275572
5155,0.023416,74.125.24.0-255,5738,259234,11,275572
5156,0.023431,172.31.36.0-255,66,259300,11,275572
5157,0.026045,74.125.24.0-255,5738,265038,11,275572
5158,0.026058,172.31.36.0-255,66,265104,11,275572
5159,0.028674,74.125.24.0-255,4320,269424,11,275572
5160,0.028687,172.31.36.0-255,66,269490,11,275572
5161,0.028719,74.125.24.0-255,1484,270974,11,275572
5162,0.03125,74.125.24.0-255,73,271047,11,275572
5163,0.031259,172.31.36.0-255,66,271113,11,275572
5164,0.031392,172.31.36.0-255,105,271218,11,275572
5165,0.033969,74.125.24.0-255,66,271284,11,275572
5166,0.040487,172.31.36.0-255,172,271456,11,275572
5167,0.040517,172.31.36.0-255,1111,272567,11,275572
5168,0.040575,172.31.36.0-255,1514,274081,11,275572
5169,0.040577,172.31.36.0-255,1293,275374,11,275572
5170,0.042044,104.244.42.0-255,66,275440,11,275572
5171,0.042063,104.244.42.0-255,66,275506,11,275572
5172,0.042125,104.244.42.0-255,66,275572,11,275572
5173,0.0,74.125.24.0-255,153,153,11,194059
5174,2.7e-05,172.31.36.0-255,66,219,11,194059
5175,3.4e-05,74.125.24.0-255,1484,1703,11,194059
5176,3.9e-05,172.31.36.0-255,66,1769,11,194059
5177,5.4e-05,74.125.24.0-255,2902,4671,11,194059
5178,5.7e-05,172.31.36.0-255,66,4737,11,194059
5179,6.4e-05,74.125.24.0-255,5738,10475,11,194059
5180,6.7e-05,172.31.36.0-255,66,10541,11,194059
5181,7.5e-05,74.125.24.0-255,6263,16804,11,194059
5182,7.8e-05,172.31.36.0-255,66,16870,11,194059
5183,8.2e-05,74.125.24.0-255,1484,18354,11,194059
5184,8.5e-05,172.31.36.0-255,66,18420,11,194059
5185,0.000128,74.125.24.0-255,7156,25576,11,194059
5186,0.000131,172.31.36.0-255,66,25642,11,194059
5187,0.000135,74.125.24.0-255,1484,27126,11,194059
5188,0.000137,172.31.36.0-255,66,27192,11,194059
5189,0.000161,74.125.24.0-255,3961,31153,11,194059
5190,0.000164,172.31.36.0-255,66,31219,11,194059
5191,0.000287,74.125.24.0-255,1484,32703,11,194059
5192,0.000291,172.31.36.0-255,66,32769,11,194059
5193,0.000297,74.125.24.0-255,2902,35671,11,194059
5194,0.000299,172.31.36.0-255,66,35737,11,194059
5195,0.000302,74.125.24.0-255,1484,37221,11,194059
5196,0.000304,172.31.36.0-255,66,37287,11,194059
5197,0.000335,74.125.24.0-255,4320,41607,11,194059
5198,0.000338,172.31.36.0-255,66,41673,11,194059
5199,0.000345,74.125.24.0-255,2902,44575,11,194059
5200,0.000347,172.31.36.0-255,66,44641,11,194059
5201,0.000381,172.31.36.0-255,66,44707,11,194059
5202,0.000415,172.31.36.0-255,66,44773,11,194059
5203,0.000443,74.125.24.0-255,2902,47675,11,194059
5204,0.000445,172.31.36.0-255,66,47741,11,194059
5205,0.000449,74.125.24.0-255,1438,49179,11,194059
5206,0.000453,74.125.24.0-255,110,49289,11,194059
5207,0.000526,74.125.24.0-255,1484,50773,11,194059
5208,0.000529,172.31.36.0-255,66,50839,11,194059
5209,0.000535,74.125.24.0-255,2902,53741,11,194059
5210,0.000537,172.31.36.0-255,66,53807,11,194059
5211,0.000543,74.125.24.0-255,5738,59545,11,194059
5212,0.000551,172.31.36.0-255,66,59611,11,194059
5213,0.000565,74.125.24.0-255,2902,62513,11,194059
5214,0.000568,172.31.36.0-255,66,62579,11,194059
5215,0.0006,172.31.36.0-255,66,62645,11,194059
5216,0.000612,172.31.36.0-255,66,62711,11,194059
5217,0.000635,74.125.24.0-255,1125,63836,11,194059
5218,0.000822,74.125.24.0-255,1484,65320,11,194059
5219,0.000829,172.31.36.0-255,66,65386,11,194059
5220,0.000848,74.125.24.0-255,2902,68288,11,194059
5221,0.000852,172.31.36.0-255,66,68354,11,194059
5222,0.000879,74.125.24.0-255,5738,74092,11,194059
5223,0.000883,172.31.36.0-255,66,74158,11,194059
5224,0.00089,74.125.24.0-255,7156,81314,11,194059
5225,0.000893,172.31.36.0-255,66,81380,11,194059
5226,0.000927,74.125.24.0-255,5738,87118,11,194059
5227,0.000931,172.31.36.0-255,66,87184,11,194059
5228,0.000943,172.31.36.0-255,66,87250,11,194059
5229,0.000947,74.125.24.0-255,2184,89434,11,194059
5230,0.00095,172.31.36.0-255,66,89500,11,194059
5231,0.000952,74.125.24.0-255,1484,90984,11,194059
5232,0.00098,74.125.24.0-255,2902,93886,11,194059
5233,0.000983,172.31.36.0-255,66,93952,11,194059
5234,0.000989,74.125.24.0-255,5738,99690,11,194059
5235,0.000992,172.31.36.0-255,66,99756,11,194059
5236,0.001024,172.31.36.0-255,66,99822,11,194059
5237,0.001035,172.31.36.0-255,66,99888,11,194059
5238,0.001076,74.125.24.0-255,2902,102790,11,194059
5239,0.00108,172.31.36.0-255,66,102856,11,194059
5240,0.001125,172.31.36.0-255,66,102922,11,194059
5241,0.001151,74.125.24.0-255,3602,106524,11,194059
5242,0.001154,172.31.36.0-255,66,106590,11,194059
5243,0.001168,172.31.36.0-255,66,106656,11,194059
5244,0.001194,74.125.24.0-255,7156,113812,11,194059
5245,0.001197,172.31.36.0-255,66,113878,11,194059
5246,0.001231,172.31.36.0-255,66,113944,11,194059
5247,0.001247,172.31.36.0-255,66,114010,11,194059
5248,0.001291,172.31.36.0-255,66,114076,11,194059
5249,0.001313,172.31.36.0-255,66,114142,11,194059
5250,0.001318,74.125.24.0-255,3602,117744,11,194059
5251,0.00132,172.31.36.0-255,66,117810,11,194059
5252,0.001422,74.125.24.0-255,1484,119294,11,194059
5253,0.001435,74.125.24.0-255,2902,122196,11,194059
5254,0.001438,172.31.36.0-255,66,122262,11,194059
5255,0.001445,74.125.24.0-255,5738,128000,11,194059
5256,0.001447,172.31.36.0-255,66,128066,11,194059
5257,0.001454,74.125.24.0-255,1484,129550,11,194059
5258,0.001474,74.125.24.0-255,4320,133870,11,194059
5259,0.001476,172.31.36.0-255,66,133936,11,194059
5260,0.001496,74.125.24.0-255,5738,139674,11,194059
5261,0.001498,172.31.36.0-255,66,139740,11,194059
5262,0.001538,172.31.36.0-255,66,139806,11,194059
5263,0.00154,74.125.24.0-255,766,140572,11,194059
5264,0.001588,74.125.24.0-255,1484,142056,11,194059
5265,0.001591,172.31.36.0-255,66,142122,11,194059
5266,0.001622,74.125.24.0-255,2902,145024,11,194059
5267,0.001625,172.31.36.0-255,66,145090,11,194059
5268,0.001629,74.125.24.0-255,2902,147992,11,194059
5269,0.001631,172.31.36.0-255,66,148058,11,194059
5270,0.001652,74.125.24.0-255,2902,150960,11,194059
5271,0.001659,74.125.24.0-255,4320,155280,11,194059
5272,0.001664,172.31.36.0-255,66,155346,11,194059
5273,0.001667,172.31.36.0-255,66,155412,11,194059
5274,0.001697,172.31.36.0-255,66,155478,11,194059
5275,0.001743,172.31.36.0-255,66,155544,11,194059
5276,0.001858,74.125.24.0-255,1484,157028,11,194059
5277,0.001875,74.125.24.0-255,2902,159930,11,194059
5278,0.001878,172.31.36.0-255,66,159996,11,194059
5279,0.001907,74.125.24.0-255,5738,165734,11,194059
5280,0.001911,172.31.36.0-255,66,165800,11,194059
5281,0.001946,172.31.36.0-255,66,165866,11,194059
5282,0.001971,74.125.24.0-255,1484,167350,11,194059
5283,0.001985,172.31.36.0-255,66,167416,11,194059
5284,0.002011,74.125.24.0-255,2184,169600,11,194059
5285,0.002013,172.31.36.0-255,66,169666,11,194059
5286,0.002079,74.125.24.0-255,1484,171150,11,194059
5287,0.002099,74.125.24.0-255,2902,174052,11,194059
5288,0.002103,172.31.36.0-255,66,174118,11,194059
5289,0.002131,74.125.24.0-255,5738,179856,11,194059
5290,0.002134,172.31.36.0-255,66,179922,11,194059
5291,0.002162,74.125.24.0-255,2902,182824,11,194059
5292,0.002164,172.31.36.0-255,66,182890,11,194059
5293,0.002191,172.31.36.0-255,66,182956,11,194059
5294,0.002216,74.125.24.0-255,1484,184440,11,194059
5295,0.002233,74.125.24.0-255,4919,189359,11,194059
5296,0.002236,172.31.36.0-255,66,189425,11,194059
5297,0.00226,74.125.24.0-255,105,189530,11,194059
5298,0.004936,172.31.36.0-255,66,189596,11,194059
5299,0.004988,172.31.36.0-255,105,189701,11,194059
5300,0.007586,74.125.24.0-255,66,189767,11,194059
5301,0.033325,172.31.36.0-255,176,189943,11,194059
5302,0.033358,172.31.36.0-255,1107,191050,11,194059
5303,0.03342,172.31.36.0-255,1514,192564,11,194059
5304,0.033422,172.31.36.0-255,1297,193861,11,194059
5305,0.034914,104.244.42.0-255,66,193927,11,194059
5306,0.034948,104.244.42.0-255,66,193993,11,194059
5307,0.035006,104.244.42.0-255,66,194059,11,194059
5308,0.0,172.217.194.0-255,143,143,11,276227
5309,3.5e-05,172.31.36.0-255,66,209,11,276227
5310,4.2e-05,172.217.194.0-255,1484,1693,11,276227
5311,4.7e-05,172.31.36.0-255,66,1759,11,276227
5312,5.2e-05,172.217.194.0-255,2902,4661,11,276227
5313,5.4e-05,172.31.36.0-255,66,4727,11,276227
5314,6.1e-05,172.217.194.0-255,7156,11883,11,276227
5315,6.4e-05,172.31.36.0-255,66,11949,11,276227
5316,0.0001,172.217.194.0-255,2063,14012,11,276227
5317,0.000102,172.31.36.0-255,66,14078,11,276227
5318,0.000177,172.217.194.0-255,1484,15562,11,276227
5319,0.000181,172.31.36.0-255,66,15628,11,276227
5320,0.000213,172.217.194.0-255,2902,18530,11,276227
5321,0.000216,172.31.36.0-255,66,18596,11,276227
5322,0.000221,172.217.194.0-255,4320,22916,11,276227
5323,0.000224,172.31.36.0-255,66,22982,11,276227
5324,0.000265,172.217.194.0-255,2902,25884,11,276227
5325,0.000268,172.31.36.0-255,66,25950,11,276227
5326,0.000288,172.217.194.0-255,5379,31329,11,276227
5327,0.000291,172.31.36.0-255,66,31395,11,276227
5328,0.000686,172.217.194.0-255,1484,32879,11,276227
5329,0.000691,172.31.36.0-255,66,32945,11,276227
5330,0.000712,172.217.194.0-255,2902,35847,11,276227
5331,0.000716,172.31.36.0-255,66,35913,11,276227
5332,0.000746,172.217.194.0-255,4320,40233,11,276227
5333,0.000749,172.31.36.0-255,66,40299,11,276227
5334,0.000766,172.217.194.0-255,1484,41783,11,276227
5335,0.000769,172.31.36.0-255,66,41849,11,276227
5336,0.000772,172.217.194.0-255,1484,43333,11,276227
5337,0.000774,172.31.36.0-255,66,43399,11,276227
5338,0.000812,172.31.36.0-255,66,43465,11,276227
5339,0.000836,172.217.194.0-255,5738,49203,11,276227
5340,0.000839,172.31.36.0-255,66,49269,11,276227
5341,0.000865,172.217.194.0-255,2902,52171,11,276227
5342,0.000868,172.31.36.0-255,66,52237,11,276227
5343,0.000885,172.217.194.0-255,4219,56456,11,276227
5344,0.000889,172.31.36.0-255,66,56522,11,276227
5345,0.001223,172.217.194.0-255,113,56635,11,276227
5346,0.001433,172.217.194.0-255,382,57017,11,276227
5347,0.001483,172.217.194.0-255,1484,58501,11,276227
5348,0.001487,172.31.36.0-255,66,58567,11,276227
5349,0.00149,172.217.194.0-255,1484,60051,11,276227
5350,0.001504,172.217.194.0-255,2902,62953,11,276227
5351,0.001507,172.31.36.0-255,66,63019,11,276227
5352,0.001523,172.217.194.0-255,1484,64503,11,276227
5353,0.001533,172.217.194.0-255,1484,65987,11,276227
5354,0.001535,172.31.36.0-255,66,66053,11,276227
5355,0.001554,172.217.194.0-255,4320,70373,11,276227
5356,0.001557,172.31.36.0-255,66,70439,11,276227
5357,0.001571,172.217.194.0-255,4320,74759,11,276227
5358,0.001573,172.31.36.0-255,66,74825,11,276227
5359,0.001598,172.217.194.0-255,4320,79145,11,276227
5360,0.001601,172.31.36.0-255,66,79211,11,276227
5361,0.001613,172.31.36.0-255,66,79277,11,276227
5362,0.001902,172.217.194.0-255,1484,80761,11,276227
5363,0.001906,172.217.194.0-255,1484,82245,11,276227
5364,0.001908,172.31.36.0-255,66,82311,11,276227
5365,0.001925,172.217.194.0-255,1484,83795,11,276227
5366,0.001938,172.217.194.0-255,2902,86697,11,276227
5367,0.00194,172.31.36.0-255,66,86763,11,276227
5368,0.001964,172.217.194.0-255,2902,89665,11,276227
5369,0.001966,172.31.36.0-255,66,89731,11,276227
5370,0.001982,172.217.194.0-255,2902,92633,11,276227
5371,0.001984,172.31.36.0-255,66,92699,11,276227
5372,0.002009,172.217.194.0-255,1484,94183,11,276227
5373,0.002023,172.31.36.0-255,66,94249,11,276227
5374,0.002028,172.217.194.0-255,3602,97851,11,276227
5375,0.00203,172.31.36.0-255,66,97917,11,276227
5376,0.002045,172.217.194.0-255,1484,99401,11,276227
5377,0.002049,172.217.194.0-255,2902,102303,11,276227
5378,0.002051,172.31.36.0-255,66,102369,11,276227
5379,0.002054,172.217.194.0-255,1484,103853,11,276227
5380,0.002074,172.217.194.0-255,4320,108173,11,276227
5381,0.002076,172.31.36.0-255,66,108239,11,276227
5382,0.002099,172.217.194.0-255,2902,111141,11,276227
5383,0.002101,172.31.36.0-255,66,111207,11,276227
5384,0.002115,172.217.194.0-255,2902,114109,11,276227
5385,0.002118,172.31.36.0-255,66,114175,11,276227
5386,0.00214,172.217.194.0-255,5738,119913,11,276227
5387,0.002142,172.31.36.0-255,66,119979,11,276227
5388,0.002155,172.31.36.0-255,66,120045,11,276227
5389,0.004262,172.217.194.0-255,5738,125783,11,276227
5390,0.004268,172.31.36.0-255,66,125849,11,276227
5391,0.006418,172.217.194.0-255,5738,131587,11,276227
5392,0.006426,172.31.36.0-255,66,131653,11,276227
5393,0.008539,172.217.194.0-255,5738,137391,11,276227
5394,0.00855,172.31.36.0-255,66,137457,11,276227
5395,0.010674,172.217.194.0-255,5738,143195,11,276227
5396,0.010687,172.31.36.0-255,66,143261,11,276227
5397,0.012808,172.217.194.0-255,4320,147581,11,276227
5398,0.012819,172.31.36.0-255,66,147647,11,276227
5399,0.012836,172.217.194.0-255,1484,149131,11,276227
5400,0.01493,172.217.194.0-255,4320,153451,11,276227
5401,0.014937,172.31.36.0-255,66,153517,11,276227
5402,0.01703,172.217.194.0-255,5738,159255,11,276227
5403,0.017037,172.31.36.0-255,66,159321,11,276227
5404,0.019175,172.217.194.0-255,5738,165059,11,276227
5405,0.019183,172.31.36.0-255,66,165125,11,276227
5406,0.021287,172.217.194.0-255,4320,169445,11,276227
5407,0.021296,172.31.36.0-255,66,169511,11,276227
5408,0.021326,172.217.194.0-255,1484,170995,11,276227
5409,0.023391,172.217.194.0-255,4320,175315,11,276227
5410,0.023399,172.31.36.0-255,66,175381,11,276227
5411,0.025518,172.217.194.0-255,2902,178283,11,276227
5412,0.025525,172.31.36.0-255,66,178349,11,276227
5413,0.025547,172.217.194.0-255,2902,181251,11,276227
5414,0.02555,172.31.36.0-255,66,181317,11,276227
5415,0.027609,172.217.194.0-255,2902,184219,11,276227
5416,0.027615,172.31.36.0-255,66,184285,11,276227
5417,0.027675,172.217.194.0-255,2902,187187,11,276227
5418,0.027679,172.31.36.0-255,66,187253,11,276227
5419,0.02969,172.31.36.0-255,172,187425,11,276227
5420,0.029729,172.217.194.0-255,2902,190327,11,276227
5421,0.029737,172.31.36.0-255,66,190393,11,276227
5422,0.029741,172.31.36.0-255,1111,191504,11,276227
5423,0.029767,172.217.194.0-255,2902,194406,11,276227
5424,0.029771,172.31.36.0-255,66,194472,11,276227
5425,0.029837,172.31.36.0-255,1514,195986,11,276227
5426,0.029839,172.31.36.0-255,1293,197279,11,276227
5427,0.03137,104.244.42.0-255,66,197345,11,276227
5428,0.031408,104.244.42.0-255,66,197411,11,276227
5429,0.031514,104.244.42.0-255,66,197477,11,276227
5430,0.03182,172.217.194.0-255,1484,198961,11,276227
5431,0.031849,172.217.194.0-255,1484,200445,11,276227
5432,0.031854,172.31.36.0-255,66,200511,11,276227
5433,0.03188,172.217.194.0-255,2902,203413,11,276227
5434,0.031883,172.31.36.0-255,66,203479,11,276227
5435,0.033965,172.217.194.0-255,5738,209217,11,276227
5436,0.033971,172.31.36.0-255,66,209283,11,276227
5437,0.036095,172.217.194.0-255,4320,213603,11,276227
5438,0.036103,172.31.36.0-255,66,213669,11,276227
5439,0.03614,172.217.194.0-255,1484,215153,11,276227
5440,0.038202,172.217.194.0-255,4320,219473,11,276227
5441,0.03821,172.31.36.0-255,66,219539,11,276227
5442,0.040313,172.217.194.0-255,5738,225277,11,276227
5443,0.040322,172.31.36.0-255,66,225343,11,276227
5444,0.042407,172.217.194.0-255,5738,231081,11,276227
5445,0.042416,172.31.36.0-255,66,231147,11,276227
5446,0.04455,172.217.194.0-255,4320,235467,11,276227
5447,0.044558,172.31.36.0-255,66,235533,11,276227
5448,0.044589,172.217.194.0-255,1484,237017,11,276227
5449,0.04669,172.217.194.0-255,4320,241337,11,276227
5450,0.046697,172.31.36.0-255,66,241403,11,276227
5451,0.04882,172.217.194.0-255,5738,247141,11,276227
5452,0.048827,172.31.36.0-255,66,247207,11,276227
5453,0.050967,172.217.194.0-255,5738,252945,11,276227
5454,0.050972,172.31.36.0-255,66,253011,11,276227
5455,0.053101,172.217.194.0-255,5738,258749,11,276227
5456,0.053108,172.31.36.0-255,66,258815,11,276227
5457,0.055215,172.217.194.0-255,5738,264553,11,276227
5458,0.055221,172.31.36.0-255,66,264619,11,276227
5459,0.057335,172.217.194.0-255,5738,270357,11,276227
5460,0.057341,172.31.36.0-255,66,270423,11,276227
5461,0.059431,172.217.194.0-255,5738,276161,11,276227
5462,0.059437,172.31.36.0-255,66,276227,11,276227
5463,0.0,172.217.27.0-255,150,150,11,290056
5464,2.9e-05,172.31.36.0-255,66,216,11,290056
5465,3.7e-05,172.217.27.0-255,1484,1700,11,290056
5466,4.2e-05,172.31.36.0-255,66,1766,11,290056
5467,5.5e-05,172.217.27.0-255,1484,3250,11,290056
5468,5.8e-05,172.31.36.0-255,66,3316,11,290056
5469,6.6e-05,172.217.27.0-255,2902,6218,11,290056
5470,6.9e-05,172.31.36.0-255,66,6284,11,290056
5471,7.6e-05,172.217.27.0-255,5738,12022,11,290056
5472,8e-05,172.31.36.0-255,66,12088,11,290056
5473,8.4e-05,172.217.27.0-255,2044,14132,11,290056
5474,8.7e-05,172.31.36.0-255,66,14198,11,290056
5475,0.000127,172.217.27.0-255,1484,15682,11,290056
5476,0.00013,172.31.36.0-255,66,15748,11,290056
5477,0.000135,172.217.27.0-255,2902,18650,11,290056
5478,0.000138,172.31.36.0-255,66,18716,11,290056
5479,0.000175,172.217.27.0-255,5738,24454,11,290056
5480,0.000177,172.31.36.0-255,66,24520,11,290056
5481,0.000186,172.217.27.0-255,6797,31317,11,290056
5482,0.000188,172.31.36.0-255,66,31383,11,290056
5483,0.000321,172.217.27.0-255,1484,32867,11,290056
5484,0.000325,172.31.36.0-255,66,32933,11,290056
5485,0.000331,172.217.27.0-255,2902,35835,11,290056
5486,0.000333,172.31.36.0-255,66,35901,11,290056
5487,0.000365,172.217.27.0-255,5738,41639,11,290056
5488,0.000368,172.31.36.0-255,66,41705,11,290056
5489,0.000375,172.217.27.0-255,4320,46025,11,290056
5490,0.000377,172.31.36.0-255,66,46091,11,290056
5491,0.000413,172.31.36.0-255,66,46157,11,290056
5492,0.000442,172.31.36.0-255,66,46223,11,290056
5493,0.00102,172.217.27.0-255,137,46360,11,290056
5494,0.001152,172.217.27.0-255,1484,47844,11,290056
5495,0.001158,172.31.36.0-255,66,47910,11,290056
5496,0.001182,172.217.27.0-255,1484,49394,11,290056
5497,0.001201,172.217.27.0-255,2902,52296,11,290056
5498,0.001203,172.31.36.0-255,66,52362,11,290056
5499,0.001211,172.217.27.0-255,5738,58100,11,290056
5500,0.001213,172.31.36.0-255,66,58166,11,290056
5501,0.001242,172.217.27.0-255,5379,63545,11,290056
5502,0.001247,172.31.36.0-255,66,63611,11,290056
5503,0.001288,172.217.27.0-255,1484,65095,11,290056
5504,0.001305,172.217.27.0-255,2902,67997,11,290056
5505,0.001308,172.31.36.0-255,66,68063,11,290056
5506,0.001328,172.217.27.0-255,5738,73801,11,290056
5507,0.00133,172.31.36.0-255,66,73867,11,290056
5508,0.001334,172.217.27.0-255,1484,75351,11,290056
5509,0.001384,172.217.27.0-255,4320,79671,11,290056
5510,0.001388,172.31.36.0-255,66,79737,11,290056
5511,0.001411,172.217.27.0-255,1125,80862,11,290056
5512,0.001715,172.31.36.0-255,66,80928,11,290056
5513,0.003019,172.217.27.0-255,4320,85248,11,290056
5514,0.003028,172.31.36.0-255,66,85314,11,290056
5515,0.003335,172.217.27.0-255,1484,86798,11,290056
5516,0.00469,172.217.27.0-255,4320,91118,11,290056
5517,0.004695,172.31.36.0-255,66,91184,11,290056
5518,0.006331,172.217.27.0-255,5738,96922,11,290056
5519,0.006335,172.31.36.0-255,66,96988,11,290056
5520,0.007975,172.217.27.0-255,5738,102726,11,290056
5521,0.007982,172.31.36.0-255,66,102792,11,290056
5522,0.009629,172.217.27.0-255,5738,108530,11,290056
5523,0.009642,172.31.36.0-255,66,108596,11,290056
5524,0.011303,172.217.27.0-255,5738,114334,11,290056
5525,0.011319,172.31.36.0-255,66,114400,11,290056
5526,0.013002,172.217.27.0-255,5738,120138,11,290056
5527,0.013015,172.31.36.0-255,66,120204,11,290056
5528,0.014664,172.217.27.0-255,5738,125942,11,290056
5529,0.014676,172.31.36.0-255,66,126008,11,290056
5530,0.016326,172.217.27.0-255,5738,131746,11,290056
5531,0.01634,172.31.36.0-255,66,131812,11,290056
5532,0.017982,172.217.27.0-255,5738,137550,11,290056
5533,0.017994,172.31.36.0-255,66,137616,11,290056
5534,0.019642,172.217.27.0-255,5738,143354,11,290056
5535,0.019677,172.31.36.0-255,66,143420,11,290056
5536,0.021326,172.217.27.0-255,5738,149158,11,290056
5537,0.021339,172.31.36.0-255,66,149224,11,290056
5538,0.022988,172.217.27.0-255,5738,154962,11,290056
5539,0.023003,172.31.36.0-255,66,155028,11,290056
5540,0.024651,172.217.27.0-255,5738,160766,11,290056
5541,0.024664,172.31.36.0-255,66,160832,11,290056
5542,0.02631,172.217.27.0-255,5738,166570,11,290056
5543,0.02632,172.31.36.0-255,66,166636,11,290056
5544,0.027957,172.217.27.0-255,5738,172374,11,290056
5545,0.027966,172.31.36.0-255,66,172440,11,290056
5546,0.029591,172.217.27.0-255,5738,178178,11,290056
5547,0.029599,172.31.36.0-255,66,178244,11,290056
5548,0.029733,172.31.36.0-255,172,178416,11,290056
5549,0.029764,172.31.36.0-255,1107,179523,11,290056
5550,0.029827,172.31.36.0-255,1514,181037,11,290056
5551,0.029829,172.31.36.0-255,1514,182551,11,290056
5552,0.02983,172.31.36.0-255,1514,184065,11,290056
5553,0.029856,172.31.36.0-255,1081,185146,11,290056
5554,0.031246,172.217.27.0-255,5738,190884,11,290056
5555,0.031261,172.31.36.0-255,66,190950,11,290056
5556,0.031275,104.244.42.0-255,66,191016,11,290056
5557,0.031321,104.244.42.0-255,66,191082,11,290056
5558,0.031373,104.244.42.0-255,66,191148,11,290056
5559,0.031378,104.244.42.0-255,66,191214,11,290056
5560,0.032052,104.244.42.0-255,108,191322,11,290056
5561,0.032063,172.31.36.0-255,66,191388,11,290056
5562,0.032903,172.217.27.0-255,5738,197126,11,290056
5563,0.032909,172.31.36.0-255,66,197192,11,290056
5564,0.034551,172.217.27.0-255,5738,202930,11,290056
5565,0.034562,172.31.36.0-255,66,202996,11,290056
5566,0.03622,172.217.27.0-255,5738,208734,11,290056
5567,0.036234,172.31.36.0-255,66,208800,11,290056
5568,0.037886,172.217.27.0-255,5738,214538,11,290056
5569,0.037895,172.31.36.0-255,66,214604,11,290056
5570,0.039535,172.217.27.0-255,5738,220342,11,290056
5571,0.039543,172.31.36.0-255,66,220408,11,290056
5572,0.041169,172.217.27.0-255,5738,226146,11,290056
5573,0.041178,172.31.36.0-255,66,226212,11,290056
5574,0.042813,172.217.27.0-255,5738,231950,11,290056
5575,0.04282,172.31.36.0-255,66,232016,11,290056
5576,0.044472,172.217.27.0-255,5738,237754,11,290056
5577,0.044479,172.31.36.0-255,66,237820,11,290056
5578,0.046114,172.217.27.0-255,5738,243558,11,290056
5579,0.046137,172.31.36.0-255,66,243624,11,290056
5580,0.047772,172.217.27.0-255,5738,249362,11,290056
5581,0.047784,172.31.36.0-255,66,249428,11,290056
5582,0.049422,172.217.27.0-255,5738,255166,11,290056
5583,0.049433,172.31.36.0-255,66,255232,11,290056
5584,0.051069,172.217.27.0-255,5738,260970,11,290056
5585,0.051076,172.31.36.0-255,66,261036,11,290056
5586,0.05271,172.217.27.0-255,5738,266774,11,290056
5587,0.052718,172.31.36.0-255,66,266840,11,290056
5588,0.054391,172.217.27.0-255,5738,272578,11,290056
5589,0.054406,172.31.36.0-255,66,272644,11,290056
5590,0.056065,172.217.27.0-255,5738,278382,11,290056
5591,0.056073,172.31.36.0-255,66,278448,11,290056
5592,0.057713,172.217.27.0-255,5738,284186,11,290056
5593,0.05772,172.31.36.0-255,66,284252,11,290056
5594,0.059354,172.217.27.0-255,5738,289990,11,290056
5595,0.059363,172.31.36.0-255,66,290056,11,290056
5596,0.0,172.217.194.0-255,152,152,11,276874
5597,2.7e-05,172.31.36.0-255,66,218,11,276874
5598,3.3e-05,172.217.194.0-255,1484,1702,11,276874
5599,3.7e-05,172.31.36.0-255,66,1768,11,276874
5600,4.2e-05,172.217.194.0-255,2902,4670,11,276874
5601,4.5e-05,172.31.36.0-255,66,4736,11,276874
5602,5.2e-05,172.217.194.0-255,7156,11892,11,276874
5603,5.4e-05,172.31.36.0-255,66,11958,11,276874
5604,7.8e-05,172.217.194.0-255,2902,14860,11,276874
5605,8e-05,172.31.36.0-255,66,14926,11,276874
5606,0.000115,172.31.36.0-255,66,14992,11,276874
5607,0.000122,172.217.194.0-255,6797,21789,11,276874
5608,0.000124,172.31.36.0-255,66,21855,11,276874
5609,0.000149,172.217.194.0-255,1484,23339,11,276874
5610,0.000151,172.31.36.0-255,66,23405,11,276874
5611,0.000155,172.217.194.0-255,1484,24889,11,276874
5612,0.000157,172.31.36.0-255,66,24955,11,276874
5613,0.000174,172.217.194.0-255,1484,26439,11,276874
5614,0.000176,172.31.36.0-255,66,26505,11,276874
5615,0.000195,172.217.194.0-255,4320,30825,11,276874
5616,0.000199,172.31.36.0-255,66,30891,11,276874
5617,0.000211,172.217.194.0-255,1484,32375,11,276874
5618,0.000213,172.31.36.0-255,66,32441,11,276874
5619,0.000221,172.217.194.0-255,6797,39238,11,276874
5620,0.000223,172.31.36.0-255,66,39304,11,276874
5621,0.000229,172.217.194.0-255,4320,43624,11,276874
5622,0.000231,172.31.36.0-255,66,43690,11,276874
5623,0.000253,172.217.194.0-255,2902,46592,11,276874
5624,0.000256,172.31.36.0-255,66,46658,11,276874
5625,0.000269,172.31.36.0-255,66,46724,11,276874
5626,0.000354,172.217.194.0-255,646,47370,11,276874
5627,0.000815,172.31.36.0-255,66,47436,11,276874
5628,0.001025,172.217.194.0-255,1484,48920,11,276874
5629,0.001051,172.217.194.0-255,2902,51822,11,276874
5630,0.001056,172.31.36.0-255,66,51888,11,276874
5631,0.001063,172.217.194.0-255,5738,57626,11,276874
5632,0.001065,172.31.36.0-255,66,57692,11,276874
5633,0.001072,172.217.194.0-255,5738,63430,11,276874
5634,0.001074,172.31.36.0-255,66,63496,11,276874
5635,0.001099,172.217.194.0-255,1484,64980,11,276874
5636,0.001111,172.31.36.0-255,66,65046,11,276874
5637,0.001139,172.217.194.0-255,5738,70784,11,276874
5638,0.001142,172.31.36.0-255,66,70850,11,276874
5639,0.001146,172.217.194.0-255,2184,73034,11,276874
5640,0.001148,172.31.36.0-255,66,73100,11,276874
5641,0.001653,172.217.194.0-255,1484,74584,11,276874
5642,0.00166,172.217.194.0-255,2902,77486,11,276874
5643,0.001664,172.31.36.0-255,66,77552,11,276874
5644,0.001671,172.217.194.0-255,5738,83290,11,276874
5645,0.001673,172.31.36.0-255,66,83356,11,276874
5646,0.001695,172.217.194.0-255,5738,89094,11,276874
5647,0.001698,172.31.36.0-255,66,89160,11,276874
5648,0.001723,172.217.194.0-255,7156,96316,11,276874
5649,0.001726,172.31.36.0-255,66,96382,11,276874
5650,0.001747,172.217.194.0-255,5738,102120,11,276874
5651,0.001749,172.31.36.0-255,66,102186,11,276874
5652,0.001773,172.217.194.0-255,5020,107206,11,276874
5653,0.001776,172.31.36.0-255,66,107272,11,276874
5654,0.0018,172.217.194.0-255,1484,108756,11,276874
5655,0.001804,172.217.194.0-255,2902,111658,11,276874
5656,0.001806,172.31.36.0-255,66,111724,11,276874
5657,0.001817,172.217.194.0-255,2902,114626,11,276874
5658,0.00182,172.31.36.0-255,66,114692,11,276874
5659,0.001836,172.217.194.0-255,2902,117594,11,276874
5660,0.001838,172.31.36.0-255,66,117660,11,276874
5661,0.001845,172.217.194.0-255,7156,124816,11,276874
5662,0.001847,172.31.36.0-255,66,124882,11,276874
5663,0.001877,172.217.194.0-255,7156,132038,11,276874
5664,0.00188,172.31.36.0-255,66,132104,11,276874
5665,0.001905,172.217.194.0-255,7156,139260,11,276874
5666,0.001907,172.31.36.0-255,66,139326,11,276874
5667,0.001911,172.217.194.0-255,2184,141510,11,276874
5668,0.001912,172.31.36.0-255,66,141576,11,276874
5669,0.002137,172.217.194.0-255,1484,143060,11,276874
5670,0.002141,172.217.194.0-255,2902,145962,11,276874
5671,0.002143,172.31.36.0-255,66,146028,11,276874
5672,0.002168,172.217.194.0-255,5738,151766,11,276874
5673,0.00217,172.31.36.0-255,66,151832,11,276874
5674,0.002187,172.217.194.0-255,2902,154734,11,276874
5675,0.002189,172.31.36.0-255,66,154800,11,276874
5676,0.002214,172.31.36.0-255,66,154866,11,276874
5677,0.002221,172.217.194.0-255,7156,162022,11,276874
5678,0.002223,172.31.36.0-255,66,162088,11,276874
5679,0.002244,172.217.194.0-255,3602,165690,11,276874
5680,0.002246,172.31.36.0-255,66,165756,11,276874
5681,0.002264,172.217.194.0-255,1484,167240,11,276874
5682,0.002268,172.217.194.0-255,2902,170142,11,276874
5683,0.00227,172.31.36.0-255,66,170208,11,276874
5684,0.002273,172.217.194.0-255,1484,171692,11,276874
5685,0.002292,172.217.194.0-255,4320,176012,11,276874
5686,0.002294,172.31.36.0-255,66,176078,11,276874
5687,0.0023,172.217.194.0-255,5738,181816,11,276874
5688,0.002302,172.31.36.0-255,66,181882,11,276874
5689,0.002326,172.217.194.0-255,7156,189038,11,276874
5690,0.002329,172.31.36.0-255,66,189104,11,276874
5691,0.00234,172.31.36.0-255,66,189170,11,276874
5692,0.002426,172.31.36.0-255,66,189236,11,276874
5693,0.002436,172.31.36.0-255,66,189302,11,276874
5694,0.002439,172.217.194.0-255,1484,190786,11,276874
5695,0.002467,172.217.194.0-255,5738,196524,11,276874
5696,0.002469,172.31.36.0-255,66,196590,11,276874
5697,0.002479,172.31.36.0-255,66,196656,11,276874
5698,0.00249,172.31.36.0-255,66,196722,11,276874
5699,0.002508,172.217.194.0-255,7156,203878,11,276874
5700,0.002511,172.31.36.0-255,66,203944,11,276874
5701,0.002514,172.217.194.0-255,766,204710,11,276874
5702,0.002529,172.217.194.0-255,7156,211866,11,276874
5703,0.002532,172.31.36.0-255,66,211932,11,276874
5704,0.002555,172.217.194.0-255,4320,216252,11,276874
5705,0.002558,172.31.36.0-255,66,216318,11,276874
5706,0.002571,172.31.36.0-255,66,216384,11,276874
5707,0.002576,172.217.194.0-255,4320,220704,11,276874
5708,0.002578,172.31.36.0-255,66,220770,11,276874
5709,0.002617,172.31.36.0-255,66,220836,11,276874
5710,0.005194,172.217.194.0-255,5738,226574,11,276874
5711,0.005201,172.31.36.0-255,66,226640,11,276874
5712,0.007726,172.217.194.0-255,2902,229542,11,276874
5713,0.007732,172.31.36.0-255,66,229608,11,276874
5714,0.007754,172.217.194.0-255,2902,232510,11,276874
5715,0.007756,172.31.36.0-255,66,232576,11,276874
5716,0.010308,172.217.194.0-255,5738,238314,11,276874
5717,0.010315,172.31.36.0-255,66,238380,11,276874
5718,0.0129,172.217.194.0-255,5738,244118,11,276874
5719,0.012907,172.31.36.0-255,66,244184,11,276874
5720,0.015497,172.217.194.0-255,5738,249922,11,276874
5721,0.015508,172.31.36.0-255,66,249988,11,276874
5722,0.018068,172.217.194.0-255,5738,255726,11,276874
5723,0.018078,172.31.36.0-255,66,255792,11,276874
5724,0.020662,172.217.194.0-255,5738,261530,11,276874
5725,0.020669,172.31.36.0-255,66,261596,11,276874
5726,0.023232,172.217.194.0-255,5738,267334,11,276874
5727,0.023239,172.31.36.0-255,66,267400,11,276874
5728,0.025807,172.217.194.0-255,4954,272354,11,276874
5729,0.025814,172.31.36.0-255,66,272420,11,276874
5730,0.027091,172.31.36.0-255,105,272525,11,276874
5731,0.029628,172.217.194.0-255,66,272591,11,276874
5732,0.030898,172.31.36.0-255,167,272758,11,276874
5733,0.030929,172.31.36.0-255,1112,273870,11,276874
5734,0.030969,172.31.36.0-255,1514,275384,11,276874
5735,0.03097,172.31.36.0-255,1292,276676,11,276874
5736,0.032455,104.244.42.0-255,66,276742,11,276874
5737,0.032489,104.244.42.0-255,66,276808,11,276874
5738,0.032538,104.244.42.0-255,66,276874,11,276874
5739,0.0,172.31.36.0-255,66,66,11,66
5740,0.0,74.125.24.0-255,153,153,11,216861
5741,3e-05,74.125.24.0-255,1484,1637,11,216861
5742,3.9e-05,172.31.36.0-255,66,1703,11,216861
5743,4.6e-05,74.125.24.0-255,2902,4605,11,216861
5744,5e-05,172.31.36.0-255,66,4671,11,216861
5745,5.5e-05,74.125.24.0-255,2902,7573,11,216861
5746,5.7e-05,172.31.36.0-255,66,7639,11,216861
5747,6.7e-05,172.31.36.0-255,66,7705,11,216861
5748,0.00012,172.31.36.0-255,66,7771,11,216861
5749,0.000169,74.125.24.0-255,1484,9255,11,216861
5750,0.000174,74.125.24.0-255,2902,12157,11,216861
5751,0.000177,172.31.36.0-255,66,12223,11,216861
5752,0.0002,74.125.24.0-255,5738,17961,11,216861
5753,0.000203,172.31.36.0-255,66,18027,11,216861
5754,0.000226,74.125.24.0-255,7156,25183,11,216861
5755,0.000229,172.31.36.0-255,66,25249,11,216861
5756,0.000253,74.125.24.0-255,6797,32046,11,216861
5757,0.000256,172.31.36.0-255,66,32112,11,216861
5758,0.000267,172.31.36.0-255,66,32178,11,216861
5759,0.000287,74.125.24.0-255,108,32286,11,216861
5760,0.000396,74.125.24.0-255,1484,33770,11,216861
5761,0.000401,172.31.36.0-255,66,33836,11,216861
5762,0.000408,74.125.24.0-255,2902,36738,11,216861
5763,0.00041,172.31.36.0-255,66,36804,11,216861
5764,0.000417,74.125.24.0-255,5738,42542,11,216861
5765,0.000419,172.31.36.0-255,66,42608,11,216861
5766,0.000436,74.125.24.0-255,5738,48346,11,216861
5767,0.000439,172.31.36.0-255,66,48412,11,216861
5768,0.000462,74.125.24.0-255,2543,50955,11,216861
5769,0.000465,172.31.36.0-255,66,51021,11,216861
5770,0.00047,74.125.24.0-255,4320,55341,11,216861
5771,0.000473,172.31.36.0-255,66,55407,11,216861
5772,0.000498,172.31.36.0-255,66,55473,11,216861
5773,0.000686,74.125.24.0-255,1484,56957,11,216861
5774,0.000693,74.125.24.0-255,2902,59859,11,216861
5775,0.000698,172.31.36.0-255,66,59925,11,216861
5776,0.000705,74.125.24.0-255,5738,65663,11,216861
5777,0.000708,172.31.36.0-255,66,65729,11,216861
5778,0.000712,74.125.24.0-255,1484,67213,11,216861
5779,0.000742,172.31.36.0-255,66,67279,11,216861
5780,0.000749,74.125.24.0-255,5738,73017,11,216861
5781,0.000752,172.31.36.0-255,66,73083,11,216861
5782,0.000778,74.125.24.0-255,5020,78103,11,216861
5783,0.000782,172.31.36.0-255,66,78169,11,216861
5784,0.000785,74.125.24.0-255,1484,79653,11,216861
5785,0.0008,74.125.24.0-255,2902,82555,11,216861
5786,0.000803,172.31.36.0-255,66,82621,11,216861
5787,0.00081,74.125.24.0-255,5738,88359,11,216861
5788,0.000813,172.31.36.0-255,66,88425,11,216861
5789,0.000817,74.125.24.0-255,2902,91327,11,216861
5790,0.00082,172.31.36.0-255,66,91393,11,216861
5791,0.000845,172.31.36.0-255,66,91459,11,216861
5792,0.000851,74.125.24.0-255,5738,97197,11,216861
5793,0.000854,172.31.36.0-255,66,97263,11,216861
5794,0.000878,74.125.24.0-255,6438,103701,11,216861
5795,0.000881,172.31.36.0-255,66,103767,11,216861
5796,0.000884,74.125.24.0-255,1484,105251,11,216861
5797,0.000902,74.125.24.0-255,2902,108153,11,216861
5798,0.000904,172.31.36.0-255,66,108219,11,216861
5799,0.000911,74.125.24.0-255,5738,113957,11,216861
5800,0.000914,172.31.36.0-255,66,114023,11,216861
5801,0.000947,172.31.36.0-255,66,114089,11,216861
5802,0.000969,74.125.24.0-255,2902,116991,11,216861
5803,0.000971,172.31.36.0-255,66,117057,11,216861
5804,0.000984,172.31.36.0-255,66,117123,11,216861
5805,0.001051,74.125.24.0-255,1484,118607,11,216861
5806,0.001056,74.125.24.0-255,2902,121509,11,216861
5807,0.001058,172.31.36.0-255,66,121575,11,216861
5808,0.001065,74.125.24.0-255,5738,127313,11,216861
5809,0.001068,172.31.36.0-255,66,127379,11,216861
5810,0.001073,74.125.24.0-255,4320,131699,11,216861
5811,0.001075,172.31.36.0-255,66,131765,11,216861
5812,0.001089,172.31.36.0-255,66,131831,11,216861
5813,0.001126,172.31.36.0-255,66,131897,11,216861
5814,0.001132,74.125.24.0-255,5738,137635,11,216861
5815,0.001134,172.31.36.0-255,66,137701,11,216861
5816,0.001147,74.125.24.0-255,2902,140603,11,216861
5817,0.001149,172.31.36.0-255,66,140669,11,216861
5818,0.001156,74.125.24.0-255,5738,146407,11,216861
5819,0.001158,172.31.36.0-255,66,146473,11,216861
5820,0.001195,172.31.36.0-255,66,146539,11,216861
5821,0.001224,172.31.36.0-255,66,146605,11,216861
5822,0.001266,172.31.36.0-255,66,146671,11,216861
5823,0.001272,74.125.24.0-255,5738,152409,11,216861
5824,0.001275,172.31.36.0-255,66,152475,11,216861
5825,0.001301,74.125.24.0-255,4320,156795,11,216861
5826,0.001305,172.31.36.0-255,66,156861,11,216861
5827,0.001319,172.31.36.0-255,66,156927,11,216861
5828,0.001344,74.125.24.0-255,2184,159111,11,216861
5829,0.001347,172.31.36.0-255,66,159177,11,216861
5830,0.00146,74.125.24.0-255,1484,160661,11,216861
5831,0.001467,74.125.24.0-255,2902,163563,11,216861
5832,0.001471,172.31.36.0-255,66,163629,11,216861
5833,0.001477,74.125.24.0-255,5738,169367,11,216861
5834,0.00148,172.31.36.0-255,66,169433,11,216861
5835,0.001501,74.125.24.0-255,5738,175171,11,216861
5836,0.001505,172.31.36.0-255,66,175237,11,216861
5837,0.001524,74.125.24.0-255,7156,182393,11,216861
5838,0.001527,172.31.36.0-255,66,182459,11,216861
5839,0.001539,172.31.36.0-255,66,182525,11,216861
5840,0.001542,74.125.24.0-255,766,183291,11,216861
5841,0.001576,74.125.24.0-255,1484,184775,11,216861
5842,0.001579,172.31.36.0-255,66,184841,11,216861
5843,0.001601,74.125.24.0-255,4320,189161,11,216861
5844,0.001608,172.31.36.0-255,66,189227,11,216861
5845,0.001615,74.125.24.0-255,4320,193547,11,216861
5846,0.001618,172.31.36.0-255,66,193613,11,216861
5847,0.001633,74.125.24.0-255,4320,197933,11,216861
5848,0.001636,172.31.36.0-255,66,197999,11,216861
5849,0.00164,74.125.24.0-255,2902,200901,11,216861
5850,0.001642,172.31.36.0-255,66,200967,11,216861
5851,0.001681,172.31.36.0-255,66,201033,11,216861
5852,0.001688,74.125.24.0-255,5020,206053,11,216861
5853,0.00169,172.31.36.0-255,66,206119,11,216861
5854,0.001696,74.125.24.0-255,4320,210439,11,216861
5855,0.001698,172.31.36.0-255,66,210505,11,216861
5856,0.001712,74.125.24.0-255,1484,211989,11,216861
5857,0.001759,172.31.36.0-255,66,212055,11,216861
5858,0.001796,172.31.36.0-255,66,212121,11,216861
5859,0.0018,74.125.24.0-255,105,212226,11,216861
5860,0.010243,172.31.36.0-255,105,212331,11,216861
5861,0.012486,74.125.24.0-255,66,212397,11,216861
5862,0.031139,172.31.36.0-255,172,212569,11,216861
5863,0.031172,172.31.36.0-255,1110,213679,11,216861
5864,0.03123,172.31.36.0-255,1514,215193,11,216861
5865,0.031232,172.31.36.0-255,1296,216489,11,216861
5866,0.032708,104.244.42.0-255,66,216555,11,216861
5867,0.032718,104.244.42.0-255,66,216621,11,216861
5868,0.032785,104.244.42.0-255,66,216687,11,216861
5869,0.03337,104.244.42.0-255,108,216795,11,216861
5870,0.033379,172.31.36.0-255,66,216861,11,216861
5871,0.0,172.253.118.0-255,151,151,11,208962
5872,2.3e-05,172.31.36.0-255,66,217,11,208962
5873,3.1e-05,172.253.118.0-255,1484,1701,11,208962
5874,3.6e-05,172.31.36.0-255,66,1767,11,208962
5875,4.3e-05,172.253.118.0-255,2902,4669,11,208962
5876,5.5e-05,172.31.36.0-255,66,4735,11,208962
5877,6.3e-05,172.253.118.0-255,7156,11891,11,208962
5878,6.6e-05,172.31.36.0-255,66,11957,11,208962
5879,7e-05,172.253.118.0-255,2020,13977,11,208962
5880,7.3e-05,172.31.36.0-255,66,14043,11,208962
5881,0.000201,172.253.118.0-255,1484,15527,11,208962
5882,0.000206,172.31.36.0-255,66,15593,11,208962
5883,0.00021,172.253.118.0-255,1484,17077,11,208962
5884,0.000213,172.31.36.0-255,66,17143,11,208962
5885,0.000243,172.253.118.0-255,1484,18627,11,208962
5886,0.000246,172.31.36.0-255,66,18693,11,208962
5887,0.000253,172.253.118.0-255,5738,24431,11,208962
5888,0.000256,172.31.36.0-255,66,24497,11,208962
5889,0.000261,172.253.118.0-255,2902,27399,11,208962
5890,0.000263,172.31.36.0-255,66,27465,11,208962
5891,0.000305,172.31.36.0-255,66,27531,11,208962
5892,0.000312,172.253.118.0-255,7156,34687,11,208962
5893,0.000314,172.31.36.0-255,66,34753,11,208962
5894,0.000347,172.31.36.0-255,66,34819,11,208962
5895,0.000381,172.31.36.0-255,66,34885,11,208962
5896,0.001941,172.253.118.0-255,399,35284,11,208962
5897,0.001949,172.31.36.0-255,66,35350,11,208962
5898,0.00199,172.253.118.0-255,110,35460,11,208962
5899,0.001992,172.31.36.0-255,66,35526,11,208962
5900,0.00304,172.253.118.0-255,1484,37010,11,208962
5901,0.003045,172.253.118.0-255,1484,38494,11,208962
5902,0.003048,172.31.36.0-255,66,38560,11,208962
5903,0.00402,172.253.118.0-255,2902,41462,11,208962
5904,0.004024,172.31.36.0-255,66,41528,11,208962
5905,0.00508,172.253.118.0-255,2902,44430,11,208962
5906,0.005084,172.31.36.0-255,66,44496,11,208962
5907,0.006058,172.253.118.0-255,2902,47398,11,208962
5908,0.006061,172.31.36.0-255,66,47464,11,208962
5909,0.007152,172.253.118.0-255,2902,50366,11,208962
5910,0.00716,172.31.36.0-255,66,50432,11,208962
5911,0.008103,172.253.118.0-255,2902,53334,11,208962
5912,0.008111,172.31.36.0-255,66,53400,11,208962
5913,0.009235,172.253.118.0-255,2902,56302,11,208962
5914,0.009243,172.31.36.0-255,66,56368,11,208962
5915,0.010152,172.253.118.0-255,2902,59270,11,208962
5916,0.010159,172.31.36.0-255,66,59336,11,208962
5917,0.011309,172.253.118.0-255,2902,62238,11,208962
5918,0.011316,172.31.36.0-255,66,62304,11,208962
5919,0.012205,172.253.118.0-255,2902,65206,11,208962
5920,0.012211,172.31.36.0-255,66,65272,11,208962
5921,0.013367,172.253.118.0-255,2902,68174,11,208962
5922,0.013374,172.31.36.0-255,66,68240,11,208962
5923,0.014259,172.253.118.0-255,2902,71142,11,208962
5924,0.014263,172.31.36.0-255,66,71208,11,208962
5925,0.015411,172.253.118.0-255,2902,74110,11,208962
5926,0.015419,172.31.36.0-255,66,74176,11,208962
5927,0.016313,172.253.118.0-255,2902,77078,11,208962
5928,0.016321,172.31.36.0-255,66,77144,11,208962
5929,0.01746,172.253.118.0-255,2902,80046,11,208962
5930,0.017468,172.31.36.0-255,66,80112,11,208962
5931,0.018343,172.253.118.0-255,2902,83014,11,208962
5932,0.01835,172.31.36.0-255,66,83080,11,208962
5933,0.019511,172.253.118.0-255,2902,85982,11,208962
5934,0.019521,172.31.36.0-255,66,86048,11,208962
5935,0.020388,172.253.118.0-255,2902,88950,11,208962
5936,0.020396,172.31.36.0-255,66,89016,11,208962
5937,0.021566,172.253.118.0-255,2902,91918,11,208962
5938,0.021574,172.31.36.0-255,66,91984,11,208962
5939,0.022445,172.253.118.0-255,2902,94886,11,208962
5940,0.022451,172.31.36.0-255,66,94952,11,208962
5941,0.023618,172.253.118.0-255,2902,97854,11,208962
5942,0.023626,172.31.36.0-255,66,97920,11,208962
5943,0.024502,172.253.118.0-255,2902,100822,11,208962
5944,0.024509,172.31.36.0-255,66,100888,11,208962
5945,0.02567,172.253.118.0-255,2902,103790,11,208962
5946,0.025675,172.31.36.0-255,66,103856,11,208962
5947,0.026554,172.253.118.0-255,2902,106758,11,208962
5948,0.026563,172.31.36.0-255,66,106824,11,208962
5949,0.027361,172.31.36.0-255,172,106996,11,208962
5950,0.02739,172.31.36.0-255,1107,108103,11,208962
5951,0.027452,172.31.36.0-255,1514,109617,11,208962
5952,0.027454,172.31.36.0-255,1514,111131,11,208962
5953,0.027459,172.31.36.0-255,1514,112645,11,208962
5954,0.02746,172.31.36.0-255,1077,113722,11,208962
5955,0.027709,172.253.118.0-255,2902,116624,11,208962
5956,0.027715,172.31.36.0-255,66,116690,11,208962
5957,0.028606,172.253.118.0-255,2902,119592,11,208962
5958,0.028612,172.31.36.0-255,66,119658,11,208962
5959,0.028898,104.244.42.0-255,66,119724,11,208962
5960,0.028953,104.244.42.0-255,66,119790,11,208962
5961,0.029063,104.244.42.0-255,66,119856,11,208962
5962,0.029066,104.244.42.0-255,66,119922,11,208962
5963,0.029761,172.253.118.0-255,2902,122824,11,208962
5964,0.029767,172.31.36.0-255,66,122890,11,208962
5965,0.030679,172.253.118.0-255,2902,125792,11,208962
5966,0.030686,172.31.36.0-255,66,125858,11,208962
5967,0.031826,172.253.118.0-255,2902,128760,11,208962
5968,0.031833,172.31.36.0-255,66,128826,11,208962
5969,0.032718,172.253.118.0-255,2902,131728,11,208962
5970,0.032725,172.31.36.0-255,66,131794,11,208962
5971,0.033873,172.253.118.0-255,2902,134696,11,208962
5972,0.033881,172.31.36.0-255,66,134762,11,208962
5973,0.034768,172.253.118.0-255,2902,137664,11,208962
5974,0.034774,172.31.36.0-255,66,137730,11,208962
5975,0.035956,172.253.118.0-255,2902,140632,11,208962
5976,0.035962,172.31.36.0-255,66,140698,11,208962
5977,0.036826,172.253.118.0-255,2902,143600,11,208962
5978,0.036832,172.31.36.0-255,66,143666,11,208962
5979,0.038022,172.253.118.0-255,2902,146568,11,208962
5980,0.038028,172.31.36.0-255,66,146634,11,208962
5981,0.038885,172.253.118.0-255,2902,149536,11,208962
5982,0.038891,172.31.36.0-255,66,149602,11,208962
5983,0.040075,172.253.118.0-255,2902,152504,11,208962
5984,0.04008,172.31.36.0-255,66,152570,11,208962
5985,0.040957,172.253.118.0-255,2902,155472,11,208962
5986,0.040963,172.31.36.0-255,66,155538,11,208962
5987,0.042142,172.253.118.0-255,2902,158440,11,208962
5988,0.04215,172.31.36.0-255,66,158506,11,208962
5989,0.043007,172.253.118.0-255,2902,161408,11,208962
5990,0.043014,172.31.36.0-255,66,161474,11,208962
5991,0.044204,172.253.118.0-255,2902,164376,11,208962
5992,0.04421,172.31.36.0-255,66,164442,11,208962
5993,0.045061,172.253.118.0-255,2902,167344,11,208962
5994,0.045067,172.31.36.0-255,66,167410,11,208962
5995,0.046267,172.253.118.0-255,2902,170312,11,208962
5996,0.046274,172.31.36.0-255,66,170378,11,208962
5997,0.04714,172.253.118.0-255,2902,173280,11,208962
5998,0.047147,172.31.36.0-255,66,173346,11,208962
5999,0.048326,172.253.118.0-255,2902,176248,11,208962
6000,0.048333,172.31.36.0-255,66,176314,11,208962
6001,0.049198,172.253.118.0-255,2902,179216,11,208962
6002,0.049205,172.31.36.0-255,66,179282,11,208962
6003,0.050377,172.253.118.0-255,2902,182184,11,208962
6004,0.050384,172.31.36.0-255,66,182250,11,208962
6005,0.051258,172.253.118.0-255,2902,185152,11,208962
6006,0.051264,172.31.36.0-255,66,185218,11,208962
6007,0.052435,172.253.118.0-255,2902,188120,11,208962
6008,0.052442,172.31.36.0-255,66,188186,11,208962
6009,0.053312,172.253.118.0-255,2902,191088,11,208962
6010,0.05332,172.31.36.0-255,66,191154,11,208962
6011,0.054511,172.253.118.0-255,2902,194056,11,208962
6012,0.054518,172.31.36.0-255,66,194122,11,208962
6013,0.055374,172.253.118.0-255,2902,197024,11,208962
6014,0.055381,172.31.36.0-255,66,197090,11,208962
6015,0.056568,172.253.118.0-255,2902,199992,11,208962
6016,0.056575,172.31.36.0-255,66,200058,11,208962
6017,0.057432,172.253.118.0-255,2902,202960,11,208962
6018,0.057438,172.31.36.0-255,66,203026,11,208962
6019,0.05862,172.253.118.0-255,2902,205928,11,208962
6020,0.058626,172.31.36.0-255,66,205994,11,208962
6021,0.059484,172.253.118.0-255,2902,208896,11,208962
6022,0.05949,172.31.36.0-255,66,208962,11,208962
6023,0.0,172.217.194.0-255,298,298,11,186869
6024,1.9e-05,172.217.194.0-255,1484,1782,11,186869
6025,3.1e-05,172.31.36.0-255,66,1848,11,186869
6026,4.1e-05,172.217.194.0-255,4320,6168,11,186869
6027,4.4e-05,172.31.36.0-255,66,6234,11,186869
6028,5e-05,172.217.194.0-255,4320,10554,11,186869
6029,6.5e-05,172.31.36.0-255,66,10620,11,186869
6030,7.1e-05,172.217.194.0-255,3245,13865,11,186869
6031,7.4e-05,172.31.36.0-255,66,13931,11,186869
6032,8e-05,172.217.194.0-255,4320,18251,11,186869
6033,8.3e-05,172.31.36.0-255,66,18317,11,186869
6034,0.000121,172.31.36.0-255,66,18383,11,186869
6035,0.000177,172.217.194.0-255,2543,20926,11,186869
6036,0.00018,172.31.36.0-255,66,20992,11,186869
6037,0.000217,172.217.194.0-255,1484,22476,11,186869
6038,0.000222,172.217.194.0-255,2902,25378,11,186869
6039,0.000224,172.31.36.0-255,66,25444,11,186869
6040,0.000252,172.217.194.0-255,5738,31182,11,186869
6041,0.000255,172.31.36.0-255,66,31248,11,186869
6042,0.000258,172.217.194.0-255,1484,32732,11,186869
6043,0.000284,172.217.194.0-255,1484,34216,11,186869
6044,0.000289,172.31.36.0-255,66,34282,11,186869
6045,0.000317,172.31.36.0-255,66,34348,11,186869
6046,0.000323,172.217.194.0-255,3961,38309,11,186869
6047,0.000325,172.31.36.0-255,66,38375,11,186869
6048,0.000348,172.217.194.0-255,676,39051,11,186869
6049,0.000682,172.217.194.0-255,1484,40535,11,186869
6050,0.000688,172.31.36.0-255,66,40601,11,186869
6051,0.000694,172.217.194.0-255,2902,43503,11,186869
6052,0.000697,172.31.36.0-255,66,43569,11,186869
6053,0.000701,172.217.194.0-255,1484,45053,11,186869
6054,0.000735,172.217.194.0-255,4320,49373,11,186869
6055,0.000738,172.31.36.0-255,66,49439,11,186869
6056,0.000742,172.217.194.0-255,2902,52341,11,186869
6057,0.000745,172.31.36.0-255,66,52407,11,186869
6058,0.000781,172.31.36.0-255,66,52473,11,186869
6059,0.000791,172.31.36.0-255,66,52539,11,186869
6060,0.0008,172.217.194.0-255,2184,54723,11,186869
6061,0.000803,172.31.36.0-255,66,54789,11,186869
6062,0.001294,172.217.194.0-255,1484,56273,11,186869
6063,0.001301,172.217.194.0-255,2902,59175,11,186869
6064,0.001304,172.31.36.0-255,66,59241,11,186869
6065,0.001309,172.217.194.0-255,1484,60725,11,186869
6066,0.001337,172.217.194.0-255,4320,65045,11,186869
6067,0.001339,172.31.36.0-255,66,65111,11,186869
6068,0.00135,172.217.194.0-255,7156,72267,11,186869
6069,0.001352,172.31.36.0-255,66,72333,11,186869
6070,0.001364,172.31.36.0-255,66,72399,11,186869
6071,0.001399,172.217.194.0-255,4320,76719,11,186869
6072,0.001402,172.31.36.0-255,66,76785,11,186869
6073,0.001407,172.217.194.0-255,2184,78969,11,186869
6074,0.001409,172.31.36.0-255,66,79035,11,186869
6075,0.001593,172.217.194.0-255,1484,80519,11,186869
6076,0.001598,172.217.194.0-255,2902,83421,11,186869
6077,0.001602,172.31.36.0-255,66,83487,11,186869
6078,0.001609,172.217.194.0-255,5738,89225,11,186869
6079,0.001611,172.31.36.0-255,66,89291,11,186869
6080,0.001654,172.217.194.0-255,7156,96447,11,186869
6081,0.001656,172.31.36.0-255,66,96513,11,186869
6082,0.001686,172.217.194.0-255,5738,102251,11,186869
6083,0.001688,172.31.36.0-255,66,102317,11,186869
6084,0.001701,172.31.36.0-255,66,102383,11,186869
6085,0.001882,172.217.194.0-255,1484,103867,11,186869
6086,0.001888,172.217.194.0-255,2902,106769,11,186869
6087,0.001891,172.31.36.0-255,66,106835,11,186869
6088,0.001895,172.217.194.0-255,1484,108319,11,186869
6089,0.001922,172.217.194.0-255,4320,112639,11,186869
6090,0.001925,172.31.36.0-255,66,112705,11,186869
6091,0.00193,172.217.194.0-255,2902,115607,11,186869
6092,0.001933,172.31.36.0-255,66,115673,11,186869
6093,0.001979,172.31.36.0-255,66,115739,11,186869
6094,0.001991,172.31.36.0-255,66,115805,11,186869
6095,0.001995,172.217.194.0-255,2184,117989,11,186869
6096,0.001997,172.31.36.0-255,66,118055,11,186869
6097,0.00274,172.217.194.0-255,1484,119539,11,186869
6098,0.002765,172.217.194.0-255,2902,122441,11,186869
6099,0.002769,172.31.36.0-255,66,122507,11,186869
6100,0.002777,172.217.194.0-255,4320,126827,11,186869
6101,0.002779,172.31.36.0-255,66,126893,11,186869
6102,0.002798,172.217.194.0-255,1484,128377,11,186869
6103,0.002804,172.217.194.0-255,4320,132697,11,186869
6104,0.002806,172.31.36.0-255,66,132763,11,186869
6105,0.002853,172.31.36.0-255,66,132829,11,186869
6106,0.002857,172.217.194.0-255,1484,134313,11,186869
6107,0.002885,172.31.36.0-255,66,134379,11,186869
6108,0.003008,172.217.194.0-255,1484,135863,11,186869
6109,0.003015,172.217.194.0-255,2902,138765,11,186869
6110,0.003018,172.31.36.0-255,66,138831,11,186869
6111,0.003025,172.217.194.0-255,5738,144569,11,186869
6112,0.003028,172.31.36.0-255,66,144635,11,186869
6113,0.003038,172.217.194.0-255,2902,147537,11,186869
6114,0.00304,172.31.36.0-255,66,147603,11,186869
6115,0.00309,172.31.36.0-255,66,147669,11,186869
6116,0.003103,172.31.36.0-255,66,147735,11,186869
6117,0.003149,172.217.194.0-255,1484,149219,11,186869
6118,0.003154,172.217.194.0-255,2902,152121,11,186869
6119,0.003156,172.31.36.0-255,66,152187,11,186869
6120,0.003186,172.217.194.0-255,5738,157925,11,186869
6121,0.003189,172.31.36.0-255,66,157991,11,186869
6122,0.003235,172.31.36.0-255,66,158057,11,186869
6123,0.003254,172.31.36.0-255,66,158123,11,186869
6124,0.0033,172.31.36.0-255,66,158189,11,186869
6125,0.003306,172.217.194.0-255,4320,162509,11,186869
6126,0.003308,172.31.36.0-255,66,162575,11,186869
6127,0.003378,172.31.36.0-255,66,162641,11,186869
6128,0.00341,172.217.194.0-255,766,163407,11,186869
6129,0.003424,172.31.36.0-255,66,163473,11,186869
6130,0.003479,172.217.194.0-255,2184,165657,11,186869
6131,0.003486,172.217.194.0-255,7156,172813,11,186869
6132,0.003502,172.217.194.0-255,4320,177133,11,186869
6133,0.003505,172.217.194.0-255,1484,178617,11,186869
6134,0.003554,172.217.194.0-255,4723,183340,11,186869
6135,0.003558,172.217.194.0-255,105,183445,11,186869
6136,0.009747,172.31.36.0-255,66,183511,11,186869
6137,0.011357,172.31.36.0-255,105,183616,11,186869
6138,0.013473,172.217.194.0-255,66,183682,11,186869
6139,0.03167,172.31.36.0-255,167,183849,11,186869
6140,0.031701,172.31.36.0-255,1110,184959,11,186869
6141,0.031758,172.31.36.0-255,1514,186473,11,186869
6142,0.031784,172.31.36.0-255,330,186803,11,186869
6143,0.03349,104.244.42.0-255,66,186869,11,186869
6144,0.0,74.125.24.0-255,148,148,11,256798
6145,2.6e-05,172.31.36.0-255,66,214,11,256798
6146,3.3e-05,74.125.24.0-255,1484,1698,11,256798
6147,3.8e-05,172.31.36.0-255,66,1764,11,256798
6148,4.3e-05,74.125.24.0-255,2902,4666,11,256798
6149,4.6e-05,172.31.36.0-255,66,4732,11,256798
6150,6.1e-05,74.125.24.0-255,7156,11888,11,256798
6151,6.5e-05,172.31.36.0-255,66,11954,11,256798
6152,7e-05,74.125.24.0-255,4320,16274,11,256798
6153,7.3e-05,172.31.36.0-255,66,16340,11,256798
6154,0.000115,172.31.36.0-255,66,16406,11,256798
6155,0.000122,74.125.24.0-255,6797,23203,11,256798
6156,0.000125,172.31.36.0-255,66,23269,11,256798
6157,0.000587,74.125.24.0-255,1484,24753,11,256798
6158,0.000593,172.31.36.0-255,66,24819,11,256798
6159,0.000603,74.125.24.0-255,2902,27721,11,256798
6160,0.000605,172.31.36.0-255,66,27787,11,256798
6161,0.000618,74.125.24.0-255,5738,33525,11,256798
6162,0.00062,172.31.36.0-255,66,33591,11,256798
6163,0.000628,74.125.24.0-255,6797,40388,11,256798
6164,0.000631,172.31.36.0-255,66,40454,11,256798
6165,0.000674,172.31.36.0-255,66,40520,11,256798
6166,0.000679,74.125.24.0-255,2853,43373,11,256798
6167,0.000682,172.31.36.0-255,66,43439,11,256798
6168,0.000868,74.125.24.0-255,111,43550,11,256798
6169,0.000873,172.31.36.0-255,66,43616,11,256798
6170,0.001247,74.125.24.0-255,1484,45100,11,256798
6171,0.001255,172.31.36.0-255,66,45166,11,256798
6172,0.001261,74.125.24.0-255,2902,48068,11,256798
6173,0.001264,172.31.36.0-255,66,48134,11,256798
6174,0.001279,74.125.24.0-255,5738,53872,11,256798
6175,0.001281,172.31.36.0-255,66,53938,11,256798
6176,0.00129,74.125.24.0-255,6797,60735,11,256798
6177,0.001293,172.31.36.0-255,66,60801,11,256798
6178,0.001342,74.125.24.0-255,1484,62285,11,256798
6179,0.00135,74.125.24.0-255,2902,65187,11,256798
6180,0.001353,172.31.36.0-255,66,65253,11,256798
6181,0.001357,74.125.24.0-255,1484,66737,11,256798
6182,0.001381,74.125.24.0-255,4320,71057,11,256798
6183,0.001383,172.31.36.0-255,66,71123,11,256798
6184,0.00141,74.125.24.0-255,6797,77920,11,256798
6185,0.001413,172.31.36.0-255,66,77986,11,256798
6186,0.001475,74.125.24.0-255,1484,79470,11,256798
6187,0.001479,74.125.24.0-255,2902,82372,11,256798
6188,0.001482,172.31.36.0-255,66,82438,11,256798
6189,0.001488,74.125.24.0-255,5738,88176,11,256798
6190,0.001491,172.31.36.0-255,66,88242,11,256798
6191,0.001523,172.31.36.0-255,66,88308,11,256798
6192,0.00155,74.125.24.0-255,4320,92628,11,256798
6193,0.001552,172.31.36.0-255,66,92694,11,256798
6194,0.001563,172.31.36.0-255,66,92760,11,256798
6195,0.001763,74.125.24.0-255,1484,94244,11,256798
6196,0.001767,74.125.24.0-255,2902,97146,11,256798
6197,0.001769,172.31.36.0-255,66,97212,11,256798
6198,0.001794,74.125.24.0-255,5738,102950,11,256798
6199,0.001797,172.31.36.0-255,66,103016,11,256798
6200,0.001803,74.125.24.0-255,7156,110172,11,256798
6201,0.001806,172.31.36.0-255,66,110238,11,256798
6202,0.001844,74.125.24.0-255,4320,114558,11,256798
6203,0.001846,172.31.36.0-255,66,114624,11,256798
6204,0.00188,172.31.36.0-255,66,114690,11,256798
6205,0.001884,74.125.24.0-255,2184,116874,11,256798
6206,0.001887,172.31.36.0-255,66,116940,11,256798
6207,0.0025,74.125.24.0-255,1484,118424,11,256798
6208,0.002511,74.125.24.0-255,2902,121326,11,256798
6209,0.002514,172.31.36.0-255,66,121392,11,256798
6210,0.002544,74.125.24.0-255,5738,127130,11,256798
6211,0.002547,172.31.36.0-255,66,127196,11,256798
6212,0.00255,74.125.24.0-255,1484,128680,11,256798
6213,0.002586,172.31.36.0-255,66,128746,11,256798
6214,0.002591,74.125.24.0-255,2902,131648,11,256798
6215,0.002593,172.31.36.0-255,66,131714,11,256798
6216,0.002644,172.31.36.0-255,66,131780,11,256798
6217,0.005285,74.125.24.0-255,5738,137518,11,256798
6218,0.005291,172.31.36.0-255,66,137584,11,256798
6219,0.007916,74.125.24.0-255,5738,143322,11,256798
6220,0.007922,172.31.36.0-255,66,143388,11,256798
6221,0.010553,74.125.24.0-255,5738,149126,11,256798
6222,0.010561,172.31.36.0-255,66,149192,11,256798
6223,0.013161,74.125.24.0-255,5738,154930,11,256798
6224,0.013168,172.31.36.0-255,66,154996,11,256798
6225,0.015781,74.125.24.0-255,5738,160734,11,256798
6226,0.015787,172.31.36.0-255,66,160800,11,256798
6227,0.018419,74.125.24.0-255,5738,166538,11,256798
6228,0.01843,172.31.36.0-255,66,166604,11,256798
6229,0.021057,74.125.24.0-255,5738,172342,11,256798
6230,0.021066,172.31.36.0-255,66,172408,11,256798
6231,0.023704,74.125.24.0-255,5738,178146,11,256798
6232,0.023713,172.31.36.0-255,66,178212,11,256798
6233,0.024304,172.31.36.0-255,172,178384,11,256798
6234,0.024348,172.31.36.0-255,1107,179491,11,256798
6235,0.024421,172.31.36.0-255,1514,181005,11,256798
6236,0.024424,172.31.36.0-255,1297,182302,11,256798
6237,0.025858,104.244.42.0-255,66,182368,11,256798
6238,0.025875,104.244.42.0-255,66,182434,11,256798
6239,0.025996,104.244.42.0-255,66,182500,11,256798
6240,0.026337,74.125.24.0-255,4320,186820,11,256798
6241,0.026342,172.31.36.0-255,66,186886,11,256798
6242,0.026372,74.125.24.0-255,1484,188370,11,256798
6243,0.028963,74.125.24.0-255,4320,192690,11,256798
6244,0.028968,172.31.36.0-255,66,192756,11,256798
6245,0.031594,74.125.24.0-255,5738,198494,11,256798
6246,0.0316,172.31.36.0-255,66,198560,11,256798
6247,0.0342,74.125.24.0-255,5738,204298,11,256798
6248,0.034206,172.31.36.0-255,66,204364,11,256798
6249,0.03682,74.125.24.0-255,5738,210102,11,256798
6250,0.036825,172.31.36.0-255,66,210168,11,256798
6251,0.03944,74.125.24.0-255,2902,213070,11,256798
6252,0.039445,172.31.36.0-255,66,213136,11,256798
6253,0.03948,74.125.24.0-255,2902,216038,11,256798
6254,0.039484,172.31.36.0-255,66,216104,11,256798
6255,0.042075,74.125.24.0-255,5738,221842,11,256798
6256,0.04208,172.31.36.0-255,66,221908,11,256798
6257,0.044681,74.125.24.0-255,1484,223392,11,256798
6258,0.044712,74.125.24.0-255,4320,227712,11,256798
6259,0.044717,172.31.36.0-255,66,227778,11,256798
6260,0.047308,74.125.24.0-255,5738,233516,11,256798
6261,0.047313,172.31.36.0-255,66,233582,11,256798
6262,0.049932,74.125.24.0-255,5738,239320,11,256798
6263,0.049937,172.31.36.0-255,66,239386,11,256798
6264,0.052541,74.125.24.0-255,5738,245124,11,256798
6265,0.052546,172.31.36.0-255,66,245190,11,256798
6266,0.055182,74.125.24.0-255,5738,250928,11,256798
6267,0.055187,172.31.36.0-255,66,250994,11,256798
6268,0.05781,74.125.24.0-255,5738,256732,11,256798
6269,0.057815,172.31.36.0-255,66,256798,11,256798
6270,0.0,74.125.24.0-255,153,153,11,253160
6271,2.2e-05,172.31.36.0-255,66,219,11,253160
6272,3e-05,74.125.24.0-255,1484,1703,11,253160
6273,3.5e-05,172.31.36.0-255,66,1769,11,253160
6274,4.7e-05,74.125.24.0-255,2902,4671,11,253160
6275,5e-05,172.31.36.0-255,66,4737,11,253160
6276,5.8e-05,74.125.24.0-255,7156,11893,11,253160
6277,6.1e-05,172.31.36.0-255,66,11959,11,253160
6278,6.5e-05,74.125.24.0-255,2058,14017,11,253160
6279,6.8e-05,172.31.36.0-255,66,14083,11,253160
6280,0.000362,74.125.24.0-255,1484,15567,11,253160
6281,0.000367,172.31.36.0-255,66,15633,11,253160
6282,0.000374,74.125.24.0-255,2902,18535,11,253160
6283,0.000377,172.31.36.0-255,66,18601,11,253160
6284,0.000388,74.125.24.0-255,4320,22921,11,253160
6285,0.00039,172.31.36.0-255,66,22987,11,253160
6286,0.000417,74.125.24.0-255,1484,24471,11,253160
6287,0.000419,172.31.36.0-255,66,24537,11,253160
6288,0.000432,74.125.24.0-255,6797,31334,11,253160
6289,0.000434,172.31.36.0-255,66,31400,11,253160
6290,0.000441,74.125.24.0-255,5738,37138,11,253160
6291,0.000443,172.31.36.0-255,66,37204,11,253160
6292,0.000471,74.125.24.0-255,1484,38688,11,253160
6293,0.000474,172.31.36.0-255,66,38754,11,253160
6294,0.000492,172.31.36.0-255,66,38820,11,253160
6295,0.000513,74.125.24.0-255,1484,40304,11,253160
6296,0.000515,172.31.36.0-255,66,40370,11,253160
6297,0.000549,172.31.36.0-255,66,40436,11,253160
6298,0.00058,74.125.24.0-255,5652,46088,11,253160
6299,0.000583,172.31.36.0-255,66,46154,11,253160
6300,0.000769,74.125.24.0-255,381,46535,11,253160
6301,0.000869,74.125.24.0-255,1484,48019,11,253160
6302,0.000874,74.125.24.0-255,2902,50921,11,253160
6303,0.000895,74.125.24.0-255,5738,56659,11,253160
6304,0.000909,172.31.36.0-255,66,56725,11,253160
6305,0.000969,74.125.24.0-255,1125,57850,11,253160
6306,0.000972,74.125.24.0-255,1484,59334,11,253160
6307,0.00099,74.125.24.0-255,5738,65072,11,253160
6308,0.000993,172.31.36.0-255,66,65138,11,253160
6309,0.001002,74.125.24.0-255,2543,67681,11,253160
6310,0.001013,172.31.36.0-255,66,67747,11,253160
6311,0.00142,74.125.24.0-255,1484,69231,11,253160
6312,0.001425,74.125.24.0-255,2902,72133,11,253160
6313,0.001431,172.31.36.0-255,66,72199,11,253160
6314,0.001453,74.125.24.0-255,5738,77937,11,253160
6315,0.001482,74.125.24.0-255,4320,82257,11,253160
6316,0.001488,74.125.24.0-255,5738,87995,11,253160
6317,0.001494,172.31.36.0-255,66,88061,11,253160
6318,0.001514,74.125.24.0-255,5020,93081,11,253160
6319,0.001529,172.31.36.0-255,66,93147,11,253160
6320,0.001567,74.125.24.0-255,1484,94631,11,253160
6321,0.001571,74.125.24.0-255,2902,97533,11,253160
6322,0.001574,172.31.36.0-255,66,97599,11,253160
6323,0.001577,74.125.24.0-255,1484,99083,11,253160
6324,0.001603,74.125.24.0-255,2902,101985,11,253160
6325,0.001628,172.31.36.0-255,66,102051,11,253160
6326,0.001645,74.125.24.0-255,4320,106371,11,253160
6327,0.001678,172.31.36.0-255,66,106437,11,253160
6328,0.003964,74.125.24.0-255,5738,112175,11,253160
6329,0.003971,172.31.36.0-255,66,112241,11,253160
6330,0.006236,74.125.24.0-255,2902,115143,11,253160
6331,0.00625,74.125.24.0-255,2902,118045,11,253160
6332,0.007907,172.31.36.0-255,66,118111,11,253160
6333,0.010214,74.125.24.0-255,2902,121013,11,253160
6334,0.010224,172.31.36.0-255,66,121079,11,253160
6335,0.01026,74.125.24.0-255,2902,123981,11,253160
6336,0.010294,172.31.36.0-255,66,124047,11,253160
6337,0.012505,74.125.24.0-255,2902,126949,11,253160
6338,0.012518,172.31.36.0-255,66,127015,11,253160
6339,0.012573,74.125.24.0-255,2902,129917,11,253160
6340,0.012603,172.31.36.0-255,66,129983,11,253160
6341,0.014766,74.125.24.0-255,2902,132885,11,253160
6342,0.014774,172.31.36.0-255,66,132951,11,253160
6343,0.014858,74.125.24.0-255,2902,135853,11,253160
6344,0.014872,172.31.36.0-255,66,135919,11,253160
6345,0.01705,74.125.24.0-255,2902,138821,11,253160
6346,0.017061,172.31.36.0-255,66,138887,11,253160
6347,0.017134,74.125.24.0-255,2902,141789,11,253160
6348,0.017179,172.31.36.0-255,66,141855,11,253160
6349,0.019346,74.125.24.0-255,2902,144757,11,253160
6350,0.019354,172.31.36.0-255,66,144823,11,253160
6351,0.019448,74.125.24.0-255,2902,147725,11,253160
6352,0.019481,172.31.36.0-255,66,147791,11,253160
6353,0.021613,74.125.24.0-255,2902,150693,11,253160
6354,0.021622,172.31.36.0-255,66,150759,11,253160
6355,0.021754,74.125.24.0-255,2902,153661,11,253160
6356,0.021758,172.31.36.0-255,66,153727,11,253160
6357,0.02386,74.125.24.0-255,2902,156629,11,253160
6358,0.023868,172.31.36.0-255,66,156695,11,253160
6359,0.024004,74.125.24.0-255,2902,159597,11,253160
6360,0.024009,172.31.36.0-255,66,159663,11,253160
6361,0.024982,172.31.36.0-255,167,159830,11,253160
6362,0.025013,172.31.36.0-255,1107,160937,11,253160
6363,0.02507,172.31.36.0-255,1514,162451,11,253160
6364,0.025072,172.31.36.0-255,1297,163748,11,253160
6365,0.02612,74.125.24.0-255,2902,166650,11,253160
6366,0.026127,172.31.36.0-255,66,166716,11,253160
6367,0.026272,74.125.24.0-255,2902,169618,11,253160
6368,0.026277,172.31.36.0-255,66,169684,11,253160
6369,0.026521,104.244.42.0-255,66,169750,11,253160
6370,0.0267,104.244.42.0-255,66,169816,11,253160
6371,0.026707,104.244.42.0-255,66,169882,11,253160
6372,0.027966,104.244.42.0-255,108,169990,11,253160
6373,0.027974,172.31.36.0-255,66,170056,11,253160
6374,0.02839,74.125.24.0-255,2902,172958,11,253160
6375,0.028395,172.31.36.0-255,66,173024,11,253160
6376,0.028526,74.125.24.0-255,2902,175926,11,253160
6377,0.028532,172.31.36.0-255,66,175992,11,253160
6378,0.030677,74.125.24.0-255,2902,178894,11,253160
6379,0.030684,172.31.36.0-255,66,178960,11,253160
6380,0.030832,74.125.24.0-255,2902,181862,11,253160
6381,0.030837,172.31.36.0-255,66,181928,11,253160
6382,0.03298,74.125.24.0-255,2902,184830,11,253160
6383,0.032987,172.31.36.0-255,66,184896,11,253160
6384,0.033115,74.125.24.0-255,2902,187798,11,253160
6385,0.03312,172.31.36.0-255,66,187864,11,253160
6386,0.03526,74.125.24.0-255,2902,190766,11,253160
6387,0.035267,172.31.36.0-255,66,190832,11,253160
6388,0.035351,74.125.24.0-255,2902,193734,11,253160
6389,0.035723,172.31.36.0-255,66,193800,11,253160
6390,0.037547,74.125.24.0-255,2902,196702,11,253160
6391,0.037555,172.31.36.0-255,66,196768,11,253160
6392,0.037961,74.125.24.0-255,2902,199670,11,253160
6393,0.037967,172.31.36.0-255,66,199736,11,253160
6394,0.039838,74.125.24.0-255,2902,202638,11,253160
6395,0.039845,172.31.36.0-255,66,202704,11,253160
6396,0.040241,74.125.24.0-255,2902,205606,11,253160
6397,0.040248,172.31.36.0-255,66,205672,11,253160
6398,0.042099,74.125.24.0-255,2902,208574,11,253160
6399,0.042107,172.31.36.0-255,66,208640,11,253160
6400,0.04253,74.125.24.0-255,2902,211542,11,253160
6401,0.042536,172.31.36.0-255,66,211608,11,253160
6402,0.044355,74.125.24.0-255,2902,214510,11,253160
6403,0.044362,172.31.36.0-255,66,214576,11,253160
6404,0.044821,74.125.24.0-255,2902,217478,11,253160
6405,0.044827,172.31.36.0-255,66,217544,11,253160
6406,0.046642,74.125.24.0-255,2902,220446,11,253160
6407,0.046648,172.31.36.0-255,66,220512,11,253160
6408,0.047101,74.125.24.0-255,2902,223414,11,253160
6409,0.047107,172.31.36.0-255,66,223480,11,253160
6410,0.048919,74.125.24.0-255,2902,226382,11,253160
6411,0.048925,172.31.36.0-255,66,226448,11,253160
6412,0.049379,74.125.24.0-255,2902,229350,11,253160
6413,0.049386,172.31.36.0-255,66,229416,11,253160
6414,0.051196,74.125.24.0-255,2902,232318,11,253160
6415,0.051203,172.31.36.0-255,66,232384,11,253160
6416,0.051635,74.125.24.0-255,2902,235286,11,253160
6417,0.051642,172.31.36.0-255,66,235352,11,253160
6418,0.053463,74.125.24.0-255,2902,238254,11,253160
6419,0.05347,172.31.36.0-255,66,238320,11,253160
6420,0.053917,74.125.24.0-255,2902,241222,11,253160
6421,0.053924,172.31.36.0-255,66,241288,11,253160
6422,0.055739,74.125.24.0-255,2902,244190,11,253160
6423,0.055746,172.31.36.0-255,66,244256,11,253160
6424,0.056231,74.125.24.0-255,2902,247158,11,253160
6425,0.056238,172.31.36.0-255,66,247224,11,253160
6426,0.05804,74.125.24.0-255,2902,250126,11,253160
6427,0.058046,172.31.36.0-255,66,250192,11,253160
6428,0.05853,74.125.24.0-255,2902,253094,11,253160
6429,0.058538,172.31.36.0-255,66,253160,11,253160
6430,0.0,74.125.24.0-255,154,154,11,171670
6431,2e-05,172.31.36.0-255,66,220,11,171670
6432,2.8e-05,74.125.24.0-255,1484,1704,11,171670
6433,3.1e-05,172.31.36.0-255,66,1770,11,171670
6434,3.7e-05,74.125.24.0-255,2902,4672,11,171670
6435,4e-05,172.31.36.0-255,66,4738,11,171670
6436,4.9e-05,74.125.24.0-255,7156,11894,11,171670
6437,5.2e-05,172.31.36.0-255,66,11960,11,171670
6438,5.6e-05,74.125.24.0-255,2085,14045,11,171670
6439,5.8e-05,172.31.36.0-255,66,14111,11,171670
6440,0.000129,74.125.24.0-255,1484,15595,11,171670
6441,0.000132,172.31.36.0-255,66,15661,11,171670
6442,0.000138,74.125.24.0-255,2902,18563,11,171670
6443,0.00014,172.31.36.0-255,66,18629,11,171670
6444,0.000147,74.125.24.0-255,5738,24367,11,171670
6445,0.000149,172.31.36.0-255,66,24433,11,171670
6446,0.000186,172.31.36.0-255,66,24499,11,171670
6447,0.000208,74.125.24.0-255,5379,29878,11,171670
6448,0.00021,172.31.36.0-255,66,29944,11,171670
6449,0.000226,172.31.36.0-255,66,30010,11,171670
6450,0.000255,74.125.24.0-255,7156,37166,11,171670
6451,0.000257,172.31.36.0-255,66,37232,11,171670
6452,0.000278,74.125.24.0-255,5314,42546,11,171670
6453,0.000281,172.31.36.0-255,66,42612,11,171670
6454,0.000284,74.125.24.0-255,133,42745,11,171670
6455,0.000286,172.31.36.0-255,66,42811,11,171670
6456,0.00038,74.125.24.0-255,1484,44295,11,171670
6457,0.000385,172.31.36.0-255,66,44361,11,171670
6458,0.00039,74.125.24.0-255,2902,47263,11,171670
6459,0.000392,172.31.36.0-255,66,47329,11,171670
6460,0.000423,74.125.24.0-255,5738,53067,11,171670
6461,0.000425,172.31.36.0-255,66,53133,11,171670
6462,0.000441,172.31.36.0-255,66,53199,11,171670
6463,0.000498,172.31.36.0-255,66,53265,11,171670
6464,0.000689,74.125.24.0-255,1484,54749,11,171670
6465,0.000697,74.125.24.0-255,2902,57651,11,171670
6466,0.000701,172.31.36.0-255,66,57717,11,171670
6467,0.000705,74.125.24.0-255,1484,59201,11,171670
6468,0.000724,74.125.24.0-255,4320,63521,11,171670
6469,0.000727,172.31.36.0-255,66,63587,11,171670
6470,0.000761,172.31.36.0-255,66,63653,11,171670
6471,0.000767,74.125.24.0-255,5738,69391,11,171670
6472,0.000769,172.31.36.0-255,66,69457,11,171670
6473,0.000786,74.125.24.0-255,4320,73777,11,171670
6474,0.000788,172.31.36.0-255,66,73843,11,171670
6475,0.000804,74.125.24.0-255,4320,78163,11,171670
6476,0.000807,172.31.36.0-255,66,78229,11,171670
6477,0.000834,74.125.24.0-255,4471,82700,11,171670
6478,0.000838,172.31.36.0-255,66,82766,11,171670
6479,0.00085,172.31.36.0-255,66,82832,11,171670
6480,0.000853,74.125.24.0-255,1484,84316,11,171670
6481,0.000888,172.31.36.0-255,66,84382,11,171670
6482,0.000912,172.31.36.0-255,66,84448,11,171670
6483,0.000932,74.125.24.0-255,2902,87350,11,171670
6484,0.000935,172.31.36.0-255,66,87416,11,171670
6485,0.000943,74.125.24.0-255,7156,94572,11,171670
6486,0.000946,172.31.36.0-255,66,94638,11,171670
6487,0.000974,74.125.24.0-255,5738,100376,11,171670
6488,0.000977,172.31.36.0-255,66,100442,11,171670
6489,0.000989,172.31.36.0-255,66,100508,11,171670
6490,0.00158,74.125.24.0-255,1484,101992,11,171670
6491,0.001587,74.125.24.0-255,2902,104894,11,171670
6492,0.001591,172.31.36.0-255,66,104960,11,171670
6493,0.001596,74.125.24.0-255,2902,107862,11,171670
6494,0.001598,172.31.36.0-255,66,107928,11,171670
6495,0.001613,74.125.24.0-255,2902,110830,11,171670
6496,0.001616,172.31.36.0-255,66,110896,11,171670
6497,0.001628,172.31.36.0-255,66,110962,11,171670
6498,0.001679,172.31.36.0-255,66,111028,11,171670
6499,0.001696,74.125.24.0-255,5020,116048,11,171670
6500,0.001699,172.31.36.0-255,66,116114,11,171670
6501,0.001741,74.125.24.0-255,1484,117598,11,171670
6502,0.001745,74.125.24.0-255,1484,119082,11,171670
6503,0.001747,172.31.36.0-255,66,119148,11,171670
6504,0.001767,74.125.24.0-255,1484,120632,11,171670
6505,0.001774,74.125.24.0-255,5738,126370,11,171670
6506,0.001776,172.31.36.0-255,66,126436,11,171670
6507,0.001783,74.125.24.0-255,5738,132174,11,171670
6508,0.001785,172.31.36.0-255,66,132240,11,171670
6509,0.001832,172.31.36.0-255,66,132306,11,171670
6510,0.001838,74.125.24.0-255,5020,137326,11,171670
6511,0.001841,172.31.36.0-255,66,137392,11,171670
6512,0.001883,74.125.24.0-255,1484,138876,11,171670
6513,0.001888,74.125.24.0-255,2902,141778,11,171670
6514,0.001891,172.31.36.0-255,66,141844,11,171670
6515,0.001898,74.125.24.0-255,5738,147582,11,171670
6516,0.0019,172.31.36.0-255,66,147648,11,171670
6517,0.001966,172.31.36.0-255,66,147714,11,171670
6518,0.001978,172.31.36.0-255,66,147780,11,171670
6519,0.001981,74.125.24.0-255,1484,149264,11,171670
6520,0.001998,74.125.24.0-255,5738,155002,11,171670
6521,0.002,172.31.36.0-255,66,155068,11,171670
6522,0.002028,172.31.36.0-255,66,155134,11,171670
6523,0.002041,172.31.36.0-255,66,155200,11,171670
6524,0.002088,172.31.36.0-255,66,155266,11,171670
6525,0.002104,74.125.24.0-255,7156,162422,11,171670
6526,0.002107,172.31.36.0-255,66,162488,11,171670
6527,0.002112,74.125.24.0-255,4320,166808,11,171670
6528,0.002115,172.31.36.0-255,66,166874,11,171670
6529,0.002163,172.31.36.0-255,66,166940,11,171670
6530,0.002167,74.125.24.0-255,97,167037,11,171670
6531,0.002169,74.125.24.0-255,105,167142,11,171670
6532,0.01011,172.31.36.0-255,66,167208,11,171670
6533,0.010151,172.31.36.0-255,105,167313,11,171670
6534,0.012445,74.125.24.0-255,66,167379,11,171670
6535,0.036063,172.31.36.0-255,176,167555,11,171670
6536,0.036098,172.31.36.0-255,1111,168666,11,171670
6537,0.036161,172.31.36.0-255,1514,170180,11,171670
6538,0.036164,172.31.36.0-255,1292,171472,11,171670
6539,0.037709,104.244.42.0-255,66,171538,11,171670
6540,0.03774,104.244.42.0-255,66,171604,11,171670
6541,0.037802,104.244.42.0-255,66,171670,11,171670
6542,0.0,74.125.24.0-255,153,153,11,158185
6543,2.6e-05,172.31.36.0-255,66,219,11,158185
6544,5.4e-05,74.125.24.0-255,1484,1703,11,158185
6545,5.8e-05,172.31.36.0-255,66,1769,11,158185
6546,6.4e-05,74.125.24.0-255,2902,4671,11,158185
6547,6.6e-05,172.31.36.0-255,66,4737,11,158185
6548,7.2e-05,74.125.24.0-255,5738,10475,11,158185
6549,7.5e-05,172.31.36.0-255,66,10541,11,158185
6550,0.000103,74.125.24.0-255,1484,12025,11,158185
6551,0.000106,172.31.36.0-255,66,12091,11,158185
6552,0.00012,172.31.36.0-255,66,12157,11,158185
6553,0.00016,74.125.24.0-255,6797,18954,11,158185
6554,0.000167,172.31.36.0-255,66,19020,11,158185
6555,0.000227,74.125.24.0-255,1484,20504,11,158185
6556,0.00023,172.31.36.0-255,66,20570,11,158185
6557,0.000235,74.125.24.0-255,2902,23472,11,158185
6558,0.000237,172.31.36.0-255,66,23538,11,158185
6559,0.00024,74.125.24.0-255,1484,25022,11,158185
6560,0.000249,172.31.36.0-255,66,25088,11,158185
6561,0.000272,74.125.24.0-255,4320,29408,11,158185
6562,0.000276,172.31.36.0-255,66,29474,11,158185
6563,0.000311,172.31.36.0-255,66,29540,11,158185
6564,0.000316,74.125.24.0-255,5738,35278,11,158185
6565,0.000319,172.31.36.0-255,66,35344,11,158185
6566,0.000349,74.125.24.0-255,4237,39581,11,158185
6567,0.000352,172.31.36.0-255,66,39647,11,158185
6568,0.000376,74.125.24.0-255,125,39772,11,158185
6569,0.000379,172.31.36.0-255,66,39838,11,158185
6570,0.000506,74.125.24.0-255,1484,41322,11,158185
6571,0.000511,172.31.36.0-255,66,41388,11,158185
6572,0.000516,74.125.24.0-255,2902,44290,11,158185
6573,0.000518,74.125.24.0-255,1484,45774,11,158185
6574,0.000526,172.31.36.0-255,66,45840,11,158185
6575,0.00054,74.125.24.0-255,4320,50160,11,158185
6576,0.000543,74.125.24.0-255,1484,51644,11,158185
6577,0.000544,172.31.36.0-255,66,51710,11,158185
6578,0.000579,74.125.24.0-255,5379,57089,11,158185
6579,0.000589,172.31.36.0-255,66,57155,11,158185
6580,0.000597,74.125.24.0-255,2543,59698,11,158185
6581,0.000603,172.31.36.0-255,66,59764,11,158185
6582,0.000871,74.125.24.0-255,1484,61248,11,158185
6583,0.000877,74.125.24.0-255,2902,64150,11,158185
6584,0.000881,172.31.36.0-255,66,64216,11,158185
6585,0.000912,74.125.24.0-255,5738,69954,11,158185
6586,0.000918,74.125.24.0-255,5738,75692,11,158185
6587,0.000921,172.31.36.0-255,66,75758,11,158185
6588,0.000926,172.31.36.0-255,66,75824,11,158185
6589,0.000957,74.125.24.0-255,7156,82980,11,158185
6590,0.000967,172.31.36.0-255,66,83046,11,158185
6591,0.000976,74.125.24.0-255,5738,88784,11,158185
6592,0.00098,172.31.36.0-255,66,88850,11,158185
6593,0.000987,74.125.24.0-255,5020,93870,11,158185
6594,0.000994,172.31.36.0-255,66,93936,11,158185
6595,0.001095,74.125.24.0-255,1484,95420,11,158185
6596,0.001107,74.125.24.0-255,1484,96904,11,158185
6597,0.001111,172.31.36.0-255,66,96970,11,158185
6598,0.001128,74.125.24.0-255,1484,98454,11,158185
6599,0.001135,74.125.24.0-255,5738,104192,11,158185
6600,0.00114,74.125.24.0-255,2902,107094,11,158185
6601,0.001148,172.31.36.0-255,66,107160,11,158185
6602,0.001183,172.31.36.0-255,66,107226,11,158185
6603,0.0012,172.31.36.0-255,66,107292,11,158185
6604,0.001239,74.125.24.0-255,4320,111612,11,158185
6605,0.001245,172.31.36.0-255,66,111678,11,158185
6606,0.001285,172.31.36.0-255,66,111744,11,158185
6607,0.001293,74.125.24.0-255,1484,113228,11,158185
6608,0.001297,74.125.24.0-255,2902,116130,11,158185
6609,0.001301,172.31.36.0-255,66,116196,11,158185
6610,0.001303,74.125.24.0-255,5738,121934,11,158185
6611,0.001315,172.31.36.0-255,66,122000,11,158185
6612,0.001338,172.31.36.0-255,66,122066,11,158185
6613,0.001357,74.125.24.0-255,1484,123550,11,158185
6614,0.00136,74.125.24.0-255,1484,125034,11,158185
6615,0.001363,74.125.24.0-255,1484,126518,11,158185
6616,0.001364,172.31.36.0-255,66,126584,11,158185
6617,0.001408,172.31.36.0-255,66,126650,11,158185
6618,0.001472,74.125.24.0-255,1484,128134,11,158185
6619,0.001476,74.125.24.0-255,1484,129618,11,158185
6620,0.001483,172.31.36.0-255,66,129684,11,158185
6621,0.00149,74.125.24.0-255,1484,131168,11,158185
6622,0.001513,74.125.24.0-255,5738,136906,11,158185
6623,0.001521,172.31.36.0-255,66,136972,11,158185
6624,0.001556,74.125.24.0-255,1484,138456,11,158185
6625,0.001561,172.31.36.0-255,66,138522,11,158185
6626,0.001579,74.125.24.0-255,7156,145678,11,158185
6627,0.001591,172.31.36.0-255,66,145744,11,158185
6628,0.001638,172.31.36.0-255,66,145810,11,158185
6629,0.001642,74.125.24.0-255,1484,147294,11,158185
6630,0.001676,172.31.36.0-255,66,147360,11,158185
6631,0.001707,74.125.24.0-255,2902,150262,11,158185
6632,0.001712,172.31.36.0-255,66,150328,11,158185
6633,0.001751,172.31.36.0-255,66,150394,11,158185
6634,0.001794,172.31.36.0-255,66,150460,11,158185
6635,0.001845,172.31.36.0-255,66,150526,11,158185
6636,0.001872,74.125.24.0-255,2902,153428,11,158185
6637,0.001877,172.31.36.0-255,66,153494,11,158185
6638,0.001903,172.31.36.0-255,66,153560,11,158185
6639,0.001904,74.125.24.0-255,105,153665,11,158185
6640,0.001909,172.31.36.0-255,66,153731,11,158185
6641,0.003535,172.31.36.0-255,105,153836,11,158185
6642,0.005682,74.125.24.0-255,66,153902,11,158185
6643,0.031379,172.31.36.0-255,167,154069,11,158185
6644,0.031412,172.31.36.0-255,1111,155180,11,158185
6645,0.031447,172.31.36.0-255,1514,156694,11,158185
6646,0.031449,172.31.36.0-255,1293,157987,11,158185
6647,0.033041,104.244.42.0-255,66,158053,11,158185
6648,0.033073,104.244.42.0-255,66,158119,11,158185
6649,0.033111,104.244.42.0-255,66,158185,11,158185
6650,0.0,172.217.194.0-255,153,153,11,258310
6651,3.4e-05,172.31.36.0-255,66,219,11,258310
6652,4.1e-05,172.217.194.0-255,1484,1703,11,258310
6653,4.6e-05,172.31.36.0-255,66,1769,11,258310
6654,5.1e-05,172.217.194.0-255,2902,4671,11,258310
6655,6.3e-05,172.31.36.0-255,66,4737,11,258310
6656,6.9e-05,172.217.194.0-255,5738,10475,11,258310
6657,7.2e-05,172.31.36.0-255,66,10541,11,258310
6658,7.5e-05,172.217.194.0-255,1484,12025,11,258310
6659,7.7e-05,172.31.36.0-255,66,12091,11,258310
6660,0.000118,172.217.194.0-255,4883,16974,11,258310
6661,0.000121,172.31.36.0-255,66,17040,11,258310
6662,0.000136,172.31.36.0-255,66,17106,11,258310
6663,0.000174,172.217.194.0-255,1484,18590,11,258310
6664,0.000178,172.31.36.0-255,66,18656,11,258310
6665,0.000183,172.217.194.0-255,2902,21558,11,258310
6666,0.000185,172.31.36.0-255,66,21624,11,258310
6667,0.000222,172.217.194.0-255,5738,27362,11,258310
6668,0.000226,172.31.36.0-255,66,27428,11,258310
6669,0.000244,172.217.194.0-255,4320,31748,11,258310
6670,0.000247,172.31.36.0-255,66,31814,11,258310
6671,0.000271,172.217.194.0-255,6797,38611,11,258310
6672,0.000275,172.31.36.0-255,66,38677,11,258310
6673,0.000289,172.31.36.0-255,66,38743,11,258310
6674,0.000467,172.217.194.0-255,377,39120,11,258310
6675,0.000472,172.31.36.0-255,66,39186,11,258310
6676,0.000496,172.217.194.0-255,365,39551,11,258310
6677,0.000501,172.31.36.0-255,66,39617,11,258310
6678,0.000849,172.217.194.0-255,1484,41101,11,258310
6679,0.000854,172.31.36.0-255,66,41167,11,258310
6680,0.000864,172.217.194.0-255,2902,44069,11,258310
6681,0.000878,172.217.194.0-255,4320,48389,11,258310
6682,0.000895,172.217.194.0-255,1484,49873,11,258310
6683,0.000901,172.217.194.0-255,4320,54193,11,258310
6684,0.000916,172.217.194.0-255,1484,55677,11,258310
6685,0.000938,172.217.194.0-255,4320,59997,11,258310
6686,0.00095,172.31.36.0-255,66,60063,11,258310
6687,0.000969,172.217.194.0-255,5738,65801,11,258310
6688,0.000977,172.31.36.0-255,66,65867,11,258310
6689,0.000987,172.217.194.0-255,2902,68769,11,258310
6690,0.000992,172.217.194.0-255,5020,73789,11,258310
6691,0.001099,172.31.36.0-255,66,73855,11,258310
6692,0.001103,172.217.194.0-255,766,74621,11,258310
6693,0.00111,172.217.194.0-255,7156,81777,11,258310
6694,0.001138,172.31.36.0-255,66,81843,11,258310
6695,0.001195,172.31.36.0-255,66,81909,11,258310
6696,0.001631,172.217.194.0-255,1484,83393,11,258310
6697,0.001636,172.217.194.0-255,2902,86295,11,258310
6698,0.001644,172.31.36.0-255,66,86361,11,258310
6699,0.001694,172.217.194.0-255,2902,89263,11,258310
6700,0.001709,172.217.194.0-255,2902,92165,11,258310
6701,0.001715,172.217.194.0-255,7156,99321,11,258310
6702,0.00173,172.217.194.0-255,2184,101505,11,258310
6703,0.001749,172.31.36.0-255,66,101571,11,258310
6704,0.00391,172.217.194.0-255,5738,107309,11,258310
6705,0.003916,172.31.36.0-255,66,107375,11,258310
6706,0.006118,172.217.194.0-255,5738,113113,11,258310
6707,0.006123,172.31.36.0-255,66,113179,11,258310
6708,0.008331,172.217.194.0-255,4320,117499,11,258310
6709,0.008338,172.31.36.0-255,66,117565,11,258310
6710,0.008368,172.217.194.0-255,1484,119049,11,258310
6711,0.010582,172.217.194.0-255,4320,123369,11,258310
6712,0.01059,172.31.36.0-255,66,123435,11,258310
6713,0.012744,172.217.194.0-255,2902,126337,11,258310
6714,0.012753,172.31.36.0-255,66,126403,11,258310
6715,0.012788,172.217.194.0-255,2902,129305,11,258310
6716,0.012824,172.31.36.0-255,66,129371,11,258310
6717,0.014925,172.217.194.0-255,2902,132273,11,258310
6718,0.014934,172.31.36.0-255,66,132339,11,258310
6719,0.014984,172.217.194.0-255,2902,135241,11,258310
6720,0.015017,172.31.36.0-255,66,135307,11,258310
6721,0.017107,172.217.194.0-255,2902,138209,11,258310
6722,0.017117,172.31.36.0-255,66,138275,11,258310
6723,0.017188,172.217.194.0-255,2902,141177,11,258310
6724,0.017234,172.31.36.0-255,66,141243,11,258310
6725,0.019305,172.217.194.0-255,2902,144145,11,258310
6726,0.019311,172.31.36.0-255,66,144211,11,258310
6727,0.019426,172.217.194.0-255,2902,147113,11,258310
6728,0.019431,172.31.36.0-255,66,147179,11,258310
6729,0.021532,172.217.194.0-255,2902,150081,11,258310
6730,0.02154,172.31.36.0-255,66,150147,11,258310
6731,0.02167,172.217.194.0-255,2902,153049,11,258310
6732,0.021675,172.31.36.0-255,66,153115,11,258310
6733,0.023718,172.217.194.0-255,2902,156017,11,258310
6734,0.023724,172.31.36.0-255,66,156083,11,258310
6735,0.023811,172.217.194.0-255,2902,158985,11,258310
6736,0.023842,172.31.36.0-255,66,159051,11,258310
6737,0.025886,172.217.194.0-255,2902,161953,11,258310
6738,0.025893,172.31.36.0-255,66,162019,11,258310
6739,0.025989,172.217.194.0-255,1484,163503,11,258310
6740,0.026006,172.217.194.0-255,1484,164987,11,258310
6741,0.026011,172.31.36.0-255,66,165053,11,258310
6742,0.027043,172.31.36.0-255,167,165220,11,258310
6743,0.027084,172.31.36.0-255,1111,166331,11,258310
6744,0.027144,172.31.36.0-255,1514,167845,11,258310
6745,0.027145,172.31.36.0-255,1293,169138,11,258310
6746,0.028074,172.217.194.0-255,2902,172040,11,258310
6747,0.028081,172.31.36.0-255,66,172106,11,258310
6748,0.028195,172.217.194.0-255,2902,175008,11,258310
6749,0.028287,172.31.36.0-255,66,175074,11,258310
6750,0.028705,104.244.42.0-255,66,175140,11,258310
6751,0.028939,104.244.42.0-255,66,175206,11,258310
6752,0.028945,104.244.42.0-255,66,175272,11,258310
6753,0.030272,172.217.194.0-255,2902,178174,11,258310
6754,0.030281,172.31.36.0-255,66,178240,11,258310
6755,0.030446,172.217.194.0-255,2902,181142,11,258310
6756,0.030452,172.31.36.0-255,66,181208,11,258310
6757,0.032483,172.217.194.0-255,2902,184110,11,258310
6758,0.032489,172.31.36.0-255,66,184176,11,258310
6759,0.032639,172.217.194.0-255,2902,187078,11,258310
6760,0.032645,172.31.36.0-255,66,187144,11,258310
6761,0.034644,172.217.194.0-255,2902,190046,11,258310
6762,0.03465,172.31.36.0-255,66,190112,11,258310
6763,0.0348,172.217.194.0-255,2902,193014,11,258310
6764,0.034806,172.31.36.0-255,66,193080,11,258310
6765,0.036831,172.217.194.0-255,2902,195982,11,258310
6766,0.036838,172.31.36.0-255,66,196048,11,258310
6767,0.037013,172.217.194.0-255,2902,198950,11,258310
6768,0.037019,172.31.36.0-255,66,199016,11,258310
6769,0.039002,172.217.194.0-255,2902,201918,11,258310
6770,0.039008,172.31.36.0-255,66,201984,11,258310
6771,0.039251,172.217.194.0-255,2902,204886,11,258310
6772,0.039257,172.31.36.0-255,66,204952,11,258310
6773,0.041156,172.217.194.0-255,2902,207854,11,258310
6774,0.041164,172.31.36.0-255,66,207920,11,258310
6775,0.041464,172.217.194.0-255,2902,210822,11,258310
6776,0.041472,172.31.36.0-255,66,210888,11,258310
6777,0.043401,172.217.194.0-255,2902,213790,11,258310
6778,0.043413,172.31.36.0-255,66,213856,11,258310
6779,0.0436,172.217.194.0-255,2902,216758,11,258310
6780,0.043945,172.31.36.0-255,66,216824,11,258310
6781,0.045623,172.217.194.0-255,2902,219726,11,258310
6782,0.04563,172.31.36.0-255,66,219792,11,258310
6783,0.046107,172.217.194.0-255,2902,222694,11,258310
6784,0.046144,172.31.36.0-255,66,222760,11,258310
6785,0.047818,172.217.194.0-255,2902,225662,11,258310
6786,0.047833,172.31.36.0-255,66,225728,11,258310
6787,0.048338,172.217.194.0-255,2902,228630,11,258310
6788,0.048343,172.31.36.0-255,66,228696,11,258310
6789,0.050034,172.217.194.0-255,2902,231598,11,258310
6790,0.050039,172.31.36.0-255,66,231664,11,258310
6791,0.050523,172.217.194.0-255,2902,234566,11,258310
6792,0.050528,172.31.36.0-255,66,234632,11,258310
6793,0.052224,172.217.194.0-255,2902,237534,11,258310
6794,0.052229,172.31.36.0-255,66,237600,11,258310
6795,0.052671,172.217.194.0-255,2902,240502,11,258310
6796,0.052677,172.31.36.0-255,66,240568,11,258310
6797,0.05441,172.217.194.0-255,1484,242052,11,258310
6798,0.054827,172.217.194.0-255,4320,246372,11,258310
6799,0.054877,172.31.36.0-255,66,246438,11,258310
6800,0.05706,172.217.194.0-255,2902,249340,11,258310
6801,0.057065,172.31.36.0-255,66,249406,11,258310
6802,0.057101,172.217.194.0-255,2902,252308,11,258310
6803,0.057115,172.31.36.0-255,66,252374,11,258310
6804,0.059195,172.217.194.0-255,2902,255276,11,258310
6805,0.059201,172.31.36.0-255,66,255342,11,258310
6806,0.05927,172.217.194.0-255,2902,258244,11,258310
6807,0.059719,172.31.36.0-255,66,258310,11,258310
6808,0.0,172.217.194.0-255,153,153,11,174890
6809,2.9e-05,172.217.194.0-255,1484,1637,11,174890
6810,3.7e-05,172.31.36.0-255,66,1703,11,174890
6811,4.5e-05,172.217.194.0-255,2902,4605,11,174890
6812,4.8e-05,172.31.36.0-255,66,4671,11,174890
6813,5.5e-05,172.217.194.0-255,5738,10409,11,174890
6814,6.6e-05,172.31.36.0-255,66,10475,11,174890
6815,9.3e-05,172.217.194.0-255,3448,13923,11,174890
6816,0.0001,172.31.36.0-255,66,13989,11,174890
6817,0.000146,172.217.194.0-255,1484,15473,11,174890
6818,0.000168,172.217.194.0-255,2902,18375,11,174890
6819,0.000172,172.31.36.0-255,66,18441,11,174890
6820,0.000178,172.217.194.0-255,5738,24179,11,174890
6821,0.00018,172.31.36.0-255,66,24245,11,174890
6822,0.00021,172.31.36.0-255,66,24311,11,174890
6823,0.000222,172.31.36.0-255,66,24377,11,174890
6824,0.000252,172.217.194.0-255,1484,25861,11,174890
6825,0.000258,172.217.194.0-255,3961,29822,11,174890
6826,0.000261,172.31.36.0-255,66,29888,11,174890
6827,0.000346,172.217.194.0-255,1484,31372,11,174890
6828,0.00035,172.217.194.0-255,2902,34274,11,174890
6829,0.000354,172.31.36.0-255,66,34340,11,174890
6830,0.000387,172.217.194.0-255,4320,38660,11,174890
6831,0.000391,172.31.36.0-255,66,38726,11,174890
6832,0.000418,172.217.194.0-255,1484,40210,11,174890
6833,0.000425,172.217.194.0-255,7069,47279,11,174890
6834,0.000429,172.31.36.0-255,66,47345,11,174890
6835,0.000459,172.217.194.0-255,404,47749,11,174890
6836,0.000606,172.217.194.0-255,1484,49233,11,174890
6837,0.00061,172.31.36.0-255,66,49299,11,174890
6838,0.000616,172.217.194.0-255,2902,52201,11,174890
6839,0.000618,172.31.36.0-255,66,52267,11,174890
6840,0.000624,172.217.194.0-255,5738,58005,11,174890
6841,0.000627,172.31.36.0-255,66,58071,11,174890
6842,0.00067,172.31.36.0-255,66,58137,11,174890
6843,0.000676,172.217.194.0-255,5738,63875,11,174890
6844,0.000678,172.31.36.0-255,66,63941,11,174890
6845,0.000705,172.217.194.0-255,1484,65425,11,174890
6846,0.000718,172.217.194.0-255,2543,67968,11,174890
6847,0.000722,172.31.36.0-255,66,68034,11,174890
6848,0.00093,172.217.194.0-255,1484,69518,11,174890
6849,0.000937,172.217.194.0-255,2902,72420,11,174890
6850,0.000941,172.31.36.0-255,66,72486,11,174890
6851,0.00095,172.217.194.0-255,5738,78224,11,174890
6852,0.000961,172.31.36.0-255,66,78290,11,174890
6853,0.001001,172.31.36.0-255,66,78356,11,174890
6854,0.001004,172.217.194.0-255,1484,79840,11,174890
6855,0.00105,172.217.194.0-255,5738,85578,11,174890
6856,0.001055,172.31.36.0-255,66,85644,11,174890
6857,0.001074,172.217.194.0-255,3602,89246,11,174890
6858,0.001078,172.31.36.0-255,66,89312,11,174890
6859,0.001085,172.217.194.0-255,5738,95050,11,174890
6860,0.001088,172.31.36.0-255,66,95116,11,174890
6861,0.001093,172.217.194.0-255,4320,99436,11,174890
6862,0.001096,172.31.36.0-255,66,99502,11,174890
6863,0.001127,172.217.194.0-255,2902,102404,11,174890
6864,0.001131,172.31.36.0-255,66,102470,11,174890
6865,0.001151,172.31.36.0-255,66,102536,11,174890
6866,0.001178,172.217.194.0-255,6438,108974,11,174890
6867,0.001182,172.31.36.0-255,66,109040,11,174890
6868,0.001279,172.217.194.0-255,1484,110524,11,174890
6869,0.001312,172.217.194.0-255,2902,113426,11,174890
6870,0.001316,172.31.36.0-255,66,113492,11,174890
6871,0.001322,172.217.194.0-255,5738,119230,11,174890
6872,0.001326,172.31.36.0-255,66,119296,11,174890
6873,0.001342,172.31.36.0-255,66,119362,11,174890
6874,0.001373,172.217.194.0-255,5738,125100,11,174890
6875,0.001376,172.31.36.0-255,66,125166,11,174890
6876,0.001417,172.31.36.0-255,66,125232,11,174890
6877,0.001439,172.31.36.0-255,66,125298,11,174890
6878,0.001451,172.31.36.0-255,66,125364,11,174890
6879,0.001662,172.217.194.0-255,1484,126848,11,174890
6880,0.001668,172.217.194.0-255,2902,129750,11,174890
6881,0.001671,172.31.36.0-255,66,129816,11,174890
6882,0.001732,172.217.194.0-255,5738,135554,11,174890
6883,0.001735,172.31.36.0-255,66,135620,11,174890
6884,0.00176,172.31.36.0-255,66,135686,11,174890
6885,0.001771,172.31.36.0-255,66,135752,11,174890
6886,0.001795,172.217.194.0-255,3602,139354,11,174890
6887,0.001802,172.31.36.0-255,66,139420,11,174890
6888,0.001815,172.31.36.0-255,66,139486,11,174890
6889,0.001822,172.217.194.0-255,7156,146642,11,174890
6890,0.001824,172.31.36.0-255,66,146708,11,174890
6891,0.001852,172.217.194.0-255,4320,151028,11,174890
6892,0.001854,172.31.36.0-255,66,151094,11,174890
6893,0.001858,172.217.194.0-255,2902,153996,11,174890
6894,0.001861,172.31.36.0-255,66,154062,11,174890
6895,0.001904,172.31.36.0-255,66,154128,11,174890
6896,0.001925,172.31.36.0-255,66,154194,11,174890
6897,0.001935,172.31.36.0-255,66,154260,11,174890
6898,0.001977,172.217.194.0-255,4320,158580,11,174890
6899,0.00198,172.31.36.0-255,66,158646,11,174890
6900,0.002013,172.31.36.0-255,66,158712,11,174890
6901,0.002028,172.31.36.0-255,66,158778,11,174890
6902,0.002031,172.217.194.0-255,1484,160262,11,174890
6903,0.002052,172.217.194.0-255,2184,162446,11,174890
6904,0.002054,172.31.36.0-255,66,162512,11,174890
6905,0.002098,172.217.194.0-255,2902,165414,11,174890
6906,0.002101,172.31.36.0-255,66,165480,11,174890
6907,0.002144,172.31.36.0-255,66,165546,11,174890
6908,0.002151,172.217.194.0-255,5815,171361,11,174890
6909,0.002154,172.31.36.0-255,66,171427,11,174890
6910,0.002161,172.217.194.0-255,105,171532,11,174890
6911,0.007671,172.31.36.0-255,105,171637,11,174890
6912,0.009967,172.217.194.0-255,66,171703,11,174890
6913,0.027726,172.31.36.0-255,167,171870,11,174890
6914,0.027757,172.31.36.0-255,1110,172980,11,174890
6915,0.027796,172.31.36.0-255,1514,174494,11,174890
6916,0.027798,172.31.36.0-255,330,174824,11,174890
6917,0.029315,104.244.42.0-255,66,174890,11,174890
6918,0.0,172.217.194.0-255,150,150,11,265761
6919,1.4e-05,172.31.36.0-255,66,216,11,265761
6920,4.8e-05,172.217.194.0-255,1484,1700,11,265761
6921,5.2e-05,172.31.36.0-255,66,1766,11,265761
6922,8.4e-05,172.217.194.0-255,2902,4668,11,265761
6923,8.8e-05,172.31.36.0-255,66,4734,11,265761
6924,9.5e-05,172.217.194.0-255,5738,10472,11,265761
6925,9.8e-05,172.31.36.0-255,66,10538,11,265761
6926,0.00013,172.217.194.0-255,2902,13440,11,265761
6927,0.000133,172.31.36.0-255,66,13506,11,265761
6928,0.000169,172.31.36.0-255,66,13572,11,265761
6929,0.0002,172.217.194.0-255,2902,16474,11,265761
6930,0.000202,172.31.36.0-255,66,16540,11,265761
6931,0.000229,172.217.194.0-255,5379,21919,11,265761
6932,0.000232,172.31.36.0-255,66,21985,11,265761
6933,0.000235,172.217.194.0-255,1484,23469,11,265761
6934,0.000237,172.31.36.0-255,66,23535,11,265761
6935,0.000243,172.217.194.0-255,2902,26437,11,265761
6936,0.000246,172.31.36.0-255,66,26503,11,265761
6937,0.000252,172.217.194.0-255,5738,32241,11,265761
6938,0.000255,172.31.36.0-255,66,32307,11,265761
6939,0.000258,172.217.194.0-255,1484,33791,11,265761
6940,0.000261,172.31.36.0-255,66,33857,11,265761
6941,0.000296,172.217.194.0-255,7156,41013,11,265761
6942,0.000299,172.31.36.0-255,66,41079,11,265761
6943,0.000335,172.31.36.0-255,66,41145,11,265761
6944,0.000365,172.217.194.0-255,5020,46165,11,265761
6945,0.000368,172.31.36.0-255,66,46231,11,265761
6946,0.000371,172.217.194.0-255,676,46907,11,265761
6947,0.000373,172.31.36.0-255,66,46973,11,265761
6948,0.000525,172.217.194.0-255,1484,48457,11,265761
6949,0.000545,172.217.194.0-255,2902,51359,11,265761
6950,0.00055,172.31.36.0-255,66,51425,11,265761
6951,0.000557,172.217.194.0-255,5738,57163,11,265761
6952,0.00056,172.31.36.0-255,66,57229,11,265761
6953,0.000592,172.217.194.0-255,5738,62967,11,265761
6954,0.000595,172.31.36.0-255,66,63033,11,265761
6955,0.000626,172.217.194.0-255,7156,70189,11,265761
6956,0.000629,172.31.36.0-255,66,70255,11,265761
6957,0.000673,172.31.36.0-255,66,70321,11,265761
6958,0.000699,172.217.194.0-255,2184,72505,11,265761
6959,0.000701,172.31.36.0-255,66,72571,11,265761
6960,0.001105,172.217.194.0-255,1484,74055,11,265761
6961,0.001122,172.217.194.0-255,2902,76957,11,265761
6962,0.001125,172.31.36.0-255,66,77023,11,265761
6963,0.001151,172.217.194.0-255,2902,79925,11,265761
6964,0.001153,172.31.36.0-255,66,79991,11,265761
6965,0.001161,172.217.194.0-255,7156,87147,11,265761
6966,0.001163,172.31.36.0-255,66,87213,11,265761
6967,0.001184,172.217.194.0-255,1484,88697,11,265761
6968,0.001215,172.31.36.0-255,66,88763,11,265761
6969,0.00124,172.217.194.0-255,2902,91665,11,265761
6970,0.001243,172.31.36.0-255,66,91731,11,265761
6971,0.001274,172.217.194.0-255,3602,95333,11,265761
6972,0.001276,172.31.36.0-255,66,95399,11,265761
6973,0.003224,172.217.194.0-255,1484,96883,11,265761
6974,0.003254,172.217.194.0-255,2902,99785,11,265761
6975,0.003258,172.31.36.0-255,66,99851,11,265761
6976,0.003277,172.217.194.0-255,1484,101335,11,265761
6977,0.005222,172.217.194.0-255,4320,105655,11,265761
6978,0.005225,172.31.36.0-255,66,105721,11,265761
6979,0.00718,172.217.194.0-255,2902,108623,11,265761
6980,0.007185,172.31.36.0-255,66,108689,11,265761
6981,0.007213,172.217.194.0-255,2902,111591,11,265761
6982,0.007215,172.31.36.0-255,66,111657,11,265761
6983,0.00916,172.217.194.0-255,2902,114559,11,265761
6984,0.009167,172.31.36.0-255,66,114625,11,265761
6985,0.009197,172.217.194.0-255,2902,117527,11,265761
6986,0.0092,172.31.36.0-255,66,117593,11,265761
6987,0.011158,172.217.194.0-255,2902,120495,11,265761
6988,0.011166,172.31.36.0-255,66,120561,11,265761
6989,0.011198,172.217.194.0-255,2902,123463,11,265761
6990,0.011201,172.31.36.0-255,66,123529,11,265761
6991,0.013181,172.217.194.0-255,5738,129267,11,265761
6992,0.013189,172.31.36.0-255,66,129333,11,265761
6993,0.015189,172.217.194.0-255,5738,135071,11,265761
6994,0.015198,172.31.36.0-255,66,135137,11,265761
6995,0.017176,172.217.194.0-255,5738,140875,11,265761
6996,0.017184,172.31.36.0-255,66,140941,11,265761
6997,0.01916,172.217.194.0-255,5738,146679,11,265761
6998,0.019168,172.31.36.0-255,66,146745,11,265761
6999,0.021153,172.217.194.0-255,5738,152483,11,265761
7000,0.021159,172.31.36.0-255,66,152549,11,265761
7001,0.023157,172.217.194.0-255,5738,158287,11,265761
7002,0.023165,172.31.36.0-255,66,158353,11,265761
7003,0.025282,172.217.194.0-255,5738,164091,11,265761
7004,0.025288,172.31.36.0-255,66,164157,11,265761
7005,0.027273,172.217.194.0-255,5738,169895,11,265761
7006,0.02728,172.31.36.0-255,66,169961,11,265761
7007,0.029281,172.217.194.0-255,5738,175699,11,265761
7008,0.029289,172.31.36.0-255,66,175765,11,265761
7009,0.030073,172.31.36.0-255,172,175937,11,265761
7010,0.030105,172.31.36.0-255,1107,177044,11,265761
7011,0.03016,172.31.36.0-255,1514,178558,11,265761
7012,0.030162,172.31.36.0-255,1297,179855,11,265761
7013,0.031266,172.217.194.0-255,5738,185593,11,265761
7014,0.031273,172.31.36.0-255,66,185659,11,265761
7015,0.031606,104.244.42.0-255,66,185725,11,265761
7016,0.031614,104.244.42.0-255,66,185791,11,265761
7017,0.031698,104.244.42.0-255,66,185857,11,265761
7018,0.033244,172.217.194.0-255,5738,191595,11,265761
7019,0.033252,172.31.36.0-255,66,191661,11,265761
7020,0.03523,172.217.194.0-255,5738,197399,11,265761
7021,0.035237,172.31.36.0-255,66,197465,11,265761
7022,0.037225,172.217.194.0-255,5738,203203,11,265761
7023,0.037232,172.31.36.0-255,66,203269,11,265761
7024,0.039218,172.217.194.0-255,4320,207589,11,265761
7025,0.039225,172.31.36.0-255,66,207655,11,265761
7026,0.039254,172.217.194.0-255,1484,209139,11,265761
7027,0.041202,172.217.194.0-255,4320,213459,11,265761
7028,0.041209,172.31.36.0-255,66,213525,11,265761
7029,0.043176,172.217.194.0-255,5738,219263,11,265761
7030,0.043184,172.31.36.0-255,66,219329,11,265761
7031,0.045163,172.217.194.0-255,5738,225067,11,265761
7032,0.045169,172.31.36.0-255,66,225133,11,265761
7033,0.047145,172.217.194.0-255,5738,230871,11,265761
7034,0.047151,172.31.36.0-255,66,230937,11,265761
7035,0.049158,172.217.194.0-255,5738,236675,11,265761
7036,0.049164,172.31.36.0-255,66,236741,11,265761
7037,0.051148,172.217.194.0-255,5738,242479,11,265761
7038,0.051154,172.31.36.0-255,66,242545,11,265761
7039,0.053182,172.217.194.0-255,5738,248283,11,265761
7040,0.053188,172.31.36.0-255,66,248349,11,265761
7041,0.055168,172.217.194.0-255,5738,254087,11,265761
7042,0.055174,172.31.36.0-255,66,254153,11,265761
7043,0.057168,172.217.194.0-255,5738,259891,11,265761
7044,0.057175,172.31.36.0-255,66,259957,11,265761
7045,0.059149,172.217.194.0-255,5738,265695,11,265761
7046,0.059156,172.31.36.0-255,66,265761,11,265761
7047,0.0,172.217.194.0-255,153,153,11,295038
7048,2.6e-05,172.31.36.0-255,66,219,11,295038
7049,3.3e-05,172.217.194.0-255,1484,1703,11,295038
7050,3.6e-05,172.31.36.0-255,66,1769,11,295038
7051,4.1e-05,172.217.194.0-255,2902,4671,11,295038
7052,4.3e-05,172.31.36.0-255,66,4737,11,295038
7053,4.8e-05,172.217.194.0-255,2902,7639,11,295038
7054,5e-05,172.31.36.0-255,66,7705,11,295038
7055,6.7e-05,172.217.194.0-255,1484,9189,11,295038
7056,6.9e-05,172.31.36.0-255,66,9255,11,295038
7057,9.8e-05,172.217.194.0-255,4921,14176,11,295038
7058,0.0001,172.31.36.0-255,66,14242,11,295038
7059,0.000145,172.217.194.0-255,1484,15726,11,295038
7060,0.000148,172.31.36.0-255,66,15792,11,295038
7061,0.000152,172.217.194.0-255,1484,17276,11,295038
7062,0.000153,172.31.36.0-255,66,17342,11,295038
7063,0.000168,172.217.194.0-255,1484,18826,11,295038
7064,0.000171,172.31.36.0-255,66,18892,11,295038
7065,0.000173,172.217.194.0-255,1484,20376,11,295038
7066,0.000175,172.31.36.0-255,66,20442,11,295038
7067,0.0002,172.217.194.0-255,4320,24762,11,295038
7068,0.000203,172.31.36.0-255,66,24828,11,295038
7069,0.00021,172.217.194.0-255,6797,31625,11,295038
7070,0.000213,172.31.36.0-255,66,31691,11,295038
7071,0.000236,172.217.194.0-255,4320,36011,11,295038
7072,0.000239,172.31.36.0-255,66,36077,11,295038
7073,0.000258,172.217.194.0-255,2902,38979,11,295038
7074,0.000261,172.31.36.0-255,66,39045,11,295038
7075,0.000273,172.31.36.0-255,66,39111,11,295038
7076,0.000276,172.217.194.0-255,1125,40236,11,295038
7077,0.000278,172.31.36.0-255,66,40302,11,295038
7078,0.001254,172.217.194.0-255,1484,41786,11,295038
7079,0.001266,172.217.194.0-255,2902,44688,11,295038
7080,0.00127,172.31.36.0-255,66,44754,11,295038
7081,0.001277,172.217.194.0-255,5738,50492,11,295038
7082,0.001279,172.31.36.0-255,66,50558,11,295038
7083,0.001314,172.217.194.0-255,6797,57355,11,295038
7084,0.001317,172.31.36.0-255,66,57421,11,295038
7085,0.001357,172.217.194.0-255,1484,58905,11,295038
7086,0.001361,172.217.194.0-255,1484,60389,11,295038
7087,0.001363,172.31.36.0-255,66,60455,11,295038
7088,0.001376,172.217.194.0-255,1484,61939,11,295038
7089,0.00138,172.217.194.0-255,2902,64841,11,295038
7090,0.001381,172.31.36.0-255,66,64907,11,295038
7091,0.001402,172.217.194.0-255,2902,67809,11,295038
7092,0.001404,172.31.36.0-255,66,67875,11,295038
7093,0.001407,172.217.194.0-255,1484,69359,11,295038
7094,0.001425,172.217.194.0-255,5959,75318,11,295038
7095,0.001427,172.31.36.0-255,66,75384,11,295038
7096,0.001446,172.217.194.0-255,5738,81122,11,295038
7097,0.001448,172.31.36.0-255,66,81188,11,295038
7098,0.001462,172.217.194.0-255,2902,84090,11,295038
7099,0.001464,172.31.36.0-255,66,84156,11,295038
7100,0.001468,172.217.194.0-255,2902,87058,11,295038
7101,0.00147,172.31.36.0-255,66,87124,11,295038
7102,0.001492,172.217.194.0-255,2902,90026,11,295038
7103,0.001494,172.31.36.0-255,66,90092,11,295038
7104,0.001498,172.217.194.0-255,1994,92086,11,295038
7105,0.0015,172.31.36.0-255,66,92152,11,295038
7106,0.001668,172.217.194.0-255,1484,93636,11,295038
7107,0.001681,172.217.194.0-255,2902,96538,11,295038
7108,0.001683,172.31.36.0-255,66,96604,11,295038
7109,0.001686,172.217.194.0-255,1484,98088,11,295038
7110,0.001704,172.217.194.0-255,4320,102408,11,295038
7111,0.001707,172.31.36.0-255,66,102474,11,295038
7112,0.001741,172.217.194.0-255,7156,109630,11,295038
7113,0.001743,172.31.36.0-255,66,109696,11,295038
7114,0.001753,172.217.194.0-255,1484,111180,11,295038
7115,0.00177,172.217.194.0-255,4320,115500,11,295038
7116,0.001772,172.31.36.0-255,66,115566,11,295038
7117,0.001813,172.31.36.0-255,66,115632,11,295038
7118,0.001924,172.217.194.0-255,1484,117116,11,295038
7119,0.00194,172.217.194.0-255,2902,120018,11,295038
7120,0.001945,172.31.36.0-255,66,120084,11,295038
7121,0.001948,172.217.194.0-255,1484,121568,11,295038
7122,0.001963,172.217.194.0-255,1484,123052,11,295038
7123,0.001965,172.31.36.0-255,66,123118,11,295038
7124,0.001985,172.217.194.0-255,2902,126020,11,295038
7125,0.001989,172.31.36.0-255,66,126086,11,295038
7126,0.001993,172.217.194.0-255,2902,128988,11,295038
7127,0.001995,172.31.36.0-255,66,129054,11,295038
7128,0.002016,172.217.194.0-255,5738,134792,11,295038
7129,0.002019,172.31.36.0-255,66,134858,11,295038
7130,0.002029,172.31.36.0-255,66,134924,11,295038
7131,0.002047,172.217.194.0-255,1484,136408,11,295038
7132,0.002054,172.217.194.0-255,5020,141428,11,295038
7133,0.002057,172.31.36.0-255,66,141494,11,295038
7134,0.004205,172.217.194.0-255,5738,147232,11,295038
7135,0.004211,172.31.36.0-255,66,147298,11,295038
7136,0.006351,172.217.194.0-255,2902,150200,11,295038
7137,0.006357,172.31.36.0-255,66,150266,11,295038
7138,0.006385,172.217.194.0-255,2902,153168,11,295038
7139,0.006388,172.31.36.0-255,66,153234,11,295038
7140,0.00847,172.217.194.0-255,2902,156136,11,295038
7141,0.008477,172.31.36.0-255,66,156202,11,295038
7142,0.008496,172.217.194.0-255,2902,159104,11,295038
7143,0.008499,172.31.36.0-255,66,159170,11,295038
7144,0.010621,172.217.194.0-255,5738,164908,11,295038
7145,0.010628,172.31.36.0-255,66,164974,11,295038
7146,0.012741,172.217.194.0-255,5738,170712,11,295038
7147,0.012748,172.31.36.0-255,66,170778,11,295038
7148,0.014905,172.217.194.0-255,5738,176516,11,295038
7149,0.014915,172.31.36.0-255,66,176582,11,295038
7150,0.017038,172.217.194.0-255,5738,182320,11,295038
7151,0.017046,172.31.36.0-255,66,182386,11,295038
7152,0.019179,172.217.194.0-255,5738,188124,11,295038
7153,0.019187,172.31.36.0-255,66,188190,11,295038
7154,0.021413,172.217.194.0-255,5738,193928,11,295038
7155,0.021419,172.31.36.0-255,66,193994,11,295038
7156,0.023564,172.217.194.0-255,5738,199732,11,295038
7157,0.023572,172.31.36.0-255,66,199798,11,295038
7158,0.025701,172.217.194.0-255,2902,202700,11,295038
7159,0.025707,172.31.36.0-255,66,202766,11,295038
7160,0.025744,172.217.194.0-255,2902,205668,11,295038
7161,0.025747,172.31.36.0-255,66,205734,11,295038
7162,0.027821,172.217.194.0-255,2902,208636,11,295038
7163,0.027827,172.31.36.0-255,66,208702,11,295038
7164,0.02787,172.217.194.0-255,2902,211604,11,295038
7165,0.027873,172.31.36.0-255,66,211670,11,295038
7166,0.029978,172.217.194.0-255,2902,214572,11,295038
7167,0.029985,172.31.36.0-255,66,214638,11,295038
7168,0.030007,172.217.194.0-255,2902,217540,11,295038
7169,0.030011,172.31.36.0-255,66,217606,11,295038
7170,0.030594,172.31.36.0-255,172,217778,11,295038
7171,0.030634,172.31.36.0-255,1111,218889,11,295038
7172,0.030716,172.31.36.0-255,1514,220403,11,295038
7173,0.030719,172.31.36.0-255,1293,221696,11,295038
7174,0.032139,172.217.194.0-255,2902,224598,11,295038
7175,0.032145,172.31.36.0-255,66,224664,11,295038
7176,0.032164,172.217.194.0-255,2902,227566,11,295038
7177,0.032167,172.31.36.0-255,66,227632,11,295038
7178,0.032281,104.244.42.0-255,66,227698,11,295038
7179,0.032331,104.244.42.0-255,66,227764,11,295038
7180,0.032393,104.244.42.0-255,66,227830,11,295038
7181,0.034255,172.217.194.0-255,2902,230732,11,295038
7182,0.03426,172.31.36.0-255,66,230798,11,295038
7183,0.034289,172.217.194.0-255,2902,233700,11,295038
7184,0.034292,172.31.36.0-255,66,233766,11,295038
7185,0.036409,172.217.194.0-255,4320,238086,11,295038
7186,0.036415,172.31.36.0-255,66,238152,11,295038
7187,0.036448,172.217.194.0-255,1484,239636,11,295038
7188,0.038529,172.217.194.0-255,4320,243956,11,295038
7189,0.038534,172.31.36.0-255,66,244022,11,295038
7190,0.040634,172.217.194.0-255,5738,249760,11,295038
7191,0.04064,172.31.36.0-255,66,249826,11,295038
7192,0.042765,172.217.194.0-255,5738,255564,11,295038
7193,0.042771,172.31.36.0-255,66,255630,11,295038
7194,0.044875,172.217.194.0-255,5738,261368,11,295038
7195,0.044881,172.31.36.0-255,66,261434,11,295038
7196,0.047028,172.217.194.0-255,5738,267172,11,295038
7197,0.047033,172.31.36.0-255,66,267238,11,295038
7198,0.049168,172.217.194.0-255,5738,272976,11,295038
7199,0.049173,172.31.36.0-255,66,273042,11,295038
7200,0.051332,172.217.194.0-255,4320,277362,11,295038
7201,0.051337,172.31.36.0-255,66,277428,11,295038
7202,0.051368,172.217.194.0-255,1484,278912,11,295038
7203,0.053535,172.217.194.0-255,4320,283232,11,295038
7204,0.053541,172.31.36.0-255,66,283298,11,295038
7205,0.055678,172.217.194.0-255,5738,289036,11,295038
7206,0.055683,172.31.36.0-255,66,289102,11,295038
7207,0.057807,172.217.194.0-255,2902,292004,11,295038
7208,0.057812,172.31.36.0-255,66,292070,11,295038
7209,0.057843,172.217.194.0-255,2902,294972,11,295038
7210,0.057846,172.31.36.0-255,66,295038,11,295038
7211,0.0,74.125.24.0-255,153,153,11,166692
7212,2.4e-05,74.125.24.0-255,1484,1637,11,166692
7213,3.2e-05,172.31.36.0-255,66,1703,11,166692
7214,3.9e-05,74.125.24.0-255,2902,4605,11,166692
7215,4.2e-05,172.31.36.0-255,66,4671,11,166692
7216,5e-05,74.125.24.0-255,7156,11827,11,166692
7217,5.3e-05,172.31.36.0-255,66,11893,11,166692
7218,5.7e-05,74.125.24.0-255,2041,13934,11,166692
7219,5.8e-05,172.31.36.0-255,66,14000,11,166692
7220,9.4e-05,74.125.24.0-255,2902,16902,11,166692
7221,9.7e-05,172.31.36.0-255,66,16968,11,166692
7222,0.0001,74.125.24.0-255,1484,18452,11,166692
7223,0.000119,74.125.24.0-255,5738,24190,11,166692
7224,0.000121,172.31.36.0-255,66,24256,11,166692
7225,0.000171,74.125.24.0-255,6797,31053,11,166692
7226,0.000174,172.31.36.0-255,66,31119,11,166692
7227,0.000205,74.125.24.0-255,5738,36857,11,166692
7228,0.000209,172.31.36.0-255,66,36923,11,166692
7229,0.000224,74.125.24.0-255,1484,38407,11,166692
7230,0.000227,74.125.24.0-255,1484,39891,11,166692
7231,0.000229,172.31.36.0-255,66,39957,11,166692
7232,0.000251,74.125.24.0-255,2543,42500,11,166692
7233,0.000256,172.31.36.0-255,66,42566,11,166692
7234,0.000269,74.125.24.0-255,5738,48304,11,166692
7235,0.000274,172.31.36.0-255,66,48370,11,166692
7236,0.000293,74.125.24.0-255,357,48727,11,166692
7237,0.000294,172.31.36.0-255,66,48793,11,166692
7238,0.00036,74.125.24.0-255,131,48924,11,166692
7239,0.000432,74.125.24.0-255,1484,50408,11,166692
7240,0.000438,74.125.24.0-255,2902,53310,11,166692
7241,0.000463,74.125.24.0-255,5738,59048,11,166692
7242,0.00047,74.125.24.0-255,5738,64786,11,166692
7243,0.000529,74.125.24.0-255,3961,68747,11,166692
7244,0.000534,74.125.24.0-255,3961,72708,11,166692
7245,0.000571,172.31.36.0-255,66,72774,11,166692
7246,0.00063,74.125.24.0-255,1484,74258,11,166692
7247,0.000637,74.125.24.0-255,2902,77160,11,166692
7248,0.000642,74.125.24.0-255,5738,82898,11,166692
7249,0.000644,172.31.36.0-255,66,82964,11,166692
7250,0.000649,172.31.36.0-255,66,83030,11,166692
7251,0.000677,172.31.36.0-255,66,83096,11,166692
7252,0.000694,74.125.24.0-255,2902,85998,11,166692
7253,0.000701,172.31.36.0-255,66,86064,11,166692
7254,0.000718,172.31.36.0-255,66,86130,11,166692
7255,0.000804,74.125.24.0-255,1484,87614,11,166692
7256,0.000808,74.125.24.0-255,1484,89098,11,166692
7257,0.000819,74.125.24.0-255,1484,90582,11,166692
7258,0.000823,74.125.24.0-255,1484,92066,11,166692
7259,0.00083,172.31.36.0-255,66,92132,11,166692
7260,0.000844,74.125.24.0-255,4320,96452,11,166692
7261,0.000846,74.125.24.0-255,1484,97936,11,166692
7262,0.000857,172.31.36.0-255,66,98002,11,166692
7263,0.000883,172.31.36.0-255,66,98068,11,166692
7264,0.000893,74.125.24.0-255,1484,99552,11,166692
7265,0.000911,172.31.36.0-255,66,99618,11,166692
7266,0.001176,74.125.24.0-255,1484,101102,11,166692
7267,0.001182,74.125.24.0-255,2902,104004,11,166692
7268,0.001186,172.31.36.0-255,66,104070,11,166692
7269,0.001201,74.125.24.0-255,2902,106972,11,166692
7270,0.001214,172.31.36.0-255,66,107038,11,166692
7271,0.001216,74.125.24.0-255,2902,109940,11,166692
7272,0.001219,74.125.24.0-255,1484,111424,11,166692
7273,0.001231,172.31.36.0-255,66,111490,11,166692
7274,0.001247,172.31.36.0-255,66,111556,11,166692
7275,0.001265,74.125.24.0-255,1484,113040,11,166692
7276,0.001282,172.31.36.0-255,66,113106,11,166692
7277,0.001782,74.125.24.0-255,1484,114590,11,166692
7278,0.001796,74.125.24.0-255,2902,117492,11,166692
7279,0.0018,172.31.36.0-255,66,117558,11,166692
7280,0.001806,74.125.24.0-255,5738,123296,11,166692
7281,0.00181,172.31.36.0-255,66,123362,11,166692
7282,0.001834,74.125.24.0-255,2902,126264,11,166692
7283,0.001842,172.31.36.0-255,66,126330,11,166692
7284,0.001863,172.31.36.0-255,66,126396,11,166692
7285,0.001868,172.31.36.0-255,66,126462,11,166692
7286,0.001885,74.125.24.0-255,1484,127946,11,166692
7287,0.001888,74.125.24.0-255,766,128712,11,166692
7288,0.00191,172.31.36.0-255,66,128778,11,166692
7289,0.002031,74.125.24.0-255,1484,130262,11,166692
7290,0.002036,74.125.24.0-255,2902,133164,11,166692
7291,0.002039,172.31.36.0-255,66,133230,11,166692
7292,0.002052,74.125.24.0-255,5738,138968,11,166692
7293,0.002057,172.31.36.0-255,66,139034,11,166692
7294,0.002064,74.125.24.0-255,1484,140518,11,166692
7295,0.0021,172.31.36.0-255,66,140584,11,166692
7296,0.002141,172.31.36.0-255,66,140650,11,166692
7297,0.002178,74.125.24.0-255,4320,144970,11,166692
7298,0.002183,172.31.36.0-255,66,145036,11,166692
7299,0.002208,172.31.36.0-255,66,145102,11,166692
7300,0.002211,74.125.24.0-255,2902,148004,11,166692
7301,0.002213,172.31.36.0-255,66,148070,11,166692
7302,0.002225,172.31.36.0-255,66,148136,11,166692
7303,0.002259,172.31.36.0-255,66,148202,11,166692
7304,0.002269,74.125.24.0-255,5738,153940,11,166692
7305,0.002276,74.125.24.0-255,7156,161096,11,166692
7306,0.002282,172.31.36.0-255,66,161162,11,166692
7307,0.002299,172.31.36.0-255,66,161228,11,166692
7308,0.002334,172.31.36.0-255,66,161294,11,166692
7309,0.002351,172.31.36.0-255,66,161360,11,166692
7310,0.002371,74.125.24.0-255,702,162062,11,166692
7311,0.002373,74.125.24.0-255,105,162167,11,166692
7312,0.002375,172.31.36.0-255,66,162233,11,166692
7313,0.009164,172.31.36.0-255,105,162338,11,166692
7314,0.011421,74.125.24.0-255,66,162404,11,166692
7315,0.029536,172.31.36.0-255,172,162576,11,166692
7316,0.029573,172.31.36.0-255,1110,163686,11,166692
7317,0.029604,172.31.36.0-255,1514,165200,11,166692
7318,0.029606,172.31.36.0-255,1294,166494,11,166692
7319,0.031045,104.244.42.0-255,66,166560,11,166692
7320,0.03112,104.244.42.0-255,66,166626,11,166692
7321,0.031177,104.244.42.0-255,66,166692,11,166692
7322,0.0,74.125.68.0-255,298,298,11,364678
7323,1.9e-05,74.125.68.0-255,1484,1782,11,364678
7324,3.1e-05,172.31.36.0-255,66,1848,11,364678
7325,4.2e-05,74.125.68.0-255,4320,6168,11,364678
7326,4.6e-05,172.31.36.0-255,66,6234,11,364678
7327,5.2e-05,74.125.68.0-255,5738,11972,11,364678
7328,5.6e-05,172.31.36.0-255,66,12038,11,364678
7329,7.5e-05,74.125.68.0-255,1484,13522,11,364678
7330,9.1e-05,74.125.68.0-255,424,13946,11,364678
7331,9.3e-05,172.31.36.0-255,66,14012,11,364678
7332,0.000168,74.125.68.0-255,1484,15496,11,364678
7333,0.000173,74.125.68.0-255,2902,18398,11,364678
7334,0.000176,172.31.36.0-255,66,18464,11,364678
7335,0.000194,74.125.68.0-255,2902,21366,11,364678
7336,0.000197,172.31.36.0-255,66,21432,11,364678
7337,0.000222,74.125.68.0-255,2902,24334,11,364678
7338,0.000224,172.31.36.0-255,66,24400,11,364678
7339,0.00023,74.125.68.0-255,5738,30138,11,364678
7340,0.000233,172.31.36.0-255,66,30204,11,364678
7341,0.00026,74.125.68.0-255,2902,33106,11,364678
7342,0.000263,172.31.36.0-255,66,33172,11,364678
7343,0.000283,74.125.68.0-255,3961,37133,11,364678
7344,0.000286,172.31.36.0-255,66,37199,11,364678
7345,0.00029,74.125.68.0-255,2902,40101,11,364678
7346,0.000292,172.31.36.0-255,66,40167,11,364678
7347,0.000318,74.125.68.0-255,1484,41651,11,364678
7348,0.000335,74.125.68.0-255,6797,48448,11,364678
7349,0.000338,172.31.36.0-255,66,48514,11,364678
7350,0.000663,74.125.68.0-255,1484,49998,11,364678
7351,0.000668,74.125.68.0-255,1484,51482,11,364678
7352,0.000672,172.31.36.0-255,66,51548,11,364678
7353,0.000694,74.125.68.0-255,2902,54450,11,364678
7354,0.000697,172.31.36.0-255,66,54516,11,364678
7355,0.0007,74.125.68.0-255,1484,56000,11,364678
7356,0.000728,74.125.68.0-255,4320,60320,11,364678
7357,0.000731,172.31.36.0-255,66,60386,11,364678
7358,0.000737,74.125.68.0-255,5379,65765,11,364678
7359,0.000739,172.31.36.0-255,66,65831,11,364678
7360,0.000825,74.125.68.0-255,1484,67315,11,364678
7361,0.00084,74.125.68.0-255,2902,70217,11,364678
7362,0.000843,172.31.36.0-255,66,70283,11,364678
7363,0.000876,74.125.68.0-255,5738,76021,11,364678
7364,0.00088,172.31.36.0-255,66,76087,11,364678
7365,0.000883,74.125.68.0-255,1484,77571,11,364678
7366,0.000902,74.125.68.0-255,2902,80473,11,364678
7367,0.000904,172.31.36.0-255,66,80539,11,364678
7368,0.000934,74.125.68.0-255,5379,85918,11,364678
7369,0.000937,172.31.36.0-255,66,85984,11,364678
7370,0.000958,74.125.68.0-255,4320,90304,11,364678
7371,0.000962,172.31.36.0-255,66,90370,11,364678
7372,0.000975,74.125.68.0-255,1484,91854,11,364678
7373,0.000979,74.125.68.0-255,2902,94756,11,364678
7374,0.000982,172.31.36.0-255,66,94822,11,364678
7375,0.001012,74.125.68.0-255,4320,99142,11,364678
7376,0.001015,172.31.36.0-255,66,99208,11,364678
7377,0.001035,74.125.68.0-255,1704,100912,11,364678
7378,0.001037,172.31.36.0-255,66,100978,11,364678
7379,0.001142,74.125.68.0-255,1484,102462,11,364678
7380,0.001159,74.125.68.0-255,2902,105364,11,364678
7381,0.001162,172.31.36.0-255,66,105430,11,364678
7382,0.001199,74.125.68.0-255,4320,109750,11,364678
7383,0.001201,172.31.36.0-255,66,109816,11,364678
7384,0.001208,74.125.68.0-255,5738,115554,11,364678
7385,0.00121,172.31.36.0-255,66,115620,11,364678
7386,0.001234,74.125.68.0-255,4320,119940,11,364678
7387,0.001237,172.31.36.0-255,66,120006,11,364678
7388,0.001256,74.125.68.0-255,1484,121490,11,364678
7389,0.001262,74.125.68.0-255,5738,127228,11,364678
7390,0.001265,172.31.36.0-255,66,127294,11,364678
7391,0.001281,74.125.68.0-255,1484,128778,11,364678
7392,0.001308,74.125.68.0-255,6438,135216,11,364678
7393,0.001312,172.31.36.0-255,66,135282,11,364678
7394,0.001489,74.125.68.0-255,1484,136766,11,364678
7395,0.001494,74.125.68.0-255,1484,138250,11,364678
7396,0.001497,172.31.36.0-255,66,138316,11,364678
7397,0.001516,74.125.68.0-255,1484,139800,11,364678
7398,0.001522,74.125.68.0-255,5738,145538,11,364678
7399,0.001525,172.31.36.0-255,66,145604,11,364678
7400,0.001545,74.125.68.0-255,4320,149924,11,364678
7401,0.001548,172.31.36.0-255,66,149990,11,364678
7402,0.001584,74.125.68.0-255,4320,154310,11,364678
7403,0.001587,172.31.36.0-255,66,154376,11,364678
7404,0.001611,74.125.68.0-255,1484,155860,11,364678
7405,0.001625,172.31.36.0-255,66,155926,11,364678
7406,0.00163,74.125.68.0-255,2184,158110,11,364678
7407,0.001632,172.31.36.0-255,66,158176,11,364678
7408,0.001797,74.125.68.0-255,1484,159660,11,364678
7409,0.001815,74.125.68.0-255,2902,162562,11,364678
7410,0.001819,172.31.36.0-255,66,162628,11,364678
7411,0.00184,74.125.68.0-255,4320,166948,11,364678
7412,0.001842,172.31.36.0-255,66,167014,11,364678
7413,0.001856,74.125.68.0-255,1484,168498,11,364678
7414,0.001859,74.125.68.0-255,1484,169982,11,364678
7415,0.001861,172.31.36.0-255,66,170048,11,364678
7416,0.001895,172.31.36.0-255,66,170114,11,364678
7417,0.001901,74.125.68.0-255,4320,174434,11,364678
7418,0.001903,172.31.36.0-255,66,174500,11,364678
7419,0.001921,74.125.68.0-255,5738,180238,11,364678
7420,0.001923,172.31.36.0-255,66,180304,11,364678
7421,0.001961,74.125.68.0-255,5738,186042,11,364678
7422,0.001964,172.31.36.0-255,66,186108,11,364678
7423,0.001989,74.125.68.0-255,3602,189710,11,364678
7424,0.001992,172.31.36.0-255,66,189776,11,364678
7425,0.002005,172.31.36.0-255,66,189842,11,364678
7426,0.002011,74.125.68.0-255,5738,195580,11,364678
7427,0.002013,172.31.36.0-255,66,195646,11,364678
7428,0.002017,74.125.68.0-255,1484,197130,11,364678
7429,0.002042,74.125.68.0-255,5738,202868,11,364678
7430,0.002046,172.31.36.0-255,66,202934,11,364678
7431,0.002049,74.125.68.0-255,1484,204418,11,364678
7432,0.002066,74.125.68.0-255,3602,208020,11,364678
7433,0.002071,172.31.36.0-255,66,208086,11,364678
7434,0.002087,74.125.68.0-255,2902,210988,11,364678
7435,0.00209,172.31.36.0-255,66,211054,11,364678
7436,0.002113,74.125.68.0-255,2902,213956,11,364678
7437,0.002116,172.31.36.0-255,66,214022,11,364678
7438,0.002122,74.125.68.0-255,5738,219760,11,364678
7439,0.002124,172.31.36.0-255,66,219826,11,364678
7440,0.002156,74.125.68.0-255,7156,226982,11,364678
7441,0.00216,172.31.36.0-255,66,227048,11,364678
7442,0.002168,74.125.68.0-255,7156,234204,11,364678
7443,0.00217,172.31.36.0-255,66,234270,11,364678
7444,0.002193,74.125.68.0-255,5738,240008,11,364678
7445,0.002196,172.31.36.0-255,66,240074,11,364678
7446,0.0022,74.125.68.0-255,2184,242258,11,364678
7447,0.002202,172.31.36.0-255,66,242324,11,364678
7448,0.002257,74.125.68.0-255,1484,243808,11,364678
7449,0.002273,74.125.68.0-255,2902,246710,11,364678
7450,0.002276,172.31.36.0-255,66,246776,11,364678
7451,0.002281,74.125.68.0-255,2902,249678,11,364678
7452,0.002283,172.31.36.0-255,66,249744,11,364678
7453,0.002297,74.125.68.0-255,2902,252646,11,364678
7454,0.002299,172.31.36.0-255,66,252712,11,364678
7455,0.002305,74.125.68.0-255,4320,257032,11,364678
7456,0.002308,172.31.36.0-255,66,257098,11,364678
7457,0.002331,74.125.68.0-255,2902,260000,11,364678
7458,0.002334,172.31.36.0-255,66,260066,11,364678
7459,0.00234,74.125.68.0-255,5738,265804,11,364678
7460,0.002342,172.31.36.0-255,66,265870,11,364678
7461,0.002357,74.125.68.0-255,2902,268772,11,364678
7462,0.00236,172.31.36.0-255,66,268838,11,364678
7463,0.002366,74.125.68.0-255,5738,274576,11,364678
7464,0.002369,172.31.36.0-255,66,274642,11,364678
7465,0.002371,74.125.68.0-255,1484,276126,11,364678
7466,0.002374,74.125.68.0-255,766,276892,11,364678
7467,0.002377,172.31.36.0-255,66,276958,11,364678
7468,0.00241,74.125.68.0-255,1484,278442,11,364678
7469,0.002414,74.125.68.0-255,1484,279926,11,364678
7470,0.002417,172.31.36.0-255,66,279992,11,364678
7471,0.002437,74.125.68.0-255,1484,281476,11,364678
7472,0.002444,74.125.68.0-255,5738,287214,11,364678
7473,0.002446,172.31.36.0-255,66,287280,11,364678
7474,0.002449,74.125.68.0-255,1484,288764,11,364678
7475,0.002467,74.125.68.0-255,4320,293084,11,364678
7476,0.002471,172.31.36.0-255,66,293150,11,364678
7477,0.002475,74.125.68.0-255,2902,296052,11,364678
7478,0.002477,172.31.36.0-255,66,296118,11,364678
7479,0.002492,74.125.68.0-255,4320,300438,11,364678
7480,0.002495,172.31.36.0-255,66,300504,11,364678
7481,0.002521,74.125.68.0-255,7156,307660,11,364678
7482,0.002524,172.31.36.0-255,66,307726,11,364678
7483,0.002544,74.125.68.0-255,3602,311328,11,364678
7484,0.002547,172.31.36.0-255,66,311394,11,364678
7485,0.002602,74.125.68.0-255,1484,312878,11,364678
7486,0.002608,74.125.68.0-255,2902,315780,11,364678
7487,0.00261,172.31.36.0-255,66,315846,11,364678
7488,0.002613,74.125.68.0-255,1484,317330,11,364678
7489,0.002616,74.125.68.0-255,1484,318814,11,364678
7490,0.002618,172.31.36.0-255,66,318880,11,364678
7491,0.002622,74.125.68.0-255,2902,321782,11,364678
7492,0.002625,172.31.36.0-255,66,321848,11,364678
7493,0.002644,74.125.68.0-255,1484,323332,11,364678
7494,0.002652,74.125.68.0-255,7156,330488,11,364678
7495,0.002656,74.125.68.0-255,2902,333390,11,364678
7496,0.002668,74.125.68.0-255,2902,336292,11,364678
7497,0.00269,74.125.68.0-255,7156,343448,11,364678
7498,0.002704,74.125.68.0-255,3602,347050,11,364678
7499,0.002736,74.125.68.0-255,4320,351370,11,364678
7500,0.002741,74.125.68.0-255,1484,352854,11,364678
7501,0.002772,74.125.68.0-255,4320,357174,11,364678
7502,0.002874,74.125.68.0-255,105,357279,11,364678
7503,0.007367,172.31.36.0-255,66,357345,11,364678
7504,0.00958,172.31.36.0-255,105,357450,11,364678
7505,0.011866,74.125.68.0-255,66,357516,11,364678
7506,0.033904,172.31.36.0-255,172,357688,11,364678
7507,0.033939,172.31.36.0-255,1110,358798,11,364678
7508,0.033999,172.31.36.0-255,1514,360312,11,364678
7509,0.034001,172.31.36.0-255,1514,361826,11,364678
7510,0.034006,172.31.36.0-255,1514,363340,11,364678
7511,0.034007,172.31.36.0-255,1074,364414,11,364678
7512,0.035455,104.244.42.0-255,66,364480,11,364678
7513,0.035499,104.244.42.0-255,66,364546,11,364678
7514,0.035563,104.244.42.0-255,66,364612,11,364678
7515,0.035568,104.244.42.0-255,66,364678,11,364678
7516,0.0,74.125.68.0-255,147,147,11,198237
7517,3.3e-05,172.31.36.0-255,66,213,11,198237
7518,4e-05,74.125.68.0-255,1484,1697,11,198237
7519,4.4e-05,172.31.36.0-255,66,1763,11,198237
7520,4.9e-05,74.125.68.0-255,2902,4665,11,198237
7521,5.1e-05,172.31.36.0-255,66,4731,11,198237
7522,8.3e-05,74.125.68.0-255,1484,6215,11,198237
7523,8.6e-05,172.31.36.0-255,66,6281,11,198237
7524,0.000117,74.125.68.0-255,2902,9183,11,198237
7525,0.00012,172.31.36.0-255,66,9249,11,198237
7526,0.000137,74.125.68.0-255,2902,12151,11,198237
7527,0.00014,172.31.36.0-255,66,12217,11,198237
7528,0.000225,74.125.68.0-255,7156,19373,11,198237
7529,0.000229,172.31.36.0-255,66,19439,11,198237
7530,0.000246,74.125.68.0-255,4921,24360,11,198237
7531,0.000249,172.31.36.0-255,66,24426,11,198237
7532,0.000426,74.125.68.0-255,6797,31223,11,198237
7533,0.000433,172.31.36.0-255,66,31289,11,198237
7534,0.000548,74.125.68.0-255,5738,37027,11,198237
7535,0.000552,172.31.36.0-255,66,37093,11,198237
7536,0.000587,172.31.36.0-255,66,37159,11,198237
7537,0.000913,172.31.36.0-255,66,37225,11,198237
7538,0.000935,74.125.68.0-255,5381,42606,11,198237
7539,0.000939,172.31.36.0-255,66,42672,11,198237
7540,0.001203,74.125.68.0-255,5738,48410,11,198237
7541,0.001209,172.31.36.0-255,66,48476,11,198237
7542,0.00125,172.31.36.0-255,66,48542,11,198237
7543,0.001684,74.125.68.0-255,7156,55698,11,198237
7544,0.00169,172.31.36.0-255,66,55764,11,198237
7545,0.00174,172.31.36.0-255,66,55830,11,198237
7546,0.00234,74.125.68.0-255,4320,60150,11,198237
7547,0.002343,172.31.36.0-255,66,60216,11,198237
7548,0.002932,74.125.68.0-255,5738,65954,11,198237
7549,0.002988,74.125.68.0-255,5020,70974,11,198237
7550,0.003545,74.125.68.0-255,4320,75294,11,198237
7551,0.003615,74.125.68.0-255,766,76060,11,198237
7552,0.003684,172.31.36.0-255,66,76126,11,198237
7553,0.006327,74.125.68.0-255,5738,81864,11,198237
7554,0.006332,172.31.36.0-255,66,81930,11,198237
7555,0.008984,74.125.68.0-255,5738,87668,11,198237
7556,0.00899,172.31.36.0-255,66,87734,11,198237
7557,0.011633,74.125.68.0-255,5738,93472,11,198237
7558,0.011657,172.31.36.0-255,66,93538,11,198237
7559,0.014334,74.125.68.0-255,5738,99276,11,198237
7560,0.014344,172.31.36.0-255,66,99342,11,198237
7561,0.017009,74.125.68.0-255,5738,105080,11,198237
7562,0.017016,172.31.36.0-255,66,105146,11,198237
7563,0.01967,74.125.68.0-255,5738,110884,11,198237
7564,0.019677,172.31.36.0-255,66,110950,11,198237
7565,0.022317,74.125.68.0-255,5738,116688,11,198237
7566,0.022324,172.31.36.0-255,66,116754,11,198237
7567,0.024965,74.125.68.0-255,5738,122492,11,198237
7568,0.024971,172.31.36.0-255,66,122558,11,198237
7569,0.027609,74.125.68.0-255,5738,128296,11,198237
7570,0.027615,172.31.36.0-255,66,128362,11,198237
7571,0.030278,74.125.68.0-255,5738,134100,11,198237
7572,0.030286,172.31.36.0-255,66,134166,11,198237
7573,0.032938,74.125.68.0-255,5738,139904,11,198237
7574,0.032945,172.31.36.0-255,66,139970,11,198237
7575,0.035584,74.125.68.0-255,5738,145708,11,198237
7576,0.03559,172.31.36.0-255,66,145774,11,198237
7577,0.038229,74.125.68.0-255,5738,151512,11,198237
7578,0.038235,172.31.36.0-255,66,151578,11,198237
7579,0.038436,172.31.36.0-255,167,151745,11,198237
7580,0.038463,172.31.36.0-255,1111,152856,11,198237
7581,0.038509,172.31.36.0-255,1514,154370,11,198237
7582,0.038511,172.31.36.0-255,1293,155663,11,198237
7583,0.040089,104.244.42.0-255,66,155729,11,198237
7584,0.040117,104.244.42.0-255,66,155795,11,198237
7585,0.04017,104.244.42.0-255,66,155861,11,198237
7586,0.040861,74.125.68.0-255,4320,160181,11,198237
7587,0.040882,172.31.36.0-255,66,160247,11,198237
7588,0.040899,74.125.68.0-255,1484,161731,11,198237
7589,0.043509,74.125.68.0-255,4320,166051,11,198237
7590,0.043514,172.31.36.0-255,66,166117,11,198237
7591,0.046158,74.125.68.0-255,5738,171855,11,198237
7592,0.046163,172.31.36.0-255,66,171921,11,198237
7593,0.048835,74.125.68.0-255,5738,177659,11,198237
7594,0.04884,172.31.36.0-255,66,177725,11,198237
7595,0.05148,74.125.68.0-255,5738,183463,11,198237
7596,0.051485,172.31.36.0-255,66,183529,11,198237
7597,0.054123,74.125.68.0-255,4320,187849,11,198237
7598,0.054128,172.31.36.0-255,66,187915,11,198237
7599,0.054161,74.125.68.0-255,1484,189399,11,198237
7600,0.056763,74.125.68.0-255,2902,192301,11,198237
7601,0.056768,172.31.36.0-255,66,192367,11,198237
7602,0.056798,74.125.68.0-255,1484,193851,11,198237
7603,0.059402,74.125.68.0-255,4320,198171,11,198237
7604,0.059406,172.31.36.0-255,66,198237,11,198237
7605,0.0,74.125.24.0-255,161,161,11,236921
7606,2.9e-05,74.125.24.0-255,1484,1645,11,236921
7607,4e-05,172.31.36.0-255,66,1711,11,236921
7608,4.8e-05,74.125.24.0-255,2902,4613,11,236921
7609,5.2e-05,172.31.36.0-255,66,4679,11,236921
7610,6.9e-05,74.125.24.0-255,1484,6163,11,236921
7611,9.3e-05,74.125.24.0-255,5738,11901,11,236921
7612,9.6e-05,172.31.36.0-255,66,11967,11,236921
7613,0.000101,74.125.24.0-255,2035,14002,11,236921
7614,0.000103,172.31.36.0-255,66,14068,11,236921
7615,0.000128,74.125.24.0-255,1484,15552,11,236921
7616,0.000143,74.125.24.0-255,2902,18454,11,236921
7617,0.000146,172.31.36.0-255,66,18520,11,236921
7618,0.000166,74.125.24.0-255,2902,21422,11,236921
7619,0.000168,172.31.36.0-255,66,21488,11,236921
7620,0.000185,74.125.24.0-255,2902,24390,11,236921
7621,0.00019,172.31.36.0-255,66,24456,11,236921
7622,0.000196,74.125.24.0-255,4320,28776,11,236921
7623,0.000199,172.31.36.0-255,66,28842,11,236921
7624,0.000221,74.125.24.0-255,2543,31385,11,236921
7625,0.000225,172.31.36.0-255,66,31451,11,236921
7626,0.000391,74.125.24.0-255,1484,32935,11,236921
7627,0.000398,74.125.24.0-255,2902,35837,11,236921
7628,0.000401,172.31.36.0-255,66,35903,11,236921
7629,0.000422,74.125.24.0-255,5738,41641,11,236921
7630,0.000426,172.31.36.0-255,66,41707,11,236921
7631,0.00043,74.125.24.0-255,2902,44609,11,236921
7632,0.000432,172.31.36.0-255,66,44675,11,236921
7633,0.000498,172.31.36.0-255,66,44741,11,236921
7634,0.000515,74.125.24.0-255,4320,49061,11,236921
7635,0.000518,172.31.36.0-255,66,49127,11,236921
7636,0.000544,74.125.24.0-255,4320,53447,11,236921
7637,0.000547,172.31.36.0-255,66,53513,11,236921
7638,0.000553,74.125.24.0-255,3961,57474,11,236921
7639,0.000556,172.31.36.0-255,66,57540,11,236921
7640,0.000559,74.125.24.0-255,367,57907,11,236921
7641,0.000583,74.125.24.0-255,376,58283,11,236921
7642,0.000843,172.31.36.0-255,66,58349,11,236921
7643,0.00114,74.125.24.0-255,1484,59833,11,236921
7644,0.001151,74.125.24.0-255,2902,62735,11,236921
7645,0.001155,172.31.36.0-255,66,62801,11,236921
7646,0.001163,74.125.24.0-255,5738,68539,11,236921
7647,0.001165,172.31.36.0-255,66,68605,11,236921
7648,0.001205,172.31.36.0-255,66,68671,11,236921
7649,0.00121,74.125.24.0-255,2902,71573,11,236921
7650,0.001212,172.31.36.0-255,66,71639,11,236921
7651,0.001231,74.125.24.0-255,5738,77377,11,236921
7652,0.001233,172.31.36.0-255,66,77443,11,236921
7653,0.001266,172.31.36.0-255,66,77509,11,236921
7654,0.00129,74.125.24.0-255,3602,81111,11,236921
7655,0.001292,172.31.36.0-255,66,81177,11,236921
7656,0.001308,172.31.36.0-255,66,81243,11,236921
7657,0.00132,172.31.36.0-255,66,81309,11,236921
7658,0.001694,74.125.24.0-255,1484,82793,11,236921
7659,0.0017,74.125.24.0-255,1484,84277,11,236921
7660,0.001704,172.31.36.0-255,66,84343,11,236921
7661,0.001716,74.125.24.0-255,1484,85827,11,236921
7662,0.001736,74.125.24.0-255,5738,91565,11,236921
7663,0.001739,172.31.36.0-255,66,91631,11,236921
7664,0.001757,74.125.24.0-255,2902,94533,11,236921
7665,0.001759,172.31.36.0-255,66,94599,11,236921
7666,0.001784,172.31.36.0-255,66,94665,11,236921
7667,0.001816,74.125.24.0-255,4320,98985,11,236921
7668,0.001819,172.31.36.0-255,66,99051,11,236921
7669,0.001842,74.125.24.0-255,6438,105489,11,236921
7670,0.001844,172.31.36.0-255,66,105555,11,236921
7671,0.00188,74.125.24.0-255,1484,107039,11,236921
7672,0.001885,74.125.24.0-255,2902,109941,11,236921
7673,0.001887,172.31.36.0-255,66,110007,11,236921
7674,0.001904,74.125.24.0-255,2902,112909,11,236921
7675,0.001907,172.31.36.0-255,66,112975,11,236921
7676,0.001931,74.125.24.0-255,2902,115877,11,236921
7677,0.001933,172.31.36.0-255,66,115943,11,236921
7678,0.001937,74.125.24.0-255,4320,120263,11,236921
7679,0.00194,172.31.36.0-255,66,120329,11,236921
7680,0.001982,74.125.24.0-255,4320,124649,11,236921
7681,0.001985,172.31.36.0-255,66,124715,11,236921
7682,0.001999,74.125.24.0-255,7156,131871,11,236921
7683,0.002001,172.31.36.0-255,66,131937,11,236921
7684,0.00201,172.31.36.0-255,66,132003,11,236921
7685,0.002255,74.125.24.0-255,1484,133487,11,236921
7686,0.00227,74.125.24.0-255,2902,136389,11,236921
7687,0.002273,172.31.36.0-255,66,136455,11,236921
7688,0.002276,74.125.24.0-255,1484,137939,11,236921
7689,0.002292,74.125.24.0-255,4320,142259,11,236921
7690,0.002294,172.31.36.0-255,66,142325,11,236921
7691,0.002297,74.125.24.0-255,1484,143809,11,236921
7692,0.002329,172.31.36.0-255,66,143875,11,236921
7693,0.002361,172.31.36.0-255,66,143941,11,236921
7694,0.002399,74.125.24.0-255,1484,145425,11,236921
7695,0.002439,74.125.24.0-255,1484,146909,11,236921
7696,0.002441,172.31.36.0-255,66,146975,11,236921
7697,0.002453,74.125.24.0-255,2902,149877,11,236921
7698,0.002455,172.31.36.0-255,66,149943,11,236921
7699,0.002477,74.125.24.0-255,5738,155681,11,236921
7700,0.00248,172.31.36.0-255,66,155747,11,236921
7701,0.002484,74.125.24.0-255,2902,158649,11,236921
7702,0.002486,172.31.36.0-255,66,158715,11,236921
7703,0.002492,74.125.24.0-255,1484,160199,11,236921
7704,0.002528,74.125.24.0-255,2902,163101,11,236921
7705,0.00253,172.31.36.0-255,66,163167,11,236921
7706,0.002557,172.31.36.0-255,66,163233,11,236921
7707,0.002561,74.125.24.0-255,2902,166135,11,236921
7708,0.002563,172.31.36.0-255,66,166201,11,236921
7709,0.002568,74.125.24.0-255,3602,169803,11,236921
7710,0.002571,172.31.36.0-255,66,169869,11,236921
7711,0.002667,74.125.24.0-255,1484,171353,11,236921
7712,0.002684,74.125.24.0-255,2902,174255,11,236921
7713,0.002687,172.31.36.0-255,66,174321,11,236921
7714,0.002706,74.125.24.0-255,4320,178641,11,236921
7715,0.002709,172.31.36.0-255,66,178707,11,236921
7716,0.002729,74.125.24.0-255,1484,180191,11,236921
7717,0.002735,74.125.24.0-255,4320,184511,11,236921
7718,0.002738,172.31.36.0-255,66,184577,11,236921
7719,0.00276,74.125.24.0-255,5738,190315,11,236921
7720,0.002762,172.31.36.0-255,66,190381,11,236921
7721,0.002809,172.31.36.0-255,66,190447,11,236921
7722,0.002846,74.125.24.0-255,1484,191931,11,236921
7723,0.00286,74.125.24.0-255,2902,194833,11,236921
7724,0.002862,172.31.36.0-255,66,194899,11,236921
7725,0.002882,74.125.24.0-255,5738,200637,11,236921
7726,0.002884,172.31.36.0-255,66,200703,11,236921
7727,0.002904,74.125.24.0-255,5738,206441,11,236921
7728,0.002906,172.31.36.0-255,66,206507,11,236921
7729,0.002929,74.125.24.0-255,4320,210827,11,236921
7730,0.002931,172.31.36.0-255,66,210893,11,236921
7731,0.002943,172.31.36.0-255,66,210959,11,236921
7732,0.002959,74.125.24.0-255,2184,213143,11,236921
7733,0.002961,172.31.36.0-255,66,213209,11,236921
7734,0.00299,74.125.24.0-255,1484,214693,11,236921
7735,0.003009,74.125.24.0-255,2902,217595,11,236921
7736,0.003011,172.31.36.0-255,66,217661,11,236921
7737,0.003016,74.125.24.0-255,4320,221981,11,236921
7738,0.003019,172.31.36.0-255,66,222047,11,236921
7739,0.003028,74.125.24.0-255,1484,223531,11,236921
7740,0.003033,74.125.24.0-255,4320,227851,11,236921
7741,0.003036,172.31.36.0-255,66,227917,11,236921
7742,0.003053,74.125.24.0-255,1484,229401,11,236921
7743,0.003067,172.31.36.0-255,66,229467,11,236921
7744,0.003113,172.31.36.0-255,66,229533,11,236921
7745,0.003164,172.31.36.0-255,66,229599,11,236921
7746,0.003177,74.125.24.0-255,1484,231083,11,236921
7747,0.00318,74.125.24.0-255,1208,232291,11,236921
7748,0.003182,172.31.36.0-255,66,232357,11,236921
7749,0.003185,74.125.24.0-255,105,232462,11,236921
7750,0.011194,172.31.36.0-255,105,232567,11,236921
7751,0.013214,74.125.24.0-255,66,232633,11,236921
7752,0.038637,172.31.36.0-255,172,232805,11,236921
7753,0.03867,172.31.36.0-255,1110,233915,11,236921
7754,0.038724,172.31.36.0-255,1514,235429,11,236921
7755,0.038726,172.31.36.0-255,1294,236723,11,236921
7756,0.040194,104.244.42.0-255,66,236789,11,236921
7757,0.040204,104.244.42.0-255,66,236855,11,236921
7758,0.040259,104.244.42.0-255,66,236921,11,236921
7759,0.0,74.125.24.0-255,153,153,11,226137
7760,2.7e-05,172.31.36.0-255,66,219,11,226137
7761,3.5e-05,74.125.24.0-255,1484,1703,11,226137
7762,3.9e-05,172.31.36.0-255,66,1769,11,226137
7763,4.4e-05,74.125.24.0-255,2902,4671,11,226137
7764,4.6e-05,172.31.36.0-255,66,4737,11,226137
7765,6.1e-05,74.125.24.0-255,7156,11893,11,226137
7766,6.4e-05,172.31.36.0-255,66,11959,11,226137
7767,6.8e-05,74.125.24.0-255,2071,14030,11,226137
7768,7e-05,172.31.36.0-255,66,14096,11,226137
7769,7.4e-05,74.125.24.0-255,2902,16998,11,226137
7770,7.6e-05,172.31.36.0-255,66,17064,11,226137
7771,0.000107,74.125.24.0-255,7156,24220,11,226137
7772,0.000115,172.31.36.0-255,66,24286,11,226137
7773,0.000167,74.125.24.0-255,6797,31083,11,226137
7774,0.000171,172.31.36.0-255,66,31149,11,226137
7775,0.000199,74.125.24.0-255,4320,35469,11,226137
7776,0.000202,172.31.36.0-255,66,35535,11,226137
7777,0.000232,74.125.24.0-255,2902,38437,11,226137
7778,0.000235,172.31.36.0-255,66,38503,11,226137
7779,0.000253,172.31.36.0-255,66,38569,11,226137
7780,0.000316,74.125.24.0-255,1484,40053,11,226137
7781,0.00032,172.31.36.0-255,66,40119,11,226137
7782,0.000325,74.125.24.0-255,2902,43021,11,226137
7783,0.000328,172.31.36.0-255,66,43087,11,226137
7784,0.00036,74.125.24.0-255,5738,48825,11,226137
7785,0.000364,172.31.36.0-255,66,48891,11,226137
7786,0.000367,74.125.24.0-255,1484,50375,11,226137
7787,0.000369,172.31.36.0-255,66,50441,11,226137
7788,0.000399,74.125.24.0-255,5676,56117,11,226137
7789,0.000402,172.31.36.0-255,66,56183,11,226137
7790,0.000405,74.125.24.0-255,132,56315,11,226137
7791,0.000622,74.125.24.0-255,344,56659,11,226137
7792,0.000826,172.31.36.0-255,66,56725,11,226137
7793,0.000859,74.125.24.0-255,1484,58209,11,226137
7794,0.000866,74.125.24.0-255,2902,61111,11,226137
7795,0.000869,172.31.36.0-255,66,61177,11,226137
7796,0.000876,74.125.24.0-255,5738,66915,11,226137
7797,0.000878,172.31.36.0-255,66,66981,11,226137
7798,0.000911,172.31.36.0-255,66,67047,11,226137
7799,0.000942,74.125.24.0-255,4320,71367,11,226137
7800,0.000945,172.31.36.0-255,66,71433,11,226137
7801,0.000952,74.125.24.0-255,7156,78589,11,226137
7802,0.000956,172.31.36.0-255,66,78655,11,226137
7803,0.000982,74.125.24.0-255,3602,82257,11,226137
7804,0.000985,172.31.36.0-255,66,82323,11,226137
7805,0.001699,74.125.24.0-255,1484,83807,11,226137
7806,0.00171,74.125.24.0-255,2902,86709,11,226137
7807,0.001714,172.31.36.0-255,66,86775,11,226137
7808,0.00172,74.125.24.0-255,1484,88259,11,226137
7809,0.001752,74.125.24.0-255,4320,92579,11,226137
7810,0.001756,172.31.36.0-255,66,92645,11,226137
7811,0.001778,172.31.36.0-255,66,92711,11,226137
7812,0.001787,172.31.36.0-255,66,92777,11,226137
7813,0.001841,74.125.24.0-255,2184,94961,11,226137
7814,0.001843,172.31.36.0-255,66,95027,11,226137
7815,0.002614,74.125.24.0-255,1484,96511,11,226137
7816,0.002619,74.125.24.0-255,2902,99413,11,226137
7817,0.002621,172.31.36.0-255,66,99479,11,226137
7818,0.002645,74.125.24.0-255,5738,105217,11,226137
7819,0.002647,172.31.36.0-255,66,105283,11,226137
7820,0.002676,172.31.36.0-255,66,105349,11,226137
7821,0.002695,74.125.24.0-255,4320,109669,11,226137
7822,0.002697,172.31.36.0-255,66,109735,11,226137
7823,0.002707,172.31.36.0-255,66,109801,11,226137
7824,0.002711,74.125.24.0-255,2184,111985,11,226137
7825,0.002714,172.31.36.0-255,66,112051,11,226137
7826,0.002751,74.125.24.0-255,1484,113535,11,226137
7827,0.002755,74.125.24.0-255,2902,116437,11,226137
7828,0.002757,172.31.36.0-255,66,116503,11,226137
7829,0.002781,74.125.24.0-255,5738,122241,11,226137
7830,0.002783,172.31.36.0-255,66,122307,11,226137
7831,0.002787,74.125.24.0-255,2902,125209,11,226137
7832,0.002789,172.31.36.0-255,66,125275,11,226137
7833,0.002808,74.125.24.0-255,2902,128177,11,226137
7834,0.00281,172.31.36.0-255,66,128243,11,226137
7835,0.002815,74.125.24.0-255,4320,132563,11,226137
7836,0.002821,172.31.36.0-255,66,132629,11,226137
7837,0.002823,74.125.24.0-255,1484,134113,11,226137
7838,0.002848,74.125.24.0-255,4320,138433,11,226137
7839,0.002851,172.31.36.0-255,66,138499,11,226137
7840,0.002883,74.125.24.0-255,2902,141401,11,226137
7841,0.002885,172.31.36.0-255,66,141467,11,226137
7842,0.00289,74.125.24.0-255,5020,146487,11,226137
7843,0.002892,172.31.36.0-255,66,146553,11,226137
7844,0.003375,74.125.24.0-255,1484,148037,11,226137
7845,0.00339,74.125.24.0-255,2902,150939,11,226137
7846,0.003392,172.31.36.0-255,66,151005,11,226137
7847,0.003417,74.125.24.0-255,5738,156743,11,226137
7848,0.00342,172.31.36.0-255,66,156809,11,226137
7849,0.003448,172.31.36.0-255,66,156875,11,226137
7850,0.003477,74.125.24.0-255,4320,161195,11,226137
7851,0.003479,172.31.36.0-255,66,161261,11,226137
7852,0.003489,172.31.36.0-255,66,161327,11,226137
7853,0.003517,74.125.24.0-255,2184,163511,11,226137
7854,0.00352,172.31.36.0-255,66,163577,11,226137
7855,0.003681,74.125.24.0-255,1484,165061,11,226137
7856,0.003696,74.125.24.0-255,1484,166545,11,226137
7857,0.0037,172.31.36.0-255,66,166611,11,226137
7858,0.003728,74.125.24.0-255,1484,168095,11,226137
7859,0.003736,74.125.24.0-255,5738,173833,11,226137
7860,0.003738,172.31.36.0-255,66,173899,11,226137
7861,0.00376,172.31.36.0-255,66,173965,11,226137
7862,0.003765,74.125.24.0-255,2902,176867,11,226137
7863,0.003767,172.31.36.0-255,66,176933,11,226137
7864,0.003801,172.31.36.0-255,66,176999,11,226137
7865,0.003822,74.125.24.0-255,7156,184155,11,226137
7866,0.003826,172.31.36.0-255,66,184221,11,226137
7867,0.003856,74.125.24.0-255,6438,190659,11,226137
7868,0.003861,172.31.36.0-255,66,190725,11,226137
7869,0.003872,172.31.36.0-255,66,190791,11,226137
7870,0.003918,172.31.36.0-255,66,190857,11,226137
7871,0.003935,74.125.24.0-255,2184,193041,11,226137
7872,0.003938,172.31.36.0-255,66,193107,11,226137
7873,0.003979,74.125.24.0-255,5738,198845,11,226137
7874,0.003983,172.31.36.0-255,66,198911,11,226137
7875,0.004022,172.31.36.0-255,66,198977,11,226137
7876,0.004033,172.31.36.0-255,66,199043,11,226137
7877,0.004039,74.125.24.0-255,5738,204781,11,226137
7878,0.004042,172.31.36.0-255,66,204847,11,226137
7879,0.004092,172.31.36.0-255,66,204913,11,226137
7880,0.004114,172.31.36.0-255,66,204979,11,226137
7881,0.004118,74.125.24.0-255,2184,207163,11,226137
7882,0.004121,172.31.36.0-255,66,207229,11,226137
7883,0.004136,172.31.36.0-255,66,207295,11,226137
7884,0.004166,74.125.24.0-255,7156,214451,11,226137
7885,0.004177,172.31.36.0-255,66,214517,11,226137
7886,0.004184,74.125.24.0-255,6863,221380,11,226137
7887,0.004187,172.31.36.0-255,66,221446,11,226137
7888,0.00419,74.125.24.0-255,105,221551,11,226137
7889,0.006819,172.31.36.0-255,66,221617,11,226137
7890,0.006847,172.31.36.0-255,105,221722,11,226137
7891,0.009438,74.125.24.0-255,66,221788,11,226137
7892,0.032457,172.31.36.0-255,167,221955,11,226137
7893,0.032488,172.31.36.0-255,1112,223067,11,226137
7894,0.03253,172.31.36.0-255,1514,224581,11,226137
7895,0.032556,172.31.36.0-255,1292,225873,11,226137
7896,0.034037,104.244.42.0-255,66,225939,11,226137
7897,0.034087,104.244.42.0-255,66,226005,11,226137
7898,0.034089,104.244.42.0-255,66,226071,11,226137
7899,0.034141,104.244.42.0-255,66,226137,11,226137
7900,0.0,74.125.200.0-255,143,143,11,280488
7901,2.1e-05,172.31.36.0-255,66,209,11,280488
7902,2.7e-05,74.125.200.0-255,1484,1693,11,280488
7903,3.1e-05,172.31.36.0-255,66,1759,11,280488
7904,4.6e-05,74.125.200.0-255,2902,4661,11,280488
7905,4.8e-05,172.31.36.0-255,66,4727,11,280488
7906,7.2e-05,74.125.200.0-255,7156,11883,11,280488
7907,7.5e-05,172.31.36.0-255,66,11949,11,280488
7908,7.9e-05,74.125.200.0-255,2010,13959,11,280488
7909,8.1e-05,172.31.36.0-255,66,14025,11,280488
7910,0.000195,74.125.200.0-255,1484,15509,11,280488
7911,0.0002,172.31.36.0-255,66,15575,11,280488
7912,0.000206,74.125.200.0-255,2902,18477,11,280488
7913,0.000209,172.31.36.0-255,66,18543,11,280488
7914,0.000237,74.125.200.0-255,5738,24281,11,280488
7915,0.00024,172.31.36.0-255,66,24347,11,280488
7916,0.000246,74.125.200.0-255,4320,28667,11,280488
7917,0.000248,172.31.36.0-255,66,28733,11,280488
7918,0.000263,74.125.200.0-255,2543,31276,11,280488
7919,0.000266,172.31.36.0-255,66,31342,11,280488
7920,0.000284,74.125.200.0-255,2902,34244,11,280488
7921,0.000287,172.31.36.0-255,66,34310,11,280488
7922,0.000291,74.125.200.0-255,1484,35794,11,280488
7923,0.000293,172.31.36.0-255,66,35860,11,280488
7924,0.000313,74.125.200.0-255,2902,38762,11,280488
7925,0.000316,172.31.36.0-255,66,38828,11,280488
7926,0.000326,172.31.36.0-255,66,38894,11,280488
7927,0.000329,74.125.200.0-255,1125,40019,11,280488
7928,0.000332,172.31.36.0-255,66,40085,11,280488
7929,0.000647,74.125.200.0-255,1484,41569,11,280488
7930,0.000652,172.31.36.0-255,66,41635,11,280488
7931,0.00066,74.125.200.0-255,2902,44537,11,280488
7932,0.000662,172.31.36.0-255,66,44603,11,280488
7933,0.000666,74.125.200.0-255,1484,46087,11,280488
7934,0.000689,74.125.200.0-255,4320,50407,11,280488
7935,0.000692,172.31.36.0-255,66,50473,11,280488
7936,0.000696,74.125.200.0-255,2902,53375,11,280488
7937,0.000698,172.31.36.0-255,66,53441,11,280488
7938,0.000723,74.125.200.0-255,3961,57402,11,280488
7939,0.000727,172.31.36.0-255,66,57468,11,280488
7940,0.00086,74.125.200.0-255,1484,58952,11,280488
7941,0.000874,74.125.200.0-255,2902,61854,11,280488
7942,0.000878,172.31.36.0-255,66,61920,11,280488
7943,0.000898,74.125.200.0-255,5738,67658,11,280488
7944,0.000901,172.31.36.0-255,66,67724,11,280488
7945,0.000906,74.125.200.0-255,4320,72044,11,280488
7946,0.000908,172.31.36.0-255,66,72110,11,280488
7947,0.000928,74.125.200.0-255,2902,75012,11,280488
7948,0.000931,172.31.36.0-255,66,75078,11,280488
7949,0.000948,74.125.200.0-255,7156,82234,11,280488
7950,0.00095,172.31.36.0-255,66,82300,11,280488
7951,0.000963,74.125.200.0-255,1705,84005,11,280488
7952,0.000965,172.31.36.0-255,66,84071,11,280488
7953,0.000996,74.125.200.0-255,4320,88391,11,280488
7954,0.000999,172.31.36.0-255,66,88457,11,280488
7955,0.001023,74.125.200.0-255,3961,92418,11,280488
7956,0.001027,172.31.36.0-255,66,92484,11,280488
7957,0.001212,74.125.200.0-255,1484,93968,11,280488
7958,0.00122,74.125.200.0-255,2902,96870,11,280488
7959,0.001224,172.31.36.0-255,66,96936,11,280488
7960,0.001251,74.125.200.0-255,5738,102674,11,280488
7961,0.001255,172.31.36.0-255,66,102740,11,280488
7962,0.001262,74.125.200.0-255,7156,109896,11,280488
7963,0.001265,172.31.36.0-255,66,109962,11,280488
7964,0.001294,74.125.200.0-255,1484,111446,11,280488
7965,0.001329,172.31.36.0-255,66,111512,11,280488
7966,0.001375,172.31.36.0-255,66,111578,11,280488
7967,0.001379,74.125.200.0-255,1484,113062,11,280488
7968,0.001392,74.125.200.0-255,5738,118800,11,280488
7969,0.001395,172.31.36.0-255,66,118866,11,280488
7970,0.001415,74.125.200.0-255,7156,126022,11,280488
7971,0.001417,172.31.36.0-255,66,126088,11,280488
7972,0.001421,74.125.200.0-255,2902,128990,11,280488
7973,0.001423,172.31.36.0-255,66,129056,11,280488
7974,0.001441,74.125.200.0-255,1484,130540,11,280488
7975,0.001458,74.125.200.0-255,5020,135560,11,280488
7976,0.00146,172.31.36.0-255,66,135626,11,280488
7977,0.001492,74.125.200.0-255,2902,138528,11,280488
7978,0.001495,172.31.36.0-255,66,138594,11,280488
7979,0.001515,74.125.200.0-255,4320,142914,11,280488
7980,0.001518,172.31.36.0-255,66,142980,11,280488
7981,0.001522,74.125.200.0-255,2902,145882,11,280488
7982,0.001524,172.31.36.0-255,66,145948,11,280488
7983,0.001527,74.125.200.0-255,1484,147432,11,280488
7984,0.001557,172.31.36.0-255,66,147498,11,280488
7985,0.001579,74.125.200.0-255,1484,148982,11,280488
7986,0.001628,172.31.36.0-255,66,149048,11,280488
7987,0.001643,74.125.200.0-255,1484,150532,11,280488
7988,0.001645,74.125.200.0-255,766,151298,11,280488
7989,0.001648,172.31.36.0-255,66,151364,11,280488
7990,0.001917,74.125.200.0-255,1484,152848,11,280488
7991,0.001933,74.125.200.0-255,2902,155750,11,280488
7992,0.001935,172.31.36.0-255,66,155816,11,280488
7993,0.001939,74.125.200.0-255,2902,158718,11,280488
7994,0.001942,172.31.36.0-255,66,158784,11,280488
7995,0.001955,74.125.200.0-255,2902,161686,11,280488
7996,0.001958,172.31.36.0-255,66,161752,11,280488
7997,0.00196,74.125.200.0-255,1484,163236,11,280488
7998,0.001972,74.125.200.0-255,2902,166138,11,280488
7999,0.001974,172.31.36.0-255,66,166204,11,280488
8000,0.001991,74.125.200.0-255,5738,171942,11,280488
8001,0.001994,172.31.36.0-255,66,172008,11,280488
8002,0.002008,74.125.200.0-255,2902,174910,11,280488
8003,0.00201,172.31.36.0-255,66,174976,11,280488
8004,0.002036,172.31.36.0-255,66,175042,11,280488
8005,0.002108,74.125.200.0-255,1484,176526,11,280488
8006,0.002112,74.125.200.0-255,1484,178010,11,280488
8007,0.002114,172.31.36.0-255,66,178076,11,280488
8008,0.002132,74.125.200.0-255,1484,179560,11,280488
8009,0.002139,74.125.200.0-255,5738,185298,11,280488
8010,0.002141,172.31.36.0-255,66,185364,11,280488
8011,0.002155,74.125.200.0-255,1484,186848,11,280488
8012,0.002172,74.125.200.0-255,4320,191168,11,280488
8013,0.002175,172.31.36.0-255,66,191234,11,280488
8014,0.002196,74.125.200.0-255,5738,196972,11,280488
8015,0.002198,172.31.36.0-255,66,197038,11,280488
8016,0.002211,172.31.36.0-255,66,197104,11,280488
8017,0.002304,74.125.200.0-255,1484,198588,11,280488
8018,0.002319,74.125.200.0-255,2902,201490,11,280488
8019,0.002322,172.31.36.0-255,66,201556,11,280488
8020,0.002329,74.125.200.0-255,5738,207294,11,280488
8021,0.002331,172.31.36.0-255,66,207360,11,280488
8022,0.002372,74.125.200.0-255,5738,213098,11,280488
8023,0.002375,172.31.36.0-255,66,213164,11,280488
8024,0.002387,74.125.200.0-255,5738,218902,11,280488
8025,0.00239,172.31.36.0-255,66,218968,11,280488
8026,0.002404,74.125.200.0-255,2902,221870,11,280488
8027,0.002407,172.31.36.0-255,66,221936,11,280488
8028,0.002432,172.31.36.0-255,66,222002,11,280488
8029,0.002485,74.125.200.0-255,1484,223486,11,280488
8030,0.002501,74.125.200.0-255,2902,226388,11,280488
8031,0.002503,172.31.36.0-255,66,226454,11,280488
8032,0.002507,74.125.200.0-255,2902,229356,11,280488
8033,0.002509,172.31.36.0-255,66,229422,11,280488
8034,0.002524,74.125.200.0-255,2902,232324,11,280488
8035,0.002526,172.31.36.0-255,66,232390,11,280488
8036,0.002533,74.125.200.0-255,7156,239546,11,280488
8037,0.002535,172.31.36.0-255,66,239612,11,280488
8038,0.002538,74.125.200.0-255,1484,241096,11,280488
8039,0.002541,74.125.200.0-255,1484,242580,11,280488
8040,0.002543,172.31.36.0-255,66,242646,11,280488
8041,0.002577,172.31.36.0-255,66,242712,11,280488
8042,0.00258,74.125.200.0-255,1484,244196,11,280488
8043,0.002618,74.125.200.0-255,1484,245680,11,280488
8044,0.002621,172.31.36.0-255,66,245746,11,280488
8045,0.002645,172.31.36.0-255,66,245812,11,280488
8046,0.002664,74.125.200.0-255,4320,250132,11,280488
8047,0.002666,172.31.36.0-255,66,250198,11,280488
8048,0.002688,74.125.200.0-255,5738,255936,11,280488
8049,0.002691,172.31.36.0-255,66,256002,11,280488
8050,0.002701,172.31.36.0-255,66,256068,11,280488
8051,0.002711,172.31.36.0-255,66,256134,11,280488
8052,0.002767,74.125.200.0-255,1484,257618,11,280488
8053,0.00278,74.125.200.0-255,2902,260520,11,280488
8054,0.002782,172.31.36.0-255,66,260586,11,280488
8055,0.002799,74.125.200.0-255,4320,264906,11,280488
8056,0.002801,172.31.36.0-255,66,264972,11,280488
8057,0.002813,74.125.200.0-255,1484,266456,11,280488
8058,0.002816,74.125.200.0-255,1484,267940,11,280488
8059,0.002817,172.31.36.0-255,66,268006,11,280488
8060,0.00282,74.125.200.0-255,1484,269490,11,280488
8061,0.002822,74.125.200.0-255,1484,270974,11,280488
8062,0.002824,172.31.36.0-255,66,271040,11,280488
8063,0.002894,74.125.200.0-255,4320,275360,11,280488
8064,0.002899,172.31.36.0-255,66,275426,11,280488
8065,0.002909,172.31.36.0-255,66,275492,11,280488
8066,0.002911,74.125.200.0-255,269,275761,11,280488
8067,0.002915,74.125.200.0-255,97,275858,11,280488
8068,0.002935,74.125.200.0-255,105,275963,11,280488
8069,0.005958,172.31.36.0-255,66,276029,11,280488
8070,0.005984,172.31.36.0-255,105,276134,11,280488
8071,0.008452,74.125.200.0-255,66,276200,11,280488
8072,0.030943,172.31.36.0-255,172,276372,11,280488
8073,0.030972,172.31.36.0-255,1107,277479,11,280488
8074,0.03101,172.31.36.0-255,1514,278993,11,280488
8075,0.031012,172.31.36.0-255,1297,280290,11,280488
8076,0.032512,104.244.42.0-255,66,280356,11,280488
8077,0.03252,104.244.42.0-255,66,280422,11,280488
8078,0.032545,104.244.42.0-255,66,280488,11,280488
8079,0.0,172.217.194.0-255,153,153,11,261588
8080,3e-05,172.217.194.0-255,1484,1637,11,261588
8081,4.2e-05,172.31.36.0-255,66,1703,11,261588
8082,4.8e-05,172.217.194.0-255,1484,3187,11,261588
8083,5.4e-05,172.217.194.0-255,4320,7507,11,261588
8084,8.1e-05,172.217.194.0-255,6294,13801,11,261588
8085,9.7e-05,172.31.36.0-255,66,13867,11,261588
8086,0.000128,172.217.194.0-255,1484,15351,11,261588
8087,0.000131,172.217.194.0-255,1484,16835,11,261588
8088,0.000146,172.217.194.0-255,1484,18319,11,261588
8089,0.000152,172.217.194.0-255,5738,24057,11,261588
8090,0.000183,172.217.194.0-255,2902,26959,11,261588
8091,0.000201,172.217.194.0-255,3961,30920,11,261588
8092,0.000259,172.217.194.0-255,1484,32404,11,261588
8093,0.000263,172.217.194.0-255,2902,35306,11,261588
8094,0.000295,172.217.194.0-255,1484,36790,11,261588
8095,0.000312,172.217.194.0-255,4320,41110,11,261588
8096,0.000322,172.31.36.0-255,66,41176,11,261588
8097,0.000329,172.217.194.0-255,2902,44078,11,261588
8098,0.000349,172.31.36.0-255,66,44144,11,261588
8099,0.000351,172.217.194.0-255,3961,48105,11,261588
8100,0.000368,172.31.36.0-255,66,48171,11,261588
8101,0.000723,172.217.194.0-255,1484,49655,11,261588
8102,0.000738,172.217.194.0-255,2902,52557,11,261588
8103,0.000741,172.31.36.0-255,66,52623,11,261588
8104,0.000746,172.217.194.0-255,2902,55525,11,261588
8105,0.000753,172.31.36.0-255,66,55591,11,261588
8106,0.000769,172.217.194.0-255,2902,58493,11,261588
8107,0.000777,172.31.36.0-255,66,58559,11,261588
8108,0.000801,172.217.194.0-255,2902,61461,11,261588
8109,0.000808,172.31.36.0-255,66,61527,11,261588
8110,0.000824,172.217.194.0-255,3961,65488,11,261588
8111,0.000831,172.31.36.0-255,66,65554,11,261588
8112,0.001041,172.217.194.0-255,1484,67038,11,261588
8113,0.001049,172.217.194.0-255,1484,68522,11,261588
8114,0.001052,172.31.36.0-255,66,68588,11,261588
8115,0.001082,172.217.194.0-255,1484,70072,11,261588
8116,0.001089,172.217.194.0-255,5738,75810,11,261588
8117,0.001092,172.217.194.0-255,1484,77294,11,261588
8118,0.001142,172.217.194.0-255,2902,80196,11,261588
8119,0.001425,172.217.194.0-255,1484,81680,11,261588
8120,0.001432,172.217.194.0-255,2902,84582,11,261588
8121,0.001447,172.217.194.0-255,5738,90320,11,261588
8122,0.001469,172.217.194.0-255,7156,97476,11,261588
8123,0.001492,172.217.194.0-255,5738,103214,11,261588
8124,0.00154,172.217.194.0-255,2902,106116,11,261588
8125,0.001577,172.217.194.0-255,1484,107600,11,261588
8126,0.001648,172.217.194.0-255,1484,109084,11,261588
8127,0.00166,172.217.194.0-255,2902,111986,11,261588
8128,0.001676,172.217.194.0-255,5738,117724,11,261588
8129,0.001689,172.217.194.0-255,1484,119208,11,261588
8130,0.001723,172.217.194.0-255,1484,120692,11,261588
8131,0.001729,172.217.194.0-255,5738,126430,11,261588
8132,0.001751,172.217.194.0-255,5020,131450,11,261588
8133,0.001911,172.217.194.0-255,1484,132934,11,261588
8134,0.001922,172.217.194.0-255,2902,135836,11,261588
8135,0.001939,172.217.194.0-255,2902,138738,11,261588
8136,0.001951,172.217.194.0-255,2902,141640,11,261588
8137,0.001953,172.217.194.0-255,1484,143124,11,261588
8138,0.002022,172.217.194.0-255,2902,146026,11,261588
8139,0.002038,172.217.194.0-255,5738,151764,11,261588
8140,0.002042,172.217.194.0-255,2184,153948,11,261588
8141,0.002071,172.217.194.0-255,1484,155432,11,261588
8142,0.002088,172.217.194.0-255,2902,158334,11,261588
8143,0.002114,172.217.194.0-255,5738,164072,11,261588
8144,0.002135,172.217.194.0-255,7156,171228,11,261588
8145,0.002159,172.217.194.0-255,4320,175548,11,261588
8146,0.00218,172.217.194.0-255,2902,178450,11,261588
8147,0.002198,172.217.194.0-255,5738,184188,11,261588
8148,0.002217,172.217.194.0-255,3602,187790,11,261588
8149,0.002248,172.217.194.0-255,1484,189274,11,261588
8150,0.002259,172.217.194.0-255,2902,192176,11,261588
8151,0.002283,172.217.194.0-255,5738,197914,11,261588
8152,0.002287,172.217.194.0-255,2902,200816,11,261588
8153,0.002303,172.217.194.0-255,4320,205136,11,261588
8154,0.002322,172.217.194.0-255,7156,212292,11,261588
8155,0.002347,172.217.194.0-255,7156,219448,11,261588
8156,0.002352,172.217.194.0-255,5738,225186,11,261588
8157,0.002369,172.217.194.0-255,6438,231624,11,261588
8158,0.002427,172.217.194.0-255,1484,233108,11,261588
8159,0.002431,172.217.194.0-255,3602,236710,11,261588
8160,0.002452,172.217.194.0-255,1484,238194,11,261588
8161,0.002469,172.217.194.0-255,7156,245350,11,261588
8162,0.002481,172.217.194.0-255,1484,246834,11,261588
8163,0.002494,172.217.194.0-255,2902,249736,11,261588
8164,0.002547,172.217.194.0-255,2902,252638,11,261588
8165,0.002577,172.217.194.0-255,4320,256958,11,261588
8166,0.002603,172.217.194.0-255,105,257063,11,261588
8167,0.005306,172.31.36.0-255,66,257129,11,261588
8168,0.008833,172.31.36.0-255,105,257234,11,261588
8169,0.011135,172.217.194.0-255,66,257300,11,261588
8170,0.031702,172.31.36.0-255,172,257472,11,261588
8171,0.031735,172.31.36.0-255,1110,258582,11,261588
8172,0.031804,172.31.36.0-255,1514,260096,11,261588
8173,0.031806,172.31.36.0-255,1294,261390,11,261588
8174,0.033281,104.244.42.0-255,66,261456,11,261588
8175,0.033339,104.244.42.0-255,66,261522,11,261588
8176,0.03338,104.244.42.0-255,66,261588,11,261588
8177,0.0,172.217.194.0-255,159,159,11,230918
8178,1.7e-05,172.31.36.0-255,66,225,11,230918
8179,2.4e-05,172.217.194.0-255,1484,1709,11,230918
8180,2.8e-05,172.31.36.0-255,66,1775,11,230918
8181,3.4e-05,172.217.194.0-255,2902,4677,11,230918
8182,3.7e-05,172.31.36.0-255,66,4743,11,230918
8183,4.2e-05,172.217.194.0-255,4320,9063,11,230918
8184,4.5e-05,172.31.36.0-255,66,9129,11,230918
8185,7.6e-05,172.217.194.0-255,4846,13975,11,230918
8186,7.9e-05,172.31.36.0-255,66,14041,11,230918
8187,0.000129,172.217.194.0-255,1484,15525,11,230918
8188,0.000132,172.31.36.0-255,66,15591,11,230918
8189,0.000136,172.217.194.0-255,2902,18493,11,230918
8190,0.000138,172.31.36.0-255,66,18559,11,230918
8191,0.000159,172.217.194.0-255,2902,21461,11,230918
8192,0.000162,172.31.36.0-255,66,21527,11,230918
8193,0.000181,172.217.194.0-255,2902,24429,11,230918
8194,0.000184,172.31.36.0-255,66,24495,11,230918
8195,0.000191,172.217.194.0-255,6797,31292,11,230918
8196,0.000193,172.31.36.0-255,66,31358,11,230918
8197,0.000338,172.217.194.0-255,1484,32842,11,230918
8198,0.000343,172.31.36.0-255,66,32908,11,230918
8199,0.000349,172.217.194.0-255,2902,35810,11,230918
8200,0.000352,172.31.36.0-255,66,35876,11,230918
8201,0.000391,172.217.194.0-255,5738,41614,11,230918
8202,0.000394,172.31.36.0-255,66,41680,11,230918
8203,0.000397,172.217.194.0-255,1484,43164,11,230918
8204,0.000399,172.31.36.0-255,66,43230,11,230918
8205,0.000412,172.31.36.0-255,66,43296,11,230918
8206,0.000435,172.217.194.0-255,2902,46198,11,230918
8207,0.000438,172.31.36.0-255,66,46264,11,230918
8208,0.000469,172.31.36.0-255,66,46330,11,230918
8209,0.000486,172.217.194.0-255,646,46976,11,230918
8210,0.000801,172.217.194.0-255,1484,48460,11,230918
8211,0.000807,172.31.36.0-255,66,48526,11,230918
8212,0.000812,172.217.194.0-255,2902,51428,11,230918
8213,0.000814,172.31.36.0-255,66,51494,11,230918
8214,0.000818,172.217.194.0-255,1484,52978,11,230918
8215,0.000838,172.217.194.0-255,4320,57298,11,230918
8216,0.000842,172.31.36.0-255,66,57364,11,230918
8217,0.000851,172.217.194.0-255,2902,60266,11,230918
8218,0.000853,172.31.36.0-255,66,60332,11,230918
8219,0.00089,172.217.194.0-255,1484,61816,11,230918
8220,0.000894,172.31.36.0-255,66,61882,11,230918
8221,0.000908,172.217.194.0-255,7156,69038,11,230918
8222,0.000911,172.31.36.0-255,66,69104,11,230918
8223,0.000931,172.217.194.0-255,2184,71288,11,230918
8224,0.000935,172.31.36.0-255,66,71354,11,230918
8225,0.001306,172.217.194.0-255,1484,72838,11,230918
8226,0.001329,172.217.194.0-255,2902,75740,11,230918
8227,0.001332,172.217.194.0-255,1484,77224,11,230918
8228,0.00134,172.31.36.0-255,66,77290,11,230918
8229,0.001348,172.217.194.0-255,4320,81610,11,230918
8230,0.00135,172.31.36.0-255,66,81676,11,230918
8231,0.001355,172.217.194.0-255,2902,84578,11,230918
8232,0.001357,172.31.36.0-255,66,84644,11,230918
8233,0.001384,172.217.194.0-255,4320,88964,11,230918
8234,0.001386,172.31.36.0-255,66,89030,11,230918
8235,0.001397,172.31.36.0-255,66,89096,11,230918
8236,0.001404,172.217.194.0-255,7156,96252,11,230918
8237,0.001407,172.31.36.0-255,66,96318,11,230918
8238,0.001428,172.217.194.0-255,766,97084,11,230918
8239,0.001471,172.31.36.0-255,66,97150,11,230918
8240,0.001483,172.31.36.0-255,66,97216,11,230918
8241,0.001509,172.217.194.0-255,1484,98700,11,230918
8242,0.001526,172.31.36.0-255,66,98766,11,230918
8243,0.001571,172.31.36.0-255,66,98832,11,230918
8244,0.001604,172.217.194.0-255,7156,105988,11,230918
8245,0.001607,172.31.36.0-255,66,106054,11,230918
8246,0.001624,172.31.36.0-255,66,106120,11,230918
8247,0.001627,172.217.194.0-255,766,106886,11,230918
8248,0.001648,172.217.194.0-255,4320,111206,11,230918
8249,0.001651,172.31.36.0-255,66,111272,11,230918
8250,0.001685,172.217.194.0-255,5738,117010,11,230918
8251,0.001688,172.31.36.0-255,66,117076,11,230918
8252,0.001702,172.31.36.0-255,66,117142,11,230918
8253,0.001712,172.31.36.0-255,66,117208,11,230918
8254,0.001738,172.217.194.0-255,3602,120810,11,230918
8255,0.00174,172.31.36.0-255,66,120876,11,230918
8256,0.001923,172.217.194.0-255,1484,122360,11,230918
8257,0.001929,172.217.194.0-255,2902,125262,11,230918
8258,0.001932,172.31.36.0-255,66,125328,11,230918
8259,0.001938,172.217.194.0-255,2902,128230,11,230918
8260,0.00194,172.31.36.0-255,66,128296,11,230918
8261,0.001959,172.217.194.0-255,2902,131198,11,230918
8262,0.001961,172.31.36.0-255,66,131264,11,230918
8263,0.001974,172.217.194.0-255,7156,138420,11,230918
8264,0.001976,172.31.36.0-255,66,138486,11,230918
8265,0.002012,172.217.194.0-255,1484,139970,11,230918
8266,0.002039,172.31.36.0-255,66,140036,11,230918
8267,0.002043,172.217.194.0-255,2184,142220,11,230918
8268,0.002045,172.31.36.0-255,66,142286,11,230918
8269,0.002162,172.217.194.0-255,1484,143770,11,230918
8270,0.002169,172.217.194.0-255,2902,146672,11,230918
8271,0.002173,172.31.36.0-255,66,146738,11,230918
8272,0.002178,172.217.194.0-255,2902,149640,11,230918
8273,0.00218,172.31.36.0-255,66,149706,11,230918
8274,0.002197,172.217.194.0-255,2902,152608,11,230918
8275,0.002199,172.31.36.0-255,66,152674,11,230918
8276,0.002205,172.217.194.0-255,5738,158412,11,230918
8277,0.002207,172.31.36.0-255,66,158478,11,230918
8278,0.002241,172.217.194.0-255,7156,165634,11,230918
8279,0.002244,172.31.36.0-255,66,165700,11,230918
8280,0.002252,172.217.194.0-255,7156,172856,11,230918
8281,0.002254,172.31.36.0-255,66,172922,11,230918
8282,0.00226,172.217.194.0-255,3602,176524,11,230918
8283,0.002262,172.31.36.0-255,66,176590,11,230918
8284,0.003435,172.217.194.0-255,1484,178074,11,230918
8285,0.003444,172.217.194.0-255,2902,180976,11,230918
8286,0.003449,172.31.36.0-255,66,181042,11,230918
8287,0.003455,172.217.194.0-255,2902,183944,11,230918
8288,0.003458,172.31.36.0-255,66,184010,11,230918
8289,0.003487,172.217.194.0-255,2902,186912,11,230918
8290,0.003489,172.31.36.0-255,66,186978,11,230918
8291,0.003502,172.31.36.0-255,66,187044,11,230918
8292,0.003513,172.31.36.0-255,66,187110,11,230918
8293,0.003542,172.217.194.0-255,5738,192848,11,230918
8294,0.003545,172.31.36.0-255,66,192914,11,230918
8295,0.003571,172.217.194.0-255,3602,196516,11,230918
8296,0.003573,172.31.36.0-255,66,196582,11,230918
8297,0.003585,172.31.36.0-255,66,196648,11,230918
8298,0.003596,172.31.36.0-255,66,196714,11,230918
8299,0.003627,172.31.36.0-255,66,196780,11,230918
8300,0.003905,172.217.194.0-255,1484,198264,11,230918
8301,0.003922,172.217.194.0-255,2902,201166,11,230918
8302,0.003924,172.31.36.0-255,66,201232,11,230918
8303,0.003928,172.217.194.0-255,1484,202716,11,230918
8304,0.003943,172.217.194.0-255,4320,207036,11,230918
8305,0.003946,172.31.36.0-255,66,207102,11,230918
8306,0.003952,172.217.194.0-255,4320,211422,11,230918
8307,0.003955,172.31.36.0-255,66,211488,11,230918
8308,0.003974,172.217.194.0-255,2902,214390,11,230918
8309,0.003976,172.31.36.0-255,66,214456,11,230918
8310,0.003979,172.217.194.0-255,1484,215940,11,230918
8311,0.003984,172.217.194.0-255,2902,218842,11,230918
8312,0.004006,172.217.194.0-255,5738,224580,11,230918
8313,0.00401,172.217.194.0-255,1611,226191,11,230918
8314,0.004012,172.217.194.0-255,97,226288,11,230918
8315,0.004059,172.217.194.0-255,105,226393,11,230918
8316,0.007131,172.31.36.0-255,66,226459,11,230918
8317,0.009144,172.31.36.0-255,105,226564,11,230918
8318,0.011411,172.217.194.0-255,66,226630,11,230918
8319,0.0316,172.31.36.0-255,172,226802,11,230918
8320,0.031634,172.31.36.0-255,1107,227909,11,230918
8321,0.031692,172.31.36.0-255,1514,229423,11,230918
8322,0.031694,172.31.36.0-255,1297,230720,11,230918
8323,0.033182,104.244.42.0-255,66,230786,11,230918
8324,0.033219,104.244.42.0-255,66,230852,11,230918
8325,0.033288,104.244.42.0-255,66,230918,11,230918
8326,0.0,172.217.27.0-255,148,148,11,304755
8327,2.4e-05,172.31.36.0-255,66,214,11,304755
8328,3.2e-05,172.217.27.0-255,1484,1698,11,304755
8329,3.6e-05,172.31.36.0-255,66,1764,11,304755
8330,4.1e-05,172.217.27.0-255,2902,4666,11,304755
8331,4.5e-05,172.31.36.0-255,66,4732,11,304755
8332,4.9e-05,172.217.27.0-255,1484,6216,11,304755
8333,5.2e-05,172.31.36.0-255,66,6282,11,304755
8334,5.7e-05,172.217.27.0-255,2902,9184,11,304755
8335,6.1e-05,172.31.36.0-255,66,9250,11,304755
8336,6.9e-05,172.217.27.0-255,6266,15516,11,304755
8337,7.2e-05,172.31.36.0-255,66,15582,11,304755
8338,8.8e-05,172.217.27.0-255,2902,18484,11,304755
8339,9e-05,172.31.36.0-255,66,18550,11,304755
8340,0.000125,172.31.36.0-255,66,18616,11,304755
8341,0.00013,172.217.27.0-255,2543,21159,11,304755
8342,0.000132,172.31.36.0-255,66,21225,11,304755
8343,0.000171,172.217.27.0-255,1484,22709,11,304755
8344,0.000173,172.31.36.0-255,66,22775,11,304755
8345,0.000177,172.217.27.0-255,1484,24259,11,304755
8346,0.000179,172.31.36.0-255,66,24325,11,304755
8347,0.000193,172.217.27.0-255,1484,25809,11,304755
8348,0.000196,172.31.36.0-255,66,25875,11,304755
8349,0.000202,172.217.27.0-255,5738,31613,11,304755
8350,0.000205,172.31.36.0-255,66,31679,11,304755
8351,0.000242,172.217.27.0-255,6797,38476,11,304755
8352,0.000245,172.31.36.0-255,66,38542,11,304755
8353,0.000331,172.217.27.0-255,1484,40026,11,304755
8354,0.000335,172.31.36.0-255,66,40092,11,304755
8355,0.000341,172.217.27.0-255,2902,42994,11,304755
8356,0.000343,172.31.36.0-255,66,43060,11,304755
8357,0.000349,172.217.27.0-255,4320,47380,11,304755
8358,0.000362,172.217.27.0-255,1484,48864,11,304755
8359,0.000391,172.217.27.0-255,2902,51766,11,304755
8360,0.000407,172.217.27.0-255,3961,55727,11,304755
8361,0.000512,172.31.36.0-255,66,55793,11,304755
8362,0.000926,172.217.27.0-255,645,56438,11,304755
8363,0.001054,172.31.36.0-255,66,56504,11,304755
8364,0.001229,172.217.27.0-255,1484,57988,11,304755
8365,0.001239,172.217.27.0-255,2902,60890,11,304755
8366,0.001245,172.217.27.0-255,2902,63792,11,304755
8367,0.00126,172.217.27.0-255,2902,66694,11,304755
8368,0.001274,172.217.27.0-255,4320,71014,11,304755
8369,0.001302,172.217.27.0-255,7156,78170,11,304755
8370,0.001319,172.217.27.0-255,3602,81772,11,304755
8371,0.001378,172.217.27.0-255,1484,83256,11,304755
8372,0.001406,172.217.27.0-255,1484,84740,11,304755
8373,0.001426,172.217.27.0-255,2902,87642,11,304755
8374,0.00143,172.217.27.0-255,2902,90544,11,304755
8375,0.001444,172.217.27.0-255,2902,93446,11,304755
8376,0.001449,172.217.27.0-255,4320,97766,11,304755
8377,0.001452,172.217.27.0-255,1484,99250,11,304755
8378,0.001469,172.217.27.0-255,4320,103570,11,304755
8379,0.001496,172.217.27.0-255,766,104336,11,304755
8380,0.001558,172.217.27.0-255,1484,105820,11,304755
8381,0.001565,172.217.27.0-255,2902,108722,11,304755
8382,0.001577,172.217.27.0-255,1484,110206,11,304755
8383,0.001593,172.217.27.0-255,4320,114526,11,304755
8384,0.001599,172.217.27.0-255,4320,118846,11,304755
8385,0.001603,172.217.27.0-255,2902,121748,11,304755
8386,0.001623,172.217.27.0-255,2902,124650,11,304755
8387,0.001651,172.217.27.0-255,1636,126286,11,304755
8388,0.007103,172.31.36.0-255,66,126352,11,304755
8389,0.008774,172.217.27.0-255,5738,132090,11,304755
8390,0.008783,172.31.36.0-255,66,132156,11,304755
8391,0.010426,172.217.27.0-255,5738,137894,11,304755
8392,0.012353,172.31.36.0-255,66,137960,11,304755
8393,0.014005,172.217.27.0-255,5738,143698,11,304755
8394,0.014018,172.31.36.0-255,66,143764,11,304755
8395,0.015664,172.217.27.0-255,5738,149502,11,304755
8396,0.015672,172.31.36.0-255,66,149568,11,304755
8397,0.017325,172.217.27.0-255,5738,155306,11,304755
8398,0.017334,172.31.36.0-255,66,155372,11,304755
8399,0.019028,172.217.27.0-255,5738,161110,11,304755
8400,0.019036,172.31.36.0-255,66,161176,11,304755
8401,0.020681,172.217.27.0-255,5738,166914,11,304755
8402,0.020688,172.31.36.0-255,66,166980,11,304755
8403,0.022333,172.217.27.0-255,5738,172718,11,304755
8404,0.022342,172.31.36.0-255,66,172784,11,304755
8405,0.023989,172.217.27.0-255,5738,178522,11,304755
8406,0.023996,172.31.36.0-255,66,178588,11,304755
8407,0.025645,172.217.27.0-255,5738,184326,11,304755
8408,0.025653,172.31.36.0-255,66,184392,11,304755
8409,0.027295,172.217.27.0-255,5738,190130,11,304755
8410,0.027302,172.31.36.0-255,66,190196,11,304755
8411,0.02895,172.217.27.0-255,5738,195934,11,304755
8412,0.028957,172.31.36.0-255,66,196000,11,304755
8413,0.029184,172.31.36.0-255,167,196167,11,304755
8414,0.029214,172.31.36.0-255,1107,197274,11,304755
8415,0.029336,172.31.36.0-255,1514,198788,11,304755
8416,0.029339,172.31.36.0-255,1297,200085,11,304755
8417,0.030607,172.217.27.0-255,5738,205823,11,304755
8418,0.030614,172.31.36.0-255,66,205889,11,304755
8419,0.030698,104.244.42.0-255,66,205955,11,304755
8420,0.03074,104.244.42.0-255,66,206021,11,304755
8421,0.030893,104.244.42.0-255,66,206087,11,304755
8422,0.032277,172.217.27.0-255,5738,211825,11,304755
8423,0.032284,172.31.36.0-255,66,211891,11,304755
8424,0.033942,172.217.27.0-255,5738,217629,11,304755
8425,0.033948,172.31.36.0-255,66,217695,11,304755
8426,0.035599,172.217.27.0-255,5738,223433,11,304755
8427,0.035606,172.31.36.0-255,66,223499,11,304755
8428,0.037259,172.217.27.0-255,5738,229237,11,304755
8429,0.037267,172.31.36.0-255,66,229303,11,304755
8430,0.038914,172.217.27.0-255,5738,235041,11,304755
8431,0.03892,172.31.36.0-255,66,235107,11,304755
8432,0.040586,172.217.27.0-255,5738,240845,11,304755
8433,0.040593,172.31.36.0-255,66,240911,11,304755
8434,0.042255,172.217.27.0-255,5738,246649,11,304755
8435,0.042263,172.31.36.0-255,66,246715,11,304755
8436,0.04391,172.217.27.0-255,5738,252453,11,304755
8437,0.043918,172.31.36.0-255,66,252519,11,304755
8438,0.045576,172.217.27.0-255,5738,258257,11,304755
8439,0.045599,172.31.36.0-255,66,258323,11,304755
8440,0.047262,172.217.27.0-255,5738,264061,11,304755
8441,0.047276,172.31.36.0-255,66,264127,11,304755
8442,0.048925,172.217.27.0-255,5738,269865,11,304755
8443,0.048933,172.31.36.0-255,66,269931,11,304755
8444,0.050587,172.217.27.0-255,5738,275669,11,304755
8445,0.050595,172.31.36.0-255,66,275735,11,304755
8446,0.052247,172.217.27.0-255,5738,281473,11,304755
8447,0.05226,172.31.36.0-255,66,281539,11,304755
8448,0.05393,172.217.27.0-255,5738,287277,11,304755
8449,0.053942,172.31.36.0-255,66,287343,11,304755
8450,0.055596,172.217.27.0-255,5738,293081,11,304755
8451,0.055603,172.31.36.0-255,66,293147,11,304755
8452,0.057255,172.217.27.0-255,5738,298885,11,304755
8453,0.057262,172.31.36.0-255,66,298951,11,304755
8454,0.058912,172.217.27.0-255,5738,304689,11,304755
8455,0.058919,172.31.36.0-255,66,304755,11,304755
8456,0.0,74.125.24.0-255,153,153,11,283192
8457,1.9e-05,172.31.36.0-255,66,219,11,283192
8458,2.5e-05,74.125.24.0-255,1484,1703,11,283192
8459,2.9e-05,172.31.36.0-255,66,1769,11,283192
8460,3.5e-05,74.125.24.0-255,2902,4671,11,283192
8461,3.7e-05,172.31.36.0-255,66,4737,11,283192
8462,4.4e-05,74.125.24.0-255,7156,11893,11,283192
8463,4.6e-05,172.31.36.0-255,66,11959,11,283192
8464,5e-05,74.125.24.0-255,2038,13997,11,283192
8465,5.2e-05,172.31.36.0-255,66,14063,11,283192
8466,0.000107,74.125.24.0-255,4320,18383,11,283192
8467,0.00011,172.31.36.0-255,66,18449,11,283192
8468,0.000129,74.125.24.0-255,7156,25605,11,283192
8469,0.000131,172.31.36.0-255,66,25671,11,283192
8470,0.000159,74.125.24.0-255,5379,31050,11,283192
8471,0.000162,172.31.36.0-255,66,31116,11,283192
8472,0.000217,74.125.24.0-255,1484,32600,11,283192
8473,0.000219,172.31.36.0-255,66,32666,11,283192
8474,0.000223,74.125.24.0-255,1484,34150,11,283192
8475,0.000224,172.31.36.0-255,66,34216,11,283192
8476,0.00024,74.125.24.0-255,1484,35700,11,283192
8477,0.000242,172.31.36.0-255,66,35766,11,283192
8478,0.000248,74.125.24.0-255,5738,41504,11,283192
8479,0.00025,172.31.36.0-255,66,41570,11,283192
8480,0.000255,74.125.24.0-255,4320,45890,11,283192
8481,0.000256,172.31.36.0-255,66,45956,11,283192
8482,0.000284,74.125.24.0-255,2543,48499,11,283192
8483,0.000287,172.31.36.0-255,66,48565,11,283192
8484,0.000294,74.125.24.0-255,7156,55721,11,283192
8485,0.000297,172.31.36.0-255,66,55787,11,283192
8486,0.0003,74.125.24.0-255,1484,57271,11,283192
8487,0.000302,172.31.36.0-255,66,57337,11,283192
8488,0.000334,172.31.36.0-255,66,57403,11,283192
8489,0.000337,74.125.24.0-255,110,57513,11,283192
8490,0.00036,74.125.24.0-255,332,57845,11,283192
8491,0.000964,74.125.24.0-255,1484,59329,11,283192
8492,0.00097,172.31.36.0-255,66,59395,11,283192
8493,0.000977,74.125.24.0-255,2902,62297,11,283192
8494,0.000979,172.31.36.0-255,66,62363,11,283192
8495,0.000984,74.125.24.0-255,5738,68101,11,283192
8496,0.000986,172.31.36.0-255,66,68167,11,283192
8497,0.000999,172.31.36.0-255,66,68233,11,283192
8498,0.001026,74.125.24.0-255,4320,72553,11,283192
8499,0.00103,172.31.36.0-255,66,72619,11,283192
8500,0.001034,74.125.24.0-255,2902,75521,11,283192
8501,0.001036,172.31.36.0-255,66,75587,11,283192
8502,0.001067,172.31.36.0-255,66,75653,11,283192
8503,0.001445,74.125.24.0-255,1484,77137,11,283192
8504,0.001452,74.125.24.0-255,2902,80039,11,283192
8505,0.001455,172.31.36.0-255,66,80105,11,283192
8506,0.0015,74.125.24.0-255,5738,85843,11,283192
8507,0.001503,172.31.36.0-255,66,85909,11,283192
8508,0.001506,74.125.24.0-255,1484,87393,11,283192
8509,0.001515,172.31.36.0-255,66,87459,11,283192
8510,0.001549,74.125.24.0-255,2902,90361,11,283192
8511,0.001552,172.31.36.0-255,66,90427,11,283192
8512,0.001584,172.31.36.0-255,66,90493,11,283192
8513,0.001782,74.125.24.0-255,1484,91977,11,283192
8514,0.001788,74.125.24.0-255,2902,94879,11,283192
8515,0.001791,172.31.36.0-255,66,94945,11,283192
8516,0.001821,74.125.24.0-255,2902,97847,11,283192
8517,0.001823,172.31.36.0-255,66,97913,11,283192
8518,0.001841,74.125.24.0-255,1484,99397,11,283192
8519,0.001847,74.125.24.0-255,5738,105135,11,283192
8520,0.00185,172.31.36.0-255,66,105201,11,283192
8521,0.001856,74.125.24.0-255,5738,110939,11,283192
8522,0.001858,172.31.36.0-255,66,111005,11,283192
8523,0.001874,74.125.24.0-255,5738,116743,11,283192
8524,0.001876,172.31.36.0-255,66,116809,11,283192
8525,0.001882,74.125.24.0-255,4320,121129,11,283192
8526,0.001884,172.31.36.0-255,66,121195,11,283192
8527,0.001908,74.125.24.0-255,3602,124797,11,283192
8528,0.00191,172.31.36.0-255,66,124863,11,283192
8529,0.001924,74.125.24.0-255,4320,129183,11,283192
8530,0.001926,172.31.36.0-255,66,129249,11,283192
8531,0.001936,74.125.24.0-255,1484,130733,11,283192
8532,0.00194,74.125.24.0-255,2902,133635,11,283192
8533,0.001942,172.31.36.0-255,66,133701,11,283192
8534,0.001955,74.125.24.0-255,4320,138021,11,283192
8535,0.001958,172.31.36.0-255,66,138087,11,283192
8536,0.001972,172.31.36.0-255,66,138153,11,283192
8537,0.001976,74.125.24.0-255,2902,141055,11,283192
8538,0.001978,172.31.36.0-255,66,141121,11,283192
8539,0.002,74.125.24.0-255,3602,144723,11,283192
8540,0.002025,172.31.36.0-255,66,144789,11,283192
8541,0.002377,172.31.36.0-255,101,144890,11,283192
8542,0.004361,74.125.24.0-255,1484,146374,11,283192
8543,0.004408,74.125.24.0-255,4320,150694,11,283192
8544,0.004412,172.31.36.0-255,66,150760,11,283192
8545,0.004706,74.125.24.0-255,66,150826,11,283192
8546,0.006805,74.125.24.0-255,4320,155146,11,283192
8547,0.006809,172.31.36.0-255,66,155212,11,283192
8548,0.006829,74.125.24.0-255,1484,156696,11,283192
8549,0.009173,74.125.24.0-255,4320,161016,11,283192
8550,0.00918,172.31.36.0-255,66,161082,11,283192
8551,0.011565,74.125.24.0-255,5738,166820,11,283192
8552,0.011572,172.31.36.0-255,66,166886,11,283192
8553,0.013946,74.125.24.0-255,5738,172624,11,283192
8554,0.013954,172.31.36.0-255,66,172690,11,283192
8555,0.016334,74.125.24.0-255,5738,178428,11,283192
8556,0.016342,172.31.36.0-255,66,178494,11,283192
8557,0.01872,74.125.24.0-255,5738,184232,11,283192
8558,0.018728,172.31.36.0-255,66,184298,11,283192
8559,0.0211,74.125.24.0-255,5738,190036,11,283192
8560,0.021107,172.31.36.0-255,66,190102,11,283192
8561,0.023486,74.125.24.0-255,5738,195840,11,283192
8562,0.023494,172.31.36.0-255,66,195906,11,283192
8563,0.025967,74.125.24.0-255,5738,201644,11,283192
8564,0.025974,172.31.36.0-255,66,201710,11,283192
8565,0.028387,74.125.24.0-255,5738,207448,11,283192
8566,0.028393,172.31.36.0-255,66,207514,11,283192
8567,0.028837,172.31.36.0-255,166,207680,11,283192
8568,0.028877,172.31.36.0-255,1135,208815,11,283192
8569,0.028947,172.31.36.0-255,1514,210329,11,283192
8570,0.02895,172.31.36.0-255,1269,211598,11,283192
8571,0.030505,104.244.42.0-255,66,211664,11,283192
8572,0.030547,104.244.42.0-255,66,211730,11,283192
8573,0.030592,104.244.42.0-255,66,211796,11,283192
8574,0.030744,74.125.24.0-255,5738,217534,11,283192
8575,0.030749,172.31.36.0-255,66,217600,11,283192
8576,0.033146,74.125.24.0-255,5738,223338,11,283192
8577,0.033155,172.31.36.0-255,66,223404,11,283192
8578,0.035533,74.125.24.0-255,4320,227724,11,283192
8579,0.035538,172.31.36.0-255,66,227790,11,283192
8580,0.035568,74.125.24.0-255,1484,229274,11,283192
8581,0.037961,74.125.24.0-255,4320,233594,11,283192
8582,0.037967,172.31.36.0-255,66,233660,11,283192
8583,0.040345,74.125.24.0-255,5738,239398,11,283192
8584,0.040351,172.31.36.0-255,66,239464,11,283192
8585,0.042726,74.125.24.0-255,4320,243784,11,283192
8586,0.042732,172.31.36.0-255,66,243850,11,283192
8587,0.042761,74.125.24.0-255,1484,245334,11,283192
8588,0.045102,74.125.24.0-255,4320,249654,11,283192
8589,0.045109,172.31.36.0-255,66,249720,11,283192
8590,0.047483,74.125.24.0-255,5738,255458,11,283192
8591,0.04749,172.31.36.0-255,66,255524,11,283192
8592,0.049863,74.125.24.0-255,5738,261262,11,283192
8593,0.049871,172.31.36.0-255,66,261328,11,283192
8594,0.052366,74.125.24.0-255,5738,267066,11,283192
8595,0.052372,172.31.36.0-255,66,267132,11,283192
8596,0.054762,74.125.24.0-255,4320,271452,11,283192
8597,0.054767,172.31.36.0-255,66,271518,11,283192
8598,0.054798,74.125.24.0-255,1484,273002,11,283192
8599,0.05711,74.125.24.0-255,4320,277322,11,283192
8600,0.057116,172.31.36.0-255,66,277388,11,283192
8601,0.059468,74.125.24.0-255,5738,283126,11,283192
8602,0.059475,172.31.36.0-255,66,283192,11,283192
8603,0.0,172.217.194.0-255,298,298,11,252599
8604,3.3e-05,172.31.36.0-255,66,364,11,252599
8605,3.9e-05,172.217.194.0-255,1484,1848,11,252599
8606,4.3e-05,172.31.36.0-255,66,1914,11,252599
8607,4.8e-05,172.217.194.0-255,4320,6234,11,252599
8608,5e-05,172.31.36.0-255,66,6300,11,252599
8609,7.1e-05,172.31.36.0-255,66,6366,11,252599
8610,7.7e-05,172.217.194.0-255,5738,12104,11,252599
8611,7.9e-05,172.31.36.0-255,66,12170,11,252599
8612,0.000136,172.31.36.0-255,66,12236,11,252599
8613,0.000178,172.217.194.0-255,1484,13720,11,252599
8614,0.000182,172.31.36.0-255,66,13786,11,252599
8615,0.000187,172.217.194.0-255,1484,15270,11,252599
8616,0.000189,172.31.36.0-255,66,15336,11,252599
8617,0.00022,172.217.194.0-255,1484,16820,11,252599
8618,0.000223,172.31.36.0-255,66,16886,11,252599
8619,0.00023,172.217.194.0-255,5738,22624,11,252599
8620,0.000233,172.31.36.0-255,66,22690,11,252599
8621,0.000239,172.217.194.0-255,4320,27010,11,252599
8622,0.000241,172.31.36.0-255,66,27076,11,252599
8623,0.000244,172.217.194.0-255,1484,28560,11,252599
8624,0.000246,172.31.36.0-255,66,28626,11,252599
8625,0.000287,172.31.36.0-255,66,28692,11,252599
8626,0.000295,172.217.194.0-255,6797,35489,11,252599
8627,0.000297,172.31.36.0-255,66,35555,11,252599
8628,0.000476,172.217.194.0-255,645,36200,11,252599
8629,0.000481,172.31.36.0-255,66,36266,11,252599
8630,0.000583,172.217.194.0-255,1484,37750,11,252599
8631,0.000588,172.31.36.0-255,66,37816,11,252599
8632,0.000593,172.217.194.0-255,2902,40718,11,252599
8633,0.000599,172.217.194.0-255,4320,45038,11,252599
8634,0.000605,172.31.36.0-255,66,45104,11,252599
8635,0.000622,172.217.194.0-255,1484,46588,11,252599
8636,0.000643,172.31.36.0-255,66,46654,11,252599
8637,0.000691,172.217.194.0-255,7156,53810,11,252599
8638,0.000695,172.31.36.0-255,66,53876,11,252599
8639,0.00072,172.217.194.0-255,3602,57478,11,252599
8640,0.000727,172.31.36.0-255,66,57544,11,252599
8641,0.00114,172.217.194.0-255,1484,59028,11,252599
8642,0.00115,172.217.194.0-255,2902,61930,11,252599
8643,0.001154,172.31.36.0-255,66,61996,11,252599
8644,0.001161,172.217.194.0-255,5738,67734,11,252599
8645,0.001198,172.217.194.0-255,2902,70636,11,252599
8646,0.001284,172.217.194.0-255,1484,72120,11,252599
8647,0.001299,172.217.194.0-255,2902,75022,11,252599
8648,0.001305,172.217.194.0-255,4320,79342,11,252599
8649,0.001318,172.217.194.0-255,1484,80826,11,252599
8650,0.001364,172.217.194.0-255,1484,82310,11,252599
8651,0.00137,172.217.194.0-255,5738,88048,11,252599
8652,0.001393,172.217.194.0-255,2902,90950,11,252599
8653,0.001407,172.217.194.0-255,2184,93134,11,252599
8654,0.001506,172.217.194.0-255,1484,94618,11,252599
8655,0.001511,172.217.194.0-255,2902,97520,11,252599
8656,0.001534,172.217.194.0-255,5738,103258,11,252599
8657,0.001552,172.217.194.0-255,5738,108996,11,252599
8658,0.001574,172.217.194.0-255,5738,114734,11,252599
8659,0.001603,172.217.194.0-255,4320,119054,11,252599
8660,0.00163,172.217.194.0-255,2902,121956,11,252599
8661,0.001666,172.217.194.0-255,6438,128394,11,252599
8662,0.001865,172.217.194.0-255,1484,129878,11,252599
8663,0.001871,172.217.194.0-255,2902,132780,11,252599
8664,0.001877,172.217.194.0-255,4320,137100,11,252599
8665,0.001891,172.217.194.0-255,1484,138584,11,252599
8666,0.001944,172.217.194.0-255,4320,142904,11,252599
8667,0.001964,172.217.194.0-255,7156,150060,11,252599
8668,0.002011,172.217.194.0-255,1484,151544,11,252599
8669,0.002016,172.217.194.0-255,2902,154446,11,252599
8670,0.002032,172.217.194.0-255,4320,158766,11,252599
8671,0.002041,172.217.194.0-255,1484,160250,11,252599
8672,0.002057,172.217.194.0-255,7156,167406,11,252599
8673,0.002068,172.217.194.0-255,4320,171726,11,252599
8674,0.002073,172.217.194.0-255,4320,176046,11,252599
8675,0.002115,172.217.194.0-255,1484,177530,11,252599
8676,0.002127,172.217.194.0-255,2902,180432,11,252599
8677,0.002148,172.217.194.0-255,5738,186170,11,252599
8678,0.002583,172.217.194.0-255,1484,187654,11,252599
8679,0.005989,172.31.36.0-255,66,187720,11,252599
8680,0.008572,172.217.194.0-255,5738,193458,11,252599
8681,0.008579,172.31.36.0-255,66,193524,11,252599
8682,0.011189,172.217.194.0-255,5738,199262,11,252599
8683,0.011196,172.31.36.0-255,66,199328,11,252599
8684,0.013777,172.217.194.0-255,5738,205066,11,252599
8685,0.014341,172.31.36.0-255,66,205132,11,252599
8686,0.016918,172.217.194.0-255,5738,210870,11,252599
8687,0.016933,172.31.36.0-255,66,210936,11,252599
8688,0.019522,172.217.194.0-255,5738,216674,11,252599
8689,0.019535,172.31.36.0-255,66,216740,11,252599
8690,0.022114,172.217.194.0-255,5738,222478,11,252599
8691,0.022124,172.31.36.0-255,66,222544,11,252599
8692,0.024737,172.217.194.0-255,5738,228282,11,252599
8693,0.024749,172.31.36.0-255,66,228348,11,252599
8694,0.027316,172.217.194.0-255,5738,234086,11,252599
8695,0.02733,172.31.36.0-255,66,234152,11,252599
8696,0.029895,172.217.194.0-255,5738,239890,11,252599
8697,0.029905,172.31.36.0-255,66,239956,11,252599
8698,0.032479,172.217.194.0-255,5738,245694,11,252599
8699,0.032488,172.31.36.0-255,66,245760,11,252599
8700,0.033145,172.31.36.0-255,167,245927,11,252599
8701,0.033189,172.31.36.0-255,1107,247034,11,252599
8702,0.033263,172.31.36.0-255,1514,248548,11,252599
8703,0.033265,172.31.36.0-255,1297,249845,11,252599
8704,0.03466,104.244.42.0-255,66,249911,11,252599
8705,0.034818,104.244.42.0-255,66,249977,11,252599
8706,0.034821,104.244.42.0-255,66,250043,11,252599
8707,0.035064,172.217.194.0-255,2319,252362,11,252599
8708,0.035071,172.31.36.0-255,66,252428,11,252599
8709,0.035262,172.31.36.0-255,105,252533,11,252599
8710,0.037808,172.217.194.0-255,66,252599,11,252599
8711,0.0,74.125.24.0-255,150,150,11,294951
8712,3.1e-05,172.31.36.0-255,66,216,11,294951
8713,3.8e-05,74.125.24.0-255,1484,1700,11,294951
8714,4.2e-05,172.31.36.0-255,66,1766,11,294951
8715,4.7e-05,74.125.24.0-255,2902,4668,11,294951
8716,5.9e-05,172.31.36.0-255,66,4734,11,294951
8717,6.7e-05,74.125.24.0-255,7156,11890,11,294951
8718,6.9e-05,172.31.36.0-255,66,11956,11,294951
8719,9.3e-05,172.31.36.0-255,66,12022,11,294951
8720,0.000119,74.125.24.0-255,6309,18331,11,294951
8721,0.000122,172.31.36.0-255,66,18397,11,294951
8722,0.000126,74.125.24.0-255,2543,20940,11,294951
8723,0.000128,172.31.36.0-255,66,21006,11,294951
8724,0.000202,74.125.24.0-255,1484,22490,11,294951
8725,0.000206,172.31.36.0-255,66,22556,11,294951
8726,0.000212,74.125.24.0-255,2902,25458,11,294951
8727,0.000214,172.31.36.0-255,66,25524,11,294951
8728,0.000225,74.125.24.0-255,5738,31262,11,294951
8729,0.000228,172.31.36.0-255,66,31328,11,294951
8730,0.000236,74.125.24.0-255,6797,38125,11,294951
8731,0.000239,172.31.36.0-255,66,38191,11,294951
8732,0.000273,74.125.24.0-255,5738,43929,11,294951
8733,0.000278,172.31.36.0-255,66,43995,11,294951
8734,0.000318,172.31.36.0-255,66,44061,11,294951
8735,0.000323,74.125.24.0-255,2543,46604,11,294951
8736,0.000324,172.31.36.0-255,66,46670,11,294951
8737,0.000327,74.125.24.0-255,364,47034,11,294951
8738,0.000334,172.31.36.0-255,66,47100,11,294951
8739,0.000688,74.125.24.0-255,130,47230,11,294951
8740,0.000694,172.31.36.0-255,66,47296,11,294951
8741,0.000875,74.125.24.0-255,1484,48780,11,294951
8742,0.000893,74.125.24.0-255,2902,51682,11,294951
8743,0.000897,172.31.36.0-255,66,51748,11,294951
8744,0.000905,74.125.24.0-255,5738,57486,11,294951
8745,0.000907,172.31.36.0-255,66,57552,11,294951
8746,0.000946,74.125.24.0-255,2902,60454,11,294951
8747,0.000949,172.31.36.0-255,66,60520,11,294951
8748,0.000979,74.125.24.0-255,3961,64481,11,294951
8749,0.000982,172.31.36.0-255,66,64547,11,294951
8750,0.000987,74.125.24.0-255,2902,67449,11,294951
8751,0.000989,172.31.36.0-255,66,67515,11,294951
8752,0.000995,74.125.24.0-255,4320,71835,11,294951
8753,0.001004,172.31.36.0-255,66,71901,11,294951
8754,0.001035,74.125.24.0-255,1484,73385,11,294951
8755,0.001068,74.125.24.0-255,7156,80541,11,294951
8756,0.001074,172.31.36.0-255,66,80607,11,294951
8757,0.001077,74.125.24.0-255,1125,81732,11,294951
8758,0.001392,74.125.24.0-255,1484,83216,11,294951
8759,0.001399,172.31.36.0-255,66,83282,11,294951
8760,0.001405,74.125.24.0-255,2902,86184,11,294951
8761,0.001408,172.31.36.0-255,66,86250,11,294951
8762,0.00142,74.125.24.0-255,5738,91988,11,294951
8763,0.001422,172.31.36.0-255,66,92054,11,294951
8764,0.001466,172.31.36.0-255,66,92120,11,294951
8765,0.001471,74.125.24.0-255,2902,95022,11,294951
8766,0.001473,172.31.36.0-255,66,95088,11,294951
8767,0.001478,74.125.24.0-255,4320,99408,11,294951
8768,0.00148,172.31.36.0-255,66,99474,11,294951
8769,0.00151,74.125.24.0-255,3602,103076,11,294951
8770,0.001513,172.31.36.0-255,66,103142,11,294951
8771,0.001554,74.125.24.0-255,1484,104626,11,294951
8772,0.001561,74.125.24.0-255,2902,107528,11,294951
8773,0.001565,172.31.36.0-255,66,107594,11,294951
8774,0.001569,74.125.24.0-255,1484,109078,11,294951
8775,0.001594,74.125.24.0-255,4320,113398,11,294951
8776,0.001598,172.31.36.0-255,66,113464,11,294951
8777,0.001604,74.125.24.0-255,4320,117784,11,294951
8778,0.001606,172.31.36.0-255,66,117850,11,294951
8779,0.001641,172.31.36.0-255,66,117916,11,294951
8780,0.001654,172.31.36.0-255,66,117982,11,294951
8781,0.001679,74.125.24.0-255,766,118748,11,294951
8782,0.001693,172.31.36.0-255,66,118814,11,294951
8783,0.001728,172.31.36.0-255,66,118880,11,294951
8784,0.001751,172.31.36.0-255,66,118946,11,294951
8785,0.001789,74.125.24.0-255,1484,120430,11,294951
8786,0.0018,74.125.24.0-255,2902,123332,11,294951
8787,0.001802,172.31.36.0-255,66,123398,11,294951
8788,0.001842,74.125.24.0-255,5738,129136,11,294951
8789,0.001845,172.31.36.0-255,66,129202,11,294951
8790,0.00187,74.125.24.0-255,7156,136358,11,294951
8791,0.001872,172.31.36.0-255,66,136424,11,294951
8792,0.001896,74.125.24.0-255,4320,140744,11,294951
8793,0.001898,172.31.36.0-255,66,140810,11,294951
8794,0.00191,172.31.36.0-255,66,140876,11,294951
8795,0.002287,74.125.24.0-255,1484,142360,11,294951
8796,0.002299,74.125.24.0-255,2902,145262,11,294951
8797,0.002302,172.31.36.0-255,66,145328,11,294951
8798,0.002327,74.125.24.0-255,4320,149648,11,294951
8799,0.00233,172.31.36.0-255,66,149714,11,294951
8800,0.004614,74.125.24.0-255,1484,151198,11,294951
8801,0.00463,74.125.24.0-255,4320,155518,11,294951
8802,0.004634,172.31.36.0-255,66,155584,11,294951
8803,0.006956,74.125.24.0-255,5738,161322,11,294951
8804,0.006962,172.31.36.0-255,66,161388,11,294951
8805,0.009258,74.125.24.0-255,5738,167126,11,294951
8806,0.009264,172.31.36.0-255,66,167192,11,294951
8807,0.011567,74.125.24.0-255,5738,172930,11,294951
8808,0.011576,172.31.36.0-255,66,172996,11,294951
8809,0.013881,74.125.24.0-255,5738,178734,11,294951
8810,0.013891,172.31.36.0-255,66,178800,11,294951
8811,0.016253,74.125.24.0-255,5738,184538,11,294951
8812,0.016262,172.31.36.0-255,66,184604,11,294951
8813,0.018576,74.125.24.0-255,5738,190342,11,294951
8814,0.018585,172.31.36.0-255,66,190408,11,294951
8815,0.020882,74.125.24.0-255,5738,196146,11,294951
8816,0.020892,172.31.36.0-255,66,196212,11,294951
8817,0.023237,74.125.24.0-255,5738,201950,11,294951
8818,0.023244,172.31.36.0-255,66,202016,11,294951
8819,0.025578,74.125.24.0-255,5738,207754,11,294951
8820,0.025585,172.31.36.0-255,66,207820,11,294951
8821,0.027907,74.125.24.0-255,5738,213558,11,294951
8822,0.027914,172.31.36.0-255,66,213624,11,294951
8823,0.029001,172.31.36.0-255,171,213795,11,294951
8824,0.029032,172.31.36.0-255,1131,214926,11,294951
8825,0.029072,172.31.36.0-255,1514,216440,11,294951
8826,0.029073,172.31.36.0-255,1514,217954,11,294951
8827,0.029075,172.31.36.0-255,1514,219468,11,294951
8828,0.029098,172.31.36.0-255,1053,220521,11,294951
8829,0.030237,74.125.24.0-255,4320,224841,11,294951
8830,0.030244,172.31.36.0-255,66,224907,11,294951
8831,0.030279,74.125.24.0-255,1484,226391,11,294951
8832,0.030564,104.244.42.0-255,66,226457,11,294951
8833,0.030604,104.244.42.0-255,66,226523,11,294951
8834,0.030638,104.244.42.0-255,66,226589,11,294951
8835,0.030642,104.244.42.0-255,66,226655,11,294951
8836,0.032527,74.125.24.0-255,4320,230975,11,294951
8837,0.032531,172.31.36.0-255,66,231041,11,294951
8838,0.034839,74.125.24.0-255,5738,236779,11,294951
8839,0.034844,172.31.36.0-255,66,236845,11,294951
8840,0.037129,74.125.24.0-255,5738,242583,11,294951
8841,0.037135,172.31.36.0-255,66,242649,11,294951
8842,0.039473,74.125.24.0-255,5738,248387,11,294951
8843,0.039478,172.31.36.0-255,66,248453,11,294951
8844,0.041779,74.125.24.0-255,5738,254191,11,294951
8845,0.041785,172.31.36.0-255,66,254257,11,294951
8846,0.044094,74.125.24.0-255,5738,259995,11,294951
8847,0.044099,172.31.36.0-255,66,260061,11,294951
8848,0.046404,74.125.24.0-255,5738,265799,11,294951
8849,0.046409,172.31.36.0-255,66,265865,11,294951
8850,0.048729,74.125.24.0-255,5738,271603,11,294951
8851,0.048735,172.31.36.0-255,66,271669,11,294951
8852,0.05105,74.125.24.0-255,5738,277407,11,294951
8853,0.051055,172.31.36.0-255,66,277473,11,294951
8854,0.053369,74.125.24.0-255,5738,283211,11,294951
8855,0.053374,172.31.36.0-255,66,283277,11,294951
8856,0.055691,74.125.24.0-255,5738,289015,11,294951
8857,0.055696,172.31.36.0-255,66,289081,11,294951
8858,0.057992,74.125.24.0-255,4320,293401,11,294951
8859,0.057998,172.31.36.0-255,66,293467,11,294951
8860,0.058033,74.125.24.0-255,1484,294951,11,294951
8861,0.0,216.58.221.0-255,152,152,11,302201
8862,2.4e-05,172.31.36.0-255,66,218,11,302201
8863,3e-05,216.58.221.0-255,1484,1702,11,302201
8864,3.4e-05,172.31.36.0-255,66,1768,11,302201
8865,3.9e-05,216.58.221.0-255,2902,4670,11,302201
8866,4.1e-05,172.31.36.0-255,66,4736,11,302201
8867,6.3e-05,216.58.221.0-255,5738,10474,11,302201
8868,6.5e-05,172.31.36.0-255,66,10540,11,302201
8869,7e-05,216.58.221.0-255,2902,13442,11,302201
8870,7.2e-05,172.31.36.0-255,66,13508,11,302201
8871,8.6e-05,216.58.221.0-255,601,14109,11,302201
8872,8.8e-05,172.31.36.0-255,66,14175,11,302201
8873,9.3e-05,216.58.221.0-255,4320,18495,11,302201
8874,9.6e-05,172.31.36.0-255,66,18561,11,302201
8875,0.000143,172.31.36.0-255,66,18627,11,302201
8876,0.000166,216.58.221.0-255,1484,20111,11,302201
8877,0.000169,172.31.36.0-255,66,20177,11,302201
8878,0.000182,216.58.221.0-255,1125,21302,11,302201
8879,0.000184,172.31.36.0-255,66,21368,11,302201
8880,0.000229,216.58.221.0-255,1484,22852,11,302201
8881,0.000233,172.31.36.0-255,66,22918,11,302201
8882,0.000238,216.58.221.0-255,2902,25820,11,302201
8883,0.000239,172.31.36.0-255,66,25886,11,302201
8884,0.000242,216.58.221.0-255,1484,27370,11,302201
8885,0.000244,172.31.36.0-255,66,27436,11,302201
8886,0.000269,216.58.221.0-255,4320,31756,11,302201
8887,0.000273,172.31.36.0-255,66,31822,11,302201
8888,0.00028,216.58.221.0-255,6797,38619,11,302201
8889,0.000282,172.31.36.0-255,66,38685,11,302201
8890,0.000476,216.58.221.0-255,1484,40169,11,302201
8891,0.000482,172.31.36.0-255,66,40235,11,302201
8892,0.000487,216.58.221.0-255,1484,41719,11,302201
8893,0.000491,216.58.221.0-255,2902,44621,11,302201
8894,0.000493,172.31.36.0-255,66,44687,11,302201
8895,0.000499,216.58.221.0-255,5738,50425,11,302201
8896,0.000503,172.31.36.0-255,66,50491,11,302201
8897,0.000548,216.58.221.0-255,5707,56198,11,302201
8898,0.000553,172.31.36.0-255,66,56264,11,302201
8899,0.000855,216.58.221.0-255,115,56379,11,302201
8900,0.000981,216.58.221.0-255,1484,57863,11,302201
8901,0.000987,172.31.36.0-255,66,57929,11,302201
8902,0.000993,216.58.221.0-255,2902,60831,11,302201
8903,0.000995,172.31.36.0-255,66,60897,11,302201
8904,0.001016,216.58.221.0-255,5738,66635,11,302201
8905,0.001019,172.31.36.0-255,66,66701,11,302201
8906,0.001038,216.58.221.0-255,4320,71021,11,302201
8907,0.001041,172.31.36.0-255,66,71087,11,302201
8908,0.001064,216.58.221.0-255,2543,73630,11,302201
8909,0.001067,172.31.36.0-255,66,73696,11,302201
8910,0.001088,216.58.221.0-255,2902,76598,11,302201
8911,0.001093,172.31.36.0-255,66,76664,11,302201
8912,0.001112,216.58.221.0-255,4320,80984,11,302201
8913,0.001115,172.31.36.0-255,66,81050,11,302201
8914,0.001119,216.58.221.0-255,1484,82534,11,302201
8915,0.001139,216.58.221.0-255,7156,89690,11,302201
8916,0.001142,172.31.36.0-255,66,89756,11,302201
8917,0.001145,216.58.221.0-255,1125,90881,11,302201
8918,0.001343,172.31.36.0-255,66,90947,11,302201
8919,0.001694,216.58.221.0-255,1484,92431,11,302201
8920,0.001714,216.58.221.0-255,2902,95333,11,302201
8921,0.001718,172.31.36.0-255,66,95399,11,302201
8922,0.001725,216.58.221.0-255,5738,101137,11,302201
8923,0.001726,172.31.36.0-255,66,101203,11,302201
8924,0.001729,216.58.221.0-255,1484,102687,11,302201
8925,0.001762,172.31.36.0-255,66,102753,11,302201
8926,0.001773,172.31.36.0-255,66,102819,11,302201
8927,0.001792,216.58.221.0-255,766,103585,11,302201
8928,0.001814,216.58.221.0-255,1484,105069,11,302201
8929,0.001818,172.31.36.0-255,66,105135,11,302201
8930,0.001822,216.58.221.0-255,1484,106619,11,302201
8931,0.001836,216.58.221.0-255,2902,109521,11,302201
8932,0.001839,172.31.36.0-255,66,109587,11,302201
8933,0.001847,216.58.221.0-255,7156,116743,11,302201
8934,0.001849,172.31.36.0-255,66,116809,11,302201
8935,0.001872,216.58.221.0-255,2902,119711,11,302201
8936,0.001877,172.31.36.0-255,66,119777,11,302201
8937,0.001879,216.58.221.0-255,7156,126933,11,302201
8938,0.001881,172.31.36.0-255,66,126999,11,302201
8939,0.001891,172.31.36.0-255,66,127065,11,302201
8940,0.001945,216.58.221.0-255,2184,129249,11,302201
8941,0.001949,172.31.36.0-255,66,129315,11,302201
8942,0.003815,216.58.221.0-255,2902,132217,11,302201
8943,0.00382,172.31.36.0-255,66,132283,11,302201
8944,0.003866,216.58.221.0-255,2902,135185,11,302201
8945,0.00387,172.31.36.0-255,66,135251,11,302201
8946,0.005758,216.58.221.0-255,2902,138153,11,302201
8947,0.005765,172.31.36.0-255,66,138219,11,302201
8948,0.005788,216.58.221.0-255,2902,141121,11,302201
8949,0.00579,172.31.36.0-255,66,141187,11,302201
8950,0.007709,216.58.221.0-255,5738,146925,11,302201
8951,0.007716,172.31.36.0-255,66,146991,11,302201
8952,0.009649,216.58.221.0-255,5738,152729,11,302201
8953,0.009656,172.31.36.0-255,66,152795,11,302201
8954,0.011598,216.58.221.0-255,5738,158533,11,302201
8955,0.011607,172.31.36.0-255,66,158599,11,302201
8956,0.01355,216.58.221.0-255,5738,164337,11,302201
8957,0.01356,172.31.36.0-255,66,164403,11,302201
8958,0.015504,216.58.221.0-255,5738,170141,11,302201
8959,0.015513,172.31.36.0-255,66,170207,11,302201
8960,0.017449,216.58.221.0-255,5738,175945,11,302201
8961,0.017457,172.31.36.0-255,66,176011,11,302201
8962,0.019398,216.58.221.0-255,5738,181749,11,302201
8963,0.019407,172.31.36.0-255,66,181815,11,302201
8964,0.021347,216.58.221.0-255,5738,187553,11,302201
8965,0.021355,172.31.36.0-255,66,187619,11,302201
8966,0.022264,172.31.36.0-255,190,187809,11,302201
8967,0.022302,172.31.36.0-255,1107,188916,11,302201
8968,0.022362,172.31.36.0-255,1514,190430,11,302201
8969,0.022364,172.31.36.0-255,1297,191727,11,302201
8970,0.023291,216.58.221.0-255,5738,197465,11,302201
8971,0.0233,172.31.36.0-255,66,197531,11,302201
8972,0.023816,104.244.42.0-255,66,197597,11,302201
8973,0.023851,104.244.42.0-255,66,197663,11,302201
8974,0.023906,104.244.42.0-255,66,197729,11,302201
8975,0.025238,216.58.221.0-255,5738,203467,11,302201
8976,0.025245,172.31.36.0-255,66,203533,11,302201
8977,0.027194,216.58.221.0-255,5738,209271,11,302201
8978,0.0272,172.31.36.0-255,66,209337,11,302201
8979,0.029153,216.58.221.0-255,5738,215075,11,302201
8980,0.02916,172.31.36.0-255,66,215141,11,302201
8981,0.031102,216.58.221.0-255,5738,220879,11,302201
8982,0.031109,172.31.36.0-255,66,220945,11,302201
8983,0.033049,216.58.221.0-255,5738,226683,11,302201
8984,0.033055,172.31.36.0-255,66,226749,11,302201
8985,0.035006,216.58.221.0-255,5738,232487,11,302201
8986,0.035013,172.31.36.0-255,66,232553,11,302201
8987,0.03696,216.58.221.0-255,5738,238291,11,302201
8988,0.036967,172.31.36.0-255,66,238357,11,302201
8989,0.038916,216.58.221.0-255,5738,244095,11,302201
8990,0.038923,172.31.36.0-255,66,244161,11,302201
8991,0.040865,216.58.221.0-255,5738,249899,11,302201
8992,0.040874,172.31.36.0-255,66,249965,11,302201
8993,0.042811,216.58.221.0-255,5738,255703,11,302201
8994,0.042817,172.31.36.0-255,66,255769,11,302201
8995,0.044753,216.58.221.0-255,5738,261507,11,302201
8996,0.04476,172.31.36.0-255,66,261573,11,302201
8997,0.046704,216.58.221.0-255,5738,267311,11,302201
8998,0.046711,172.31.36.0-255,66,267377,11,302201
8999,0.048657,216.58.221.0-255,5738,273115,11,302201
9000,0.048663,172.31.36.0-255,66,273181,11,302201
9001,0.05065,216.58.221.0-255,5738,278919,11,302201
9002,0.050658,172.31.36.0-255,66,278985,11,302201
9003,0.052604,216.58.221.0-255,5738,284723,11,302201
9004,0.052611,172.31.36.0-255,66,284789,11,302201
9005,0.054564,216.58.221.0-255,5738,290527,11,302201
9006,0.054571,172.31.36.0-255,66,290593,11,302201
9007,0.056511,216.58.221.0-255,5738,296331,11,302201
9008,0.056518,172.31.36.0-255,66,296397,11,302201
9009,0.05846,216.58.221.0-255,5738,302135,11,302201
9010,0.058466,172.31.36.0-255,66,302201,11,302201
9011,0.0,74.125.130.0-255,150,150,11,305885
9012,3.4e-05,172.31.36.0-255,66,216,11,305885
9013,4.2e-05,74.125.130.0-255,1484,1700,11,305885
9014,4.6e-05,172.31.36.0-255,66,1766,11,305885
9015,6e-05,74.125.130.0-255,2902,4668,11,305885
9016,6.3e-05,172.31.36.0-255,66,4734,11,305885
9017,6.8e-05,74.125.130.0-255,4320,9054,11,305885
9018,7.1e-05,172.31.36.0-255,66,9120,11,305885
9019,0.000101,74.125.130.0-255,1484,10604,11,305885
9020,0.000104,172.31.36.0-255,66,10670,11,305885
9021,0.00011,74.125.130.0-255,3502,14172,11,305885
9022,0.000112,172.31.36.0-255,66,14238,11,305885
9023,0.000139,74.125.130.0-255,1484,15722,11,305885
9024,0.000141,172.31.36.0-255,66,15788,11,305885
9025,0.000173,74.125.130.0-255,2902,18690,11,305885
9026,0.000177,172.31.36.0-255,66,18756,11,305885
9027,0.00018,74.125.130.0-255,1484,20240,11,305885
9028,0.000182,172.31.36.0-255,66,20306,11,305885
9029,0.000188,74.125.130.0-255,2902,23208,11,305885
9030,0.00019,172.31.36.0-255,66,23274,11,305885
9031,0.000203,74.125.130.0-255,5738,29012,11,305885
9032,0.000207,172.31.36.0-255,66,29078,11,305885
9033,0.000212,74.125.130.0-255,4320,33398,11,305885
9034,0.000216,172.31.36.0-255,66,33464,11,305885
9035,0.000252,74.125.130.0-255,2902,36366,11,305885
9036,0.000256,172.31.36.0-255,66,36432,11,305885
9037,0.000266,172.31.36.0-255,66,36498,11,305885
9038,0.000275,74.125.130.0-255,3602,40100,11,305885
9039,0.000277,172.31.36.0-255,66,40166,11,305885
9040,0.000304,74.125.130.0-255,1484,41650,11,305885
9041,0.000308,172.31.36.0-255,66,41716,11,305885
9042,0.000312,74.125.130.0-255,1484,43200,11,305885
9043,0.000334,74.125.130.0-255,1484,44684,11,305885
9044,0.000338,172.31.36.0-255,66,44750,11,305885
9045,0.000342,74.125.130.0-255,2902,47652,11,305885
9046,0.000344,172.31.36.0-255,66,47718,11,305885
9047,0.000377,74.125.130.0-255,4320,52038,11,305885
9048,0.000381,172.31.36.0-255,66,52104,11,305885
9049,0.000384,74.125.130.0-255,1484,53588,11,305885
9050,0.000408,74.125.130.0-255,4212,57800,11,305885
9051,0.000412,172.31.36.0-255,66,57866,11,305885
9052,0.000415,74.125.130.0-255,121,57987,11,305885
9053,0.000454,74.125.130.0-255,379,58366,11,305885
9054,0.000556,74.125.130.0-255,1484,59850,11,305885
9055,0.00056,172.31.36.0-255,66,59916,11,305885
9056,0.000564,74.125.130.0-255,1484,61400,11,305885
9057,0.000588,74.125.130.0-255,1484,62884,11,305885
9058,0.000591,172.31.36.0-255,66,62950,11,305885
9059,0.000598,74.125.130.0-255,5738,68688,11,305885
9060,0.0006,172.31.36.0-255,66,68754,11,305885
9061,0.000603,74.125.130.0-255,1484,70238,11,305885
9062,0.000636,74.125.130.0-255,2902,73140,11,305885
9063,0.000639,172.31.36.0-255,66,73206,11,305885
9064,0.000657,74.125.130.0-255,2543,75749,11,305885
9065,0.00066,172.31.36.0-255,66,75815,11,305885
9066,0.000682,74.125.130.0-255,2902,78717,11,305885
9067,0.000685,172.31.36.0-255,66,78783,11,305885
9068,0.000688,74.125.130.0-255,1484,80267,11,305885
9069,0.000712,74.125.130.0-255,2902,83169,11,305885
9070,0.000715,172.31.36.0-255,66,83235,11,305885
9071,0.000735,74.125.130.0-255,5738,88973,11,305885
9072,0.000738,172.31.36.0-255,66,89039,11,305885
9073,0.000765,74.125.130.0-255,2902,91941,11,305885
9074,0.000768,172.31.36.0-255,66,92007,11,305885
9075,0.000784,74.125.130.0-255,1125,93132,11,305885
9076,0.001063,74.125.130.0-255,1484,94616,11,305885
9077,0.001066,172.31.36.0-255,66,94682,11,305885
9078,0.001093,74.125.130.0-255,2902,97584,11,305885
9079,0.001096,172.31.36.0-255,66,97650,11,305885
9080,0.001102,74.125.130.0-255,4320,101970,11,305885
9081,0.001104,172.31.36.0-255,66,102036,11,305885
9082,0.001132,74.125.130.0-255,1484,103520,11,305885
9083,0.001146,74.125.130.0-255,7156,110676,11,305885
9084,0.001149,172.31.36.0-255,66,110742,11,305885
9085,0.001187,172.31.36.0-255,66,110808,11,305885
9086,0.001217,74.125.130.0-255,5020,115828,11,305885
9087,0.00122,172.31.36.0-255,66,115894,11,305885
9088,0.00206,74.125.130.0-255,1484,117378,11,305885
9089,0.002072,74.125.130.0-255,2902,120280,11,305885
9090,0.002076,172.31.36.0-255,66,120346,11,305885
9091,0.002107,74.125.130.0-255,1484,121830,11,305885
9092,0.002121,74.125.130.0-255,2902,124732,11,305885
9093,0.002124,172.31.36.0-255,66,124798,11,305885
9094,0.002148,74.125.130.0-255,1484,126282,11,305885
9095,0.002151,74.125.130.0-255,1484,127766,11,305885
9096,0.002153,172.31.36.0-255,66,127832,11,305885
9097,0.002182,74.125.130.0-255,5738,133570,11,305885
9098,0.002184,172.31.36.0-255,66,133636,11,305885
9099,0.002189,74.125.130.0-255,4320,137956,11,305885
9100,0.002191,172.31.36.0-255,66,138022,11,305885
9101,0.002202,74.125.130.0-255,5738,143760,11,305885
9102,0.002204,172.31.36.0-255,66,143826,11,305885
9103,0.002208,74.125.130.0-255,2902,146728,11,305885
9104,0.00221,172.31.36.0-255,66,146794,11,305885
9105,0.002249,74.125.130.0-255,3602,150396,11,305885
9106,0.002251,172.31.36.0-255,66,150462,11,305885
9107,0.002683,74.125.130.0-255,1484,151946,11,305885
9108,0.002697,74.125.130.0-255,1484,153430,11,305885
9109,0.002699,172.31.36.0-255,66,153496,11,305885
9110,0.002721,74.125.130.0-255,1484,154980,11,305885
9111,0.002726,74.125.130.0-255,4320,159300,11,305885
9112,0.002728,172.31.36.0-255,66,159366,11,305885
9113,0.002755,74.125.130.0-255,1484,160850,11,305885
9114,0.002762,74.125.130.0-255,7156,168006,11,305885
9115,0.002764,172.31.36.0-255,66,168072,11,305885
9116,0.00277,74.125.130.0-255,7156,175228,11,305885
9117,0.002772,172.31.36.0-255,66,175294,11,305885
9118,0.002787,74.125.130.0-255,1484,176778,11,305885
9119,0.002801,74.125.130.0-255,1484,178262,11,305885
9120,0.002803,172.31.36.0-255,66,178328,11,305885
9121,0.002835,172.31.36.0-255,66,178394,11,305885
9122,0.002837,74.125.130.0-255,1484,179878,11,305885
9123,0.00284,74.125.130.0-255,1484,181362,11,305885
9124,0.002842,172.31.36.0-255,66,181428,11,305885
9125,0.002868,74.125.130.0-255,4320,185748,11,305885
9126,0.002871,172.31.36.0-255,66,185814,11,305885
9127,0.005632,74.125.130.0-255,1484,187298,11,305885
9128,0.005655,74.125.130.0-255,1484,188782,11,305885
9129,0.005659,172.31.36.0-255,66,188848,11,305885
9130,0.005687,74.125.130.0-255,2902,191750,11,305885
9131,0.005691,172.31.36.0-255,66,191816,11,305885
9132,0.008418,74.125.130.0-255,2902,194718,11,305885
9133,0.008425,172.31.36.0-255,66,194784,11,305885
9134,0.008461,74.125.130.0-255,2902,197686,11,305885
9135,0.008464,172.31.36.0-255,66,197752,11,305885
9136,0.011194,74.125.130.0-255,2902,200654,11,305885
9137,0.011202,172.31.36.0-255,66,200720,11,305885
9138,0.011239,74.125.130.0-255,2902,203622,11,305885
9139,0.011242,172.31.36.0-255,66,203688,11,305885
9140,0.014004,74.125.130.0-255,2902,206590,11,305885
9141,0.014017,172.31.36.0-255,66,206656,11,305885
9142,0.014059,74.125.130.0-255,2902,209558,11,305885
9143,0.014064,172.31.36.0-255,66,209624,11,305885
9144,0.016798,74.125.130.0-255,2902,212526,11,305885
9145,0.016812,172.31.36.0-255,66,212592,11,305885
9146,0.016852,74.125.130.0-255,2902,215494,11,305885
9147,0.016855,172.31.36.0-255,66,215560,11,305885
9148,0.019579,74.125.130.0-255,2902,218462,11,305885
9149,0.01959,172.31.36.0-255,66,218528,11,305885
9150,0.019624,74.125.130.0-255,2902,221430,11,305885
9151,0.019628,172.31.36.0-255,66,221496,11,305885
9152,0.022439,74.125.130.0-255,5738,227234,11,305885
9153,0.022455,172.31.36.0-255,66,227300,11,305885
9154,0.025229,74.125.130.0-255,5738,233038,11,305885
9155,0.025238,172.31.36.0-255,66,233104,11,305885
9156,0.026677,172.31.36.0-255,171,233275,11,305885
9157,0.026711,172.31.36.0-255,1135,234410,11,305885
9158,0.026747,172.31.36.0-255,1514,235924,11,305885
9159,0.026749,172.31.36.0-255,1269,237193,11,305885
9160,0.02802,74.125.130.0-255,5738,242931,11,305885
9161,0.028026,172.31.36.0-255,66,242997,11,305885
9162,0.028396,104.244.42.0-255,66,243063,11,305885
9163,0.028404,104.244.42.0-255,66,243129,11,305885
9164,0.028474,104.244.42.0-255,66,243195,11,305885
9165,0.030785,74.125.130.0-255,5738,248933,11,305885
9166,0.030789,172.31.36.0-255,66,248999,11,305885
9167,0.033571,74.125.130.0-255,5738,254737,11,305885
9168,0.033578,172.31.36.0-255,66,254803,11,305885
9169,0.036407,74.125.130.0-255,5738,260541,11,305885
9170,0.036419,172.31.36.0-255,66,260607,11,305885
9171,0.039191,74.125.130.0-255,5738,266345,11,305885
9172,0.039204,172.31.36.0-255,66,266411,11,305885
9173,0.041972,74.125.130.0-255,2902,269313,11,305885
9174,0.041978,172.31.36.0-255,66,269379,11,305885
9175,0.042012,74.125.130.0-255,2902,272281,11,305885
9176,0.042015,172.31.36.0-255,66,272347,11,305885
9177,0.04473,74.125.130.0-255,1484,273831,11,305885
9178,0.044761,74.125.130.0-255,2902,276733,11,305885
9179,0.044765,172.31.36.0-255,66,276799,11,305885
9180,0.044783,74.125.130.0-255,1484,278283,11,305885
9181,0.047546,74.125.130.0-255,4320,282603,11,305885
9182,0.047551,172.31.36.0-255,66,282669,11,305885
9183,0.050319,74.125.130.0-255,5738,288407,11,305885
9184,0.050325,172.31.36.0-255,66,288473,11,305885
9185,0.053093,74.125.130.0-255,5738,294211,11,305885
9186,0.053102,172.31.36.0-255,66,294277,11,305885
9187,0.05588,74.125.130.0-255,5738,300015,11,305885
9188,0.05589,172.31.36.0-255,66,300081,11,305885
9189,0.058651,74.125.130.0-255,5738,305819,11,305885
9190,0.058656,172.31.36.0-255,66,305885,11,305885
9191,0.0,172.217.194.0-255,159,159,11,197085
9192,2.2e-05,172.31.36.0-255,66,225,11,197085
9193,2.9e-05,172.217.194.0-255,1484,1709,11,197085
9194,3.3e-05,172.31.36.0-255,66,1775,11,197085
9195,4e-05,172.217.194.0-255,2902,4677,11,197085
9196,4.2e-05,172.31.36.0-255,66,4743,11,197085
9197,4.5e-05,172.217.194.0-255,1484,6227,11,197085
9198,4.7e-05,172.31.36.0-255,66,6293,11,197085
9199,7.2e-05,172.217.194.0-255,4320,10613,11,197085
9200,7.5e-05,172.31.36.0-255,66,10679,11,197085
9201,8.2e-05,172.217.194.0-255,7156,17835,11,197085
9202,8.4e-05,172.31.36.0-255,66,17901,11,197085
9203,0.000116,172.217.194.0-255,6290,24191,11,197085
9204,0.000119,172.31.36.0-255,66,24257,11,197085
9205,0.000122,172.217.194.0-255,1484,25741,11,197085
9206,0.000124,172.31.36.0-255,66,25807,11,197085
9207,0.000142,172.217.194.0-255,5379,31186,11,197085
9208,0.000144,172.31.36.0-255,66,31252,11,197085
9209,0.000172,172.217.194.0-255,7156,38408,11,197085
9210,0.000175,172.31.36.0-255,66,38474,11,197085
9211,0.000179,172.217.194.0-255,1484,39958,11,197085
9212,0.000181,172.31.36.0-255,66,40024,11,197085
9213,0.000207,172.31.36.0-255,66,40090,11,197085
9214,0.000238,172.217.194.0-255,2902,42992,11,197085
9215,0.000241,172.31.36.0-255,66,43058,11,197085
9216,0.000255,172.31.36.0-255,66,43124,11,197085
9217,0.000257,172.217.194.0-255,377,43501,11,197085
9218,0.000259,172.31.36.0-255,66,43567,11,197085
9219,0.000481,172.217.194.0-255,365,43932,11,197085
9220,0.000485,172.31.36.0-255,66,43998,11,197085
9221,0.00068,172.217.194.0-255,1484,45482,11,197085
9222,0.000687,172.217.194.0-255,2902,48384,11,197085
9223,0.000692,172.31.36.0-255,66,48450,11,197085
9224,0.000704,172.217.194.0-255,5738,54188,11,197085
9225,0.000716,172.31.36.0-255,66,54254,11,197085
9226,0.000761,172.31.36.0-255,66,54320,11,197085
9227,0.000775,172.31.36.0-255,66,54386,11,197085
9228,0.000979,172.217.194.0-255,1484,55870,11,197085
9229,0.000985,172.217.194.0-255,2902,58772,11,197085
9230,0.000988,172.31.36.0-255,66,58838,11,197085
9231,0.001011,172.217.194.0-255,5738,64576,11,197085
9232,0.001014,172.217.194.0-255,1484,66060,11,197085
9233,0.00102,172.31.36.0-255,66,66126,11,197085
9234,0.001049,172.31.36.0-255,66,66192,11,197085
9235,0.001053,172.217.194.0-255,2902,69094,11,197085
9236,0.001058,172.31.36.0-255,66,69160,11,197085
9237,0.001069,172.217.194.0-255,5738,74898,11,197085
9238,0.001072,172.31.36.0-255,66,74964,11,197085
9239,0.001088,172.217.194.0-255,2184,77148,11,197085
9240,0.001091,172.217.194.0-255,1484,78632,11,197085
9241,0.0011,172.31.36.0-255,66,78698,11,197085
9242,0.001106,172.217.194.0-255,2902,81600,11,197085
9243,0.001109,172.217.194.0-255,1484,83084,11,197085
9244,0.001117,172.31.36.0-255,66,83150,11,197085
9245,0.001125,172.217.194.0-255,4320,87470,11,197085
9246,0.001131,172.31.36.0-255,66,87536,11,197085
9247,0.001144,172.217.194.0-255,2902,90438,11,197085
9248,0.001147,172.31.36.0-255,66,90504,11,197085
9249,0.001166,172.217.194.0-255,5738,96242,11,197085
9250,0.001174,172.31.36.0-255,66,96308,11,197085
9251,0.001179,172.217.194.0-255,4320,100628,11,197085
9252,0.0012,172.31.36.0-255,66,100694,11,197085
9253,0.001219,172.217.194.0-255,4320,105014,11,197085
9254,0.001225,172.31.36.0-255,66,105080,11,197085
9255,0.001235,172.217.194.0-255,7156,112236,11,197085
9256,0.001241,172.31.36.0-255,66,112302,11,197085
9257,0.001268,172.217.194.0-255,5738,118040,11,197085
9258,0.00128,172.31.36.0-255,66,118106,11,197085
9259,0.001284,172.217.194.0-255,5020,123126,11,197085
9260,0.001294,172.31.36.0-255,66,123192,11,197085
9261,0.001305,172.217.194.0-255,1484,124676,11,197085
9262,0.001324,172.217.194.0-255,7156,131832,11,197085
9263,0.001334,172.31.36.0-255,66,131898,11,197085
9264,0.001355,172.217.194.0-255,2902,134800,11,197085
9265,0.00136,172.31.36.0-255,66,134866,11,197085
9266,0.001371,172.217.194.0-255,2902,137768,11,197085
9267,0.001373,172.31.36.0-255,66,137834,11,197085
9268,0.001396,172.217.194.0-255,6438,144272,11,197085
9269,0.001409,172.31.36.0-255,66,144338,11,197085
9270,0.001634,172.217.194.0-255,1484,145822,11,197085
9271,0.00165,172.217.194.0-255,2902,148724,11,197085
9272,0.001654,172.31.36.0-255,66,148790,11,197085
9273,0.001658,172.217.194.0-255,1484,150274,11,197085
9274,0.001676,172.217.194.0-255,4320,154594,11,197085
9275,0.00168,172.31.36.0-255,66,154660,11,197085
9276,0.001694,172.217.194.0-255,5738,160398,11,197085
9277,0.001703,172.31.36.0-255,66,160464,11,197085
9278,0.001711,172.217.194.0-255,1484,161948,11,197085
9279,0.001729,172.31.36.0-255,66,162014,11,197085
9280,0.00178,172.217.194.0-255,2184,164198,11,197085
9281,0.001783,172.217.194.0-255,1484,165682,11,197085
9282,0.001787,172.217.194.0-255,2902,168584,11,197085
9283,0.00179,172.31.36.0-255,66,168650,11,197085
9284,0.001791,172.217.194.0-255,4320,172970,11,197085
9285,0.001795,172.31.36.0-255,66,173036,11,197085
9286,0.00181,172.217.194.0-255,1484,174520,11,197085
9287,0.001814,172.217.194.0-255,2902,177422,11,197085
9288,0.001819,172.31.36.0-255,66,177488,11,197085
9289,0.001839,172.31.36.0-255,66,177554,11,197085
9290,0.001855,172.217.194.0-255,1484,179038,11,197085
9291,0.001875,172.31.36.0-255,66,179104,11,197085
9292,0.001888,172.217.194.0-255,5738,184842,11,197085
9293,0.001897,172.31.36.0-255,66,184908,11,197085
9294,0.001927,172.31.36.0-255,66,184974,11,197085
9295,0.001932,172.31.36.0-255,66,185040,11,197085
9296,0.001958,172.217.194.0-255,7156,192196,11,197085
9297,0.001967,172.31.36.0-255,66,192262,11,197085
9298,0.001992,172.31.36.0-255,66,192328,11,197085
9299,0.00201,172.31.36.0-255,66,192394,11,197085
9300,0.002024,172.31.36.0-255,66,192460,11,197085
9301,0.002041,172.217.194.0-255,105,192565,11,197085
9302,0.002049,172.31.36.0-255,66,192631,11,197085
9303,0.003605,172.31.36.0-255,105,192736,11,197085
9304,0.005968,172.217.194.0-255,66,192802,11,197085
9305,0.035332,172.31.36.0-255,167,192969,11,197085
9306,0.035368,172.31.36.0-255,1112,194081,11,197085
9307,0.035423,172.31.36.0-255,1514,195595,11,197085
9308,0.035425,172.31.36.0-255,1292,196887,11,197085
9309,0.03687,104.244.42.0-255,66,196953,11,197085
9310,0.036903,104.244.42.0-255,66,197019,11,197085
9311,0.036938,104.244.42.0-255,66,197085,11,197085
9312,0.0,74.125.24.0-255,143,143,11,242224
9313,2.2e-05,172.31.36.0-255,66,209,11,242224
9314,2.9e-05,74.125.24.0-255,1484,1693,11,242224
9315,3.3e-05,172.31.36.0-255,66,1759,11,242224
9316,4e-05,74.125.24.0-255,2902,4661,11,242224
9317,4.3e-05,172.31.36.0-255,66,4727,11,242224
9318,5.1e-05,74.125.24.0-255,5738,10465,11,242224
9319,5.4e-05,172.31.36.0-255,66,10531,11,242224
9320,7.7e-05,74.125.24.0-255,1484,12015,11,242224
9321,7.9e-05,172.31.36.0-255,66,12081,11,242224
9322,8.4e-05,74.125.24.0-255,2068,14149,11,242224
9323,8.6e-05,172.31.36.0-255,66,14215,11,242224
9324,9.2e-05,74.125.24.0-255,2902,17117,11,242224
9325,9.4e-05,172.31.36.0-255,66,17183,11,242224
9326,0.000124,172.31.36.0-255,66,17249,11,242224
9327,0.000135,172.31.36.0-255,66,17315,11,242224
9328,0.000173,74.125.24.0-255,2902,20217,11,242224
9329,0.000175,172.31.36.0-255,66,20283,11,242224
9330,0.000204,172.31.36.0-255,66,20349,11,242224
9331,0.000224,74.125.24.0-255,2902,23251,11,242224
9332,0.000226,172.31.36.0-255,66,23317,11,242224
9333,0.000262,172.31.36.0-255,66,23383,11,242224
9334,0.000267,74.125.24.0-255,3123,26506,11,242224
9335,0.000269,172.31.36.0-255,66,26572,11,242224
9336,0.000289,74.125.24.0-255,1484,28056,11,242224
9337,0.000291,172.31.36.0-255,66,28122,11,242224
9338,0.000313,74.125.24.0-255,2902,31024,11,242224
9339,0.000315,172.31.36.0-255,66,31090,11,242224
9340,0.000347,74.125.24.0-255,5738,36828,11,242224
9341,0.000353,74.125.24.0-255,4320,41148,11,242224
9342,0.000376,74.125.24.0-255,2902,44050,11,242224
9343,0.000519,172.31.36.0-255,66,44116,11,242224
9344,0.000626,74.125.24.0-255,1484,45600,11,242224
9345,0.000634,74.125.24.0-255,2902,48502,11,242224
9346,0.000654,172.31.36.0-255,66,48568,11,242224
9347,0.000674,74.125.24.0-255,5738,54306,11,242224
9348,0.000682,74.125.24.0-255,5738,60044,11,242224
9349,0.000698,74.125.24.0-255,7156,67200,11,242224
9350,0.000701,74.125.24.0-255,1484,68684,11,242224
9351,0.000711,172.31.36.0-255,66,68750,11,242224
9352,0.00072,74.125.24.0-255,2902,71652,11,242224
9353,0.000724,74.125.24.0-255,2902,74554,11,242224
9354,0.00073,172.31.36.0-255,66,74620,11,242224
9355,0.000748,74.125.24.0-255,3602,78222,11,242224
9356,0.000766,172.31.36.0-255,66,78288,11,242224
9357,0.002878,74.125.24.0-255,1484,79772,11,242224
9358,0.002922,74.125.24.0-255,4320,84092,11,242224
9359,0.002926,172.31.36.0-255,66,84158,11,242224
9360,0.005103,74.125.24.0-255,5738,89896,11,242224
9361,0.005108,172.31.36.0-255,66,89962,11,242224
9362,0.007282,74.125.24.0-255,5738,95700,11,242224
9363,0.007287,172.31.36.0-255,66,95766,11,242224
9364,0.009438,74.125.24.0-255,5738,101504,11,242224
9365,0.009446,172.31.36.0-255,66,101570,11,242224
9366,0.011602,74.125.24.0-255,5738,107308,11,242224
9367,0.01161,172.31.36.0-255,66,107374,11,242224
9368,0.013837,74.125.24.0-255,5738,113112,11,242224
9369,0.013848,172.31.36.0-255,66,113178,11,242224
9370,0.016028,74.125.24.0-255,5738,118916,11,242224
9371,0.016037,172.31.36.0-255,66,118982,11,242224
9372,0.018179,74.125.24.0-255,5738,124720,11,242224
9373,0.018187,172.31.36.0-255,66,124786,11,242224
9374,0.020343,74.125.24.0-255,5738,130524,11,242224
9375,0.020351,172.31.36.0-255,66,130590,11,242224
9376,0.02254,74.125.24.0-255,5738,136328,11,242224
9377,0.022549,172.31.36.0-255,66,136394,11,242224
9378,0.024742,74.125.24.0-255,5738,142132,11,242224
9379,0.024751,172.31.36.0-255,66,142198,11,242224
9380,0.026907,74.125.24.0-255,5738,147936,11,242224
9381,0.026913,172.31.36.0-255,66,148002,11,242224
9382,0.02773,172.31.36.0-255,172,148174,11,242224
9383,0.027761,172.31.36.0-255,1111,149285,11,242224
9384,0.027827,172.31.36.0-255,1514,150799,11,242224
9385,0.027829,172.31.36.0-255,1514,152313,11,242224
9386,0.027833,172.31.36.0-255,1514,153827,11,242224
9387,0.027834,172.31.36.0-255,1073,154900,11,242224
9388,0.029096,74.125.24.0-255,5738,160638,11,242224
9389,0.029103,172.31.36.0-255,66,160704,11,242224
9390,0.029422,104.244.42.0-255,66,160770,11,242224
9391,0.029476,104.244.42.0-255,66,160836,11,242224
9392,0.029496,104.244.42.0-255,66,160902,11,242224
9393,0.0295,104.244.42.0-255,66,160968,11,242224
9394,0.031293,74.125.24.0-255,5738,166706,11,242224
9395,0.031301,172.31.36.0-255,66,166772,11,242224
9396,0.033434,74.125.24.0-255,5738,172510,11,242224
9397,0.033442,172.31.36.0-255,66,172576,11,242224
9398,0.035631,74.125.24.0-255,5738,178314,11,242224
9399,0.035639,172.31.36.0-255,66,178380,11,242224
9400,0.037842,74.125.24.0-255,5738,184118,11,242224
9401,0.037849,172.31.36.0-255,66,184184,11,242224
9402,0.040008,74.125.24.0-255,5738,189922,11,242224
9403,0.040018,172.31.36.0-255,66,189988,11,242224
9404,0.042223,74.125.24.0-255,5738,195726,11,242224
9405,0.04223,172.31.36.0-255,66,195792,11,242224
9406,0.044405,74.125.24.0-255,5738,201530,11,242224
9407,0.044412,172.31.36.0-255,66,201596,11,242224
9408,0.04659,74.125.24.0-255,5738,207334,11,242224
9409,0.046596,172.31.36.0-255,66,207400,11,242224
9410,0.048734,74.125.24.0-255,5738,213138,11,242224
9411,0.048741,172.31.36.0-255,66,213204,11,242224
9412,0.050902,74.125.24.0-255,5738,218942,11,242224
9413,0.050909,172.31.36.0-255,66,219008,11,242224
9414,0.053088,74.125.24.0-255,5738,224746,11,242224
9415,0.053094,172.31.36.0-255,66,224812,11,242224
9416,0.055247,74.125.24.0-255,5738,230550,11,242224
9417,0.055254,172.31.36.0-255,66,230616,11,242224
9418,0.057445,74.125.24.0-255,5738,236354,11,242224
9419,0.057452,172.31.36.0-255,66,236420,11,242224
9420,0.05958,74.125.24.0-255,5738,242158,11,242224
9421,0.059587,172.31.36.0-255,66,242224,11,242224
9422,0.0,172.217.194.0-255,152,152,11,234536
9423,1.3e-05,172.217.194.0-255,1484,1636,11,234536
9424,2e-05,172.31.36.0-255,66,1702,11,234536
9425,2.9e-05,172.217.194.0-255,2902,4604,11,234536
9426,3.2e-05,172.31.36.0-255,66,4670,11,234536
9427,4e-05,172.217.194.0-255,7156,11826,11,234536
9428,4.3e-05,172.31.36.0-255,66,11892,11,234536
9429,6.8e-05,172.217.194.0-255,2035,13927,11,234536
9430,7.1e-05,172.31.36.0-255,66,13993,11,234536
9431,7.4e-05,172.217.194.0-255,1484,15477,11,234536
9432,9e-05,172.217.194.0-255,1484,16961,11,234536
9433,9.3e-05,172.31.36.0-255,66,17027,11,234536
9434,0.000101,172.217.194.0-255,7156,24183,11,234536
9435,0.000104,172.31.36.0-255,66,24249,11,234536
9436,0.000107,172.217.194.0-255,1484,25733,11,234536
9437,0.000133,172.217.194.0-255,5379,31112,11,234536
9438,0.000137,172.31.36.0-255,66,31178,11,234536
9439,0.00037,172.217.194.0-255,1484,32662,11,234536
9440,0.00039,172.217.194.0-255,2902,35564,11,234536
9441,0.000394,172.31.36.0-255,66,35630,11,234536
9442,0.000398,172.217.194.0-255,1484,37114,11,234536
9443,0.000423,172.217.194.0-255,4320,41434,11,234536
9444,0.000426,172.31.36.0-255,66,41500,11,234536
9445,0.000431,172.217.194.0-255,2902,44402,11,234536
9446,0.000433,172.31.36.0-255,66,44468,11,234536
9447,0.000449,172.217.194.0-255,3961,48429,11,234536
9448,0.000452,172.31.36.0-255,66,48495,11,234536
9449,0.000473,172.217.194.0-255,1484,49979,11,234536
9450,0.000478,172.217.194.0-255,2902,52881,11,234536
9451,0.000481,172.31.36.0-255,66,52947,11,234536
9452,0.000498,172.217.194.0-255,5738,58685,11,234536
9453,0.000501,172.31.36.0-255,66,58751,11,234536
9454,0.000526,172.217.194.0-255,7095,65846,11,234536
9455,0.000529,172.31.36.0-255,66,65912,11,234536
9456,0.000595,172.217.194.0-255,378,66290,11,234536
9457,0.000815,172.217.194.0-255,1484,67774,11,234536
9458,0.00082,172.31.36.0-255,66,67840,11,234536
9459,0.000826,172.217.194.0-255,2902,70742,11,234536
9460,0.000828,172.31.36.0-255,66,70808,11,234536
9461,0.000833,172.217.194.0-255,2902,73710,11,234536
9462,0.000835,172.31.36.0-255,66,73776,11,234536
9463,0.000855,172.217.194.0-255,2902,76678,11,234536
9464,0.000858,172.31.36.0-255,66,76744,11,234536
9465,0.00088,172.217.194.0-255,4320,81064,11,234536
9466,0.000883,172.31.36.0-255,66,81130,11,234536
9467,0.000904,172.217.194.0-255,2543,83673,11,234536
9468,0.000907,172.31.36.0-255,66,83739,11,234536
9469,0.000914,172.217.194.0-255,7156,90895,11,234536
9470,0.000916,172.31.36.0-255,66,90961,11,234536
9471,0.000952,172.31.36.0-255,66,91027,11,234536
9472,0.001093,172.217.194.0-255,1484,92511,11,234536
9473,0.001114,172.217.194.0-255,2902,95413,11,234536
9474,0.001118,172.31.36.0-255,66,95479,11,234536
9475,0.001123,172.217.194.0-255,2902,98381,11,234536
9476,0.001125,172.31.36.0-255,66,98447,11,234536
9477,0.001142,172.217.194.0-255,2902,101349,11,234536
9478,0.001144,172.31.36.0-255,66,101415,11,234536
9479,0.001152,172.217.194.0-255,7156,108571,11,234536
9480,0.001154,172.31.36.0-255,66,108637,11,234536
9481,0.001175,172.217.194.0-255,7156,115793,11,234536
9482,0.001177,172.31.36.0-255,66,115859,11,234536
9483,0.001211,172.217.194.0-255,7156,123015,11,234536
9484,0.001214,172.31.36.0-255,66,123081,11,234536
9485,0.001219,172.217.194.0-255,2184,125265,11,234536
9486,0.001221,172.31.36.0-255,66,125331,11,234536
9487,0.001246,172.217.194.0-255,1484,126815,11,234536
9488,0.001263,172.217.194.0-255,2902,129717,11,234536
9489,0.001266,172.31.36.0-255,66,129783,11,234536
9490,0.001273,172.217.194.0-255,5738,135521,11,234536
9491,0.001276,172.31.36.0-255,66,135587,11,234536
9492,0.001335,172.31.36.0-255,66,135653,11,234536
9493,0.00135,172.217.194.0-255,4320,139973,11,234536
9494,0.001353,172.31.36.0-255,66,140039,11,234536
9495,0.001373,172.31.36.0-255,66,140105,11,234536
9496,0.001413,172.31.36.0-255,66,140171,11,234536
9497,0.00142,172.217.194.0-255,5738,145909,11,234536
9498,0.001422,172.31.36.0-255,66,145975,11,234536
9499,0.001445,172.217.194.0-255,5738,151713,11,234536
9500,0.001447,172.31.36.0-255,66,151779,11,234536
9501,0.00146,172.31.36.0-255,66,151845,11,234536
9502,0.001522,172.217.194.0-255,1484,153329,11,234536
9503,0.001535,172.217.194.0-255,1484,154813,11,234536
9504,0.001538,172.31.36.0-255,66,154879,11,234536
9505,0.001558,172.217.194.0-255,1484,156363,11,234536
9506,0.001565,172.217.194.0-255,5738,162101,11,234536
9507,0.001576,172.31.36.0-255,66,162167,11,234536
9508,0.001583,172.217.194.0-255,7156,169323,11,234536
9509,0.001586,172.31.36.0-255,66,169389,11,234536
9510,0.001605,172.217.194.0-255,5738,175127,11,234536
9511,0.001608,172.31.36.0-255,66,175193,11,234536
9512,0.001612,172.217.194.0-255,2902,178095,11,234536
9513,0.001615,172.31.36.0-255,66,178161,11,234536
9514,0.001653,172.217.194.0-255,4320,182481,11,234536
9515,0.001657,172.31.36.0-255,66,182547,11,234536
9516,0.00168,172.217.194.0-255,3602,186149,11,234536
9517,0.001682,172.31.36.0-255,66,186215,11,234536
9518,0.001717,172.217.194.0-255,1484,187699,11,234536
9519,0.001737,172.217.194.0-255,2902,190601,11,234536
9520,0.00174,172.31.36.0-255,66,190667,11,234536
9521,0.001745,172.217.194.0-255,2902,193569,11,234536
9522,0.001747,172.31.36.0-255,66,193635,11,234536
9523,0.001763,172.217.194.0-255,2902,196537,11,234536
9524,0.001766,172.31.36.0-255,66,196603,11,234536
9525,0.001777,172.217.194.0-255,5738,202341,11,234536
9526,0.00178,172.31.36.0-255,66,202407,11,234536
9527,0.001801,172.217.194.0-255,4320,206727,11,234536
9528,0.001804,172.31.36.0-255,66,206793,11,234536
9529,0.001809,172.217.194.0-255,2902,209695,11,234536
9530,0.001811,172.31.36.0-255,66,209761,11,234536
9531,0.001833,172.31.36.0-255,66,209827,11,234536
9532,0.001865,172.217.194.0-255,3602,213429,11,234536
9533,0.001868,172.31.36.0-255,66,213495,11,234536
9534,0.001885,172.31.36.0-255,66,213561,11,234536
9535,0.001902,172.31.36.0-255,66,213627,11,234536
9536,0.001933,172.217.194.0-255,1484,215111,11,234536
9537,0.001939,172.217.194.0-255,2902,218013,11,234536
9538,0.001941,172.31.36.0-255,66,218079,11,234536
9539,0.001948,172.217.194.0-255,5738,223817,11,234536
9540,0.00195,172.31.36.0-255,66,223883,11,234536
9541,0.001955,172.217.194.0-255,2902,226785,11,234536
9542,0.001957,172.31.36.0-255,66,226851,11,234536
9543,0.001994,172.31.36.0-255,66,226917,11,234536
9544,0.002055,172.217.194.0-255,1484,228401,11,234536
9545,0.002092,172.31.36.0-255,66,228467,11,234536
9546,0.002107,172.31.36.0-255,66,228533,11,234536
9547,0.002122,172.31.36.0-255,66,228599,11,234536
9548,0.002147,172.31.36.0-255,66,228665,11,234536
9549,0.002181,172.217.194.0-255,1241,229906,11,234536
9550,0.002183,172.217.194.0-255,105,230011,11,234536
9551,0.002201,172.31.36.0-255,66,230077,11,234536
9552,0.009148,172.31.36.0-255,105,230182,11,234536
9553,0.011499,172.217.194.0-255,66,230248,11,234536
9554,0.03273,172.31.36.0-255,172,230420,11,234536
9555,0.032761,172.31.36.0-255,1110,231530,11,234536
9556,0.032818,172.31.36.0-255,1514,233044,11,234536
9557,0.03282,172.31.36.0-255,1294,234338,11,234536
9558,0.034297,104.244.42.0-255,66,234404,11,234536
9559,0.034344,104.244.42.0-255,66,234470,11,234536
9560,0.034382,104.244.42.0-255,66,234536,11,234536
9561,0.0,74.125.68.0-255,153,153,11,313479
9562,2.3e-05,172.31.36.0-255,66,219,11,313479
9563,3.1e-05,74.125.68.0-255,1484,1703,11,313479
9564,3.6e-05,172.31.36.0-255,66,1769,11,313479
9565,4.2e-05,74.125.68.0-255,2902,4671,11,313479
9566,4.5e-05,172.31.36.0-255,66,4737,11,313479
9567,7.2e-05,74.125.68.0-255,5738,10475,11,313479
9568,7.5e-05,172.31.36.0-255,66,10541,11,313479
9569,9.4e-05,74.125.68.0-255,1484,12025,11,313479
9570,9.6e-05,172.31.36.0-255,66,12091,11,313479
9571,0.000122,74.125.68.0-255,4848,16939,11,313479
9572,0.000124,172.31.36.0-255,66,17005,11,313479
9573,0.000131,74.125.68.0-255,5738,22743,11,313479
9574,0.000133,172.31.36.0-255,66,22809,11,313479
9575,0.000165,74.125.68.0-255,7156,29965,11,313479
9576,0.000168,172.31.36.0-255,66,30031,11,313479
9577,0.000171,74.125.68.0-255,1125,31156,11,313479
9578,0.000172,172.31.36.0-255,66,31222,11,313479
9579,0.000439,74.125.68.0-255,1484,32706,11,313479
9580,0.000445,172.31.36.0-255,66,32772,11,313479
9581,0.000483,74.125.68.0-255,1484,34256,11,313479
9582,0.000487,172.31.36.0-255,66,34322,11,313479
9583,0.000506,74.125.68.0-255,2902,37224,11,313479
9584,0.000509,172.31.36.0-255,66,37290,11,313479
9585,0.000526,74.125.68.0-255,4320,41610,11,313479
9586,0.000531,172.31.36.0-255,66,41676,11,313479
9587,0.00054,74.125.68.0-255,1484,43160,11,313479
9588,0.000542,172.31.36.0-255,66,43226,11,313479
9589,0.000548,74.125.68.0-255,2902,46128,11,313479
9590,0.00055,172.31.36.0-255,66,46194,11,313479
9591,0.000555,74.125.68.0-255,4320,50514,11,313479
9592,0.000557,172.31.36.0-255,66,50580,11,313479
9593,0.000561,74.125.68.0-255,2902,53482,11,313479
9594,0.000565,172.31.36.0-255,66,53548,11,313479
9595,0.000592,74.125.68.0-255,5738,59286,11,313479
9596,0.000595,172.31.36.0-255,66,59352,11,313479
9597,0.000602,74.125.68.0-255,6438,65790,11,313479
9598,0.000608,172.31.36.0-255,66,65856,11,313479
9599,0.000785,74.125.68.0-255,414,66270,11,313479
9600,0.000826,74.125.68.0-255,1484,67754,11,313479
9601,0.000831,172.31.36.0-255,66,67820,11,313479
9602,0.000835,74.125.68.0-255,1484,69304,11,313479
9603,0.000847,74.125.68.0-255,1484,70788,11,313479
9604,0.00085,172.31.36.0-255,66,70854,11,313479
9605,0.000858,74.125.68.0-255,5738,76592,11,313479
9606,0.00086,172.31.36.0-255,66,76658,11,313479
9607,0.000906,74.125.68.0-255,4320,80978,11,313479
9608,0.000909,172.31.36.0-255,66,81044,11,313479
9609,0.000924,74.125.68.0-255,4320,85364,11,313479
9610,0.000926,172.31.36.0-255,66,85430,11,313479
9611,0.000987,74.125.68.0-255,1484,86914,11,313479
9612,0.000991,172.31.36.0-255,66,86980,11,313479
9613,0.001011,74.125.68.0-255,2902,89882,11,313479
9614,0.001019,172.31.36.0-255,66,89948,11,313479
9615,0.001027,74.125.68.0-255,766,90714,11,313479
9616,0.001394,74.125.68.0-255,1484,92198,11,313479
9617,0.001399,172.31.36.0-255,66,92264,11,313479
9618,0.001404,74.125.68.0-255,2902,95166,11,313479
9619,0.001406,172.31.36.0-255,66,95232,11,313479
9620,0.001436,74.125.68.0-255,5738,100970,11,313479
9621,0.001438,172.31.36.0-255,66,101036,11,313479
9622,0.001444,74.125.68.0-255,4320,105356,11,313479
9623,0.001445,172.31.36.0-255,66,105422,11,313479
9624,0.001474,74.125.68.0-255,5738,111160,11,313479
9625,0.001477,172.31.36.0-255,66,111226,11,313479
9626,0.001482,74.125.68.0-255,2902,114128,11,313479
9627,0.001483,172.31.36.0-255,66,114194,11,313479
9628,0.001505,172.31.36.0-255,66,114260,11,313479
9629,0.00151,74.125.68.0-255,2184,116444,11,313479
9630,0.001512,172.31.36.0-255,66,116510,11,313479
9631,0.001627,74.125.68.0-255,1484,117994,11,313479
9632,0.001634,74.125.68.0-255,2902,120896,11,313479
9633,0.001638,172.31.36.0-255,66,120962,11,313479
9634,0.001658,74.125.68.0-255,1484,122446,11,313479
9635,0.001681,74.125.68.0-255,2902,125348,11,313479
9636,0.001683,172.31.36.0-255,66,125414,11,313479
9637,0.001691,74.125.68.0-255,5738,131152,11,313479
9638,0.001693,172.31.36.0-255,66,131218,11,313479
9639,0.001716,74.125.68.0-255,1484,132702,11,313479
9640,0.00172,74.125.68.0-255,2902,135604,11,313479
9641,0.001722,172.31.36.0-255,66,135670,11,313479
9642,0.001744,74.125.68.0-255,1484,137154,11,313479
9643,0.001761,74.125.68.0-255,4320,141474,11,313479
9644,0.001764,74.125.68.0-255,1484,142958,11,313479
9645,0.001767,172.31.36.0-255,66,143024,11,313479
9646,0.001791,74.125.68.0-255,5738,148762,11,313479
9647,0.001793,172.31.36.0-255,66,148828,11,313479
9648,0.001796,74.125.68.0-255,1484,150312,11,313479
9649,0.001821,74.125.68.0-255,3602,153914,11,313479
9650,0.001827,74.125.68.0-255,5738,159652,11,313479
9651,0.001846,74.125.68.0-255,2902,162554,11,313479
9652,0.00185,172.31.36.0-255,66,162620,11,313479
9653,0.001877,74.125.68.0-255,1484,164104,11,313479
9654,0.001886,172.31.36.0-255,66,164170,11,313479
9655,0.001897,74.125.68.0-255,1484,165654,11,313479
9656,0.001937,74.125.68.0-255,4320,169974,11,313479
9657,0.001965,172.31.36.0-255,66,170040,11,313479
9658,0.001977,74.125.68.0-255,1484,171524,11,313479
9659,0.001984,74.125.68.0-255,7156,178680,11,313479
9660,0.002007,74.125.68.0-255,7156,185836,11,313479
9661,0.002023,74.125.68.0-255,5020,190856,11,313479
9662,0.002027,172.31.36.0-255,66,190922,11,313479
9663,0.002035,74.125.68.0-255,2902,193824,11,313479
9664,0.002042,172.31.36.0-255,66,193890,11,313479
9665,0.002066,74.125.68.0-255,1484,195374,11,313479
9666,0.002082,74.125.68.0-255,4320,199694,11,313479
9667,0.002089,74.125.68.0-255,7156,206850,11,313479
9668,0.002092,74.125.68.0-255,1484,208334,11,313479
9669,0.002115,74.125.68.0-255,5020,213354,11,313479
9670,0.002169,74.125.68.0-255,7156,220510,11,313479
9671,0.002174,74.125.68.0-255,4320,224830,11,313479
9672,0.00218,74.125.68.0-255,5738,230568,11,313479
9673,0.002209,74.125.68.0-255,2902,233470,11,313479
9674,0.002215,74.125.68.0-255,5020,238490,11,313479
9675,0.002274,74.125.68.0-255,7156,245646,11,313479
9676,0.002293,74.125.68.0-255,7156,252802,11,313479
9677,0.002296,74.125.68.0-255,1484,254286,11,313479
9678,0.00233,74.125.68.0-255,1484,255770,11,313479
9679,0.002372,74.125.68.0-255,3602,259372,11,313479
9680,0.002378,74.125.68.0-255,4320,263692,11,313479
9681,0.002403,74.125.68.0-255,5738,269430,11,313479
9682,0.002429,74.125.68.0-255,4320,273750,11,313479
9683,0.002435,74.125.68.0-255,4320,278070,11,313479
9684,0.002466,74.125.68.0-255,1484,279554,11,313479
9685,0.002515,74.125.68.0-255,7156,286710,11,313479
9686,0.002535,74.125.68.0-255,7156,293866,11,313479
9687,0.002541,74.125.68.0-255,5738,299604,11,313479
9688,0.002563,74.125.68.0-255,2902,302506,11,313479
9689,0.002586,74.125.68.0-255,6280,308786,11,313479
9690,0.005932,172.31.36.0-255,66,308852,11,313479
9691,0.008431,74.125.68.0-255,105,308957,11,313479
9692,0.010418,172.31.36.0-255,66,309023,11,313479
9693,0.010464,172.31.36.0-255,105,309128,11,313479
9694,0.012978,74.125.68.0-255,66,309194,11,313479
9695,0.033272,172.31.36.0-255,167,309361,11,313479
9696,0.033309,172.31.36.0-255,1107,310468,11,313479
9697,0.033371,172.31.36.0-255,1514,311982,11,313479
9698,0.033373,172.31.36.0-255,1299,313281,11,313479
9699,0.034822,104.244.42.0-255,66,313347,11,313479
9700,0.034861,104.244.42.0-255,66,313413,11,313479
9701,0.034921,104.244.42.0-255,66,313479,11,313479
9702,0.0,74.125.68.0-255,155,155,11,372398
9703,2.2e-05,172.31.36.0-255,66,221,11,372398
9704,3e-05,74.125.68.0-255,1484,1705,11,372398
9705,3.4e-05,172.31.36.0-255,66,1771,11,372398
9706,4e-05,74.125.68.0-255,2902,4673,11,372398
9707,4.4e-05,172.31.36.0-255,66,4739,11,372398
9708,5e-05,74.125.68.0-255,4320,9059,11,372398
9709,5.4e-05,172.31.36.0-255,66,9125,11,372398
9710,5.7e-05,74.125.68.0-255,1484,10609,11,372398
9711,6e-05,172.31.36.0-255,66,10675,11,372398
9712,9.2e-05,172.31.36.0-255,66,10741,11,372398
9713,9.8e-05,74.125.68.0-255,5738,16479,11,372398
9714,0.0001,172.31.36.0-255,66,16545,11,372398
9715,0.000139,74.125.68.0-255,6797,23342,11,372398
9716,0.000141,172.31.36.0-255,66,23408,11,372398
9717,0.000215,74.125.68.0-255,1484,24892,11,372398
9718,0.000218,172.31.36.0-255,66,24958,11,372398
9719,0.000237,74.125.68.0-255,1484,26442,11,372398
9720,0.000239,172.31.36.0-255,66,26508,11,372398
9721,0.00026,74.125.68.0-255,2902,29410,11,372398
9722,0.000262,172.31.36.0-255,66,29476,11,372398
9723,0.000283,74.125.68.0-255,5738,35214,11,372398
9724,0.000285,172.31.36.0-255,66,35280,11,372398
9725,0.000342,74.125.68.0-255,5379,40659,11,372398
9726,0.000346,172.31.36.0-255,66,40725,11,372398
9727,0.000364,74.125.68.0-255,5738,46463,11,372398
9728,0.000367,172.31.36.0-255,66,46529,11,372398
9729,0.000398,74.125.68.0-255,7156,53685,11,372398
9730,0.000401,172.31.36.0-255,66,53751,11,372398
9731,0.00042,74.125.68.0-255,2902,56653,11,372398
9732,0.000422,172.31.36.0-255,66,56719,11,372398
9733,0.000438,74.125.68.0-255,1438,58157,11,372398
9734,0.000442,74.125.68.0-255,108,58265,11,372398
9735,0.000667,74.125.68.0-255,1484,59749,11,372398
9736,0.00067,74.125.68.0-255,1484,61233,11,372398
9737,0.000676,172.31.36.0-255,66,61299,11,372398
9738,0.000688,74.125.68.0-255,1484,62783,11,372398
9739,0.000691,172.31.36.0-255,66,62849,11,372398
9740,0.000694,74.125.68.0-255,1484,64333,11,372398
9741,0.00071,74.125.68.0-255,2902,67235,11,372398
9742,0.000712,172.31.36.0-255,66,67301,11,372398
9743,0.000716,74.125.68.0-255,2902,70203,11,372398
9744,0.000718,172.31.36.0-255,66,70269,11,372398
9745,0.000731,74.125.68.0-255,2902,73171,11,372398
9746,0.000733,172.31.36.0-255,66,73237,11,372398
9747,0.000736,74.125.68.0-255,1484,74721,11,372398
9748,0.000763,74.125.68.0-255,7156,81877,11,372398
9749,0.000766,172.31.36.0-255,66,81943,11,372398
9750,0.000784,74.125.68.0-255,4320,86263,11,372398
9751,0.000787,172.31.36.0-255,66,86329,11,372398
9752,0.000799,74.125.68.0-255,2902,89231,11,372398
9753,0.000802,172.31.36.0-255,66,89297,11,372398
9754,0.000835,74.125.68.0-255,3602,92899,11,372398
9755,0.000839,172.31.36.0-255,66,92965,11,372398
9756,0.000878,74.125.68.0-255,2902,95867,11,372398
9757,0.000882,172.31.36.0-255,66,95933,11,372398
9758,0.000895,74.125.68.0-255,1484,97417,11,372398
9759,0.000902,74.125.68.0-255,5738,103155,11,372398
9760,0.000905,172.31.36.0-255,66,103221,11,372398
9761,0.000934,74.125.68.0-255,2902,106123,11,372398
9762,0.000936,172.31.36.0-255,66,106189,11,372398
9763,0.00096,74.125.68.0-255,5738,111927,11,372398
9764,0.000963,172.31.36.0-255,66,111993,11,372398
9765,0.000995,74.125.68.0-255,2902,114895,11,372398
9766,0.000998,172.31.36.0-255,66,114961,11,372398
9767,0.001024,74.125.68.0-255,4320,119281,11,372398
9768,0.001027,172.31.36.0-255,66,119347,11,372398
9769,0.001043,74.125.68.0-255,4320,123667,11,372398
9770,0.001046,172.31.36.0-255,66,123733,11,372398
9771,0.001064,74.125.68.0-255,3602,127335,11,372398
9772,0.001067,172.31.36.0-255,66,127401,11,372398
9773,0.001079,172.31.36.0-255,66,127467,11,372398
9774,0.001094,74.125.68.0-255,4320,131787,11,372398
9775,0.001096,172.31.36.0-255,66,131853,11,372398
9776,0.001113,74.125.68.0-255,5738,137591,11,372398
9777,0.001116,172.31.36.0-255,66,137657,11,372398
9778,0.00115,74.125.68.0-255,4320,141977,11,372398
9779,0.001153,172.31.36.0-255,66,142043,11,372398
9780,0.001182,74.125.68.0-255,7156,149199,11,372398
9781,0.001185,172.31.36.0-255,66,149265,11,372398
9782,0.00119,74.125.68.0-255,3602,152867,11,372398
9783,0.001192,172.31.36.0-255,66,152933,11,372398
9784,0.001246,74.125.68.0-255,1484,154417,11,372398
9785,0.001291,74.125.68.0-255,2902,157319,11,372398
9786,0.001296,172.31.36.0-255,66,157385,11,372398
9787,0.001339,74.125.68.0-255,1484,158869,11,372398
9788,0.001353,74.125.68.0-255,2902,161771,11,372398
9789,0.001356,172.31.36.0-255,66,161837,11,372398
9790,0.001375,74.125.68.0-255,5738,167575,11,372398
9791,0.001377,172.31.36.0-255,66,167641,11,372398
9792,0.001382,74.125.68.0-255,2902,170543,11,372398
9793,0.001384,172.31.36.0-255,66,170609,11,372398
9794,0.001405,74.125.68.0-255,4320,174929,11,372398
9795,0.001408,172.31.36.0-255,66,174995,11,372398
9796,0.001416,74.125.68.0-255,7156,182151,11,372398
9797,0.001418,172.31.36.0-255,66,182217,11,372398
9798,0.00143,74.125.68.0-255,1484,183701,11,372398
9799,0.001443,74.125.68.0-255,1484,185185,11,372398
9800,0.001447,172.31.36.0-255,66,185251,11,372398
9801,0.001459,74.125.68.0-255,2184,187435,11,372398
9802,0.001461,172.31.36.0-255,66,187501,11,372398
9803,0.001641,74.125.68.0-255,1484,188985,11,372398
9804,0.001647,74.125.68.0-255,2902,191887,11,372398
9805,0.00165,172.31.36.0-255,66,191953,11,372398
9806,0.001665,74.125.68.0-255,1484,193437,11,372398
9807,0.001679,74.125.68.0-255,4320,197757,11,372398
9808,0.001681,172.31.36.0-255,66,197823,11,372398
9809,0.001695,74.125.68.0-255,1484,199307,11,372398
9810,0.001713,74.125.68.0-255,7156,206463,11,372398
9811,0.001722,172.31.36.0-255,66,206529,11,372398
9812,0.001725,74.125.68.0-255,1484,208013,11,372398
9813,0.001738,172.31.36.0-255,66,208079,11,372398
9814,0.001742,74.125.68.0-255,2184,210263,11,372398
9815,0.001744,172.31.36.0-255,66,210329,11,372398
9816,0.001773,74.125.68.0-255,2902,213231,11,372398
9817,0.001775,172.31.36.0-255,66,213297,11,372398
9818,0.00179,74.125.68.0-255,5738,219035,11,372398
9819,0.001793,172.31.36.0-255,66,219101,11,372398
9820,0.001814,74.125.68.0-255,1484,220585,11,372398
9821,0.001845,172.31.36.0-255,66,220651,11,372398
9822,0.001851,74.125.68.0-255,4320,224971,11,372398
9823,0.001854,172.31.36.0-255,66,225037,11,372398
9824,0.001875,74.125.68.0-255,7156,232193,11,372398
9825,0.001878,172.31.36.0-255,66,232259,11,372398
9826,0.001905,74.125.68.0-255,3602,235861,11,372398
9827,0.001915,172.31.36.0-255,66,235927,11,372398
9828,0.003876,74.125.68.0-255,1484,237411,11,372398
9829,0.003904,74.125.68.0-255,4320,241731,11,372398
9830,0.003909,172.31.36.0-255,66,241797,11,372398
9831,0.005914,74.125.68.0-255,5738,247535,11,372398
9832,0.005921,172.31.36.0-255,66,247601,11,372398
9833,0.007924,74.125.68.0-255,5738,253339,11,372398
9834,0.007931,172.31.36.0-255,66,253405,11,372398
9835,0.009929,74.125.68.0-255,5738,259143,11,372398
9836,0.009935,172.31.36.0-255,66,259209,11,372398
9837,0.011942,74.125.68.0-255,5738,264947,11,372398
9838,0.011949,172.31.36.0-255,66,265013,11,372398
9839,0.013968,74.125.68.0-255,5738,270751,11,372398
9840,0.013977,172.31.36.0-255,66,270817,11,372398
9841,0.015988,74.125.68.0-255,5738,276555,11,372398
9842,0.015996,172.31.36.0-255,66,276621,11,372398
9843,0.018,74.125.68.0-255,5738,282359,11,372398
9844,0.018009,172.31.36.0-255,66,282425,11,372398
9845,0.020009,74.125.68.0-255,5738,288163,11,372398
9846,0.020019,172.31.36.0-255,66,288229,11,372398
9847,0.022024,74.125.68.0-255,5738,293967,11,372398
9848,0.022031,172.31.36.0-255,66,294033,11,372398
9849,0.024026,74.125.68.0-255,5738,299771,11,372398
9850,0.024034,172.31.36.0-255,66,299837,11,372398
9851,0.026032,74.125.68.0-255,5738,305575,11,372398
9852,0.026038,172.31.36.0-255,66,305641,11,372398
9853,0.028042,74.125.68.0-255,5738,311379,11,372398
9854,0.02805,172.31.36.0-255,66,311445,11,372398
9855,0.030057,74.125.68.0-255,5738,317183,11,372398
9856,0.030064,172.31.36.0-255,66,317249,11,372398
9857,0.032109,74.125.68.0-255,5738,322987,11,372398
9858,0.032114,172.31.36.0-255,66,323053,11,372398
9859,0.033141,172.31.36.0-255,167,323220,11,372398
9860,0.033174,172.31.36.0-255,1107,324327,11,372398
9861,0.03323,172.31.36.0-255,1514,325841,11,372398
9862,0.033231,172.31.36.0-255,1299,327140,11,372398
9863,0.034132,74.125.68.0-255,5738,332878,11,372398
9864,0.034139,172.31.36.0-255,66,332944,11,372398
9865,0.034663,104.244.42.0-255,66,333010,11,372398
9866,0.034715,104.244.42.0-255,66,333076,11,372398
9867,0.034765,104.244.42.0-255,66,333142,11,372398
9868,0.036154,74.125.68.0-255,5738,338880,11,372398
9869,0.03616,172.31.36.0-255,66,338946,11,372398
9870,0.038171,74.125.68.0-255,5738,344684,11,372398
9871,0.038178,172.31.36.0-255,66,344750,11,372398
9872,0.040191,74.125.68.0-255,5738,350488,11,372398
9873,0.040198,172.31.36.0-255,66,350554,11,372398
9874,0.042246,74.125.68.0-255,5738,356292,11,372398
9875,0.042256,172.31.36.0-255,66,356358,11,372398
9876,0.044275,74.125.68.0-255,5738,362096,11,372398
9877,0.044282,172.31.36.0-255,66,362162,11,372398
9878,0.046282,74.125.68.0-255,5738,367900,11,372398
9879,0.046288,172.31.36.0-255,66,367966,11,372398
9880,0.048301,74.125.68.0-255,4195,372161,11,372398
9881,0.048307,172.31.36.0-255,66,372227,11,372398
9882,0.048469,172.31.36.0-255,105,372332,11,372398
9883,0.050435,74.125.68.0-255,66,372398,11,372398
9884,0.0,74.125.68.0-255,152,152,11,288918
9885,3.3e-05,172.31.36.0-255,66,218,11,288918
9886,4.1e-05,74.125.68.0-255,1484,1702,11,288918
9887,4.4e-05,172.31.36.0-255,66,1768,11,288918
9888,4.9e-05,74.125.68.0-255,2902,4670,11,288918
9889,5.1e-05,172.31.36.0-255,66,4736,11,288918
9890,7.1e-05,74.125.68.0-255,5738,10474,11,288918
9891,7.3e-05,172.31.36.0-255,66,10540,11,288918
9892,7.9e-05,74.125.68.0-255,3455,13995,11,288918
9893,8.1e-05,172.31.36.0-255,66,14061,11,288918
9894,0.000101,74.125.68.0-255,4320,18381,11,288918
9895,0.000104,172.31.36.0-255,66,18447,11,288918
9896,0.000125,74.125.68.0-255,4320,22767,11,288918
9897,0.000127,172.31.36.0-255,66,22833,11,288918
9898,0.000151,74.125.68.0-255,5738,28571,11,288918
9899,0.000154,172.31.36.0-255,66,28637,11,288918
9900,0.000158,74.125.68.0-255,2543,31180,11,288918
9901,0.00016,172.31.36.0-255,66,31246,11,288918
9902,0.000233,74.125.68.0-255,1484,32730,11,288918
9903,0.000237,172.31.36.0-255,66,32796,11,288918
9904,0.000242,74.125.68.0-255,2902,35698,11,288918
9905,0.000244,172.31.36.0-255,66,35764,11,288918
9906,0.000266,74.125.68.0-255,1484,37248,11,288918
9907,0.000268,172.31.36.0-255,66,37314,11,288918
9908,0.000291,74.125.68.0-255,4320,41634,11,288918
9909,0.000294,172.31.36.0-255,66,41700,11,288918
9910,0.000301,74.125.68.0-255,6797,48497,11,288918
9911,0.000321,172.31.36.0-255,66,48563,11,288918
9912,0.000329,74.125.68.0-255,7156,55719,11,288918
9913,0.000333,172.31.36.0-255,66,55785,11,288918
9914,0.000337,74.125.68.0-255,2902,58687,11,288918
9915,0.000341,172.31.36.0-255,66,58753,11,288918
9916,0.000368,74.125.68.0-255,7105,65858,11,288918
9917,0.000372,172.31.36.0-255,66,65924,11,288918
9918,0.000399,74.125.68.0-255,113,66037,11,288918
9919,0.000554,74.125.68.0-255,1484,67521,11,288918
9920,0.000559,172.31.36.0-255,66,67587,11,288918
9921,0.000564,74.125.68.0-255,2902,70489,11,288918
9922,0.000567,172.31.36.0-255,66,70555,11,288918
9923,0.00057,74.125.68.0-255,1484,72039,11,288918
9924,0.000586,74.125.68.0-255,2902,74941,11,288918
9925,0.000589,172.31.36.0-255,66,75007,11,288918
9926,0.000609,74.125.68.0-255,1484,76491,11,288918
9927,0.000616,74.125.68.0-255,4320,80811,11,288918
9928,0.000618,172.31.36.0-255,66,80877,11,288918
9929,0.000638,74.125.68.0-255,3961,84838,11,288918
9930,0.00064,172.31.36.0-255,66,84904,11,288918
9931,0.000688,74.125.68.0-255,4320,89224,11,288918
9932,0.000691,172.31.36.0-255,66,89290,11,288918
9933,0.000708,74.125.68.0-255,2902,92192,11,288918
9934,0.00071,172.31.36.0-255,66,92258,11,288918
9935,0.000716,74.125.68.0-255,2902,95160,11,288918
9936,0.000718,172.31.36.0-255,66,95226,11,288918
9937,0.000739,74.125.68.0-255,5379,100605,11,288918
9938,0.000742,172.31.36.0-255,66,100671,11,288918
9939,0.001812,74.125.68.0-255,1484,102155,11,288918
9940,0.001823,74.125.68.0-255,2902,105057,11,288918
9941,0.001827,172.31.36.0-255,66,105123,11,288918
9942,0.001832,74.125.68.0-255,1484,106607,11,288918
9943,0.001894,74.125.68.0-255,2902,109509,11,288918
9944,0.001897,172.31.36.0-255,66,109575,11,288918
9945,0.002031,74.125.68.0-255,1484,111059,11,288918
9946,0.002075,74.125.68.0-255,2902,113961,11,288918
9947,0.002077,172.31.36.0-255,66,114027,11,288918
9948,0.002082,74.125.68.0-255,2902,116929,11,288918
9949,0.002083,172.31.36.0-255,66,116995,11,288918
9950,0.002097,74.125.68.0-255,4320,121315,11,288918
9951,0.002099,172.31.36.0-255,66,121381,11,288918
9952,0.002133,172.31.36.0-255,66,121447,11,288918
9953,0.002138,74.125.68.0-255,4320,125767,11,288918
9954,0.00214,172.31.36.0-255,66,125833,11,288918
9955,0.002167,74.125.68.0-255,766,126599,11,288918
9956,0.002336,74.125.68.0-255,1484,128083,11,288918
9957,0.002339,172.31.36.0-255,66,128149,11,288918
9958,0.002354,74.125.68.0-255,2902,131051,11,288918
9959,0.002356,172.31.36.0-255,66,131117,11,288918
9960,0.002359,74.125.68.0-255,1484,132601,11,288918
9961,0.002385,74.125.68.0-255,4320,136921,11,288918
9962,0.002387,172.31.36.0-255,66,136987,11,288918
9963,0.002391,74.125.68.0-255,2902,139889,11,288918
9964,0.002393,172.31.36.0-255,66,139955,11,288918
9965,0.002411,74.125.68.0-255,4320,144275,11,288918
9966,0.002413,172.31.36.0-255,66,144341,11,288918
9967,0.002441,74.125.68.0-255,2902,147243,11,288918
9968,0.002443,172.31.36.0-255,66,147309,11,288918
9969,0.002466,74.125.68.0-255,5738,153047,11,288918
9970,0.002468,172.31.36.0-255,66,153113,11,288918
9971,0.002493,74.125.68.0-255,2902,156015,11,288918
9972,0.002495,172.31.36.0-255,66,156081,11,288918
9973,0.002515,74.125.68.0-255,5020,161101,11,288918
9974,0.002516,172.31.36.0-255,66,161167,11,288918
9975,0.004954,74.125.68.0-255,2902,164069,11,288918
9976,0.004958,172.31.36.0-255,66,164135,11,288918
9977,0.004976,74.125.68.0-255,2902,167037,11,288918
9978,0.004978,172.31.36.0-255,66,167103,11,288918
9979,0.007432,74.125.68.0-255,2902,170005,11,288918
9980,0.007435,172.31.36.0-255,66,170071,11,288918
9981,0.007453,74.125.68.0-255,2902,172973,11,288918
9982,0.007455,172.31.36.0-255,66,173039,11,288918
9983,0.009899,74.125.68.0-255,2902,175941,11,288918
9984,0.009906,172.31.36.0-255,66,176007,11,288918
9985,0.009932,74.125.68.0-255,2902,178909,11,288918
9986,0.009936,172.31.36.0-255,66,178975,11,288918
9987,0.01236,74.125.68.0-255,2902,181877,11,288918
9988,0.012368,172.31.36.0-255,66,181943,11,288918
9989,0.012388,74.125.68.0-255,2902,184845,11,288918
9990,0.01239,172.31.36.0-255,66,184911,11,288918
9991,0.01481,74.125.68.0-255,2902,187813,11,288918
9992,0.014816,172.31.36.0-255,66,187879,11,288918
9993,0.014839,74.125.68.0-255,2902,190781,11,288918
9994,0.014842,172.31.36.0-255,66,190847,11,288918
9995,0.017273,74.125.68.0-255,5738,196585,11,288918
9996,0.017285,172.31.36.0-255,66,196651,11,288918
9997,0.019736,74.125.68.0-255,4320,200971,11,288918
9998,0.019745,172.31.36.0-255,66,201037,11,288918
9999,0.019773,74.125.68.0-255,1484,202521,11,288918
10000,0.022199,74.125.68.0-255,4320,206841,11,288918
10001,0.022206,172.31.36.0-255,66,206907,11,288918
10002,0.024679,74.125.68.0-255,4320,211227,11,288918
10003,0.024687,172.31.36.0-255,66,211293,11,288918
10004,0.024725,74.125.68.0-255,1484,212777,11,288918
10005,0.027143,74.125.68.0-255,4320,217097,11,288918
10006,0.02715,172.31.36.0-255,66,217163,11,288918
10007,0.028901,172.31.36.0-255,167,217330,11,288918
10008,0.028939,172.31.36.0-255,1111,218441,11,288918
10009,0.028965,172.31.36.0-255,1514,219955,11,288918
10010,0.028967,172.31.36.0-255,1293,221248,11,288918
10011,0.029625,74.125.68.0-255,4320,225568,11,288918
10012,0.029631,172.31.36.0-255,66,225634,11,288918
10013,0.029649,74.125.68.0-255,1484,227118,11,288918
10014,0.030565,104.244.42.0-255,66,227184,11,288918
10015,0.030612,104.244.42.0-255,66,227250,11,288918
10016,0.030655,104.244.42.0-255,66,227316,11,288918
10017,0.032085,74.125.68.0-255,2902,230218,11,288918
10018,0.032089,172.31.36.0-255,66,230284,11,288918
10019,0.034552,74.125.68.0-255,5738,236022,11,288918
10020,0.034557,172.31.36.0-255,66,236088,11,288918
10021,0.037018,74.125.68.0-255,5738,241826,11,288918
10022,0.037025,172.31.36.0-255,66,241892,11,288918
10023,0.039475,74.125.68.0-255,4320,246212,11,288918
10024,0.03948,172.31.36.0-255,66,246278,11,288918
10025,0.039511,74.125.68.0-255,1484,247762,11,288918
10026,0.041922,74.125.68.0-255,2902,250664,11,288918
10027,0.041928,172.31.36.0-255,66,250730,11,288918
10028,0.041957,74.125.68.0-255,1484,252214,11,288918
10029,0.044379,74.125.68.0-255,4320,256534,11,288918
10030,0.044384,172.31.36.0-255,66,256600,11,288918
10031,0.046834,74.125.68.0-255,2902,259502,11,288918
10032,0.046839,172.31.36.0-255,66,259568,11,288918
10033,0.046871,74.125.68.0-255,2902,262470,11,288918
10034,0.046874,172.31.36.0-255,66,262536,11,288918
10035,0.049285,74.125.68.0-255,1484,264020,11,288918
10036,0.049317,74.125.68.0-255,4320,268340,11,288918
10037,0.049321,172.31.36.0-255,66,268406,11,288918
10038,0.051776,74.125.68.0-255,5738,274144,11,288918
10039,0.051782,172.31.36.0-255,66,274210,11,288918
10040,0.054241,74.125.68.0-255,4320,278530,11,288918
10041,0.054246,172.31.36.0-255,66,278596,11,288918
10042,0.054316,74.125.68.0-255,1484,280080,11,288918
10043,0.056716,74.125.68.0-255,2902,282982,11,288918
10044,0.056721,172.31.36.0-255,66,283048,11,288918
10045,0.056753,74.125.68.0-255,1484,284532,11,288918
10046,0.059185,74.125.68.0-255,4320,288852,11,288918
10047,0.059191,172.31.36.0-255,66,288918,11,288918
10048,0.0,74.125.24.0-255,143,143,11,213143
10049,3.3e-05,172.31.36.0-255,66,209,11,213143
10050,4e-05,74.125.24.0-255,1484,1693,11,213143
10051,4.4e-05,172.31.36.0-255,66,1759,11,213143
10052,4.9e-05,74.125.24.0-255,2902,4661,11,213143
10053,5.2e-05,172.31.36.0-255,66,4727,11,213143
10054,6.9e-05,74.125.24.0-255,7156,11883,11,213143
10055,7.2e-05,172.31.36.0-255,66,11949,11,213143
10056,7.6e-05,74.125.24.0-255,2038,13987,11,213143
10057,8e-05,172.31.36.0-255,66,14053,11,213143
10058,0.000125,74.125.24.0-255,1484,15537,11,213143
10059,0.000128,172.31.36.0-255,66,15603,11,213143
10060,0.000133,74.125.24.0-255,2902,18505,11,213143
10061,0.000136,172.31.36.0-255,66,18571,11,213143
10062,0.000148,74.125.24.0-255,5738,24309,11,213143
10063,0.000151,172.31.36.0-255,66,24375,11,213143
10064,0.000189,74.125.24.0-255,6797,31172,11,213143
10065,0.000192,172.31.36.0-255,66,31238,11,213143
10066,0.0004,74.125.24.0-255,1484,32722,11,213143
10067,0.000404,172.31.36.0-255,66,32788,11,213143
10068,0.00041,74.125.24.0-255,2902,35690,11,213143
10069,0.000412,172.31.36.0-255,66,35756,11,213143
10070,0.000443,74.125.24.0-255,5738,41494,11,213143
10071,0.000447,172.31.36.0-255,66,41560,11,213143
10072,0.00045,74.125.24.0-255,1484,43044,11,213143
10073,0.000453,172.31.36.0-255,66,43110,11,213143
10074,0.000492,172.31.36.0-255,66,43176,11,213143
10075,0.000498,74.125.24.0-255,5738,48914,11,213143
10076,0.0005,172.31.36.0-255,66,48980,11,213143
10077,0.000544,74.125.24.0-255,2902,51882,11,213143
10078,0.000548,172.31.36.0-255,66,51948,11,213143
10079,0.000566,74.125.24.0-255,3961,55909,11,213143
10080,0.00057,172.31.36.0-255,66,55975,11,213143
10081,0.001709,74.125.24.0-255,411,56386,11,213143
10082,0.001747,74.125.24.0-255,1484,57870,11,213143
10083,0.001751,172.31.36.0-255,66,57936,11,213143
10084,0.001785,74.125.24.0-255,4320,62256,11,213143
10085,0.001787,172.31.36.0-255,66,62322,11,213143
10086,0.001799,74.125.24.0-255,2902,65224,11,213143
10087,0.001801,172.31.36.0-255,66,65290,11,213143
10088,0.001823,74.125.24.0-255,7156,72446,11,213143
10089,0.001826,172.31.36.0-255,66,72512,11,213143
10090,0.00183,74.125.24.0-255,2902,75414,11,213143
10091,0.001832,172.31.36.0-255,66,75480,11,213143
10092,0.001861,74.125.24.0-255,2902,78382,11,213143
10093,0.001863,172.31.36.0-255,66,78448,11,213143
10094,0.001891,172.31.36.0-255,66,78514,11,213143
10095,0.001894,74.125.24.0-255,766,79280,11,213143
10096,0.002004,74.125.24.0-255,331,79611,11,213143
10097,0.004412,74.125.24.0-255,2902,82513,11,213143
10098,0.004416,172.31.36.0-255,66,82579,11,213143
10099,0.006997,74.125.24.0-255,5738,88317,11,213143
10100,0.007002,172.31.36.0-255,66,88383,11,213143
10101,0.009584,74.125.24.0-255,5738,94121,11,213143
10102,0.00959,172.31.36.0-255,66,94187,11,213143
10103,0.012139,74.125.24.0-255,5738,99925,11,213143
10104,0.012149,172.31.36.0-255,66,99991,11,213143
10105,0.014685,74.125.24.0-255,5738,105729,11,213143
10106,0.014693,172.31.36.0-255,66,105795,11,213143
10107,0.017276,74.125.24.0-255,5738,111533,11,213143
10108,0.017284,172.31.36.0-255,66,111599,11,213143
10109,0.019842,74.125.24.0-255,5738,117337,11,213143
10110,0.019853,172.31.36.0-255,66,117403,11,213143
10111,0.022335,172.31.36.0-255,172,117575,11,213143
10112,0.02237,172.31.36.0-255,1111,118686,11,213143
10113,0.022424,172.31.36.0-255,1514,120200,11,213143
10114,0.02246,74.125.24.0-255,5738,125938,11,213143
10115,0.022465,172.31.36.0-255,1514,127452,11,213143
10116,0.022467,172.31.36.0-255,1514,128966,11,213143
10117,0.022487,172.31.36.0-255,1073,130039,11,213143
10118,0.022493,172.31.36.0-255,66,130105,11,213143
10119,0.023861,104.244.42.0-255,66,130171,11,213143
10120,0.023899,104.244.42.0-255,66,130237,11,213143
10121,0.023973,104.244.42.0-255,66,130303,11,213143
10122,0.024074,104.244.42.0-255,66,130369,11,213143
10123,0.024076,104.244.42.0-255,66,130435,11,213143
10124,0.025015,74.125.24.0-255,2902,133337,11,213143
10125,0.025018,172.31.36.0-255,66,133403,11,213143
10126,0.025052,74.125.24.0-255,2902,136305,11,213143
10127,0.025055,172.31.36.0-255,66,136371,11,213143
10128,0.027578,74.125.24.0-255,5738,142109,11,213143
10129,0.027583,172.31.36.0-255,66,142175,11,213143
10130,0.030126,74.125.24.0-255,5738,147913,11,213143
10131,0.030132,172.31.36.0-255,66,147979,11,213143
10132,0.032687,74.125.24.0-255,2902,150881,11,213143
10133,0.032692,172.31.36.0-255,66,150947,11,213143
10134,0.032724,74.125.24.0-255,2902,153849,11,213143
10135,0.032727,172.31.36.0-255,66,153915,11,213143
10136,0.035232,74.125.24.0-255,2902,156817,11,213143
10137,0.035237,172.31.36.0-255,66,156883,11,213143
10138,0.035271,74.125.24.0-255,2902,159785,11,213143
10139,0.035274,172.31.36.0-255,66,159851,11,213143
10140,0.037819,74.125.24.0-255,5738,165589,11,213143
10141,0.037823,172.31.36.0-255,66,165655,11,213143
10142,0.040356,74.125.24.0-255,2902,168557,11,213143
10143,0.040375,172.31.36.0-255,66,168623,11,213143
10144,0.040403,74.125.24.0-255,2902,171525,11,213143
10145,0.040407,172.31.36.0-255,66,171591,11,213143
10146,0.042907,74.125.24.0-255,2902,174493,11,213143
10147,0.042911,172.31.36.0-255,66,174559,11,213143
10148,0.042945,74.125.24.0-255,2902,177461,11,213143
10149,0.042947,172.31.36.0-255,66,177527,11,213143
10150,0.045477,74.125.24.0-255,2902,180429,11,213143
10151,0.045482,172.31.36.0-255,66,180495,11,213143
10152,0.04552,74.125.24.0-255,2902,183397,11,213143
10153,0.045523,172.31.36.0-255,66,183463,11,213143
10154,0.048025,74.125.24.0-255,2902,186365,11,213143
10155,0.04803,172.31.36.0-255,66,186431,11,213143
10156,0.048065,74.125.24.0-255,2902,189333,11,213143
10157,0.048068,172.31.36.0-255,66,189399,11,213143
10158,0.050574,74.125.24.0-255,2902,192301,11,213143
10159,0.050581,172.31.36.0-255,66,192367,11,213143
10160,0.050614,74.125.24.0-255,2902,195269,11,213143
10161,0.050617,172.31.36.0-255,66,195335,11,213143
10162,0.053141,74.125.24.0-255,2902,198237,11,213143
10163,0.053146,172.31.36.0-255,66,198303,11,213143
10164,0.053215,74.125.24.0-255,2902,201205,11,213143
10165,0.05322,172.31.36.0-255,66,201271,11,213143
10166,0.055679,74.125.24.0-255,2902,204173,11,213143
10167,0.055684,172.31.36.0-255,66,204239,11,213143
10168,0.055756,74.125.24.0-255,2902,207141,11,213143
10169,0.05576,172.31.36.0-255,66,207207,11,213143
10170,0.058269,74.125.24.0-255,2902,210109,11,213143
10171,0.058276,172.31.36.0-255,66,210175,11,213143
10172,0.058314,74.125.24.0-255,2902,213077,11,213143
10173,0.058317,172.31.36.0-255,66,213143,11,213143
10174,0.0,74.125.24.0-255,153,153,11,263772
10175,1.3e-05,74.125.24.0-255,1484,1637,11,263772
10176,2.2e-05,172.31.36.0-255,66,1703,11,263772
10177,3.1e-05,74.125.24.0-255,2902,4605,11,263772
10178,3.5e-05,172.31.36.0-255,66,4671,11,263772
10179,6.2e-05,74.125.24.0-255,4320,8991,11,263772
10180,6.5e-05,172.31.36.0-255,66,9057,11,263772
10181,7.2e-05,74.125.24.0-255,4867,13924,11,263772
10182,8.1e-05,172.31.36.0-255,66,13990,11,263772
10183,0.000137,74.125.24.0-255,1484,15474,11,263772
10184,0.000151,74.125.24.0-255,2902,18376,11,263772
10185,0.000155,172.31.36.0-255,66,18442,11,263772
10186,0.000161,74.125.24.0-255,4320,22762,11,263772
10187,0.000163,172.31.36.0-255,66,22828,11,263772
10188,0.00018,74.125.24.0-255,1484,24312,11,263772
10189,0.000206,74.125.24.0-255,4320,28632,11,263772
10190,0.000209,172.31.36.0-255,66,28698,11,263772
10191,0.000252,172.31.36.0-255,66,28764,11,263772
10192,0.000259,74.125.24.0-255,5738,34502,11,263772
10193,0.000262,172.31.36.0-255,66,34568,11,263772
10194,0.000272,74.125.24.0-255,3961,38529,11,263772
10195,0.000275,172.31.36.0-255,66,38595,11,263772
10196,0.00062,74.125.24.0-255,1484,40079,11,263772
10197,0.000627,74.125.24.0-255,2902,42981,11,263772
10198,0.000632,172.31.36.0-255,66,43047,11,263772
10199,0.000639,74.125.24.0-255,4320,47367,11,263772
10200,0.000642,172.31.36.0-255,66,47433,11,263772
10201,0.000671,74.125.24.0-255,1484,48917,11,263772
10202,0.000676,74.125.24.0-255,4320,53237,11,263772
10203,0.000679,172.31.36.0-255,66,53303,11,263772
10204,0.000705,74.125.24.0-255,2543,55846,11,263772
10205,0.000708,172.31.36.0-255,66,55912,11,263772
10206,0.000731,74.125.24.0-255,5738,61650,11,263772
10207,0.000734,172.31.36.0-255,66,61716,11,263772
10208,0.000743,74.125.24.0-255,7156,68872,11,263772
10209,0.000745,172.31.36.0-255,66,68938,11,263772
10210,0.000772,74.125.24.0-255,1484,70422,11,263772
10211,0.000789,74.125.24.0-255,3122,73544,11,263772
10212,0.000792,172.31.36.0-255,66,73610,11,263772
10213,0.001289,74.125.24.0-255,1484,75094,11,263772
10214,0.001297,74.125.24.0-255,2902,77996,11,263772
10215,0.001302,172.31.36.0-255,66,78062,11,263772
10216,0.00131,74.125.24.0-255,5738,83800,11,263772
10217,0.001312,172.31.36.0-255,66,83866,11,263772
10218,0.001342,74.125.24.0-255,6797,90663,11,263772
10219,0.001344,172.31.36.0-255,66,90729,11,263772
10220,0.001391,74.125.24.0-255,2902,93631,11,263772
10221,0.001394,172.31.36.0-255,66,93697,11,263772
10222,0.001425,74.125.24.0-255,4320,98017,11,263772
10223,0.001428,172.31.36.0-255,66,98083,11,263772
10224,0.001444,172.31.36.0-255,66,98149,11,263772
10225,0.001449,74.125.24.0-255,4320,102469,11,263772
10226,0.001451,172.31.36.0-255,66,102535,11,263772
10227,0.001496,172.31.36.0-255,66,102601,11,263772
10228,0.001499,74.125.24.0-255,1484,104085,11,263772
10229,0.001504,74.125.24.0-255,2902,106987,11,263772
10230,0.001506,172.31.36.0-255,66,107053,11,263772
10231,0.001509,74.125.24.0-255,1484,108537,11,263772
10232,0.001541,74.125.24.0-255,4320,112857,11,263772
10233,0.001543,172.31.36.0-255,66,112923,11,263772
10234,0.001556,172.31.36.0-255,66,112989,11,263772
10235,0.001581,74.125.24.0-255,2902,115891,11,263772
10236,0.001587,172.31.36.0-255,66,115957,11,263772
10237,0.00159,74.125.24.0-255,1484,117441,11,263772
10238,0.001617,74.125.24.0-255,4320,121761,11,263772
10239,0.00162,172.31.36.0-255,66,121827,11,263772
10240,0.001653,74.125.24.0-255,5020,126847,11,263772
10241,0.001657,172.31.36.0-255,66,126913,11,263772
10242,0.001726,74.125.24.0-255,1484,128397,11,263772
10243,0.001747,74.125.24.0-255,2902,131299,11,263772
10244,0.00175,172.31.36.0-255,66,131365,11,263772
10245,0.001797,74.125.24.0-255,2902,134267,11,263772
10246,0.0018,172.31.36.0-255,66,134333,11,263772
10247,0.00183,74.125.24.0-255,2902,137235,11,263772
10248,0.001833,172.31.36.0-255,66,137301,11,263772
10249,0.001851,172.31.36.0-255,66,137367,11,263772
10250,0.001858,74.125.24.0-255,5738,143105,11,263772
10251,0.001861,172.31.36.0-255,66,143171,11,263772
10252,0.001867,74.125.24.0-255,5020,148191,11,263772
10253,0.001869,172.31.36.0-255,66,148257,11,263772
10254,0.00196,74.125.24.0-255,1484,149741,11,263772
10255,0.001967,74.125.24.0-255,2902,152643,11,263772
10256,0.00197,172.31.36.0-255,66,152709,11,263772
10257,0.001999,74.125.24.0-255,5738,158447,11,263772
10258,0.002003,172.31.36.0-255,66,158513,11,263772
10259,0.002008,74.125.24.0-255,4320,162833,11,263772
10260,0.002011,172.31.36.0-255,66,162899,11,263772
10261,0.002013,74.125.24.0-255,1484,164383,11,263772
10262,0.002061,172.31.36.0-255,66,164449,11,263772
10263,0.002072,172.31.36.0-255,66,164515,11,263772
10264,0.002462,74.125.24.0-255,1484,165999,11,263772
10265,0.00247,74.125.24.0-255,2902,168901,11,263772
10266,0.002474,172.31.36.0-255,66,168967,11,263772
10267,0.00251,74.125.24.0-255,5738,174705,11,263772
10268,0.002513,172.31.36.0-255,66,174771,11,263772
10269,0.002531,74.125.24.0-255,7156,181927,11,263772
10270,0.002534,172.31.36.0-255,66,181993,11,263772
10271,0.002546,172.31.36.0-255,66,182059,11,263772
10272,0.00255,74.125.24.0-255,2902,184961,11,263772
10273,0.002553,172.31.36.0-255,66,185027,11,263772
10274,0.002586,74.125.24.0-255,5020,190047,11,263772
10275,0.002589,172.31.36.0-255,66,190113,11,263772
10276,0.002618,172.31.36.0-255,66,190179,11,263772
10277,0.00265,74.125.24.0-255,2902,193081,11,263772
10278,0.002652,172.31.36.0-255,66,193147,11,263772
10279,0.002671,74.125.24.0-255,7156,200303,11,263772
10280,0.002677,172.31.36.0-255,66,200369,11,263772
10281,0.00269,172.31.36.0-255,66,200435,11,263772
10282,0.002697,74.125.24.0-255,6438,206873,11,263772
10283,0.0027,172.31.36.0-255,66,206939,11,263772
10284,0.002703,74.125.24.0-255,1484,208423,11,263772
10285,0.002736,172.31.36.0-255,66,208489,11,263772
10286,0.002779,172.31.36.0-255,66,208555,11,263772
10287,0.002783,74.125.24.0-255,766,209321,11,263772
10288,0.003182,74.125.24.0-255,1484,210805,11,263772
10289,0.003185,172.31.36.0-255,66,210871,11,263772
10290,0.003189,74.125.24.0-255,1484,212355,11,263772
10291,0.003213,74.125.24.0-255,1484,213839,11,263772
10292,0.003215,172.31.36.0-255,66,213905,11,263772
10293,0.003222,74.125.24.0-255,5738,219643,11,263772
10294,0.003224,172.31.36.0-255,66,219709,11,263772
10295,0.003235,74.125.24.0-255,4320,224029,11,263772
10296,0.003238,172.31.36.0-255,66,224095,11,263772
10297,0.003269,74.125.24.0-255,1484,225579,11,263772
10298,0.003276,74.125.24.0-255,7156,232735,11,263772
10299,0.003279,172.31.36.0-255,66,232801,11,263772
10300,0.003283,74.125.24.0-255,2902,235703,11,263772
10301,0.003285,172.31.36.0-255,66,235769,11,263772
10302,0.003295,74.125.24.0-255,4320,240089,11,263772
10303,0.003297,172.31.36.0-255,66,240155,11,263772
10304,0.0033,74.125.24.0-255,1484,241639,11,263772
10305,0.003364,74.125.24.0-255,2184,243823,11,263772
10306,0.003366,172.31.36.0-255,66,243889,11,263772
10307,0.003392,74.125.24.0-255,2902,246791,11,263772
10308,0.003394,172.31.36.0-255,66,246857,11,263772
10309,0.003401,74.125.24.0-255,7156,254013,11,263772
10310,0.003404,172.31.36.0-255,66,254079,11,263772
10311,0.003413,74.125.24.0-255,4320,258399,11,263772
10312,0.003416,172.31.36.0-255,66,258465,11,263772
10313,0.003419,74.125.24.0-255,1484,259949,11,263772
10314,0.003459,172.31.36.0-255,66,260015,11,263772
10315,0.003462,74.125.24.0-255,97,260112,11,263772
10316,0.003501,74.125.24.0-255,105,260217,11,263772
10317,0.00882,172.31.36.0-255,66,260283,11,263772
10318,0.008863,172.31.36.0-255,105,260388,11,263772
10319,0.011481,74.125.24.0-255,66,260454,11,263772
10320,0.030706,172.31.36.0-255,166,260620,11,263772
10321,0.030741,172.31.36.0-255,1134,261754,11,263772
10322,0.0308,172.31.36.0-255,1514,263268,11,263772
10323,0.030802,172.31.36.0-255,306,263574,11,263772
10324,0.0324,104.244.42.0-255,66,263640,11,263772
10325,0.03243,104.244.42.0-255,66,263706,11,263772
10326,0.032469,104.244.42.0-255,66,263772,11,263772
10327,0.0,74.125.200.0-255,153,153,11,248598
10328,2.2e-05,172.31.36.0-255,66,219,11,248598
10329,3e-05,74.125.200.0-255,1484,1703,11,248598
10330,3.5e-05,172.31.36.0-255,66,1769,11,248598
10331,4.2e-05,74.125.200.0-255,2902,4671,11,248598
10332,4.5e-05,172.31.36.0-255,66,4737,11,248598
10333,6.9e-05,74.125.200.0-255,1484,6221,11,248598
10334,7.2e-05,172.31.36.0-255,66,6287,11,248598
10335,9.2e-05,74.125.200.0-255,2902,9189,11,248598
10336,9.5e-05,172.31.36.0-255,66,9255,11,248598
10337,0.00017,74.125.200.0-255,4921,14176,11,248598
10338,0.000173,172.31.36.0-255,66,14242,11,248598
10339,0.000273,74.125.200.0-255,4320,18562,11,248598
10340,0.000278,172.31.36.0-255,66,18628,11,248598
10341,0.000295,74.125.200.0-255,1484,20112,11,248598
10342,0.000298,172.31.36.0-255,66,20178,11,248598
10343,0.000427,172.31.36.0-255,66,20244,11,248598
10344,0.000655,74.125.200.0-255,7156,27400,11,248598
10345,0.000659,172.31.36.0-255,66,27466,11,248598
10346,0.00069,74.125.200.0-255,7156,34622,11,248598
10347,0.000693,172.31.36.0-255,66,34688,11,248598
10348,0.000979,74.125.200.0-255,2543,37231,11,248598
10349,0.000984,172.31.36.0-255,66,37297,11,248598
10350,0.001034,74.125.200.0-255,2902,40199,11,248598
10351,0.001037,172.31.36.0-255,66,40265,11,248598
10352,0.001097,74.125.200.0-255,7156,47421,11,248598
10353,0.0011,172.31.36.0-255,66,47487,11,248598
10354,0.001255,74.125.200.0-255,1484,48971,11,248598
10355,0.001259,172.31.36.0-255,66,49037,11,248598
10356,0.001298,74.125.200.0-255,5738,54775,11,248598
10357,0.001301,172.31.36.0-255,66,54841,11,248598
10358,0.001334,172.31.36.0-255,66,54907,11,248598
10359,0.001637,74.125.200.0-255,6797,61704,11,248598
10360,0.001645,172.31.36.0-255,66,61770,11,248598
10361,0.001784,74.125.200.0-255,4320,66090,11,248598
10362,0.001788,172.31.36.0-255,66,66156,11,248598
10363,0.001802,74.125.200.0-255,2902,69058,11,248598
10364,0.001805,172.31.36.0-255,66,69124,11,248598
10365,0.001946,74.125.200.0-255,7156,76280,11,248598
10366,0.001949,172.31.36.0-255,66,76346,11,248598
10367,0.001966,74.125.200.0-255,3122,79468,11,248598
10368,0.001969,172.31.36.0-255,66,79534,11,248598
10369,0.002167,74.125.200.0-255,1484,81018,11,248598
10370,0.00223,74.125.200.0-255,4320,85338,11,248598
10371,0.002234,172.31.36.0-255,66,85404,11,248598
10372,0.002276,172.31.36.0-255,66,85470,11,248598
10373,0.002877,74.125.200.0-255,2902,88372,11,248598
10374,0.002879,172.31.36.0-255,66,88438,11,248598
10375,0.002909,172.31.36.0-255,66,88504,11,248598
10376,0.002947,172.31.36.0-255,66,88570,11,248598
10377,0.004961,74.125.200.0-255,5738,94308,11,248598
10378,0.004968,172.31.36.0-255,66,94374,11,248598
10379,0.006986,74.125.200.0-255,5738,100112,11,248598
10380,0.006992,172.31.36.0-255,66,100178,11,248598
10381,0.009014,74.125.200.0-255,5738,105916,11,248598
10382,0.00902,172.31.36.0-255,66,105982,11,248598
10383,0.011041,74.125.200.0-255,5738,111720,11,248598
10384,0.011047,172.31.36.0-255,66,111786,11,248598
10385,0.01307,74.125.200.0-255,5738,117524,11,248598
10386,0.013077,172.31.36.0-255,66,117590,11,248598
10387,0.015116,74.125.200.0-255,5738,123328,11,248598
10388,0.015122,172.31.36.0-255,66,123394,11,248598
10389,0.017158,74.125.200.0-255,5738,129132,11,248598
10390,0.017166,172.31.36.0-255,66,129198,11,248598
10391,0.019188,74.125.200.0-255,5738,134936,11,248598
10392,0.019195,172.31.36.0-255,66,135002,11,248598
10393,0.021227,74.125.200.0-255,5738,140740,11,248598
10394,0.021234,172.31.36.0-255,66,140806,11,248598
10395,0.023249,74.125.200.0-255,5738,146544,11,248598
10396,0.023256,172.31.36.0-255,66,146610,11,248598
10397,0.023738,172.31.36.0-255,167,146777,11,248598
10398,0.023769,172.31.36.0-255,1109,147886,11,248598
10399,0.023829,172.31.36.0-255,1514,149400,11,248598
10400,0.023831,172.31.36.0-255,332,149732,11,248598
10401,0.025278,104.244.42.0-255,66,149798,11,248598
10402,0.025307,74.125.200.0-255,5738,155536,11,248598
10403,0.025312,172.31.36.0-255,66,155602,11,248598
10404,0.025332,104.244.42.0-255,66,155668,11,248598
10405,0.025414,104.244.42.0-255,66,155734,11,248598
10406,0.02735,74.125.200.0-255,5738,161472,11,248598
10407,0.027356,172.31.36.0-255,66,161538,11,248598
10408,0.029382,74.125.200.0-255,5738,167276,11,248598
10409,0.029388,172.31.36.0-255,66,167342,11,248598
10410,0.031425,74.125.200.0-255,5738,173080,11,248598
10411,0.031431,172.31.36.0-255,66,173146,11,248598
10412,0.03347,74.125.200.0-255,5738,178884,11,248598
10413,0.033475,172.31.36.0-255,66,178950,11,248598
10414,0.035507,74.125.200.0-255,5738,184688,11,248598
10415,0.035517,172.31.36.0-255,66,184754,11,248598
10416,0.03755,74.125.200.0-255,5738,190492,11,248598
10417,0.037558,172.31.36.0-255,66,190558,11,248598
10418,0.039587,74.125.200.0-255,5738,196296,11,248598
10419,0.039595,172.31.36.0-255,66,196362,11,248598
10420,0.041619,74.125.200.0-255,5738,202100,11,248598
10421,0.041626,172.31.36.0-255,66,202166,11,248598
10422,0.043662,74.125.200.0-255,5738,207904,11,248598
10423,0.043669,172.31.36.0-255,66,207970,11,248598
10424,0.045753,74.125.200.0-255,5738,213708,11,248598
10425,0.045759,172.31.36.0-255,66,213774,11,248598
10426,0.047784,74.125.200.0-255,5738,219512,11,248598
10427,0.047791,172.31.36.0-255,66,219578,11,248598
10428,0.049829,74.125.200.0-255,5738,225316,11,248598
10429,0.049836,172.31.36.0-255,66,225382,11,248598
10430,0.05187,74.125.200.0-255,5738,231120,11,248598
10431,0.051876,172.31.36.0-255,66,231186,11,248598
10432,0.053901,74.125.200.0-255,5738,236924,11,248598
10433,0.053907,172.31.36.0-255,66,236990,11,248598
10434,0.05594,74.125.200.0-255,5738,242728,11,248598
10435,0.055947,172.31.36.0-255,66,242794,11,248598
10436,0.057994,74.125.200.0-255,5738,248532,11,248598
10437,0.058001,172.31.36.0-255,66,248598,11,248598
10438,0.0,172.217.194.0-255,298,298,11,159158
10439,2.1e-05,172.31.36.0-255,66,364,11,159158
10440,2.6e-05,172.217.194.0-255,1484,1848,11,159158
10441,3e-05,172.31.36.0-255,66,1914,11,159158
10442,3.3e-05,172.217.194.0-255,1484,3398,11,159158
10443,3.6e-05,172.31.36.0-255,66,3464,11,159158
10444,6.8e-05,172.217.194.0-255,2902,6366,11,159158
10445,7.3e-05,172.31.36.0-255,66,6432,11,159158
10446,7.3e-05,172.217.194.0-255,5738,12170,11,159158
10447,7.6e-05,172.31.36.0-255,66,12236,11,159158
10448,0.000107,172.217.194.0-255,6076,18312,11,159158
10449,0.00011,172.31.36.0-255,66,18378,11,159158
10450,0.000124,172.217.194.0-255,4320,22698,11,159158
10451,0.000131,172.31.36.0-255,66,22764,11,159158
10452,0.000153,172.31.36.0-255,66,22830,11,159158
10453,0.000203,172.31.36.0-255,66,22896,11,159158
10454,0.000209,172.217.194.0-255,3961,26857,11,159158
10455,0.000212,172.31.36.0-255,66,26923,11,159158
10456,0.000462,172.217.194.0-255,1484,28407,11,159158
10457,0.000467,172.31.36.0-255,66,28473,11,159158
10458,0.000475,172.217.194.0-255,2902,31375,11,159158
10459,0.000477,172.31.36.0-255,66,31441,11,159158
10460,0.000493,172.217.194.0-255,5738,37179,11,159158
10461,0.000496,172.31.36.0-255,66,37245,11,159158
10462,0.000538,172.217.194.0-255,6797,44042,11,159158
10463,0.000542,172.31.36.0-255,66,44108,11,159158
10464,0.000581,172.217.194.0-255,4320,48428,11,159158
10465,0.000585,172.31.36.0-255,66,48494,11,159158
10466,0.000597,172.217.194.0-255,2902,51396,11,159158
10467,0.000604,172.31.36.0-255,66,51462,11,159158
10468,0.000607,172.217.194.0-255,1484,52946,11,159158
10469,0.000621,172.31.36.0-255,66,53012,11,159158
10470,0.000654,172.31.36.0-255,66,53078,11,159158
10471,0.000681,172.217.194.0-255,5379,58457,11,159158
10472,0.000685,172.31.36.0-255,66,58523,11,159158
10473,0.000688,172.217.194.0-255,646,59169,11,159158
10474,0.001014,172.217.194.0-255,1484,60653,11,159158
10475,0.001018,172.31.36.0-255,66,60719,11,159158
10476,0.001023,172.217.194.0-255,2902,63621,11,159158
10477,0.001025,172.31.36.0-255,66,63687,11,159158
10478,0.001028,172.217.194.0-255,1484,65171,11,159158
10479,0.001052,172.217.194.0-255,4320,69491,11,159158
10480,0.001057,172.31.36.0-255,66,69557,11,159158
10481,0.001063,172.31.36.0-255,66,69623,11,159158
10482,0.001085,172.217.194.0-255,2902,72525,11,159158
10483,0.001088,172.31.36.0-255,66,72591,11,159158
10484,0.001101,172.31.36.0-255,66,72657,11,159158
10485,0.00157,172.217.194.0-255,1484,74141,11,159158
10486,0.00158,172.217.194.0-255,2902,77043,11,159158
10487,0.001584,172.31.36.0-255,66,77109,11,159158
10488,0.00159,172.217.194.0-255,2902,80011,11,159158
10489,0.001592,172.31.36.0-255,66,80077,11,159158
10490,0.001614,172.217.194.0-255,2902,82979,11,159158
10491,0.001617,172.31.36.0-255,66,83045,11,159158
10492,0.001625,172.217.194.0-255,7156,90201,11,159158
10493,0.001628,172.31.36.0-255,66,90267,11,159158
10494,0.001668,172.217.194.0-255,5738,96005,11,159158
10495,0.001671,172.31.36.0-255,66,96071,11,159158
10496,0.001684,172.31.36.0-255,66,96137,11,159158
10497,0.001711,172.217.194.0-255,1484,97621,11,159158
10498,0.001716,172.217.194.0-255,2902,100523,11,159158
10499,0.001718,172.31.36.0-255,66,100589,11,159158
10500,0.001724,172.217.194.0-255,5738,106327,11,159158
10501,0.001726,172.31.36.0-255,66,106393,11,159158
10502,0.001729,172.217.194.0-255,1484,107877,11,159158
10503,0.001761,172.31.36.0-255,66,107943,11,159158
10504,0.001814,172.31.36.0-255,66,108009,11,159158
10505,0.001845,172.217.194.0-255,1484,109493,11,159158
10506,0.001857,172.217.194.0-255,2902,112395,11,159158
10507,0.00186,172.31.36.0-255,66,112461,11,159158
10508,0.001864,172.217.194.0-255,2902,115363,11,159158
10509,0.001867,172.31.36.0-255,66,115429,11,159158
10510,0.001887,172.217.194.0-255,2902,118331,11,159158
10511,0.001891,172.31.36.0-255,66,118397,11,159158
10512,0.001904,172.31.36.0-255,66,118463,11,159158
10513,0.001943,172.217.194.0-255,4320,122783,11,159158
10514,0.001947,172.31.36.0-255,66,122849,11,159158
10515,0.001969,172.217.194.0-255,6438,129287,11,159158
10516,0.001972,172.31.36.0-255,66,129353,11,159158
10517,0.002001,172.217.194.0-255,1484,130837,11,159158
10518,0.002016,172.217.194.0-255,2902,133739,11,159158
10519,0.002019,172.31.36.0-255,66,133805,11,159158
10520,0.002024,172.217.194.0-255,4320,138125,11,159158
10521,0.002027,172.31.36.0-255,66,138191,11,159158
10522,0.002056,172.217.194.0-255,1484,139675,11,159158
10523,0.002074,172.31.36.0-255,66,139741,11,159158
10524,0.002077,172.217.194.0-255,1484,141225,11,159158
10525,0.002113,172.31.36.0-255,66,141291,11,159158
10526,0.002126,172.31.36.0-255,66,141357,11,159158
10527,0.002226,172.31.36.0-255,66,141423,11,159158
10528,0.002289,172.217.194.0-255,2902,144325,11,159158
10529,0.002352,172.217.194.0-255,1484,145809,11,159158
10530,0.002359,172.217.194.0-255,7156,152965,11,159158
10531,0.002373,172.217.194.0-255,1566,154531,11,159158
10532,0.002375,172.217.194.0-255,105,154636,11,159158
10533,0.00806,172.31.36.0-255,66,154702,11,159158
10534,0.010139,172.31.36.0-255,105,154807,11,159158
10535,0.012443,172.217.194.0-255,66,154873,11,159158
10536,0.03152,172.31.36.0-255,167,155040,11,159158
10537,0.031551,172.31.36.0-255,1107,156147,11,159158
10538,0.031591,172.31.36.0-255,1514,157661,11,159158
10539,0.031593,172.31.36.0-255,1299,158960,11,159158
10540,0.033005,104.244.42.0-255,66,159026,11,159158
10541,0.033036,104.244.42.0-255,66,159092,11,159158
10542,0.033085,104.244.42.0-255,66,159158,11,159158
10543,0.0,74.125.24.0-255,143,143,11,155940
10544,1.2e-05,172.31.36.0-255,66,209,11,155940
10545,1.8e-05,74.125.24.0-255,1484,1693,11,155940
10546,2.2e-05,172.31.36.0-255,66,1759,11,155940
10547,3.4e-05,74.125.24.0-255,2902,4661,11,155940
10548,3.7e-05,172.31.36.0-255,66,4727,11,155940
10549,4.7e-05,74.125.24.0-255,7156,11883,11,155940
10550,5.1e-05,172.31.36.0-255,66,11949,11,155940
10551,8.7e-05,172.31.36.0-255,66,12015,11,155940
10552,9.5e-05,74.125.24.0-255,6797,18812,11,155940
10553,9.7e-05,172.31.36.0-255,66,18878,11,155940
10554,0.000375,74.125.24.0-255,1484,20362,11,155940
10555,0.000381,172.31.36.0-255,66,20428,11,155940
10556,0.000387,74.125.24.0-255,2902,23330,11,155940
10557,0.000389,172.31.36.0-255,66,23396,11,155940
10558,0.0004,74.125.24.0-255,4320,27716,11,155940
10559,0.000403,172.31.36.0-255,66,27782,11,155940
10560,0.000406,74.125.24.0-255,1484,29266,11,155940
10561,0.000409,172.31.36.0-255,66,29332,11,155940
10562,0.000438,74.125.24.0-255,4320,33652,11,155940
10563,0.000442,172.31.36.0-255,66,33718,11,155940
10564,0.000456,172.31.36.0-255,66,33784,11,155940
10565,0.00046,74.125.24.0-255,2902,36686,11,155940
10566,0.000463,172.31.36.0-255,66,36752,11,155940
10567,0.00049,74.125.24.0-255,2902,39654,11,155940
10568,0.000493,172.31.36.0-255,66,39720,11,155940
10569,0.000515,74.125.24.0-255,1460,41180,11,155940
10570,0.000518,172.31.36.0-255,66,41246,11,155940
10571,0.000616,74.125.24.0-255,1484,42730,11,155940
10572,0.000619,172.31.36.0-255,66,42796,11,155940
10573,0.000648,74.125.24.0-255,1484,44280,11,155940
10574,0.000654,74.125.24.0-255,2902,47182,11,155940
10575,0.000656,172.31.36.0-255,66,47248,11,155940
10576,0.000681,74.125.24.0-255,4320,51568,11,155940
10577,0.000684,172.31.36.0-255,66,51634,11,155940
10578,0.000708,74.125.24.0-255,1484,53118,11,155940
10579,0.000714,74.125.24.0-255,5379,58497,11,155940
10580,0.000717,172.31.36.0-255,66,58563,11,155940
10581,0.000724,74.125.24.0-255,5738,64301,11,155940
10582,0.000726,172.31.36.0-255,66,64367,11,155940
10583,0.000775,172.31.36.0-255,66,64433,11,155940
10584,0.0008,74.125.24.0-255,1484,65917,11,155940
10585,0.000805,74.125.24.0-255,2902,68819,11,155940
10586,0.000807,172.31.36.0-255,66,68885,11,155940
10587,0.000835,74.125.24.0-255,5738,74623,11,155940
10588,0.000839,172.31.36.0-255,66,74689,11,155940
10589,0.000871,172.31.36.0-255,66,74755,11,155940
10590,0.000883,172.31.36.0-255,66,74821,11,155940
10591,0.000909,74.125.24.0-255,2184,77005,11,155940
10592,0.000911,172.31.36.0-255,66,77071,11,155940
10593,0.000954,74.125.24.0-255,1484,78555,11,155940
10594,0.000957,74.125.24.0-255,1484,80039,11,155940
10595,0.00096,172.31.36.0-255,66,80105,11,155940
10596,0.000989,74.125.24.0-255,1484,81589,11,155940
10597,0.000996,74.125.24.0-255,5738,87327,11,155940
10598,0.000998,172.31.36.0-255,66,87393,11,155940
10599,0.001012,172.31.36.0-255,66,87459,11,155940
10600,0.001031,172.31.36.0-255,66,87525,11,155940
10601,0.001102,172.31.36.0-255,66,87591,11,155940
10602,0.001114,172.31.36.0-255,66,87657,11,155940
10603,0.001128,172.31.36.0-255,66,87723,11,155940
10604,0.001165,172.31.36.0-255,66,87789,11,155940
10605,0.001177,172.31.36.0-255,66,87855,11,155940
10606,0.001217,74.125.24.0-255,7156,95011,11,155940
10607,0.001222,172.31.36.0-255,66,95077,11,155940
10608,0.001233,74.125.24.0-255,3602,98679,11,155940
10609,0.001239,172.31.36.0-255,66,98745,11,155940
10610,0.001736,74.125.24.0-255,1484,100229,11,155940
10611,0.001743,74.125.24.0-255,2902,103131,11,155940
10612,0.001747,172.31.36.0-255,66,103197,11,155940
10613,0.001751,74.125.24.0-255,1484,104681,11,155940
10614,0.001786,74.125.24.0-255,4320,109001,11,155940
10615,0.001789,172.31.36.0-255,66,109067,11,155940
10616,0.001796,74.125.24.0-255,5738,114805,11,155940
10617,0.001798,172.31.36.0-255,66,114871,11,155940
10618,0.001811,74.125.24.0-255,7156,122027,11,155940
10619,0.001813,172.31.36.0-255,66,122093,11,155940
10620,0.001839,74.125.24.0-255,5738,127831,11,155940
10621,0.001841,172.31.36.0-255,66,127897,11,155940
10622,0.001848,74.125.24.0-255,5020,132917,11,155940
10623,0.00185,172.31.36.0-255,66,132983,11,155940
10624,0.001941,74.125.24.0-255,1484,134467,11,155940
10625,0.001947,74.125.24.0-255,2902,137369,11,155940
10626,0.00195,172.31.36.0-255,66,137435,11,155940
10627,0.00197,74.125.24.0-255,4320,141755,11,155940
10628,0.001973,172.31.36.0-255,66,141821,11,155940
10629,0.001996,74.125.24.0-255,1484,143305,11,155940
10630,0.002009,172.31.36.0-255,66,143371,11,155940
10631,0.002065,172.31.36.0-255,66,143437,11,155940
10632,0.002079,172.31.36.0-255,66,143503,11,155940
10633,0.002168,74.125.24.0-255,7156,150659,11,155940
10634,0.002226,74.125.24.0-255,105,150764,11,155940
10635,0.002247,172.31.36.0-255,66,150830,11,155940
10636,0.002259,74.125.24.0-255,129,150959,11,155940
10637,0.00443,172.31.36.0-255,105,151064,11,155940
10638,0.004467,172.31.36.0-255,105,151169,11,155940
10639,0.00469,172.31.36.0-255,90,151259,11,155940
10640,0.0047,172.31.36.0-255,66,151325,11,155940
10641,0.006893,74.125.24.0-255,66,151391,11,155940
10642,0.006931,74.125.24.0-255,66,151457,11,155940
10643,0.007167,74.125.24.0-255,66,151523,11,155940
10644,0.007199,74.125.24.0-255,66,151589,11,155940
10645,0.007205,172.31.36.0-255,66,151655,11,155940
10646,0.032777,172.31.36.0-255,167,151822,11,155940
10647,0.032812,172.31.36.0-255,1107,152929,11,155940
10648,0.032872,172.31.36.0-255,1514,154443,11,155940
10649,0.032874,172.31.36.0-255,1299,155742,11,155940
10650,0.034338,104.244.42.0-255,66,155808,11,155940
10651,0.034388,104.244.42.0-255,66,155874,11,155940
10652,0.034449,104.244.42.0-255,66,155940,11,155940
10653,0.0,172.217.194.0-255,150,150,11,187924
10654,1.8e-05,172.31.36.0-255,66,216,11,187924
10655,2.5e-05,172.217.194.0-255,1484,1700,11,187924
10656,3e-05,172.31.36.0-255,66,1766,11,187924
10657,3.3e-05,172.217.194.0-255,1484,3250,11,187924
10658,3.7e-05,172.31.36.0-255,66,3316,11,187924
10659,4.3e-05,172.217.194.0-255,2902,6218,11,187924
10660,4.6e-05,172.31.36.0-255,66,6284,11,187924
10661,6.4e-05,172.217.194.0-255,1484,7768,11,187924
10662,6.6e-05,172.31.36.0-255,66,7834,11,187924
10663,8e-05,172.217.194.0-255,2902,10736,11,187924
10664,8.3e-05,172.31.36.0-255,66,10802,11,187924
10665,0.000114,172.31.36.0-255,66,10868,11,187924
10666,0.000125,172.31.36.0-255,66,10934,11,187924
10667,0.00013,172.217.194.0-255,3961,14895,11,187924
10668,0.000133,172.31.36.0-255,66,14961,11,187924
10669,0.000194,172.217.194.0-255,1484,16445,11,187924
10670,0.000197,172.31.36.0-255,66,16511,11,187924
10671,0.000202,172.217.194.0-255,2902,19413,11,187924
10672,0.000204,172.31.36.0-255,66,19479,11,187924
10673,0.000207,172.217.194.0-255,1484,20963,11,187924
10674,0.000209,172.31.36.0-255,66,21029,11,187924
10675,0.000238,172.217.194.0-255,4320,25349,11,187924
10676,0.000242,172.31.36.0-255,66,25415,11,187924
10677,0.000252,172.31.36.0-255,66,25481,11,187924
10678,0.000261,172.31.36.0-255,66,25547,11,187924
10679,0.000287,172.217.194.0-255,1484,27031,11,187924
10680,0.00029,172.31.36.0-255,66,27097,11,187924
10681,0.000314,172.217.194.0-255,5968,33065,11,187924
10682,0.000318,172.31.36.0-255,66,33131,11,187924
10683,0.000463,172.217.194.0-255,1484,34615,11,187924
10684,0.00047,172.217.194.0-255,2902,37517,11,187924
10685,0.000474,172.31.36.0-255,66,37583,11,187924
10686,0.000482,172.217.194.0-255,5738,43321,11,187924
10687,0.000485,172.31.36.0-255,66,43387,11,187924
10688,0.000491,172.217.194.0-255,5738,49125,11,187924
10689,0.000493,172.31.36.0-255,66,49191,11,187924
10690,0.00052,172.31.36.0-255,66,49257,11,187924
10691,0.000544,172.217.194.0-255,4320,53577,11,187924
10692,0.000546,172.31.36.0-255,66,53643,11,187924
10693,0.000553,172.217.194.0-255,5020,58663,11,187924
10694,0.000555,172.31.36.0-255,66,58729,11,187924
10695,0.000845,172.217.194.0-255,1484,60213,11,187924
10696,0.000853,172.217.194.0-255,2902,63115,11,187924
10697,0.000857,172.31.36.0-255,66,63181,11,187924
10698,0.000864,172.217.194.0-255,5738,68919,11,187924
10699,0.000866,172.31.36.0-255,66,68985,11,187924
10700,0.000897,172.31.36.0-255,66,69051,11,187924
10701,0.000902,172.217.194.0-255,2902,71953,11,187924
10702,0.000905,172.31.36.0-255,66,72019,11,187924
10703,0.000918,172.31.36.0-255,66,72085,11,187924
10704,0.000948,172.217.194.0-255,1484,73569,11,187924
10705,0.000952,172.217.194.0-255,2902,76471,11,187924
10706,0.000956,172.31.36.0-255,66,76537,11,187924
10707,0.000959,172.217.194.0-255,1484,78021,11,187924
10708,0.000977,172.217.194.0-255,4320,82341,11,187924
10709,0.00098,172.31.36.0-255,66,82407,11,187924
10710,0.00101,172.217.194.0-255,5738,88145,11,187924
10711,0.001014,172.31.36.0-255,66,88211,11,187924
10712,0.00104,172.217.194.0-255,7156,95367,11,187924
10713,0.001044,172.31.36.0-255,66,95433,11,187924
10714,0.001057,172.31.36.0-255,66,95499,11,187924
10715,0.001062,172.217.194.0-255,4320,99819,11,187924
10716,0.001065,172.31.36.0-255,66,99885,11,187924
10717,0.001117,172.31.36.0-255,66,99951,11,187924
10718,0.001128,172.31.36.0-255,66,100017,11,187924
10719,0.00119,172.217.194.0-255,1484,101501,11,187924
10720,0.001196,172.217.194.0-255,2902,104403,11,187924
10721,0.001199,172.31.36.0-255,66,104469,11,187924
10722,0.001206,172.217.194.0-255,5738,110207,11,187924
10723,0.001209,172.31.36.0-255,66,110273,11,187924
10724,0.001244,172.217.194.0-255,7156,117429,11,187924
10725,0.001248,172.31.36.0-255,66,117495,11,187924
10726,0.001264,172.217.194.0-255,5738,123233,11,187924
10727,0.001268,172.31.36.0-255,66,123299,11,187924
10728,0.001292,172.217.194.0-255,5738,129037,11,187924
10729,0.001296,172.31.36.0-255,66,129103,11,187924
10730,0.001318,172.217.194.0-255,5020,134123,11,187924
10731,0.001322,172.31.36.0-255,66,134189,11,187924
10732,0.00135,172.217.194.0-255,1484,135673,11,187924
10733,0.001356,172.217.194.0-255,2902,138575,11,187924
10734,0.001359,172.31.36.0-255,66,138641,11,187924
10735,0.001383,172.217.194.0-255,5738,144379,11,187924
10736,0.001399,172.31.36.0-255,66,144445,11,187924
10737,0.001405,172.217.194.0-255,5738,150183,11,187924
10738,0.001408,172.31.36.0-255,66,150249,11,187924
10739,0.001418,172.217.194.0-255,5738,155987,11,187924
10740,0.00142,172.31.36.0-255,66,156053,11,187924
10741,0.001437,172.217.194.0-255,7156,163209,11,187924
10742,0.001443,172.217.194.0-255,5020,168229,11,187924
10743,0.001447,172.31.36.0-255,66,168295,11,187924
10744,0.00145,172.31.36.0-255,66,168361,11,187924
10745,0.001477,172.217.194.0-255,5738,174099,11,187924
10746,0.00148,172.31.36.0-255,66,174165,11,187924
10747,0.001492,172.31.36.0-255,66,174231,11,187924
10748,0.001553,172.31.36.0-255,66,174297,11,187924
10749,0.001572,172.31.36.0-255,66,174363,11,187924
10750,0.001596,172.217.194.0-255,5738,180101,11,187924
10751,0.001684,172.31.36.0-255,66,180167,11,187924
10752,0.001727,172.31.36.0-255,66,180233,11,187924
10753,0.001738,172.217.194.0-255,2892,183125,11,187924
10754,0.001741,172.217.194.0-255,105,183230,11,187924
10755,0.001752,172.31.36.0-255,66,183296,11,187924
10756,0.013846,172.31.36.0-255,105,183401,11,187924
10757,0.016085,172.217.194.0-255,66,183467,11,187924
10758,0.028383,172.31.36.0-255,167,183634,11,187924
10759,0.028418,172.31.36.0-255,1107,184741,11,187924
10760,0.028482,172.31.36.0-255,1514,186255,11,187924
10761,0.028483,172.31.36.0-255,1297,187552,11,187924
10762,0.029958,104.244.42.0-255,66,187618,11,187924
10763,0.029995,104.244.42.0-255,66,187684,11,187924
10764,0.030038,104.244.42.0-255,66,187750,11,187924
10765,0.030632,104.244.42.0-255,108,187858,11,187924
10766,0.030641,172.31.36.0-255,66,187924,11,187924
10767,0.0,74.125.130.0-255,298,298,11,294520
10768,3e-05,172.31.36.0-255,66,364,11,294520
10769,3.7e-05,74.125.130.0-255,1484,1848,11,294520
10770,4e-05,172.31.36.0-255,66,1914,11,294520
10771,4.5e-05,74.125.130.0-255,2902,4816,11,294520
10772,4.8e-05,172.31.36.0-255,66,4882,11,294520
10773,5.5e-05,74.125.130.0-255,5738,10620,11,294520
10774,5.7e-05,172.31.36.0-255,66,10686,11,294520
10775,6.2e-05,74.125.130.0-255,3265,13951,11,294520
10776,6.4e-05,172.31.36.0-255,66,14017,11,294520
10777,0.000106,74.125.130.0-255,4320,18337,11,294520
10778,0.000109,172.31.36.0-255,66,18403,11,294520
10779,0.000111,74.125.130.0-255,1484,19887,11,294520
10780,0.000113,172.31.36.0-255,66,19953,11,294520
10781,0.000116,74.125.130.0-255,1484,21437,11,294520
10782,0.000118,172.31.36.0-255,66,21503,11,294520
10783,0.000132,74.125.130.0-255,1484,22987,11,294520
10784,0.000134,172.31.36.0-255,66,23053,11,294520
10785,0.000156,74.125.130.0-255,4320,27373,11,294520
10786,0.000159,172.31.36.0-255,66,27439,11,294520
10787,0.000183,74.125.130.0-255,1484,28923,11,294520
10788,0.000185,172.31.36.0-255,66,28989,11,294520
10789,0.000189,74.125.130.0-255,2902,31891,11,294520
10790,0.000191,172.31.36.0-255,66,31957,11,294520
10791,0.000196,74.125.130.0-255,4320,36277,11,294520
10792,0.000198,172.31.36.0-255,66,36343,11,294520
10793,0.000204,74.125.130.0-255,4320,40663,11,294520
10794,0.000206,172.31.36.0-255,66,40729,11,294520
10795,0.000235,74.125.130.0-255,4320,45049,11,294520
10796,0.000238,172.31.36.0-255,66,45115,11,294520
10797,0.000242,74.125.130.0-255,3602,48717,11,294520
10798,0.000244,172.31.36.0-255,66,48783,11,294520
10799,0.000331,74.125.130.0-255,1484,50267,11,294520
10800,0.000347,74.125.130.0-255,1484,51751,11,294520
10801,0.000352,172.31.36.0-255,66,51817,11,294520
10802,0.000364,74.125.130.0-255,1484,53301,11,294520
10803,0.000367,74.125.130.0-255,1484,54785,11,294520
10804,0.00037,172.31.36.0-255,66,54851,11,294520
10805,0.000387,74.125.130.0-255,2902,57753,11,294520
10806,0.00039,172.31.36.0-255,66,57819,11,294520
10807,0.000412,74.125.130.0-255,5738,63557,11,294520
10808,0.000416,172.31.36.0-255,66,63623,11,294520
10809,0.00042,74.125.130.0-255,2834,66457,11,294520
10810,0.000422,172.31.36.0-255,66,66523,11,294520
10811,0.000538,74.125.130.0-255,363,66886,11,294520
10812,0.000581,74.125.130.0-255,1484,68370,11,294520
10813,0.000584,172.31.36.0-255,66,68436,11,294520
10814,0.000627,74.125.130.0-255,2902,71338,11,294520
10815,0.000631,172.31.36.0-255,66,71404,11,294520
10816,0.000664,74.125.130.0-255,1484,72888,11,294520
10817,0.000688,74.125.130.0-255,2902,75790,11,294520
10818,0.000691,172.31.36.0-255,66,75856,11,294520
10819,0.000695,74.125.130.0-255,2902,78758,11,294520
10820,0.000697,172.31.36.0-255,66,78824,11,294520
10821,0.000702,74.125.130.0-255,4320,83144,11,294520
10822,0.000704,172.31.36.0-255,66,83210,11,294520
10823,0.00071,74.125.130.0-255,2902,86112,11,294520
10824,0.000712,172.31.36.0-255,66,86178,11,294520
10825,0.000737,74.125.130.0-255,5738,91916,11,294520
10826,0.00074,172.31.36.0-255,66,91982,11,294520
10827,0.000745,74.125.130.0-255,4320,96302,11,294520
10828,0.000748,172.31.36.0-255,66,96368,11,294520
10829,0.000786,74.125.130.0-255,5020,101388,11,294520
10830,0.000789,172.31.36.0-255,66,101454,11,294520
10831,0.001876,74.125.130.0-255,1484,102938,11,294520
10832,0.001887,74.125.130.0-255,2902,105840,11,294520
10833,0.001891,172.31.36.0-255,66,105906,11,294520
10834,0.001912,74.125.130.0-255,1484,107390,11,294520
10835,0.001938,74.125.130.0-255,4320,111710,11,294520
10836,0.001942,172.31.36.0-255,66,111776,11,294520
10837,0.001947,74.125.130.0-255,2902,114678,11,294520
10838,0.001949,172.31.36.0-255,66,114744,11,294520
10839,0.001969,74.125.130.0-255,4320,119064,11,294520
10840,0.001971,172.31.36.0-255,66,119130,11,294520
10841,0.001992,74.125.130.0-255,5738,124868,11,294520
10842,0.001994,172.31.36.0-255,66,124934,11,294520
10843,0.001997,74.125.130.0-255,1484,126418,11,294520
10844,0.00201,74.125.130.0-255,2902,129320,11,294520
10845,0.002012,172.31.36.0-255,66,129386,11,294520
10846,0.002032,74.125.130.0-255,2902,132288,11,294520
10847,0.002034,172.31.36.0-255,66,132354,11,294520
10848,0.00205,74.125.130.0-255,1484,133838,11,294520
10849,0.002084,74.125.130.0-255,2184,136022,11,294520
10850,0.002085,172.31.36.0-255,66,136088,11,294520
10851,0.00228,74.125.130.0-255,1484,137572,11,294520
10852,0.002305,74.125.130.0-255,2902,140474,11,294520
10853,0.002309,172.31.36.0-255,66,140540,11,294520
10854,0.002328,74.125.130.0-255,1484,142024,11,294520
10855,0.002342,74.125.130.0-255,4320,146344,11,294520
10856,0.002345,172.31.36.0-255,66,146410,11,294520
10857,0.002387,74.125.130.0-255,2902,149312,11,294520
10858,0.002391,172.31.36.0-255,66,149378,11,294520
10859,0.002407,74.125.130.0-255,2902,152280,11,294520
10860,0.002409,172.31.36.0-255,66,152346,11,294520
10861,0.002425,74.125.130.0-255,1484,153830,11,294520
10862,0.002441,74.125.130.0-255,5738,159568,11,294520
10863,0.002444,172.31.36.0-255,66,159634,11,294520
10864,0.002477,74.125.130.0-255,4320,163954,11,294520
10865,0.00248,172.31.36.0-255,66,164020,11,294520
10866,0.002501,74.125.130.0-255,4320,168340,11,294520
10867,0.002503,172.31.36.0-255,66,168406,11,294520
10868,0.002545,74.125.130.0-255,2184,170590,11,294520
10869,0.002548,172.31.36.0-255,66,170656,11,294520
10870,0.005185,74.125.130.0-255,2902,173558,11,294520
10871,0.005193,172.31.36.0-255,66,173624,11,294520
10872,0.005224,74.125.130.0-255,2902,176526,11,294520
10873,0.005227,172.31.36.0-255,66,176592,11,294520
10874,0.007882,74.125.130.0-255,2902,179494,11,294520
10875,0.007888,172.31.36.0-255,66,179560,11,294520
10876,0.007917,74.125.130.0-255,2902,182462,11,294520
10877,0.007919,172.31.36.0-255,66,182528,11,294520
10878,0.010585,74.125.130.0-255,2902,185430,11,294520
10879,0.010593,172.31.36.0-255,66,185496,11,294520
10880,0.010614,74.125.130.0-255,2902,188398,11,294520
10881,0.010618,172.31.36.0-255,66,188464,11,294520
10882,0.013325,74.125.130.0-255,5738,194202,11,294520
10883,0.013343,172.31.36.0-255,66,194268,11,294520
10884,0.016085,74.125.130.0-255,5738,200006,11,294520
10885,0.016102,172.31.36.0-255,66,200072,11,294520
10886,0.018819,74.125.130.0-255,5738,205810,11,294520
10887,0.018835,172.31.36.0-255,66,205876,11,294520
10888,0.021545,74.125.130.0-255,5738,211614,11,294520
10889,0.021561,172.31.36.0-255,66,211680,11,294520
10890,0.024265,74.125.130.0-255,5738,217418,11,294520
10891,0.024278,172.31.36.0-255,66,217484,11,294520
10892,0.026992,74.125.130.0-255,5738,223222,11,294520
10893,0.02701,172.31.36.0-255,66,223288,11,294520
10894,0.029718,74.125.130.0-255,5738,229026,11,294520
10895,0.029726,172.31.36.0-255,66,229092,11,294520
10896,0.032449,74.125.130.0-255,5738,234830,11,294520
10897,0.032456,172.31.36.0-255,66,234896,11,294520
10898,0.035144,74.125.130.0-255,5738,240634,11,294520
10899,0.035151,172.31.36.0-255,66,240700,11,294520
10900,0.036252,172.31.36.0-255,172,240872,11,294520
10901,0.036279,172.31.36.0-255,1111,241983,11,294520
10902,0.036376,172.31.36.0-255,1514,243497,11,294520
10903,0.036378,172.31.36.0-255,1293,244790,11,294520
10904,0.037853,74.125.130.0-255,4320,249110,11,294520
10905,0.03786,172.31.36.0-255,66,249176,11,294520
10906,0.037894,74.125.130.0-255,1484,250660,11,294520
10907,0.037905,104.244.42.0-255,66,250726,11,294520
10908,0.037929,104.244.42.0-255,66,250792,11,294520
10909,0.038065,104.244.42.0-255,66,250858,11,294520
10910,0.040547,74.125.130.0-255,4320,255178,11,294520
10911,0.040553,172.31.36.0-255,66,255244,11,294520
10912,0.043278,74.125.130.0-255,5738,260982,11,294520
10913,0.043284,172.31.36.0-255,66,261048,11,294520
10914,0.045993,74.125.130.0-255,5738,266786,11,294520
10915,0.046009,172.31.36.0-255,66,266852,11,294520
10916,0.048705,74.125.130.0-255,5738,272590,11,294520
10917,0.048721,172.31.36.0-255,66,272656,11,294520
10918,0.05142,74.125.130.0-255,4320,276976,11,294520
10919,0.051434,172.31.36.0-255,66,277042,11,294520
10920,0.051471,74.125.130.0-255,1484,278526,11,294520
10921,0.054143,74.125.130.0-255,4320,282846,11,294520
10922,0.054179,172.31.36.0-255,66,282912,11,294520
10923,0.056892,74.125.130.0-255,5738,288650,11,294520
10924,0.05691,172.31.36.0-255,66,288716,11,294520
10925,0.059612,74.125.130.0-255,5738,294454,11,294520
10926,0.059628,172.31.36.0-255,66,294520,11,294520
10927,0.0,172.217.194.0-255,153,153,11,248206
10928,2.4e-05,172.31.36.0-255,66,219,11,248206
10929,2.9e-05,172.217.194.0-255,1484,1703,11,248206
10930,3.2e-05,172.31.36.0-255,66,1769,11,248206
10931,3.7e-05,172.217.194.0-255,2902,4671,11,248206
10932,4.6e-05,172.31.36.0-255,66,4737,11,248206
10933,8.5e-05,172.217.194.0-255,7156,11893,11,248206
10934,8.8e-05,172.31.36.0-255,66,11959,11,248206
10935,9.5e-05,172.217.194.0-255,5738,17697,11,248206
10936,9.7e-05,172.31.36.0-255,66,17763,11,248206
10937,0.000129,172.31.36.0-255,66,17829,11,248206
10938,0.000134,172.217.194.0-255,3961,21790,11,248206
10939,0.000136,172.31.36.0-255,66,21856,11,248206
10940,0.000566,172.217.194.0-255,1484,23340,11,248206
10941,0.000572,172.31.36.0-255,66,23406,11,248206
10942,0.00058,172.217.194.0-255,2902,26308,11,248206
10943,0.000583,172.31.36.0-255,66,26374,11,248206
10944,0.000596,172.217.194.0-255,5738,32112,11,248206
10945,0.000599,172.31.36.0-255,66,32178,11,248206
10946,0.000635,172.217.194.0-255,6797,38975,11,248206
10947,0.00064,172.31.36.0-255,66,39041,11,248206
10948,0.000644,172.217.194.0-255,1484,40525,11,248206
10949,0.000646,172.31.36.0-255,66,40591,11,248206
10950,0.00068,172.31.36.0-255,66,40657,11,248206
10951,0.000684,172.217.194.0-255,1484,42141,11,248206
10952,0.000686,172.31.36.0-255,66,42207,11,248206
10953,0.000721,172.217.194.0-255,2543,44750,11,248206
10954,0.000725,172.31.36.0-255,66,44816,11,248206
10955,0.000728,172.217.194.0-255,378,45194,11,248206
10956,0.000731,172.31.36.0-255,66,45260,11,248206
10957,0.00117,172.217.194.0-255,1484,46744,11,248206
10958,0.001178,172.217.194.0-255,2902,49646,11,248206
10959,0.001183,172.31.36.0-255,66,49712,11,248206
10960,0.00119,172.217.194.0-255,5738,55450,11,248206
10961,0.001192,172.31.36.0-255,66,55516,11,248206
10962,0.001202,172.217.194.0-255,4320,59836,11,248206
10963,0.001205,172.31.36.0-255,66,59902,11,248206
10964,0.001242,172.31.36.0-255,66,59968,11,248206
10965,0.001277,172.31.36.0-255,66,60034,11,248206
10966,0.001307,172.217.194.0-255,1484,61518,11,248206
10967,0.00131,172.217.194.0-255,1484,63002,11,248206
10968,0.001312,172.31.36.0-255,66,63068,11,248206
10969,0.001338,172.217.194.0-255,1484,64552,11,248206
10970,0.001344,172.217.194.0-255,5738,70290,11,248206
10971,0.001347,172.31.36.0-255,66,70356,11,248206
10972,0.001351,172.217.194.0-255,2902,73258,11,248206
10973,0.001353,172.31.36.0-255,66,73324,11,248206
10974,0.001378,172.217.194.0-255,5738,79062,11,248206
10975,0.00138,172.31.36.0-255,66,79128,11,248206
10976,0.001409,172.217.194.0-255,5738,84866,11,248206
10977,0.001411,172.31.36.0-255,66,84932,11,248206
10978,0.001435,172.31.36.0-255,66,84998,11,248206
10979,0.001441,172.217.194.0-255,5738,90736,11,248206
10980,0.001444,172.31.36.0-255,66,90802,11,248206
10981,0.001473,172.217.194.0-255,4320,95122,11,248206
10982,0.001475,172.31.36.0-255,66,95188,11,248206
10983,0.001484,172.31.36.0-255,66,95254,11,248206
10984,0.001532,172.31.36.0-255,66,95320,11,248206
10985,0.001535,172.217.194.0-255,1484,96804,11,248206
10986,0.001556,172.217.194.0-255,2902,99706,11,248206
10987,0.001558,172.31.36.0-255,66,99772,11,248206
10988,0.001564,172.217.194.0-255,5738,105510,11,248206
10989,0.001566,172.31.36.0-255,66,105576,11,248206
10990,0.001571,172.217.194.0-255,4320,109896,11,248206
10991,0.001577,172.31.36.0-255,66,109962,11,248206
10992,0.001583,172.217.194.0-255,5738,115700,11,248206
10993,0.001588,172.31.36.0-255,66,115766,11,248206
10994,0.001617,172.217.194.0-255,5738,121504,11,248206
10995,0.00162,172.31.36.0-255,66,121570,11,248206
10996,0.001623,172.217.194.0-255,1484,123054,11,248206
10997,0.001645,172.217.194.0-255,4320,127374,11,248206
10998,0.001647,172.31.36.0-255,66,127440,11,248206
10999,0.001672,172.217.194.0-255,2184,129624,11,248206
11000,0.001674,172.31.36.0-255,66,129690,11,248206
11001,0.001788,172.217.194.0-255,1484,131174,11,248206
11002,0.001803,172.217.194.0-255,2902,134076,11,248206
11003,0.001813,172.217.194.0-255,1484,135560,11,248206
11004,0.001828,172.217.194.0-255,4320,139880,11,248206
11005,0.001881,172.217.194.0-255,1484,141364,11,248206
11006,0.001903,172.217.194.0-255,5738,147102,11,248206
11007,0.00192,172.217.194.0-255,2902,150004,11,248206
11008,0.00195,172.217.194.0-255,3602,153606,11,248206
11009,0.002013,172.217.194.0-255,5020,158626,11,248206
11010,0.002036,172.217.194.0-255,1484,160110,11,248206
11011,0.002039,172.217.194.0-255,1484,161594,11,248206
11012,0.002055,172.217.194.0-255,4320,165914,11,248206
11013,0.002086,172.217.194.0-255,7156,173070,11,248206
11014,0.002089,172.217.194.0-255,1484,174554,11,248206
11015,0.00211,172.217.194.0-255,7156,181710,11,248206
11016,0.002127,172.217.194.0-255,5738,187448,11,248206
11017,0.002149,172.217.194.0-255,5020,192468,11,248206
11018,0.002152,172.217.194.0-255,1484,193952,11,248206
11019,0.002155,172.217.194.0-255,1484,195436,11,248206
11020,0.002212,172.217.194.0-255,4320,199756,11,248206
11021,0.002255,172.217.194.0-255,2184,201940,11,248206
11022,0.00226,172.217.194.0-255,4320,206260,11,248206
11023,0.00228,172.217.194.0-255,5738,211998,11,248206
11024,0.002294,172.217.194.0-255,5738,217736,11,248206
11025,0.002327,172.217.194.0-255,5738,223474,11,248206
11026,0.002344,172.217.194.0-255,5738,229212,11,248206
11027,0.002395,172.217.194.0-255,3602,232814,11,248206
11028,0.002435,172.217.194.0-255,5738,238552,11,248206
11029,0.002452,172.217.194.0-255,5027,243579,11,248206
11030,0.002455,172.217.194.0-255,105,243684,11,248206
11031,0.005559,172.31.36.0-255,66,243750,11,248206
11032,0.008312,172.31.36.0-255,105,243855,11,248206
11033,0.010338,172.217.194.0-255,66,243921,11,248206
11034,0.026316,172.31.36.0-255,167,244088,11,248206
11035,0.026346,172.31.36.0-255,1107,245195,11,248206
11036,0.026388,172.31.36.0-255,1514,246709,11,248206
11037,0.02639,172.31.36.0-255,1299,248008,11,248206
11038,0.027912,104.244.42.0-255,66,248074,11,248206
11039,0.028041,104.244.42.0-255,66,248140,11,248206
11040,0.028043,104.244.42.0-255,66,248206,11,248206
11041,0.0,172.217.194.0-255,153,153,11,247167
11042,3.6e-05,172.31.36.0-255,66,219,11,247167
11043,4.5e-05,172.217.194.0-255,1484,1703,11,247167
11044,4.9e-05,172.31.36.0-255,66,1769,11,247167
11045,5.4e-05,172.217.194.0-255,2902,4671,11,247167
11046,5.7e-05,172.31.36.0-255,66,4737,11,247167
11047,6.2e-05,172.217.194.0-255,5738,10475,11,247167
11048,6.5e-05,172.31.36.0-255,66,10541,11,247167
11049,7e-05,172.217.194.0-255,3454,13995,11,247167
11050,7.3e-05,172.31.36.0-255,66,14061,11,247167
11051,0.000154,172.217.194.0-255,1484,15545,11,247167
11052,0.000158,172.31.36.0-255,66,15611,11,247167
11053,0.000164,172.217.194.0-255,2902,18513,11,247167
11054,0.000166,172.31.36.0-255,66,18579,11,247167
11055,0.000171,172.217.194.0-255,4320,22899,11,247167
11056,0.000174,172.31.36.0-255,66,22965,11,247167
11057,0.000194,172.217.194.0-255,1484,24449,11,247167
11058,0.000196,172.31.36.0-255,66,24515,11,247167
11059,0.000228,172.31.36.0-255,66,24581,11,247167
11060,0.000247,172.217.194.0-255,2543,27124,11,247167
11061,0.00025,172.31.36.0-255,66,27190,11,247167
11062,0.000257,172.217.194.0-255,4320,31510,11,247167
11063,0.00026,172.31.36.0-255,66,31576,11,247167
11064,0.000275,172.217.194.0-255,2902,34478,11,247167
11065,0.000277,172.31.36.0-255,66,34544,11,247167
11066,0.000292,172.217.194.0-255,2543,37087,11,247167
11067,0.000295,172.31.36.0-255,66,37153,11,247167
11068,0.001615,172.217.194.0-255,1484,38637,11,247167
11069,0.001622,172.31.36.0-255,66,38703,11,247167
11070,0.001633,172.217.194.0-255,2902,41605,11,247167
11071,0.001635,172.31.36.0-255,66,41671,11,247167
11072,0.001641,172.217.194.0-255,5738,47409,11,247167
11073,0.001643,172.31.36.0-255,66,47475,11,247167
11074,0.001676,172.217.194.0-255,6797,54272,11,247167
11075,0.001678,172.31.36.0-255,66,54338,11,247167
11076,0.001706,172.217.194.0-255,4320,58658,11,247167
11077,0.001709,172.31.36.0-255,66,58724,11,247167
11078,0.001738,172.31.36.0-255,66,58790,11,247167
11079,0.001757,172.217.194.0-255,4320,63110,11,247167
11080,0.001759,172.31.36.0-255,66,63176,11,247167
11081,0.001798,172.31.36.0-255,66,63242,11,247167
11082,0.001801,172.217.194.0-255,1484,64726,11,247167
11083,0.001819,172.217.194.0-255,2184,66910,11,247167
11084,0.001822,172.31.36.0-255,66,66976,11,247167
11085,0.002276,172.217.194.0-255,1484,68460,11,247167
11086,0.002283,172.217.194.0-255,2902,71362,11,247167
11087,0.002286,172.31.36.0-255,66,71428,11,247167
11088,0.002291,172.217.194.0-255,2902,74330,11,247167
11089,0.002293,172.31.36.0-255,66,74396,11,247167
11090,0.002308,172.217.194.0-255,2902,77298,11,247167
11091,0.00231,172.31.36.0-255,66,77364,11,247167
11092,0.002315,172.217.194.0-255,4320,81684,11,247167
11093,0.002317,172.31.36.0-255,66,81750,11,247167
11094,0.002331,172.217.194.0-255,2425,84175,11,247167
11095,0.002334,172.31.36.0-255,66,84241,11,247167
11096,0.002366,172.31.36.0-255,66,84307,11,247167
11097,0.002385,172.217.194.0-255,1484,85791,11,247167
11098,0.00239,172.217.194.0-255,3240,89031,11,247167
11099,0.002392,172.31.36.0-255,66,89097,11,247167
11100,0.002625,172.217.194.0-255,1484,90581,11,247167
11101,0.00263,172.217.194.0-255,2902,93483,11,247167
11102,0.002633,172.31.36.0-255,66,93549,11,247167
11103,0.002664,172.217.194.0-255,5738,99287,11,247167
11104,0.002667,172.31.36.0-255,66,99353,11,247167
11105,0.002673,172.217.194.0-255,5738,105091,11,247167
11106,0.002675,172.31.36.0-255,66,105157,11,247167
11107,0.002702,172.217.194.0-255,7156,112313,11,247167
11108,0.002704,172.31.36.0-255,66,112379,11,247167
11109,0.002707,172.217.194.0-255,1484,113863,11,247167
11110,0.002738,172.217.194.0-255,7156,121019,11,247167
11111,0.00274,172.31.36.0-255,66,121085,11,247167
11112,0.002744,172.217.194.0-255,2184,123269,11,247167
11113,0.002746,172.31.36.0-255,66,123335,11,247167
11114,0.005415,172.217.194.0-255,5738,129073,11,247167
11115,0.005419,172.31.36.0-255,66,129139,11,247167
11116,0.008123,172.217.194.0-255,5738,134877,11,247167
11117,0.008131,172.31.36.0-255,66,134943,11,247167
11118,0.010789,172.217.194.0-255,5738,140681,11,247167
11119,0.010797,172.31.36.0-255,66,140747,11,247167
11120,0.01093,172.31.36.0-255,101,140848,11,247167
11121,0.013486,172.217.194.0-255,5738,146586,11,247167
11122,0.013494,172.31.36.0-255,66,146652,11,247167
11123,0.013532,172.217.194.0-255,66,146718,11,247167
11124,0.016146,172.217.194.0-255,5738,152456,11,247167
11125,0.016152,172.31.36.0-255,66,152522,11,247167
11126,0.018884,172.217.194.0-255,5738,158260,11,247167
11127,0.018895,172.31.36.0-255,66,158326,11,247167
11128,0.021585,172.217.194.0-255,5738,164064,11,247167
11129,0.021596,172.31.36.0-255,66,164130,11,247167
11130,0.024295,172.217.194.0-255,5738,169868,11,247167
11131,0.024304,172.31.36.0-255,66,169934,11,247167
11132,0.02703,172.217.194.0-255,5738,175672,11,247167
11133,0.02704,172.31.36.0-255,66,175738,11,247167
11134,0.029729,172.217.194.0-255,5738,181476,11,247167
11135,0.029736,172.31.36.0-255,66,181542,11,247167
11136,0.03015,172.31.36.0-255,171,181713,11,247167
11137,0.030178,172.31.36.0-255,1135,182848,11,247167
11138,0.030221,172.31.36.0-255,1514,184362,11,247167
11139,0.030223,172.31.36.0-255,1269,185631,11,247167
11140,0.031691,104.244.42.0-255,66,185697,11,247167
11141,0.031866,104.244.42.0-255,66,185763,11,247167
11142,0.031868,104.244.42.0-255,66,185829,11,247167
11143,0.032394,172.217.194.0-255,5738,191567,11,247167
11144,0.032399,172.31.36.0-255,66,191633,11,247167
11145,0.035083,172.217.194.0-255,4320,195953,11,247167
11146,0.035087,172.31.36.0-255,66,196019,11,247167
11147,0.035112,172.217.194.0-255,1484,197503,11,247167
11148,0.03776,172.217.194.0-255,4320,201823,11,247167
11149,0.037765,172.31.36.0-255,66,201889,11,247167
11150,0.040467,172.217.194.0-255,4320,206209,11,247167
11151,0.040473,172.31.36.0-255,66,206275,11,247167
11152,0.040509,172.217.194.0-255,1484,207759,11,247167
11153,0.043199,172.217.194.0-255,4320,212079,11,247167
11154,0.043218,172.31.36.0-255,66,212145,11,247167
11155,0.045904,172.217.194.0-255,5738,217883,11,247167
11156,0.045923,172.31.36.0-255,66,217949,11,247167
11157,0.048605,172.217.194.0-255,5738,223687,11,247167
11158,0.048612,172.31.36.0-255,66,223753,11,247167
11159,0.051275,172.217.194.0-255,1484,225237,11,247167
11160,0.051307,172.217.194.0-255,4320,229557,11,247167
11161,0.051313,172.31.36.0-255,66,229623,11,247167
11162,0.053972,172.217.194.0-255,5738,235361,11,247167
11163,0.053977,172.31.36.0-255,66,235427,11,247167
11164,0.056746,172.217.194.0-255,5738,241165,11,247167
11165,0.056752,172.31.36.0-255,66,241231,11,247167
11166,0.059401,172.217.194.0-255,2902,244133,11,247167
11167,0.059406,172.31.36.0-255,66,244199,11,247167
11168,0.05944,172.217.194.0-255,2902,247101,11,247167
11169,0.059443,172.31.36.0-255,66,247167,11,247167
11170,0.0,74.125.200.0-255,153,153,11,333856
11171,3.3e-05,172.31.36.0-255,66,219,11,333856
11172,4e-05,74.125.200.0-255,1484,1703,11,333856
11173,4.5e-05,172.31.36.0-255,66,1769,11,333856
11174,4.8e-05,74.125.200.0-255,1484,3253,11,333856
11175,5e-05,172.31.36.0-255,66,3319,11,333856
11176,5.5e-05,74.125.200.0-255,2902,6221,11,333856
11177,5.8e-05,172.31.36.0-255,66,6287,11,333856
11178,8.4e-05,74.125.200.0-255,5738,12025,11,333856
11179,8.7e-05,172.31.36.0-255,66,12091,11,333856
11180,9.1e-05,74.125.200.0-255,2074,14165,11,333856
11181,9.2e-05,172.31.36.0-255,66,14231,11,333856
11182,0.000126,74.125.200.0-255,2902,17133,11,333856
11183,0.000129,172.31.36.0-255,66,17199,11,333856
11184,0.000149,74.125.200.0-255,2902,20101,11,333856
11185,0.000151,172.31.36.0-255,66,20167,11,333856
11186,0.000154,74.125.200.0-255,1484,21651,11,333856
11187,0.000156,172.31.36.0-255,66,21717,11,333856
11188,0.000175,74.125.200.0-255,2902,24619,11,333856
11189,0.000179,172.31.36.0-255,66,24685,11,333856
11190,0.000207,74.125.200.0-255,4320,29005,11,333856
11191,0.000211,172.31.36.0-255,66,29071,11,333856
11192,0.000226,74.125.200.0-255,2543,31614,11,333856
11193,0.000228,172.31.36.0-255,66,31680,11,333856
11194,0.000336,74.125.200.0-255,1484,33164,11,333856
11195,0.000342,172.31.36.0-255,66,33230,11,333856
11196,0.000351,74.125.200.0-255,1484,34714,11,333856
11197,0.000355,172.31.36.0-255,66,34780,11,333856
11198,0.000379,74.125.200.0-255,2902,37682,11,333856
11199,0.000383,172.31.36.0-255,66,37748,11,333856
11200,0.000388,74.125.200.0-255,2902,40650,11,333856
11201,0.00039,172.31.36.0-255,66,40716,11,333856
11202,0.000415,74.125.200.0-255,2902,43618,11,333856
11203,0.000421,172.31.36.0-255,66,43684,11,333856
11204,0.000421,74.125.200.0-255,2902,46586,11,333856
11205,0.000425,74.125.200.0-255,2902,49488,11,333856
11206,0.000426,172.31.36.0-255,66,49554,11,333856
11207,0.000441,74.125.200.0-255,1125,50679,11,333856
11208,0.000447,172.31.36.0-255,66,50745,11,333856
11209,0.000463,74.125.200.0-255,4320,55065,11,333856
11210,0.000471,172.31.36.0-255,66,55131,11,333856
11211,0.000483,74.125.200.0-255,1484,56615,11,333856
11212,0.000491,74.125.200.0-255,7156,63771,11,333856
11213,0.000501,172.31.36.0-255,66,63837,11,333856
11214,0.000509,74.125.200.0-255,2543,66380,11,333856
11215,0.000514,172.31.36.0-255,66,66446,11,333856
11216,0.000526,74.125.200.0-255,360,66806,11,333856
11217,0.000609,74.125.200.0-255,382,67188,11,333856
11218,0.000746,74.125.200.0-255,1484,68672,11,333856
11219,0.00075,74.125.200.0-255,1484,70156,11,333856
11220,0.000751,172.31.36.0-255,66,70222,11,333856
11221,0.00077,74.125.200.0-255,1484,71706,11,333856
11222,0.000774,172.31.36.0-255,66,71772,11,333856
11223,0.000776,74.125.200.0-255,5738,77510,11,333856
11224,0.000792,172.31.36.0-255,66,77576,11,333856
11225,0.000811,74.125.200.0-255,2902,80478,11,333856
11226,0.000815,172.31.36.0-255,66,80544,11,333856
11227,0.000828,74.125.200.0-255,3961,84505,11,333856
11228,0.000832,172.31.36.0-255,66,84571,11,333856
11229,0.000879,74.125.200.0-255,1484,86055,11,333856
11230,0.000884,74.125.200.0-255,2902,88957,11,333856
11231,0.000888,172.31.36.0-255,66,89023,11,333856
11232,0.000898,74.125.200.0-255,2902,91925,11,333856
11233,0.000902,172.31.36.0-255,66,91991,11,333856
11234,0.000915,74.125.200.0-255,2902,94893,11,333856
11235,0.000918,74.125.200.0-255,1484,96377,11,333856
11236,0.000927,172.31.36.0-255,66,96443,11,333856
11237,0.000944,74.125.200.0-255,5379,101822,11,333856
11238,0.000951,172.31.36.0-255,66,101888,11,333856
11239,0.00123,74.125.200.0-255,1484,103372,11,333856
11240,0.001239,74.125.200.0-255,2902,106274,11,333856
11241,0.001243,172.31.36.0-255,66,106340,11,333856
11242,0.001265,74.125.200.0-255,1484,107824,11,333856
11243,0.001279,74.125.200.0-255,2902,110726,11,333856
11244,0.001282,74.125.200.0-255,1484,112210,11,333856
11245,0.001298,74.125.200.0-255,4320,116530,11,333856
11246,0.001302,74.125.200.0-255,1484,118014,11,333856
11247,0.001319,74.125.200.0-255,5738,123752,11,333856
11248,0.001336,74.125.200.0-255,1484,125236,11,333856
11249,0.001341,74.125.200.0-255,2902,128138,11,333856
11250,0.001354,74.125.200.0-255,4320,132458,11,333856
11251,0.001367,74.125.200.0-255,2902,135360,11,333856
11252,0.00137,74.125.200.0-255,766,136126,11,333856
11253,0.001762,74.125.200.0-255,1484,137610,11,333856
11254,0.001768,74.125.200.0-255,1484,139094,11,333856
11255,0.001783,74.125.200.0-255,1484,140578,11,333856
11256,0.001805,74.125.200.0-255,4320,144898,11,333856
11257,0.001818,74.125.200.0-255,1484,146382,11,333856
11258,0.001823,74.125.200.0-255,2902,149284,11,333856
11259,0.001825,74.125.200.0-255,1484,150768,11,333856
11260,0.001839,74.125.200.0-255,2902,153670,11,333856
11261,0.001842,74.125.200.0-255,1484,155154,11,333856
11262,0.001864,74.125.200.0-255,7156,162310,11,333856
11263,0.001868,74.125.200.0-255,2902,165212,11,333856
11264,0.001881,74.125.200.0-255,4320,169532,11,333856
11265,0.001897,74.125.200.0-255,766,170298,11,333856
11266,0.001949,74.125.200.0-255,1484,171782,11,333856
11267,0.00198,74.125.200.0-255,1484,173266,11,333856
11268,0.001992,74.125.200.0-255,2902,176168,11,333856
11269,0.002015,74.125.200.0-255,1484,177652,11,333856
11270,0.002041,74.125.200.0-255,2902,180554,11,333856
11271,0.002046,74.125.200.0-255,5738,186292,11,333856
11272,0.002097,74.125.200.0-255,7156,193448,11,333856
11273,0.002114,74.125.200.0-255,2184,195632,11,333856
11274,0.007872,172.31.36.0-255,66,195698,11,333856
11275,0.010075,74.125.200.0-255,5738,201436,11,333856
11276,0.010082,172.31.36.0-255,66,201502,11,333856
11277,0.012282,74.125.200.0-255,5738,207240,11,333856
11278,0.012289,172.31.36.0-255,66,207306,11,333856
11279,0.014482,74.125.200.0-255,4320,211626,11,333856
11280,0.014489,172.31.36.0-255,66,211692,11,333856
11281,0.014519,74.125.200.0-255,1484,213176,11,333856
11282,0.016727,74.125.200.0-255,4320,217496,11,333856
11283,0.016734,172.31.36.0-255,66,217562,11,333856
11284,0.018925,74.125.200.0-255,4320,221882,11,333856
11285,0.018933,172.31.36.0-255,66,221948,11,333856
11286,0.01897,74.125.200.0-255,1484,223432,11,333856
11287,0.021118,74.125.200.0-255,4320,227752,11,333856
11288,0.021126,172.31.36.0-255,66,227818,11,333856
11289,0.023323,74.125.200.0-255,5738,233556,11,333856
11290,0.023387,172.31.36.0-255,66,233622,11,333856
11291,0.025584,74.125.200.0-255,5738,239360,11,333856
11292,0.025592,172.31.36.0-255,66,239426,11,333856
11293,0.027804,74.125.200.0-255,1484,240910,11,333856
11294,0.027851,74.125.200.0-255,4320,245230,11,333856
11295,0.027858,172.31.36.0-255,66,245296,11,333856
11296,0.030047,74.125.200.0-255,5738,251034,11,333856
11297,0.030053,172.31.36.0-255,66,251100,11,333856
11298,0.030443,172.31.36.0-255,172,251272,11,333856
11299,0.030472,172.31.36.0-255,1111,252383,11,333856
11300,0.030509,172.31.36.0-255,1514,253897,11,333856
11301,0.030511,172.31.36.0-255,1514,255411,11,333856
11302,0.030512,172.31.36.0-255,1514,256925,11,333856
11303,0.030513,172.31.36.0-255,1073,257998,11,333856
11304,0.032087,104.244.42.0-255,66,258064,11,333856
11305,0.032248,74.125.200.0-255,5738,263802,11,333856
11306,0.032254,172.31.36.0-255,66,263868,11,333856
11307,0.032292,104.244.42.0-255,66,263934,11,333856
11308,0.032297,104.244.42.0-255,66,264000,11,333856
11309,0.0323,104.244.42.0-255,66,264066,11,333856
11310,0.033009,104.244.42.0-255,108,264174,11,333856
11311,0.033032,172.31.36.0-255,66,264240,11,333856
11312,0.034434,74.125.200.0-255,4320,268560,11,333856
11313,0.034439,172.31.36.0-255,66,268626,11,333856
11314,0.034467,74.125.200.0-255,1484,270110,11,333856
11315,0.036628,74.125.200.0-255,4320,274430,11,333856
11316,0.036633,172.31.36.0-255,66,274496,11,333856
11317,0.03883,74.125.200.0-255,5738,280234,11,333856
11318,0.038885,172.31.36.0-255,66,280300,11,333856
11319,0.041074,74.125.200.0-255,2902,283202,11,333856
11320,0.041081,172.31.36.0-255,66,283268,11,333856
11321,0.041099,74.125.200.0-255,2902,286170,11,333856
11322,0.041195,172.31.36.0-255,66,286236,11,333856
11323,0.043274,74.125.200.0-255,2902,289138,11,333856
11324,0.043279,172.31.36.0-255,66,289204,11,333856
11325,0.043366,74.125.200.0-255,1484,290688,11,333856
11326,0.043383,74.125.200.0-255,1484,292172,11,333856
11327,0.043389,172.31.36.0-255,66,292238,11,333856
11328,0.045478,74.125.200.0-255,2902,295140,11,333856
11329,0.045483,172.31.36.0-255,66,295206,11,333856
11330,0.045565,74.125.200.0-255,1484,296690,11,333856
11331,0.045583,74.125.200.0-255,1484,298174,11,333856
11332,0.045586,172.31.36.0-255,66,298240,11,333856
11333,0.047666,74.125.200.0-255,2902,301142,11,333856
11334,0.047671,172.31.36.0-255,66,301208,11,333856
11335,0.047763,74.125.200.0-255,2902,304110,11,333856
11336,0.047775,172.31.36.0-255,66,304176,11,333856
11337,0.049852,74.125.200.0-255,2902,307078,11,333856
11338,0.049857,172.31.36.0-255,66,307144,11,333856
11339,0.049957,74.125.200.0-255,2902,310046,11,333856
11340,0.049961,172.31.36.0-255,66,310112,11,333856
11341,0.052052,74.125.200.0-255,2902,313014,11,333856
11342,0.052057,172.31.36.0-255,66,313080,11,333856
11343,0.052147,74.125.200.0-255,2902,315982,11,333856
11344,0.052153,172.31.36.0-255,66,316048,11,333856
11345,0.054241,74.125.200.0-255,2902,318950,11,333856
11346,0.054247,172.31.36.0-255,66,319016,11,333856
11347,0.054331,74.125.200.0-255,2902,321918,11,333856
11348,0.054339,172.31.36.0-255,66,321984,11,333856
11349,0.056451,74.125.200.0-255,2902,324886,11,333856
11350,0.056456,172.31.36.0-255,66,324952,11,333856
11351,0.056546,74.125.200.0-255,2902,327854,11,333856
11352,0.056553,172.31.36.0-255,66,327920,11,333856
11353,0.058645,74.125.200.0-255,2902,330822,11,333856
11354,0.058651,172.31.36.0-255,66,330888,11,333856
11355,0.058739,74.125.200.0-255,2902,333790,11,333856
11356,0.058751,172.31.36.0-255,66,333856,11,333856
11357,0.0,74.125.130.0-255,143,143,11,303717
11358,3.7e-05,172.31.36.0-255,66,209,11,303717
11359,4.4e-05,74.125.130.0-255,1484,1693,11,303717
11360,4.9e-05,172.31.36.0-255,66,1759,11,303717
11361,5.3e-05,74.125.130.0-255,2902,4661,11,303717
11362,6.7e-05,172.31.36.0-255,66,4727,11,303717
11363,7.5e-05,74.125.130.0-255,7156,11883,11,303717
11364,7.8e-05,172.31.36.0-255,66,11949,11,303717
11365,8.7e-05,172.31.36.0-255,66,12015,11,303717
11366,9e-05,74.125.130.0-255,1484,13499,11,303717
11367,9.3e-05,172.31.36.0-255,66,13565,11,303717
11368,0.000127,74.125.130.0-255,4320,17885,11,303717
11369,0.000139,172.31.36.0-255,66,17951,11,303717
11370,0.000146,74.125.130.0-255,5379,23330,11,303717
11371,0.000149,172.31.36.0-255,66,23396,11,303717
11372,0.000266,74.125.130.0-255,1484,24880,11,303717
11373,0.000273,172.31.36.0-255,66,24946,11,303717
11374,0.000279,74.125.130.0-255,2902,27848,11,303717
11375,0.000281,172.31.36.0-255,66,27914,11,303717
11376,0.000287,74.125.130.0-255,5738,33652,11,303717
11377,0.000297,172.31.36.0-255,66,33718,11,303717
11378,0.000305,74.125.130.0-255,6797,40515,11,303717
11379,0.000307,74.125.130.0-255,1484,41999,11,303717
11380,0.00031,172.31.36.0-255,66,42065,11,303717
11381,0.000314,172.31.36.0-255,66,42131,11,303717
11382,0.000356,74.125.130.0-255,5738,47869,11,303717
11383,0.000362,172.31.36.0-255,66,47935,11,303717
11384,0.000374,172.31.36.0-255,66,48001,11,303717
11385,0.0004,74.125.130.0-255,1414,49415,11,303717
11386,0.000408,172.31.36.0-255,66,49481,11,303717
11387,0.00044,74.125.130.0-255,365,49846,11,303717
11388,0.000533,74.125.130.0-255,1484,51330,11,303717
11389,0.000539,172.31.36.0-255,66,51396,11,303717
11390,0.000543,74.125.130.0-255,1484,52880,11,303717
11391,0.000548,74.125.130.0-255,2902,55782,11,303717
11392,0.00055,172.31.36.0-255,66,55848,11,303717
11393,0.000562,74.125.130.0-255,2902,58750,11,303717
11394,0.000564,172.31.36.0-255,66,58816,11,303717
11395,0.000592,74.125.130.0-255,2902,61718,11,303717
11396,0.000595,172.31.36.0-255,66,61784,11,303717
11397,0.000605,74.125.130.0-255,2902,64686,11,303717
11398,0.000608,172.31.36.0-255,66,64752,11,303717
11399,0.00063,74.125.130.0-255,2543,67295,11,303717
11400,0.000638,172.31.36.0-255,66,67361,11,303717
11401,0.000641,74.125.130.0-255,1484,68845,11,303717
11402,0.000645,74.125.130.0-255,2902,71747,11,303717
11403,0.000647,172.31.36.0-255,66,71813,11,303717
11404,0.000682,74.125.130.0-255,5738,77551,11,303717
11405,0.000686,172.31.36.0-255,66,77617,11,303717
11406,0.000716,74.125.130.0-255,6797,84414,11,303717
11407,0.00072,172.31.36.0-255,66,84480,11,303717
11408,0.000908,74.125.130.0-255,1484,85964,11,303717
11409,0.000915,74.125.130.0-255,2902,88866,11,303717
11410,0.000921,172.31.36.0-255,66,88932,11,303717
11411,0.000932,74.125.130.0-255,2902,91834,11,303717
11412,0.00094,172.31.36.0-255,66,91900,11,303717
11413,0.00097,74.125.130.0-255,2902,94802,11,303717
11414,0.000975,172.31.36.0-255,66,94868,11,303717
11415,0.000979,74.125.130.0-255,2902,97770,11,303717
11416,0.000982,172.31.36.0-255,66,97836,11,303717
11417,0.000992,74.125.130.0-255,4320,102156,11,303717
11418,0.000995,172.31.36.0-255,66,102222,11,303717
11419,0.001001,74.125.130.0-255,4320,106542,11,303717
11420,0.001003,172.31.36.0-255,66,106608,11,303717
11421,0.001033,74.125.130.0-255,2902,109510,11,303717
11422,0.001036,172.31.36.0-255,66,109576,11,303717
11423,0.001053,172.31.36.0-255,66,109642,11,303717
11424,0.001055,74.125.130.0-255,766,110408,11,303717
11425,0.001141,74.125.130.0-255,1484,111892,11,303717
11426,0.001146,172.31.36.0-255,66,111958,11,303717
11427,0.001152,74.125.130.0-255,2902,114860,11,303717
11428,0.001155,172.31.36.0-255,66,114926,11,303717
11429,0.001164,74.125.130.0-255,1484,116410,11,303717
11430,0.001199,74.125.130.0-255,4320,120730,11,303717
11431,0.001205,172.31.36.0-255,66,120796,11,303717
11432,0.001213,74.125.130.0-255,7156,127952,11,303717
11433,0.001215,172.31.36.0-255,66,128018,11,303717
11434,0.001238,74.125.130.0-255,4320,132338,11,303717
11435,0.001241,172.31.36.0-255,66,132404,11,303717
11436,0.001264,172.31.36.0-255,66,132470,11,303717
11437,0.003288,74.125.130.0-255,5738,138208,11,303717
11438,0.003294,172.31.36.0-255,66,138274,11,303717
11439,0.005323,74.125.130.0-255,5738,144012,11,303717
11440,0.00533,172.31.36.0-255,66,144078,11,303717
11441,0.007333,74.125.130.0-255,5738,149816,11,303717
11442,0.007341,172.31.36.0-255,66,149882,11,303717
11443,0.009352,74.125.130.0-255,5738,155620,11,303717
11444,0.00936,172.31.36.0-255,66,155686,11,303717
11445,0.011366,74.125.130.0-255,5738,161424,11,303717
11446,0.011373,172.31.36.0-255,66,161490,11,303717
11447,0.013382,74.125.130.0-255,5738,167228,11,303717
11448,0.013392,172.31.36.0-255,66,167294,11,303717
11449,0.015398,74.125.130.0-255,5738,173032,11,303717
11450,0.015404,172.31.36.0-255,66,173098,11,303717
11451,0.01745,74.125.130.0-255,5738,178836,11,303717
11452,0.017459,172.31.36.0-255,66,178902,11,303717
11453,0.019468,74.125.130.0-255,5738,184640,11,303717
11454,0.019476,172.31.36.0-255,66,184706,11,303717
11455,0.021477,74.125.130.0-255,4320,189026,11,303717
11456,0.021484,172.31.36.0-255,66,189092,11,303717
11457,0.021512,74.125.130.0-255,1484,190576,11,303717
11458,0.02349,74.125.130.0-255,4320,194896,11,303717
11459,0.023497,172.31.36.0-255,66,194962,11,303717
11460,0.025507,74.125.130.0-255,5738,200700,11,303717
11461,0.025515,172.31.36.0-255,66,200766,11,303717
11462,0.027515,74.125.130.0-255,5738,206504,11,303717
11463,0.027522,172.31.36.0-255,66,206570,11,303717
11464,0.029547,74.125.130.0-255,5738,212308,11,303717
11465,0.029553,172.31.36.0-255,66,212374,11,303717
11466,0.031557,74.125.130.0-255,5738,218112,11,303717
11467,0.031566,172.31.36.0-255,66,218178,11,303717
11468,0.033561,74.125.130.0-255,5738,223916,11,303717
11469,0.033569,172.31.36.0-255,66,223982,11,303717
11470,0.035571,74.125.130.0-255,5738,229720,11,303717
11471,0.035579,172.31.36.0-255,66,229786,11,303717
11472,0.037578,74.125.130.0-255,5738,235524,11,303717
11473,0.037586,172.31.36.0-255,66,235590,11,303717
11474,0.039605,74.125.130.0-255,5738,241328,11,303717
11475,0.039616,172.31.36.0-255,66,241394,11,303717
11476,0.041621,74.125.130.0-255,5738,247132,11,303717
11477,0.04163,172.31.36.0-255,66,247198,11,303717
11478,0.04363,74.125.130.0-255,5738,252936,11,303717
11479,0.043639,172.31.36.0-255,66,253002,11,303717
11480,0.045643,74.125.130.0-255,5738,258740,11,303717
11481,0.045651,172.31.36.0-255,66,258806,11,303717
11482,0.047642,74.125.130.0-255,5738,264544,11,303717
11483,0.047651,172.31.36.0-255,66,264610,11,303717
11484,0.049249,172.31.36.0-255,167,264777,11,303717
11485,0.049295,172.31.36.0-255,1107,265884,11,303717
11486,0.049376,172.31.36.0-255,1514,267398,11,303717
11487,0.049378,172.31.36.0-255,1297,268695,11,303717
11488,0.049645,74.125.130.0-255,5738,274433,11,303717
11489,0.049652,172.31.36.0-255,66,274499,11,303717
11490,0.050796,104.244.42.0-255,66,274565,11,303717
11491,0.050913,104.244.42.0-255,66,274631,11,303717
11492,0.050944,104.244.42.0-255,66,274697,11,303717
11493,0.051656,74.125.130.0-255,5738,280435,11,303717
11494,0.051662,172.31.36.0-255,66,280501,11,303717
11495,0.053676,74.125.130.0-255,5738,286239,11,303717
11496,0.053683,172.31.36.0-255,66,286305,11,303717
11497,0.0557,74.125.130.0-255,5738,292043,11,303717
11498,0.055706,172.31.36.0-255,66,292109,11,303717
11499,0.057717,74.125.130.0-255,5738,297847,11,303717
11500,0.057725,172.31.36.0-255,66,297913,11,303717
11501,0.059821,74.125.130.0-255,5738,303651,11,303717
11502,0.059828,172.31.36.0-255,66,303717,11,303717
11503,0.0,74.125.24.0-255,150,150,11,262325
11504,2.5e-05,172.31.36.0-255,66,216,11,262325
11505,3.1e-05,74.125.24.0-255,1484,1700,11,262325
11506,3.4e-05,172.31.36.0-255,66,1766,11,262325
11507,4e-05,74.125.24.0-255,2902,4668,11,262325
11508,5.1e-05,172.31.36.0-255,66,4734,11,262325
11509,5.8e-05,74.125.24.0-255,5738,10472,11,262325
11510,6e-05,172.31.36.0-255,66,10538,11,262325
11511,0.000116,172.31.36.0-255,66,10604,11,262325
11512,0.000123,74.125.24.0-255,6797,17401,11,262325
11513,0.000126,172.31.36.0-255,66,17467,11,262325
11514,0.000181,74.125.24.0-255,1484,18951,11,262325
11515,0.000184,172.31.36.0-255,66,19017,11,262325
11516,0.00019,74.125.24.0-255,2902,21919,11,262325
11517,0.000192,172.31.36.0-255,66,21985,11,262325
11518,0.000221,74.125.24.0-255,5738,27723,11,262325
11519,0.000224,172.31.36.0-255,66,27789,11,262325
11520,0.000257,172.31.36.0-255,66,27855,11,262325
11521,0.000304,74.125.24.0-255,2902,30757,11,262325
11522,0.000308,172.31.36.0-255,66,30823,11,262325
11523,0.000335,74.125.24.0-255,7103,37926,11,262325
11524,0.000339,172.31.36.0-255,66,37992,11,262325
11525,0.000342,74.125.24.0-255,379,38371,11,262325
11526,0.000344,172.31.36.0-255,66,38437,11,262325
11527,0.000618,74.125.24.0-255,1484,39921,11,262325
11528,0.000622,172.31.36.0-255,66,39987,11,262325
11529,0.000628,74.125.24.0-255,2902,42889,11,262325
11530,0.00063,172.31.36.0-255,66,42955,11,262325
11531,0.000649,74.125.24.0-255,4320,47275,11,262325
11532,0.000652,172.31.36.0-255,66,47341,11,262325
11533,0.000678,74.125.24.0-255,1484,48825,11,262325
11534,0.000693,172.31.36.0-255,66,48891,11,262325
11535,0.000701,74.125.24.0-255,2902,51793,11,262325
11536,0.000704,172.31.36.0-255,66,51859,11,262325
11537,0.000721,172.31.36.0-255,66,51925,11,262325
11538,0.000768,74.125.24.0-255,2184,54109,11,262325
11539,0.000772,172.31.36.0-255,66,54175,11,262325
11540,0.00117,74.125.24.0-255,1484,55659,11,262325
11541,0.001194,74.125.24.0-255,2902,58561,11,262325
11542,0.001199,172.31.36.0-255,66,58627,11,262325
11543,0.001205,74.125.24.0-255,2902,61529,11,262325
11544,0.001208,172.31.36.0-255,66,61595,11,262325
11545,0.00122,74.125.24.0-255,4320,65915,11,262325
11546,0.001223,172.31.36.0-255,66,65981,11,262325
11547,0.001247,74.125.24.0-255,2902,68883,11,262325
11548,0.001251,172.31.36.0-255,66,68949,11,262325
11549,0.001268,172.31.36.0-255,66,69015,11,262325
11550,0.001273,74.125.24.0-255,3602,72617,11,262325
11551,0.001279,172.31.36.0-255,66,72683,11,262325
11552,0.001361,74.125.24.0-255,1484,74167,11,262325
11553,0.001375,74.125.24.0-255,2902,77069,11,262325
11554,0.001378,172.31.36.0-255,66,77135,11,262325
11555,0.001383,74.125.24.0-255,1484,78619,11,262325
11556,0.001408,74.125.24.0-255,4320,82939,11,262325
11557,0.001411,172.31.36.0-255,66,83005,11,262325
11558,0.001425,172.31.36.0-255,66,83071,11,262325
11559,0.001469,74.125.24.0-255,4320,87391,11,262325
11560,0.001472,172.31.36.0-255,66,87457,11,262325
11561,0.00151,74.125.24.0-255,6438,93895,11,262325
11562,0.001513,172.31.36.0-255,66,93961,11,262325
11563,0.001534,172.31.36.0-255,66,94027,11,262325
11564,0.001541,74.125.24.0-255,7156,101183,11,262325
11565,0.001544,172.31.36.0-255,66,101249,11,262325
11566,0.001565,74.125.24.0-255,1484,102733,11,262325
11567,0.001588,74.125.24.0-255,7156,109889,11,262325
11568,0.001591,172.31.36.0-255,66,109955,11,262325
11569,0.001617,74.125.24.0-255,6438,116393,11,262325
11570,0.00162,172.31.36.0-255,66,116459,11,262325
11571,0.001626,74.125.24.0-255,5738,122197,11,262325
11572,0.001629,172.31.36.0-255,66,122263,11,262325
11573,0.001664,172.31.36.0-255,66,122329,11,262325
11574,0.001679,172.31.36.0-255,66,122395,11,262325
11575,0.001683,74.125.24.0-255,3602,125997,11,262325
11576,0.001685,172.31.36.0-255,66,126063,11,262325
11577,0.001734,172.31.36.0-255,66,126129,11,262325
11578,0.001747,172.31.36.0-255,66,126195,11,262325
11579,0.003776,74.125.24.0-255,5738,131933,11,262325
11580,0.003781,172.31.36.0-255,66,131999,11,262325
11581,0.00579,74.125.24.0-255,5738,137737,11,262325
11582,0.005795,172.31.36.0-255,66,137803,11,262325
11583,0.007785,74.125.24.0-255,5738,143541,11,262325
11584,0.007789,172.31.36.0-255,66,143607,11,262325
11585,0.009851,74.125.24.0-255,5738,149345,11,262325
11586,0.009857,172.31.36.0-255,66,149411,11,262325
11587,0.011939,74.125.24.0-255,5738,155149,11,262325
11588,0.011947,172.31.36.0-255,66,155215,11,262325
11589,0.013994,74.125.24.0-255,5738,160953,11,262325
11590,0.014002,172.31.36.0-255,66,161019,11,262325
11591,0.016006,74.125.24.0-255,5738,166757,11,262325
11592,0.016016,172.31.36.0-255,66,166823,11,262325
11593,0.018022,74.125.24.0-255,5738,172561,11,262325
11594,0.01803,172.31.36.0-255,66,172627,11,262325
11595,0.020058,74.125.24.0-255,5738,178365,11,262325
11596,0.020064,172.31.36.0-255,66,178431,11,262325
11597,0.02208,74.125.24.0-255,5738,184169,11,262325
11598,0.022086,172.31.36.0-255,66,184235,11,262325
11599,0.024074,74.125.24.0-255,5738,189973,11,262325
11600,0.02408,172.31.36.0-255,66,190039,11,262325
11601,0.026113,74.125.24.0-255,5738,195777,11,262325
11602,0.02612,172.31.36.0-255,66,195843,11,262325
11603,0.028119,74.125.24.0-255,5738,201581,11,262325
11604,0.028126,172.31.36.0-255,66,201647,11,262325
11605,0.03017,74.125.24.0-255,5738,207385,11,262325
11606,0.030177,172.31.36.0-255,66,207451,11,262325
11607,0.032172,74.125.24.0-255,5738,213189,11,262325
11608,0.032178,172.31.36.0-255,66,213255,11,262325
11609,0.033485,172.31.36.0-255,172,213427,11,262325
11610,0.033515,172.31.36.0-255,1107,214534,11,262325
11611,0.033554,172.31.36.0-255,1514,216048,11,262325
11612,0.033555,172.31.36.0-255,1297,217345,11,262325
11613,0.034234,74.125.24.0-255,1484,218829,11,262325
11614,0.034253,74.125.24.0-255,4320,223149,11,262325
11615,0.034257,172.31.36.0-255,66,223215,11,262325
11616,0.035031,104.244.42.0-255,66,223281,11,262325
11617,0.03507,104.244.42.0-255,66,223347,11,262325
11618,0.035123,104.244.42.0-255,66,223413,11,262325
11619,0.036306,74.125.24.0-255,5738,229151,11,262325
11620,0.036311,172.31.36.0-255,66,229217,11,262325
11621,0.038302,74.125.24.0-255,5738,234955,11,262325
11622,0.038308,172.31.36.0-255,66,235021,11,262325
11623,0.040304,74.125.24.0-255,5738,240759,11,262325
11624,0.040309,172.31.36.0-255,66,240825,11,262325
11625,0.042312,74.125.24.0-255,5738,246563,11,262325
11626,0.042319,172.31.36.0-255,66,246629,11,262325
11627,0.044372,74.125.24.0-255,5738,252367,11,262325
11628,0.044378,172.31.36.0-255,66,252433,11,262325
11629,0.046429,74.125.24.0-255,5738,258171,11,262325
11630,0.046434,172.31.36.0-255,66,258237,11,262325
11631,0.048412,74.125.24.0-255,3326,261563,11,262325
11632,0.048417,172.31.36.0-255,66,261629,11,262325
11633,0.048585,172.31.36.0-255,105,261734,11,262325
11634,0.048609,172.31.36.0-255,105,261839,11,262325
11635,0.048816,172.31.36.0-255,90,261929,11,262325
11636,0.048824,172.31.36.0-255,66,261995,11,262325
11637,0.050581,74.125.24.0-255,66,262061,11,262325
11638,0.050587,74.125.24.0-255,66,262127,11,262325
11639,0.050779,74.125.24.0-255,66,262193,11,262325
11640,0.050809,74.125.24.0-255,66,262259,11,262325
11641,0.050813,172.31.36.0-255,66,262325,11,262325
11642,0.0,172.217.194.0-255,66,66,11,66
11643,0.0,172.217.194.0-255,153,153,11,169680
11644,1.5e-05,172.217.194.0-255,1484,1637,11,169680
11645,2.4e-05,172.31.36.0-255,66,1703,11,169680
11646,3.3e-05,172.217.194.0-255,2902,4605,11,169680
11647,3.6e-05,172.31.36.0-255,66,4671,11,169680
11648,5.3e-05,172.217.194.0-255,7156,11827,11,169680
11649,5.6e-05,172.31.36.0-255,66,11893,11,169680
11650,6e-05,172.217.194.0-255,2040,13933,11,169680
11651,6.4e-05,172.31.36.0-255,66,13999,11,169680
11652,9.6e-05,172.217.194.0-255,1484,15483,11,169680
11653,0.000104,172.217.194.0-255,2902,18385,11,169680
11654,0.000107,172.31.36.0-255,66,18451,11,169680
11655,0.000114,172.217.194.0-255,5738,24189,11,169680
11656,0.000117,172.31.36.0-255,66,24255,11,169680
11657,0.000143,172.217.194.0-255,2902,27157,11,169680
11658,0.000146,172.31.36.0-255,66,27223,11,169680
11659,0.00019,172.31.36.0-255,66,27289,11,169680
11660,0.000195,172.217.194.0-255,2902,30191,11,169680
11661,0.000198,172.31.36.0-255,66,30257,11,169680
11662,0.000238,172.31.36.0-255,66,30323,11,169680
11663,0.000243,172.217.194.0-255,2902,33225,11,169680
11664,0.000245,172.31.36.0-255,66,33291,11,169680
11665,0.000291,172.31.36.0-255,66,33357,11,169680
11666,0.000293,172.217.194.0-255,381,33738,11,169680
11667,0.000528,172.217.194.0-255,1484,35222,11,169680
11668,0.000536,172.31.36.0-255,66,35288,11,169680
11669,0.000541,172.217.194.0-255,2902,38190,11,169680
11670,0.000544,172.31.36.0-255,66,38256,11,169680
11671,0.000575,172.217.194.0-255,5738,43994,11,169680
11672,0.000584,172.31.36.0-255,66,44060,11,169680
11673,0.000599,172.31.36.0-255,66,44126,11,169680
11674,0.000606,172.217.194.0-255,7156,51282,11,169680
11675,0.000608,172.31.36.0-255,66,51348,11,169680
11676,0.00068,172.217.194.0-255,3602,54950,11,169680
11677,0.000684,172.31.36.0-255,66,55016,11,169680
11678,0.000901,172.217.194.0-255,1484,56500,11,169680
11679,0.000928,172.217.194.0-255,2902,59402,11,169680
11680,0.000934,172.31.36.0-255,66,59468,11,169680
11681,0.000941,172.217.194.0-255,5738,65206,11,169680
11682,0.000944,172.31.36.0-255,66,65272,11,169680
11683,0.000966,172.31.36.0-255,66,65338,11,169680
11684,0.000978,172.31.36.0-255,66,65404,11,169680
11685,0.001014,172.217.194.0-255,7156,72560,11,169680
11686,0.001018,172.31.36.0-255,66,72626,11,169680
11687,0.001029,172.31.36.0-255,66,72692,11,169680
11688,0.001078,172.31.36.0-255,66,72758,11,169680
11689,0.001081,172.217.194.0-255,766,73524,11,169680
11690,0.001118,172.31.36.0-255,66,73590,11,169680
11691,0.001158,172.31.36.0-255,66,73656,11,169680
11692,0.001162,172.217.194.0-255,1484,75140,11,169680
11693,0.001184,172.31.36.0-255,66,75206,11,169680
11694,0.001499,172.217.194.0-255,1484,76690,11,169680
11695,0.001506,172.217.194.0-255,2902,79592,11,169680
11696,0.00151,172.31.36.0-255,66,79658,11,169680
11697,0.001517,172.217.194.0-255,5738,85396,11,169680
11698,0.001519,172.31.36.0-255,66,85462,11,169680
11699,0.001556,172.31.36.0-255,66,85528,11,169680
11700,0.001561,172.217.194.0-255,4320,89848,11,169680
11701,0.001563,172.31.36.0-255,66,89914,11,169680
11702,0.001589,172.217.194.0-255,6438,96352,11,169680
11703,0.001592,172.31.36.0-255,66,96418,11,169680
11704,0.001662,172.217.194.0-255,1484,97902,11,169680
11705,0.001667,172.217.194.0-255,2902,100804,11,169680
11706,0.001669,172.31.36.0-255,66,100870,11,169680
11707,0.001704,172.217.194.0-255,5738,106608,11,169680
11708,0.001707,172.31.36.0-255,66,106674,11,169680
11709,0.00173,172.31.36.0-255,66,106740,11,169680
11710,0.001735,172.217.194.0-255,4320,111060,11,169680
11711,0.001738,172.31.36.0-255,66,111126,11,169680
11712,0.001769,172.217.194.0-255,6438,117564,11,169680
11713,0.001772,172.31.36.0-255,66,117630,11,169680
11714,0.001813,172.217.194.0-255,2902,120532,11,169680
11715,0.001816,172.31.36.0-255,66,120598,11,169680
11716,0.001833,172.217.194.0-255,4320,124918,11,169680
11717,0.001839,172.31.36.0-255,66,124984,11,169680
11718,0.001849,172.31.36.0-255,66,125050,11,169680
11719,0.001882,172.31.36.0-255,66,125116,11,169680
11720,0.001915,172.217.194.0-255,5738,130854,11,169680
11721,0.001918,172.31.36.0-255,66,130920,11,169680
11722,0.001922,172.217.194.0-255,2902,133822,11,169680
11723,0.001923,172.31.36.0-255,66,133888,11,169680
11724,0.001956,172.31.36.0-255,66,133954,11,169680
11725,0.001962,172.217.194.0-255,5738,139692,11,169680
11726,0.001965,172.31.36.0-255,66,139758,11,169680
11727,0.002007,172.31.36.0-255,66,139824,11,169680
11728,0.002013,172.217.194.0-255,5020,144844,11,169680
11729,0.002015,172.31.36.0-255,66,144910,11,169680
11730,0.002034,172.31.36.0-255,66,144976,11,169680
11731,0.002063,172.217.194.0-255,2902,147878,11,169680
11732,0.002065,172.31.36.0-255,66,147944,11,169680
11733,0.002072,172.217.194.0-255,6438,154382,11,169680
11734,0.002074,172.31.36.0-255,66,154448,11,169680
11735,0.00298,172.217.194.0-255,1484,155932,11,169680
11736,0.002986,172.217.194.0-255,2902,158834,11,169680
11737,0.002989,172.31.36.0-255,66,158900,11,169680
11738,0.00302,172.217.194.0-255,5738,164638,11,169680
11739,0.003023,172.31.36.0-255,66,164704,11,169680
11740,0.003036,172.31.36.0-255,66,164770,11,169680
11741,0.00305,172.31.36.0-255,66,164836,11,169680
11742,0.003054,172.217.194.0-255,97,164933,11,169680
11743,0.003108,172.217.194.0-255,105,165038,11,169680
11744,0.013753,172.217.194.0-255,105,165143,11,169680
11745,0.013774,172.31.36.0-255,78,165221,11,169680
11746,0.015785,172.31.36.0-255,105,165326,11,169680
11747,0.018364,172.217.194.0-255,66,165392,11,169680
11748,0.021255,172.31.36.0-255,172,165564,11,169680
11749,0.021284,172.31.36.0-255,1110,166674,11,169680
11750,0.021345,172.31.36.0-255,1514,168188,11,169680
11751,0.021347,172.31.36.0-255,1294,169482,11,169680
11752,0.022822,104.244.42.0-255,66,169548,11,169680
11753,0.022867,104.244.42.0-255,66,169614,11,169680
11754,0.022904,104.244.42.0-255,66,169680,11,169680
11755,0.0,74.125.24.0-255,150,150,11,208540
11756,2.2e-05,172.31.36.0-255,66,216,11,208540
11757,2.9e-05,74.125.24.0-255,1484,1700,11,208540
11758,3.3e-05,172.31.36.0-255,66,1766,11,208540
11759,3.9e-05,74.125.24.0-255,2902,4668,11,208540
11760,5.2e-05,172.31.36.0-255,66,4734,11,208540
11761,6e-05,74.125.24.0-255,7156,11890,11,208540
11762,6.3e-05,172.31.36.0-255,66,11956,11,208540
11763,6.6e-05,74.125.24.0-255,2080,14036,11,208540
11764,7e-05,172.31.36.0-255,66,14102,11,208540
11765,7.3e-05,74.125.24.0-255,1484,15586,11,208540
11766,7.5e-05,172.31.36.0-255,66,15652,11,208540
11767,0.000115,172.31.36.0-255,66,15718,11,208540
11768,0.00014,74.125.24.0-255,5379,21097,11,208540
11769,0.000143,172.31.36.0-255,66,21163,11,208540
11770,0.000167,74.125.24.0-255,2902,24065,11,208540
11771,0.000169,172.31.36.0-255,66,24131,11,208540
11772,0.000193,74.125.24.0-255,2902,27033,11,208540
11773,0.000195,172.31.36.0-255,66,27099,11,208540
11774,0.000216,74.125.24.0-255,4320,31419,11,208540
11775,0.000218,172.31.36.0-255,66,31485,11,208540
11776,0.000244,74.125.24.0-255,2902,34387,11,208540
11777,0.000246,172.31.36.0-255,66,34453,11,208540
11778,0.000261,172.31.36.0-255,66,34519,11,208540
11779,0.000285,74.125.24.0-255,4320,38839,11,208540
11780,0.000288,172.31.36.0-255,66,38905,11,208540
11781,0.000314,74.125.24.0-255,5655,44560,11,208540
11782,0.000316,172.31.36.0-255,66,44626,11,208540
11783,0.000319,74.125.24.0-255,409,45035,11,208540
11784,0.000321,172.31.36.0-255,66,45101,11,208540
11785,0.001768,74.125.24.0-255,1484,46585,11,208540
11786,0.001778,74.125.24.0-255,2902,49487,11,208540
11787,0.001782,172.31.36.0-255,66,49553,11,208540
11788,0.001788,74.125.24.0-255,2902,52455,11,208540
11789,0.001811,74.125.24.0-255,2902,55357,11,208540
11790,0.001815,74.125.24.0-255,4320,59677,11,208540
11791,0.001833,74.125.24.0-255,2902,62579,11,208540
11792,0.001846,74.125.24.0-255,2902,65481,11,208540
11793,0.00186,74.125.24.0-255,4320,69801,11,208540
11794,0.001884,74.125.24.0-255,1484,71285,11,208540
11795,0.00189,74.125.24.0-255,4320,75605,11,208540
11796,0.001906,74.125.24.0-255,3602,79207,11,208540
11797,0.00289,172.31.36.0-255,66,79273,11,208540
11798,0.005354,74.125.24.0-255,5738,85011,11,208540
11799,0.00536,172.31.36.0-255,66,85077,11,208540
11800,0.00785,74.125.24.0-255,5738,90815,11,208540
11801,0.007857,172.31.36.0-255,66,90881,11,208540
11802,0.010332,74.125.24.0-255,5738,96619,11,208540
11803,0.010339,172.31.36.0-255,66,96685,11,208540
11804,0.012819,74.125.24.0-255,5738,102423,11,208540
11805,0.012827,172.31.36.0-255,66,102489,11,208540
11806,0.015326,74.125.24.0-255,5738,108227,11,208540
11807,0.01535,172.31.36.0-255,66,108293,11,208540
11808,0.017849,74.125.24.0-255,5738,114031,11,208540
11809,0.017857,172.31.36.0-255,66,114097,11,208540
11810,0.020315,74.125.24.0-255,5738,119835,11,208540
11811,0.020323,172.31.36.0-255,66,119901,11,208540
11812,0.022794,74.125.24.0-255,5738,125639,11,208540
11813,0.022802,172.31.36.0-255,66,125705,11,208540
11814,0.024997,172.31.36.0-255,167,125872,11,208540
11815,0.025029,172.31.36.0-255,1111,126983,11,208540
11816,0.025082,172.31.36.0-255,1514,128497,11,208540
11817,0.025084,172.31.36.0-255,1293,129790,11,208540
11818,0.025316,74.125.24.0-255,4320,134110,11,208540
11819,0.025323,172.31.36.0-255,66,134176,11,208540
11820,0.025362,74.125.24.0-255,1484,135660,11,208540
11821,0.026662,104.244.42.0-255,66,135726,11,208540
11822,0.02667,104.244.42.0-255,66,135792,11,208540
11823,0.026762,104.244.42.0-255,66,135858,11,208540
11824,0.027786,74.125.24.0-255,4320,140178,11,208540
11825,0.027793,172.31.36.0-255,66,140244,11,208540
11826,0.030269,74.125.24.0-255,5738,145982,11,208540
11827,0.030312,172.31.36.0-255,66,146048,11,208540
11828,0.032781,74.125.24.0-255,5738,151786,11,208540
11829,0.032788,172.31.36.0-255,66,151852,11,208540
11830,0.035265,74.125.24.0-255,5738,157590,11,208540
11831,0.035278,172.31.36.0-255,66,157656,11,208540
11832,0.037765,74.125.24.0-255,5738,163394,11,208540
11833,0.037772,172.31.36.0-255,66,163460,11,208540
11834,0.040282,74.125.24.0-255,5738,169198,11,208540
11835,0.040289,172.31.36.0-255,66,169264,11,208540
11836,0.042763,74.125.24.0-255,5738,175002,11,208540
11837,0.042771,172.31.36.0-255,66,175068,11,208540
11838,0.045253,74.125.24.0-255,5738,180806,11,208540
11839,0.045259,172.31.36.0-255,66,180872,11,208540
11840,0.047758,74.125.24.0-255,5738,186610,11,208540
11841,0.047765,172.31.36.0-255,66,186676,11,208540
11842,0.050263,74.125.24.0-255,4320,190996,11,208540
11843,0.050271,172.31.36.0-255,66,191062,11,208540
11844,0.0503,74.125.24.0-255,1484,192546,11,208540
11845,0.05272,74.125.24.0-255,4320,196866,11,208540
11846,0.052728,172.31.36.0-255,66,196932,11,208540
11847,0.055213,74.125.24.0-255,5738,202670,11,208540
11848,0.055261,172.31.36.0-255,66,202736,11,208540
11849,0.057785,74.125.24.0-255,5738,208474,11,208540
11850,0.057793,172.31.36.0-255,66,208540,11,208540
11851,0.0,172.217.24.0-255,153,153,11,260089
11852,1.9e-05,172.217.24.0-255,1484,1637,11,260089
11853,3e-05,172.31.36.0-255,66,1703,11,260089
11854,3.8e-05,172.217.24.0-255,2902,4605,11,260089
11855,4.1e-05,172.31.36.0-255,66,4671,11,260089
11856,4.9e-05,172.217.24.0-255,7156,11827,11,260089
11857,5.1e-05,172.31.36.0-255,66,11893,11,260089
11858,9.1e-05,172.31.36.0-255,66,11959,11,260089
11859,0.000102,172.31.36.0-255,66,12025,11,260089
11860,0.000174,172.217.24.0-255,1484,13509,11,260089
11861,0.000179,172.217.24.0-255,1484,14993,11,260089
11862,0.000181,172.31.36.0-255,66,15059,11,260089
11863,0.000198,172.217.24.0-255,1484,16543,11,260089
11864,0.000207,172.217.24.0-255,5738,22281,11,260089
11865,0.00021,172.31.36.0-255,66,22347,11,260089
11866,0.000216,172.217.24.0-255,2902,25249,11,260089
11867,0.000218,172.31.36.0-255,66,25315,11,260089
11868,0.000223,172.217.24.0-255,2902,28217,11,260089
11869,0.000225,172.31.36.0-255,66,28283,11,260089
11870,0.00024,172.217.24.0-255,1125,29408,11,260089
11871,0.000337,172.217.24.0-255,1484,30892,11,260089
11872,0.000341,172.31.36.0-255,66,30958,11,260089
11873,0.000398,172.217.24.0-255,1484,32442,11,260089
11874,0.000413,172.217.24.0-255,2902,35344,11,260089
11875,0.000419,172.31.36.0-255,66,35410,11,260089
11876,0.000428,172.217.24.0-255,4320,39730,11,260089
11877,0.00043,172.31.36.0-255,66,39796,11,260089
11878,0.000469,172.217.24.0-255,2902,42698,11,260089
11879,0.000472,172.31.36.0-255,66,42764,11,260089
11880,0.000491,172.217.24.0-255,4290,47054,11,260089
11881,0.000493,172.31.36.0-255,66,47120,11,260089
11882,0.000902,172.217.24.0-255,348,47468,11,260089
11883,0.001065,172.217.24.0-255,1484,48952,11,260089
11884,0.001071,172.31.36.0-255,66,49018,11,260089
11885,0.001076,172.217.24.0-255,1484,50502,11,260089
11886,0.001084,172.217.24.0-255,2902,53404,11,260089
11887,0.001087,172.31.36.0-255,66,53470,11,260089
11888,0.001093,172.217.24.0-255,5738,59208,11,260089
11889,0.001095,172.31.36.0-255,66,59274,11,260089
11890,0.001126,172.217.24.0-255,4320,63594,11,260089
11891,0.001129,172.31.36.0-255,66,63660,11,260089
11892,0.001158,172.31.36.0-255,66,63726,11,260089
11893,0.001174,172.217.24.0-255,1484,65210,11,260089
11894,0.001192,172.217.24.0-255,6797,72007,11,260089
11895,0.001196,172.31.36.0-255,66,72073,11,260089
11896,0.001314,172.217.24.0-255,1484,73557,11,260089
11897,0.001321,172.217.24.0-255,2902,76459,11,260089
11898,0.001324,172.31.36.0-255,66,76525,11,260089
11899,0.001331,172.217.24.0-255,2902,79427,11,260089
11900,0.001333,172.31.36.0-255,66,79493,11,260089
11901,0.001357,172.217.24.0-255,2902,82395,11,260089
11902,0.00136,172.31.36.0-255,66,82461,11,260089
11903,0.001372,172.31.36.0-255,66,82527,11,260089
11904,0.001387,172.217.24.0-255,1484,84011,11,260089
11905,0.001399,172.31.36.0-255,66,84077,11,260089
11906,0.001413,172.217.24.0-255,766,84843,11,260089
11907,0.001451,172.217.24.0-255,1484,86327,11,260089
11908,0.001454,172.31.36.0-255,66,86393,11,260089
11909,0.001476,172.217.24.0-255,4320,90713,11,260089
11910,0.001479,172.31.36.0-255,66,90779,11,260089
11911,0.001487,172.217.24.0-255,7156,97935,11,260089
11912,0.001489,172.31.36.0-255,66,98001,11,260089
11913,0.00153,172.217.24.0-255,7156,105157,11,260089
11914,0.001535,172.31.36.0-255,66,105223,11,260089
11915,0.001559,172.217.24.0-255,1484,106707,11,260089
11916,0.001574,172.31.36.0-255,66,106773,11,260089
11917,0.002371,172.217.24.0-255,1484,108257,11,260089
11918,0.002377,172.217.24.0-255,2902,111159,11,260089
11919,0.002381,172.31.36.0-255,66,111225,11,260089
11920,0.002384,172.217.24.0-255,1484,112709,11,260089
11921,0.002397,172.217.24.0-255,1484,114193,11,260089
11922,0.0024,172.31.36.0-255,66,114259,11,260089
11923,0.002405,172.217.24.0-255,4320,118579,11,260089
11924,0.002407,172.31.36.0-255,66,118645,11,260089
11925,0.002413,172.217.24.0-255,4320,122965,11,260089
11926,0.002415,172.31.36.0-255,66,123031,11,260089
11927,0.002432,172.217.24.0-255,2902,125933,11,260089
11928,0.002434,172.31.36.0-255,66,125999,11,260089
11929,0.002437,172.217.24.0-255,1484,127483,11,260089
11930,0.002471,172.31.36.0-255,66,127549,11,260089
11931,0.002495,172.217.24.0-255,766,128315,11,260089
11932,0.002559,172.217.24.0-255,1484,129799,11,260089
11933,0.002561,172.31.36.0-255,66,129865,11,260089
11934,0.002578,172.217.24.0-255,2902,132767,11,260089
11935,0.002581,172.31.36.0-255,66,132833,11,260089
11936,0.002587,172.217.24.0-255,5738,138571,11,260089
11937,0.002589,172.31.36.0-255,66,138637,11,260089
11938,0.002612,172.217.24.0-255,4320,142957,11,260089
11939,0.002614,172.31.36.0-255,66,143023,11,260089
11940,0.002619,172.217.24.0-255,4320,147343,11,260089
11941,0.002621,172.31.36.0-255,66,147409,11,260089
11942,0.002632,172.217.24.0-255,1484,148893,11,260089
11943,0.002654,172.31.36.0-255,66,148959,11,260089
11944,0.002658,172.217.24.0-255,2184,151143,11,260089
11945,0.00266,172.31.36.0-255,66,151209,11,260089
11946,0.002788,172.217.24.0-255,1484,152693,11,260089
11947,0.002804,172.217.24.0-255,2902,155595,11,260089
11948,0.002806,172.31.36.0-255,66,155661,11,260089
11949,0.00281,172.217.24.0-255,2902,158563,11,260089
11950,0.002812,172.31.36.0-255,66,158629,11,260089
11951,0.002822,172.217.24.0-255,1484,160113,11,260089
11952,0.002827,172.217.24.0-255,2902,163015,11,260089
11953,0.002829,172.31.36.0-255,66,163081,11,260089
11954,0.002853,172.217.24.0-255,5738,168819,11,260089
11955,0.002855,172.31.36.0-255,66,168885,11,260089
11956,0.00286,172.217.24.0-255,4320,173205,11,260089
11957,0.002862,172.31.36.0-255,66,173271,11,260089
11958,0.002907,172.31.36.0-255,66,173337,11,260089
11959,0.00291,172.217.24.0-255,1484,174821,11,260089
11960,0.00293,172.217.24.0-255,2902,177723,11,260089
11961,0.002933,172.31.36.0-255,66,177789,11,260089
11962,0.002938,172.217.24.0-255,4320,182109,11,260089
11963,0.00294,172.31.36.0-255,66,182175,11,260089
11964,0.00295,172.217.24.0-255,1484,183659,11,260089
11965,0.002979,172.31.36.0-255,66,183725,11,260089
11966,0.002982,172.217.24.0-255,1484,185209,11,260089
11967,0.003004,172.217.24.0-255,7156,192365,11,260089
11968,0.003007,172.31.36.0-255,66,192431,11,260089
11969,0.003027,172.217.24.0-255,2902,195333,11,260089
11970,0.003029,172.31.36.0-255,66,195399,11,260089
11971,0.003033,172.217.24.0-255,2184,197583,11,260089
11972,0.003035,172.31.36.0-255,66,197649,11,260089
11973,0.003037,172.217.24.0-255,1484,199133,11,260089
11974,0.00304,172.217.24.0-255,1484,200617,11,260089
11975,0.003043,172.31.36.0-255,66,200683,11,260089
11976,0.00307,172.217.24.0-255,1484,202167,11,260089
11977,0.003074,172.217.24.0-255,1484,203651,11,260089
11978,0.003076,172.31.36.0-255,66,203717,11,260089
11979,0.003079,172.217.24.0-255,1484,205201,11,260089
11980,0.003082,172.217.24.0-255,2902,208103,11,260089
11981,0.003084,172.31.36.0-255,66,208169,11,260089
11982,0.00309,172.217.24.0-255,5738,213907,11,260089
11983,0.003092,172.31.36.0-255,66,213973,11,260089
11984,0.00313,172.31.36.0-255,66,214039,11,260089
11985,0.003135,172.217.24.0-255,5020,219059,11,260089
11986,0.003137,172.31.36.0-255,66,219125,11,260089
11987,0.003189,172.217.24.0-255,1484,220609,11,260089
11988,0.003207,172.217.24.0-255,2902,223511,11,260089
11989,0.003211,172.31.36.0-255,66,223577,11,260089
11990,0.003229,172.217.24.0-255,4320,227897,11,260089
11991,0.003231,172.31.36.0-255,66,227963,11,260089
11992,0.003259,172.217.24.0-255,1484,229447,11,260089
11993,0.003261,172.217.24.0-255,1484,230931,11,260089
11994,0.003263,172.31.36.0-255,66,230997,11,260089
11995,0.003274,172.31.36.0-255,66,231063,11,260089
11996,0.003283,172.31.36.0-255,66,231129,11,260089
11997,0.003288,172.217.24.0-255,5020,236149,11,260089
11998,0.003291,172.31.36.0-255,66,236215,11,260089
11999,0.003312,172.217.24.0-255,1484,237699,11,260089
12000,0.003315,172.217.24.0-255,1484,239183,11,260089
12001,0.003317,172.31.36.0-255,66,239249,11,260089
12002,0.003336,172.217.24.0-255,1484,240733,11,260089
12003,0.003342,172.217.24.0-255,5738,246471,11,260089
12004,0.003344,172.31.36.0-255,66,246537,11,260089
12005,0.003349,172.217.24.0-255,2902,249439,11,260089
12006,0.003351,172.31.36.0-255,66,249505,11,260089
12007,0.003373,172.31.36.0-255,66,249571,11,260089
12008,0.003378,172.217.24.0-255,4013,253584,11,260089
12009,0.003381,172.31.36.0-255,66,253650,11,260089
12010,0.003384,172.217.24.0-255,97,253747,11,260089
12011,0.003448,172.217.24.0-255,105,253852,11,260089
12012,0.008648,172.31.36.0-255,66,253918,11,260089
12013,0.008675,172.31.36.0-255,105,254023,11,260089
12014,0.010565,172.217.24.0-255,66,254089,11,260089
12015,0.029564,172.31.36.0-255,172,254261,11,260089
12016,0.029597,172.31.36.0-255,1110,255371,11,260089
12017,0.029641,172.31.36.0-255,1514,256885,11,260089
12018,0.029642,172.31.36.0-255,1514,258399,11,260089
12019,0.029644,172.31.36.0-255,1514,259913,11,260089
12020,0.029645,172.31.36.0-255,110,260023,11,260089
12021,0.031224,104.244.42.0-255,66,260089,11,260089
12022,0.0,172.217.194.0-255,153,153,11,171236
12023,3.4e-05,172.31.36.0-255,66,219,11,171236
12024,4.1e-05,172.217.194.0-255,1484,1703,11,171236
12025,4.7e-05,172.31.36.0-255,66,1769,11,171236
12026,5.9e-05,172.217.194.0-255,2902,4671,11,171236
12027,6.3e-05,172.31.36.0-255,66,4737,11,171236
12028,0.00013,172.217.194.0-255,2902,7639,11,171236
12029,0.000135,172.31.36.0-255,66,7705,11,171236
12030,0.000167,172.217.194.0-255,4320,12025,11,171236
12031,0.000172,172.31.36.0-255,66,12091,11,171236
12032,0.000386,172.217.194.0-255,7156,19247,11,171236
12033,0.000391,172.31.36.0-255,66,19313,11,171236
12034,0.000424,172.31.36.0-255,66,19379,11,171236
12035,0.000924,172.31.36.0-255,66,19445,11,171236
12036,0.000965,172.31.36.0-255,66,19511,11,171236
12037,0.001528,172.217.194.0-255,4320,23831,11,171236
12038,0.001533,172.31.36.0-255,66,23897,11,171236
12039,0.001572,172.31.36.0-255,66,23963,11,171236
12040,0.002111,172.31.36.0-255,66,24029,11,171236
12041,0.002158,172.31.36.0-255,66,24095,11,171236
12042,0.003082,172.217.194.0-255,2902,26997,11,171236
12043,0.003088,172.31.36.0-255,66,27063,11,171236
12044,0.003164,172.31.36.0-255,66,27129,11,171236
12045,0.005353,172.217.194.0-255,5738,32867,11,171236
12046,0.005359,172.31.36.0-255,66,32933,11,171236
12047,0.007557,172.217.194.0-255,5738,38671,11,171236
12048,0.007564,172.31.36.0-255,66,38737,11,171236
12049,0.009754,172.217.194.0-255,1484,40221,11,171236
12050,0.009777,172.217.194.0-255,4320,44541,11,171236
12051,0.009782,172.31.36.0-255,66,44607,11,171236
12052,0.011956,172.217.194.0-255,5738,50345,11,171236
12053,0.011967,172.31.36.0-255,66,50411,11,171236
12054,0.014156,172.217.194.0-255,5738,56149,11,171236
12055,0.014164,172.31.36.0-255,66,56215,11,171236
12056,0.016355,172.217.194.0-255,5738,61953,11,171236
12057,0.016363,172.31.36.0-255,66,62019,11,171236
12058,0.018559,172.217.194.0-255,5738,67757,11,171236
12059,0.018566,172.31.36.0-255,66,67823,11,171236
12060,0.020743,172.217.194.0-255,5738,73561,11,171236
12061,0.02075,172.31.36.0-255,66,73627,11,171236
12062,0.02241,172.31.36.0-255,167,73794,11,171236
12063,0.022453,172.31.36.0-255,1111,74905,11,171236
12064,0.022522,172.31.36.0-255,1514,76419,11,171236
12065,0.022524,172.31.36.0-255,1293,77712,11,171236
12066,0.022968,172.217.194.0-255,5738,83450,11,171236
12067,0.022975,172.31.36.0-255,66,83516,11,171236
12068,0.02404,104.244.42.0-255,66,83582,11,171236
12069,0.024147,104.244.42.0-255,66,83648,11,171236
12070,0.024179,104.244.42.0-255,66,83714,11,171236
12071,0.025182,172.217.194.0-255,5738,89452,11,171236
12072,0.025187,172.31.36.0-255,66,89518,11,171236
12073,0.027349,172.217.194.0-255,4320,93838,11,171236
12074,0.027354,172.31.36.0-255,66,93904,11,171236
12075,0.027386,172.217.194.0-255,1484,95388,11,171236
12076,0.029536,172.217.194.0-255,4320,99708,11,171236
12077,0.029541,172.31.36.0-255,66,99774,11,171236
12078,0.031719,172.217.194.0-255,4320,104094,11,171236
12079,0.031725,172.31.36.0-255,66,104160,11,171236
12080,0.031756,172.217.194.0-255,1484,105644,11,171236
12081,0.033906,172.217.194.0-255,4320,109964,11,171236
12082,0.033911,172.31.36.0-255,66,110030,11,171236
12083,0.036097,172.217.194.0-255,1484,111514,11,171236
12084,0.03613,172.217.194.0-255,4320,115834,11,171236
12085,0.036134,172.31.36.0-255,66,115900,11,171236
12086,0.038313,172.217.194.0-255,5738,121638,11,171236
12087,0.038319,172.31.36.0-255,66,121704,11,171236
12088,0.040489,172.217.194.0-255,4320,126024,11,171236
12089,0.040494,172.31.36.0-255,66,126090,11,171236
12090,0.040528,172.217.194.0-255,1484,127574,11,171236
12091,0.042695,172.217.194.0-255,4320,131894,11,171236
12092,0.042701,172.31.36.0-255,66,131960,11,171236
12093,0.044871,172.217.194.0-255,5738,137698,11,171236
12094,0.044877,172.31.36.0-255,66,137764,11,171236
12095,0.047081,172.217.194.0-255,5738,143502,11,171236
12096,0.047086,172.31.36.0-255,66,143568,11,171236
12097,0.049274,172.217.194.0-255,5738,149306,11,171236
12098,0.049283,172.31.36.0-255,66,149372,11,171236
12099,0.051469,172.217.194.0-255,5738,155110,11,171236
12100,0.051475,172.31.36.0-255,66,155176,11,171236
12101,0.053689,172.217.194.0-255,5738,160914,11,171236
12102,0.053695,172.31.36.0-255,66,160980,11,171236
12103,0.055877,172.217.194.0-255,4320,165300,11,171236
12104,0.055883,172.31.36.0-255,66,165366,11,171236
12105,0.055919,172.217.194.0-255,1484,166850,11,171236
12106,0.058071,172.217.194.0-255,4320,171170,11,171236
12107,0.058076,172.31.36.0-255,66,171236,11,171236
12108,0.0,172.217.194.0-255,146,146,11,260021
12109,2.4e-05,172.31.36.0-255,66,212,11,260021
12110,3.2e-05,172.217.194.0-255,1484,1696,11,260021
12111,3.7e-05,172.31.36.0-255,66,1762,11,260021
12112,4.1e-05,172.217.194.0-255,1484,3246,11,260021
12113,4.4e-05,172.31.36.0-255,66,3312,11,260021
12114,5.3e-05,172.217.194.0-255,4320,7632,11,260021
12115,5.5e-05,172.31.36.0-255,66,7698,11,260021
12116,0.000105,172.217.194.0-255,2902,10600,11,260021
12117,0.000109,172.31.36.0-255,66,10666,11,260021
12118,0.00013,172.217.194.0-255,2902,13568,11,260021
12119,0.000132,172.31.36.0-255,66,13634,11,260021
12120,0.000151,172.217.194.0-255,2902,16536,11,260021
12121,0.000153,172.31.36.0-255,66,16602,11,260021
12122,0.000173,172.217.194.0-255,2046,18648,11,260021
12123,0.000176,172.31.36.0-255,66,18714,11,260021
12124,0.000184,172.217.194.0-255,7156,25870,11,260021
12125,0.000187,172.31.36.0-255,66,25936,11,260021
12126,0.000209,172.217.194.0-255,4320,30256,11,260021
12127,0.000211,172.31.36.0-255,66,30322,11,260021
12128,0.000215,172.217.194.0-255,1125,31447,11,260021
12129,0.000217,172.31.36.0-255,66,31513,11,260021
12130,0.000286,172.217.194.0-255,1484,32997,11,260021
12131,0.000289,172.31.36.0-255,66,33063,11,260021
12132,0.000296,172.217.194.0-255,2902,35965,11,260021
12133,0.000299,172.31.36.0-255,66,36031,11,260021
12134,0.000317,172.217.194.0-255,2902,38933,11,260021
12135,0.000319,172.31.36.0-255,66,38999,11,260021
12136,0.000337,172.217.194.0-255,2902,41901,11,260021
12137,0.000339,172.31.36.0-255,66,41967,11,260021
12138,0.000346,172.217.194.0-255,5738,47705,11,260021
12139,0.000349,172.31.36.0-255,66,47771,11,260021
12140,0.000375,172.31.36.0-255,66,47837,11,260021
12141,0.000382,172.217.194.0-255,7156,54993,11,260021
12142,0.000384,172.31.36.0-255,66,55059,11,260021
12143,0.000418,172.217.194.0-255,3131,58190,11,260021
12144,0.00042,172.31.36.0-255,66,58256,11,260021
12145,0.000528,172.217.194.0-255,1484,59740,11,260021
12146,0.000536,172.217.194.0-255,2902,62642,11,260021
12147,0.000539,172.31.36.0-255,66,62708,11,260021
12148,0.000545,172.217.194.0-255,4320,67028,11,260021
12149,0.000547,172.31.36.0-255,66,67094,11,260021
12150,0.000577,172.217.194.0-255,1484,68578,11,260021
12151,0.000583,172.217.194.0-255,4320,72898,11,260021
12152,0.000586,172.31.36.0-255,66,72964,11,260021
12153,0.000599,172.31.36.0-255,66,73030,11,260021
12154,0.000603,172.217.194.0-255,2902,75932,11,260021
12155,0.000606,172.31.36.0-255,66,75998,11,260021
12156,0.000627,172.217.194.0-255,5020,81018,11,260021
12157,0.00063,172.31.36.0-255,66,81084,11,260021
12158,0.001203,172.217.194.0-255,1484,82568,11,260021
12159,0.001209,172.217.194.0-255,2902,85470,11,260021
12160,0.001213,172.31.36.0-255,66,85536,11,260021
12161,0.001217,172.217.194.0-255,1484,87020,11,260021
12162,0.001238,172.217.194.0-255,4320,91340,11,260021
12163,0.00124,172.31.36.0-255,66,91406,11,260021
12164,0.001245,172.217.194.0-255,2902,94308,11,260021
12165,0.001247,172.31.36.0-255,66,94374,11,260021
12166,0.001251,172.217.194.0-255,1484,95858,11,260021
12167,0.001274,172.217.194.0-255,5738,101596,11,260021
12168,0.001277,172.31.36.0-255,66,101662,11,260021
12169,0.001297,172.217.194.0-255,2902,104564,11,260021
12170,0.0013,172.31.36.0-255,66,104630,11,260021
12171,0.001312,172.31.36.0-255,66,104696,11,260021
12172,0.001337,172.217.194.0-255,3426,108122,11,260021
12173,0.00134,172.31.36.0-255,66,108188,11,260021
12174,0.001354,172.31.36.0-255,66,108254,11,260021
12175,0.001365,172.31.36.0-255,66,108320,11,260021
12176,0.001386,172.217.194.0-255,6438,114758,11,260021
12177,0.00139,172.31.36.0-255,66,114824,11,260021
12178,0.002131,172.217.194.0-255,1484,116308,11,260021
12179,0.00214,172.217.194.0-255,2902,119210,11,260021
12180,0.002145,172.31.36.0-255,66,119276,11,260021
12181,0.002153,172.217.194.0-255,5738,125014,11,260021
12182,0.002155,172.31.36.0-255,66,125080,11,260021
12183,0.00216,172.217.194.0-255,2902,127982,11,260021
12184,0.002162,172.31.36.0-255,66,128048,11,260021
12185,0.002195,172.217.194.0-255,7156,135204,11,260021
12186,0.002198,172.31.36.0-255,66,135270,11,260021
12187,0.002204,172.217.194.0-255,4320,139590,11,260021
12188,0.002207,172.31.36.0-255,66,139656,11,260021
12189,0.002229,172.31.36.0-255,66,139722,11,260021
12190,0.002274,172.217.194.0-255,1484,141206,11,260021
12191,0.002278,172.217.194.0-255,1484,142690,11,260021
12192,0.00228,172.31.36.0-255,66,142756,11,260021
12193,0.002301,172.217.194.0-255,1484,144240,11,260021
12194,0.002307,172.217.194.0-255,5738,149978,11,260021
12195,0.00231,172.31.36.0-255,66,150044,11,260021
12196,0.002333,172.217.194.0-255,5738,155782,11,260021
12197,0.002336,172.31.36.0-255,66,155848,11,260021
12198,0.002363,172.217.194.0-255,7156,163004,11,260021
12199,0.002366,172.31.36.0-255,66,163070,11,260021
12200,0.002369,172.217.194.0-255,1484,164554,11,260021
12201,0.002381,172.31.36.0-255,66,164620,11,260021
12202,0.002388,172.217.194.0-255,7156,171776,11,260021
12203,0.002391,172.31.36.0-255,66,171842,11,260021
12204,0.002393,172.217.194.0-255,1484,173326,11,260021
12205,0.002437,172.217.194.0-255,4320,177646,11,260021
12206,0.002439,172.31.36.0-255,66,177712,11,260021
12207,0.002479,172.31.36.0-255,66,177778,11,260021
12208,0.002493,172.31.36.0-255,66,177844,11,260021
12209,0.002504,172.31.36.0-255,66,177910,11,260021
12210,0.002532,172.217.194.0-255,2902,180812,11,260021
12211,0.002534,172.31.36.0-255,66,180878,11,260021
12212,0.002542,172.217.194.0-255,7156,188034,11,260021
12213,0.002544,172.31.36.0-255,66,188100,11,260021
12214,0.002548,172.217.194.0-255,2902,191002,11,260021
12215,0.00255,172.31.36.0-255,66,191068,11,260021
12216,0.002555,172.217.194.0-255,2902,193970,11,260021
12217,0.002557,172.31.36.0-255,66,194036,11,260021
12218,0.002591,172.31.36.0-255,66,194102,11,260021
12219,0.003151,172.217.194.0-255,1484,195586,11,260021
12220,0.003157,172.217.194.0-255,2902,198488,11,260021
12221,0.003161,172.31.36.0-255,66,198554,11,260021
12222,0.003168,172.217.194.0-255,5738,204292,11,260021
12223,0.00317,172.31.36.0-255,66,204358,11,260021
12224,0.003173,172.217.194.0-255,1484,205842,11,260021
12225,0.003206,172.31.36.0-255,66,205908,11,260021
12226,0.003221,172.217.194.0-255,4320,210228,11,260021
12227,0.003224,172.31.36.0-255,66,210294,11,260021
12228,0.003259,172.31.36.0-255,66,210360,11,260021
12229,0.003274,172.31.36.0-255,66,210426,11,260021
12230,0.00328,172.217.194.0-255,5738,216164,11,260021
12231,0.003283,172.31.36.0-255,66,216230,11,260021
12232,0.003322,172.217.194.0-255,7156,223386,11,260021
12233,0.003325,172.31.36.0-255,66,223452,11,260021
12234,0.00333,172.217.194.0-255,3602,227054,11,260021
12235,0.003333,172.31.36.0-255,66,227120,11,260021
12236,0.003353,172.217.194.0-255,1484,228604,11,260021
12237,0.00337,172.217.194.0-255,2902,231506,11,260021
12238,0.003373,172.31.36.0-255,66,231572,11,260021
12239,0.003378,172.217.194.0-255,4320,235892,11,260021
12240,0.003381,172.31.36.0-255,66,235958,11,260021
12241,0.003385,172.217.194.0-255,2902,238860,11,260021
12242,0.003388,172.31.36.0-255,66,238926,11,260021
12243,0.003417,172.217.194.0-255,7156,246082,11,260021
12244,0.00342,172.31.36.0-255,66,246148,11,260021
12245,0.003424,172.217.194.0-255,2902,249050,11,260021
12246,0.003426,172.31.36.0-255,66,249116,11,260021
12247,0.003444,172.217.194.0-255,4299,253415,11,260021
12248,0.003446,172.31.36.0-255,66,253481,11,260021
12249,0.003464,172.217.194.0-255,105,253586,11,260021
12250,0.008547,172.31.36.0-255,66,253652,11,260021
12251,0.008598,172.31.36.0-255,105,253757,11,260021
12252,0.010891,172.217.194.0-255,66,253823,11,260021
12253,0.030876,172.31.36.0-255,172,253995,11,260021
12254,0.032447,104.244.42.0-255,66,254061,11,260021
12255,0.035341,172.31.36.0-255,1109,255170,11,260021
12256,0.035437,172.31.36.0-255,1514,256684,11,260021
12257,0.035439,172.31.36.0-255,1514,258198,11,260021
12258,0.03544,172.31.36.0-255,1514,259712,11,260021
12259,0.035441,172.31.36.0-255,111,259823,11,260021
12260,0.036857,104.244.42.0-255,66,259889,11,260021
12261,0.037004,104.244.42.0-255,66,259955,11,260021
12262,0.037044,104.244.42.0-255,66,260021,11,260021
12263,0.0,172.31.36.0-255,66,66,11,66
12264,0.0,74.125.200.0-255,296,296,11,342982
12265,2.4e-05,172.31.36.0-255,66,362,11,342982
12266,3.1e-05,74.125.200.0-255,1484,1846,11,342982
12267,3.5e-05,172.31.36.0-255,66,1912,11,342982
12268,4.2e-05,74.125.200.0-255,4320,6232,11,342982
12269,4.5e-05,172.31.36.0-255,66,6298,11,342982
12270,5e-05,74.125.200.0-255,2902,9200,11,342982
12271,5.4e-05,172.31.36.0-255,66,9266,11,342982
12272,6e-05,74.125.200.0-255,4320,13586,11,342982
12273,6.3e-05,172.31.36.0-255,66,13652,11,342982
12274,6.7e-05,74.125.200.0-255,1484,15136,11,342982
12275,6.9e-05,172.31.36.0-255,66,15202,11,342982
12276,9.7e-05,172.31.36.0-255,66,15268,11,342982
12277,0.000102,74.125.200.0-255,4320,19588,11,342982
12278,0.000104,172.31.36.0-255,66,19654,11,342982
12279,0.000138,74.125.200.0-255,1484,21138,11,342982
12280,0.000141,172.31.36.0-255,66,21204,11,342982
12281,0.00016,74.125.200.0-255,2543,23747,11,342982
12282,0.000164,172.31.36.0-255,66,23813,11,342982
12283,0.000209,74.125.200.0-255,1484,25297,11,342982
12284,0.000213,172.31.36.0-255,66,25363,11,342982
12285,0.000219,74.125.200.0-255,2902,28265,11,342982
12286,0.000221,172.31.36.0-255,66,28331,11,342982
12287,0.000252,74.125.200.0-255,5738,34069,11,342982
12288,0.000256,172.31.36.0-255,66,34135,11,342982
12289,0.000259,74.125.200.0-255,1484,35619,11,342982
12290,0.000261,172.31.36.0-255,66,35685,11,342982
12291,0.000267,74.125.200.0-255,5738,41423,11,342982
12292,0.00027,172.31.36.0-255,66,41489,11,342982
12293,0.000298,74.125.200.0-255,2902,44391,11,342982
12294,0.000301,172.31.36.0-255,66,44457,11,342982
12295,0.000316,172.31.36.0-255,66,44523,11,342982
12296,0.000319,74.125.200.0-255,427,44950,11,342982
12297,0.000375,74.125.200.0-255,346,45296,11,342982
12298,0.000489,74.125.200.0-255,1484,46780,11,342982
12299,0.000495,172.31.36.0-255,66,46846,11,342982
12300,0.0005,74.125.200.0-255,2902,49748,11,342982
12301,0.000502,172.31.36.0-255,66,49814,11,342982
12302,0.000515,74.125.200.0-255,1484,51298,11,342982
12303,0.000529,74.125.200.0-255,2902,54200,11,342982
12304,0.000531,172.31.36.0-255,66,54266,11,342982
12305,0.000544,74.125.200.0-255,2902,57168,11,342982
12306,0.000546,172.31.36.0-255,66,57234,11,342982
12307,0.000569,74.125.200.0-255,5738,62972,11,342982
12308,0.000572,172.31.36.0-255,66,63038,11,342982
12309,0.000579,74.125.200.0-255,7156,70194,11,342982
12310,0.000582,172.31.36.0-255,66,70260,11,342982
12311,0.000594,172.31.36.0-255,66,70326,11,342982
12312,0.000597,74.125.200.0-255,766,71092,11,342982
12313,0.000882,74.125.200.0-255,1484,72576,11,342982
12314,0.000888,172.31.36.0-255,66,72642,11,342982
12315,0.000894,74.125.200.0-255,2902,75544,11,342982
12316,0.000896,172.31.36.0-255,66,75610,11,342982
12317,0.000903,74.125.200.0-255,5738,81348,11,342982
12318,0.000906,172.31.36.0-255,66,81414,11,342982
12319,0.000913,74.125.200.0-255,5738,87152,11,342982
12320,0.000915,172.31.36.0-255,66,87218,11,342982
12321,0.000953,74.125.200.0-255,4320,91538,11,342982
12322,0.000956,172.31.36.0-255,66,91604,11,342982
12323,0.000986,74.125.200.0-255,2902,94506,11,342982
12324,0.000989,172.31.36.0-255,66,94572,11,342982
12325,0.001002,172.31.36.0-255,66,94638,11,342982
12326,0.00116,74.125.200.0-255,1484,96122,11,342982
12327,0.001167,74.125.200.0-255,2902,99024,11,342982
12328,0.00117,172.31.36.0-255,66,99090,11,342982
12329,0.001193,74.125.200.0-255,5738,104828,11,342982
12330,0.001196,172.31.36.0-255,66,104894,11,342982
12331,0.001226,74.125.200.0-255,5738,110632,11,342982
12332,0.001229,172.31.36.0-255,66,110698,11,342982
12333,0.00125,74.125.200.0-255,4320,115018,11,342982
12334,0.001252,172.31.36.0-255,66,115084,11,342982
12335,0.001265,172.31.36.0-255,66,115150,11,342982
12336,0.001269,74.125.200.0-255,2184,117334,11,342982
12337,0.001272,172.31.36.0-255,66,117400,11,342982
12338,0.001276,74.125.200.0-255,2902,120302,11,342982
12339,0.001279,172.31.36.0-255,66,120368,11,342982
12340,0.001302,74.125.200.0-255,2902,123270,11,342982
12341,0.001305,172.31.36.0-255,66,123336,11,342982
12342,0.001333,74.125.200.0-255,4320,127656,11,342982
12343,0.001336,74.125.200.0-255,2902,130558,11,342982
12344,0.001341,74.125.200.0-255,4320,134878,11,342982
12345,0.001349,172.31.36.0-255,66,134944,11,342982
12346,0.001352,172.31.36.0-255,66,135010,11,342982
12347,0.001355,172.31.36.0-255,66,135076,11,342982
12348,0.00139,172.31.36.0-255,66,135142,11,342982
12349,0.001424,74.125.200.0-255,5738,140880,11,342982
12350,0.001427,172.31.36.0-255,66,140946,11,342982
12351,0.001444,74.125.200.0-255,2184,143130,11,342982
12352,0.001446,172.31.36.0-255,66,143196,11,342982
12353,0.001583,74.125.200.0-255,1484,144680,11,342982
12354,0.001589,74.125.200.0-255,2902,147582,11,342982
12355,0.001593,172.31.36.0-255,66,147648,11,342982
12356,0.001616,74.125.200.0-255,5738,153386,11,342982
12357,0.001619,172.31.36.0-255,66,153452,11,342982
12358,0.001625,74.125.200.0-255,4320,157772,11,342982
12359,0.001627,172.31.36.0-255,66,157838,11,342982
12360,0.001647,74.125.200.0-255,1484,159322,11,342982
12361,0.00167,74.125.200.0-255,4320,163642,11,342982
12362,0.001673,172.31.36.0-255,66,163708,11,342982
12363,0.001689,74.125.200.0-255,2902,166610,11,342982
12364,0.001691,172.31.36.0-255,66,166676,11,342982
12365,0.001709,74.125.200.0-255,4320,170996,11,342982
12366,0.001712,172.31.36.0-255,66,171062,11,342982
12367,0.001736,74.125.200.0-255,6438,177500,11,342982
12368,0.001739,172.31.36.0-255,66,177566,11,342982
12369,0.003818,74.125.200.0-255,5738,183304,11,342982
12370,0.003824,172.31.36.0-255,66,183370,11,342982
12371,0.005898,74.125.200.0-255,5738,189108,11,342982
12372,0.005905,172.31.36.0-255,66,189174,11,342982
12373,0.007983,74.125.200.0-255,5738,194912,11,342982
12374,0.007989,172.31.36.0-255,66,194978,11,342982
12375,0.010057,74.125.200.0-255,5738,200716,11,342982
12376,0.010065,172.31.36.0-255,66,200782,11,342982
12377,0.012137,74.125.200.0-255,5738,206520,11,342982
12378,0.012145,172.31.36.0-255,66,206586,11,342982
12379,0.014224,74.125.200.0-255,5738,212324,11,342982
12380,0.014233,172.31.36.0-255,66,212390,11,342982
12381,0.016311,74.125.200.0-255,5738,218128,11,342982
12382,0.016322,172.31.36.0-255,66,218194,11,342982
12383,0.018383,74.125.200.0-255,5738,223932,11,342982
12384,0.018391,172.31.36.0-255,66,223998,11,342982
12385,0.020465,74.125.200.0-255,5738,229736,11,342982
12386,0.020473,172.31.36.0-255,66,229802,11,342982
12387,0.022544,74.125.200.0-255,5738,235540,11,342982
12388,0.022551,172.31.36.0-255,66,235606,11,342982
12389,0.024609,74.125.200.0-255,5738,241344,11,342982
12390,0.024615,172.31.36.0-255,66,241410,11,342982
12391,0.026709,74.125.200.0-255,5738,247148,11,342982
12392,0.026716,172.31.36.0-255,66,247214,11,342982
12393,0.028781,74.125.200.0-255,5738,252952,11,342982
12394,0.028787,172.31.36.0-255,66,253018,11,342982
12395,0.029871,172.31.36.0-255,172,253190,11,342982
12396,0.029915,172.31.36.0-255,1112,254302,11,342982
12397,0.029994,172.31.36.0-255,1514,255816,11,342982
12398,0.029996,172.31.36.0-255,1292,257108,11,342982
12399,0.030858,74.125.200.0-255,5738,262846,11,342982
12400,0.030865,172.31.36.0-255,66,262912,11,342982
12401,0.031411,104.244.42.0-255,66,262978,11,342982
12402,0.031456,104.244.42.0-255,66,263044,11,342982
12403,0.03155,104.244.42.0-255,66,263110,11,342982
12404,0.032942,74.125.200.0-255,4320,267430,11,342982
12405,0.032949,172.31.36.0-255,66,267496,11,342982
12406,0.03297,74.125.200.0-255,1484,268980,11,342982
12407,0.035017,74.125.200.0-255,4320,273300,11,342982
12408,0.03503,172.31.36.0-255,66,273366,11,342982
12409,0.037096,74.125.200.0-255,5738,279104,11,342982
12410,0.037102,172.31.36.0-255,66,279170,11,342982
12411,0.039158,74.125.200.0-255,4320,283490,11,342982
12412,0.039163,172.31.36.0-255,66,283556,11,342982
12413,0.039195,74.125.200.0-255,1484,285040,11,342982
12414,0.041219,74.125.200.0-255,1484,286524,11,342982
12415,0.041224,172.31.36.0-255,66,286590,11,342982
12416,0.041259,74.125.200.0-255,2902,289492,11,342982
12417,0.041262,172.31.36.0-255,66,289558,11,342982
12418,0.043279,74.125.200.0-255,2902,292460,11,342982
12419,0.043284,172.31.36.0-255,66,292526,11,342982
12420,0.043315,74.125.200.0-255,2902,295428,11,342982
12421,0.043319,172.31.36.0-255,66,295494,11,342982
12422,0.045343,74.125.200.0-255,2902,298396,11,342982
12423,0.045349,172.31.36.0-255,66,298462,11,342982
12424,0.045376,74.125.200.0-255,2902,301364,11,342982
12425,0.045379,172.31.36.0-255,66,301430,11,342982
12426,0.047411,74.125.200.0-255,2902,304332,11,342982
12427,0.047417,172.31.36.0-255,66,304398,11,342982
12428,0.047449,74.125.200.0-255,2902,307300,11,342982
12429,0.047453,172.31.36.0-255,66,307366,11,342982
12430,0.049475,74.125.200.0-255,2902,310268,11,342982
12431,0.049481,172.31.36.0-255,66,310334,11,342982
12432,0.049496,74.125.200.0-255,2902,313236,11,342982
12433,0.0495,172.31.36.0-255,66,313302,11,342982
12434,0.051538,74.125.200.0-255,2902,316204,11,342982
12435,0.051545,172.31.36.0-255,66,316270,11,342982
12436,0.051565,74.125.200.0-255,2902,319172,11,342982
12437,0.051567,172.31.36.0-255,66,319238,11,342982
12438,0.053654,74.125.200.0-255,2902,322140,11,342982
12439,0.053662,172.31.36.0-255,66,322206,11,342982
12440,0.053694,74.125.200.0-255,2902,325108,11,342982
12441,0.053697,172.31.36.0-255,66,325174,11,342982
12442,0.055716,74.125.200.0-255,2902,328076,11,342982
12443,0.055721,172.31.36.0-255,66,328142,11,342982
12444,0.055755,74.125.200.0-255,2902,331044,11,342982
12445,0.055758,172.31.36.0-255,66,331110,11,342982
12446,0.057784,74.125.200.0-255,2902,334012,11,342982
12447,0.057788,172.31.36.0-255,66,334078,11,342982
12448,0.057817,74.125.200.0-255,2902,336980,11,342982
12449,0.057819,172.31.36.0-255,66,337046,11,342982
12450,0.05985,74.125.200.0-255,2902,339948,11,342982
12451,0.059855,172.31.36.0-255,66,340014,11,342982
12452,0.059888,74.125.200.0-255,2902,342916,11,342982
12453,0.059892,172.31.36.0-255,66,342982,11,342982
12454,0.0,172.217.24.0-255,150,150,11,308063
12455,2.1e-05,172.31.36.0-255,66,216,11,308063
12456,2.8e-05,172.217.24.0-255,1484,1700,11,308063
12457,3.2e-05,172.31.36.0-255,66,1766,11,308063
12458,3.7e-05,172.217.24.0-255,2902,4668,11,308063
12459,4.7e-05,172.31.36.0-255,66,4734,11,308063
12460,5.2e-05,172.217.24.0-255,2902,7636,11,308063
12461,5.4e-05,172.31.36.0-255,66,7702,11,308063
12462,6e-05,172.217.24.0-255,4320,12022,11,308063
12463,6.2e-05,172.31.36.0-255,66,12088,11,308063
12464,7.3e-05,172.31.36.0-255,66,12154,11,308063
12465,8e-05,172.217.24.0-255,7156,19310,11,308063
12466,8.2e-05,172.31.36.0-255,66,19376,11,308063
12467,0.000102,172.217.24.0-255,1484,20860,11,308063
12468,0.000108,172.31.36.0-255,66,20926,11,308063
12469,0.000111,172.217.24.0-255,1125,22051,11,308063
12470,0.000113,172.31.36.0-255,66,22117,11,308063
12471,0.000261,172.217.24.0-255,1484,23601,11,308063
12472,0.000265,172.31.36.0-255,66,23667,11,308063
12473,0.00027,172.217.24.0-255,2902,26569,11,308063
12474,0.000272,172.31.36.0-255,66,26635,11,308063
12475,0.000305,172.217.24.0-255,4320,30955,11,308063
12476,0.000308,172.31.36.0-255,66,31021,11,308063
12477,0.000314,172.217.24.0-255,5738,36759,11,308063
12478,0.000316,172.31.36.0-255,66,36825,11,308063
12479,0.000348,172.31.36.0-255,66,36891,11,308063
12480,0.000384,172.217.24.0-255,4320,41211,11,308063
12481,0.000386,172.31.36.0-255,66,41277,11,308063
12482,0.000409,172.217.24.0-255,2846,44123,11,308063
12483,0.000411,172.31.36.0-255,66,44189,11,308063
12484,0.000849,172.217.24.0-255,119,44308,11,308063
12485,0.000944,172.31.36.0-255,66,44374,11,308063
12486,0.000993,172.217.24.0-255,1484,45858,11,308063
12487,0.001008,172.217.24.0-255,2902,48760,11,308063
12488,0.00101,172.31.36.0-255,66,48826,11,308063
12489,0.001015,172.217.24.0-255,2902,51728,11,308063
12490,0.001017,172.31.36.0-255,66,51794,11,308063
12491,0.001045,172.217.24.0-255,2902,54696,11,308063
12492,0.001048,172.31.36.0-255,66,54762,11,308063
12493,0.001054,172.217.24.0-255,5738,60500,11,308063
12494,0.001056,172.31.36.0-255,66,60566,11,308063
12495,0.00109,172.217.24.0-255,6797,67363,11,308063
12496,0.001093,172.31.36.0-255,66,67429,11,308063
12497,0.001105,172.31.36.0-255,66,67495,11,308063
12498,0.001124,172.217.24.0-255,331,67826,11,308063
12499,0.001223,172.217.24.0-255,1484,69310,11,308063
12500,0.001226,172.31.36.0-255,66,69376,11,308063
12501,0.001232,172.217.24.0-255,2902,72278,11,308063
12502,0.001234,172.31.36.0-255,66,72344,11,308063
12503,0.00126,172.217.24.0-255,5738,78082,11,308063
12504,0.001263,172.31.36.0-255,66,78148,11,308063
12505,0.00127,172.217.24.0-255,7156,85304,11,308063
12506,0.001271,172.31.36.0-255,66,85370,11,308063
12507,0.001286,172.217.24.0-255,1484,86854,11,308063
12508,0.001319,172.31.36.0-255,66,86920,11,308063
12509,0.001339,172.217.24.0-255,1484,88404,11,308063
12510,0.001343,172.217.24.0-255,2184,90588,11,308063
12511,0.001345,172.31.36.0-255,66,90654,11,308063
12512,0.001431,172.217.24.0-255,1484,92138,11,308063
12513,0.001436,172.217.24.0-255,2902,95040,11,308063
12514,0.001438,172.31.36.0-255,66,95106,11,308063
12515,0.001442,172.217.24.0-255,1484,96590,11,308063
12516,0.001467,172.217.24.0-255,4320,100910,11,308063
12517,0.00147,172.31.36.0-255,66,100976,11,308063
12518,0.001475,172.217.24.0-255,4320,105296,11,308063
12519,0.001476,172.31.36.0-255,66,105362,11,308063
12520,0.001483,172.217.24.0-255,5738,111100,11,308063
12521,0.001488,172.31.36.0-255,66,111166,11,308063
12522,0.001493,172.217.24.0-255,4320,115486,11,308063
12523,0.001494,172.31.36.0-255,66,115552,11,308063
12524,0.001529,172.217.24.0-255,7156,122708,11,308063
12525,0.001531,172.31.36.0-255,66,122774,11,308063
12526,0.001536,172.217.24.0-255,2184,124958,11,308063
12527,0.001538,172.31.36.0-255,66,125024,11,308063
12528,0.001583,172.217.24.0-255,1484,126508,11,308063
12529,0.001612,172.217.24.0-255,1484,127992,11,308063
12530,0.001614,172.31.36.0-255,66,128058,11,308063
12531,0.001629,172.217.24.0-255,1484,129542,11,308063
12532,0.001633,172.217.24.0-255,4320,133862,11,308063
12533,0.001638,172.217.24.0-255,5738,139600,11,308063
12534,0.00164,172.217.24.0-255,1484,141084,11,308063
12535,0.001646,172.31.36.0-255,66,141150,11,308063
12536,0.001648,172.31.36.0-255,66,141216,11,308063
12537,0.001683,172.31.36.0-255,66,141282,11,308063
12538,0.001693,172.31.36.0-255,66,141348,11,308063
12539,0.001731,172.217.24.0-255,1484,142832,11,308063
12540,0.001734,172.217.24.0-255,1484,144316,11,308063
12541,0.001736,172.31.36.0-255,66,144382,11,308063
12542,0.001759,172.217.24.0-255,1484,145866,11,308063
12543,0.001764,172.217.24.0-255,5738,151604,11,308063
12544,0.001769,172.31.36.0-255,101,151705,11,308063
12545,0.00178,172.217.24.0-255,7156,158861,11,308063
12546,0.001801,172.31.36.0-255,66,158927,11,308063
12547,0.001803,172.31.36.0-255,66,158993,11,308063
12548,0.001817,172.31.36.0-255,66,159059,11,308063
12549,0.001821,172.217.24.0-255,2184,161243,11,308063
12550,0.001823,172.31.36.0-255,66,161309,11,308063
12551,0.001913,172.217.24.0-255,1484,162793,11,308063
12552,0.001918,172.217.24.0-255,2902,165695,11,308063
12553,0.001921,172.31.36.0-255,66,165761,11,308063
12554,0.001926,172.217.24.0-255,2902,168663,11,308063
12555,0.001942,172.31.36.0-255,66,168729,11,308063
12556,0.001968,172.217.24.0-255,2902,171631,11,308063
12557,0.00197,172.31.36.0-255,66,171697,11,308063
12558,0.001985,172.31.36.0-255,66,171763,11,308063
12559,0.001996,172.31.36.0-255,66,171829,11,308063
12560,0.001999,172.217.24.0-255,2184,174013,11,308063
12561,0.002001,172.31.36.0-255,66,174079,11,308063
12562,0.003702,172.217.24.0-255,66,174145,11,308063
12563,0.00395,172.217.24.0-255,4320,178465,11,308063
12564,0.003957,172.31.36.0-255,66,178531,11,308063
12565,0.003974,172.217.24.0-255,1484,180015,11,308063
12566,0.005914,172.217.24.0-255,4320,184335,11,308063
12567,0.00592,172.31.36.0-255,66,184401,11,308063
12568,0.007911,172.217.24.0-255,5738,190139,11,308063
12569,0.007933,172.31.36.0-255,66,190205,11,308063
12570,0.009922,172.217.24.0-255,5738,195943,11,308063
12571,0.009969,172.31.36.0-255,66,196009,11,308063
12572,0.01195,172.217.24.0-255,5738,201747,11,308063
12573,0.01196,172.31.36.0-255,66,201813,11,308063
12574,0.013927,172.217.24.0-255,5738,207551,11,308063
12575,0.013951,172.31.36.0-255,66,207617,11,308063
12576,0.015952,172.217.24.0-255,5738,213355,11,308063
12577,0.015968,172.31.36.0-255,66,213421,11,308063
12578,0.017965,172.217.24.0-255,5738,219159,11,308063
12579,0.017973,172.31.36.0-255,66,219225,11,308063
12580,0.019953,172.217.24.0-255,5738,224963,11,308063
12581,0.019961,172.31.36.0-255,66,225029,11,308063
12582,0.021945,172.217.24.0-255,5738,230767,11,308063
12583,0.021952,172.31.36.0-255,66,230833,11,308063
12584,0.023925,172.217.24.0-255,5738,236571,11,308063
12585,0.023931,172.31.36.0-255,66,236637,11,308063
12586,0.025903,172.217.24.0-255,5738,242375,11,308063
12587,0.025912,172.31.36.0-255,66,242441,11,308063
12588,0.027895,172.217.24.0-255,5738,248179,11,308063
12589,0.02791,172.31.36.0-255,66,248245,11,308063
12590,0.029889,172.217.24.0-255,5738,253983,11,308063
12591,0.029898,172.31.36.0-255,66,254049,11,308063
12592,0.031915,172.217.24.0-255,5738,259787,11,308063
12593,0.031924,172.31.36.0-255,66,259853,11,308063
12594,0.0339,172.217.24.0-255,5738,265591,11,308063
12595,0.033912,172.31.36.0-255,66,265657,11,308063
12596,0.035882,172.217.24.0-255,5738,271395,11,308063
12597,0.03589,172.31.36.0-255,66,271461,11,308063
12598,0.037873,172.217.24.0-255,5738,277199,11,308063
12599,0.037884,172.31.36.0-255,66,277265,11,308063
12600,0.039858,172.217.24.0-255,5738,283003,11,308063
12601,0.039869,172.31.36.0-255,66,283069,11,308063
12602,0.041842,172.217.24.0-255,5738,288807,11,308063
12603,0.041851,172.31.36.0-255,66,288873,11,308063
12604,0.043834,172.217.24.0-255,5738,294611,11,308063
12605,0.043848,172.31.36.0-255,66,294677,11,308063
12606,0.045829,172.217.24.0-255,5738,300415,11,308063
12607,0.04584,172.31.36.0-255,66,300481,11,308063
12608,0.047813,172.217.24.0-255,3057,303538,11,308063
12609,0.047823,172.31.36.0-255,66,303604,11,308063
12610,0.048099,172.31.36.0-255,105,303709,11,308063
12611,0.049523,172.31.36.0-255,172,303881,11,308063
12612,0.049561,172.31.36.0-255,1111,304992,11,308063
12613,0.049616,172.31.36.0-255,1514,306506,11,308063
12614,0.049617,172.31.36.0-255,1293,307799,11,308063
12615,0.051062,104.244.42.0-255,66,307865,11,308063
12616,0.051134,104.244.42.0-255,66,307931,11,308063
12617,0.051189,104.244.42.0-255,66,307997,11,308063
12618,0.053096,172.217.24.0-255,66,308063,11,308063
12619,0.0,172.217.194.0-255,146,146,11,225205
12620,2.4e-05,172.31.36.0-255,66,212,11,225205
12621,3.2e-05,172.217.194.0-255,1484,1696,11,225205
12622,3.6e-05,172.31.36.0-255,66,1762,11,225205
12623,4.2e-05,172.217.194.0-255,2902,4664,11,225205
12624,5.4e-05,172.31.36.0-255,66,4730,11,225205
12625,6.2e-05,172.217.194.0-255,7156,11886,11,225205
12626,6.5e-05,172.31.36.0-255,66,11952,11,225205
12627,7.2e-05,172.217.194.0-255,5738,17690,11,225205
12628,7.5e-05,172.31.36.0-255,66,17756,11,225205
12629,0.0001,172.217.194.0-255,2046,19802,11,225205
12630,0.000104,172.31.36.0-255,66,19868,11,225205
12631,0.000121,172.31.36.0-255,66,19934,11,225205
12632,0.000146,172.217.194.0-255,1484,21418,11,225205
12633,0.000148,172.31.36.0-255,66,21484,11,225205
12634,0.000156,172.217.194.0-255,1484,22968,11,225205
12635,0.000158,172.31.36.0-255,66,23034,11,225205
12636,0.000182,172.217.194.0-255,1484,24518,11,225205
12637,0.000185,172.31.36.0-255,66,24584,11,225205
12638,0.000196,172.217.194.0-255,5738,30322,11,225205
12639,0.000199,172.31.36.0-255,66,30388,11,225205
12640,0.000206,172.217.194.0-255,6797,37185,11,225205
12641,0.000209,172.31.36.0-255,66,37251,11,225205
12642,0.000765,172.217.194.0-255,1484,38735,11,225205
12643,0.000771,172.217.194.0-255,2902,41637,11,225205
12644,0.000777,172.31.36.0-255,66,41703,11,225205
12645,0.000782,172.31.36.0-255,66,41769,11,225205
12646,0.000793,172.217.194.0-255,5738,47507,11,225205
12647,0.0008,172.31.36.0-255,66,47573,11,225205
12648,0.000806,172.217.194.0-255,4320,51893,11,225205
12649,0.000808,172.31.36.0-255,66,51959,11,225205
12650,0.000857,172.217.194.0-255,2543,54502,11,225205
12651,0.000859,172.31.36.0-255,66,54568,11,225205
12652,0.001035,172.217.194.0-255,1484,56052,11,225205
12653,0.00105,172.217.194.0-255,2902,58954,11,225205
12654,0.001053,172.31.36.0-255,66,59020,11,225205
12655,0.001058,172.217.194.0-255,2902,61922,11,225205
12656,0.001061,172.31.36.0-255,66,61988,11,225205
12657,0.001083,172.217.194.0-255,7156,69144,11,225205
12658,0.00109,172.31.36.0-255,66,69210,11,225205
12659,0.001118,172.217.194.0-255,3124,72334,11,225205
12660,0.001121,172.31.36.0-255,66,72400,11,225205
12661,0.001208,172.217.194.0-255,1484,73884,11,225205
12662,0.001213,172.217.194.0-255,2902,76786,11,225205
12663,0.001217,172.31.36.0-255,66,76852,11,225205
12664,0.001248,172.217.194.0-255,5738,82590,11,225205
12665,0.001252,172.31.36.0-255,66,82656,11,225205
12666,0.001296,172.31.36.0-255,66,82722,11,225205
12667,0.001313,172.31.36.0-255,66,82788,11,225205
12668,0.001364,172.217.194.0-255,1484,84272,11,225205
12669,0.001368,172.217.194.0-255,2902,87174,11,225205
12670,0.001373,172.31.36.0-255,66,87240,11,225205
12671,0.001394,172.217.194.0-255,5738,92978,11,225205
12672,0.001396,172.31.36.0-255,66,93044,11,225205
12673,0.001418,172.217.194.0-255,7156,100200,11,225205
12674,0.001421,172.31.36.0-255,66,100266,11,225205
12675,0.001429,172.217.194.0-255,7156,107422,11,225205
12676,0.001432,172.31.36.0-255,66,107488,11,225205
12677,0.001452,172.217.194.0-255,7156,114644,11,225205
12678,0.001459,172.31.36.0-255,66,114710,11,225205
12679,0.001463,172.217.194.0-255,2184,116894,11,225205
12680,0.001465,172.31.36.0-255,66,116960,11,225205
12681,0.001506,172.217.194.0-255,1484,118444,11,225205
12682,0.001528,172.217.194.0-255,2902,121346,11,225205
12683,0.001531,172.31.36.0-255,66,121412,11,225205
12684,0.001537,172.217.194.0-255,5738,127150,11,225205
12685,0.00154,172.31.36.0-255,66,127216,11,225205
12686,0.001552,172.217.194.0-255,5738,132954,11,225205
12687,0.001554,172.31.36.0-255,66,133020,11,225205
12688,0.00156,172.217.194.0-255,4320,137340,11,225205
12689,0.001577,172.31.36.0-255,66,137406,11,225205
12690,0.001619,172.31.36.0-255,66,137472,11,225205
12691,0.001625,172.217.194.0-255,5020,142492,11,225205
12692,0.001628,172.31.36.0-255,66,142558,11,225205
12693,0.001778,172.217.194.0-255,1484,144042,11,225205
12694,0.001784,172.217.194.0-255,1484,145526,11,225205
12695,0.001787,172.31.36.0-255,66,145592,11,225205
12696,0.001805,172.217.194.0-255,1484,147076,11,225205
12697,0.001812,172.217.194.0-255,5738,152814,11,225205
12698,0.001815,172.31.36.0-255,66,152880,11,225205
12699,0.001858,172.31.36.0-255,66,152946,11,225205
12700,0.001876,172.31.36.0-255,66,153012,11,225205
12701,0.001902,172.217.194.0-255,2902,155914,11,225205
12702,0.001905,172.31.36.0-255,66,155980,11,225205
12703,0.001949,172.31.36.0-255,66,156046,11,225205
12704,0.001957,172.217.194.0-255,7156,163202,11,225205
12705,0.00196,172.31.36.0-255,66,163268,11,225205
12706,0.001996,172.217.194.0-255,5020,168288,11,225205
12707,0.001999,172.31.36.0-255,66,168354,11,225205
12708,0.002022,172.31.36.0-255,66,168420,11,225205
12709,0.002038,172.31.36.0-255,66,168486,11,225205
12710,0.002069,172.217.194.0-255,5020,173506,11,225205
12711,0.002072,172.31.36.0-255,66,173572,11,225205
12712,0.002214,172.217.194.0-255,1484,175056,11,225205
12713,0.002227,172.217.194.0-255,1484,176540,11,225205
12714,0.00223,172.31.36.0-255,66,176606,11,225205
12715,0.002258,172.217.194.0-255,1484,178090,11,225205
12716,0.002266,172.217.194.0-255,5738,183828,11,225205
12717,0.002268,172.31.36.0-255,66,183894,11,225205
12718,0.002276,172.217.194.0-255,7156,191050,11,225205
12719,0.002278,172.31.36.0-255,66,191116,11,225205
12720,0.002329,172.217.194.0-255,1484,192600,11,225205
12721,0.002366,172.31.36.0-255,66,192666,11,225205
12722,0.002369,172.217.194.0-255,1484,194150,11,225205
12723,0.002374,172.217.194.0-255,2184,196334,11,225205
12724,0.002376,172.31.36.0-255,66,196400,11,225205
12725,0.002384,172.217.194.0-255,2902,199302,11,225205
12726,0.002386,172.31.36.0-255,66,199368,11,225205
12727,0.002394,172.217.194.0-255,7156,206524,11,225205
12728,0.002396,172.31.36.0-255,66,206590,11,225205
12729,0.002407,172.31.36.0-255,66,206656,11,225205
12730,0.002414,172.217.194.0-255,7156,213812,11,225205
12731,0.002418,172.31.36.0-255,66,213878,11,225205
12732,0.002459,172.217.194.0-255,6438,220316,11,225205
12733,0.002462,172.31.36.0-255,66,220382,11,225205
12734,0.002482,172.31.36.0-255,66,220448,11,225205
12735,0.002495,172.31.36.0-255,66,220514,11,225205
12736,0.002545,172.31.36.0-255,66,220580,11,225205
12737,0.002572,172.217.194.0-255,105,220685,11,225205
12738,0.008274,172.31.36.0-255,66,220751,11,225205
12739,0.008313,172.31.36.0-255,105,220856,11,225205
12740,0.010318,172.217.194.0-255,66,220922,11,225205
12741,0.032738,172.31.36.0-255,167,221089,11,225205
12742,0.03277,172.31.36.0-255,1111,222200,11,225205
12743,0.032829,172.31.36.0-255,1514,223714,11,225205
12744,0.032831,172.31.36.0-255,1293,225007,11,225205
12745,0.034382,104.244.42.0-255,66,225073,11,225205
12746,0.034433,104.244.42.0-255,66,225139,11,225205
12747,0.034493,104.244.42.0-255,66,225205,11,225205
12748,0.0,74.125.68.0-255,143,143,11,254614
12749,2.1e-05,74.125.68.0-255,1484,1627,11,254614
12750,3.3e-05,172.31.36.0-255,66,1693,11,254614
12751,4.3e-05,74.125.68.0-255,2902,4595,11,254614
12752,4.7e-05,172.31.36.0-255,66,4661,11,254614
12753,5.2e-05,74.125.68.0-255,2902,7563,11,254614
12754,6.3e-05,172.31.36.0-255,66,7629,11,254614
12755,6.9e-05,74.125.68.0-255,4320,11949,11,254614
12756,7.2e-05,172.31.36.0-255,66,12015,11,254614
12757,0.000104,74.125.68.0-255,2040,14055,11,254614
12758,0.000107,172.31.36.0-255,66,14121,11,254614
12759,0.000185,74.125.68.0-255,1484,15605,11,254614
12760,0.000206,74.125.68.0-255,2902,18507,11,254614
12761,0.000209,172.31.36.0-255,66,18573,11,254614
12762,0.000212,74.125.68.0-255,1484,20057,11,254614
12763,0.000243,74.125.68.0-255,4320,24377,11,254614
12764,0.000245,172.31.36.0-255,66,24443,11,254614
12765,0.000253,74.125.68.0-255,6797,31240,11,254614
12766,0.000256,172.31.36.0-255,66,31306,11,254614
12767,0.000267,74.125.68.0-255,5738,37044,11,254614
12768,0.00027,172.31.36.0-255,66,37110,11,254614
12769,0.000293,74.125.68.0-255,1484,38594,11,254614
12770,0.00031,172.31.36.0-255,66,38660,11,254614
12771,0.000314,74.125.68.0-255,2902,41562,11,254614
12772,0.000316,172.31.36.0-255,66,41628,11,254614
12773,0.000334,74.125.68.0-255,1484,43112,11,254614
12774,0.000357,74.125.68.0-255,5738,48850,11,254614
12775,0.000361,172.31.36.0-255,66,48916,11,254614
12776,0.000372,172.31.36.0-255,66,48982,11,254614
12777,0.000379,74.125.68.0-255,427,49409,11,254614
12778,0.000412,74.125.68.0-255,346,49755,11,254614
12779,0.000506,74.125.68.0-255,1484,51239,11,254614
12780,0.00051,172.31.36.0-255,66,51305,11,254614
12781,0.000517,74.125.68.0-255,2902,54207,11,254614
12782,0.000519,172.31.36.0-255,66,54273,11,254614
12783,0.000555,74.125.68.0-255,5738,60011,11,254614
12784,0.000558,172.31.36.0-255,66,60077,11,254614
12785,0.000563,74.125.68.0-255,2902,62979,11,254614
12786,0.000565,172.31.36.0-255,66,63045,11,254614
12787,0.000575,74.125.68.0-255,4320,67365,11,254614
12788,0.000578,172.31.36.0-255,66,67431,11,254614
12789,0.000584,74.125.68.0-255,5738,73169,11,254614
12790,0.000587,172.31.36.0-255,66,73235,11,254614
12791,0.000616,74.125.68.0-255,2902,76137,11,254614
12792,0.000619,172.31.36.0-255,66,76203,11,254614
12793,0.00063,172.31.36.0-255,66,76269,11,254614
12794,0.000682,74.125.68.0-255,1484,77753,11,254614
12795,0.000687,74.125.68.0-255,2902,80655,11,254614
12796,0.00069,172.31.36.0-255,66,80721,11,254614
12797,0.000697,74.125.68.0-255,5738,86459,11,254614
12798,0.0007,172.31.36.0-255,66,86525,11,254614
12799,0.000708,74.125.68.0-255,2902,89427,11,254614
12800,0.000711,172.31.36.0-255,66,89493,11,254614
12801,0.000714,74.125.68.0-255,1484,90977,11,254614
12802,0.000754,172.31.36.0-255,66,91043,11,254614
12803,0.000771,172.31.36.0-255,66,91109,11,254614
12804,0.001123,74.125.68.0-255,1484,92593,11,254614
12805,0.001129,74.125.68.0-255,2902,95495,11,254614
12806,0.001133,172.31.36.0-255,66,95561,11,254614
12807,0.001158,74.125.68.0-255,5738,101299,11,254614
12808,0.00116,172.31.36.0-255,66,101365,11,254614
12809,0.001166,74.125.68.0-255,4320,105685,11,254614
12810,0.00117,172.31.36.0-255,66,105751,11,254614
12811,0.001175,74.125.68.0-255,2902,108653,11,254614
12812,0.001177,172.31.36.0-255,66,108719,11,254614
12813,0.001204,74.125.68.0-255,2902,111621,11,254614
12814,0.001206,172.31.36.0-255,66,111687,11,254614
12815,0.001224,172.31.36.0-255,66,111753,11,254614
12816,0.001229,74.125.68.0-255,2184,113937,11,254614
12817,0.001231,172.31.36.0-255,66,114003,11,254614
12818,0.001272,74.125.68.0-255,1484,115487,11,254614
12819,0.001277,74.125.68.0-255,2902,118389,11,254614
12820,0.00128,172.31.36.0-255,66,118455,11,254614
12821,0.00131,74.125.68.0-255,5738,124193,11,254614
12822,0.001314,172.31.36.0-255,66,124259,11,254614
12823,0.001319,74.125.68.0-255,4320,128579,11,254614
12824,0.001321,172.31.36.0-255,66,128645,11,254614
12825,0.001354,74.125.68.0-255,1484,130129,11,254614
12826,0.001362,74.125.68.0-255,7156,137285,11,254614
12827,0.001365,172.31.36.0-255,66,137351,11,254614
12828,0.001373,74.125.68.0-255,7156,144507,11,254614
12829,0.001375,172.31.36.0-255,66,144573,11,254614
12830,0.001399,74.125.68.0-255,3602,148175,11,254614
12831,0.001402,172.31.36.0-255,66,148241,11,254614
12832,0.001531,74.125.68.0-255,1484,149725,11,254614
12833,0.001535,74.125.68.0-255,1484,151209,11,254614
12834,0.001539,172.31.36.0-255,66,151275,11,254614
12835,0.001563,74.125.68.0-255,1484,152759,11,254614
12836,0.001571,74.125.68.0-255,5738,158497,11,254614
12837,0.001573,172.31.36.0-255,66,158563,11,254614
12838,0.001578,74.125.68.0-255,2902,161465,11,254614
12839,0.00158,172.31.36.0-255,66,161531,11,254614
12840,0.001583,74.125.68.0-255,1484,163015,11,254614
12841,0.001612,74.125.68.0-255,2902,165917,11,254614
12842,0.001614,172.31.36.0-255,66,165983,11,254614
12843,0.001625,172.31.36.0-255,66,166049,11,254614
12844,0.001636,74.125.68.0-255,7156,173205,11,254614
12845,0.001639,172.31.36.0-255,66,173271,11,254614
12846,0.001665,74.125.68.0-255,766,174037,11,254614
12847,0.001743,74.125.68.0-255,1484,175521,11,254614
12848,0.001747,172.31.36.0-255,66,175587,11,254614
12849,0.001751,74.125.68.0-255,1484,177071,11,254614
12850,0.001772,74.125.68.0-255,1484,178555,11,254614
12851,0.001777,74.125.68.0-255,4320,182875,11,254614
12852,0.001781,172.31.36.0-255,66,182941,11,254614
12853,0.001784,172.31.36.0-255,66,183007,11,254614
12854,0.001806,74.125.68.0-255,5738,188745,11,254614
12855,0.001808,172.31.36.0-255,66,188811,11,254614
12856,0.001854,172.31.36.0-255,66,188877,11,254614
12857,0.001859,74.125.68.0-255,4320,193197,11,254614
12858,0.001861,172.31.36.0-255,66,193263,11,254614
12859,0.001892,74.125.68.0-255,5020,198283,11,254614
12860,0.001895,172.31.36.0-255,66,198349,11,254614
12861,0.001901,74.125.68.0-255,4320,202669,11,254614
12862,0.001903,172.31.36.0-255,66,202735,11,254614
12863,0.001918,74.125.68.0-255,1484,204219,11,254614
12864,0.001922,74.125.68.0-255,2902,207121,11,254614
12865,0.001925,172.31.36.0-255,66,207187,11,254614
12866,0.001965,172.31.36.0-255,66,207253,11,254614
12867,0.001971,74.125.68.0-255,5738,212991,11,254614
12868,0.001974,172.31.36.0-255,66,213057,11,254614
12869,0.002044,172.31.36.0-255,66,213123,11,254614
12870,0.002065,172.31.36.0-255,66,213189,11,254614
12871,0.002071,74.125.68.0-255,4320,217509,11,254614
12872,0.002074,172.31.36.0-255,66,217575,11,254614
12873,0.002099,74.125.68.0-255,2902,220477,11,254614
12874,0.002106,172.31.36.0-255,66,220543,11,254614
12875,0.002112,74.125.68.0-255,4320,224863,11,254614
12876,0.002114,172.31.36.0-255,66,224929,11,254614
12877,0.002149,74.125.68.0-255,6438,231367,11,254614
12878,0.002153,172.31.36.0-255,66,231433,11,254614
12879,0.002166,172.31.36.0-255,66,231499,11,254614
12880,0.00218,172.31.36.0-255,66,231565,11,254614
12881,0.002186,74.125.68.0-255,4320,235885,11,254614
12882,0.002189,172.31.36.0-255,66,235951,11,254614
12883,0.002204,74.125.68.0-255,5020,240971,11,254614
12884,0.002207,172.31.36.0-255,66,241037,11,254614
12885,0.002216,74.125.68.0-255,2902,243939,11,254614
12886,0.002218,172.31.36.0-255,66,244005,11,254614
12887,0.002262,172.31.36.0-255,66,244071,11,254614
12888,0.002286,74.125.68.0-255,1484,245555,11,254614
12889,0.002293,74.125.68.0-255,4429,249984,11,254614
12890,0.002295,172.31.36.0-255,66,250050,11,254614
12891,0.00232,74.125.68.0-255,105,250155,11,254614
12892,0.011088,172.31.36.0-255,105,250260,11,254614
12893,0.013581,74.125.68.0-255,66,250326,11,254614
12894,0.031887,172.31.36.0-255,172,250498,11,254614
12895,0.031924,172.31.36.0-255,1110,251608,11,254614
12896,0.031983,172.31.36.0-255,1514,253122,11,254614
12897,0.031985,172.31.36.0-255,1294,254416,11,254614
12898,0.033442,104.244.42.0-255,66,254482,11,254614
12899,0.033486,104.244.42.0-255,66,254548,11,254614
12900,0.033527,104.244.42.0-255,66,254614,11,254614
12901,0.0,172.217.194.0-255,153,153,11,229582
12902,2.3e-05,172.31.36.0-255,66,219,11,229582
12903,3.1e-05,172.217.194.0-255,1484,1703,11,229582
12904,3.5e-05,172.31.36.0-255,66,1769,11,229582
12905,4.1e-05,172.217.194.0-255,2902,4671,11,229582
12906,4.4e-05,172.31.36.0-255,66,4737,11,229582
12907,5.1e-05,172.217.194.0-255,7156,11893,11,229582
12908,5.4e-05,172.31.36.0-255,66,11959,11,229582
12909,5.7e-05,172.217.194.0-255,1484,13443,11,229582
12910,5.9e-05,172.31.36.0-255,66,13509,11,229582
12911,8.2e-05,172.217.194.0-255,7156,20665,11,229582
12912,8.4e-05,172.31.36.0-255,66,20731,11,229582
12913,0.000111,172.31.36.0-255,66,20797,11,229582
12914,0.000116,172.217.194.0-255,2543,23340,11,229582
12915,0.000118,172.31.36.0-255,66,23406,11,229582
12916,0.000142,172.217.194.0-255,2902,26308,11,229582
12917,0.000144,172.31.36.0-255,66,26374,11,229582
12918,0.000151,172.217.194.0-255,7156,33530,11,229582
12919,0.000154,172.31.36.0-255,66,33596,11,229582
12920,0.000158,172.217.194.0-255,2902,36498,11,229582
12921,0.00016,172.31.36.0-255,66,36564,11,229582
12922,0.000184,172.217.194.0-255,2902,39466,11,229582
12923,0.000187,172.31.36.0-255,66,39532,11,229582
12924,0.000195,172.217.194.0-255,7156,46688,11,229582
12925,0.000197,172.31.36.0-255,66,46754,11,229582
12926,0.00022,172.217.194.0-255,7156,53910,11,229582
12927,0.000225,172.217.194.0-255,3945,57855,11,229582
12928,0.000229,172.31.36.0-255,66,57921,11,229582
12929,0.000236,172.31.36.0-255,66,57987,11,229582
12930,0.00031,172.217.194.0-255,1484,59471,11,229582
12931,0.000314,172.31.36.0-255,66,59537,11,229582
12932,0.00032,172.217.194.0-255,2902,62439,11,229582
12933,0.000322,172.31.36.0-255,66,62505,11,229582
12934,0.000349,172.217.194.0-255,5738,68243,11,229582
12935,0.000352,172.31.36.0-255,66,68309,11,229582
12936,0.000364,172.31.36.0-255,66,68375,11,229582
12937,0.000382,172.217.194.0-255,2902,71277,11,229582
12938,0.000384,172.31.36.0-255,66,71343,11,229582
12939,0.000397,172.31.36.0-255,66,71409,11,229582
12940,0.0004,172.217.194.0-255,485,71894,11,229582
12941,0.000481,172.217.194.0-255,1484,73378,11,229582
12942,0.000484,172.31.36.0-255,66,73444,11,229582
12943,0.00049,172.217.194.0-255,2902,76346,11,229582
12944,0.000493,172.31.36.0-255,66,76412,11,229582
12945,0.000522,172.217.194.0-255,5738,82150,11,229582
12946,0.000525,172.31.36.0-255,66,82216,11,229582
12947,0.00055,172.31.36.0-255,66,82282,11,229582
12948,0.000587,172.217.194.0-255,5738,88020,11,229582
12949,0.00059,172.31.36.0-255,66,88086,11,229582
12950,0.000617,172.31.36.0-255,66,88152,11,229582
12951,0.000684,172.31.36.0-255,66,88218,11,229582
12952,0.000687,172.217.194.0-255,1125,89343,11,229582
12953,0.000694,172.217.194.0-255,5738,95081,11,229582
12954,0.000697,172.31.36.0-255,66,95147,11,229582
12955,0.000701,172.217.194.0-255,2902,98049,11,229582
12956,0.000704,172.31.36.0-255,66,98115,11,229582
12957,0.000722,172.217.194.0-255,4320,102435,11,229582
12958,0.000725,172.31.36.0-255,66,102501,11,229582
12959,0.000751,172.31.36.0-255,66,102567,11,229582
12960,0.00077,172.217.194.0-255,2902,105469,11,229582
12961,0.000772,172.31.36.0-255,66,105535,11,229582
12962,0.000784,172.217.194.0-255,1484,107019,11,229582
12963,0.000803,172.217.194.0-255,5020,112039,11,229582
12964,0.000806,172.31.36.0-255,66,112105,11,229582
12965,0.000837,172.217.194.0-255,4320,116425,11,229582
12966,0.000841,172.31.36.0-255,66,116491,11,229582
12967,0.000865,172.217.194.0-255,2902,119393,11,229582
12968,0.000867,172.31.36.0-255,66,119459,11,229582
12969,0.000878,172.31.36.0-255,66,119525,11,229582
12970,0.000885,172.217.194.0-255,5738,125263,11,229582
12971,0.000887,172.31.36.0-255,66,125329,11,229582
12972,0.000917,172.31.36.0-255,66,125395,11,229582
12973,0.000919,172.217.194.0-255,766,126161,11,229582
12974,0.000973,172.217.194.0-255,1484,127645,11,229582
12975,0.000976,172.31.36.0-255,66,127711,11,229582
12976,0.000981,172.217.194.0-255,2902,130613,11,229582
12977,0.000983,172.31.36.0-255,66,130679,11,229582
12978,0.000986,172.217.194.0-255,1484,132163,11,229582
12979,0.001016,172.217.194.0-255,4320,136483,11,229582
12980,0.001023,172.217.194.0-255,7156,143639,11,229582
12981,0.001027,172.31.36.0-255,66,143705,11,229582
12982,0.00103,172.31.36.0-255,66,143771,11,229582
12983,0.00107,172.217.194.0-255,5738,149509,11,229582
12984,0.001074,172.31.36.0-255,66,149575,11,229582
12985,0.001086,172.31.36.0-255,66,149641,11,229582
12986,0.001137,172.217.194.0-255,1484,151125,11,229582
12987,0.001143,172.217.194.0-255,2902,154027,11,229582
12988,0.001145,172.31.36.0-255,66,154093,11,229582
12989,0.001163,172.217.194.0-255,1484,155577,11,229582
12990,0.001179,172.217.194.0-255,2902,158479,11,229582
12991,0.001182,172.31.36.0-255,66,158545,11,229582
12992,0.001185,172.217.194.0-255,1484,160029,11,229582
12993,0.001207,172.217.194.0-255,4320,164349,11,229582
12994,0.001209,172.31.36.0-255,66,164415,11,229582
12995,0.001225,172.217.194.0-255,4320,168735,11,229582
12996,0.001228,172.31.36.0-255,66,168801,11,229582
12997,0.001249,172.217.194.0-255,7156,175957,11,229582
12998,0.001252,172.31.36.0-255,66,176023,11,229582
12999,0.001263,172.31.36.0-255,66,176089,11,229582
13000,0.001306,172.217.194.0-255,1484,177573,11,229582
13001,0.001311,172.217.194.0-255,2902,180475,11,229582
13002,0.001314,172.31.36.0-255,66,180541,11,229582
13003,0.001319,172.217.194.0-255,2902,183443,11,229582
13004,0.001321,172.31.36.0-255,66,183509,11,229582
13005,0.001347,172.217.194.0-255,2902,186411,11,229582
13006,0.00135,172.31.36.0-255,66,186477,11,229582
13007,0.001364,172.31.36.0-255,66,186543,11,229582
13008,0.001408,172.217.194.0-255,7156,193699,11,229582
13009,0.00141,172.31.36.0-255,66,193765,11,229582
13010,0.001437,172.217.194.0-255,3602,197367,11,229582
13011,0.001439,172.31.36.0-255,66,197433,11,229582
13012,0.001442,172.217.194.0-255,1484,198917,11,229582
13013,0.001447,172.217.194.0-255,2902,201819,11,229582
13014,0.001448,172.31.36.0-255,66,201885,11,229582
13015,0.001455,172.217.194.0-255,5738,207623,11,229582
13016,0.001457,172.31.36.0-255,66,207689,11,229582
13017,0.001471,172.31.36.0-255,66,207755,11,229582
13018,0.001478,172.217.194.0-255,5738,213493,11,229582
13019,0.00148,172.31.36.0-255,66,213559,11,229582
13020,0.00152,172.31.36.0-255,66,213625,11,229582
13021,0.001552,172.31.36.0-255,66,213691,11,229582
13022,0.001568,172.31.36.0-255,66,213757,11,229582
13023,0.001573,172.217.194.0-255,4320,218077,11,229582
13024,0.001575,172.31.36.0-255,66,218143,11,229582
13025,0.001596,172.217.194.0-255,6743,224886,11,229582
13026,0.001599,172.31.36.0-255,66,224952,11,229582
13027,0.001621,172.217.194.0-255,105,225057,11,229582
13028,0.004451,172.31.36.0-255,66,225123,11,229582
13029,0.004493,172.31.36.0-255,105,225228,11,229582
13030,0.00684,172.217.194.0-255,66,225294,11,229582
13031,0.034901,172.31.36.0-255,172,225466,11,229582
13032,0.034933,172.31.36.0-255,1111,226577,11,229582
13033,0.034996,172.31.36.0-255,1514,228091,11,229582
13034,0.034998,172.31.36.0-255,1293,229384,11,229582
13035,0.03646,104.244.42.0-255,66,229450,11,229582
13036,0.036492,104.244.42.0-255,66,229516,11,229582
13037,0.036548,104.244.42.0-255,66,229582,11,229582
13038,0.0,74.125.24.0-255,152,152,11,261815
13039,2e-05,74.125.24.0-255,1484,1636,11,261815
13040,3.2e-05,172.31.36.0-255,66,1702,11,261815
13041,4e-05,74.125.24.0-255,2902,4604,11,261815
13042,4.8e-05,74.125.24.0-255,7156,11760,11,261815
13043,5.1e-05,74.125.24.0-255,1484,13244,11,261815
13044,0.00011,74.125.24.0-255,6797,20041,11,261815
13045,0.000149,172.31.36.0-255,66,20107,11,261815
13046,0.0005,74.125.24.0-255,1484,21591,11,261815
13047,0.000507,74.125.24.0-255,2902,24493,11,261815
13048,0.000519,172.31.36.0-255,66,24559,11,261815
13049,0.000531,74.125.24.0-255,5738,30297,11,261815
13050,0.000549,74.125.24.0-255,5738,36035,11,261815
13051,0.000552,172.31.36.0-255,66,36101,11,261815
13052,0.000565,74.125.24.0-255,3961,40062,11,261815
13053,0.000597,74.125.24.0-255,4273,44335,11,261815
13054,0.000601,172.31.36.0-255,66,44401,11,261815
13055,0.000606,172.31.36.0-255,66,44467,11,261815
13056,0.000655,74.125.24.0-255,109,44576,11,261815
13057,0.000987,74.125.24.0-255,1484,46060,11,261815
13058,0.000991,172.31.36.0-255,66,46126,11,261815
13059,0.000996,74.125.24.0-255,1484,47610,11,261815
13060,0.00101,74.125.24.0-255,1484,49094,11,261815
13061,0.001013,74.125.24.0-255,1484,50578,11,261815
13062,0.001027,172.31.36.0-255,66,50644,11,261815
13063,0.001033,74.125.24.0-255,4320,54964,11,261815
13064,0.001039,172.31.36.0-255,66,55030,11,261815
13065,0.001071,74.125.24.0-255,2902,57932,11,261815
13066,0.001095,172.31.36.0-255,66,57998,11,261815
13067,0.001104,74.125.24.0-255,2184,60182,11,261815
13068,0.001109,172.31.36.0-255,66,60248,11,261815
13069,0.001125,74.125.24.0-255,1484,61732,11,261815
13070,0.00114,74.125.24.0-255,1484,63216,11,261815
13071,0.001143,74.125.24.0-255,1484,64700,11,261815
13072,0.001148,172.31.36.0-255,66,64766,11,261815
13073,0.001191,74.125.24.0-255,5738,70504,11,261815
13074,0.001198,74.125.24.0-255,6482,76986,11,261815
13075,0.001226,172.31.36.0-255,66,77052,11,261815
13076,0.001273,74.125.24.0-255,1484,78536,11,261815
13077,0.001289,74.125.24.0-255,2902,81438,11,261815
13078,0.001294,74.125.24.0-255,4320,85758,11,261815
13079,0.001312,74.125.24.0-255,1484,87242,11,261815
13080,0.001318,74.125.24.0-255,5738,92980,11,261815
13081,0.001321,172.31.36.0-255,66,93046,11,261815
13082,0.001331,74.125.24.0-255,4320,97366,11,261815
13083,0.001378,172.31.36.0-255,66,97432,11,261815
13084,0.001394,74.125.24.0-255,5020,102452,11,261815
13085,0.0014,74.125.24.0-255,5738,108190,11,261815
13086,0.001405,74.125.24.0-255,4320,112510,11,261815
13087,0.001417,172.31.36.0-255,66,112576,11,261815
13088,0.001465,74.125.24.0-255,2902,115478,11,261815
13089,0.00148,74.125.24.0-255,2184,117662,11,261815
13090,0.001483,172.31.36.0-255,66,117728,11,261815
13091,0.001489,172.31.36.0-255,66,117794,11,261815
13092,0.002365,74.125.24.0-255,1484,119278,11,261815
13093,0.002374,74.125.24.0-255,2902,122180,11,261815
13094,0.002377,172.31.36.0-255,66,122246,11,261815
13095,0.002404,74.125.24.0-255,5738,127984,11,261815
13096,0.002429,74.125.24.0-255,7156,135140,11,261815
13097,0.002432,74.125.24.0-255,1484,136624,11,261815
13098,0.002443,74.125.24.0-255,2902,139526,11,261815
13099,0.00246,74.125.24.0-255,7156,146682,11,261815
13100,0.00248,74.125.24.0-255,2902,149584,11,261815
13101,0.002484,74.125.24.0-255,2184,151768,11,261815
13102,0.002714,74.125.24.0-255,1484,153252,11,261815
13103,0.002739,74.125.24.0-255,2902,156154,11,261815
13104,0.002745,74.125.24.0-255,5738,161892,11,261815
13105,0.002748,74.125.24.0-255,1484,163376,11,261815
13106,0.002771,74.125.24.0-255,4320,167696,11,261815
13107,0.00279,74.125.24.0-255,5738,173434,11,261815
13108,0.002826,74.125.24.0-255,766,174200,11,261815
13109,0.002881,74.125.24.0-255,1484,175684,11,261815
13110,0.002892,74.125.24.0-255,2902,178586,11,261815
13111,0.002897,74.125.24.0-255,2902,181488,11,261815
13112,0.002914,74.125.24.0-255,2902,184390,11,261815
13113,0.002918,74.125.24.0-255,2902,187292,11,261815
13114,0.002935,74.125.24.0-255,5738,193030,11,261815
13115,0.002951,74.125.24.0-255,1484,194514,11,261815
13116,0.002972,74.125.24.0-255,7156,201670,11,261815
13117,0.002998,74.125.24.0-255,6438,208108,11,261815
13118,0.00307,74.125.24.0-255,1484,209592,11,261815
13119,0.003076,74.125.24.0-255,2902,212494,11,261815
13120,0.00308,74.125.24.0-255,2902,215396,11,261815
13121,0.003101,74.125.24.0-255,2902,218298,11,261815
13122,0.003106,74.125.24.0-255,4320,222618,11,261815
13123,0.003108,74.125.24.0-255,1484,224102,11,261815
13124,0.003126,74.125.24.0-255,2902,227004,11,261815
13125,0.003138,74.125.24.0-255,2902,229906,11,261815
13126,0.003159,74.125.24.0-255,5738,235644,11,261815
13127,0.003161,74.125.24.0-255,1484,237128,11,261815
13128,0.003166,172.31.36.0-255,78,237206,11,261815
13129,0.003171,74.125.24.0-255,2902,240108,11,261815
13130,0.003175,74.125.24.0-255,1484,241592,11,261815
13131,0.003178,74.125.24.0-255,766,242358,11,261815
13132,0.00336,74.125.24.0-255,1484,243842,11,261815
13133,0.003368,74.125.24.0-255,2902,246744,11,261815
13134,0.003371,74.125.24.0-255,1484,248228,11,261815
13135,0.003386,74.125.24.0-255,4320,252548,11,261815
13136,0.003528,74.125.24.0-255,5738,258286,11,261815
13137,0.003567,74.125.24.0-255,105,258391,11,261815
13138,0.007951,172.31.36.0-255,66,258457,11,261815
13139,0.009622,172.31.36.0-255,105,258562,11,261815
13140,0.01216,74.125.24.0-255,66,258628,11,261815
13141,0.030015,172.31.36.0-255,167,258795,11,261815
13142,0.030049,172.31.36.0-255,1110,259905,11,261815
13143,0.030104,172.31.36.0-255,1514,261419,11,261815
13144,0.030106,172.31.36.0-255,330,261749,11,261815
13145,0.031669,104.244.42.0-255,66,261815,11,261815
13146,0.0,74.125.200.0-255,150,150,11,184277
13147,2.4e-05,172.31.36.0-255,66,216,11,184277
13148,3.2e-05,74.125.200.0-255,1484,1700,11,184277
13149,3.7e-05,172.31.36.0-255,66,1766,11,184277
13150,7e-05,74.125.200.0-255,2902,4668,11,184277
13151,7.3e-05,172.31.36.0-255,66,4734,11,184277
13152,0.000161,74.125.200.0-255,4320,9054,11,184277
13153,0.000165,172.31.36.0-255,66,9120,11,184277
13154,0.000345,74.125.200.0-255,4895,14015,11,184277
13155,0.00035,172.31.36.0-255,66,14081,11,184277
13156,0.000543,74.125.200.0-255,2902,16983,11,184277
13157,0.000547,172.31.36.0-255,66,17049,11,184277
13158,0.000569,74.125.200.0-255,5738,22787,11,184277
13159,0.000572,172.31.36.0-255,66,22853,11,184277
13160,0.000593,74.125.200.0-255,2902,25755,11,184277
13161,0.000595,172.31.36.0-255,66,25821,11,184277
13162,0.001024,74.125.200.0-255,5379,31200,11,184277
13163,0.00103,172.31.36.0-255,66,31266,11,184277
13164,0.001257,172.31.36.0-255,66,31332,11,184277
13165,0.001301,172.31.36.0-255,66,31398,11,184277
13166,0.002242,74.125.200.0-255,7156,38554,11,184277
13167,0.00225,172.31.36.0-255,66,38620,11,184277
13168,0.002306,172.31.36.0-255,66,38686,11,184277
13169,0.003239,74.125.200.0-255,2902,41588,11,184277
13170,0.003243,172.31.36.0-255,66,41654,11,184277
13171,0.003289,172.31.36.0-255,66,41720,11,184277
13172,0.003313,74.125.200.0-255,1484,43204,11,184277
13173,0.003316,172.31.36.0-255,66,43270,11,184277
13174,0.005566,74.125.200.0-255,4320,47590,11,184277
13175,0.005583,172.31.36.0-255,66,47656,11,184277
13176,0.00562,74.125.200.0-255,1484,49140,11,184277
13177,0.007852,74.125.200.0-255,4320,53460,11,184277
13178,0.007861,172.31.36.0-255,66,53526,11,184277
13179,0.010123,74.125.200.0-255,1484,55010,11,184277
13180,0.01015,74.125.200.0-255,4320,59330,11,184277
13181,0.01129,172.31.36.0-255,66,59396,11,184277
13182,0.01357,74.125.200.0-255,5738,65134,11,184277
13183,0.013582,172.31.36.0-255,66,65200,11,184277
13184,0.015853,74.125.200.0-255,5738,70938,11,184277
13185,0.015862,172.31.36.0-255,66,71004,11,184277
13186,0.018127,74.125.200.0-255,5738,76742,11,184277
13187,0.018136,172.31.36.0-255,66,76808,11,184277
13188,0.020406,74.125.200.0-255,5738,82546,11,184277
13189,0.020416,172.31.36.0-255,66,82612,11,184277
13190,0.022687,74.125.200.0-255,5738,88350,11,184277
13191,0.022696,172.31.36.0-255,66,88416,11,184277
13192,0.024956,74.125.200.0-255,5738,94154,11,184277
13193,0.024963,172.31.36.0-255,66,94220,11,184277
13194,0.025823,172.31.36.0-255,167,94387,11,184277
13195,0.025856,172.31.36.0-255,1107,95494,11,184277
13196,0.025915,172.31.36.0-255,1514,97008,11,184277
13197,0.025918,172.31.36.0-255,1297,98305,11,184277
13198,0.027231,74.125.200.0-255,5738,104043,11,184277
13199,0.027238,172.31.36.0-255,66,104109,11,184277
13200,0.027359,104.244.42.0-255,66,104175,11,184277
13201,0.027411,104.244.42.0-255,66,104241,11,184277
13202,0.027466,104.244.42.0-255,66,104307,11,184277
13203,0.029503,74.125.200.0-255,5738,110045,11,184277
13204,0.029509,172.31.36.0-255,66,110111,11,184277
13205,0.031781,74.125.200.0-255,1484,111595,11,184277
13206,0.031807,74.125.200.0-255,4320,115915,11,184277
13207,0.031814,172.31.36.0-255,66,115981,11,184277
13208,0.034086,74.125.200.0-255,5738,121719,11,184277
13209,0.034094,172.31.36.0-255,66,121785,11,184277
13210,0.036367,74.125.200.0-255,5738,127523,11,184277
13211,0.036374,172.31.36.0-255,66,127589,11,184277
13212,0.038643,74.125.200.0-255,5738,133327,11,184277
13213,0.03865,172.31.36.0-255,66,133393,11,184277
13214,0.040925,74.125.200.0-255,5738,139131,11,184277
13215,0.040931,172.31.36.0-255,66,139197,11,184277
13216,0.043204,74.125.200.0-255,5738,144935,11,184277
13217,0.043211,172.31.36.0-255,66,145001,11,184277
13218,0.045476,74.125.200.0-255,5738,150739,11,184277
13219,0.045483,172.31.36.0-255,66,150805,11,184277
13220,0.04776,74.125.200.0-255,5738,156543,11,184277
13221,0.047771,172.31.36.0-255,66,156609,11,184277
13222,0.050045,74.125.200.0-255,5738,162347,11,184277
13223,0.050052,172.31.36.0-255,66,162413,11,184277
13224,0.052327,74.125.200.0-255,5738,168151,11,184277
13225,0.052334,172.31.36.0-255,66,168217,11,184277
13226,0.054632,74.125.200.0-255,5738,173955,11,184277
13227,0.054639,172.31.36.0-255,66,174021,11,184277
13228,0.056907,74.125.200.0-255,4320,178341,11,184277
13229,0.056914,172.31.36.0-255,66,178407,11,184277
13230,0.056942,74.125.200.0-255,1484,179891,11,184277
13231,0.05917,74.125.200.0-255,4320,184211,11,184277
13232,0.059177,172.31.36.0-255,66,184277,11,184277
13233,0.0,74.125.24.0-255,153,153,11,285840
13234,2.5e-05,172.31.36.0-255,66,219,11,285840
13235,3.4e-05,74.125.24.0-255,1484,1703,11,285840
13236,3.9e-05,172.31.36.0-255,66,1769,11,285840
13237,4.5e-05,74.125.24.0-255,2902,4671,11,285840
13238,4.7e-05,172.31.36.0-255,66,4737,11,285840
13239,6.5e-05,74.125.24.0-255,7156,11893,11,285840
13240,6.8e-05,172.31.36.0-255,66,11959,11,285840
13241,7.3e-05,74.125.24.0-255,2047,14006,11,285840
13242,7.6e-05,172.31.36.0-255,66,14072,11,285840
13243,0.000141,74.125.24.0-255,1484,15556,11,285840
13244,0.000145,172.31.36.0-255,66,15622,11,285840
13245,0.00015,74.125.24.0-255,2902,18524,11,285840
13246,0.000152,172.31.36.0-255,66,18590,11,285840
13247,0.000176,74.125.24.0-255,2902,21492,11,285840
13248,0.000179,172.31.36.0-255,66,21558,11,285840
13249,0.000201,74.125.24.0-255,2902,24460,11,285840
13250,0.000203,172.31.36.0-255,66,24526,11,285840
13251,0.000218,74.125.24.0-255,2902,27428,11,285840
13252,0.000221,172.31.36.0-255,66,27494,11,285840
13253,0.000244,74.125.24.0-255,5379,32873,11,285840
13254,0.000246,172.31.36.0-255,66,32939,11,285840
13255,0.000257,172.31.36.0-255,66,33005,11,285840
13256,0.000265,74.125.24.0-255,6797,39802,11,285840
13257,0.000267,172.31.36.0-255,66,39868,11,285840
13258,0.000678,74.125.24.0-255,1484,41352,11,285840
13259,0.000683,172.31.36.0-255,66,41418,11,285840
13260,0.000698,74.125.24.0-255,2902,44320,11,285840
13261,0.000701,172.31.36.0-255,66,44386,11,285840
13262,0.000708,74.125.24.0-255,5738,50124,11,285840
13263,0.000726,172.31.36.0-255,66,50190,11,285840
13264,0.000774,74.125.24.0-255,4320,54510,11,285840
13265,0.000782,172.31.36.0-255,66,54576,11,285840
13266,0.00079,74.125.24.0-255,2543,57119,11,285840
13267,0.000795,172.31.36.0-255,66,57185,11,285840
13268,0.000903,74.125.24.0-255,1484,58669,11,285840
13269,0.000918,74.125.24.0-255,2902,61571,11,285840
13270,0.000934,74.125.24.0-255,4320,65891,11,285840
13271,0.000964,172.31.36.0-255,66,65957,11,285840
13272,0.000979,74.125.24.0-255,5738,71695,11,285840
13273,0.000993,74.125.24.0-255,1484,73179,11,285840
13274,0.001007,172.31.36.0-255,66,73245,11,285840
13275,0.001015,74.125.24.0-255,6797,80042,11,285840
13276,0.001027,74.125.24.0-255,2902,82944,11,285840
13277,0.001039,74.125.24.0-255,4320,87264,11,285840
13278,0.001044,172.31.36.0-255,66,87330,11,285840
13279,0.001075,74.125.24.0-255,651,87981,11,285840
13280,0.001081,172.31.36.0-255,66,88047,11,285840
13281,0.001268,74.125.24.0-255,198,88245,11,285840
13282,0.001663,74.125.24.0-255,1484,89729,11,285840
13283,0.001668,172.31.36.0-255,66,89795,11,285840
13284,0.001686,74.125.24.0-255,2902,92697,11,285840
13285,0.001689,172.31.36.0-255,66,92763,11,285840
13286,0.001695,74.125.24.0-255,5738,98501,11,285840
13287,0.001705,172.31.36.0-255,66,98567,11,285840
13288,0.00172,74.125.24.0-255,5738,104305,11,285840
13289,0.001725,74.125.24.0-255,2902,107207,11,285840
13290,0.001749,74.125.24.0-255,1484,108691,11,285840
13291,0.001765,74.125.24.0-255,3602,112293,11,285840
13292,0.00177,172.31.36.0-255,66,112359,11,285840
13293,0.002316,74.125.24.0-255,1484,113843,11,285840
13294,0.002326,74.125.24.0-255,2902,116745,11,285840
13295,0.002331,172.31.36.0-255,66,116811,11,285840
13296,0.002338,74.125.24.0-255,4320,121131,11,285840
13297,0.00234,172.31.36.0-255,66,121197,11,285840
13298,0.002346,74.125.24.0-255,4320,125517,11,285840
13299,0.002348,172.31.36.0-255,66,125583,11,285840
13300,0.00237,74.125.24.0-255,4320,129903,11,285840
13301,0.002372,172.31.36.0-255,66,129969,11,285840
13302,0.002389,74.125.24.0-255,4320,134289,11,285840
13303,0.00297,74.125.24.0-255,1484,135773,11,285840
13304,0.00299,74.125.24.0-255,2902,138675,11,285840
13305,0.003,74.125.24.0-255,1484,140159,11,285840
13306,0.003016,74.125.24.0-255,4320,144479,11,285840
13307,0.003058,74.125.24.0-255,2902,147381,11,285840
13308,0.003064,74.125.24.0-255,5738,153119,11,285840
13309,0.003066,74.125.24.0-255,1484,154603,11,285840
13310,0.003088,74.125.24.0-255,3602,158205,11,285840
13311,0.003371,74.125.24.0-255,1484,159689,11,285840
13312,0.003392,74.125.24.0-255,2902,162591,11,285840
13313,0.003394,74.125.24.0-255,1484,164075,11,285840
13314,0.003412,74.125.24.0-255,2902,166977,11,285840
13315,0.003416,74.125.24.0-255,1484,168461,11,285840
13316,0.003438,74.125.24.0-255,7156,175617,11,285840
13317,0.003446,74.125.24.0-255,7156,182773,11,285840
13318,0.003458,74.125.24.0-255,2902,185675,11,285840
13319,0.003503,74.125.24.0-255,4320,189995,11,285840
13320,0.003562,74.125.24.0-255,7156,197151,11,285840
13321,0.003576,74.125.24.0-255,2184,199335,11,285840
13322,0.003601,74.125.24.0-255,766,200101,11,285840
13323,0.003662,74.125.24.0-255,1484,201585,11,285840
13324,0.003673,74.125.24.0-255,1484,203069,11,285840
13325,0.003689,74.125.24.0-255,4320,207389,11,285840
13326,0.00371,74.125.24.0-255,5738,213127,11,285840
13327,0.00373,74.125.24.0-255,4320,217447,11,285840
13328,0.003736,74.125.24.0-255,4320,221767,11,285840
13329,0.003753,74.125.24.0-255,4320,226087,11,285840
13330,0.003793,74.125.24.0-255,5738,231825,11,285840
13331,0.00382,74.125.24.0-255,7156,238981,11,285840
13332,0.003826,74.125.24.0-255,5738,244719,11,285840
13333,0.003857,74.125.24.0-255,2902,247621,11,285840
13334,0.0039,74.125.24.0-255,3602,251223,11,285840
13335,0.003924,74.125.24.0-255,4320,255543,11,285840
13336,0.003927,74.125.24.0-255,1484,257027,11,285840
13337,0.003963,74.125.24.0-255,1484,258511,11,285840
13338,0.003978,74.125.24.0-255,4320,262831,11,285840
13339,0.003998,74.125.24.0-255,4320,267151,11,285840
13340,0.004018,74.125.24.0-255,5738,272889,11,285840
13341,0.004033,74.125.24.0-255,766,273655,11,285840
13342,0.00454,74.125.24.0-255,1484,275139,11,285840
13343,0.004555,74.125.24.0-255,2902,278041,11,285840
13344,0.00458,74.125.24.0-255,4035,282076,11,285840
13345,0.004583,74.125.24.0-255,97,282173,11,285840
13346,0.004675,74.125.24.0-255,105,282278,11,285840
13347,0.008214,172.31.36.0-255,66,282344,11,285840
13348,0.011015,172.31.36.0-255,105,282449,11,285840
13349,0.013246,74.125.24.0-255,66,282515,11,285840
13350,0.035919,172.31.36.0-255,172,282687,11,285840
13351,0.035954,172.31.36.0-255,1109,283796,11,285840
13352,0.036013,172.31.36.0-255,1514,285310,11,285840
13353,0.036015,172.31.36.0-255,332,285642,11,285840
13354,0.037517,104.244.42.0-255,66,285708,11,285840
13355,0.03755,104.244.42.0-255,66,285774,11,285840
13356,0.037605,104.244.42.0-255,66,285840,11,285840
13357,0.0,172.217.194.0-255,153,153,11,201457
13358,2.1e-05,172.31.36.0-255,66,219,11,201457
13359,4.6e-05,172.217.194.0-255,1484,1703,11,201457
13360,5.1e-05,172.31.36.0-255,66,1769,11,201457
13361,5.7e-05,172.217.194.0-255,2902,4671,11,201457
13362,6e-05,172.31.36.0-255,66,4737,11,201457
13363,6.5e-05,172.217.194.0-255,2902,7639,11,201457
13364,6.8e-05,172.31.36.0-255,66,7705,11,201457
13365,0.000128,172.217.194.0-255,4320,12025,11,201457
13366,0.000131,172.31.36.0-255,66,12091,11,201457
13367,0.000158,172.217.194.0-255,2036,14127,11,201457
13368,0.000161,172.31.36.0-255,66,14193,11,201457
13369,0.000205,172.217.194.0-255,1484,15677,11,201457
13370,0.000208,172.31.36.0-255,66,15743,11,201457
13371,0.000212,172.217.194.0-255,2902,18645,11,201457
13372,0.000215,172.31.36.0-255,66,18711,11,201457
13373,0.000221,172.217.194.0-255,5738,24449,11,201457
13374,0.000228,172.31.36.0-255,66,24515,11,201457
13375,0.000232,172.217.194.0-255,2902,27417,11,201457
13376,0.000234,172.31.36.0-255,66,27483,11,201457
13377,0.000288,172.217.194.0-255,2902,30385,11,201457
13378,0.000291,172.31.36.0-255,66,30451,11,201457
13379,0.000312,172.217.194.0-255,6797,37248,11,201457
13380,0.000315,172.31.36.0-255,66,37314,11,201457
13381,0.00032,172.217.194.0-255,4320,41634,11,201457
13382,0.000322,172.31.36.0-255,66,41700,11,201457
13383,0.000338,172.217.194.0-255,5738,47438,11,201457
13384,0.000341,172.31.36.0-255,66,47504,11,201457
13385,0.00035,172.217.194.0-255,2902,50406,11,201457
13386,0.000352,172.31.36.0-255,66,50472,11,201457
13387,0.000384,172.217.194.0-255,2902,53374,11,201457
13388,0.000386,172.31.36.0-255,66,53440,11,201457
13389,0.000426,172.31.36.0-255,66,53506,11,201457
13390,0.00043,172.217.194.0-255,1484,54990,11,201457
13391,0.000455,172.217.194.0-255,2184,57174,11,201457
13392,0.000458,172.31.36.0-255,66,57240,11,201457
13393,0.000485,172.217.194.0-255,379,57619,11,201457
13394,0.000511,172.217.194.0-255,364,57983,11,201457
13395,0.000596,172.217.194.0-255,1484,59467,11,201457
13396,0.000599,172.31.36.0-255,66,59533,11,201457
13397,0.000605,172.217.194.0-255,2902,62435,11,201457
13398,0.000607,172.31.36.0-255,66,62501,11,201457
13399,0.000639,172.217.194.0-255,5738,68239,11,201457
13400,0.000642,172.31.36.0-255,66,68305,11,201457
13401,0.000646,172.217.194.0-255,2902,71207,11,201457
13402,0.000648,172.31.36.0-255,66,71273,11,201457
13403,0.00069,172.217.194.0-255,5738,77011,11,201457
13404,0.000695,172.31.36.0-255,66,77077,11,201457
13405,0.000725,172.217.194.0-255,4320,81397,11,201457
13406,0.000728,172.31.36.0-255,66,81463,11,201457
13407,0.000742,172.31.36.0-255,66,81529,11,201457
13408,0.001023,172.217.194.0-255,1484,83013,11,201457
13409,0.00103,172.217.194.0-255,2902,85915,11,201457
13410,0.001034,172.31.36.0-255,66,85981,11,201457
13411,0.001037,172.217.194.0-255,1484,87465,11,201457
13412,0.001066,172.217.194.0-255,4320,91785,11,201457
13413,0.001071,172.31.36.0-255,66,91851,11,201457
13414,0.001081,172.217.194.0-255,4320,96171,11,201457
13415,0.001084,172.31.36.0-255,66,96237,11,201457
13416,0.001125,172.31.36.0-255,66,96303,11,201457
13417,0.001144,172.31.36.0-255,66,96369,11,201457
13418,0.001357,172.217.194.0-255,1484,97853,11,201457
13419,0.001362,172.217.194.0-255,1484,99337,11,201457
13420,0.001365,172.31.36.0-255,66,99403,11,201457
13421,0.001391,172.217.194.0-255,1484,100887,11,201457
13422,0.001398,172.217.194.0-255,5738,106625,11,201457
13423,0.0014,172.31.36.0-255,66,106691,11,201457
13424,0.001404,172.217.194.0-255,1484,108175,11,201457
13425,0.001409,172.217.194.0-255,4320,112495,11,201457
13426,0.001411,172.31.36.0-255,66,112561,11,201457
13427,0.001441,172.217.194.0-255,4320,116881,11,201457
13428,0.001444,172.31.36.0-255,66,116947,11,201457
13429,0.00145,172.217.194.0-255,4320,121267,11,201457
13430,0.001452,172.31.36.0-255,66,121333,11,201457
13431,0.001483,172.31.36.0-255,66,121399,11,201457
13432,0.001573,172.217.194.0-255,1484,122883,11,201457
13433,0.001579,172.217.194.0-255,2902,125785,11,201457
13434,0.001582,172.31.36.0-255,66,125851,11,201457
13435,0.001616,172.217.194.0-255,5738,131589,11,201457
13436,0.001619,172.31.36.0-255,66,131655,11,201457
13437,0.00163,172.31.36.0-255,66,131721,11,201457
13438,0.001666,172.217.194.0-255,4320,136041,11,201457
13439,0.001669,172.31.36.0-255,66,136107,11,201457
13440,0.001686,172.31.36.0-255,66,136173,11,201457
13441,0.002068,172.217.194.0-255,1484,137657,11,201457
13442,0.002089,172.217.194.0-255,2902,140559,11,201457
13443,0.002093,172.31.36.0-255,66,140625,11,201457
13444,0.002099,172.217.194.0-255,2902,143527,11,201457
13445,0.002101,172.31.36.0-255,66,143593,11,201457
13446,0.002122,172.217.194.0-255,2902,146495,11,201457
13447,0.002125,172.31.36.0-255,66,146561,11,201457
13448,0.002133,172.217.194.0-255,7156,153717,11,201457
13449,0.002139,172.31.36.0-255,66,153783,11,201457
13450,0.002173,172.31.36.0-255,66,153849,11,201457
13451,0.002203,172.217.194.0-255,2902,156751,11,201457
13452,0.002206,172.31.36.0-255,66,156817,11,201457
13453,0.00221,172.217.194.0-255,2184,159001,11,201457
13454,0.002212,172.31.36.0-255,66,159067,11,201457
13455,0.002383,172.217.194.0-255,1484,160551,11,201457
13456,0.002388,172.217.194.0-255,2902,163453,11,201457
13457,0.002391,172.31.36.0-255,66,163519,11,201457
13458,0.002395,172.217.194.0-255,1484,165003,11,201457
13459,0.002421,172.217.194.0-255,4320,169323,11,201457
13460,0.002424,172.31.36.0-255,66,169389,11,201457
13461,0.002446,172.31.36.0-255,66,169455,11,201457
13462,0.00247,172.217.194.0-255,1484,170939,11,201457
13463,0.002504,172.31.36.0-255,66,171005,11,201457
13464,0.002519,172.31.36.0-255,66,171071,11,201457
13465,0.002532,172.31.36.0-255,66,171137,11,201457
13466,0.002575,172.31.36.0-255,66,171203,11,201457
13467,0.002588,172.31.36.0-255,66,171269,11,201457
13468,0.002635,172.217.194.0-255,766,172035,11,201457
13469,0.002639,172.217.194.0-255,1484,173519,11,201457
13470,0.002644,172.217.194.0-255,4320,177839,11,201457
13471,0.002659,172.217.194.0-255,2902,180741,11,201457
13472,0.00268,172.217.194.0-255,4320,185061,11,201457
13473,0.002684,172.217.194.0-255,2902,187963,11,201457
13474,0.002714,172.217.194.0-255,5738,193701,11,201457
13475,0.002747,172.217.194.0-255,1484,195185,11,201457
13476,0.002818,172.217.194.0-255,1484,196669,11,201457
13477,0.002829,172.217.194.0-255,97,196766,11,201457
13478,0.006511,172.31.36.0-255,66,196832,11,201457
13479,0.009212,172.217.194.0-255,105,196937,11,201457
13480,0.010512,172.31.36.0-255,66,197003,11,201457
13481,0.01055,172.31.36.0-255,105,197108,11,201457
13482,0.013605,172.217.194.0-255,66,197174,11,201457
13483,0.054936,172.31.36.0-255,167,197341,11,201457
13484,0.054969,172.31.36.0-255,1111,198452,11,201457
13485,0.055041,172.31.36.0-255,1514,199966,11,201457
13486,0.055043,172.31.36.0-255,1293,201259,11,201457
13487,0.05664,104.244.42.0-255,66,201325,11,201457
13488,0.056672,104.244.42.0-255,66,201391,11,201457
13489,0.056728,104.244.42.0-255,66,201457,11,201457
13490,0.0,74.125.24.0-255,153,153,11,170416
13491,2e-05,172.31.36.0-255,66,219,11,170416
13492,2.7e-05,74.125.24.0-255,1484,1703,11,170416
13493,3.1e-05,172.31.36.0-255,66,1769,11,170416
13494,3.8e-05,74.125.24.0-255,2902,4671,11,170416
13495,4.9e-05,172.31.36.0-255,66,4737,11,170416
13496,5.6e-05,74.125.24.0-255,5738,10475,11,170416
13497,6e-05,172.31.36.0-255,66,10541,11,170416
13498,6.3e-05,74.125.24.0-255,1484,12025,11,170416
13499,6.6e-05,172.31.36.0-255,66,12091,11,170416
13500,0.000116,172.31.36.0-255,66,12157,11,170416
13501,0.00012,74.125.24.0-255,1484,13641,11,170416
13502,0.000122,172.31.36.0-255,66,13707,11,170416
13503,0.000149,74.125.24.0-255,5379,19086,11,170416
13504,0.000156,172.31.36.0-255,66,19152,11,170416
13505,0.000236,74.125.24.0-255,1484,20636,11,170416
13506,0.000239,172.31.36.0-255,66,20702,11,170416
13507,0.000244,74.125.24.0-255,2902,23604,11,170416
13508,0.000247,172.31.36.0-255,66,23670,11,170416
13509,0.000251,74.125.24.0-255,2902,26572,11,170416
13510,0.000254,172.31.36.0-255,66,26638,11,170416
13511,0.000287,74.125.24.0-255,2902,29540,11,170416
13512,0.000289,172.31.36.0-255,66,29606,11,170416
13513,0.000296,74.125.24.0-255,5738,35344,11,170416
13514,0.000298,172.31.36.0-255,66,35410,11,170416
13515,0.000304,74.125.24.0-255,5738,41148,11,170416
13516,0.000307,172.31.36.0-255,66,41214,11,170416
13517,0.000331,172.31.36.0-255,66,41280,11,170416
13518,0.000341,74.125.24.0-255,3961,45241,11,170416
13519,0.000343,172.31.36.0-255,66,45307,11,170416
13520,0.000373,74.125.24.0-255,362,45669,11,170416
13521,0.000414,74.125.24.0-255,132,45801,11,170416
13522,0.000515,74.125.24.0-255,1484,47285,11,170416
13523,0.000521,172.31.36.0-255,66,47351,11,170416
13524,0.000526,74.125.24.0-255,2902,50253,11,170416
13525,0.000528,172.31.36.0-255,66,50319,11,170416
13526,0.000537,74.125.24.0-255,2902,53221,11,170416
13527,0.00054,172.31.36.0-255,66,53287,11,170416
13528,0.00057,74.125.24.0-255,2902,56189,11,170416
13529,0.000573,172.31.36.0-255,66,56255,11,170416
13530,0.000578,74.125.24.0-255,4320,60575,11,170416
13531,0.00058,172.31.36.0-255,66,60641,11,170416
13532,0.000629,172.31.36.0-255,66,60707,11,170416
13533,0.000639,172.31.36.0-255,66,60773,11,170416
13534,0.000685,74.125.24.0-255,4720,65493,11,170416
13535,0.0007,172.31.36.0-255,66,65559,11,170416
13536,0.000725,74.125.24.0-255,1484,67043,11,170416
13537,0.00073,74.125.24.0-255,2902,69945,11,170416
13538,0.000733,74.125.24.0-255,1484,71429,11,170416
13539,0.000742,172.31.36.0-255,66,71495,11,170416
13540,0.000762,74.125.24.0-255,4320,75815,11,170416
13541,0.00077,74.125.24.0-255,7156,82971,11,170416
13542,0.000786,74.125.24.0-255,5738,88709,11,170416
13543,0.000806,74.125.24.0-255,1484,90193,11,170416
13544,0.000821,172.31.36.0-255,66,90259,11,170416
13545,0.00083,74.125.24.0-255,766,91025,11,170416
13546,0.000838,74.125.24.0-255,1484,92509,11,170416
13547,0.000862,74.125.24.0-255,4320,96829,11,170416
13548,0.000886,74.125.24.0-255,1125,97954,11,170416
13549,0.000931,172.31.36.0-255,66,98020,11,170416
13550,0.001001,74.125.24.0-255,1484,99504,11,170416
13551,0.001007,74.125.24.0-255,2902,102406,11,170416
13552,0.001019,74.125.24.0-255,1484,103890,11,170416
13553,0.001024,172.31.36.0-255,66,103956,11,170416
13554,0.001034,74.125.24.0-255,4320,108276,11,170416
13555,0.001036,74.125.24.0-255,1484,109760,11,170416
13556,0.001048,172.31.36.0-255,66,109826,11,170416
13557,0.001097,74.125.24.0-255,5738,115564,11,170416
13558,0.001104,172.31.36.0-255,66,115630,11,170416
13559,0.001133,74.125.24.0-255,6438,122068,11,170416
13560,0.001146,172.31.36.0-255,66,122134,11,170416
13561,0.001215,74.125.24.0-255,1484,123618,11,170416
13562,0.001236,74.125.24.0-255,2902,126520,11,170416
13563,0.001242,74.125.24.0-255,4320,130840,11,170416
13564,0.001254,74.125.24.0-255,1484,132324,11,170416
13565,0.001263,172.31.36.0-255,66,132390,11,170416
13566,0.001314,172.31.36.0-255,66,132456,11,170416
13567,0.001336,74.125.24.0-255,2184,134640,11,170416
13568,0.001342,172.31.36.0-255,66,134706,11,170416
13569,0.001351,74.125.24.0-255,1484,136190,11,170416
13570,0.001378,74.125.24.0-255,1484,137674,11,170416
13571,0.001419,74.125.24.0-255,766,138440,11,170416
13572,0.001422,172.31.36.0-255,66,138506,11,170416
13573,0.001439,172.31.36.0-255,66,138572,11,170416
13574,0.001446,74.125.24.0-255,1484,140056,11,170416
13575,0.00145,74.125.24.0-255,1484,141540,11,170416
13576,0.001465,74.125.24.0-255,1484,143024,11,170416
13577,0.001471,74.125.24.0-255,4320,147344,11,170416
13578,0.001485,74.125.24.0-255,1484,148828,11,170416
13579,0.001489,74.125.24.0-255,2902,151730,11,170416
13580,0.001501,172.31.36.0-255,66,151796,11,170416
13581,0.001534,172.31.36.0-255,66,151862,11,170416
13582,0.001561,74.125.24.0-255,5020,156882,11,170416
13583,0.001579,74.125.24.0-255,5738,162620,11,170416
13584,0.001582,74.125.24.0-255,1484,164104,11,170416
13585,0.001588,172.31.36.0-255,66,164170,11,170416
13586,0.001644,172.31.36.0-255,66,164236,11,170416
13587,0.001741,74.125.24.0-255,1484,165720,11,170416
13588,0.001754,172.31.36.0-255,66,165786,11,170416
13589,0.001793,74.125.24.0-255,105,165891,11,170416
13590,0.001815,172.31.36.0-255,66,165957,11,170416
13591,0.008579,172.31.36.0-255,105,166062,11,170416
13592,0.010519,74.125.24.0-255,66,166128,11,170416
13593,0.029329,172.31.36.0-255,172,166300,11,170416
13594,0.029362,172.31.36.0-255,1107,167407,11,170416
13595,0.029424,172.31.36.0-255,1514,168921,11,170416
13596,0.029426,172.31.36.0-255,1297,170218,11,170416
13597,0.030894,104.244.42.0-255,66,170284,11,170416
13598,0.030923,104.244.42.0-255,66,170350,11,170416
13599,0.03095,104.244.42.0-255,66,170416,11,170416
13600,0.0,172.217.194.0-255,298,298,11,233649
13601,2.1e-05,172.31.36.0-255,66,364,11,233649
13602,2.8e-05,172.217.194.0-255,1484,1848,11,233649
13603,3.3e-05,172.31.36.0-255,66,1914,11,233649
13604,3.9e-05,172.217.194.0-255,4320,6234,11,233649
13605,4.2e-05,172.31.36.0-255,66,6300,11,233649
13606,5.4e-05,172.31.36.0-255,66,6366,11,233649
13607,6.6e-05,172.31.36.0-255,66,6432,11,233649
13608,9.6e-05,172.31.36.0-255,66,6498,11,233649
13609,0.000153,172.217.194.0-255,1484,7982,11,233649
13610,0.000156,172.31.36.0-255,66,8048,11,233649
13611,0.00016,172.217.194.0-255,2902,10950,11,233649
13612,0.000162,172.31.36.0-255,66,11016,11,233649
13613,0.000167,172.217.194.0-255,2902,13918,11,233649
13614,0.00017,172.31.36.0-255,66,13984,11,233649
13615,0.000187,172.217.194.0-255,2902,16886,11,233649
13616,0.00019,172.31.36.0-255,66,16952,11,233649
13617,0.000198,172.217.194.0-255,6797,23749,11,233649
13618,0.0002,172.31.36.0-255,66,23815,11,233649
13619,0.000239,172.31.36.0-255,66,23881,11,233649
13620,0.000244,172.217.194.0-255,2835,26716,11,233649
13621,0.000246,172.31.36.0-255,66,26782,11,233649
13622,0.000525,172.217.194.0-255,363,27145,11,233649
13623,0.00053,172.31.36.0-255,66,27211,11,233649
13624,0.000728,172.217.194.0-255,1484,28695,11,233649
13625,0.000733,172.31.36.0-255,66,28761,11,233649
13626,0.000738,172.217.194.0-255,2902,31663,11,233649
13627,0.00074,172.31.36.0-255,66,31729,11,233649
13628,0.000763,172.217.194.0-255,5738,37467,11,233649
13629,0.000766,172.31.36.0-255,66,37533,11,233649
13630,0.000774,172.217.194.0-255,7156,44689,11,233649
13631,0.000775,172.31.36.0-255,66,44755,11,233649
13632,0.000792,172.217.194.0-255,5738,50493,11,233649
13633,0.000794,172.31.36.0-255,66,50559,11,233649
13634,0.00081,172.217.194.0-255,5738,56297,11,233649
13635,0.000813,172.31.36.0-255,66,56363,11,233649
13636,0.000834,172.217.194.0-255,5020,61383,11,233649
13637,0.000837,172.31.36.0-255,66,61449,11,233649
13638,0.001162,172.217.194.0-255,1484,62933,11,233649
13639,0.001169,172.217.194.0-255,2902,65835,11,233649
13640,0.001173,172.31.36.0-255,66,65901,11,233649
13641,0.00118,172.217.194.0-255,5738,71639,11,233649
13642,0.001182,172.31.36.0-255,66,71705,11,233649
13643,0.001207,172.217.194.0-255,7156,78861,11,233649
13644,0.001209,172.31.36.0-255,66,78927,11,233649
13645,0.00124,172.217.194.0-255,2902,81829,11,233649
13646,0.001243,172.31.36.0-255,66,81895,11,233649
13647,0.001255,172.31.36.0-255,66,81961,11,233649
13648,0.00126,172.217.194.0-255,2184,84145,11,233649
13649,0.001262,172.31.36.0-255,66,84211,11,233649
13650,0.001408,172.217.194.0-255,1484,85695,11,233649
13651,0.001413,172.217.194.0-255,1484,87179,11,233649
13652,0.001417,172.31.36.0-255,66,87245,11,233649
13653,0.001436,172.217.194.0-255,1484,88729,11,233649
13654,0.001442,172.217.194.0-255,5738,94467,11,233649
13655,0.001444,172.31.36.0-255,66,94533,11,233649
13656,0.001448,172.217.194.0-255,1484,96017,11,233649
13657,0.001479,172.31.36.0-255,66,96083,11,233649
13658,0.001526,172.31.36.0-255,66,96149,11,233649
13659,0.001941,172.217.194.0-255,1484,97633,11,233649
13660,0.001961,172.217.194.0-255,2902,100535,11,233649
13661,0.001964,172.31.36.0-255,66,100601,11,233649
13662,0.001971,172.217.194.0-255,5738,106339,11,233649
13663,0.001974,172.31.36.0-255,66,106405,11,233649
13664,0.002016,172.31.36.0-255,66,106471,11,233649
13665,0.00203,172.31.36.0-255,66,106537,11,233649
13666,0.002057,172.217.194.0-255,1484,108021,11,233649
13667,0.002071,172.217.194.0-255,2902,110923,11,233649
13668,0.002074,172.31.36.0-255,66,110989,11,233649
13669,0.002079,172.217.194.0-255,2902,113891,11,233649
13670,0.002081,172.31.36.0-255,66,113957,11,233649
13671,0.002094,172.217.194.0-255,2902,116859,11,233649
13672,0.002096,172.31.36.0-255,66,116925,11,233649
13673,0.002101,172.217.194.0-255,2902,119827,11,233649
13674,0.002103,172.31.36.0-255,66,119893,11,233649
13675,0.002146,172.31.36.0-255,66,119959,11,233649
13676,0.002157,172.31.36.0-255,66,120025,11,233649
13677,0.002181,172.217.194.0-255,2184,122209,11,233649
13678,0.002184,172.31.36.0-255,66,122275,11,233649
13679,0.002203,172.217.194.0-255,2902,125177,11,233649
13680,0.002206,172.31.36.0-255,66,125243,11,233649
13681,0.002209,172.217.194.0-255,1484,126727,11,233649
13682,0.002227,172.217.194.0-255,2902,129629,11,233649
13683,0.002232,172.31.36.0-255,66,129695,11,233649
13684,0.00227,172.217.194.0-255,5738,135433,11,233649
13685,0.002273,172.31.36.0-255,66,135499,11,233649
13686,0.002304,172.217.194.0-255,2902,138401,11,233649
13687,0.002307,172.31.36.0-255,66,138467,11,233649
13688,0.002347,172.31.36.0-255,66,138533,11,233649
13689,0.002351,172.217.194.0-255,1484,140017,11,233649
13690,0.002356,172.217.194.0-255,2902,142919,11,233649
13691,0.002358,172.31.36.0-255,66,142985,11,233649
13692,0.002364,172.217.194.0-255,5738,148723,11,233649
13693,0.002367,172.31.36.0-255,66,148789,11,233649
13694,0.002373,172.217.194.0-255,5738,154527,11,233649
13695,0.002375,172.31.36.0-255,66,154593,11,233649
13696,0.002404,172.31.36.0-255,66,154659,11,233649
13697,0.002422,172.217.194.0-255,4320,158979,11,233649
13698,0.002424,172.31.36.0-255,66,159045,11,233649
13699,0.002435,172.31.36.0-255,66,159111,11,233649
13700,0.002472,172.31.36.0-255,66,159177,11,233649
13701,0.002489,172.31.36.0-255,66,159243,11,233649
13702,0.002495,172.217.194.0-255,5020,164263,11,233649
13703,0.002497,172.31.36.0-255,66,164329,11,233649
13704,0.005028,172.217.194.0-255,5738,170067,11,233649
13705,0.005036,172.31.36.0-255,66,170133,11,233649
13706,0.00759,172.217.194.0-255,5738,175871,11,233649
13707,0.007599,172.31.36.0-255,66,175937,11,233649
13708,0.010135,172.217.194.0-255,5738,181675,11,233649
13709,0.010142,172.31.36.0-255,66,181741,11,233649
13710,0.012681,172.217.194.0-255,5738,187479,11,233649
13711,0.012689,172.31.36.0-255,66,187545,11,233649
13712,0.015201,172.217.194.0-255,5738,193283,11,233649
13713,0.015211,172.31.36.0-255,66,193349,11,233649
13714,0.017741,172.217.194.0-255,5738,199087,11,233649
13715,0.017752,172.31.36.0-255,66,199153,11,233649
13716,0.020285,172.217.194.0-255,5738,204891,11,233649
13717,0.020293,172.31.36.0-255,66,204957,11,233649
13718,0.022805,172.217.194.0-255,5738,210695,11,233649
13719,0.022812,172.31.36.0-255,66,210761,11,233649
13720,0.025348,172.217.194.0-255,5738,216499,11,233649
13721,0.025356,172.31.36.0-255,66,216565,11,233649
13722,0.027914,172.217.194.0-255,5738,222303,11,233649
13723,0.027922,172.31.36.0-255,66,222369,11,233649
13724,0.030504,172.217.194.0-255,3886,226255,11,233649
13725,0.030511,172.31.36.0-255,66,226321,11,233649
13726,0.030693,172.31.36.0-255,105,226426,11,233649
13727,0.033215,172.217.194.0-255,66,226492,11,233649
13728,0.038054,172.31.36.0-255,167,226659,11,233649
13729,0.038084,172.31.36.0-255,1107,227766,11,233649
13730,0.038145,172.31.36.0-255,1514,229280,11,233649
13731,0.038147,172.31.36.0-255,1514,230794,11,233649
13732,0.038148,172.31.36.0-255,1514,232308,11,233649
13733,0.038149,172.31.36.0-255,1077,233385,11,233649
13734,0.039612,104.244.42.0-255,66,233451,11,233649
13735,0.039662,104.244.42.0-255,66,233517,11,233649
13736,0.039712,104.244.42.0-255,66,233583,11,233649
13737,0.039717,104.244.42.0-255,66,233649,11,233649
13738,0.0,74.125.24.0-255,153,153,11,177072
13739,2.3e-05,172.31.36.0-255,66,219,11,177072
13740,3.1e-05,74.125.24.0-255,1484,1703,11,177072
13741,3.5e-05,172.31.36.0-255,66,1769,11,177072
13742,4.1e-05,74.125.24.0-255,2902,4671,11,177072
13743,4.4e-05,172.31.36.0-255,66,4737,11,177072
13744,4.7e-05,74.125.24.0-255,1484,6221,11,177072
13745,4.9e-05,172.31.36.0-255,66,6287,11,177072
13746,7.5e-05,74.125.24.0-255,5738,12025,11,177072
13747,7.9e-05,172.31.36.0-255,66,12091,11,177072
13748,0.000157,74.125.24.0-255,2046,14137,11,177072
13749,0.00016,172.31.36.0-255,66,14203,11,177072
13750,0.000179,74.125.24.0-255,2902,17105,11,177072
13751,0.000182,172.31.36.0-255,66,17171,11,177072
13752,0.000218,74.125.24.0-255,5738,22909,11,177072
13753,0.00022,172.31.36.0-255,66,22975,11,177072
13754,0.000236,74.125.24.0-255,1484,24459,11,177072
13755,0.000238,172.31.36.0-255,66,24525,11,177072
13756,0.000321,74.125.24.0-255,6797,31322,11,177072
13757,0.000325,172.31.36.0-255,66,31388,11,177072
13758,0.000408,74.125.24.0-255,5738,37126,11,177072
13759,0.000412,172.31.36.0-255,66,37192,11,177072
13760,0.000487,74.125.24.0-255,5738,42930,11,177072
13761,0.000491,172.31.36.0-255,66,42996,11,177072
13762,0.00052,172.31.36.0-255,66,43062,11,177072
13763,0.000689,172.31.36.0-255,66,43128,11,177072
13764,0.000708,74.125.24.0-255,2876,46004,11,177072
13765,0.000711,172.31.36.0-255,66,46070,11,177072
13766,0.000847,74.125.24.0-255,343,46413,11,177072
13767,0.000851,172.31.36.0-255,66,46479,11,177072
13768,0.000874,74.125.24.0-255,4320,50799,11,177072
13769,0.000878,172.31.36.0-255,66,50865,11,177072
13770,0.000915,172.31.36.0-255,66,50931,11,177072
13771,0.00093,74.125.24.0-255,2543,53474,11,177072
13772,0.000932,172.31.36.0-255,66,53540,11,177072
13773,0.001223,74.125.24.0-255,7156,60696,11,177072
13774,0.001227,172.31.36.0-255,66,60762,11,177072
13775,0.001242,74.125.24.0-255,1125,61887,11,177072
13776,0.001421,74.125.24.0-255,1484,63371,11,177072
13777,0.001425,172.31.36.0-255,66,63437,11,177072
13778,0.001447,74.125.24.0-255,2902,66339,11,177072
13779,0.001449,172.31.36.0-255,66,66405,11,177072
13780,0.001469,74.125.24.0-255,4320,70725,11,177072
13781,0.001471,172.31.36.0-255,66,70791,11,177072
13782,0.001482,74.125.24.0-255,1484,72275,11,177072
13783,0.00154,74.125.24.0-255,2902,75177,11,177072
13784,0.001544,172.31.36.0-255,66,75243,11,177072
13785,0.001561,74.125.24.0-255,5738,80981,11,177072
13786,0.001564,172.31.36.0-255,66,81047,11,177072
13787,0.00166,74.125.24.0-255,4320,85367,11,177072
13788,0.001664,172.31.36.0-255,66,85433,11,177072
13789,0.001693,172.31.36.0-255,66,85499,11,177072
13790,0.001875,74.125.24.0-255,4320,89819,11,177072
13791,0.001879,172.31.36.0-255,66,89885,11,177072
13792,0.001891,74.125.24.0-255,1484,91369,11,177072
13793,0.001971,172.31.36.0-255,66,91435,11,177072
13794,0.002002,172.31.36.0-255,66,91501,11,177072
13795,0.00226,74.125.24.0-255,5020,96521,11,177072
13796,0.002265,172.31.36.0-255,66,96587,11,177072
13797,0.00234,172.31.36.0-255,66,96653,11,177072
13798,0.002372,172.31.36.0-255,66,96719,11,177072
13799,0.002393,74.125.24.0-255,5020,101739,11,177072
13800,0.002396,172.31.36.0-255,66,101805,11,177072
13801,0.002814,172.31.36.0-255,66,101871,11,177072
13802,0.002841,74.125.24.0-255,7156,109027,11,177072
13803,0.002844,172.31.36.0-255,66,109093,11,177072
13804,0.003094,172.31.36.0-255,66,109159,11,177072
13805,0.003128,172.31.36.0-255,66,109225,11,177072
13806,0.003181,172.31.36.0-255,66,109291,11,177072
13807,0.003209,172.31.36.0-255,66,109357,11,177072
13808,0.007008,172.31.36.0-255,66,109423,11,177072
13809,0.009693,74.125.24.0-255,5738,115161,11,177072
13810,0.0097,172.31.36.0-255,66,115227,11,177072
13811,0.012455,74.125.24.0-255,5738,120965,11,177072
13812,0.012464,172.31.36.0-255,66,121031,11,177072
13813,0.015177,74.125.24.0-255,5738,126769,11,177072
13814,0.015185,172.31.36.0-255,66,126835,11,177072
13815,0.017902,74.125.24.0-255,5738,132573,11,177072
13816,0.01791,172.31.36.0-255,66,132639,11,177072
13817,0.02062,74.125.24.0-255,5738,138377,11,177072
13818,0.020628,172.31.36.0-255,66,138443,11,177072
13819,0.023345,74.125.24.0-255,5738,144181,11,177072
13820,0.023354,172.31.36.0-255,66,144247,11,177072
13821,0.026084,74.125.24.0-255,5738,149985,11,177072
13822,0.026094,172.31.36.0-255,66,150051,11,177072
13823,0.028805,74.125.24.0-255,5738,155789,11,177072
13824,0.02882,172.31.36.0-255,66,155855,11,177072
13825,0.031587,74.125.24.0-255,5738,161593,11,177072
13826,0.031605,172.31.36.0-255,66,161659,11,177072
13827,0.03434,74.125.24.0-255,5738,167397,11,177072
13828,0.034358,172.31.36.0-255,66,167463,11,177072
13829,0.037899,74.125.24.0-255,5084,172547,11,177072
13830,0.037912,172.31.36.0-255,66,172613,11,177072
13831,0.038196,172.31.36.0-255,105,172718,11,177072
13832,0.04086,74.125.24.0-255,66,172784,11,177072
13833,0.042082,172.31.36.0-255,172,172956,11,177072
13834,0.042113,172.31.36.0-255,1111,174067,11,177072
13835,0.042189,172.31.36.0-255,1514,175581,11,177072
13836,0.042191,172.31.36.0-255,1293,176874,11,177072
13837,0.043763,104.244.42.0-255,66,176940,11,177072
13838,0.043811,104.244.42.0-255,66,177006,11,177072
13839,0.043889,104.244.42.0-255,66,177072,11,177072
13840,0.0,74.125.200.0-255,153,153,11,345718
13841,2e-05,172.31.36.0-255,66,219,11,345718
13842,2.7e-05,74.125.200.0-255,1484,1703,11,345718
13843,3.1e-05,172.31.36.0-255,66,1769,11,345718
13844,3.4e-05,74.125.200.0-255,1484,3253,11,345718
13845,4.7e-05,172.31.36.0-255,66,3319,11,345718
13846,5.5e-05,74.125.200.0-255,4320,7639,11,345718
13847,5.9e-05,172.31.36.0-255,66,7705,11,345718
13848,8.9e-05,74.125.200.0-255,2902,10607,11,345718
13849,9.2e-05,172.31.36.0-255,66,10673,11,345718
13850,0.00012,74.125.200.0-255,3467,14140,11,345718
13851,0.000123,172.31.36.0-255,66,14206,11,345718
13852,0.000215,74.125.200.0-255,1484,15690,11,345718
13853,0.000217,172.31.36.0-255,66,15756,11,345718
13854,0.000246,74.125.200.0-255,1484,17240,11,345718
13855,0.000248,172.31.36.0-255,66,17306,11,345718
13856,0.000253,74.125.200.0-255,2902,20208,11,345718
13857,0.000256,172.31.36.0-255,66,20274,11,345718
13858,0.000289,74.125.200.0-255,5738,26012,11,345718
13859,0.000292,172.31.36.0-255,66,26078,11,345718
13860,0.000297,74.125.200.0-255,2902,28980,11,345718
13861,0.000299,172.31.36.0-255,66,29046,11,345718
13862,0.000317,74.125.200.0-255,3961,33007,11,345718
13863,0.00032,172.31.36.0-255,66,33073,11,345718
13864,0.000361,172.31.36.0-255,66,33139,11,345718
13865,0.00039,74.125.200.0-255,4320,37459,11,345718
13866,0.000393,172.31.36.0-255,66,37525,11,345718
13867,0.000422,74.125.200.0-255,5738,43263,11,345718
13868,0.000425,172.31.36.0-255,66,43329,11,345718
13869,0.000444,172.31.36.0-255,66,43395,11,345718
13870,0.000448,74.125.200.0-255,2184,45579,11,345718
13871,0.00045,172.31.36.0-255,66,45645,11,345718
13872,0.000478,74.125.200.0-255,390,46035,11,345718
13873,0.000584,74.125.200.0-255,1484,47519,11,345718
13874,0.000588,172.31.36.0-255,66,47585,11,345718
13875,0.000616,74.125.200.0-255,2902,50487,11,345718
13876,0.000619,172.31.36.0-255,66,50553,11,345718
13877,0.000622,74.125.200.0-255,1484,52037,11,345718
13878,0.000644,74.125.200.0-255,2902,54939,11,345718
13879,0.000647,172.31.36.0-255,66,55005,11,345718
13880,0.000658,74.125.200.0-255,1484,56489,11,345718
13881,0.000667,74.125.200.0-255,2902,59391,11,345718
13882,0.00067,172.31.36.0-255,66,59457,11,345718
13883,0.000673,74.125.200.0-255,1484,60941,11,345718
13884,0.000702,74.125.200.0-255,2902,63843,11,345718
13885,0.000705,172.31.36.0-255,66,63909,11,345718
13886,0.000712,74.125.200.0-255,4320,68229,11,345718
13887,0.000714,172.31.36.0-255,66,68295,11,345718
13888,0.000717,74.125.200.0-255,1484,69779,11,345718
13889,0.000756,74.125.200.0-255,4320,74099,11,345718
13890,0.00076,172.31.36.0-255,66,74165,11,345718
13891,0.000767,74.125.200.0-255,5738,79903,11,345718
13892,0.00077,172.31.36.0-255,66,79969,11,345718
13893,0.000778,74.125.200.0-255,766,80735,11,345718
13894,0.000814,74.125.200.0-255,1770,82505,11,345718
13895,0.000817,172.31.36.0-255,66,82571,11,345718
13896,0.000839,74.125.200.0-255,4320,86891,11,345718
13897,0.000842,74.125.200.0-255,1484,88375,11,345718
13898,0.000846,172.31.36.0-255,66,88441,11,345718
13899,0.000875,74.125.200.0-255,2902,91343,11,345718
13900,0.000879,172.31.36.0-255,66,91409,11,345718
13901,0.000887,74.125.200.0-255,5738,97147,11,345718
13902,0.000889,172.31.36.0-255,66,97213,11,345718
13903,0.000899,74.125.200.0-255,1484,98697,11,345718
13904,0.000926,74.125.200.0-255,2902,101599,11,345718
13905,0.000929,172.31.36.0-255,66,101665,11,345718
13906,0.000958,74.125.200.0-255,5738,107403,11,345718
13907,0.000962,172.31.36.0-255,66,107469,11,345718
13908,0.000966,74.125.200.0-255,2902,110371,11,345718
13909,0.000969,172.31.36.0-255,66,110437,11,345718
13910,0.000974,74.125.200.0-255,4320,114757,11,345718
13911,0.000978,172.31.36.0-255,66,114823,11,345718
13912,0.000981,74.125.200.0-255,766,115589,11,345718
13913,0.001094,74.125.200.0-255,1484,117073,11,345718
13914,0.001098,172.31.36.0-255,66,117139,11,345718
13915,0.001121,74.125.200.0-255,2902,120041,11,345718
13916,0.001124,172.31.36.0-255,66,120107,11,345718
13917,0.001183,74.125.200.0-255,5738,125845,11,345718
13918,0.001187,172.31.36.0-255,66,125911,11,345718
13919,0.00119,74.125.200.0-255,1484,127395,11,345718
13920,0.001194,74.125.200.0-255,2902,130297,11,345718
13921,0.001198,172.31.36.0-255,66,130363,11,345718
13922,0.00121,74.125.200.0-255,5738,136101,11,345718
13923,0.001212,172.31.36.0-255,66,136167,11,345718
13924,0.001217,74.125.200.0-255,2902,139069,11,345718
13925,0.001219,172.31.36.0-255,66,139135,11,345718
13926,0.001251,74.125.200.0-255,4320,143455,11,345718
13927,0.001255,172.31.36.0-255,66,143521,11,345718
13928,0.00126,74.125.200.0-255,4320,147841,11,345718
13929,0.001263,172.31.36.0-255,66,147907,11,345718
13930,0.001293,74.125.200.0-255,2184,150091,11,345718
13931,0.001296,172.31.36.0-255,66,150157,11,345718
13932,0.001389,74.125.200.0-255,1484,151641,11,345718
13933,0.001409,74.125.200.0-255,1484,153125,11,345718
13934,0.001413,172.31.36.0-255,66,153191,11,345718
13935,0.001418,74.125.200.0-255,2902,156093,11,345718
13936,0.001421,172.31.36.0-255,66,156159,11,345718
13937,0.001466,74.125.200.0-255,5738,161897,11,345718
13938,0.00147,172.31.36.0-255,66,161963,11,345718
13939,0.001479,74.125.200.0-255,2902,164865,11,345718
13940,0.001482,172.31.36.0-255,66,164931,11,345718
13941,0.0015,74.125.200.0-255,4320,169251,11,345718
13942,0.001507,172.31.36.0-255,66,169317,11,345718
13943,0.001513,74.125.200.0-255,4320,173637,11,345718
13944,0.001515,172.31.36.0-255,66,173703,11,345718
13945,0.001565,172.31.36.0-255,66,173769,11,345718
13946,0.001568,74.125.200.0-255,766,174535,11,345718
13947,0.001646,74.125.200.0-255,1484,176019,11,345718
13948,0.00165,172.31.36.0-255,66,176085,11,345718
13949,0.001664,74.125.200.0-255,2902,178987,11,345718
13950,0.001671,172.31.36.0-255,66,179053,11,345718
13951,0.001676,74.125.200.0-255,2902,181955,11,345718
13952,0.001679,172.31.36.0-255,66,182021,11,345718
13953,0.001701,74.125.200.0-255,1484,183505,11,345718
13954,0.001709,74.125.200.0-255,5738,189243,11,345718
13955,0.001717,172.31.36.0-255,66,189309,11,345718
13956,0.001746,74.125.200.0-255,2902,192211,11,345718
13957,0.001749,172.31.36.0-255,66,192277,11,345718
13958,0.00176,172.31.36.0-255,66,192343,11,345718
13959,0.001771,74.125.200.0-255,4320,196663,11,345718
13960,0.001773,172.31.36.0-255,66,196729,11,345718
13961,0.0018,74.125.200.0-255,5020,201749,11,345718
13962,0.001805,172.31.36.0-255,66,201815,11,345718
13963,0.001811,74.125.200.0-255,4320,206135,11,345718
13964,0.001814,172.31.36.0-255,66,206201,11,345718
13965,0.00182,74.125.200.0-255,5738,211939,11,345718
13966,0.001822,172.31.36.0-255,66,212005,11,345718
13967,0.001833,74.125.200.0-255,4320,216325,11,345718
13968,0.001836,172.31.36.0-255,66,216391,11,345718
13969,0.001868,74.125.200.0-255,5738,222129,11,345718
13970,0.001872,172.31.36.0-255,66,222195,11,345718
13971,0.001884,172.31.36.0-255,66,222261,11,345718
13972,0.001886,74.125.200.0-255,766,223027,11,345718
13973,0.00189,74.125.200.0-255,1484,224511,11,345718
13974,0.001892,172.31.36.0-255,66,224577,11,345718
13975,0.001922,74.125.200.0-255,4320,228897,11,345718
13976,0.001931,172.31.36.0-255,66,228963,11,345718
13977,0.001936,74.125.200.0-255,4320,233283,11,345718
13978,0.001939,172.31.36.0-255,66,233349,11,345718
13979,0.001944,74.125.200.0-255,5738,239087,11,345718
13980,0.001948,172.31.36.0-255,66,239153,11,345718
13981,0.001985,172.31.36.0-255,66,239219,11,345718
13982,0.001989,74.125.200.0-255,2902,242121,11,345718
13983,0.001991,172.31.36.0-255,66,242187,11,345718
13984,0.003959,74.125.200.0-255,5738,247925,11,345718
13985,0.003965,172.31.36.0-255,66,247991,11,345718
13986,0.00594,74.125.200.0-255,5738,253729,11,345718
13987,0.005944,172.31.36.0-255,66,253795,11,345718
13988,0.007917,74.125.200.0-255,5738,259533,11,345718
13989,0.007924,172.31.36.0-255,66,259599,11,345718
13990,0.009925,74.125.200.0-255,5738,265337,11,345718
13991,0.009931,172.31.36.0-255,66,265403,11,345718
13992,0.011912,74.125.200.0-255,5738,271141,11,345718
13993,0.01192,172.31.36.0-255,66,271207,11,345718
13994,0.013904,74.125.200.0-255,5738,276945,11,345718
13995,0.013912,172.31.36.0-255,66,277011,11,345718
13996,0.015919,74.125.200.0-255,5738,282749,11,345718
13997,0.015929,172.31.36.0-255,66,282815,11,345718
13998,0.017904,74.125.200.0-255,5738,288553,11,345718
13999,0.017913,172.31.36.0-255,66,288619,11,345718
14000,0.01988,74.125.200.0-255,5738,294357,11,345718
14001,0.019887,172.31.36.0-255,66,294423,11,345718
14002,0.021856,74.125.200.0-255,5738,300161,11,345718
14003,0.021863,172.31.36.0-255,66,300227,11,345718
14004,0.02383,74.125.200.0-255,5738,305965,11,345718
14005,0.023837,172.31.36.0-255,66,306031,11,345718
14006,0.025805,74.125.200.0-255,5738,311769,11,345718
14007,0.025812,172.31.36.0-255,66,311835,11,345718
14008,0.027793,74.125.200.0-255,5738,317573,11,345718
14009,0.0278,172.31.36.0-255,66,317639,11,345718
14010,0.029768,74.125.200.0-255,4320,321959,11,345718
14011,0.029774,172.31.36.0-255,66,322025,11,345718
14012,0.029798,74.125.200.0-255,1484,323509,11,345718
14013,0.031749,74.125.200.0-255,4320,327829,11,345718
14014,0.031755,172.31.36.0-255,66,327895,11,345718
14015,0.033734,74.125.200.0-255,5738,333633,11,345718
14016,0.033741,172.31.36.0-255,66,333699,11,345718
14017,0.035191,172.31.36.0-255,167,333866,11,345718
14018,0.035229,172.31.36.0-255,1107,334973,11,345718
14019,0.035258,172.31.36.0-255,1514,336487,11,345718
14020,0.03526,172.31.36.0-255,1297,337784,11,345718
14021,0.035746,74.125.200.0-255,5738,343522,11,345718
14022,0.035754,172.31.36.0-255,66,343588,11,345718
14023,0.03675,104.244.42.0-255,66,343654,11,345718
14024,0.036896,104.244.42.0-255,66,343720,11,345718
14025,0.036898,104.244.42.0-255,66,343786,11,345718
14026,0.037719,74.125.200.0-255,1695,345481,11,345718
14027,0.037723,172.31.36.0-255,66,345547,11,345718
14028,0.0379,172.31.36.0-255,105,345652,11,345718
14029,0.039838,74.125.200.0-255,66,345718,11,345718
14030,0.0,172.217.194.0-255,143,143,11,141422
14031,1.3e-05,172.217.194.0-255,1484,1627,11,141422
14032,2.1e-05,172.31.36.0-255,66,1693,11,141422
14033,2.9e-05,172.217.194.0-255,2902,4595,11,141422
14034,3.3e-05,172.31.36.0-255,66,4661,11,141422
14035,4.9e-05,172.217.194.0-255,7156,11817,11,141422
14036,5.3e-05,172.31.36.0-255,66,11883,11,141422
14037,5.7e-05,172.217.194.0-255,2002,13885,11,141422
14038,6e-05,172.31.36.0-255,66,13951,11,141422
14039,0.000145,172.217.194.0-255,1484,15435,11,141422
14040,0.00015,172.217.194.0-255,2902,18337,11,141422
14041,0.000154,172.31.36.0-255,66,18403,11,141422
14042,0.000161,172.217.194.0-255,5738,24141,11,141422
14043,0.000164,172.31.36.0-255,66,24207,11,141422
14044,0.000194,172.217.194.0-255,2902,27109,11,141422
14045,0.000196,172.31.36.0-255,66,27175,11,141422
14046,0.000236,172.31.36.0-255,66,27241,11,141422
14047,0.000239,172.217.194.0-255,1484,28725,11,141422
14048,0.000262,172.31.36.0-255,66,28791,11,141422
14049,0.000273,172.31.36.0-255,66,28857,11,141422
14050,0.000276,172.217.194.0-255,98,28955,11,141422
14051,0.0005,172.217.194.0-255,365,29320,11,141422
14052,0.000774,172.217.194.0-255,1484,30804,11,141422
14053,0.00078,172.31.36.0-255,66,30870,11,141422
14054,0.000787,172.217.194.0-255,2902,33772,11,141422
14055,0.000789,172.31.36.0-255,66,33838,11,141422
14056,0.000802,172.217.194.0-255,5738,39576,11,141422
14057,0.000805,172.31.36.0-255,66,39642,11,141422
14058,0.000841,172.31.36.0-255,66,39708,11,141422
14059,0.000863,172.217.194.0-255,1484,41192,11,141422
14060,0.000872,172.217.194.0-255,7156,48348,11,141422
14061,0.000876,172.31.36.0-255,66,48414,11,141422
14062,0.000904,172.217.194.0-255,3602,52016,11,141422
14063,0.000908,172.31.36.0-255,66,52082,11,141422
14064,0.00091,172.217.194.0-255,1484,53566,11,141422
14065,0.000915,172.217.194.0-255,2902,56468,11,141422
14066,0.000918,172.31.36.0-255,66,56534,11,141422
14067,0.000925,172.217.194.0-255,5738,62272,11,141422
14068,0.000927,172.31.36.0-255,66,62338,11,141422
14069,0.000968,172.31.36.0-255,66,62404,11,141422
14070,0.000981,172.31.36.0-255,66,62470,11,141422
14071,0.001042,172.31.36.0-255,66,62536,11,141422
14072,0.001045,172.31.36.0-255,66,62602,11,141422
14073,0.001049,172.217.194.0-255,1484,64086,11,141422
14074,0.001057,172.217.194.0-255,7156,71242,11,141422
14075,0.001063,172.31.36.0-255,66,71308,11,141422
14076,0.001089,172.217.194.0-255,2184,73492,11,141422
14077,0.001092,172.31.36.0-255,66,73558,11,141422
14078,0.001134,172.217.194.0-255,1484,75042,11,141422
14079,0.001138,172.217.194.0-255,1484,76526,11,141422
14080,0.001141,172.31.36.0-255,66,76592,11,141422
14081,0.001171,172.217.194.0-255,1484,78076,11,141422
14082,0.001179,172.217.194.0-255,5738,83814,11,141422
14083,0.001181,172.31.36.0-255,66,83880,11,141422
14084,0.001195,172.31.36.0-255,66,83946,11,141422
14085,0.001275,172.31.36.0-255,66,84012,11,141422
14086,0.001569,172.217.194.0-255,1484,85496,11,141422
14087,0.001576,172.217.194.0-255,2902,88398,11,141422
14088,0.001579,172.31.36.0-255,66,88464,11,141422
14089,0.001586,172.217.194.0-255,5738,94202,11,141422
14090,0.001588,172.31.36.0-255,66,94268,11,141422
14091,0.001645,172.31.36.0-255,66,94334,11,141422
14092,0.001664,172.31.36.0-255,66,94400,11,141422
14093,0.001667,172.217.194.0-255,1484,95884,11,141422
14094,0.001672,172.217.194.0-255,2902,98786,11,141422
14095,0.001674,172.31.36.0-255,66,98852,11,141422
14096,0.001679,172.217.194.0-255,2902,101754,11,141422
14097,0.001682,172.31.36.0-255,66,101820,11,141422
14098,0.001723,172.217.194.0-255,2902,104722,11,141422
14099,0.001726,172.31.36.0-255,66,104788,11,141422
14100,0.001745,172.31.36.0-255,66,104854,11,141422
14101,0.00175,172.217.194.0-255,4320,109174,11,141422
14102,0.001753,172.31.36.0-255,66,109240,11,141422
14103,0.001795,172.217.194.0-255,5738,114978,11,141422
14104,0.001798,172.31.36.0-255,66,115044,11,141422
14105,0.001822,172.31.36.0-255,66,115110,11,141422
14106,0.001834,172.31.36.0-255,66,115176,11,141422
14107,0.001877,172.31.36.0-255,66,115242,11,141422
14108,0.001915,172.31.36.0-255,66,115308,11,141422
14109,0.00193,172.217.194.0-255,766,116074,11,141422
14110,0.001949,172.31.36.0-255,66,116140,11,141422
14111,0.001972,172.217.194.0-255,4320,120460,11,141422
14112,0.001974,172.31.36.0-255,66,120526,11,141422
14113,0.001991,172.31.36.0-255,66,120592,11,141422
14114,0.002004,172.31.36.0-255,66,120658,11,141422
14115,0.002048,172.217.194.0-255,5738,126396,11,141422
14116,0.002051,172.31.36.0-255,66,126462,11,141422
14117,0.002081,172.217.194.0-255,7156,133618,11,141422
14118,0.002084,172.31.36.0-255,66,133684,11,141422
14119,0.002089,172.217.194.0-255,3108,136792,11,141422
14120,0.002091,172.31.36.0-255,66,136858,11,141422
14121,0.002105,172.217.194.0-255,105,136963,11,141422
14122,0.009683,172.31.36.0-255,105,137068,11,141422
14123,0.011977,172.217.194.0-255,66,137134,11,141422
14124,0.042506,172.31.36.0-255,172,137306,11,141422
14125,0.042541,172.31.36.0-255,1110,138416,11,141422
14126,0.042603,172.31.36.0-255,1514,139930,11,141422
14127,0.042605,172.31.36.0-255,1294,141224,11,141422
14128,0.04407,104.244.42.0-255,66,141290,11,141422
14129,0.044106,104.244.42.0-255,66,141356,11,141422
14130,0.04417,104.244.42.0-255,66,141422,11,141422
14131,0.0,74.125.24.0-255,153,153,11,136520
14132,1.3e-05,172.31.36.0-255,66,219,11,136520
14133,4.5e-05,74.125.24.0-255,1484,1703,11,136520
14134,4.9e-05,172.31.36.0-255,66,1769,11,136520
14135,5.4e-05,74.125.24.0-255,2902,4671,11,136520
14136,5.6e-05,172.31.36.0-255,66,4737,11,136520
14137,6.8e-05,74.125.24.0-255,5738,10475,11,136520
14138,7.1e-05,172.31.36.0-255,66,10541,11,136520
14139,0.000111,74.125.24.0-255,3438,13979,11,136520
14140,0.000114,172.31.36.0-255,66,14045,11,136520
14141,0.000199,74.125.24.0-255,1484,15529,11,136520
14142,0.000203,172.31.36.0-255,66,15595,11,136520
14143,0.000208,74.125.24.0-255,2902,18497,11,136520
14144,0.00021,172.31.36.0-255,66,18563,11,136520
14145,0.000236,74.125.24.0-255,5738,24301,11,136520
14146,0.000239,172.31.36.0-255,66,24367,11,136520
14147,0.000278,74.125.24.0-255,4320,28687,11,136520
14148,0.000281,172.31.36.0-255,66,28753,11,136520
14149,0.000308,74.125.24.0-255,2543,31296,11,136520
14150,0.00031,172.31.36.0-255,66,31362,11,136520
14151,0.000331,172.31.36.0-255,66,31428,11,136520
14152,0.000419,74.125.24.0-255,7156,38584,11,136520
14153,0.000423,172.31.36.0-255,66,38650,11,136520
14154,0.000453,74.125.24.0-255,5738,44388,11,136520
14155,0.000456,172.31.36.0-255,66,44454,11,136520
14156,0.000503,74.125.24.0-255,2902,47356,11,136520
14157,0.000505,172.31.36.0-255,66,47422,11,136520
14158,0.00053,74.125.24.0-255,3930,51352,11,136520
14159,0.000534,172.31.36.0-255,66,51418,11,136520
14160,0.000573,172.31.36.0-255,66,51484,11,136520
14161,0.000669,74.125.24.0-255,7041,58525,11,136520
14162,0.000679,172.31.36.0-255,66,58591,11,136520
14163,0.000778,74.125.24.0-255,2543,61134,11,136520
14164,0.000797,172.31.36.0-255,66,61200,11,136520
14165,0.000875,74.125.24.0-255,1484,62684,11,136520
14166,0.000889,74.125.24.0-255,2902,65586,11,136520
14167,0.000898,172.31.36.0-255,66,65652,11,136520
14168,0.000921,74.125.24.0-255,5738,71390,11,136520
14169,0.000931,172.31.36.0-255,66,71456,11,136520
14170,0.00095,74.125.24.0-255,5738,77194,11,136520
14171,0.000971,172.31.36.0-255,66,77260,11,136520
14172,0.001011,172.31.36.0-255,66,77326,11,136520
14173,0.001016,74.125.24.0-255,4320,81646,11,136520
14174,0.001021,172.31.36.0-255,66,81712,11,136520
14175,0.001081,74.125.24.0-255,5020,86732,11,136520
14176,0.001095,172.31.36.0-255,66,86798,11,136520
14177,0.001102,74.125.24.0-255,4320,91118,11,136520
14178,0.001106,172.31.36.0-255,66,91184,11,136520
14179,0.001124,74.125.24.0-255,1484,92668,11,136520
14180,0.001166,74.125.24.0-255,2902,95570,11,136520
14181,0.001171,172.31.36.0-255,66,95636,11,136520
14182,0.00125,172.31.36.0-255,66,95702,11,136520
14183,0.001266,74.125.24.0-255,6438,102140,11,136520
14184,0.001273,172.31.36.0-255,66,102206,11,136520
14185,0.001344,74.125.24.0-255,4320,106526,11,136520
14186,0.001384,172.31.36.0-255,66,106592,11,136520
14187,0.001463,74.125.24.0-255,7156,113748,11,136520
14188,0.001469,172.31.36.0-255,66,113814,11,136520
14189,0.001554,172.31.36.0-255,66,113880,11,136520
14190,0.001595,74.125.24.0-255,4320,118200,11,136520
14191,0.001602,172.31.36.0-255,66,118266,11,136520
14192,0.00166,172.31.36.0-255,66,118332,11,136520
14193,0.001833,74.125.24.0-255,4320,122652,11,136520
14194,0.001847,172.31.36.0-255,66,122718,11,136520
14195,0.001921,172.31.36.0-255,66,122784,11,136520
14196,0.002069,74.125.24.0-255,2902,125686,11,136520
14197,0.002078,74.125.24.0-255,5738,131424,11,136520
14198,0.002117,172.31.36.0-255,66,131490,11,136520
14199,0.002163,172.31.36.0-255,66,131556,11,136520
14200,0.002371,172.31.36.0-255,66,131622,11,136520
14201,0.00244,172.31.36.0-255,66,131688,11,136520
14202,0.002485,172.31.36.0-255,66,131754,11,136520
14203,0.002858,172.31.36.0-255,66,131820,11,136520
14204,0.00292,172.31.36.0-255,66,131886,11,136520
14205,0.002943,74.125.24.0-255,105,131991,11,136520
14206,0.004565,172.31.36.0-255,66,132057,11,136520
14207,0.004601,172.31.36.0-255,105,132162,11,136520
14208,0.006912,74.125.24.0-255,66,132228,11,136520
14209,0.033117,172.31.36.0-255,176,132404,11,136520
14210,0.033149,172.31.36.0-255,1107,133511,11,136520
14211,0.033209,172.31.36.0-255,1514,135025,11,136520
14212,0.033211,172.31.36.0-255,1297,136322,11,136520
14213,0.034647,104.244.42.0-255,66,136388,11,136520
14214,0.034677,104.244.42.0-255,66,136454,11,136520
14215,0.034774,104.244.42.0-255,66,136520,11,136520
14216,0.0,172.217.194.0-255,225,225,11,147713
14217,2.3e-05,172.217.194.0-255,1484,1709,11,147713
14218,3e-05,172.31.36.0-255,66,1775,11,147713
14219,3.7e-05,172.217.194.0-255,2902,4677,11,147713
14220,4e-05,172.31.36.0-255,66,4743,11,147713
14221,5.6e-05,172.217.194.0-255,1484,6227,11,147713
14222,6.8e-05,172.217.194.0-255,1484,7711,11,147713
14223,7.1e-05,172.31.36.0-255,66,7777,11,147713
14224,0.000105,172.31.36.0-255,66,7843,11,147713
14225,0.000116,172.31.36.0-255,66,7909,11,147713
14226,0.000144,172.217.194.0-255,6797,14706,11,147713
14227,0.000147,172.31.36.0-255,66,14772,11,147713
14228,0.00015,172.217.194.0-255,1484,16256,11,147713
14229,0.000171,172.217.194.0-255,5738,21994,11,147713
14230,0.000174,172.31.36.0-255,66,22060,11,147713
14231,0.000209,172.31.36.0-255,66,22126,11,147713
14232,0.000227,172.217.194.0-255,2902,25028,11,147713
14233,0.000229,172.31.36.0-255,66,25094,11,147713
14234,0.000256,172.217.194.0-255,7156,32250,11,147713
14235,0.000259,172.31.36.0-255,66,32316,11,147713
14236,0.000266,172.217.194.0-255,5738,38054,11,147713
14237,0.000268,172.31.36.0-255,66,38120,11,147713
14238,0.00028,172.217.194.0-255,1125,39245,11,147713
14239,0.000421,172.217.194.0-255,646,39891,11,147713
14240,0.000425,172.31.36.0-255,66,39957,11,147713
14241,0.000793,172.217.194.0-255,1484,41441,11,147713
14242,0.000815,172.217.194.0-255,2902,44343,11,147713
14243,0.000819,172.31.36.0-255,66,44409,11,147713
14244,0.000825,172.217.194.0-255,5738,50147,11,147713
14245,0.000828,172.31.36.0-255,66,50213,11,147713
14246,0.000832,172.217.194.0-255,2902,53115,11,147713
14247,0.000835,172.31.36.0-255,66,53181,11,147713
14248,0.000864,172.31.36.0-255,66,53247,11,147713
14249,0.000875,172.31.36.0-255,66,53313,11,147713
14250,0.000878,172.217.194.0-255,766,54079,11,147713
14251,0.001028,172.217.194.0-255,1484,55563,11,147713
14252,0.001032,172.31.36.0-255,66,55629,11,147713
14253,0.001035,172.217.194.0-255,1484,57113,11,147713
14254,0.001048,172.217.194.0-255,1484,58597,11,147713
14255,0.00105,172.31.36.0-255,66,58663,11,147713
14256,0.001057,172.217.194.0-255,5738,64401,11,147713
14257,0.001059,172.31.36.0-255,66,64467,11,147713
14258,0.00112,172.31.36.0-255,66,64533,11,147713
14259,0.001129,172.31.36.0-255,66,64599,11,147713
14260,0.001149,172.217.194.0-255,2184,66783,11,147713
14261,0.001152,172.31.36.0-255,66,66849,11,147713
14262,0.001157,172.217.194.0-255,2902,69751,11,147713
14263,0.001158,172.31.36.0-255,66,69817,11,147713
14264,0.001165,172.217.194.0-255,7156,76973,11,147713
14265,0.001168,172.31.36.0-255,66,77039,11,147713
14266,0.001193,172.217.194.0-255,4320,81359,11,147713
14267,0.001199,172.31.36.0-255,66,81425,11,147713
14268,0.001229,172.31.36.0-255,66,81491,11,147713
14269,0.001232,172.217.194.0-255,1484,82975,11,147713
14270,0.001263,172.217.194.0-255,6438,89413,11,147713
14271,0.001266,172.31.36.0-255,66,89479,11,147713
14272,0.001301,172.217.194.0-255,1484,90963,11,147713
14273,0.001331,172.217.194.0-255,2902,93865,11,147713
14274,0.001334,172.31.36.0-255,66,93931,11,147713
14275,0.001355,172.217.194.0-255,5738,99669,11,147713
14276,0.001358,172.31.36.0-255,66,99735,11,147713
14277,0.001365,172.217.194.0-255,7156,106891,11,147713
14278,0.001367,172.31.36.0-255,66,106957,11,147713
14279,0.00137,172.217.194.0-255,1484,108441,11,147713
14280,0.00141,172.31.36.0-255,66,108507,11,147713
14281,0.001415,172.217.194.0-255,2184,110691,11,147713
14282,0.001417,172.31.36.0-255,66,110757,11,147713
14283,0.00164,172.217.194.0-255,1484,112241,11,147713
14284,0.001647,172.217.194.0-255,2902,115143,11,147713
14285,0.00165,172.31.36.0-255,66,115209,11,147713
14286,0.001655,172.217.194.0-255,2902,118111,11,147713
14287,0.001658,172.31.36.0-255,66,118177,11,147713
14288,0.001672,172.217.194.0-255,2902,121079,11,147713
14289,0.001676,172.31.36.0-255,66,121145,11,147713
14290,0.001683,172.217.194.0-255,7156,128301,11,147713
14291,0.001686,172.31.36.0-255,66,128367,11,147713
14292,0.001707,172.217.194.0-255,5738,134105,11,147713
14293,0.00171,172.31.36.0-255,66,134171,11,147713
14294,0.001743,172.31.36.0-255,66,134237,11,147713
14295,0.001747,172.217.194.0-255,2184,136421,11,147713
14296,0.001749,172.31.36.0-255,66,136487,11,147713
14297,0.001781,172.31.36.0-255,66,136553,11,147713
14298,0.001808,172.217.194.0-255,1484,138037,11,147713
14299,0.001823,172.31.36.0-255,66,138103,11,147713
14300,0.001853,172.31.36.0-255,66,138169,11,147713
14301,0.001884,172.31.36.0-255,66,138235,11,147713
14302,0.00194,172.31.36.0-255,66,138301,11,147713
14303,0.001974,172.31.36.0-255,66,138367,11,147713
14304,0.001993,172.31.36.0-255,66,138433,11,147713
14305,0.002005,172.31.36.0-255,66,138499,11,147713
14306,0.00202,172.31.36.0-255,66,138565,11,147713
14307,0.002048,172.31.36.0-255,66,138631,11,147713
14308,0.002062,172.31.36.0-255,66,138697,11,147713
14309,0.002081,172.217.194.0-255,4320,143017,11,147713
14310,0.002084,172.31.36.0-255,66,143083,11,147713
14311,0.002095,172.31.36.0-255,66,143149,11,147713
14312,0.002098,172.217.194.0-255,105,143254,11,147713
14313,0.00388,172.31.36.0-255,105,143359,11,147713
14314,0.006176,172.217.194.0-255,66,143425,11,147713
14315,0.033477,172.31.36.0-255,172,143597,11,147713
14316,0.033515,172.31.36.0-255,1110,144707,11,147713
14317,0.033549,172.31.36.0-255,1514,146221,11,147713
14318,0.033551,172.31.36.0-255,1294,147515,11,147713
14319,0.035011,104.244.42.0-255,66,147581,11,147713
14320,0.035051,104.244.42.0-255,66,147647,11,147713
14321,0.035093,104.244.42.0-255,66,147713,11,147713
14322,0.0,172.31.36.0-255,250,250,11,316
14323,0.006094,172.217.194.0-255,66,316,11,316
14324,0.0,74.125.68.0-255,147,147,11,193074
14325,3.2e-05,172.31.36.0-255,66,213,11,193074
14326,4e-05,74.125.68.0-255,1484,1697,11,193074
14327,4.4e-05,172.31.36.0-255,66,1763,11,193074
14328,5e-05,74.125.68.0-255,2902,4665,11,193074
14329,6.1e-05,172.31.36.0-255,66,4731,11,193074
14330,6.7e-05,74.125.68.0-255,5738,10469,11,193074
14331,7e-05,172.31.36.0-255,66,10535,11,193074
14332,8.7e-05,74.125.68.0-255,1484,12019,11,193074
14333,8.9e-05,172.31.36.0-255,66,12085,11,193074
14334,0.000119,74.125.68.0-255,2050,14135,11,193074
14335,0.000122,172.31.36.0-255,66,14201,11,193074
14336,0.000584,74.125.68.0-255,1484,15685,11,193074
14337,0.00059,172.31.36.0-255,66,15751,11,193074
14338,0.0006,74.125.68.0-255,2902,18653,11,193074
14339,0.000603,172.31.36.0-255,66,18719,11,193074
14340,0.000617,74.125.68.0-255,5738,24457,11,193074
14341,0.000619,172.31.36.0-255,66,24523,11,193074
14342,0.000654,74.125.68.0-255,6797,31320,11,193074
14343,0.000659,172.31.36.0-255,66,31386,11,193074
14344,0.000663,74.125.68.0-255,1484,32870,11,193074
14345,0.000664,172.31.36.0-255,66,32936,11,193074
14346,0.000693,74.125.68.0-255,5738,38674,11,193074
14347,0.000702,74.125.68.0-255,2902,41576,11,193074
14348,0.000706,74.125.68.0-255,4320,45896,11,193074
14349,0.000717,172.31.36.0-255,66,45962,11,193074
14350,0.00072,172.31.36.0-255,66,46028,11,193074
14351,0.000722,172.31.36.0-255,66,46094,11,193074
14352,0.000726,74.125.68.0-255,2543,48637,11,193074
14353,0.000729,172.31.36.0-255,66,48703,11,193074
14354,0.003111,74.125.68.0-255,5738,54441,11,193074
14355,0.003117,172.31.36.0-255,66,54507,11,193074
14356,0.005494,74.125.68.0-255,5738,60245,11,193074
14357,0.005502,172.31.36.0-255,66,60311,11,193074
14358,0.007877,74.125.68.0-255,5738,66049,11,193074
14359,0.007885,172.31.36.0-255,66,66115,11,193074
14360,0.010281,74.125.68.0-255,2902,69017,11,193074
14361,0.010288,172.31.36.0-255,66,69083,11,193074
14362,0.010327,74.125.68.0-255,2902,71985,11,193074
14363,0.010332,172.31.36.0-255,66,72051,11,193074
14364,0.01266,74.125.68.0-255,2902,74953,11,193074
14365,0.012673,172.31.36.0-255,66,75019,11,193074
14366,0.012712,74.125.68.0-255,2902,77921,11,193074
14367,0.012717,172.31.36.0-255,66,77987,11,193074
14368,0.015058,74.125.68.0-255,2902,80889,11,193074
14369,0.015065,172.31.36.0-255,66,80955,11,193074
14370,0.015101,74.125.68.0-255,2902,83857,11,193074
14371,0.015105,172.31.36.0-255,66,83923,11,193074
14372,0.017443,74.125.68.0-255,2902,86825,11,193074
14373,0.017452,172.31.36.0-255,66,86891,11,193074
14374,0.01749,74.125.68.0-255,2902,89793,11,193074
14375,0.017494,172.31.36.0-255,66,89859,11,193074
14376,0.019836,74.125.68.0-255,2902,92761,11,193074
14377,0.019843,172.31.36.0-255,66,92827,11,193074
14378,0.019867,74.125.68.0-255,2902,95729,11,193074
14379,0.01987,172.31.36.0-255,66,95795,11,193074
14380,0.021475,172.31.36.0-255,167,95962,11,193074
14381,0.021516,172.31.36.0-255,1107,97069,11,193074
14382,0.021585,172.31.36.0-255,1514,98583,11,193074
14383,0.021587,172.31.36.0-255,1297,99880,11,193074
14384,0.022228,74.125.68.0-255,2902,102782,11,193074
14385,0.022234,172.31.36.0-255,66,102848,11,193074
14386,0.022266,74.125.68.0-255,2902,105750,11,193074
14387,0.02227,172.31.36.0-255,66,105816,11,193074
14388,0.023029,104.244.42.0-255,66,105882,11,193074
14389,0.023086,104.244.42.0-255,66,105948,11,193074
14390,0.023134,104.244.42.0-255,66,106014,11,193074
14391,0.024631,74.125.68.0-255,5738,111752,11,193074
14392,0.024638,172.31.36.0-255,66,111818,11,193074
14393,0.027023,74.125.68.0-255,5738,117556,11,193074
14394,0.027028,172.31.36.0-255,66,117622,11,193074
14395,0.029388,74.125.68.0-255,5738,123360,11,193074
14396,0.029393,172.31.36.0-255,66,123426,11,193074
14397,0.031757,74.125.68.0-255,5738,129164,11,193074
14398,0.031762,172.31.36.0-255,66,129230,11,193074
14399,0.034135,74.125.68.0-255,5738,134968,11,193074
14400,0.034141,172.31.36.0-255,66,135034,11,193074
14401,0.036509,74.125.68.0-255,5738,140772,11,193074
14402,0.036514,172.31.36.0-255,66,140838,11,193074
14403,0.038889,74.125.68.0-255,5738,146576,11,193074
14404,0.038895,172.31.36.0-255,66,146642,11,193074
14405,0.041262,74.125.68.0-255,5738,152380,11,193074
14406,0.041268,172.31.36.0-255,66,152446,11,193074
14407,0.043643,74.125.68.0-255,5738,158184,11,193074
14408,0.043648,172.31.36.0-255,66,158250,11,193074
14409,0.046022,74.125.68.0-255,5738,163988,11,193074
14410,0.046029,172.31.36.0-255,66,164054,11,193074
14411,0.048394,74.125.68.0-255,5738,169792,11,193074
14412,0.0484,172.31.36.0-255,66,169858,11,193074
14413,0.050778,74.125.68.0-255,5738,175596,11,193074
14414,0.050782,172.31.36.0-255,66,175662,11,193074
14415,0.053155,74.125.68.0-255,5738,181400,11,193074
14416,0.05316,172.31.36.0-255,66,181466,11,193074
14417,0.05555,74.125.68.0-255,5738,187204,11,193074
14418,0.055555,172.31.36.0-255,66,187270,11,193074
14419,0.05793,74.125.68.0-255,5738,193008,11,193074
14420,0.057936,172.31.36.0-255,66,193074,11,193074
14421,0.0,172.31.36.0-255,66,66,11,66
14422,0.0,172.217.194.0-255,153,153,11,215340
14423,2.9e-05,172.217.194.0-255,1484,1637,11,215340
14424,4e-05,172.31.36.0-255,66,1703,11,215340
14425,4.8e-05,172.217.194.0-255,2902,4605,11,215340
14426,5.1e-05,172.31.36.0-255,66,4671,11,215340
14427,6.6e-05,172.217.194.0-255,7156,11827,11,215340
14428,6.9e-05,172.217.194.0-255,1484,13311,11,215340
14429,9e-05,172.31.36.0-255,66,13377,11,215340
14430,9.6e-05,172.217.194.0-255,619,13996,11,215340
14431,0.000101,172.217.194.0-255,2902,16898,11,215340
14432,0.000114,172.217.194.0-255,7156,24054,11,215340
14433,0.000138,172.217.194.0-255,6797,30851,11,215340
14434,0.000166,172.217.194.0-255,7156,38007,11,215340
14435,0.00017,172.217.194.0-255,1484,39491,11,215340
14436,0.000196,172.217.194.0-255,7156,46647,11,215340
14437,0.00023,172.217.194.0-255,5738,52385,11,215340
14438,0.000244,172.217.194.0-255,5379,57764,11,215340
14439,0.00029,172.31.36.0-255,66,57830,11,215340
14440,0.000292,172.217.194.0-255,6797,64627,11,215340
14441,0.000298,172.31.36.0-255,66,64693,11,215340
14442,0.000318,172.217.194.0-255,363,65056,11,215340
14443,0.000321,172.217.194.0-255,380,65436,11,215340
14444,0.000441,172.217.194.0-255,1484,66920,11,215340
14445,0.000447,172.217.194.0-255,2902,69822,11,215340
14446,0.000453,172.31.36.0-255,66,69888,11,215340
14447,0.00048,172.217.194.0-255,1484,71372,11,215340
14448,0.000495,172.217.194.0-255,4320,75692,11,215340
14449,0.000501,172.31.36.0-255,66,75758,11,215340
14450,0.000503,172.217.194.0-255,6248,82006,11,215340
14451,0.000509,172.31.36.0-255,66,82072,11,215340
14452,0.000747,172.217.194.0-255,1484,83556,11,215340
14453,0.000754,172.217.194.0-255,2902,86458,11,215340
14454,0.000759,172.31.36.0-255,66,86524,11,215340
14455,0.00077,172.217.194.0-255,4320,90844,11,215340
14456,0.000776,172.31.36.0-255,66,90910,11,215340
14457,0.000792,172.217.194.0-255,1484,92394,11,215340
14458,0.000812,172.31.36.0-255,66,92460,11,215340
14459,0.000858,172.31.36.0-255,66,92526,11,215340
14460,0.000865,172.217.194.0-255,5020,97546,11,215340
14461,0.000874,172.31.36.0-255,66,97612,11,215340
14462,0.001039,172.217.194.0-255,1484,99096,11,215340
14463,0.001056,172.217.194.0-255,2902,101998,11,215340
14464,0.00106,172.31.36.0-255,66,102064,11,215340
14465,0.001067,172.217.194.0-255,5738,107802,11,215340
14466,0.001074,172.31.36.0-255,66,107868,11,215340
14467,0.001109,172.31.36.0-255,66,107934,11,215340
14468,0.00115,172.31.36.0-255,66,108000,11,215340
14469,0.001443,172.217.194.0-255,1484,109484,11,215340
14470,0.001447,172.217.194.0-255,1484,110968,11,215340
14471,0.001451,172.31.36.0-255,66,111034,11,215340
14472,0.001478,172.217.194.0-255,1484,112518,11,215340
14473,0.001485,172.217.194.0-255,5738,118256,11,215340
14474,0.001496,172.31.36.0-255,66,118322,11,215340
14475,0.001501,172.31.36.0-255,66,118388,11,215340
14476,0.001525,172.217.194.0-255,4320,122708,11,215340
14477,0.001528,172.31.36.0-255,66,122774,11,215340
14478,0.001559,172.217.194.0-255,6438,129212,11,215340
14479,0.001564,172.31.36.0-255,66,129278,11,215340
14480,0.00167,172.217.194.0-255,1484,130762,11,215340
14481,0.001676,172.217.194.0-255,2902,133664,11,215340
14482,0.00168,172.31.36.0-255,66,133730,11,215340
14483,0.001713,172.217.194.0-255,5738,139468,11,215340
14484,0.001716,172.31.36.0-255,66,139534,11,215340
14485,0.001745,172.31.36.0-255,66,139600,11,215340
14486,0.001757,172.217.194.0-255,7156,146756,11,215340
14487,0.001762,172.31.36.0-255,66,146822,11,215340
14488,0.001787,172.217.194.0-255,1484,148306,11,215340
14489,0.001791,172.217.194.0-255,2184,150490,11,215340
14490,0.001795,172.31.36.0-255,66,150556,11,215340
14491,0.001819,172.217.194.0-255,2902,153458,11,215340
14492,0.001822,172.217.194.0-255,1484,154942,11,215340
14493,0.00183,172.31.36.0-255,66,155008,11,215340
14494,0.001838,172.217.194.0-255,2902,157910,11,215340
14495,0.001849,172.31.36.0-255,66,157976,11,215340
14496,0.001863,172.31.36.0-255,66,158042,11,215340
14497,0.001921,172.217.194.0-255,766,158808,11,215340
14498,0.001927,172.31.36.0-255,66,158874,11,215340
14499,0.002025,172.217.194.0-255,1484,160358,11,215340
14500,0.002104,172.217.194.0-255,2902,163260,11,215340
14501,0.002109,172.31.36.0-255,66,163326,11,215340
14502,0.002116,172.217.194.0-255,5738,169064,11,215340
14503,0.002142,172.217.194.0-255,766,169830,11,215340
14504,0.002186,172.217.194.0-255,4320,174150,11,215340
14505,0.002216,172.217.194.0-255,1484,175634,11,215340
14506,0.002244,172.217.194.0-255,2902,178536,11,215340
14507,0.00228,172.217.194.0-255,7156,185692,11,215340
14508,0.0023,172.217.194.0-255,6438,192130,11,215340
14509,0.002359,172.217.194.0-255,5738,197868,11,215340
14510,0.002387,172.217.194.0-255,1484,199352,11,215340
14511,0.002514,172.217.194.0-255,5738,205090,11,215340
14512,0.002562,172.217.194.0-255,5521,210611,11,215340
14513,0.002576,172.217.194.0-255,97,210708,11,215340
14514,0.00258,172.217.194.0-255,105,210813,11,215340
14515,0.007303,172.31.36.0-255,66,210879,11,215340
14516,0.008743,172.31.36.0-255,105,210984,11,215340
14517,0.011291,172.217.194.0-255,66,211050,11,215340
14518,0.034467,172.31.36.0-255,172,211222,11,215340
14519,0.034501,172.31.36.0-255,1110,212332,11,215340
14520,0.03454,172.31.36.0-255,1514,213846,11,215340
14521,0.034542,172.31.36.0-255,1296,215142,11,215340
14522,0.035997,104.244.42.0-255,66,215208,11,215340
14523,0.03602,104.244.42.0-255,66,215274,11,215340
14524,0.036084,104.244.42.0-255,66,215340,11,215340
14525,0.0,172.217.194.0-255,153,153,11,200442
14526,2.8e-05,172.31.36.0-255,66,219,11,200442
14527,3.5e-05,172.217.194.0-255,1484,1703,11,200442
14528,4e-05,172.31.36.0-255,66,1769,11,200442
14529,4.4e-05,172.217.194.0-255,2902,4671,11,200442
14530,5.5e-05,172.31.36.0-255,66,4737,11,200442
14531,6.3e-05,172.217.194.0-255,7156,11893,11,200442
14532,6.5e-05,172.31.36.0-255,66,11959,11,200442
14533,6.9e-05,172.217.194.0-255,2010,13969,11,200442
14534,7.1e-05,172.31.36.0-255,66,14035,11,200442
14535,9.8e-05,172.217.194.0-255,2902,16937,11,200442
14536,0.000101,172.31.36.0-255,66,17003,11,200442
14537,0.000107,172.217.194.0-255,7156,24159,11,200442
14538,0.000109,172.31.36.0-255,66,24225,11,200442
14539,0.00012,172.217.194.0-255,4320,28545,11,200442
14540,0.000123,172.31.36.0-255,66,28611,11,200442
14541,0.000128,172.217.194.0-255,4320,32931,11,200442
14542,0.00013,172.31.36.0-255,66,32997,11,200442
14543,0.000155,172.217.194.0-255,1484,34481,11,200442
14544,0.000159,172.31.36.0-255,66,34547,11,200442
14545,0.000166,172.217.194.0-255,5738,40285,11,200442
14546,0.000168,172.31.36.0-255,66,40351,11,200442
14547,0.000201,172.217.194.0-255,5738,46089,11,200442
14548,0.000203,172.31.36.0-255,66,46155,11,200442
14549,0.000207,172.217.194.0-255,2184,48339,11,200442
14550,0.000209,172.31.36.0-255,66,48405,11,200442
14551,0.000212,172.217.194.0-255,1484,49889,11,200442
14552,0.000215,172.31.36.0-255,66,49955,11,200442
14553,0.000223,172.217.194.0-255,2902,52857,11,200442
14554,0.000225,172.31.36.0-255,66,52923,11,200442
14555,0.000266,172.217.194.0-255,5738,58661,11,200442
14556,0.000271,172.217.194.0-255,4320,62981,11,200442
14557,0.000272,172.31.36.0-255,66,63047,11,200442
14558,0.000275,172.31.36.0-255,66,63113,11,200442
14559,0.0003,172.217.194.0-255,3133,66246,11,200442
14560,0.000308,172.31.36.0-255,66,66312,11,200442
14561,0.000334,172.31.36.0-255,66,66378,11,200442
14562,0.000341,172.217.194.0-255,7156,73534,11,200442
14563,0.000343,172.31.36.0-255,66,73600,11,200442
14564,0.000395,172.31.36.0-255,66,73666,11,200442
14565,0.000398,172.217.194.0-255,766,74432,11,200442
14566,0.000461,172.217.194.0-255,1484,75916,11,200442
14567,0.000465,172.31.36.0-255,66,75982,11,200442
14568,0.00047,172.217.194.0-255,2902,78884,11,200442
14569,0.000473,172.31.36.0-255,66,78950,11,200442
14570,0.000498,172.217.194.0-255,5738,84688,11,200442
14571,0.000501,172.31.36.0-255,66,84754,11,200442
14572,0.000541,172.217.194.0-255,5738,90492,11,200442
14573,0.000544,172.31.36.0-255,66,90558,11,200442
14574,0.00058,172.217.194.0-255,7156,97714,11,200442
14575,0.000583,172.31.36.0-255,66,97780,11,200442
14576,0.000589,172.217.194.0-255,5738,103518,11,200442
14577,0.000593,172.31.36.0-255,66,103584,11,200442
14578,0.000605,172.217.194.0-255,6438,110022,11,200442
14579,0.000608,172.31.36.0-255,66,110088,11,200442
14580,0.000615,172.217.194.0-255,7156,117244,11,200442
14581,0.000617,172.31.36.0-255,66,117310,11,200442
14582,0.000637,172.217.194.0-255,4320,121630,11,200442
14583,0.000646,172.31.36.0-255,66,121696,11,200442
14584,0.000676,172.217.194.0-255,1484,123180,11,200442
14585,0.000692,172.217.194.0-255,2902,126082,11,200442
14586,0.000697,172.217.194.0-255,5738,131820,11,200442
14587,0.000755,172.217.194.0-255,2902,134722,11,200442
14588,0.000783,172.217.194.0-255,2184,136906,11,200442
14589,0.000856,172.217.194.0-255,1484,138390,11,200442
14590,0.000859,172.217.194.0-255,1484,139874,11,200442
14591,0.000874,172.217.194.0-255,1484,141358,11,200442
14592,0.000882,172.217.194.0-255,5738,147096,11,200442
14593,0.000884,172.217.194.0-255,1484,148580,11,200442
14594,0.000959,172.217.194.0-255,5020,153600,11,200442
14595,0.000992,172.217.194.0-255,1484,155084,11,200442
14596,0.000995,172.217.194.0-255,2902,157986,11,200442
14597,0.001014,172.217.194.0-255,5738,163724,11,200442
14598,0.001034,172.217.194.0-255,5738,169462,11,200442
14599,0.001067,172.217.194.0-255,7156,176618,11,200442
14600,0.001074,172.217.194.0-255,5738,182356,11,200442
14601,0.001104,172.217.194.0-255,4320,186676,11,200442
14602,0.00114,172.217.194.0-255,1484,188160,11,200442
14603,0.001243,172.217.194.0-255,1484,189644,11,200442
14604,0.001306,172.217.194.0-255,4320,193964,11,200442
14605,0.001399,172.217.194.0-255,105,194069,11,200442
14606,0.003261,172.31.36.0-255,66,194135,11,200442
14607,0.003267,172.31.36.0-255,66,194201,11,200442
14608,0.003271,172.31.36.0-255,66,194267,11,200442
14609,0.003274,172.31.36.0-255,66,194333,11,200442
14610,0.003277,172.31.36.0-255,66,194399,11,200442
14611,0.003281,172.31.36.0-255,66,194465,11,200442
14612,0.003284,172.31.36.0-255,66,194531,11,200442
14613,0.003287,172.31.36.0-255,66,194597,11,200442
14614,0.00329,172.31.36.0-255,66,194663,11,200442
14615,0.003296,172.31.36.0-255,66,194729,11,200442
14616,0.003299,172.31.36.0-255,66,194795,11,200442
14617,0.003301,172.31.36.0-255,66,194861,11,200442
14618,0.003305,172.31.36.0-255,66,194927,11,200442
14619,0.003308,172.31.36.0-255,66,194993,11,200442
14620,0.003311,172.31.36.0-255,66,195059,11,200442
14621,0.003313,172.31.36.0-255,66,195125,11,200442
14622,0.003317,172.31.36.0-255,66,195191,11,200442
14623,0.00332,172.31.36.0-255,66,195257,11,200442
14624,0.003323,172.31.36.0-255,66,195323,11,200442
14625,0.003326,172.31.36.0-255,66,195389,11,200442
14626,0.00333,172.31.36.0-255,66,195455,11,200442
14627,0.003333,172.31.36.0-255,66,195521,11,200442
14628,0.003335,172.31.36.0-255,66,195587,11,200442
14629,0.003339,172.31.36.0-255,66,195653,11,200442
14630,0.003342,172.31.36.0-255,66,195719,11,200442
14631,0.003345,172.31.36.0-255,66,195785,11,200442
14632,0.003348,172.31.36.0-255,66,195851,11,200442
14633,0.003351,172.31.36.0-255,66,195917,11,200442
14634,0.006171,172.31.36.0-255,66,195983,11,200442
14635,0.006198,172.31.36.0-255,105,196088,11,200442
14636,0.008464,172.217.194.0-255,66,196154,11,200442
14637,0.029882,172.31.36.0-255,172,196326,11,200442
14638,0.029915,172.31.36.0-255,1107,197433,11,200442
14639,0.029948,172.31.36.0-255,1514,198947,11,200442
14640,0.02995,172.31.36.0-255,1297,200244,11,200442
14641,0.031425,104.244.42.0-255,66,200310,11,200442
14642,0.031435,104.244.42.0-255,66,200376,11,200442
14643,0.031518,104.244.42.0-255,66,200442,11,200442
14644,0.0,216.58.221.0-255,145,145,11,217585
14645,4.5e-05,216.58.221.0-255,1484,1629,11,217585
14646,5.6e-05,172.31.36.0-255,66,1695,11,217585
14647,6.4e-05,216.58.221.0-255,2902,4597,11,217585
14648,6.7e-05,172.31.36.0-255,66,4663,11,217585
14649,7.3e-05,216.58.221.0-255,5738,10401,11,217585
14650,7.6e-05,172.31.36.0-255,66,10467,11,217585
14651,9.8e-05,172.31.36.0-255,66,10533,11,217585
14652,0.00011,172.31.36.0-255,66,10599,11,217585
14653,0.000113,216.58.221.0-255,1125,11724,11,217585
14654,0.000201,216.58.221.0-255,1484,13208,11,217585
14655,0.000205,172.31.36.0-255,66,13274,11,217585
14656,0.000213,216.58.221.0-255,2902,16176,11,217585
14657,0.000215,172.31.36.0-255,66,16242,11,217585
14658,0.000255,216.58.221.0-255,4320,20562,11,217585
14659,0.000259,172.31.36.0-255,66,20628,11,217585
14660,0.000266,216.58.221.0-255,5738,26366,11,217585
14661,0.000268,172.31.36.0-255,66,26432,11,217585
14662,0.000289,172.31.36.0-255,66,26498,11,217585
14663,0.000295,216.58.221.0-255,5738,32236,11,217585
14664,0.000298,172.31.36.0-255,66,32302,11,217585
14665,0.000324,216.58.221.0-255,1394,33696,11,217585
14666,0.000934,216.58.221.0-255,139,33835,11,217585
14667,0.00109,216.58.221.0-255,1484,35319,11,217585
14668,0.001095,172.31.36.0-255,66,35385,11,217585
14669,0.001102,216.58.221.0-255,2902,38287,11,217585
14670,0.001105,172.31.36.0-255,66,38353,11,217585
14671,0.00111,216.58.221.0-255,4320,42673,11,217585
14672,0.001119,172.31.36.0-255,66,42739,11,217585
14673,0.001151,216.58.221.0-255,1484,44223,11,217585
14674,0.001166,172.31.36.0-255,66,44289,11,217585
14675,0.001195,216.58.221.0-255,5738,50027,11,217585
14676,0.001198,172.31.36.0-255,66,50093,11,217585
14677,0.001221,216.58.221.0-255,5379,55472,11,217585
14678,0.001223,172.31.36.0-255,66,55538,11,217585
14679,0.001248,216.58.221.0-255,2902,58440,11,217585
14680,0.00125,172.31.36.0-255,66,58506,11,217585
14681,0.001287,172.31.36.0-255,66,58572,11,217585
14682,0.001305,172.31.36.0-255,66,58638,11,217585
14683,0.001312,216.58.221.0-255,5738,64376,11,217585
14684,0.001314,172.31.36.0-255,66,64442,11,217585
14685,0.001338,216.58.221.0-255,3602,68044,11,217585
14686,0.001348,172.31.36.0-255,66,68110,11,217585
14687,0.001352,216.58.221.0-255,1484,69594,11,217585
14688,0.001379,216.58.221.0-255,2902,72496,11,217585
14689,0.001381,172.31.36.0-255,66,72562,11,217585
14690,0.001387,216.58.221.0-255,5738,78300,11,217585
14691,0.00139,172.31.36.0-255,66,78366,11,217585
14692,0.001396,216.58.221.0-255,5738,84104,11,217585
14693,0.001398,172.31.36.0-255,66,84170,11,217585
14694,0.001413,216.58.221.0-255,7156,91326,11,217585
14695,0.001416,172.31.36.0-255,66,91392,11,217585
14696,0.001445,216.58.221.0-255,5738,97130,11,217585
14697,0.001452,172.31.36.0-255,66,97196,11,217585
14698,0.001477,216.58.221.0-255,5020,102216,11,217585
14699,0.001479,172.31.36.0-255,66,102282,11,217585
14700,0.001548,216.58.221.0-255,1484,103766,11,217585
14701,0.001567,216.58.221.0-255,2902,106668,11,217585
14702,0.001569,172.31.36.0-255,66,106734,11,217585
14703,0.001572,216.58.221.0-255,1484,108218,11,217585
14704,0.001599,216.58.221.0-255,4320,112538,11,217585
14705,0.001602,172.31.36.0-255,66,112604,11,217585
14706,0.001614,172.31.36.0-255,66,112670,11,217585
14707,0.001618,216.58.221.0-255,2902,115572,11,217585
14708,0.001625,172.31.36.0-255,66,115638,11,217585
14709,0.001661,172.31.36.0-255,66,115704,11,217585
14710,0.001836,216.58.221.0-255,1484,117188,11,217585
14711,0.001856,216.58.221.0-255,2902,120090,11,217585
14712,0.001859,172.31.36.0-255,66,120156,11,217585
14713,0.001865,216.58.221.0-255,5738,125894,11,217585
14714,0.001867,172.31.36.0-255,66,125960,11,217585
14715,0.0019,172.31.36.0-255,66,126026,11,217585
14716,0.001942,216.58.221.0-255,2902,128928,11,217585
14717,0.001944,172.31.36.0-255,66,128994,11,217585
14718,0.001978,216.58.221.0-255,4320,133314,11,217585
14719,0.001981,172.31.36.0-255,66,133380,11,217585
14720,0.001991,172.31.36.0-255,66,133446,11,217585
14721,0.002001,216.58.221.0-255,7156,140602,11,217585
14722,0.002003,172.31.36.0-255,66,140668,11,217585
14723,0.002019,172.31.36.0-255,66,140734,11,217585
14724,0.002032,172.31.36.0-255,66,140800,11,217585
14725,0.002038,216.58.221.0-255,5738,146538,11,217585
14726,0.002041,172.31.36.0-255,66,146604,11,217585
14727,0.002082,172.31.36.0-255,66,146670,11,217585
14728,0.002092,172.31.36.0-255,66,146736,11,217585
14729,0.002108,172.31.36.0-255,66,146802,11,217585
14730,0.002113,216.58.221.0-255,3602,150404,11,217585
14731,0.002115,172.31.36.0-255,66,150470,11,217585
14732,0.00212,216.58.221.0-255,4320,154790,11,217585
14733,0.002122,172.31.36.0-255,66,154856,11,217585
14734,0.002126,216.58.221.0-255,2902,157758,11,217585
14735,0.002128,172.31.36.0-255,66,157824,11,217585
14736,0.002131,216.58.221.0-255,1484,159308,11,217585
14737,0.002135,216.58.221.0-255,2902,162210,11,217585
14738,0.002137,172.31.36.0-255,66,162276,11,217585
14739,0.002174,216.58.221.0-255,1484,163760,11,217585
14740,0.002178,216.58.221.0-255,2902,166662,11,217585
14741,0.002181,172.31.36.0-255,66,166728,11,217585
14742,0.002184,216.58.221.0-255,1484,168212,11,217585
14743,0.002214,216.58.221.0-255,4320,172532,11,217585
14744,0.002217,172.31.36.0-255,66,172598,11,217585
14745,0.002221,216.58.221.0-255,2902,175500,11,217585
14746,0.002223,172.31.36.0-255,66,175566,11,217585
14747,0.002227,216.58.221.0-255,4320,179886,11,217585
14748,0.002229,172.31.36.0-255,66,179952,11,217585
14749,0.002236,216.58.221.0-255,1484,181436,11,217585
14750,0.002239,216.58.221.0-255,766,182202,11,217585
14751,0.002241,172.31.36.0-255,66,182268,11,217585
14752,0.002265,216.58.221.0-255,1484,183752,11,217585
14753,0.002269,216.58.221.0-255,2902,186654,11,217585
14754,0.002272,172.31.36.0-255,66,186720,11,217585
14755,0.002292,216.58.221.0-255,1484,188204,11,217585
14756,0.002302,172.31.36.0-255,66,188270,11,217585
14757,0.002329,216.58.221.0-255,7156,195426,11,217585
14758,0.002345,216.58.221.0-255,1484,196910,11,217585
14759,0.002348,216.58.221.0-255,1484,198394,11,217585
14760,0.002362,216.58.221.0-255,5738,204132,11,217585
14761,0.00238,216.58.221.0-255,3602,207734,11,217585
14762,0.00241,216.58.221.0-255,1484,209218,11,217585
14763,0.002442,216.58.221.0-255,4736,213954,11,217585
14764,0.002445,216.58.221.0-255,97,214051,11,217585
14765,0.002462,216.58.221.0-255,105,214156,11,217585
14766,0.006875,172.31.36.0-255,66,214222,11,217585
14767,0.010216,172.31.36.0-255,105,214327,11,217585
14768,0.012237,216.58.221.0-255,66,214393,11,217585
14769,0.028584,172.31.36.0-255,172,214565,11,217585
14770,0.028619,172.31.36.0-255,1110,215675,11,217585
14771,0.028656,172.31.36.0-255,1514,217189,11,217585
14772,0.028658,172.31.36.0-255,330,217519,11,217585
14773,0.030406,104.244.42.0-255,66,217585,11,217585
14774,0.0,74.125.24.0-255,153,153,11,206518
14775,2.4e-05,172.31.36.0-255,66,219,11,206518
14776,3.3e-05,74.125.24.0-255,1484,1703,11,206518
14777,3.7e-05,172.31.36.0-255,66,1769,11,206518
14778,5.2e-05,74.125.24.0-255,2902,4671,11,206518
14779,5.8e-05,172.31.36.0-255,66,4737,11,206518
14780,6.5e-05,74.125.24.0-255,7156,11893,11,206518
14781,6.8e-05,172.31.36.0-255,66,11959,11,206518
14782,0.000104,74.125.24.0-255,4921,16880,11,206518
14783,0.000108,172.31.36.0-255,66,16946,11,206518
14784,0.000115,74.125.24.0-255,5738,22684,11,206518
14785,0.000117,172.31.36.0-255,66,22750,11,206518
14786,0.000154,172.31.36.0-255,66,22816,11,206518
14787,0.000196,74.125.24.0-255,1484,24300,11,206518
14788,0.000198,172.31.36.0-255,66,24366,11,206518
14789,0.000204,74.125.24.0-255,2902,27268,11,206518
14790,0.000206,172.31.36.0-255,66,27334,11,206518
14791,0.000244,74.125.24.0-255,5738,33072,11,206518
14792,0.000247,172.31.36.0-255,66,33138,11,206518
14793,0.000253,74.125.24.0-255,4320,37458,11,206518
14794,0.000255,172.31.36.0-255,66,37524,11,206518
14795,0.000261,74.125.24.0-255,4320,41844,11,206518
14796,0.000263,172.31.36.0-255,66,41910,11,206518
14797,0.000301,172.31.36.0-255,66,41976,11,206518
14798,0.000308,74.125.24.0-255,7068,49044,11,206518
14799,0.000311,172.31.36.0-255,66,49110,11,206518
14800,0.000338,74.125.24.0-255,134,49244,11,206518
14801,0.000341,172.31.36.0-255,66,49310,11,206518
14802,0.000465,74.125.24.0-255,1484,50794,11,206518
14803,0.00047,172.31.36.0-255,66,50860,11,206518
14804,0.000476,74.125.24.0-255,2902,53762,11,206518
14805,0.000479,172.31.36.0-255,66,53828,11,206518
14806,0.00049,74.125.24.0-255,5738,59566,11,206518
14807,0.000492,172.31.36.0-255,66,59632,11,206518
14808,0.000518,74.125.24.0-255,2902,62534,11,206518
14809,0.00052,172.31.36.0-255,66,62600,11,206518
14810,0.000559,172.31.36.0-255,66,62666,11,206518
14811,0.000593,74.125.24.0-255,5738,68404,11,206518
14812,0.000596,172.31.36.0-255,66,68470,11,206518
14813,0.000622,74.125.24.0-255,3961,72431,11,206518
14814,0.000625,172.31.36.0-255,66,72497,11,206518
14815,0.000822,74.125.24.0-255,347,72844,11,206518
14816,0.001197,74.125.24.0-255,1484,74328,11,206518
14817,0.001202,172.31.36.0-255,66,74394,11,206518
14818,0.001208,74.125.24.0-255,2902,77296,11,206518
14819,0.00121,172.31.36.0-255,66,77362,11,206518
14820,0.001217,74.125.24.0-255,5738,83100,11,206518
14821,0.001225,172.31.36.0-255,66,83166,11,206518
14822,0.001262,172.31.36.0-255,66,83232,11,206518
14823,0.00127,74.125.24.0-255,7156,90388,11,206518
14824,0.001272,172.31.36.0-255,66,90454,11,206518
14825,0.001305,74.125.24.0-255,3602,94056,11,206518
14826,0.001308,172.31.36.0-255,66,94122,11,206518
14827,0.00143,74.125.24.0-255,1484,95606,11,206518
14828,0.001436,74.125.24.0-255,2902,98508,11,206518
14829,0.001439,172.31.36.0-255,66,98574,11,206518
14830,0.001446,74.125.24.0-255,4320,102894,11,206518
14831,0.001448,172.31.36.0-255,66,102960,11,206518
14832,0.001478,74.125.24.0-255,1484,104444,11,206518
14833,0.001483,74.125.24.0-255,2902,107346,11,206518
14834,0.001485,172.31.36.0-255,66,107412,11,206518
14835,0.001501,172.31.36.0-255,66,107478,11,206518
14836,0.001505,74.125.24.0-255,1484,108962,11,206518
14837,0.001537,172.31.36.0-255,66,109028,11,206518
14838,0.001613,74.125.24.0-255,1484,110512,11,206518
14839,0.001618,74.125.24.0-255,2902,113414,11,206518
14840,0.001622,172.31.36.0-255,66,113480,11,206518
14841,0.001638,74.125.24.0-255,5738,119218,11,206518
14842,0.001645,172.31.36.0-255,66,119284,11,206518
14843,0.001682,172.31.36.0-255,66,119350,11,206518
14844,0.001689,74.125.24.0-255,5738,125088,11,206518
14845,0.001692,172.31.36.0-255,66,125154,11,206518
14846,0.001724,172.31.36.0-255,66,125220,11,206518
14847,0.001802,74.125.24.0-255,1484,126704,11,206518
14848,0.001807,74.125.24.0-255,2902,129606,11,206518
14849,0.00181,172.31.36.0-255,66,129672,11,206518
14850,0.001839,74.125.24.0-255,5738,135410,11,206518
14851,0.001842,172.31.36.0-255,66,135476,11,206518
14852,0.001854,172.31.36.0-255,66,135542,11,206518
14853,0.001894,74.125.24.0-255,4320,139862,11,206518
14854,0.001896,172.31.36.0-255,66,139928,11,206518
14855,0.001932,172.31.36.0-255,66,139994,11,206518
14856,0.002024,74.125.24.0-255,1484,141478,11,206518
14857,0.00203,74.125.24.0-255,2902,144380,11,206518
14858,0.002033,172.31.36.0-255,66,144446,11,206518
14859,0.002045,74.125.24.0-255,1484,145930,11,206518
14860,0.002063,74.125.24.0-255,4320,150250,11,206518
14861,0.002066,172.31.36.0-255,66,150316,11,206518
14862,0.002072,74.125.24.0-255,4320,154636,11,206518
14863,0.002075,172.31.36.0-255,66,154702,11,206518
14864,0.00211,172.31.36.0-255,66,154768,11,206518
14865,0.002122,172.31.36.0-255,66,154834,11,206518
14866,0.002125,74.125.24.0-255,766,155600,11,206518
14867,0.002216,74.125.24.0-255,1484,157084,11,206518
14868,0.00222,172.31.36.0-255,66,157150,11,206518
14869,0.002225,74.125.24.0-255,2902,160052,11,206518
14870,0.002228,172.31.36.0-255,66,160118,11,206518
14871,0.002247,74.125.24.0-255,2902,163020,11,206518
14872,0.002249,172.31.36.0-255,66,163086,11,206518
14873,0.002305,74.125.24.0-255,7156,170242,11,206518
14874,0.002308,172.31.36.0-255,66,170308,11,206518
14875,0.002324,172.31.36.0-255,66,170374,11,206518
14876,0.002327,74.125.24.0-255,1484,171858,11,206518
14877,0.002373,172.31.36.0-255,66,171924,11,206518
14878,0.002378,74.125.24.0-255,2902,174826,11,206518
14879,0.00238,172.31.36.0-255,66,174892,11,206518
14880,0.002427,172.31.36.0-255,66,174958,11,206518
14881,0.002435,74.125.24.0-255,7156,182114,11,206518
14882,0.002437,172.31.36.0-255,66,182180,11,206518
14883,0.002453,74.125.24.0-255,4320,186500,11,206518
14884,0.002458,172.31.36.0-255,66,186566,11,206518
14885,0.00246,172.31.36.0-255,66,186632,11,206518
14886,0.002492,74.125.24.0-255,5738,192370,11,206518
14887,0.002495,172.31.36.0-255,66,192436,11,206518
14888,0.002502,74.125.24.0-255,5738,198174,11,206518
14889,0.002585,74.125.24.0-255,4514,202688,11,206518
14890,0.002588,74.125.24.0-255,97,202785,11,206518
14891,0.009794,172.31.36.0-255,66,202851,11,206518
14892,0.012363,74.125.24.0-255,105,202956,11,206518
14893,0.012859,172.31.36.0-255,66,203022,11,206518
14894,0.012911,172.31.36.0-255,105,203127,11,206518
14895,0.015488,74.125.24.0-255,66,203193,11,206518
14896,0.030972,172.31.36.0-255,172,203365,11,206518
14897,0.031007,172.31.36.0-255,1109,204474,11,206518
14898,0.031084,172.31.36.0-255,1514,205988,11,206518
14899,0.031086,172.31.36.0-255,332,206320,11,206518
14900,0.032544,104.244.42.0-255,66,206386,11,206518
14901,0.032583,104.244.42.0-255,66,206452,11,206518
14902,0.032681,104.244.42.0-255,66,206518,11,206518
14903,0.0,74.125.24.0-255,153,153,11,235257
14904,3.1e-05,172.31.36.0-255,66,219,11,235257
14905,3.8e-05,74.125.24.0-255,1484,1703,11,235257
14906,4.3e-05,172.31.36.0-255,66,1769,11,235257
14907,5.5e-05,74.125.24.0-255,2902,4671,11,235257
14908,6e-05,172.31.36.0-255,66,4737,11,235257
14909,6.2e-05,74.125.24.0-255,1484,6221,11,235257
14910,6.5e-05,172.31.36.0-255,66,6287,11,235257
14911,7e-05,74.125.24.0-255,2902,9189,11,235257
14912,7.2e-05,172.31.36.0-255,66,9255,11,235257
14913,0.000101,74.125.24.0-255,2902,12157,11,235257
14914,0.000109,172.31.36.0-255,66,12223,11,235257
14915,0.000113,74.125.24.0-255,2076,14299,11,235257
14916,0.000115,172.31.36.0-255,66,14365,11,235257
14917,0.000163,74.125.24.0-255,1484,15849,11,235257
14918,0.000166,172.31.36.0-255,66,15915,11,235257
14919,0.000173,74.125.24.0-255,2902,18817,11,235257
14920,0.000175,172.31.36.0-255,66,18883,11,235257
14921,0.00018,74.125.24.0-255,4320,23203,11,235257
14922,0.000189,172.31.36.0-255,66,23269,11,235257
14923,0.000199,74.125.24.0-255,1484,24753,11,235257
14924,0.000201,172.31.36.0-255,66,24819,11,235257
14925,0.000207,74.125.24.0-255,5738,30557,11,235257
14926,0.00021,172.31.36.0-255,66,30623,11,235257
14927,0.000238,74.125.24.0-255,1125,31748,11,235257
14928,0.00024,172.31.36.0-255,66,31814,11,235257
14929,0.001047,74.125.24.0-255,1484,33298,11,235257
14930,0.001054,172.31.36.0-255,66,33364,11,235257
14931,0.001064,74.125.24.0-255,2902,36266,11,235257
14932,0.001066,172.31.36.0-255,66,36332,11,235257
14933,0.00108,74.125.24.0-255,5738,42070,11,235257
14934,0.001083,172.31.36.0-255,66,42136,11,235257
14935,0.001093,74.125.24.0-255,6797,48933,11,235257
14936,0.001095,172.31.36.0-255,66,48999,11,235257
14937,0.001134,172.31.36.0-255,66,49065,11,235257
14938,0.001179,74.125.24.0-255,5738,54803,11,235257
14939,0.001181,172.31.36.0-255,66,54869,11,235257
14940,0.001203,74.125.24.0-255,1398,56267,11,235257
14941,0.001421,74.125.24.0-255,381,56648,11,235257
14942,0.001423,172.31.36.0-255,66,56714,11,235257
14943,0.00166,74.125.24.0-255,1484,58198,11,235257
14944,0.001676,74.125.24.0-255,1484,59682,11,235257
14945,0.001678,172.31.36.0-255,66,59748,11,235257
14946,0.001705,74.125.24.0-255,1484,61232,11,235257
14947,0.001711,74.125.24.0-255,5738,66970,11,235257
14948,0.001713,172.31.36.0-255,66,67036,11,235257
14949,0.001721,74.125.24.0-255,7156,74192,11,235257
14950,0.001723,172.31.36.0-255,66,74258,11,235257
14951,0.00175,74.125.24.0-255,6797,81055,11,235257
14952,0.001752,172.31.36.0-255,66,81121,11,235257
14953,0.001762,172.31.36.0-255,66,81187,11,235257
14954,0.001765,74.125.24.0-255,1125,82312,11,235257
14955,0.003842,74.125.24.0-255,4320,86632,11,235257
14956,0.003848,172.31.36.0-255,66,86698,11,235257
14957,0.005938,74.125.24.0-255,5738,92436,11,235257
14958,0.005943,172.31.36.0-255,66,92502,11,235257
14959,0.008022,74.125.24.0-255,5738,98240,11,235257
14960,0.00803,172.31.36.0-255,66,98306,11,235257
14961,0.010124,74.125.24.0-255,5738,104044,11,235257
14962,0.010131,172.31.36.0-255,66,104110,11,235257
14963,0.012194,74.125.24.0-255,5738,109848,11,235257
14964,0.012203,172.31.36.0-255,66,109914,11,235257
14965,0.01428,74.125.24.0-255,5738,115652,11,235257
14966,0.01429,172.31.36.0-255,66,115718,11,235257
14967,0.016365,74.125.24.0-255,5738,121456,11,235257
14968,0.016372,172.31.36.0-255,66,121522,11,235257
14969,0.018477,74.125.24.0-255,5738,127260,11,235257
14970,0.018486,172.31.36.0-255,66,127326,11,235257
14971,0.02056,74.125.24.0-255,5738,133064,11,235257
14972,0.020568,172.31.36.0-255,66,133130,11,235257
14973,0.022411,172.31.36.0-255,167,133297,11,235257
14974,0.022454,172.31.36.0-255,1112,134409,11,235257
14975,0.022528,172.31.36.0-255,1514,135923,11,235257
14976,0.02253,172.31.36.0-255,1292,137215,11,235257
14977,0.022623,74.125.24.0-255,2902,140117,11,235257
14978,0.022629,172.31.36.0-255,66,140183,11,235257
14979,0.022662,74.125.24.0-255,2902,143085,11,235257
14980,0.022665,172.31.36.0-255,66,143151,11,235257
14981,0.024003,104.244.42.0-255,66,143217,11,235257
14982,0.024021,104.244.42.0-255,66,143283,11,235257
14983,0.024095,104.244.42.0-255,66,143349,11,235257
14984,0.024744,74.125.24.0-255,5738,149087,11,235257
14985,0.02475,172.31.36.0-255,66,149153,11,235257
14986,0.026824,74.125.24.0-255,5738,154891,11,235257
14987,0.026829,172.31.36.0-255,66,154957,11,235257
14988,0.028931,74.125.24.0-255,5738,160695,11,235257
14989,0.028936,172.31.36.0-255,66,160761,11,235257
14990,0.031018,74.125.24.0-255,5738,166499,11,235257
14991,0.031024,172.31.36.0-255,66,166565,11,235257
14992,0.033088,74.125.24.0-255,4320,170885,11,235257
14993,0.033094,172.31.36.0-255,66,170951,11,235257
14994,0.03313,74.125.24.0-255,1484,172435,11,235257
14995,0.035163,74.125.24.0-255,4320,176755,11,235257
14996,0.035168,172.31.36.0-255,66,176821,11,235257
14997,0.037259,74.125.24.0-255,4320,181141,11,235257
14998,0.037264,172.31.36.0-255,66,181207,11,235257
14999,0.037298,74.125.24.0-255,1484,182691,11,235257
15000,0.039349,74.125.24.0-255,4320,187011,11,235257
15001,0.039355,172.31.36.0-255,66,187077,11,235257
15002,0.041437,74.125.24.0-255,5738,192815,11,235257
15003,0.041443,172.31.36.0-255,66,192881,11,235257
15004,0.043516,74.125.24.0-255,5738,198619,11,235257
15005,0.043522,172.31.36.0-255,66,198685,11,235257
15006,0.04557,74.125.24.0-255,4320,203005,11,235257
15007,0.045575,172.31.36.0-255,66,203071,11,235257
15008,0.045612,74.125.24.0-255,1484,204555,11,235257
15009,0.047669,74.125.24.0-255,4320,208875,11,235257
15010,0.047675,172.31.36.0-255,66,208941,11,235257
15011,0.049764,74.125.24.0-255,4320,213261,11,235257
15012,0.04977,172.31.36.0-255,66,213327,11,235257
15013,0.049801,74.125.24.0-255,1484,214811,11,235257
15014,0.051859,74.125.24.0-255,4320,219131,11,235257
15015,0.051864,172.31.36.0-255,66,219197,11,235257
15016,0.053944,74.125.24.0-255,4320,223517,11,235257
15017,0.053949,172.31.36.0-255,66,223583,11,235257
15018,0.053981,74.125.24.0-255,1484,225067,11,235257
15019,0.056,74.125.24.0-255,4320,229387,11,235257
15020,0.056006,172.31.36.0-255,66,229453,11,235257
15021,0.058139,74.125.24.0-255,5738,235191,11,235257
15022,0.058146,172.31.36.0-255,66,235257,11,235257
15023,0.0,74.125.24.0-255,296,296,11,179203
15024,1.4e-05,74.125.24.0-255,1484,1780,11,179203
15025,2.1e-05,172.31.36.0-255,66,1846,11,179203
15026,3.2e-05,74.125.24.0-255,4320,6166,11,179203
15027,3.6e-05,172.31.36.0-255,66,6232,11,179203
15028,5.7e-05,172.31.36.0-255,66,6298,11,179203
15029,6e-05,74.125.24.0-255,1484,7782,11,179203
15030,8.8e-05,74.125.24.0-255,7156,14938,11,179203
15031,9.6e-05,172.31.36.0-255,66,15004,11,179203
15032,0.000107,172.31.36.0-255,66,15070,11,179203
15033,0.000206,74.125.24.0-255,1484,16554,11,179203
15034,0.00021,74.125.24.0-255,1484,18038,11,179203
15035,0.000213,172.31.36.0-255,66,18104,11,179203
15036,0.00024,74.125.24.0-255,1484,19588,11,179203
15037,0.000247,74.125.24.0-255,5738,25326,11,179203
15038,0.00025,172.31.36.0-255,66,25392,11,179203
15039,0.000258,74.125.24.0-255,6797,32189,11,179203
15040,0.00026,172.31.36.0-255,66,32255,11,179203
15041,0.000314,172.31.36.0-255,66,32321,11,179203
15042,0.000319,74.125.24.0-255,2543,34864,11,179203
15043,0.000322,172.31.36.0-255,66,34930,11,179203
15044,0.000397,74.125.24.0-255,647,35577,11,179203
15045,0.00048,74.125.24.0-255,1484,37061,11,179203
15046,0.000484,172.31.36.0-255,66,37127,11,179203
15047,0.00049,74.125.24.0-255,2902,40029,11,179203
15048,0.000493,172.31.36.0-255,66,40095,11,179203
15049,0.000528,74.125.24.0-255,5738,45833,11,179203
15050,0.000533,172.31.36.0-255,66,45899,11,179203
15051,0.000559,74.125.24.0-255,6797,52696,11,179203
15052,0.000562,172.31.36.0-255,66,52762,11,179203
15053,0.000594,74.125.24.0-255,7156,59918,11,179203
15054,0.000598,172.31.36.0-255,66,59984,11,179203
15055,0.000615,172.31.36.0-255,66,60050,11,179203
15056,0.00093,74.125.24.0-255,1484,61534,11,179203
15057,0.000938,74.125.24.0-255,2902,64436,11,179203
15058,0.000942,172.31.36.0-255,66,64502,11,179203
15059,0.00095,74.125.24.0-255,5738,70240,11,179203
15060,0.000952,172.31.36.0-255,66,70306,11,179203
15061,0.000989,172.31.36.0-255,66,70372,11,179203
15062,0.001021,172.31.36.0-255,66,70438,11,179203
15063,0.00158,74.125.24.0-255,1484,71922,11,179203
15064,0.001587,74.125.24.0-255,2902,74824,11,179203
15065,0.00159,172.31.36.0-255,66,74890,11,179203
15066,0.001598,74.125.24.0-255,5738,80628,11,179203
15067,0.0016,172.31.36.0-255,66,80694,11,179203
15068,0.00163,74.125.24.0-255,7156,87850,11,179203
15069,0.001659,172.31.36.0-255,66,87916,11,179203
15070,0.001705,172.31.36.0-255,66,87982,11,179203
15071,0.001734,74.125.24.0-255,1484,89466,11,179203
15072,0.001738,74.125.24.0-255,2902,92368,11,179203
15073,0.00174,172.31.36.0-255,66,92434,11,179203
15074,0.001747,74.125.24.0-255,5738,98172,11,179203
15075,0.001749,172.31.36.0-255,66,98238,11,179203
15076,0.001765,172.31.36.0-255,66,98304,11,179203
15077,0.0018,74.125.24.0-255,4320,102624,11,179203
15078,0.001803,172.31.36.0-255,66,102690,11,179203
15079,0.001814,172.31.36.0-255,66,102756,11,179203
15080,0.001819,74.125.24.0-255,2184,104940,11,179203
15081,0.001821,172.31.36.0-255,66,105006,11,179203
15082,0.001826,74.125.24.0-255,2902,107908,11,179203
15083,0.001828,172.31.36.0-255,66,107974,11,179203
15084,0.00186,74.125.24.0-255,7156,115130,11,179203
15085,0.001865,172.31.36.0-255,66,115196,11,179203
15086,0.001893,172.31.36.0-255,66,115262,11,179203
15087,0.001946,172.31.36.0-255,66,115328,11,179203
15088,0.001965,74.125.24.0-255,2902,118230,11,179203
15089,0.001967,172.31.36.0-255,66,118296,11,179203
15090,0.002001,172.31.36.0-255,66,118362,11,179203
15091,0.002008,74.125.24.0-255,5738,124100,11,179203
15092,0.002011,172.31.36.0-255,66,124166,11,179203
15093,0.002034,172.31.36.0-255,66,124232,11,179203
15094,0.00204,74.125.24.0-255,5020,129252,11,179203
15095,0.002042,172.31.36.0-255,66,129318,11,179203
15096,0.002071,74.125.24.0-255,1484,130802,11,179203
15097,0.002076,74.125.24.0-255,2902,133704,11,179203
15098,0.002079,172.31.36.0-255,66,133770,11,179203
15099,0.002085,74.125.24.0-255,5738,139508,11,179203
15100,0.002088,172.31.36.0-255,66,139574,11,179203
15101,0.002108,74.125.24.0-255,1484,141058,11,179203
15102,0.002144,172.31.36.0-255,66,141124,11,179203
15103,0.002157,172.31.36.0-255,66,141190,11,179203
15104,0.002199,74.125.24.0-255,1484,142674,11,179203
15105,0.002203,74.125.24.0-255,1484,144158,11,179203
15106,0.002206,172.31.36.0-255,66,144224,11,179203
15107,0.002234,74.125.24.0-255,1484,145708,11,179203
15108,0.002241,74.125.24.0-255,4320,150028,11,179203
15109,0.002243,172.31.36.0-255,66,150094,11,179203
15110,0.002246,74.125.24.0-255,1484,151578,11,179203
15111,0.002254,74.125.24.0-255,7156,158734,11,179203
15112,0.002261,172.31.36.0-255,66,158800,11,179203
15113,0.002264,74.125.24.0-255,1484,160284,11,179203
15114,0.002304,172.31.36.0-255,66,160350,11,179203
15115,0.002311,74.125.24.0-255,5020,165370,11,179203
15116,0.002314,172.31.36.0-255,66,165436,11,179203
15117,0.002391,74.125.24.0-255,5738,171174,11,179203
15118,0.002394,172.31.36.0-255,66,171240,11,179203
15119,0.002408,172.31.36.0-255,66,171306,11,179203
15120,0.00242,172.31.36.0-255,66,171372,11,179203
15121,0.002425,74.125.24.0-255,2902,174274,11,179203
15122,0.002428,172.31.36.0-255,66,174340,11,179203
15123,0.002478,172.31.36.0-255,66,174406,11,179203
15124,0.002488,172.31.36.0-255,66,174472,11,179203
15125,0.002491,74.125.24.0-255,105,174577,11,179203
15126,0.002946,172.31.36.0-255,101,174678,11,179203
15127,0.004583,172.31.36.0-255,105,174783,11,179203
15128,0.004912,74.125.24.0-255,66,174849,11,179203
15129,0.006554,74.125.24.0-255,66,174915,11,179203
15130,0.031211,172.31.36.0-255,172,175087,11,179203
15131,0.031246,172.31.36.0-255,1110,176197,11,179203
15132,0.031306,172.31.36.0-255,1514,177711,11,179203
15133,0.031308,172.31.36.0-255,1294,179005,11,179203
15134,0.032769,104.244.42.0-255,66,179071,11,179203
15135,0.032808,104.244.42.0-255,66,179137,11,179203
15136,0.032852,104.244.42.0-255,66,179203,11,179203
