,TIME,SRC,PACKET_SIZE,CUMULATIVE_PACKET_SIZE,PAGE_NUMBER,TOTAL_PACKET_SIZE
0,0.0,172.217.194.0-255,153,153,96,324044
1,2.5e-05,172.31.47.0-255,66,219,96,324044
2,3.2e-05,172.217.194.0-255,1484,1703,96,324044
3,3.6e-05,172.31.47.0-255,66,1769,96,324044
4,4.1e-05,172.217.194.0-255,2902,4671,96,324044
5,4.3e-05,172.31.47.0-255,66,4737,96,324044
6,5e-05,172.217.194.0-255,7156,11893,96,324044
7,5.2e-05,172.31.47.0-255,66,11959,96,324044
8,5.5e-05,172.217.194.0-255,1484,13443,96,324044
9,5.7e-05,172.31.47.0-255,66,13509,96,324044
10,6e-05,172.217.194.0-255,530,14039,96,324044
11,6.2e-05,172.31.47.0-255,66,14105,96,324044
12,0.000163,172.217.194.0-255,1484,15589,96,324044
13,0.000167,172.31.47.0-255,66,15655,96,324044
14,0.000173,172.217.194.0-255,2902,18557,96,324044
15,0.000175,172.31.47.0-255,66,18623,96,324044
16,0.000182,172.217.194.0-255,5738,24361,96,324044
17,0.000184,172.31.47.0-255,66,24427,96,324044
18,0.000213,172.217.194.0-255,5738,30165,96,324044
19,0.000216,172.31.47.0-255,66,30231,96,324044
20,0.000227,172.217.194.0-255,1125,31356,96,324044
21,0.00023,172.31.47.0-255,66,31422,96,324044
22,0.000305,172.217.194.0-255,1484,32906,96,324044
23,0.000308,172.31.47.0-255,66,32972,96,324044
24,0.000313,172.217.194.0-255,2902,35874,96,324044
25,0.000315,172.31.47.0-255,66,35940,96,324044
26,0.000321,172.217.194.0-255,4320,40260,96,324044
27,0.000323,172.31.47.0-255,66,40326,96,324044
28,0.000339,172.217.194.0-255,1484,41810,96,324044
29,0.000342,172.31.47.0-255,66,41876,96,324044
30,0.000346,172.217.194.0-255,2902,44778,96,324044
31,0.000349,172.31.47.0-255,66,44844,96,324044
32,0.000377,172.217.194.0-255,3961,48805,96,324044
33,0.000381,172.31.47.0-255,66,48871,96,324044
34,0.000388,172.217.194.0-255,7156,56027,96,324044
35,0.00039,172.31.47.0-255,66,56093,96,324044
36,0.000393,172.217.194.0-255,1484,57577,96,324044
37,0.000417,172.31.47.0-255,66,57643,96,324044
38,0.000443,172.217.194.0-255,646,58289,96,324044
39,0.000715,172.31.47.0-255,66,58355,96,324044
40,0.001289,172.217.194.0-255,1484,59839,96,324044
41,0.001299,172.217.194.0-255,2902,62741,96,324044
42,0.001303,172.31.47.0-255,66,62807,96,324044
43,0.00131,172.217.194.0-255,4320,67127,96,324044
44,0.001312,172.31.47.0-255,66,67193,96,324044
45,0.001333,172.217.194.0-255,1484,68677,96,324044
46,0.00134,172.217.194.0-255,7156,75833,96,324044
47,0.001342,172.31.47.0-255,66,75899,96,324044
48,0.001367,172.217.194.0-255,5738,81637,96,324044
49,0.001369,172.31.47.0-255,66,81703,96,324044
50,0.001378,172.31.47.0-255,66,81769,96,324044
51,0.001399,172.217.194.0-255,1484,83253,96,324044
52,0.001411,172.217.194.0-255,766,84019,96,324044
53,0.001413,172.31.47.0-255,66,84085,96,324044
54,0.001567,172.217.194.0-255,1484,85569,96,324044
55,0.001571,172.217.194.0-255,2902,88471,96,324044
56,0.001573,172.31.47.0-255,66,88537,96,324044
57,0.001595,172.217.194.0-255,4320,92857,96,324044
58,0.001597,172.31.47.0-255,66,92923,96,324044
59,0.001608,172.217.194.0-255,1484,94407,96,324044
60,0.001625,172.217.194.0-255,5738,100145,96,324044
61,0.001627,172.31.47.0-255,66,100211,96,324044
62,0.001645,172.217.194.0-255,4320,104531,96,324044
63,0.001646,172.31.47.0-255,66,104597,96,324044
64,0.001674,172.31.47.0-255,66,104663,96,324044
65,0.001679,172.217.194.0-255,5020,109683,96,324044
66,0.00168,172.31.47.0-255,66,109749,96,324044
67,0.00169,172.217.194.0-255,2902,112651,96,324044
68,0.001692,172.31.47.0-255,66,112717,96,324044
69,0.001705,172.217.194.0-255,2902,115619,96,324044
70,0.001706,172.31.47.0-255,66,115685,96,324044
71,0.001709,172.217.194.0-255,1484,117169,96,324044
72,0.001723,172.217.194.0-255,7156,124325,96,324044
73,0.001725,172.31.47.0-255,66,124391,96,324044
74,0.001739,172.217.194.0-255,4320,128711,96,324044
75,0.001741,172.31.47.0-255,66,128777,96,324044
76,0.001746,172.217.194.0-255,5738,134515,96,324044
77,0.001748,172.31.47.0-255,66,134581,96,324044
78,0.001785,172.31.47.0-255,66,134647,96,324044
79,0.001832,172.217.194.0-255,1484,136131,96,324044
80,0.001847,172.217.194.0-255,2902,139033,96,324044
81,0.001849,172.31.47.0-255,66,139099,96,324044
82,0.001868,172.217.194.0-255,5738,144837,96,324044
83,0.00187,172.31.47.0-255,66,144903,96,324044
84,0.001873,172.217.194.0-255,2902,147805,96,324044
85,0.001875,172.31.47.0-255,66,147871,96,324044
86,0.001889,172.217.194.0-255,1484,149355,96,324044
87,0.001899,172.217.194.0-255,4320,153675,96,324044
88,0.001901,172.31.47.0-255,66,153741,96,324044
89,0.001922,172.217.194.0-255,7156,160897,96,324044
90,0.001924,172.31.47.0-255,66,160963,96,324044
91,0.001932,172.31.47.0-255,66,161029,96,324044
92,0.00395,172.217.194.0-255,5738,166767,96,324044
93,0.003956,172.31.47.0-255,66,166833,96,324044
94,0.005952,172.217.194.0-255,5738,172571,96,324044
95,0.005959,172.31.47.0-255,66,172637,96,324044
96,0.007977,172.217.194.0-255,5738,178375,96,324044
97,0.007984,172.31.47.0-255,66,178441,96,324044
98,0.010003,172.217.194.0-255,5738,184179,96,324044
99,0.010011,172.31.47.0-255,66,184245,96,324044
100,0.01204,172.217.194.0-255,5738,189983,96,324044
101,0.01205,172.31.47.0-255,66,190049,96,324044
102,0.014075,172.217.194.0-255,5738,195787,96,324044
103,0.014083,172.31.47.0-255,66,195853,96,324044
104,0.016082,172.217.194.0-255,5738,201591,96,324044
105,0.016089,172.31.47.0-255,66,201657,96,324044
106,0.018087,172.217.194.0-255,5738,207395,96,324044
107,0.018096,172.31.47.0-255,66,207461,96,324044
108,0.020128,172.217.194.0-255,5738,213199,96,324044
109,0.020136,172.31.47.0-255,66,213265,96,324044
110,0.022164,172.217.194.0-255,5738,219003,96,324044
111,0.022172,172.31.47.0-255,66,219069,96,324044
112,0.024197,172.217.194.0-255,5738,224807,96,324044
113,0.024204,172.31.47.0-255,66,224873,96,324044
114,0.025343,172.31.47.0-255,172,225045,96,324044
115,0.025384,172.31.47.0-255,1109,226154,96,324044
116,0.02546,172.31.47.0-255,1514,227668,96,324044
117,0.025462,172.31.47.0-255,1302,228970,96,324044
118,0.026196,172.217.194.0-255,5738,234708,96,324044
119,0.026203,172.31.47.0-255,66,234774,96,324044
120,0.026919,104.244.42.0-255,66,234840,96,324044
121,0.026962,104.244.42.0-255,66,234906,96,324044
122,0.027014,104.244.42.0-255,66,234972,96,324044
123,0.028185,172.217.194.0-255,1484,236456,96,324044
124,0.028213,172.217.194.0-255,4320,240776,96,324044
125,0.028218,172.31.47.0-255,66,240842,96,324044
126,0.030232,172.217.194.0-255,5738,246580,96,324044
127,0.030238,172.31.47.0-255,66,246646,96,324044
128,0.032233,172.217.194.0-255,2902,249548,96,324044
129,0.032237,172.31.47.0-255,66,249614,96,324044
130,0.032269,172.217.194.0-255,2902,252516,96,324044
131,0.032272,172.31.47.0-255,66,252582,96,324044
132,0.034251,172.217.194.0-255,4320,256902,96,324044
133,0.034255,172.31.47.0-255,66,256968,96,324044
134,0.03428,172.217.194.0-255,1484,258452,96,324044
135,0.036248,172.217.194.0-255,4320,262772,96,324044
136,0.036253,172.31.47.0-255,66,262838,96,324044
137,0.038246,172.217.194.0-255,5738,268576,96,324044
138,0.03825,172.31.47.0-255,66,268642,96,324044
139,0.040253,172.217.194.0-255,5738,274380,96,324044
140,0.040258,172.31.47.0-255,66,274446,96,324044
141,0.042265,172.217.194.0-255,5738,280184,96,324044
142,0.04227,172.31.47.0-255,66,280250,96,324044
143,0.044277,172.217.194.0-255,5738,285988,96,324044
144,0.044282,172.31.47.0-255,66,286054,96,324044
145,0.046283,172.217.194.0-255,5738,291792,96,324044
146,0.046289,172.31.47.0-255,66,291858,96,324044
147,0.048282,172.217.194.0-255,4320,296178,96,324044
148,0.048287,172.31.47.0-255,66,296244,96,324044
149,0.048319,172.217.194.0-255,1484,297728,96,324044
150,0.050278,172.217.194.0-255,4320,302048,96,324044
151,0.050283,172.31.47.0-255,66,302114,96,324044
152,0.052293,172.217.194.0-255,4320,306434,96,324044
153,0.052298,172.31.47.0-255,66,306500,96,324044
154,0.052323,172.217.194.0-255,1484,307984,96,324044
155,0.054291,172.217.194.0-255,4320,312304,96,324044
156,0.054296,172.31.47.0-255,66,312370,96,324044
157,0.05629,172.217.194.0-255,5738,318108,96,324044
158,0.056294,172.31.47.0-255,66,318174,96,324044
159,0.058282,172.217.194.0-255,4320,322494,96,324044
160,0.058287,172.31.47.0-255,66,322560,96,324044
161,0.058309,172.217.194.0-255,1484,324044,96,324044
162,0.0,172.217.194.0-255,152,152,96,197593
163,2.6e-05,172.31.47.0-255,66,218,96,197593
164,3.2e-05,172.217.194.0-255,1484,1702,96,197593
165,3.6e-05,172.31.47.0-255,66,1768,96,197593
166,5e-05,172.217.194.0-255,2902,4670,96,197593
167,5.2e-05,172.31.47.0-255,66,4736,96,197593
168,9.4e-05,172.217.194.0-255,5738,10474,96,197593
169,9.6e-05,172.31.47.0-255,66,10540,96,197593
170,0.000105,172.31.47.0-255,66,10606,96,197593
171,0.00011,172.217.194.0-255,2902,13508,96,197593
172,0.000112,172.31.47.0-255,66,13574,96,197593
173,0.00013,172.217.194.0-255,5738,19312,96,197593
174,0.000133,172.31.47.0-255,66,19378,96,197593
175,0.000147,172.217.194.0-255,3961,23339,96,197593
176,0.00015,172.31.47.0-255,66,23405,96,197593
177,0.000993,172.217.194.0-255,1484,24889,96,197593
178,0.000999,172.31.47.0-255,66,24955,96,197593
179,0.001006,172.217.194.0-255,1484,26439,96,197593
180,0.001007,172.31.47.0-255,66,26505,96,197593
181,0.00102,172.217.194.0-255,1484,27989,96,197593
182,0.001022,172.31.47.0-255,66,28055,96,197593
183,0.001025,172.217.194.0-255,1484,29539,96,197593
184,0.001026,172.31.47.0-255,66,29605,96,197593
185,0.001032,172.217.194.0-255,5738,35343,96,197593
186,0.001034,172.31.47.0-255,66,35409,96,197593
187,0.001056,172.217.194.0-255,1484,36893,96,197593
188,0.001058,172.31.47.0-255,66,36959,96,197593
189,0.001078,172.31.47.0-255,66,37025,96,197593
190,0.001113,172.217.194.0-255,1484,38509,96,197593
191,0.001115,172.31.47.0-255,66,38575,96,197593
192,0.001141,172.31.47.0-255,66,38641,96,197593
193,0.001649,172.217.194.0-255,645,39286,96,197593
194,0.001669,172.31.47.0-255,66,39352,96,197593
195,0.001688,172.217.194.0-255,1484,40836,96,197593
196,0.001702,172.217.194.0-255,1484,42320,96,197593
197,0.001705,172.31.47.0-255,66,42386,96,197593
198,0.001718,172.217.194.0-255,2902,45288,96,197593
199,0.00172,172.31.47.0-255,66,45354,96,197593
200,0.00173,172.31.47.0-255,66,45420,96,197593
201,0.001762,172.217.194.0-255,5738,51158,96,197593
202,0.001765,172.31.47.0-255,66,51224,96,197593
203,0.001794,172.217.194.0-255,2184,53408,96,197593
204,0.001797,172.31.47.0-255,66,53474,96,197593
205,0.001799,172.31.47.0-255,66,53540,96,197593
206,0.004067,172.217.194.0-255,4320,57860,96,197593
207,0.004071,172.31.47.0-255,66,57926,96,197593
208,0.004087,172.217.194.0-255,1484,59410,96,197593
209,0.006365,172.217.194.0-255,4320,63730,96,197593
210,0.006372,172.31.47.0-255,66,63796,96,197593
211,0.008643,172.217.194.0-255,5738,69534,96,197593
212,0.008652,172.31.47.0-255,66,69600,96,197593
213,0.010925,172.217.194.0-255,5738,75338,96,197593
214,0.010933,172.31.47.0-255,66,75404,96,197593
215,0.013241,172.217.194.0-255,5738,81142,96,197593
216,0.013249,172.31.47.0-255,66,81208,96,197593
217,0.015582,172.217.194.0-255,5738,86946,96,197593
218,0.015593,172.31.47.0-255,66,87012,96,197593
219,0.017912,172.217.194.0-255,5738,92750,96,197593
220,0.017919,172.31.47.0-255,66,92816,96,197593
221,0.020232,172.217.194.0-255,5738,98554,96,197593
222,0.020239,172.31.47.0-255,66,98620,96,197593
223,0.022541,172.217.194.0-255,5738,104358,96,197593
224,0.022547,172.31.47.0-255,66,104424,96,197593
225,0.023456,172.31.47.0-255,172,104596,96,197593
226,0.02349,172.31.47.0-255,1110,105706,96,197593
227,0.023546,172.31.47.0-255,1514,107220,96,197593
228,0.023548,172.31.47.0-255,1301,108521,96,197593
229,0.024812,172.217.194.0-255,5738,114259,96,197593
230,0.024817,172.31.47.0-255,66,114325,96,197593
231,0.025001,104.244.42.0-255,66,114391,96,197593
232,0.025026,104.244.42.0-255,66,114457,96,197593
233,0.025081,104.244.42.0-255,66,114523,96,197593
234,0.02715,172.217.194.0-255,5738,120261,96,197593
235,0.027156,172.31.47.0-255,66,120327,96,197593
236,0.029479,172.217.194.0-255,5738,126065,96,197593
237,0.029483,172.31.47.0-255,66,126131,96,197593
238,0.03178,172.217.194.0-255,5738,131869,96,197593
239,0.031785,172.31.47.0-255,66,131935,96,197593
240,0.034101,172.217.194.0-255,5738,137673,96,197593
241,0.034106,172.31.47.0-255,66,137739,96,197593
242,0.036369,172.217.194.0-255,4320,142059,96,197593
243,0.036374,172.31.47.0-255,66,142125,96,197593
244,0.036401,172.217.194.0-255,1484,143609,96,197593
245,0.038715,172.217.194.0-255,4320,147929,96,197593
246,0.03872,172.31.47.0-255,66,147995,96,197593
247,0.041062,172.217.194.0-255,5738,153733,96,197593
248,0.041067,172.31.47.0-255,66,153799,96,197593
249,0.043347,172.217.194.0-255,5738,159537,96,197593
250,0.043352,172.31.47.0-255,66,159603,96,197593
251,0.045609,172.217.194.0-255,5738,165341,96,197593
252,0.045615,172.31.47.0-255,66,165407,96,197593
253,0.047879,172.217.194.0-255,4320,169727,96,197593
254,0.047884,172.31.47.0-255,66,169793,96,197593
255,0.0479,172.217.194.0-255,1484,171277,96,197593
256,0.050196,172.217.194.0-255,4320,175597,96,197593
257,0.050201,172.31.47.0-255,66,175663,96,197593
258,0.052528,172.217.194.0-255,5738,181401,96,197593
259,0.052533,172.31.47.0-255,66,181467,96,197593
260,0.054827,172.217.194.0-255,4320,185787,96,197593
261,0.054832,172.31.47.0-255,66,185853,96,197593
262,0.054858,172.217.194.0-255,1484,187337,96,197593
263,0.057127,172.217.194.0-255,4320,191657,96,197593
264,0.057133,172.31.47.0-255,66,191723,96,197593
265,0.059404,172.217.194.0-255,4320,196043,96,197593
266,0.059409,172.31.47.0-255,66,196109,96,197593
267,0.059432,172.217.194.0-255,1484,197593,96,197593
268,0.0,172.217.194.0-255,153,153,96,221307
269,3e-05,172.31.47.0-255,66,219,96,221307
270,3.6e-05,172.217.194.0-255,1484,1703,96,221307
271,4e-05,172.31.47.0-255,66,1769,96,221307
272,4.4e-05,172.217.194.0-255,2902,4671,96,221307
273,4.6e-05,172.31.47.0-255,66,4737,96,221307
274,5.9e-05,172.217.194.0-255,7156,11893,96,221307
275,6.1e-05,172.31.47.0-255,66,11959,96,221307
276,6.6e-05,172.217.194.0-255,2127,14086,96,221307
277,6.8e-05,172.31.47.0-255,66,14152,96,221307
278,9.1e-05,172.217.194.0-255,7156,21308,96,221307
279,9.3e-05,172.31.47.0-255,66,21374,96,221307
280,0.000124,172.217.194.0-255,4320,25694,96,221307
281,0.000127,172.31.47.0-255,66,25760,96,221307
282,0.000133,172.217.194.0-255,5379,31139,96,221307
283,0.000135,172.31.47.0-255,66,31205,96,221307
284,0.00025,172.217.194.0-255,1484,32689,96,221307
285,0.000255,172.31.47.0-255,66,32755,96,221307
286,0.000266,172.217.194.0-255,2902,35657,96,221307
287,0.000272,172.31.47.0-255,66,35723,96,221307
288,0.000292,172.217.194.0-255,5738,41461,96,221307
289,0.000295,172.31.47.0-255,66,41527,96,221307
290,0.00033,172.31.47.0-255,66,41593,96,221307
291,0.000333,172.217.194.0-255,2902,44495,96,221307
292,0.000336,172.31.47.0-255,66,44561,96,221307
293,0.000357,172.217.194.0-255,5738,50299,96,221307
294,0.000364,172.31.47.0-255,66,50365,96,221307
295,0.000371,172.217.194.0-255,7089,57454,96,221307
296,0.000373,172.31.47.0-255,66,57520,96,221307
297,0.000453,172.217.194.0-255,364,57884,96,221307
298,0.000457,172.31.47.0-255,66,57950,96,221307
299,0.000696,172.217.194.0-255,1484,59434,96,221307
300,0.000722,172.217.194.0-255,2902,62336,96,221307
301,0.000725,172.31.47.0-255,66,62402,96,221307
302,0.000731,172.217.194.0-255,5738,68140,96,221307
303,0.000733,172.31.47.0-255,66,68206,96,221307
304,0.000737,172.217.194.0-255,2902,71108,96,221307
305,0.000743,172.31.47.0-255,66,71174,96,221307
306,0.000777,172.31.47.0-255,66,71240,96,221307
307,0.000788,172.31.47.0-255,66,71306,96,221307
308,0.000891,172.217.194.0-255,1484,72790,96,221307
309,0.000895,172.217.194.0-255,1484,74274,96,221307
310,0.000899,172.31.47.0-255,66,74340,96,221307
311,0.00091,172.217.194.0-255,1484,75824,96,221307
312,0.00092,172.217.194.0-255,5738,81562,96,221307
313,0.000922,172.31.47.0-255,66,81628,96,221307
314,0.000928,172.217.194.0-255,5738,87366,96,221307
315,0.00093,172.31.47.0-255,66,87432,96,221307
316,0.000949,172.217.194.0-255,7156,94588,96,221307
317,0.000951,172.31.47.0-255,66,94654,96,221307
318,0.000963,172.217.194.0-255,5738,100392,96,221307
319,0.000965,172.31.47.0-255,66,100458,96,221307
320,0.00097,172.217.194.0-255,4320,104778,96,221307
321,0.000972,172.31.47.0-255,66,104844,96,221307
322,0.000998,172.217.194.0-255,766,105610,96,221307
323,0.001175,172.31.47.0-255,66,105676,96,221307
324,0.00132,172.217.194.0-255,1484,107160,96,221307
325,0.001328,172.217.194.0-255,2902,110062,96,221307
326,0.001331,172.31.47.0-255,66,110128,96,221307
327,0.001334,172.217.194.0-255,1484,111612,96,221307
328,0.001361,172.217.194.0-255,4320,115932,96,221307
329,0.001363,172.31.47.0-255,66,115998,96,221307
330,0.001406,172.217.194.0-255,7156,123154,96,221307
331,0.001409,172.31.47.0-255,66,123220,96,221307
332,0.001433,172.217.194.0-255,5738,128958,96,221307
333,0.001435,172.31.47.0-255,66,129024,96,221307
334,0.001442,172.217.194.0-255,7156,136180,96,221307
335,0.001444,172.31.47.0-255,66,136246,96,221307
336,0.001453,172.217.194.0-255,3602,139848,96,221307
337,0.001454,172.31.47.0-255,66,139914,96,221307
338,0.001458,172.217.194.0-255,4320,144234,96,221307
339,0.00146,172.31.47.0-255,66,144300,96,221307
340,0.001488,172.31.47.0-255,66,144366,96,221307
341,0.001493,172.217.194.0-255,5738,150104,96,221307
342,0.001495,172.31.47.0-255,66,150170,96,221307
343,0.001557,172.31.47.0-255,66,150236,96,221307
344,0.001572,172.31.47.0-255,66,150302,96,221307
345,0.001608,172.31.47.0-255,66,150368,96,221307
346,0.001634,172.217.194.0-255,6438,156806,96,221307
347,0.001637,172.31.47.0-255,66,156872,96,221307
348,0.001658,172.217.194.0-255,1484,158356,96,221307
349,0.001669,172.217.194.0-255,2902,161258,96,221307
350,0.00167,172.31.47.0-255,66,161324,96,221307
351,0.0017,172.217.194.0-255,5738,167062,96,221307
352,0.001703,172.31.47.0-255,66,167128,96,221307
353,0.001707,172.217.194.0-255,4320,171448,96,221307
354,0.001709,172.31.47.0-255,66,171514,96,221307
355,0.001725,172.217.194.0-255,7156,178670,96,221307
356,0.001727,172.31.47.0-255,66,178736,96,221307
357,0.001746,172.217.194.0-255,4320,183056,96,221307
358,0.001748,172.31.47.0-255,66,183122,96,221307
359,0.001756,172.31.47.0-255,66,183188,96,221307
360,0.00183,172.217.194.0-255,1484,184672,96,221307
361,0.001847,172.217.194.0-255,2902,187574,96,221307
362,0.001848,172.31.47.0-255,66,187640,96,221307
363,0.001854,172.217.194.0-255,5738,193378,96,221307
364,0.001856,172.31.47.0-255,66,193444,96,221307
365,0.001887,172.31.47.0-255,66,193510,96,221307
366,0.00194,172.31.47.0-255,66,193576,96,221307
367,0.001952,172.217.194.0-255,4320,197896,96,221307
368,0.001953,172.31.47.0-255,66,197962,96,221307
369,0.001971,172.217.194.0-255,2902,200864,96,221307
370,0.001976,172.31.47.0-255,66,200930,96,221307
371,0.001985,172.31.47.0-255,66,200996,96,221307
372,0.001987,172.217.194.0-255,1484,202480,96,221307
373,0.002012,172.31.47.0-255,66,202546,96,221307
374,0.002015,172.217.194.0-255,2184,204730,96,221307
375,0.002018,172.31.47.0-255,66,204796,96,221307
376,0.002047,172.217.194.0-255,4320,209116,96,221307
377,0.002049,172.31.47.0-255,66,209182,96,221307
378,0.002093,172.31.47.0-255,66,209248,96,221307
379,0.002102,172.31.47.0-255,66,209314,96,221307
380,0.002124,172.217.194.0-255,7156,216470,96,221307
381,0.002127,172.31.47.0-255,66,216536,96,221307
382,0.002154,172.31.47.0-255,66,216602,96,221307
383,0.002189,172.31.47.0-255,66,216668,96,221307
384,0.002212,172.217.194.0-255,105,216773,96,221307
385,0.008409,172.31.47.0-255,66,216839,96,221307
386,0.008435,172.31.47.0-255,105,216944,96,221307
387,0.010916,172.217.194.0-255,66,217010,96,221307
388,0.026537,172.31.47.0-255,172,217182,96,221307
389,0.026566,172.31.47.0-255,1109,218291,96,221307
390,0.0266,172.31.47.0-255,1514,219805,96,221307
391,0.026602,172.31.47.0-255,1304,221109,96,221307
392,0.028057,104.244.42.0-255,66,221175,96,221307
393,0.028103,104.244.42.0-255,66,221241,96,221307
394,0.028148,104.244.42.0-255,66,221307,96,221307
395,0.0,172.217.194.0-255,153,153,96,291872
396,1.4e-05,172.31.47.0-255,66,219,96,291872
397,2.1e-05,172.217.194.0-255,1484,1703,96,291872
398,2.5e-05,172.31.47.0-255,66,1769,96,291872
399,3e-05,172.217.194.0-255,2902,4671,96,291872
400,3.3e-05,172.31.47.0-255,66,4737,96,291872
401,4.7e-05,172.217.194.0-255,7156,11893,96,291872
402,5e-05,172.31.47.0-255,66,11959,96,291872
403,7.8e-05,172.217.194.0-255,1981,13940,96,291872
404,8e-05,172.31.47.0-255,66,14006,96,291872
405,0.000104,172.217.194.0-255,2902,16908,96,291872
406,0.000107,172.31.47.0-255,66,16974,96,291872
407,0.000113,172.217.194.0-255,7156,24130,96,291872
408,0.000115,172.31.47.0-255,66,24196,96,291872
409,0.000167,172.217.194.0-255,6797,30993,96,291872
410,0.000169,172.31.47.0-255,66,31059,96,291872
411,0.000214,172.217.194.0-255,4320,35379,96,291872
412,0.000216,172.31.47.0-255,66,35445,96,291872
413,0.000226,172.217.194.0-255,1484,36929,96,291872
414,0.000228,172.31.47.0-255,66,36995,96,291872
415,0.000239,172.217.194.0-255,7156,44151,96,291872
416,0.000242,172.31.47.0-255,66,44217,96,291872
417,0.000272,172.217.194.0-255,5738,49955,96,291872
418,0.000274,172.31.47.0-255,66,50021,96,291872
419,0.000305,172.31.47.0-255,66,50087,96,291872
420,0.000315,172.217.194.0-255,1484,51571,96,291872
421,0.000317,172.31.47.0-255,66,51637,96,291872
422,0.000334,172.217.194.0-255,3961,55598,96,291872
423,0.000337,172.31.47.0-255,66,55664,96,291872
424,0.000339,172.217.194.0-255,367,56031,96,291872
425,0.000341,172.31.47.0-255,66,56097,96,291872
426,0.000385,172.217.194.0-255,376,56473,96,291872
427,0.000631,172.217.194.0-255,1484,57957,96,291872
428,0.000635,172.217.194.0-255,2902,60859,96,291872
429,0.00064,172.31.47.0-255,66,60925,96,291872
430,0.000648,172.31.47.0-255,66,60991,96,291872
431,0.000654,172.217.194.0-255,5738,66729,96,291872
432,0.000656,172.31.47.0-255,66,66795,96,291872
433,0.000703,172.31.47.0-255,66,66861,96,291872
434,0.000736,172.31.47.0-255,66,66927,96,291872
435,0.000855,172.217.194.0-255,1484,68411,96,291872
436,0.000869,172.217.194.0-255,2902,71313,96,291872
437,0.000872,172.31.47.0-255,66,71379,96,291872
438,0.000876,172.217.194.0-255,2902,74281,96,291872
439,0.000877,172.31.47.0-255,66,74347,96,291872
440,0.000901,172.217.194.0-255,2902,77249,96,291872
441,0.000903,172.31.47.0-255,66,77315,96,291872
442,0.000918,172.31.47.0-255,66,77381,96,291872
443,0.000923,172.217.194.0-255,4320,81701,96,291872
444,0.000925,172.31.47.0-255,66,81767,96,291872
445,0.000948,172.217.194.0-255,6438,88205,96,291872
446,0.000951,172.31.47.0-255,66,88271,96,291872
447,0.001677,172.217.194.0-255,1484,89755,96,291872
448,0.001685,172.217.194.0-255,2902,92657,96,291872
449,0.001689,172.31.47.0-255,66,92723,96,291872
450,0.001718,172.217.194.0-255,5738,98461,96,291872
451,0.001721,172.31.47.0-255,66,98527,96,291872
452,0.001731,172.31.47.0-255,66,98593,96,291872
453,0.001758,172.217.194.0-255,2902,101495,96,291872
454,0.001765,172.31.47.0-255,66,101561,96,291872
455,0.001778,172.31.47.0-255,66,101627,96,291872
456,0.001807,172.217.194.0-255,1484,103111,96,291872
457,0.001812,172.217.194.0-255,2902,106013,96,291872
458,0.001815,172.31.47.0-255,66,106079,96,291872
459,0.00184,172.217.194.0-255,5738,111817,96,291872
460,0.001842,172.31.47.0-255,66,111883,96,291872
461,0.001849,172.217.194.0-255,5738,117621,96,291872
462,0.001851,172.31.47.0-255,66,117687,96,291872
463,0.001858,172.217.194.0-255,5738,123425,96,291872
464,0.00186,172.31.47.0-255,66,123491,96,291872
465,0.001897,172.217.194.0-255,7156,130647,96,291872
466,0.0019,172.31.47.0-255,66,130713,96,291872
467,0.001906,172.217.194.0-255,5020,135733,96,291872
468,0.001909,172.31.47.0-255,66,135799,96,291872
469,0.001971,172.217.194.0-255,1484,137283,96,291872
470,0.001976,172.217.194.0-255,2902,140185,96,291872
471,0.001979,172.31.47.0-255,66,140251,96,291872
472,0.002007,172.217.194.0-255,5738,145989,96,291872
473,0.002009,172.31.47.0-255,66,146055,96,291872
474,0.002017,172.217.194.0-255,7156,153211,96,291872
475,0.00202,172.31.47.0-255,66,153277,96,291872
476,0.002046,172.217.194.0-255,5738,159015,96,291872
477,0.002048,172.31.47.0-255,66,159081,96,291872
478,0.00206,172.31.47.0-255,66,159147,96,291872
479,0.002162,172.217.194.0-255,1484,160631,96,291872
480,0.002168,172.217.194.0-255,2902,163533,96,291872
481,0.002171,172.31.47.0-255,66,163599,96,291872
482,0.002202,172.217.194.0-255,5738,169337,96,291872
483,0.002205,172.31.47.0-255,66,169403,96,291872
484,0.002211,172.217.194.0-255,5738,175141,96,291872
485,0.002214,172.31.47.0-255,66,175207,96,291872
486,0.002263,172.31.47.0-255,66,175273,96,291872
487,0.002303,172.217.194.0-255,4320,179593,96,291872
488,0.002306,172.31.47.0-255,66,179659,96,291872
489,0.002334,172.31.47.0-255,66,179725,96,291872
490,0.002349,172.31.47.0-255,66,179791,96,291872
491,0.002365,172.31.47.0-255,66,179857,96,291872
492,0.002369,172.217.194.0-255,2902,182759,96,291872
493,0.002372,172.31.47.0-255,66,182825,96,291872
494,0.004645,172.217.194.0-255,5738,188563,96,291872
495,0.004653,172.31.47.0-255,66,188629,96,291872
496,0.00695,172.217.194.0-255,2902,191531,96,291872
497,0.006954,172.31.47.0-255,66,191597,96,291872
498,0.006975,172.217.194.0-255,2902,194499,96,291872
499,0.006978,172.31.47.0-255,66,194565,96,291872
500,0.009238,172.217.194.0-255,2902,197467,96,291872
501,0.009243,172.31.47.0-255,66,197533,96,291872
502,0.009273,172.217.194.0-255,2902,200435,96,291872
503,0.009276,172.31.47.0-255,66,200501,96,291872
504,0.01152,172.217.194.0-255,2902,203403,96,291872
505,0.011527,172.31.47.0-255,66,203469,96,291872
506,0.011566,172.217.194.0-255,2902,206371,96,291872
507,0.011568,172.31.47.0-255,66,206437,96,291872
508,0.013818,172.217.194.0-255,2902,209339,96,291872
509,0.013826,172.31.47.0-255,66,209405,96,291872
510,0.013857,172.217.194.0-255,2902,212307,96,291872
511,0.01386,172.31.47.0-255,66,212373,96,291872
512,0.016133,172.217.194.0-255,5738,218111,96,291872
513,0.016143,172.31.47.0-255,66,218177,96,291872
514,0.01849,172.217.194.0-255,5738,223915,96,291872
515,0.0185,172.31.47.0-255,66,223981,96,291872
516,0.020801,172.217.194.0-255,5738,229719,96,291872
517,0.020807,172.31.47.0-255,66,229785,96,291872
518,0.023106,172.217.194.0-255,5738,235523,96,291872
519,0.023112,172.31.47.0-255,66,235589,96,291872
520,0.025436,172.217.194.0-255,5738,241327,96,291872
521,0.025442,172.31.47.0-255,66,241393,96,291872
522,0.027742,172.217.194.0-255,5738,247131,96,291872
523,0.027749,172.31.47.0-255,66,247197,96,291872
524,0.028724,172.31.47.0-255,172,247369,96,291872
525,0.028755,172.31.47.0-255,1109,248478,96,291872
526,0.028812,172.31.47.0-255,1514,249992,96,291872
527,0.028814,172.31.47.0-255,1303,251295,96,291872
528,0.030069,172.217.194.0-255,5738,257033,96,291872
529,0.030075,172.31.47.0-255,66,257099,96,291872
530,0.030209,104.244.42.0-255,66,257165,96,291872
531,0.030239,104.244.42.0-255,66,257231,96,291872
532,0.030312,104.244.42.0-255,66,257297,96,291872
533,0.032382,172.217.194.0-255,5738,263035,96,291872
534,0.032387,172.31.47.0-255,66,263101,96,291872
535,0.034672,172.217.194.0-255,5738,268839,96,291872
536,0.03468,172.31.47.0-255,66,268905,96,291872
537,0.036985,172.217.194.0-255,5738,274643,96,291872
538,0.036992,172.31.47.0-255,66,274709,96,291872
539,0.039294,172.217.194.0-255,5738,280447,96,291872
540,0.039302,172.31.47.0-255,66,280513,96,291872
541,0.0416,172.217.194.0-255,5738,286251,96,291872
542,0.041606,172.31.47.0-255,66,286317,96,291872
543,0.043895,172.217.194.0-255,5318,291635,96,291872
544,0.043902,172.31.47.0-255,66,291701,96,291872
545,0.044086,172.31.47.0-255,105,291806,96,291872
546,0.046346,172.217.194.0-255,66,291872,96,291872
547,0.0,74.125.200.0-255,153,153,96,322979
548,2e-05,172.31.47.0-255,66,219,96,322979
549,2.8e-05,74.125.200.0-255,1484,1703,96,322979
550,3.3e-05,172.31.47.0-255,66,1769,96,322979
551,3.8e-05,74.125.200.0-255,2902,4671,96,322979
552,4.2e-05,172.31.47.0-255,66,4737,96,322979
553,4.6e-05,74.125.200.0-255,2902,7639,96,322979
554,4.9e-05,172.31.47.0-255,66,7705,96,322979
555,7.4e-05,74.125.200.0-255,2902,10607,96,322979
556,7.8e-05,172.31.47.0-255,66,10673,96,322979
557,0.000108,74.125.200.0-255,2902,13575,96,322979
558,0.000111,172.31.47.0-255,66,13641,96,322979
559,0.000129,74.125.200.0-255,2082,15723,96,322979
560,0.000131,172.31.47.0-255,66,15789,96,322979
561,0.000136,74.125.200.0-255,5738,21527,96,322979
562,0.000138,172.31.47.0-255,66,21593,96,322979
563,0.000169,172.31.47.0-255,66,21659,96,322979
564,0.00031,74.125.200.0-255,1484,23143,96,322979
565,0.000314,172.31.47.0-255,66,23209,96,322979
566,0.000318,74.125.200.0-255,2902,26111,96,322979
567,0.00032,172.31.47.0-255,66,26177,96,322979
568,0.000335,74.125.200.0-255,1484,27661,96,322979
569,0.000337,172.31.47.0-255,66,27727,96,322979
570,0.000361,74.125.200.0-255,4320,32047,96,322979
571,0.000364,172.31.47.0-255,66,32113,96,322979
572,0.00037,74.125.200.0-255,4320,36433,96,322979
573,0.000371,172.31.47.0-255,66,36499,96,322979
574,0.000383,74.125.200.0-255,2543,39042,96,322979
575,0.000385,172.31.47.0-255,66,39108,96,322979
576,0.000391,74.125.200.0-255,7156,46264,96,322979
577,0.000393,172.31.47.0-255,66,46330,96,322979
578,0.000417,74.125.200.0-255,2902,49232,96,322979
579,0.000419,172.31.47.0-255,66,49298,96,322979
580,0.000437,74.125.200.0-255,4320,53618,96,322979
581,0.00044,172.31.47.0-255,66,53684,96,322979
582,0.000456,74.125.200.0-255,2817,56501,96,322979
583,0.000459,172.31.47.0-255,66,56567,96,322979
584,0.000494,74.125.200.0-255,129,56696,96,322979
585,0.00061,74.125.200.0-255,1484,58180,96,322979
586,0.000614,172.31.47.0-255,66,58246,96,322979
587,0.00062,74.125.200.0-255,2902,61148,96,322979
588,0.000622,172.31.47.0-255,66,61214,96,322979
589,0.000625,74.125.200.0-255,1484,62698,96,322979
590,0.000628,74.125.200.0-255,2902,65600,96,322979
591,0.00063,172.31.47.0-255,66,65666,96,322979
592,0.000643,74.125.200.0-255,2902,68568,96,322979
593,0.000646,172.31.47.0-255,66,68634,96,322979
594,0.000661,74.125.200.0-255,2902,71536,96,322979
595,0.000663,172.31.47.0-255,66,71602,96,322979
596,0.000668,74.125.200.0-255,5738,77340,96,322979
597,0.00067,172.31.47.0-255,66,77406,96,322979
598,0.000672,74.125.200.0-255,1484,78890,96,322979
599,0.000697,74.125.200.0-255,5738,84628,96,322979
600,0.000701,172.31.47.0-255,66,84694,96,322979
601,0.00071,74.125.200.0-255,2902,87596,96,322979
602,0.000712,172.31.47.0-255,66,87662,96,322979
603,0.000728,74.125.200.0-255,3884,91546,96,322979
604,0.00073,172.31.47.0-255,66,91612,96,322979
605,0.000958,74.125.200.0-255,1484,93096,96,322979
606,0.000996,74.125.200.0-255,2902,95998,96,322979
607,0.001001,172.31.47.0-255,66,96064,96,322979
608,0.001025,74.125.200.0-255,4320,100384,96,322979
609,0.00103,74.125.200.0-255,4320,104704,96,322979
610,0.001034,172.31.47.0-255,66,104770,96,322979
611,0.001037,172.31.47.0-255,66,104836,96,322979
612,0.001051,74.125.200.0-255,1484,106320,96,322979
613,0.001067,74.125.200.0-255,1484,107804,96,322979
614,0.00107,172.31.47.0-255,66,107870,96,322979
615,0.001101,172.31.47.0-255,66,107936,96,322979
616,0.001107,74.125.200.0-255,7156,115092,96,322979
617,0.00111,172.31.47.0-255,66,115158,96,322979
618,0.001112,74.125.200.0-255,218,115376,96,322979
619,0.001203,74.125.200.0-255,1484,116860,96,322979
620,0.001207,172.31.47.0-255,66,116926,96,322979
621,0.001226,74.125.200.0-255,2902,119828,96,322979
622,0.001229,172.31.47.0-255,66,119894,96,322979
623,0.001246,74.125.200.0-255,1484,121378,96,322979
624,0.001259,74.125.200.0-255,2902,124280,96,322979
625,0.001262,172.31.47.0-255,66,124346,96,322979
626,0.001265,74.125.200.0-255,1484,125830,96,322979
627,0.001287,74.125.200.0-255,2902,128732,96,322979
628,0.00129,172.31.47.0-255,66,128798,96,322979
629,0.001361,74.125.200.0-255,4320,133118,96,322979
630,0.001365,74.125.200.0-255,2902,136020,96,322979
631,0.00137,172.31.47.0-255,66,136086,96,322979
632,0.001373,172.31.47.0-255,66,136152,96,322979
633,0.001391,74.125.200.0-255,2902,139054,96,322979
634,0.001393,172.31.47.0-255,66,139120,96,322979
635,0.001402,172.31.47.0-255,66,139186,96,322979
636,0.001405,74.125.200.0-255,766,139952,96,322979
637,0.001505,74.125.200.0-255,1484,141436,96,322979
638,0.001508,172.31.47.0-255,66,141502,96,322979
639,0.00153,74.125.200.0-255,2902,144404,96,322979
640,0.001533,172.31.47.0-255,66,144470,96,322979
641,0.001537,74.125.200.0-255,4320,148790,96,322979
642,0.001539,172.31.47.0-255,66,148856,96,322979
643,0.001575,74.125.200.0-255,4320,153176,96,322979
644,0.001577,172.31.47.0-255,66,153242,96,322979
645,0.001595,74.125.200.0-255,1484,154726,96,322979
646,0.001604,172.31.47.0-255,66,154792,96,322979
647,0.001625,74.125.200.0-255,2902,157694,96,322979
648,0.001627,172.31.47.0-255,66,157760,96,322979
649,0.001632,74.125.200.0-255,5738,163498,96,322979
650,0.001634,172.31.47.0-255,66,163564,96,322979
651,0.001671,172.31.47.0-255,66,163630,96,322979
652,0.001731,172.31.47.0-255,66,163696,96,322979
653,0.001777,74.125.200.0-255,1484,165180,96,322979
654,0.001801,172.31.47.0-255,66,165246,96,322979
655,0.001821,74.125.200.0-255,1484,166730,96,322979
656,0.001835,172.31.47.0-255,66,166796,96,322979
657,0.001844,172.31.47.0-255,66,166862,96,322979
658,0.001847,74.125.200.0-255,2184,169046,96,322979
659,0.001849,172.31.47.0-255,66,169112,96,322979
660,0.001994,74.125.200.0-255,1484,170596,96,322979
661,0.001999,74.125.200.0-255,2902,173498,96,322979
662,0.002001,172.31.47.0-255,66,173564,96,322979
663,0.002006,74.125.200.0-255,4320,177884,96,322979
664,0.002007,172.31.47.0-255,66,177950,96,322979
665,0.002023,74.125.200.0-255,7156,185106,96,322979
666,0.002025,172.31.47.0-255,66,185172,96,322979
667,0.004024,74.125.200.0-255,2902,188074,96,322979
668,0.00403,172.31.47.0-255,66,188140,96,322979
669,0.004047,74.125.200.0-255,2902,191042,96,322979
670,0.004049,172.31.47.0-255,66,191108,96,322979
671,0.006027,74.125.200.0-255,2902,194010,96,322979
672,0.006033,172.31.47.0-255,66,194076,96,322979
673,0.006052,74.125.200.0-255,2902,196978,96,322979
674,0.006054,172.31.47.0-255,66,197044,96,322979
675,0.008039,74.125.200.0-255,5738,202782,96,322979
676,0.00805,172.31.47.0-255,66,202848,96,322979
677,0.010053,74.125.200.0-255,5738,208586,96,322979
678,0.010061,172.31.47.0-255,66,208652,96,322979
679,0.012076,74.125.200.0-255,5738,214390,96,322979
680,0.012085,172.31.47.0-255,66,214456,96,322979
681,0.014093,74.125.200.0-255,5738,220194,96,322979
682,0.014099,172.31.47.0-255,66,220260,96,322979
683,0.016107,74.125.200.0-255,5738,225998,96,322979
684,0.016115,172.31.47.0-255,66,226064,96,322979
685,0.018123,74.125.200.0-255,5738,231802,96,322979
686,0.018129,172.31.47.0-255,66,231868,96,322979
687,0.020132,74.125.200.0-255,5738,237606,96,322979
688,0.020137,172.31.47.0-255,66,237672,96,322979
689,0.022136,74.125.200.0-255,5738,243410,96,322979
690,0.022147,172.31.47.0-255,66,243476,96,322979
691,0.024067,172.31.47.0-255,175,243651,96,322979
692,0.024119,172.31.47.0-255,1134,244785,96,322979
693,0.024148,74.125.200.0-255,5738,250523,96,322979
694,0.024154,172.31.47.0-255,66,250589,96,322979
695,0.024232,172.31.47.0-255,1514,252103,96,322979
696,0.024234,172.31.47.0-255,1277,253380,96,322979
697,0.025648,104.244.42.0-255,66,253446,96,322979
698,0.025688,104.244.42.0-255,66,253512,96,322979
699,0.025789,104.244.42.0-255,66,253578,96,322979
700,0.026173,74.125.200.0-255,5738,259316,96,322979
701,0.026179,172.31.47.0-255,66,259382,96,322979
702,0.028189,74.125.200.0-255,5738,265120,96,322979
703,0.028195,172.31.47.0-255,66,265186,96,322979
704,0.030189,74.125.200.0-255,5738,270924,96,322979
705,0.030194,172.31.47.0-255,66,270990,96,322979
706,0.032201,74.125.200.0-255,5738,276728,96,322979
707,0.032205,172.31.47.0-255,66,276794,96,322979
708,0.034205,74.125.200.0-255,5738,282532,96,322979
709,0.03421,172.31.47.0-255,66,282598,96,322979
710,0.036203,74.125.200.0-255,1484,284082,96,322979
711,0.036225,74.125.200.0-255,4320,288402,96,322979
712,0.03623,172.31.47.0-255,66,288468,96,322979
713,0.038232,74.125.200.0-255,5738,294206,96,322979
714,0.038246,172.31.47.0-255,66,294272,96,322979
715,0.04025,74.125.200.0-255,5738,300010,96,322979
716,0.040257,172.31.47.0-255,66,300076,96,322979
717,0.042298,74.125.200.0-255,5738,305814,96,322979
718,0.042303,172.31.47.0-255,66,305880,96,322979
719,0.04429,74.125.200.0-255,2902,308782,96,322979
720,0.044295,172.31.47.0-255,66,308848,96,322979
721,0.044323,74.125.200.0-255,2902,311750,96,322979
722,0.044326,172.31.47.0-255,66,311816,96,322979
723,0.046279,74.125.200.0-255,2902,314718,96,322979
724,0.046285,172.31.47.0-255,66,314784,96,322979
725,0.046313,74.125.200.0-255,2902,317686,96,322979
726,0.046316,172.31.47.0-255,66,317752,96,322979
727,0.048287,74.125.200.0-255,2902,320654,96,322979
728,0.048294,172.31.47.0-255,66,320720,96,322979
729,0.048315,74.125.200.0-255,2022,322742,96,322979
730,0.048317,172.31.47.0-255,66,322808,96,322979
731,0.049081,172.31.47.0-255,105,322913,96,322979
732,0.051052,74.125.200.0-255,66,322979,96,322979
733,0.0,74.125.24.0-255,153,153,96,321790
734,1.3e-05,172.31.47.0-255,66,219,96,321790
735,1.9e-05,74.125.24.0-255,1484,1703,96,321790
736,2.3e-05,172.31.47.0-255,66,1769,96,321790
737,2.8e-05,74.125.24.0-255,2902,4671,96,321790
738,3.1e-05,172.31.47.0-255,66,4737,96,321790
739,6.2e-05,74.125.24.0-255,7156,11893,96,321790
740,6.5e-05,172.31.47.0-255,66,11959,96,321790
741,6.8e-05,74.125.24.0-255,2084,14043,96,321790
742,7e-05,172.31.47.0-255,66,14109,96,321790
743,7.4e-05,74.125.24.0-255,2902,17011,96,321790
744,7.6e-05,172.31.47.0-255,66,17077,96,321790
745,9.9e-05,74.125.24.0-255,7156,24233,96,321790
746,0.000101,172.31.47.0-255,66,24299,96,321790
747,0.000104,74.125.24.0-255,1484,25783,96,321790
748,0.000105,172.31.47.0-255,66,25849,96,321790
749,0.000124,74.125.24.0-255,5379,31228,96,321790
750,0.000126,172.31.47.0-255,66,31294,96,321790
751,0.000274,74.125.24.0-255,1484,32778,96,321790
752,0.000278,172.31.47.0-255,66,32844,96,321790
753,0.000283,74.125.24.0-255,2902,35746,96,321790
754,0.000285,172.31.47.0-255,66,35812,96,321790
755,0.00031,74.125.24.0-255,5738,41550,96,321790
756,0.000313,172.31.47.0-255,66,41616,96,321790
757,0.000317,74.125.24.0-255,2902,44518,96,321790
758,0.000319,172.31.47.0-255,66,44584,96,321790
759,0.00036,74.125.24.0-255,2902,47486,96,321790
760,0.000363,172.31.47.0-255,66,47552,96,321790
761,0.00039,172.31.47.0-255,66,47618,96,321790
762,0.000395,74.125.24.0-255,5738,53356,96,321790
763,0.000397,172.31.47.0-255,66,53422,96,321790
764,0.000427,74.125.24.0-255,4235,57657,96,321790
765,0.00043,172.31.47.0-255,66,57723,96,321790
766,0.000498,74.125.24.0-255,381,58104,96,321790
767,0.000655,74.125.24.0-255,1484,59588,96,321790
768,0.000658,172.31.47.0-255,66,59654,96,321790
769,0.000663,74.125.24.0-255,2902,62556,96,321790
770,0.000665,172.31.47.0-255,66,62622,96,321790
771,0.000695,74.125.24.0-255,5738,68360,96,321790
772,0.000697,172.31.47.0-255,66,68426,96,321790
773,0.000733,74.125.24.0-255,5738,74164,96,321790
774,0.000735,172.31.47.0-255,66,74230,96,321790
775,0.000761,172.31.47.0-255,66,74296,96,321790
776,0.000779,74.125.24.0-255,1484,75780,96,321790
777,0.000802,172.31.47.0-255,66,75846,96,321790
778,0.000915,74.125.24.0-255,1484,77330,96,321790
779,0.00094,74.125.24.0-255,2902,80232,96,321790
780,0.000943,172.31.47.0-255,66,80298,96,321790
781,0.000947,74.125.24.0-255,2902,83200,96,321790
782,0.000949,172.31.47.0-255,66,83266,96,321790
783,0.000961,74.125.24.0-255,2902,86168,96,321790
784,0.000963,172.31.47.0-255,66,86234,96,321790
785,0.000975,74.125.24.0-255,1484,87718,96,321790
786,0.001,172.31.47.0-255,66,87784,96,321790
787,0.001005,74.125.24.0-255,4320,92104,96,321790
788,0.001007,172.31.47.0-255,66,92170,96,321790
789,0.001017,74.125.24.0-255,1484,93654,96,321790
790,0.001042,74.125.24.0-255,1484,95138,96,321790
791,0.001044,172.31.47.0-255,66,95204,96,321790
792,0.001063,74.125.24.0-255,3602,98806,96,321790
793,0.001065,172.31.47.0-255,66,98872,96,321790
794,0.001081,74.125.24.0-255,1484,100356,96,321790
795,0.001104,74.125.24.0-255,4320,104676,96,321790
796,0.001107,172.31.47.0-255,66,104742,96,321790
797,0.001114,74.125.24.0-255,7156,111898,96,321790
798,0.001116,172.31.47.0-255,66,111964,96,321790
799,0.001119,74.125.24.0-255,1484,113448,96,321790
800,0.001134,74.125.24.0-255,7156,120604,96,321790
801,0.001137,172.31.47.0-255,66,120670,96,321790
802,0.001157,74.125.24.0-255,5738,126408,96,321790
803,0.00116,172.31.47.0-255,66,126474,96,321790
804,0.001166,74.125.24.0-255,6438,132912,96,321790
805,0.001168,172.31.47.0-255,66,132978,96,321790
806,0.001266,74.125.24.0-255,1484,134462,96,321790
807,0.00127,74.125.24.0-255,1484,135946,96,321790
808,0.001273,172.31.47.0-255,66,136012,96,321790
809,0.001289,74.125.24.0-255,1484,137496,96,321790
810,0.001296,74.125.24.0-255,5738,143234,96,321790
811,0.001298,172.31.47.0-255,66,143300,96,321790
812,0.001303,74.125.24.0-255,2902,146202,96,321790
813,0.001304,172.31.47.0-255,66,146268,96,321790
814,0.001361,172.31.47.0-255,66,146334,96,321790
815,0.001373,172.31.47.0-255,66,146400,96,321790
816,0.001908,74.125.24.0-255,1484,147884,96,321790
817,0.001914,74.125.24.0-255,2902,150786,96,321790
818,0.001918,172.31.47.0-255,66,150852,96,321790
819,0.00194,74.125.24.0-255,5738,156590,96,321790
820,0.001942,172.31.47.0-255,66,156656,96,321790
821,0.001966,74.125.24.0-255,7156,163812,96,321790
822,0.001969,172.31.47.0-255,66,163878,96,321790
823,0.001992,74.125.24.0-255,5738,169616,96,321790
824,0.001994,172.31.47.0-255,66,169682,96,321790
825,0.002006,172.31.47.0-255,66,169748,96,321790
826,0.002009,74.125.24.0-255,766,170514,96,321790
827,0.002102,74.125.24.0-255,1484,171998,96,321790
828,0.002106,172.31.47.0-255,66,172064,96,321790
829,0.00211,74.125.24.0-255,1484,173548,96,321790
830,0.002124,74.125.24.0-255,1484,175032,96,321790
831,0.002131,74.125.24.0-255,5738,180770,96,321790
832,0.002134,172.31.47.0-255,66,180836,96,321790
833,0.002136,172.31.47.0-255,66,180902,96,321790
834,0.002168,172.31.47.0-255,66,180968,96,321790
835,0.002189,74.125.24.0-255,2902,183870,96,321790
836,0.002192,172.31.47.0-255,66,183936,96,321790
837,0.002222,172.31.47.0-255,66,184002,96,321790
838,0.004697,74.125.24.0-255,5738,189740,96,321790
839,0.004704,172.31.47.0-255,66,189806,96,321790
840,0.007185,74.125.24.0-255,5738,195544,96,321790
841,0.007193,172.31.47.0-255,66,195610,96,321790
842,0.009667,74.125.24.0-255,5738,201348,96,321790
843,0.009674,172.31.47.0-255,66,201414,96,321790
844,0.012139,74.125.24.0-255,5738,207152,96,321790
845,0.012148,172.31.47.0-255,66,207218,96,321790
846,0.014628,74.125.24.0-255,5738,212956,96,321790
847,0.014637,172.31.47.0-255,66,213022,96,321790
848,0.017137,74.125.24.0-255,5738,218760,96,321790
849,0.017148,172.31.47.0-255,66,218826,96,321790
850,0.01962,74.125.24.0-255,5738,224564,96,321790
851,0.019628,172.31.47.0-255,66,224630,96,321790
852,0.022078,74.125.24.0-255,5738,230368,96,321790
853,0.022085,172.31.47.0-255,66,230434,96,321790
854,0.024551,74.125.24.0-255,5738,236172,96,321790
855,0.024559,172.31.47.0-255,66,236238,96,321790
856,0.027041,74.125.24.0-255,5738,241976,96,321790
857,0.027055,172.31.47.0-255,66,242042,96,321790
858,0.029552,74.125.24.0-255,5738,247780,96,321790
859,0.029559,172.31.47.0-255,66,247846,96,321790
860,0.030815,172.31.47.0-255,172,248018,96,321790
861,0.030843,172.31.47.0-255,1110,249128,96,321790
862,0.03089,172.31.47.0-255,1514,250642,96,321790
863,0.030892,172.31.47.0-255,1302,251944,96,321790
864,0.032016,74.125.24.0-255,5738,257682,96,321790
865,0.032022,172.31.47.0-255,66,257748,96,321790
866,0.032369,104.244.42.0-255,66,257814,96,321790
867,0.032429,104.244.42.0-255,66,257880,96,321790
868,0.032491,104.244.42.0-255,66,257946,96,321790
869,0.03452,74.125.24.0-255,5738,263684,96,321790
870,0.034525,172.31.47.0-255,66,263750,96,321790
871,0.037011,74.125.24.0-255,5738,269488,96,321790
872,0.037018,172.31.47.0-255,66,269554,96,321790
873,0.039492,74.125.24.0-255,5738,275292,96,321790
874,0.039499,172.31.47.0-255,66,275358,96,321790
875,0.041995,74.125.24.0-255,5738,281096,96,321790
876,0.042001,172.31.47.0-255,66,281162,96,321790
877,0.044471,74.125.24.0-255,5738,286900,96,321790
878,0.044476,172.31.47.0-255,66,286966,96,321790
879,0.046976,74.125.24.0-255,5738,292704,96,321790
880,0.046983,172.31.47.0-255,66,292770,96,321790
881,0.049469,74.125.24.0-255,5738,298508,96,321790
882,0.049474,172.31.47.0-255,66,298574,96,321790
883,0.051942,74.125.24.0-255,5738,304312,96,321790
884,0.051948,172.31.47.0-255,66,304378,96,321790
885,0.054419,74.125.24.0-255,5738,310116,96,321790
886,0.054425,172.31.47.0-255,66,310182,96,321790
887,0.056943,74.125.24.0-255,5738,315920,96,321790
888,0.056949,172.31.47.0-255,66,315986,96,321790
889,0.059415,74.125.24.0-255,5738,321724,96,321790
890,0.05942,172.31.47.0-255,66,321790,96,321790
891,0.0,172.31.47.0-255,105,105,96,105
892,0.0,172.217.194.0-255,153,153,96,268546
893,2.6e-05,172.31.47.0-255,66,219,96,268546
894,3.2e-05,172.217.194.0-255,1484,1703,96,268546
895,3.6e-05,172.31.47.0-255,66,1769,96,268546
896,4e-05,172.217.194.0-255,2902,4671,96,268546
897,4.2e-05,172.31.47.0-255,66,4737,96,268546
898,4.8e-05,172.217.194.0-255,7156,11893,96,268546
899,5.1e-05,172.31.47.0-255,66,11959,96,268546
900,7.3e-05,172.217.194.0-255,4320,16279,96,268546
901,7.5e-05,172.31.47.0-255,66,16345,96,268546
902,9.7e-05,172.217.194.0-255,2201,18546,96,268546
903,0.0001,172.31.47.0-255,66,18612,96,268546
904,0.000105,172.217.194.0-255,7156,25768,96,268546
905,0.000107,172.31.47.0-255,66,25834,96,268546
906,0.000112,172.217.194.0-255,5379,31213,96,268546
907,0.000115,172.31.47.0-255,66,31279,96,268546
908,0.000201,172.217.194.0-255,1484,32763,96,268546
909,0.000204,172.31.47.0-255,66,32829,96,268546
910,0.000209,172.217.194.0-255,2902,35731,96,268546
911,0.000211,172.31.47.0-255,66,35797,96,268546
912,0.000216,172.217.194.0-255,4320,40117,96,268546
913,0.000219,172.31.47.0-255,66,40183,96,268546
914,0.000239,172.217.194.0-255,1484,41667,96,268546
915,0.000241,172.31.47.0-255,66,41733,96,268546
916,0.000273,172.31.47.0-255,66,41799,96,268546
917,0.000303,172.31.47.0-255,66,41865,96,268546
918,0.000322,172.217.194.0-255,766,42631,96,268546
919,0.000324,172.31.47.0-255,66,42697,96,268546
920,0.000327,172.217.194.0-255,394,43091,96,268546
921,0.000328,172.31.47.0-255,66,43157,96,268546
922,0.000365,172.217.194.0-255,1484,44641,96,268546
923,0.000388,172.217.194.0-255,2902,47543,96,268546
924,0.000391,172.31.47.0-255,66,47609,96,268546
925,0.000396,172.217.194.0-255,4320,51929,96,268546
926,0.000399,172.31.47.0-255,66,51995,96,268546
927,0.00041,172.217.194.0-255,1484,53479,96,268546
928,0.000424,172.217.194.0-255,7090,60569,96,268546
929,0.000427,172.31.47.0-255,66,60635,96,268546
930,0.00047,172.217.194.0-255,7156,67791,96,268546
931,0.000474,172.31.47.0-255,66,67857,96,268546
932,0.000486,172.31.47.0-255,66,67923,96,268546
933,0.001099,172.217.194.0-255,1484,69407,96,268546
934,0.001121,172.217.194.0-255,2902,72309,96,268546
935,0.001125,172.31.47.0-255,66,72375,96,268546
936,0.001132,172.217.194.0-255,5738,78113,96,268546
937,0.001134,172.31.47.0-255,66,78179,96,268546
938,0.00114,172.217.194.0-255,5738,83917,96,268546
939,0.001142,172.31.47.0-255,66,83983,96,268546
940,0.001146,172.217.194.0-255,2902,86885,96,268546
941,0.001148,172.31.47.0-255,66,86951,96,268546
942,0.001176,172.31.47.0-255,66,87017,96,268546
943,0.00118,172.217.194.0-255,1484,88501,96,268546
944,0.001202,172.217.194.0-255,3602,92103,96,268546
945,0.001205,172.31.47.0-255,66,92169,96,268546
946,0.001252,172.217.194.0-255,1484,93653,96,268546
947,0.001273,172.217.194.0-255,2902,96555,96,268546
948,0.001276,172.31.47.0-255,66,96621,96,268546
949,0.00128,172.217.194.0-255,4320,100941,96,268546
950,0.001282,172.31.47.0-255,66,101007,96,268546
951,0.001308,172.31.47.0-255,66,101073,96,268546
952,0.001329,172.217.194.0-255,2902,103975,96,268546
953,0.001331,172.31.47.0-255,66,104041,96,268546
954,0.001348,172.217.194.0-255,7156,111197,96,268546
955,0.00135,172.31.47.0-255,66,111263,96,268546
956,0.001361,172.217.194.0-255,2902,114165,96,268546
957,0.001363,172.31.47.0-255,66,114231,96,268546
958,0.001409,172.31.47.0-255,66,114297,96,268546
959,0.001417,172.31.47.0-255,66,114363,96,268546
960,0.001421,172.217.194.0-255,1484,115847,96,268546
961,0.001464,172.31.47.0-255,66,115913,96,268546
962,0.001468,172.217.194.0-255,2184,118097,96,268546
963,0.001469,172.31.47.0-255,66,118163,96,268546
964,0.001518,172.217.194.0-255,1484,119647,96,268546
965,0.001523,172.217.194.0-255,2902,122549,96,268546
966,0.001525,172.31.47.0-255,66,122615,96,268546
967,0.001546,172.217.194.0-255,5738,128353,96,268546
968,0.001549,172.31.47.0-255,66,128419,96,268546
969,0.001569,172.217.194.0-255,5738,134157,96,268546
970,0.001571,172.31.47.0-255,66,134223,96,268546
971,0.001591,172.217.194.0-255,7156,141379,96,268546
972,0.001593,172.31.47.0-255,66,141445,96,268546
973,0.001599,172.217.194.0-255,5738,147183,96,268546
974,0.0016,172.31.47.0-255,66,147249,96,268546
975,0.001616,172.217.194.0-255,5020,152269,96,268546
976,0.001618,172.31.47.0-255,66,152335,96,268546
977,0.001681,172.217.194.0-255,1484,153819,96,268546
978,0.001696,172.217.194.0-255,2902,156721,96,268546
979,0.001699,172.31.47.0-255,66,156787,96,268546
980,0.001701,172.217.194.0-255,1484,158271,96,268546
981,0.001717,172.217.194.0-255,4320,162591,96,268546
982,0.001719,172.31.47.0-255,66,162657,96,268546
983,0.001784,172.31.47.0-255,66,162723,96,268546
984,0.001794,172.31.47.0-255,66,162789,96,268546
985,0.001956,172.217.194.0-255,1484,164273,96,268546
986,0.001961,172.217.194.0-255,2902,167175,96,268546
987,0.001964,172.31.47.0-255,66,167241,96,268546
988,0.001984,172.217.194.0-255,5738,172979,96,268546
989,0.001987,172.31.47.0-255,66,173045,96,268546
990,0.002004,172.217.194.0-255,2902,175947,96,268546
991,0.002006,172.31.47.0-255,66,176013,96,268546
992,0.002027,172.217.194.0-255,7156,183169,96,268546
993,0.00203,172.31.47.0-255,66,183235,96,268546
994,0.002046,172.217.194.0-255,1484,184719,96,268546
995,0.002081,172.31.47.0-255,66,184785,96,268546
996,0.002105,172.217.194.0-255,1484,186269,96,268546
997,0.002109,172.217.194.0-255,2902,189171,96,268546
998,0.002111,172.31.47.0-255,66,189237,96,268546
999,0.002132,172.217.194.0-255,5738,194975,96,268546
1000,0.002135,172.31.47.0-255,66,195041,96,268546
1001,0.002148,172.217.194.0-255,1484,196525,96,268546
1002,0.002177,172.31.47.0-255,66,196591,96,268546
1003,0.002203,172.217.194.0-255,7156,203747,96,268546
1004,0.002206,172.31.47.0-255,66,203813,96,268546
1005,0.002224,172.217.194.0-255,3602,207415,96,268546
1006,0.002226,172.31.47.0-255,66,207481,96,268546
1007,0.00224,172.217.194.0-255,1484,208965,96,268546
1008,0.002263,172.31.47.0-255,66,209031,96,268546
1009,0.002267,172.217.194.0-255,4320,213351,96,268546
1010,0.00227,172.31.47.0-255,66,213417,96,268546
1011,0.002296,172.217.194.0-255,4320,217737,96,268546
1012,0.002298,172.31.47.0-255,66,217803,96,268546
1013,0.00232,172.31.47.0-255,66,217869,96,268546
1014,0.002337,172.217.194.0-255,1484,219353,96,268546
1015,0.002339,172.217.194.0-255,766,220119,96,268546
1016,0.00234,172.31.47.0-255,66,220185,96,268546
1017,0.004589,172.217.194.0-255,2902,223087,96,268546
1018,0.004592,172.31.47.0-255,66,223153,96,268546
1019,0.004612,172.217.194.0-255,2902,226055,96,268546
1020,0.004614,172.31.47.0-255,66,226121,96,268546
1021,0.006879,172.217.194.0-255,5738,231859,96,268546
1022,0.006884,172.31.47.0-255,66,231925,96,268546
1023,0.009145,172.217.194.0-255,5738,237663,96,268546
1024,0.00915,172.31.47.0-255,66,237729,96,268546
1025,0.011441,172.217.194.0-255,5738,243467,96,268546
1026,0.011448,172.31.47.0-255,66,243533,96,268546
1027,0.013748,172.217.194.0-255,5738,249271,96,268546
1028,0.013758,172.31.47.0-255,66,249337,96,268546
1029,0.016028,172.217.194.0-255,5738,255075,96,268546
1030,0.016036,172.31.47.0-255,66,255141,96,268546
1031,0.018336,172.217.194.0-255,5738,260879,96,268546
1032,0.018343,172.31.47.0-255,66,260945,96,268546
1033,0.020632,172.217.194.0-255,3069,264014,96,268546
1034,0.020637,172.31.47.0-255,66,264080,96,268546
1035,0.020787,172.31.47.0-255,105,264185,96,268546
1036,0.023016,172.217.194.0-255,66,264251,96,268546
1037,0.028338,172.31.47.0-255,172,264423,96,268546
1038,0.028369,172.31.47.0-255,1109,265532,96,268546
1039,0.0284,172.31.47.0-255,1514,267046,96,268546
1040,0.028401,172.31.47.0-255,1302,268348,96,268546
1041,0.029875,104.244.42.0-255,66,268414,96,268546
1042,0.030006,104.244.42.0-255,66,268480,96,268546
1043,0.030009,104.244.42.0-255,66,268546,96,268546
1044,0.0,172.253.118.0-255,153,153,96,93159
1045,3.1e-05,172.31.47.0-255,66,219,96,93159
1046,3.8e-05,172.253.118.0-255,1484,1703,96,93159
1047,4.1e-05,172.31.47.0-255,66,1769,96,93159
1048,4.5e-05,172.253.118.0-255,2902,4671,96,93159
1049,5.4e-05,172.31.47.0-255,66,4737,96,93159
1050,0.000108,172.253.118.0-255,5738,10475,96,93159
1051,0.000111,172.31.47.0-255,66,10541,96,93159
1052,0.000133,172.253.118.0-255,1484,12025,96,93159
1053,0.000135,172.31.47.0-255,66,12091,96,93159
1054,0.000286,172.253.118.0-255,2090,14181,96,93159
1055,0.00029,172.31.47.0-255,66,14247,96,93159
1056,0.000349,172.253.118.0-255,7156,21403,96,93159
1057,0.000354,172.31.47.0-255,66,21469,96,93159
1058,0.00038,172.253.118.0-255,4320,25789,96,93159
1059,0.000383,172.31.47.0-255,66,25855,96,93159
1060,0.000644,172.253.118.0-255,5379,31234,96,93159
1061,0.000649,172.31.47.0-255,66,31300,96,93159
1062,0.000783,172.253.118.0-255,4320,35620,96,93159
1063,0.000787,172.31.47.0-255,66,35686,96,93159
1064,0.000839,172.31.47.0-255,66,35752,96,93159
1065,0.001376,172.31.47.0-255,66,35818,96,93159
1066,0.001394,172.253.118.0-255,4297,40115,96,93159
1067,0.001397,172.31.47.0-255,66,40181,96,93159
1068,0.001734,172.253.118.0-255,7156,47337,96,93159
1069,0.001738,172.31.47.0-255,66,47403,96,93159
1070,0.001774,172.31.47.0-255,66,47469,96,93159
1071,0.001796,172.253.118.0-255,1050,48519,96,93159
1072,0.001798,172.31.47.0-255,66,48585,96,93159
1073,0.002538,172.253.118.0-255,7156,55741,96,93159
1074,0.002597,172.253.118.0-255,5020,60761,96,93159
1075,0.002666,172.31.47.0-255,66,60827,96,93159
1076,0.003414,172.253.118.0-255,7156,67983,96,93159
1077,0.003419,172.31.47.0-255,66,68049,96,93159
1078,0.00437,172.253.118.0-255,5738,73787,96,93159
1079,0.005142,172.253.118.0-255,1484,75271,96,93159
1080,0.005186,172.253.118.0-255,1484,76755,96,93159
1081,0.006213,172.253.118.0-255,5738,82493,96,93159
1082,0.006527,172.31.47.0-255,66,82559,96,93159
1083,0.006907,172.31.47.0-255,66,82625,96,93159
1084,0.006965,172.31.47.0-255,66,82691,96,93159
1085,0.007866,172.31.47.0-255,66,82757,96,93159
1086,0.007953,172.31.47.0-255,66,82823,96,93159
1087,0.009054,172.31.47.0-255,66,82889,96,93159
1088,0.010469,172.253.118.0-255,5738,88627,96,93159
1089,0.012422,172.31.47.0-255,66,88693,96,93159
1090,0.013053,172.31.47.0-255,105,88798,96,93159
1091,0.015517,172.253.118.0-255,66,88864,96,93159
1092,0.029773,172.31.47.0-255,172,89036,96,93159
1093,0.029803,172.31.47.0-255,1110,90146,96,93159
1094,0.029842,172.31.47.0-255,1514,91660,96,93159
1095,0.029844,172.31.47.0-255,1301,92961,96,93159
1096,0.031279,104.244.42.0-255,66,93027,96,93159
1097,0.031344,104.244.42.0-255,66,93093,96,93159
1098,0.031394,104.244.42.0-255,66,93159,96,93159
1099,0.0,172.217.194.0-255,153,153,96,248333
1100,3.2e-05,172.31.47.0-255,66,219,96,248333
1101,3.9e-05,172.217.194.0-255,1484,1703,96,248333
1102,4.3e-05,172.31.47.0-255,66,1769,96,248333
1103,4.8e-05,172.217.194.0-255,2902,4671,96,248333
1104,5e-05,172.31.47.0-255,66,4737,96,248333
1105,6.5e-05,172.217.194.0-255,7156,11893,96,248333
1106,6.8e-05,172.31.47.0-255,66,11959,96,248333
1107,7.2e-05,172.217.194.0-255,1976,13935,96,248333
1108,7.4e-05,172.31.47.0-255,66,14001,96,248333
1109,0.000122,172.217.194.0-255,1484,15485,96,248333
1110,0.000125,172.31.47.0-255,66,15551,96,248333
1111,0.00013,172.217.194.0-255,2902,18453,96,248333
1112,0.000133,172.31.47.0-255,66,18519,96,248333
1113,0.000144,172.217.194.0-255,5738,24257,96,248333
1114,0.000147,172.31.47.0-255,66,24323,96,248333
1115,0.000154,172.217.194.0-255,7156,31479,96,248333
1116,0.000156,172.31.47.0-255,66,31545,96,248333
1117,0.000191,172.217.194.0-255,2543,34088,96,248333
1118,0.000194,172.31.47.0-255,66,34154,96,248333
1119,0.000206,172.31.47.0-255,66,34220,96,248333
1120,0.000217,172.217.194.0-255,3961,38181,96,248333
1121,0.000219,172.31.47.0-255,66,38247,96,248333
1122,0.000271,172.217.194.0-255,1484,39731,96,248333
1123,0.000275,172.31.47.0-255,66,39797,96,248333
1124,0.000293,172.217.194.0-255,2902,42699,96,248333
1125,0.000296,172.31.47.0-255,66,42765,96,248333
1126,0.000299,172.217.194.0-255,1484,44249,96,248333
1127,0.000302,172.31.47.0-255,66,44315,96,248333
1128,0.000333,172.217.194.0-255,4320,48635,96,248333
1129,0.000341,172.31.47.0-255,66,48701,96,248333
1130,0.000348,172.217.194.0-255,6797,55498,96,248333
1131,0.000351,172.31.47.0-255,66,55564,96,248333
1132,0.000354,172.217.194.0-255,378,55942,96,248333
1133,0.000493,172.217.194.0-255,366,56308,96,248333
1134,0.00072,172.217.194.0-255,1484,57792,96,248333
1135,0.000724,172.31.47.0-255,66,57858,96,248333
1136,0.000729,172.217.194.0-255,2902,60760,96,248333
1137,0.000731,172.31.47.0-255,66,60826,96,248333
1138,0.000735,172.217.194.0-255,2902,63728,96,248333
1139,0.000736,172.31.47.0-255,66,63794,96,248333
1140,0.000753,172.217.194.0-255,2902,66696,96,248333
1141,0.000755,172.31.47.0-255,66,66762,96,248333
1142,0.000766,172.217.194.0-255,6797,73559,96,248333
1143,0.000768,172.217.194.0-255,1484,75043,96,248333
1144,0.00077,172.31.47.0-255,66,75109,96,248333
1145,0.000813,172.31.47.0-255,66,75175,96,248333
1146,0.000817,172.217.194.0-255,1993,77168,96,248333
1147,0.000818,172.31.47.0-255,66,77234,96,248333
1148,0.001054,172.217.194.0-255,1484,78718,96,248333
1149,0.001061,172.217.194.0-255,2902,81620,96,248333
1150,0.001065,172.31.47.0-255,66,81686,96,248333
1151,0.001078,172.217.194.0-255,2902,84588,96,248333
1152,0.001084,172.31.47.0-255,66,84654,96,248333
1153,0.001107,172.217.194.0-255,2902,87556,96,248333
1154,0.00111,172.31.47.0-255,66,87622,96,248333
1155,0.001121,172.31.47.0-255,66,87688,96,248333
1156,0.001144,172.217.194.0-255,1484,89172,96,248333
1157,0.001156,172.31.47.0-255,66,89238,96,248333
1158,0.001465,172.217.194.0-255,1484,90722,96,248333
1159,0.001471,172.217.194.0-255,2902,93624,96,248333
1160,0.001475,172.31.47.0-255,66,93690,96,248333
1161,0.001501,172.217.194.0-255,5738,99428,96,248333
1162,0.001503,172.31.47.0-255,66,99494,96,248333
1163,0.001538,172.31.47.0-255,66,99560,96,248333
1164,0.001558,172.31.47.0-255,66,99626,96,248333
1165,0.002013,172.217.194.0-255,1484,101110,96,248333
1166,0.002029,172.217.194.0-255,2902,104012,96,248333
1167,0.002033,172.31.47.0-255,66,104078,96,248333
1168,0.002059,172.217.194.0-255,5738,109816,96,248333
1169,0.002061,172.31.47.0-255,66,109882,96,248333
1170,0.002092,172.31.47.0-255,66,109948,96,248333
1171,0.002111,172.217.194.0-255,4320,114268,96,248333
1172,0.002113,172.31.47.0-255,66,114334,96,248333
1173,0.002117,172.217.194.0-255,2902,117236,96,248333
1174,0.002119,172.31.47.0-255,66,117302,96,248333
1175,0.002151,172.31.47.0-255,66,117368,96,248333
1176,0.002222,172.217.194.0-255,1484,118852,96,248333
1177,0.002226,172.217.194.0-255,2902,121754,96,248333
1178,0.002228,172.31.47.0-255,66,121820,96,248333
1179,0.002234,172.217.194.0-255,5738,127558,96,248333
1180,0.002236,172.31.47.0-255,66,127624,96,248333
1181,0.002245,172.217.194.0-255,4320,131944,96,248333
1182,0.00229,172.217.194.0-255,1484,133428,96,248333
1183,0.002348,172.217.194.0-255,1484,134912,96,248333
1184,0.002352,172.217.194.0-255,2902,137814,96,248333
1185,0.002362,172.217.194.0-255,1484,139298,96,248333
1186,0.002381,172.217.194.0-255,4320,143618,96,248333
1187,0.002394,172.217.194.0-255,2902,146520,96,248333
1188,0.00241,172.217.194.0-255,7156,153676,96,248333
1189,0.002423,172.217.194.0-255,2902,156578,96,248333
1190,0.00243,172.217.194.0-255,7156,163734,96,248333
1191,0.002447,172.217.194.0-255,2902,166636,96,248333
1192,0.002478,172.217.194.0-255,5020,171656,96,248333
1193,0.002484,172.217.194.0-255,5738,177394,96,248333
1194,0.002513,172.217.194.0-255,2902,180296,96,248333
1195,0.002535,172.217.194.0-255,1484,181780,96,248333
1196,0.002579,172.217.194.0-255,4320,186100,96,248333
1197,0.002597,172.217.194.0-255,7156,193256,96,248333
1198,0.002644,172.217.194.0-255,4320,197576,96,248333
1199,0.002665,172.217.194.0-255,5738,203314,96,248333
1200,0.004244,172.31.47.0-255,66,203380,96,248333
1201,0.006864,172.217.194.0-255,5738,209118,96,248333
1202,0.00687,172.31.47.0-255,66,209184,96,248333
1203,0.009412,172.217.194.0-255,5738,214922,96,248333
1204,0.009418,172.31.47.0-255,66,214988,96,248333
1205,0.011941,172.217.194.0-255,5738,220726,96,248333
1206,0.011948,172.31.47.0-255,66,220792,96,248333
1207,0.014486,172.217.194.0-255,5738,226530,96,248333
1208,0.014495,172.31.47.0-255,66,226596,96,248333
1209,0.017044,172.217.194.0-255,5738,232334,96,248333
1210,0.017052,172.31.47.0-255,66,232400,96,248333
1211,0.0196,172.217.194.0-255,5738,238138,96,248333
1212,0.019609,172.31.47.0-255,66,238204,96,248333
1213,0.022161,172.217.194.0-255,2722,240926,96,248333
1214,0.022168,172.31.47.0-255,66,240992,96,248333
1215,0.022359,172.31.47.0-255,105,241097,96,248333
1216,0.02484,172.217.194.0-255,66,241163,96,248333
1217,0.02785,172.31.47.0-255,172,241335,96,248333
1218,0.027877,172.31.47.0-255,1110,242445,96,248333
1219,0.027916,172.31.47.0-255,1514,243959,96,248333
1220,0.027917,172.31.47.0-255,1514,245473,96,248333
1221,0.027922,172.31.47.0-255,1514,246987,96,248333
1222,0.027923,172.31.47.0-255,1082,248069,96,248333
1223,0.029388,104.244.42.0-255,66,248135,96,248333
1224,0.029436,104.244.42.0-255,66,248201,96,248333
1225,0.029489,104.244.42.0-255,66,248267,96,248333
1226,0.029491,104.244.42.0-255,66,248333,96,248333
1227,0.0,172.217.194.0-255,159,159,96,263222
1228,1.9e-05,172.31.47.0-255,66,225,96,263222
1229,2.5e-05,172.217.194.0-255,1484,1709,96,263222
1230,2.9e-05,172.31.47.0-255,66,1775,96,263222
1231,3.3e-05,172.217.194.0-255,2902,4677,96,263222
1232,4.2e-05,172.31.47.0-255,66,4743,96,263222
1233,4.6e-05,172.217.194.0-255,4320,9063,96,263222
1234,4.8e-05,172.31.47.0-255,66,9129,96,263222
1235,6.6e-05,172.217.194.0-255,2902,12031,96,263222
1236,6.8e-05,172.31.47.0-255,66,12097,96,263222
1237,9e-05,172.217.194.0-255,2102,14199,96,263222
1238,9.2e-05,172.31.47.0-255,66,14265,96,263222
1239,9.7e-05,172.217.194.0-255,5738,20003,96,263222
1240,9.8e-05,172.31.47.0-255,66,20069,96,263222
1241,0.000148,172.31.47.0-255,66,20135,96,263222
1242,0.000151,172.217.194.0-255,2902,23037,96,263222
1243,0.000153,172.31.47.0-255,66,23103,96,263222
1244,0.000187,172.31.47.0-255,66,23169,96,263222
1245,0.000191,172.217.194.0-255,5379,28548,96,263222
1246,0.000192,172.31.47.0-255,66,28614,96,263222
1247,0.000229,172.217.194.0-255,7156,35770,96,263222
1248,0.000231,172.31.47.0-255,66,35836,96,263222
1249,0.000256,172.31.47.0-255,66,35902,96,263222
1250,0.000258,172.217.194.0-255,342,36244,96,263222
1251,0.000259,172.31.47.0-255,66,36310,96,263222
1252,0.000298,172.217.194.0-255,119,36429,96,263222
1253,0.000299,172.31.47.0-255,66,36495,96,263222
1254,0.000318,172.217.194.0-255,380,36875,96,263222
1255,0.00032,172.31.47.0-255,66,36941,96,263222
1256,0.000573,172.217.194.0-255,1484,38425,96,263222
1257,0.000576,172.217.194.0-255,1484,39909,96,263222
1258,0.000579,172.31.47.0-255,66,39975,96,263222
1259,0.000593,172.217.194.0-255,1484,41459,96,263222
1260,0.000602,172.217.194.0-255,5738,47197,96,263222
1261,0.000604,172.31.47.0-255,66,47263,96,263222
1262,0.000629,172.31.47.0-255,66,47329,96,263222
1263,0.000655,172.217.194.0-255,2902,50231,96,263222
1264,0.000657,172.31.47.0-255,66,50297,96,263222
1265,0.000662,172.217.194.0-255,4320,54617,96,263222
1266,0.000664,172.31.47.0-255,66,54683,96,263222
1267,0.000695,172.217.194.0-255,6438,61121,96,263222
1268,0.000699,172.31.47.0-255,66,61187,96,263222
1269,0.000764,172.217.194.0-255,1484,62671,96,263222
1270,0.00078,172.217.194.0-255,2902,65573,96,263222
1271,0.000782,172.31.47.0-255,66,65639,96,263222
1272,0.000786,172.217.194.0-255,2902,68541,96,263222
1273,0.000788,172.31.47.0-255,66,68607,96,263222
1274,0.00082,172.217.194.0-255,2902,71509,96,263222
1275,0.000822,172.31.47.0-255,66,71575,96,263222
1276,0.000841,172.31.47.0-255,66,71641,96,263222
1277,0.000845,172.217.194.0-255,5738,77379,96,263222
1278,0.000847,172.31.47.0-255,66,77445,96,263222
1279,0.000876,172.217.194.0-255,5020,82465,96,263222
1280,0.000878,172.31.47.0-255,66,82531,96,263222
1281,0.000976,172.217.194.0-255,1484,84015,96,263222
1282,0.00098,172.217.194.0-255,2902,86917,96,263222
1283,0.000984,172.31.47.0-255,66,86983,96,263222
1284,0.001013,172.217.194.0-255,5738,92721,96,263222
1285,0.001041,172.217.194.0-255,4320,97041,96,263222
1286,0.001046,172.31.47.0-255,66,97107,96,263222
1287,0.001048,172.31.47.0-255,66,97173,96,263222
1288,0.001067,172.31.47.0-255,66,97239,96,263222
1289,0.001078,172.31.47.0-255,66,97305,96,263222
1290,0.001109,172.31.47.0-255,66,97371,96,263222
1291,0.001114,172.217.194.0-255,2902,100273,96,263222
1292,0.001115,172.31.47.0-255,66,100339,96,263222
1293,0.00114,172.31.47.0-255,66,100405,96,263222
1294,0.00119,172.31.47.0-255,66,100471,96,263222
1295,0.002092,172.217.194.0-255,1484,101955,96,263222
1296,0.002098,172.217.194.0-255,2902,104857,96,263222
1297,0.002101,172.31.47.0-255,66,104923,96,263222
1298,0.002134,172.217.194.0-255,5738,110661,96,263222
1299,0.002137,172.31.47.0-255,66,110727,96,263222
1300,0.002147,172.31.47.0-255,66,110793,96,263222
1301,0.002186,172.217.194.0-255,2902,113695,96,263222
1302,0.002199,172.31.47.0-255,66,113761,96,263222
1303,0.002202,172.31.47.0-255,66,113827,96,263222
1304,0.004422,172.217.194.0-255,5738,119565,96,263222
1305,0.004431,172.31.47.0-255,66,119631,96,263222
1306,0.006654,172.217.194.0-255,5738,125369,96,263222
1307,0.006659,172.31.47.0-255,66,125435,96,263222
1308,0.00888,172.217.194.0-255,5738,131173,96,263222
1309,0.008886,172.31.47.0-255,66,131239,96,263222
1310,0.011102,172.217.194.0-255,5738,136977,96,263222
1311,0.011107,172.31.47.0-255,66,137043,96,263222
1312,0.013333,172.217.194.0-255,5738,142781,96,263222
1313,0.013338,172.31.47.0-255,66,142847,96,263222
1314,0.015573,172.217.194.0-255,5738,148585,96,263222
1315,0.015583,172.31.47.0-255,66,148651,96,263222
1316,0.017794,172.217.194.0-255,5738,154389,96,263222
1317,0.017803,172.31.47.0-255,66,154455,96,263222
1318,0.020033,172.217.194.0-255,5738,160193,96,263222
1319,0.020043,172.31.47.0-255,66,160259,96,263222
1320,0.022287,172.217.194.0-255,5738,165997,96,263222
1321,0.022303,172.31.47.0-255,66,166063,96,263222
1322,0.023515,172.31.47.0-255,172,166235,96,263222
1323,0.023545,172.31.47.0-255,1105,167340,96,263222
1324,0.023595,172.31.47.0-255,1514,168854,96,263222
1325,0.023597,172.31.47.0-255,1306,170160,96,263222
1326,0.024539,172.217.194.0-255,5738,175898,96,263222
1327,0.024545,172.31.47.0-255,66,175964,96,263222
1328,0.025034,104.244.42.0-255,66,176030,96,263222
1329,0.025248,104.244.42.0-255,66,176096,96,263222
1330,0.02527,104.244.42.0-255,66,176162,96,263222
1331,0.026746,172.217.194.0-255,5738,181900,96,263222
1332,0.026752,172.31.47.0-255,66,181966,96,263222
1333,0.028974,172.217.194.0-255,5738,187704,96,263222
1334,0.02898,172.31.47.0-255,66,187770,96,263222
1335,0.03121,172.217.194.0-255,5738,193508,96,263222
1336,0.031218,172.31.47.0-255,66,193574,96,263222
1337,0.03343,172.217.194.0-255,5738,199312,96,263222
1338,0.033436,172.31.47.0-255,66,199378,96,263222
1339,0.035634,172.217.194.0-255,5738,205116,96,263222
1340,0.03564,172.31.47.0-255,66,205182,96,263222
1341,0.037896,172.217.194.0-255,5738,210920,96,263222
1342,0.037903,172.31.47.0-255,66,210986,96,263222
1343,0.040177,172.217.194.0-255,5738,216724,96,263222
1344,0.040187,172.31.47.0-255,66,216790,96,263222
1345,0.042417,172.217.194.0-255,5738,222528,96,263222
1346,0.042423,172.31.47.0-255,66,222594,96,263222
1347,0.044638,172.217.194.0-255,5738,228332,96,263222
1348,0.044644,172.31.47.0-255,66,228398,96,263222
1349,0.046852,172.217.194.0-255,5738,234136,96,263222
1350,0.046859,172.31.47.0-255,66,234202,96,263222
1351,0.049093,172.217.194.0-255,5738,239940,96,263222
1352,0.049103,172.31.47.0-255,66,240006,96,263222
1353,0.051329,172.217.194.0-255,5738,245744,96,263222
1354,0.051335,172.31.47.0-255,66,245810,96,263222
1355,0.053566,172.217.194.0-255,5738,251548,96,263222
1356,0.053572,172.31.47.0-255,66,251614,96,263222
1357,0.055804,172.217.194.0-255,5738,257352,96,263222
1358,0.055812,172.31.47.0-255,66,257418,96,263222
1359,0.058015,172.217.194.0-255,5738,263156,96,263222
1360,0.058019,172.31.47.0-255,66,263222,96,263222
1361,0.0,74.125.24.0-255,153,153,96,193522
1362,2.8e-05,172.31.47.0-255,66,219,96,193522
1363,3.5e-05,74.125.24.0-255,1484,1703,96,193522
1364,3.8e-05,172.31.47.0-255,66,1769,96,193522
1365,4.3e-05,74.125.24.0-255,2902,4671,96,193522
1366,4.5e-05,172.31.47.0-255,66,4737,96,193522
1367,5.8e-05,74.125.24.0-255,7156,11893,96,193522
1368,6.1e-05,172.31.47.0-255,66,11959,96,193522
1369,6.4e-05,74.125.24.0-255,2172,14131,96,193522
1370,6.6e-05,172.31.47.0-255,66,14197,96,193522
1371,9.6e-05,172.31.47.0-255,66,14263,96,193522
1372,0.000128,74.125.24.0-255,5379,19642,96,193522
1373,0.000131,172.31.47.0-255,66,19708,96,193522
1374,0.000169,74.125.24.0-255,1484,21192,96,193522
1375,0.000171,172.31.47.0-255,66,21258,96,193522
1376,0.000194,74.125.24.0-255,2902,24160,96,193522
1377,0.000196,172.31.47.0-255,66,24226,96,193522
1378,0.000202,74.125.24.0-255,5738,29964,96,193522
1379,0.000205,172.31.47.0-255,66,30030,96,193522
1380,0.00021,74.125.24.0-255,4320,34350,96,193522
1381,0.000216,172.31.47.0-255,66,34416,96,193522
1382,0.000241,74.125.24.0-255,1484,35900,96,193522
1383,0.000243,172.31.47.0-255,66,35966,96,193522
1384,0.000251,74.125.24.0-255,7156,43122,96,193522
1385,0.000253,172.31.47.0-255,66,43188,96,193522
1386,0.000282,74.125.24.0-255,6797,49985,96,193522
1387,0.000285,172.31.47.0-255,66,50051,96,193522
1388,0.00029,74.125.24.0-255,4272,54323,96,193522
1389,0.000293,172.31.47.0-255,66,54389,96,193522
1390,0.000295,74.125.24.0-255,110,54499,96,193522
1391,0.000298,172.31.47.0-255,66,54565,96,193522
1392,0.0003,74.125.24.0-255,331,54896,96,193522
1393,0.000554,74.125.24.0-255,1484,56380,96,193522
1394,0.000558,172.31.47.0-255,66,56446,96,193522
1395,0.000563,74.125.24.0-255,2902,59348,96,193522
1396,0.000574,172.31.47.0-255,66,59414,96,193522
1397,0.000586,74.125.24.0-255,5738,65152,96,193522
1398,0.000601,172.31.47.0-255,66,65218,96,193522
1399,0.000635,172.31.47.0-255,66,65284,96,193522
1400,0.000664,74.125.24.0-255,4320,69604,96,193522
1401,0.000675,172.31.47.0-255,66,69670,96,193522
1402,0.000693,74.125.24.0-255,6438,76108,96,193522
1403,0.0007,172.31.47.0-255,66,76174,96,193522
1404,0.000741,74.125.24.0-255,1484,77658,96,193522
1405,0.000746,74.125.24.0-255,2902,80560,96,193522
1406,0.000749,172.31.47.0-255,66,80626,96,193522
1407,0.000791,74.125.24.0-255,5738,86364,96,193522
1408,0.000798,74.125.24.0-255,5738,92102,96,193522
1409,0.000802,172.31.47.0-255,66,92168,96,193522
1410,0.0009,74.125.24.0-255,5020,97188,96,193522
1411,0.000902,172.31.47.0-255,66,97254,96,193522
1412,0.000905,74.125.24.0-255,5738,102992,96,193522
1413,0.000907,172.31.47.0-255,66,103058,96,193522
1414,0.000925,172.31.47.0-255,66,103124,96,193522
1415,0.000929,172.31.47.0-255,66,103190,96,193522
1416,0.00098,172.31.47.0-255,66,103256,96,193522
1417,0.000988,74.125.24.0-255,7156,110412,96,193522
1418,0.000993,172.31.47.0-255,66,110478,96,193522
1419,0.001006,74.125.24.0-255,6438,116916,96,193522
1420,0.001013,74.125.24.0-255,1484,118400,96,193522
1421,0.001014,172.31.47.0-255,66,118466,96,193522
1422,0.001059,172.31.47.0-255,66,118532,96,193522
1423,0.001086,74.125.24.0-255,1484,120016,96,193522
1424,0.001091,74.125.24.0-255,2902,122918,96,193522
1425,0.001094,172.31.47.0-255,66,122984,96,193522
1426,0.001097,74.125.24.0-255,5738,128722,96,193522
1427,0.001108,172.31.47.0-255,66,128788,96,193522
1428,0.001142,74.125.24.0-255,5738,134526,96,193522
1429,0.001147,172.31.47.0-255,66,134592,96,193522
1430,0.001164,74.125.24.0-255,1484,136076,96,193522
1431,0.001182,74.125.24.0-255,2184,138260,96,193522
1432,0.001189,172.31.47.0-255,66,138326,96,193522
1433,0.001244,172.31.47.0-255,66,138392,96,193522
1434,0.001294,74.125.24.0-255,7156,145548,96,193522
1435,0.001299,172.31.47.0-255,66,145614,96,193522
1436,0.001339,172.31.47.0-255,66,145680,96,193522
1437,0.001367,74.125.24.0-255,1125,146805,96,193522
1438,0.001368,172.31.47.0-255,66,146871,96,193522
1439,0.001588,74.125.24.0-255,1484,148355,96,193522
1440,0.001592,172.31.47.0-255,66,148421,96,193522
1441,0.001597,74.125.24.0-255,2902,151323,96,193522
1442,0.001604,74.125.24.0-255,5738,157061,96,193522
1443,0.001618,172.31.47.0-255,66,157127,96,193522
1444,0.001621,74.125.24.0-255,7156,164283,96,193522
1445,0.001624,74.125.24.0-255,1484,165767,96,193522
1446,0.001636,172.31.47.0-255,66,165833,96,193522
1447,0.001667,74.125.24.0-255,2184,168017,96,193522
1448,0.001673,172.31.47.0-255,66,168083,96,193522
1449,0.001691,74.125.24.0-255,2902,170985,96,193522
1450,0.001696,172.31.47.0-255,66,171051,96,193522
1451,0.001727,74.125.24.0-255,7156,178207,96,193522
1452,0.00173,172.31.47.0-255,66,178273,96,193522
1453,0.001737,74.125.24.0-255,6797,185070,96,193522
1454,0.001742,74.125.24.0-255,2902,187972,96,193522
1455,0.001746,172.31.47.0-255,66,188038,96,193522
1456,0.001792,172.31.47.0-255,66,188104,96,193522
1457,0.001806,172.31.47.0-255,66,188170,96,193522
1458,0.001863,172.31.47.0-255,66,188236,96,193522
1459,0.001866,74.125.24.0-255,1484,189720,96,193522
1460,0.001869,172.31.47.0-255,66,189786,96,193522
1461,0.001918,172.31.47.0-255,66,189852,96,193522
1462,0.001965,74.125.24.0-255,105,189957,96,193522
1463,0.001972,172.31.47.0-255,66,190023,96,193522
1464,0.00336,172.31.47.0-255,105,190128,96,193522
1465,0.005541,74.125.24.0-255,66,190194,96,193522
1466,0.028388,172.31.47.0-255,172,190366,96,193522
1467,0.028417,172.31.47.0-255,1109,191475,96,193522
1468,0.028452,172.31.47.0-255,1514,192989,96,193522
1469,0.028454,172.31.47.0-255,335,193324,96,193522
1470,0.029911,104.244.42.0-255,66,193390,96,193522
1471,0.029955,104.244.42.0-255,66,193456,96,193522
1472,0.030007,104.244.42.0-255,66,193522,96,193522
1473,0.0,74.125.24.0-255,153,153,96,281978
1474,3e-05,172.31.47.0-255,66,219,96,281978
1475,3.7e-05,74.125.24.0-255,1484,1703,96,281978
1476,4.2e-05,172.31.47.0-255,66,1769,96,281978
1477,5.3e-05,74.125.24.0-255,2902,4671,96,281978
1478,5.6e-05,172.31.47.0-255,66,4737,96,281978
1479,6.1e-05,74.125.24.0-255,2902,7639,96,281978
1480,6.4e-05,172.31.47.0-255,66,7705,96,281978
1481,0.000106,74.125.24.0-255,6246,13951,96,281978
1482,0.000109,172.31.47.0-255,66,14017,96,281978
1483,0.000161,74.125.24.0-255,1484,15501,96,281978
1484,0.000165,172.31.47.0-255,66,15567,96,281978
1485,0.000198,74.125.24.0-255,2902,18469,96,281978
1486,0.000201,172.31.47.0-255,66,18535,96,281978
1487,0.000208,74.125.24.0-255,5738,24273,96,281978
1488,0.00021,172.31.47.0-255,66,24339,96,281978
1489,0.000255,74.125.24.0-255,5738,30077,96,281978
1490,0.000259,172.31.47.0-255,66,30143,96,281978
1491,0.000282,74.125.24.0-255,1125,31268,96,281978
1492,0.000286,172.31.47.0-255,66,31334,96,281978
1493,0.00045,74.125.24.0-255,1484,32818,96,281978
1494,0.000455,172.31.47.0-255,66,32884,96,281978
1495,0.000459,74.125.24.0-255,2902,35786,96,281978
1496,0.000471,172.31.47.0-255,66,35852,96,281978
1497,0.000481,74.125.24.0-255,5738,41590,96,281978
1498,0.000488,172.31.47.0-255,66,41656,96,281978
1499,0.000496,74.125.24.0-255,6797,48453,96,281978
1500,0.000498,172.31.47.0-255,66,48519,96,281978
1501,0.000514,74.125.24.0-255,7156,55675,96,281978
1502,0.000519,172.31.47.0-255,66,55741,96,281978
1503,0.000549,74.125.24.0-255,7156,62897,96,281978
1504,0.000553,172.31.47.0-255,66,62963,96,281978
1505,0.000557,74.125.24.0-255,2817,65780,96,281978
1506,0.00056,172.31.47.0-255,66,65846,96,281978
1507,0.000563,74.125.24.0-255,127,65973,96,281978
1508,0.000617,74.125.24.0-255,351,66324,96,281978
1509,0.000851,172.31.47.0-255,66,66390,96,281978
1510,0.00097,74.125.24.0-255,1484,67874,96,281978
1511,0.00098,74.125.24.0-255,2902,70776,96,281978
1512,0.000984,172.31.47.0-255,66,70842,96,281978
1513,0.001013,74.125.24.0-255,5738,76580,96,281978
1514,0.001016,172.31.47.0-255,66,76646,96,281978
1515,0.00102,74.125.24.0-255,1484,78130,96,281978
1516,0.001056,172.31.47.0-255,66,78196,96,281978
1517,0.001082,74.125.24.0-255,1484,79680,96,281978
1518,0.001113,172.31.47.0-255,66,79746,96,281978
1519,0.001213,74.125.24.0-255,1484,81230,96,281978
1520,0.001219,74.125.24.0-255,2902,84132,96,281978
1521,0.001223,172.31.47.0-255,66,84198,96,281978
1522,0.001227,74.125.24.0-255,1484,85682,96,281978
1523,0.001256,74.125.24.0-255,4320,90002,96,281978
1524,0.00126,172.31.47.0-255,66,90068,96,281978
1525,0.001265,74.125.24.0-255,7156,97224,96,281978
1526,0.001268,172.31.47.0-255,66,97290,96,281978
1527,0.001281,74.125.24.0-255,2902,100192,96,281978
1528,0.001283,172.31.47.0-255,66,100258,96,281978
1529,0.001322,172.31.47.0-255,66,100324,96,281978
1530,0.001325,74.125.24.0-255,2184,102508,96,281978
1531,0.001327,172.31.47.0-255,66,102574,96,281978
1532,0.001958,74.125.24.0-255,1484,104058,96,281978
1533,0.001965,74.125.24.0-255,2902,106960,96,281978
1534,0.00197,172.31.47.0-255,66,107026,96,281978
1535,0.001994,74.125.24.0-255,4320,111346,96,281978
1536,0.001997,172.31.47.0-255,66,111412,96,281978
1537,0.003893,74.125.24.0-255,1484,112896,96,281978
1538,0.003937,74.125.24.0-255,1484,114380,96,281978
1539,0.00394,172.31.47.0-255,66,114446,96,281978
1540,0.003966,74.125.24.0-255,2902,117348,96,281978
1541,0.003969,172.31.47.0-255,66,117414,96,281978
1542,0.005868,74.125.24.0-255,2902,120316,96,281978
1543,0.005872,172.31.47.0-255,66,120382,96,281978
1544,0.005911,74.125.24.0-255,2902,123284,96,281978
1545,0.005914,172.31.47.0-255,66,123350,96,281978
1546,0.007834,74.125.24.0-255,5738,129088,96,281978
1547,0.00784,172.31.47.0-255,66,129154,96,281978
1548,0.009802,74.125.24.0-255,5738,134892,96,281978
1549,0.00981,172.31.47.0-255,66,134958,96,281978
1550,0.011731,74.125.24.0-255,5738,140696,96,281978
1551,0.011736,172.31.47.0-255,66,140762,96,281978
1552,0.01368,74.125.24.0-255,5738,146500,96,281978
1553,0.013685,172.31.47.0-255,66,146566,96,281978
1554,0.01567,74.125.24.0-255,5738,152304,96,281978
1555,0.015677,172.31.47.0-255,66,152370,96,281978
1556,0.017637,74.125.24.0-255,5738,158108,96,281978
1557,0.017644,172.31.47.0-255,66,158174,96,281978
1558,0.019583,74.125.24.0-255,5738,163912,96,281978
1559,0.01959,172.31.47.0-255,66,163978,96,281978
1560,0.02156,74.125.24.0-255,5738,169716,96,281978
1561,0.021566,172.31.47.0-255,66,169782,96,281978
1562,0.023497,74.125.24.0-255,5738,175520,96,281978
1563,0.023503,172.31.47.0-255,66,175586,96,281978
1564,0.025464,74.125.24.0-255,5738,181324,96,281978
1565,0.02547,172.31.47.0-255,66,181390,96,281978
1566,0.027426,74.125.24.0-255,5738,187128,96,281978
1567,0.027432,172.31.47.0-255,66,187194,96,281978
1568,0.028222,172.31.47.0-255,171,187365,96,281978
1569,0.028251,172.31.47.0-255,1133,188498,96,281978
1570,0.028289,172.31.47.0-255,1514,190012,96,281978
1571,0.028291,172.31.47.0-255,1278,191290,96,281978
1572,0.029364,74.125.24.0-255,5738,197028,96,281978
1573,0.029373,172.31.47.0-255,66,197094,96,281978
1574,0.029958,104.244.42.0-255,66,197160,96,281978
1575,0.029967,104.244.42.0-255,66,197226,96,281978
1576,0.029971,104.244.42.0-255,66,197292,96,281978
1577,0.03131,74.125.24.0-255,5738,203030,96,281978
1578,0.031316,172.31.47.0-255,66,203096,96,281978
1579,0.033251,74.125.24.0-255,4320,207416,96,281978
1580,0.033255,172.31.47.0-255,66,207482,96,281978
1581,0.033281,74.125.24.0-255,1484,208966,96,281978
1582,0.035186,74.125.24.0-255,4320,213286,96,281978
1583,0.035191,172.31.47.0-255,66,213352,96,281978
1584,0.037136,74.125.24.0-255,5738,219090,96,281978
1585,0.037141,172.31.47.0-255,66,219156,96,281978
1586,0.039085,74.125.24.0-255,5738,224894,96,281978
1587,0.03909,172.31.47.0-255,66,224960,96,281978
1588,0.041033,74.125.24.0-255,5738,230698,96,281978
1589,0.041038,172.31.47.0-255,66,230764,96,281978
1590,0.042978,74.125.24.0-255,5738,236502,96,281978
1591,0.042983,172.31.47.0-255,66,236568,96,281978
1592,0.044922,74.125.24.0-255,2902,239470,96,281978
1593,0.044927,172.31.47.0-255,66,239536,96,281978
1594,0.044967,74.125.24.0-255,2902,242438,96,281978
1595,0.044971,172.31.47.0-255,66,242504,96,281978
1596,0.046855,74.125.24.0-255,2902,245406,96,281978
1597,0.04686,172.31.47.0-255,66,245472,96,281978
1598,0.046911,74.125.24.0-255,2902,248374,96,281978
1599,0.046916,172.31.47.0-255,66,248440,96,281978
1600,0.048801,74.125.24.0-255,1484,249924,96,281978
1601,0.048838,74.125.24.0-255,4320,254244,96,281978
1602,0.048844,172.31.47.0-255,66,254310,96,281978
1603,0.050784,74.125.24.0-255,5738,260048,96,281978
1604,0.05079,172.31.47.0-255,66,260114,96,281978
1605,0.052712,74.125.24.0-255,4320,264434,96,281978
1606,0.052717,172.31.47.0-255,66,264500,96,281978
1607,0.052745,74.125.24.0-255,1484,265984,96,281978
1608,0.054628,74.125.24.0-255,4320,270304,96,281978
1609,0.054634,172.31.47.0-255,66,270370,96,281978
1610,0.056585,74.125.24.0-255,5738,276108,96,281978
1611,0.056591,172.31.47.0-255,66,276174,96,281978
1612,0.058575,74.125.24.0-255,5738,281912,96,281978
1613,0.05858,172.31.47.0-255,66,281978,96,281978
1614,0.0,74.125.24.0-255,157,157,96,196193
1615,2.3e-05,172.31.47.0-255,66,223,96,196193
1616,3e-05,74.125.24.0-255,1484,1707,96,196193
1617,3.3e-05,172.31.47.0-255,66,1773,96,196193
1618,3.8e-05,74.125.24.0-255,2902,4675,96,196193
1619,3.9e-05,172.31.47.0-255,66,4741,96,196193
1620,5.1e-05,74.125.24.0-255,5738,10479,96,196193
1621,5.3e-05,172.31.47.0-255,66,10545,96,196193
1622,8.5e-05,172.31.47.0-255,66,10611,96,196193
1623,0.000113,74.125.24.0-255,2251,12862,96,196193
1624,0.000115,172.31.47.0-255,66,12928,96,196193
1625,0.000121,74.125.24.0-255,6797,19725,96,196193
1626,0.000123,172.31.47.0-255,66,19791,96,196193
1627,0.000232,74.125.24.0-255,1484,21275,96,196193
1628,0.000236,172.31.47.0-255,66,21341,96,196193
1629,0.000239,74.125.24.0-255,1484,22825,96,196193
1630,0.000241,172.31.47.0-255,66,22891,96,196193
1631,0.00026,74.125.24.0-255,1484,24375,96,196193
1632,0.000264,172.31.47.0-255,66,24441,96,196193
1633,0.000265,74.125.24.0-255,5738,30179,96,196193
1634,0.000269,172.31.47.0-255,66,30245,96,196193
1635,0.00029,74.125.24.0-255,2902,33147,96,196193
1636,0.000294,172.31.47.0-255,66,33213,96,196193
1637,0.000332,172.31.47.0-255,66,33279,96,196193
1638,0.000336,74.125.24.0-255,2902,36181,96,196193
1639,0.000338,172.31.47.0-255,66,36247,96,196193
1640,0.000361,74.125.24.0-255,7139,43386,96,196193
1641,0.000368,172.31.47.0-255,66,43452,96,196193
1642,0.000387,74.125.24.0-255,345,43797,96,196193
1643,0.00039,172.31.47.0-255,66,43863,96,196193
1644,0.00056,74.125.24.0-255,1484,45347,96,196193
1645,0.000572,74.125.24.0-255,2902,48249,96,196193
1646,0.000575,172.31.47.0-255,66,48315,96,196193
1647,0.000578,74.125.24.0-255,1484,49799,96,196193
1648,0.000603,74.125.24.0-255,4320,54119,96,196193
1649,0.000605,172.31.47.0-255,66,54185,96,196193
1650,0.000611,74.125.24.0-255,5738,59923,96,196193
1651,0.000613,172.31.47.0-255,66,59989,96,196193
1652,0.00064,74.125.24.0-255,7156,67145,96,196193
1653,0.000643,172.31.47.0-255,66,67211,96,196193
1654,0.000649,74.125.24.0-255,7156,74367,96,196193
1655,0.00065,172.31.47.0-255,66,74433,96,196193
1656,0.000679,74.125.24.0-255,1484,75917,96,196193
1657,0.000695,74.125.24.0-255,2184,78101,96,196193
1658,0.000698,172.31.47.0-255,66,78167,96,196193
1659,0.000855,74.125.24.0-255,1484,79651,96,196193
1660,0.000868,74.125.24.0-255,2902,82553,96,196193
1661,0.000871,172.31.47.0-255,66,82619,96,196193
1662,0.000874,74.125.24.0-255,1484,84103,96,196193
1663,0.0009,74.125.24.0-255,4320,88423,96,196193
1664,0.000903,172.31.47.0-255,66,88489,96,196193
1665,0.000931,172.31.47.0-255,66,88555,96,196193
1666,0.000944,74.125.24.0-255,2902,91457,96,196193
1667,0.00095,172.31.47.0-255,66,91523,96,196193
1668,0.000957,74.125.24.0-255,7156,98679,96,196193
1669,0.000959,172.31.47.0-255,66,98745,96,196193
1670,0.000986,74.125.24.0-255,1484,100229,96,196193
1671,0.001001,74.125.24.0-255,3602,103831,96,196193
1672,0.001004,172.31.47.0-255,66,103897,96,196193
1673,0.001009,74.125.24.0-255,5738,109635,96,196193
1674,0.001011,172.31.47.0-255,66,109701,96,196193
1675,0.001029,74.125.24.0-255,5738,115439,96,196193
1676,0.001032,172.31.47.0-255,66,115505,96,196193
1677,0.001055,74.125.24.0-255,7156,122661,96,196193
1678,0.001058,172.31.47.0-255,66,122727,96,196193
1679,0.001063,74.125.24.0-255,7156,129883,96,196193
1680,0.001065,172.31.47.0-255,66,129949,96,196193
1681,0.001091,74.125.24.0-255,1484,131433,96,196193
1682,0.001105,74.125.24.0-255,5020,136453,96,196193
1683,0.001108,172.31.47.0-255,66,136519,96,196193
1684,0.001114,74.125.24.0-255,7156,143675,96,196193
1685,0.001115,172.31.47.0-255,66,143741,96,196193
1686,0.00115,172.31.47.0-255,66,143807,96,196193
1687,0.001181,74.125.24.0-255,1484,145291,96,196193
1688,0.001206,172.31.47.0-255,66,145357,96,196193
1689,0.001232,74.125.24.0-255,1484,146841,96,196193
1690,0.001235,74.125.24.0-255,1484,148325,96,196193
1691,0.001237,172.31.47.0-255,66,148391,96,196193
1692,0.001247,74.125.24.0-255,1484,149875,96,196193
1693,0.001258,74.125.24.0-255,5738,155613,96,196193
1694,0.001261,172.31.47.0-255,66,155679,96,196193
1695,0.001304,74.125.24.0-255,5738,161417,96,196193
1696,0.001306,172.31.47.0-255,66,161483,96,196193
1697,0.001333,74.125.24.0-255,5738,167221,96,196193
1698,0.001336,172.31.47.0-255,66,167287,96,196193
1699,0.001347,172.31.47.0-255,66,167353,96,196193
1700,0.001382,74.125.24.0-255,2902,170255,96,196193
1701,0.001385,172.31.47.0-255,66,170321,96,196193
1702,0.001419,172.31.47.0-255,66,170387,96,196193
1703,0.001451,172.31.47.0-255,66,170453,96,196193
1704,0.00146,172.31.47.0-255,66,170519,96,196193
1705,0.001701,74.125.24.0-255,1484,172003,96,196193
1706,0.001706,74.125.24.0-255,2902,174905,96,196193
1707,0.001709,172.31.47.0-255,66,174971,96,196193
1708,0.001738,74.125.24.0-255,5738,180709,96,196193
1709,0.001741,172.31.47.0-255,66,180775,96,196193
1710,0.001753,172.31.47.0-255,66,180841,96,196193
1711,0.001836,172.31.47.0-255,66,180907,96,196193
1712,0.00186,172.31.47.0-255,66,180973,96,196193
1713,0.001888,74.125.24.0-255,2902,183875,96,196193
1714,0.001891,172.31.47.0-255,66,183941,96,196193
1715,0.001905,172.31.47.0-255,66,184007,96,196193
1716,0.00192,172.31.47.0-255,66,184073,96,196193
1717,0.001931,172.31.47.0-255,66,184139,96,196193
1718,0.00197,172.31.47.0-255,66,184205,96,196193
1719,0.001984,172.31.47.0-255,66,184271,96,196193
1720,0.001997,172.31.47.0-255,66,184337,96,196193
1721,0.002002,74.125.24.0-255,4320,188657,96,196193
1722,0.002004,172.31.47.0-255,66,188723,96,196193
1723,0.002055,172.31.47.0-255,66,188789,96,196193
1724,0.00206,74.125.24.0-255,2699,191488,96,196193
1725,0.002062,172.31.47.0-255,66,191554,96,196193
1726,0.002065,74.125.24.0-255,105,191659,96,196193
1727,0.003329,172.31.47.0-255,66,191725,96,196193
1728,0.003353,172.31.47.0-255,105,191830,96,196193
1729,0.005939,74.125.24.0-255,66,191896,96,196193
1730,0.027091,172.31.47.0-255,172,192068,96,196193
1731,0.027118,172.31.47.0-255,1105,193173,96,196193
1732,0.02715,172.31.47.0-255,1514,194687,96,196193
1733,0.027152,172.31.47.0-255,1308,195995,96,196193
1734,0.02862,104.244.42.0-255,66,196061,96,196193
1735,0.028637,104.244.42.0-255,66,196127,96,196193
1736,0.02864,104.244.42.0-255,66,196193,96,196193
1737,0.0,172.31.47.0-255,105,105,96,105
1738,0.0,74.125.68.0-255,153,153,96,327712
1739,1.5e-05,172.31.47.0-255,66,219,96,327712
1740,4.6e-05,74.125.68.0-255,1484,1703,96,327712
1741,5.1e-05,172.31.47.0-255,66,1769,96,327712
1742,5.7e-05,74.125.68.0-255,2902,4671,96,327712
1743,6.1e-05,172.31.47.0-255,66,4737,96,327712
1744,6.6e-05,74.125.68.0-255,2902,7639,96,327712
1745,7.4e-05,172.31.47.0-255,66,7705,96,327712
1746,0.000101,74.125.68.0-255,4320,12025,96,327712
1747,0.000103,172.31.47.0-255,66,12091,96,327712
1748,0.000114,172.31.47.0-255,66,12157,96,327712
1749,0.000126,74.125.68.0-255,7156,19313,96,327712
1750,0.000128,172.31.47.0-255,66,19379,96,327712
1751,0.00017,74.125.68.0-255,3961,23340,96,327712
1752,0.000173,172.31.47.0-255,66,23406,96,327712
1753,0.000232,74.125.68.0-255,1484,24890,96,327712
1754,0.000236,172.31.47.0-255,66,24956,96,327712
1755,0.000239,74.125.68.0-255,1484,26440,96,327712
1756,0.000241,172.31.47.0-255,66,26506,96,327712
1757,0.000264,74.125.68.0-255,1484,27990,96,327712
1758,0.000271,172.31.47.0-255,66,28056,96,327712
1759,0.000278,74.125.68.0-255,5738,33794,96,327712
1760,0.00028,172.31.47.0-255,66,33860,96,327712
1761,0.000283,74.125.68.0-255,1484,35344,96,327712
1762,0.000286,172.31.47.0-255,66,35410,96,327712
1763,0.000311,74.125.68.0-255,5379,40789,96,327712
1764,0.000318,172.31.47.0-255,66,40855,96,327712
1765,0.000322,74.125.68.0-255,2902,43757,96,327712
1766,0.000325,172.31.47.0-255,66,43823,96,327712
1767,0.000361,74.125.68.0-255,5738,49561,96,327712
1768,0.000364,172.31.47.0-255,66,49627,96,327712
1769,0.000382,74.125.68.0-255,1484,51111,96,327712
1770,0.000402,74.125.68.0-255,7109,58220,96,327712
1771,0.000405,172.31.47.0-255,66,58286,96,327712
1772,0.000408,74.125.68.0-255,374,58660,96,327712
1773,0.000704,74.125.68.0-255,1484,60144,96,327712
1774,0.000709,74.125.68.0-255,2902,63046,96,327712
1775,0.000715,172.31.47.0-255,66,63112,96,327712
1776,0.000723,172.31.47.0-255,66,63178,96,327712
1777,0.000733,74.125.68.0-255,4320,67498,96,327712
1778,0.000737,172.31.47.0-255,66,67564,96,327712
1779,0.000772,172.31.47.0-255,66,67630,96,327712
1780,0.000777,74.125.68.0-255,2902,70532,96,327712
1781,0.000779,172.31.47.0-255,66,70598,96,327712
1782,0.000828,172.31.47.0-255,66,70664,96,327712
1783,0.000831,74.125.68.0-255,766,71430,96,327712
1784,0.000979,74.125.68.0-255,1484,72914,96,327712
1785,0.000985,172.31.47.0-255,66,72980,96,327712
1786,0.001011,74.125.68.0-255,2902,75882,96,327712
1787,0.001015,172.31.47.0-255,66,75948,96,327712
1788,0.001021,74.125.68.0-255,5738,81686,96,327712
1789,0.001024,172.31.47.0-255,66,81752,96,327712
1790,0.001028,74.125.68.0-255,2902,84654,96,327712
1791,0.001035,172.31.47.0-255,66,84720,96,327712
1792,0.00104,74.125.68.0-255,4320,89040,96,327712
1793,0.001042,172.31.47.0-255,66,89106,96,327712
1794,0.001082,172.31.47.0-255,66,89172,96,327712
1795,0.001087,74.125.68.0-255,4320,93492,96,327712
1796,0.00109,172.31.47.0-255,66,93558,96,327712
1797,0.001129,74.125.68.0-255,3602,97160,96,327712
1798,0.001131,172.31.47.0-255,66,97226,96,327712
1799,0.001174,74.125.68.0-255,2902,100128,96,327712
1800,0.001178,172.31.47.0-255,66,100194,96,327712
1801,0.001189,74.125.68.0-255,2902,103096,96,327712
1802,0.001196,172.31.47.0-255,66,103162,96,327712
1803,0.001227,74.125.68.0-255,1484,104646,96,327712
1804,0.001241,172.31.47.0-255,66,104712,96,327712
1805,0.001246,74.125.68.0-255,4320,109032,96,327712
1806,0.001249,172.31.47.0-255,66,109098,96,327712
1807,0.001259,74.125.68.0-255,5738,114836,96,327712
1808,0.001261,172.31.47.0-255,66,114902,96,327712
1809,0.001303,172.31.47.0-255,66,114968,96,327712
1810,0.00149,74.125.68.0-255,1484,116452,96,327712
1811,0.001526,74.125.68.0-255,2902,119354,96,327712
1812,0.001531,172.31.47.0-255,66,119420,96,327712
1813,0.001538,74.125.68.0-255,5738,125158,96,327712
1814,0.00154,172.31.47.0-255,66,125224,96,327712
1815,0.001545,74.125.68.0-255,2902,128126,96,327712
1816,0.001551,172.31.47.0-255,66,128192,96,327712
1817,0.001556,74.125.68.0-255,4320,132512,96,327712
1818,0.001558,172.31.47.0-255,66,132578,96,327712
1819,0.001605,172.31.47.0-255,66,132644,96,327712
1820,0.001612,74.125.68.0-255,5738,138382,96,327712
1821,0.001615,172.31.47.0-255,66,138448,96,327712
1822,0.001649,74.125.68.0-255,2184,140632,96,327712
1823,0.001651,172.31.47.0-255,66,140698,96,327712
1824,0.00201,74.125.68.0-255,1484,142182,96,327712
1825,0.002018,74.125.68.0-255,2902,145084,96,327712
1826,0.002024,172.31.47.0-255,66,145150,96,327712
1827,0.002053,74.125.68.0-255,2902,148052,96,327712
1828,0.002056,172.31.47.0-255,66,148118,96,327712
1829,0.002061,74.125.68.0-255,4320,152438,96,327712
1830,0.002063,172.31.47.0-255,66,152504,96,327712
1831,0.002066,74.125.68.0-255,1484,153988,96,327712
1832,0.002103,74.125.68.0-255,7156,161144,96,327712
1833,0.002106,172.31.47.0-255,66,161210,96,327712
1834,0.00211,74.125.68.0-255,2902,164112,96,327712
1835,0.002112,172.31.47.0-255,66,164178,96,327712
1836,0.00214,74.125.68.0-255,2902,167080,96,327712
1837,0.002147,172.31.47.0-255,66,167146,96,327712
1838,0.002184,172.31.47.0-255,66,167212,96,327712
1839,0.002196,172.31.47.0-255,66,167278,96,327712
1840,0.002235,74.125.68.0-255,4320,171598,96,327712
1841,0.002238,172.31.47.0-255,66,171664,96,327712
1842,0.002244,74.125.68.0-255,5738,177402,96,327712
1843,0.002247,172.31.47.0-255,66,177468,96,327712
1844,0.002264,172.31.47.0-255,66,177534,96,327712
1845,0.002303,74.125.68.0-255,1484,179018,96,327712
1846,0.002314,74.125.68.0-255,1484,180502,96,327712
1847,0.002316,172.31.47.0-255,66,180568,96,327712
1848,0.002321,74.125.68.0-255,1484,182052,96,327712
1849,0.002344,74.125.68.0-255,2902,184954,96,327712
1850,0.002347,172.31.47.0-255,66,185020,96,327712
1851,0.004608,74.125.68.0-255,1484,186504,96,327712
1852,0.004679,74.125.68.0-255,4320,190824,96,327712
1853,0.004685,172.31.47.0-255,66,190890,96,327712
1854,0.006991,74.125.68.0-255,5738,196628,96,327712
1855,0.006999,172.31.47.0-255,66,196694,96,327712
1856,0.009302,74.125.68.0-255,5738,202432,96,327712
1857,0.009308,172.31.47.0-255,66,202498,96,327712
1858,0.01161,74.125.68.0-255,5738,208236,96,327712
1859,0.011616,172.31.47.0-255,66,208302,96,327712
1860,0.01393,74.125.68.0-255,5738,214040,96,327712
1861,0.013938,172.31.47.0-255,66,214106,96,327712
1862,0.016242,74.125.68.0-255,5738,219844,96,327712
1863,0.01625,172.31.47.0-255,66,219910,96,327712
1864,0.01857,74.125.68.0-255,5738,225648,96,327712
1865,0.018584,172.31.47.0-255,66,225714,96,327712
1866,0.020888,74.125.68.0-255,5738,231452,96,327712
1867,0.020895,172.31.47.0-255,66,231518,96,327712
1868,0.0232,74.125.68.0-255,5738,237256,96,327712
1869,0.023206,172.31.47.0-255,66,237322,96,327712
1870,0.025534,74.125.68.0-255,5738,243060,96,327712
1871,0.025539,172.31.47.0-255,66,243126,96,327712
1872,0.026229,172.31.47.0-255,172,243298,96,327712
1873,0.026256,172.31.47.0-255,1105,244403,96,327712
1874,0.026308,172.31.47.0-255,1514,245917,96,327712
1875,0.02631,172.31.47.0-255,341,246258,96,327712
1876,0.02772,104.244.42.0-255,66,246324,96,327712
1877,0.027841,74.125.68.0-255,5738,252062,96,327712
1878,0.027845,172.31.47.0-255,66,252128,96,327712
1879,0.027871,104.244.42.0-255,66,252194,96,327712
1880,0.027886,104.244.42.0-255,66,252260,96,327712
1881,0.030164,74.125.68.0-255,5738,257998,96,327712
1882,0.030171,172.31.47.0-255,66,258064,96,327712
1883,0.03249,74.125.68.0-255,5738,263802,96,327712
1884,0.032495,172.31.47.0-255,66,263868,96,327712
1885,0.034805,74.125.68.0-255,5738,269606,96,327712
1886,0.034812,172.31.47.0-255,66,269672,96,327712
1887,0.037124,74.125.68.0-255,5738,275410,96,327712
1888,0.037131,172.31.47.0-255,66,275476,96,327712
1889,0.039435,74.125.68.0-255,5738,281214,96,327712
1890,0.03944,172.31.47.0-255,66,281280,96,327712
1891,0.041759,74.125.68.0-255,5738,287018,96,327712
1892,0.041768,172.31.47.0-255,66,287084,96,327712
1893,0.044078,74.125.68.0-255,5738,292822,96,327712
1894,0.044085,172.31.47.0-255,66,292888,96,327712
1895,0.046395,74.125.68.0-255,5738,298626,96,327712
1896,0.046401,172.31.47.0-255,66,298692,96,327712
1897,0.048715,74.125.68.0-255,5738,304430,96,327712
1898,0.04872,172.31.47.0-255,66,304496,96,327712
1899,0.051022,74.125.68.0-255,5738,310234,96,327712
1900,0.051027,172.31.47.0-255,66,310300,96,327712
1901,0.053348,74.125.68.0-255,5738,316038,96,327712
1902,0.053355,172.31.47.0-255,66,316104,96,327712
1903,0.055661,74.125.68.0-255,5738,321842,96,327712
1904,0.055667,172.31.47.0-255,66,321908,96,327712
1905,0.057974,74.125.68.0-255,5738,327646,96,327712
1906,0.057979,172.31.47.0-255,66,327712,96,327712
1907,0.0,172.31.47.0-255,105,105,96,276
1908,0.002396,157.240.13.0-255,105,210,96,276
1909,0.002408,172.31.47.0-255,66,276,96,276
1910,0.0,172.31.47.0-255,105,105,96,105
1911,0.0,172.31.47.0-255,105,105,96,276
1912,0.002043,157.240.13.0-255,105,210,96,276
1913,0.002056,172.31.47.0-255,66,276,96,276
1914,0.0,74.125.24.0-255,153,153,96,182483
1915,2.2e-05,172.31.47.0-255,66,219,96,182483
1916,2.9e-05,74.125.24.0-255,1484,1703,96,182483
1917,3.2e-05,172.31.47.0-255,66,1769,96,182483
1918,3.6e-05,74.125.24.0-255,2902,4671,96,182483
1919,3.8e-05,172.31.47.0-255,66,4737,96,182483
1920,4.3e-05,74.125.24.0-255,5738,10475,96,182483
1921,4.6e-05,172.31.47.0-255,66,10541,96,182483
1922,4.8e-05,74.125.24.0-255,1484,12025,96,182483
1923,5e-05,172.31.47.0-255,66,12091,96,182483
1924,8.2e-05,172.31.47.0-255,66,12157,96,182483
1925,9.1e-05,172.31.47.0-255,66,12223,96,182483
1926,0.000135,74.125.24.0-255,1484,13707,96,182483
1927,0.000138,172.31.47.0-255,66,13773,96,182483
1928,0.000143,74.125.24.0-255,2902,16675,96,182483
1929,0.000144,172.31.47.0-255,66,16741,96,182483
1930,0.000162,74.125.24.0-255,5738,22479,96,182483
1931,0.000164,172.31.47.0-255,66,22545,96,182483
1932,0.000197,74.125.24.0-255,6797,29342,96,182483
1933,0.000199,172.31.47.0-255,66,29408,96,182483
1934,0.000205,74.125.24.0-255,7156,36564,96,182483
1935,0.000206,172.31.47.0-255,66,36630,96,182483
1936,0.000243,74.125.24.0-255,5738,42368,96,182483
1937,0.000246,172.31.47.0-255,66,42434,96,182483
1938,0.000258,74.125.24.0-255,4228,46662,96,182483
1939,0.000261,172.31.47.0-255,66,46728,96,182483
1940,0.000264,74.125.24.0-255,136,46864,96,182483
1941,0.000266,172.31.47.0-255,66,46930,96,182483
1942,0.000665,74.125.24.0-255,349,47279,96,182483
1943,0.00067,172.31.47.0-255,66,47345,96,182483
1944,0.000701,74.125.24.0-255,1484,48829,96,182483
1945,0.000707,74.125.24.0-255,4320,53149,96,182483
1946,0.000709,172.31.47.0-255,66,53215,96,182483
1947,0.000728,74.125.24.0-255,4320,57535,96,182483
1948,0.000731,172.31.47.0-255,66,57601,96,182483
1949,0.000758,74.125.24.0-255,5738,63339,96,182483
1950,0.00076,172.31.47.0-255,66,63405,96,182483
1951,0.000763,74.125.24.0-255,1125,64530,96,182483
1952,0.000817,172.31.47.0-255,66,64596,96,182483
1953,0.000905,74.125.24.0-255,1484,66080,96,182483
1954,0.000913,74.125.24.0-255,2902,68982,96,182483
1955,0.000916,172.31.47.0-255,66,69048,96,182483
1956,0.000935,74.125.24.0-255,5738,74786,96,182483
1957,0.000939,172.31.47.0-255,66,74852,96,182483
1958,0.000943,74.125.24.0-255,2902,77754,96,182483
1959,0.000945,172.31.47.0-255,66,77820,96,182483
1960,0.000981,172.31.47.0-255,66,77886,96,182483
1961,0.000989,172.31.47.0-255,66,77952,96,182483
1962,0.001013,74.125.24.0-255,4320,82272,96,182483
1963,0.001016,172.31.47.0-255,66,82338,96,182483
1964,0.001044,172.31.47.0-255,66,82404,96,182483
1965,0.001054,172.31.47.0-255,66,82470,96,182483
1966,0.001102,172.31.47.0-255,66,82536,96,182483
1967,0.001111,172.31.47.0-255,66,82602,96,182483
1968,0.001143,172.31.47.0-255,66,82668,96,182483
1969,0.001152,172.31.47.0-255,66,82734,96,182483
1970,0.001188,172.31.47.0-255,66,82800,96,182483
1971,0.001572,74.125.24.0-255,1484,84284,96,182483
1972,0.001576,74.125.24.0-255,2902,87186,96,182483
1973,0.001582,172.31.47.0-255,66,87252,96,182483
1974,0.001591,74.125.24.0-255,4320,91572,96,182483
1975,0.001592,172.31.47.0-255,66,91638,96,182483
1976,0.001605,74.125.24.0-255,1484,93122,96,182483
1977,0.001616,74.125.24.0-255,4320,97442,96,182483
1978,0.001618,172.31.47.0-255,66,97508,96,182483
1979,0.001638,74.125.24.0-255,7156,104664,96,182483
1980,0.001641,172.31.47.0-255,66,104730,96,182483
1981,0.001681,172.31.47.0-255,66,104796,96,182483
1982,0.001698,74.125.24.0-255,3602,108398,96,182483
1983,0.0017,172.31.47.0-255,66,108464,96,182483
1984,0.001789,74.125.24.0-255,1484,109948,96,182483
1985,0.001794,74.125.24.0-255,2902,112850,96,182483
1986,0.001796,172.31.47.0-255,66,112916,96,182483
1987,0.001818,74.125.24.0-255,5738,118654,96,182483
1988,0.00182,172.31.47.0-255,66,118720,96,182483
1989,0.001824,74.125.24.0-255,4320,123040,96,182483
1990,0.001826,172.31.47.0-255,66,123106,96,182483
1991,0.001828,74.125.24.0-255,1484,124590,96,182483
1992,0.001845,74.125.24.0-255,4320,128910,96,182483
1993,0.001849,172.31.47.0-255,66,128976,96,182483
1994,0.001858,74.125.24.0-255,5738,134714,96,182483
1995,0.001859,172.31.47.0-255,66,134780,96,182483
1996,0.001875,74.125.24.0-255,1484,136264,96,182483
1997,0.001914,172.31.47.0-255,66,136330,96,182483
1998,0.001917,74.125.24.0-255,1484,137814,96,182483
1999,0.001942,172.31.47.0-255,66,137880,96,182483
2000,0.00195,74.125.24.0-255,5738,143618,96,182483
2001,0.001952,172.31.47.0-255,66,143684,96,182483
2002,0.001967,74.125.24.0-255,2184,145868,96,182483
2003,0.001969,172.31.47.0-255,66,145934,96,182483
2004,0.002015,172.31.47.0-255,66,146000,96,182483
2005,0.00202,74.125.24.0-255,4320,150320,96,182483
2006,0.002021,172.31.47.0-255,66,150386,96,182483
2007,0.002045,172.31.47.0-255,66,150452,96,182483
2008,0.002051,74.125.24.0-255,7156,157608,96,182483
2009,0.002053,172.31.47.0-255,66,157674,96,182483
2010,0.002075,74.125.24.0-255,7156,164830,96,182483
2011,0.002078,172.31.47.0-255,66,164896,96,182483
2012,0.002086,172.31.47.0-255,66,164962,96,182483
2013,0.002117,172.31.47.0-255,66,165028,96,182483
2014,0.002131,172.31.47.0-255,66,165094,96,182483
2015,0.002155,74.125.24.0-255,2902,167996,96,182483
2016,0.002158,172.31.47.0-255,66,168062,96,182483
2017,0.002171,172.31.47.0-255,66,168128,96,182483
2018,0.002188,74.125.24.0-255,7156,175284,96,182483
2019,0.00219,172.31.47.0-255,66,175350,96,182483
2020,0.002215,74.125.24.0-255,2430,177780,96,182483
2021,0.002217,74.125.24.0-255,105,177885,96,182483
2022,0.002222,172.31.47.0-255,66,177951,96,182483
2023,0.003607,172.31.47.0-255,66,178017,96,182483
2024,0.003637,172.31.47.0-255,105,178122,96,182483
2025,0.005886,74.125.24.0-255,66,178188,96,182483
2026,0.031187,172.31.47.0-255,172,178360,96,182483
2027,0.031231,172.31.47.0-255,1109,179469,96,182483
2028,0.031301,172.31.47.0-255,1514,180983,96,182483
2029,0.031303,172.31.47.0-255,1302,182285,96,182483
2030,0.03271,104.244.42.0-255,66,182351,96,182483
2031,0.03281,104.244.42.0-255,66,182417,96,182483
2032,0.032859,104.244.42.0-255,66,182483,96,182483
2033,0.0,74.125.200.0-255,162,162,96,271337
2034,3e-05,172.31.47.0-255,66,228,96,271337
2035,3.6e-05,74.125.200.0-255,1484,1712,96,271337
2036,4e-05,172.31.47.0-255,66,1778,96,271337
2037,4.4e-05,74.125.200.0-255,2902,4680,96,271337
2038,4.7e-05,172.31.47.0-255,66,4746,96,271337
2039,7.2e-05,74.125.200.0-255,5738,10484,96,271337
2040,7.4e-05,172.31.47.0-255,66,10550,96,271337
2041,7.9e-05,74.125.200.0-255,3669,14219,96,271337
2042,8.1e-05,172.31.47.0-255,66,14285,96,271337
2043,0.000139,74.125.200.0-255,1484,15769,96,271337
2044,0.000143,172.31.47.0-255,66,15835,96,271337
2045,0.000155,74.125.200.0-255,2902,18737,96,271337
2046,0.000159,172.31.47.0-255,66,18803,96,271337
2047,0.00018,74.125.200.0-255,5738,24541,96,271337
2048,0.000183,172.31.47.0-255,66,24607,96,271337
2049,0.000188,74.125.200.0-255,2902,27509,96,271337
2050,0.00019,172.31.47.0-255,66,27575,96,271337
2051,0.00021,74.125.200.0-255,3961,31536,96,271337
2052,0.000213,172.31.47.0-255,66,31602,96,271337
2053,0.000217,74.125.200.0-255,2902,34504,96,271337
2054,0.000219,172.31.47.0-255,66,34570,96,271337
2055,0.00025,74.125.200.0-255,2902,37472,96,271337
2056,0.000253,172.31.47.0-255,66,37538,96,271337
2057,0.00026,74.125.200.0-255,7156,44694,96,271337
2058,0.000262,172.31.47.0-255,66,44760,96,271337
2059,0.000276,74.125.200.0-255,2902,47662,96,271337
2060,0.000278,172.31.47.0-255,66,47728,96,271337
2061,0.000298,74.125.200.0-255,1125,48853,96,271337
2062,0.000301,172.31.47.0-255,66,48919,96,271337
2063,0.000576,74.125.200.0-255,1484,50403,96,271337
2064,0.000581,172.31.47.0-255,66,50469,96,271337
2065,0.000586,74.125.200.0-255,2902,53371,96,271337
2066,0.000588,172.31.47.0-255,66,53437,96,271337
2067,0.000612,74.125.200.0-255,5738,59175,96,271337
2068,0.000614,172.31.47.0-255,66,59241,96,271337
2069,0.000618,74.125.200.0-255,1484,60725,96,271337
2070,0.000635,74.125.200.0-255,5379,66104,96,271337
2071,0.000637,172.31.47.0-255,66,66170,96,271337
2072,0.000703,74.125.200.0-255,1484,67654,96,271337
2073,0.000716,74.125.200.0-255,1484,69138,96,271337
2074,0.000719,172.31.47.0-255,66,69204,96,271337
2075,0.000737,74.125.200.0-255,1484,70688,96,271337
2076,0.000742,74.125.200.0-255,2902,73590,96,271337
2077,0.000744,172.31.47.0-255,66,73656,96,271337
2078,0.000749,74.125.200.0-255,4320,77976,96,271337
2079,0.000751,172.31.47.0-255,66,78042,96,271337
2080,0.000773,74.125.200.0-255,1484,79526,96,271337
2081,0.000803,172.31.47.0-255,66,79592,96,271337
2082,0.000815,172.31.47.0-255,66,79658,96,271337
2083,0.000867,74.125.200.0-255,2543,82201,96,271337
2084,0.00087,172.31.47.0-255,66,82267,96,271337
2085,0.000873,74.125.200.0-255,647,82914,96,271337
2086,0.001059,172.31.47.0-255,66,82980,96,271337
2087,0.001515,74.125.200.0-255,1484,84464,96,271337
2088,0.001526,74.125.200.0-255,2902,87366,96,271337
2089,0.00153,172.31.47.0-255,66,87432,96,271337
2090,0.001538,74.125.200.0-255,5738,93170,96,271337
2091,0.00154,172.31.47.0-255,66,93236,96,271337
2092,0.001545,74.125.200.0-255,2902,96138,96,271337
2093,0.001546,172.31.47.0-255,66,96204,96,271337
2094,0.001564,74.125.200.0-255,4320,100524,96,271337
2095,0.001566,172.31.47.0-255,66,100590,96,271337
2096,0.001596,74.125.200.0-255,7156,107746,96,271337
2097,0.001599,172.31.47.0-255,66,107812,96,271337
2098,0.001623,74.125.200.0-255,7156,114968,96,271337
2099,0.001626,172.31.47.0-255,66,115034,96,271337
2100,0.00163,74.125.200.0-255,2184,117218,96,271337
2101,0.001632,172.31.47.0-255,66,117284,96,271337
2102,0.00184,74.125.200.0-255,1484,118768,96,271337
2103,0.001847,74.125.200.0-255,2902,121670,96,271337
2104,0.001851,172.31.47.0-255,66,121736,96,271337
2105,0.001857,74.125.200.0-255,2902,124638,96,271337
2106,0.00186,172.31.47.0-255,66,124704,96,271337
2107,0.001877,74.125.200.0-255,2902,127606,96,271337
2108,0.001879,172.31.47.0-255,66,127672,96,271337
2109,0.00191,172.31.47.0-255,66,127738,96,271337
2110,0.00194,74.125.200.0-255,2902,130640,96,271337
2111,0.001942,172.31.47.0-255,66,130706,96,271337
2112,0.001957,74.125.200.0-255,2902,133608,96,271337
2113,0.001959,172.31.47.0-255,66,133674,96,271337
2114,0.001984,74.125.200.0-255,2902,136576,96,271337
2115,0.001987,172.31.47.0-255,66,136642,96,271337
2116,0.002003,74.125.200.0-255,1484,138126,96,271337
2117,0.002031,74.125.200.0-255,2184,140310,96,271337
2118,0.002034,172.31.47.0-255,66,140376,96,271337
2119,0.004508,74.125.200.0-255,1484,141860,96,271337
2120,0.00456,74.125.200.0-255,2902,144762,96,271337
2121,0.004563,172.31.47.0-255,66,144828,96,271337
2122,0.004574,74.125.200.0-255,1484,146312,96,271337
2123,0.007096,74.125.200.0-255,4320,150632,96,271337
2124,0.007101,172.31.47.0-255,66,150698,96,271337
2125,0.00966,74.125.200.0-255,5738,156436,96,271337
2126,0.009667,172.31.47.0-255,66,156502,96,271337
2127,0.012204,74.125.200.0-255,5738,162240,96,271337
2128,0.012209,172.31.47.0-255,66,162306,96,271337
2129,0.014756,74.125.200.0-255,5738,168044,96,271337
2130,0.014764,172.31.47.0-255,66,168110,96,271337
2131,0.01731,74.125.200.0-255,5738,173848,96,271337
2132,0.017318,172.31.47.0-255,66,173914,96,271337
2133,0.019854,74.125.200.0-255,5738,179652,96,271337
2134,0.019862,172.31.47.0-255,66,179718,96,271337
2135,0.022303,172.31.47.0-255,172,179890,96,271337
2136,0.022357,172.31.47.0-255,1105,180995,96,271337
2137,0.022391,74.125.200.0-255,5738,186733,96,271337
2138,0.022396,172.31.47.0-255,66,186799,96,271337
2139,0.022501,172.31.47.0-255,1514,188313,96,271337
2140,0.022503,172.31.47.0-255,1306,189619,96,271337
2141,0.023859,104.244.42.0-255,66,189685,96,271337
2142,0.023895,104.244.42.0-255,66,189751,96,271337
2143,0.024055,104.244.42.0-255,66,189817,96,271337
2144,0.024935,74.125.200.0-255,5738,195555,96,271337
2145,0.02494,172.31.47.0-255,66,195621,96,271337
2146,0.027492,74.125.200.0-255,5738,201359,96,271337
2147,0.027498,172.31.47.0-255,66,201425,96,271337
2148,0.030062,74.125.200.0-255,5738,207163,96,271337
2149,0.030069,172.31.47.0-255,66,207229,96,271337
2150,0.03262,74.125.200.0-255,5738,212967,96,271337
2151,0.032625,172.31.47.0-255,66,213033,96,271337
2152,0.035179,74.125.200.0-255,5738,218771,96,271337
2153,0.035186,172.31.47.0-255,66,218837,96,271337
2154,0.037733,74.125.200.0-255,5738,224575,96,271337
2155,0.037739,172.31.47.0-255,66,224641,96,271337
2156,0.040284,74.125.200.0-255,5738,230379,96,271337
2157,0.04029,172.31.47.0-255,66,230445,96,271337
2158,0.042829,74.125.200.0-255,5738,236183,96,271337
2159,0.042845,172.31.47.0-255,66,236249,96,271337
2160,0.045406,74.125.200.0-255,1484,237733,96,271337
2161,0.045436,74.125.200.0-255,4320,242053,96,271337
2162,0.04544,172.31.47.0-255,66,242119,96,271337
2163,0.047964,74.125.200.0-255,1484,243603,96,271337
2164,0.047992,74.125.200.0-255,4320,247923,96,271337
2165,0.047996,172.31.47.0-255,66,247989,96,271337
2166,0.050551,74.125.200.0-255,5738,253727,96,271337
2167,0.050555,172.31.47.0-255,66,253793,96,271337
2168,0.05309,74.125.200.0-255,5738,259531,96,271337
2169,0.053094,172.31.47.0-255,66,259597,96,271337
2170,0.055628,74.125.200.0-255,5738,265335,96,271337
2171,0.055632,172.31.47.0-255,66,265401,96,271337
2172,0.058162,74.125.200.0-255,2902,268303,96,271337
2173,0.058166,172.31.47.0-255,66,268369,96,271337
2174,0.058195,74.125.200.0-255,2902,271271,96,271337
2175,0.058197,172.31.47.0-255,66,271337,96,271337
2176,0.0,172.217.194.0-255,152,152,96,269116
2177,1.8e-05,172.31.47.0-255,66,218,96,269116
2178,2.5e-05,172.217.194.0-255,1484,1702,96,269116
2179,3.1e-05,172.31.47.0-255,66,1768,96,269116
2180,3.5e-05,172.217.194.0-255,2902,4670,96,269116
2181,4.9e-05,172.31.47.0-255,66,4736,96,269116
2182,5.7e-05,172.217.194.0-255,7156,11892,96,269116
2183,6.2e-05,172.31.47.0-255,66,11958,96,269116
2184,6.6e-05,172.217.194.0-255,2097,14055,96,269116
2185,6.9e-05,172.31.47.0-255,66,14121,96,269116
2186,9.1e-05,172.217.194.0-255,1484,15605,96,269116
2187,9.4e-05,172.31.47.0-255,66,15671,96,269116
2188,0.000116,172.217.194.0-255,1484,17155,96,269116
2189,0.00012,172.31.47.0-255,66,17221,96,269116
2190,0.000125,172.217.194.0-255,4320,21541,96,269116
2191,0.000127,172.31.47.0-255,66,21607,96,269116
2192,0.000138,172.31.47.0-255,66,21673,96,269116
2193,0.00017,172.217.194.0-255,1125,22798,96,269116
2194,0.000173,172.31.47.0-255,66,22864,96,269116
2195,0.000197,172.217.194.0-255,1484,24348,96,269116
2196,0.000199,172.31.47.0-255,66,24414,96,269116
2197,0.000213,172.217.194.0-255,2902,27316,96,269116
2198,0.000215,172.31.47.0-255,66,27382,96,269116
2199,0.000226,172.217.194.0-255,4320,31702,96,269116
2200,0.000229,172.31.47.0-255,66,31768,96,269116
2201,0.00027,172.217.194.0-255,5738,37506,96,269116
2202,0.000274,172.31.47.0-255,66,37572,96,269116
2203,0.0003,172.217.194.0-255,2543,40115,96,269116
2204,0.000303,172.31.47.0-255,66,40181,96,269116
2205,0.000388,172.217.194.0-255,1484,41665,96,269116
2206,0.000393,172.31.47.0-255,66,41731,96,269116
2207,0.000398,172.217.194.0-255,2902,44633,96,269116
2208,0.000401,172.31.47.0-255,66,44699,96,269116
2209,0.000406,172.217.194.0-255,4320,49019,96,269116
2210,0.000413,172.31.47.0-255,66,49085,96,269116
2211,0.000439,172.217.194.0-255,1484,50569,96,269116
2212,0.000447,172.217.194.0-255,6797,57366,96,269116
2213,0.000451,172.31.47.0-255,66,57432,96,269116
2214,0.000453,172.217.194.0-255,379,57811,96,269116
2215,0.000518,172.217.194.0-255,366,58177,96,269116
2216,0.000592,172.217.194.0-255,1484,59661,96,269116
2217,0.000597,172.31.47.0-255,66,59727,96,269116
2218,0.000603,172.217.194.0-255,2902,62629,96,269116
2219,0.000605,172.31.47.0-255,66,62695,96,269116
2220,0.000639,172.217.194.0-255,5738,68433,96,269116
2221,0.000646,172.217.194.0-255,4320,72753,96,269116
2222,0.000685,172.217.194.0-255,4320,77073,96,269116
2223,0.000703,172.217.194.0-255,3602,80675,96,269116
2224,0.00071,172.31.47.0-255,66,80741,96,269116
2225,0.001473,172.217.194.0-255,1484,82225,96,269116
2226,0.001484,172.217.194.0-255,2902,85127,96,269116
2227,0.001489,172.31.47.0-255,66,85193,96,269116
2228,0.001496,172.217.194.0-255,2902,88095,96,269116
2229,0.001498,172.31.47.0-255,66,88161,96,269116
2230,0.001516,172.217.194.0-255,2902,91063,96,269116
2231,0.001518,172.31.47.0-255,66,91129,96,269116
2232,0.00153,172.217.194.0-255,5738,96867,96,269116
2233,0.001532,172.31.47.0-255,66,96933,96,269116
2234,0.001565,172.217.194.0-255,7156,104089,96,269116
2235,0.001567,172.31.47.0-255,66,104155,96,269116
2236,0.001579,172.31.47.0-255,66,104221,96,269116
2237,0.002068,172.217.194.0-255,1484,105705,96,269116
2238,0.002078,172.217.194.0-255,2902,108607,96,269116
2239,0.002083,172.31.47.0-255,66,108673,96,269116
2240,0.002089,172.217.194.0-255,2902,111575,96,269116
2241,0.002091,172.31.47.0-255,66,111641,96,269116
2242,0.002132,172.217.194.0-255,2902,114543,96,269116
2243,0.002134,172.31.47.0-255,66,114609,96,269116
2244,0.002151,172.31.47.0-255,66,114675,96,269116
2245,0.004223,172.217.194.0-255,4320,118995,96,269116
2246,0.00423,172.31.47.0-255,66,119061,96,269116
2247,0.004255,172.217.194.0-255,1484,120545,96,269116
2248,0.006292,172.217.194.0-255,4320,124865,96,269116
2249,0.006296,172.31.47.0-255,66,124931,96,269116
2250,0.008373,172.217.194.0-255,5738,130669,96,269116
2251,0.008379,172.31.47.0-255,66,130735,96,269116
2252,0.010494,172.217.194.0-255,5738,136473,96,269116
2253,0.010501,172.31.47.0-255,66,136539,96,269116
2254,0.012592,172.217.194.0-255,5738,142277,96,269116
2255,0.012601,172.31.47.0-255,66,142343,96,269116
2256,0.014689,172.217.194.0-255,5738,148081,96,269116
2257,0.014695,172.31.47.0-255,66,148147,96,269116
2258,0.016758,172.217.194.0-255,5738,153885,96,269116
2259,0.016766,172.31.47.0-255,66,153951,96,269116
2260,0.018843,172.217.194.0-255,5738,159689,96,269116
2261,0.018848,172.31.47.0-255,66,159755,96,269116
2262,0.020919,172.217.194.0-255,4320,164075,96,269116
2263,0.020923,172.31.47.0-255,66,164141,96,269116
2264,0.020952,172.217.194.0-255,1484,165625,96,269116
2265,0.023013,172.217.194.0-255,4320,169945,96,269116
2266,0.023022,172.31.47.0-255,66,170011,96,269116
2267,0.024533,172.31.47.0-255,172,170183,96,269116
2268,0.024561,172.31.47.0-255,1110,171293,96,269116
2269,0.024591,172.31.47.0-255,1514,172807,96,269116
2270,0.024593,172.31.47.0-255,1301,174108,96,269116
2271,0.025097,172.217.194.0-255,5738,179846,96,269116
2272,0.025102,172.31.47.0-255,66,179912,96,269116
2273,0.026057,104.244.42.0-255,66,179978,96,269116
2274,0.02609,104.244.42.0-255,66,180044,96,269116
2275,0.026148,104.244.42.0-255,66,180110,96,269116
2276,0.02719,172.217.194.0-255,4320,184430,96,269116
2277,0.027193,172.31.47.0-255,66,184496,96,269116
2278,0.027222,172.217.194.0-255,1484,185980,96,269116
2279,0.029239,172.217.194.0-255,4320,190300,96,269116
2280,0.029244,172.31.47.0-255,66,190366,96,269116
2281,0.031321,172.217.194.0-255,4320,194686,96,269116
2282,0.031326,172.31.47.0-255,66,194752,96,269116
2283,0.03136,172.217.194.0-255,1484,196236,96,269116
2284,0.033423,172.217.194.0-255,4320,200556,96,269116
2285,0.033428,172.31.47.0-255,66,200622,96,269116
2286,0.035492,172.217.194.0-255,5738,206360,96,269116
2287,0.035496,172.31.47.0-255,66,206426,96,269116
2288,0.037583,172.217.194.0-255,1484,207910,96,269116
2289,0.037613,172.217.194.0-255,4320,212230,96,269116
2290,0.037617,172.31.47.0-255,66,212296,96,269116
2291,0.039693,172.217.194.0-255,4320,216616,96,269116
2292,0.039698,172.31.47.0-255,66,216682,96,269116
2293,0.039725,172.217.194.0-255,1484,218166,96,269116
2294,0.041798,172.217.194.0-255,4320,222486,96,269116
2295,0.041802,172.31.47.0-255,66,222552,96,269116
2296,0.043878,172.217.194.0-255,5738,228290,96,269116
2297,0.043883,172.31.47.0-255,66,228356,96,269116
2298,0.045967,172.217.194.0-255,5738,234094,96,269116
2299,0.045972,172.31.47.0-255,66,234160,96,269116
2300,0.048045,172.217.194.0-255,5738,239898,96,269116
2301,0.04805,172.31.47.0-255,66,239964,96,269116
2302,0.05012,172.217.194.0-255,5738,245702,96,269116
2303,0.050125,172.31.47.0-255,66,245768,96,269116
2304,0.052185,172.217.194.0-255,5738,251506,96,269116
2305,0.05219,172.31.47.0-255,66,251572,96,269116
2306,0.054236,172.217.194.0-255,1484,253056,96,269116
2307,0.054265,172.217.194.0-255,4320,257376,96,269116
2308,0.054269,172.31.47.0-255,66,257442,96,269116
2309,0.05635,172.217.194.0-255,5738,263180,96,269116
2310,0.056355,172.31.47.0-255,66,263246,96,269116
2311,0.058447,172.217.194.0-255,4320,267566,96,269116
2312,0.058452,172.31.47.0-255,66,267632,96,269116
2313,0.058481,172.217.194.0-255,1484,269116,96,269116
2314,0.0,172.217.194.0-255,154,154,96,269374
2315,2.6e-05,172.31.47.0-255,66,220,96,269374
2316,3.4e-05,172.217.194.0-255,1484,1704,96,269374
2317,3.8e-05,172.31.47.0-255,66,1770,96,269374
2318,4.3e-05,172.217.194.0-255,2902,4672,96,269374
2319,4.6e-05,172.31.47.0-255,66,4738,96,269374
2320,6.3e-05,172.217.194.0-255,7156,11894,96,269374
2321,6.6e-05,172.31.47.0-255,66,11960,96,269374
2322,6.9e-05,172.217.194.0-255,1484,13444,96,269374
2323,7.3e-05,172.31.47.0-255,66,13510,96,269374
2324,7.6e-05,172.217.194.0-255,730,14240,96,269374
2325,7.9e-05,172.31.47.0-255,66,14306,96,269374
2326,0.000309,172.217.194.0-255,1484,15790,96,269374
2327,0.000315,172.31.47.0-255,66,15856,96,269374
2328,0.000321,172.217.194.0-255,2902,18758,96,269374
2329,0.000324,172.31.47.0-255,66,18824,96,269374
2330,0.000331,172.217.194.0-255,5738,24562,96,269374
2331,0.000339,172.31.47.0-255,66,24628,96,269374
2332,0.000346,172.217.194.0-255,5738,30366,96,269374
2333,0.000348,172.31.47.0-255,66,30432,96,269374
2334,0.000385,172.217.194.0-255,1125,31557,96,269374
2335,0.000387,172.31.47.0-255,66,31623,96,269374
2336,0.000426,172.217.194.0-255,1484,33107,96,269374
2337,0.000429,172.31.47.0-255,66,33173,96,269374
2338,0.000433,172.217.194.0-255,2902,36075,96,269374
2339,0.000436,172.31.47.0-255,66,36141,96,269374
2340,0.000439,172.217.194.0-255,1484,37625,96,269374
2341,0.000441,172.31.47.0-255,66,37691,96,269374
2342,0.000468,172.217.194.0-255,2902,40593,96,269374
2343,0.00047,172.31.47.0-255,66,40659,96,269374
2344,0.000481,172.31.47.0-255,66,40725,96,269374
2345,0.000522,172.217.194.0-255,342,41067,96,269374
2346,0.000591,172.217.194.0-255,119,41186,96,269374
2347,0.000605,172.217.194.0-255,382,41568,96,269374
2348,0.000614,172.31.47.0-255,66,41634,96,269374
2349,0.00087,172.217.194.0-255,1484,43118,96,269374
2350,0.000877,172.217.194.0-255,2902,46020,96,269374
2351,0.000886,172.31.47.0-255,66,46086,96,269374
2352,0.000898,172.217.194.0-255,5738,51824,96,269374
2353,0.000936,172.217.194.0-255,4320,56144,96,269374
2354,0.00096,172.217.194.0-255,1484,57628,96,269374
2355,0.000978,172.217.194.0-255,5020,62648,96,269374
2356,0.000983,172.31.47.0-255,66,62714,96,269374
2357,0.001506,172.217.194.0-255,1484,64198,96,269374
2358,0.001512,172.217.194.0-255,2902,67100,96,269374
2359,0.001515,172.31.47.0-255,66,67166,96,269374
2360,0.001523,172.217.194.0-255,5738,72904,96,269374
2361,0.001545,172.31.47.0-255,66,72970,96,269374
2362,0.001563,172.31.47.0-255,66,73036,96,269374
2363,0.001598,172.217.194.0-255,4320,77356,96,269374
2364,0.001624,172.217.194.0-255,4320,81676,96,269374
2365,0.001626,172.31.47.0-255,66,81742,96,269374
2366,0.00163,172.31.47.0-255,66,81808,96,269374
2367,0.001658,172.217.194.0-255,1484,83292,96,269374
2368,0.001665,172.217.194.0-255,7156,90448,96,269374
2369,0.001709,172.31.47.0-255,66,90514,96,269374
2370,0.001723,172.217.194.0-255,5738,96252,96,269374
2371,0.001745,172.31.47.0-255,66,96318,96,269374
2372,0.001776,172.217.194.0-255,2902,99220,96,269374
2373,0.00178,172.217.194.0-255,2184,101404,96,269374
2374,0.001803,172.217.194.0-255,2902,104306,96,269374
2375,0.001806,172.217.194.0-255,1484,105790,96,269374
2376,0.001819,172.217.194.0-255,5738,111528,96,269374
2377,0.001834,172.31.47.0-255,66,111594,96,269374
2378,0.001839,172.217.194.0-255,2902,114496,96,269374
2379,0.001843,172.31.47.0-255,66,114562,96,269374
2380,0.001878,172.217.194.0-255,1484,116046,96,269374
2381,0.001883,172.217.194.0-255,4320,120366,96,269374
2382,0.001906,172.217.194.0-255,2184,122550,96,269374
2383,0.001911,172.217.194.0-255,4320,126870,96,269374
2384,0.001916,172.31.47.0-255,66,126936,96,269374
2385,0.00193,172.217.194.0-255,2902,129838,96,269374
2386,0.001937,172.217.194.0-255,7156,136994,96,269374
2387,0.002017,172.31.47.0-255,66,137060,96,269374
2388,0.002034,172.31.47.0-255,66,137126,96,269374
2389,0.002112,172.217.194.0-255,1484,138610,96,269374
2390,0.002116,172.217.194.0-255,1484,140094,96,269374
2391,0.002127,172.217.194.0-255,1484,141578,96,269374
2392,0.002133,172.217.194.0-255,5738,147316,96,269374
2393,0.002136,172.31.47.0-255,66,147382,96,269374
2394,0.002148,172.31.47.0-255,66,147448,96,269374
2395,0.002206,172.217.194.0-255,5738,153186,96,269374
2396,0.002237,172.31.47.0-255,66,153252,96,269374
2397,0.002244,172.31.47.0-255,66,153318,96,269374
2398,0.004492,172.217.194.0-255,5738,159056,96,269374
2399,0.01184,172.217.194.0-255,1484,160540,96,269374
2400,0.011896,172.31.47.0-255,66,160606,96,269374
2401,0.014156,172.217.194.0-255,5738,166344,96,269374
2402,0.014174,172.31.47.0-255,66,166410,96,269374
2403,0.016439,172.217.194.0-255,5738,172148,96,269374
2404,0.020027,172.31.47.0-255,66,172214,96,269374
2405,0.02227,172.217.194.0-255,5738,177952,96,269374
2406,0.022282,172.31.47.0-255,66,178018,96,269374
2407,0.024531,172.217.194.0-255,5738,183756,96,269374
2408,0.027669,172.31.47.0-255,66,183822,96,269374
2409,0.02994,172.217.194.0-255,5738,189560,96,269374
2410,0.029951,172.31.47.0-255,66,189626,96,269374
2411,0.032202,172.217.194.0-255,5738,195364,96,269374
2412,0.03222,172.31.47.0-255,66,195430,96,269374
2413,0.034489,172.217.194.0-255,5738,201168,96,269374
2414,0.034508,172.31.47.0-255,66,201234,96,269374
2415,0.036757,172.217.194.0-255,5738,206972,96,269374
2416,0.036771,172.31.47.0-255,66,207038,96,269374
2417,0.039021,172.217.194.0-255,5738,212776,96,269374
2418,0.03904,172.31.47.0-255,66,212842,96,269374
2419,0.041312,172.217.194.0-255,5738,218580,96,269374
2420,0.041329,172.31.47.0-255,66,218646,96,269374
2421,0.043616,172.217.194.0-255,5738,224384,96,269374
2422,0.043636,172.31.47.0-255,66,224450,96,269374
2423,0.04591,172.217.194.0-255,5738,230188,96,269374
2424,0.045928,172.31.47.0-255,66,230254,96,269374
2425,0.048192,172.217.194.0-255,5738,235992,96,269374
2426,0.048209,172.31.47.0-255,66,236058,96,269374
2427,0.050473,172.217.194.0-255,5738,241796,96,269374
2428,0.050492,172.31.47.0-255,66,241862,96,269374
2429,0.052752,172.217.194.0-255,5738,247600,96,269374
2430,0.052769,172.31.47.0-255,66,247666,96,269374
2431,0.054105,172.31.47.0-255,171,247837,96,269374
2432,0.054145,172.31.47.0-255,1125,248962,96,269374
2433,0.054206,172.31.47.0-255,1514,250476,96,269374
2434,0.054208,172.31.47.0-255,1288,251764,96,269374
2435,0.055018,172.217.194.0-255,5738,257502,96,269374
2436,0.055034,172.31.47.0-255,66,257568,96,269374
2437,0.055662,104.244.42.0-255,66,257634,96,269374
2438,0.055702,104.244.42.0-255,66,257700,96,269374
2439,0.055746,104.244.42.0-255,66,257766,96,269374
2440,0.057316,172.217.194.0-255,5738,263504,96,269374
2441,0.057334,172.31.47.0-255,66,263570,96,269374
2442,0.059604,172.217.194.0-255,5738,269308,96,269374
2443,0.059624,172.31.47.0-255,66,269374,96,269374
2444,0.0,172.217.194.0-255,153,153,96,229705
2445,2.5e-05,172.31.47.0-255,66,219,96,229705
2446,3.1e-05,172.217.194.0-255,1484,1703,96,229705
2447,3.4e-05,172.31.47.0-255,66,1769,96,229705
2448,3.7e-05,172.217.194.0-255,1484,3253,96,229705
2449,3.8e-05,172.31.47.0-255,66,3319,96,229705
2450,5.1e-05,172.217.194.0-255,1484,4803,96,229705
2451,5.3e-05,172.31.47.0-255,66,4869,96,229705
2452,6.1e-05,172.217.194.0-255,7156,12025,96,229705
2453,6.3e-05,172.31.47.0-255,66,12091,96,229705
2454,8.6e-05,172.217.194.0-255,2083,14174,96,229705
2455,8.7e-05,172.31.47.0-255,66,14240,96,229705
2456,0.000894,172.217.194.0-255,1484,15724,96,229705
2457,0.0009,172.31.47.0-255,66,15790,96,229705
2458,0.000909,172.217.194.0-255,2902,18692,96,229705
2459,0.000911,172.31.47.0-255,66,18758,96,229705
2460,0.000915,172.217.194.0-255,2902,21660,96,229705
2461,0.000916,172.31.47.0-255,66,21726,96,229705
2462,0.000934,172.217.194.0-255,2902,24628,96,229705
2463,0.000936,172.31.47.0-255,66,24694,96,229705
2464,0.00095,172.217.194.0-255,2902,27596,96,229705
2465,0.000951,172.31.47.0-255,66,27662,96,229705
2466,0.000972,172.217.194.0-255,3961,31623,96,229705
2467,0.000974,172.31.47.0-255,66,31689,96,229705
2468,0.001016,172.217.194.0-255,1484,33173,96,229705
2469,0.001018,172.31.47.0-255,66,33239,96,229705
2470,0.001033,172.217.194.0-255,5738,38977,96,229705
2471,0.001035,172.31.47.0-255,66,39043,96,229705
2472,0.001046,172.217.194.0-255,4320,43363,96,229705
2473,0.001048,172.31.47.0-255,66,43429,96,229705
2474,0.001062,172.217.194.0-255,2902,46331,96,229705
2475,0.001063,172.31.47.0-255,66,46397,96,229705
2476,0.001077,172.217.194.0-255,4320,50717,96,229705
2477,0.001078,172.31.47.0-255,66,50783,96,229705
2478,0.001121,172.31.47.0-255,66,50849,96,229705
2479,0.001138,172.217.194.0-255,1484,52333,96,229705
2480,0.00114,172.31.47.0-255,66,52399,96,229705
2481,0.001143,172.217.194.0-255,1484,53883,96,229705
2482,0.001144,172.31.47.0-255,66,53949,96,229705
2483,0.001157,172.217.194.0-255,2184,56133,96,229705
2484,0.001159,172.31.47.0-255,66,56199,96,229705
2485,0.001278,172.217.194.0-255,340,56539,96,229705
2486,0.00128,172.31.47.0-255,66,56605,96,229705
2487,0.001323,172.217.194.0-255,117,56722,96,229705
2488,0.001325,172.31.47.0-255,66,56788,96,229705
2489,0.001427,172.217.194.0-255,1484,58272,96,229705
2490,0.001429,172.31.47.0-255,66,58338,96,229705
2491,0.001449,172.217.194.0-255,1484,59822,96,229705
2492,0.00145,172.31.47.0-255,66,59888,96,229705
2493,0.001466,172.217.194.0-255,1484,61372,96,229705
2494,0.001467,172.31.47.0-255,66,61438,96,229705
2495,0.001478,172.217.194.0-255,2902,64340,96,229705
2496,0.00148,172.31.47.0-255,66,64406,96,229705
2497,0.001494,172.217.194.0-255,2902,67308,96,229705
2498,0.001496,172.31.47.0-255,66,67374,96,229705
2499,0.001513,172.217.194.0-255,1484,68858,96,229705
2500,0.001515,172.31.47.0-255,66,68924,96,229705
2501,0.001543,172.31.47.0-255,66,68990,96,229705
2502,0.001578,172.217.194.0-255,4320,73310,96,229705
2503,0.00158,172.31.47.0-255,66,73376,96,229705
2504,0.001596,172.217.194.0-255,1484,74860,96,229705
2505,0.001597,172.31.47.0-255,66,74926,96,229705
2506,0.001606,172.217.194.0-255,1484,76410,96,229705
2507,0.001608,172.31.47.0-255,66,76476,96,229705
2508,0.001626,172.217.194.0-255,3602,80078,96,229705
2509,0.001628,172.31.47.0-255,66,80144,96,229705
2510,0.003882,172.217.194.0-255,1484,81628,96,229705
2511,0.003887,172.31.47.0-255,66,81694,96,229705
2512,0.003913,172.217.194.0-255,4320,86014,96,229705
2513,0.00393,172.31.47.0-255,66,86080,96,229705
2514,0.006162,172.217.194.0-255,1484,87564,96,229705
2515,0.006169,172.31.47.0-255,66,87630,96,229705
2516,0.006206,172.217.194.0-255,4320,91950,96,229705
2517,0.006208,172.31.47.0-255,66,92016,96,229705
2518,0.008502,172.217.194.0-255,5738,97754,96,229705
2519,0.008509,172.31.47.0-255,66,97820,96,229705
2520,0.010786,172.217.194.0-255,5738,103558,96,229705
2521,0.010793,172.31.47.0-255,66,103624,96,229705
2522,0.013106,172.217.194.0-255,5738,109362,96,229705
2523,0.013115,172.31.47.0-255,66,109428,96,229705
2524,0.015397,172.217.194.0-255,5738,115166,96,229705
2525,0.015404,172.31.47.0-255,66,115232,96,229705
2526,0.017707,172.217.194.0-255,5738,120970,96,229705
2527,0.017712,172.31.47.0-255,66,121036,96,229705
2528,0.0193,172.31.47.0-255,172,121208,96,229705
2529,0.01933,172.31.47.0-255,1110,122318,96,229705
2530,0.019367,172.31.47.0-255,1514,123832,96,229705
2531,0.019369,172.31.47.0-255,1301,125133,96,229705
2532,0.019992,172.217.194.0-255,5738,130871,96,229705
2533,0.019999,172.31.47.0-255,66,130937,96,229705
2534,0.020837,104.244.42.0-255,66,131003,96,229705
2535,0.020858,104.244.42.0-255,66,131069,96,229705
2536,0.020977,104.244.42.0-255,66,131135,96,229705
2537,0.022279,172.217.194.0-255,4320,135455,96,229705
2538,0.022283,172.31.47.0-255,66,135521,96,229705
2539,0.022311,172.217.194.0-255,1484,137005,96,229705
2540,0.024571,172.217.194.0-255,4320,141325,96,229705
2541,0.024577,172.31.47.0-255,66,141391,96,229705
2542,0.026838,172.217.194.0-255,5738,147129,96,229705
2543,0.026843,172.31.47.0-255,66,147195,96,229705
2544,0.029191,172.217.194.0-255,2902,150097,96,229705
2545,0.029196,172.31.47.0-255,66,150163,96,229705
2546,0.029226,172.217.194.0-255,2902,153065,96,229705
2547,0.029229,172.31.47.0-255,66,153131,96,229705
2548,0.031474,172.217.194.0-255,2902,156033,96,229705
2549,0.031479,172.31.47.0-255,66,156099,96,229705
2550,0.031521,172.217.194.0-255,2902,159001,96,229705
2551,0.031523,172.31.47.0-255,66,159067,96,229705
2552,0.03373,172.217.194.0-255,2902,161969,96,229705
2553,0.033734,172.31.47.0-255,66,162035,96,229705
2554,0.033809,172.217.194.0-255,2902,164937,96,229705
2555,0.033813,172.31.47.0-255,66,165003,96,229705
2556,0.036001,172.217.194.0-255,2902,167905,96,229705
2557,0.036005,172.31.47.0-255,66,167971,96,229705
2558,0.036105,172.217.194.0-255,2902,170873,96,229705
2559,0.03611,172.31.47.0-255,66,170939,96,229705
2560,0.038298,172.217.194.0-255,2902,173841,96,229705
2561,0.038304,172.31.47.0-255,66,173907,96,229705
2562,0.038363,172.217.194.0-255,1484,175391,96,229705
2563,0.038378,172.217.194.0-255,1484,176875,96,229705
2564,0.038382,172.31.47.0-255,66,176941,96,229705
2565,0.040606,172.217.194.0-255,2902,179843,96,229705
2566,0.040611,172.31.47.0-255,66,179909,96,229705
2567,0.040656,172.217.194.0-255,1484,181393,96,229705
2568,0.040667,172.217.194.0-255,1484,182877,96,229705
2569,0.04067,172.31.47.0-255,66,182943,96,229705
2570,0.042899,172.217.194.0-255,2902,185845,96,229705
2571,0.042906,172.31.47.0-255,66,185911,96,229705
2572,0.042938,172.217.194.0-255,2902,188813,96,229705
2573,0.04294,172.31.47.0-255,66,188879,96,229705
2574,0.045188,172.217.194.0-255,2902,191781,96,229705
2575,0.045195,172.31.47.0-255,66,191847,96,229705
2576,0.045217,172.217.194.0-255,2902,194749,96,229705
2577,0.045221,172.31.47.0-255,66,194815,96,229705
2578,0.047506,172.217.194.0-255,5738,200553,96,229705
2579,0.047513,172.31.47.0-255,66,200619,96,229705
2580,0.049813,172.217.194.0-255,5738,206357,96,229705
2581,0.049818,172.31.47.0-255,66,206423,96,229705
2582,0.05212,172.217.194.0-255,5738,212161,96,229705
2583,0.052125,172.31.47.0-255,66,212227,96,229705
2584,0.054419,172.217.194.0-255,5738,217965,96,229705
2585,0.054424,172.31.47.0-255,66,218031,96,229705
2586,0.056695,172.217.194.0-255,1484,219515,96,229705
2587,0.056718,172.217.194.0-255,4320,223835,96,229705
2588,0.056722,172.31.47.0-255,66,223901,96,229705
2589,0.059045,172.217.194.0-255,5738,229639,96,229705
2590,0.059052,172.31.47.0-255,66,229705,96,229705
2591,0.0,74.125.24.0-255,153,153,96,323162
2592,2.5e-05,172.31.47.0-255,66,219,96,323162
2593,3.1e-05,74.125.24.0-255,1484,1703,96,323162
2594,3.5e-05,172.31.47.0-255,66,1769,96,323162
2595,4e-05,74.125.24.0-255,2902,4671,96,323162
2596,4.2e-05,172.31.47.0-255,66,4737,96,323162
2597,7e-05,74.125.24.0-255,5738,10475,96,323162
2598,7.4e-05,172.31.47.0-255,66,10541,96,323162
2599,9.5e-05,74.125.24.0-255,3557,14098,96,323162
2600,9.8e-05,172.31.47.0-255,66,14164,96,323162
2601,0.000134,74.125.24.0-255,4320,18484,96,323162
2602,0.000137,172.31.47.0-255,66,18550,96,323162
2603,0.000156,74.125.24.0-255,4320,22870,96,323162
2604,0.00016,172.31.47.0-255,66,22936,96,323162
2605,0.000214,74.125.24.0-255,5738,28674,96,323162
2606,0.000217,172.31.47.0-255,66,28740,96,323162
2607,0.000235,74.125.24.0-255,2543,31283,96,323162
2608,0.000237,172.31.47.0-255,66,31349,96,323162
2609,0.000314,74.125.24.0-255,1484,32833,96,323162
2610,0.000319,172.31.47.0-255,66,32899,96,323162
2611,0.000324,74.125.24.0-255,2902,35801,96,323162
2612,0.000326,172.31.47.0-255,66,35867,96,323162
2613,0.00035,74.125.24.0-255,5738,41605,96,323162
2614,0.000354,172.31.47.0-255,66,41671,96,323162
2615,0.000359,74.125.24.0-255,4320,45991,96,323162
2616,0.000362,172.31.47.0-255,66,46057,96,323162
2617,0.000375,74.125.24.0-255,2543,48600,96,323162
2618,0.000377,172.31.47.0-255,66,48666,96,323162
2619,0.000416,74.125.24.0-255,1484,50150,96,323162
2620,0.000419,172.31.47.0-255,66,50216,96,323162
2621,0.000424,74.125.24.0-255,2902,53118,96,323162
2622,0.000426,172.31.47.0-255,66,53184,96,323162
2623,0.000444,74.125.24.0-255,5738,58922,96,323162
2624,0.000447,172.31.47.0-255,66,58988,96,323162
2625,0.000454,74.125.24.0-255,7127,66115,96,323162
2626,0.000456,172.31.47.0-255,66,66181,96,323162
2627,0.000483,74.125.24.0-255,379,66560,96,323162
2628,0.000487,172.31.47.0-255,66,66626,96,323162
2629,0.000673,74.125.24.0-255,1484,68110,96,323162
2630,0.000677,172.31.47.0-255,66,68176,96,323162
2631,0.000682,74.125.24.0-255,2902,71078,96,323162
2632,0.000685,172.31.47.0-255,66,71144,96,323162
2633,0.000691,74.125.24.0-255,5738,76882,96,323162
2634,0.000693,172.31.47.0-255,66,76948,96,323162
2635,0.000718,74.125.24.0-255,5738,82686,96,323162
2636,0.000721,172.31.47.0-255,66,82752,96,323162
2637,0.000758,74.125.24.0-255,4320,87072,96,323162
2638,0.000761,172.31.47.0-255,66,87138,96,323162
2639,0.00078,74.125.24.0-255,5379,92517,96,323162
2640,0.000783,172.31.47.0-255,66,92583,96,323162
2641,0.000809,74.125.24.0-255,2902,95485,96,323162
2642,0.000812,172.31.47.0-255,66,95551,96,323162
2643,0.000827,74.125.24.0-255,5379,100930,96,323162
2644,0.00083,172.31.47.0-255,66,100996,96,323162
2645,0.001202,74.125.24.0-255,1484,102480,96,323162
2646,0.001206,74.125.24.0-255,1484,103964,96,323162
2647,0.001208,172.31.47.0-255,66,104030,96,323162
2648,0.001211,172.31.47.0-255,66,104096,96,323162
2649,0.001228,74.125.24.0-255,1484,105580,96,323162
2650,0.00123,172.31.47.0-255,66,105646,96,323162
2651,0.001236,74.125.24.0-255,5738,111384,96,323162
2652,0.001238,172.31.47.0-255,66,111450,96,323162
2653,0.001243,74.125.24.0-255,4320,115770,96,323162
2654,0.001245,172.31.47.0-255,66,115836,96,323162
2655,0.001272,172.31.47.0-255,66,115902,96,323162
2656,0.001305,172.31.47.0-255,66,115968,96,323162
2657,0.001466,74.125.24.0-255,1484,117452,96,323162
2658,0.001471,172.31.47.0-255,66,117518,96,323162
2659,0.001475,74.125.24.0-255,1484,119002,96,323162
2660,0.001478,172.31.47.0-255,66,119068,96,323162
2661,0.001493,74.125.24.0-255,1484,120552,96,323162
2662,0.001495,172.31.47.0-255,66,120618,96,323162
2663,0.001502,74.125.24.0-255,5738,126356,96,323162
2664,0.001504,172.31.47.0-255,66,126422,96,323162
2665,0.00152,74.125.24.0-255,7156,133578,96,323162
2666,0.001523,172.31.47.0-255,66,133644,96,323162
2667,0.001548,172.31.47.0-255,66,133710,96,323162
2668,0.001582,172.31.47.0-255,66,133776,96,323162
2669,0.001623,74.125.24.0-255,1484,135260,96,323162
2670,0.001626,172.31.47.0-255,66,135326,96,323162
2671,0.00163,74.125.24.0-255,2902,138228,96,323162
2672,0.001631,172.31.47.0-255,66,138294,96,323162
2673,0.001643,74.125.24.0-255,2902,141196,96,323162
2674,0.001646,172.31.47.0-255,66,141262,96,323162
2675,0.001661,74.125.24.0-255,2902,144164,96,323162
2676,0.001663,172.31.47.0-255,66,144230,96,323162
2677,0.001668,74.125.24.0-255,4320,148550,96,323162
2678,0.00167,172.31.47.0-255,66,148616,96,323162
2679,0.001707,172.31.47.0-255,66,148682,96,323162
2680,0.00172,172.31.47.0-255,66,148748,96,323162
2681,0.001724,74.125.24.0-255,2902,151650,96,323162
2682,0.001733,172.31.47.0-255,66,151716,96,323162
2683,0.001744,74.125.24.0-255,3602,155318,96,323162
2684,0.00175,74.125.24.0-255,7156,162474,96,323162
2685,0.001762,172.31.47.0-255,66,162540,96,323162
2686,0.00182,172.31.47.0-255,66,162606,96,323162
2687,0.001839,172.31.47.0-255,66,162672,96,323162
2688,0.001852,74.125.24.0-255,2184,164856,96,323162
2689,0.001869,74.125.24.0-255,5738,170594,96,323162
2690,0.001869,172.31.47.0-255,66,170660,96,323162
2691,0.001873,172.31.47.0-255,66,170726,96,323162
2692,0.001895,74.125.24.0-255,5738,176464,96,323162
2693,0.001905,172.31.47.0-255,66,176530,96,323162
2694,0.001909,172.31.47.0-255,66,176596,96,323162
2695,0.002251,74.125.24.0-255,1484,178080,96,323162
2696,0.002265,74.125.24.0-255,2902,180982,96,323162
2697,0.002268,172.31.47.0-255,66,181048,96,323162
2698,0.002272,74.125.24.0-255,1484,182532,96,323162
2699,0.002292,74.125.24.0-255,4320,186852,96,323162
2700,0.002304,172.31.47.0-255,66,186918,96,323162
2701,0.002307,74.125.24.0-255,2902,189820,96,323162
2702,0.002316,172.31.47.0-255,66,189886,96,323162
2703,0.002327,74.125.24.0-255,5738,195624,96,323162
2704,0.00233,172.31.47.0-255,66,195690,96,323162
2705,0.002355,74.125.24.0-255,2902,198592,96,323162
2706,0.002359,172.31.47.0-255,66,198658,96,323162
2707,0.004628,74.125.24.0-255,2902,201560,96,323162
2708,0.004647,172.31.47.0-255,66,201626,96,323162
2709,0.004669,74.125.24.0-255,2902,204528,96,323162
2710,0.004673,172.31.47.0-255,66,204594,96,323162
2711,0.006958,74.125.24.0-255,5738,210332,96,323162
2712,0.012388,172.31.47.0-255,66,210398,96,323162
2713,0.013989,74.125.24.0-255,1484,211882,96,323162
2714,0.013998,172.31.47.0-255,66,211948,96,323162
2715,0.014669,74.125.24.0-255,4320,216268,96,323162
2716,0.014674,172.31.47.0-255,66,216334,96,323162
2717,0.016289,74.125.24.0-255,1484,217818,96,323162
2718,0.016295,172.31.47.0-255,66,217884,96,323162
2719,0.016993,74.125.24.0-255,4320,222204,96,323162
2720,0.018561,74.125.24.0-255,1484,223688,96,323162
2721,0.019265,172.31.47.0-255,66,223754,96,323162
2722,0.021555,74.125.24.0-255,5738,229492,96,323162
2723,0.021568,172.31.47.0-255,66,229558,96,323162
2724,0.023831,74.125.24.0-255,1484,231042,96,323162
2725,0.023839,172.31.47.0-255,66,231108,96,323162
2726,0.023859,74.125.24.0-255,4320,235428,96,323162
2727,0.02542,172.31.47.0-255,66,235494,96,323162
2728,0.026124,74.125.24.0-255,1484,236978,96,323162
2729,0.02613,172.31.47.0-255,66,237044,96,323162
2730,0.027692,74.125.24.0-255,4320,241364,96,323162
2731,0.027737,172.31.47.0-255,66,241430,96,323162
2732,0.028409,74.125.24.0-255,1484,242914,96,323162
2733,0.030033,74.125.24.0-255,4320,247234,96,323162
2734,0.030048,172.31.47.0-255,66,247300,96,323162
2735,0.032326,74.125.24.0-255,1484,248784,96,323162
2736,0.032359,74.125.24.0-255,4320,253104,96,323162
2737,0.032376,172.31.47.0-255,66,253170,96,323162
2738,0.03467,74.125.24.0-255,5738,258908,96,323162
2739,0.034677,172.31.47.0-255,66,258974,96,323162
2740,0.037007,74.125.24.0-255,5738,264712,96,323162
2741,0.037025,172.31.47.0-255,66,264778,96,323162
2742,0.039316,74.125.24.0-255,2902,267680,96,323162
2743,0.039322,172.31.47.0-255,66,267746,96,323162
2744,0.039354,74.125.24.0-255,2902,270648,96,323162
2745,0.039373,172.31.47.0-255,66,270714,96,323162
2746,0.041595,74.125.24.0-255,2902,273616,96,323162
2747,0.041602,172.31.47.0-255,66,273682,96,323162
2748,0.04164,74.125.24.0-255,1484,275166,96,323162
2749,0.041653,74.125.24.0-255,1484,276650,96,323162
2750,0.041668,172.31.47.0-255,66,276716,96,323162
2751,0.043938,74.125.24.0-255,4320,281036,96,323162
2752,0.043957,172.31.47.0-255,66,281102,96,323162
2753,0.044014,74.125.24.0-255,1484,282586,96,323162
2754,0.046222,74.125.24.0-255,4320,286906,96,323162
2755,0.046228,172.31.47.0-255,66,286972,96,323162
2756,0.048541,74.125.24.0-255,5738,292710,96,323162
2757,0.048669,172.31.47.0-255,172,292882,96,323162
2758,0.048699,172.31.47.0-255,1101,293983,96,323162
2759,0.048731,172.31.47.0-255,1514,295497,96,323162
2760,0.048732,172.31.47.0-255,1514,297011,96,323162
2761,0.048734,172.31.47.0-255,1514,298525,96,323162
2762,0.048735,172.31.47.0-255,1091,299616,96,323162
2763,0.048756,172.31.47.0-255,66,299682,96,323162
2764,0.050207,104.244.42.0-255,66,299748,96,323162
2765,0.050249,104.244.42.0-255,66,299814,96,323162
2766,0.050291,104.244.42.0-255,66,299880,96,323162
2767,0.050293,104.244.42.0-255,66,299946,96,323162
2768,0.05104,74.125.24.0-255,5738,305684,96,323162
2769,0.051046,172.31.47.0-255,66,305750,96,323162
2770,0.053535,74.125.24.0-255,5738,311488,96,323162
2771,0.053549,172.31.47.0-255,66,311554,96,323162
2772,0.055852,74.125.24.0-255,5738,317292,96,323162
2773,0.055868,172.31.47.0-255,66,317358,96,323162
2774,0.05818,74.125.24.0-255,5738,323096,96,323162
2775,0.058195,172.31.47.0-255,66,323162,96,323162
2776,0.0,74.125.24.0-255,153,153,96,247906
2777,3.1e-05,172.31.47.0-255,66,219,96,247906
2778,3.8e-05,74.125.24.0-255,1484,1703,96,247906
2779,4.2e-05,172.31.47.0-255,66,1769,96,247906
2780,4.7e-05,74.125.24.0-255,2902,4671,96,247906
2781,5.7e-05,172.31.47.0-255,66,4737,96,247906
2782,8.7e-05,74.125.24.0-255,4320,9057,96,247906
2783,9e-05,172.31.47.0-255,66,9123,96,247906
2784,9.3e-05,74.125.24.0-255,1484,10607,96,247906
2785,9.5e-05,172.31.47.0-255,66,10673,96,247906
2786,0.00013,172.31.47.0-255,66,10739,96,247906
2787,0.000137,74.125.24.0-255,7156,17895,96,247906
2788,0.000139,172.31.47.0-255,66,17961,96,247906
2789,0.000194,74.125.24.0-255,5379,23340,96,247906
2790,0.000197,172.31.47.0-255,66,23406,96,247906
2791,0.000221,74.125.24.0-255,1484,24890,96,247906
2792,0.000224,172.31.47.0-255,66,24956,96,247906
2793,0.000229,74.125.24.0-255,2902,27858,96,247906
2794,0.000231,172.31.47.0-255,66,27924,96,247906
2795,0.000259,74.125.24.0-255,5738,33662,96,247906
2796,0.000263,172.31.47.0-255,66,33728,96,247906
2797,0.000266,74.125.24.0-255,1484,35212,96,247906
2798,0.00027,172.31.47.0-255,66,35278,96,247906
2799,0.000302,74.125.24.0-255,5379,40657,96,247906
2800,0.000305,172.31.47.0-255,66,40723,96,247906
2801,0.000666,74.125.24.0-255,1484,42207,96,247906
2802,0.000671,172.31.47.0-255,66,42273,96,247906
2803,0.000679,74.125.24.0-255,2902,45175,96,247906
2804,0.000681,172.31.47.0-255,66,45241,96,247906
2805,0.000694,74.125.24.0-255,5738,50979,96,247906
2806,0.000696,172.31.47.0-255,66,51045,96,247906
2807,0.000745,74.125.24.0-255,6797,57842,96,247906
2808,0.000749,172.31.47.0-255,66,57908,96,247906
2809,0.001291,74.125.24.0-255,1484,59392,96,247906
2810,0.001318,74.125.24.0-255,2902,62294,96,247906
2811,0.001323,172.31.47.0-255,66,62360,96,247906
2812,0.001329,74.125.24.0-255,4320,66680,96,247906
2813,0.001331,172.31.47.0-255,66,66746,96,247906
2814,0.001363,172.31.47.0-255,66,66812,96,247906
2815,0.00139,74.125.24.0-255,2902,69714,96,247906
2816,0.001392,172.31.47.0-255,66,69780,96,247906
2817,0.001423,172.31.47.0-255,66,69846,96,247906
2818,0.001448,74.125.24.0-255,766,70612,96,247906
2819,0.001678,172.31.47.0-255,66,70678,96,247906
2820,0.00187,74.125.24.0-255,1484,72162,96,247906
2821,0.001877,74.125.24.0-255,2902,75064,96,247906
2822,0.00188,172.31.47.0-255,66,75130,96,247906
2823,0.001891,74.125.24.0-255,1484,76614,96,247906
2824,0.00191,74.125.24.0-255,4320,80934,96,247906
2825,0.001913,172.31.47.0-255,66,81000,96,247906
2826,0.001949,74.125.24.0-255,4320,85320,96,247906
2827,0.001951,172.31.47.0-255,66,85386,96,247906
2828,0.001968,74.125.24.0-255,2902,88288,96,247906
2829,0.00197,172.31.47.0-255,66,88354,96,247906
2830,0.001979,172.31.47.0-255,66,88420,96,247906
2831,0.002012,172.31.47.0-255,66,88486,96,247906
2832,0.004082,74.125.24.0-255,4320,92806,96,247906
2833,0.004086,172.31.47.0-255,66,92872,96,247906
2834,0.004113,74.125.24.0-255,1484,94356,96,247906
2835,0.006166,74.125.24.0-255,4320,98676,96,247906
2836,0.006172,172.31.47.0-255,66,98742,96,247906
2837,0.008277,74.125.24.0-255,5738,104480,96,247906
2838,0.008284,172.31.47.0-255,66,104546,96,247906
2839,0.010381,74.125.24.0-255,5738,110284,96,247906
2840,0.010387,172.31.47.0-255,66,110350,96,247906
2841,0.01247,74.125.24.0-255,5738,116088,96,247906
2842,0.012482,172.31.47.0-255,66,116154,96,247906
2843,0.014611,74.125.24.0-255,5738,121892,96,247906
2844,0.01462,172.31.47.0-255,66,121958,96,247906
2845,0.01669,74.125.24.0-255,5738,127696,96,247906
2846,0.016698,172.31.47.0-255,66,127762,96,247906
2847,0.018778,74.125.24.0-255,5738,133500,96,247906
2848,0.018785,172.31.47.0-255,66,133566,96,247906
2849,0.020864,74.125.24.0-255,5738,139304,96,247906
2850,0.020871,172.31.47.0-255,66,139370,96,247906
2851,0.022959,74.125.24.0-255,5738,145108,96,247906
2852,0.022969,172.31.47.0-255,66,145174,96,247906
2853,0.025031,74.125.24.0-255,5738,150912,96,247906
2854,0.025038,172.31.47.0-255,66,150978,96,247906
2855,0.025378,172.31.47.0-255,171,151149,96,247906
2856,0.025416,172.31.47.0-255,1134,152283,96,247906
2857,0.025485,172.31.47.0-255,1514,153797,96,247906
2858,0.025487,172.31.47.0-255,1277,155074,96,247906
2859,0.026947,104.244.42.0-255,66,155140,96,247906
2860,0.027001,104.244.42.0-255,66,155206,96,247906
2861,0.027053,104.244.42.0-255,66,155272,96,247906
2862,0.027116,74.125.24.0-255,5738,161010,96,247906
2863,0.027119,172.31.47.0-255,66,161076,96,247906
2864,0.029213,74.125.24.0-255,5738,166814,96,247906
2865,0.029218,172.31.47.0-255,66,166880,96,247906
2866,0.031336,74.125.24.0-255,4320,171200,96,247906
2867,0.031342,172.31.47.0-255,66,171266,96,247906
2868,0.031376,74.125.24.0-255,1484,172750,96,247906
2869,0.033421,74.125.24.0-255,4320,177070,96,247906
2870,0.033427,172.31.47.0-255,66,177136,96,247906
2871,0.035517,74.125.24.0-255,5738,182874,96,247906
2872,0.035522,172.31.47.0-255,66,182940,96,247906
2873,0.03759,74.125.24.0-255,2902,185842,96,247906
2874,0.037596,172.31.47.0-255,66,185908,96,247906
2875,0.037627,74.125.24.0-255,2902,188810,96,247906
2876,0.03763,172.31.47.0-255,66,188876,96,247906
2877,0.039664,74.125.24.0-255,2902,191778,96,247906
2878,0.03967,172.31.47.0-255,66,191844,96,247906
2879,0.039731,74.125.24.0-255,2902,194746,96,247906
2880,0.039735,172.31.47.0-255,66,194812,96,247906
2881,0.041762,74.125.24.0-255,2902,197714,96,247906
2882,0.041767,172.31.47.0-255,66,197780,96,247906
2883,0.041808,74.125.24.0-255,2902,200682,96,247906
2884,0.041812,172.31.47.0-255,66,200748,96,247906
2885,0.043847,74.125.24.0-255,2902,203650,96,247906
2886,0.043852,172.31.47.0-255,66,203716,96,247906
2887,0.043908,74.125.24.0-255,2902,206618,96,247906
2888,0.043911,172.31.47.0-255,66,206684,96,247906
2889,0.045954,74.125.24.0-255,2902,209586,96,247906
2890,0.045959,172.31.47.0-255,66,209652,96,247906
2891,0.046015,74.125.24.0-255,2902,212554,96,247906
2892,0.046019,172.31.47.0-255,66,212620,96,247906
2893,0.048037,74.125.24.0-255,2902,215522,96,247906
2894,0.048043,172.31.47.0-255,66,215588,96,247906
2895,0.048091,74.125.24.0-255,2902,218490,96,247906
2896,0.048096,172.31.47.0-255,66,218556,96,247906
2897,0.050119,74.125.24.0-255,2902,221458,96,247906
2898,0.050124,172.31.47.0-255,66,221524,96,247906
2899,0.050154,74.125.24.0-255,1484,223008,96,247906
2900,0.05017,74.125.24.0-255,1484,224492,96,247906
2901,0.050173,172.31.47.0-255,66,224558,96,247906
2902,0.052249,74.125.24.0-255,2902,227460,96,247906
2903,0.052254,172.31.47.0-255,66,227526,96,247906
2904,0.052276,74.125.24.0-255,2902,230428,96,247906
2905,0.052279,172.31.47.0-255,66,230494,96,247906
2906,0.054366,74.125.24.0-255,5738,236232,96,247906
2907,0.054374,172.31.47.0-255,66,236298,96,247906
2908,0.056477,74.125.24.0-255,5738,242036,96,247906
2909,0.056485,172.31.47.0-255,66,242102,96,247906
2910,0.058566,74.125.24.0-255,5738,247840,96,247906
2911,0.058571,172.31.47.0-255,66,247906,96,247906
2912,0.0,74.125.24.0-255,152,152,96,246096
2913,3.2e-05,172.31.47.0-255,66,218,96,246096
2914,3.9e-05,74.125.24.0-255,1484,1702,96,246096
2915,4.3e-05,172.31.47.0-255,66,1768,96,246096
2916,4.8e-05,74.125.24.0-255,2902,4670,96,246096
2917,5.1e-05,172.31.47.0-255,66,4736,96,246096
2918,5.8e-05,74.125.24.0-255,7156,11892,96,246096
2919,6.1e-05,172.31.47.0-255,66,11958,96,246096
2920,9.4e-05,172.31.47.0-255,66,12024,96,246096
2921,0.000105,172.31.47.0-255,66,12090,96,246096
2922,0.000247,74.125.24.0-255,1484,13574,96,246096
2923,0.000251,172.31.47.0-255,66,13640,96,246096
2924,0.000255,74.125.24.0-255,1484,15124,96,246096
2925,0.000256,172.31.47.0-255,66,15190,96,246096
2926,0.000272,74.125.24.0-255,1484,16674,96,246096
2927,0.000276,172.31.47.0-255,66,16740,96,246096
2928,0.000282,74.125.24.0-255,5738,22478,96,246096
2929,0.000285,172.31.47.0-255,66,22544,96,246096
2930,0.000339,172.31.47.0-255,66,22610,96,246096
2931,0.000351,172.31.47.0-255,66,22676,96,246096
2932,0.000372,74.125.24.0-255,361,23037,96,246096
2933,0.000374,172.31.47.0-255,66,23103,96,246096
2934,0.000414,74.125.24.0-255,131,23234,96,246096
2935,0.000416,172.31.47.0-255,66,23300,96,246096
2936,0.000894,74.125.24.0-255,347,23647,96,246096
2937,0.000898,172.31.47.0-255,66,23713,96,246096
2938,0.00118,74.125.24.0-255,1484,25197,96,246096
2939,0.001185,172.31.47.0-255,66,25263,96,246096
2940,0.00119,74.125.24.0-255,2902,28165,96,246096
2941,0.001192,172.31.47.0-255,66,28231,96,246096
2942,0.001212,74.125.24.0-255,5738,33969,96,246096
2943,0.001214,172.31.47.0-255,66,34035,96,246096
2944,0.001229,74.125.24.0-255,5738,39773,96,246096
2945,0.001232,172.31.47.0-255,66,39839,96,246096
2946,0.001258,74.125.24.0-255,7156,46995,96,246096
2947,0.00126,172.31.47.0-255,66,47061,96,246096
2948,0.001263,74.125.24.0-255,1484,48545,96,246096
2949,0.001265,172.31.47.0-255,66,48611,96,246096
2950,0.001296,172.31.47.0-255,66,48677,96,246096
2951,0.001305,74.125.24.0-255,766,49443,96,246096
2952,0.001307,172.31.47.0-255,66,49509,96,246096
2953,0.001803,74.125.24.0-255,1484,50993,96,246096
2954,0.001805,172.31.47.0-255,66,51059,96,246096
2955,0.001823,74.125.24.0-255,2902,53961,96,246096
2956,0.001824,172.31.47.0-255,66,54027,96,246096
2957,0.001844,74.125.24.0-255,5738,59765,96,246096
2958,0.001845,172.31.47.0-255,66,59831,96,246096
2959,0.001848,74.125.24.0-255,1484,61315,96,246096
2960,0.001883,74.125.24.0-255,1484,62799,96,246096
2961,0.001941,74.125.24.0-255,1484,64283,96,246096
2962,0.001952,74.125.24.0-255,2902,67185,96,246096
2963,0.001964,74.125.24.0-255,1484,68669,96,246096
2964,0.001978,74.125.24.0-255,4320,72989,96,246096
2965,0.001986,74.125.24.0-255,1484,74473,96,246096
2966,0.001995,74.125.24.0-255,4320,78793,96,246096
2967,0.002006,74.125.24.0-255,2902,81695,96,246096
2968,0.002036,74.125.24.0-255,1484,83179,96,246096
2969,0.002857,172.31.47.0-255,66,83245,96,246096
2970,0.004872,74.125.24.0-255,5738,88983,96,246096
2971,0.004876,172.31.47.0-255,66,89049,96,246096
2972,0.006907,74.125.24.0-255,5738,94787,96,246096
2973,0.006913,172.31.47.0-255,66,94853,96,246096
2974,0.008932,74.125.24.0-255,5738,100591,96,246096
2975,0.00894,172.31.47.0-255,66,100657,96,246096
2976,0.010993,74.125.24.0-255,4320,104977,96,246096
2977,0.011,172.31.47.0-255,66,105043,96,246096
2978,0.011014,74.125.24.0-255,1484,106527,96,246096
2979,0.013016,74.125.24.0-255,4320,110847,96,246096
2980,0.013024,172.31.47.0-255,66,110913,96,246096
2981,0.015083,74.125.24.0-255,5738,116651,96,246096
2982,0.015092,172.31.47.0-255,66,116717,96,246096
2983,0.01714,74.125.24.0-255,5738,122455,96,246096
2984,0.017147,172.31.47.0-255,66,122521,96,246096
2985,0.019214,74.125.24.0-255,5738,128259,96,246096
2986,0.019222,172.31.47.0-255,66,128325,96,246096
2987,0.021252,74.125.24.0-255,5738,134063,96,246096
2988,0.021258,172.31.47.0-255,66,134129,96,246096
2989,0.023328,74.125.24.0-255,5738,139867,96,246096
2990,0.023335,172.31.47.0-255,66,139933,96,246096
2991,0.025263,172.31.47.0-255,172,140105,96,246096
2992,0.025293,172.31.47.0-255,1105,141210,96,246096
2993,0.025319,172.31.47.0-255,1514,142724,96,246096
2994,0.025321,172.31.47.0-255,1306,144030,96,246096
2995,0.025337,74.125.24.0-255,2902,146932,96,246096
2996,0.025341,172.31.47.0-255,66,146998,96,246096
2997,0.025354,74.125.24.0-255,2902,149900,96,246096
2998,0.025357,172.31.47.0-255,66,149966,96,246096
2999,0.026808,104.244.42.0-255,66,150032,96,246096
3000,0.026853,104.244.42.0-255,66,150098,96,246096
3001,0.026904,104.244.42.0-255,66,150164,96,246096
3002,0.027362,74.125.24.0-255,4320,154484,96,246096
3003,0.027367,172.31.47.0-255,66,154550,96,246096
3004,0.027384,74.125.24.0-255,1484,156034,96,246096
3005,0.029396,74.125.24.0-255,2902,158936,96,246096
3006,0.029402,172.31.47.0-255,66,159002,96,246096
3007,0.029438,74.125.24.0-255,1484,160486,96,246096
3008,0.03143,74.125.24.0-255,2902,163388,96,246096
3009,0.031436,172.31.47.0-255,66,163454,96,246096
3010,0.03146,74.125.24.0-255,1484,164938,96,246096
3011,0.033499,74.125.24.0-255,4320,169258,96,246096
3012,0.033508,172.31.47.0-255,66,169324,96,246096
3013,0.035528,74.125.24.0-255,5738,175062,96,246096
3014,0.03554,172.31.47.0-255,66,175128,96,246096
3015,0.037559,74.125.24.0-255,5738,180866,96,246096
3016,0.037568,172.31.47.0-255,66,180932,96,246096
3017,0.039597,74.125.24.0-255,2902,183834,96,246096
3018,0.039604,172.31.47.0-255,66,183900,96,246096
3019,0.039623,74.125.24.0-255,2902,186802,96,246096
3020,0.039626,172.31.47.0-255,66,186868,96,246096
3021,0.04164,74.125.24.0-255,2902,189770,96,246096
3022,0.041645,172.31.47.0-255,66,189836,96,246096
3023,0.041658,74.125.24.0-255,2902,192738,96,246096
3024,0.041661,172.31.47.0-255,66,192804,96,246096
3025,0.043677,74.125.24.0-255,5738,198542,96,246096
3026,0.043688,172.31.47.0-255,66,198608,96,246096
3027,0.045714,74.125.24.0-255,2902,201510,96,246096
3028,0.045719,172.31.47.0-255,66,201576,96,246096
3029,0.045748,74.125.24.0-255,2902,204478,96,246096
3030,0.045751,172.31.47.0-255,66,204544,96,246096
3031,0.047718,74.125.24.0-255,2902,207446,96,246096
3032,0.047723,172.31.47.0-255,66,207512,96,246096
3033,0.047754,74.125.24.0-255,2902,210414,96,246096
3034,0.047757,172.31.47.0-255,66,210480,96,246096
3035,0.049747,74.125.24.0-255,2902,213382,96,246096
3036,0.049753,172.31.47.0-255,66,213448,96,246096
3037,0.049782,74.125.24.0-255,2902,216350,96,246096
3038,0.049785,172.31.47.0-255,66,216416,96,246096
3039,0.051768,74.125.24.0-255,2902,219318,96,246096
3040,0.051773,172.31.47.0-255,66,219384,96,246096
3041,0.051813,74.125.24.0-255,2902,222286,96,246096
3042,0.051816,172.31.47.0-255,66,222352,96,246096
3043,0.053807,74.125.24.0-255,2902,225254,96,246096
3044,0.053816,172.31.47.0-255,66,225320,96,246096
3045,0.053837,74.125.24.0-255,2902,228222,96,246096
3046,0.05384,172.31.47.0-255,66,228288,96,246096
3047,0.055829,74.125.24.0-255,2902,231190,96,246096
3048,0.055836,172.31.47.0-255,66,231256,96,246096
3049,0.055863,74.125.24.0-255,2902,234158,96,246096
3050,0.055866,172.31.47.0-255,66,234224,96,246096
3051,0.057852,74.125.24.0-255,2902,237126,96,246096
3052,0.057863,172.31.47.0-255,66,237192,96,246096
3053,0.057882,74.125.24.0-255,2902,240094,96,246096
3054,0.057885,172.31.47.0-255,66,240160,96,246096
3055,0.059871,74.125.24.0-255,2902,243062,96,246096
3056,0.059877,172.31.47.0-255,66,243128,96,246096
3057,0.059911,74.125.24.0-255,2902,246030,96,246096
3058,0.059914,172.31.47.0-255,66,246096,96,246096
3059,0.0,74.125.68.0-255,153,153,96,301327
3060,3.3e-05,172.31.47.0-255,66,219,96,301327
3061,8.3e-05,74.125.68.0-255,1484,1703,96,301327
3062,8.9e-05,172.31.47.0-255,66,1769,96,301327
3063,9.3e-05,74.125.68.0-255,1484,3253,96,301327
3064,9.5e-05,172.31.47.0-255,66,3319,96,301327
3065,0.000108,74.125.68.0-255,2902,6221,96,301327
3066,0.000114,172.31.47.0-255,66,6287,96,301327
3067,0.000122,74.125.68.0-255,4320,10607,96,301327
3068,0.000125,172.31.47.0-255,66,10673,96,301327
3069,0.00016,74.125.68.0-255,1484,12157,96,301327
3070,0.000162,172.31.47.0-255,66,12223,96,301327
3071,0.000168,74.125.68.0-255,2099,14322,96,301327
3072,0.000171,172.31.47.0-255,66,14388,96,301327
3073,0.000184,74.125.68.0-255,2902,17290,96,301327
3074,0.000186,172.31.47.0-255,66,17356,96,301327
3075,0.000195,74.125.68.0-255,7156,24512,96,301327
3076,0.000198,172.31.47.0-255,66,24578,96,301327
3077,0.000204,74.125.68.0-255,4320,28898,96,301327
3078,0.000209,172.31.47.0-255,66,28964,96,301327
3079,0.000224,74.125.68.0-255,2543,31507,96,301327
3080,0.000233,172.31.47.0-255,66,31573,96,301327
3081,0.000288,74.125.68.0-255,1484,33057,96,301327
3082,0.000292,172.31.47.0-255,66,33123,96,301327
3083,0.000297,74.125.68.0-255,2902,36025,96,301327
3084,0.0003,172.31.47.0-255,66,36091,96,301327
3085,0.000349,74.125.68.0-255,1484,37575,96,301327
3086,0.000352,172.31.47.0-255,66,37641,96,301327
3087,0.000357,74.125.68.0-255,2902,40543,96,301327
3088,0.00036,172.31.47.0-255,66,40609,96,301327
3089,0.000373,74.125.68.0-255,5738,46347,96,301327
3090,0.000377,172.31.47.0-255,66,46413,96,301327
3091,0.000381,74.125.68.0-255,2543,48956,96,301327
3092,0.000384,172.31.47.0-255,66,49022,96,301327
3093,0.000389,74.125.68.0-255,2902,51924,96,301327
3094,0.000392,172.31.47.0-255,66,51990,96,301327
3095,0.000432,74.125.68.0-255,7156,59146,96,301327
3096,0.000459,74.125.68.0-255,2902,62048,96,301327
3097,0.000471,74.125.68.0-255,4273,66321,96,301327
3098,0.000475,74.125.68.0-255,111,66432,96,301327
3099,0.000484,172.31.47.0-255,66,66498,96,301327
3100,0.000576,74.125.68.0-255,1484,67982,96,301327
3101,0.000582,74.125.68.0-255,1484,69466,96,301327
3102,0.000605,74.125.68.0-255,1484,70950,96,301327
3103,0.000635,74.125.68.0-255,5738,76688,96,301327
3104,0.000656,74.125.68.0-255,6797,83485,96,301327
3105,0.000678,74.125.68.0-255,5738,89223,96,301327
3106,0.000705,74.125.68.0-255,7156,96379,96,301327
3107,0.000719,74.125.68.0-255,3961,100340,96,301327
3108,0.000863,172.31.47.0-255,66,100406,96,301327
3109,0.001024,74.125.68.0-255,1484,101890,96,301327
3110,0.00103,74.125.68.0-255,1484,103374,96,301327
3111,0.001053,74.125.68.0-255,1484,104858,96,301327
3112,0.001059,74.125.68.0-255,4320,109178,96,301327
3113,0.001063,74.125.68.0-255,2902,112080,96,301327
3114,0.001068,172.31.47.0-255,66,112146,96,301327
3115,0.001095,74.125.68.0-255,5738,117884,96,301327
3116,0.001121,172.31.47.0-255,66,117950,96,301327
3117,0.001189,172.31.47.0-255,66,118016,96,301327
3118,0.001213,74.125.68.0-255,1484,119500,96,301327
3119,0.001218,74.125.68.0-255,2902,122402,96,301327
3120,0.001248,74.125.68.0-255,2902,125304,96,301327
3121,0.001253,74.125.68.0-255,1484,126788,96,301327
3122,0.001276,74.125.68.0-255,2902,129690,96,301327
3123,0.001283,172.31.47.0-255,66,129756,96,301327
3124,0.001305,74.125.68.0-255,7156,136912,96,301327
3125,0.001322,172.31.47.0-255,66,136978,96,301327
3126,0.001368,74.125.68.0-255,1484,138462,96,301327
3127,0.001373,74.125.68.0-255,2902,141364,96,301327
3128,0.001399,172.31.47.0-255,66,141430,96,301327
3129,0.001404,74.125.68.0-255,2184,143614,96,301327
3130,0.001418,172.31.47.0-255,66,143680,96,301327
3131,0.00147,74.125.68.0-255,1484,145164,96,301327
3132,0.001486,74.125.68.0-255,2902,148066,96,301327
3133,0.001568,74.125.68.0-255,2902,150968,96,301327
3134,0.001583,74.125.68.0-255,1484,152452,96,301327
3135,0.001621,74.125.68.0-255,1484,153936,96,301327
3136,0.001625,172.31.47.0-255,66,154002,96,301327
3137,0.001663,74.125.68.0-255,5020,159022,96,301327
3138,0.001688,172.31.47.0-255,66,159088,96,301327
3139,0.001839,74.125.68.0-255,1484,160572,96,301327
3140,0.001846,74.125.68.0-255,2902,163474,96,301327
3141,0.001865,74.125.68.0-255,2902,166376,96,301327
3142,0.001881,74.125.68.0-255,1484,167860,96,301327
3143,0.001903,74.125.68.0-255,4320,172180,96,301327
3144,0.001907,172.31.47.0-255,66,172246,96,301327
3145,0.001914,172.31.47.0-255,66,172312,96,301327
3146,0.001946,74.125.68.0-255,5738,178050,96,301327
3147,0.001956,74.125.68.0-255,7156,185206,96,301327
3148,0.002018,172.31.47.0-255,66,185272,96,301327
3149,0.004038,74.125.68.0-255,5738,191010,96,301327
3150,0.004059,172.31.47.0-255,66,191076,96,301327
3151,0.006105,74.125.68.0-255,5738,196814,96,301327
3152,0.006116,172.31.47.0-255,66,196880,96,301327
3153,0.008169,74.125.68.0-255,5738,202618,96,301327
3154,0.0156,74.125.68.0-255,1484,204102,96,301327
3155,0.022597,172.31.47.0-255,66,204168,96,301327
3156,0.024617,74.125.68.0-255,5738,209906,96,301327
3157,0.024634,172.31.47.0-255,66,209972,96,301327
3158,0.026648,74.125.68.0-255,5738,215710,96,301327
3159,0.026655,172.31.47.0-255,66,215776,96,301327
3160,0.028667,74.125.68.0-255,5738,221514,96,301327
3161,0.028674,172.31.47.0-255,66,221580,96,301327
3162,0.030673,74.125.68.0-255,5738,227318,96,301327
3163,0.030682,172.31.47.0-255,66,227384,96,301327
3164,0.032691,74.125.68.0-255,5738,233122,96,301327
3165,0.032699,172.31.47.0-255,66,233188,96,301327
3166,0.0347,74.125.68.0-255,5738,238926,96,301327
3167,0.038823,172.31.47.0-255,66,238992,96,301327
3168,0.040848,74.125.68.0-255,5738,244730,96,301327
3169,0.040864,172.31.47.0-255,66,244796,96,301327
3170,0.042864,74.125.68.0-255,5738,250534,96,301327
3171,0.042872,172.31.47.0-255,66,250600,96,301327
3172,0.043611,172.31.47.0-255,172,250772,96,301327
3173,0.043643,172.31.47.0-255,1101,251873,96,301327
3174,0.043704,172.31.47.0-255,1514,253387,96,301327
3175,0.043706,172.31.47.0-255,1310,254697,96,301327
3176,0.044892,74.125.68.0-255,5738,260435,96,301327
3177,0.044899,172.31.47.0-255,66,260501,96,301327
3178,0.04518,104.244.42.0-255,66,260567,96,301327
3179,0.045204,104.244.42.0-255,66,260633,96,301327
3180,0.045255,104.244.42.0-255,66,260699,96,301327
3181,0.046912,74.125.68.0-255,5738,266437,96,301327
3182,0.046918,172.31.47.0-255,66,266503,96,301327
3183,0.048927,74.125.68.0-255,5738,272241,96,301327
3184,0.048934,172.31.47.0-255,66,272307,96,301327
3185,0.050943,74.125.68.0-255,5738,278045,96,301327
3186,0.050949,172.31.47.0-255,66,278111,96,301327
3187,0.052967,74.125.68.0-255,5738,283849,96,301327
3188,0.052974,172.31.47.0-255,66,283915,96,301327
3189,0.054988,74.125.68.0-255,5738,289653,96,301327
3190,0.054994,172.31.47.0-255,66,289719,96,301327
3191,0.057015,74.125.68.0-255,5738,295457,96,301327
3192,0.057021,172.31.47.0-255,66,295523,96,301327
3193,0.059045,74.125.68.0-255,5738,301261,96,301327
3194,0.059051,172.31.47.0-255,66,301327,96,301327
3195,0.0,74.125.200.0-255,159,159,96,349690
3196,2.2e-05,172.31.47.0-255,66,225,96,349690
3197,2.8e-05,74.125.200.0-255,1484,1709,96,349690
3198,3.2e-05,172.31.47.0-255,66,1775,96,349690
3199,3.6e-05,74.125.200.0-255,2902,4677,96,349690
3200,3.8e-05,172.31.47.0-255,66,4743,96,349690
3201,6.2e-05,74.125.200.0-255,7156,11899,96,349690
3202,6.5e-05,172.31.47.0-255,66,11965,96,349690
3203,8.6e-05,74.125.200.0-255,3579,15544,96,349690
3204,8.8e-05,172.31.47.0-255,66,15610,96,349690
3205,9.3e-05,74.125.200.0-255,4320,19930,96,349690
3206,9.5e-05,172.31.47.0-255,66,19996,96,349690
3207,0.000132,172.31.47.0-255,66,20062,96,349690
3208,0.000135,74.125.200.0-255,1125,21187,96,349690
3209,0.000136,172.31.47.0-255,66,21253,96,349690
3210,0.000222,74.125.200.0-255,1484,22737,96,349690
3211,0.000225,172.31.47.0-255,66,22803,96,349690
3212,0.00024,74.125.200.0-255,2902,25705,96,349690
3213,0.000242,172.31.47.0-255,66,25771,96,349690
3214,0.000263,74.125.200.0-255,5738,31509,96,349690
3215,0.000266,172.31.47.0-255,66,31575,96,349690
3216,0.000272,74.125.200.0-255,5738,37313,96,349690
3217,0.000274,172.31.47.0-255,66,37379,96,349690
3218,0.000288,74.125.200.0-255,1125,38504,96,349690
3219,0.00029,172.31.47.0-255,66,38570,96,349690
3220,0.000295,74.125.200.0-255,2902,41472,96,349690
3221,0.000296,172.31.47.0-255,66,41538,96,349690
3222,0.00032,74.125.200.0-255,4320,45858,96,349690
3223,0.000323,172.31.47.0-255,66,45924,96,349690
3224,0.000327,74.125.200.0-255,2902,48826,96,349690
3225,0.000329,172.31.47.0-255,66,48892,96,349690
3226,0.000348,74.125.200.0-255,7075,55967,96,349690
3227,0.000351,172.31.47.0-255,66,56033,96,349690
3228,0.000353,74.125.200.0-255,130,56163,96,349690
3229,0.000356,74.125.200.0-255,344,56507,96,349690
3230,0.000641,74.125.200.0-255,1484,57991,96,349690
3231,0.000647,172.31.47.0-255,66,58057,96,349690
3232,0.000655,74.125.200.0-255,2902,60959,96,349690
3233,0.000658,172.31.47.0-255,66,61025,96,349690
3234,0.00066,74.125.200.0-255,1484,62509,96,349690
3235,0.000685,74.125.200.0-255,4320,66829,96,349690
3236,0.000688,172.31.47.0-255,66,66895,96,349690
3237,0.00069,74.125.200.0-255,1484,68379,96,349690
3238,0.000709,74.125.200.0-255,5738,74117,96,349690
3239,0.000712,172.31.47.0-255,66,74183,96,349690
3240,0.000731,74.125.200.0-255,2902,77085,96,349690
3241,0.000734,172.31.47.0-255,66,77151,96,349690
3242,0.00076,172.31.47.0-255,66,77217,96,349690
3243,0.000775,74.125.200.0-255,1484,78701,96,349690
3244,0.000803,74.125.200.0-255,2184,80885,96,349690
3245,0.000806,172.31.47.0-255,66,80951,96,349690
3246,0.001088,74.125.200.0-255,1484,82435,96,349690
3247,0.001095,74.125.200.0-255,1484,83919,96,349690
3248,0.001099,172.31.47.0-255,66,83985,96,349690
3249,0.001116,74.125.200.0-255,1484,85469,96,349690
3250,0.00112,74.125.200.0-255,1484,86953,96,349690
3251,0.001122,172.31.47.0-255,66,87019,96,349690
3252,0.001144,74.125.200.0-255,4320,91339,96,349690
3253,0.001146,172.31.47.0-255,66,91405,96,349690
3254,0.001149,74.125.200.0-255,1484,92889,96,349690
3255,0.001152,74.125.200.0-255,2902,95791,96,349690
3256,0.001154,172.31.47.0-255,66,95857,96,349690
3257,0.001158,74.125.200.0-255,1484,97341,96,349690
3258,0.001172,74.125.200.0-255,4320,101661,96,349690
3259,0.001173,172.31.47.0-255,66,101727,96,349690
3260,0.001192,74.125.200.0-255,2902,104629,96,349690
3261,0.001194,172.31.47.0-255,66,104695,96,349690
3262,0.001213,74.125.200.0-255,4320,109015,96,349690
3263,0.001215,172.31.47.0-255,66,109081,96,349690
3264,0.001239,74.125.200.0-255,2902,111983,96,349690
3265,0.001241,172.31.47.0-255,66,112049,96,349690
3266,0.001259,74.125.200.0-255,3602,115651,96,349690
3267,0.001261,172.31.47.0-255,66,115717,96,349690
3268,0.001374,74.125.200.0-255,1484,117201,96,349690
3269,0.001378,74.125.200.0-255,1484,118685,96,349690
3270,0.001381,172.31.47.0-255,66,118751,96,349690
3271,0.001393,74.125.200.0-255,1484,120235,96,349690
3272,0.001399,74.125.200.0-255,5738,125973,96,349690
3273,0.001401,172.31.47.0-255,66,126039,96,349690
3274,0.001427,74.125.200.0-255,1484,127523,96,349690
3275,0.00144,74.125.200.0-255,5738,133261,96,349690
3276,0.001442,172.31.47.0-255,66,133327,96,349690
3277,0.001458,74.125.200.0-255,5738,139065,96,349690
3278,0.00146,172.31.47.0-255,66,139131,96,349690
3279,0.001465,74.125.200.0-255,5738,144869,96,349690
3280,0.001466,172.31.47.0-255,66,144935,96,349690
3281,0.001494,74.125.200.0-255,5020,149955,96,349690
3282,0.001496,172.31.47.0-255,66,150021,96,349690
3283,0.001684,74.125.200.0-255,1484,151505,96,349690
3284,0.001698,74.125.200.0-255,1484,152989,96,349690
3285,0.001701,172.31.47.0-255,66,153055,96,349690
3286,0.001717,74.125.200.0-255,1484,154539,96,349690
3287,0.00172,74.125.200.0-255,2902,157441,96,349690
3288,0.001722,172.31.47.0-255,66,157507,96,349690
3289,0.001734,74.125.200.0-255,2902,160409,96,349690
3290,0.001736,172.31.47.0-255,66,160475,96,349690
3291,0.00179,74.125.200.0-255,2902,163377,96,349690
3292,0.001791,172.31.47.0-255,66,163443,96,349690
3293,0.001815,172.31.47.0-255,66,163509,96,349690
3294,0.00182,74.125.200.0-255,5738,169247,96,349690
3295,0.001821,172.31.47.0-255,66,169313,96,349690
3296,0.001826,74.125.200.0-255,5020,174333,96,349690
3297,0.001828,172.31.47.0-255,66,174399,96,349690
3298,0.002193,74.125.200.0-255,1484,175883,96,349690
3299,0.002212,74.125.200.0-255,2902,178785,96,349690
3300,0.002214,172.31.47.0-255,66,178851,96,349690
3301,0.002219,74.125.200.0-255,4320,183171,96,349690
3302,0.00222,172.31.47.0-255,66,183237,96,349690
3303,0.002224,74.125.200.0-255,2902,186139,96,349690
3304,0.002238,172.31.47.0-255,66,186205,96,349690
3305,0.002254,74.125.200.0-255,2902,189107,96,349690
3306,0.002257,172.31.47.0-255,66,189173,96,349690
3307,0.002262,74.125.200.0-255,5738,194911,96,349690
3308,0.002264,172.31.47.0-255,66,194977,96,349690
3309,0.002289,74.125.200.0-255,5738,200715,96,349690
3310,0.002293,172.31.47.0-255,66,200781,96,349690
3311,0.002297,74.125.200.0-255,4320,205101,96,349690
3312,0.002299,172.31.47.0-255,66,205167,96,349690
3313,0.002332,74.125.200.0-255,3602,208769,96,349690
3314,0.002335,172.31.47.0-255,66,208835,96,349690
3315,0.002504,74.125.200.0-255,1484,210319,96,349690
3316,0.002508,74.125.200.0-255,1484,211803,96,349690
3317,0.002511,172.31.47.0-255,66,211869,96,349690
3318,0.002521,74.125.200.0-255,1484,213353,96,349690
3319,0.002538,74.125.200.0-255,2902,216255,96,349690
3320,0.002541,172.31.47.0-255,66,216321,96,349690
3321,0.002552,74.125.200.0-255,1484,217805,96,349690
3322,0.002579,74.125.200.0-255,4320,222125,96,349690
3323,0.002582,172.31.47.0-255,66,222191,96,349690
3324,0.002597,74.125.200.0-255,4320,226511,96,349690
3325,0.002599,172.31.47.0-255,66,226577,96,349690
3326,0.002622,74.125.200.0-255,1484,228061,96,349690
3327,0.002645,172.31.47.0-255,66,228127,96,349690
3328,0.002648,74.125.200.0-255,1484,229611,96,349690
3329,0.005253,74.125.200.0-255,4320,233931,96,349690
3330,0.005258,172.31.47.0-255,66,233997,96,349690
3331,0.007891,74.125.200.0-255,5738,239735,96,349690
3332,0.007898,172.31.47.0-255,66,239801,96,349690
3333,0.010513,74.125.200.0-255,5738,245539,96,349690
3334,0.01052,172.31.47.0-255,66,245605,96,349690
3335,0.013141,74.125.200.0-255,5738,251343,96,349690
3336,0.013148,172.31.47.0-255,66,251409,96,349690
3337,0.015764,74.125.200.0-255,5738,257147,96,349690
3338,0.015776,172.31.47.0-255,66,257213,96,349690
3339,0.018397,74.125.200.0-255,5738,262951,96,349690
3340,0.018405,172.31.47.0-255,66,263017,96,349690
3341,0.021024,74.125.200.0-255,5738,268755,96,349690
3342,0.021032,172.31.47.0-255,66,268821,96,349690
3343,0.023646,74.125.200.0-255,4320,273141,96,349690
3344,0.023652,172.31.47.0-255,66,273207,96,349690
3345,0.023672,74.125.200.0-255,1484,274691,96,349690
3346,0.026266,74.125.200.0-255,2902,277593,96,349690
3347,0.026271,172.31.47.0-255,66,277659,96,349690
3348,0.026289,74.125.200.0-255,1484,279143,96,349690
3349,0.026305,172.31.47.0-255,172,279315,96,349690
3350,0.02633,172.31.47.0-255,1109,280424,96,349690
3351,0.026358,172.31.47.0-255,1514,281938,96,349690
3352,0.02636,172.31.47.0-255,1302,283240,96,349690
3353,0.027834,104.244.42.0-255,66,283306,96,349690
3354,0.028008,104.244.42.0-255,66,283372,96,349690
3355,0.02801,104.244.42.0-255,66,283438,96,349690
3356,0.028878,74.125.200.0-255,2902,286340,96,349690
3357,0.028882,172.31.47.0-255,66,286406,96,349690
3358,0.028912,74.125.200.0-255,1484,287890,96,349690
3359,0.031483,74.125.200.0-255,2902,290792,96,349690
3360,0.031487,172.31.47.0-255,66,290858,96,349690
3361,0.031513,74.125.200.0-255,1484,292342,96,349690
3362,0.0341,74.125.200.0-255,4320,296662,96,349690
3363,0.034106,172.31.47.0-255,66,296728,96,349690
3364,0.036699,74.125.200.0-255,1484,298212,96,349690
3365,0.03673,74.125.200.0-255,4320,302532,96,349690
3366,0.036734,172.31.47.0-255,66,302598,96,349690
3367,0.039357,74.125.200.0-255,5738,308336,96,349690
3368,0.039362,172.31.47.0-255,66,308402,96,349690
3369,0.04197,74.125.200.0-255,5738,314140,96,349690
3370,0.041975,172.31.47.0-255,66,314206,96,349690
3371,0.044589,74.125.200.0-255,5738,319944,96,349690
3372,0.044594,172.31.47.0-255,66,320010,96,349690
3373,0.047196,74.125.200.0-255,2902,322912,96,349690
3374,0.0472,172.31.47.0-255,66,322978,96,349690
3375,0.047227,74.125.200.0-255,2902,325880,96,349690
3376,0.04723,172.31.47.0-255,66,325946,96,349690
3377,0.049816,74.125.200.0-255,2902,328848,96,349690
3378,0.049821,172.31.47.0-255,66,328914,96,349690
3379,0.049852,74.125.200.0-255,2902,331816,96,349690
3380,0.049855,172.31.47.0-255,66,331882,96,349690
3381,0.052438,74.125.200.0-255,2902,334784,96,349690
3382,0.052442,172.31.47.0-255,66,334850,96,349690
3383,0.052499,74.125.200.0-255,2902,337752,96,349690
3384,0.052503,172.31.47.0-255,66,337818,96,349690
3385,0.055046,74.125.200.0-255,2902,340720,96,349690
3386,0.055051,172.31.47.0-255,66,340786,96,349690
3387,0.055127,74.125.200.0-255,2902,343688,96,349690
3388,0.055133,172.31.47.0-255,66,343754,96,349690
3389,0.057659,74.125.200.0-255,2902,346656,96,349690
3390,0.057664,172.31.47.0-255,66,346722,96,349690
3391,0.057748,74.125.200.0-255,2902,349624,96,349690
3392,0.057752,172.31.47.0-255,66,349690,96,349690
3393,0.0,172.31.47.0-255,66,66,96,66
3394,0.0,172.217.194.0-255,153,153,96,270704
3395,2.8e-05,172.31.47.0-255,66,219,96,270704
3396,6.7e-05,172.217.194.0-255,1484,1703,96,270704
3397,7.2e-05,172.31.47.0-255,66,1769,96,270704
3398,7.5e-05,172.217.194.0-255,1484,3253,96,270704
3399,7.8e-05,172.31.47.0-255,66,3319,96,270704
3400,0.000101,172.217.194.0-255,1484,4803,96,270704
3401,0.000104,172.31.47.0-255,66,4869,96,270704
3402,0.00011,172.217.194.0-255,5738,10607,96,270704
3403,0.000116,172.31.47.0-255,66,10673,96,270704
3404,0.00014,172.217.194.0-255,3556,14229,96,270704
3405,0.000143,172.31.47.0-255,66,14295,96,270704
3406,0.00021,172.217.194.0-255,1484,15779,96,270704
3407,0.000213,172.31.47.0-255,66,15845,96,270704
3408,0.000218,172.217.194.0-255,2902,18747,96,270704
3409,0.00022,172.31.47.0-255,66,18813,96,270704
3410,0.000248,172.217.194.0-255,4320,23133,96,270704
3411,0.00025,172.31.47.0-255,66,23199,96,270704
3412,0.000256,172.217.194.0-255,5738,28937,96,270704
3413,0.000258,172.31.47.0-255,66,29003,96,270704
3414,0.000306,172.31.47.0-255,66,29069,96,270704
3415,0.000316,172.31.47.0-255,66,29135,96,270704
3416,0.000336,172.217.194.0-255,4320,33455,96,270704
3417,0.000339,172.31.47.0-255,66,33521,96,270704
3418,0.000344,172.217.194.0-255,4320,37841,96,270704
3419,0.000346,172.31.47.0-255,66,37907,96,270704
3420,0.000373,172.217.194.0-255,6438,44345,96,270704
3421,0.000377,172.31.47.0-255,66,44411,96,270704
3422,0.000379,172.217.194.0-255,340,44751,96,270704
3423,0.000382,172.31.47.0-255,66,44817,96,270704
3424,0.000408,172.217.194.0-255,119,44936,96,270704
3425,0.000411,172.31.47.0-255,66,45002,96,270704
3426,0.000536,172.217.194.0-255,1484,46486,96,270704
3427,0.00054,172.31.47.0-255,66,46552,96,270704
3428,0.000545,172.217.194.0-255,2902,49454,96,270704
3429,0.000547,172.31.47.0-255,66,49520,96,270704
3430,0.000573,172.217.194.0-255,5738,55258,96,270704
3431,0.000575,172.31.47.0-255,66,55324,96,270704
3432,0.000582,172.217.194.0-255,7156,62480,96,270704
3433,0.000584,172.31.47.0-255,66,62546,96,270704
3434,0.000614,172.217.194.0-255,5738,68284,96,270704
3435,0.000617,172.31.47.0-255,66,68350,96,270704
3436,0.000634,172.31.47.0-255,66,68416,96,270704
3437,0.000636,172.217.194.0-255,766,69182,96,270704
3438,0.000638,172.31.47.0-255,66,69248,96,270704
3439,0.001127,172.217.194.0-255,1484,70732,96,270704
3440,0.001133,172.31.47.0-255,66,70798,96,270704
3441,0.001138,172.217.194.0-255,2902,73700,96,270704
3442,0.001141,172.31.47.0-255,66,73766,96,270704
3443,0.001145,172.217.194.0-255,4320,78086,96,270704
3444,0.001146,172.31.47.0-255,66,78152,96,270704
3445,0.001169,172.217.194.0-255,1484,79636,96,270704
3446,0.001171,172.31.47.0-255,66,79702,96,270704
3447,0.001182,172.31.47.0-255,66,79768,96,270704
3448,0.001204,172.217.194.0-255,5738,85506,96,270704
3449,0.001206,172.31.47.0-255,66,85572,96,270704
3450,0.001233,172.217.194.0-255,5020,90592,96,270704
3451,0.001235,172.31.47.0-255,66,90658,96,270704
3452,0.001457,172.217.194.0-255,1484,92142,96,270704
3453,0.001459,172.31.47.0-255,66,92208,96,270704
3454,0.001463,172.217.194.0-255,2902,95110,96,270704
3455,0.001464,172.31.47.0-255,66,95176,96,270704
3456,0.001481,172.217.194.0-255,4320,99496,96,270704
3457,0.001483,172.31.47.0-255,66,99562,96,270704
3458,0.001498,172.217.194.0-255,1484,101046,96,270704
3459,0.0015,172.31.47.0-255,66,101112,96,270704
3460,0.00153,172.217.194.0-255,2902,104014,96,270704
3461,0.001551,172.217.194.0-255,2184,106198,96,270704
3462,0.001977,172.217.194.0-255,1484,107682,96,270704
3463,0.001989,172.217.194.0-255,2902,110584,96,270704
3464,0.001991,172.217.194.0-255,1484,112068,96,270704
3465,0.002006,172.217.194.0-255,4320,116388,96,270704
3466,0.002022,172.217.194.0-255,2902,119290,96,270704
3467,0.002027,172.217.194.0-255,4320,123610,96,270704
3468,0.002045,172.217.194.0-255,5738,129348,96,270704
3469,0.002057,172.217.194.0-255,2902,132250,96,270704
3470,0.002074,172.217.194.0-255,4320,136570,96,270704
3471,0.002085,172.217.194.0-255,2902,139472,96,270704
3472,0.002099,172.217.194.0-255,766,140238,96,270704
3473,0.002275,172.217.194.0-255,1484,141722,96,270704
3474,0.002279,172.217.194.0-255,2902,144624,96,270704
3475,0.002281,172.217.194.0-255,1484,146108,96,270704
3476,0.002292,172.217.194.0-255,4320,150428,96,270704
3477,0.002311,172.217.194.0-255,2902,153330,96,270704
3478,0.002323,172.217.194.0-255,5738,159068,96,270704
3479,0.002333,172.217.194.0-255,2902,161970,96,270704
3480,0.002338,172.217.194.0-255,4320,166290,96,270704
3481,0.002386,172.217.194.0-255,4320,170610,96,270704
3482,0.002406,172.217.194.0-255,5738,176348,96,270704
3483,0.002411,172.217.194.0-255,4320,180668,96,270704
3484,0.002435,172.217.194.0-255,7156,187824,96,270704
3485,0.00245,172.217.194.0-255,4320,192144,96,270704
3486,0.002489,172.217.194.0-255,2902,195046,96,270704
3487,0.002568,172.217.194.0-255,1484,196530,96,270704
3488,0.002586,172.217.194.0-255,6438,202968,96,270704
3489,0.002607,172.217.194.0-255,2902,205870,96,270704
3490,0.002723,172.217.194.0-255,7156,213026,96,270704
3491,0.002769,172.217.194.0-255,5020,218046,96,270704
3492,0.004569,172.31.47.0-255,66,218112,96,270704
3493,0.007196,172.217.194.0-255,5738,223850,96,270704
3494,0.007209,172.31.47.0-255,66,223916,96,270704
3495,0.009798,172.217.194.0-255,5738,229654,96,270704
3496,0.009815,172.31.47.0-255,66,229720,96,270704
3497,0.012413,172.217.194.0-255,5738,235458,96,270704
3498,0.012431,172.31.47.0-255,66,235524,96,270704
3499,0.015016,172.217.194.0-255,5738,241262,96,270704
3500,0.015022,172.31.47.0-255,66,241328,96,270704
3501,0.017603,172.217.194.0-255,5738,247066,96,270704
3502,0.017609,172.31.47.0-255,66,247132,96,270704
3503,0.020181,172.217.194.0-255,5738,252870,96,270704
3504,0.020193,172.31.47.0-255,66,252936,96,270704
3505,0.022793,172.217.194.0-255,5738,258674,96,270704
3506,0.0228,172.31.47.0-255,66,258740,96,270704
3507,0.025401,172.217.194.0-255,5738,264478,96,270704
3508,0.025411,172.31.47.0-255,66,264544,96,270704
3509,0.028001,172.217.194.0-255,1626,266170,96,270704
3510,0.028015,172.31.47.0-255,66,266236,96,270704
3511,0.028234,172.31.47.0-255,105,266341,96,270704
3512,0.030779,172.217.194.0-255,66,266407,96,270704
3513,0.038888,172.31.47.0-255,172,266579,96,270704
3514,0.038929,172.31.47.0-255,1101,267680,96,270704
3515,0.038959,172.31.47.0-255,1514,269194,96,270704
3516,0.038961,172.31.47.0-255,1312,270506,96,270704
3517,0.040393,104.244.42.0-255,66,270572,96,270704
3518,0.04042,104.244.42.0-255,66,270638,96,270704
3519,0.040462,104.244.42.0-255,66,270704,96,270704
3520,0.0,172.253.118.0-255,153,153,96,255559
3521,3.5e-05,172.31.47.0-255,66,219,96,255559
3522,4.3e-05,172.253.118.0-255,1484,1703,96,255559
3523,4.7e-05,172.31.47.0-255,66,1769,96,255559
3524,5.2e-05,172.253.118.0-255,2902,4671,96,255559
3525,5.4e-05,172.31.47.0-255,66,4737,96,255559
3526,6e-05,172.253.118.0-255,7156,11893,96,255559
3527,6.2e-05,172.31.47.0-255,66,11959,96,255559
3528,6.7e-05,172.253.118.0-255,1974,13933,96,255559
3529,6.9e-05,172.31.47.0-255,66,13999,96,255559
3530,8.4e-05,172.253.118.0-255,1484,15483,96,255559
3531,8.7e-05,172.31.47.0-255,66,15549,96,255559
3532,0.000122,172.31.47.0-255,66,15615,96,255559
3533,0.000125,172.253.118.0-255,1484,17099,96,255559
3534,0.000127,172.31.47.0-255,66,17165,96,255559
3535,0.000157,172.253.118.0-255,3961,21126,96,255559
3536,0.000161,172.31.47.0-255,66,21192,96,255559
3537,0.000215,172.253.118.0-255,1484,22676,96,255559
3538,0.000217,172.31.47.0-255,66,22742,96,255559
3539,0.000221,172.253.118.0-255,1484,24226,96,255559
3540,0.000223,172.31.47.0-255,66,24292,96,255559
3541,0.000237,172.253.118.0-255,1484,25776,96,255559
3542,0.000239,172.31.47.0-255,66,25842,96,255559
3543,0.000246,172.253.118.0-255,5738,31580,96,255559
3544,0.000249,172.31.47.0-255,66,31646,96,255559
3545,0.000256,172.253.118.0-255,6797,38443,96,255559
3546,0.000258,172.31.47.0-255,66,38509,96,255559
3547,0.000282,172.253.118.0-255,5738,44247,96,255559
3548,0.000287,172.31.47.0-255,66,44313,96,255559
3549,0.000316,172.31.47.0-255,66,44379,96,255559
3550,0.00032,172.253.118.0-255,2819,47198,96,255559
3551,0.000324,172.31.47.0-255,66,47264,96,255559
3552,0.000327,172.253.118.0-255,126,47390,96,255559
3553,0.000452,172.253.118.0-255,1484,48874,96,255559
3554,0.000456,172.31.47.0-255,66,48940,96,255559
3555,0.000461,172.253.118.0-255,2902,51842,96,255559
3556,0.000463,172.31.47.0-255,66,51908,96,255559
3557,0.000466,172.253.118.0-255,1484,53392,96,255559
3558,0.00049,172.253.118.0-255,4320,57712,96,255559
3559,0.000493,172.31.47.0-255,66,57778,96,255559
3560,0.000546,172.31.47.0-255,66,57844,96,255559
3561,0.000559,172.253.118.0-255,2902,60746,96,255559
3562,0.000562,172.31.47.0-255,66,60812,96,255559
3563,0.000581,172.31.47.0-255,66,60878,96,255559
3564,0.000774,172.253.118.0-255,1484,62362,96,255559
3565,0.000789,172.253.118.0-255,2902,65264,96,255559
3566,0.000792,172.31.47.0-255,66,65330,96,255559
3567,0.000796,172.253.118.0-255,1484,66814,96,255559
3568,0.000813,172.253.118.0-255,4320,71134,96,255559
3569,0.000816,172.31.47.0-255,66,71200,96,255559
3570,0.00085,172.31.47.0-255,66,71266,96,255559
3571,0.000869,172.253.118.0-255,1484,72750,96,255559
3572,0.000882,172.31.47.0-255,66,72816,96,255559
3573,0.000948,172.253.118.0-255,1484,74300,96,255559
3574,0.000969,172.253.118.0-255,2902,77202,96,255559
3575,0.000972,172.31.47.0-255,66,77268,96,255559
3576,0.000978,172.253.118.0-255,5738,83006,96,255559
3577,0.000981,172.31.47.0-255,66,83072,96,255559
3578,0.000985,172.253.118.0-255,2902,85974,96,255559
3579,0.000987,172.31.47.0-255,66,86040,96,255559
3580,0.001026,172.31.47.0-255,66,86106,96,255559
3581,0.001057,172.31.47.0-255,66,86172,96,255559
3582,0.001901,172.253.118.0-255,1484,87656,96,255559
3583,0.001911,172.253.118.0-255,2902,90558,96,255559
3584,0.001914,172.31.47.0-255,66,90624,96,255559
3585,0.001921,172.253.118.0-255,5738,96362,96,255559
3586,0.001922,172.31.47.0-255,66,96428,96,255559
3587,0.00196,172.31.47.0-255,66,96494,96,255559
3588,0.002003,172.253.118.0-255,5738,102232,96,255559
3589,0.002005,172.31.47.0-255,66,102298,96,255559
3590,0.002025,172.253.118.0-255,5020,107318,96,255559
3591,0.002027,172.31.47.0-255,66,107384,96,255559
3592,0.004223,172.253.118.0-255,2902,110286,96,255559
3593,0.004226,172.31.47.0-255,66,110352,96,255559
3594,0.004238,172.253.118.0-255,2902,113254,96,255559
3595,0.004239,172.31.47.0-255,66,113320,96,255559
3596,0.006455,172.253.118.0-255,5738,119058,96,255559
3597,0.00646,172.31.47.0-255,66,119124,96,255559
3598,0.008696,172.253.118.0-255,5738,124862,96,255559
3599,0.008703,172.31.47.0-255,66,124928,96,255559
3600,0.010935,172.253.118.0-255,5738,130666,96,255559
3601,0.010943,172.31.47.0-255,66,130732,96,255559
3602,0.013169,172.253.118.0-255,5738,136470,96,255559
3603,0.013175,172.31.47.0-255,66,136536,96,255559
3604,0.015405,172.253.118.0-255,5738,142274,96,255559
3605,0.015411,172.31.47.0-255,66,142340,96,255559
3606,0.017656,172.253.118.0-255,5738,148078,96,255559
3607,0.017663,172.31.47.0-255,66,148144,96,255559
3608,0.01989,172.253.118.0-255,5738,153882,96,255559
3609,0.019898,172.31.47.0-255,66,153948,96,255559
3610,0.022144,172.253.118.0-255,5738,159686,96,255559
3611,0.022154,172.31.47.0-255,66,159752,96,255559
3612,0.02442,172.253.118.0-255,5738,165490,96,255559
3613,0.024425,172.31.47.0-255,66,165556,96,255559
3614,0.026665,172.253.118.0-255,5738,171294,96,255559
3615,0.026673,172.31.47.0-255,66,171360,96,255559
3616,0.028896,172.253.118.0-255,5738,177098,96,255559
3617,0.028903,172.31.47.0-255,66,177164,96,255559
3618,0.031145,172.253.118.0-255,5738,182902,96,255559
3619,0.031156,172.31.47.0-255,66,182968,96,255559
3620,0.032341,172.31.47.0-255,172,183140,96,255559
3621,0.032368,172.31.47.0-255,1109,184249,96,255559
3622,0.032399,172.31.47.0-255,1514,185763,96,255559
3623,0.0324,172.31.47.0-255,1302,187065,96,255559
3624,0.033393,172.253.118.0-255,5738,192803,96,255559
3625,0.033399,172.31.47.0-255,66,192869,96,255559
3626,0.033856,104.244.42.0-255,66,192935,96,255559
3627,0.034068,104.244.42.0-255,66,193001,96,255559
3628,0.034075,104.244.42.0-255,66,193067,96,255559
3629,0.035635,172.253.118.0-255,5738,198805,96,255559
3630,0.035644,172.31.47.0-255,66,198871,96,255559
3631,0.037896,172.253.118.0-255,5738,204609,96,255559
3632,0.037902,172.31.47.0-255,66,204675,96,255559
3633,0.040133,172.253.118.0-255,5738,210413,96,255559
3634,0.040139,172.31.47.0-255,66,210479,96,255559
3635,0.042375,172.253.118.0-255,5738,216217,96,255559
3636,0.042403,172.31.47.0-255,66,216283,96,255559
3637,0.044629,172.253.118.0-255,4320,220603,96,255559
3638,0.044633,172.31.47.0-255,66,220669,96,255559
3639,0.044664,172.253.118.0-255,1484,222153,96,255559
3640,0.046868,172.253.118.0-255,4320,226473,96,255559
3641,0.046873,172.31.47.0-255,66,226539,96,255559
3642,0.049097,172.253.118.0-255,5738,232277,96,255559
3643,0.049101,172.31.47.0-255,66,232343,96,255559
3644,0.051321,172.253.118.0-255,5738,238081,96,255559
3645,0.051326,172.31.47.0-255,66,238147,96,255559
3646,0.053572,172.253.118.0-255,5738,243885,96,255559
3647,0.053578,172.31.47.0-255,66,243951,96,255559
3648,0.055793,172.253.118.0-255,5738,249689,96,255559
3649,0.055798,172.31.47.0-255,66,249755,96,255559
3650,0.058022,172.253.118.0-255,5738,255493,96,255559
3651,0.058027,172.31.47.0-255,66,255559,96,255559
3652,0.0,74.125.200.0-255,156,156,96,354325
3653,2.2e-05,172.31.47.0-255,66,222,96,354325
3654,2.9e-05,74.125.200.0-255,1484,1706,96,354325
3655,3.3e-05,172.31.47.0-255,66,1772,96,354325
3656,3.9e-05,74.125.200.0-255,2902,4674,96,354325
3657,5e-05,172.31.47.0-255,66,4740,96,354325
3658,5.8e-05,74.125.200.0-255,7156,11896,96,354325
3659,6e-05,172.31.47.0-255,66,11962,96,354325
3660,6.4e-05,74.125.200.0-255,2012,13974,96,354325
3661,6.6e-05,172.31.47.0-255,66,14040,96,354325
3662,0.000181,74.125.200.0-255,1484,15524,96,354325
3663,0.000185,172.31.47.0-255,66,15590,96,354325
3664,0.000189,74.125.200.0-255,1484,17074,96,354325
3665,0.000191,172.31.47.0-255,66,17140,96,354325
3666,0.000194,74.125.200.0-255,1484,18624,96,354325
3667,0.000196,172.31.47.0-255,66,18690,96,354325
3668,0.000219,74.125.200.0-255,1484,20174,96,354325
3669,0.000221,172.31.47.0-255,66,20240,96,354325
3670,0.000227,74.125.200.0-255,4320,24560,96,354325
3671,0.000229,172.31.47.0-255,66,24626,96,354325
3672,0.000257,74.125.200.0-255,1484,26110,96,354325
3673,0.00026,172.31.47.0-255,66,26176,96,354325
3674,0.000266,74.125.200.0-255,5379,31555,96,354325
3675,0.000268,172.31.47.0-255,66,31621,96,354325
3676,0.000368,74.125.200.0-255,1484,33105,96,354325
3677,0.000372,172.31.47.0-255,66,33171,96,354325
3678,0.000382,74.125.200.0-255,1484,34655,96,354325
3679,0.000388,172.31.47.0-255,66,34721,96,354325
3680,0.000406,74.125.200.0-255,1484,36205,96,354325
3681,0.000409,172.31.47.0-255,66,36271,96,354325
3682,0.000413,74.125.200.0-255,2902,39173,96,354325
3683,0.000415,172.31.47.0-255,66,39239,96,354325
3684,0.000421,74.125.200.0-255,4320,43559,96,354325
3685,0.000423,172.31.47.0-255,66,43625,96,354325
3686,0.000461,172.31.47.0-255,66,43691,96,354325
3687,0.000465,74.125.200.0-255,4320,48011,96,354325
3688,0.000468,172.31.47.0-255,66,48077,96,354325
3689,0.000501,74.125.200.0-255,1484,49561,96,354325
3690,0.000526,74.125.200.0-255,7068,56629,96,354325
3691,0.000529,172.31.47.0-255,66,56695,96,354325
3692,0.000666,74.125.200.0-255,132,56827,96,354325
3693,0.00071,74.125.200.0-255,1484,58311,96,354325
3694,0.000713,172.31.47.0-255,66,58377,96,354325
3695,0.000718,74.125.200.0-255,2902,61279,96,354325
3696,0.00072,172.31.47.0-255,66,61345,96,354325
3697,0.000742,74.125.200.0-255,5738,67083,96,354325
3698,0.000744,172.31.47.0-255,66,67149,96,354325
3699,0.000767,74.125.200.0-255,4320,71469,96,354325
3700,0.000769,172.31.47.0-255,66,71535,96,354325
3701,0.000784,74.125.200.0-255,2543,74078,96,354325
3702,0.000786,172.31.47.0-255,66,74144,96,354325
3703,0.000962,74.125.200.0-255,1484,75628,96,354325
3704,0.000981,74.125.200.0-255,1484,77112,96,354325
3705,0.000984,172.31.47.0-255,66,77178,96,354325
3706,0.000989,74.125.200.0-255,2902,80080,96,354325
3707,0.00099,172.31.47.0-255,66,80146,96,354325
3708,0.001,74.125.200.0-255,5738,85884,96,354325
3709,0.001001,172.31.47.0-255,66,85950,96,354325
3710,0.001046,172.31.47.0-255,66,86016,96,354325
3711,0.001094,74.125.200.0-255,7156,93172,96,354325
3712,0.001097,172.31.47.0-255,66,93238,96,354325
3713,0.001124,74.125.200.0-255,3602,96840,96,354325
3714,0.001138,74.125.200.0-255,7156,103996,96,354325
3715,0.001148,172.31.47.0-255,66,104062,96,354325
3716,0.001152,172.31.47.0-255,66,104128,96,354325
3717,0.001154,172.31.47.0-255,66,104194,96,354325
3718,0.001156,172.31.47.0-255,66,104260,96,354325
3719,0.001183,74.125.200.0-255,6438,110698,96,354325
3720,0.001186,172.31.47.0-255,66,110764,96,354325
3721,0.001189,74.125.200.0-255,2902,113666,96,354325
3722,0.001191,172.31.47.0-255,66,113732,96,354325
3723,0.001224,74.125.200.0-255,4320,118052,96,354325
3724,0.001227,172.31.47.0-255,66,118118,96,354325
3725,0.001238,172.31.47.0-255,66,118184,96,354325
3726,0.00169,74.125.200.0-255,1484,119668,96,354325
3727,0.001708,74.125.200.0-255,2902,122570,96,354325
3728,0.001712,172.31.47.0-255,66,122636,96,354325
3729,0.001715,74.125.200.0-255,1484,124120,96,354325
3730,0.001736,74.125.200.0-255,2902,127022,96,354325
3731,0.001738,172.31.47.0-255,66,127088,96,354325
3732,0.001754,74.125.200.0-255,4320,131408,96,354325
3733,0.001756,172.31.47.0-255,66,131474,96,354325
3734,0.001778,74.125.200.0-255,1484,132958,96,354325
3735,0.001781,74.125.200.0-255,2902,135860,96,354325
3736,0.001783,172.31.47.0-255,66,135926,96,354325
3737,0.001788,74.125.200.0-255,2902,138828,96,354325
3738,0.001789,172.31.47.0-255,66,138894,96,354325
3739,0.001812,74.125.200.0-255,1484,140378,96,354325
3740,0.001816,74.125.200.0-255,2902,143280,96,354325
3741,0.001818,172.31.47.0-255,66,143346,96,354325
3742,0.001848,74.125.200.0-255,5738,149084,96,354325
3743,0.00185,172.31.47.0-255,66,149150,96,354325
3744,0.001873,74.125.200.0-255,3602,152752,96,354325
3745,0.001875,172.31.47.0-255,66,152818,96,354325
3746,0.002025,74.125.200.0-255,1484,154302,96,354325
3747,0.002039,74.125.200.0-255,2902,157204,96,354325
3748,0.002042,172.31.47.0-255,66,157270,96,354325
3749,0.002071,74.125.200.0-255,5738,163008,96,354325
3750,0.002073,172.31.47.0-255,66,163074,96,354325
3751,0.0021,74.125.200.0-255,7156,170230,96,354325
3752,0.002103,172.31.47.0-255,66,170296,96,354325
3753,0.002127,74.125.200.0-255,5738,176034,96,354325
3754,0.002129,172.31.47.0-255,66,176100,96,354325
3755,0.00215,74.125.200.0-255,1484,177584,96,354325
3756,0.002169,74.125.200.0-255,5738,183322,96,354325
3757,0.002172,172.31.47.0-255,66,183388,96,354325
3758,0.002177,74.125.200.0-255,3602,186990,96,354325
3759,0.002178,172.31.47.0-255,66,187056,96,354325
3760,0.002195,74.125.200.0-255,2902,189958,96,354325
3761,0.002197,172.31.47.0-255,66,190024,96,354325
3762,0.002217,74.125.200.0-255,1484,191508,96,354325
3763,0.002224,74.125.200.0-255,5738,197246,96,354325
3764,0.002226,172.31.47.0-255,66,197312,96,354325
3765,0.002255,74.125.200.0-255,4320,201632,96,354325
3766,0.002257,172.31.47.0-255,66,201698,96,354325
3767,0.002267,172.31.47.0-255,66,201764,96,354325
3768,0.002287,74.125.200.0-255,2902,204666,96,354325
3769,0.002289,172.31.47.0-255,66,204732,96,354325
3770,0.002303,172.31.47.0-255,66,204798,96,354325
3771,0.004563,74.125.200.0-255,1484,206282,96,354325
3772,0.004582,74.125.200.0-255,4320,210602,96,354325
3773,0.004586,172.31.47.0-255,66,210668,96,354325
3774,0.006843,74.125.200.0-255,5738,216406,96,354325
3775,0.006848,172.31.47.0-255,66,216472,96,354325
3776,0.009122,74.125.200.0-255,5738,222210,96,354325
3777,0.009128,172.31.47.0-255,66,222276,96,354325
3778,0.011396,74.125.200.0-255,5738,228014,96,354325
3779,0.011403,172.31.47.0-255,66,228080,96,354325
3780,0.013699,74.125.200.0-255,5738,233818,96,354325
3781,0.013705,172.31.47.0-255,66,233884,96,354325
3782,0.01598,74.125.200.0-255,5738,239622,96,354325
3783,0.015989,172.31.47.0-255,66,239688,96,354325
3784,0.018269,74.125.200.0-255,5738,245426,96,354325
3785,0.018278,172.31.47.0-255,66,245492,96,354325
3786,0.020537,74.125.200.0-255,5738,251230,96,354325
3787,0.020544,172.31.47.0-255,66,251296,96,354325
3788,0.022824,74.125.200.0-255,5738,257034,96,354325
3789,0.022832,172.31.47.0-255,66,257100,96,354325
3790,0.025109,74.125.200.0-255,5738,262838,96,354325
3791,0.025117,172.31.47.0-255,66,262904,96,354325
3792,0.027145,172.31.47.0-255,172,263076,96,354325
3793,0.027196,172.31.47.0-255,1111,264187,96,354325
3794,0.027276,172.31.47.0-255,1514,265701,96,354325
3795,0.027277,172.31.47.0-255,1300,267001,96,354325
3796,0.027389,74.125.200.0-255,5738,272739,96,354325
3797,0.027395,172.31.47.0-255,66,272805,96,354325
3798,0.028757,104.244.42.0-255,66,272871,96,354325
3799,0.028786,104.244.42.0-255,66,272937,96,354325
3800,0.02888,104.244.42.0-255,66,273003,96,354325
3801,0.029657,74.125.200.0-255,5738,278741,96,354325
3802,0.029662,172.31.47.0-255,66,278807,96,354325
3803,0.031944,74.125.200.0-255,5738,284545,96,354325
3804,0.03195,172.31.47.0-255,66,284611,96,354325
3805,0.034231,74.125.200.0-255,5738,290349,96,354325
3806,0.034237,172.31.47.0-255,66,290415,96,354325
3807,0.036503,74.125.200.0-255,5738,296153,96,354325
3808,0.036508,172.31.47.0-255,66,296219,96,354325
3809,0.038794,74.125.200.0-255,5738,301957,96,354325
3810,0.038801,172.31.47.0-255,66,302023,96,354325
3811,0.04107,74.125.200.0-255,5738,307761,96,354325
3812,0.041076,172.31.47.0-255,66,307827,96,354325
3813,0.043347,74.125.200.0-255,5738,313565,96,354325
3814,0.043356,172.31.47.0-255,66,313631,96,354325
3815,0.045617,74.125.200.0-255,5738,319369,96,354325
3816,0.045622,172.31.47.0-255,66,319435,96,354325
3817,0.047887,74.125.200.0-255,5738,325173,96,354325
3818,0.047893,172.31.47.0-255,66,325239,96,354325
3819,0.050147,74.125.200.0-255,5738,330977,96,354325
3820,0.050153,172.31.47.0-255,66,331043,96,354325
3821,0.052428,74.125.200.0-255,5738,336781,96,354325
3822,0.052433,172.31.47.0-255,66,336847,96,354325
3823,0.054703,74.125.200.0-255,5738,342585,96,354325
3824,0.054709,172.31.47.0-255,66,342651,96,354325
3825,0.056982,74.125.200.0-255,5738,348389,96,354325
3826,0.056987,172.31.47.0-255,66,348455,96,354325
3827,0.059264,74.125.200.0-255,4320,352775,96,354325
3828,0.05927,172.31.47.0-255,66,352841,96,354325
3829,0.059294,74.125.200.0-255,1484,354325,96,354325
3830,0.0,74.125.24.0-255,153,153,96,284967
3831,2.2e-05,172.31.47.0-255,66,219,96,284967
3832,2.9e-05,74.125.24.0-255,1484,1703,96,284967
3833,3.3e-05,172.31.47.0-255,66,1769,96,284967
3834,3.8e-05,74.125.24.0-255,2902,4671,96,284967
3835,4.1e-05,172.31.47.0-255,66,4737,96,284967
3836,6.9e-05,74.125.24.0-255,7156,11893,96,284967
3837,7.2e-05,172.31.47.0-255,66,11959,96,284967
3838,7.6e-05,74.125.24.0-255,2102,14061,96,284967
3839,7.8e-05,172.31.47.0-255,66,14127,96,284967
3840,0.00011,74.125.24.0-255,2902,17029,96,284967
3841,0.000114,172.31.47.0-255,66,17095,96,284967
3842,0.000137,172.31.47.0-255,66,17161,96,284967
3843,0.000142,74.125.24.0-255,4320,21481,96,284967
3844,0.000144,172.31.47.0-255,66,21547,96,284967
3845,0.000173,74.125.24.0-255,1125,22672,96,284967
3846,0.000177,172.31.47.0-255,66,22738,96,284967
3847,0.00018,74.125.24.0-255,1484,24222,96,284967
3848,0.000182,172.31.47.0-255,66,24288,96,284967
3849,0.000192,74.125.24.0-255,1484,25772,96,284967
3850,0.000195,172.31.47.0-255,66,25838,96,284967
3851,0.000211,74.125.24.0-255,2902,28740,96,284967
3852,0.000215,172.31.47.0-255,66,28806,96,284967
3853,0.00023,74.125.24.0-255,5738,34544,96,284967
3854,0.000232,172.31.47.0-255,66,34610,96,284967
3855,0.00025,74.125.24.0-255,4320,38930,96,284967
3856,0.000252,172.31.47.0-255,66,38996,96,284967
3857,0.000255,74.125.24.0-255,1125,40121,96,284967
3858,0.000257,172.31.47.0-255,66,40187,96,284967
3859,0.000722,74.125.24.0-255,1484,41671,96,284967
3860,0.000727,172.31.47.0-255,66,41737,96,284967
3861,0.000733,74.125.24.0-255,2902,44639,96,284967
3862,0.000738,74.125.24.0-255,2902,47541,96,284967
3863,0.000743,74.125.24.0-255,4320,51861,96,284967
3864,0.000744,172.31.47.0-255,66,51927,96,284967
3865,0.000749,172.31.47.0-255,66,51993,96,284967
3866,0.000774,74.125.24.0-255,1484,53477,96,284967
3867,0.0008,74.125.24.0-255,3961,57438,96,284967
3868,0.000809,172.31.47.0-255,66,57504,96,284967
3869,0.000824,74.125.24.0-255,1484,58988,96,284967
3870,0.000837,74.125.24.0-255,2902,61890,96,284967
3871,0.00084,74.125.24.0-255,1484,63374,96,284967
3872,0.000843,172.31.47.0-255,66,63440,96,284967
3873,0.000852,74.125.24.0-255,4320,67760,96,284967
3874,0.000869,172.31.47.0-255,66,67826,96,284967
3875,0.000883,74.125.24.0-255,2902,70728,96,284967
3876,0.000886,172.31.47.0-255,66,70794,96,284967
3877,0.000911,74.125.24.0-255,4541,75335,96,284967
3878,0.000915,172.31.47.0-255,66,75401,96,284967
3879,0.000927,74.125.24.0-255,1484,76885,96,284967
3880,0.000944,74.125.24.0-255,2902,79787,96,284967
3881,0.000951,74.125.24.0-255,5738,85525,96,284967
3882,0.000956,172.31.47.0-255,66,85591,96,284967
3883,0.000988,74.125.24.0-255,6797,92388,96,284967
3884,0.000994,172.31.47.0-255,66,92454,96,284967
3885,0.001162,74.125.24.0-255,1484,93938,96,284967
3886,0.001168,74.125.24.0-255,2902,96840,96,284967
3887,0.001171,172.31.47.0-255,66,96906,96,284967
3888,0.001178,74.125.24.0-255,5738,102644,96,284967
3889,0.001187,172.31.47.0-255,66,102710,96,284967
3890,0.001249,74.125.24.0-255,1484,104194,96,284967
3891,0.00127,74.125.24.0-255,4816,109010,96,284967
3892,0.001273,172.31.47.0-255,66,109076,96,284967
3893,0.001506,74.125.24.0-255,1484,110560,96,284967
3894,0.001524,74.125.24.0-255,2902,113462,96,284967
3895,0.001527,172.31.47.0-255,66,113528,96,284967
3896,0.001531,74.125.24.0-255,2902,116430,96,284967
3897,0.001548,74.125.24.0-255,2902,119332,96,284967
3898,0.001558,172.31.47.0-255,66,119398,96,284967
3899,0.001616,74.125.24.0-255,766,120164,96,284967
3900,0.001628,172.31.47.0-255,66,120230,96,284967
3901,0.002247,74.125.24.0-255,1484,121714,96,284967
3902,0.002257,74.125.24.0-255,2902,124616,96,284967
3903,0.002262,172.31.47.0-255,66,124682,96,284967
3904,0.002269,74.125.24.0-255,5738,130420,96,284967
3905,0.00231,74.125.24.0-255,2902,133322,96,284967
3906,0.002317,172.31.47.0-255,66,133388,96,284967
3907,0.002344,74.125.24.0-255,2902,136290,96,284967
3908,0.002353,172.31.47.0-255,66,136356,96,284967
3909,0.002378,74.125.24.0-255,5738,142094,96,284967
3910,0.002384,172.31.47.0-255,66,142160,96,284967
3911,0.002415,74.125.24.0-255,7156,149316,96,284967
3912,0.00243,74.125.24.0-255,3602,152918,96,284967
3913,0.002433,172.31.47.0-255,66,152984,96,284967
3914,0.005006,74.125.24.0-255,5738,158722,96,284967
3915,0.005011,172.31.47.0-255,66,158788,96,284967
3916,0.007588,74.125.24.0-255,5738,164526,96,284967
3917,0.007594,172.31.47.0-255,66,164592,96,284967
3918,0.010136,74.125.24.0-255,5738,170330,96,284967
3919,0.010143,172.31.47.0-255,66,170396,96,284967
3920,0.01267,74.125.24.0-255,5738,176134,96,284967
3921,0.012679,172.31.47.0-255,66,176200,96,284967
3922,0.015241,74.125.24.0-255,5738,181938,96,284967
3923,0.01525,172.31.47.0-255,66,182004,96,284967
3924,0.017778,74.125.24.0-255,5738,187742,96,284967
3925,0.017787,172.31.47.0-255,66,187808,96,284967
3926,0.020388,74.125.24.0-255,5738,193546,96,284967
3927,0.020406,172.31.47.0-255,66,193612,96,284967
3928,0.023009,74.125.24.0-255,5738,199350,96,284967
3929,0.02302,172.31.47.0-255,66,199416,96,284967
3930,0.025586,74.125.24.0-255,5738,205154,96,284967
3931,0.025605,172.31.47.0-255,66,205220,96,284967
3932,0.028191,74.125.24.0-255,5738,210958,96,284967
3933,0.02821,172.31.47.0-255,66,211024,96,284967
3934,0.030786,74.125.24.0-255,5738,216762,96,284967
3935,0.030801,172.31.47.0-255,66,216828,96,284967
3936,0.03334,74.125.24.0-255,5738,222566,96,284967
3937,0.033352,172.31.47.0-255,66,222632,96,284967
3938,0.035963,74.125.24.0-255,5738,228370,96,284967
3939,0.035978,172.31.47.0-255,66,228436,96,284967
3940,0.038555,74.125.24.0-255,5738,234174,96,284967
3941,0.038572,172.31.47.0-255,66,234240,96,284967
3942,0.041124,74.125.24.0-255,5738,239978,96,284967
3943,0.041149,172.31.47.0-255,66,240044,96,284967
3944,0.043055,172.31.47.0-255,172,240216,96,284967
3945,0.043083,172.31.47.0-255,1101,241317,96,284967
3946,0.043127,172.31.47.0-255,1514,242831,96,284967
3947,0.043128,172.31.47.0-255,1310,244141,96,284967
3948,0.043677,74.125.24.0-255,5738,249879,96,284967
3949,0.043685,172.31.47.0-255,66,249945,96,284967
3950,0.044598,104.244.42.0-255,66,250011,96,284967
3951,0.044637,104.244.42.0-255,66,250077,96,284967
3952,0.04469,104.244.42.0-255,66,250143,96,284967
3953,0.046228,74.125.24.0-255,5738,255881,96,284967
3954,0.046245,172.31.47.0-255,66,255947,96,284967
3955,0.048807,74.125.24.0-255,5738,261685,96,284967
3956,0.048823,172.31.47.0-255,66,261751,96,284967
3957,0.051364,74.125.24.0-255,5738,267489,96,284967
3958,0.051375,172.31.47.0-255,66,267555,96,284967
3959,0.053903,74.125.24.0-255,5738,273293,96,284967
3960,0.053912,172.31.47.0-255,66,273359,96,284967
3961,0.056469,74.125.24.0-255,5738,279097,96,284967
3962,0.056477,172.31.47.0-255,66,279163,96,284967
3963,0.059033,74.125.24.0-255,5738,284901,96,284967
3964,0.059041,172.31.47.0-255,66,284967,96,284967
3965,0.0,74.125.200.0-255,146,146,96,311354
3966,1.4e-05,172.31.47.0-255,66,212,96,311354
3967,4.6e-05,74.125.200.0-255,1484,1696,96,311354
3968,5.1e-05,172.31.47.0-255,66,1762,96,311354
3969,5.6e-05,74.125.200.0-255,2902,4664,96,311354
3970,5.9e-05,172.31.47.0-255,66,4730,96,311354
3971,6.2e-05,74.125.200.0-255,1484,6214,96,311354
3972,6.5e-05,172.31.47.0-255,66,6280,96,311354
3973,8.9e-05,74.125.200.0-255,4320,10600,96,311354
3974,9.1e-05,172.31.47.0-255,66,10666,96,311354
3975,0.000128,74.125.200.0-255,6311,16977,96,311354
3976,0.00013,172.31.47.0-255,66,17043,96,311354
3977,0.000134,74.125.200.0-255,2902,19945,96,311354
3978,0.000135,172.31.47.0-255,66,20011,96,311354
3979,0.000138,74.125.200.0-255,1484,21495,96,311354
3980,0.00014,172.31.47.0-255,66,21561,96,311354
3981,0.000169,74.125.200.0-255,2902,24463,96,311354
3982,0.000171,172.31.47.0-255,66,24529,96,311354
3983,0.000178,74.125.200.0-255,6797,31326,96,311354
3984,0.00018,172.31.47.0-255,66,31392,96,311354
3985,0.000261,74.125.200.0-255,1484,32876,96,311354
3986,0.000264,172.31.47.0-255,66,32942,96,311354
3987,0.000291,74.125.200.0-255,2902,35844,96,311354
3988,0.000293,172.31.47.0-255,66,35910,96,311354
3989,0.000323,74.125.200.0-255,5738,41648,96,311354
3990,0.000326,172.31.47.0-255,66,41714,96,311354
3991,0.000357,74.125.200.0-255,4320,46034,96,311354
3992,0.000359,172.31.47.0-255,66,46100,96,311354
3993,0.000387,74.125.200.0-255,2543,48643,96,311354
3994,0.000389,172.31.47.0-255,66,48709,96,311354
3995,0.000526,74.125.200.0-255,1484,50193,96,311354
3996,0.00053,172.31.47.0-255,66,50259,96,311354
3997,0.000549,74.125.200.0-255,2902,53161,96,311354
3998,0.000552,172.31.47.0-255,66,53227,96,311354
3999,0.00058,74.125.200.0-255,5738,58965,96,311354
4000,0.000582,172.31.47.0-255,66,59031,96,311354
4001,0.000609,74.125.200.0-255,6797,65828,96,311354
4002,0.000612,172.31.47.0-255,66,65894,96,311354
4003,0.000635,74.125.200.0-255,4320,70214,96,311354
4004,0.000638,172.31.47.0-255,66,70280,96,311354
4005,0.000687,74.125.200.0-255,5738,76018,96,311354
4006,0.00069,172.31.47.0-255,66,76084,96,311354
4007,0.000696,74.125.200.0-255,5738,81822,96,311354
4008,0.000698,172.31.47.0-255,66,81888,96,311354
4009,0.000724,74.125.200.0-255,1125,83013,96,311354
4010,0.000726,172.31.47.0-255,66,83079,96,311354
4011,0.000752,74.125.200.0-255,1484,84563,96,311354
4012,0.000755,172.31.47.0-255,66,84629,96,311354
4013,0.000782,74.125.200.0-255,4320,88949,96,311354
4014,0.000784,172.31.47.0-255,66,89015,96,311354
4015,0.000787,74.125.200.0-255,1484,90499,96,311354
4016,0.000789,172.31.47.0-255,66,90565,96,311354
4017,0.000826,74.125.200.0-255,7156,97721,96,311354
4018,0.000829,172.31.47.0-255,66,97787,96,311354
4019,0.000833,74.125.200.0-255,3122,100909,96,311354
4020,0.000836,172.31.47.0-255,66,100975,96,311354
4021,0.001207,74.125.200.0-255,1484,102459,96,311354
4022,0.001211,172.31.47.0-255,66,102525,96,311354
4023,0.001236,74.125.200.0-255,2902,105427,96,311354
4024,0.001238,172.31.47.0-255,66,105493,96,311354
4025,0.001241,74.125.200.0-255,1484,106977,96,311354
4026,0.001243,172.31.47.0-255,66,107043,96,311354
4027,0.001278,74.125.200.0-255,5738,112781,96,311354
4028,0.001281,172.31.47.0-255,66,112847,96,311354
4029,0.001284,74.125.200.0-255,1484,114331,96,311354
4030,0.001286,172.31.47.0-255,66,114397,96,311354
4031,0.001311,74.125.200.0-255,7156,121553,96,311354
4032,0.001317,172.31.47.0-255,66,121619,96,311354
4033,0.001321,74.125.200.0-255,2902,124521,96,311354
4034,0.001323,172.31.47.0-255,66,124587,96,311354
4035,0.001358,74.125.200.0-255,7156,131743,96,311354
4036,0.00136,172.31.47.0-255,66,131809,96,311354
4037,0.001363,74.125.200.0-255,1484,133293,96,311354
4038,0.001365,172.31.47.0-255,66,133359,96,311354
4039,0.00137,74.125.200.0-255,2184,135543,96,311354
4040,0.001371,172.31.47.0-255,66,135609,96,311354
4041,0.002208,74.125.200.0-255,1484,137093,96,311354
4042,0.002213,172.31.47.0-255,66,137159,96,311354
4043,0.00222,74.125.200.0-255,1484,138643,96,311354
4044,0.002222,172.31.47.0-255,66,138709,96,311354
4045,0.002253,74.125.200.0-255,1484,140193,96,311354
4046,0.002255,172.31.47.0-255,66,140259,96,311354
4047,0.002261,74.125.200.0-255,5738,145997,96,311354
4048,0.002264,172.31.47.0-255,66,146063,96,311354
4049,0.002294,74.125.200.0-255,7156,153219,96,311354
4050,0.002296,172.31.47.0-255,66,153285,96,311354
4051,0.002301,74.125.200.0-255,4320,157605,96,311354
4052,0.002303,172.31.47.0-255,66,157671,96,311354
4053,0.002337,74.125.200.0-255,4320,161991,96,311354
4054,0.002339,172.31.47.0-255,66,162057,96,311354
4055,0.002346,74.125.200.0-255,7156,169213,96,311354
4056,0.002348,172.31.47.0-255,66,169279,96,311354
4057,0.004647,74.125.200.0-255,2902,172181,96,311354
4058,0.004652,172.31.47.0-255,66,172247,96,311354
4059,0.004678,74.125.200.0-255,2902,175149,96,311354
4060,0.004681,172.31.47.0-255,66,175215,96,311354
4061,0.006946,74.125.200.0-255,2902,178117,96,311354
4062,0.006951,172.31.47.0-255,66,178183,96,311354
4063,0.006981,74.125.200.0-255,2902,181085,96,311354
4064,0.006983,172.31.47.0-255,66,181151,96,311354
4065,0.00925,74.125.200.0-255,2902,184053,96,311354
4066,0.009257,172.31.47.0-255,66,184119,96,311354
4067,0.009285,74.125.200.0-255,2902,187021,96,311354
4068,0.009288,172.31.47.0-255,66,187087,96,311354
4069,0.011559,74.125.200.0-255,2902,189989,96,311354
4070,0.011566,172.31.47.0-255,66,190055,96,311354
4071,0.011609,74.125.200.0-255,2902,192957,96,311354
4072,0.011611,172.31.47.0-255,66,193023,96,311354
4073,0.013872,74.125.200.0-255,2902,195925,96,311354
4074,0.013881,172.31.47.0-255,66,195991,96,311354
4075,0.013915,74.125.200.0-255,2902,198893,96,311354
4076,0.013918,172.31.47.0-255,66,198959,96,311354
4077,0.016177,74.125.200.0-255,2902,201861,96,311354
4078,0.016183,172.31.47.0-255,66,201927,96,311354
4079,0.016211,74.125.200.0-255,2902,204829,96,311354
4080,0.016215,172.31.47.0-255,66,204895,96,311354
4081,0.018482,74.125.200.0-255,2902,207797,96,311354
4082,0.018489,172.31.47.0-255,66,207863,96,311354
4083,0.018516,74.125.200.0-255,2902,210765,96,311354
4084,0.018519,172.31.47.0-255,66,210831,96,311354
4085,0.02078,74.125.200.0-255,2902,213733,96,311354
4086,0.020788,172.31.47.0-255,66,213799,96,311354
4087,0.020823,74.125.200.0-255,2902,216701,96,311354
4088,0.020826,172.31.47.0-255,66,216767,96,311354
4089,0.023079,74.125.200.0-255,2902,219669,96,311354
4090,0.023086,172.31.47.0-255,66,219735,96,311354
4091,0.023115,74.125.200.0-255,2902,222637,96,311354
4092,0.023119,172.31.47.0-255,66,222703,96,311354
4093,0.023842,172.31.47.0-255,172,222875,96,311354
4094,0.023874,172.31.47.0-255,1105,223980,96,311354
4095,0.023927,172.31.47.0-255,1514,225494,96,311354
4096,0.023929,172.31.47.0-255,1306,226800,96,311354
4097,0.025393,74.125.200.0-255,4320,231120,96,311354
4098,0.025399,172.31.47.0-255,66,231186,96,311354
4099,0.025431,104.244.42.0-255,66,231252,96,311354
4100,0.025437,104.244.42.0-255,66,231318,96,311354
4101,0.02544,74.125.200.0-255,1484,232802,96,311354
4102,0.025519,104.244.42.0-255,66,232868,96,311354
4103,0.027704,74.125.200.0-255,4320,237188,96,311354
4104,0.027711,172.31.47.0-255,66,237254,96,311354
4105,0.030007,74.125.200.0-255,5738,242992,96,311354
4106,0.030014,172.31.47.0-255,66,243058,96,311354
4107,0.032324,74.125.200.0-255,5738,248796,96,311354
4108,0.032332,172.31.47.0-255,66,248862,96,311354
4109,0.034657,74.125.200.0-255,5738,254600,96,311354
4110,0.034665,172.31.47.0-255,66,254666,96,311354
4111,0.037001,74.125.200.0-255,5738,260404,96,311354
4112,0.037008,172.31.47.0-255,66,260470,96,311354
4113,0.03931,74.125.200.0-255,5738,266208,96,311354
4114,0.039316,172.31.47.0-255,66,266274,96,311354
4115,0.041634,74.125.200.0-255,5738,272012,96,311354
4116,0.04164,172.31.47.0-255,66,272078,96,311354
4117,0.043962,74.125.200.0-255,5738,277816,96,311354
4118,0.043969,172.31.47.0-255,66,277882,96,311354
4119,0.046264,74.125.200.0-255,5738,283620,96,311354
4120,0.04627,172.31.47.0-255,66,283686,96,311354
4121,0.048572,74.125.200.0-255,4320,288006,96,311354
4122,0.048577,172.31.47.0-255,66,288072,96,311354
4123,0.048604,74.125.200.0-255,1484,289556,96,311354
4124,0.05087,74.125.200.0-255,4320,293876,96,311354
4125,0.050875,172.31.47.0-255,66,293942,96,311354
4126,0.053186,74.125.200.0-255,5738,299680,96,311354
4127,0.053193,172.31.47.0-255,66,299746,96,311354
4128,0.055495,74.125.200.0-255,5738,305484,96,311354
4129,0.0555,172.31.47.0-255,66,305550,96,311354
4130,0.057806,74.125.200.0-255,5738,311288,96,311354
4131,0.057811,172.31.47.0-255,66,311354,96,311354
4132,0.0,172.217.194.0-255,152,152,96,180190
4133,2.7e-05,172.31.47.0-255,66,218,96,180190
4134,3.4e-05,172.217.194.0-255,1484,1702,96,180190
4135,3.7e-05,172.31.47.0-255,66,1768,96,180190
4136,4.2e-05,172.217.194.0-255,2902,4670,96,180190
4137,5.2e-05,172.31.47.0-255,66,4736,96,180190
4138,6e-05,172.217.194.0-255,7156,11892,96,180190
4139,6.2e-05,172.31.47.0-255,66,11958,96,180190
4140,8.8e-05,172.217.194.0-255,2055,14013,96,180190
4141,9.1e-05,172.31.47.0-255,66,14079,96,180190
4142,0.000125,172.217.194.0-255,2902,16981,96,180190
4143,0.000129,172.31.47.0-255,66,17047,96,180190
4144,0.000136,172.217.194.0-255,7156,24203,96,180190
4145,0.000139,172.31.47.0-255,66,24269,96,180190
4146,0.000146,172.217.194.0-255,1484,25753,96,180190
4147,0.000148,172.31.47.0-255,66,25819,96,180190
4148,0.000172,172.217.194.0-255,5379,31198,96,180190
4149,0.000179,172.31.47.0-255,66,31264,96,180190
4150,0.000219,172.217.194.0-255,4320,35584,96,180190
4151,0.000221,172.31.47.0-255,66,35650,96,180190
4152,0.000248,172.217.194.0-255,5738,41388,96,180190
4153,0.000252,172.31.47.0-255,66,41454,96,180190
4154,0.000287,172.217.194.0-255,4320,45774,96,180190
4155,0.000291,172.31.47.0-255,66,45840,96,180190
4156,0.000332,172.31.47.0-255,66,45906,96,180190
4157,0.00035,172.31.47.0-255,66,45972,96,180190
4158,0.000353,172.217.194.0-255,367,46339,96,180190
4159,0.000355,172.31.47.0-255,66,46405,96,180190
4160,0.000435,172.217.194.0-255,1484,47889,96,180190
4161,0.000439,172.31.47.0-255,66,47955,96,180190
4162,0.000444,172.217.194.0-255,2902,50857,96,180190
4163,0.000446,172.31.47.0-255,66,50923,96,180190
4164,0.000449,172.217.194.0-255,1484,52407,96,180190
4165,0.000481,172.217.194.0-255,4320,56727,96,180190
4166,0.000485,172.31.47.0-255,66,56793,96,180190
4167,0.000503,172.31.47.0-255,66,56859,96,180190
4168,0.000535,172.217.194.0-255,7156,64015,96,180190
4169,0.000538,172.31.47.0-255,66,64081,96,180190
4170,0.000571,172.217.194.0-255,6797,70878,96,180190
4171,0.000575,172.31.47.0-255,66,70944,96,180190
4172,0.000631,172.217.194.0-255,1484,72428,96,180190
4173,0.000634,172.217.194.0-255,1484,73912,96,180190
4174,0.000636,172.31.47.0-255,66,73978,96,180190
4175,0.000661,172.217.194.0-255,1484,75462,96,180190
4176,0.000667,172.217.194.0-255,5738,81200,96,180190
4177,0.00067,172.31.47.0-255,66,81266,96,180190
4178,0.000681,172.31.47.0-255,66,81332,96,180190
4179,0.000717,172.217.194.0-255,4320,85652,96,180190
4180,0.000721,172.31.47.0-255,66,85718,96,180190
4181,0.00074,172.31.47.0-255,66,85784,96,180190
4182,0.000918,172.217.194.0-255,1484,87268,96,180190
4183,0.00094,172.217.194.0-255,2902,90170,96,180190
4184,0.000944,172.31.47.0-255,66,90236,96,180190
4185,0.000951,172.217.194.0-255,5738,95974,96,180190
4186,0.000953,172.31.47.0-255,66,96040,96,180190
4187,0.000968,172.31.47.0-255,66,96106,96,180190
4188,0.000996,172.217.194.0-255,4320,100426,96,180190
4189,0.000999,172.31.47.0-255,66,100492,96,180190
4190,0.001017,172.31.47.0-255,66,100558,96,180190
4191,0.001079,172.217.194.0-255,1484,102042,96,180190
4192,0.001083,172.217.194.0-255,1484,103526,96,180190
4193,0.001086,172.31.47.0-255,66,103592,96,180190
4194,0.001105,172.217.194.0-255,1484,105076,96,180190
4195,0.001113,172.217.194.0-255,5738,110814,96,180190
4196,0.001116,172.31.47.0-255,66,110880,96,180190
4197,0.001123,172.217.194.0-255,7156,118036,96,180190
4198,0.001126,172.31.47.0-255,66,118102,96,180190
4199,0.001151,172.217.194.0-255,5738,123840,96,180190
4200,0.001153,172.31.47.0-255,66,123906,96,180190
4201,0.001168,172.31.47.0-255,66,123972,96,180190
4202,0.00143,172.217.194.0-255,1484,125456,96,180190
4203,0.001446,172.217.194.0-255,2902,128358,96,180190
4204,0.001449,172.31.47.0-255,66,128424,96,180190
4205,0.001454,172.217.194.0-255,4320,132744,96,180190
4206,0.001456,172.31.47.0-255,66,132810,96,180190
4207,0.001471,172.217.194.0-255,1484,134294,96,180190
4208,0.001506,172.31.47.0-255,66,134360,96,180190
4209,0.001512,172.217.194.0-255,7156,141516,96,180190
4210,0.001514,172.31.47.0-255,66,141582,96,180190
4211,0.001576,172.217.194.0-255,3602,145184,96,180190
4212,0.001579,172.31.47.0-255,66,145250,96,180190
4213,0.00163,172.217.194.0-255,1484,146734,96,180190
4214,0.001645,172.217.194.0-255,2902,149636,96,180190
4215,0.001648,172.217.194.0-255,2902,152538,96,180190
4216,0.001648,172.31.47.0-255,66,152604,96,180190
4217,0.001652,172.31.47.0-255,66,152670,96,180190
4218,0.001661,172.217.194.0-255,2902,155572,96,180190
4219,0.001667,172.31.47.0-255,66,155638,96,180190
4220,0.001671,172.217.194.0-255,2902,158540,96,180190
4221,0.001672,172.31.47.0-255,66,158606,96,180190
4222,0.001719,172.31.47.0-255,66,158672,96,180190
4223,0.001725,172.31.47.0-255,66,158738,96,180190
4224,0.001735,172.31.47.0-255,66,158804,96,180190
4225,0.001775,172.31.47.0-255,66,158870,96,180190
4226,0.001812,172.31.47.0-255,66,158936,96,180190
4227,0.001834,172.31.47.0-255,66,159002,96,180190
4228,0.001845,172.31.47.0-255,66,159068,96,180190
4229,0.001878,172.217.194.0-255,5738,164806,96,180190
4230,0.001882,172.31.47.0-255,66,164872,96,180190
4231,0.001917,172.31.47.0-255,66,164938,96,180190
4232,0.001949,172.217.194.0-255,1484,166422,96,180190
4233,0.001972,172.31.47.0-255,66,166488,96,180190
4234,0.001983,172.31.47.0-255,66,166554,96,180190
4235,0.00201,172.217.194.0-255,2184,168738,96,180190
4236,0.002014,172.31.47.0-255,66,168804,96,180190
4237,0.00202,172.217.194.0-255,6683,175487,96,180190
4238,0.002023,172.31.47.0-255,66,175553,96,180190
4239,0.00203,172.217.194.0-255,105,175658,96,180190
4240,0.008706,172.31.47.0-255,66,175724,96,180190
4241,0.008733,172.31.47.0-255,105,175829,96,180190
4242,0.010924,172.217.194.0-255,66,175895,96,180190
4243,0.032216,172.31.47.0-255,172,176067,96,180190
4244,0.032243,172.31.47.0-255,1110,177177,96,180190
4245,0.032276,172.31.47.0-255,1514,178691,96,180190
4246,0.032278,172.31.47.0-255,1301,179992,96,180190
4247,0.033746,104.244.42.0-255,66,180058,96,180190
4248,0.033786,104.244.42.0-255,66,180124,96,180190
4249,0.033838,104.244.42.0-255,66,180190,96,180190
4250,0.0,216.58.221.0-255,153,153,96,332680
4251,3.2e-05,172.31.47.0-255,66,219,96,332680
4252,4.9e-05,216.58.221.0-255,1484,1703,96,332680
4253,6.1e-05,172.31.47.0-255,66,1769,96,332680
4254,6.6e-05,216.58.221.0-255,2902,4671,96,332680
4255,6.9e-05,172.31.47.0-255,66,4737,96,332680
4256,0.00011,216.58.221.0-255,4320,9057,96,332680
4257,0.000113,172.31.47.0-255,66,9123,96,332680
4258,0.000116,216.58.221.0-255,1484,10607,96,332680
4259,0.000118,172.31.47.0-255,66,10673,96,332680
4260,0.000149,216.58.221.0-255,3510,14183,96,332680
4261,0.000153,172.31.47.0-255,66,14249,96,332680
4262,0.000156,216.58.221.0-255,1484,15733,96,332680
4263,0.000158,172.31.47.0-255,66,15799,96,332680
4264,0.000163,216.58.221.0-255,2902,18701,96,332680
4265,0.000166,172.31.47.0-255,66,18767,96,332680
4266,0.000185,216.58.221.0-255,4320,23087,96,332680
4267,0.000188,172.31.47.0-255,66,23153,96,332680
4268,0.000213,216.58.221.0-255,1484,24637,96,332680
4269,0.000215,172.31.47.0-255,66,24703,96,332680
4270,0.000222,216.58.221.0-255,6797,31500,96,332680
4271,0.000225,172.31.47.0-255,66,31566,96,332680
4272,0.000302,216.58.221.0-255,1484,33050,96,332680
4273,0.000306,172.31.47.0-255,66,33116,96,332680
4274,0.000312,216.58.221.0-255,2902,36018,96,332680
4275,0.000314,172.31.47.0-255,66,36084,96,332680
4276,0.000317,216.58.221.0-255,1484,37568,96,332680
4277,0.000325,172.31.47.0-255,66,37634,96,332680
4278,0.000349,216.58.221.0-255,4320,41954,96,332680
4279,0.000353,172.31.47.0-255,66,42020,96,332680
4280,0.00036,216.58.221.0-255,6797,48817,96,332680
4281,0.000363,172.31.47.0-255,66,48883,96,332680
4282,0.000368,216.58.221.0-255,5738,54621,96,332680
4283,0.000371,172.31.47.0-255,66,54687,96,332680
4284,0.000395,216.58.221.0-255,1484,56171,96,332680
4285,0.000401,216.58.221.0-255,2902,59073,96,332680
4286,0.000404,172.31.47.0-255,66,59139,96,332680
4287,0.000436,216.58.221.0-255,7100,66239,96,332680
4288,0.00044,172.31.47.0-255,66,66305,96,332680
4289,0.001019,216.58.221.0-255,120,66425,96,332680
4290,0.001195,216.58.221.0-255,1484,67909,96,332680
4291,0.001201,172.31.47.0-255,66,67975,96,332680
4292,0.001207,216.58.221.0-255,2902,70877,96,332680
4293,0.001209,172.31.47.0-255,66,70943,96,332680
4294,0.001238,216.58.221.0-255,1484,72427,96,332680
4295,0.001257,216.58.221.0-255,2902,75329,96,332680
4296,0.001259,172.31.47.0-255,66,75395,96,332680
4297,0.001263,216.58.221.0-255,1484,76879,96,332680
4298,0.001287,216.58.221.0-255,1484,78363,96,332680
4299,0.00129,172.31.47.0-255,66,78429,96,332680
4300,0.001295,216.58.221.0-255,4320,82749,96,332680
4301,0.001296,172.31.47.0-255,66,82815,96,332680
4302,0.00132,172.31.47.0-255,66,82881,96,332680
4303,0.001359,216.58.221.0-255,4320,87201,96,332680
4304,0.001361,172.31.47.0-255,66,87267,96,332680
4305,0.001383,216.58.221.0-255,3961,91228,96,332680
4306,0.001385,172.31.47.0-255,66,91294,96,332680
4307,0.001432,216.58.221.0-255,1484,92778,96,332680
4308,0.001452,216.58.221.0-255,2902,95680,96,332680
4309,0.001454,172.31.47.0-255,66,95746,96,332680
4310,0.001459,216.58.221.0-255,5738,101484,96,332680
4311,0.00146,172.31.47.0-255,66,101550,96,332680
4312,0.001463,216.58.221.0-255,1484,103034,96,332680
4313,0.001479,216.58.221.0-255,2902,105936,96,332680
4314,0.001481,172.31.47.0-255,66,106002,96,332680
4315,0.001485,216.58.221.0-255,2902,108904,96,332680
4316,0.001486,172.31.47.0-255,66,108970,96,332680
4317,0.001513,216.58.221.0-255,2902,111872,96,332680
4318,0.001514,172.31.47.0-255,66,111938,96,332680
4319,0.001523,172.31.47.0-255,66,112004,96,332680
4320,0.001543,216.58.221.0-255,1484,113488,96,332680
4321,0.001546,216.58.221.0-255,2184,115672,96,332680
4322,0.001548,172.31.47.0-255,66,115738,96,332680
4323,0.00157,216.58.221.0-255,1484,117222,96,332680
4324,0.001573,216.58.221.0-255,2902,120124,96,332680
4325,0.001575,172.31.47.0-255,66,120190,96,332680
4326,0.001598,216.58.221.0-255,5738,125928,96,332680
4327,0.001601,172.31.47.0-255,66,125994,96,332680
4328,0.001635,172.31.47.0-255,66,126060,96,332680
4329,0.00164,216.58.221.0-255,7156,133216,96,332680
4330,0.001642,172.31.47.0-255,66,133282,96,332680
4331,0.001661,216.58.221.0-255,1484,134766,96,332680
4332,0.001671,216.58.221.0-255,2184,136950,96,332680
4333,0.001673,172.31.47.0-255,66,137016,96,332680
4334,0.001871,216.58.221.0-255,1484,138500,96,332680
4335,0.001883,216.58.221.0-255,2902,141402,96,332680
4336,0.001885,172.31.47.0-255,66,141468,96,332680
4337,0.001888,216.58.221.0-255,1484,142952,96,332680
4338,0.001916,216.58.221.0-255,4320,147272,96,332680
4339,0.001918,172.31.47.0-255,66,147338,96,332680
4340,0.001923,216.58.221.0-255,5738,153076,96,332680
4341,0.001925,172.31.47.0-255,66,153142,96,332680
4342,0.001957,216.58.221.0-255,7156,160298,96,332680
4343,0.001959,172.31.47.0-255,66,160364,96,332680
4344,0.003831,216.58.221.0-255,4320,164684,96,332680
4345,0.003834,172.31.47.0-255,66,164750,96,332680
4346,0.003848,216.58.221.0-255,1484,166234,96,332680
4347,0.005722,216.58.221.0-255,4320,170554,96,332680
4348,0.005727,172.31.47.0-255,66,170620,96,332680
4349,0.007648,216.58.221.0-255,5738,176358,96,332680
4350,0.007653,172.31.47.0-255,66,176424,96,332680
4351,0.009547,216.58.221.0-255,5738,182162,96,332680
4352,0.009554,172.31.47.0-255,66,182228,96,332680
4353,0.011451,216.58.221.0-255,5738,187966,96,332680
4354,0.011458,172.31.47.0-255,66,188032,96,332680
4355,0.013356,216.58.221.0-255,5738,193770,96,332680
4356,0.013366,172.31.47.0-255,66,193836,96,332680
4357,0.015255,216.58.221.0-255,5738,199574,96,332680
4358,0.015261,172.31.47.0-255,66,199640,96,332680
4359,0.017155,216.58.221.0-255,5738,205378,96,332680
4360,0.017161,172.31.47.0-255,66,205444,96,332680
4361,0.019049,216.58.221.0-255,4320,209764,96,332680
4362,0.019054,172.31.47.0-255,66,209830,96,332680
4363,0.019085,216.58.221.0-255,1484,211314,96,332680
4364,0.02095,216.58.221.0-255,4320,215634,96,332680
4365,0.020959,172.31.47.0-255,66,215700,96,332680
4366,0.022864,216.58.221.0-255,5738,221438,96,332680
4367,0.022873,172.31.47.0-255,66,221504,96,332680
4368,0.024568,172.31.47.0-255,172,221676,96,332680
4369,0.024595,172.31.47.0-255,1110,222786,96,332680
4370,0.024629,172.31.47.0-255,1514,224300,96,332680
4371,0.024631,172.31.47.0-255,1302,225602,96,332680
4372,0.024755,216.58.221.0-255,4320,229922,96,332680
4373,0.024761,172.31.47.0-255,66,229988,96,332680
4374,0.024792,216.58.221.0-255,1484,231472,96,332680
4375,0.026104,104.244.42.0-255,66,231538,96,332680
4376,0.026301,104.244.42.0-255,66,231604,96,332680
4377,0.026303,104.244.42.0-255,66,231670,96,332680
4378,0.026642,216.58.221.0-255,2902,234572,96,332680
4379,0.026645,172.31.47.0-255,66,234638,96,332680
4380,0.026678,216.58.221.0-255,1484,236122,96,332680
4381,0.028526,216.58.221.0-255,4320,240442,96,332680
4382,0.028531,172.31.47.0-255,66,240508,96,332680
4383,0.030424,216.58.221.0-255,5738,246246,96,332680
4384,0.03043,172.31.47.0-255,66,246312,96,332680
4385,0.032327,216.58.221.0-255,5738,252050,96,332680
4386,0.032331,172.31.47.0-255,66,252116,96,332680
4387,0.034218,216.58.221.0-255,5738,257854,96,332680
4388,0.034223,172.31.47.0-255,66,257920,96,332680
4389,0.036115,216.58.221.0-255,5738,263658,96,332680
4390,0.036119,172.31.47.0-255,66,263724,96,332680
4391,0.038009,216.58.221.0-255,4320,268044,96,332680
4392,0.038013,172.31.47.0-255,66,268110,96,332680
4393,0.038039,216.58.221.0-255,1484,269594,96,332680
4394,0.0399,216.58.221.0-255,4320,273914,96,332680
4395,0.039906,172.31.47.0-255,66,273980,96,332680
4396,0.041792,216.58.221.0-255,5738,279718,96,332680
4397,0.041796,172.31.47.0-255,66,279784,96,332680
4398,0.043689,216.58.221.0-255,5738,285522,96,332680
4399,0.043693,172.31.47.0-255,66,285588,96,332680
4400,0.04558,216.58.221.0-255,5738,291326,96,332680
4401,0.045584,172.31.47.0-255,66,291392,96,332680
4402,0.047464,216.58.221.0-255,2902,294294,96,332680
4403,0.047469,172.31.47.0-255,66,294360,96,332680
4404,0.0475,216.58.221.0-255,2902,297262,96,332680
4405,0.047503,172.31.47.0-255,66,297328,96,332680
4406,0.049348,216.58.221.0-255,2902,300230,96,332680
4407,0.049354,172.31.47.0-255,66,300296,96,332680
4408,0.049387,216.58.221.0-255,2902,303198,96,332680
4409,0.04939,172.31.47.0-255,66,303264,96,332680
4410,0.051235,216.58.221.0-255,2902,306166,96,332680
4411,0.051239,172.31.47.0-255,66,306232,96,332680
4412,0.051271,216.58.221.0-255,2902,309134,96,332680
4413,0.051274,172.31.47.0-255,66,309200,96,332680
4414,0.05312,216.58.221.0-255,2902,312102,96,332680
4415,0.053124,172.31.47.0-255,66,312168,96,332680
4416,0.053158,216.58.221.0-255,2902,315070,96,332680
4417,0.053161,172.31.47.0-255,66,315136,96,332680
4418,0.055008,216.58.221.0-255,2902,318038,96,332680
4419,0.055012,172.31.47.0-255,66,318104,96,332680
4420,0.055041,216.58.221.0-255,2902,321006,96,332680
4421,0.055043,172.31.47.0-255,66,321072,96,332680
4422,0.056926,216.58.221.0-255,5738,326810,96,332680
4423,0.056931,172.31.47.0-255,66,326876,96,332680
4424,0.058817,216.58.221.0-255,5738,332614,96,332680
4425,0.058822,172.31.47.0-255,66,332680,96,332680
4426,0.0,172.31.47.0-255,105,105,96,276
4427,0.001758,157.240.7.0-255,105,210,96,276
4428,0.001767,172.31.47.0-255,66,276,96,276
4429,0.0,74.125.200.0-255,153,153,96,312117
4430,2.3e-05,172.31.47.0-255,66,219,96,312117
4431,3e-05,74.125.200.0-255,1484,1703,96,312117
4432,3.3e-05,172.31.47.0-255,66,1769,96,312117
4433,3.6e-05,74.125.200.0-255,1484,3253,96,312117
4434,3.8e-05,172.31.47.0-255,66,3319,96,312117
4435,6.7e-05,74.125.200.0-255,1484,4803,96,312117
4436,7e-05,172.31.47.0-255,66,4869,96,312117
4437,7.7e-05,74.125.200.0-255,5738,10607,96,312117
4438,7.9e-05,172.31.47.0-255,66,10673,96,312117
4439,0.000102,74.125.200.0-255,1484,12157,96,312117
4440,0.000105,172.31.47.0-255,66,12223,96,312117
4441,0.000123,74.125.200.0-255,2109,14332,96,312117
4442,0.000125,172.31.47.0-255,66,14398,96,312117
4443,0.000127,74.125.200.0-255,1484,15882,96,312117
4444,0.000129,172.31.47.0-255,66,15948,96,312117
4445,0.000154,74.125.200.0-255,2902,18850,96,312117
4446,0.000156,172.31.47.0-255,66,18916,96,312117
4447,0.000163,74.125.200.0-255,1484,20400,96,312117
4448,0.000165,172.31.47.0-255,66,20466,96,312117
4449,0.000197,172.31.47.0-255,66,20532,96,312117
4450,0.000201,74.125.200.0-255,2543,23075,96,312117
4451,0.000203,172.31.47.0-255,66,23141,96,312117
4452,0.000301,74.125.200.0-255,1484,24625,96,312117
4453,0.000305,172.31.47.0-255,66,24691,96,312117
4454,0.000323,74.125.200.0-255,2902,27593,96,312117
4455,0.000326,172.31.47.0-255,66,27659,96,312117
4456,0.000351,74.125.200.0-255,4320,31979,96,312117
4457,0.000353,172.31.47.0-255,66,32045,96,312117
4458,0.000378,74.125.200.0-255,2902,34947,96,312117
4459,0.000381,172.31.47.0-255,66,35013,96,312117
4460,0.000408,74.125.200.0-255,5379,40392,96,312117
4461,0.00041,172.31.47.0-255,66,40458,96,312117
4462,0.000415,74.125.200.0-255,4320,44778,96,312117
4463,0.000417,172.31.47.0-255,66,44844,96,312117
4464,0.000447,74.125.200.0-255,4320,49164,96,312117
4465,0.00045,172.31.47.0-255,66,49230,96,312117
4466,0.000454,74.125.200.0-255,2902,52132,96,312117
4467,0.000456,172.31.47.0-255,66,52198,96,312117
4468,0.00046,74.125.200.0-255,4320,56518,96,312117
4469,0.000462,172.31.47.0-255,66,56584,96,312117
4470,0.00047,74.125.200.0-255,1125,57709,96,312117
4471,0.000495,74.125.200.0-255,398,58107,96,312117
4472,0.00055,74.125.200.0-255,376,58483,96,312117
4473,0.000554,172.31.47.0-255,66,58549,96,312117
4474,0.000766,74.125.200.0-255,1484,60033,96,312117
4475,0.000796,74.125.200.0-255,2902,62935,96,312117
4476,0.0008,172.31.47.0-255,66,63001,96,312117
4477,0.000803,74.125.200.0-255,1484,64485,96,312117
4478,0.000834,74.125.200.0-255,4320,68805,96,312117
4479,0.000837,172.31.47.0-255,66,68871,96,312117
4480,0.000841,74.125.200.0-255,2902,71773,96,312117
4481,0.000844,172.31.47.0-255,66,71839,96,312117
4482,0.000849,74.125.200.0-255,4320,76159,96,312117
4483,0.000851,172.31.47.0-255,66,76225,96,312117
4484,0.000921,172.31.47.0-255,66,76291,96,312117
4485,0.000926,74.125.200.0-255,4320,80611,96,312117
4486,0.000929,172.31.47.0-255,66,80677,96,312117
4487,0.000934,74.125.200.0-255,3602,84279,96,312117
4488,0.000942,172.31.47.0-255,66,84345,96,312117
4489,0.001274,74.125.200.0-255,1484,85829,96,312117
4490,0.001279,74.125.200.0-255,1484,87313,96,312117
4491,0.001283,172.31.47.0-255,66,87379,96,312117
4492,0.001288,74.125.200.0-255,2902,90281,96,312117
4493,0.001291,172.31.47.0-255,66,90347,96,312117
4494,0.001311,74.125.200.0-255,2902,93249,96,312117
4495,0.001314,172.31.47.0-255,66,93315,96,312117
4496,0.001342,74.125.200.0-255,2902,96217,96,312117
4497,0.001344,172.31.47.0-255,66,96283,96,312117
4498,0.001354,172.31.47.0-255,66,96349,96,312117
4499,0.001357,74.125.200.0-255,1484,97833,96,312117
4500,0.001387,172.31.47.0-255,66,97899,96,312117
4501,0.00139,74.125.200.0-255,766,98665,96,312117
4502,0.001428,74.125.200.0-255,1484,100149,96,312117
4503,0.00143,172.31.47.0-255,66,100215,96,312117
4504,0.001458,74.125.200.0-255,2902,103117,96,312117
4505,0.001461,172.31.47.0-255,66,103183,96,312117
4506,0.001478,74.125.200.0-255,2902,106085,96,312117
4507,0.00148,172.31.47.0-255,66,106151,96,312117
4508,0.001509,74.125.200.0-255,2902,109053,96,312117
4509,0.001511,172.31.47.0-255,66,109119,96,312117
4510,0.001522,172.31.47.0-255,66,109185,96,312117
4511,0.001549,74.125.200.0-255,1484,110669,96,312117
4512,0.00156,74.125.200.0-255,2902,113571,96,312117
4513,0.001562,172.31.47.0-255,66,113637,96,312117
4514,0.001602,172.31.47.0-255,66,113703,96,312117
4515,0.001933,74.125.200.0-255,1484,115187,96,312117
4516,0.001938,74.125.200.0-255,2902,118089,96,312117
4517,0.001941,172.31.47.0-255,66,118155,96,312117
4518,0.001967,74.125.200.0-255,1484,119639,96,312117
4519,0.001978,74.125.200.0-255,2902,122541,96,312117
4520,0.00198,172.31.47.0-255,66,122607,96,312117
4521,0.001986,74.125.200.0-255,5738,128345,96,312117
4522,0.001988,172.31.47.0-255,66,128411,96,312117
4523,0.002008,74.125.200.0-255,2902,131313,96,312117
4524,0.00201,172.31.47.0-255,66,131379,96,312117
4525,0.002016,74.125.200.0-255,5738,137117,96,312117
4526,0.002017,172.31.47.0-255,66,137183,96,312117
4527,0.002056,74.125.200.0-255,7156,144339,96,312117
4528,0.002059,172.31.47.0-255,66,144405,96,312117
4529,0.002064,74.125.200.0-255,3602,148007,96,312117
4530,0.002066,172.31.47.0-255,66,148073,96,312117
4531,0.00213,74.125.200.0-255,1484,149557,96,312117
4532,0.002145,74.125.200.0-255,1484,151041,96,312117
4533,0.002149,172.31.47.0-255,66,151107,96,312117
4534,0.002157,74.125.200.0-255,1484,152591,96,312117
4535,0.002161,74.125.200.0-255,2902,155493,96,312117
4536,0.002163,172.31.47.0-255,66,155559,96,312117
4537,0.002191,74.125.200.0-255,2902,158461,96,312117
4538,0.002193,172.31.47.0-255,66,158527,96,312117
4539,0.002203,172.31.47.0-255,66,158593,96,312117
4540,0.002208,74.125.200.0-255,7156,165749,96,312117
4541,0.00221,172.31.47.0-255,66,165815,96,312117
4542,0.002235,74.125.200.0-255,2902,168717,96,312117
4543,0.00224,74.125.200.0-255,5020,173737,96,312117
4544,0.002243,172.31.47.0-255,66,173803,96,312117
4545,0.002246,172.31.47.0-255,66,173869,96,312117
4546,0.004524,74.125.200.0-255,4320,178189,96,312117
4547,0.004528,172.31.47.0-255,66,178255,96,312117
4548,0.004551,74.125.200.0-255,1484,179739,96,312117
4549,0.006828,74.125.200.0-255,4320,184059,96,312117
4550,0.006833,172.31.47.0-255,66,184125,96,312117
4551,0.009144,74.125.200.0-255,5738,189863,96,312117
4552,0.009152,172.31.47.0-255,66,189929,96,312117
4553,0.01149,74.125.200.0-255,5738,195667,96,312117
4554,0.01151,172.31.47.0-255,66,195733,96,312117
4555,0.013831,74.125.200.0-255,5738,201471,96,312117
4556,0.013849,172.31.47.0-255,66,201537,96,312117
4557,0.016203,74.125.200.0-255,5738,207275,96,312117
4558,0.016221,172.31.47.0-255,66,207341,96,312117
4559,0.018528,74.125.200.0-255,5738,213079,96,312117
4560,0.018545,172.31.47.0-255,66,213145,96,312117
4561,0.020848,74.125.200.0-255,5738,218883,96,312117
4562,0.020861,172.31.47.0-255,66,218949,96,312117
4563,0.023162,74.125.200.0-255,5738,224687,96,312117
4564,0.023169,172.31.47.0-255,66,224753,96,312117
4565,0.025457,74.125.200.0-255,4320,229073,96,312117
4566,0.025462,172.31.47.0-255,66,229139,96,312117
4567,0.025489,74.125.200.0-255,1484,230623,96,312117
4568,0.027762,74.125.200.0-255,4320,234943,96,312117
4569,0.02777,172.31.47.0-255,66,235009,96,312117
4570,0.030121,74.125.200.0-255,5738,240747,96,312117
4571,0.030128,172.31.47.0-255,66,240813,96,312117
4572,0.032422,74.125.200.0-255,5738,246551,96,312117
4573,0.032429,172.31.47.0-255,66,246617,96,312117
4574,0.034741,74.125.200.0-255,5738,252355,96,312117
4575,0.034749,172.31.47.0-255,66,252421,96,312117
4576,0.037064,74.125.200.0-255,5738,258159,96,312117
4577,0.037083,172.31.47.0-255,66,258225,96,312117
4578,0.039399,74.125.200.0-255,5738,263963,96,312117
4579,0.039417,172.31.47.0-255,66,264029,96,312117
4580,0.041717,74.125.200.0-255,4320,268349,96,312117
4581,0.041723,172.31.47.0-255,66,268415,96,312117
4582,0.041751,74.125.200.0-255,1484,269899,96,312117
4583,0.042191,172.31.47.0-255,171,270070,96,312117
4584,0.042227,172.31.47.0-255,1125,271195,96,312117
4585,0.042296,172.31.47.0-255,1514,272709,96,312117
4586,0.042298,172.31.47.0-255,1286,273995,96,312117
4587,0.043775,104.244.42.0-255,66,274061,96,312117
4588,0.043784,104.244.42.0-255,66,274127,96,312117
4589,0.043868,104.244.42.0-255,66,274193,96,312117
4590,0.044032,74.125.200.0-255,4320,278513,96,312117
4591,0.044039,172.31.47.0-255,66,278579,96,312117
4592,0.046361,74.125.200.0-255,5738,284317,96,312117
4593,0.046379,172.31.47.0-255,66,284383,96,312117
4594,0.048704,74.125.200.0-255,5738,290121,96,312117
4595,0.048713,172.31.47.0-255,66,290187,96,312117
4596,0.051,74.125.200.0-255,5738,295925,96,312117
4597,0.051004,172.31.47.0-255,66,295991,96,312117
4598,0.053287,74.125.200.0-255,4320,300311,96,312117
4599,0.053293,172.31.47.0-255,66,300377,96,312117
4600,0.053328,74.125.200.0-255,1484,301861,96,312117
4601,0.055573,74.125.200.0-255,4320,306181,96,312117
4602,0.055578,172.31.47.0-255,66,306247,96,312117
4603,0.057856,74.125.200.0-255,1484,307731,96,312117
4604,0.057889,74.125.200.0-255,4320,312051,96,312117
4605,0.057893,172.31.47.0-255,66,312117,96,312117
4606,0.0,172.217.194.0-255,146,146,96,190410
4607,2.2e-05,172.31.47.0-255,66,212,96,190410
4608,2.8e-05,172.217.194.0-255,1484,1696,96,190410
4609,3.2e-05,172.31.47.0-255,66,1762,96,190410
4610,4.2e-05,172.217.194.0-255,2902,4664,96,190410
4611,4.6e-05,172.31.47.0-255,66,4730,96,190410
4612,5.3e-05,172.217.194.0-255,7156,11886,96,190410
4613,5.5e-05,172.31.47.0-255,66,11952,96,190410
4614,8.2e-05,172.217.194.0-255,2103,14055,96,190410
4615,8.8e-05,172.31.47.0-255,66,14121,96,190410
4616,0.000145,172.217.194.0-255,1484,15605,96,190410
4617,0.000147,172.31.47.0-255,66,15671,96,190410
4618,0.000166,172.217.194.0-255,2902,18573,96,190410
4619,0.000168,172.31.47.0-255,66,18639,96,190410
4620,0.000174,172.217.194.0-255,5738,24377,96,190410
4621,0.000175,172.31.47.0-255,66,24443,96,190410
4622,0.000228,172.31.47.0-255,66,24509,96,190410
4623,0.000242,172.31.47.0-255,66,24575,96,190410
4624,0.000274,172.217.194.0-255,5738,30313,96,190410
4625,0.000276,172.31.47.0-255,66,30379,96,190410
4626,0.000304,172.31.47.0-255,66,30445,96,190410
4627,0.000329,172.217.194.0-255,1484,31929,96,190410
4628,0.000331,172.31.47.0-255,66,31995,96,190410
4629,0.000336,172.217.194.0-255,2902,34897,96,190410
4630,0.000338,172.31.47.0-255,66,34963,96,190410
4631,0.000348,172.217.194.0-255,5738,40701,96,190410
4632,0.00035,172.31.47.0-255,66,40767,96,190410
4633,0.000393,172.31.47.0-255,66,40833,96,190410
4634,0.000403,172.31.47.0-255,66,40899,96,190410
4635,0.000436,172.217.194.0-255,2497,43396,96,190410
4636,0.000438,172.31.47.0-255,66,43462,96,190410
4637,0.000468,172.217.194.0-255,1484,44946,96,190410
4638,0.000469,172.31.47.0-255,66,45012,96,190410
4639,0.000472,172.217.194.0-255,1484,46496,96,190410
4640,0.000474,172.31.47.0-255,66,46562,96,190410
4641,0.000508,172.217.194.0-255,1484,48046,96,190410
4642,0.00051,172.31.47.0-255,66,48112,96,190410
4643,0.000516,172.217.194.0-255,5738,53850,96,190410
4644,0.000518,172.31.47.0-255,66,53916,96,190410
4645,0.000534,172.31.47.0-255,66,53982,96,190410
4646,0.000544,172.31.47.0-255,66,54048,96,190410
4647,0.000587,172.217.194.0-255,7156,61204,96,190410
4648,0.000589,172.31.47.0-255,66,61270,96,190410
4649,0.00062,172.31.47.0-255,66,61336,96,190410
4650,0.000624,172.217.194.0-255,2543,63879,96,190410
4651,0.000625,172.31.47.0-255,66,63945,96,190410
4652,0.000643,172.217.194.0-255,2902,66847,96,190410
4653,0.000645,172.31.47.0-255,66,66913,96,190410
4654,0.000651,172.217.194.0-255,1484,68397,96,190410
4655,0.000675,172.217.194.0-255,5738,74135,96,190410
4656,0.000677,172.31.47.0-255,66,74201,96,190410
4657,0.000683,172.217.194.0-255,5738,79939,96,190410
4658,0.000685,172.31.47.0-255,66,80005,96,190410
4659,0.000719,172.31.47.0-255,66,80071,96,190410
4660,0.000745,172.31.47.0-255,66,80137,96,190410
4661,0.000771,172.217.194.0-255,3602,83739,96,190410
4662,0.000773,172.31.47.0-255,66,83805,96,190410
4663,0.000782,172.31.47.0-255,66,83871,96,190410
4664,0.000862,172.31.47.0-255,66,83937,96,190410
4665,0.000895,172.31.47.0-255,66,84003,96,190410
4666,0.000925,172.217.194.0-255,4320,88323,96,190410
4667,0.000928,172.31.47.0-255,66,88389,96,190410
4668,0.000946,172.31.47.0-255,66,88455,96,190410
4669,0.00095,172.217.194.0-255,3602,92057,96,190410
4670,0.000952,172.31.47.0-255,66,92123,96,190410
4671,0.00097,172.217.194.0-255,4320,96443,96,190410
4672,0.000972,172.31.47.0-255,66,96509,96,190410
4673,0.000983,172.217.194.0-255,2543,99052,96,190410
4674,0.000992,172.31.47.0-255,66,99118,96,190410
4675,0.001005,172.217.194.0-255,1484,100602,96,190410
4676,0.001009,172.217.194.0-255,2902,103504,96,190410
4677,0.001017,172.217.194.0-255,5738,109242,96,190410
4678,0.001028,172.31.47.0-255,66,109308,96,190410
4679,0.001046,172.217.194.0-255,7156,116464,96,190410
4680,0.001075,172.217.194.0-255,5738,122202,96,190410
4681,0.001081,172.217.194.0-255,7156,129358,96,190410
4682,0.001087,172.31.47.0-255,66,129424,96,190410
4683,0.001111,172.217.194.0-255,3602,133026,96,190410
4684,0.001117,172.217.194.0-255,4320,137346,96,190410
4685,0.00112,172.217.194.0-255,2902,140248,96,190410
4686,0.001134,172.217.194.0-255,7156,147404,96,190410
4687,0.001149,172.217.194.0-255,1484,148888,96,190410
4688,0.001154,172.31.47.0-255,66,148954,96,190410
4689,0.001203,172.31.47.0-255,66,149020,96,190410
4690,0.00123,172.217.194.0-255,3602,152622,96,190410
4691,0.001257,172.31.47.0-255,66,152688,96,190410
4692,0.001276,172.31.47.0-255,66,152754,96,190410
4693,0.001306,172.217.194.0-255,4320,157074,96,190410
4694,0.001309,172.217.194.0-255,1484,158558,96,190410
4695,0.001318,172.31.47.0-255,66,158624,96,190410
4696,0.001328,172.217.194.0-255,4320,162944,96,190410
4697,0.001371,172.217.194.0-255,7156,170100,96,190410
4698,0.001378,172.31.47.0-255,66,170166,96,190410
4699,0.001388,172.217.194.0-255,4320,174486,96,190410
4700,0.001408,172.217.194.0-255,5738,180224,96,190410
4701,0.001425,172.217.194.0-255,5384,185608,96,190410
4702,0.001428,172.217.194.0-255,97,185705,96,190410
4703,0.001441,172.31.47.0-255,66,185771,96,190410
4704,0.001465,172.217.194.0-255,105,185876,96,190410
4705,0.00438,172.31.47.0-255,66,185942,96,190410
4706,0.004417,172.31.47.0-255,105,186047,96,190410
4707,0.006712,172.217.194.0-255,66,186113,96,190410
4708,0.026401,172.31.47.0-255,172,186285,96,190410
4709,0.026434,172.31.47.0-255,1105,187390,96,190410
4710,0.026494,172.31.47.0-255,1514,188904,96,190410
4711,0.026496,172.31.47.0-255,1308,190212,96,190410
4712,0.027925,104.244.42.0-255,66,190278,96,190410
4713,0.027977,104.244.42.0-255,66,190344,96,190410
4714,0.028014,104.244.42.0-255,66,190410,96,190410
4715,0.0,74.125.200.0-255,153,153,96,222624
4716,3.3e-05,172.31.47.0-255,66,219,96,222624
4717,4e-05,74.125.200.0-255,1484,1703,96,222624
4718,4.5e-05,172.31.47.0-255,66,1769,96,222624
4719,5e-05,74.125.200.0-255,2902,4671,96,222624
4720,6.1e-05,172.31.47.0-255,66,4737,96,222624
4721,6.5e-05,74.125.200.0-255,2902,7639,96,222624
4722,6.8e-05,172.31.47.0-255,66,7705,96,222624
4723,9.5e-05,74.125.200.0-255,1484,9189,96,222624
4724,9.9e-05,172.31.47.0-255,66,9255,96,222624
4725,0.000105,74.125.200.0-255,5011,14266,96,222624
4726,0.000108,172.31.47.0-255,66,14332,96,222624
4727,0.00027,74.125.200.0-255,1484,15816,96,222624
4728,0.000274,172.31.47.0-255,66,15882,96,222624
4729,0.000279,74.125.200.0-255,1484,17366,96,222624
4730,0.000281,172.31.47.0-255,66,17432,96,222624
4731,0.00031,74.125.200.0-255,1484,18916,96,222624
4732,0.000314,172.31.47.0-255,66,18982,96,222624
4733,0.000318,74.125.200.0-255,2902,21884,96,222624
4734,0.000321,172.31.47.0-255,66,21950,96,222624
4735,0.000326,74.125.200.0-255,4320,26270,96,222624
4736,0.000329,172.31.47.0-255,66,26336,96,222624
4737,0.000365,172.31.47.0-255,66,26402,96,222624
4738,0.000398,172.31.47.0-255,66,26468,96,222624
4739,0.000403,74.125.200.0-255,4320,30788,96,222624
4740,0.000406,172.31.47.0-255,66,30854,96,222624
4741,0.000449,172.31.47.0-255,66,30920,96,222624
4742,0.000454,74.125.200.0-255,1484,32404,96,222624
4743,0.000457,172.31.47.0-255,66,32470,96,222624
4744,0.000495,74.125.200.0-255,421,32891,96,222624
4745,0.0005,172.31.47.0-255,66,32957,96,222624
4746,0.00053,74.125.200.0-255,1484,34441,96,222624
4747,0.000544,74.125.200.0-255,2902,37343,96,222624
4748,0.000554,172.31.47.0-255,66,37409,96,222624
4749,0.000559,74.125.200.0-255,4320,41729,96,222624
4750,0.000573,172.31.47.0-255,66,41795,96,222624
4751,0.0006,74.125.200.0-255,7156,48951,96,222624
4752,0.00061,172.31.47.0-255,66,49017,96,222624
4753,0.00062,74.125.200.0-255,1484,50501,96,222624
4754,0.000624,74.125.200.0-255,2902,53403,96,222624
4755,0.000638,172.31.47.0-255,66,53469,96,222624
4756,0.00065,74.125.200.0-255,5738,59207,96,222624
4757,0.00067,172.31.47.0-255,66,59273,96,222624
4758,0.000676,74.125.200.0-255,7156,66429,96,222624
4759,0.000679,74.125.200.0-255,766,67195,96,222624
4760,0.000687,172.31.47.0-255,66,67261,96,222624
4761,0.000892,74.125.200.0-255,354,67615,96,222624
4762,0.001049,74.125.200.0-255,1484,69099,96,222624
4763,0.001053,172.31.47.0-255,66,69165,96,222624
4764,0.001057,74.125.200.0-255,1484,70649,96,222624
4765,0.001076,74.125.200.0-255,1484,72133,96,222624
4766,0.001082,74.125.200.0-255,5738,77871,96,222624
4767,0.001091,172.31.47.0-255,66,77937,96,222624
4768,0.001137,172.31.47.0-255,66,78003,96,222624
4769,0.001193,172.31.47.0-255,66,78069,96,222624
4770,0.001547,74.125.200.0-255,1484,79553,96,222624
4771,0.001557,74.125.200.0-255,2902,82455,96,222624
4772,0.001561,172.31.47.0-255,66,82521,96,222624
4773,0.001592,74.125.200.0-255,5738,88259,96,222624
4774,0.001596,74.125.200.0-255,1484,89743,96,222624
4775,0.001607,74.125.200.0-255,1484,91227,96,222624
4776,0.001659,74.125.200.0-255,4320,95547,96,222624
4777,0.001676,74.125.200.0-255,6438,101985,96,222624
4778,0.010872,172.31.47.0-255,66,102051,96,222624
4779,0.011009,74.125.200.0-255,1484,103535,96,222624
4780,0.013154,74.125.200.0-255,4320,107855,96,222624
4781,0.013163,172.31.47.0-255,66,107921,96,222624
4782,0.01542,74.125.200.0-255,5738,113659,96,222624
4783,0.018237,172.31.47.0-255,66,113725,96,222624
4784,0.020507,74.125.200.0-255,5738,119463,96,222624
4785,0.020518,172.31.47.0-255,66,119529,96,222624
4786,0.022795,74.125.200.0-255,5738,125267,96,222624
4787,0.022815,172.31.47.0-255,66,125333,96,222624
4788,0.025077,74.125.200.0-255,5738,131071,96,222624
4789,0.025084,172.31.47.0-255,66,131137,96,222624
4790,0.027346,74.125.200.0-255,5738,136875,96,222624
4791,0.027352,172.31.47.0-255,66,136941,96,222624
4792,0.029611,74.125.200.0-255,5738,142679,96,222624
4793,0.029623,172.31.47.0-255,66,142745,96,222624
4794,0.031885,74.125.200.0-255,5738,148483,96,222624
4795,0.031897,172.31.47.0-255,66,148549,96,222624
4796,0.034231,74.125.200.0-255,5738,154287,96,222624
4797,0.034244,172.31.47.0-255,66,154353,96,222624
4798,0.036505,74.125.200.0-255,5738,160091,96,222624
4799,0.036513,172.31.47.0-255,66,160157,96,222624
4800,0.038785,74.125.200.0-255,5738,165895,96,222624
4801,0.038802,172.31.47.0-255,66,165961,96,222624
4802,0.039727,172.31.47.0-255,172,166133,96,222624
4803,0.039754,172.31.47.0-255,1101,167234,96,222624
4804,0.039789,172.31.47.0-255,1514,168748,96,222624
4805,0.03979,172.31.47.0-255,1310,170058,96,222624
4806,0.041061,74.125.200.0-255,5738,175796,96,222624
4807,0.041072,172.31.47.0-255,66,175862,96,222624
4808,0.041283,104.244.42.0-255,66,175928,96,222624
4809,0.041423,104.244.42.0-255,66,175994,96,222624
4810,0.04143,104.244.42.0-255,66,176060,96,222624
4811,0.043338,74.125.200.0-255,5738,181798,96,222624
4812,0.043354,172.31.47.0-255,66,181864,96,222624
4813,0.045653,74.125.200.0-255,5738,187602,96,222624
4814,0.045669,172.31.47.0-255,66,187668,96,222624
4815,0.047924,74.125.200.0-255,2902,190570,96,222624
4816,0.047934,172.31.47.0-255,66,190636,96,222624
4817,0.047963,74.125.200.0-255,2902,193538,96,222624
4818,0.047982,172.31.47.0-255,66,193604,96,222624
4819,0.050223,74.125.200.0-255,5738,199342,96,222624
4820,0.050341,172.31.47.0-255,66,199408,96,222624
4821,0.052612,74.125.200.0-255,5738,205146,96,222624
4822,0.052629,172.31.47.0-255,66,205212,96,222624
4823,0.054893,74.125.200.0-255,5738,210950,96,222624
4824,0.054902,172.31.47.0-255,66,211016,96,222624
4825,0.057179,74.125.200.0-255,5738,216754,96,222624
4826,0.057191,172.31.47.0-255,66,216820,96,222624
4827,0.05947,74.125.200.0-255,5738,222558,96,222624
4828,0.059485,172.31.47.0-255,66,222624,96,222624
4829,0.0,74.125.24.0-255,297,297,96,296891
4830,2.3e-05,172.31.47.0-255,66,363,96,296891
4831,2.8e-05,74.125.24.0-255,1484,1847,96,296891
4832,3.1e-05,172.31.47.0-255,66,1913,96,296891
4833,4.4e-05,74.125.24.0-255,4320,6233,96,296891
4834,4.7e-05,172.31.47.0-255,66,6299,96,296891
4835,7.4e-05,74.125.24.0-255,2902,9201,96,296891
4836,7.6e-05,172.31.47.0-255,66,9267,96,296891
4837,9.4e-05,74.125.24.0-255,4848,14115,96,296891
4838,9.6e-05,172.31.47.0-255,66,14181,96,296891
4839,0.000153,74.125.24.0-255,1484,15665,96,296891
4840,0.000156,172.31.47.0-255,66,15731,96,296891
4841,0.000161,74.125.24.0-255,2902,18633,96,296891
4842,0.000163,172.31.47.0-255,66,18699,96,296891
4843,0.000165,74.125.24.0-255,1484,20183,96,296891
4844,0.000167,172.31.47.0-255,66,20249,96,296891
4845,0.000193,74.125.24.0-255,4320,24569,96,296891
4846,0.000199,172.31.47.0-255,66,24635,96,296891
4847,0.000224,172.31.47.0-255,66,24701,96,296891
4848,0.00025,74.125.24.0-255,3961,28662,96,296891
4849,0.000253,172.31.47.0-255,66,28728,96,296891
4850,0.00026,74.125.24.0-255,7156,35884,96,296891
4851,0.000262,172.31.47.0-255,66,35950,96,296891
4852,0.000305,74.125.24.0-255,2543,38493,96,296891
4853,0.000308,172.31.47.0-255,66,38559,96,296891
4854,0.00042,74.125.24.0-255,1484,40043,96,296891
4855,0.000424,172.31.47.0-255,66,40109,96,296891
4856,0.000428,74.125.24.0-255,2902,43011,96,296891
4857,0.00043,172.31.47.0-255,66,43077,96,296891
4858,0.00045,74.125.24.0-255,5738,48815,96,296891
4859,0.000456,172.31.47.0-255,66,48881,96,296891
4860,0.000482,74.125.24.0-255,7090,55971,96,296891
4861,0.000485,172.31.47.0-255,66,56037,96,296891
4862,0.000514,74.125.24.0-255,385,56422,96,296891
4863,0.000568,74.125.24.0-255,1484,57906,96,296891
4864,0.000571,172.31.47.0-255,66,57972,96,296891
4865,0.000574,74.125.24.0-255,1484,59456,96,296891
4866,0.000596,74.125.24.0-255,4320,63776,96,296891
4867,0.000598,172.31.47.0-255,66,63842,96,296891
4868,0.000638,74.125.24.0-255,2902,66744,96,296891
4869,0.000641,172.31.47.0-255,66,66810,96,296891
4870,0.000667,74.125.24.0-255,6797,73607,96,296891
4871,0.00067,172.31.47.0-255,66,73673,96,296891
4872,0.000813,74.125.24.0-255,1484,75157,96,296891
4873,0.000816,74.125.24.0-255,1484,76641,96,296891
4874,0.000819,172.31.47.0-255,66,76707,96,296891
4875,0.000842,74.125.24.0-255,1484,78191,96,296891
4876,0.000847,74.125.24.0-255,5738,83929,96,296891
4877,0.00085,172.31.47.0-255,66,83995,96,296891
4878,0.00089,74.125.24.0-255,4320,88315,96,296891
4879,0.000893,172.31.47.0-255,66,88381,96,296891
4880,0.000912,74.125.24.0-255,2543,90924,96,296891
4881,0.000915,172.31.47.0-255,66,90990,96,296891
4882,0.001705,74.125.24.0-255,1484,92474,96,296891
4883,0.001726,74.125.24.0-255,2902,95376,96,296891
4884,0.00173,172.31.47.0-255,66,95442,96,296891
4885,0.001749,74.125.24.0-255,5738,101180,96,296891
4886,0.001751,172.31.47.0-255,66,101246,96,296891
4887,0.001776,74.125.24.0-255,7156,108402,96,296891
4888,0.001778,172.31.47.0-255,66,108468,96,296891
4889,0.001798,74.125.24.0-255,2902,111370,96,296891
4890,0.001799,172.31.47.0-255,66,111436,96,296891
4891,0.001822,172.31.47.0-255,66,111502,96,296891
4892,0.001843,74.125.24.0-255,1484,112986,96,296891
4893,0.001855,74.125.24.0-255,766,113752,96,296891
4894,0.001856,172.31.47.0-255,66,113818,96,296891
4895,0.001947,74.125.24.0-255,1484,115302,96,296891
4896,0.001963,74.125.24.0-255,2902,118204,96,296891
4897,0.001965,172.31.47.0-255,66,118270,96,296891
4898,0.001987,74.125.24.0-255,5738,124008,96,296891
4899,0.001989,172.31.47.0-255,66,124074,96,296891
4900,0.002009,74.125.24.0-255,2902,126976,96,296891
4901,0.00201,172.31.47.0-255,66,127042,96,296891
4902,0.002042,172.31.47.0-255,66,127108,96,296891
4903,0.002051,172.31.47.0-255,66,127174,96,296891
4904,0.002063,74.125.24.0-255,2184,129358,96,296891
4905,0.002065,172.31.47.0-255,66,129424,96,296891
4906,0.002089,74.125.24.0-255,7156,136580,96,296891
4907,0.002092,172.31.47.0-255,66,136646,96,296891
4908,0.00211,74.125.24.0-255,5738,142384,96,296891
4909,0.002111,172.31.47.0-255,66,142450,96,296891
4910,0.002132,74.125.24.0-255,1484,143934,96,296891
4911,0.002161,74.125.24.0-255,2902,146836,96,296891
4912,0.002187,74.125.24.0-255,2902,149738,96,296891
4913,0.002229,74.125.24.0-255,1484,151222,96,296891
4914,0.002295,74.125.24.0-255,4320,155542,96,296891
4915,0.002331,74.125.24.0-255,5738,161280,96,296891
4916,0.006712,172.31.47.0-255,66,161346,96,296891
4917,0.008997,74.125.24.0-255,5738,167084,96,296891
4918,0.009004,172.31.47.0-255,66,167150,96,296891
4919,0.011289,74.125.24.0-255,5738,172888,96,296891
4920,0.011295,172.31.47.0-255,66,172954,96,296891
4921,0.013579,74.125.24.0-255,5738,178692,96,296891
4922,0.013585,172.31.47.0-255,66,178758,96,296891
4923,0.015893,74.125.24.0-255,5738,184496,96,296891
4924,0.015898,172.31.47.0-255,66,184562,96,296891
4925,0.018194,74.125.24.0-255,5738,190300,96,296891
4926,0.018205,172.31.47.0-255,66,190366,96,296891
4927,0.02048,74.125.24.0-255,5738,196104,96,296891
4928,0.020488,172.31.47.0-255,66,196170,96,296891
4929,0.022778,74.125.24.0-255,5738,201908,96,296891
4930,0.022783,172.31.47.0-255,66,201974,96,296891
4931,0.025082,74.125.24.0-255,5738,207712,96,296891
4932,0.025088,172.31.47.0-255,66,207778,96,296891
4933,0.027386,74.125.24.0-255,5738,213516,96,296891
4934,0.027393,172.31.47.0-255,66,213582,96,296891
4935,0.029672,74.125.24.0-255,5738,219320,96,296891
4936,0.029678,172.31.47.0-255,66,219386,96,296891
4937,0.031978,74.125.24.0-255,5738,225124,96,296891
4938,0.031985,172.31.47.0-255,66,225190,96,296891
4939,0.03394,172.31.47.0-255,172,225362,96,296891
4940,0.033966,172.31.47.0-255,1109,226471,96,296891
4941,0.033997,172.31.47.0-255,1514,227985,96,296891
4942,0.033999,172.31.47.0-255,1302,229287,96,296891
4943,0.034268,74.125.24.0-255,5738,235025,96,296891
4944,0.034274,172.31.47.0-255,66,235091,96,296891
4945,0.035446,104.244.42.0-255,66,235157,96,296891
4946,0.03561,104.244.42.0-255,66,235223,96,296891
4947,0.03566,104.244.42.0-255,66,235289,96,296891
4948,0.036549,74.125.24.0-255,1484,236773,96,296891
4949,0.036572,74.125.24.0-255,4320,241093,96,296891
4950,0.036576,172.31.47.0-255,66,241159,96,296891
4951,0.038847,74.125.24.0-255,5738,246897,96,296891
4952,0.038853,172.31.47.0-255,66,246963,96,296891
4953,0.041111,74.125.24.0-255,5738,252701,96,296891
4954,0.041116,172.31.47.0-255,66,252767,96,296891
4955,0.043385,74.125.24.0-255,5738,258505,96,296891
4956,0.043389,172.31.47.0-255,66,258571,96,296891
4957,0.045656,74.125.24.0-255,5738,264309,96,296891
4958,0.045662,172.31.47.0-255,66,264375,96,296891
4959,0.047936,74.125.24.0-255,2902,267277,96,296891
4960,0.047941,172.31.47.0-255,66,267343,96,296891
4961,0.047966,74.125.24.0-255,2902,270245,96,296891
4962,0.047969,172.31.47.0-255,66,270311,96,296891
4963,0.050208,74.125.24.0-255,2902,273213,96,296891
4964,0.050213,172.31.47.0-255,66,273279,96,296891
4965,0.05024,74.125.24.0-255,2902,276181,96,296891
4966,0.050242,172.31.47.0-255,66,276247,96,296891
4967,0.052484,74.125.24.0-255,2902,279149,96,296891
4968,0.052489,172.31.47.0-255,66,279215,96,296891
4969,0.052518,74.125.24.0-255,2902,282117,96,296891
4970,0.052521,172.31.47.0-255,66,282183,96,296891
4971,0.05479,74.125.24.0-255,4320,286503,96,296891
4972,0.054796,172.31.47.0-255,66,286569,96,296891
4973,0.054823,74.125.24.0-255,1484,288053,96,296891
4974,0.057071,74.125.24.0-255,2902,290955,96,296891
4975,0.057076,172.31.47.0-255,66,291021,96,296891
4976,0.0571,74.125.24.0-255,1484,292505,96,296891
4977,0.059327,74.125.24.0-255,4320,296825,96,296891
4978,0.059332,172.31.47.0-255,66,296891,96,296891
4979,0.0,172.217.194.0-255,153,153,96,245789
4980,2.7e-05,172.31.47.0-255,66,219,96,245789
4981,3.3e-05,172.217.194.0-255,1484,1703,96,245789
4982,3.7e-05,172.31.47.0-255,66,1769,96,245789
4983,4.2e-05,172.217.194.0-255,2902,4671,96,245789
4984,4.4e-05,172.31.47.0-255,66,4737,96,245789
4985,4.8e-05,172.217.194.0-255,4320,9057,96,245789
4986,5.7e-05,172.31.47.0-255,66,9123,96,245789
4987,8.4e-05,172.217.194.0-255,2902,12025,96,245789
4988,8.7e-05,172.31.47.0-255,66,12091,96,245789
4989,9.7e-05,172.31.47.0-255,66,12157,96,245789
4990,0.00016,172.31.47.0-255,66,12223,96,245789
4991,0.000186,172.217.194.0-255,1484,13707,96,245789
4992,0.000188,172.31.47.0-255,66,13773,96,245789
4993,0.000193,172.217.194.0-255,2902,16675,96,245789
4994,0.000194,172.31.47.0-255,66,16741,96,245789
4995,0.000197,172.217.194.0-255,1484,18225,96,245789
4996,0.000199,172.31.47.0-255,66,18291,96,245789
4997,0.000227,172.217.194.0-255,4320,22611,96,245789
4998,0.000229,172.31.47.0-255,66,22677,96,245789
4999,0.000232,172.217.194.0-255,1484,24161,96,245789
5000,0.000233,172.31.47.0-255,66,24227,96,245789
5001,0.000265,172.217.194.0-255,5379,29606,96,245789
5002,0.000268,172.31.47.0-255,66,29672,96,245789
5003,0.000574,172.217.194.0-255,1484,31156,96,245789
5004,0.000578,172.31.47.0-255,66,31222,96,245789
5005,0.000584,172.217.194.0-255,2902,34124,96,245789
5006,0.000585,172.31.47.0-255,66,34190,96,245789
5007,0.000591,172.217.194.0-255,5738,39928,96,245789
5008,0.000597,172.31.47.0-255,66,39994,96,245789
5009,0.000623,172.217.194.0-255,2902,42896,96,245789
5010,0.000626,172.31.47.0-255,66,42962,96,245789
5011,0.000655,172.31.47.0-255,66,43028,96,245789
5012,0.000681,172.217.194.0-255,5738,48766,96,245789
5013,0.000684,172.31.47.0-255,66,48832,96,245789
5014,0.000714,172.31.47.0-255,66,48898,96,245789
5015,0.000727,172.31.47.0-255,66,48964,96,245789
5016,0.000729,172.217.194.0-255,1125,50089,96,245789
5017,0.000924,172.31.47.0-255,66,50155,96,245789
5018,0.001279,172.217.194.0-255,1484,51639,96,245789
5019,0.001296,172.217.194.0-255,2902,54541,96,245789
5020,0.0013,172.31.47.0-255,66,54607,96,245789
5021,0.001307,172.217.194.0-255,5738,60345,96,245789
5022,0.001308,172.31.47.0-255,66,60411,96,245789
5023,0.001343,172.31.47.0-255,66,60477,96,245789
5024,0.001366,172.217.194.0-255,2902,63379,96,245789
5025,0.001368,172.31.47.0-255,66,63445,96,245789
5026,0.001401,172.217.194.0-255,4320,67765,96,245789
5027,0.001404,172.31.47.0-255,66,67831,96,245789
5028,0.001417,172.217.194.0-255,6438,74269,96,245789
5029,0.001423,172.31.47.0-255,66,74335,96,245789
5030,0.00149,172.217.194.0-255,1484,75819,96,245789
5031,0.001504,172.217.194.0-255,2902,78721,96,245789
5032,0.001506,172.31.47.0-255,66,78787,96,245789
5033,0.001511,172.217.194.0-255,4320,83107,96,245789
5034,0.001513,172.31.47.0-255,66,83173,96,245789
5035,0.001537,172.217.194.0-255,1484,84657,96,245789
5036,0.001546,172.31.47.0-255,66,84723,96,245789
5037,0.001568,172.217.194.0-255,4320,89043,96,245789
5038,0.00157,172.31.47.0-255,66,89109,96,245789
5039,0.001593,172.217.194.0-255,4320,93429,96,245789
5040,0.001595,172.31.47.0-255,66,93495,96,245789
5041,0.00162,172.217.194.0-255,6438,99933,96,245789
5042,0.001622,172.31.47.0-255,66,99999,96,245789
5043,0.003927,172.217.194.0-255,5738,105737,96,245789
5044,0.003931,172.31.47.0-255,66,105803,96,245789
5045,0.006243,172.217.194.0-255,5738,111541,96,245789
5046,0.006248,172.31.47.0-255,66,111607,96,245789
5047,0.008546,172.217.194.0-255,5738,117345,96,245789
5048,0.008552,172.31.47.0-255,66,117411,96,245789
5049,0.010898,172.217.194.0-255,5738,123149,96,245789
5050,0.010904,172.31.47.0-255,66,123215,96,245789
5051,0.01323,172.217.194.0-255,5738,128953,96,245789
5052,0.013239,172.31.47.0-255,66,129019,96,245789
5053,0.015598,172.217.194.0-255,5738,134757,96,245789
5054,0.015603,172.31.47.0-255,66,134823,96,245789
5055,0.017934,172.217.194.0-255,5738,140561,96,245789
5056,0.01794,172.31.47.0-255,66,140627,96,245789
5057,0.019687,172.31.47.0-255,172,140799,96,245789
5058,0.019735,172.31.47.0-255,1109,141908,96,245789
5059,0.019799,172.31.47.0-255,1514,143422,96,245789
5060,0.0198,172.31.47.0-255,335,143757,96,245789
5061,0.02028,172.217.194.0-255,5738,149495,96,245789
5062,0.020285,172.31.47.0-255,66,149561,96,245789
5063,0.021212,104.244.42.0-255,66,149627,96,245789
5064,0.021267,104.244.42.0-255,66,149693,96,245789
5065,0.021373,104.244.42.0-255,66,149759,96,245789
5066,0.022601,172.217.194.0-255,1484,151243,96,245789
5067,0.022629,172.217.194.0-255,4320,155563,96,245789
5068,0.022633,172.31.47.0-255,66,155629,96,245789
5069,0.024957,172.217.194.0-255,5738,161367,96,245789
5070,0.024962,172.31.47.0-255,66,161433,96,245789
5071,0.027295,172.217.194.0-255,5738,167171,96,245789
5072,0.027301,172.31.47.0-255,66,167237,96,245789
5073,0.029607,172.217.194.0-255,5738,172975,96,245789
5074,0.029613,172.31.47.0-255,66,173041,96,245789
5075,0.031935,172.217.194.0-255,5738,178779,96,245789
5076,0.03194,172.31.47.0-255,66,178845,96,245789
5077,0.034268,172.217.194.0-255,5738,184583,96,245789
5078,0.034274,172.31.47.0-255,66,184649,96,245789
5079,0.036572,172.217.194.0-255,5738,190387,96,245789
5080,0.036577,172.31.47.0-255,66,190453,96,245789
5081,0.038893,172.217.194.0-255,5738,196191,96,245789
5082,0.038897,172.31.47.0-255,66,196257,96,245789
5083,0.041219,172.217.194.0-255,4320,200577,96,245789
5084,0.041224,172.31.47.0-255,66,200643,96,245789
5085,0.041249,172.217.194.0-255,1484,202127,96,245789
5086,0.043529,172.217.194.0-255,4320,206447,96,245789
5087,0.043534,172.31.47.0-255,66,206513,96,245789
5088,0.045859,172.217.194.0-255,5738,212251,96,245789
5089,0.045863,172.31.47.0-255,66,212317,96,245789
5090,0.048202,172.217.194.0-255,5738,218055,96,245789
5091,0.048206,172.31.47.0-255,66,218121,96,245789
5092,0.050521,172.217.194.0-255,5738,223859,96,245789
5093,0.050525,172.31.47.0-255,66,223925,96,245789
5094,0.052833,172.217.194.0-255,5738,229663,96,245789
5095,0.052837,172.31.47.0-255,66,229729,96,245789
5096,0.055147,172.217.194.0-255,5738,235467,96,245789
5097,0.055151,172.31.47.0-255,66,235533,96,245789
5098,0.05746,172.217.194.0-255,4320,239853,96,245789
5099,0.057464,172.31.47.0-255,66,239919,96,245789
5100,0.057494,172.217.194.0-255,1484,241403,96,245789
5101,0.059767,172.217.194.0-255,4320,245723,96,245789
5102,0.059772,172.31.47.0-255,66,245789,96,245789
5103,0.0,74.125.68.0-255,153,153,96,271561
5104,3e-05,172.31.47.0-255,66,219,96,271561
5105,3.6e-05,74.125.68.0-255,1484,1703,96,271561
5106,3.9e-05,172.31.47.0-255,66,1769,96,271561
5107,5.9e-05,74.125.68.0-255,2902,4671,96,271561
5108,6.6e-05,172.31.47.0-255,66,4737,96,271561
5109,7.2e-05,74.125.68.0-255,5738,10475,96,271561
5110,7.4e-05,172.31.47.0-255,66,10541,96,271561
5111,0.000109,74.125.68.0-255,3590,14131,96,271561
5112,0.000113,172.31.47.0-255,66,14197,96,271561
5113,0.000178,74.125.68.0-255,1484,15681,96,271561
5114,0.000182,172.31.47.0-255,66,15747,96,271561
5115,0.00021,74.125.68.0-255,2902,18649,96,271561
5116,0.000212,172.31.47.0-255,66,18715,96,271561
5117,0.000218,74.125.68.0-255,4320,23035,96,271561
5118,0.00022,172.31.47.0-255,66,23101,96,271561
5119,0.000263,172.31.47.0-255,66,23167,96,271561
5120,0.000317,172.31.47.0-255,66,23233,96,271561
5121,0.000344,74.125.68.0-255,2902,26135,96,271561
5122,0.000346,172.31.47.0-255,66,26201,96,271561
5123,0.000374,74.125.68.0-255,5379,31580,96,271561
5124,0.000377,172.31.47.0-255,66,31646,96,271561
5125,0.000696,74.125.68.0-255,1484,33130,96,271561
5126,0.000701,172.31.47.0-255,66,33196,96,271561
5127,0.000709,74.125.68.0-255,2902,36098,96,271561
5128,0.000712,172.31.47.0-255,66,36164,96,271561
5129,0.00074,74.125.68.0-255,5738,41902,96,271561
5130,0.000744,172.31.47.0-255,66,41968,96,271561
5131,0.000747,74.125.68.0-255,1484,43452,96,271561
5132,0.000749,172.31.47.0-255,66,43518,96,271561
5133,0.000771,74.125.68.0-255,1484,45002,96,271561
5134,0.000774,172.31.47.0-255,66,45068,96,271561
5135,0.000777,74.125.68.0-255,1484,46552,96,271561
5136,0.000805,74.125.68.0-255,2543,49095,96,271561
5137,0.000808,74.125.68.0-255,646,49741,96,271561
5138,0.00091,74.125.68.0-255,1484,51225,96,271561
5139,0.000916,74.125.68.0-255,2902,54127,96,271561
5140,0.000945,74.125.68.0-255,5738,59865,96,271561
5141,0.000959,74.125.68.0-255,1484,61349,96,271561
5142,0.000975,74.125.68.0-255,2902,64251,96,271561
5143,0.000994,74.125.68.0-255,2902,67153,96,271561
5144,0.001006,74.125.68.0-255,2543,69696,96,271561
5145,0.001009,74.125.68.0-255,1484,71180,96,271561
5146,0.001026,74.125.68.0-255,4320,75500,96,271561
5147,0.001344,172.31.47.0-255,66,75566,96,271561
5148,0.001372,74.125.68.0-255,1484,77050,96,271561
5149,0.001377,74.125.68.0-255,2902,79952,96,271561
5150,0.001382,74.125.68.0-255,2902,82854,96,271561
5151,0.001393,74.125.68.0-255,2902,85756,96,271561
5152,0.001395,74.125.68.0-255,1484,87240,96,271561
5153,0.001412,74.125.68.0-255,2902,90142,96,271561
5154,0.001419,172.31.47.0-255,66,90208,96,271561
5155,0.001445,74.125.68.0-255,5738,95946,96,271561
5156,0.001449,74.125.68.0-255,1484,97430,96,271561
5157,0.001461,74.125.68.0-255,1484,98914,96,271561
5158,0.001464,74.125.68.0-255,1484,100398,96,271561
5159,0.001472,172.31.47.0-255,66,100464,96,271561
5160,0.001483,74.125.68.0-255,2902,103366,96,271561
5161,0.001497,172.31.47.0-255,66,103432,96,271561
5162,0.001522,74.125.68.0-255,5738,109170,96,271561
5163,0.001531,74.125.68.0-255,766,109936,96,271561
5164,0.00154,172.31.47.0-255,66,110002,96,271561
5165,0.003611,74.125.68.0-255,4320,114322,96,271561
5166,0.003621,172.31.47.0-255,66,114388,96,271561
5167,0.003646,74.125.68.0-255,1484,115872,96,271561
5168,0.005681,74.125.68.0-255,4320,120192,96,271561
5169,0.00642,172.31.47.0-255,66,120258,96,271561
5170,0.008503,74.125.68.0-255,5738,125996,96,271561
5171,0.008513,172.31.47.0-255,66,126062,96,271561
5172,0.010582,74.125.68.0-255,5738,131800,96,271561
5173,0.010592,172.31.47.0-255,66,131866,96,271561
5174,0.012667,74.125.68.0-255,5738,137604,96,271561
5175,0.012693,172.31.47.0-255,66,137670,96,271561
5176,0.014778,74.125.68.0-255,5738,143408,96,271561
5177,0.014786,172.31.47.0-255,66,143474,96,271561
5178,0.016882,74.125.68.0-255,5738,149212,96,271561
5179,0.016888,172.31.47.0-255,66,149278,96,271561
5180,0.018963,74.125.68.0-255,5738,155016,96,271561
5181,0.018971,172.31.47.0-255,66,155082,96,271561
5182,0.021039,74.125.68.0-255,5738,160820,96,271561
5183,0.021047,172.31.47.0-255,66,160886,96,271561
5184,0.022099,172.31.47.0-255,172,161058,96,271561
5185,0.02213,172.31.47.0-255,1109,162167,96,271561
5186,0.022181,172.31.47.0-255,1514,163681,96,271561
5187,0.022182,172.31.47.0-255,1514,165195,96,271561
5188,0.022183,172.31.47.0-255,1514,166709,96,271561
5189,0.022184,172.31.47.0-255,116,166825,96,271561
5190,0.023117,74.125.68.0-255,5738,172563,96,271561
5191,0.023123,172.31.47.0-255,66,172629,96,271561
5192,0.023682,104.244.42.0-255,66,172695,96,271561
5193,0.023707,104.244.42.0-255,66,172761,96,271561
5194,0.023775,104.244.42.0-255,66,172827,96,271561
5195,0.023779,104.244.42.0-255,66,172893,96,271561
5196,0.025193,74.125.68.0-255,5738,178631,96,271561
5197,0.025199,172.31.47.0-255,66,178697,96,271561
5198,0.027258,74.125.68.0-255,5738,184435,96,271561
5199,0.027264,172.31.47.0-255,66,184501,96,271561
5200,0.029339,74.125.68.0-255,5738,190239,96,271561
5201,0.029347,172.31.47.0-255,66,190305,96,271561
5202,0.031415,74.125.68.0-255,5738,196043,96,271561
5203,0.031422,172.31.47.0-255,66,196109,96,271561
5204,0.033497,74.125.68.0-255,5738,201847,96,271561
5205,0.033504,172.31.47.0-255,66,201913,96,271561
5206,0.035574,74.125.68.0-255,5738,207651,96,271561
5207,0.03558,172.31.47.0-255,66,207717,96,271561
5208,0.037647,74.125.68.0-255,5738,213455,96,271561
5209,0.037653,172.31.47.0-255,66,213521,96,271561
5210,0.039726,74.125.68.0-255,5738,219259,96,271561
5211,0.039733,172.31.47.0-255,66,219325,96,271561
5212,0.04179,74.125.68.0-255,5738,225063,96,271561
5213,0.041797,172.31.47.0-255,66,225129,96,271561
5214,0.043875,74.125.68.0-255,5738,230867,96,271561
5215,0.04388,172.31.47.0-255,66,230933,96,271561
5216,0.045958,74.125.68.0-255,5738,236671,96,271561
5217,0.045964,172.31.47.0-255,66,236737,96,271561
5218,0.048076,74.125.68.0-255,5738,242475,96,271561
5219,0.048082,172.31.47.0-255,66,242541,96,271561
5220,0.050147,74.125.68.0-255,5738,248279,96,271561
5221,0.050153,172.31.47.0-255,66,248345,96,271561
5222,0.052224,74.125.68.0-255,5738,254083,96,271561
5223,0.052229,172.31.47.0-255,66,254149,96,271561
5224,0.054299,74.125.68.0-255,5738,259887,96,271561
5225,0.054305,172.31.47.0-255,66,259953,96,271561
5226,0.056377,74.125.68.0-255,5738,265691,96,271561
5227,0.056383,172.31.47.0-255,66,265757,96,271561
5228,0.058449,74.125.68.0-255,5738,271495,96,271561
5229,0.058454,172.31.47.0-255,66,271561,96,271561
5230,0.0,172.31.47.0-255,66,66,96,66
5231,0.0,172.31.47.0-255,105,105,96,276
5232,0.001771,157.240.7.0-255,105,210,96,276
5233,0.001783,172.31.47.0-255,66,276,96,276
5234,0.0,172.31.47.0-255,66,66,96,66
5235,0.0,172.31.47.0-255,105,105,96,276
5236,0.001765,157.240.13.0-255,105,210,96,276
5237,0.001779,172.31.47.0-255,66,276,96,276
5238,0.0,172.217.194.0-255,153,153,96,276472
5239,2.7e-05,172.31.47.0-255,66,219,96,276472
5240,3.3e-05,172.217.194.0-255,1484,1703,96,276472
5241,3.8e-05,172.31.47.0-255,66,1769,96,276472
5242,4.3e-05,172.217.194.0-255,2902,4671,96,276472
5243,4.6e-05,172.31.47.0-255,66,4737,96,276472
5244,5.2e-05,172.217.194.0-255,7156,11893,96,276472
5245,5.4e-05,172.31.47.0-255,66,11959,96,276472
5246,6.3e-05,172.217.194.0-255,2219,14178,96,276472
5247,6.6e-05,172.31.47.0-255,66,14244,96,276472
5248,0.000107,172.31.47.0-255,66,14310,96,276472
5249,0.000111,172.217.194.0-255,4320,18630,96,276472
5250,0.000113,172.31.47.0-255,66,18696,96,276472
5251,0.00013,172.217.194.0-255,1125,19821,96,276472
5252,0.000133,172.31.47.0-255,66,19887,96,276472
5253,0.000164,172.217.194.0-255,1484,21371,96,276472
5254,0.000166,172.31.47.0-255,66,21437,96,276472
5255,0.000169,172.217.194.0-255,1484,22921,96,276472
5256,0.000171,172.31.47.0-255,66,22987,96,276472
5257,0.0002,172.217.194.0-255,1484,24471,96,276472
5258,0.000203,172.31.47.0-255,66,24537,96,276472
5259,0.000209,172.217.194.0-255,5738,30275,96,276472
5260,0.000211,172.31.47.0-255,66,30341,96,276472
5261,0.000227,172.31.47.0-255,66,30407,96,276472
5262,0.00026,172.217.194.0-255,4320,34727,96,276472
5263,0.000263,172.31.47.0-255,66,34793,96,276472
5264,0.000285,172.217.194.0-255,4320,39113,96,276472
5265,0.000288,172.31.47.0-255,66,39179,96,276472
5266,0.000296,172.217.194.0-255,2184,41363,96,276472
5267,0.000298,172.31.47.0-255,66,41429,96,276472
5268,0.0003,172.217.194.0-255,377,41806,96,276472
5269,0.000343,172.217.194.0-255,100,41906,96,276472
5270,0.000513,172.217.194.0-255,1484,43390,96,276472
5271,0.000518,172.31.47.0-255,66,43456,96,276472
5272,0.000521,172.217.194.0-255,1484,44940,96,276472
5273,0.000539,172.217.194.0-255,1484,46424,96,276472
5274,0.000542,172.31.47.0-255,66,46490,96,276472
5275,0.000548,172.217.194.0-255,5738,52228,96,276472
5276,0.00055,172.31.47.0-255,66,52294,96,276472
5277,0.000555,172.217.194.0-255,5738,58032,96,276472
5278,0.000557,172.31.47.0-255,66,58098,96,276472
5279,0.000594,172.217.194.0-255,7156,65254,96,276472
5280,0.000596,172.31.47.0-255,66,65320,96,276472
5281,0.000606,172.31.47.0-255,66,65386,96,276472
5282,0.000609,172.217.194.0-255,2184,67570,96,276472
5283,0.000612,172.31.47.0-255,66,67636,96,276472
5284,0.000663,172.217.194.0-255,1484,69120,96,276472
5285,0.000668,172.217.194.0-255,2902,72022,96,276472
5286,0.00067,172.31.47.0-255,66,72088,96,276472
5287,0.000701,172.217.194.0-255,2902,74990,96,276472
5288,0.000703,172.31.47.0-255,66,75056,96,276472
5289,0.00072,172.217.194.0-255,2902,77958,96,276472
5290,0.000723,172.31.47.0-255,66,78024,96,276472
5291,0.000726,172.217.194.0-255,1484,79508,96,276472
5292,0.000743,172.217.194.0-255,5738,85246,96,276472
5293,0.000745,172.31.47.0-255,66,85312,96,276472
5294,0.00075,172.217.194.0-255,4320,89632,96,276472
5295,0.000752,172.31.47.0-255,66,89698,96,276472
5296,0.000782,172.217.194.0-255,4320,94018,96,276472
5297,0.000785,172.31.47.0-255,66,94084,96,276472
5298,0.000794,172.31.47.0-255,66,94150,96,276472
5299,0.000823,172.217.194.0-255,1484,95634,96,276472
5300,0.000841,172.217.194.0-255,2902,98536,96,276472
5301,0.000844,172.31.47.0-255,66,98602,96,276472
5302,0.000847,172.217.194.0-255,1484,100086,96,276472
5303,0.000873,172.217.194.0-255,4320,104406,96,276472
5304,0.000876,172.31.47.0-255,66,104472,96,276472
5305,0.000907,172.217.194.0-255,1484,105956,96,276472
5306,0.000909,172.31.47.0-255,66,106022,96,276472
5307,0.000918,172.217.194.0-255,2902,108924,96,276472
5308,0.00092,172.31.47.0-255,66,108990,96,276472
5309,0.00095,172.217.194.0-255,5738,114728,96,276472
5310,0.000953,172.31.47.0-255,66,114794,96,276472
5311,0.000958,172.217.194.0-255,5020,119814,96,276472
5312,0.00096,172.31.47.0-255,66,119880,96,276472
5313,0.000963,172.217.194.0-255,1484,121364,96,276472
5314,0.000965,172.217.194.0-255,1484,122848,96,276472
5315,0.000968,172.31.47.0-255,66,122914,96,276472
5316,0.000997,172.217.194.0-255,1484,124398,96,276472
5317,0.001003,172.217.194.0-255,5738,130136,96,276472
5318,0.001006,172.31.47.0-255,66,130202,96,276472
5319,0.001016,172.31.47.0-255,66,130268,96,276472
5320,0.001046,172.217.194.0-255,4320,134588,96,276472
5321,0.001049,172.31.47.0-255,66,134654,96,276472
5322,0.001059,172.31.47.0-255,66,134720,96,276472
5323,0.001066,172.217.194.0-255,1063,135783,96,276472
5324,0.00124,172.217.194.0-255,1484,137267,96,276472
5325,0.001244,172.31.47.0-255,66,137333,96,276472
5326,0.001265,172.217.194.0-255,2902,140235,96,276472
5327,0.001268,172.31.47.0-255,66,140301,96,276472
5328,0.001291,172.217.194.0-255,5738,146039,96,276472
5329,0.001294,172.31.47.0-255,66,146105,96,276472
5330,0.001298,172.217.194.0-255,4320,150425,96,276472
5331,0.0013,172.31.47.0-255,66,150491,96,276472
5332,0.001302,172.217.194.0-255,1484,151975,96,276472
5333,0.001337,172.31.47.0-255,66,152041,96,276472
5334,0.001342,172.217.194.0-255,5738,157779,96,276472
5335,0.001344,172.31.47.0-255,66,157845,96,276472
5336,0.001364,172.217.194.0-255,2184,160029,96,276472
5337,0.001367,172.31.47.0-255,66,160095,96,276472
5338,0.001478,172.217.194.0-255,1484,161579,96,276472
5339,0.001482,172.217.194.0-255,2902,164481,96,276472
5340,0.001486,172.31.47.0-255,66,164547,96,276472
5341,0.001537,172.217.194.0-255,5738,170285,96,276472
5342,0.00154,172.31.47.0-255,66,170351,96,276472
5343,0.001564,172.31.47.0-255,66,170417,96,276472
5344,0.001569,172.217.194.0-255,4320,174737,96,276472
5345,0.001571,172.31.47.0-255,66,174803,96,276472
5346,0.001611,172.217.194.0-255,5738,180541,96,276472
5347,0.001615,172.31.47.0-255,66,180607,96,276472
5348,0.001625,172.217.194.0-255,766,181373,96,276472
5349,0.001641,172.217.194.0-255,2902,184275,96,276472
5350,0.001643,172.31.47.0-255,66,184341,96,276472
5351,0.001671,172.217.194.0-255,4320,188661,96,276472
5352,0.001674,172.31.47.0-255,66,188727,96,276472
5353,0.001677,172.217.194.0-255,1484,190211,96,276472
5354,0.001691,172.31.47.0-255,66,190277,96,276472
5355,0.001693,172.217.194.0-255,1484,191761,96,276472
5356,0.001707,172.217.194.0-255,5738,197499,96,276472
5357,0.001709,172.31.47.0-255,66,197565,96,276472
5358,0.001736,172.217.194.0-255,5738,203303,96,276472
5359,0.001739,172.31.47.0-255,66,203369,96,276472
5360,0.001743,172.217.194.0-255,2184,205553,96,276472
5361,0.001745,172.31.47.0-255,66,205619,96,276472
5362,0.001809,172.217.194.0-255,1484,207103,96,276472
5363,0.001823,172.217.194.0-255,2902,210005,96,276472
5364,0.001826,172.31.47.0-255,66,210071,96,276472
5365,0.001841,172.217.194.0-255,5738,215809,96,276472
5366,0.001847,172.31.47.0-255,66,215875,96,276472
5367,0.00185,172.217.194.0-255,1484,217359,96,276472
5368,0.001855,172.217.194.0-255,4320,221679,96,276472
5369,0.001857,172.31.47.0-255,66,221745,96,276472
5370,0.001874,172.217.194.0-255,4320,226065,96,276472
5371,0.001878,172.31.47.0-255,66,226131,96,276472
5372,0.001888,172.217.194.0-255,2902,229033,96,276472
5373,0.00189,172.31.47.0-255,66,229099,96,276472
5374,0.001926,172.31.47.0-255,66,229165,96,276472
5375,0.001947,172.217.194.0-255,1484,230649,96,276472
5376,0.001964,172.217.194.0-255,2902,233551,96,276472
5377,0.001967,172.31.47.0-255,66,233617,96,276472
5378,0.001971,172.217.194.0-255,2902,236519,96,276472
5379,0.001973,172.31.47.0-255,66,236585,96,276472
5380,0.001989,172.217.194.0-255,2902,239487,96,276472
5381,0.001992,172.31.47.0-255,66,239553,96,276472
5382,0.001998,172.217.194.0-255,5738,245291,96,276472
5383,0.002,172.31.47.0-255,66,245357,96,276472
5384,0.00202,172.217.194.0-255,5738,251095,96,276472
5385,0.002022,172.31.47.0-255,66,251161,96,276472
5386,0.002038,172.31.47.0-255,66,251227,96,276472
5387,0.002186,172.217.194.0-255,1484,252711,96,276472
5388,0.002201,172.217.194.0-255,2902,255613,96,276472
5389,0.002205,172.31.47.0-255,66,255679,96,276472
5390,0.002225,172.217.194.0-255,5738,261417,96,276472
5391,0.002227,172.31.47.0-255,66,261483,96,276472
5392,0.002263,172.31.47.0-255,66,261549,96,276472
5393,0.002269,172.217.194.0-255,7156,268705,96,276472
5394,0.002271,172.31.47.0-255,66,268771,96,276472
5395,0.002304,172.217.194.0-255,2902,271673,96,276472
5396,0.002307,172.31.47.0-255,66,271739,96,276472
5397,0.002348,172.31.47.0-255,66,271805,96,276472
5398,0.004592,172.217.194.0-255,136,271941,96,276472
5399,0.004674,172.31.47.0-255,66,272007,96,276472
5400,0.004705,172.31.47.0-255,105,272112,96,276472
5401,0.006974,172.217.194.0-255,66,272178,96,276472
5402,0.027616,172.31.47.0-255,171,272349,96,276472
5403,0.027665,172.31.47.0-255,1129,273478,96,276472
5404,0.027727,172.31.47.0-255,1514,274992,96,276472
5405,0.02775,172.31.47.0-255,1282,276274,96,276472
5406,0.029168,104.244.42.0-255,66,276340,96,276472
5407,0.029245,104.244.42.0-255,66,276406,96,276472
5408,0.029335,104.244.42.0-255,66,276472,96,276472
5409,0.0,172.31.47.0-255,105,105,96,459
5410,0.00029,172.31.47.0-255,90,195,96,459
5411,0.000299,172.31.47.0-255,66,261,96,459
5412,0.00295,74.125.24.0-255,66,327,96,459
5413,0.002982,74.125.24.0-255,66,393,96,459
5414,0.003005,172.31.47.0-255,66,459,96,459
5415,0.0,172.217.194.0-255,153,153,96,332230
5416,3e-05,172.31.47.0-255,66,219,96,332230
5417,3.7e-05,172.217.194.0-255,1484,1703,96,332230
5418,4.1e-05,172.31.47.0-255,66,1769,96,332230
5419,4.6e-05,172.217.194.0-255,2902,4671,96,332230
5420,4.8e-05,172.31.47.0-255,66,4737,96,332230
5421,5.2e-05,172.217.194.0-255,2902,7639,96,332230
5422,5.4e-05,172.31.47.0-255,66,7705,96,332230
5423,7.3e-05,172.217.194.0-255,1484,9189,96,332230
5424,7.5e-05,172.31.47.0-255,66,9255,96,332230
5425,8.9e-05,172.31.47.0-255,66,9321,96,332230
5426,0.000106,172.217.194.0-255,4320,13641,96,332230
5427,0.000109,172.31.47.0-255,66,13707,96,332230
5428,0.000144,172.31.47.0-255,66,13773,96,332230
5429,0.000168,172.217.194.0-255,1484,15257,96,332230
5430,0.00017,172.31.47.0-255,66,15323,96,332230
5431,0.000188,172.217.194.0-255,1484,16807,96,332230
5432,0.00019,172.31.47.0-255,66,16873,96,332230
5433,0.000209,172.217.194.0-255,1484,18357,96,332230
5434,0.000211,172.31.47.0-255,66,18423,96,332230
5435,0.000216,172.217.194.0-255,4320,22743,96,332230
5436,0.000219,172.31.47.0-255,66,22809,96,332230
5437,0.000224,172.217.194.0-255,4320,27129,96,332230
5438,0.000227,172.31.47.0-255,66,27195,96,332230
5439,0.000249,172.217.194.0-255,4320,31515,96,332230
5440,0.000252,172.31.47.0-255,66,31581,96,332230
5441,0.000255,172.217.194.0-255,1484,33065,96,332230
5442,0.000257,172.31.47.0-255,66,33131,96,332230
5443,0.000273,172.217.194.0-255,5738,38869,96,332230
5444,0.000278,172.31.47.0-255,66,38935,96,332230
5445,0.000287,172.217.194.0-255,7156,46091,96,332230
5446,0.000289,172.31.47.0-255,66,46157,96,332230
5447,0.000313,172.217.194.0-255,2495,48652,96,332230
5448,0.000315,172.31.47.0-255,66,48718,96,332230
5449,0.000766,172.217.194.0-255,1484,50202,96,332230
5450,0.000782,172.217.194.0-255,2902,53104,96,332230
5451,0.000786,172.31.47.0-255,66,53170,96,332230
5452,0.00079,172.217.194.0-255,2902,56072,96,332230
5453,0.000793,172.31.47.0-255,66,56138,96,332230
5454,0.000806,172.217.194.0-255,2902,59040,96,332230
5455,0.000808,172.31.47.0-255,66,59106,96,332230
5456,0.000848,172.217.194.0-255,7156,66262,96,332230
5457,0.000852,172.31.47.0-255,66,66328,96,332230
5458,0.00087,172.217.194.0-255,1484,67812,96,332230
5459,0.000881,172.31.47.0-255,66,67878,96,332230
5460,0.000886,172.217.194.0-255,4740,72618,96,332230
5461,0.000889,172.31.47.0-255,66,72684,96,332230
5462,0.000929,172.217.194.0-255,2902,75586,96,332230
5463,0.000933,172.31.47.0-255,66,75652,96,332230
5464,0.000958,172.31.47.0-255,66,75718,96,332230
5465,0.000961,172.217.194.0-255,1484,77202,96,332230
5466,0.000979,172.217.194.0-255,1484,78686,96,332230
5467,0.000982,172.31.47.0-255,66,78752,96,332230
5468,0.001007,172.31.47.0-255,66,78818,96,332230
5469,0.00103,172.217.194.0-255,3602,82420,96,332230
5470,0.001034,172.31.47.0-255,66,82486,96,332230
5471,0.001207,172.217.194.0-255,1484,83970,96,332230
5472,0.001211,172.217.194.0-255,2902,86872,96,332230
5473,0.001214,172.31.47.0-255,66,86938,96,332230
5474,0.001229,172.217.194.0-255,2902,89840,96,332230
5475,0.001231,172.31.47.0-255,66,89906,96,332230
5476,0.001244,172.217.194.0-255,2902,92808,96,332230
5477,0.001246,172.31.47.0-255,66,92874,96,332230
5478,0.00125,172.217.194.0-255,4320,97194,96,332230
5479,0.001252,172.31.47.0-255,66,97260,96,332230
5480,0.001255,172.217.194.0-255,2902,100162,96,332230
5481,0.001258,172.31.47.0-255,66,100228,96,332230
5482,0.001287,172.31.47.0-255,66,100294,96,332230
5483,0.001291,172.217.194.0-255,2902,103196,96,332230
5484,0.001293,172.31.47.0-255,66,103262,96,332230
5485,0.001309,172.217.194.0-255,5020,108282,96,332230
5486,0.001311,172.31.47.0-255,66,108348,96,332230
5487,0.001404,172.217.194.0-255,1484,109832,96,332230
5488,0.001407,172.217.194.0-255,1484,111316,96,332230
5489,0.00141,172.31.47.0-255,66,111382,96,332230
5490,0.001423,172.217.194.0-255,1484,112866,96,332230
5491,0.001428,172.217.194.0-255,4320,117186,96,332230
5492,0.00143,172.31.47.0-255,66,117252,96,332230
5493,0.001441,172.217.194.0-255,1484,118736,96,332230
5494,0.001445,172.217.194.0-255,2902,121638,96,332230
5495,0.001447,172.31.47.0-255,66,121704,96,332230
5496,0.00147,172.217.194.0-255,2902,124606,96,332230
5497,0.001472,172.31.47.0-255,66,124672,96,332230
5498,0.001493,172.217.194.0-255,7156,131828,96,332230
5499,0.001495,172.31.47.0-255,66,131894,96,332230
5500,0.0015,172.217.194.0-255,5738,137632,96,332230
5501,0.001501,172.31.47.0-255,66,137698,96,332230
5502,0.001515,172.217.194.0-255,5020,142718,96,332230
5503,0.001518,172.31.47.0-255,66,142784,96,332230
5504,0.00155,172.31.47.0-255,66,142850,96,332230
5505,0.001558,172.217.194.0-255,2902,145752,96,332230
5506,0.001561,172.31.47.0-255,66,145818,96,332230
5507,0.001586,172.217.194.0-255,5738,151556,96,332230
5508,0.001588,172.31.47.0-255,66,151622,96,332230
5509,0.001597,172.31.47.0-255,66,151688,96,332230
5510,0.001601,172.217.194.0-255,3602,155290,96,332230
5511,0.001603,172.31.47.0-255,66,155356,96,332230
5512,0.001722,172.217.194.0-255,1484,156840,96,332230
5513,0.001738,172.217.194.0-255,2902,159742,96,332230
5514,0.001741,172.31.47.0-255,66,159808,96,332230
5515,0.001758,172.217.194.0-255,2902,162710,96,332230
5516,0.00176,172.31.47.0-255,66,162776,96,332230
5517,0.001778,172.217.194.0-255,2902,165678,96,332230
5518,0.00178,172.31.47.0-255,66,165744,96,332230
5519,0.001792,172.217.194.0-255,5738,171482,96,332230
5520,0.001794,172.31.47.0-255,66,171548,96,332230
5521,0.001815,172.217.194.0-255,7156,178704,96,332230
5522,0.001818,172.31.47.0-255,66,178770,96,332230
5523,0.001824,172.217.194.0-255,7156,185926,96,332230
5524,0.001826,172.31.47.0-255,66,185992,96,332230
5525,0.001867,172.217.194.0-255,3602,189594,96,332230
5526,0.001869,172.31.47.0-255,66,189660,96,332230
5527,0.00228,172.217.194.0-255,1484,191144,96,332230
5528,0.002289,172.217.194.0-255,2902,194046,96,332230
5529,0.002292,172.31.47.0-255,66,194112,96,332230
5530,0.002303,172.217.194.0-255,5738,199850,96,332230
5531,0.002308,172.31.47.0-255,66,199916,96,332230
5532,0.002317,172.217.194.0-255,4320,204236,96,332230
5533,0.002321,172.31.47.0-255,66,204302,96,332230
5534,0.002359,172.31.47.0-255,66,204368,96,332230
5535,0.00468,172.217.194.0-255,5738,210106,96,332230
5536,0.004695,172.31.47.0-255,66,210172,96,332230
5537,0.007025,172.217.194.0-255,5738,215910,96,332230
5538,0.007041,172.31.47.0-255,66,215976,96,332230
5539,0.009307,172.217.194.0-255,5738,221714,96,332230
5540,0.009313,172.31.47.0-255,66,221780,96,332230
5541,0.011598,172.217.194.0-255,4320,226100,96,332230
5542,0.011603,172.31.47.0-255,66,226166,96,332230
5543,0.01162,172.217.194.0-255,1484,227650,96,332230
5544,0.013931,172.217.194.0-255,4320,231970,96,332230
5545,0.013944,172.31.47.0-255,66,232036,96,332230
5546,0.016223,172.217.194.0-255,5738,237774,96,332230
5547,0.01623,172.31.47.0-255,66,237840,96,332230
5548,0.018532,172.217.194.0-255,5738,243578,96,332230
5549,0.018538,172.31.47.0-255,66,243644,96,332230
5550,0.020861,172.217.194.0-255,5738,249382,96,332230
5551,0.020869,172.31.47.0-255,66,249448,96,332230
5552,0.023176,172.217.194.0-255,2902,252350,96,332230
5553,0.023185,172.31.47.0-255,66,252416,96,332230
5554,0.023211,172.217.194.0-255,2902,255318,96,332230
5555,0.023213,172.31.47.0-255,66,255384,96,332230
5556,0.025453,172.217.194.0-255,2902,258286,96,332230
5557,0.025458,172.31.47.0-255,66,258352,96,332230
5558,0.025506,172.217.194.0-255,1484,259836,96,332230
5559,0.02552,172.217.194.0-255,1484,261320,96,332230
5560,0.025523,172.31.47.0-255,66,261386,96,332230
5561,0.027739,172.217.194.0-255,2902,264288,96,332230
5562,0.027745,172.31.47.0-255,66,264354,96,332230
5563,0.027823,172.217.194.0-255,1484,265838,96,332230
5564,0.027839,172.217.194.0-255,1484,267322,96,332230
5565,0.027842,172.31.47.0-255,66,267388,96,332230
5566,0.030015,172.217.194.0-255,2902,270290,96,332230
5567,0.030022,172.31.47.0-255,66,270356,96,332230
5568,0.030085,172.217.194.0-255,1484,271840,96,332230
5569,0.0301,172.217.194.0-255,1484,273324,96,332230
5570,0.030103,172.31.47.0-255,66,273390,96,332230
5571,0.032305,172.217.194.0-255,2902,276292,96,332230
5572,0.03231,172.31.47.0-255,66,276358,96,332230
5573,0.032386,172.217.194.0-255,2902,279260,96,332230
5574,0.03239,172.31.47.0-255,66,279326,96,332230
5575,0.032646,172.31.47.0-255,172,279498,96,332230
5576,0.032678,172.31.47.0-255,1104,280602,96,332230
5577,0.0327,172.31.47.0-255,1514,282116,96,332230
5578,0.032701,172.31.47.0-255,1307,283423,96,332230
5579,0.034207,104.244.42.0-255,66,283489,96,332230
5580,0.034213,104.244.42.0-255,66,283555,96,332230
5581,0.03425,104.244.42.0-255,66,283621,96,332230
5582,0.03462,172.217.194.0-255,1484,285105,96,332230
5583,0.034644,172.217.194.0-255,1484,286589,96,332230
5584,0.034648,172.31.47.0-255,66,286655,96,332230
5585,0.034694,172.217.194.0-255,2902,289557,96,332230
5586,0.034697,172.31.47.0-255,66,289623,96,332230
5587,0.036903,172.217.194.0-255,2902,292525,96,332230
5588,0.036909,172.31.47.0-255,66,292591,96,332230
5589,0.037013,172.217.194.0-255,2902,295493,96,332230
5590,0.037018,172.31.47.0-255,66,295559,96,332230
5591,0.039172,172.217.194.0-255,2902,298461,96,332230
5592,0.039177,172.31.47.0-255,66,298527,96,332230
5593,0.03926,172.217.194.0-255,2902,301429,96,332230
5594,0.039264,172.31.47.0-255,66,301495,96,332230
5595,0.041472,172.217.194.0-255,2902,304397,96,332230
5596,0.041476,172.31.47.0-255,66,304463,96,332230
5597,0.04155,172.217.194.0-255,2902,307365,96,332230
5598,0.041554,172.31.47.0-255,66,307431,96,332230
5599,0.043732,172.217.194.0-255,2902,310333,96,332230
5600,0.043736,172.31.47.0-255,66,310399,96,332230
5601,0.043803,172.217.194.0-255,2902,313301,96,332230
5602,0.043807,172.31.47.0-255,66,313367,96,332230
5603,0.045982,172.217.194.0-255,2902,316269,96,332230
5604,0.045987,172.31.47.0-255,66,316335,96,332230
5605,0.046046,172.217.194.0-255,2902,319237,96,332230
5606,0.046049,172.31.47.0-255,66,319303,96,332230
5607,0.048266,172.217.194.0-255,2902,322205,96,332230
5608,0.048272,172.31.47.0-255,66,322271,96,332230
5609,0.048339,172.217.194.0-255,2902,325173,96,332230
5610,0.048344,172.31.47.0-255,66,325239,96,332230
5611,0.050522,172.217.194.0-255,2902,328141,96,332230
5612,0.050527,172.31.47.0-255,66,328207,96,332230
5613,0.050671,172.217.194.0-255,2902,331109,96,332230
5614,0.050676,172.31.47.0-255,66,331175,96,332230
5615,0.052813,172.217.194.0-255,818,331993,96,332230
5616,0.052948,172.31.47.0-255,66,332059,96,332230
5617,0.052971,172.31.47.0-255,105,332164,96,332230
5618,0.055202,172.217.194.0-255,66,332230,96,332230
5619,0.0,74.125.24.0-255,153,153,96,324514
5620,1.4e-05,172.31.47.0-255,66,219,96,324514
5621,2.1e-05,74.125.24.0-255,1484,1703,96,324514
5622,2.5e-05,172.31.47.0-255,66,1769,96,324514
5623,3e-05,74.125.24.0-255,2902,4671,96,324514
5624,3.4e-05,172.31.47.0-255,66,4737,96,324514
5625,3.8e-05,74.125.24.0-255,2902,7639,96,324514
5626,4.1e-05,172.31.47.0-255,66,7705,96,324514
5627,6.1e-05,74.125.24.0-255,4320,12025,96,324514
5628,6.4e-05,172.31.47.0-255,66,12091,96,324514
5629,8.6e-05,74.125.24.0-255,2902,14993,96,324514
5630,8.8e-05,172.31.47.0-255,66,15059,96,324514
5631,0.000118,172.31.47.0-255,66,15125,96,324514
5632,0.000148,74.125.24.0-255,3961,19086,96,324514
5633,0.00015,172.31.47.0-255,66,19152,96,324514
5634,0.00055,74.125.24.0-255,1484,20636,96,324514
5635,0.000555,172.31.47.0-255,66,20702,96,324514
5636,0.000559,74.125.24.0-255,1484,22186,96,324514
5637,0.000561,172.31.47.0-255,66,22252,96,324514
5638,0.000574,74.125.24.0-255,1484,23736,96,324514
5639,0.000576,172.31.47.0-255,66,23802,96,324514
5640,0.000583,74.125.24.0-255,5738,29540,96,324514
5641,0.000585,172.31.47.0-255,66,29606,96,324514
5642,0.000591,74.125.24.0-255,5738,35344,96,324514
5643,0.000593,172.31.47.0-255,66,35410,96,324514
5644,0.000631,74.125.24.0-255,5738,41148,96,324514
5645,0.000634,172.31.47.0-255,66,41214,96,324514
5646,0.00066,172.31.47.0-255,66,41280,96,324514
5647,0.000665,74.125.24.0-255,4234,45514,96,324514
5648,0.000667,172.31.47.0-255,66,45580,96,324514
5649,0.001013,74.125.24.0-255,132,45712,96,324514
5650,0.001141,74.125.24.0-255,1484,47196,96,324514
5651,0.001147,172.31.47.0-255,66,47262,96,324514
5652,0.001166,74.125.24.0-255,2902,50164,96,324514
5653,0.001169,172.31.47.0-255,66,50230,96,324514
5654,0.001174,74.125.24.0-255,2902,53132,96,324514
5655,0.001176,172.31.47.0-255,66,53198,96,324514
5656,0.001193,74.125.24.0-255,2902,56100,96,324514
5657,0.001195,172.31.47.0-255,66,56166,96,324514
5658,0.001201,74.125.24.0-255,5738,61904,96,324514
5659,0.001202,172.31.47.0-255,66,61970,96,324514
5660,0.001231,74.125.24.0-255,7156,69126,96,324514
5661,0.001234,172.31.47.0-255,66,69192,96,324514
5662,0.00124,74.125.24.0-255,5738,74930,96,324514
5663,0.001242,172.31.47.0-255,66,74996,96,324514
5664,0.001267,74.125.24.0-255,5020,80016,96,324514
5665,0.001269,172.31.47.0-255,66,80082,96,324514
5666,0.001332,74.125.24.0-255,346,80428,96,324514
5667,0.001374,74.125.24.0-255,1484,81912,96,324514
5668,0.001377,172.31.47.0-255,66,81978,96,324514
5669,0.001391,74.125.24.0-255,4320,86298,96,324514
5670,0.001394,172.31.47.0-255,66,86364,96,324514
5671,0.001418,74.125.24.0-255,2902,89266,96,324514
5672,0.001421,172.31.47.0-255,66,89332,96,324514
5673,0.001424,74.125.24.0-255,1484,90816,96,324514
5674,0.001444,74.125.24.0-255,7156,97972,96,324514
5675,0.001446,172.31.47.0-255,66,98038,96,324514
5676,0.001462,74.125.24.0-255,7156,105194,96,324514
5677,0.001464,172.31.47.0-255,66,105260,96,324514
5678,0.001481,74.125.24.0-255,5738,110998,96,324514
5679,0.001483,172.31.47.0-255,66,111064,96,324514
5680,0.001523,74.125.24.0-255,5020,116084,96,324514
5681,0.001526,172.31.47.0-255,66,116150,96,324514
5682,0.001532,74.125.24.0-255,5738,121888,96,324514
5683,0.001535,172.31.47.0-255,66,121954,96,324514
5684,0.001556,74.125.24.0-255,1484,123438,96,324514
5685,0.001569,74.125.24.0-255,4320,127758,96,324514
5686,0.001571,172.31.47.0-255,66,127824,96,324514
5687,0.001594,74.125.24.0-255,7156,134980,96,324514
5688,0.001596,172.31.47.0-255,66,135046,96,324514
5689,0.001602,74.125.24.0-255,5738,140784,96,324514
5690,0.001604,172.31.47.0-255,66,140850,96,324514
5691,0.001625,172.31.47.0-255,66,140916,96,324514
5692,0.001702,74.125.24.0-255,1484,142400,96,324514
5693,0.001716,74.125.24.0-255,2902,145302,96,324514
5694,0.001718,172.31.47.0-255,66,145368,96,324514
5695,0.001738,74.125.24.0-255,4320,149688,96,324514
5696,0.001741,172.31.47.0-255,66,149754,96,324514
5697,0.001761,74.125.24.0-255,1484,151238,96,324514
5698,0.001775,172.31.47.0-255,66,151304,96,324514
5699,0.001779,74.125.24.0-255,2902,154206,96,324514
5700,0.001781,172.31.47.0-255,66,154272,96,324514
5701,0.001797,74.125.24.0-255,5738,160010,96,324514
5702,0.001799,172.31.47.0-255,66,160076,96,324514
5703,0.001832,74.125.24.0-255,2184,162260,96,324514
5704,0.001834,172.31.47.0-255,66,162326,96,324514
5705,0.001926,74.125.24.0-255,1484,163810,96,324514
5706,0.001939,74.125.24.0-255,1484,165294,96,324514
5707,0.001941,172.31.47.0-255,66,165360,96,324514
5708,0.001961,74.125.24.0-255,1484,166844,96,324514
5709,0.001967,74.125.24.0-255,5738,172582,96,324514
5710,0.00197,172.31.47.0-255,66,172648,96,324514
5711,0.002004,74.125.24.0-255,1484,174132,96,324514
5712,0.002028,172.31.47.0-255,66,174198,96,324514
5713,0.002033,74.125.24.0-255,4320,178518,96,324514
5714,0.002035,172.31.47.0-255,66,178584,96,324514
5715,0.002054,172.31.47.0-255,66,178650,96,324514
5716,0.002091,172.31.47.0-255,66,178716,96,324514
5717,0.00213,172.31.47.0-255,66,178782,96,324514
5718,0.002144,74.125.24.0-255,1484,180266,96,324514
5719,0.002149,74.125.24.0-255,3602,183868,96,324514
5720,0.002151,172.31.47.0-255,66,183934,96,324514
5721,0.004481,74.125.24.0-255,5738,189672,96,324514
5722,0.004488,172.31.47.0-255,66,189738,96,324514
5723,0.0068,74.125.24.0-255,5738,195476,96,324514
5724,0.006807,172.31.47.0-255,66,195542,96,324514
5725,0.009113,74.125.24.0-255,2902,198444,96,324514
5726,0.009118,172.31.47.0-255,66,198510,96,324514
5727,0.009136,74.125.24.0-255,2902,201412,96,324514
5728,0.009139,172.31.47.0-255,66,201478,96,324514
5729,0.011424,74.125.24.0-255,2902,204380,96,324514
5730,0.01143,172.31.47.0-255,66,204446,96,324514
5731,0.011506,74.125.24.0-255,2902,207348,96,324514
5732,0.011511,172.31.47.0-255,66,207414,96,324514
5733,0.013752,74.125.24.0-255,2902,210316,96,324514
5734,0.01376,172.31.47.0-255,66,210382,96,324514
5735,0.013812,74.125.24.0-255,2902,213284,96,324514
5736,0.013816,172.31.47.0-255,66,213350,96,324514
5737,0.016085,74.125.24.0-255,2902,216252,96,324514
5738,0.016092,172.31.47.0-255,66,216318,96,324514
5739,0.016155,74.125.24.0-255,2902,219220,96,324514
5740,0.016158,172.31.47.0-255,66,219286,96,324514
5741,0.018452,74.125.24.0-255,2902,222188,96,324514
5742,0.018461,172.31.47.0-255,66,222254,96,324514
5743,0.01851,74.125.24.0-255,2902,225156,96,324514
5744,0.018515,172.31.47.0-255,66,225222,96,324514
5745,0.020813,74.125.24.0-255,4320,229542,96,324514
5746,0.020819,172.31.47.0-255,66,229608,96,324514
5747,0.020836,74.125.24.0-255,1484,231092,96,324514
5748,0.023185,74.125.24.0-255,4320,235412,96,324514
5749,0.023191,172.31.47.0-255,66,235478,96,324514
5750,0.024919,172.31.47.0-255,172,235650,96,324514
5751,0.024953,172.31.47.0-255,1109,236759,96,324514
5752,0.025011,172.31.47.0-255,1514,238273,96,324514
5753,0.025013,172.31.47.0-255,335,238608,96,324514
5754,0.025539,74.125.24.0-255,5738,244346,96,324514
5755,0.025545,172.31.47.0-255,66,244412,96,324514
5756,0.026473,104.244.42.0-255,66,244478,96,324514
5757,0.026509,104.244.42.0-255,66,244544,96,324514
5758,0.02655,104.244.42.0-255,66,244610,96,324514
5759,0.027916,74.125.24.0-255,5738,250348,96,324514
5760,0.027921,172.31.47.0-255,66,250414,96,324514
5761,0.030259,74.125.24.0-255,5738,256152,96,324514
5762,0.030264,172.31.47.0-255,66,256218,96,324514
5763,0.032632,74.125.24.0-255,5738,261956,96,324514
5764,0.032638,172.31.47.0-255,66,262022,96,324514
5765,0.034998,74.125.24.0-255,5738,267760,96,324514
5766,0.035005,172.31.47.0-255,66,267826,96,324514
5767,0.037439,74.125.24.0-255,5738,273564,96,324514
5768,0.037446,172.31.47.0-255,66,273630,96,324514
5769,0.039793,74.125.24.0-255,5738,279368,96,324514
5770,0.039799,172.31.47.0-255,66,279434,96,324514
5771,0.042125,74.125.24.0-255,4320,283754,96,324514
5772,0.04213,172.31.47.0-255,66,283820,96,324514
5773,0.042148,74.125.24.0-255,1484,285304,96,324514
5774,0.04451,74.125.24.0-255,4320,289624,96,324514
5775,0.044517,172.31.47.0-255,66,289690,96,324514
5776,0.046898,74.125.24.0-255,5738,295428,96,324514
5777,0.046903,172.31.47.0-255,66,295494,96,324514
5778,0.049228,74.125.24.0-255,5738,301232,96,324514
5779,0.049236,172.31.47.0-255,66,301298,96,324514
5780,0.051611,74.125.24.0-255,5738,307036,96,324514
5781,0.051619,172.31.47.0-255,66,307102,96,324514
5782,0.053982,74.125.24.0-255,5738,312840,96,324514
5783,0.053986,172.31.47.0-255,66,312906,96,324514
5784,0.056288,74.125.24.0-255,5738,318644,96,324514
5785,0.056295,172.31.47.0-255,66,318710,96,324514
5786,0.058611,74.125.24.0-255,5738,324448,96,324514
5787,0.058617,172.31.47.0-255,66,324514,96,324514
5788,0.0,172.217.194.0-255,153,153,96,176945
5789,3.2e-05,172.31.47.0-255,66,219,96,176945
5790,3.9e-05,172.217.194.0-255,1484,1703,96,176945
5791,4.3e-05,172.31.47.0-255,66,1769,96,176945
5792,5.7e-05,172.217.194.0-255,2902,4671,96,176945
5793,6e-05,172.31.47.0-255,66,4737,96,176945
5794,6.6e-05,172.217.194.0-255,5738,10475,96,176945
5795,6.9e-05,172.31.47.0-255,66,10541,96,176945
5796,0.000103,172.217.194.0-255,1484,12025,96,176945
5797,0.000105,172.31.47.0-255,66,12091,96,176945
5798,0.000116,172.31.47.0-255,66,12157,96,176945
5799,0.000126,172.31.47.0-255,66,12223,96,176945
5800,0.000157,172.217.194.0-255,2543,14766,96,176945
5801,0.00016,172.31.47.0-255,66,14832,96,176945
5802,0.00019,172.217.194.0-255,1484,16316,96,176945
5803,0.000193,172.31.47.0-255,66,16382,96,176945
5804,0.000197,172.217.194.0-255,2902,19284,96,176945
5805,0.0002,172.31.47.0-255,66,19350,96,176945
5806,0.000211,172.217.194.0-255,5738,25088,96,176945
5807,0.000214,172.31.47.0-255,66,25154,96,176945
5808,0.000219,172.217.194.0-255,5738,30892,96,176945
5809,0.000221,172.31.47.0-255,66,30958,96,176945
5810,0.000277,172.31.47.0-255,66,31024,96,176945
5811,0.000283,172.217.194.0-255,4254,35278,96,176945
5812,0.000284,172.31.47.0-255,66,35344,96,176945
5813,0.000287,172.217.194.0-255,364,35708,96,176945
5814,0.000288,172.31.47.0-255,66,35774,96,176945
5815,0.000344,172.217.194.0-255,1484,37258,96,176945
5816,0.000349,172.31.47.0-255,66,37324,96,176945
5817,0.000375,172.217.194.0-255,2902,40226,96,176945
5818,0.000379,172.31.47.0-255,66,40292,96,176945
5819,0.000385,172.217.194.0-255,5738,46030,96,176945
5820,0.000388,172.31.47.0-255,66,46096,96,176945
5821,0.000453,172.217.194.0-255,6797,52893,96,176945
5822,0.000456,172.31.47.0-255,66,52959,96,176945
5823,0.000464,172.217.194.0-255,7156,60115,96,176945
5824,0.000467,172.31.47.0-255,66,60181,96,176945
5825,0.000481,172.217.194.0-255,7156,67337,96,176945
5826,0.000484,172.31.47.0-255,66,67403,96,176945
5827,0.000514,172.217.194.0-255,2543,69946,96,176945
5828,0.000518,172.31.47.0-255,66,70012,96,176945
5829,0.00068,172.217.194.0-255,1484,71496,96,176945
5830,0.000687,172.217.194.0-255,2902,74398,96,176945
5831,0.00069,172.31.47.0-255,66,74464,96,176945
5832,0.000697,172.217.194.0-255,5738,80202,96,176945
5833,0.000702,172.31.47.0-255,66,80268,96,176945
5834,0.000732,172.31.47.0-255,66,80334,96,176945
5835,0.000759,172.217.194.0-255,2902,83236,96,176945
5836,0.000765,172.31.47.0-255,66,83302,96,176945
5837,0.00077,172.31.47.0-255,66,83368,96,176945
5838,0.000774,172.217.194.0-255,1484,84852,96,176945
5839,0.000823,172.31.47.0-255,66,84918,96,176945
5840,0.000839,172.31.47.0-255,66,84984,96,176945
5841,0.000846,172.217.194.0-255,5738,90722,96,176945
5842,0.000848,172.31.47.0-255,66,90788,96,176945
5843,0.000882,172.217.194.0-255,4320,95108,96,176945
5844,0.000886,172.31.47.0-255,66,95174,96,176945
5845,0.000904,172.31.47.0-255,66,95240,96,176945
5846,0.000918,172.31.47.0-255,66,95306,96,176945
5847,0.000943,172.217.194.0-255,4320,99626,96,176945
5848,0.000951,172.31.47.0-255,66,99692,96,176945
5849,0.000983,172.31.47.0-255,66,99758,96,176945
5850,0.001002,172.31.47.0-255,66,99824,96,176945
5851,0.001008,172.217.194.0-255,5738,105562,96,176945
5852,0.001012,172.31.47.0-255,66,105628,96,176945
5853,0.001026,172.217.194.0-255,766,106394,96,176945
5854,0.001049,172.217.194.0-255,1484,107878,96,176945
5855,0.001053,172.31.47.0-255,66,107944,96,176945
5856,0.001058,172.217.194.0-255,2902,110846,96,176945
5857,0.001061,172.31.47.0-255,66,110912,96,176945
5858,0.001089,172.217.194.0-255,5738,116650,96,176945
5859,0.001092,172.31.47.0-255,66,116716,96,176945
5860,0.001095,172.217.194.0-255,1484,118200,96,176945
5861,0.00114,172.31.47.0-255,66,118266,96,176945
5862,0.00116,172.31.47.0-255,66,118332,96,176945
5863,0.001164,172.217.194.0-255,2184,120516,96,176945
5864,0.001166,172.31.47.0-255,66,120582,96,176945
5865,0.001223,172.217.194.0-255,1484,122066,96,176945
5866,0.001235,172.217.194.0-255,2902,124968,96,176945
5867,0.001239,172.31.47.0-255,66,125034,96,176945
5868,0.001242,172.217.194.0-255,1484,126518,96,176945
5869,0.001275,172.217.194.0-255,4320,130838,96,176945
5870,0.001278,172.31.47.0-255,66,130904,96,176945
5871,0.001296,172.31.47.0-255,66,130970,96,176945
5872,0.001302,172.217.194.0-255,5738,136708,96,176945
5873,0.001304,172.31.47.0-255,66,136774,96,176945
5874,0.001334,172.217.194.0-255,5020,141794,96,176945
5875,0.001338,172.31.47.0-255,66,141860,96,176945
5876,0.001389,172.217.194.0-255,1484,143344,96,176945
5877,0.001395,172.217.194.0-255,2902,146246,96,176945
5878,0.001398,172.31.47.0-255,66,146312,96,176945
5879,0.00143,172.217.194.0-255,5738,152050,96,176945
5880,0.001434,172.31.47.0-255,66,152116,96,176945
5881,0.001474,172.31.47.0-255,66,152182,96,176945
5882,0.001511,172.217.194.0-255,7156,159338,96,176945
5883,0.001515,172.31.47.0-255,66,159404,96,176945
5884,0.001546,172.217.194.0-255,3602,163006,96,176945
5885,0.00155,172.31.47.0-255,66,163072,96,176945
5886,0.001561,172.31.47.0-255,66,163138,96,176945
5887,0.001581,172.217.194.0-255,1484,164622,96,176945
5888,0.001599,172.31.47.0-255,66,164688,96,176945
5889,0.001604,172.217.194.0-255,4320,169008,96,176945
5890,0.001607,172.31.47.0-255,66,169074,96,176945
5891,0.001649,172.31.47.0-255,66,169140,96,176945
5892,0.001654,172.217.194.0-255,2902,172042,96,176945
5893,0.001656,172.31.47.0-255,66,172108,96,176945
5894,0.001714,172.31.47.0-255,66,172174,96,176945
5895,0.001724,172.31.47.0-255,66,172240,96,176945
5896,0.001743,172.217.194.0-255,105,172345,96,176945
5897,0.001744,172.31.47.0-255,66,172411,96,176945
5898,0.003644,172.31.47.0-255,66,172477,96,176945
5899,0.003671,172.31.47.0-255,105,172582,96,176945
5900,0.005604,172.217.194.0-255,66,172648,96,176945
5901,0.033166,172.31.47.0-255,172,172820,96,176945
5902,0.033197,172.31.47.0-255,1110,173930,96,176945
5903,0.033266,172.31.47.0-255,1514,175444,96,176945
5904,0.033268,172.31.47.0-255,1303,176747,96,176945
5905,0.034655,104.244.42.0-255,66,176813,96,176945
5906,0.034683,104.244.42.0-255,66,176879,96,176945
5907,0.034767,104.244.42.0-255,66,176945,96,176945
5908,0.0,172.217.194.0-255,153,153,96,276022
5909,2.8e-05,172.31.47.0-255,66,219,96,276022
5910,3.4e-05,172.217.194.0-255,1484,1703,96,276022
5911,3.8e-05,172.31.47.0-255,66,1769,96,276022
5912,4.3e-05,172.217.194.0-255,2902,4671,96,276022
5913,4.5e-05,172.31.47.0-255,66,4737,96,276022
5914,5.3e-05,172.217.194.0-255,7156,11893,96,276022
5915,5.6e-05,172.31.47.0-255,66,11959,96,276022
5916,0.0001,172.217.194.0-255,2035,13994,96,276022
5917,0.000103,172.31.47.0-255,66,14060,96,276022
5918,0.000175,172.217.194.0-255,1484,15544,96,276022
5919,0.000178,172.31.47.0-255,66,15610,96,276022
5920,0.000183,172.217.194.0-255,1484,17094,96,276022
5921,0.000185,172.31.47.0-255,66,17160,96,276022
5922,0.000201,172.217.194.0-255,1484,18644,96,276022
5923,0.000203,172.31.47.0-255,66,18710,96,276022
5924,0.00021,172.217.194.0-255,5738,24448,96,276022
5925,0.000212,172.31.47.0-255,66,24514,96,276022
5926,0.000254,172.217.194.0-255,6797,31311,96,276022
5927,0.000257,172.31.47.0-255,66,31377,96,276022
5928,0.000293,172.217.194.0-255,1484,32861,96,276022
5929,0.000296,172.31.47.0-255,66,32927,96,276022
5930,0.0003,172.217.194.0-255,1484,34411,96,276022
5931,0.000302,172.31.47.0-255,66,34477,96,276022
5932,0.000315,172.217.194.0-255,1484,35961,96,276022
5933,0.000318,172.31.47.0-255,66,36027,96,276022
5934,0.000336,172.217.194.0-255,5738,41765,96,276022
5935,0.000339,172.31.47.0-255,66,41831,96,276022
5936,0.000386,172.217.194.0-255,4320,46151,96,276022
5937,0.00039,172.31.47.0-255,66,46217,96,276022
5938,0.000409,172.217.194.0-255,2543,48760,96,276022
5939,0.000412,172.31.47.0-255,66,48826,96,276022
5940,0.000858,172.217.194.0-255,1484,50310,96,276022
5941,0.000868,172.217.194.0-255,2902,53212,96,276022
5942,0.000873,172.31.47.0-255,66,53278,96,276022
5943,0.000881,172.217.194.0-255,4320,57598,96,276022
5944,0.000883,172.31.47.0-255,66,57664,96,276022
5945,0.000899,172.217.194.0-255,1484,59148,96,276022
5946,0.000961,172.31.47.0-255,66,59214,96,276022
5947,0.001067,172.217.194.0-255,1484,60698,96,276022
5948,0.001087,172.217.194.0-255,2902,63600,96,276022
5949,0.001091,172.31.47.0-255,66,63666,96,276022
5950,0.001098,172.217.194.0-255,5738,69404,96,276022
5951,0.001099,172.31.47.0-255,66,69470,96,276022
5952,0.001155,172.217.194.0-255,2902,72372,96,276022
5953,0.001158,172.31.47.0-255,66,72438,96,276022
5954,0.001186,172.31.47.0-255,66,72504,96,276022
5955,0.001237,172.217.194.0-255,2902,75406,96,276022
5956,0.001241,172.31.47.0-255,66,75472,96,276022
5957,0.001269,172.31.47.0-255,66,75538,96,276022
5958,0.001583,172.217.194.0-255,1484,77022,96,276022
5959,0.001597,172.217.194.0-255,2902,79924,96,276022
5960,0.0016,172.31.47.0-255,66,79990,96,276022
5961,0.00162,172.217.194.0-255,5738,85728,96,276022
5962,0.001622,172.31.47.0-255,66,85794,96,276022
5963,0.001665,172.31.47.0-255,66,85860,96,276022
5964,0.001727,172.217.194.0-255,1484,87344,96,276022
5965,0.001758,172.31.47.0-255,66,87410,96,276022
5966,0.001822,172.217.194.0-255,2184,89594,96,276022
5967,0.001823,172.31.47.0-255,66,89660,96,276022
5968,0.001867,172.217.194.0-255,2902,92562,96,276022
5969,0.001869,172.31.47.0-255,66,92628,96,276022
5970,0.001887,172.217.194.0-255,4320,96948,96,276022
5971,0.00189,172.31.47.0-255,66,97014,96,276022
5972,0.001904,172.217.194.0-255,2902,99916,96,276022
5973,0.001906,172.31.47.0-255,66,99982,96,276022
5974,0.001924,172.217.194.0-255,2902,102884,96,276022
5975,0.001926,172.31.47.0-255,66,102950,96,276022
5976,0.001949,172.31.47.0-255,66,103016,96,276022
5977,0.002018,172.217.194.0-255,2902,105918,96,276022
5978,0.00202,172.31.47.0-255,66,105984,96,276022
5979,0.002046,172.31.47.0-255,66,106050,96,276022
5980,0.002119,172.217.194.0-255,2902,108952,96,276022
5981,0.002121,172.31.47.0-255,66,109018,96,276022
5982,0.002148,172.31.47.0-255,66,109084,96,276022
5983,0.004168,172.217.194.0-255,5738,114822,96,276022
5984,0.004173,172.31.47.0-255,66,114888,96,276022
5985,0.006189,172.217.194.0-255,5738,120626,96,276022
5986,0.006195,172.31.47.0-255,66,120692,96,276022
5987,0.008264,172.217.194.0-255,5738,126430,96,276022
5988,0.00827,172.31.47.0-255,66,126496,96,276022
5989,0.010296,172.217.194.0-255,5738,132234,96,276022
5990,0.010303,172.31.47.0-255,66,132300,96,276022
5991,0.01235,172.217.194.0-255,5738,138038,96,276022
5992,0.01236,172.31.47.0-255,66,138104,96,276022
5993,0.014376,172.217.194.0-255,5738,143842,96,276022
5994,0.014383,172.31.47.0-255,66,143908,96,276022
5995,0.016433,172.217.194.0-255,5738,149646,96,276022
5996,0.016439,172.31.47.0-255,66,149712,96,276022
5997,0.01847,172.217.194.0-255,5738,155450,96,276022
5998,0.018477,172.31.47.0-255,66,155516,96,276022
5999,0.020493,172.217.194.0-255,5738,161254,96,276022
6000,0.0205,172.31.47.0-255,66,161320,96,276022
6001,0.022542,172.217.194.0-255,5738,167058,96,276022
6002,0.022549,172.31.47.0-255,66,167124,96,276022
6003,0.02461,172.217.194.0-255,5738,172862,96,276022
6004,0.024617,172.31.47.0-255,66,172928,96,276022
6005,0.026644,172.217.194.0-255,5738,178666,96,276022
6006,0.026649,172.31.47.0-255,66,178732,96,276022
6007,0.028696,172.217.194.0-255,5738,184470,96,276022
6008,0.028702,172.31.47.0-255,66,184536,96,276022
6009,0.029941,172.31.47.0-255,171,184707,96,276022
6010,0.029966,172.31.47.0-255,1134,185841,96,276022
6011,0.030003,172.31.47.0-255,1514,187355,96,276022
6012,0.030004,172.31.47.0-255,1277,188632,96,276022
6013,0.03073,172.217.194.0-255,5738,194370,96,276022
6014,0.030736,172.31.47.0-255,66,194436,96,276022
6015,0.031465,104.244.42.0-255,66,194502,96,276022
6016,0.031529,104.244.42.0-255,66,194568,96,276022
6017,0.031571,104.244.42.0-255,66,194634,96,276022
6018,0.032777,172.217.194.0-255,5738,200372,96,276022
6019,0.032781,172.31.47.0-255,66,200438,96,276022
6020,0.034821,172.217.194.0-255,5738,206176,96,276022
6021,0.034826,172.31.47.0-255,66,206242,96,276022
6022,0.036881,172.217.194.0-255,5738,211980,96,276022
6023,0.036886,172.31.47.0-255,66,212046,96,276022
6024,0.03893,172.217.194.0-255,5738,217784,96,276022
6025,0.038934,172.31.47.0-255,66,217850,96,276022
6026,0.040957,172.217.194.0-255,5738,223588,96,276022
6027,0.040977,172.31.47.0-255,66,223654,96,276022
6028,0.043021,172.217.194.0-255,5738,229392,96,276022
6029,0.043027,172.31.47.0-255,66,229458,96,276022
6030,0.045035,172.217.194.0-255,2902,232360,96,276022
6031,0.04504,172.31.47.0-255,66,232426,96,276022
6032,0.045068,172.217.194.0-255,2902,235328,96,276022
6033,0.04507,172.31.47.0-255,66,235394,96,276022
6034,0.047087,172.217.194.0-255,5738,241132,96,276022
6035,0.047092,172.31.47.0-255,66,241198,96,276022
6036,0.049123,172.217.194.0-255,5738,246936,96,276022
6037,0.049128,172.31.47.0-255,66,247002,96,276022
6038,0.051148,172.217.194.0-255,5738,252740,96,276022
6039,0.051153,172.31.47.0-255,66,252806,96,276022
6040,0.053182,172.217.194.0-255,5738,258544,96,276022
6041,0.053188,172.31.47.0-255,66,258610,96,276022
6042,0.055226,172.217.194.0-255,5738,264348,96,276022
6043,0.055231,172.31.47.0-255,66,264414,96,276022
6044,0.057259,172.217.194.0-255,5738,270152,96,276022
6045,0.057264,172.31.47.0-255,66,270218,96,276022
6046,0.059262,172.217.194.0-255,5738,275956,96,276022
6047,0.059267,172.31.47.0-255,66,276022,96,276022
6048,0.0,74.125.24.0-255,153,153,96,268259
6049,2.2e-05,172.31.47.0-255,66,219,96,268259
6050,2.9e-05,74.125.24.0-255,1484,1703,96,268259
6051,3.3e-05,172.31.47.0-255,66,1769,96,268259
6052,4.7e-05,74.125.24.0-255,2902,4671,96,268259
6053,5e-05,172.31.47.0-255,66,4737,96,268259
6054,5.8e-05,74.125.24.0-255,7156,11893,96,268259
6055,6.2e-05,172.31.47.0-255,66,11959,96,268259
6056,0.000103,172.31.47.0-255,66,12025,96,268259
6057,0.000108,74.125.24.0-255,2902,14927,96,268259
6058,0.00011,172.31.47.0-255,66,14993,96,268259
6059,0.000149,74.125.24.0-255,6797,21790,96,268259
6060,0.000153,172.31.47.0-255,66,21856,96,268259
6061,0.000197,74.125.24.0-255,1484,23340,96,268259
6062,0.0002,172.31.47.0-255,66,23406,96,268259
6063,0.000205,74.125.24.0-255,2902,26308,96,268259
6064,0.000207,172.31.47.0-255,66,26374,96,268259
6065,0.000213,74.125.24.0-255,5738,32112,96,268259
6066,0.000216,172.31.47.0-255,66,32178,96,268259
6067,0.000256,74.125.24.0-255,6797,38975,96,268259
6068,0.00026,172.31.47.0-255,66,39041,96,268259
6069,0.001137,74.125.24.0-255,1484,40525,96,268259
6070,0.001145,172.31.47.0-255,66,40591,96,268259
6071,0.001155,74.125.24.0-255,2902,43493,96,268259
6072,0.001157,172.31.47.0-255,66,43559,96,268259
6073,0.001171,74.125.24.0-255,5738,49297,96,268259
6074,0.001173,172.31.47.0-255,66,49363,96,268259
6075,0.001203,74.125.24.0-255,6797,56160,96,268259
6076,0.00121,172.31.47.0-255,66,56226,96,268259
6077,0.001284,74.125.24.0-255,1484,57710,96,268259
6078,0.00129,172.31.47.0-255,66,57776,96,268259
6079,0.001295,74.125.24.0-255,2902,60678,96,268259
6080,0.001296,172.31.47.0-255,66,60744,96,268259
6081,0.001335,74.125.24.0-255,5738,66482,96,268259
6082,0.001338,172.31.47.0-255,66,66548,96,268259
6083,0.001344,74.125.24.0-255,5738,72286,96,268259
6084,0.001347,172.31.47.0-255,66,72352,96,268259
6085,0.001369,74.125.24.0-255,4320,76672,96,268259
6086,0.001371,172.31.47.0-255,66,76738,96,268259
6087,0.001385,74.125.24.0-255,7156,83894,96,268259
6088,0.001388,172.31.47.0-255,66,83960,96,268259
6089,0.001419,74.125.24.0-255,2543,86503,96,268259
6090,0.001422,172.31.47.0-255,66,86569,96,268259
6091,0.001427,74.125.24.0-255,3961,90530,96,268259
6092,0.001429,172.31.47.0-255,66,90596,96,268259
6093,0.001468,74.125.24.0-255,1484,92080,96,268259
6094,0.001487,74.125.24.0-255,2902,94982,96,268259
6095,0.00149,172.31.47.0-255,66,95048,96,268259
6096,0.001493,74.125.24.0-255,1484,96532,96,268259
6097,0.001516,74.125.24.0-255,4320,100852,96,268259
6098,0.001519,172.31.47.0-255,66,100918,96,268259
6099,0.001545,74.125.24.0-255,6783,107701,96,268259
6100,0.001548,172.31.47.0-255,66,107767,96,268259
6101,0.001944,74.125.24.0-255,1484,109251,96,268259
6102,0.001949,74.125.24.0-255,2902,112153,96,268259
6103,0.001954,172.31.47.0-255,66,112219,96,268259
6104,0.001983,74.125.24.0-255,5738,117957,96,268259
6105,0.001985,172.31.47.0-255,66,118023,96,268259
6106,0.001992,74.125.24.0-255,5787,123810,96,268259
6107,0.001994,172.31.47.0-255,66,123876,96,268259
6108,0.004247,74.125.24.0-255,4320,128196,96,268259
6109,0.004251,172.31.47.0-255,66,128262,96,268259
6110,0.004274,74.125.24.0-255,1484,129746,96,268259
6111,0.006534,74.125.24.0-255,4320,134066,96,268259
6112,0.006539,172.31.47.0-255,66,134132,96,268259
6113,0.008804,74.125.24.0-255,5738,139870,96,268259
6114,0.00881,172.31.47.0-255,66,139936,96,268259
6115,0.01112,74.125.24.0-255,5738,145674,96,268259
6116,0.011129,172.31.47.0-255,66,145740,96,268259
6117,0.013452,74.125.24.0-255,5738,151478,96,268259
6118,0.013459,172.31.47.0-255,66,151544,96,268259
6119,0.01574,74.125.24.0-255,5738,157282,96,268259
6120,0.015747,172.31.47.0-255,66,157348,96,268259
6121,0.018028,74.125.24.0-255,5738,163086,96,268259
6122,0.018036,172.31.47.0-255,66,163152,96,268259
6123,0.020321,74.125.24.0-255,5738,168890,96,268259
6124,0.020328,172.31.47.0-255,66,168956,96,268259
6125,0.022616,74.125.24.0-255,5738,174694,96,268259
6126,0.022624,172.31.47.0-255,66,174760,96,268259
6127,0.024339,172.31.47.0-255,172,174932,96,268259
6128,0.024378,172.31.47.0-255,1101,176033,96,268259
6129,0.024452,172.31.47.0-255,1514,177547,96,268259
6130,0.024454,172.31.47.0-255,1310,178857,96,268259
6131,0.024902,74.125.24.0-255,5738,184595,96,268259
6132,0.024908,172.31.47.0-255,66,184661,96,268259
6133,0.0259,104.244.42.0-255,66,184727,96,268259
6134,0.02594,104.244.42.0-255,66,184793,96,268259
6135,0.025984,104.244.42.0-255,66,184859,96,268259
6136,0.02719,74.125.24.0-255,4320,189179,96,268259
6137,0.027194,172.31.47.0-255,66,189245,96,268259
6138,0.027226,74.125.24.0-255,1484,190729,96,268259
6139,0.029426,74.125.24.0-255,2902,193631,96,268259
6140,0.029432,172.31.47.0-255,66,193697,96,268259
6141,0.029462,74.125.24.0-255,1484,195181,96,268259
6142,0.03168,74.125.24.0-255,4320,199501,96,268259
6143,0.031685,172.31.47.0-255,66,199567,96,268259
6144,0.033969,74.125.24.0-255,5738,205305,96,268259
6145,0.033976,172.31.47.0-255,66,205371,96,268259
6146,0.036298,74.125.24.0-255,5738,211109,96,268259
6147,0.036302,172.31.47.0-255,66,211175,96,268259
6148,0.038582,74.125.24.0-255,5738,216913,96,268259
6149,0.038586,172.31.47.0-255,66,216979,96,268259
6150,0.040837,74.125.24.0-255,4320,221299,96,268259
6151,0.040842,172.31.47.0-255,66,221365,96,268259
6152,0.040874,74.125.24.0-255,1484,222849,96,268259
6153,0.043093,74.125.24.0-255,4320,227169,96,268259
6154,0.043098,172.31.47.0-255,66,227235,96,268259
6155,0.045469,74.125.24.0-255,5738,232973,96,268259
6156,0.045474,172.31.47.0-255,66,233039,96,268259
6157,0.04774,74.125.24.0-255,5738,238777,96,268259
6158,0.047745,172.31.47.0-255,66,238843,96,268259
6159,0.049993,74.125.24.0-255,2902,241745,96,268259
6160,0.049999,172.31.47.0-255,66,241811,96,268259
6161,0.050044,74.125.24.0-255,2902,244713,96,268259
6162,0.050047,172.31.47.0-255,66,244779,96,268259
6163,0.052287,74.125.24.0-255,2902,247681,96,268259
6164,0.052307,172.31.47.0-255,66,247747,96,268259
6165,0.052362,74.125.24.0-255,2902,250649,96,268259
6166,0.052365,172.31.47.0-255,66,250715,96,268259
6167,0.054613,74.125.24.0-255,2902,253617,96,268259
6168,0.054628,172.31.47.0-255,66,253683,96,268259
6169,0.054658,74.125.24.0-255,2902,256585,96,268259
6170,0.054661,172.31.47.0-255,66,256651,96,268259
6171,0.056925,74.125.24.0-255,5738,262389,96,268259
6172,0.05694,172.31.47.0-255,66,262455,96,268259
6173,0.059232,74.125.24.0-255,5738,268193,96,268259
6174,0.05925,172.31.47.0-255,66,268259,96,268259
6175,0.0,172.217.194.0-255,153,153,96,336666
6176,1.5e-05,172.31.47.0-255,66,219,96,336666
6177,2.3e-05,172.217.194.0-255,1484,1703,96,336666
6178,2.7e-05,172.31.47.0-255,66,1769,96,336666
6179,3.3e-05,172.217.194.0-255,2902,4671,96,336666
6180,3.5e-05,172.31.47.0-255,66,4737,96,336666
6181,4.3e-05,172.217.194.0-255,7156,11893,96,336666
6182,4.5e-05,172.31.47.0-255,66,11959,96,336666
6183,4.9e-05,172.217.194.0-255,1948,13907,96,336666
6184,5.3e-05,172.31.47.0-255,66,13973,96,336666
6185,5.8e-05,172.217.194.0-255,4320,18293,96,336666
6186,6e-05,172.31.47.0-255,66,18359,96,336666
6187,8.5e-05,172.217.194.0-255,7156,25515,96,336666
6188,8.8e-05,172.31.47.0-255,66,25581,96,336666
6189,0.0001,172.217.194.0-255,2902,28483,96,336666
6190,0.000103,172.31.47.0-255,66,28549,96,336666
6191,0.000123,172.217.194.0-255,2543,31092,96,336666
6192,0.000126,172.31.47.0-255,66,31158,96,336666
6193,0.000157,172.217.194.0-255,1484,32642,96,336666
6194,0.000159,172.31.47.0-255,66,32708,96,336666
6195,0.000164,172.217.194.0-255,2902,35610,96,336666
6196,0.000166,172.31.47.0-255,66,35676,96,336666
6197,0.00017,172.217.194.0-255,2902,38578,96,336666
6198,0.000172,172.31.47.0-255,66,38644,96,336666
6199,0.000186,172.217.194.0-255,2902,41546,96,336666
6200,0.000189,172.31.47.0-255,66,41612,96,336666
6201,0.000196,172.217.194.0-255,6797,48409,96,336666
6202,0.000198,172.31.47.0-255,66,48475,96,336666
6203,0.000255,172.217.194.0-255,4320,52795,96,336666
6204,0.000258,172.31.47.0-255,66,52861,96,336666
6205,0.00029,172.31.47.0-255,66,52927,96,336666
6206,0.000294,172.217.194.0-255,2833,55760,96,336666
6207,0.000296,172.31.47.0-255,66,55826,96,336666
6208,0.000537,172.217.194.0-255,366,56192,96,336666
6209,0.000645,172.217.194.0-255,1484,57676,96,336666
6210,0.00065,172.31.47.0-255,66,57742,96,336666
6211,0.000671,172.217.194.0-255,2902,60644,96,336666
6212,0.000673,172.217.194.0-255,1484,62128,96,336666
6213,0.000676,172.31.47.0-255,66,62194,96,336666
6214,0.000689,172.217.194.0-255,4320,66514,96,336666
6215,0.000692,172.31.47.0-255,66,66580,96,336666
6216,0.000695,172.217.194.0-255,1484,68064,96,336666
6217,0.000733,172.31.47.0-255,66,68130,96,336666
6218,0.000738,172.217.194.0-255,2902,71032,96,336666
6219,0.00074,172.31.47.0-255,66,71098,96,336666
6220,0.000765,172.217.194.0-255,6797,77895,96,336666
6221,0.000769,172.31.47.0-255,66,77961,96,336666
6222,0.001179,172.217.194.0-255,1484,79445,96,336666
6223,0.001184,172.217.194.0-255,1484,80929,96,336666
6224,0.001186,172.31.47.0-255,66,80995,96,336666
6225,0.0012,172.217.194.0-255,1484,82479,96,336666
6226,0.001205,172.217.194.0-255,5738,88217,96,336666
6227,0.001207,172.31.47.0-255,66,88283,96,336666
6228,0.001236,172.217.194.0-255,5738,94021,96,336666
6229,0.001238,172.31.47.0-255,66,94087,96,336666
6230,0.001261,172.217.194.0-255,1484,95571,96,336666
6231,0.001274,172.31.47.0-255,66,95637,96,336666
6232,0.001278,172.217.194.0-255,2184,97821,96,336666
6233,0.001279,172.31.47.0-255,66,97887,96,336666
6234,0.001474,172.217.194.0-255,1484,99371,96,336666
6235,0.001485,172.217.194.0-255,2902,102273,96,336666
6236,0.001488,172.31.47.0-255,66,102339,96,336666
6237,0.001494,172.217.194.0-255,5738,108077,96,336666
6238,0.001496,172.31.47.0-255,66,108143,96,336666
6239,0.001521,172.217.194.0-255,2902,111045,96,336666
6240,0.001525,172.31.47.0-255,66,111111,96,336666
6241,0.001545,172.31.47.0-255,66,111177,96,336666
6242,0.001571,172.217.194.0-255,2902,114079,96,336666
6243,0.001573,172.31.47.0-255,66,114145,96,336666
6244,0.001591,172.31.47.0-255,66,114211,96,336666
6245,0.001744,172.217.194.0-255,1484,115695,96,336666
6246,0.001757,172.217.194.0-255,2902,118597,96,336666
6247,0.00176,172.31.47.0-255,66,118663,96,336666
6248,0.001782,172.217.194.0-255,5738,124401,96,336666
6249,0.001785,172.31.47.0-255,66,124467,96,336666
6250,0.001813,172.31.47.0-255,66,124533,96,336666
6251,0.001833,172.217.194.0-255,4320,128853,96,336666
6252,0.001836,172.31.47.0-255,66,128919,96,336666
6253,0.001853,172.217.194.0-255,6438,135357,96,336666
6254,0.001855,172.31.47.0-255,66,135423,96,336666
6255,0.001915,172.217.194.0-255,1484,136907,96,336666
6256,0.001919,172.217.194.0-255,2902,139809,96,336666
6257,0.001922,172.31.47.0-255,66,139875,96,336666
6258,0.001945,172.217.194.0-255,5738,145613,96,336666
6259,0.001947,172.31.47.0-255,66,145679,96,336666
6260,0.001953,172.217.194.0-255,5738,151417,96,336666
6261,0.001955,172.31.47.0-255,66,151483,96,336666
6262,0.001973,172.217.194.0-255,7156,158639,96,336666
6263,0.001975,172.31.47.0-255,66,158705,96,336666
6264,0.001985,172.31.47.0-255,66,158771,96,336666
6265,0.002004,172.217.194.0-255,2184,160955,96,336666
6266,0.002007,172.31.47.0-255,66,161021,96,336666
6267,0.002012,172.217.194.0-255,4320,165341,96,336666
6268,0.002013,172.31.47.0-255,66,165407,96,336666
6269,0.004002,172.217.194.0-255,5738,171145,96,336666
6270,0.004009,172.31.47.0-255,66,171211,96,336666
6271,0.005997,172.217.194.0-255,4320,175531,96,336666
6272,0.006,172.31.47.0-255,66,175597,96,336666
6273,0.006035,172.217.194.0-255,1484,177081,96,336666
6274,0.007975,172.217.194.0-255,4320,181401,96,336666
6275,0.007982,172.31.47.0-255,66,181467,96,336666
6276,0.009972,172.217.194.0-255,5738,187205,96,336666
6277,0.009979,172.31.47.0-255,66,187271,96,336666
6278,0.011958,172.217.194.0-255,5738,193009,96,336666
6279,0.011966,172.31.47.0-255,66,193075,96,336666
6280,0.013948,172.217.194.0-255,5738,198813,96,336666
6281,0.013953,172.31.47.0-255,66,198879,96,336666
6282,0.015918,172.217.194.0-255,5738,204617,96,336666
6283,0.015924,172.31.47.0-255,66,204683,96,336666
6284,0.017916,172.217.194.0-255,5738,210421,96,336666
6285,0.017926,172.31.47.0-255,66,210487,96,336666
6286,0.019893,172.217.194.0-255,5738,216225,96,336666
6287,0.019905,172.31.47.0-255,66,216291,96,336666
6288,0.021877,172.217.194.0-255,5738,222029,96,336666
6289,0.021884,172.31.47.0-255,66,222095,96,336666
6290,0.02391,172.217.194.0-255,5738,227833,96,336666
6291,0.023917,172.31.47.0-255,66,227899,96,336666
6292,0.025879,172.217.194.0-255,5738,233637,96,336666
6293,0.025886,172.31.47.0-255,66,233703,96,336666
6294,0.027856,172.217.194.0-255,5738,239441,96,336666
6295,0.027862,172.31.47.0-255,66,239507,96,336666
6296,0.029861,172.217.194.0-255,5738,245245,96,336666
6297,0.029866,172.31.47.0-255,66,245311,96,336666
6298,0.030869,172.31.47.0-255,172,245483,96,336666
6299,0.030897,172.31.47.0-255,1109,246592,96,336666
6300,0.030954,172.31.47.0-255,1514,248106,96,336666
6301,0.030956,172.31.47.0-255,1302,249408,96,336666
6302,0.031842,172.217.194.0-255,5738,255146,96,336666
6303,0.031848,172.31.47.0-255,66,255212,96,336666
6304,0.032419,104.244.42.0-255,66,255278,96,336666
6305,0.032447,104.244.42.0-255,66,255344,96,336666
6306,0.032499,104.244.42.0-255,66,255410,96,336666
6307,0.033826,172.217.194.0-255,5738,261148,96,336666
6308,0.033831,172.31.47.0-255,66,261214,96,336666
6309,0.035809,172.217.194.0-255,5738,266952,96,336666
6310,0.035814,172.31.47.0-255,66,267018,96,336666
6311,0.0378,172.217.194.0-255,5738,272756,96,336666
6312,0.037807,172.31.47.0-255,66,272822,96,336666
6313,0.039777,172.217.194.0-255,5738,278560,96,336666
6314,0.039783,172.31.47.0-255,66,278626,96,336666
6315,0.041769,172.217.194.0-255,5738,284364,96,336666
6316,0.041775,172.31.47.0-255,66,284430,96,336666
6317,0.043761,172.217.194.0-255,5738,290168,96,336666
6318,0.043767,172.31.47.0-255,66,290234,96,336666
6319,0.045759,172.217.194.0-255,5738,295972,96,336666
6320,0.045768,172.31.47.0-255,66,296038,96,336666
6321,0.047782,172.217.194.0-255,5738,301776,96,336666
6322,0.047789,172.31.47.0-255,66,301842,96,336666
6323,0.049792,172.217.194.0-255,5738,307580,96,336666
6324,0.049799,172.31.47.0-255,66,307646,96,336666
6325,0.051796,172.217.194.0-255,5738,313384,96,336666
6326,0.051802,172.31.47.0-255,66,313450,96,336666
6327,0.053798,172.217.194.0-255,5738,319188,96,336666
6328,0.053803,172.31.47.0-255,66,319254,96,336666
6329,0.055855,172.217.194.0-255,5738,324992,96,336666
6330,0.055861,172.31.47.0-255,66,325058,96,336666
6331,0.057825,172.217.194.0-255,5738,330796,96,336666
6332,0.057833,172.31.47.0-255,66,330862,96,336666
6333,0.059797,172.217.194.0-255,5738,336600,96,336666
6334,0.059804,172.31.47.0-255,66,336666,96,336666
6335,0.0,74.125.24.0-255,297,297,96,285989
6336,2.9e-05,172.31.47.0-255,66,363,96,285989
6337,3.6e-05,74.125.24.0-255,1484,1847,96,285989
6338,4e-05,172.31.47.0-255,66,1913,96,285989
6339,4.5e-05,74.125.24.0-255,2902,4815,96,285989
6340,4.8e-05,172.31.47.0-255,66,4881,96,285989
6341,6.5e-05,74.125.24.0-255,1484,6365,96,285989
6342,6.7e-05,172.31.47.0-255,66,6431,96,285989
6343,8.1e-05,74.125.24.0-255,1484,7915,96,285989
6344,8.3e-05,172.31.47.0-255,66,7981,96,285989
6345,0.000105,172.31.47.0-255,66,8047,96,285989
6346,0.000122,74.125.24.0-255,4320,12367,96,285989
6347,0.000125,172.31.47.0-255,66,12433,96,285989
6348,0.000154,74.125.24.0-255,5738,18171,96,285989
6349,0.000156,172.31.47.0-255,66,18237,96,285989
6350,0.000177,172.31.47.0-255,66,18303,96,285989
6351,0.000179,74.125.24.0-255,766,19069,96,285989
6352,0.000182,172.31.47.0-255,66,19135,96,285989
6353,0.000185,74.125.24.0-255,1484,20619,96,285989
6354,0.000187,172.31.47.0-255,66,20685,96,285989
6355,0.000191,74.125.24.0-255,2902,23587,96,285989
6356,0.000193,172.31.47.0-255,66,23653,96,285989
6357,0.000195,74.125.24.0-255,1484,25137,96,285989
6358,0.000198,172.31.47.0-255,66,25203,96,285989
6359,0.000204,74.125.24.0-255,5738,30941,96,285989
6360,0.000208,172.31.47.0-255,66,31007,96,285989
6361,0.000232,74.125.24.0-255,4320,35327,96,285989
6362,0.000236,172.31.47.0-255,66,35393,96,285989
6363,0.000252,74.125.24.0-255,1400,36793,96,285989
6364,0.000255,172.31.47.0-255,66,36859,96,285989
6365,0.000271,74.125.24.0-255,130,36989,96,285989
6366,0.000355,74.125.24.0-255,1484,38473,96,285989
6367,0.000359,172.31.47.0-255,66,38539,96,285989
6368,0.000364,74.125.24.0-255,2902,41441,96,285989
6369,0.000366,172.31.47.0-255,66,41507,96,285989
6370,0.000372,74.125.24.0-255,4320,45827,96,285989
6371,0.000374,172.31.47.0-255,66,45893,96,285989
6372,0.000395,74.125.24.0-255,1484,47377,96,285989
6373,0.000402,74.125.24.0-255,5738,53115,96,285989
6374,0.000405,172.31.47.0-255,66,53181,96,285989
6375,0.00041,74.125.24.0-255,2902,56083,96,285989
6376,0.000411,172.31.47.0-255,66,56149,96,285989
6377,0.000443,172.31.47.0-255,66,56215,96,285989
6378,0.000448,74.125.24.0-255,4220,60435,96,285989
6379,0.00045,172.31.47.0-255,66,60501,96,285989
6380,0.001592,74.125.24.0-255,1484,61985,96,285989
6381,0.001602,74.125.24.0-255,2902,64887,96,285989
6382,0.001606,172.31.47.0-255,66,64953,96,285989
6383,0.001615,74.125.24.0-255,5738,70691,96,285989
6384,0.001617,172.31.47.0-255,66,70757,96,285989
6385,0.001647,74.125.24.0-255,7156,77913,96,285989
6386,0.00165,172.31.47.0-255,66,77979,96,285989
6387,0.001653,74.125.24.0-255,1484,79463,96,285989
6388,0.001667,74.125.24.0-255,4320,83783,96,285989
6389,0.00167,172.31.47.0-255,66,83849,96,285989
6390,0.001692,74.125.24.0-255,2902,86751,96,285989
6391,0.001695,172.31.47.0-255,66,86817,96,285989
6392,0.001705,172.31.47.0-255,66,86883,96,285989
6393,0.001739,74.125.24.0-255,4320,91203,96,285989
6394,0.001742,172.31.47.0-255,66,91269,96,285989
6395,0.001746,74.125.24.0-255,2902,94171,96,285989
6396,0.001749,172.31.47.0-255,66,94237,96,285989
6397,0.001763,74.125.24.0-255,2902,97139,96,285989
6398,0.001765,172.31.47.0-255,66,97205,96,285989
6399,0.001771,74.125.24.0-255,5738,102943,96,285989
6400,0.001773,172.31.47.0-255,66,103009,96,285989
6401,0.001789,74.125.24.0-255,5738,108747,96,285989
6402,0.001792,172.31.47.0-255,66,108813,96,285989
6403,0.001803,172.31.47.0-255,66,108879,96,285989
6404,0.001842,74.125.24.0-255,2184,111063,96,285989
6405,0.001845,172.31.47.0-255,66,111129,96,285989
6406,0.003715,74.125.24.0-255,2902,114031,96,285989
6407,0.003719,172.31.47.0-255,66,114097,96,285989
6408,0.003758,74.125.24.0-255,2902,116999,96,285989
6409,0.00376,172.31.47.0-255,66,117065,96,285989
6410,0.005636,74.125.24.0-255,2902,119967,96,285989
6411,0.005638,172.31.47.0-255,66,120033,96,285989
6412,0.005665,74.125.24.0-255,2902,122935,96,285989
6413,0.005668,172.31.47.0-255,66,123001,96,285989
6414,0.007572,74.125.24.0-255,5738,128739,96,285989
6415,0.007579,172.31.47.0-255,66,128805,96,285989
6416,0.00952,74.125.24.0-255,5738,134543,96,285989
6417,0.009528,172.31.47.0-255,66,134609,96,285989
6418,0.011427,74.125.24.0-255,5738,140347,96,285989
6419,0.011433,172.31.47.0-255,66,140413,96,285989
6420,0.013397,74.125.24.0-255,5738,146151,96,285989
6421,0.013403,172.31.47.0-255,66,146217,96,285989
6422,0.015315,74.125.24.0-255,5738,151955,96,285989
6423,0.015323,172.31.47.0-255,66,152021,96,285989
6424,0.017275,74.125.24.0-255,5738,157759,96,285989
6425,0.017289,172.31.47.0-255,66,157825,96,285989
6426,0.019227,74.125.24.0-255,5738,163563,96,285989
6427,0.019234,172.31.47.0-255,66,163629,96,285989
6428,0.021175,74.125.24.0-255,5738,169367,96,285989
6429,0.021181,172.31.47.0-255,66,169433,96,285989
6430,0.023116,74.125.24.0-255,5738,175171,96,285989
6431,0.023121,172.31.47.0-255,66,175237,96,285989
6432,0.025024,74.125.24.0-255,4320,179557,96,285989
6433,0.02503,172.31.47.0-255,66,179623,96,285989
6434,0.025063,74.125.24.0-255,1484,181107,96,285989
6435,0.025554,172.31.47.0-255,172,181279,96,285989
6436,0.025588,172.31.47.0-255,1109,182388,96,285989
6437,0.025622,172.31.47.0-255,1514,183902,96,285989
6438,0.025624,172.31.47.0-255,1514,185416,96,285989
6439,0.025625,172.31.47.0-255,1514,186930,96,285989
6440,0.025626,172.31.47.0-255,1083,188013,96,285989
6441,0.026949,74.125.24.0-255,4320,192333,96,285989
6442,0.026954,172.31.47.0-255,66,192399,96,285989
6443,0.027085,104.244.42.0-255,66,192465,96,285989
6444,0.027129,104.244.42.0-255,66,192531,96,285989
6445,0.027177,104.244.42.0-255,66,192597,96,285989
6446,0.027181,104.244.42.0-255,66,192663,96,285989
6447,0.028927,74.125.24.0-255,5738,198401,96,285989
6448,0.028934,172.31.47.0-255,66,198467,96,285989
6449,0.03087,74.125.24.0-255,4320,202787,96,285989
6450,0.030874,172.31.47.0-255,66,202853,96,285989
6451,0.030902,74.125.24.0-255,1484,204337,96,285989
6452,0.032808,74.125.24.0-255,4320,208657,96,285989
6453,0.032812,172.31.47.0-255,66,208723,96,285989
6454,0.034736,74.125.24.0-255,4320,213043,96,285989
6455,0.034741,172.31.47.0-255,66,213109,96,285989
6456,0.034767,74.125.24.0-255,1484,214593,96,285989
6457,0.03665,74.125.24.0-255,4320,218913,96,285989
6458,0.036654,172.31.47.0-255,66,218979,96,285989
6459,0.038603,74.125.24.0-255,5738,224717,96,285989
6460,0.038608,172.31.47.0-255,66,224783,96,285989
6461,0.040523,74.125.24.0-255,4320,229103,96,285989
6462,0.040528,172.31.47.0-255,66,229169,96,285989
6463,0.040556,74.125.24.0-255,1484,230653,96,285989
6464,0.042453,74.125.24.0-255,4320,234973,96,285989
6465,0.042457,172.31.47.0-255,66,235039,96,285989
6466,0.044397,74.125.24.0-255,4320,239359,96,285989
6467,0.044401,172.31.47.0-255,66,239425,96,285989
6468,0.044429,74.125.24.0-255,1484,240909,96,285989
6469,0.046337,74.125.24.0-255,4320,245229,96,285989
6470,0.046341,172.31.47.0-255,66,245295,96,285989
6471,0.048275,74.125.24.0-255,5738,251033,96,285989
6472,0.04828,172.31.47.0-255,66,251099,96,285989
6473,0.050204,74.125.24.0-255,5738,256837,96,285989
6474,0.050211,172.31.47.0-255,66,256903,96,285989
6475,0.052154,74.125.24.0-255,5738,262641,96,285989
6476,0.05216,172.31.47.0-255,66,262707,96,285989
6477,0.054108,74.125.24.0-255,5738,268445,96,285989
6478,0.054112,172.31.47.0-255,66,268511,96,285989
6479,0.056019,74.125.24.0-255,1484,269995,96,285989
6480,0.056046,74.125.24.0-255,4320,274315,96,285989
6481,0.05605,172.31.47.0-255,66,274381,96,285989
6482,0.057953,74.125.24.0-255,5738,280119,96,285989
6483,0.057958,172.31.47.0-255,66,280185,96,285989
6484,0.059889,74.125.24.0-255,5738,285923,96,285989
6485,0.059894,172.31.47.0-255,66,285989,96,285989
6486,0.0,172.31.47.0-255,105,105,96,276
6487,0.001507,157.240.13.0-255,105,210,96,276
6488,0.001521,172.31.47.0-255,66,276,96,276
6489,0.0,74.125.68.0-255,153,153,96,352971
6490,3.1e-05,172.31.47.0-255,66,219,96,352971
6491,3.7e-05,74.125.68.0-255,1484,1703,96,352971
6492,4.1e-05,172.31.47.0-255,66,1769,96,352971
6493,4.5e-05,74.125.68.0-255,2902,4671,96,352971
6494,4.8e-05,172.31.47.0-255,66,4737,96,352971
6495,5e-05,74.125.68.0-255,1484,6221,96,352971
6496,5.2e-05,172.31.47.0-255,66,6287,96,352971
6497,6.9e-05,74.125.68.0-255,1484,7771,96,352971
6498,7.1e-05,172.31.47.0-255,66,7837,96,352971
6499,9e-05,74.125.68.0-255,1484,9321,96,352971
6500,9.2e-05,172.31.47.0-255,66,9387,96,352971
6501,0.000109,74.125.68.0-255,4899,14286,96,352971
6502,0.000111,172.31.47.0-255,66,14352,96,352971
6503,0.000152,74.125.68.0-255,2902,17254,96,352971
6504,0.000155,172.31.47.0-255,66,17320,96,352971
6505,0.000172,74.125.68.0-255,2902,20222,96,352971
6506,0.000174,172.31.47.0-255,66,20288,96,352971
6507,0.000177,74.125.68.0-255,1484,21772,96,352971
6508,0.000178,172.31.47.0-255,66,21838,96,352971
6509,0.000196,74.125.68.0-255,5738,27576,96,352971
6510,0.000198,172.31.47.0-255,66,27642,96,352971
6511,0.000203,74.125.68.0-255,3961,31603,96,352971
6512,0.000204,172.31.47.0-255,66,31669,96,352971
6513,0.000297,74.125.68.0-255,1484,33153,96,352971
6514,0.000301,172.31.47.0-255,66,33219,96,352971
6515,0.000326,74.125.68.0-255,2902,36121,96,352971
6516,0.000329,172.31.47.0-255,66,36187,96,352971
6517,0.000347,74.125.68.0-255,1484,37671,96,352971
6518,0.000349,172.31.47.0-255,66,37737,96,352971
6519,0.000363,74.125.68.0-255,2902,40639,96,352971
6520,0.000366,172.31.47.0-255,66,40705,96,352971
6521,0.000369,74.125.68.0-255,1484,42189,96,352971
6522,0.000389,74.125.68.0-255,4320,46509,96,352971
6523,0.000393,172.31.47.0-255,66,46575,96,352971
6524,0.000407,74.125.68.0-255,2543,49118,96,352971
6525,0.000409,172.31.47.0-255,66,49184,96,352971
6526,0.000591,74.125.68.0-255,1484,50668,96,352971
6527,0.000614,74.125.68.0-255,1484,52152,96,352971
6528,0.000617,172.31.47.0-255,66,52218,96,352971
6529,0.000657,74.125.68.0-255,2902,55120,96,352971
6530,0.00066,172.31.47.0-255,66,55186,96,352971
6531,0.000665,74.125.68.0-255,1484,56670,96,352971
6532,0.000668,74.125.68.0-255,1484,58154,96,352971
6533,0.000669,172.31.47.0-255,66,58220,96,352971
6534,0.000685,74.125.68.0-255,1484,59704,96,352971
6535,0.000689,74.125.68.0-255,2902,62606,96,352971
6536,0.000691,172.31.47.0-255,66,62672,96,352971
6537,0.000712,74.125.68.0-255,2902,65574,96,352971
6538,0.000714,172.31.47.0-255,66,65640,96,352971
6539,0.000716,74.125.68.0-255,1125,66765,96,352971
6540,0.000764,74.125.68.0-255,1484,68249,96,352971
6541,0.000768,172.31.47.0-255,66,68315,96,352971
6542,0.000771,74.125.68.0-255,1484,69799,96,352971
6543,0.000786,74.125.68.0-255,1484,71283,96,352971
6544,0.000788,172.31.47.0-255,66,71349,96,352971
6545,0.00081,74.125.68.0-255,5738,77087,96,352971
6546,0.000813,172.31.47.0-255,66,77153,96,352971
6547,0.000817,74.125.68.0-255,2902,80055,96,352971
6548,0.000818,172.31.47.0-255,66,80121,96,352971
6549,0.000823,74.125.68.0-255,2902,83023,96,352971
6550,0.000824,172.31.47.0-255,66,83089,96,352971
6551,0.00084,74.125.68.0-255,1125,84214,96,352971
6552,0.000864,74.125.68.0-255,1484,85698,96,352971
6553,0.000867,172.31.47.0-255,66,85764,96,352971
6554,0.000885,74.125.68.0-255,7156,92920,96,352971
6555,0.000888,172.31.47.0-255,66,92986,96,352971
6556,0.000948,74.125.68.0-255,2902,95888,96,352971
6557,0.000951,172.31.47.0-255,66,95954,96,352971
6558,0.00097,74.125.68.0-255,5379,101333,96,352971
6559,0.000972,172.31.47.0-255,66,101399,96,352971
6560,0.001146,74.125.68.0-255,1484,102883,96,352971
6561,0.001161,74.125.68.0-255,2902,105785,96,352971
6562,0.001165,172.31.47.0-255,66,105851,96,352971
6563,0.001198,74.125.68.0-255,1484,107335,96,352971
6564,0.001214,74.125.68.0-255,1484,108819,96,352971
6565,0.001215,172.31.47.0-255,66,108885,96,352971
6566,0.00122,74.125.68.0-255,4320,113205,96,352971
6567,0.001222,172.31.47.0-255,66,113271,96,352971
6568,0.00125,74.125.68.0-255,1484,114755,96,352971
6569,0.001264,74.125.68.0-255,5738,120493,96,352971
6570,0.001266,172.31.47.0-255,66,120559,96,352971
6571,0.001282,74.125.68.0-255,1484,122043,96,352971
6572,0.001286,74.125.68.0-255,4320,126363,96,352971
6573,0.001288,172.31.47.0-255,66,126429,96,352971
6574,0.00129,74.125.68.0-255,1484,127913,96,352971
6575,0.00132,74.125.68.0-255,1484,129397,96,352971
6576,0.001323,172.31.47.0-255,66,129463,96,352971
6577,0.001325,74.125.68.0-255,1484,130947,96,352971
6578,0.001338,74.125.68.0-255,1484,132431,96,352971
6579,0.00134,172.31.47.0-255,66,132497,96,352971
6580,0.001403,74.125.68.0-255,1484,133981,96,352971
6581,0.001422,74.125.68.0-255,1484,135465,96,352971
6582,0.001423,172.31.47.0-255,66,135531,96,352971
6583,0.001496,74.125.68.0-255,766,136297,96,352971
6584,0.001814,74.125.68.0-255,1484,137781,96,352971
6585,0.001817,172.31.47.0-255,66,137847,96,352971
6586,0.001833,74.125.68.0-255,2902,140749,96,352971
6587,0.001835,172.31.47.0-255,66,140815,96,352971
6588,0.001861,74.125.68.0-255,4320,145135,96,352971
6589,0.001863,172.31.47.0-255,66,145201,96,352971
6590,0.001874,74.125.68.0-255,1484,146685,96,352971
6591,0.001888,74.125.68.0-255,4320,151005,96,352971
6592,0.001891,172.31.47.0-255,66,151071,96,352971
6593,0.001911,74.125.68.0-255,1484,152555,96,352971
6594,0.001917,74.125.68.0-255,7156,159711,96,352971
6595,0.00192,172.31.47.0-255,66,159777,96,352971
6596,0.001932,74.125.68.0-255,1484,161261,96,352971
6597,0.001949,74.125.68.0-255,7156,168417,96,352971
6598,0.001952,172.31.47.0-255,66,168483,96,352971
6599,0.001974,74.125.68.0-255,2184,170667,96,352971
6600,0.001976,172.31.47.0-255,66,170733,96,352971
6601,0.00199,74.125.68.0-255,4320,175053,96,352971
6602,0.001992,172.31.47.0-255,66,175119,96,352971
6603,0.002015,74.125.68.0-255,1484,176603,96,352971
6604,0.002022,74.125.68.0-255,7156,183759,96,352971
6605,0.002024,172.31.47.0-255,66,183825,96,352971
6606,0.002055,172.31.47.0-255,66,183891,96,352971
6607,0.002109,74.125.68.0-255,6438,190329,96,352971
6608,0.002112,172.31.47.0-255,66,190395,96,352971
6609,0.004156,74.125.68.0-255,2902,193297,96,352971
6610,0.004159,172.31.47.0-255,66,193363,96,352971
6611,0.004176,74.125.68.0-255,2902,196265,96,352971
6612,0.004178,172.31.47.0-255,66,196331,96,352971
6613,0.006205,74.125.68.0-255,4320,200651,96,352971
6614,0.006212,172.31.47.0-255,66,200717,96,352971
6615,0.00623,74.125.68.0-255,1484,202201,96,352971
6616,0.008271,74.125.68.0-255,4320,206521,96,352971
6617,0.008277,172.31.47.0-255,66,206587,96,352971
6618,0.010355,74.125.68.0-255,5738,212325,96,352971
6619,0.010364,172.31.47.0-255,66,212391,96,352971
6620,0.012395,74.125.68.0-255,4320,216711,96,352971
6621,0.012401,172.31.47.0-255,66,216777,96,352971
6622,0.012415,74.125.68.0-255,1484,218261,96,352971
6623,0.014444,74.125.68.0-255,4320,222581,96,352971
6624,0.014452,172.31.47.0-255,66,222647,96,352971
6625,0.016501,74.125.68.0-255,4320,226967,96,352971
6626,0.016508,172.31.47.0-255,66,227033,96,352971
6627,0.016536,74.125.68.0-255,1484,228517,96,352971
6628,0.018566,74.125.68.0-255,4320,232837,96,352971
6629,0.018572,172.31.47.0-255,66,232903,96,352971
6630,0.020623,74.125.68.0-255,5738,238641,96,352971
6631,0.02063,172.31.47.0-255,66,238707,96,352971
6632,0.022116,172.31.47.0-255,172,238879,96,352971
6633,0.022145,172.31.47.0-255,1105,239984,96,352971
6634,0.022182,172.31.47.0-255,1514,241498,96,352971
6635,0.022184,172.31.47.0-255,339,241837,96,352971
6636,0.022673,74.125.68.0-255,5738,247575,96,352971
6637,0.022679,172.31.47.0-255,66,247641,96,352971
6638,0.023651,104.244.42.0-255,66,247707,96,352971
6639,0.023704,104.244.42.0-255,66,247773,96,352971
6640,0.023748,104.244.42.0-255,66,247839,96,352971
6641,0.024736,74.125.68.0-255,5738,253577,96,352971
6642,0.02474,172.31.47.0-255,66,253643,96,352971
6643,0.026784,74.125.68.0-255,2902,256545,96,352971
6644,0.026789,172.31.47.0-255,66,256611,96,352971
6645,0.026804,74.125.68.0-255,2902,259513,96,352971
6646,0.026807,172.31.47.0-255,66,259579,96,352971
6647,0.02883,74.125.68.0-255,2902,262481,96,352971
6648,0.028832,172.31.47.0-255,66,262547,96,352971
6649,0.028847,74.125.68.0-255,2902,265449,96,352971
6650,0.028849,172.31.47.0-255,66,265515,96,352971
6651,0.030883,74.125.68.0-255,5738,271253,96,352971
6652,0.030889,172.31.47.0-255,66,271319,96,352971
6653,0.032955,74.125.68.0-255,5738,277057,96,352971
6654,0.032961,172.31.47.0-255,66,277123,96,352971
6655,0.035001,74.125.68.0-255,2902,280025,96,352971
6656,0.035005,172.31.47.0-255,66,280091,96,352971
6657,0.035032,74.125.68.0-255,2902,282993,96,352971
6658,0.035035,172.31.47.0-255,66,283059,96,352971
6659,0.037045,74.125.68.0-255,2902,285961,96,352971
6660,0.037051,172.31.47.0-255,66,286027,96,352971
6661,0.037082,74.125.68.0-255,2902,288929,96,352971
6662,0.037085,172.31.47.0-255,66,288995,96,352971
6663,0.039117,74.125.68.0-255,2902,291897,96,352971
6664,0.039132,172.31.47.0-255,66,291963,96,352971
6665,0.039155,74.125.68.0-255,2902,294865,96,352971
6666,0.039158,172.31.47.0-255,66,294931,96,352971
6667,0.041187,74.125.68.0-255,5738,300669,96,352971
6668,0.041199,172.31.47.0-255,66,300735,96,352971
6669,0.043277,74.125.68.0-255,5738,306473,96,352971
6670,0.043292,172.31.47.0-255,66,306539,96,352971
6671,0.045351,74.125.68.0-255,5738,312277,96,352971
6672,0.045369,172.31.47.0-255,66,312343,96,352971
6673,0.047448,74.125.68.0-255,5738,318081,96,352971
6674,0.047461,172.31.47.0-255,66,318147,96,352971
6675,0.049531,74.125.68.0-255,5738,323885,96,352971
6676,0.049551,172.31.47.0-255,66,323951,96,352971
6677,0.051613,74.125.68.0-255,5738,329689,96,352971
6678,0.051627,172.31.47.0-255,66,329755,96,352971
6679,0.053695,74.125.68.0-255,5738,335493,96,352971
6680,0.053712,172.31.47.0-255,66,335559,96,352971
6681,0.055779,74.125.68.0-255,5738,341297,96,352971
6682,0.055794,172.31.47.0-255,66,341363,96,352971
6683,0.057857,74.125.68.0-255,5738,347101,96,352971
6684,0.057871,172.31.47.0-255,66,347167,96,352971
6685,0.059943,74.125.68.0-255,5738,352905,96,352971
6686,0.05996,172.31.47.0-255,66,352971,96,352971
6687,0.0,74.125.68.0-255,153,153,96,255127
6688,1.7e-05,172.31.47.0-255,66,219,96,255127
6689,2.3e-05,74.125.68.0-255,1484,1703,96,255127
6690,2.7e-05,172.31.47.0-255,66,1769,96,255127
6691,4.9e-05,74.125.68.0-255,2902,4671,96,255127
6692,5.2e-05,172.31.47.0-255,66,4737,96,255127
6693,5.9e-05,74.125.68.0-255,4320,9057,96,255127
6694,6.1e-05,172.31.47.0-255,66,9123,96,255127
6695,8.9e-05,74.125.68.0-255,1484,10607,96,255127
6696,9.1e-05,172.31.47.0-255,66,10673,96,255127
6697,9.6e-05,74.125.68.0-255,3403,14076,96,255127
6698,9.8e-05,172.31.47.0-255,66,14142,96,255127
6699,0.000178,74.125.68.0-255,1484,15626,96,255127
6700,0.000181,172.31.47.0-255,66,15692,96,255127
6701,0.000184,74.125.68.0-255,1484,17176,96,255127
6702,0.000186,172.31.47.0-255,66,17242,96,255127
6703,0.000199,74.125.68.0-255,1484,18726,96,255127
6704,0.0002,172.31.47.0-255,66,18792,96,255127
6705,0.000229,74.125.68.0-255,2902,21694,96,255127
6706,0.000231,172.31.47.0-255,66,21760,96,255127
6707,0.000267,74.125.68.0-255,1484,23244,96,255127
6708,0.000269,172.31.47.0-255,66,23310,96,255127
6709,0.000287,74.125.68.0-255,2902,26212,96,255127
6710,0.000289,172.31.47.0-255,66,26278,96,255127
6711,0.000293,74.125.68.0-255,2902,29180,96,255127
6712,0.000295,172.31.47.0-255,66,29246,96,255127
6713,0.000325,74.125.68.0-255,2543,31789,96,255127
6714,0.000327,172.31.47.0-255,66,31855,96,255127
6715,0.000399,74.125.68.0-255,1484,33339,96,255127
6716,0.000402,172.31.47.0-255,66,33405,96,255127
6717,0.000423,74.125.68.0-255,2902,36307,96,255127
6718,0.000425,172.31.47.0-255,66,36373,96,255127
6719,0.000429,74.125.68.0-255,2902,39275,96,255127
6720,0.000432,172.31.47.0-255,66,39341,96,255127
6721,0.000479,74.125.68.0-255,4320,43661,96,255127
6722,0.000483,172.31.47.0-255,66,43727,96,255127
6723,0.000486,74.125.68.0-255,1484,45211,96,255127
6724,0.000488,74.125.68.0-255,1484,46695,96,255127
6725,0.00049,172.31.47.0-255,66,46761,96,255127
6726,0.000501,74.125.68.0-255,1484,48245,96,255127
6727,0.000515,74.125.68.0-255,2902,51147,96,255127
6728,0.000517,172.31.47.0-255,66,51213,96,255127
6729,0.000537,74.125.68.0-255,3961,55174,96,255127
6730,0.00054,172.31.47.0-255,66,55240,96,255127
6731,0.000543,74.125.68.0-255,2902,58142,96,255127
6732,0.000545,172.31.47.0-255,66,58208,96,255127
6733,0.000587,74.125.68.0-255,1484,59692,96,255127
6734,0.000607,74.125.68.0-255,7106,66798,96,255127
6735,0.00061,172.31.47.0-255,66,66864,96,255127
6736,0.000914,74.125.68.0-255,111,66975,96,255127
6737,0.000944,74.125.68.0-255,332,67307,96,255127
6738,0.001023,172.31.47.0-255,66,67373,96,255127
6739,0.001534,74.125.68.0-255,1484,68857,96,255127
6740,0.001544,74.125.68.0-255,2902,71759,96,255127
6741,0.001547,172.31.47.0-255,66,71825,96,255127
6742,0.001567,74.125.68.0-255,4320,76145,96,255127
6743,0.00157,172.31.47.0-255,66,76211,96,255127
6744,0.001595,172.31.47.0-255,66,76277,96,255127
6745,0.0016,74.125.68.0-255,4320,80597,96,255127
6746,0.001602,172.31.47.0-255,66,80663,96,255127
6747,0.001652,74.125.68.0-255,4320,84983,96,255127
6748,0.001655,172.31.47.0-255,66,85049,96,255127
6749,0.001683,172.31.47.0-255,66,85115,96,255127
6750,0.003626,74.125.68.0-255,5738,90853,96,255127
6751,0.003632,172.31.47.0-255,66,90919,96,255127
6752,0.00558,74.125.68.0-255,4320,95239,96,255127
6753,0.005583,172.31.47.0-255,66,95305,96,255127
6754,0.005599,74.125.68.0-255,1484,96789,96,255127
6755,0.00754,74.125.68.0-255,4320,101109,96,255127
6756,0.007547,172.31.47.0-255,66,101175,96,255127
6757,0.00952,74.125.68.0-255,5738,106913,96,255127
6758,0.009531,172.31.47.0-255,66,106979,96,255127
6759,0.011535,74.125.68.0-255,5738,112717,96,255127
6760,0.011545,172.31.47.0-255,66,112783,96,255127
6761,0.013524,74.125.68.0-255,5738,118521,96,255127
6762,0.013536,172.31.47.0-255,66,118587,96,255127
6763,0.015487,74.125.68.0-255,5738,124325,96,255127
6764,0.015495,172.31.47.0-255,66,124391,96,255127
6765,0.01746,74.125.68.0-255,5738,130129,96,255127
6766,0.017467,172.31.47.0-255,66,130195,96,255127
6767,0.019478,74.125.68.0-255,5738,135933,96,255127
6768,0.019486,172.31.47.0-255,66,135999,96,255127
6769,0.021438,74.125.68.0-255,5738,141737,96,255127
6770,0.021444,172.31.47.0-255,66,141803,96,255127
6771,0.022155,172.31.47.0-255,172,141975,96,255127
6772,0.022181,172.31.47.0-255,1110,143085,96,255127
6773,0.022238,172.31.47.0-255,1514,144599,96,255127
6774,0.02224,172.31.47.0-255,1301,145900,96,255127
6775,0.023392,74.125.68.0-255,5738,151638,96,255127
6776,0.023399,172.31.47.0-255,66,151704,96,255127
6777,0.023694,104.244.42.0-255,66,151770,96,255127
6778,0.023732,104.244.42.0-255,66,151836,96,255127
6779,0.023781,104.244.42.0-255,66,151902,96,255127
6780,0.025348,74.125.68.0-255,5738,157640,96,255127
6781,0.025354,172.31.47.0-255,66,157706,96,255127
6782,0.027303,74.125.68.0-255,5738,163444,96,255127
6783,0.027309,172.31.47.0-255,66,163510,96,255127
6784,0.029274,74.125.68.0-255,5738,169248,96,255127
6785,0.02928,172.31.47.0-255,66,169314,96,255127
6786,0.031232,74.125.68.0-255,4320,173634,96,255127
6787,0.031237,172.31.47.0-255,66,173700,96,255127
6788,0.031253,74.125.68.0-255,1484,175184,96,255127
6789,0.033184,74.125.68.0-255,4320,179504,96,255127
6790,0.03319,172.31.47.0-255,66,179570,96,255127
6791,0.035153,74.125.68.0-255,5738,185308,96,255127
6792,0.03516,172.31.47.0-255,66,185374,96,255127
6793,0.037119,74.125.68.0-255,5738,191112,96,255127
6794,0.037126,172.31.47.0-255,66,191178,96,255127
6795,0.03919,74.125.68.0-255,5738,196916,96,255127
6796,0.039197,172.31.47.0-255,66,196982,96,255127
6797,0.041183,74.125.68.0-255,5738,202720,96,255127
6798,0.04119,172.31.47.0-255,66,202786,96,255127
6799,0.043155,74.125.68.0-255,5738,208524,96,255127
6800,0.043161,172.31.47.0-255,66,208590,96,255127
6801,0.045117,74.125.68.0-255,5738,214328,96,255127
6802,0.045123,172.31.47.0-255,66,214394,96,255127
6803,0.047114,74.125.68.0-255,5738,220132,96,255127
6804,0.047118,172.31.47.0-255,66,220198,96,255127
6805,0.04907,74.125.68.0-255,5738,225936,96,255127
6806,0.049077,172.31.47.0-255,66,226002,96,255127
6807,0.051038,74.125.68.0-255,5738,231740,96,255127
6808,0.051056,172.31.47.0-255,66,231806,96,255127
6809,0.053017,74.125.68.0-255,5738,237544,96,255127
6810,0.053023,172.31.47.0-255,66,237610,96,255127
6811,0.054986,74.125.68.0-255,5738,243348,96,255127
6812,0.054993,172.31.47.0-255,66,243414,96,255127
6813,0.056954,74.125.68.0-255,5738,249152,96,255127
6814,0.05696,172.31.47.0-255,66,249218,96,255127
6815,0.058307,172.31.47.0-255,105,249323,96,255127
6816,0.05891,74.125.68.0-255,5738,255061,96,255127
6817,0.058915,172.31.47.0-255,66,255127,96,255127
6818,0.0,74.125.24.0-255,152,152,96,300997
6819,2.1e-05,172.31.47.0-255,66,218,96,300997
6820,2.7e-05,74.125.24.0-255,1484,1702,96,300997
6821,3.1e-05,172.31.47.0-255,66,1768,96,300997
6822,3.7e-05,74.125.24.0-255,2902,4670,96,300997
6823,4e-05,172.31.47.0-255,66,4736,96,300997
6824,4.5e-05,74.125.24.0-255,4320,9056,96,300997
6825,4.8e-05,172.31.47.0-255,66,9122,96,300997
6826,7.3e-05,74.125.24.0-255,7156,16278,96,300997
6827,7.6e-05,172.31.47.0-255,66,16344,96,300997
6828,0.0001,74.125.24.0-255,4918,21262,96,300997
6829,0.000103,172.31.47.0-255,66,21328,96,300997
6830,0.000114,172.31.47.0-255,66,21394,96,300997
6831,0.000129,74.125.24.0-255,1484,22878,96,300997
6832,0.000131,172.31.47.0-255,66,22944,96,300997
6833,0.000135,74.125.24.0-255,2902,25846,96,300997
6834,0.000137,172.31.47.0-255,66,25912,96,300997
6835,0.000164,74.125.24.0-255,5738,31650,96,300997
6836,0.000166,172.31.47.0-255,66,31716,96,300997
6837,0.000182,74.125.24.0-255,4320,36036,96,300997
6838,0.000184,172.31.47.0-255,66,36102,96,300997
6839,0.000204,74.125.24.0-255,2543,38645,96,300997
6840,0.000206,172.31.47.0-255,66,38711,96,300997
6841,0.000222,74.125.24.0-255,4320,43031,96,300997
6842,0.000224,172.31.47.0-255,66,43097,96,300997
6843,0.000239,74.125.24.0-255,2902,45999,96,300997
6844,0.000241,172.31.47.0-255,66,46065,96,300997
6845,0.000247,74.125.24.0-255,5738,51803,96,300997
6846,0.000249,172.31.47.0-255,66,51869,96,300997
6847,0.000282,74.125.24.0-255,3961,55830,96,300997
6848,0.000285,172.31.47.0-255,66,55896,96,300997
6849,0.000715,74.125.24.0-255,646,56542,96,300997
6850,0.000862,172.31.47.0-255,66,56608,96,300997
6851,0.00097,74.125.24.0-255,1484,58092,96,300997
6852,0.000979,74.125.24.0-255,2902,60994,96,300997
6853,0.000982,172.31.47.0-255,66,61060,96,300997
6854,0.00099,74.125.24.0-255,5738,66798,96,300997
6855,0.000993,172.31.47.0-255,66,66864,96,300997
6856,0.000998,74.125.24.0-255,4320,71184,96,300997
6857,0.001,172.31.47.0-255,66,71250,96,300997
6858,0.001054,172.31.47.0-255,66,71316,96,300997
6859,0.001064,172.31.47.0-255,66,71382,96,300997
6860,0.001371,74.125.24.0-255,1484,72866,96,300997
6861,0.001379,74.125.24.0-255,2902,75768,96,300997
6862,0.001384,172.31.47.0-255,66,75834,96,300997
6863,0.001392,74.125.24.0-255,5738,81572,96,300997
6864,0.001394,172.31.47.0-255,66,81638,96,300997
6865,0.001399,74.125.24.0-255,2902,84540,96,300997
6866,0.001402,172.31.47.0-255,66,84606,96,300997
6867,0.001438,172.31.47.0-255,66,84672,96,300997
6868,0.001454,74.125.24.0-255,4320,88992,96,300997
6869,0.001456,172.31.47.0-255,66,89058,96,300997
6870,0.001476,74.125.24.0-255,6438,95496,96,300997
6871,0.001479,172.31.47.0-255,66,95562,96,300997
6872,0.00153,74.125.24.0-255,1484,97046,96,300997
6873,0.001536,74.125.24.0-255,2902,99948,96,300997
6874,0.00154,172.31.47.0-255,66,100014,96,300997
6875,0.001565,74.125.24.0-255,2902,102916,96,300997
6876,0.001568,172.31.47.0-255,66,102982,96,300997
6877,0.001588,74.125.24.0-255,2902,105884,96,300997
6878,0.00159,172.31.47.0-255,66,105950,96,300997
6879,0.001605,172.31.47.0-255,66,106016,96,300997
6880,0.001608,74.125.24.0-255,1484,107500,96,300997
6881,0.001631,172.31.47.0-255,66,107566,96,300997
6882,0.001832,74.125.24.0-255,1484,109050,96,300997
6883,0.001839,74.125.24.0-255,2902,111952,96,300997
6884,0.001844,172.31.47.0-255,66,112018,96,300997
6885,0.001852,74.125.24.0-255,5738,117756,96,300997
6886,0.001854,172.31.47.0-255,66,117822,96,300997
6887,0.001859,74.125.24.0-255,2902,120724,96,300997
6888,0.001861,172.31.47.0-255,66,120790,96,300997
6889,0.001883,74.125.24.0-255,2902,123692,96,300997
6890,0.001885,172.31.47.0-255,66,123758,96,300997
6891,0.001899,172.31.47.0-255,66,123824,96,300997
6892,0.001904,74.125.24.0-255,2902,126726,96,300997
6893,0.001906,172.31.47.0-255,66,126792,96,300997
6894,0.001927,74.125.24.0-255,2184,128976,96,300997
6895,0.001929,172.31.47.0-255,66,129042,96,300997
6896,0.002085,74.125.24.0-255,1484,130526,96,300997
6897,0.002089,74.125.24.0-255,2902,133428,96,300997
6898,0.002091,172.31.47.0-255,66,133494,96,300997
6899,0.002112,74.125.24.0-255,5738,139232,96,300997
6900,0.002114,172.31.47.0-255,66,139298,96,300997
6901,0.002119,74.125.24.0-255,5738,145036,96,300997
6902,0.002121,172.31.47.0-255,66,145102,96,300997
6903,0.002123,74.125.24.0-255,1484,146586,96,300997
6904,0.002146,74.125.24.0-255,5738,152324,96,300997
6905,0.002148,172.31.47.0-255,66,152390,96,300997
6906,0.002162,74.125.24.0-255,4320,156710,96,300997
6907,0.002164,172.31.47.0-255,66,156776,96,300997
6908,0.002191,172.31.47.0-255,66,156842,96,300997
6909,0.0022,172.31.47.0-255,66,156908,96,300997
6910,0.002243,74.125.24.0-255,4320,161228,96,300997
6911,0.002245,172.31.47.0-255,66,161294,96,300997
6912,0.002276,172.31.47.0-255,66,161360,96,300997
6913,0.002279,74.125.24.0-255,1484,162844,96,300997
6914,0.002283,74.125.24.0-255,2902,165746,96,300997
6915,0.002285,172.31.47.0-255,66,165812,96,300997
6916,0.002339,74.125.24.0-255,5738,171550,96,300997
6917,0.002341,172.31.47.0-255,66,171616,96,300997
6918,0.002353,172.31.47.0-255,66,171682,96,300997
6919,0.004679,74.125.24.0-255,5738,177420,96,300997
6920,0.004684,172.31.47.0-255,66,177486,96,300997
6921,0.007011,74.125.24.0-255,5738,183224,96,300997
6922,0.007016,172.31.47.0-255,66,183290,96,300997
6923,0.009318,74.125.24.0-255,5738,189028,96,300997
6924,0.009324,172.31.47.0-255,66,189094,96,300997
6925,0.011651,74.125.24.0-255,5738,194832,96,300997
6926,0.011661,172.31.47.0-255,66,194898,96,300997
6927,0.013995,74.125.24.0-255,5738,200636,96,300997
6928,0.014008,172.31.47.0-255,66,200702,96,300997
6929,0.016388,74.125.24.0-255,5738,206440,96,300997
6930,0.016397,172.31.47.0-255,66,206506,96,300997
6931,0.018728,74.125.24.0-255,5738,212244,96,300997
6932,0.018735,172.31.47.0-255,66,212310,96,300997
6933,0.021061,74.125.24.0-255,5738,218048,96,300997
6934,0.021068,172.31.47.0-255,66,218114,96,300997
6935,0.023363,74.125.24.0-255,5738,223852,96,300997
6936,0.023371,172.31.47.0-255,66,223918,96,300997
6937,0.02569,74.125.24.0-255,5738,229656,96,300997
6938,0.025696,172.31.47.0-255,66,229722,96,300997
6939,0.025851,172.31.47.0-255,172,229894,96,300997
6940,0.025876,172.31.47.0-255,1110,231004,96,300997
6941,0.025969,172.31.47.0-255,1514,232518,96,300997
6942,0.02597,172.31.47.0-255,1302,233820,96,300997
6943,0.027399,104.244.42.0-255,66,233886,96,300997
6944,0.027446,104.244.42.0-255,66,233952,96,300997
6945,0.027537,104.244.42.0-255,66,234018,96,300997
6946,0.028012,74.125.24.0-255,5738,239756,96,300997
6947,0.028017,172.31.47.0-255,66,239822,96,300997
6948,0.030334,74.125.24.0-255,5738,245560,96,300997
6949,0.03034,172.31.47.0-255,66,245626,96,300997
6950,0.032662,74.125.24.0-255,5738,251364,96,300997
6951,0.032668,172.31.47.0-255,66,251430,96,300997
6952,0.035018,74.125.24.0-255,5738,257168,96,300997
6953,0.035025,172.31.47.0-255,66,257234,96,300997
6954,0.037348,74.125.24.0-255,5738,262972,96,300997
6955,0.037353,172.31.47.0-255,66,263038,96,300997
6956,0.039661,74.125.24.0-255,5738,268776,96,300997
6957,0.039666,172.31.47.0-255,66,268842,96,300997
6958,0.042008,74.125.24.0-255,5738,274580,96,300997
6959,0.042017,172.31.47.0-255,66,274646,96,300997
6960,0.04433,74.125.24.0-255,5738,280384,96,300997
6961,0.044336,172.31.47.0-255,66,280450,96,300997
6962,0.046662,74.125.24.0-255,5738,286188,96,300997
6963,0.046668,172.31.47.0-255,66,286254,96,300997
6964,0.04898,74.125.24.0-255,5738,291992,96,300997
6965,0.048987,172.31.47.0-255,66,292058,96,300997
6966,0.051323,74.125.24.0-255,5738,297796,96,300997
6967,0.051329,172.31.47.0-255,66,297862,96,300997
6968,0.053633,74.125.24.0-255,2898,300760,96,300997
6969,0.053639,172.31.47.0-255,66,300826,96,300997
6970,0.053765,172.31.47.0-255,105,300931,96,300997
6971,0.056058,74.125.24.0-255,66,300997,96,300997
6972,0.0,172.217.194.0-255,153,153,96,309854
6973,1.5e-05,172.31.47.0-255,66,219,96,309854
6974,2.1e-05,172.217.194.0-255,1484,1703,96,309854
6975,2.5e-05,172.31.47.0-255,66,1769,96,309854
6976,3.1e-05,172.217.194.0-255,2902,4671,96,309854
6977,3.3e-05,172.31.47.0-255,66,4737,96,309854
6978,6.1e-05,172.217.194.0-255,4320,9057,96,309854
6979,6.4e-05,172.31.47.0-255,66,9123,96,309854
6980,8.9e-05,172.217.194.0-255,4855,13978,96,309854
6981,9.1e-05,172.31.47.0-255,66,14044,96,309854
6982,0.00013,172.217.194.0-255,1484,15528,96,309854
6983,0.000133,172.31.47.0-255,66,15594,96,309854
6984,0.000143,172.217.194.0-255,2902,18496,96,309854
6985,0.000145,172.31.47.0-255,66,18562,96,309854
6986,0.000149,172.217.194.0-255,1484,20046,96,309854
6987,0.00015,172.31.47.0-255,66,20112,96,309854
6988,0.00018,172.217.194.0-255,4320,24432,96,309854
6989,0.000183,172.31.47.0-255,66,24498,96,309854
6990,0.00019,172.217.194.0-255,6797,31295,96,309854
6991,0.000192,172.31.47.0-255,66,31361,96,309854
6992,0.000197,172.217.194.0-255,4320,35681,96,309854
6993,0.0002,172.31.47.0-255,66,35747,96,309854
6994,0.000237,172.217.194.0-255,2902,38649,96,309854
6995,0.000239,172.31.47.0-255,66,38715,96,309854
6996,0.000252,172.31.47.0-255,66,38781,96,309854
6997,0.000787,172.217.194.0-255,1484,40265,96,309854
6998,0.000792,172.31.47.0-255,66,40331,96,309854
6999,0.000798,172.217.194.0-255,2902,43233,96,309854
7000,0.0008,172.31.47.0-255,66,43299,96,309854
7001,0.000806,172.217.194.0-255,5738,49037,96,309854
7002,0.000808,172.31.47.0-255,66,49103,96,309854
7003,0.000843,172.217.194.0-255,6797,55900,96,309854
7004,0.000866,172.31.47.0-255,66,55966,96,309854
7005,0.000881,172.217.194.0-255,1484,57450,96,309854
7006,0.000886,172.217.194.0-255,2902,60352,96,309854
7007,0.000903,172.217.194.0-255,5738,66090,96,309854
7008,0.000906,172.31.47.0-255,66,66156,96,309854
7009,0.000929,172.31.47.0-255,66,66222,96,309854
7010,0.00094,172.217.194.0-255,5738,71960,96,309854
7011,0.000954,172.217.194.0-255,5738,77698,96,309854
7012,0.000969,172.217.194.0-255,2543,80241,96,309854
7013,0.000989,172.217.194.0-255,5738,85979,96,309854
7014,0.000992,172.31.47.0-255,66,86045,96,309854
7015,0.000996,172.31.47.0-255,66,86111,96,309854
7016,0.001014,172.217.194.0-255,4541,90652,96,309854
7017,0.001032,172.31.47.0-255,66,90718,96,309854
7018,0.001913,172.217.194.0-255,1484,92202,96,309854
7019,0.001919,172.31.47.0-255,66,92268,96,309854
7020,0.001928,172.217.194.0-255,2902,95170,96,309854
7021,0.001934,172.217.194.0-255,5738,100908,96,309854
7022,0.001945,172.217.194.0-255,1484,102392,96,309854
7023,0.001975,172.31.47.0-255,66,102458,96,309854
7024,0.001985,172.217.194.0-255,7156,109614,96,309854
7025,0.001989,172.31.47.0-255,66,109680,96,309854
7026,0.001998,172.217.194.0-255,4320,114000,96,309854
7027,0.002,172.217.194.0-255,1484,115484,96,309854
7028,0.002012,172.217.194.0-255,766,116250,96,309854
7029,0.002033,172.31.47.0-255,66,116316,96,309854
7030,0.002341,172.217.194.0-255,1484,117800,96,309854
7031,0.002349,172.217.194.0-255,2902,120702,96,309854
7032,0.002353,172.31.47.0-255,66,120768,96,309854
7033,0.00236,172.217.194.0-255,5738,126506,96,309854
7034,0.002366,172.217.194.0-255,7156,133662,96,309854
7035,0.00238,172.217.194.0-255,2184,135846,96,309854
7036,0.00241,172.217.194.0-255,1484,137330,96,309854
7037,0.002415,172.217.194.0-255,2902,140232,96,309854
7038,0.002417,172.217.194.0-255,1484,141716,96,309854
7039,0.002434,172.217.194.0-255,4320,146036,96,309854
7040,0.00245,172.217.194.0-255,4320,150356,96,309854
7041,0.002453,172.217.194.0-255,1484,151840,96,309854
7042,0.002455,172.31.47.0-255,78,151918,96,309854
7043,0.002459,172.217.194.0-255,2902,154820,96,309854
7044,0.002462,172.31.47.0-255,78,154898,96,309854
7045,0.002479,172.217.194.0-255,5738,160636,96,309854
7046,0.002488,172.217.194.0-255,1484,162120,96,309854
7047,0.002521,172.217.194.0-255,1484,163604,96,309854
7048,0.002542,172.217.194.0-255,1484,165088,96,309854
7049,0.002554,172.217.194.0-255,4320,169408,96,309854
7050,0.002557,172.217.194.0-255,1484,170892,96,309854
7051,0.00258,172.217.194.0-255,7156,178048,96,309854
7052,0.002604,172.217.194.0-255,1484,179532,96,309854
7053,0.002621,172.217.194.0-255,6438,185970,96,309854
7054,0.002676,172.217.194.0-255,1484,187454,96,309854
7055,0.002678,172.217.194.0-255,1484,188938,96,309854
7056,0.002688,172.217.194.0-255,2902,191840,96,309854
7057,0.002697,172.217.194.0-255,1484,193324,96,309854
7058,0.002719,172.217.194.0-255,5738,199062,96,309854
7059,0.002721,172.217.194.0-255,1484,200546,96,309854
7060,0.002761,172.217.194.0-255,766,201312,96,309854
7061,0.002766,172.217.194.0-255,4320,205632,96,309854
7062,0.002792,172.217.194.0-255,4320,209952,96,309854
7063,0.002811,172.217.194.0-255,4320,214272,96,309854
7064,0.00285,172.217.194.0-255,2184,216456,96,309854
7065,0.00302,172.217.194.0-255,1484,217940,96,309854
7066,0.003025,172.217.194.0-255,2902,220842,96,309854
7067,0.003037,172.217.194.0-255,4320,225162,96,309854
7068,0.003048,172.217.194.0-255,1484,226646,96,309854
7069,0.003068,172.217.194.0-255,2902,229548,96,309854
7070,0.003085,172.217.194.0-255,4320,233868,96,309854
7071,0.003101,172.217.194.0-255,5738,239606,96,309854
7072,0.003103,172.217.194.0-255,1484,241090,96,309854
7073,0.003106,172.217.194.0-255,1484,242574,96,309854
7074,0.003163,172.217.194.0-255,7156,249730,96,309854
7075,0.003183,172.217.194.0-255,2902,252632,96,309854
7076,0.003188,172.217.194.0-255,4320,256952,96,309854
7077,0.003207,172.217.194.0-255,4320,261272,96,309854
7078,0.003233,172.217.194.0-255,3602,264874,96,309854
7079,0.003259,172.31.47.0-255,66,264940,96,309854
7080,0.003268,172.217.194.0-255,2902,267842,96,309854
7081,0.003277,172.31.47.0-255,66,267908,96,309854
7082,0.00328,172.217.194.0-255,1484,269392,96,309854
7083,0.003297,172.217.194.0-255,2902,272294,96,309854
7084,0.0033,172.217.194.0-255,1484,273778,96,309854
7085,0.003317,172.31.47.0-255,66,273844,96,309854
7086,0.003329,172.217.194.0-255,7156,281000,96,309854
7087,0.003334,172.31.47.0-255,66,281066,96,309854
7088,0.003343,172.217.194.0-255,4320,285386,96,309854
7089,0.003347,172.217.194.0-255,4320,289706,96,309854
7090,0.003375,172.217.194.0-255,2902,292608,96,309854
7091,0.003394,172.217.194.0-255,6438,299046,96,309854
7092,0.0034,172.31.47.0-255,66,299112,96,309854
7093,0.003418,172.217.194.0-255,1484,300596,96,309854
7094,0.003441,172.217.194.0-255,4458,305054,96,309854
7095,0.003475,172.31.47.0-255,66,305120,96,309854
7096,0.003481,172.217.194.0-255,97,305217,96,309854
7097,0.003491,172.217.194.0-255,105,305322,96,309854
7098,0.005244,172.31.47.0-255,66,305388,96,309854
7099,0.005276,172.31.47.0-255,105,305493,96,309854
7100,0.007561,172.217.194.0-255,66,305559,96,309854
7101,0.028,172.31.47.0-255,172,305731,96,309854
7102,0.028029,172.31.47.0-255,1110,306841,96,309854
7103,0.028082,172.31.47.0-255,1514,308355,96,309854
7104,0.028084,172.31.47.0-255,1301,309656,96,309854
7105,0.029573,104.244.42.0-255,66,309722,96,309854
7106,0.029598,104.244.42.0-255,66,309788,96,309854
7107,0.029687,104.244.42.0-255,66,309854,96,309854
7108,0.0,172.217.194.0-255,153,153,96,294893
7109,1.6e-05,172.31.47.0-255,66,219,96,294893
7110,4e-05,172.217.194.0-255,1484,1703,96,294893
7111,4.4e-05,172.31.47.0-255,66,1769,96,294893
7112,4.9e-05,172.217.194.0-255,2902,4671,96,294893
7113,5.2e-05,172.31.47.0-255,66,4737,96,294893
7114,5.7e-05,172.217.194.0-255,4320,9057,96,294893
7115,6e-05,172.31.47.0-255,66,9123,96,294893
7116,8.2e-05,172.217.194.0-255,1484,10607,96,294893
7117,8.4e-05,172.31.47.0-255,66,10673,96,294893
7118,9.5e-05,172.217.194.0-255,1484,12157,96,294893
7119,9.7e-05,172.31.47.0-255,66,12223,96,294893
7120,0.000113,172.217.194.0-255,2015,14238,96,294893
7121,0.000115,172.31.47.0-255,66,14304,96,294893
7122,0.000134,172.217.194.0-255,4320,18624,96,294893
7123,0.000136,172.31.47.0-255,66,18690,96,294893
7124,0.000141,172.217.194.0-255,4320,23010,96,294893
7125,0.000143,172.31.47.0-255,66,23076,96,294893
7126,0.000164,172.217.194.0-255,2902,25978,96,294893
7127,0.000167,172.31.47.0-255,66,26044,96,294893
7128,0.000183,172.217.194.0-255,1484,27528,96,294893
7129,0.000185,172.31.47.0-255,66,27594,96,294893
7130,0.000214,172.31.47.0-255,66,27660,96,294893
7131,0.000219,172.217.194.0-255,2902,30562,96,294893
7132,0.000221,172.31.47.0-255,66,30628,96,294893
7133,0.000236,172.217.194.0-255,5379,36007,96,294893
7134,0.000238,172.31.47.0-255,66,36073,96,294893
7135,0.000274,172.217.194.0-255,1484,37557,96,294893
7136,0.000276,172.31.47.0-255,66,37623,96,294893
7137,0.00028,172.217.194.0-255,1484,39107,96,294893
7138,0.000281,172.31.47.0-255,66,39173,96,294893
7139,0.000294,172.217.194.0-255,1484,40657,96,294893
7140,0.000297,172.217.194.0-255,1484,42141,96,294893
7141,0.000299,172.31.47.0-255,66,42207,96,294893
7142,0.000317,172.217.194.0-255,4320,46527,96,294893
7143,0.000319,172.31.47.0-255,66,46593,96,294893
7144,0.000325,172.217.194.0-255,5738,52331,96,294893
7145,0.000328,172.31.47.0-255,66,52397,96,294893
7146,0.000355,172.217.194.0-255,1475,53872,96,294893
7147,0.000386,172.217.194.0-255,362,54234,96,294893
7148,0.000388,172.31.47.0-255,66,54300,96,294893
7149,0.00081,172.217.194.0-255,1484,55784,96,294893
7150,0.000816,172.217.194.0-255,2902,58686,96,294893
7151,0.00082,172.31.47.0-255,66,58752,96,294893
7152,0.000827,172.217.194.0-255,5738,64490,96,294893
7153,0.000829,172.31.47.0-255,66,64556,96,294893
7154,0.000861,172.31.47.0-255,66,64622,96,294893
7155,0.000867,172.217.194.0-255,5738,70360,96,294893
7156,0.000869,172.31.47.0-255,66,70426,96,294893
7157,0.000917,172.217.194.0-255,5020,75446,96,294893
7158,0.000922,172.31.47.0-255,66,75512,96,294893
7159,0.001112,172.217.194.0-255,1484,76996,96,294893
7160,0.001117,172.217.194.0-255,2902,79898,96,294893
7161,0.00112,172.31.47.0-255,66,79964,96,294893
7162,0.001125,172.217.194.0-255,2902,82866,96,294893
7163,0.001127,172.31.47.0-255,66,82932,96,294893
7164,0.001141,172.217.194.0-255,2902,85834,96,294893
7165,0.001143,172.31.47.0-255,66,85900,96,294893
7166,0.001145,172.217.194.0-255,1484,87384,96,294893
7167,0.001201,172.31.47.0-255,66,87450,96,294893
7168,0.001204,172.31.47.0-255,66,87516,96,294893
7169,0.001678,172.217.194.0-255,1484,89000,96,294893
7170,0.001693,172.217.194.0-255,2902,91902,96,294893
7171,0.001697,172.31.47.0-255,66,91968,96,294893
7172,0.0017,172.217.194.0-255,1484,93452,96,294893
7173,0.001721,172.217.194.0-255,4320,97772,96,294893
7174,0.001723,172.31.47.0-255,66,97838,96,294893
7175,0.001731,172.217.194.0-255,5738,103576,96,294893
7176,0.001732,172.31.47.0-255,66,103642,96,294893
7177,0.00175,172.217.194.0-255,7156,110798,96,294893
7178,0.001752,172.31.47.0-255,66,110864,96,294893
7179,0.001761,172.31.47.0-255,66,110930,96,294893
7180,0.001779,172.217.194.0-255,1484,112414,96,294893
7181,0.001781,172.217.194.0-255,766,113180,96,294893
7182,0.001783,172.31.47.0-255,66,113246,96,294893
7183,0.001961,172.217.194.0-255,1484,114730,96,294893
7184,0.002,172.217.194.0-255,2902,117632,96,294893
7185,0.002003,172.31.47.0-255,66,117698,96,294893
7186,0.002009,172.217.194.0-255,5738,123436,96,294893
7187,0.002011,172.31.47.0-255,66,123502,96,294893
7188,0.003965,172.217.194.0-255,5738,129240,96,294893
7189,0.003973,172.31.47.0-255,66,129306,96,294893
7190,0.005936,172.217.194.0-255,2902,132208,96,294893
7191,0.005939,172.31.47.0-255,66,132274,96,294893
7192,0.005952,172.217.194.0-255,2902,135176,96,294893
7193,0.005955,172.31.47.0-255,66,135242,96,294893
7194,0.007922,172.217.194.0-255,5738,140980,96,294893
7195,0.007929,172.31.47.0-255,66,141046,96,294893
7196,0.009899,172.217.194.0-255,5738,146784,96,294893
7197,0.009907,172.31.47.0-255,66,146850,96,294893
7198,0.011864,172.217.194.0-255,5738,152588,96,294893
7199,0.011872,172.31.47.0-255,66,152654,96,294893
7200,0.013861,172.217.194.0-255,5738,158392,96,294893
7201,0.013871,172.31.47.0-255,66,158458,96,294893
7202,0.015836,172.217.194.0-255,5738,164196,96,294893
7203,0.015845,172.31.47.0-255,66,164262,96,294893
7204,0.017801,172.217.194.0-255,5738,170000,96,294893
7205,0.017808,172.31.47.0-255,66,170066,96,294893
7206,0.019788,172.217.194.0-255,5738,175804,96,294893
7207,0.019794,172.31.47.0-255,66,175870,96,294893
7208,0.021786,172.217.194.0-255,5738,181608,96,294893
7209,0.021794,172.31.47.0-255,66,181674,96,294893
7210,0.023781,172.217.194.0-255,5738,187412,96,294893
7211,0.02379,172.31.47.0-255,66,187478,96,294893
7212,0.025774,172.217.194.0-255,5738,193216,96,294893
7213,0.025781,172.31.47.0-255,66,193282,96,294893
7214,0.027739,172.217.194.0-255,5738,199020,96,294893
7215,0.027745,172.31.47.0-255,66,199086,96,294893
7216,0.029294,172.31.47.0-255,172,199258,96,294893
7217,0.029324,172.31.47.0-255,1110,200368,96,294893
7218,0.029379,172.31.47.0-255,1514,201882,96,294893
7219,0.029381,172.31.47.0-255,1301,203183,96,294893
7220,0.029716,172.217.194.0-255,5738,208921,96,294893
7221,0.029724,172.31.47.0-255,66,208987,96,294893
7222,0.030837,104.244.42.0-255,66,209053,96,294893
7223,0.031048,104.244.42.0-255,66,209119,96,294893
7224,0.031053,104.244.42.0-255,66,209185,96,294893
7225,0.031695,172.217.194.0-255,4320,213505,96,294893
7226,0.031701,172.31.47.0-255,66,213571,96,294893
7227,0.031721,172.217.194.0-255,1484,215055,96,294893
7228,0.03367,172.217.194.0-255,4320,219375,96,294893
7229,0.033677,172.31.47.0-255,66,219441,96,294893
7230,0.035677,172.217.194.0-255,5738,225179,96,294893
7231,0.035684,172.31.47.0-255,66,225245,96,294893
7232,0.037651,172.217.194.0-255,5738,230983,96,294893
7233,0.037657,172.31.47.0-255,66,231049,96,294893
7234,0.039638,172.217.194.0-255,5738,236787,96,294893
7235,0.039646,172.31.47.0-255,66,236853,96,294893
7236,0.041643,172.217.194.0-255,5738,242591,96,294893
7237,0.04165,172.31.47.0-255,66,242657,96,294893
7238,0.043604,172.217.194.0-255,5738,248395,96,294893
7239,0.043612,172.31.47.0-255,66,248461,96,294893
7240,0.045597,172.217.194.0-255,5738,254199,96,294893
7241,0.045604,172.31.47.0-255,66,254265,96,294893
7242,0.047583,172.217.194.0-255,5738,260003,96,294893
7243,0.047589,172.31.47.0-255,66,260069,96,294893
7244,0.049558,172.217.194.0-255,5738,265807,96,294893
7245,0.049564,172.31.47.0-255,66,265873,96,294893
7246,0.051506,172.217.194.0-255,5738,271611,96,294893
7247,0.051512,172.31.47.0-255,66,271677,96,294893
7248,0.053497,172.217.194.0-255,5738,277415,96,294893
7249,0.053503,172.31.47.0-255,66,277481,96,294893
7250,0.055473,172.217.194.0-255,5738,283219,96,294893
7251,0.055479,172.31.47.0-255,66,283285,96,294893
7252,0.057448,172.217.194.0-255,5738,289023,96,294893
7253,0.057454,172.31.47.0-255,66,289089,96,294893
7254,0.059428,172.217.194.0-255,5738,294827,96,294893
7255,0.059433,172.31.47.0-255,66,294893,96,294893
7256,0.0,172.217.194.0-255,153,153,96,201007
7257,1.7e-05,172.31.47.0-255,66,219,96,201007
7258,2.3e-05,172.217.194.0-255,1484,1703,96,201007
7259,2.7e-05,172.31.47.0-255,66,1769,96,201007
7260,3.2e-05,172.217.194.0-255,2902,4671,96,201007
7261,3.4e-05,172.31.47.0-255,66,4737,96,201007
7262,4.1e-05,172.217.194.0-255,7156,11893,96,201007
7263,4.3e-05,172.31.47.0-255,66,11959,96,201007
7264,4.6e-05,172.217.194.0-255,2084,14043,96,201007
7265,4.8e-05,172.31.47.0-255,66,14109,96,201007
7266,9.7e-05,172.217.194.0-255,1484,15593,96,201007
7267,9.9e-05,172.31.47.0-255,66,15659,96,201007
7268,0.000103,172.217.194.0-255,1484,17143,96,201007
7269,0.000105,172.31.47.0-255,66,17209,96,201007
7270,0.000123,172.217.194.0-255,1484,18693,96,201007
7271,0.000125,172.31.47.0-255,66,18759,96,201007
7272,0.000131,172.217.194.0-255,5738,24497,96,201007
7273,0.000133,172.31.47.0-255,66,24563,96,201007
7274,0.000137,172.217.194.0-255,2902,27465,96,201007
7275,0.000139,172.31.47.0-255,66,27531,96,201007
7276,0.000162,172.217.194.0-255,3961,31492,96,201007
7277,0.000165,172.31.47.0-255,66,31558,96,201007
7278,0.000468,172.217.194.0-255,1484,33042,96,201007
7279,0.000473,172.31.47.0-255,66,33108,96,201007
7280,0.000478,172.217.194.0-255,2902,36010,96,201007
7281,0.00048,172.31.47.0-255,66,36076,96,201007
7282,0.000495,172.217.194.0-255,5738,41814,96,201007
7283,0.000498,172.31.47.0-255,66,41880,96,201007
7284,0.000518,172.217.194.0-255,4320,46200,96,201007
7285,0.00052,172.31.47.0-255,66,46266,96,201007
7286,0.000532,172.217.194.0-255,1484,47750,96,201007
7287,0.000534,172.31.47.0-255,66,47816,96,201007
7288,0.000565,172.31.47.0-255,66,47882,96,201007
7289,0.000572,172.217.194.0-255,7050,54932,96,201007
7290,0.000574,172.31.47.0-255,66,54998,96,201007
7291,0.000577,172.217.194.0-255,119,55117,96,201007
7292,0.000633,172.217.194.0-255,1484,56601,96,201007
7293,0.000636,172.31.47.0-255,66,56667,96,201007
7294,0.000639,172.217.194.0-255,1484,58151,96,201007
7295,0.000654,172.217.194.0-255,1484,59635,96,201007
7296,0.000656,172.31.47.0-255,66,59701,96,201007
7297,0.000662,172.217.194.0-255,5738,65439,96,201007
7298,0.000664,172.31.47.0-255,66,65505,96,201007
7299,0.000684,172.217.194.0-255,2902,68407,96,201007
7300,0.000686,172.31.47.0-255,66,68473,96,201007
7301,0.000716,172.31.47.0-255,66,68539,96,201007
7302,0.000725,172.31.47.0-255,66,68605,96,201007
7303,0.000939,172.217.194.0-255,1484,70089,96,201007
7304,0.000957,172.217.194.0-255,2902,72991,96,201007
7305,0.000961,172.31.47.0-255,66,73057,96,201007
7306,0.000979,172.217.194.0-255,2902,75959,96,201007
7307,0.000983,172.31.47.0-255,66,76025,96,201007
7308,0.001003,172.217.194.0-255,2902,78927,96,201007
7309,0.001005,172.31.47.0-255,66,78993,96,201007
7310,0.00101,172.217.194.0-255,5738,84731,96,201007
7311,0.001012,172.31.47.0-255,66,84797,96,201007
7312,0.001023,172.31.47.0-255,66,84863,96,201007
7313,0.001036,172.217.194.0-255,1484,86347,96,201007
7314,0.001054,172.217.194.0-255,4320,90667,96,201007
7315,0.001057,172.31.47.0-255,66,90733,96,201007
7316,0.001074,172.217.194.0-255,766,91499,96,201007
7317,0.0011,172.217.194.0-255,1484,92983,96,201007
7318,0.001103,172.31.47.0-255,66,93049,96,201007
7319,0.001107,172.217.194.0-255,2902,95951,96,201007
7320,0.001108,172.31.47.0-255,66,96017,96,201007
7321,0.001124,172.217.194.0-255,5738,101755,96,201007
7322,0.001126,172.31.47.0-255,66,101821,96,201007
7323,0.00118,172.31.47.0-255,66,101887,96,201007
7324,0.001196,172.217.194.0-255,5738,107625,96,201007
7325,0.001199,172.31.47.0-255,66,107691,96,201007
7326,0.001212,172.217.194.0-255,5020,112711,96,201007
7327,0.001214,172.31.47.0-255,66,112777,96,201007
7328,0.001472,172.217.194.0-255,1484,114261,96,201007
7329,0.001475,172.217.194.0-255,1484,115745,96,201007
7330,0.001481,172.31.47.0-255,66,115811,96,201007
7331,0.001499,172.217.194.0-255,1484,117295,96,201007
7332,0.001506,172.217.194.0-255,5738,123033,96,201007
7333,0.001508,172.31.47.0-255,66,123099,96,201007
7334,0.001513,172.217.194.0-255,4320,127419,96,201007
7335,0.001514,172.31.47.0-255,66,127485,96,201007
7336,0.001542,172.31.47.0-255,66,127551,96,201007
7337,0.001568,172.31.47.0-255,66,127617,96,201007
7338,0.001606,172.217.194.0-255,1484,129101,96,201007
7339,0.00161,172.217.194.0-255,2902,132003,96,201007
7340,0.001613,172.31.47.0-255,66,132069,96,201007
7341,0.001631,172.217.194.0-255,5738,137807,96,201007
7342,0.001633,172.31.47.0-255,66,137873,96,201007
7343,0.001674,172.31.47.0-255,66,137939,96,201007
7344,0.001727,172.31.47.0-255,66,138005,96,201007
7345,0.001772,172.217.194.0-255,1484,139489,96,201007
7346,0.001776,172.217.194.0-255,1484,140973,96,201007
7347,0.001778,172.31.47.0-255,66,141039,96,201007
7348,0.001793,172.217.194.0-255,1484,142523,96,201007
7349,0.001804,172.217.194.0-255,4320,146843,96,201007
7350,0.001807,172.31.47.0-255,66,146909,96,201007
7351,0.001826,172.217.194.0-255,1484,148393,96,201007
7352,0.001836,172.217.194.0-255,7156,155549,96,201007
7353,0.001838,172.217.194.0-255,1484,157033,96,201007
7354,0.001846,172.31.47.0-255,66,157099,96,201007
7355,0.001875,172.217.194.0-255,2184,159283,96,201007
7356,0.001878,172.31.47.0-255,66,159349,96,201007
7357,0.001881,172.31.47.0-255,66,159415,96,201007
7358,0.001995,172.217.194.0-255,1484,160899,96,201007
7359,0.002008,172.217.194.0-255,2902,163801,96,201007
7360,0.002012,172.31.47.0-255,66,163867,96,201007
7361,0.002015,172.217.194.0-255,1484,165351,96,201007
7362,0.002032,172.217.194.0-255,4320,169671,96,201007
7363,0.002035,172.31.47.0-255,66,169737,96,201007
7364,0.002037,172.217.194.0-255,1484,171221,96,201007
7365,0.002066,172.31.47.0-255,66,171287,96,201007
7366,0.002085,172.31.47.0-255,66,171353,96,201007
7367,0.002116,172.217.194.0-255,1484,172837,96,201007
7368,0.00213,172.217.194.0-255,2902,175739,96,201007
7369,0.002132,172.31.47.0-255,66,175805,96,201007
7370,0.002159,172.217.194.0-255,5738,181543,96,201007
7371,0.002161,172.31.47.0-255,66,181609,96,201007
7372,0.002181,172.217.194.0-255,1484,183093,96,201007
7373,0.002216,172.31.47.0-255,66,183159,96,201007
7374,0.002282,172.31.47.0-255,66,183225,96,201007
7375,0.002292,172.217.194.0-255,4320,187545,96,201007
7376,0.002296,172.31.47.0-255,66,187611,96,201007
7377,0.002364,172.217.194.0-255,1484,189095,96,201007
7378,0.002367,172.31.47.0-255,78,189173,96,201007
7379,0.002374,172.217.194.0-255,6438,195611,96,201007
7380,0.002387,172.31.47.0-255,66,195677,96,201007
7381,0.004683,172.217.194.0-255,798,196475,96,201007
7382,0.010794,172.31.47.0-255,66,196541,96,201007
7383,0.010833,172.31.47.0-255,105,196646,96,201007
7384,0.013113,172.217.194.0-255,66,196712,96,201007
7385,0.030249,172.31.47.0-255,172,196884,96,201007
7386,0.030287,172.31.47.0-255,1110,197994,96,201007
7387,0.03034,172.31.47.0-255,1514,199508,96,201007
7388,0.030359,172.31.47.0-255,1301,200809,96,201007
7389,0.031818,104.244.42.0-255,66,200875,96,201007
7390,0.031846,104.244.42.0-255,66,200941,96,201007
7391,0.031898,104.244.42.0-255,66,201007,96,201007
7392,0.0,74.125.200.0-255,153,153,96,251921
7393,3.4e-05,172.31.47.0-255,66,219,96,251921
7394,5.7e-05,74.125.200.0-255,1484,1703,96,251921
7395,6.2e-05,172.31.47.0-255,66,1769,96,251921
7396,6.5e-05,74.125.200.0-255,1484,3253,96,251921
7397,6.8e-05,172.31.47.0-255,66,3319,96,251921
7398,9.6e-05,74.125.200.0-255,1484,4803,96,251921
7399,0.0001,172.31.47.0-255,66,4869,96,251921
7400,0.000106,74.125.200.0-255,4320,9189,96,251921
7401,0.000108,172.31.47.0-255,66,9255,96,251921
7402,0.000111,74.125.200.0-255,1484,10739,96,251921
7403,0.000112,172.31.47.0-255,66,10805,96,251921
7404,0.000153,172.31.47.0-255,66,10871,96,251921
7405,0.000158,74.125.200.0-255,4320,15191,96,251921
7406,0.000162,172.31.47.0-255,66,15257,96,251921
7407,0.000184,74.125.200.0-255,4320,19577,96,251921
7408,0.000191,172.31.47.0-255,66,19643,96,251921
7409,0.00021,74.125.200.0-255,3961,23604,96,251921
7410,0.000213,172.31.47.0-255,66,23670,96,251921
7411,0.000237,74.125.200.0-255,1484,25154,96,251921
7412,0.000239,172.31.47.0-255,66,25220,96,251921
7413,0.000268,74.125.200.0-255,2902,28122,96,251921
7414,0.000272,172.31.47.0-255,66,28188,96,251921
7415,0.000276,74.125.200.0-255,2902,31090,96,251921
7416,0.000279,172.31.47.0-255,66,31156,96,251921
7417,0.000283,74.125.200.0-255,2902,34058,96,251921
7418,0.000286,172.31.47.0-255,66,34124,96,251921
7419,0.000308,74.125.200.0-255,1484,35608,96,251921
7420,0.000313,172.31.47.0-255,66,35674,96,251921
7421,0.000317,74.125.200.0-255,2902,38576,96,251921
7422,0.00032,172.31.47.0-255,66,38642,96,251921
7423,0.000354,74.125.200.0-255,6797,45439,96,251921
7424,0.000358,172.31.47.0-255,66,45505,96,251921
7425,0.000363,74.125.200.0-255,4320,49825,96,251921
7426,0.000367,172.31.47.0-255,66,49891,96,251921
7427,0.000398,172.31.47.0-255,66,49957,96,251921
7428,0.00056,74.125.200.0-255,381,50338,96,251921
7429,0.000703,74.125.200.0-255,1484,51822,96,251921
7430,0.000708,172.31.47.0-255,66,51888,96,251921
7431,0.000713,74.125.200.0-255,2902,54790,96,251921
7432,0.000718,172.31.47.0-255,66,54856,96,251921
7433,0.000747,74.125.200.0-255,5738,60594,96,251921
7434,0.00075,172.31.47.0-255,66,60660,96,251921
7435,0.000758,74.125.200.0-255,6797,67457,96,251921
7436,0.00076,172.31.47.0-255,66,67523,96,251921
7437,0.000809,172.31.47.0-255,66,67589,96,251921
7438,0.000837,74.125.200.0-255,1484,69073,96,251921
7439,0.000842,74.125.200.0-255,2543,71616,96,251921
7440,0.000845,172.31.47.0-255,66,71682,96,251921
7441,0.001468,74.125.200.0-255,1484,73166,96,251921
7442,0.00148,74.125.200.0-255,2902,76068,96,251921
7443,0.001484,172.31.47.0-255,66,76134,96,251921
7444,0.001489,74.125.200.0-255,2902,79036,96,251921
7445,0.001491,172.31.47.0-255,66,79102,96,251921
7446,0.001555,74.125.200.0-255,4320,83422,96,251921
7447,0.00156,172.31.47.0-255,66,83488,96,251921
7448,0.001571,172.31.47.0-255,66,83554,96,251921
7449,0.001577,74.125.200.0-255,5738,89292,96,251921
7450,0.001579,172.31.47.0-255,66,89358,96,251921
7451,0.001586,74.125.200.0-255,7156,96514,96,251921
7452,0.001588,172.31.47.0-255,66,96580,96,251921
7453,0.001592,74.125.200.0-255,766,97346,96,251921
7454,0.002336,74.125.200.0-255,1484,98830,96,251921
7455,0.00234,172.31.47.0-255,66,98896,96,251921
7456,0.003865,74.125.200.0-255,2902,101798,96,251921
7457,0.003869,172.31.47.0-255,66,101864,96,251921
7458,0.00462,74.125.200.0-255,2902,104766,96,251921
7459,0.004622,172.31.47.0-255,66,104832,96,251921
7460,0.006146,74.125.200.0-255,2902,107734,96,251921
7461,0.006151,172.31.47.0-255,66,107800,96,251921
7462,0.006912,74.125.200.0-255,2902,110702,96,251921
7463,0.006917,172.31.47.0-255,66,110768,96,251921
7464,0.008437,74.125.200.0-255,2902,113670,96,251921
7465,0.008443,172.31.47.0-255,66,113736,96,251921
7466,0.009206,74.125.200.0-255,2902,116638,96,251921
7467,0.009212,172.31.47.0-255,66,116704,96,251921
7468,0.010724,74.125.200.0-255,2902,119606,96,251921
7469,0.01073,172.31.47.0-255,66,119672,96,251921
7470,0.011502,74.125.200.0-255,2902,122574,96,251921
7471,0.011509,172.31.47.0-255,66,122640,96,251921
7472,0.013024,74.125.200.0-255,2902,125542,96,251921
7473,0.013038,172.31.47.0-255,66,125608,96,251921
7474,0.013791,74.125.200.0-255,2902,128510,96,251921
7475,0.013798,172.31.47.0-255,66,128576,96,251921
7476,0.015333,74.125.200.0-255,2902,131478,96,251921
7477,0.015342,172.31.47.0-255,66,131544,96,251921
7478,0.016091,74.125.200.0-255,2902,134446,96,251921
7479,0.016097,172.31.47.0-255,66,134512,96,251921
7480,0.017635,74.125.200.0-255,2902,137414,96,251921
7481,0.017642,172.31.47.0-255,66,137480,96,251921
7482,0.018382,74.125.200.0-255,2902,140382,96,251921
7483,0.018388,172.31.47.0-255,66,140448,96,251921
7484,0.019933,74.125.200.0-255,2902,143350,96,251921
7485,0.019941,172.31.47.0-255,66,143416,96,251921
7486,0.020691,74.125.200.0-255,2902,146318,96,251921
7487,0.020697,172.31.47.0-255,66,146384,96,251921
7488,0.022231,74.125.200.0-255,2902,149286,96,251921
7489,0.022237,172.31.47.0-255,66,149352,96,251921
7490,0.022989,74.125.200.0-255,2902,152254,96,251921
7491,0.022996,172.31.47.0-255,66,152320,96,251921
7492,0.024545,74.125.200.0-255,2902,155222,96,251921
7493,0.024551,172.31.47.0-255,66,155288,96,251921
7494,0.024907,172.31.47.0-255,172,155460,96,251921
7495,0.024949,172.31.47.0-255,1105,156565,96,251921
7496,0.025028,172.31.47.0-255,1514,158079,96,251921
7497,0.025052,172.31.47.0-255,1306,159385,96,251921
7498,0.025285,74.125.200.0-255,2902,162287,96,251921
7499,0.025291,172.31.47.0-255,66,162353,96,251921
7500,0.026417,104.244.42.0-255,66,162419,96,251921
7501,0.026521,104.244.42.0-255,66,162485,96,251921
7502,0.02657,104.244.42.0-255,66,162551,96,251921
7503,0.026618,104.244.42.0-255,66,162617,96,251921
7504,0.026845,74.125.200.0-255,2902,165519,96,251921
7505,0.02685,172.31.47.0-255,66,165585,96,251921
7506,0.027581,74.125.200.0-255,2902,168487,96,251921
7507,0.027588,172.31.47.0-255,66,168553,96,251921
7508,0.02914,74.125.200.0-255,2902,171455,96,251921
7509,0.029145,172.31.47.0-255,66,171521,96,251921
7510,0.029883,74.125.200.0-255,2902,174423,96,251921
7511,0.029888,172.31.47.0-255,66,174489,96,251921
7512,0.031439,74.125.200.0-255,2902,177391,96,251921
7513,0.031445,172.31.47.0-255,66,177457,96,251921
7514,0.03217,74.125.200.0-255,2902,180359,96,251921
7515,0.032176,172.31.47.0-255,66,180425,96,251921
7516,0.033731,74.125.200.0-255,2902,183327,96,251921
7517,0.033737,172.31.47.0-255,66,183393,96,251921
7518,0.034473,74.125.200.0-255,2902,186295,96,251921
7519,0.034479,172.31.47.0-255,66,186361,96,251921
7520,0.03603,74.125.200.0-255,2902,189263,96,251921
7521,0.036036,172.31.47.0-255,66,189329,96,251921
7522,0.03677,74.125.200.0-255,2902,192231,96,251921
7523,0.036775,172.31.47.0-255,66,192297,96,251921
7524,0.038329,74.125.200.0-255,2902,195199,96,251921
7525,0.038335,172.31.47.0-255,66,195265,96,251921
7526,0.03906,74.125.200.0-255,2902,198167,96,251921
7527,0.03908,172.31.47.0-255,66,198233,96,251921
7528,0.040619,74.125.200.0-255,1484,199717,96,251921
7529,0.040651,74.125.200.0-255,1484,201201,96,251921
7530,0.040656,172.31.47.0-255,66,201267,96,251921
7531,0.041363,74.125.200.0-255,2902,204169,96,251921
7532,0.041369,172.31.47.0-255,66,204235,96,251921
7533,0.042942,74.125.200.0-255,2902,207137,96,251921
7534,0.042964,172.31.47.0-255,66,207203,96,251921
7535,0.043658,74.125.200.0-255,2902,210105,96,251921
7536,0.043664,172.31.47.0-255,66,210171,96,251921
7537,0.045266,74.125.200.0-255,2902,213073,96,251921
7538,0.045272,172.31.47.0-255,66,213139,96,251921
7539,0.045952,74.125.200.0-255,2902,216041,96,251921
7540,0.045958,172.31.47.0-255,66,216107,96,251921
7541,0.047557,74.125.200.0-255,2902,219009,96,251921
7542,0.047562,172.31.47.0-255,66,219075,96,251921
7543,0.048246,74.125.200.0-255,1484,220559,96,251921
7544,0.048274,74.125.200.0-255,1484,222043,96,251921
7545,0.048279,172.31.47.0-255,66,222109,96,251921
7546,0.049851,74.125.200.0-255,2902,225011,96,251921
7547,0.049858,172.31.47.0-255,66,225077,96,251921
7548,0.050555,74.125.200.0-255,2902,227979,96,251921
7549,0.05056,172.31.47.0-255,66,228045,96,251921
7550,0.052141,74.125.200.0-255,2902,230947,96,251921
7551,0.052147,172.31.47.0-255,66,231013,96,251921
7552,0.052846,74.125.200.0-255,2902,233915,96,251921
7553,0.052853,172.31.47.0-255,66,233981,96,251921
7554,0.054437,74.125.200.0-255,2902,236883,96,251921
7555,0.054443,172.31.47.0-255,66,236949,96,251921
7556,0.055139,74.125.200.0-255,2902,239851,96,251921
7557,0.055144,172.31.47.0-255,66,239917,96,251921
7558,0.056731,74.125.200.0-255,2902,242819,96,251921
7559,0.056736,172.31.47.0-255,66,242885,96,251921
7560,0.057415,74.125.200.0-255,1484,244369,96,251921
7561,0.057439,74.125.200.0-255,1484,245853,96,251921
7562,0.057443,172.31.47.0-255,66,245919,96,251921
7563,0.059014,74.125.200.0-255,1484,247403,96,251921
7564,0.059045,74.125.200.0-255,1484,248887,96,251921
7565,0.05905,172.31.47.0-255,66,248953,96,251921
7566,0.059716,74.125.200.0-255,2902,251855,96,251921
7567,0.059721,172.31.47.0-255,66,251921,96,251921
7568,0.0,74.125.24.0-255,153,153,96,271884
7569,1.4e-05,172.31.47.0-255,66,219,96,271884
7570,2.1e-05,74.125.24.0-255,1484,1703,96,271884
7571,2.5e-05,172.31.47.0-255,66,1769,96,271884
7572,3.8e-05,74.125.24.0-255,2902,4671,96,271884
7573,4.1e-05,172.31.47.0-255,66,4737,96,271884
7574,7e-05,74.125.24.0-255,2902,7639,96,271884
7575,7.2e-05,172.31.47.0-255,66,7705,96,271884
7576,9.4e-05,74.125.24.0-255,4320,12025,96,271884
7577,9.6e-05,172.31.47.0-255,66,12091,96,271884
7578,0.000187,74.125.24.0-255,1957,14048,96,271884
7579,0.000192,172.31.47.0-255,66,14114,96,271884
7580,0.00021,74.125.24.0-255,2902,17016,96,271884
7581,0.000213,172.31.47.0-255,66,17082,96,271884
7582,0.000252,74.125.24.0-255,4320,21402,96,271884
7583,0.000255,172.31.47.0-255,66,21468,96,271884
7584,0.000281,74.125.24.0-255,2902,24370,96,271884
7585,0.000284,172.31.47.0-255,66,24436,96,271884
7586,0.000376,74.125.24.0-255,6797,31233,96,271884
7587,0.00038,172.31.47.0-255,66,31299,96,271884
7588,0.000482,74.125.24.0-255,7156,38455,96,271884
7589,0.000485,172.31.47.0-255,66,38521,96,271884
7590,0.000597,74.125.24.0-255,5738,44259,96,271884
7591,0.0006,172.31.47.0-255,66,44325,96,271884
7592,0.000635,172.31.47.0-255,66,44391,96,271884
7593,0.000842,74.125.24.0-255,4320,48711,96,271884
7594,0.000846,172.31.47.0-255,66,48777,96,271884
7595,0.000871,74.125.24.0-255,6797,55574,96,271884
7596,0.000874,172.31.47.0-255,66,55640,96,271884
7597,0.001,74.125.24.0-255,411,56051,96,271884
7598,0.001004,172.31.47.0-255,66,56117,96,271884
7599,0.001029,74.125.24.0-255,2902,59019,96,271884
7600,0.001031,172.31.47.0-255,78,59097,96,271884
7601,0.001034,74.125.24.0-255,332,59429,96,271884
7602,0.001058,172.31.47.0-255,66,59495,96,271884
7603,0.001083,74.125.24.0-255,7156,66651,96,271884
7604,0.001089,172.31.47.0-255,66,66717,96,271884
7605,0.00121,172.31.47.0-255,66,66783,96,271884
7606,0.001229,74.125.24.0-255,4320,71103,96,271884
7607,0.001273,172.31.47.0-255,66,71169,96,271884
7608,0.001476,172.31.47.0-255,66,71235,96,271884
7609,0.001572,74.125.24.0-255,4320,75555,96,271884
7610,0.001588,74.125.24.0-255,4320,79875,96,271884
7611,0.00172,74.125.24.0-255,5738,85613,96,271884
7612,0.001754,74.125.24.0-255,4320,89933,96,271884
7613,0.002022,74.125.24.0-255,4320,94253,96,271884
7614,0.00237,74.125.24.0-255,7156,101409,96,271884
7615,0.002425,74.125.24.0-255,6438,107847,96,271884
7616,0.002973,74.125.24.0-255,4320,112167,96,271884
7617,0.003693,172.31.47.0-255,66,112233,96,271884
7618,0.005729,74.125.24.0-255,5738,117971,96,271884
7619,0.005734,172.31.47.0-255,66,118037,96,271884
7620,0.007752,74.125.24.0-255,5738,123775,96,271884
7621,0.007759,172.31.47.0-255,66,123841,96,271884
7622,0.009756,74.125.24.0-255,5738,129579,96,271884
7623,0.009763,172.31.47.0-255,66,129645,96,271884
7624,0.01183,74.125.24.0-255,5738,135383,96,271884
7625,0.011836,172.31.47.0-255,66,135449,96,271884
7626,0.013849,74.125.24.0-255,5738,141187,96,271884
7627,0.013856,172.31.47.0-255,66,141253,96,271884
7628,0.015944,74.125.24.0-255,5738,146991,96,271884
7629,0.015955,172.31.47.0-255,66,147057,96,271884
7630,0.018047,74.125.24.0-255,5738,152795,96,271884
7631,0.018056,172.31.47.0-255,66,152861,96,271884
7632,0.020104,74.125.24.0-255,5738,158599,96,271884
7633,0.020114,172.31.47.0-255,66,158665,96,271884
7634,0.022141,74.125.24.0-255,5738,164403,96,271884
7635,0.02215,172.31.47.0-255,66,164469,96,271884
7636,0.024161,74.125.24.0-255,5738,170207,96,271884
7637,0.024168,172.31.47.0-255,66,170273,96,271884
7638,0.026202,74.125.24.0-255,5738,176011,96,271884
7639,0.026208,172.31.47.0-255,66,176077,96,271884
7640,0.027406,172.31.47.0-255,172,176249,96,271884
7641,0.027436,172.31.47.0-255,1109,177358,96,271884
7642,0.027496,172.31.47.0-255,1514,178872,96,271884
7643,0.027498,172.31.47.0-255,1302,180174,96,271884
7644,0.028254,74.125.24.0-255,5738,185912,96,271884
7645,0.028261,172.31.47.0-255,66,185978,96,271884
7646,0.02895,104.244.42.0-255,66,186044,96,271884
7647,0.028994,104.244.42.0-255,66,186110,96,271884
7648,0.029035,104.244.42.0-255,66,186176,96,271884
7649,0.030257,74.125.24.0-255,5738,191914,96,271884
7650,0.030263,172.31.47.0-255,66,191980,96,271884
7651,0.032304,74.125.24.0-255,5738,197718,96,271884
7652,0.032309,172.31.47.0-255,66,197784,96,271884
7653,0.034306,74.125.24.0-255,5738,203522,96,271884
7654,0.034311,172.31.47.0-255,66,203588,96,271884
7655,0.03634,74.125.24.0-255,5738,209326,96,271884
7656,0.036346,172.31.47.0-255,66,209392,96,271884
7657,0.038385,74.125.24.0-255,5738,215130,96,271884
7658,0.038392,172.31.47.0-255,66,215196,96,271884
7659,0.040381,74.125.24.0-255,5738,220934,96,271884
7660,0.040389,172.31.47.0-255,66,221000,96,271884
7661,0.042429,74.125.24.0-255,5738,226738,96,271884
7662,0.042436,172.31.47.0-255,66,226804,96,271884
7663,0.044495,74.125.24.0-255,5738,232542,96,271884
7664,0.044501,172.31.47.0-255,66,232608,96,271884
7665,0.046536,74.125.24.0-255,5738,238346,96,271884
7666,0.046542,172.31.47.0-255,66,238412,96,271884
7667,0.048583,74.125.24.0-255,5738,244150,96,271884
7668,0.048589,172.31.47.0-255,66,244216,96,271884
7669,0.050631,74.125.24.0-255,5738,249954,96,271884
7670,0.050636,172.31.47.0-255,66,250020,96,271884
7671,0.052636,74.125.24.0-255,5738,255758,96,271884
7672,0.052641,172.31.47.0-255,66,255824,96,271884
7673,0.054684,74.125.24.0-255,4320,260144,96,271884
7674,0.05469,172.31.47.0-255,66,260210,96,271884
7675,0.054715,74.125.24.0-255,1484,261694,96,271884
7676,0.056777,74.125.24.0-255,4320,266014,96,271884
7677,0.056782,172.31.47.0-255,66,266080,96,271884
7678,0.058821,74.125.24.0-255,5738,271818,96,271884
7679,0.058827,172.31.47.0-255,66,271884,96,271884
7680,0.0,74.125.130.0-255,153,153,96,381475
7681,3e-05,172.31.47.0-255,66,219,96,381475
7682,3.6e-05,74.125.130.0-255,1484,1703,96,381475
7683,4.1e-05,172.31.47.0-255,66,1769,96,381475
7684,4.3e-05,74.125.130.0-255,1484,3253,96,381475
7685,4.6e-05,172.31.47.0-255,66,3319,96,381475
7686,5.1e-05,74.125.130.0-255,2902,6221,96,381475
7687,5.4e-05,172.31.47.0-255,66,6287,96,381475
7688,8.6e-05,74.125.130.0-255,5738,12025,96,381475
7689,8.9e-05,172.31.47.0-255,66,12091,96,381475
7690,9.2e-05,74.125.130.0-255,2172,14263,96,381475
7691,9.4e-05,172.31.47.0-255,66,14329,96,381475
7692,0.000109,74.125.130.0-255,1484,15813,96,381475
7693,0.000112,172.31.47.0-255,66,15879,96,381475
7694,0.000137,74.125.130.0-255,1484,17363,96,381475
7695,0.000139,172.31.47.0-255,66,17429,96,381475
7696,0.000145,74.125.130.0-255,5738,23167,96,381475
7697,0.000147,172.31.47.0-255,66,23233,96,381475
7698,0.000164,74.125.130.0-255,1484,24717,96,381475
7699,0.000167,172.31.47.0-255,66,24783,96,381475
7700,0.000184,74.125.130.0-255,5738,30521,96,381475
7701,0.000186,172.31.47.0-255,66,30587,96,381475
7702,0.000189,74.125.130.0-255,1125,31712,96,381475
7703,0.00019,172.31.47.0-255,66,31778,96,381475
7704,0.000464,74.125.130.0-255,1484,33262,96,381475
7705,0.00047,172.31.47.0-255,66,33328,96,381475
7706,0.000495,74.125.130.0-255,2902,36230,96,381475
7707,0.000499,172.31.47.0-255,66,36296,96,381475
7708,0.000516,74.125.130.0-255,1484,37780,96,381475
7709,0.000518,172.31.47.0-255,66,37846,96,381475
7710,0.000536,74.125.130.0-255,2902,40748,96,381475
7711,0.000538,172.31.47.0-255,66,40814,96,381475
7712,0.000545,74.125.130.0-255,4320,45134,96,381475
7713,0.000562,172.31.47.0-255,66,45200,96,381475
7714,0.000563,74.125.130.0-255,1484,46684,96,381475
7715,0.000585,74.125.130.0-255,6797,53481,96,381475
7716,0.00059,74.125.130.0-255,2902,56383,96,381475
7717,0.000597,172.31.47.0-255,66,56449,96,381475
7718,0.000603,74.125.130.0-255,2902,59351,96,381475
7719,0.000606,74.125.130.0-255,1484,60835,96,381475
7720,0.000609,172.31.47.0-255,66,60901,96,381475
7721,0.000624,74.125.130.0-255,5668,66569,96,381475
7722,0.000632,172.31.47.0-255,66,66635,96,381475
7723,0.00072,74.125.130.0-255,366,67001,96,381475
7724,0.000802,172.31.47.0-255,66,67067,96,381475
7725,0.000978,74.125.130.0-255,1484,68551,96,381475
7726,0.000986,74.125.130.0-255,1484,70035,96,381475
7727,0.001008,74.125.130.0-255,2902,72937,96,381475
7728,0.00104,74.125.130.0-255,5738,78675,96,381475
7729,0.001043,74.125.130.0-255,1484,80159,96,381475
7730,0.001069,74.125.130.0-255,2902,83061,96,381475
7731,0.001091,74.125.130.0-255,2902,85963,96,381475
7732,0.00111,74.125.130.0-255,2902,88865,96,381475
7733,0.001131,74.125.130.0-255,4320,93185,96,381475
7734,0.001146,74.125.130.0-255,2902,96087,96,381475
7735,0.00115,74.125.130.0-255,2902,98989,96,381475
7736,0.001198,74.125.130.0-255,2184,101173,96,381475
7737,0.001312,74.125.130.0-255,1484,102657,96,381475
7738,0.001331,74.125.130.0-255,2902,105559,96,381475
7739,0.001355,74.125.130.0-255,5738,111297,96,381475
7740,0.00136,74.125.130.0-255,2902,114199,96,381475
7741,0.001365,74.125.130.0-255,4320,118519,96,381475
7742,0.001386,74.125.130.0-255,4320,122839,96,381475
7743,0.001403,74.125.130.0-255,4320,127159,96,381475
7744,0.001408,74.125.130.0-255,4320,131479,96,381475
7745,0.001458,74.125.130.0-255,3602,135081,96,381475
7746,0.001472,74.125.130.0-255,2902,137983,96,381475
7747,0.001484,74.125.130.0-255,1484,139467,96,381475
7748,0.001523,74.125.130.0-255,5738,145205,96,381475
7749,0.001534,74.125.130.0-255,1484,146689,96,381475
7750,0.001549,74.125.130.0-255,7156,153845,96,381475
7751,0.001558,74.125.130.0-255,1484,155329,96,381475
7752,0.001561,74.125.130.0-255,1484,156813,96,381475
7753,0.001603,74.125.130.0-255,2902,159715,96,381475
7754,0.001637,74.125.130.0-255,766,160481,96,381475
7755,0.001746,74.125.130.0-255,1484,161965,96,381475
7756,0.001755,74.125.130.0-255,1484,163449,96,381475
7757,0.001765,74.125.130.0-255,1484,164933,96,381475
7758,0.001804,74.125.130.0-255,5738,170671,96,381475
7759,0.001824,74.125.130.0-255,6248,176919,96,381475
7760,0.001824,172.31.47.0-255,66,176985,96,381475
7761,0.001829,172.31.47.0-255,66,177051,96,381475
7762,0.001857,74.125.130.0-255,4320,181371,96,381475
7763,0.001873,74.125.130.0-255,2902,184273,96,381475
7764,0.001875,172.31.47.0-255,66,184339,96,381475
7765,0.001876,74.125.130.0-255,2902,187241,96,381475
7766,0.001881,172.31.47.0-255,66,187307,96,381475
7767,0.001904,74.125.130.0-255,5738,193045,96,381475
7768,0.001913,172.31.47.0-255,66,193111,96,381475
7769,0.001921,74.125.130.0-255,5738,198849,96,381475
7770,0.001924,172.31.47.0-255,66,198915,96,381475
7771,0.001926,74.125.130.0-255,4320,203235,96,381475
7772,0.001935,172.31.47.0-255,66,203301,96,381475
7773,0.001969,74.125.130.0-255,2902,206203,96,381475
7774,0.001975,172.31.47.0-255,66,206269,96,381475
7775,0.001984,74.125.130.0-255,5020,211289,96,381475
7776,0.001993,172.31.47.0-255,66,211355,96,381475
7777,0.002566,74.125.130.0-255,1484,212839,96,381475
7778,0.002584,74.125.130.0-255,1484,214323,96,381475
7779,0.002588,172.31.47.0-255,66,214389,96,381475
7780,0.002598,74.125.130.0-255,1484,215873,96,381475
7781,0.002601,74.125.130.0-255,1484,217357,96,381475
7782,0.002609,172.31.47.0-255,66,217423,96,381475
7783,0.002614,74.125.130.0-255,4320,221743,96,381475
7784,0.002617,74.125.130.0-255,1484,223227,96,381475
7785,0.002622,172.31.47.0-255,66,223293,96,381475
7786,0.002626,74.125.130.0-255,1484,224777,96,381475
7787,0.002629,74.125.130.0-255,1484,226261,96,381475
7788,0.002631,74.125.130.0-255,1484,227745,96,381475
7789,0.002636,172.31.47.0-255,66,227811,96,381475
7790,0.00268,74.125.130.0-255,2902,230713,96,381475
7791,0.002681,172.31.47.0-255,66,230779,96,381475
7792,0.002685,172.31.47.0-255,66,230845,96,381475
7793,0.002691,74.125.130.0-255,1484,232329,96,381475
7794,0.00274,74.125.130.0-255,5020,237349,96,381475
7795,0.002744,172.31.47.0-255,66,237415,96,381475
7796,0.00293,74.125.130.0-255,1484,238899,96,381475
7797,0.00295,74.125.130.0-255,2902,241801,96,381475
7798,0.002953,172.31.47.0-255,66,241867,96,381475
7799,0.002958,74.125.130.0-255,4320,246187,96,381475
7800,0.002965,172.31.47.0-255,66,246253,96,381475
7801,0.00297,74.125.130.0-255,1484,247737,96,381475
7802,0.002972,74.125.130.0-255,1484,249221,96,381475
7803,0.002985,74.125.130.0-255,4320,253541,96,381475
7804,0.002984,172.31.47.0-255,66,253607,96,381475
7805,0.002988,172.31.47.0-255,66,253673,96,381475
7806,0.00301,74.125.130.0-255,4320,257993,96,381475
7807,0.003016,172.31.47.0-255,66,258059,96,381475
7808,0.003027,74.125.130.0-255,2543,260602,96,381475
7809,0.003029,74.125.130.0-255,1484,262086,96,381475
7810,0.003031,172.31.47.0-255,66,262152,96,381475
7811,0.003031,74.125.130.0-255,1484,263636,96,381475
7812,0.003044,74.125.130.0-255,1484,265120,96,381475
7813,0.003045,172.31.47.0-255,66,265186,96,381475
7814,0.003058,74.125.130.0-255,1484,266670,96,381475
7815,0.003066,172.31.47.0-255,66,266736,96,381475
7816,0.003079,74.125.130.0-255,4320,271056,96,381475
7817,0.003082,74.125.130.0-255,1484,272540,96,381475
7818,0.003084,74.125.130.0-255,1484,274024,96,381475
7819,0.003087,74.125.130.0-255,2902,276926,96,381475
7820,0.003088,172.31.47.0-255,66,276992,96,381475
7821,0.003091,172.31.47.0-255,66,277058,96,381475
7822,0.003101,74.125.130.0-255,1484,278542,96,381475
7823,0.00312,74.125.130.0-255,4320,282862,96,381475
7824,0.003123,74.125.130.0-255,1484,284346,96,381475
7825,0.00313,172.31.47.0-255,66,284412,96,381475
7826,0.003139,74.125.130.0-255,2902,287314,96,381475
7827,0.003141,74.125.130.0-255,1484,288798,96,381475
7828,0.003152,172.31.47.0-255,66,288864,96,381475
7829,0.003166,74.125.130.0-255,766,289630,96,381475
7830,0.003316,74.125.130.0-255,1484,291114,96,381475
7831,0.003319,172.31.47.0-255,66,291180,96,381475
7832,0.003322,74.125.130.0-255,1484,292664,96,381475
7833,0.003337,74.125.130.0-255,2902,295566,96,381475
7834,0.003342,172.31.47.0-255,66,295632,96,381475
7835,0.003362,74.125.130.0-255,5738,301370,96,381475
7836,0.003365,172.31.47.0-255,66,301436,96,381475
7837,0.00339,74.125.130.0-255,4320,305756,96,381475
7838,0.003394,172.31.47.0-255,66,305822,96,381475
7839,0.003405,74.125.130.0-255,4320,310142,96,381475
7840,0.003407,74.125.130.0-255,1484,311626,96,381475
7841,0.003413,172.31.47.0-255,66,311692,96,381475
7842,0.003427,74.125.130.0-255,1484,313176,96,381475
7843,0.003428,172.31.47.0-255,66,313242,96,381475
7844,0.003441,74.125.130.0-255,2184,315426,96,381475
7845,0.003443,74.125.130.0-255,1484,316910,96,381475
7846,0.00345,172.31.47.0-255,66,316976,96,381475
7847,0.003465,74.125.130.0-255,2902,319878,96,381475
7848,0.003475,172.31.47.0-255,66,319944,96,381475
7849,0.003477,74.125.130.0-255,1484,321428,96,381475
7850,0.003506,172.31.47.0-255,66,321494,96,381475
7851,0.003511,74.125.130.0-255,5738,327232,96,381475
7852,0.003517,172.31.47.0-255,66,327298,96,381475
7853,0.003529,74.125.130.0-255,5738,333036,96,381475
7854,0.003531,172.31.47.0-255,66,333102,96,381475
7855,0.003536,74.125.130.0-255,5738,338840,96,381475
7856,0.003546,172.31.47.0-255,66,338906,96,381475
7857,0.003549,74.125.130.0-255,2184,341090,96,381475
7858,0.003557,172.31.47.0-255,66,341156,96,381475
7859,0.003569,74.125.130.0-255,1484,342640,96,381475
7860,0.003582,74.125.130.0-255,7156,349796,96,381475
7861,0.003586,74.125.130.0-255,4320,354116,96,381475
7862,0.003594,172.31.47.0-255,66,354182,96,381475
7863,0.003621,74.125.130.0-255,4320,358502,96,381475
7864,0.003631,172.31.47.0-255,66,358568,96,381475
7865,0.00365,172.31.47.0-255,66,358634,96,381475
7866,0.003651,74.125.130.0-255,1484,360118,96,381475
7867,0.003655,74.125.130.0-255,5738,365856,96,381475
7868,0.003664,172.31.47.0-255,66,365922,96,381475
7869,0.003667,74.125.130.0-255,766,366688,96,381475
7870,0.003997,74.125.130.0-255,1484,368172,96,381475
7871,0.004001,172.31.47.0-255,66,368238,96,381475
7872,0.004005,74.125.130.0-255,2902,371140,96,381475
7873,0.004012,172.31.47.0-255,66,371206,96,381475
7874,0.004037,74.125.130.0-255,5566,376772,96,381475
7875,0.004041,172.31.47.0-255,66,376838,96,381475
7876,0.004087,74.125.130.0-255,105,376943,96,381475
7877,0.004241,172.31.47.0-255,66,377009,96,381475
7878,0.004263,172.31.47.0-255,105,377114,96,381475
7879,0.006766,74.125.130.0-255,66,377180,96,381475
7880,0.031106,172.31.47.0-255,172,377352,96,381475
7881,0.031135,172.31.47.0-255,1109,378461,96,381475
7882,0.031164,172.31.47.0-255,1514,379975,96,381475
7883,0.031166,172.31.47.0-255,1302,381277,96,381475
7884,0.032639,104.244.42.0-255,66,381343,96,381475
7885,0.032822,104.244.42.0-255,66,381409,96,381475
7886,0.032826,104.244.42.0-255,66,381475,96,381475
7887,0.0,74.125.24.0-255,152,152,96,265062
7888,2.2e-05,172.31.47.0-255,66,218,96,265062
7889,2.8e-05,74.125.24.0-255,1484,1702,96,265062
7890,3.1e-05,172.31.47.0-255,66,1768,96,265062
7891,5.6e-05,74.125.24.0-255,2902,4670,96,265062
7892,5.9e-05,172.31.47.0-255,66,4736,96,265062
7893,6.5e-05,74.125.24.0-255,5738,10474,96,265062
7894,6.7e-05,172.31.47.0-255,66,10540,96,265062
7895,0.000106,74.125.24.0-255,3463,14003,96,265062
7896,0.000109,172.31.47.0-255,66,14069,96,265062
7897,0.000146,74.125.24.0-255,4320,18389,96,265062
7898,0.000149,172.31.47.0-255,66,18455,96,265062
7899,0.000153,74.125.24.0-255,2902,21357,96,265062
7900,0.000155,172.31.47.0-255,66,21423,96,265062
7901,0.00017,74.125.24.0-255,1484,22907,96,265062
7902,0.000172,172.31.47.0-255,66,22973,96,265062
7903,0.0002,74.125.24.0-255,7156,30129,96,265062
7904,0.000207,172.31.47.0-255,66,30195,96,265062
7905,0.000209,74.125.24.0-255,1125,31320,96,265062
7906,0.000211,172.31.47.0-255,66,31386,96,265062
7907,0.000358,74.125.24.0-255,1484,32870,96,265062
7908,0.000362,172.31.47.0-255,66,32936,96,265062
7909,0.000385,74.125.24.0-255,2902,35838,96,265062
7910,0.000388,172.31.47.0-255,66,35904,96,265062
7911,0.000393,74.125.24.0-255,5738,41642,96,265062
7912,0.000395,172.31.47.0-255,66,41708,96,265062
7913,0.000432,172.31.47.0-255,66,41774,96,265062
7914,0.000458,74.125.24.0-255,2543,44317,96,265062
7915,0.00046,172.31.47.0-255,66,44383,96,265062
7916,0.000472,172.31.47.0-255,66,44449,96,265062
7917,0.000479,74.125.24.0-255,1436,45885,96,265062
7918,0.000502,74.125.24.0-255,374,46259,96,265062
7919,0.000507,172.31.47.0-255,66,46325,96,265062
7920,0.001145,74.125.24.0-255,1484,47809,96,265062
7921,0.001153,74.125.24.0-255,1484,49293,96,265062
7922,0.001156,172.31.47.0-255,66,49359,96,265062
7923,0.001178,74.125.24.0-255,1484,50843,96,265062
7924,0.001183,74.125.24.0-255,4320,55163,96,265062
7925,0.001195,74.125.24.0-255,1484,56647,96,265062
7926,0.001204,74.125.24.0-255,1484,58131,96,265062
7927,0.001218,74.125.24.0-255,5738,63869,96,265062
7928,0.001241,74.125.24.0-255,5738,69607,96,265062
7929,0.001247,74.125.24.0-255,4320,73927,96,265062
7930,0.001265,74.125.24.0-255,6438,80365,96,265062
7931,0.001324,74.125.24.0-255,1484,81849,96,265062
7932,0.001336,74.125.24.0-255,2902,84751,96,265062
7933,0.001354,74.125.24.0-255,5738,90489,96,265062
7934,0.001376,74.125.24.0-255,2902,93391,96,265062
7935,0.001434,74.125.24.0-255,2184,95575,96,265062
7936,0.001794,74.125.24.0-255,1484,97059,96,265062
7937,0.00184,74.125.24.0-255,2902,99961,96,265062
7938,0.001845,74.125.24.0-255,5738,105699,96,265062
7939,0.001873,74.125.24.0-255,2902,108601,96,265062
7940,0.001907,74.125.24.0-255,1484,110085,96,265062
7941,0.002345,74.125.24.0-255,1484,111569,96,265062
7942,0.002362,74.125.24.0-255,2902,114471,96,265062
7943,0.002367,74.125.24.0-255,4320,118791,96,265062
7944,0.002375,74.125.24.0-255,1484,120275,96,265062
7945,0.002398,74.125.24.0-255,2902,123177,96,265062
7946,0.00243,74.125.24.0-255,1484,124661,96,265062
7947,0.002435,74.125.24.0-255,4320,128981,96,265062
7948,0.002453,74.125.24.0-255,4320,133301,96,265062
7949,0.002485,74.125.24.0-255,2184,135485,96,265062
7950,0.00337,172.31.47.0-255,66,135551,96,265062
7951,0.005941,74.125.24.0-255,4320,139871,96,265062
7952,0.005946,172.31.47.0-255,66,139937,96,265062
7953,0.005976,74.125.24.0-255,1484,141421,96,265062
7954,0.0085,74.125.24.0-255,4320,145741,96,265062
7955,0.008507,172.31.47.0-255,66,145807,96,265062
7956,0.011055,74.125.24.0-255,5738,151545,96,265062
7957,0.011095,172.31.47.0-255,66,151611,96,265062
7958,0.013648,74.125.24.0-255,5738,157349,96,265062
7959,0.013654,172.31.47.0-255,66,157415,96,265062
7960,0.016216,74.125.24.0-255,5738,163153,96,265062
7961,0.016222,172.31.47.0-255,66,163219,96,265062
7962,0.018759,74.125.24.0-255,5738,168957,96,265062
7963,0.018768,172.31.47.0-255,66,169023,96,265062
7964,0.021328,74.125.24.0-255,5738,174761,96,265062
7965,0.021337,172.31.47.0-255,66,174827,96,265062
7966,0.023893,74.125.24.0-255,5738,180565,96,265062
7967,0.023901,172.31.47.0-255,66,180631,96,265062
7968,0.026484,74.125.24.0-255,2902,183533,96,265062
7969,0.02649,172.31.47.0-255,66,183599,96,265062
7970,0.026519,74.125.24.0-255,2902,186501,96,265062
7971,0.026545,172.31.47.0-255,66,186567,96,265062
7972,0.028646,172.31.47.0-255,172,186739,96,265062
7973,0.028705,172.31.47.0-255,1110,187849,96,265062
7974,0.028773,172.31.47.0-255,1514,189363,96,265062
7975,0.028775,172.31.47.0-255,1301,190664,96,265062
7976,0.029018,74.125.24.0-255,2902,193566,96,265062
7977,0.029024,172.31.47.0-255,66,193632,96,265062
7978,0.029099,74.125.24.0-255,2902,196534,96,265062
7979,0.029124,172.31.47.0-255,66,196600,96,265062
7980,0.030169,104.244.42.0-255,66,196666,96,265062
7981,0.030239,104.244.42.0-255,66,196732,96,265062
7982,0.030327,104.244.42.0-255,66,196798,96,265062
7983,0.031569,74.125.24.0-255,2902,199700,96,265062
7984,0.031574,172.31.47.0-255,66,199766,96,265062
7985,0.031668,74.125.24.0-255,2902,202668,96,265062
7986,0.031674,172.31.47.0-255,66,202734,96,265062
7987,0.034105,74.125.24.0-255,2902,205636,96,265062
7988,0.034111,172.31.47.0-255,66,205702,96,265062
7989,0.034196,74.125.24.0-255,2902,208604,96,265062
7990,0.034203,172.31.47.0-255,66,208670,96,265062
7991,0.036653,74.125.24.0-255,2902,211572,96,265062
7992,0.036659,172.31.47.0-255,66,211638,96,265062
7993,0.036752,74.125.24.0-255,2902,214540,96,265062
7994,0.037037,172.31.47.0-255,66,214606,96,265062
7995,0.039199,74.125.24.0-255,2902,217508,96,265062
7996,0.039204,172.31.47.0-255,66,217574,96,265062
7997,0.039607,74.125.24.0-255,2902,220476,96,265062
7998,0.039612,172.31.47.0-255,66,220542,96,265062
7999,0.04178,74.125.24.0-255,2902,223444,96,265062
8000,0.041785,172.31.47.0-255,66,223510,96,265062
8001,0.042186,74.125.24.0-255,2902,226412,96,265062
8002,0.042191,172.31.47.0-255,66,226478,96,265062
8003,0.044338,74.125.24.0-255,2902,229380,96,265062
8004,0.044343,172.31.47.0-255,66,229446,96,265062
8005,0.044747,74.125.24.0-255,2902,232348,96,265062
8006,0.044752,172.31.47.0-255,66,232414,96,265062
8007,0.046916,74.125.24.0-255,2902,235316,96,265062
8008,0.04692,172.31.47.0-255,66,235382,96,265062
8009,0.047294,74.125.24.0-255,2902,238284,96,265062
8010,0.047298,172.31.47.0-255,66,238350,96,265062
8011,0.049466,74.125.24.0-255,2902,241252,96,265062
8012,0.04947,172.31.47.0-255,66,241318,96,265062
8013,0.049899,74.125.24.0-255,2902,244220,96,265062
8014,0.049903,172.31.47.0-255,66,244286,96,265062
8015,0.052,74.125.24.0-255,2902,247188,96,265062
8016,0.052004,172.31.47.0-255,66,247254,96,265062
8017,0.052462,74.125.24.0-255,2902,250156,96,265062
8018,0.052467,172.31.47.0-255,66,250222,96,265062
8019,0.054577,74.125.24.0-255,2902,253124,96,265062
8020,0.054583,172.31.47.0-255,66,253190,96,265062
8021,0.055022,74.125.24.0-255,2902,256092,96,265062
8022,0.055026,172.31.47.0-255,66,256158,96,265062
8023,0.057172,74.125.24.0-255,2902,259060,96,265062
8024,0.057177,172.31.47.0-255,66,259126,96,265062
8025,0.057567,74.125.24.0-255,2902,262028,96,265062
8026,0.057573,172.31.47.0-255,66,262094,96,265062
8027,0.059723,74.125.24.0-255,2902,264996,96,265062
8028,0.059728,172.31.47.0-255,66,265062,96,265062
8029,0.0,74.125.24.0-255,146,146,96,247735
8030,1.5e-05,172.31.47.0-255,66,212,96,247735
8031,2.1e-05,74.125.24.0-255,1484,1696,96,247735
8032,2.6e-05,172.31.47.0-255,66,1762,96,247735
8033,3.1e-05,74.125.24.0-255,2902,4664,96,247735
8034,3.4e-05,172.31.47.0-255,66,4730,96,247735
8035,3.8e-05,74.125.24.0-255,2902,7632,96,247735
8036,4e-05,172.31.47.0-255,66,7698,96,247735
8037,6.2e-05,74.125.24.0-255,4320,12018,96,247735
8038,6.5e-05,172.31.47.0-255,66,12084,96,247735
8039,6.8e-05,74.125.24.0-255,2148,14232,96,247735
8040,7e-05,172.31.47.0-255,66,14298,96,247735
8041,0.000718,74.125.24.0-255,1484,15782,96,247735
8042,0.000724,172.31.47.0-255,66,15848,96,247735
8043,0.000733,74.125.24.0-255,2902,18750,96,247735
8044,0.000735,172.31.47.0-255,66,18816,96,247735
8045,0.000742,74.125.24.0-255,5738,24554,96,247735
8046,0.000743,172.31.47.0-255,66,24620,96,247735
8047,0.000772,74.125.24.0-255,6797,31417,96,247735
8048,0.000775,172.31.47.0-255,66,31483,96,247735
8049,0.000789,74.125.24.0-255,4320,35803,96,247735
8050,0.000792,172.31.47.0-255,66,35869,96,247735
8051,0.000825,172.31.47.0-255,66,35935,96,247735
8052,0.00083,74.125.24.0-255,2543,38478,96,247735
8053,0.000832,172.31.47.0-255,66,38544,96,247735
8054,0.001495,74.125.24.0-255,1484,40028,96,247735
8055,0.001501,172.31.47.0-255,66,40094,96,247735
8056,0.001507,74.125.24.0-255,2902,42996,96,247735
8057,0.001509,172.31.47.0-255,66,43062,96,247735
8058,0.00156,74.125.24.0-255,5738,48800,96,247735
8059,0.001562,172.31.47.0-255,66,48866,96,247735
8060,0.001574,172.31.47.0-255,66,48932,96,247735
8061,0.001589,74.125.24.0-255,5379,54311,96,247735
8062,0.001592,172.31.47.0-255,66,54377,96,247735
8063,0.001624,74.125.24.0-255,1484,55861,96,247735
8064,0.001627,172.31.47.0-255,66,55927,96,247735
8065,0.001652,172.31.47.0-255,66,55993,96,247735
8066,0.001658,74.125.24.0-255,4320,60313,96,247735
8067,0.00166,172.31.47.0-255,66,60379,96,247735
8068,0.001677,74.125.24.0-255,7156,67535,96,247735
8069,0.00168,172.31.47.0-255,66,67601,96,247735
8070,0.001686,74.125.24.0-255,5379,72980,96,247735
8071,0.001689,172.31.47.0-255,66,73046,96,247735
8072,0.002304,74.125.24.0-255,1484,74530,96,247735
8073,0.002309,172.31.47.0-255,66,74596,96,247735
8074,0.002316,74.125.24.0-255,2902,77498,96,247735
8075,0.002318,172.31.47.0-255,66,77564,96,247735
8076,0.002325,74.125.24.0-255,5738,83302,96,247735
8077,0.002327,172.31.47.0-255,66,83368,96,247735
8078,0.002354,74.125.24.0-255,7156,90524,96,247735
8079,0.002357,172.31.47.0-255,66,90590,96,247735
8080,0.00238,74.125.24.0-255,5738,96328,96,247735
8081,0.002383,172.31.47.0-255,66,96394,96,247735
8082,0.00239,74.125.24.0-255,4320,100714,96,247735
8083,0.002392,172.31.47.0-255,66,100780,96,247735
8084,0.002408,74.125.24.0-255,2902,103682,96,247735
8085,0.002411,172.31.47.0-255,66,103748,96,247735
8086,0.004752,74.125.24.0-255,5738,109486,96,247735
8087,0.004758,172.31.47.0-255,66,109552,96,247735
8088,0.007102,74.125.24.0-255,5738,115290,96,247735
8089,0.00711,172.31.47.0-255,66,115356,96,247735
8090,0.009467,74.125.24.0-255,5738,121094,96,247735
8091,0.009475,172.31.47.0-255,66,121160,96,247735
8092,0.011834,74.125.24.0-255,4320,125480,96,247735
8093,0.011841,172.31.47.0-255,66,125546,96,247735
8094,0.011862,74.125.24.0-255,1484,127030,96,247735
8095,0.011864,172.31.47.0-255,66,127096,96,247735
8096,0.014177,74.125.24.0-255,4320,131416,96,247735
8097,0.014186,172.31.47.0-255,66,131482,96,247735
8098,0.014212,74.125.24.0-255,1484,132966,96,247735
8099,0.014215,172.31.47.0-255,66,133032,96,247735
8100,0.016524,74.125.24.0-255,4320,137352,96,247735
8101,0.01653,172.31.47.0-255,66,137418,96,247735
8102,0.016548,74.125.24.0-255,1484,138902,96,247735
8103,0.01655,172.31.47.0-255,66,138968,96,247735
8104,0.018892,74.125.24.0-255,5738,144706,96,247735
8105,0.018901,172.31.47.0-255,66,144772,96,247735
8106,0.020982,172.31.47.0-255,172,144944,96,247735
8107,0.021009,172.31.47.0-255,1101,146045,96,247735
8108,0.021068,172.31.47.0-255,1514,147559,96,247735
8109,0.02107,172.31.47.0-255,1310,148869,96,247735
8110,0.021268,74.125.24.0-255,5738,154607,96,247735
8111,0.021274,172.31.47.0-255,66,154673,96,247735
8112,0.022513,104.244.42.0-255,66,154739,96,247735
8113,0.022565,104.244.42.0-255,66,154805,96,247735
8114,0.022605,104.244.42.0-255,66,154871,96,247735
8115,0.023639,74.125.24.0-255,5738,160609,96,247735
8116,0.023647,172.31.47.0-255,66,160675,96,247735
8117,0.026021,74.125.24.0-255,5738,166413,96,247735
8118,0.02603,172.31.47.0-255,66,166479,96,247735
8119,0.028401,74.125.24.0-255,5738,172217,96,247735
8120,0.028408,172.31.47.0-255,66,172283,96,247735
8121,0.030797,74.125.24.0-255,5738,178021,96,247735
8122,0.030804,172.31.47.0-255,66,178087,96,247735
8123,0.033199,74.125.24.0-255,5738,183825,96,247735
8124,0.033206,172.31.47.0-255,66,183891,96,247735
8125,0.035552,74.125.24.0-255,5738,189629,96,247735
8126,0.035559,172.31.47.0-255,66,189695,96,247735
8127,0.037922,74.125.24.0-255,5738,195433,96,247735
8128,0.037928,172.31.47.0-255,66,195499,96,247735
8129,0.040274,74.125.24.0-255,5738,201237,96,247735
8130,0.040281,172.31.47.0-255,66,201303,96,247735
8131,0.04264,74.125.24.0-255,5738,207041,96,247735
8132,0.042647,172.31.47.0-255,66,207107,96,247735
8133,0.044994,74.125.24.0-255,5738,212845,96,247735
8134,0.044999,172.31.47.0-255,66,212911,96,247735
8135,0.047426,74.125.24.0-255,5738,218649,96,247735
8136,0.047431,172.31.47.0-255,66,218715,96,247735
8137,0.049818,74.125.24.0-255,5738,224453,96,247735
8138,0.049824,172.31.47.0-255,66,224519,96,247735
8139,0.052193,74.125.24.0-255,5738,230257,96,247735
8140,0.0522,172.31.47.0-255,66,230323,96,247735
8141,0.054582,74.125.24.0-255,5738,236061,96,247735
8142,0.054599,172.31.47.0-255,66,236127,96,247735
8143,0.056958,74.125.24.0-255,5738,241865,96,247735
8144,0.056972,172.31.47.0-255,66,241931,96,247735
8145,0.059353,74.125.24.0-255,5738,247669,96,247735
8146,0.059368,172.31.47.0-255,66,247735,96,247735
8147,0.0,172.217.194.0-255,298,298,96,281835
8148,4e-05,172.31.47.0-255,66,364,96,281835
8149,4.8e-05,172.217.194.0-255,1484,1848,96,281835
8150,5.3e-05,172.31.47.0-255,66,1914,96,281835
8151,5.9e-05,172.217.194.0-255,4320,6234,96,281835
8152,6.2e-05,172.31.47.0-255,66,6300,96,281835
8153,8e-05,172.31.47.0-255,66,6366,96,281835
8154,0.000207,172.217.194.0-255,1484,7850,96,281835
8155,0.000211,172.31.47.0-255,66,7916,96,281835
8156,0.00024,172.217.194.0-255,2902,10818,96,281835
8157,0.000242,172.31.47.0-255,66,10884,96,281835
8158,0.00025,172.217.194.0-255,5738,16622,96,281835
8159,0.000253,172.31.47.0-255,66,16688,96,281835
8160,0.00029,172.217.194.0-255,6797,23485,96,281835
8161,0.000295,172.31.47.0-255,66,23551,96,281835
8162,0.000313,172.31.47.0-255,66,23617,96,281835
8163,0.000317,172.217.194.0-255,2543,26160,96,281835
8164,0.000319,172.31.47.0-255,66,26226,96,281835
8165,0.000324,172.217.194.0-255,2902,29128,96,281835
8166,0.000327,172.31.47.0-255,66,29194,96,281835
8167,0.000331,172.217.194.0-255,2902,32096,96,281835
8168,0.000334,172.31.47.0-255,66,32162,96,281835
8169,0.000367,172.217.194.0-255,4320,36482,96,281835
8170,0.00037,172.31.47.0-255,66,36548,96,281835
8171,0.000378,172.217.194.0-255,7049,43597,96,281835
8172,0.000381,172.31.47.0-255,66,43663,96,281835
8173,0.000384,172.217.194.0-255,433,44096,96,281835
8174,0.000385,172.31.47.0-255,66,44162,96,281835
8175,0.000509,172.217.194.0-255,1484,45646,96,281835
8176,0.000513,172.31.47.0-255,66,45712,96,281835
8177,0.000518,172.217.194.0-255,2902,48614,96,281835
8178,0.00052,172.31.47.0-255,66,48680,96,281835
8179,0.000556,172.217.194.0-255,5738,54418,96,281835
8180,0.000559,172.31.47.0-255,66,54484,96,281835
8181,0.000567,172.217.194.0-255,6797,61281,96,281835
8182,0.000569,172.31.47.0-255,66,61347,96,281835
8183,0.000601,172.217.194.0-255,7156,68503,96,281835
8184,0.000604,172.31.47.0-255,66,68569,96,281835
8185,0.000631,172.31.47.0-255,66,68635,96,281835
8186,0.000657,172.217.194.0-255,1125,69760,96,281835
8187,0.001076,172.217.194.0-255,1484,71244,96,281835
8188,0.001081,172.31.47.0-255,66,71310,96,281835
8189,0.001086,172.217.194.0-255,2902,74212,96,281835
8190,0.001089,172.31.47.0-255,66,74278,96,281835
8191,0.001093,172.217.194.0-255,2902,77180,96,281835
8192,0.001102,172.31.47.0-255,66,77246,96,281835
8193,0.001139,172.217.194.0-255,2902,80148,96,281835
8194,0.001145,172.31.47.0-255,66,80214,96,281835
8195,0.001151,172.31.47.0-255,66,80280,96,281835
8196,0.001162,172.31.47.0-255,66,80346,96,281835
8197,0.001165,172.217.194.0-255,766,81112,96,281835
8198,0.001474,172.31.47.0-255,66,81178,96,281835
8199,0.001585,172.217.194.0-255,1484,82662,96,281835
8200,0.001594,172.217.194.0-255,2902,85564,96,281835
8201,0.001597,172.31.47.0-255,66,85630,96,281835
8202,0.001604,172.217.194.0-255,5738,91368,96,281835
8203,0.001607,172.31.47.0-255,66,91434,96,281835
8204,0.001644,172.31.47.0-255,66,91500,96,281835
8205,0.001655,172.31.47.0-255,66,91566,96,281835
8206,0.001686,172.217.194.0-255,2184,93750,96,281835
8207,0.001689,172.31.47.0-255,66,93816,96,281835
8208,0.001884,172.217.194.0-255,1484,95300,96,281835
8209,0.001892,172.217.194.0-255,2902,98202,96,281835
8210,0.001895,172.31.47.0-255,66,98268,96,281835
8211,0.001902,172.217.194.0-255,5738,104006,96,281835
8212,0.001904,172.31.47.0-255,66,104072,96,281835
8213,0.001989,172.31.47.0-255,66,104138,96,281835
8214,0.001995,172.217.194.0-255,5738,109876,96,281835
8215,0.001997,172.31.47.0-255,66,109942,96,281835
8216,0.002003,172.217.194.0-255,5020,114962,96,281835
8217,0.002005,172.31.47.0-255,66,115028,96,281835
8218,0.004023,172.217.194.0-255,5738,120766,96,281835
8219,0.004031,172.31.47.0-255,66,120832,96,281835
8220,0.006052,172.217.194.0-255,5738,126570,96,281835
8221,0.00606,172.31.47.0-255,66,126636,96,281835
8222,0.008078,172.217.194.0-255,5738,132374,96,281835
8223,0.008086,172.31.47.0-255,66,132440,96,281835
8224,0.010103,172.217.194.0-255,5738,138178,96,281835
8225,0.010114,172.31.47.0-255,66,138244,96,281835
8226,0.012143,172.217.194.0-255,5738,143982,96,281835
8227,0.012156,172.31.47.0-255,66,144048,96,281835
8228,0.014171,172.217.194.0-255,5738,149786,96,281835
8229,0.014187,172.31.47.0-255,66,149852,96,281835
8230,0.016206,172.217.194.0-255,5738,155590,96,281835
8231,0.016224,172.31.47.0-255,66,155656,96,281835
8232,0.018238,172.217.194.0-255,5738,161394,96,281835
8233,0.018252,172.31.47.0-255,66,161460,96,281835
8234,0.020281,172.217.194.0-255,5738,167198,96,281835
8235,0.020302,172.31.47.0-255,66,167264,96,281835
8236,0.022337,172.217.194.0-255,5738,173002,96,281835
8237,0.022354,172.31.47.0-255,66,173068,96,281835
8238,0.024388,172.217.194.0-255,5738,178806,96,281835
8239,0.024405,172.31.47.0-255,66,178872,96,281835
8240,0.026409,172.217.194.0-255,5738,184610,96,281835
8241,0.026425,172.31.47.0-255,66,184676,96,281835
8242,0.028447,172.217.194.0-255,5738,190414,96,281835
8243,0.028461,172.31.47.0-255,66,190480,96,281835
8244,0.029746,172.31.47.0-255,172,190652,96,281835
8245,0.029791,172.31.47.0-255,1105,191757,96,281835
8246,0.029863,172.31.47.0-255,1514,193271,96,281835
8247,0.029865,172.31.47.0-255,1306,194577,96,281835
8248,0.030471,172.217.194.0-255,5738,200315,96,281835
8249,0.030481,172.31.47.0-255,66,200381,96,281835
8250,0.031291,104.244.42.0-255,66,200447,96,281835
8251,0.031339,104.244.42.0-255,66,200513,96,281835
8252,0.031437,104.244.42.0-255,66,200579,96,281835
8253,0.032492,172.217.194.0-255,5738,206317,96,281835
8254,0.032501,172.31.47.0-255,66,206383,96,281835
8255,0.034528,172.217.194.0-255,5738,212121,96,281835
8256,0.034547,172.31.47.0-255,66,212187,96,281835
8257,0.036575,172.217.194.0-255,5738,217925,96,281835
8258,0.036591,172.31.47.0-255,66,217991,96,281835
8259,0.038604,172.217.194.0-255,5738,223729,96,281835
8260,0.038615,172.31.47.0-255,66,223795,96,281835
8261,0.040712,172.217.194.0-255,5738,229533,96,281835
8262,0.040721,172.31.47.0-255,66,229599,96,281835
8263,0.042743,172.217.194.0-255,5738,235337,96,281835
8264,0.042752,172.31.47.0-255,66,235403,96,281835
8265,0.044757,172.217.194.0-255,5738,241141,96,281835
8266,0.044763,172.31.47.0-255,66,241207,96,281835
8267,0.046772,172.217.194.0-255,5738,246945,96,281835
8268,0.046779,172.31.47.0-255,66,247011,96,281835
8269,0.048795,172.217.194.0-255,5738,252749,96,281835
8270,0.048802,172.31.47.0-255,66,252815,96,281835
8271,0.050815,172.217.194.0-255,5738,258553,96,281835
8272,0.050822,172.31.47.0-255,66,258619,96,281835
8273,0.052845,172.217.194.0-255,5738,264357,96,281835
8274,0.052852,172.31.47.0-255,66,264423,96,281835
8275,0.05486,172.217.194.0-255,5738,270161,96,281835
8276,0.054867,172.31.47.0-255,66,270227,96,281835
8277,0.056909,172.217.194.0-255,5738,275965,96,281835
8278,0.056918,172.31.47.0-255,66,276031,96,281835
8279,0.058968,172.217.194.0-255,5738,281769,96,281835
8280,0.058976,172.31.47.0-255,66,281835,96,281835
8281,0.0,172.217.194.0-255,153,153,96,281574
8282,2.2e-05,172.31.47.0-255,66,219,96,281574
8283,2.9e-05,172.217.194.0-255,1484,1703,96,281574
8284,3.4e-05,172.31.47.0-255,66,1769,96,281574
8285,4.1e-05,172.217.194.0-255,2902,4671,96,281574
8286,4.4e-05,172.31.47.0-255,66,4737,96,281574
8287,5.3e-05,172.217.194.0-255,7156,11893,96,281574
8288,5.7e-05,172.31.47.0-255,66,11959,96,281574
8289,8e-05,172.217.194.0-255,2008,13967,96,281574
8290,8.3e-05,172.31.47.0-255,66,14033,96,281574
8291,0.000101,172.217.194.0-255,4320,18353,96,281574
8292,0.000104,172.31.47.0-255,66,18419,96,281574
8293,0.000117,172.217.194.0-255,4320,22739,96,281574
8294,0.00012,172.31.47.0-255,66,22805,96,281574
8295,0.000139,172.217.194.0-255,2902,25707,96,281574
8296,0.000141,172.31.47.0-255,66,25773,96,281574
8297,0.000148,172.217.194.0-255,5379,31152,96,281574
8298,0.00015,172.31.47.0-255,66,31218,96,281574
8299,0.000296,172.217.194.0-255,1484,32702,96,281574
8300,0.0003,172.31.47.0-255,66,32768,96,281574
8301,0.000305,172.217.194.0-255,1484,34252,96,281574
8302,0.000307,172.31.47.0-255,66,34318,96,281574
8303,0.00032,172.217.194.0-255,1484,35802,96,281574
8304,0.000323,172.31.47.0-255,66,35868,96,281574
8305,0.00033,172.217.194.0-255,5738,41606,96,281574
8306,0.000333,172.31.47.0-255,66,41672,96,281574
8307,0.000373,172.217.194.0-255,2902,44574,96,281574
8308,0.000376,172.31.47.0-255,66,44640,96,281574
8309,0.000404,172.31.47.0-255,66,44706,96,281574
8310,0.00041,172.217.194.0-255,5738,50444,96,281574
8311,0.000413,172.31.47.0-255,66,50510,96,281574
8312,0.000434,172.217.194.0-255,5738,56248,96,281574
8313,0.000436,172.31.47.0-255,66,56314,96,281574
8314,0.000439,172.217.194.0-255,1382,57696,96,281574
8315,0.000441,172.31.47.0-255,66,57762,96,281574
8316,0.000444,172.217.194.0-255,117,57879,96,281574
8317,0.000446,172.31.47.0-255,66,57945,96,281574
8318,0.000498,172.217.194.0-255,378,58323,96,281574
8319,0.000501,172.31.47.0-255,66,58389,96,281574
8320,0.000623,172.217.194.0-255,1484,59873,96,281574
8321,0.000627,172.31.47.0-255,66,59939,96,281574
8322,0.000633,172.217.194.0-255,2902,62841,96,281574
8323,0.000635,172.31.47.0-255,66,62907,96,281574
8324,0.00065,172.217.194.0-255,2902,65809,96,281574
8325,0.000654,172.31.47.0-255,66,65875,96,281574
8326,0.000665,172.217.194.0-255,2902,68777,96,281574
8327,0.000668,172.31.47.0-255,66,68843,96,281574
8328,0.000672,172.217.194.0-255,2902,71745,96,281574
8329,0.000674,172.31.47.0-255,66,71811,96,281574
8330,0.000699,172.217.194.0-255,2902,74713,96,281574
8331,0.000701,172.31.47.0-255,66,74779,96,281574
8332,0.000716,172.31.47.0-255,66,74845,96,281574
8333,0.000722,172.217.194.0-255,5020,79865,96,281574
8334,0.000724,172.31.47.0-255,66,79931,96,281574
8335,0.001176,172.217.194.0-255,1484,81415,96,281574
8336,0.001197,172.217.194.0-255,2902,84317,96,281574
8337,0.0012,172.31.47.0-255,66,84383,96,281574
8338,0.001207,172.217.194.0-255,5738,90121,96,281574
8339,0.001209,172.31.47.0-255,66,90187,96,281574
8340,0.001249,172.217.194.0-255,4320,94507,96,281574
8341,0.001254,172.31.47.0-255,66,94573,96,281574
8342,0.00126,172.31.47.0-255,66,94639,96,281574
8343,0.001263,172.217.194.0-255,1484,96123,96,281574
8344,0.001304,172.217.194.0-255,5020,101143,96,281574
8345,0.001307,172.31.47.0-255,66,101209,96,281574
8346,0.001546,172.217.194.0-255,1484,102693,96,281574
8347,0.001562,172.217.194.0-255,2902,105595,96,281574
8348,0.001566,172.31.47.0-255,66,105661,96,281574
8349,0.001572,172.217.194.0-255,5738,111399,96,281574
8350,0.001573,172.31.47.0-255,66,111465,96,281574
8351,0.001602,172.217.194.0-255,4320,115785,96,281574
8352,0.001604,172.31.47.0-255,66,115851,96,281574
8353,0.00163,172.31.47.0-255,66,115917,96,281574
8354,0.001655,172.217.194.0-255,1484,117401,96,281574
8355,0.001683,172.31.47.0-255,66,117467,96,281574
8356,0.003724,172.217.194.0-255,5738,123205,96,281574
8357,0.00373,172.31.47.0-255,66,123271,96,281574
8358,0.005814,172.217.194.0-255,4320,127591,96,281574
8359,0.005818,172.31.47.0-255,66,127657,96,281574
8360,0.005832,172.217.194.0-255,1484,129141,96,281574
8361,0.007876,172.217.194.0-255,4320,133461,96,281574
8362,0.007883,172.31.47.0-255,66,133527,96,281574
8363,0.009924,172.217.194.0-255,5738,139265,96,281574
8364,0.009932,172.31.47.0-255,66,139331,96,281574
8365,0.011948,172.217.194.0-255,5738,145069,96,281574
8366,0.011955,172.31.47.0-255,66,145135,96,281574
8367,0.01401,172.217.194.0-255,5738,150873,96,281574
8368,0.014018,172.31.47.0-255,66,150939,96,281574
8369,0.016088,172.217.194.0-255,5738,156677,96,281574
8370,0.016096,172.31.47.0-255,66,156743,96,281574
8371,0.018211,172.217.194.0-255,5738,162481,96,281574
8372,0.018216,172.31.47.0-255,66,162547,96,281574
8373,0.020244,172.217.194.0-255,5738,168285,96,281574
8374,0.020252,172.31.47.0-255,66,168351,96,281574
8375,0.022303,172.217.194.0-255,5738,174089,96,281574
8376,0.02231,172.31.47.0-255,66,174155,96,281574
8377,0.02436,172.217.194.0-255,5738,179893,96,281574
8378,0.024366,172.31.47.0-255,66,179959,96,281574
8379,0.025612,172.31.47.0-255,176,180135,96,281574
8380,0.025643,172.31.47.0-255,1111,181246,96,281574
8381,0.025696,172.31.47.0-255,1514,182760,96,281574
8382,0.025698,172.31.47.0-255,1300,184060,96,281574
8383,0.026382,172.217.194.0-255,5738,189798,96,281574
8384,0.026389,172.31.47.0-255,66,189864,96,281574
8385,0.027172,104.244.42.0-255,66,189930,96,281574
8386,0.027214,104.244.42.0-255,66,189996,96,281574
8387,0.027254,104.244.42.0-255,66,190062,96,281574
8388,0.028459,172.217.194.0-255,5738,195800,96,281574
8389,0.028464,172.31.47.0-255,66,195866,96,281574
8390,0.030473,172.217.194.0-255,5738,201604,96,281574
8391,0.03048,172.31.47.0-255,66,201670,96,281574
8392,0.032569,172.217.194.0-255,5738,207408,96,281574
8393,0.032575,172.31.47.0-255,66,207474,96,281574
8394,0.034591,172.217.194.0-255,4320,211794,96,281574
8395,0.034596,172.31.47.0-255,66,211860,96,281574
8396,0.034613,172.217.194.0-255,1484,213344,96,281574
8397,0.036658,172.217.194.0-255,4320,217664,96,281574
8398,0.036664,172.31.47.0-255,66,217730,96,281574
8399,0.038719,172.217.194.0-255,5738,223468,96,281574
8400,0.038725,172.31.47.0-255,66,223534,96,281574
8401,0.040778,172.217.194.0-255,5738,229272,96,281574
8402,0.040784,172.31.47.0-255,66,229338,96,281574
8403,0.042824,172.217.194.0-255,5738,235076,96,281574
8404,0.042829,172.31.47.0-255,66,235142,96,281574
8405,0.044873,172.217.194.0-255,5738,240880,96,281574
8406,0.044878,172.31.47.0-255,66,240946,96,281574
8407,0.046931,172.217.194.0-255,5738,246684,96,281574
8408,0.046937,172.31.47.0-255,66,246750,96,281574
8409,0.048976,172.217.194.0-255,5738,252488,96,281574
8410,0.048983,172.31.47.0-255,66,252554,96,281574
8411,0.051066,172.217.194.0-255,5738,258292,96,281574
8412,0.051072,172.31.47.0-255,66,258358,96,281574
8413,0.053089,172.217.194.0-255,5738,264096,96,281574
8414,0.053094,172.31.47.0-255,66,264162,96,281574
8415,0.055111,172.217.194.0-255,5738,269900,96,281574
8416,0.055117,172.31.47.0-255,66,269966,96,281574
8417,0.057147,172.217.194.0-255,5738,275704,96,281574
8418,0.057153,172.31.47.0-255,66,275770,96,281574
8419,0.059181,172.217.194.0-255,5738,281508,96,281574
8420,0.059188,172.31.47.0-255,66,281574,96,281574
8421,0.0,74.125.24.0-255,153,153,96,271506
8422,2.2e-05,172.31.47.0-255,66,219,96,271506
8423,2.8e-05,74.125.24.0-255,1484,1703,96,271506
8424,3.2e-05,172.31.47.0-255,66,1769,96,271506
8425,5.2e-05,74.125.24.0-255,1484,3253,96,271506
8426,5.4e-05,172.31.47.0-255,66,3319,96,271506
8427,6.2e-05,74.125.24.0-255,2902,6221,96,271506
8428,6.6e-05,172.31.47.0-255,66,6287,96,271506
8429,7e-05,74.125.24.0-255,4320,10607,96,271506
8430,7.2e-05,172.31.47.0-255,66,10673,96,271506
8431,9.9e-05,74.125.24.0-255,1484,12157,96,271506
8432,0.000101,172.31.47.0-255,66,12223,96,271506
8433,0.000105,74.125.24.0-255,1938,14161,96,271506
8434,0.000107,172.31.47.0-255,66,14227,96,271506
8435,0.000132,74.125.24.0-255,1484,15711,96,271506
8436,0.000134,172.31.47.0-255,66,15777,96,271506
8437,0.000157,74.125.24.0-255,2902,18679,96,271506
8438,0.00016,172.31.47.0-255,66,18745,96,271506
8439,0.000163,74.125.24.0-255,2902,21647,96,271506
8440,0.000165,172.31.47.0-255,66,21713,96,271506
8441,0.000186,74.125.24.0-255,2902,24615,96,271506
8442,0.000188,172.31.47.0-255,66,24681,96,271506
8443,0.000196,74.125.24.0-255,2902,27583,96,271506
8444,0.000198,172.31.47.0-255,66,27649,96,271506
8445,0.000224,74.125.24.0-255,2902,30551,96,271506
8446,0.000226,172.31.47.0-255,66,30617,96,271506
8447,0.000237,74.125.24.0-255,1125,31742,96,271506
8448,0.00024,172.31.47.0-255,66,31808,96,271506
8449,0.00025,172.31.47.0-255,66,31874,96,271506
8450,0.000253,74.125.24.0-255,1484,33358,96,271506
8451,0.00026,172.31.47.0-255,66,33424,96,271506
8452,0.000302,74.125.24.0-255,6797,40221,96,271506
8453,0.000309,172.31.47.0-255,66,40287,96,271506
8454,0.000349,74.125.24.0-255,5738,46025,96,271506
8455,0.000354,172.31.47.0-255,66,46091,96,271506
8456,0.000359,74.125.24.0-255,1484,47575,96,271506
8457,0.000365,74.125.24.0-255,5738,53313,96,271506
8458,0.00038,172.31.47.0-255,66,53379,96,271506
8459,0.000383,74.125.24.0-255,2902,56281,96,271506
8460,0.000386,74.125.24.0-255,1125,57406,96,271506
8461,0.000393,172.31.47.0-255,66,57472,96,271506
8462,0.000448,74.125.24.0-255,394,57866,96,271506
8463,0.000472,74.125.24.0-255,115,57981,96,271506
8464,0.000556,74.125.24.0-255,1484,59465,96,271506
8465,0.000561,74.125.24.0-255,2902,62367,96,271506
8466,0.000561,172.31.47.0-255,66,62433,96,271506
8467,0.000563,74.125.24.0-255,1484,63917,96,271506
8468,0.000566,172.31.47.0-255,66,63983,96,271506
8469,0.000589,74.125.24.0-255,4320,68303,96,271506
8470,0.000595,172.31.47.0-255,66,68369,96,271506
8471,0.000599,74.125.24.0-255,2902,71271,96,271506
8472,0.00061,172.31.47.0-255,66,71337,96,271506
8473,0.000616,74.125.24.0-255,4227,75564,96,271506
8474,0.000621,172.31.47.0-255,66,75630,96,271506
8475,0.00099,74.125.24.0-255,1484,77114,96,271506
8476,0.000994,172.31.47.0-255,66,77180,96,271506
8477,0.001002,74.125.24.0-255,2902,80082,96,271506
8478,0.001006,74.125.24.0-255,2902,82984,96,271506
8479,0.001033,74.125.24.0-255,2902,85886,96,271506
8480,0.001062,74.125.24.0-255,2902,88788,96,271506
8481,0.001684,74.125.24.0-255,1484,90272,96,271506
8482,0.001699,74.125.24.0-255,2902,93174,96,271506
8483,0.001714,74.125.24.0-255,4320,97494,96,271506
8484,0.001723,74.125.24.0-255,1484,98978,96,271506
8485,0.001727,74.125.24.0-255,4320,103298,96,271506
8486,0.001736,74.125.24.0-255,1484,104782,96,271506
8487,0.001766,74.125.24.0-255,1484,106266,96,271506
8488,0.001779,74.125.24.0-255,7156,113422,96,271506
8489,0.001792,74.125.24.0-255,4320,117742,96,271506
8490,0.001797,74.125.24.0-255,5020,122762,96,271506
8491,0.001832,74.125.24.0-255,1484,124246,96,271506
8492,0.001867,74.125.24.0-255,1484,125730,96,271506
8493,0.001908,74.125.24.0-255,766,126496,96,271506
8494,0.002037,74.125.24.0-255,1484,127980,96,271506
8495,0.00205,74.125.24.0-255,1484,129464,96,271506
8496,0.002072,74.125.24.0-255,1484,130948,96,271506
8497,0.002077,74.125.24.0-255,5738,136686,96,271506
8498,0.002095,74.125.24.0-255,1484,138170,96,271506
8499,0.002107,74.125.24.0-255,2902,141072,96,271506
8500,0.002112,74.125.24.0-255,5738,146810,96,271506
8501,0.002165,74.125.24.0-255,5738,152548,96,271506
8502,0.002178,74.125.24.0-255,2902,155450,96,271506
8503,0.002192,74.125.24.0-255,4320,159770,96,271506
8504,0.002203,74.125.24.0-255,766,160536,96,271506
8505,0.00232,74.125.24.0-255,1484,162020,96,271506
8506,0.002335,74.125.24.0-255,2902,164922,96,271506
8507,0.002339,74.125.24.0-255,2902,167824,96,271506
8508,0.002348,74.125.24.0-255,2902,170726,96,271506
8509,0.002357,74.125.24.0-255,2902,173628,96,271506
8510,0.002374,74.125.24.0-255,5738,179366,96,271506
8511,0.002386,74.125.24.0-255,4320,183686,96,271506
8512,0.002388,74.125.24.0-255,1484,185170,96,271506
8513,0.002407,74.125.24.0-255,7156,192326,96,271506
8514,0.002426,74.125.24.0-255,2184,194510,96,271506
8515,0.002441,74.125.24.0-255,1484,195994,96,271506
8516,0.002482,74.125.24.0-255,1484,197478,96,271506
8517,0.002495,74.125.24.0-255,7156,204634,96,271506
8518,0.00251,74.125.24.0-255,5738,210372,96,271506
8519,0.002541,74.125.24.0-255,2902,213274,96,271506
8520,0.002558,74.125.24.0-255,3602,216876,96,271506
8521,0.002562,74.125.24.0-255,4320,221196,96,271506
8522,0.002574,74.125.24.0-255,2902,224098,96,271506
8523,0.002583,74.125.24.0-255,1484,225582,96,271506
8524,0.002595,74.125.24.0-255,2902,228484,96,271506
8525,0.002647,74.125.24.0-255,1484,229968,96,271506
8526,0.002844,74.125.24.0-255,1484,231452,96,271506
8527,0.002848,74.125.24.0-255,2902,234354,96,271506
8528,0.002867,74.125.24.0-255,2902,237256,96,271506
8529,0.002884,74.125.24.0-255,2902,240158,96,271506
8530,0.002888,74.125.24.0-255,2902,243060,96,271506
8531,0.002892,74.125.24.0-255,2902,245962,96,271506
8532,0.002923,74.125.24.0-255,2902,248864,96,271506
8533,0.002974,74.125.24.0-255,2902,251766,96,271506
8534,0.003043,74.125.24.0-255,1484,253250,96,271506
8535,0.003059,74.125.24.0-255,5738,258988,96,271506
8536,0.003088,74.125.24.0-255,3602,262590,96,271506
8537,0.003174,74.125.24.0-255,1405,263995,96,271506
8538,0.003177,74.125.24.0-255,105,264100,96,271506
8539,0.004401,172.31.47.0-255,66,264166,96,271506
8540,0.006519,172.31.47.0-255,105,264271,96,271506
8541,0.008772,74.125.24.0-255,66,264337,96,271506
8542,0.029114,172.31.47.0-255,171,264508,96,271506
8543,0.029147,172.31.47.0-255,1133,265641,96,271506
8544,0.029192,172.31.47.0-255,1514,267155,96,271506
8545,0.029193,172.31.47.0-255,1514,268669,96,271506
8546,0.029195,172.31.47.0-255,1514,270183,96,271506
8547,0.029196,172.31.47.0-255,1059,271242,96,271506
8548,0.030648,104.244.42.0-255,66,271308,96,271506
8549,0.03075,104.244.42.0-255,66,271374,96,271506
8550,0.030827,104.244.42.0-255,66,271440,96,271506
8551,0.030829,104.244.42.0-255,66,271506,96,271506
8552,0.0,172.31.47.0-255,105,105,96,105
8553,0.0,74.125.130.0-255,153,153,96,320335
8554,2.1e-05,172.31.47.0-255,66,219,96,320335
8555,2.7e-05,74.125.130.0-255,1484,1703,96,320335
8556,3.2e-05,172.31.47.0-255,66,1769,96,320335
8557,3.5e-05,74.125.130.0-255,1484,3253,96,320335
8558,3.7e-05,172.31.47.0-255,66,3319,96,320335
8559,5.6e-05,74.125.130.0-255,1484,4803,96,320335
8560,5.8e-05,172.31.47.0-255,66,4869,96,320335
8561,6.5e-05,74.125.130.0-255,5738,10607,96,320335
8562,6.8e-05,172.31.47.0-255,66,10673,96,320335
8563,0.000113,74.125.130.0-255,3627,14300,96,320335
8564,0.000116,172.31.47.0-255,66,14366,96,320335
8565,0.00016,74.125.130.0-255,1484,15850,96,320335
8566,0.000162,172.31.47.0-255,66,15916,96,320335
8567,0.000179,74.125.130.0-255,2902,18818,96,320335
8568,0.000181,172.31.47.0-255,66,18884,96,320335
8569,0.00021,74.125.130.0-255,5738,24622,96,320335
8570,0.000213,172.31.47.0-255,66,24688,96,320335
8571,0.000217,74.125.130.0-255,2902,27590,96,320335
8572,0.000218,172.31.47.0-255,66,27656,96,320335
8573,0.00024,74.125.130.0-255,3961,31617,96,320335
8574,0.000242,172.31.47.0-255,66,31683,96,320335
8575,0.000392,74.125.130.0-255,1484,33167,96,320335
8576,0.000395,172.31.47.0-255,66,33233,96,320335
8577,0.000415,74.125.130.0-255,2902,36135,96,320335
8578,0.000419,172.31.47.0-255,66,36201,96,320335
8579,0.000437,74.125.130.0-255,4320,40521,96,320335
8580,0.00044,172.31.47.0-255,66,40587,96,320335
8581,0.000462,74.125.130.0-255,2902,43489,96,320335
8582,0.000465,172.31.47.0-255,66,43555,96,320335
8583,0.000482,74.125.130.0-255,6797,50352,96,320335
8584,0.000484,172.31.47.0-255,66,50418,96,320335
8585,0.00049,74.125.130.0-255,4320,54738,96,320335
8586,0.000492,172.31.47.0-255,66,54804,96,320335
8587,0.000534,74.125.130.0-255,1484,56288,96,320335
8588,0.000564,172.31.47.0-255,66,56354,96,320335
8589,0.000638,74.125.130.0-255,113,56467,96,320335
8590,0.000656,74.125.130.0-255,385,56852,96,320335
8591,0.000937,74.125.130.0-255,1484,58336,96,320335
8592,0.000941,172.31.47.0-255,66,58402,96,320335
8593,0.000944,74.125.130.0-255,1484,59886,96,320335
8594,0.000961,74.125.130.0-255,1484,61370,96,320335
8595,0.000964,172.31.47.0-255,66,61436,96,320335
8596,0.000968,74.125.130.0-255,2902,64338,96,320335
8597,0.000969,172.31.47.0-255,66,64404,96,320335
8598,0.000986,74.125.130.0-255,2902,67306,96,320335
8599,0.000988,172.31.47.0-255,66,67372,96,320335
8600,0.000993,74.125.130.0-255,5738,73110,96,320335
8601,0.000995,172.31.47.0-255,66,73176,96,320335
8602,0.001001,74.125.130.0-255,7156,80332,96,320335
8603,0.001002,172.31.47.0-255,66,80398,96,320335
8604,0.001039,74.125.130.0-255,7156,87554,96,320335
8605,0.001042,172.31.47.0-255,66,87620,96,320335
8606,0.00106,74.125.130.0-255,3602,91222,96,320335
8607,0.001062,172.31.47.0-255,66,91288,96,320335
8608,0.001364,74.125.130.0-255,1484,92772,96,320335
8609,0.001389,74.125.130.0-255,1484,94256,96,320335
8610,0.001393,172.31.47.0-255,66,94322,96,320335
8611,0.001398,74.125.130.0-255,2902,97224,96,320335
8612,0.0014,172.31.47.0-255,66,97290,96,320335
8613,0.001404,74.125.130.0-255,2902,100192,96,320335
8614,0.001405,172.31.47.0-255,66,100258,96,320335
8615,0.001429,74.125.130.0-255,2902,103160,96,320335
8616,0.001432,172.31.47.0-255,66,103226,96,320335
8617,0.001438,74.125.130.0-255,7156,110382,96,320335
8618,0.00144,172.31.47.0-255,66,110448,96,320335
8619,0.001455,74.125.130.0-255,4320,114768,96,320335
8620,0.001458,172.31.47.0-255,66,114834,96,320335
8621,0.001473,74.125.130.0-255,4320,119154,96,320335
8622,0.001476,172.31.47.0-255,66,119220,96,320335
8623,0.001494,74.125.130.0-255,4320,123540,96,320335
8624,0.001497,172.31.47.0-255,66,123606,96,320335
8625,0.00152,74.125.130.0-255,2184,125790,96,320335
8626,0.001523,172.31.47.0-255,66,125856,96,320335
8627,0.001976,74.125.130.0-255,1484,127340,96,320335
8628,0.001998,74.125.130.0-255,2902,130242,96,320335
8629,0.002001,172.31.47.0-255,66,130308,96,320335
8630,0.002007,74.125.130.0-255,5738,136046,96,320335
8631,0.002009,172.31.47.0-255,66,136112,96,320335
8632,0.002042,74.125.130.0-255,5738,141850,96,320335
8633,0.002045,172.31.47.0-255,66,141916,96,320335
8634,0.002063,74.125.130.0-255,7156,149072,96,320335
8635,0.002065,172.31.47.0-255,66,149138,96,320335
8636,0.00208,74.125.130.0-255,1484,150622,96,320335
8637,0.002105,172.31.47.0-255,66,150688,96,320335
8638,0.004146,74.125.130.0-255,1484,152172,96,320335
8639,0.004162,74.125.130.0-255,4320,156492,96,320335
8640,0.004165,172.31.47.0-255,66,156558,96,320335
8641,0.006234,74.125.130.0-255,5738,162296,96,320335
8642,0.006239,172.31.47.0-255,66,162362,96,320335
8643,0.008307,74.125.130.0-255,5738,168100,96,320335
8644,0.008314,172.31.47.0-255,66,168166,96,320335
8645,0.010377,74.125.130.0-255,5738,173904,96,320335
8646,0.010384,172.31.47.0-255,66,173970,96,320335
8647,0.012444,74.125.130.0-255,5738,179708,96,320335
8648,0.012452,172.31.47.0-255,66,179774,96,320335
8649,0.01453,74.125.130.0-255,5738,185512,96,320335
8650,0.014539,172.31.47.0-255,66,185578,96,320335
8651,0.01659,74.125.130.0-255,2902,188480,96,320335
8652,0.016596,172.31.47.0-255,66,188546,96,320335
8653,0.016616,74.125.130.0-255,2902,191448,96,320335
8654,0.016618,172.31.47.0-255,66,191514,96,320335
8655,0.018648,74.125.130.0-255,2902,194416,96,320335
8656,0.018654,172.31.47.0-255,66,194482,96,320335
8657,0.018677,74.125.130.0-255,2902,197384,96,320335
8658,0.01868,172.31.47.0-255,66,197450,96,320335
8659,0.020701,74.125.130.0-255,2902,200352,96,320335
8660,0.020707,172.31.47.0-255,66,200418,96,320335
8661,0.02073,74.125.130.0-255,2902,203320,96,320335
8662,0.020733,172.31.47.0-255,66,203386,96,320335
8663,0.020974,172.31.47.0-255,172,203558,96,320335
8664,0.021009,172.31.47.0-255,1109,204667,96,320335
8665,0.021087,172.31.47.0-255,1514,206181,96,320335
8666,0.021089,172.31.47.0-255,1304,207485,96,320335
8667,0.022445,104.244.42.0-255,66,207551,96,320335
8668,0.022485,104.244.42.0-255,66,207617,96,320335
8669,0.022582,104.244.42.0-255,66,207683,96,320335
8670,0.02276,74.125.130.0-255,2902,210585,96,320335
8671,0.022763,172.31.47.0-255,66,210651,96,320335
8672,0.022792,74.125.130.0-255,2902,213553,96,320335
8673,0.022795,172.31.47.0-255,66,213619,96,320335
8674,0.024811,74.125.130.0-255,2902,216521,96,320335
8675,0.024816,172.31.47.0-255,66,216587,96,320335
8676,0.024848,74.125.130.0-255,2902,219489,96,320335
8677,0.02485,172.31.47.0-255,66,219555,96,320335
8678,0.026869,74.125.130.0-255,2902,222457,96,320335
8679,0.026874,172.31.47.0-255,66,222523,96,320335
8680,0.026901,74.125.130.0-255,2902,225425,96,320335
8681,0.026903,172.31.47.0-255,66,225491,96,320335
8682,0.028923,74.125.130.0-255,2902,228393,96,320335
8683,0.028928,172.31.47.0-255,66,228459,96,320335
8684,0.028952,74.125.130.0-255,2902,231361,96,320335
8685,0.028954,172.31.47.0-255,66,231427,96,320335
8686,0.030983,74.125.130.0-255,2902,234329,96,320335
8687,0.030991,172.31.47.0-255,66,234395,96,320335
8688,0.03101,74.125.130.0-255,2902,237297,96,320335
8689,0.031012,172.31.47.0-255,66,237363,96,320335
8690,0.033041,74.125.130.0-255,2902,240265,96,320335
8691,0.033048,172.31.47.0-255,66,240331,96,320335
8692,0.033077,74.125.130.0-255,2902,243233,96,320335
8693,0.033079,172.31.47.0-255,66,243299,96,320335
8694,0.035095,74.125.130.0-255,2902,246201,96,320335
8695,0.035099,172.31.47.0-255,66,246267,96,320335
8696,0.035128,74.125.130.0-255,2902,249169,96,320335
8697,0.035131,172.31.47.0-255,66,249235,96,320335
8698,0.03715,74.125.130.0-255,2902,252137,96,320335
8699,0.037154,172.31.47.0-255,66,252203,96,320335
8700,0.03718,74.125.130.0-255,2902,255105,96,320335
8701,0.037182,172.31.47.0-255,66,255171,96,320335
8702,0.039207,74.125.130.0-255,2902,258073,96,320335
8703,0.039213,172.31.47.0-255,66,258139,96,320335
8704,0.039245,74.125.130.0-255,2902,261041,96,320335
8705,0.039248,172.31.47.0-255,66,261107,96,320335
8706,0.041264,74.125.130.0-255,1484,262591,96,320335
8707,0.041292,74.125.130.0-255,1484,264075,96,320335
8708,0.041296,172.31.47.0-255,66,264141,96,320335
8709,0.041315,74.125.130.0-255,2902,267043,96,320335
8710,0.041317,172.31.47.0-255,66,267109,96,320335
8711,0.043354,74.125.130.0-255,2902,270011,96,320335
8712,0.043359,172.31.47.0-255,66,270077,96,320335
8713,0.043386,74.125.130.0-255,2902,272979,96,320335
8714,0.043389,172.31.47.0-255,66,273045,96,320335
8715,0.045404,74.125.130.0-255,2902,275947,96,320335
8716,0.045409,172.31.47.0-255,66,276013,96,320335
8717,0.045426,74.125.130.0-255,2902,278915,96,320335
8718,0.045428,172.31.47.0-255,66,278981,96,320335
8719,0.047468,74.125.130.0-255,5738,284719,96,320335
8720,0.047476,172.31.47.0-255,66,284785,96,320335
8721,0.049533,74.125.130.0-255,5738,290523,96,320335
8722,0.049539,172.31.47.0-255,66,290589,96,320335
8723,0.051592,74.125.130.0-255,2902,293491,96,320335
8724,0.051596,172.31.47.0-255,66,293557,96,320335
8725,0.051621,74.125.130.0-255,2902,296459,96,320335
8726,0.051623,172.31.47.0-255,66,296525,96,320335
8727,0.053652,74.125.130.0-255,2902,299427,96,320335
8728,0.053657,172.31.47.0-255,66,299493,96,320335
8729,0.053688,74.125.130.0-255,2902,302395,96,320335
8730,0.05369,172.31.47.0-255,66,302461,96,320335
8731,0.055716,74.125.130.0-255,2902,305363,96,320335
8732,0.055721,172.31.47.0-255,66,305429,96,320335
8733,0.055755,74.125.130.0-255,2902,308331,96,320335
8734,0.055758,172.31.47.0-255,66,308397,96,320335
8735,0.057773,74.125.130.0-255,2902,311299,96,320335
8736,0.057779,172.31.47.0-255,66,311365,96,320335
8737,0.057816,74.125.130.0-255,2902,314267,96,320335
8738,0.057819,172.31.47.0-255,66,314333,96,320335
8739,0.059828,74.125.130.0-255,2902,317235,96,320335
8740,0.059833,172.31.47.0-255,66,317301,96,320335
8741,0.059859,74.125.130.0-255,1484,318785,96,320335
8742,0.05987,74.125.130.0-255,1484,320269,96,320335
8743,0.059873,172.31.47.0-255,66,320335,96,320335
8744,0.0,172.31.47.0-255,105,105,96,276
8745,0.001772,157.240.7.0-255,105,210,96,276
8746,0.001782,172.31.47.0-255,66,276,96,276
8747,0.0,172.31.47.0-255,105,105,96,276
8748,0.00178,157.240.13.0-255,105,210,96,276
8749,0.001793,172.31.47.0-255,66,276,96,276
8750,0.0,74.125.24.0-255,152,152,96,303530
8751,2e-05,172.31.47.0-255,66,218,96,303530
8752,2.7e-05,74.125.24.0-255,1484,1702,96,303530
8753,3.1e-05,172.31.47.0-255,66,1768,96,303530
8754,3.6e-05,74.125.24.0-255,2902,4670,96,303530
8755,4e-05,172.31.47.0-255,66,4736,96,303530
8756,6.4e-05,74.125.24.0-255,5738,10474,96,303530
8757,6.7e-05,172.31.47.0-255,66,10540,96,303530
8758,8.4e-05,74.125.24.0-255,3517,14057,96,303530
8759,8.7e-05,172.31.47.0-255,66,14123,96,303530
8760,0.000115,74.125.24.0-255,4320,18443,96,303530
8761,0.000117,172.31.47.0-255,66,18509,96,303530
8762,0.00012,74.125.24.0-255,1484,19993,96,303530
8763,0.000122,172.31.47.0-255,66,20059,96,303530
8764,0.000148,172.31.47.0-255,66,20125,96,303530
8765,0.000151,74.125.24.0-255,1484,21609,96,303530
8766,0.000153,172.31.47.0-255,66,21675,96,303530
8767,0.000187,172.31.47.0-255,66,21741,96,303530
8768,0.000192,74.125.24.0-255,3602,25343,96,303530
8769,0.000194,172.31.47.0-255,66,25409,96,303530
8770,0.000231,74.125.24.0-255,1484,26893,96,303530
8771,0.000234,172.31.47.0-255,66,26959,96,303530
8772,0.000238,74.125.24.0-255,2902,29861,96,303530
8773,0.00024,172.31.47.0-255,66,29927,96,303530
8774,0.000266,74.125.24.0-255,5738,35665,96,303530
8775,0.000269,172.31.47.0-255,66,35731,96,303530
8776,0.000275,74.125.24.0-255,5738,41469,96,303530
8777,0.000277,172.31.47.0-255,66,41535,96,303530
8778,0.000325,74.125.24.0-255,1437,42972,96,303530
8779,0.000327,172.31.47.0-255,66,43038,96,303530
8780,0.000436,74.125.24.0-255,343,43381,96,303530
8781,0.001023,74.125.24.0-255,1484,44865,96,303530
8782,0.001029,172.31.47.0-255,66,44931,96,303530
8783,0.001053,74.125.24.0-255,2902,47833,96,303530
8784,0.001056,172.31.47.0-255,66,47899,96,303530
8785,0.001062,74.125.24.0-255,4320,52219,96,303530
8786,0.001064,172.31.47.0-255,66,52285,96,303530
8787,0.001079,74.125.24.0-255,1484,53769,96,303530
8788,0.001093,74.125.24.0-255,2902,56671,96,303530
8789,0.001096,172.31.47.0-255,66,56737,96,303530
8790,0.001123,172.31.47.0-255,66,56803,96,303530
8791,0.001154,172.31.47.0-255,66,56869,96,303530
8792,0.001629,74.125.24.0-255,1484,58353,96,303530
8793,0.001639,74.125.24.0-255,2902,61255,96,303530
8794,0.001643,172.31.47.0-255,66,61321,96,303530
8795,0.001649,74.125.24.0-255,2902,64223,96,303530
8796,0.001651,172.31.47.0-255,66,64289,96,303530
8797,0.001665,74.125.24.0-255,2902,67191,96,303530
8798,0.001667,172.31.47.0-255,66,67257,96,303530
8799,0.001706,172.31.47.0-255,66,67323,96,303530
8800,0.001728,74.125.24.0-255,4320,71643,96,303530
8801,0.001731,172.31.47.0-255,66,71709,96,303530
8802,0.00175,74.125.24.0-255,2902,74611,96,303530
8803,0.001752,172.31.47.0-255,66,74677,96,303530
8804,0.001776,172.31.47.0-255,66,74743,96,303530
8805,0.001845,74.125.24.0-255,1484,76227,96,303530
8806,0.001851,74.125.24.0-255,2902,79129,96,303530
8807,0.001854,172.31.47.0-255,66,79195,96,303530
8808,0.001859,74.125.24.0-255,2902,82097,96,303530
8809,0.001861,172.31.47.0-255,66,82163,96,303530
8810,0.001874,74.125.24.0-255,2902,85065,96,303530
8811,0.001877,172.31.47.0-255,66,85131,96,303530
8812,0.001894,74.125.24.0-255,4320,89451,96,303530
8813,0.001896,172.31.47.0-255,66,89517,96,303530
8814,0.001919,74.125.24.0-255,7156,96673,96,303530
8815,0.001921,172.31.47.0-255,66,96739,96,303530
8816,0.001939,74.125.24.0-255,1484,98223,96,303530
8817,0.00195,172.31.47.0-255,66,98289,96,303530
8818,0.001971,74.125.24.0-255,2184,100473,96,303530
8819,0.001974,172.31.47.0-255,66,100539,96,303530
8820,0.002057,74.125.24.0-255,1484,102023,96,303530
8821,0.002063,74.125.24.0-255,2902,104925,96,303530
8822,0.002067,172.31.47.0-255,66,104991,96,303530
8823,0.002084,74.125.24.0-255,2902,107893,96,303530
8824,0.002087,172.31.47.0-255,66,107959,96,303530
8825,0.002112,74.125.24.0-255,2902,110861,96,303530
8826,0.002115,172.31.47.0-255,66,110927,96,303530
8827,0.002122,74.125.24.0-255,7156,118083,96,303530
8828,0.002125,172.31.47.0-255,66,118149,96,303530
8829,0.002131,74.125.24.0-255,4320,122469,96,303530
8830,0.002134,172.31.47.0-255,66,122535,96,303530
8831,0.002155,74.125.24.0-255,4320,126855,96,303530
8832,0.002158,172.31.47.0-255,66,126921,96,303530
8833,0.002169,172.31.47.0-255,66,126987,96,303530
8834,0.002269,74.125.24.0-255,1484,128471,96,303530
8835,0.002293,74.125.24.0-255,2902,131373,96,303530
8836,0.002298,172.31.47.0-255,66,131439,96,303530
8837,0.002305,74.125.24.0-255,5738,137177,96,303530
8838,0.002307,172.31.47.0-255,66,137243,96,303530
8839,0.002311,74.125.24.0-255,2902,140145,96,303530
8840,0.002313,172.31.47.0-255,66,140211,96,303530
8841,0.002332,74.125.24.0-255,1484,141695,96,303530
8842,0.002338,74.125.24.0-255,4320,146015,96,303530
8843,0.00234,172.31.47.0-255,66,146081,96,303530
8844,0.00236,74.125.24.0-255,7156,153237,96,303530
8845,0.002363,172.31.47.0-255,66,153303,96,303530
8846,0.002366,74.125.24.0-255,1484,154787,96,303530
8847,0.002389,74.125.24.0-255,6438,161225,96,303530
8848,0.002392,172.31.47.0-255,66,161291,96,303530
8849,0.004727,74.125.24.0-255,4320,165611,96,303530
8850,0.004743,172.31.47.0-255,66,165677,96,303530
8851,0.004756,74.125.24.0-255,1484,167161,96,303530
8852,0.007084,74.125.24.0-255,4320,171481,96,303530
8853,0.007093,172.31.47.0-255,66,171547,96,303530
8854,0.009445,74.125.24.0-255,5738,177285,96,303530
8855,0.009451,172.31.47.0-255,66,177351,96,303530
8856,0.011801,74.125.24.0-255,5738,183089,96,303530
8857,0.011812,172.31.47.0-255,66,183155,96,303530
8858,0.014159,74.125.24.0-255,5738,188893,96,303530
8859,0.014173,172.31.47.0-255,66,188959,96,303530
8860,0.01651,74.125.24.0-255,5738,194697,96,303530
8861,0.016519,172.31.47.0-255,66,194763,96,303530
8862,0.018855,74.125.24.0-255,5738,200501,96,303530
8863,0.018862,172.31.47.0-255,66,200567,96,303530
8864,0.021187,74.125.24.0-255,5738,206305,96,303530
8865,0.021198,172.31.47.0-255,66,206371,96,303530
8866,0.023579,74.125.24.0-255,5738,212109,96,303530
8867,0.023593,172.31.47.0-255,66,212175,96,303530
8868,0.025937,74.125.24.0-255,5738,217913,96,303530
8869,0.025949,172.31.47.0-255,66,217979,96,303530
8870,0.028306,74.125.24.0-255,5738,223717,96,303530
8871,0.028314,172.31.47.0-255,66,223783,96,303530
8872,0.030725,74.125.24.0-255,5738,229521,96,303530
8873,0.030737,172.31.47.0-255,66,229587,96,303530
8874,0.033067,74.125.24.0-255,5738,235325,96,303530
8875,0.03308,172.31.47.0-255,66,235391,96,303530
8876,0.03544,74.125.24.0-255,5738,241129,96,303530
8877,0.035454,172.31.47.0-255,66,241195,96,303530
8878,0.037778,74.125.24.0-255,5738,246933,96,303530
8879,0.03779,172.31.47.0-255,66,246999,96,303530
8880,0.040144,74.125.24.0-255,5738,252737,96,303530
8881,0.040154,172.31.47.0-255,66,252803,96,303530
8882,0.040189,172.31.47.0-255,172,252975,96,303530
8883,0.040216,172.31.47.0-255,1105,254080,96,303530
8884,0.040336,172.31.47.0-255,1514,255594,96,303530
8885,0.040338,172.31.47.0-255,1306,256900,96,303530
8886,0.041714,104.244.42.0-255,66,256966,96,303530
8887,0.0418,104.244.42.0-255,66,257032,96,303530
8888,0.041875,104.244.42.0-255,66,257098,96,303530
8889,0.042499,74.125.24.0-255,5738,262836,96,303530
8890,0.042508,172.31.47.0-255,66,262902,96,303530
8891,0.044841,74.125.24.0-255,5738,268640,96,303530
8892,0.044847,172.31.47.0-255,66,268706,96,303530
8893,0.047177,74.125.24.0-255,5738,274444,96,303530
8894,0.047185,172.31.47.0-255,66,274510,96,303530
8895,0.049525,74.125.24.0-255,5738,280248,96,303530
8896,0.049532,172.31.47.0-255,66,280314,96,303530
8897,0.051867,74.125.24.0-255,5738,286052,96,303530
8898,0.051877,172.31.47.0-255,66,286118,96,303530
8899,0.054212,74.125.24.0-255,5738,291856,96,303530
8900,0.05422,172.31.47.0-255,66,291922,96,303530
8901,0.056585,74.125.24.0-255,5738,297660,96,303530
8902,0.056596,172.31.47.0-255,66,297726,96,303530
8903,0.058947,74.125.24.0-255,5738,303464,96,303530
8904,0.058954,172.31.47.0-255,66,303530,96,303530
8905,0.0,172.31.47.0-255,105,105,96,276
8906,0.001766,157.240.13.0-255,105,210,96,276
8907,0.039062,172.31.47.0-255,66,276,96,276
8908,0.0,172.217.194.0-255,150,150,96,284474
8909,2.5e-05,172.31.47.0-255,66,216,96,284474
8910,3.1e-05,172.217.194.0-255,1484,1700,96,284474
8911,3.5e-05,172.31.47.0-255,66,1766,96,284474
8912,3.9e-05,172.217.194.0-255,2902,4668,96,284474
8913,4.1e-05,172.31.47.0-255,66,4734,96,284474
8914,5.4e-05,172.217.194.0-255,7156,11890,96,284474
8915,5.6e-05,172.31.47.0-255,66,11956,96,284474
8916,9.5e-05,172.31.47.0-255,66,12022,96,284474
8917,0.000118,172.217.194.0-255,1484,13506,96,284474
8918,0.00012,172.31.47.0-255,66,13572,96,284474
8919,0.000147,172.217.194.0-255,2543,16115,96,284474
8920,0.000149,172.31.47.0-255,66,16181,96,284474
8921,0.00018,172.217.194.0-255,4320,20501,96,284474
8922,0.000184,172.31.47.0-255,66,20567,96,284474
8923,0.000189,172.217.194.0-255,7156,27723,96,284474
8924,0.000191,172.31.47.0-255,66,27789,96,284474
8925,0.000242,172.31.47.0-255,66,27855,96,284474
8926,0.000248,172.217.194.0-255,7156,35011,96,284474
8927,0.00025,172.31.47.0-255,66,35077,96,284474
8928,0.000266,172.217.194.0-255,2902,37979,96,284474
8929,0.000269,172.31.47.0-255,66,38045,96,284474
8930,0.000277,172.217.194.0-255,2543,40588,96,284474
8931,0.000279,172.31.47.0-255,66,40654,96,284474
8932,0.000562,172.217.194.0-255,647,41301,96,284474
8933,0.000566,172.31.47.0-255,66,41367,96,284474
8934,0.000659,172.217.194.0-255,1484,42851,96,284474
8935,0.000662,172.31.47.0-255,66,42917,96,284474
8936,0.000667,172.217.194.0-255,2902,45819,96,284474
8937,0.000669,172.31.47.0-255,66,45885,96,284474
8938,0.00073,172.217.194.0-255,5738,51623,96,284474
8939,0.000733,172.31.47.0-255,66,51689,96,284474
8940,0.000744,172.31.47.0-255,66,51755,96,284474
8941,0.000766,172.31.47.0-255,66,51821,96,284474
8942,0.001409,172.217.194.0-255,1484,53305,96,284474
8943,0.001419,172.217.194.0-255,2902,56207,96,284474
8944,0.001423,172.31.47.0-255,66,56273,96,284474
8945,0.001449,172.217.194.0-255,5738,62011,96,284474
8946,0.001451,172.31.47.0-255,66,62077,96,284474
8947,0.00146,172.31.47.0-255,66,62143,96,284474
8948,0.001477,172.217.194.0-255,4320,66463,96,284474
8949,0.00148,172.31.47.0-255,66,66529,96,284474
8950,0.001487,172.217.194.0-255,7156,73685,96,284474
8951,0.001489,172.31.47.0-255,66,73751,96,284474
8952,0.001515,172.217.194.0-255,3602,77353,96,284474
8953,0.001522,172.31.47.0-255,66,77419,96,284474
8954,0.001584,172.217.194.0-255,1484,78903,96,284474
8955,0.001589,172.217.194.0-255,2902,81805,96,284474
8956,0.001592,172.31.47.0-255,66,81871,96,284474
8957,0.001595,172.217.194.0-255,1484,83355,96,284474
8958,0.001632,172.217.194.0-255,4320,87675,96,284474
8959,0.001637,172.31.47.0-255,66,87741,96,284474
8960,0.001653,172.31.47.0-255,66,87807,96,284474
8961,0.001676,172.217.194.0-255,5738,93545,96,284474
8962,0.001679,172.31.47.0-255,66,93611,96,284474
8963,0.001708,172.217.194.0-255,6438,100049,96,284474
8964,0.001713,172.31.47.0-255,66,100115,96,284474
8965,0.001995,172.217.194.0-255,1484,101599,96,284474
8966,0.002,172.217.194.0-255,2902,104501,96,284474
8967,0.002004,172.31.47.0-255,66,104567,96,284474
8968,0.002018,172.217.194.0-255,5738,110305,96,284474
8969,0.002026,172.31.47.0-255,66,110371,96,284474
8970,0.002033,172.217.194.0-255,7156,117527,96,284474
8971,0.002036,172.31.47.0-255,66,117593,96,284474
8972,0.002056,172.217.194.0-255,1484,119077,96,284474
8973,0.002088,172.217.194.0-255,5738,124815,96,284474
8974,0.002091,172.31.47.0-255,66,124881,96,284474
8975,0.002131,172.31.47.0-255,66,124947,96,284474
8976,0.002218,172.217.194.0-255,1484,126431,96,284474
8977,0.002223,172.217.194.0-255,2902,129333,96,284474
8978,0.002225,172.31.47.0-255,66,129399,96,284474
8979,0.002251,172.217.194.0-255,5738,135137,96,284474
8980,0.002253,172.31.47.0-255,66,135203,96,284474
8981,0.002262,172.31.47.0-255,66,135269,96,284474
8982,0.002294,172.31.47.0-255,66,135335,96,284474
8983,0.002321,172.217.194.0-255,5020,140355,96,284474
8984,0.002323,172.31.47.0-255,66,140421,96,284474
8985,0.004575,172.217.194.0-255,5738,146159,96,284474
8986,0.004579,172.31.47.0-255,66,146225,96,284474
8987,0.006869,172.217.194.0-255,5738,151963,96,284474
8988,0.006874,172.31.47.0-255,66,152029,96,284474
8989,0.009191,172.217.194.0-255,5738,157767,96,284474
8990,0.0092,172.31.47.0-255,66,157833,96,284474
8991,0.011524,172.217.194.0-255,5738,163571,96,284474
8992,0.011531,172.31.47.0-255,66,163637,96,284474
8993,0.013781,172.217.194.0-255,5738,169375,96,284474
8994,0.013789,172.31.47.0-255,66,169441,96,284474
8995,0.016055,172.217.194.0-255,5738,175179,96,284474
8996,0.016063,172.31.47.0-255,66,175245,96,284474
8997,0.018342,172.217.194.0-255,5738,180983,96,284474
8998,0.01835,172.31.47.0-255,66,181049,96,284474
8999,0.020628,172.217.194.0-255,5738,186787,96,284474
9000,0.020634,172.31.47.0-255,66,186853,96,284474
9001,0.022919,172.217.194.0-255,5738,192591,96,284474
9002,0.022924,172.31.47.0-255,66,192657,96,284474
9003,0.025238,172.217.194.0-255,5738,198395,96,284474
9004,0.025244,172.31.47.0-255,66,198461,96,284474
9005,0.026561,172.31.47.0-255,172,198633,96,284474
9006,0.02673,172.31.47.0-255,1109,199742,96,284474
9007,0.026798,172.31.47.0-255,1514,201256,96,284474
9008,0.0268,172.31.47.0-255,1302,202558,96,284474
9009,0.027509,172.217.194.0-255,4320,206878,96,284474
9010,0.027514,172.31.47.0-255,66,206944,96,284474
9011,0.027541,172.217.194.0-255,1484,208428,96,284474
9012,0.028067,104.244.42.0-255,66,208494,96,284474
9013,0.028249,104.244.42.0-255,66,208560,96,284474
9014,0.02834,104.244.42.0-255,66,208626,96,284474
9015,0.029803,172.217.194.0-255,2902,211528,96,284474
9016,0.029808,172.31.47.0-255,66,211594,96,284474
9017,0.032106,172.217.194.0-255,4320,215914,96,284474
9018,0.03211,172.31.47.0-255,66,215980,96,284474
9019,0.03214,172.217.194.0-255,1484,217464,96,284474
9020,0.034392,172.217.194.0-255,4320,221784,96,284474
9021,0.034397,172.31.47.0-255,66,221850,96,284474
9022,0.036674,172.217.194.0-255,5738,227588,96,284474
9023,0.036679,172.31.47.0-255,66,227654,96,284474
9024,0.038913,172.217.194.0-255,2902,230556,96,284474
9025,0.038918,172.31.47.0-255,66,230622,96,284474
9026,0.038944,172.217.194.0-255,2902,233524,96,284474
9027,0.038946,172.31.47.0-255,66,233590,96,284474
9028,0.041225,172.217.194.0-255,5738,239328,96,284474
9029,0.041229,172.31.47.0-255,66,239394,96,284474
9030,0.043492,172.217.194.0-255,5738,245132,96,284474
9031,0.043496,172.31.47.0-255,66,245198,96,284474
9032,0.04576,172.217.194.0-255,4320,249518,96,284474
9033,0.045765,172.31.47.0-255,66,249584,96,284474
9034,0.045796,172.217.194.0-255,1484,251068,96,284474
9035,0.048023,172.217.194.0-255,4320,255388,96,284474
9036,0.048028,172.31.47.0-255,66,255454,96,284474
9037,0.050313,172.217.194.0-255,5738,261192,96,284474
9038,0.050318,172.31.47.0-255,66,261258,96,284474
9039,0.052604,172.217.194.0-255,5738,266996,96,284474
9040,0.052609,172.31.47.0-255,66,267062,96,284474
9041,0.054914,172.217.194.0-255,5738,272800,96,284474
9042,0.054919,172.31.47.0-255,66,272866,96,284474
9043,0.057173,172.217.194.0-255,5738,278604,96,284474
9044,0.057179,172.31.47.0-255,66,278670,96,284474
9045,0.059464,172.217.194.0-255,5738,284408,96,284474
9046,0.059468,172.31.47.0-255,66,284474,96,284474
9047,0.0,74.125.200.0-255,157,157,96,302816
9048,2.6e-05,172.31.47.0-255,66,223,96,302816
9049,3.1e-05,74.125.200.0-255,1484,1707,96,302816
9050,3.5e-05,172.31.47.0-255,66,1773,96,302816
9051,3.7e-05,74.125.200.0-255,1484,3257,96,302816
9052,3.9e-05,172.31.47.0-255,66,3323,96,302816
9053,5.6e-05,74.125.200.0-255,1484,4807,96,302816
9054,5.8e-05,172.31.47.0-255,66,4873,96,302816
9055,6.4e-05,74.125.200.0-255,4320,9193,96,302816
9056,6.6e-05,172.31.47.0-255,66,9259,96,302816
9057,8.9e-05,74.125.200.0-255,1484,10743,96,302816
9058,9.2e-05,172.31.47.0-255,66,10809,96,302816
9059,0.00011,74.125.200.0-255,3394,14203,96,302816
9060,0.000113,172.31.47.0-255,66,14269,96,302816
9061,0.000191,74.125.200.0-255,1484,15753,96,302816
9062,0.000194,172.31.47.0-255,66,15819,96,302816
9063,0.000213,74.125.200.0-255,2902,18721,96,302816
9064,0.000215,172.31.47.0-255,66,18787,96,302816
9065,0.000237,74.125.200.0-255,5738,24525,96,302816
9066,0.00024,172.31.47.0-255,66,24591,96,302816
9067,0.000253,74.125.200.0-255,4320,28911,96,302816
9068,0.000255,172.31.47.0-255,66,28977,96,302816
9069,0.000274,74.125.200.0-255,2543,31520,96,302816
9070,0.000276,172.31.47.0-255,66,31586,96,302816
9071,0.000397,74.125.200.0-255,1484,33070,96,302816
9072,0.000401,172.31.47.0-255,66,33136,96,302816
9073,0.000412,74.125.200.0-255,2902,36038,96,302816
9074,0.000415,172.31.47.0-255,66,36104,96,302816
9075,0.000439,74.125.200.0-255,4320,40424,96,302816
9076,0.000441,172.31.47.0-255,66,40490,96,302816
9077,0.000456,74.125.200.0-255,1484,41974,96,302816
9078,0.000458,172.31.47.0-255,66,42040,96,302816
9079,0.000463,74.125.200.0-255,4320,46360,96,302816
9080,0.000466,172.31.47.0-255,66,46426,96,302816
9081,0.00049,74.125.200.0-255,5379,51805,96,302816
9082,0.000494,172.31.47.0-255,66,51871,96,302816
9083,0.00054,74.125.200.0-255,2902,54773,96,302816
9084,0.000543,172.31.47.0-255,66,54839,96,302816
9085,0.000548,74.125.200.0-255,4320,59159,96,302816
9086,0.00055,172.31.47.0-255,66,59225,96,302816
9087,0.000557,74.125.200.0-255,6797,66022,96,302816
9088,0.000561,172.31.47.0-255,66,66088,96,302816
9089,0.000575,74.125.200.0-255,412,66500,96,302816
9090,0.000694,172.31.47.0-255,66,66566,96,302816
9091,0.000936,74.125.200.0-255,331,66897,96,302816
9092,0.000966,172.31.47.0-255,66,66963,96,302816
9093,0.001127,74.125.200.0-255,1484,68447,96,302816
9094,0.001149,74.125.200.0-255,2902,71349,96,302816
9095,0.001155,172.31.47.0-255,66,71415,96,302816
9096,0.001162,74.125.200.0-255,5738,77153,96,302816
9097,0.001164,172.31.47.0-255,66,77219,96,302816
9098,0.001167,74.125.200.0-255,1484,78703,96,302816
9099,0.001193,74.125.200.0-255,5738,84441,96,302816
9100,0.001198,172.31.47.0-255,66,84507,96,302816
9101,0.001236,172.31.47.0-255,66,84573,96,302816
9102,0.001255,74.125.200.0-255,2184,86757,96,302816
9103,0.001258,172.31.47.0-255,66,86823,96,302816
9104,0.001872,74.125.200.0-255,1484,88307,96,302816
9105,0.001878,74.125.200.0-255,1484,89791,96,302816
9106,0.001881,172.31.47.0-255,66,89857,96,302816
9107,0.001894,74.125.200.0-255,1484,91341,96,302816
9108,0.001899,74.125.200.0-255,4320,95661,96,302816
9109,0.001901,172.31.47.0-255,66,95727,96,302816
9110,0.001912,74.125.200.0-255,1484,97211,96,302816
9111,0.001917,74.125.200.0-255,4320,101531,96,302816
9112,0.001918,172.31.47.0-255,66,101597,96,302816
9113,0.001923,74.125.200.0-255,4320,105917,96,302816
9114,0.001924,172.31.47.0-255,66,105983,96,302816
9115,0.001935,74.125.200.0-255,1484,107467,96,302816
9116,0.001968,172.31.47.0-255,66,107533,96,302816
9117,0.001972,74.125.200.0-255,2184,109717,96,302816
9118,0.001973,172.31.47.0-255,66,109783,96,302816
9119,0.002139,74.125.200.0-255,1484,111267,96,302816
9120,0.002143,74.125.200.0-255,1484,112751,96,302816
9121,0.002145,172.31.47.0-255,66,112817,96,302816
9122,0.002163,74.125.200.0-255,1484,114301,96,302816
9123,0.002165,74.125.200.0-255,1484,115785,96,302816
9124,0.002167,172.31.47.0-255,66,115851,96,302816
9125,0.002171,74.125.200.0-255,2902,118753,96,302816
9126,0.002172,172.31.47.0-255,66,118819,96,302816
9127,0.002212,74.125.200.0-255,5738,124557,96,302816
9128,0.002215,172.31.47.0-255,66,124623,96,302816
9129,0.002222,74.125.200.0-255,7156,131779,96,302816
9130,0.002224,172.31.47.0-255,66,131845,96,302816
9131,0.002238,74.125.200.0-255,4320,136165,96,302816
9132,0.00224,172.31.47.0-255,66,136231,96,302816
9133,0.002263,74.125.200.0-255,1484,137715,96,302816
9134,0.00228,74.125.200.0-255,6438,144153,96,302816
9135,0.002282,172.31.47.0-255,66,144219,96,302816
9136,0.002298,74.125.200.0-255,1484,145703,96,302816
9137,0.002312,74.125.200.0-255,2902,148605,96,302816
9138,0.002314,172.31.47.0-255,66,148671,96,302816
9139,0.002329,74.125.200.0-255,4320,152991,96,302816
9140,0.002331,172.31.47.0-255,66,153057,96,302816
9141,0.002334,74.125.200.0-255,1484,154541,96,302816
9142,0.00236,74.125.200.0-255,2902,157443,96,302816
9143,0.002363,172.31.47.0-255,66,157509,96,302816
9144,0.002386,74.125.200.0-255,1484,158993,96,302816
9145,0.002388,172.31.47.0-255,66,159059,96,302816
9146,0.002428,74.125.200.0-255,2902,161961,96,302816
9147,0.002432,172.31.47.0-255,66,162027,96,302816
9148,0.00245,172.31.47.0-255,66,162093,96,302816
9149,0.002524,74.125.200.0-255,1484,163577,96,302816
9150,0.002544,74.125.200.0-255,2902,166479,96,302816
9151,0.002546,172.31.47.0-255,66,166545,96,302816
9152,0.002567,74.125.200.0-255,5738,172283,96,302816
9153,0.00257,172.31.47.0-255,66,172349,96,302816
9154,0.002596,74.125.200.0-255,1484,173833,96,302816
9155,0.002599,172.31.47.0-255,66,173899,96,302816
9156,0.00517,74.125.200.0-255,4320,178219,96,302816
9157,0.005175,172.31.47.0-255,66,178285,96,302816
9158,0.007774,74.125.200.0-255,5738,184023,96,302816
9159,0.007781,172.31.47.0-255,66,184089,96,302816
9160,0.010365,74.125.200.0-255,5738,189827,96,302816
9161,0.010376,172.31.47.0-255,66,189893,96,302816
9162,0.01299,74.125.200.0-255,5738,195631,96,302816
9163,0.013001,172.31.47.0-255,66,195697,96,302816
9164,0.015584,74.125.200.0-255,5738,201435,96,302816
9165,0.015595,172.31.47.0-255,66,201501,96,302816
9166,0.018178,74.125.200.0-255,4320,205821,96,302816
9167,0.018186,172.31.47.0-255,66,205887,96,302816
9168,0.018226,74.125.200.0-255,1484,207371,96,302816
9169,0.02076,74.125.200.0-255,4320,211691,96,302816
9170,0.020765,172.31.47.0-255,66,211757,96,302816
9171,0.023344,74.125.200.0-255,4320,216077,96,302816
9172,0.02335,172.31.47.0-255,66,216143,96,302816
9173,0.023369,74.125.200.0-255,1484,217627,96,302816
9174,0.024163,172.31.47.0-255,172,217799,96,302816
9175,0.024197,172.31.47.0-255,1111,218910,96,302816
9176,0.024258,172.31.47.0-255,1514,220424,96,302816
9177,0.02426,172.31.47.0-255,1300,221724,96,302816
9178,0.025689,104.244.42.0-255,66,221790,96,302816
9179,0.025739,104.244.42.0-255,66,221856,96,302816
9180,0.025839,104.244.42.0-255,66,221922,96,302816
9181,0.025932,74.125.200.0-255,4320,226242,96,302816
9182,0.025936,172.31.47.0-255,66,226308,96,302816
9183,0.028522,74.125.200.0-255,5738,232046,96,302816
9184,0.028532,172.31.47.0-255,66,232112,96,302816
9185,0.03115,74.125.200.0-255,5738,237850,96,302816
9186,0.031156,172.31.47.0-255,66,237916,96,302816
9187,0.033721,74.125.200.0-255,2902,240818,96,302816
9188,0.033726,172.31.47.0-255,66,240884,96,302816
9189,0.033752,74.125.200.0-255,2902,243786,96,302816
9190,0.033755,172.31.47.0-255,66,243852,96,302816
9191,0.036303,74.125.200.0-255,2902,246754,96,302816
9192,0.036308,172.31.47.0-255,66,246820,96,302816
9193,0.036341,74.125.200.0-255,2902,249722,96,302816
9194,0.036344,172.31.47.0-255,66,249788,96,302816
9195,0.038889,74.125.200.0-255,2902,252690,96,302816
9196,0.038894,172.31.47.0-255,66,252756,96,302816
9197,0.038914,74.125.200.0-255,2902,255658,96,302816
9198,0.038916,172.31.47.0-255,66,255724,96,302816
9199,0.041467,74.125.200.0-255,2902,258626,96,302816
9200,0.041473,172.31.47.0-255,66,258692,96,302816
9201,0.041506,74.125.200.0-255,2902,261594,96,302816
9202,0.041509,172.31.47.0-255,66,261660,96,302816
9203,0.044045,74.125.200.0-255,2902,264562,96,302816
9204,0.04405,172.31.47.0-255,66,264628,96,302816
9205,0.04408,74.125.200.0-255,2902,267530,96,302816
9206,0.044082,172.31.47.0-255,66,267596,96,302816
9207,0.046612,74.125.200.0-255,2902,270498,96,302816
9208,0.046616,172.31.47.0-255,66,270564,96,302816
9209,0.046647,74.125.200.0-255,2902,273466,96,302816
9210,0.046649,172.31.47.0-255,66,273532,96,302816
9211,0.049181,74.125.200.0-255,2902,276434,96,302816
9212,0.049185,172.31.47.0-255,66,276500,96,302816
9213,0.04921,74.125.200.0-255,2902,279402,96,302816
9214,0.049213,172.31.47.0-255,66,279468,96,302816
9215,0.051765,74.125.200.0-255,5738,285206,96,302816
9216,0.05177,172.31.47.0-255,66,285272,96,302816
9217,0.054359,74.125.200.0-255,5738,291010,96,302816
9218,0.054364,172.31.47.0-255,66,291076,96,302816
9219,0.056943,74.125.200.0-255,5738,296814,96,302816
9220,0.056955,172.31.47.0-255,66,296880,96,302816
9221,0.059512,74.125.200.0-255,2902,299782,96,302816
9222,0.059517,172.31.47.0-255,66,299848,96,302816
9223,0.059546,74.125.200.0-255,2902,302750,96,302816
9224,0.059549,172.31.47.0-255,66,302816,96,302816
9225,0.0,172.31.47.0-255,105,105,96,105
9226,0.0,172.217.194.0-255,153,153,96,319867
9227,2.2e-05,172.31.47.0-255,66,219,96,319867
9228,4.2e-05,172.217.194.0-255,1484,1703,96,319867
9229,5.2e-05,172.31.47.0-255,66,1769,96,319867
9230,5.7e-05,172.217.194.0-255,2902,4671,96,319867
9231,6e-05,172.31.47.0-255,66,4737,96,319867
9232,6.7e-05,172.217.194.0-255,7156,11893,96,319867
9233,7e-05,172.31.47.0-255,66,11959,96,319867
9234,7.4e-05,172.217.194.0-255,2181,14140,96,319867
9235,7.6e-05,172.31.47.0-255,66,14206,96,319867
9236,0.000162,172.217.194.0-255,1484,15690,96,319867
9237,0.000165,172.31.47.0-255,66,15756,96,319867
9238,0.00017,172.217.194.0-255,2902,18658,96,319867
9239,0.000172,172.31.47.0-255,66,18724,96,319867
9240,0.000177,172.217.194.0-255,4320,23044,96,319867
9241,0.000179,172.31.47.0-255,66,23110,96,319867
9242,0.000188,172.217.194.0-255,4320,27430,96,319867
9243,0.00019,172.31.47.0-255,66,27496,96,319867
9244,0.000216,172.217.194.0-255,1484,28980,96,319867
9245,0.000218,172.31.47.0-255,66,29046,96,319867
9246,0.000223,172.217.194.0-255,2543,31589,96,319867
9247,0.000224,172.31.47.0-255,66,31655,96,319867
9248,0.000271,172.217.194.0-255,1484,33139,96,319867
9249,0.000275,172.31.47.0-255,66,33205,96,319867
9250,0.000278,172.217.194.0-255,1484,34689,96,319867
9251,0.00028,172.31.47.0-255,66,34755,96,319867
9252,0.000298,172.217.194.0-255,1484,36239,96,319867
9253,0.0003,172.31.47.0-255,66,36305,96,319867
9254,0.000309,172.217.194.0-255,5738,42043,96,319867
9255,0.000311,172.31.47.0-255,66,42109,96,319867
9256,0.00033,172.217.194.0-255,1484,43593,96,319867
9257,0.000331,172.31.47.0-255,66,43659,96,319867
9258,0.000352,172.217.194.0-255,5379,49038,96,319867
9259,0.000355,172.31.47.0-255,66,49104,96,319867
9260,0.000601,172.217.194.0-255,1484,50588,96,319867
9261,0.000607,172.217.194.0-255,1484,52072,96,319867
9262,0.00061,172.31.47.0-255,66,52138,96,319867
9263,0.000634,172.217.194.0-255,1484,53622,96,319867
9264,0.000641,172.217.194.0-255,5738,59360,96,319867
9265,0.000643,172.31.47.0-255,66,59426,96,319867
9266,0.000648,172.217.194.0-255,4320,63746,96,319867
9267,0.00065,172.31.47.0-255,66,63812,96,319867
9268,0.000669,172.217.194.0-255,2543,66355,96,319867
9269,0.000677,172.31.47.0-255,66,66421,96,319867
9270,0.00068,172.217.194.0-255,381,66802,96,319867
9271,0.000718,172.217.194.0-255,362,67164,96,319867
9272,0.000811,172.217.194.0-255,1484,68648,96,319867
9273,0.000814,172.31.47.0-255,66,68714,96,319867
9274,0.000819,172.217.194.0-255,2902,71616,96,319867
9275,0.000821,172.31.47.0-255,66,71682,96,319867
9276,0.000848,172.217.194.0-255,5738,77420,96,319867
9277,0.000851,172.31.47.0-255,66,77486,96,319867
9278,0.000885,172.217.194.0-255,4320,81806,96,319867
9279,0.000888,172.31.47.0-255,66,81872,96,319867
9280,0.000922,172.217.194.0-255,5379,87251,96,319867
9281,0.000931,172.217.194.0-255,1484,88735,96,319867
9282,0.000935,172.31.47.0-255,66,88801,96,319867
9283,0.000959,172.31.47.0-255,66,88867,96,319867
9284,0.000965,172.217.194.0-255,2543,91410,96,319867
9285,0.000967,172.31.47.0-255,66,91476,96,319867
9286,0.001275,172.217.194.0-255,1484,92960,96,319867
9287,0.00128,172.217.194.0-255,2902,95862,96,319867
9288,0.001283,172.31.47.0-255,66,95928,96,319867
9289,0.001301,172.217.194.0-255,5738,101666,96,319867
9290,0.001306,172.31.47.0-255,66,101732,96,319867
9291,0.001337,172.31.47.0-255,66,101798,96,319867
9292,0.001347,172.217.194.0-255,1484,103282,96,319867
9293,0.001377,172.31.47.0-255,66,103348,96,319867
9294,0.001983,172.217.194.0-255,1484,104832,96,319867
9295,0.001992,172.217.194.0-255,2902,107734,96,319867
9296,0.001996,172.31.47.0-255,66,107800,96,319867
9297,0.002001,172.217.194.0-255,2902,110702,96,319867
9298,0.002003,172.31.47.0-255,66,110768,96,319867
9299,0.002036,172.217.194.0-255,2902,113670,96,319867
9300,0.002038,172.31.47.0-255,66,113736,96,319867
9301,0.00205,172.31.47.0-255,66,113802,96,319867
9302,0.002057,172.217.194.0-255,7156,120958,96,319867
9303,0.002059,172.31.47.0-255,66,121024,96,319867
9304,0.002092,172.217.194.0-255,3602,124626,96,319867
9305,0.002094,172.31.47.0-255,66,124692,96,319867
9306,0.002121,172.217.194.0-255,4320,129012,96,319867
9307,0.002123,172.31.47.0-255,66,129078,96,319867
9308,0.002126,172.217.194.0-255,1484,130562,96,319867
9309,0.002153,172.217.194.0-255,5738,136300,96,319867
9310,0.002155,172.31.47.0-255,66,136366,96,319867
9311,0.002163,172.217.194.0-255,7156,143522,96,319867
9312,0.002165,172.31.47.0-255,66,143588,96,319867
9313,0.002192,172.217.194.0-255,5738,149326,96,319867
9314,0.002194,172.31.47.0-255,66,149392,96,319867
9315,0.0022,172.217.194.0-255,4320,153712,96,319867
9316,0.002202,172.31.47.0-255,66,153778,96,319867
9317,0.002235,172.217.194.0-255,5020,158798,96,319867
9318,0.002242,172.31.47.0-255,66,158864,96,319867
9319,0.004369,172.217.194.0-255,5738,164602,96,319867
9320,0.004375,172.31.47.0-255,66,164668,96,319867
9321,0.006466,172.217.194.0-255,5738,170406,96,319867
9322,0.006472,172.31.47.0-255,66,170472,96,319867
9323,0.008564,172.217.194.0-255,5738,176210,96,319867
9324,0.00857,172.31.47.0-255,66,176276,96,319867
9325,0.010695,172.217.194.0-255,5738,182014,96,319867
9326,0.010701,172.31.47.0-255,66,182080,96,319867
9327,0.012788,172.217.194.0-255,5738,187818,96,319867
9328,0.012795,172.31.47.0-255,66,187884,96,319867
9329,0.014885,172.217.194.0-255,5738,193622,96,319867
9330,0.014896,172.31.47.0-255,66,193688,96,319867
9331,0.017026,172.217.194.0-255,5738,199426,96,319867
9332,0.017034,172.31.47.0-255,66,199492,96,319867
9333,0.019138,172.217.194.0-255,5738,205230,96,319867
9334,0.019144,172.31.47.0-255,66,205296,96,319867
9335,0.021225,172.217.194.0-255,5738,211034,96,319867
9336,0.021231,172.31.47.0-255,66,211100,96,319867
9337,0.023323,172.217.194.0-255,5738,216838,96,319867
9338,0.02333,172.31.47.0-255,66,216904,96,319867
9339,0.024441,172.31.47.0-255,172,217076,96,319867
9340,0.024475,172.31.47.0-255,1109,218185,96,319867
9341,0.024535,172.31.47.0-255,1514,219699,96,319867
9342,0.024536,172.31.47.0-255,1302,221001,96,319867
9343,0.02545,172.217.194.0-255,5738,226739,96,319867
9344,0.025456,172.31.47.0-255,66,226805,96,319867
9345,0.025999,104.244.42.0-255,66,226871,96,319867
9346,0.026038,104.244.42.0-255,66,226937,96,319867
9347,0.026091,104.244.42.0-255,66,227003,96,319867
9348,0.02759,172.217.194.0-255,5738,232741,96,319867
9349,0.027595,172.31.47.0-255,66,232807,96,319867
9350,0.029669,172.217.194.0-255,5738,238545,96,319867
9351,0.029675,172.31.47.0-255,66,238611,96,319867
9352,0.031812,172.217.194.0-255,5738,244349,96,319867
9353,0.031819,172.31.47.0-255,66,244415,96,319867
9354,0.033912,172.217.194.0-255,5738,250153,96,319867
9355,0.033918,172.31.47.0-255,66,250219,96,319867
9356,0.03601,172.217.194.0-255,5738,255957,96,319867
9357,0.036016,172.31.47.0-255,66,256023,96,319867
9358,0.038127,172.217.194.0-255,5738,261761,96,319867
9359,0.038134,172.31.47.0-255,66,261827,96,319867
9360,0.040223,172.217.194.0-255,5738,267565,96,319867
9361,0.040228,172.31.47.0-255,66,267631,96,319867
9362,0.042361,172.217.194.0-255,5738,273369,96,319867
9363,0.042371,172.31.47.0-255,66,273435,96,319867
9364,0.044469,172.217.194.0-255,5738,279173,96,319867
9365,0.044476,172.31.47.0-255,66,279239,96,319867
9366,0.046632,172.217.194.0-255,5738,284977,96,319867
9367,0.046638,172.31.47.0-255,66,285043,96,319867
9368,0.048722,172.217.194.0-255,5738,290781,96,319867
9369,0.048727,172.31.47.0-255,66,290847,96,319867
9370,0.050837,172.217.194.0-255,5738,296585,96,319867
9371,0.050842,172.31.47.0-255,66,296651,96,319867
9372,0.052964,172.217.194.0-255,5738,302389,96,319867
9373,0.052969,172.31.47.0-255,66,302455,96,319867
9374,0.055104,172.217.194.0-255,5738,308193,96,319867
9375,0.055111,172.31.47.0-255,66,308259,96,319867
9376,0.057233,172.217.194.0-255,5738,313997,96,319867
9377,0.057239,172.31.47.0-255,66,314063,96,319867
9378,0.05936,172.217.194.0-255,5738,319801,96,319867
9379,0.059366,172.31.47.0-255,66,319867,96,319867
9380,0.0,172.217.24.0-255,153,153,96,294675
9381,2.9e-05,172.31.47.0-255,66,219,96,294675
9382,3.6e-05,172.217.24.0-255,1484,1703,96,294675
9383,3.9e-05,172.31.47.0-255,66,1769,96,294675
9384,5.2e-05,172.217.24.0-255,2902,4671,96,294675
9385,5.5e-05,172.31.47.0-255,66,4737,96,294675
9386,6.2e-05,172.217.24.0-255,5738,10475,96,294675
9387,6.4e-05,172.31.47.0-255,66,10541,96,294675
9388,0.0001,172.217.24.0-255,3518,14059,96,294675
9389,0.000102,172.31.47.0-255,66,14125,96,294675
9390,0.0004,172.217.24.0-255,1484,15609,96,294675
9391,0.000405,172.31.47.0-255,66,15675,96,294675
9392,0.000414,172.217.24.0-255,2902,18577,96,294675
9393,0.000416,172.31.47.0-255,66,18643,96,294675
9394,0.000422,172.217.24.0-255,5738,24381,96,294675
9395,0.000424,172.31.47.0-255,66,24447,96,294675
9396,0.000438,172.217.24.0-255,6797,31244,96,294675
9397,0.000441,172.31.47.0-255,66,31310,96,294675
9398,0.000559,172.217.24.0-255,1484,32794,96,294675
9399,0.000563,172.31.47.0-255,66,32860,96,294675
9400,0.000569,172.217.24.0-255,2902,35762,96,294675
9401,0.000571,172.31.47.0-255,66,35828,96,294675
9402,0.000576,172.217.24.0-255,4320,40148,96,294675
9403,0.000579,172.31.47.0-255,66,40214,96,294675
9404,0.000614,172.217.24.0-255,1484,41698,96,294675
9405,0.000617,172.31.47.0-255,66,41764,96,294675
9406,0.000622,172.217.24.0-255,4320,46084,96,294675
9407,0.000625,172.31.47.0-255,66,46150,96,294675
9408,0.000658,172.217.24.0-255,2543,48693,96,294675
9409,0.000661,172.31.47.0-255,66,48759,96,294675
9410,0.001475,172.217.24.0-255,1484,50243,96,294675
9411,0.001482,172.31.47.0-255,66,50309,96,294675
9412,0.001488,172.217.24.0-255,2902,53211,96,294675
9413,0.00149,172.31.47.0-255,66,53277,96,294675
9414,0.001496,172.217.24.0-255,5738,59015,96,294675
9415,0.001498,172.31.47.0-255,66,59081,96,294675
9416,0.001507,172.217.24.0-255,4320,63401,96,294675
9417,0.00151,172.31.47.0-255,66,63467,96,294675
9418,0.00155,172.217.24.0-255,2543,66010,96,294675
9419,0.001553,172.31.47.0-255,66,66076,96,294675
9420,0.001578,172.217.24.0-255,2902,68978,96,294675
9421,0.00158,172.31.47.0-255,66,69044,96,294675
9422,0.001583,172.217.24.0-255,1484,70528,96,294675
9423,0.00161,172.217.24.0-255,5738,76266,96,294675
9424,0.001613,172.31.47.0-255,66,76332,96,294675
9425,0.001617,172.217.24.0-255,4320,80652,96,294675
9426,0.00162,172.31.47.0-255,66,80718,96,294675
9427,0.001677,172.217.24.0-255,4541,85259,96,294675
9428,0.00168,172.31.47.0-255,66,85325,96,294675
9429,0.001685,172.217.24.0-255,5738,91063,96,294675
9430,0.001688,172.31.47.0-255,66,91129,96,294675
9431,0.001704,172.217.24.0-255,2902,94031,96,294675
9432,0.001706,172.31.47.0-255,66,94097,96,294675
9433,0.001735,172.217.24.0-255,6797,100894,96,294675
9434,0.001738,172.31.47.0-255,66,100960,96,294675
9435,0.001767,172.217.24.0-255,1484,102444,96,294675
9436,0.001801,172.217.24.0-255,2902,105346,96,294675
9437,0.001804,172.31.47.0-255,66,105412,96,294675
9438,0.001828,172.217.24.0-255,4320,109732,96,294675
9439,0.00183,172.31.47.0-255,66,109798,96,294675
9440,0.001836,172.217.24.0-255,4320,114118,96,294675
9441,0.001838,172.31.47.0-255,66,114184,96,294675
9442,0.001865,172.217.24.0-255,3297,117481,96,294675
9443,0.001868,172.31.47.0-255,66,117547,96,294675
9444,0.00376,172.217.24.0-255,1484,119031,96,294675
9445,0.003784,172.217.24.0-255,4320,123351,96,294675
9446,0.003789,172.31.47.0-255,66,123417,96,294675
9447,0.005695,172.217.24.0-255,5738,129155,96,294675
9448,0.005702,172.31.47.0-255,66,129221,96,294675
9449,0.007599,172.217.24.0-255,5738,134959,96,294675
9450,0.007605,172.31.47.0-255,66,135025,96,294675
9451,0.009512,172.217.24.0-255,5738,140763,96,294675
9452,0.009521,172.31.47.0-255,66,140829,96,294675
9453,0.011423,172.217.24.0-255,5738,146567,96,294675
9454,0.01143,172.31.47.0-255,66,146633,96,294675
9455,0.01334,172.217.24.0-255,5738,152371,96,294675
9456,0.013347,172.31.47.0-255,66,152437,96,294675
9457,0.015253,172.217.24.0-255,5738,158175,96,294675
9458,0.01526,172.31.47.0-255,66,158241,96,294675
9459,0.017174,172.217.24.0-255,5738,163979,96,294675
9460,0.017181,172.31.47.0-255,66,164045,96,294675
9461,0.019098,172.217.24.0-255,5738,169783,96,294675
9462,0.019105,172.31.47.0-255,66,169849,96,294675
9463,0.021011,172.217.24.0-255,5738,175587,96,294675
9464,0.021018,172.31.47.0-255,66,175653,96,294675
9465,0.021481,172.31.47.0-255,171,175824,96,294675
9466,0.021512,172.31.47.0-255,1125,176949,96,294675
9467,0.021548,172.31.47.0-255,1514,178463,96,294675
9468,0.02155,172.31.47.0-255,1286,179749,96,294675
9469,0.022928,172.217.24.0-255,5738,185487,96,294675
9470,0.022935,172.31.47.0-255,66,185553,96,294675
9471,0.023042,104.244.42.0-255,66,185619,96,294675
9472,0.023068,104.244.42.0-255,66,185685,96,294675
9473,0.0231,104.244.42.0-255,66,185751,96,294675
9474,0.024839,172.217.24.0-255,4320,190071,96,294675
9475,0.024845,172.31.47.0-255,66,190137,96,294675
9476,0.024877,172.217.24.0-255,1484,191621,96,294675
9477,0.026742,172.217.24.0-255,4320,195941,96,294675
9478,0.026747,172.31.47.0-255,66,196007,96,294675
9479,0.028658,172.217.24.0-255,5738,201745,96,294675
9480,0.028664,172.31.47.0-255,66,201811,96,294675
9481,0.030572,172.217.24.0-255,5738,207549,96,294675
9482,0.030578,172.31.47.0-255,66,207615,96,294675
9483,0.032484,172.217.24.0-255,5738,213353,96,294675
9484,0.032489,172.31.47.0-255,66,213419,96,294675
9485,0.034389,172.217.24.0-255,5738,219157,96,294675
9486,0.034394,172.31.47.0-255,66,219223,96,294675
9487,0.036291,172.217.24.0-255,5738,224961,96,294675
9488,0.036297,172.31.47.0-255,66,225027,96,294675
9489,0.038193,172.217.24.0-255,5738,230765,96,294675
9490,0.038199,172.31.47.0-255,66,230831,96,294675
9491,0.040099,172.217.24.0-255,5738,236569,96,294675
9492,0.040104,172.31.47.0-255,66,236635,96,294675
9493,0.042,172.217.24.0-255,5738,242373,96,294675
9494,0.042005,172.31.47.0-255,66,242439,96,294675
9495,0.0439,172.217.24.0-255,5738,248177,96,294675
9496,0.043906,172.31.47.0-255,66,248243,96,294675
9497,0.045817,172.217.24.0-255,5738,253981,96,294675
9498,0.045824,172.31.47.0-255,66,254047,96,294675
9499,0.047748,172.217.24.0-255,5738,259785,96,294675
9500,0.047759,172.31.47.0-255,66,259851,96,294675
9501,0.049675,172.217.24.0-255,5738,265589,96,294675
9502,0.049688,172.31.47.0-255,66,265655,96,294675
9503,0.051629,172.217.24.0-255,5738,271393,96,294675
9504,0.051638,172.31.47.0-255,66,271459,96,294675
9505,0.053541,172.217.24.0-255,5738,277197,96,294675
9506,0.053548,172.31.47.0-255,66,277263,96,294675
9507,0.055451,172.217.24.0-255,5738,283001,96,294675
9508,0.055457,172.31.47.0-255,66,283067,96,294675
9509,0.057359,172.217.24.0-255,5738,288805,96,294675
9510,0.057366,172.31.47.0-255,66,288871,96,294675
9511,0.059274,172.217.24.0-255,5738,294609,96,294675
9512,0.059284,172.31.47.0-255,66,294675,96,294675
9513,0.0,74.125.24.0-255,66,66,96,66
9514,0.0,74.125.24.0-255,153,153,96,252912
9515,2.5e-05,172.31.47.0-255,66,219,96,252912
9516,3.2e-05,74.125.24.0-255,1484,1703,96,252912
9517,3.6e-05,172.31.47.0-255,66,1769,96,252912
9518,5.1e-05,74.125.24.0-255,2902,4671,96,252912
9519,5.4e-05,172.31.47.0-255,66,4737,96,252912
9520,6.2e-05,74.125.24.0-255,7156,11893,96,252912
9521,6.4e-05,172.31.47.0-255,66,11959,96,252912
9522,6.8e-05,74.125.24.0-255,2066,14025,96,252912
9523,7.1e-05,172.31.47.0-255,66,14091,96,252912
9524,0.000322,74.125.24.0-255,1484,15575,96,252912
9525,0.000327,172.31.47.0-255,66,15641,96,252912
9526,0.000334,74.125.24.0-255,2902,18543,96,252912
9527,0.000337,172.31.47.0-255,66,18609,96,252912
9528,0.000372,74.125.24.0-255,5738,24347,96,252912
9529,0.000376,172.31.47.0-255,66,24413,96,252912
9530,0.000383,74.125.24.0-255,6797,31210,96,252912
9531,0.000386,172.31.47.0-255,66,31276,96,252912
9532,0.000442,74.125.24.0-255,5738,37014,96,252912
9533,0.000446,172.31.47.0-255,66,37080,96,252912
9534,0.000454,74.125.24.0-255,7156,44236,96,252912
9535,0.000457,172.31.47.0-255,66,44302,96,252912
9536,0.00049,74.125.24.0-255,3961,48263,96,252912
9537,0.000495,172.31.47.0-255,66,48329,96,252912
9538,0.001156,74.125.24.0-255,1484,49813,96,252912
9539,0.001162,172.31.47.0-255,66,49879,96,252912
9540,0.001171,74.125.24.0-255,2902,52781,96,252912
9541,0.001174,172.31.47.0-255,66,52847,96,252912
9542,0.001188,74.125.24.0-255,5738,58585,96,252912
9543,0.001191,172.31.47.0-255,66,58651,96,252912
9544,0.001196,74.125.24.0-255,2902,61553,96,252912
9545,0.001198,172.31.47.0-255,66,61619,96,252912
9546,0.001225,74.125.24.0-255,1484,63103,96,252912
9547,0.001232,74.125.24.0-255,4320,67423,96,252912
9548,0.001236,172.31.47.0-255,66,67489,96,252912
9549,0.001275,172.31.47.0-255,66,67555,96,252912
9550,0.001291,172.31.47.0-255,66,67621,96,252912
9551,0.001295,74.125.24.0-255,1484,69105,96,252912
9552,0.0013,74.125.24.0-255,2902,72007,96,252912
9553,0.001302,172.31.47.0-255,66,72073,96,252912
9554,0.001315,74.125.24.0-255,2902,74975,96,252912
9555,0.001318,172.31.47.0-255,66,75041,96,252912
9556,0.001346,74.125.24.0-255,2902,77943,96,252912
9557,0.001353,172.31.47.0-255,66,78009,96,252912
9558,0.001373,74.125.24.0-255,6797,84806,96,252912
9559,0.001376,172.31.47.0-255,66,84872,96,252912
9560,0.002021,74.125.24.0-255,1484,86356,96,252912
9561,0.002036,74.125.24.0-255,2902,89258,96,252912
9562,0.002038,172.31.47.0-255,66,89324,96,252912
9563,0.002065,74.125.24.0-255,4320,93644,96,252912
9564,0.002068,172.31.47.0-255,66,93710,96,252912
9565,0.002075,74.125.24.0-255,7156,100866,96,252912
9566,0.002077,172.31.47.0-255,66,100932,96,252912
9567,0.002099,74.125.24.0-255,1484,102416,96,252912
9568,0.002129,172.31.47.0-255,66,102482,96,252912
9569,0.002156,74.125.24.0-255,3602,106084,96,252912
9570,0.002158,172.31.47.0-255,66,106150,96,252912
9571,0.004589,74.125.24.0-255,1484,107634,96,252912
9572,0.004598,74.125.24.0-255,2902,110536,96,252912
9573,0.004603,172.31.47.0-255,66,110602,96,252912
9574,0.004608,74.125.24.0-255,1484,112086,96,252912
9575,0.006892,74.125.24.0-255,4320,116406,96,252912
9576,0.006898,172.31.47.0-255,66,116472,96,252912
9577,0.009181,74.125.24.0-255,5738,122210,96,252912
9578,0.009192,172.31.47.0-255,66,122276,96,252912
9579,0.011456,74.125.24.0-255,5738,128014,96,252912
9580,0.011468,172.31.47.0-255,66,128080,96,252912
9581,0.013738,74.125.24.0-255,5738,133818,96,252912
9582,0.013755,172.31.47.0-255,66,133884,96,252912
9583,0.016036,74.125.24.0-255,5738,139622,96,252912
9584,0.016046,172.31.47.0-255,66,139688,96,252912
9585,0.018319,74.125.24.0-255,5738,145426,96,252912
9586,0.018327,172.31.47.0-255,66,145492,96,252912
9587,0.020615,74.125.24.0-255,5738,151230,96,252912
9588,0.020625,172.31.47.0-255,66,151296,96,252912
9589,0.022917,74.125.24.0-255,5738,157034,96,252912
9590,0.022931,172.31.47.0-255,66,157100,96,252912
9591,0.025207,74.125.24.0-255,4320,161420,96,252912
9592,0.025213,172.31.47.0-255,66,161486,96,252912
9593,0.025263,74.125.24.0-255,1484,162970,96,252912
9594,0.02748,74.125.24.0-255,4320,167290,96,252912
9595,0.027492,172.31.47.0-255,66,167356,96,252912
9596,0.029263,172.31.47.0-255,176,167532,96,252912
9597,0.029295,172.31.47.0-255,1105,168637,96,252912
9598,0.02934,172.31.47.0-255,1514,170151,96,252912
9599,0.029342,172.31.47.0-255,1307,171458,96,252912
9600,0.029738,74.125.24.0-255,5738,177196,96,252912
9601,0.029745,172.31.47.0-255,66,177262,96,252912
9602,0.030826,104.244.42.0-255,66,177328,96,252912
9603,0.031011,104.244.42.0-255,66,177394,96,252912
9604,0.031018,104.244.42.0-255,66,177460,96,252912
9605,0.032005,74.125.24.0-255,5738,183198,96,252912
9606,0.032013,172.31.47.0-255,66,183264,96,252912
9607,0.034318,74.125.24.0-255,5738,189002,96,252912
9608,0.034326,172.31.47.0-255,66,189068,96,252912
9609,0.036598,74.125.24.0-255,5738,194806,96,252912
9610,0.036605,172.31.47.0-255,66,194872,96,252912
9611,0.038903,74.125.24.0-255,5738,200610,96,252912
9612,0.038915,172.31.47.0-255,66,200676,96,252912
9613,0.041176,74.125.24.0-255,5738,206414,96,252912
9614,0.041184,172.31.47.0-255,66,206480,96,252912
9615,0.04347,74.125.24.0-255,5738,212218,96,252912
9616,0.043483,172.31.47.0-255,66,212284,96,252912
9617,0.045749,74.125.24.0-255,5738,218022,96,252912
9618,0.045765,172.31.47.0-255,66,218088,96,252912
9619,0.048067,74.125.24.0-255,5738,223826,96,252912
9620,0.048082,172.31.47.0-255,66,223892,96,252912
9621,0.050384,74.125.24.0-255,5738,229630,96,252912
9622,0.050402,172.31.47.0-255,66,229696,96,252912
9623,0.052684,74.125.24.0-255,5738,235434,96,252912
9624,0.052693,172.31.47.0-255,66,235500,96,252912
9625,0.05497,74.125.24.0-255,5738,241238,96,252912
9626,0.054981,172.31.47.0-255,66,241304,96,252912
9627,0.057271,74.125.24.0-255,5738,247042,96,252912
9628,0.057291,172.31.47.0-255,66,247108,96,252912
9629,0.059599,74.125.24.0-255,5738,252846,96,252912
9630,0.059617,172.31.47.0-255,66,252912,96,252912
9631,0.0,74.125.24.0-255,146,146,96,278175
9632,2.4e-05,172.31.47.0-255,66,212,96,278175
9633,3.1e-05,74.125.24.0-255,1484,1696,96,278175
9634,3.5e-05,172.31.47.0-255,66,1762,96,278175
9635,3.9e-05,74.125.24.0-255,2902,4664,96,278175
9636,4.8e-05,172.31.47.0-255,66,4730,96,278175
9637,5.3e-05,74.125.24.0-255,7156,11886,96,278175
9638,5.6e-05,172.31.47.0-255,66,11952,96,278175
9639,8.3e-05,74.125.24.0-255,2092,14044,96,278175
9640,8.5e-05,172.31.47.0-255,66,14110,96,278175
9641,0.000144,74.125.24.0-255,1484,15594,96,278175
9642,0.000147,172.31.47.0-255,66,15660,96,278175
9643,0.000152,74.125.24.0-255,2902,18562,96,278175
9644,0.000155,172.31.47.0-255,66,18628,96,278175
9645,0.00019,74.125.24.0-255,5738,24366,96,278175
9646,0.000193,172.31.47.0-255,66,24432,96,278175
9647,0.000196,74.125.24.0-255,1484,25916,96,278175
9648,0.000197,172.31.47.0-255,66,25982,96,278175
9649,0.000239,172.31.47.0-255,66,26048,96,278175
9650,0.000264,74.125.24.0-255,5379,31427,96,278175
9651,0.000268,172.31.47.0-255,66,31493,96,278175
9652,0.000273,74.125.24.0-255,4320,35813,96,278175
9653,0.000276,172.31.47.0-255,66,35879,96,278175
9654,0.000298,74.125.24.0-255,3961,39840,96,278175
9655,0.000301,172.31.47.0-255,66,39906,96,278175
9656,0.000316,172.31.47.0-255,66,39972,96,278175
9657,0.000323,74.125.24.0-255,5738,45710,96,278175
9658,0.000325,172.31.47.0-255,66,45776,96,278175
9659,0.000376,74.125.24.0-255,2543,48319,96,278175
9660,0.00038,172.31.47.0-255,66,48385,96,278175
9661,0.000382,74.125.24.0-255,360,48745,96,278175
9662,0.000383,172.31.47.0-255,66,48811,96,278175
9663,0.000468,74.125.24.0-255,127,48938,96,278175
9664,0.000489,74.125.24.0-255,352,49290,96,278175
9665,0.000578,74.125.24.0-255,1484,50774,96,278175
9666,0.000583,74.125.24.0-255,2902,53676,96,278175
9667,0.00059,172.31.47.0-255,66,53742,96,278175
9668,0.000601,74.125.24.0-255,5738,59480,96,278175
9669,0.000606,172.31.47.0-255,66,59546,96,278175
9670,0.000631,74.125.24.0-255,6249,65795,96,278175
9671,0.000637,172.31.47.0-255,66,65861,96,278175
9672,0.000764,74.125.24.0-255,1484,67345,96,278175
9673,0.000769,74.125.24.0-255,2902,70247,96,278175
9674,0.000773,172.31.47.0-255,66,70313,96,278175
9675,0.000789,74.125.24.0-255,2902,73215,96,278175
9676,0.000798,172.31.47.0-255,66,73281,96,278175
9677,0.0008,74.125.24.0-255,2902,76183,96,278175
9678,0.000815,172.31.47.0-255,66,76249,96,278175
9679,0.000839,74.125.24.0-255,2902,79151,96,278175
9680,0.00085,172.31.47.0-255,66,79217,96,278175
9681,0.00087,172.31.47.0-255,66,79283,96,278175
9682,0.001009,74.125.24.0-255,1484,80767,96,278175
9683,0.001015,74.125.24.0-255,2902,83669,96,278175
9684,0.001018,172.31.47.0-255,66,83735,96,278175
9685,0.001024,74.125.24.0-255,4320,88055,96,278175
9686,0.001033,172.31.47.0-255,66,88121,96,278175
9687,0.001042,74.125.24.0-255,1484,89605,96,278175
9688,0.001051,74.125.24.0-255,4320,93925,96,278175
9689,0.001057,172.31.47.0-255,66,93991,96,278175
9690,0.001092,172.31.47.0-255,66,94057,96,278175
9691,0.001107,74.125.24.0-255,766,94823,96,278175
9692,0.001107,172.31.47.0-255,66,94889,96,278175
9693,0.001124,74.125.24.0-255,1484,96373,96,278175
9694,0.001127,172.31.47.0-255,66,96439,96,278175
9695,0.001155,74.125.24.0-255,4320,100759,96,278175
9696,0.001158,74.125.24.0-255,1484,102243,96,278175
9697,0.001172,172.31.47.0-255,66,102309,96,278175
9698,0.001178,74.125.24.0-255,5738,108047,96,278175
9699,0.001181,74.125.24.0-255,1484,109531,96,278175
9700,0.001185,172.31.47.0-255,66,109597,96,278175
9701,0.001213,74.125.24.0-255,7156,116753,96,278175
9702,0.001218,172.31.47.0-255,66,116819,96,278175
9703,0.001219,74.125.24.0-255,2902,119721,96,278175
9704,0.001222,172.31.47.0-255,66,119787,96,278175
9705,0.0013,74.125.24.0-255,1484,121271,96,278175
9706,0.001304,74.125.24.0-255,2902,124173,96,278175
9707,0.001307,74.125.24.0-255,2902,127075,96,278175
9708,0.001312,172.31.47.0-255,66,127141,96,278175
9709,0.001339,74.125.24.0-255,4320,131461,96,278175
9710,0.001342,74.125.24.0-255,1484,132945,96,278175
9711,0.001344,172.31.47.0-255,66,133011,96,278175
9712,0.001378,74.125.24.0-255,7156,140167,96,278175
9713,0.001383,74.125.24.0-255,5738,145905,96,278175
9714,0.001404,74.125.24.0-255,5738,151643,96,278175
9715,0.001421,74.125.24.0-255,2184,153827,96,278175
9716,0.001435,172.31.47.0-255,66,153893,96,278175
9717,0.001442,74.125.24.0-255,2902,156795,96,278175
9718,0.001451,172.31.47.0-255,66,156861,96,278175
9719,0.00146,74.125.24.0-255,4320,161181,96,278175
9720,0.001465,172.31.47.0-255,66,161247,96,278175
9721,0.001478,74.125.24.0-255,2902,164149,96,278175
9722,0.001488,74.125.24.0-255,5738,169887,96,278175
9723,0.001489,172.31.47.0-255,66,169953,96,278175
9724,0.001493,172.31.47.0-255,66,170019,96,278175
9725,0.001537,172.31.47.0-255,66,170085,96,278175
9726,0.001542,74.125.24.0-255,3602,173687,96,278175
9727,0.001548,172.31.47.0-255,66,173753,96,278175
9728,0.001584,74.125.24.0-255,1484,175237,96,278175
9729,0.001601,74.125.24.0-255,2902,178139,96,278175
9730,0.001607,74.125.24.0-255,5738,183877,96,278175
9731,0.001617,172.31.47.0-255,66,183943,96,278175
9732,0.001652,172.31.47.0-255,66,184009,96,278175
9733,0.001673,74.125.24.0-255,2902,186911,96,278175
9734,0.001683,172.31.47.0-255,66,186977,96,278175
9735,0.001688,172.31.47.0-255,66,187043,96,278175
9736,0.00187,74.125.24.0-255,1484,188527,96,278175
9737,0.001876,74.125.24.0-255,1484,190011,96,278175
9738,0.00188,172.31.47.0-255,66,190077,96,278175
9739,0.001899,74.125.24.0-255,1484,191561,96,278175
9740,0.001905,74.125.24.0-255,5738,197299,96,278175
9741,0.001908,172.31.47.0-255,66,197365,96,278175
9742,0.00195,172.31.47.0-255,66,197431,96,278175
9743,0.001961,74.125.24.0-255,2902,200333,96,278175
9744,0.001975,172.31.47.0-255,66,200399,96,278175
9745,0.001981,74.125.24.0-255,2902,203301,96,278175
9746,0.001992,172.31.47.0-255,66,203367,96,278175
9747,0.00203,172.31.47.0-255,66,203433,96,278175
9748,0.002068,74.125.24.0-255,1484,204917,96,278175
9749,0.002087,74.125.24.0-255,2902,207819,96,278175
9750,0.002098,172.31.47.0-255,66,207885,96,278175
9751,0.002108,74.125.24.0-255,2902,210787,96,278175
9752,0.002115,172.31.47.0-255,66,210853,96,278175
9753,0.002144,74.125.24.0-255,1484,212337,96,278175
9754,0.002159,74.125.24.0-255,4320,216657,96,278175
9755,0.002161,74.125.24.0-255,1484,218141,96,278175
9756,0.002169,172.31.47.0-255,66,218207,96,278175
9757,0.002201,74.125.24.0-255,7156,225363,96,278175
9758,0.002206,172.31.47.0-255,66,225429,96,278175
9759,0.002207,74.125.24.0-255,3602,229031,96,278175
9760,0.002211,172.31.47.0-255,66,229097,96,278175
9761,0.002237,74.125.24.0-255,2902,231999,96,278175
9762,0.002247,172.31.47.0-255,66,232065,96,278175
9763,0.002276,74.125.24.0-255,5738,237803,96,278175
9764,0.002281,74.125.24.0-255,2902,240705,96,278175
9765,0.002285,172.31.47.0-255,66,240771,96,278175
9766,0.00229,172.31.47.0-255,66,240837,96,278175
9767,0.002336,172.31.47.0-255,66,240903,96,278175
9768,0.002356,74.125.24.0-255,1484,242387,96,278175
9769,0.002365,74.125.24.0-255,1484,243871,96,278175
9770,0.002368,172.31.47.0-255,66,243937,96,278175
9771,0.002371,74.125.24.0-255,7156,251093,96,278175
9772,0.002376,74.125.24.0-255,3602,254695,96,278175
9773,0.002379,74.125.24.0-255,2902,257597,96,278175
9774,0.002383,172.31.47.0-255,66,257663,96,278175
9775,0.002391,74.125.24.0-255,4320,261983,96,278175
9776,0.002396,172.31.47.0-255,66,262049,96,278175
9777,0.002432,74.125.24.0-255,7156,269205,96,278175
9778,0.002436,74.125.24.0-255,1484,270689,96,278175
9779,0.002448,172.31.47.0-255,66,270755,96,278175
9780,0.002449,74.125.24.0-255,2717,273472,96,278175
9781,0.002452,172.31.47.0-255,66,273538,96,278175
9782,0.002492,74.125.24.0-255,105,273643,96,278175
9783,0.003743,172.31.47.0-255,66,273709,96,278175
9784,0.003764,172.31.47.0-255,105,273814,96,278175
9785,0.005771,74.125.24.0-255,66,273880,96,278175
9786,0.025719,172.31.47.0-255,172,274052,96,278175
9787,0.025772,172.31.47.0-255,1110,275162,96,278175
9788,0.0258,172.31.47.0-255,1514,276676,96,278175
9789,0.025802,172.31.47.0-255,1301,277977,96,278175
9790,0.027302,104.244.42.0-255,66,278043,96,278175
9791,0.027428,104.244.42.0-255,66,278109,96,278175
9792,0.027446,104.244.42.0-255,66,278175,96,278175
9793,0.0,74.125.24.0-255,153,153,96,240846
9794,1.4e-05,172.31.47.0-255,66,219,96,240846
9795,2e-05,74.125.24.0-255,1484,1703,96,240846
9796,2.5e-05,172.31.47.0-255,66,1769,96,240846
9797,2.9e-05,74.125.24.0-255,2902,4671,96,240846
9798,3.2e-05,172.31.47.0-255,66,4737,96,240846
9799,3.9e-05,74.125.24.0-255,7156,11893,96,240846
9800,4.2e-05,172.31.47.0-255,66,11959,96,240846
9801,7.4e-05,74.125.24.0-255,7156,19115,96,240846
9802,7.7e-05,172.31.47.0-255,66,19181,96,240846
9803,9.6e-05,172.31.47.0-255,66,19247,96,240846
9804,9.9e-05,74.125.24.0-255,1484,20731,96,240846
9805,0.000101,172.31.47.0-255,66,20797,96,240846
9806,0.000103,74.125.24.0-255,1125,21922,96,240846
9807,0.000105,172.31.47.0-255,66,21988,96,240846
9808,0.000148,74.125.24.0-255,1484,23472,96,240846
9809,0.00015,172.31.47.0-255,66,23538,96,240846
9810,0.000156,74.125.24.0-255,4320,27858,96,240846
9811,0.000158,172.31.47.0-255,66,27924,96,240846
9812,0.000175,74.125.24.0-255,4320,32244,96,240846
9813,0.000177,172.31.47.0-255,66,32310,96,240846
9814,0.000196,74.125.24.0-255,1484,33794,96,240846
9815,0.000199,172.31.47.0-255,66,33860,96,240846
9816,0.000234,172.31.47.0-255,66,33926,96,240846
9817,0.000244,172.31.47.0-255,66,33992,96,240846
9818,0.000403,74.125.24.0-255,135,34127,96,240846
9819,0.000407,172.31.47.0-255,66,34193,96,240846
9820,0.000522,74.125.24.0-255,1484,35677,96,240846
9821,0.000525,172.31.47.0-255,66,35743,96,240846
9822,0.00053,74.125.24.0-255,2902,38645,96,240846
9823,0.000533,172.31.47.0-255,66,38711,96,240846
9824,0.000553,74.125.24.0-255,5738,44449,96,240846
9825,0.000556,172.31.47.0-255,66,44515,96,240846
9826,0.000558,74.125.24.0-255,1484,45999,96,240846
9827,0.000569,74.125.24.0-255,2902,48901,96,240846
9828,0.000574,172.31.47.0-255,66,48967,96,240846
9829,0.000592,74.125.24.0-255,6797,55764,96,240846
9830,0.000594,172.31.47.0-255,66,55830,96,240846
9831,0.000622,172.31.47.0-255,66,55896,96,240846
9832,0.000636,74.125.24.0-255,343,56239,96,240846
9833,0.000855,74.125.24.0-255,1484,57723,96,240846
9834,0.000859,172.31.47.0-255,66,57789,96,240846
9835,0.000864,74.125.24.0-255,2902,60691,96,240846
9836,0.000866,172.31.47.0-255,66,60757,96,240846
9837,0.000871,74.125.24.0-255,5738,66495,96,240846
9838,0.000873,172.31.47.0-255,66,66561,96,240846
9839,0.000918,172.31.47.0-255,66,66627,96,240846
9840,0.000924,74.125.24.0-255,7156,73783,96,240846
9841,0.000926,172.31.47.0-255,66,73849,96,240846
9842,0.000958,74.125.24.0-255,3602,77451,96,240846
9843,0.00096,172.31.47.0-255,66,77517,96,240846
9844,0.001007,74.125.24.0-255,1484,79001,96,240846
9845,0.00101,74.125.24.0-255,1484,80485,96,240846
9846,0.001013,172.31.47.0-255,66,80551,96,240846
9847,0.001035,74.125.24.0-255,1484,82035,96,240846
9848,0.001041,74.125.24.0-255,5738,87773,96,240846
9849,0.001043,172.31.47.0-255,66,87839,96,240846
9850,0.001055,172.31.47.0-255,66,87905,96,240846
9851,0.001061,74.125.24.0-255,5738,93643,96,240846
9852,0.001063,172.31.47.0-255,66,93709,96,240846
9853,0.001076,74.125.24.0-255,1484,95193,96,240846
9854,0.001101,74.125.24.0-255,4320,99513,96,240846
9855,0.001104,172.31.47.0-255,66,99579,96,240846
9856,0.001124,74.125.24.0-255,2184,101763,96,240846
9857,0.001126,172.31.47.0-255,66,101829,96,240846
9858,0.001132,74.125.24.0-255,7156,108985,96,240846
9859,0.001134,172.31.47.0-255,66,109051,96,240846
9860,0.001144,172.31.47.0-255,66,109117,96,240846
9861,0.001172,74.125.24.0-255,7156,116273,96,240846
9862,0.001183,172.31.47.0-255,66,116339,96,240846
9863,0.001185,172.31.47.0-255,66,116405,96,240846
9864,0.001239,74.125.24.0-255,1484,117889,96,240846
9865,0.001251,74.125.24.0-255,2902,120791,96,240846
9866,0.001253,172.31.47.0-255,66,120857,96,240846
9867,0.00126,74.125.24.0-255,5738,126595,96,240846
9868,0.001261,172.31.47.0-255,66,126661,96,240846
9869,0.001309,172.31.47.0-255,66,126727,96,240846
9870,0.001315,74.125.24.0-255,5738,132465,96,240846
9871,0.001316,172.31.47.0-255,66,132531,96,240846
9872,0.00133,74.125.24.0-255,5020,137551,96,240846
9873,0.001333,172.31.47.0-255,66,137617,96,240846
9874,0.001381,74.125.24.0-255,1484,139101,96,240846
9875,0.001386,74.125.24.0-255,2902,142003,96,240846
9876,0.001388,172.31.47.0-255,66,142069,96,240846
9877,0.001408,74.125.24.0-255,5738,147807,96,240846
9878,0.00141,172.31.47.0-255,66,147873,96,240846
9879,0.001416,74.125.24.0-255,5738,153611,96,240846
9880,0.001417,172.31.47.0-255,66,153677,96,240846
9881,0.001437,74.125.24.0-255,5738,159415,96,240846
9882,0.00144,172.31.47.0-255,66,159481,96,240846
9883,0.001457,74.125.24.0-255,7156,166637,96,240846
9884,0.001459,172.31.47.0-255,66,166703,96,240846
9885,0.001464,74.125.24.0-255,2902,169605,96,240846
9886,0.001466,172.31.47.0-255,66,169671,96,240846
9887,0.001496,172.31.47.0-255,66,169737,96,240846
9888,0.00156,74.125.24.0-255,1484,171221,96,240846
9889,0.001563,74.125.24.0-255,2902,174123,96,240846
9890,0.001567,172.31.47.0-255,66,174189,96,240846
9891,0.00157,172.31.47.0-255,66,174255,96,240846
9892,0.00159,74.125.24.0-255,5738,179993,96,240846
9893,0.001593,172.31.47.0-255,66,180059,96,240846
9894,0.001598,74.125.24.0-255,5738,185797,96,240846
9895,0.001601,172.31.47.0-255,66,185863,96,240846
9896,0.00163,74.125.24.0-255,7156,193019,96,240846
9897,0.001634,172.31.47.0-255,66,193085,96,240846
9898,0.001643,172.31.47.0-255,66,193151,96,240846
9899,0.001662,74.125.24.0-255,5020,198171,96,240846
9900,0.001664,172.31.47.0-255,66,198237,96,240846
9901,0.00167,74.125.24.0-255,5738,203975,96,240846
9902,0.001672,172.31.47.0-255,66,204041,96,240846
9903,0.001706,172.31.47.0-255,66,204107,96,240846
9904,0.001714,74.125.24.0-255,2902,207009,96,240846
9905,0.001716,172.31.47.0-255,66,207075,96,240846
9906,0.001722,74.125.24.0-255,7156,214231,96,240846
9907,0.001724,172.31.47.0-255,66,214297,96,240846
9908,0.001739,74.125.24.0-255,5020,219317,96,240846
9909,0.001741,172.31.47.0-255,66,219383,96,240846
9910,0.001758,74.125.24.0-255,2902,222285,96,240846
9911,0.001761,172.31.47.0-255,66,222351,96,240846
9912,0.001799,172.31.47.0-255,66,222417,96,240846
9913,0.001805,74.125.24.0-255,6438,228855,96,240846
9914,0.001808,172.31.47.0-255,66,228921,96,240846
9915,0.001826,74.125.24.0-255,7156,236077,96,240846
9916,0.001828,172.31.47.0-255,66,236143,96,240846
9917,0.001852,172.31.47.0-255,66,236209,96,240846
9918,0.001866,74.125.24.0-255,105,236314,96,240846
9919,0.003901,172.31.47.0-255,66,236380,96,240846
9920,0.003936,172.31.47.0-255,105,236485,96,240846
9921,0.006165,74.125.24.0-255,66,236551,96,240846
9922,0.026817,172.31.47.0-255,172,236723,96,240846
9923,0.026847,172.31.47.0-255,1110,237833,96,240846
9924,0.026902,172.31.47.0-255,1514,239347,96,240846
9925,0.026904,172.31.47.0-255,1301,240648,96,240846
9926,0.028374,104.244.42.0-255,66,240714,96,240846
9927,0.028401,104.244.42.0-255,66,240780,96,240846
9928,0.028449,104.244.42.0-255,66,240846,96,240846
9929,0.0,172.217.194.0-255,304,304,96,286357
9930,1.3e-05,172.31.47.0-255,66,370,96,286357
9931,1.9e-05,172.217.194.0-255,1484,1854,96,286357
9932,2.2e-05,172.31.47.0-255,66,1920,96,286357
9933,2.8e-05,172.217.194.0-255,4320,6240,96,286357
9934,3.7e-05,172.31.47.0-255,66,6306,96,286357
9935,4.3e-05,172.217.194.0-255,7156,13462,96,286357
9936,4.6e-05,172.31.47.0-255,66,13528,96,286357
9937,8.5e-05,172.31.47.0-255,66,13594,96,286357
9938,9.8e-05,172.217.194.0-255,1930,15524,96,286357
9939,0.000103,172.31.47.0-255,66,15590,96,286357
9940,0.000108,172.217.194.0-255,3961,19551,96,286357
9941,0.00011,172.31.47.0-255,66,19617,96,286357
9942,0.000158,172.217.194.0-255,1484,21101,96,286357
9943,0.000161,172.31.47.0-255,66,21167,96,286357
9944,0.000164,172.217.194.0-255,1484,22651,96,286357
9945,0.000166,172.31.47.0-255,66,22717,96,286357
9946,0.000196,172.217.194.0-255,1484,24201,96,286357
9947,0.000198,172.31.47.0-255,66,24267,96,286357
9948,0.000204,172.217.194.0-255,5738,30005,96,286357
9949,0.000206,172.31.47.0-255,66,30071,96,286357
9950,0.000212,172.217.194.0-255,6797,36868,96,286357
9951,0.000214,172.31.47.0-255,66,36934,96,286357
9952,0.000218,172.217.194.0-255,2902,39836,96,286357
9953,0.00022,172.31.47.0-255,66,39902,96,286357
9954,0.000254,172.31.47.0-255,66,39968,96,286357
9955,0.000258,172.217.194.0-255,2833,42801,96,286357
9956,0.00026,172.31.47.0-255,66,42867,96,286357
9957,0.000262,172.217.194.0-255,99,42966,96,286357
9958,0.000264,172.31.47.0-255,66,43032,96,286357
9959,0.000412,172.217.194.0-255,1484,44516,96,286357
9960,0.000429,172.217.194.0-255,2902,47418,96,286357
9961,0.000433,172.31.47.0-255,66,47484,96,286357
9962,0.000438,172.217.194.0-255,5738,53222,96,286357
9963,0.00044,172.31.47.0-255,66,53288,96,286357
9964,0.000468,172.217.194.0-255,7156,60444,96,286357
9965,0.000471,172.31.47.0-255,66,60510,96,286357
9966,0.000496,172.217.194.0-255,6797,67307,96,286357
9967,0.000499,172.31.47.0-255,66,67373,96,286357
9968,0.000508,172.31.47.0-255,66,67439,96,286357
9969,0.001035,172.217.194.0-255,1484,68923,96,286357
9970,0.001041,172.217.194.0-255,2902,71825,96,286357
9971,0.001044,172.31.47.0-255,66,71891,96,286357
9972,0.001048,172.217.194.0-255,2902,74793,96,286357
9973,0.00105,172.31.47.0-255,66,74859,96,286357
9974,0.001079,172.217.194.0-255,2902,77761,96,286357
9975,0.001081,172.31.47.0-255,66,77827,96,286357
9976,0.001093,172.31.47.0-255,66,77893,96,286357
9977,0.001137,172.31.47.0-255,66,77959,96,286357
9978,0.001177,172.31.47.0-255,66,78025,96,286357
9979,0.001206,172.31.47.0-255,66,78091,96,286357
9980,0.001214,172.31.47.0-255,66,78157,96,286357
9981,0.001744,172.217.194.0-255,1484,79641,96,286357
9982,0.00175,172.217.194.0-255,2902,82543,96,286357
9983,0.001753,172.31.47.0-255,66,82609,96,286357
9984,0.001758,172.217.194.0-255,2902,85511,96,286357
9985,0.00176,172.31.47.0-255,66,85577,96,286357
9986,0.001785,172.217.194.0-255,2902,88479,96,286357
9987,0.001791,172.31.47.0-255,66,88545,96,286357
9988,0.001803,172.31.47.0-255,66,88611,96,286357
9989,0.00184,172.31.47.0-255,66,88677,96,286357
9990,0.001866,172.217.194.0-255,1484,90161,96,286357
9991,0.001882,172.217.194.0-255,2902,93063,96,286357
9992,0.001884,172.31.47.0-255,66,93129,96,286357
9993,0.00189,172.217.194.0-255,5738,98867,96,286357
9994,0.001892,172.31.47.0-255,66,98933,96,286357
9995,0.001921,172.31.47.0-255,66,98999,96,286357
9996,0.00195,172.217.194.0-255,2902,101901,96,286357
9997,0.001953,172.31.47.0-255,66,101967,96,286357
9998,0.001964,172.31.47.0-255,66,102033,96,286357
9999,0.001989,172.217.194.0-255,1484,103517,96,286357
10000,0.001993,172.217.194.0-255,2902,106419,96,286357
10001,0.001995,172.31.47.0-255,66,106485,96,286357
10002,0.002027,172.217.194.0-255,5738,112223,96,286357
10003,0.002029,172.31.47.0-255,66,112289,96,286357
10004,0.002034,172.217.194.0-255,4320,116609,96,286357
10005,0.002036,172.31.47.0-255,66,116675,96,286357
10006,0.00405,172.217.194.0-255,5738,122413,96,286357
10007,0.004058,172.31.47.0-255,66,122479,96,286357
10008,0.006067,172.217.194.0-255,5738,128217,96,286357
10009,0.006073,172.31.47.0-255,66,128283,96,286357
10010,0.008075,172.217.194.0-255,5738,134021,96,286357
10011,0.008081,172.31.47.0-255,66,134087,96,286357
10012,0.010082,172.217.194.0-255,5738,139825,96,286357
10013,0.010088,172.31.47.0-255,66,139891,96,286357
10014,0.012091,172.217.194.0-255,5738,145629,96,286357
10015,0.012098,172.31.47.0-255,66,145695,96,286357
10016,0.014107,172.217.194.0-255,5738,151433,96,286357
10017,0.014114,172.31.47.0-255,66,151499,96,286357
10018,0.016126,172.217.194.0-255,5738,157237,96,286357
10019,0.016134,172.31.47.0-255,66,157303,96,286357
10020,0.018129,172.217.194.0-255,5738,163041,96,286357
10021,0.018137,172.31.47.0-255,66,163107,96,286357
10022,0.020138,172.217.194.0-255,5738,168845,96,286357
10023,0.020144,172.31.47.0-255,66,168911,96,286357
10024,0.022141,172.217.194.0-255,5738,174649,96,286357
10025,0.022148,172.31.47.0-255,66,174715,96,286357
10026,0.024154,172.217.194.0-255,5738,180453,96,286357
10027,0.024159,172.31.47.0-255,66,180519,96,286357
10028,0.026134,172.217.194.0-255,5738,186257,96,286357
10029,0.026141,172.31.47.0-255,66,186323,96,286357
10030,0.02803,172.31.47.0-255,172,186495,96,286357
10031,0.028062,172.31.47.0-255,1109,187604,96,286357
10032,0.028123,172.31.47.0-255,1514,189118,96,286357
10033,0.028124,172.31.47.0-255,1514,190632,96,286357
10034,0.028129,172.31.47.0-255,1514,192146,96,286357
10035,0.02813,172.31.47.0-255,1083,193229,96,286357
10036,0.028161,172.217.194.0-255,5738,198967,96,286357
10037,0.028166,172.31.47.0-255,66,199033,96,286357
10038,0.029567,104.244.42.0-255,66,199099,96,286357
10039,0.029607,104.244.42.0-255,66,199165,96,286357
10040,0.029662,104.244.42.0-255,66,199231,96,286357
10041,0.029672,104.244.42.0-255,66,199297,96,286357
10042,0.030189,172.217.194.0-255,5738,205035,96,286357
10043,0.030194,172.31.47.0-255,66,205101,96,286357
10044,0.032215,172.217.194.0-255,5738,210839,96,286357
10045,0.03222,172.31.47.0-255,66,210905,96,286357
10046,0.034203,172.217.194.0-255,5738,216643,96,286357
10047,0.034209,172.31.47.0-255,66,216709,96,286357
10048,0.036211,172.217.194.0-255,5738,222447,96,286357
10049,0.036216,172.31.47.0-255,66,222513,96,286357
10050,0.038246,172.217.194.0-255,5738,228251,96,286357
10051,0.038256,172.31.47.0-255,66,228317,96,286357
10052,0.040243,172.217.194.0-255,5738,234055,96,286357
10053,0.040251,172.31.47.0-255,66,234121,96,286357
10054,0.042265,172.217.194.0-255,5738,239859,96,286357
10055,0.042271,172.31.47.0-255,66,239925,96,286357
10056,0.044266,172.217.194.0-255,5738,245663,96,286357
10057,0.044272,172.31.47.0-255,66,245729,96,286357
10058,0.046281,172.217.194.0-255,5738,251467,96,286357
10059,0.046286,172.31.47.0-255,66,251533,96,286357
10060,0.048303,172.217.194.0-255,5738,257271,96,286357
10061,0.048309,172.31.47.0-255,66,257337,96,286357
10062,0.050314,172.217.194.0-255,5738,263075,96,286357
10063,0.05032,172.31.47.0-255,66,263141,96,286357
10064,0.052322,172.217.194.0-255,5738,268879,96,286357
10065,0.052328,172.31.47.0-255,66,268945,96,286357
10066,0.054339,172.217.194.0-255,5738,274683,96,286357
10067,0.054345,172.31.47.0-255,66,274749,96,286357
10068,0.05637,172.217.194.0-255,5738,280487,96,286357
10069,0.056375,172.31.47.0-255,66,280553,96,286357
10070,0.058395,172.217.194.0-255,5738,286291,96,286357
10071,0.058402,172.31.47.0-255,66,286357,96,286357
10072,0.0,74.125.68.0-255,153,153,96,299840
10073,1.6e-05,172.31.47.0-255,66,219,96,299840
10074,2.3e-05,74.125.68.0-255,1484,1703,96,299840
10075,2.7e-05,172.31.47.0-255,66,1769,96,299840
10076,3.3e-05,74.125.68.0-255,2902,4671,96,299840
10077,3.5e-05,172.31.47.0-255,66,4737,96,299840
10078,5e-05,74.125.68.0-255,5738,10475,96,299840
10079,5.3e-05,172.31.47.0-255,66,10541,96,299840
10080,5.8e-05,74.125.68.0-255,2902,13443,96,299840
10081,6.2e-05,172.31.47.0-255,66,13509,96,299840
10082,6.8e-05,74.125.68.0-255,3516,17025,96,299840
10083,7.1e-05,172.31.47.0-255,66,17091,96,299840
10084,0.00011,172.31.47.0-255,66,17157,96,299840
10085,0.000116,74.125.68.0-255,4320,21477,96,299840
10086,0.000118,172.31.47.0-255,66,21543,96,299840
10087,0.000143,74.125.68.0-255,1125,22668,96,299840
10088,0.000146,172.31.47.0-255,66,22734,96,299840
10089,0.000514,74.125.68.0-255,1484,24218,96,299840
10090,0.00052,172.31.47.0-255,66,24284,96,299840
10091,0.000526,74.125.68.0-255,2902,27186,96,299840
10092,0.000528,172.31.47.0-255,66,27252,96,299840
10093,0.000559,74.125.68.0-255,5738,32990,96,299840
10094,0.000562,172.31.47.0-255,66,33056,96,299840
10095,0.000567,74.125.68.0-255,4320,37376,96,299840
10096,0.000569,172.31.47.0-255,66,37442,96,299840
10097,0.000606,74.125.68.0-255,5379,42821,96,299840
10098,0.00061,172.31.47.0-255,66,42887,96,299840
10099,0.000616,74.125.68.0-255,4320,47207,96,299840
10100,0.000618,172.31.47.0-255,66,47273,96,299840
10101,0.000654,74.125.68.0-255,5738,53011,96,299840
10102,0.000658,172.31.47.0-255,66,53077,96,299840
10103,0.000663,74.125.68.0-255,4272,57349,96,299840
10104,0.000665,172.31.47.0-255,66,57415,96,299840
10105,0.000692,74.125.68.0-255,113,57528,96,299840
10106,0.000816,74.125.68.0-255,1484,59012,96,299840
10107,0.00082,172.31.47.0-255,66,59078,96,299840
10108,0.000826,74.125.68.0-255,2902,61980,96,299840
10109,0.000828,172.31.47.0-255,66,62046,96,299840
10110,0.000848,74.125.68.0-255,5738,67784,96,299840
10111,0.000855,172.31.47.0-255,66,67850,96,299840
10112,0.000874,74.125.68.0-255,4320,72170,96,299840
10113,0.000877,172.31.47.0-255,66,72236,96,299840
10114,0.000889,74.125.68.0-255,2543,74779,96,299840
10115,0.0009,74.125.68.0-255,7156,81935,96,299840
10116,0.000905,172.31.47.0-255,66,82001,96,299840
10117,0.000908,172.31.47.0-255,66,82067,96,299840
10118,0.000934,172.31.47.0-255,66,82133,96,299840
10119,0.001688,74.125.68.0-255,1484,83617,96,299840
10120,0.001697,74.125.68.0-255,2902,86519,96,299840
10121,0.0017,172.31.47.0-255,66,86585,96,299840
10122,0.001728,74.125.68.0-255,5738,92323,96,299840
10123,0.00173,172.31.47.0-255,66,92389,96,299840
10124,0.001733,74.125.68.0-255,1484,93873,96,299840
10125,0.001759,74.125.68.0-255,2902,96775,96,299840
10126,0.001761,172.31.47.0-255,66,96841,96,299840
10127,0.001788,74.125.68.0-255,5738,102579,96,299840
10128,0.00179,172.31.47.0-255,66,102645,96,299840
10129,0.001793,74.125.68.0-255,1484,104129,96,299840
10130,0.001795,74.125.68.0-255,1484,105613,96,299840
10131,0.001797,172.31.47.0-255,66,105679,96,299840
10132,0.001824,74.125.68.0-255,1484,107163,96,299840
10133,0.00183,74.125.68.0-255,5738,112901,96,299840
10134,0.001832,172.31.47.0-255,66,112967,96,299840
10135,0.001837,74.125.68.0-255,3602,116569,96,299840
10136,0.001839,172.31.47.0-255,66,116635,96,299840
10137,0.001968,74.125.68.0-255,1484,118119,96,299840
10138,0.001997,74.125.68.0-255,2902,121021,96,299840
10139,0.002,172.31.47.0-255,66,121087,96,299840
10140,0.002028,74.125.68.0-255,4320,125407,96,299840
10141,0.00203,172.31.47.0-255,66,125473,96,299840
10142,0.002034,74.125.68.0-255,2902,128375,96,299840
10143,0.002036,172.31.47.0-255,66,128441,96,299840
10144,0.002065,74.125.68.0-255,5738,134179,96,299840
10145,0.002068,172.31.47.0-255,66,134245,96,299840
10146,0.002072,74.125.68.0-255,2902,137147,96,299840
10147,0.002073,172.31.47.0-255,66,137213,96,299840
10148,0.002106,172.31.47.0-255,66,137279,96,299840
10149,0.002109,74.125.68.0-255,766,138045,96,299840
10150,0.002171,74.125.68.0-255,1484,139529,96,299840
10151,0.002174,172.31.47.0-255,66,139595,96,299840
10152,0.002212,74.125.68.0-255,2902,142497,96,299840
10153,0.002215,172.31.47.0-255,66,142563,96,299840
10154,0.002239,74.125.68.0-255,4320,146883,96,299840
10155,0.002241,172.31.47.0-255,66,146949,96,299840
10156,0.002244,74.125.68.0-255,1484,148433,96,299840
10157,0.002291,74.125.68.0-255,2902,151335,96,299840
10158,0.002293,172.31.47.0-255,66,151401,96,299840
10159,0.004514,74.125.68.0-255,1484,152885,96,299840
10160,0.004547,74.125.68.0-255,4320,157205,96,299840
10161,0.004553,172.31.47.0-255,66,157271,96,299840
10162,0.006864,74.125.68.0-255,5738,163009,96,299840
10163,0.006884,172.31.47.0-255,66,163075,96,299840
10164,0.009176,74.125.68.0-255,5738,168813,96,299840
10165,0.009195,172.31.47.0-255,66,168879,96,299840
10166,0.01149,74.125.68.0-255,5738,174617,96,299840
10167,0.011511,172.31.47.0-255,66,174683,96,299840
10168,0.01377,74.125.68.0-255,5738,180421,96,299840
10169,0.013777,172.31.47.0-255,66,180487,96,299840
10170,0.01604,74.125.68.0-255,5738,186225,96,299840
10171,0.016047,172.31.47.0-255,66,186291,96,299840
10172,0.018325,74.125.68.0-255,5738,192029,96,299840
10173,0.018334,172.31.47.0-255,66,192095,96,299840
10174,0.020613,74.125.68.0-255,5738,197833,96,299840
10175,0.020634,172.31.47.0-255,66,197899,96,299840
10176,0.022954,74.125.68.0-255,5738,203637,96,299840
10177,0.022975,172.31.47.0-255,66,203703,96,299840
10178,0.025242,74.125.68.0-255,5738,209441,96,299840
10179,0.025255,172.31.47.0-255,66,209507,96,299840
10180,0.027512,74.125.68.0-255,5738,215245,96,299840
10181,0.02752,172.31.47.0-255,66,215311,96,299840
10182,0.029782,74.125.68.0-255,5738,221049,96,299840
10183,0.029789,172.31.47.0-255,66,221115,96,299840
10184,0.032071,74.125.68.0-255,5738,226853,96,299840
10185,0.032079,172.31.47.0-255,66,226919,96,299840
10186,0.034341,74.125.68.0-255,5738,232657,96,299840
10187,0.034353,172.31.47.0-255,66,232723,96,299840
10188,0.034871,172.31.47.0-255,172,232895,96,299840
10189,0.034906,172.31.47.0-255,1101,233996,96,299840
10190,0.034949,172.31.47.0-255,1514,235510,96,299840
10191,0.034969,172.31.47.0-255,1310,236820,96,299840
10192,0.036467,104.244.42.0-255,66,236886,96,299840
10193,0.036478,104.244.42.0-255,66,236952,96,299840
10194,0.036541,104.244.42.0-255,66,237018,96,299840
10195,0.036545,104.244.42.0-255,66,237084,96,299840
10196,0.036614,74.125.68.0-255,2902,239986,96,299840
10197,0.03662,172.31.47.0-255,66,240052,96,299840
10198,0.036646,74.125.68.0-255,2902,242954,96,299840
10199,0.036649,172.31.47.0-255,66,243020,96,299840
10200,0.038882,74.125.68.0-255,2902,245922,96,299840
10201,0.038895,172.31.47.0-255,66,245988,96,299840
10202,0.038923,74.125.68.0-255,2902,248890,96,299840
10203,0.038926,172.31.47.0-255,66,248956,96,299840
10204,0.041185,74.125.68.0-255,4320,253276,96,299840
10205,0.041202,172.31.47.0-255,66,253342,96,299840
10206,0.041236,74.125.68.0-255,1484,254826,96,299840
10207,0.043467,74.125.68.0-255,4320,259146,96,299840
10208,0.043479,172.31.47.0-255,66,259212,96,299840
10209,0.045795,74.125.68.0-255,5738,264950,96,299840
10210,0.045812,172.31.47.0-255,66,265016,96,299840
10211,0.048089,74.125.68.0-255,5738,270754,96,299840
10212,0.048104,172.31.47.0-255,66,270820,96,299840
10213,0.050372,74.125.68.0-255,5738,276558,96,299840
10214,0.050387,172.31.47.0-255,66,276624,96,299840
10215,0.05267,74.125.68.0-255,5738,282362,96,299840
10216,0.052688,172.31.47.0-255,66,282428,96,299840
10217,0.054964,74.125.68.0-255,5738,288166,96,299840
10218,0.054978,172.31.47.0-255,66,288232,96,299840
10219,0.057274,74.125.68.0-255,5738,293970,96,299840
10220,0.05729,172.31.47.0-255,66,294036,96,299840
10221,0.059571,74.125.68.0-255,5738,299774,96,299840
10222,0.059583,172.31.47.0-255,66,299840,96,299840
10223,0.0,172.31.47.0-255,105,105,96,105
10224,0.0,172.217.194.0-255,153,153,96,315594
10225,2.6e-05,172.31.47.0-255,66,219,96,315594
10226,3.3e-05,172.217.194.0-255,1484,1703,96,315594
10227,3.6e-05,172.31.47.0-255,66,1769,96,315594
10228,4.1e-05,172.217.194.0-255,2902,4671,96,315594
10229,4.3e-05,172.31.47.0-255,66,4737,96,315594
10230,4.8e-05,172.217.194.0-255,2902,7639,96,315594
10231,5e-05,172.31.47.0-255,66,7705,96,315594
10232,6.8e-05,172.217.194.0-255,2902,10607,96,315594
10233,7.3e-05,172.31.47.0-255,66,10673,96,315594
10234,9.5e-05,172.217.194.0-255,3635,14308,96,315594
10235,9.7e-05,172.31.47.0-255,66,14374,96,315594
10236,0.000281,172.217.194.0-255,1484,15858,96,315594
10237,0.000287,172.31.47.0-255,66,15924,96,315594
10238,0.000292,172.217.194.0-255,2902,18826,96,315594
10239,0.000295,172.31.47.0-255,66,18892,96,315594
10240,0.0003,172.217.194.0-255,4320,23212,96,315594
10241,0.000302,172.31.47.0-255,66,23278,96,315594
10242,0.000317,172.217.194.0-255,1484,24762,96,315594
10243,0.000319,172.31.47.0-255,66,24828,96,315594
10244,0.000369,172.31.47.0-255,66,24894,96,315594
10245,0.000401,172.217.194.0-255,5738,30632,96,315594
10246,0.000405,172.31.47.0-255,66,30698,96,315594
10247,0.000424,172.217.194.0-255,5379,36077,96,315594
10248,0.000427,172.31.47.0-255,66,36143,96,315594
10249,0.00043,172.217.194.0-255,1484,37627,96,315594
10250,0.000432,172.31.47.0-255,66,37693,96,315594
10251,0.000458,172.31.47.0-255,66,37759,96,315594
10252,0.000464,172.217.194.0-255,5379,43138,96,315594
10253,0.000466,172.31.47.0-255,66,43204,96,315594
10254,0.000489,172.217.194.0-255,378,43582,96,315594
10255,0.000641,172.217.194.0-255,366,43948,96,315594
10256,0.000727,172.217.194.0-255,1484,45432,96,315594
10257,0.000731,172.31.47.0-255,66,45498,96,315594
10258,0.000752,172.217.194.0-255,2902,48400,96,315594
10259,0.000755,172.31.47.0-255,66,48466,96,315594
10260,0.000761,172.217.194.0-255,5738,54204,96,315594
10261,0.000763,172.31.47.0-255,66,54270,96,315594
10262,0.000789,172.217.194.0-255,6797,61067,96,315594
10263,0.000792,172.31.47.0-255,66,61133,96,315594
10264,0.000812,172.217.194.0-255,1484,62617,96,315594
10265,0.000828,172.217.194.0-255,4320,66937,96,315594
10266,0.000833,172.31.47.0-255,66,67003,96,315594
10267,0.000851,172.217.194.0-255,1484,68487,96,315594
10268,0.000857,172.217.194.0-255,5738,74225,96,315594
10269,0.00086,172.31.47.0-255,66,74291,96,315594
10270,0.000895,172.217.194.0-255,3961,78252,96,315594
10271,0.000898,172.31.47.0-255,66,78318,96,315594
10272,0.001275,172.217.194.0-255,1484,79802,96,315594
10273,0.001283,172.217.194.0-255,2902,82704,96,315594
10274,0.001287,172.31.47.0-255,66,82770,96,315594
10275,0.001293,172.217.194.0-255,5738,88508,96,315594
10276,0.001295,172.31.47.0-255,66,88574,96,315594
10277,0.001333,172.217.194.0-255,4320,92894,96,315594
10278,0.001337,172.31.47.0-255,66,92960,96,315594
10279,0.001362,172.31.47.0-255,66,93026,96,315594
10280,0.001368,172.217.194.0-255,5738,98764,96,315594
10281,0.001369,172.31.47.0-255,66,98830,96,315594
10282,0.001404,172.217.194.0-255,4320,103150,96,315594
10283,0.001406,172.31.47.0-255,66,103216,96,315594
10284,0.001421,172.217.194.0-255,766,103982,96,315594
10285,0.001793,172.217.194.0-255,1484,105466,96,315594
10286,0.001798,172.31.47.0-255,66,105532,96,315594
10287,0.001804,172.217.194.0-255,2902,108434,96,315594
10288,0.001805,172.31.47.0-255,66,108500,96,315594
10289,0.001811,172.217.194.0-255,4320,112820,96,315594
10290,0.001812,172.31.47.0-255,66,112886,96,315594
10291,0.001827,172.217.194.0-255,1484,114370,96,315594
10292,0.001843,172.217.194.0-255,2902,117272,96,315594
10293,0.001845,172.31.47.0-255,66,117338,96,315594
10294,0.001864,172.217.194.0-255,5738,123076,96,315594
10295,0.001866,172.31.47.0-255,66,123142,96,315594
10296,0.001879,172.217.194.0-255,4320,127462,96,315594
10297,0.001881,172.31.47.0-255,66,127528,96,315594
10298,0.001885,172.217.194.0-255,4320,131848,96,315594
10299,0.001887,172.31.47.0-255,66,131914,96,315594
10300,0.001901,172.217.194.0-255,4320,136234,96,315594
10301,0.001903,172.31.47.0-255,66,136300,96,315594
10302,0.001914,172.217.194.0-255,2184,138484,96,315594
10303,0.001915,172.31.47.0-255,66,138550,96,315594
10304,0.002087,172.217.194.0-255,1484,140034,96,315594
10305,0.002098,172.217.194.0-255,1484,141518,96,315594
10306,0.002101,172.31.47.0-255,66,141584,96,315594
10307,0.002116,172.217.194.0-255,1484,143068,96,315594
10308,0.002121,172.217.194.0-255,5738,148806,96,315594
10309,0.002123,172.31.47.0-255,66,148872,96,315594
10310,0.002167,172.217.194.0-255,1484,150356,96,315594
10311,0.002195,172.31.47.0-255,66,150422,96,315594
10312,0.002205,172.31.47.0-255,66,150488,96,315594
10313,0.002232,172.217.194.0-255,1484,151972,96,315594
10314,0.002245,172.217.194.0-255,2902,154874,96,315594
10315,0.002247,172.31.47.0-255,66,154940,96,315594
10316,0.002258,172.217.194.0-255,2902,157842,96,315594
10317,0.00226,172.31.47.0-255,66,157908,96,315594
10318,0.002271,172.217.194.0-255,2902,160810,96,315594
10319,0.002273,172.31.47.0-255,66,160876,96,315594
10320,0.002279,172.217.194.0-255,7156,168032,96,315594
10321,0.002281,172.31.47.0-255,66,168098,96,315594
10322,0.002316,172.31.47.0-255,66,168164,96,315594
10323,0.002319,172.217.194.0-255,2184,170348,96,315594
10324,0.00232,172.31.47.0-255,66,170414,96,315594
10325,0.002375,172.217.194.0-255,1484,171898,96,315594
10326,0.002389,172.217.194.0-255,2902,174800,96,315594
10327,0.002391,172.31.47.0-255,66,174866,96,315594
10328,0.002411,172.217.194.0-255,5738,180604,96,315594
10329,0.002413,172.31.47.0-255,66,180670,96,315594
10330,0.00243,172.217.194.0-255,7156,187826,96,315594
10331,0.002432,172.31.47.0-255,66,187892,96,315594
10332,0.002445,172.217.194.0-255,1484,189376,96,315594
10333,0.002485,172.31.47.0-255,66,189442,96,315594
10334,0.002503,172.217.194.0-255,5020,194462,96,315594
10335,0.002505,172.31.47.0-255,66,194528,96,315594
10336,0.002517,172.217.194.0-255,5738,200266,96,315594
10337,0.002519,172.31.47.0-255,66,200332,96,315594
10338,0.002542,172.217.194.0-255,4320,204652,96,315594
10339,0.002543,172.31.47.0-255,66,204718,96,315594
10340,0.002556,172.31.47.0-255,66,204784,96,315594
10341,0.002582,172.217.194.0-255,5738,210522,96,315594
10342,0.002585,172.31.47.0-255,66,210588,96,315594
10343,0.002602,172.217.194.0-255,6438,217026,96,315594
10344,0.002604,172.31.47.0-255,66,217092,96,315594
10345,0.002616,172.31.47.0-255,66,217158,96,315594
10346,0.002626,172.31.47.0-255,66,217224,96,315594
10347,0.005195,172.217.194.0-255,5738,222962,96,315594
10348,0.005202,172.31.47.0-255,66,223028,96,315594
10349,0.007749,172.217.194.0-255,5738,228766,96,315594
10350,0.007755,172.31.47.0-255,66,228832,96,315594
10351,0.010304,172.217.194.0-255,4320,233152,96,315594
10352,0.010312,172.31.47.0-255,66,233218,96,315594
10353,0.01033,172.217.194.0-255,1484,234702,96,315594
10354,0.01292,172.217.194.0-255,4320,239022,96,315594
10355,0.012927,172.31.47.0-255,66,239088,96,315594
10356,0.015519,172.217.194.0-255,5738,244826,96,315594
10357,0.015531,172.31.47.0-255,66,244892,96,315594
10358,0.018085,172.217.194.0-255,5738,250630,96,315594
10359,0.018095,172.31.47.0-255,66,250696,96,315594
10360,0.020703,172.217.194.0-255,5738,256434,96,315594
10361,0.020711,172.31.47.0-255,66,256500,96,315594
10362,0.023291,172.217.194.0-255,2902,259402,96,315594
10363,0.023296,172.31.47.0-255,66,259468,96,315594
10364,0.023329,172.217.194.0-255,2902,262370,96,315594
10365,0.023332,172.31.47.0-255,66,262436,96,315594
10366,0.025866,172.217.194.0-255,2902,265338,96,315594
10367,0.025872,172.31.47.0-255,66,265404,96,315594
10368,0.025936,172.217.194.0-255,2902,268306,96,315594
10369,0.02594,172.31.47.0-255,66,268372,96,315594
10370,0.028434,172.217.194.0-255,2902,271274,96,315594
10371,0.028439,172.31.47.0-255,66,271340,96,315594
10372,0.028484,172.217.194.0-255,2902,274242,96,315594
10373,0.028488,172.31.47.0-255,66,274308,96,315594
10374,0.030865,172.31.47.0-255,172,274480,96,315594
10375,0.030895,172.31.47.0-255,1105,275585,96,315594
10376,0.030929,172.31.47.0-255,1514,277099,96,315594
10377,0.030931,172.31.47.0-255,1306,278405,96,315594
10378,0.031022,172.217.194.0-255,2902,281307,96,315594
10379,0.031028,172.31.47.0-255,66,281373,96,315594
10380,0.031063,172.217.194.0-255,1484,282857,96,315594
10381,0.031084,172.217.194.0-255,1484,284341,96,315594
10382,0.031088,172.31.47.0-255,66,284407,96,315594
10383,0.032398,104.244.42.0-255,66,284473,96,315594
10384,0.032588,104.244.42.0-255,66,284539,96,315594
10385,0.032592,104.244.42.0-255,66,284605,96,315594
10386,0.033605,172.217.194.0-255,2902,287507,96,315594
10387,0.033611,172.31.47.0-255,66,287573,96,315594
10388,0.033653,172.217.194.0-255,1484,289057,96,315594
10389,0.033668,172.217.194.0-255,1484,290541,96,315594
10390,0.033671,172.31.47.0-255,66,290607,96,315594
10391,0.036177,172.217.194.0-255,2902,293509,96,315594
10392,0.036183,172.31.47.0-255,66,293575,96,315594
10393,0.036252,172.217.194.0-255,2902,296477,96,315594
10394,0.036256,172.31.47.0-255,66,296543,96,315594
10395,0.038748,172.217.194.0-255,2902,299445,96,315594
10396,0.038753,172.31.47.0-255,66,299511,96,315594
10397,0.038817,172.217.194.0-255,1484,300995,96,315594
10398,0.03883,172.217.194.0-255,1484,302479,96,315594
10399,0.038833,172.31.47.0-255,66,302545,96,315594
10400,0.041354,172.217.194.0-255,2902,305447,96,315594
10401,0.041359,172.31.47.0-255,66,305513,96,315594
10402,0.041419,172.217.194.0-255,1484,306997,96,315594
10403,0.041435,172.217.194.0-255,1484,308481,96,315594
10404,0.041438,172.31.47.0-255,66,308547,96,315594
10405,0.043906,172.217.194.0-255,2902,311449,96,315594
10406,0.043912,172.31.47.0-255,66,311515,96,315594
10407,0.043989,172.217.194.0-255,2902,314417,96,315594
10408,0.043995,172.31.47.0-255,66,314483,96,315594
10409,0.046491,172.217.194.0-255,874,315357,96,315594
10410,0.046635,172.31.47.0-255,66,315423,96,315594
10411,0.04666,172.31.47.0-255,105,315528,96,315594
10412,0.049193,172.217.194.0-255,66,315594,96,315594
10413,0.0,74.125.24.0-255,153,153,96,316161
10414,3.6e-05,172.31.47.0-255,66,219,96,316161
10415,4.4e-05,74.125.24.0-255,1484,1703,96,316161
10416,4.7e-05,172.31.47.0-255,66,1769,96,316161
10417,5.2e-05,74.125.24.0-255,2902,4671,96,316161
10418,5.5e-05,172.31.47.0-255,66,4737,96,316161
10419,6e-05,74.125.24.0-255,4320,9057,96,316161
10420,6.3e-05,172.31.47.0-255,66,9123,96,316161
10421,0.000109,74.125.24.0-255,5055,14178,96,316161
10422,0.000112,172.31.47.0-255,66,14244,96,316161
10423,0.000382,74.125.24.0-255,1484,15728,96,316161
10424,0.000387,172.31.47.0-255,66,15794,96,316161
10425,0.000393,74.125.24.0-255,2902,18696,96,316161
10426,0.000396,172.31.47.0-255,66,18762,96,316161
10427,0.000418,74.125.24.0-255,4320,23082,96,316161
10428,0.000422,172.31.47.0-255,66,23148,96,316161
10429,0.000441,172.31.47.0-255,66,23214,96,316161
10430,0.000468,74.125.24.0-255,1125,24339,96,316161
10431,0.000471,172.31.47.0-255,66,24405,96,316161
10432,0.000483,172.31.47.0-255,66,24471,96,316161
10433,0.000488,74.125.24.0-255,2902,27373,96,316161
10434,0.00049,172.31.47.0-255,66,27439,96,316161
10435,0.000543,172.31.47.0-255,66,27505,96,316161
10436,0.000546,74.125.24.0-255,766,28271,96,316161
10437,0.000549,172.31.47.0-255,66,28337,96,316161
10438,0.000588,74.125.24.0-255,364,28701,96,316161
10439,0.000591,172.31.47.0-255,66,28767,96,316161
10440,0.000622,74.125.24.0-255,130,28897,96,316161
10441,0.000625,172.31.47.0-255,66,28963,96,316161
10442,0.000724,74.125.24.0-255,1484,30447,96,316161
10443,0.00073,74.125.24.0-255,2902,33349,96,316161
10444,0.000733,172.31.47.0-255,66,33415,96,316161
10445,0.00075,74.125.24.0-255,2902,36317,96,316161
10446,0.000752,172.31.47.0-255,66,36383,96,316161
10447,0.000776,74.125.24.0-255,2902,39285,96,316161
10448,0.000779,172.31.47.0-255,66,39351,96,316161
10449,0.000786,74.125.24.0-255,7156,46507,96,316161
10450,0.000788,172.31.47.0-255,66,46573,96,316161
10451,0.000809,74.125.24.0-255,5738,52311,96,316161
10452,0.000811,172.31.47.0-255,66,52377,96,316161
10453,0.000834,74.125.24.0-255,7156,59533,96,316161
10454,0.000837,172.31.47.0-255,66,59599,96,316161
10455,0.000854,74.125.24.0-255,1484,61083,96,316161
10456,0.000868,74.125.24.0-255,2184,63267,96,316161
10457,0.000871,172.31.47.0-255,66,63333,96,316161
10458,0.001033,74.125.24.0-255,1484,64817,96,316161
10459,0.001045,74.125.24.0-255,2902,67719,96,316161
10460,0.001047,172.31.47.0-255,66,67785,96,316161
10461,0.001052,74.125.24.0-255,2902,70687,96,316161
10462,0.001054,172.31.47.0-255,66,70753,96,316161
10463,0.001064,74.125.24.0-255,1484,72237,96,316161
10464,0.001091,74.125.24.0-255,5738,77975,96,316161
10465,0.001094,172.31.47.0-255,66,78041,96,316161
10466,0.001113,74.125.24.0-255,2902,80943,96,316161
10467,0.001116,172.31.47.0-255,66,81009,96,316161
10468,0.001128,172.31.47.0-255,66,81075,96,316161
10469,0.001157,74.125.24.0-255,3602,84677,96,316161
10470,0.00116,172.31.47.0-255,66,84743,96,316161
10471,0.001184,74.125.24.0-255,346,85089,96,316161
10472,0.001207,74.125.24.0-255,1484,86573,96,316161
10473,0.00121,172.31.47.0-255,66,86639,96,316161
10474,0.001226,74.125.24.0-255,4320,90959,96,316161
10475,0.001229,172.31.47.0-255,66,91025,96,316161
10476,0.001252,172.31.47.0-255,66,91091,96,316161
10477,0.001279,74.125.24.0-255,1484,92575,96,316161
10478,0.00129,172.31.47.0-255,66,92641,96,316161
10479,0.001308,74.125.24.0-255,4320,96961,96,316161
10480,0.00131,172.31.47.0-255,66,97027,96,316161
10481,0.001328,74.125.24.0-255,3602,100629,96,316161
10482,0.001331,172.31.47.0-255,66,100695,96,316161
10483,0.001553,74.125.24.0-255,1484,102179,96,316161
10484,0.00156,74.125.24.0-255,2902,105081,96,316161
10485,0.001563,172.31.47.0-255,66,105147,96,316161
10486,0.001581,74.125.24.0-255,2902,108049,96,316161
10487,0.001583,172.31.47.0-255,66,108115,96,316161
10488,0.001608,74.125.24.0-255,2902,111017,96,316161
10489,0.001611,172.31.47.0-255,66,111083,96,316161
10490,0.001623,172.31.47.0-255,66,111149,96,316161
10491,0.001628,74.125.24.0-255,5738,116887,96,316161
10492,0.001629,172.31.47.0-255,66,116953,96,316161
10493,0.001686,74.125.24.0-255,5020,121973,96,316161
10494,0.001689,172.31.47.0-255,66,122039,96,316161
10495,0.001709,74.125.24.0-255,1484,123523,96,316161
10496,0.001726,74.125.24.0-255,4320,127843,96,316161
10497,0.001729,172.31.47.0-255,66,127909,96,316161
10498,0.001762,74.125.24.0-255,7156,135065,96,316161
10499,0.001766,172.31.47.0-255,66,135131,96,316161
10500,0.001773,74.125.24.0-255,7156,142287,96,316161
10501,0.001776,172.31.47.0-255,66,142353,96,316161
10502,0.001796,74.125.24.0-255,7156,149509,96,316161
10503,0.0018,172.31.47.0-255,66,149575,96,316161
10504,0.001826,74.125.24.0-255,6438,156013,96,316161
10505,0.001829,172.31.47.0-255,66,156079,96,316161
10506,0.00188,74.125.24.0-255,1484,157563,96,316161
10507,0.001887,74.125.24.0-255,2902,160465,96,316161
10508,0.00189,172.31.47.0-255,66,160531,96,316161
10509,0.001897,74.125.24.0-255,5738,166269,96,316161
10510,0.001899,172.31.47.0-255,66,166335,96,316161
10511,0.001936,172.31.47.0-255,66,166401,96,316161
10512,0.00195,74.125.24.0-255,1484,167885,96,316161
10513,0.001982,74.125.24.0-255,5738,173623,96,316161
10514,0.001987,172.31.47.0-255,66,173689,96,316161
10515,0.002029,74.125.24.0-255,5020,178709,96,316161
10516,0.002034,172.31.47.0-255,66,178775,96,316161
10517,0.002041,74.125.24.0-255,7156,185931,96,316161
10518,0.002044,172.31.47.0-255,66,185997,96,316161
10519,0.002071,74.125.24.0-255,4320,190317,96,316161
10520,0.002075,172.31.47.0-255,66,190383,96,316161
10521,0.002081,74.125.24.0-255,5738,196121,96,316161
10522,0.002083,172.31.47.0-255,66,196187,96,316161
10523,0.002148,172.31.47.0-255,66,196253,96,316161
10524,0.004418,74.125.24.0-255,5738,201991,96,316161
10525,0.004423,172.31.47.0-255,66,202057,96,316161
10526,0.006696,74.125.24.0-255,4320,206377,96,316161
10527,0.006701,172.31.47.0-255,66,206443,96,316161
10528,0.006717,74.125.24.0-255,1484,207927,96,316161
10529,0.00899,74.125.24.0-255,4320,212247,96,316161
10530,0.008998,172.31.47.0-255,66,212313,96,316161
10531,0.011295,74.125.24.0-255,5738,218051,96,316161
10532,0.011305,172.31.47.0-255,66,218117,96,316161
10533,0.013608,74.125.24.0-255,5738,223855,96,316161
10534,0.013616,172.31.47.0-255,66,223921,96,316161
10535,0.015915,74.125.24.0-255,5738,229659,96,316161
10536,0.015924,172.31.47.0-255,66,229725,96,316161
10537,0.01822,74.125.24.0-255,5738,235463,96,316161
10538,0.018225,172.31.47.0-255,66,235529,96,316161
10539,0.020519,74.125.24.0-255,5738,241267,96,316161
10540,0.020526,172.31.47.0-255,66,241333,96,316161
10541,0.022801,74.125.24.0-255,5738,247071,96,316161
10542,0.022806,172.31.47.0-255,66,247137,96,316161
10543,0.025108,74.125.24.0-255,5738,252875,96,316161
10544,0.025115,172.31.47.0-255,66,252941,96,316161
10545,0.026565,172.31.47.0-255,172,253113,96,316161
10546,0.0266,172.31.47.0-255,1109,254222,96,316161
10547,0.026663,172.31.47.0-255,1514,255736,96,316161
10548,0.026665,172.31.47.0-255,1302,257038,96,316161
10549,0.027374,74.125.24.0-255,2902,259940,96,316161
10550,0.027379,172.31.47.0-255,66,260006,96,316161
10551,0.027395,74.125.24.0-255,2902,262908,96,316161
10552,0.027397,172.31.47.0-255,66,262974,96,316161
10553,0.028096,104.244.42.0-255,66,263040,96,316161
10554,0.028136,104.244.42.0-255,66,263106,96,316161
10555,0.028239,104.244.42.0-255,66,263172,96,316161
10556,0.029642,74.125.24.0-255,2902,266074,96,316161
10557,0.029647,172.31.47.0-255,66,266140,96,316161
10558,0.029667,74.125.24.0-255,1484,267624,96,316161
10559,0.029678,74.125.24.0-255,1484,269108,96,316161
10560,0.02968,172.31.47.0-255,66,269174,96,316161
10561,0.031963,74.125.24.0-255,2902,272076,96,316161
10562,0.031971,172.31.47.0-255,66,272142,96,316161
10563,0.031993,74.125.24.0-255,2902,275044,96,316161
10564,0.031996,172.31.47.0-255,66,275110,96,316161
10565,0.034253,74.125.24.0-255,2902,278012,96,316161
10566,0.034259,172.31.47.0-255,66,278078,96,316161
10567,0.034292,74.125.24.0-255,2902,280980,96,316161
10568,0.034295,172.31.47.0-255,66,281046,96,316161
10569,0.036532,74.125.24.0-255,2902,283948,96,316161
10570,0.036537,172.31.47.0-255,66,284014,96,316161
10571,0.036569,74.125.24.0-255,2902,286916,96,316161
10572,0.036572,172.31.47.0-255,66,286982,96,316161
10573,0.038812,74.125.24.0-255,2902,289884,96,316161
10574,0.038818,172.31.47.0-255,66,289950,96,316161
10575,0.038852,74.125.24.0-255,2902,292852,96,316161
10576,0.038855,172.31.47.0-255,66,292918,96,316161
10577,0.041088,74.125.24.0-255,2902,295820,96,316161
10578,0.041092,172.31.47.0-255,66,295886,96,316161
10579,0.041119,74.125.24.0-255,2902,298788,96,316161
10580,0.041121,172.31.47.0-255,66,298854,96,316161
10581,0.043373,74.125.24.0-255,2902,301756,96,316161
10582,0.043379,172.31.47.0-255,66,301822,96,316161
10583,0.043409,74.125.24.0-255,2902,304724,96,316161
10584,0.043411,172.31.47.0-255,66,304790,96,316161
10585,0.045672,74.125.24.0-255,5738,310528,96,316161
10586,0.045678,172.31.47.0-255,66,310594,96,316161
10587,0.047985,74.125.24.0-255,5330,315924,96,316161
10588,0.047992,172.31.47.0-255,66,315990,96,316161
10589,0.048365,172.31.47.0-255,105,316095,96,316161
10590,0.05063,74.125.24.0-255,66,316161,96,316161
10591,0.0,172.31.47.0-255,105,105,96,105
10592,0.0,172.217.194.0-255,153,153,96,227078
10593,1.3e-05,172.31.47.0-255,66,219,96,227078
10594,1.8e-05,172.217.194.0-255,1484,1703,96,227078
10595,2.2e-05,172.31.47.0-255,66,1769,96,227078
10596,3.8e-05,172.217.194.0-255,2902,4671,96,227078
10597,4.1e-05,172.31.47.0-255,66,4737,96,227078
10598,7.1e-05,172.217.194.0-255,7156,11893,96,227078
10599,7.3e-05,172.31.47.0-255,66,11959,96,227078
10600,7.7e-05,172.217.194.0-255,2173,14132,96,227078
10601,7.9e-05,172.31.47.0-255,66,14198,96,227078
10602,0.000115,172.217.194.0-255,1484,15682,96,227078
10603,0.000118,172.31.47.0-255,66,15748,96,227078
10604,0.000133,172.217.194.0-255,1484,17232,96,227078
10605,0.000135,172.31.47.0-255,66,17298,96,227078
10606,0.000139,172.217.194.0-255,2902,20200,96,227078
10607,0.000141,172.31.47.0-255,66,20266,96,227078
10608,0.000166,172.217.194.0-255,4320,24586,96,227078
10609,0.000168,172.31.47.0-255,66,24652,96,227078
10610,0.000173,172.217.194.0-255,6797,31449,96,227078
10611,0.000186,172.31.47.0-255,66,31515,96,227078
10612,0.000246,172.217.194.0-255,1484,32999,96,227078
10613,0.00025,172.31.47.0-255,66,33065,96,227078
10614,0.000254,172.217.194.0-255,2902,35967,96,227078
10615,0.000256,172.31.47.0-255,66,36033,96,227078
10616,0.00026,172.217.194.0-255,2902,38935,96,227078
10617,0.000262,172.31.47.0-255,66,39001,96,227078
10618,0.000281,172.217.194.0-255,2902,41903,96,227078
10619,0.000284,172.31.47.0-255,66,41969,96,227078
10620,0.000288,172.217.194.0-255,2902,44871,96,227078
10621,0.00029,172.31.47.0-255,66,44937,96,227078
10622,0.00032,172.31.47.0-255,66,45003,96,227078
10623,0.000328,172.31.47.0-255,66,45069,96,227078
10624,0.000489,172.217.194.0-255,646,45715,96,227078
10625,0.000582,172.217.194.0-255,1484,47199,96,227078
10626,0.000597,172.31.47.0-255,66,47265,96,227078
10627,0.000602,172.217.194.0-255,2902,50167,96,227078
10628,0.000605,172.31.47.0-255,66,50233,96,227078
10629,0.000611,172.217.194.0-255,5738,55971,96,227078
10630,0.000614,172.31.47.0-255,66,56037,96,227078
10631,0.000619,172.217.194.0-255,5738,61775,96,227078
10632,0.000621,172.31.47.0-255,66,61841,96,227078
10633,0.000646,172.217.194.0-255,1484,63325,96,227078
10634,0.000659,172.31.47.0-255,66,63391,96,227078
10635,0.000663,172.217.194.0-255,2184,65575,96,227078
10636,0.000666,172.31.47.0-255,66,65641,96,227078
10637,0.000749,172.217.194.0-255,1484,67125,96,227078
10638,0.000756,172.217.194.0-255,2902,70027,96,227078
10639,0.00076,172.31.47.0-255,66,70093,96,227078
10640,0.000766,172.217.194.0-255,5738,75831,96,227078
10641,0.000769,172.31.47.0-255,66,75897,96,227078
10642,0.000782,172.217.194.0-255,1484,77381,96,227078
10643,0.000816,172.31.47.0-255,66,77447,96,227078
10644,0.000828,172.31.47.0-255,66,77513,96,227078
10645,0.001017,172.217.194.0-255,1484,78997,96,227078
10646,0.001025,172.217.194.0-255,2902,81899,96,227078
10647,0.001029,172.31.47.0-255,66,81965,96,227078
10648,0.001033,172.217.194.0-255,1484,83449,96,227078
10649,0.00105,172.217.194.0-255,4320,87769,96,227078
10650,0.001053,172.31.47.0-255,66,87835,96,227078
10651,0.001064,172.31.47.0-255,66,87901,96,227078
10652,0.001089,172.217.194.0-255,2902,90803,96,227078
10653,0.001092,172.31.47.0-255,66,90869,96,227078
10654,0.001103,172.31.47.0-255,66,90935,96,227078
10655,0.001106,172.217.194.0-255,766,91701,96,227078
10656,0.001714,172.217.194.0-255,1484,93185,96,227078
10657,0.001719,172.31.47.0-255,66,93251,96,227078
10658,0.001724,172.217.194.0-255,2902,96153,96,227078
10659,0.001726,172.31.47.0-255,66,96219,96,227078
10660,0.00173,172.217.194.0-255,2902,99121,96,227078
10661,0.001732,172.31.47.0-255,66,99187,96,227078
10662,0.001758,172.217.194.0-255,2902,102089,96,227078
10663,0.00176,172.31.47.0-255,66,102155,96,227078
10664,0.001767,172.217.194.0-255,7156,109311,96,227078
10665,0.001769,172.31.47.0-255,66,109377,96,227078
10666,0.001785,172.217.194.0-255,5738,115115,96,227078
10667,0.001787,172.31.47.0-255,66,115181,96,227078
10668,0.001799,172.31.47.0-255,66,115247,96,227078
10669,0.002144,172.217.194.0-255,1484,116731,96,227078
10670,0.002169,172.217.194.0-255,2902,119633,96,227078
10671,0.002173,172.31.47.0-255,66,119699,96,227078
10672,0.002179,172.217.194.0-255,5738,125437,96,227078
10673,0.002181,172.31.47.0-255,66,125503,96,227078
10674,0.002193,172.31.47.0-255,66,125569,96,227078
10675,0.002196,172.217.194.0-255,2902,128471,96,227078
10676,0.002198,172.31.47.0-255,66,128537,96,227078
10677,0.002223,172.217.194.0-255,4320,132857,96,227078
10678,0.002226,172.31.47.0-255,66,132923,96,227078
10679,0.002244,172.217.194.0-255,3602,136525,96,227078
10680,0.002247,172.31.47.0-255,66,136591,96,227078
10681,0.002361,172.217.194.0-255,1484,138075,96,227078
10682,0.002379,172.217.194.0-255,2902,140977,96,227078
10683,0.002381,172.31.47.0-255,66,141043,96,227078
10684,0.002387,172.217.194.0-255,4320,145363,96,227078
10685,0.002388,172.31.47.0-255,66,145429,96,227078
10686,0.002401,172.217.194.0-255,1484,146913,96,227078
10687,0.002403,172.217.194.0-255,1484,148397,96,227078
10688,0.002405,172.217.194.0-255,1484,149881,96,227078
10689,0.002408,172.31.47.0-255,66,149947,96,227078
10690,0.002435,172.217.194.0-255,7156,157103,96,227078
10691,0.002438,172.31.47.0-255,66,157169,96,227078
10692,0.002452,172.217.194.0-255,5738,162907,96,227078
10693,0.002454,172.31.47.0-255,66,162973,96,227078
10694,0.002486,172.31.47.0-255,66,163039,96,227078
10695,0.002488,172.217.194.0-255,1484,164523,96,227078
10696,0.002492,172.217.194.0-255,4320,168843,96,227078
10697,0.002493,172.31.47.0-255,66,168909,96,227078
10698,0.002514,172.31.47.0-255,66,168975,96,227078
10699,0.002543,172.217.194.0-255,5738,174713,96,227078
10700,0.002548,172.217.194.0-255,6438,181151,96,227078
10701,0.00255,172.217.194.0-255,1484,182635,96,227078
10702,0.002553,172.31.47.0-255,66,182701,96,227078
10703,0.002555,172.31.47.0-255,66,182767,96,227078
10704,0.002574,172.217.194.0-255,7156,189923,96,227078
10705,0.002576,172.31.47.0-255,66,189989,96,227078
10706,0.002615,172.31.47.0-255,66,190055,96,227078
10707,0.002617,172.217.194.0-255,766,190821,96,227078
10708,0.002619,172.31.47.0-255,78,190899,96,227078
10709,0.002629,172.31.47.0-255,66,190965,96,227078
10710,0.002631,172.217.194.0-255,1484,192449,96,227078
10711,0.002641,172.31.47.0-255,66,192515,96,227078
10712,0.002643,172.217.194.0-255,1484,193999,96,227078
10713,0.002672,172.217.194.0-255,4320,198319,96,227078
10714,0.002674,172.31.47.0-255,66,198385,96,227078
10715,0.002694,172.31.47.0-255,66,198451,96,227078
10716,0.002697,172.217.194.0-255,1484,199935,96,227078
10717,0.0027,172.217.194.0-255,2902,202837,96,227078
10718,0.002702,172.31.47.0-255,66,202903,96,227078
10719,0.002716,172.217.194.0-255,4320,207223,96,227078
10720,0.002718,172.31.47.0-255,66,207289,96,227078
10721,0.002757,172.31.47.0-255,66,207355,96,227078
10722,0.002762,172.217.194.0-255,5738,213093,96,227078
10723,0.002764,172.31.47.0-255,66,213159,96,227078
10724,0.002773,172.31.47.0-255,66,213225,96,227078
10725,0.002787,172.217.194.0-255,766,213991,96,227078
10726,0.003138,172.217.194.0-255,1484,215475,96,227078
10727,0.003141,172.31.47.0-255,66,215541,96,227078
10728,0.003146,172.217.194.0-255,2902,218443,96,227078
10729,0.003147,172.31.47.0-255,66,218509,96,227078
10730,0.003212,172.217.194.0-255,4833,223342,96,227078
10731,0.003215,172.31.47.0-255,66,223408,96,227078
10732,0.003231,172.217.194.0-255,105,223513,96,227078
10733,0.004047,172.31.47.0-255,66,223579,96,227078
10734,0.004077,172.31.47.0-255,105,223684,96,227078
10735,0.006346,172.217.194.0-255,66,223750,96,227078
10736,0.022787,172.31.47.0-255,172,223922,96,227078
10737,0.022833,172.31.47.0-255,1109,225031,96,227078
10738,0.022986,172.31.47.0-255,1514,226545,96,227078
10739,0.022988,172.31.47.0-255,335,226880,96,227078
10740,0.024328,104.244.42.0-255,66,226946,96,227078
10741,0.024373,104.244.42.0-255,66,227012,96,227078
10742,0.024525,104.244.42.0-255,66,227078,96,227078
10743,0.0,172.217.160.0-255,153,153,96,225386
10744,2.5e-05,172.31.47.0-255,66,219,96,225386
10745,3.4e-05,172.217.160.0-255,1484,1703,96,225386
10746,3.9e-05,172.31.47.0-255,66,1769,96,225386
10747,5.4e-05,172.217.160.0-255,2902,4671,96,225386
10748,5.8e-05,172.31.47.0-255,66,4737,96,225386
10749,6.5e-05,172.217.160.0-255,4320,9057,96,225386
10750,7.1e-05,172.31.47.0-255,66,9123,96,225386
10751,0.000135,172.31.47.0-255,66,9189,96,225386
10752,0.000246,172.31.47.0-255,66,9255,96,225386
10753,0.000284,172.217.160.0-255,2543,11798,96,225386
10754,0.000287,172.31.47.0-255,66,11864,96,225386
10755,0.000427,172.31.47.0-255,66,11930,96,225386
10756,0.000461,172.217.160.0-255,4320,16250,96,225386
10757,0.000464,172.31.47.0-255,66,16316,96,225386
10758,0.000616,172.31.47.0-255,66,16382,96,225386
10759,0.000651,172.217.160.0-255,6438,22820,96,225386
10760,0.000655,172.31.47.0-255,66,22886,96,225386
10761,0.000842,172.217.160.0-255,338,23224,96,225386
10762,0.000847,172.31.47.0-255,66,23290,96,225386
10763,0.001163,172.217.160.0-255,119,23409,96,225386
10764,0.001168,172.31.47.0-255,66,23475,96,225386
10765,0.001331,172.217.160.0-255,1484,24959,96,225386
10766,0.001336,172.31.47.0-255,66,25025,96,225386
10767,0.001341,172.217.160.0-255,1484,26509,96,225386
10768,0.001344,172.31.47.0-255,66,26575,96,225386
10769,0.001372,172.217.160.0-255,1484,28059,96,225386
10770,0.001375,172.31.47.0-255,66,28125,96,225386
10771,0.001382,172.217.160.0-255,5738,33863,96,225386
10772,0.001385,172.31.47.0-255,66,33929,96,225386
10773,0.001488,172.217.160.0-255,5738,39667,96,225386
10774,0.001493,172.31.47.0-255,66,39733,96,225386
10775,0.001569,172.217.160.0-255,4320,44053,96,225386
10776,0.001573,172.31.47.0-255,66,44119,96,225386
10777,0.001624,172.31.47.0-255,66,44185,96,225386
10778,0.001785,172.217.160.0-255,7156,51341,96,225386
10779,0.00179,172.31.47.0-255,66,51407,96,225386
10780,0.001829,172.31.47.0-255,66,51473,96,225386
10781,0.002139,172.217.160.0-255,5738,57211,96,225386
10782,0.002146,172.31.47.0-255,66,57277,96,225386
10783,0.002185,172.217.160.0-255,2184,59461,96,225386
10784,0.002188,172.31.47.0-255,66,59527,96,225386
10785,0.002261,172.31.47.0-255,66,59593,96,225386
10786,0.002295,172.31.47.0-255,66,59659,96,225386
10787,0.002514,172.31.47.0-255,66,59725,96,225386
10788,0.002597,172.31.47.0-255,66,59791,96,225386
10789,0.002629,172.217.160.0-255,4039,63830,96,225386
10790,0.002632,172.31.47.0-255,66,63896,96,225386
10791,0.004593,172.217.160.0-255,1484,65380,96,225386
10792,0.004627,172.217.160.0-255,4320,69700,96,225386
10793,0.004634,172.31.47.0-255,66,69766,96,225386
10794,0.006628,172.217.160.0-255,5738,75504,96,225386
10795,0.006649,172.31.47.0-255,66,75570,96,225386
10796,0.008655,172.217.160.0-255,5738,81308,96,225386
10797,0.008669,172.31.47.0-255,66,81374,96,225386
10798,0.01067,172.217.160.0-255,5738,87112,96,225386
10799,0.010687,172.31.47.0-255,66,87178,96,225386
10800,0.012672,172.217.160.0-255,5738,92916,96,225386
10801,0.01268,172.31.47.0-255,66,92982,96,225386
10802,0.014656,172.217.160.0-255,2902,95884,96,225386
10803,0.01466,172.31.47.0-255,66,95950,96,225386
10804,0.014687,172.217.160.0-255,2902,98852,96,225386
10805,0.01469,172.31.47.0-255,66,98918,96,225386
10806,0.016637,172.217.160.0-255,2902,101820,96,225386
10807,0.016643,172.31.47.0-255,66,101886,96,225386
10808,0.016672,172.217.160.0-255,2902,104788,96,225386
10809,0.016675,172.31.47.0-255,66,104854,96,225386
10810,0.018641,172.217.160.0-255,5738,110592,96,225386
10811,0.018648,172.31.47.0-255,66,110658,96,225386
10812,0.020626,172.217.160.0-255,5738,116396,96,225386
10813,0.020631,172.31.47.0-255,66,116462,96,225386
10814,0.022632,172.217.160.0-255,5738,122200,96,225386
10815,0.022642,172.31.47.0-255,66,122266,96,225386
10816,0.024652,172.217.160.0-255,5738,128004,96,225386
10817,0.024667,172.31.47.0-255,66,128070,96,225386
10818,0.026654,172.217.160.0-255,5738,133808,96,225386
10819,0.026662,172.31.47.0-255,66,133874,96,225386
10820,0.028651,172.217.160.0-255,5738,139612,96,225386
10821,0.028658,172.31.47.0-255,66,139678,96,225386
10822,0.030629,172.217.160.0-255,5738,145416,96,225386
10823,0.030634,172.31.47.0-255,66,145482,96,225386
10824,0.032612,172.217.160.0-255,5738,151220,96,225386
10825,0.032619,172.31.47.0-255,66,151286,96,225386
10826,0.034598,172.217.160.0-255,5738,157024,96,225386
10827,0.034604,172.31.47.0-255,66,157090,96,225386
10828,0.036587,172.217.160.0-255,5738,162828,96,225386
10829,0.036599,172.31.47.0-255,66,162894,96,225386
10830,0.038594,172.217.160.0-255,5738,168632,96,225386
10831,0.038602,172.31.47.0-255,66,168698,96,225386
10832,0.040577,172.217.160.0-255,5738,174436,96,225386
10833,0.040583,172.31.47.0-255,66,174502,96,225386
10834,0.042554,172.217.160.0-255,4320,178822,96,225386
10835,0.042571,172.31.47.0-255,66,178888,96,225386
10836,0.042589,172.217.160.0-255,1484,180372,96,225386
10837,0.044539,172.217.160.0-255,4320,184692,96,225386
10838,0.044545,172.31.47.0-255,66,184758,96,225386
10839,0.046556,172.217.160.0-255,5738,190496,96,225386
10840,0.046572,172.31.47.0-255,66,190562,96,225386
10841,0.048554,172.217.160.0-255,5738,196300,96,225386
10842,0.048563,172.31.47.0-255,66,196366,96,225386
10843,0.050556,172.217.160.0-255,5738,202104,96,225386
10844,0.050563,172.31.47.0-255,66,202170,96,225386
10845,0.052598,172.217.160.0-255,5738,207908,96,225386
10846,0.052614,172.31.47.0-255,66,207974,96,225386
10847,0.054622,172.217.160.0-255,5738,213712,96,225386
10848,0.054641,172.31.47.0-255,66,213778,96,225386
10849,0.056649,172.217.160.0-255,5738,219516,96,225386
10850,0.056665,172.31.47.0-255,66,219582,96,225386
10851,0.058658,172.217.160.0-255,5738,225320,96,225386
10852,0.058673,172.31.47.0-255,66,225386,96,225386
10853,0.0,172.217.194.0-255,153,153,96,317303
10854,2.4e-05,172.31.47.0-255,66,219,96,317303
10855,2.9e-05,172.217.194.0-255,1484,1703,96,317303
10856,3.3e-05,172.31.47.0-255,66,1769,96,317303
10857,3.5e-05,172.217.194.0-255,1484,3253,96,317303
10858,3.7e-05,172.31.47.0-255,66,3319,96,317303
10859,6e-05,172.217.194.0-255,1484,4803,96,317303
10860,6.2e-05,172.31.47.0-255,66,4869,96,317303
10861,6.8e-05,172.217.194.0-255,5738,10607,96,317303
10862,6.9e-05,172.31.47.0-255,66,10673,96,317303
10863,0.000106,172.217.194.0-255,3579,14252,96,317303
10864,0.000109,172.31.47.0-255,66,14318,96,317303
10865,0.000133,172.217.194.0-255,1484,15802,96,317303
10866,0.000135,172.31.47.0-255,66,15868,96,317303
10867,0.000139,172.217.194.0-255,2902,18770,96,317303
10868,0.00014,172.31.47.0-255,66,18836,96,317303
10869,0.000173,172.217.194.0-255,5738,24574,96,317303
10870,0.000178,172.31.47.0-255,66,24640,96,317303
10871,0.00019,172.217.194.0-255,2902,27542,96,317303
10872,0.000192,172.31.47.0-255,66,27608,96,317303
10873,0.000213,172.217.194.0-255,3961,31569,96,317303
10874,0.000216,172.31.47.0-255,66,31635,96,317303
10875,0.000415,172.217.194.0-255,1484,33119,96,317303
10876,0.000419,172.31.47.0-255,66,33185,96,317303
10877,0.000424,172.217.194.0-255,2902,36087,96,317303
10878,0.000428,172.31.47.0-255,66,36153,96,317303
10879,0.00044,172.217.194.0-255,5738,41891,96,317303
10880,0.000443,172.31.47.0-255,66,41957,96,317303
10881,0.000449,172.217.194.0-255,5738,47695,96,317303
10882,0.000451,172.31.47.0-255,66,47761,96,317303
10883,0.000497,172.217.194.0-255,5738,53499,96,317303
10884,0.0005,172.31.47.0-255,66,53565,96,317303
10885,0.000523,172.217.194.0-255,2543,56108,96,317303
10886,0.000527,172.31.47.0-255,66,56174,96,317303
10887,0.000537,172.31.47.0-255,66,56240,96,317303
10888,0.00054,172.217.194.0-255,1457,57697,96,317303
10889,0.000604,172.217.194.0-255,376,58073,96,317303
10890,0.000607,172.31.47.0-255,66,58139,96,317303
10891,0.000773,172.217.194.0-255,1484,59623,96,317303
10892,0.000776,172.217.194.0-255,1484,61107,96,317303
10893,0.000781,172.31.47.0-255,66,61173,96,317303
10894,0.000799,172.217.194.0-255,1484,62657,96,317303
10895,0.000805,172.217.194.0-255,5738,68395,96,317303
10896,0.000808,172.31.47.0-255,66,68461,96,317303
10897,0.000812,172.217.194.0-255,2902,71363,96,317303
10898,0.000814,172.31.47.0-255,66,71429,96,317303
10899,0.000842,172.31.47.0-255,66,71495,96,317303
10900,0.000845,172.217.194.0-255,1484,72979,96,317303
10901,0.000876,172.31.47.0-255,66,73045,96,317303
10902,0.000959,172.217.194.0-255,1484,74529,96,317303
10903,0.000977,172.217.194.0-255,2902,77431,96,317303
10904,0.00098,172.31.47.0-255,66,77497,96,317303
10905,0.000986,172.217.194.0-255,5738,83235,96,317303
10906,0.000988,172.31.47.0-255,66,83301,96,317303
10907,0.001028,172.31.47.0-255,66,83367,96,317303
10908,0.001074,172.31.47.0-255,66,83433,96,317303
10909,0.001081,172.217.194.0-255,5738,89171,96,317303
10910,0.001085,172.31.47.0-255,66,89237,96,317303
10911,0.001104,172.217.194.0-255,5738,94975,96,317303
10912,0.001107,172.31.47.0-255,66,95041,96,317303
10913,0.001113,172.217.194.0-255,5738,100779,96,317303
10914,0.001115,172.31.47.0-255,66,100845,96,317303
10915,0.001149,172.31.47.0-255,66,100911,96,317303
10916,0.001204,172.217.194.0-255,1484,102395,96,317303
10917,0.001209,172.217.194.0-255,2902,105297,96,317303
10918,0.001212,172.31.47.0-255,66,105363,96,317303
10919,0.001215,172.217.194.0-255,1484,106847,96,317303
10920,0.00123,172.217.194.0-255,4320,111167,96,317303
10921,0.001242,172.31.47.0-255,66,111233,96,317303
10922,0.001248,172.217.194.0-255,2902,114135,96,317303
10923,0.001255,172.31.47.0-255,66,114201,96,317303
10924,0.001275,172.31.47.0-255,66,114267,96,317303
10925,0.001287,172.31.47.0-255,66,114333,96,317303
10926,0.001312,172.217.194.0-255,2184,116517,96,317303
10927,0.001318,172.31.47.0-255,66,116583,96,317303
10928,0.001585,172.217.194.0-255,1484,118067,96,317303
10929,0.001598,172.217.194.0-255,2902,120969,96,317303
10930,0.001602,172.31.47.0-255,66,121035,96,317303
10931,0.001622,172.217.194.0-255,5738,126773,96,317303
10932,0.001625,172.31.47.0-255,66,126839,96,317303
10933,0.001629,172.217.194.0-255,4320,131159,96,317303
10934,0.001631,172.31.47.0-255,66,131225,96,317303
10935,0.001653,172.217.194.0-255,5738,136963,96,317303
10936,0.001656,172.31.47.0-255,66,137029,96,317303
10937,0.001682,172.31.47.0-255,66,137095,96,317303
10938,0.001686,172.217.194.0-255,3602,140697,96,317303
10939,0.001687,172.31.47.0-255,66,140763,96,317303
10940,0.001749,172.217.194.0-255,1484,142247,96,317303
10941,0.001753,172.217.194.0-255,2902,145149,96,317303
10942,0.001756,172.31.47.0-255,66,145215,96,317303
10943,0.00176,172.217.194.0-255,2902,148117,96,317303
10944,0.001762,172.31.47.0-255,66,148183,96,317303
10945,0.001781,172.217.194.0-255,2902,151085,96,317303
10946,0.001784,172.31.47.0-255,66,151151,96,317303
10947,0.001789,172.217.194.0-255,5738,156889,96,317303
10948,0.001791,172.31.47.0-255,66,156955,96,317303
10949,0.001794,172.217.194.0-255,1484,158439,96,317303
10950,0.001825,172.31.47.0-255,66,158505,96,317303
10951,0.001827,172.217.194.0-255,5020,163525,96,317303
10952,0.001829,172.31.47.0-255,66,163591,96,317303
10953,0.001844,172.217.194.0-255,2902,166493,96,317303
10954,0.001846,172.31.47.0-255,66,166559,96,317303
10955,0.001865,172.217.194.0-255,2902,169461,96,317303
10956,0.001871,172.217.194.0-255,7156,176617,96,317303
10957,0.001876,172.31.47.0-255,66,176683,96,317303
10958,0.001884,172.217.194.0-255,5738,182421,96,317303
10959,0.00189,172.217.194.0-255,7156,189577,96,317303
10960,0.001892,172.31.47.0-255,66,189643,96,317303
10961,0.001896,172.31.47.0-255,66,189709,96,317303
10962,0.001905,172.217.194.0-255,4320,194029,96,317303
10963,0.001907,172.31.47.0-255,66,194095,96,317303
10964,0.001924,172.217.194.0-255,1484,195579,96,317303
10965,0.00194,172.217.194.0-255,2184,197763,96,317303
10966,0.001947,172.31.47.0-255,66,197829,96,317303
10967,0.004196,172.217.194.0-255,1484,199313,96,317303
10968,0.004226,172.217.194.0-255,4320,203633,96,317303
10969,0.004231,172.31.47.0-255,66,203699,96,317303
10970,0.006521,172.217.194.0-255,5738,209437,96,317303
10971,0.006527,172.31.47.0-255,66,209503,96,317303
10972,0.008808,172.217.194.0-255,5738,215241,96,317303
10973,0.008813,172.31.47.0-255,66,215307,96,317303
10974,0.011114,172.217.194.0-255,5738,221045,96,317303
10975,0.011122,172.31.47.0-255,66,221111,96,317303
10976,0.013423,172.217.194.0-255,5738,226849,96,317303
10977,0.013433,172.31.47.0-255,66,226915,96,317303
10978,0.015746,172.217.194.0-255,5738,232653,96,317303
10979,0.015755,172.31.47.0-255,66,232719,96,317303
10980,0.018055,172.217.194.0-255,5738,238457,96,317303
10981,0.018061,172.31.47.0-255,66,238523,96,317303
10982,0.020365,172.217.194.0-255,5738,244261,96,317303
10983,0.020372,172.31.47.0-255,66,244327,96,317303
10984,0.022687,172.217.194.0-255,5738,250065,96,317303
10985,0.022695,172.31.47.0-255,66,250131,96,317303
10986,0.023955,172.31.47.0-255,172,250303,96,317303
10987,0.02399,172.31.47.0-255,1109,251412,96,317303
10988,0.024048,172.31.47.0-255,1514,252926,96,317303
10989,0.02405,172.31.47.0-255,1304,254230,96,317303
10990,0.025002,172.217.194.0-255,5738,259968,96,317303
10991,0.025007,172.31.47.0-255,66,260034,96,317303
10992,0.025479,104.244.42.0-255,66,260100,96,317303
10993,0.025506,104.244.42.0-255,66,260166,96,317303
10994,0.025552,104.244.42.0-255,66,260232,96,317303
10995,0.027304,172.217.194.0-255,5738,265970,96,317303
10996,0.027309,172.31.47.0-255,66,266036,96,317303
10997,0.029607,172.217.194.0-255,2902,268938,96,317303
10998,0.029612,172.31.47.0-255,66,269004,96,317303
10999,0.029642,172.217.194.0-255,2902,271906,96,317303
11000,0.029645,172.31.47.0-255,66,271972,96,317303
11001,0.031913,172.217.194.0-255,5738,277710,96,317303
11002,0.031917,172.31.47.0-255,66,277776,96,317303
11003,0.034204,172.217.194.0-255,5738,283514,96,317303
11004,0.034209,172.31.47.0-255,66,283580,96,317303
11005,0.036525,172.217.194.0-255,5738,289318,96,317303
11006,0.03653,172.31.47.0-255,66,289384,96,317303
11007,0.038822,172.217.194.0-255,5738,295122,96,317303
11008,0.038826,172.31.47.0-255,66,295188,96,317303
11009,0.041118,172.217.194.0-255,5738,300926,96,317303
11010,0.041123,172.31.47.0-255,66,300992,96,317303
11011,0.043421,172.217.194.0-255,4320,305312,96,317303
11012,0.043437,172.31.47.0-255,66,305378,96,317303
11013,0.043453,172.217.194.0-255,1484,306862,96,317303
11014,0.045716,172.217.194.0-255,4320,311182,96,317303
11015,0.045722,172.31.47.0-255,66,311248,96,317303
11016,0.047998,172.217.194.0-255,4320,315568,96,317303
11017,0.048003,172.31.47.0-255,66,315634,96,317303
11018,0.048032,172.217.194.0-255,1432,317066,96,317303
11019,0.048174,172.31.47.0-255,66,317132,96,317303
11020,0.0482,172.31.47.0-255,105,317237,96,317303
11021,0.05044,172.217.194.0-255,66,317303,96,317303
11022,0.0,172.31.47.0-255,105,105,96,276
11023,0.001796,157.240.7.0-255,105,210,96,276
11024,0.001809,172.31.47.0-255,66,276,96,276
11025,0.0,74.125.130.0-255,153,153,96,338485
11026,3e-05,172.31.47.0-255,66,219,96,338485
11027,3.7e-05,74.125.130.0-255,1484,1703,96,338485
11028,4.2e-05,172.31.47.0-255,66,1769,96,338485
11029,4.7e-05,74.125.130.0-255,2902,4671,96,338485
11030,4.9e-05,172.31.47.0-255,66,4737,96,338485
11031,7.8e-05,74.125.130.0-255,1484,6221,96,338485
11032,8.1e-05,172.31.47.0-255,66,6287,96,338485
11033,0.000101,74.125.130.0-255,5738,12025,96,338485
11034,0.000103,172.31.47.0-255,66,12091,96,338485
11035,0.000114,172.31.47.0-255,66,12157,96,338485
11036,0.000117,74.125.130.0-255,1484,13641,96,338485
11037,0.000119,172.31.47.0-255,66,13707,96,338485
11038,0.000149,74.125.130.0-255,4320,18027,96,338485
11039,0.000153,172.31.47.0-255,66,18093,96,338485
11040,0.000161,74.125.130.0-255,7156,25249,96,338485
11041,0.000164,172.31.47.0-255,66,25315,96,338485
11042,0.000188,74.125.130.0-255,4320,29635,96,338485
11043,0.00019,172.31.47.0-255,66,29701,96,338485
11044,0.00021,74.125.130.0-255,4320,34021,96,338485
11045,0.000213,172.31.47.0-255,66,34087,96,338485
11046,0.000235,74.125.130.0-255,6438,40525,96,338485
11047,0.000238,172.31.47.0-255,66,40591,96,338485
11048,0.000274,74.125.130.0-255,5738,46329,96,338485
11049,0.000278,172.31.47.0-255,66,46395,96,338485
11050,0.000293,74.125.130.0-255,1484,47879,96,338485
11051,0.000295,172.31.47.0-255,66,47945,96,338485
11052,0.000304,74.125.130.0-255,5738,53683,96,338485
11053,0.000307,172.31.47.0-255,66,53749,96,338485
11054,0.000328,74.125.130.0-255,2902,56651,96,338485
11055,0.000331,172.31.47.0-255,66,56717,96,338485
11056,0.000334,74.125.130.0-255,1431,58148,96,338485
11057,0.000349,74.125.130.0-255,381,58529,96,338485
11058,0.00036,172.31.47.0-255,66,58595,96,338485
11059,0.000751,74.125.130.0-255,1484,60079,96,338485
11060,0.000756,74.125.130.0-255,2902,62981,96,338485
11061,0.00076,172.31.47.0-255,66,63047,96,338485
11062,0.00078,74.125.130.0-255,5738,68785,96,338485
11063,0.000784,172.31.47.0-255,66,68851,96,338485
11064,0.000788,74.125.130.0-255,2902,71753,96,338485
11065,0.00079,74.125.130.0-255,1484,73237,96,338485
11066,0.000792,172.31.47.0-255,66,73303,96,338485
11067,0.000827,74.125.130.0-255,2902,76205,96,338485
11068,0.000831,172.31.47.0-255,66,76271,96,338485
11069,0.000842,172.31.47.0-255,66,76337,96,338485
11070,0.000847,74.125.130.0-255,4320,80657,96,338485
11071,0.000849,172.31.47.0-255,66,80723,96,338485
11072,0.000883,74.125.130.0-255,1484,82207,96,338485
11073,0.000903,74.125.130.0-255,2184,84391,96,338485
11074,0.000905,172.31.47.0-255,66,84457,96,338485
11075,0.001064,74.125.130.0-255,1484,85941,96,338485
11076,0.001077,74.125.130.0-255,2902,88843,96,338485
11077,0.00108,74.125.130.0-255,1484,90327,96,338485
11078,0.001103,74.125.130.0-255,2902,93229,96,338485
11079,0.001122,74.125.130.0-255,5738,98967,96,338485
11080,0.001146,74.125.130.0-255,1484,100451,96,338485
11081,0.001166,74.125.130.0-255,5738,106189,96,338485
11082,0.001182,74.125.130.0-255,4320,110509,96,338485
11083,0.001204,74.125.130.0-255,4320,114829,96,338485
11084,0.001208,74.125.130.0-255,3602,118431,96,338485
11085,0.001364,74.125.130.0-255,1484,119915,96,338485
11086,0.001379,74.125.130.0-255,2902,122817,96,338485
11087,0.001396,74.125.130.0-255,2902,125719,96,338485
11088,0.001411,74.125.130.0-255,4320,130039,96,338485
11089,0.001449,74.125.130.0-255,4320,134359,96,338485
11090,0.001467,74.125.130.0-255,1484,135843,96,338485
11091,0.001491,74.125.130.0-255,7156,142999,96,338485
11092,0.001495,74.125.130.0-255,2902,145901,96,338485
11093,0.001521,74.125.130.0-255,4320,150221,96,338485
11094,0.001547,74.125.130.0-255,2184,152405,96,338485
11095,0.00178,74.125.130.0-255,1484,153889,96,338485
11096,0.001795,74.125.130.0-255,1484,155373,96,338485
11097,0.001816,74.125.130.0-255,2902,158275,96,338485
11098,0.001841,74.125.130.0-255,1484,159759,96,338485
11099,0.001856,74.125.130.0-255,4320,164079,96,338485
11100,0.001915,74.125.130.0-255,1484,165563,96,338485
11101,0.001931,74.125.130.0-255,5738,171301,96,338485
11102,0.001975,74.125.130.0-255,1484,172785,96,338485
11103,0.001988,74.125.130.0-255,1484,174269,96,338485
11104,0.001993,74.125.130.0-255,4320,178589,96,338485
11105,0.001998,74.125.130.0-255,4320,182909,96,338485
11106,0.002001,74.125.130.0-255,2902,185811,96,338485
11107,0.00201,74.125.130.0-255,766,186577,96,338485
11108,0.004955,172.31.47.0-255,66,186643,96,338485
11109,0.00701,74.125.130.0-255,5738,192381,96,338485
11110,0.007017,172.31.47.0-255,66,192447,96,338485
11111,0.009031,74.125.130.0-255,5738,198185,96,338485
11112,0.009038,172.31.47.0-255,66,198251,96,338485
11113,0.011064,74.125.130.0-255,5738,203989,96,338485
11114,0.011072,172.31.47.0-255,66,204055,96,338485
11115,0.013101,74.125.130.0-255,5738,209793,96,338485
11116,0.013118,172.31.47.0-255,66,209859,96,338485
11117,0.015154,74.125.130.0-255,4320,214179,96,338485
11118,0.015162,172.31.47.0-255,66,214245,96,338485
11119,0.015195,74.125.130.0-255,1484,215729,96,338485
11120,0.017197,74.125.130.0-255,4320,220049,96,338485
11121,0.017203,172.31.47.0-255,66,220115,96,338485
11122,0.019233,74.125.130.0-255,5738,225853,96,338485
11123,0.019242,172.31.47.0-255,66,225919,96,338485
11124,0.021262,74.125.130.0-255,5738,231657,96,338485
11125,0.021269,172.31.47.0-255,66,231723,96,338485
11126,0.023293,74.125.130.0-255,4320,236043,96,338485
11127,0.0233,172.31.47.0-255,66,236109,96,338485
11128,0.023337,74.125.130.0-255,1484,237593,96,338485
11129,0.025326,74.125.130.0-255,4320,241913,96,338485
11130,0.025333,172.31.47.0-255,66,241979,96,338485
11131,0.027367,74.125.130.0-255,5738,247717,96,338485
11132,0.027374,172.31.47.0-255,66,247783,96,338485
11133,0.027962,172.31.47.0-255,172,247955,96,338485
11134,0.028,172.31.47.0-255,1110,249065,96,338485
11135,0.028063,172.31.47.0-255,1514,250579,96,338485
11136,0.028066,172.31.47.0-255,1514,252093,96,338485
11137,0.028069,172.31.47.0-255,1514,253607,96,338485
11138,0.02807,172.31.47.0-255,1082,254689,96,338485
11139,0.029411,74.125.130.0-255,5738,260427,96,338485
11140,0.029417,172.31.47.0-255,66,260493,96,338485
11141,0.02951,104.244.42.0-255,66,260559,96,338485
11142,0.029677,104.244.42.0-255,66,260625,96,338485
11143,0.029682,104.244.42.0-255,66,260691,96,338485
11144,0.029754,104.244.42.0-255,66,260757,96,338485
11145,0.031434,74.125.130.0-255,5738,266495,96,338485
11146,0.03144,172.31.47.0-255,66,266561,96,338485
11147,0.033514,74.125.130.0-255,4320,270881,96,338485
11148,0.033519,172.31.47.0-255,66,270947,96,338485
11149,0.033539,74.125.130.0-255,1484,272431,96,338485
11150,0.035583,74.125.130.0-255,4320,276751,96,338485
11151,0.035592,172.31.47.0-255,66,276817,96,338485
11152,0.037629,74.125.130.0-255,4320,281137,96,338485
11153,0.037636,172.31.47.0-255,66,281203,96,338485
11154,0.03765,74.125.130.0-255,1484,282687,96,338485
11155,0.039667,74.125.130.0-255,4320,287007,96,338485
11156,0.039672,172.31.47.0-255,66,287073,96,338485
11157,0.041693,74.125.130.0-255,1484,288557,96,338485
11158,0.041723,74.125.130.0-255,4320,292877,96,338485
11159,0.041727,172.31.47.0-255,66,292943,96,338485
11160,0.043754,74.125.130.0-255,4320,297263,96,338485
11161,0.043759,172.31.47.0-255,66,297329,96,338485
11162,0.043788,74.125.130.0-255,1484,298813,96,338485
11163,0.045816,74.125.130.0-255,4320,303133,96,338485
11164,0.045822,172.31.47.0-255,66,303199,96,338485
11165,0.047848,74.125.130.0-255,2902,306101,96,338485
11166,0.047854,172.31.47.0-255,66,306167,96,338485
11167,0.047878,74.125.130.0-255,2902,309069,96,338485
11168,0.04788,172.31.47.0-255,66,309135,96,338485
11169,0.049874,74.125.130.0-255,2902,312037,96,338485
11170,0.049879,172.31.47.0-255,66,312103,96,338485
11171,0.049903,74.125.130.0-255,2902,315005,96,338485
11172,0.049906,172.31.47.0-255,66,315071,96,338485
11173,0.051912,74.125.130.0-255,2902,317973,96,338485
11174,0.051918,172.31.47.0-255,66,318039,96,338485
11175,0.051942,74.125.130.0-255,2902,320941,96,338485
11176,0.051944,172.31.47.0-255,66,321007,96,338485
11177,0.05395,74.125.130.0-255,1484,322491,96,338485
11178,0.053993,74.125.130.0-255,4320,326811,96,338485
11179,0.054002,172.31.47.0-255,66,326877,96,338485
11180,0.056041,74.125.130.0-255,5738,332615,96,338485
11181,0.056047,172.31.47.0-255,66,332681,96,338485
11182,0.05807,74.125.130.0-255,5738,338419,96,338485
11183,0.058075,172.31.47.0-255,66,338485,96,338485
11184,0.0,74.125.24.0-255,153,153,96,268756
11185,1.8e-05,172.31.47.0-255,66,219,96,268756
11186,2.5e-05,74.125.24.0-255,1484,1703,96,268756
11187,3e-05,172.31.47.0-255,66,1769,96,268756
11188,3.4e-05,74.125.24.0-255,2902,4671,96,268756
11189,3.7e-05,172.31.47.0-255,66,4737,96,268756
11190,4.4e-05,74.125.24.0-255,5738,10475,96,268756
11191,4.7e-05,172.31.47.0-255,66,10541,96,268756
11192,0.000106,172.31.47.0-255,66,10607,96,268756
11193,0.000109,74.125.24.0-255,1484,12091,96,268756
11194,0.000112,172.31.47.0-255,66,12157,96,268756
11195,0.000136,74.125.24.0-255,5379,17536,96,268756
11196,0.000139,172.31.47.0-255,66,17602,96,268756
11197,0.000187,74.125.24.0-255,1484,19086,96,268756
11198,0.000189,172.31.47.0-255,66,19152,96,268756
11199,0.000193,74.125.24.0-255,1484,20636,96,268756
11200,0.000195,172.31.47.0-255,66,20702,96,268756
11201,0.000208,74.125.24.0-255,1484,22186,96,268756
11202,0.00021,172.31.47.0-255,66,22252,96,268756
11203,0.000215,74.125.24.0-255,4320,26572,96,268756
11204,0.000217,172.31.47.0-255,66,26638,96,268756
11205,0.000242,74.125.24.0-255,1484,28122,96,268756
11206,0.000245,172.31.47.0-255,66,28188,96,268756
11207,0.000251,74.125.24.0-255,5738,33926,96,268756
11208,0.000254,172.31.47.0-255,66,33992,96,268756
11209,0.000267,74.125.24.0-255,2902,36894,96,268756
11210,0.00027,172.31.47.0-255,66,36960,96,268756
11211,0.000303,172.31.47.0-255,66,37026,96,268756
11212,0.000308,74.125.24.0-255,4235,41261,96,268756
11213,0.00031,172.31.47.0-255,66,41327,96,268756
11214,0.000424,74.125.24.0-255,381,41708,96,268756
11215,0.000428,172.31.47.0-255,66,41774,96,268756
11216,0.000547,74.125.24.0-255,1484,43258,96,268756
11217,0.000553,74.125.24.0-255,1484,44742,96,268756
11218,0.000558,172.31.47.0-255,66,44808,96,268756
11219,0.000568,74.125.24.0-255,1484,46292,96,268756
11220,0.000572,74.125.24.0-255,2902,49194,96,268756
11221,0.000587,74.125.24.0-255,2902,52096,96,268756
11222,0.000594,74.125.24.0-255,6797,58893,96,268756
11223,0.000622,74.125.24.0-255,7156,66049,96,268756
11224,0.000629,172.31.47.0-255,66,66115,96,268756
11225,0.000648,74.125.24.0-255,7156,73271,96,268756
11226,0.00067,172.31.47.0-255,66,73337,96,268756
11227,0.000674,74.125.24.0-255,2543,75880,96,268756
11228,0.000679,172.31.47.0-255,66,75946,96,268756
11229,0.001262,74.125.24.0-255,1484,77430,96,268756
11230,0.001267,74.125.24.0-255,1484,78914,96,268756
11231,0.001271,172.31.47.0-255,66,78980,96,268756
11232,0.001291,74.125.24.0-255,1484,80464,96,268756
11233,0.001297,74.125.24.0-255,5738,86202,96,268756
11234,0.0013,74.125.24.0-255,2902,89104,96,268756
11235,0.001314,74.125.24.0-255,1484,90588,96,268756
11236,0.001317,172.31.47.0-255,66,90654,96,268756
11237,0.001343,74.125.24.0-255,4320,94974,96,268756
11238,0.001353,172.31.47.0-255,66,95040,96,268756
11239,0.001368,74.125.24.0-255,6438,101478,96,268756
11240,0.001389,172.31.47.0-255,66,101544,96,268756
11241,0.001473,74.125.24.0-255,1484,103028,96,268756
11242,0.001479,74.125.24.0-255,2902,105930,96,268756
11243,0.001482,172.31.47.0-255,66,105996,96,268756
11244,0.001485,74.125.24.0-255,1484,107480,96,268756
11245,0.001506,74.125.24.0-255,4320,111800,96,268756
11246,0.001508,74.125.24.0-255,1484,113284,96,268756
11247,0.001512,172.31.47.0-255,66,113350,96,268756
11248,0.001554,172.31.47.0-255,66,113416,96,268756
11249,0.001583,172.31.47.0-255,66,113482,96,268756
11250,0.001716,74.125.24.0-255,1484,114966,96,268756
11251,0.001721,74.125.24.0-255,2902,117868,96,268756
11252,0.001733,172.31.47.0-255,66,117934,96,268756
11253,0.001744,74.125.24.0-255,5738,123672,96,268756
11254,0.001755,172.31.47.0-255,66,123738,96,268756
11255,0.001759,74.125.24.0-255,2902,126640,96,268756
11256,0.001794,172.31.47.0-255,66,126706,96,268756
11257,0.001853,172.31.47.0-255,66,126772,96,268756
11258,0.001933,74.125.24.0-255,1484,128256,96,268756
11259,0.001948,74.125.24.0-255,1484,129740,96,268756
11260,0.001958,172.31.47.0-255,66,129806,96,268756
11261,0.001966,74.125.24.0-255,1484,131290,96,268756
11262,0.001972,74.125.24.0-255,4320,135610,96,268756
11263,0.001977,172.31.47.0-255,66,135676,96,268756
11264,0.001987,74.125.24.0-255,1484,137160,96,268756
11265,0.001992,74.125.24.0-255,2902,140062,96,268756
11266,0.002017,172.31.47.0-255,66,140128,96,268756
11267,0.002022,172.31.47.0-255,66,140194,96,268756
11268,0.002059,74.125.24.0-255,1484,141678,96,268756
11269,0.002065,172.31.47.0-255,66,141744,96,268756
11270,0.002126,172.31.47.0-255,66,141810,96,268756
11271,0.002204,74.125.24.0-255,1484,143294,96,268756
11272,0.002273,74.125.24.0-255,4320,147614,96,268756
11273,0.00234,74.125.24.0-255,2902,150516,96,268756
11274,0.002361,74.125.24.0-255,2184,152700,96,268756
11275,0.011721,74.125.24.0-255,1484,154184,96,268756
11276,0.016496,172.31.47.0-255,66,154250,96,268756
11277,0.018644,74.125.24.0-255,5738,159988,96,268756
11278,0.018655,172.31.47.0-255,66,160054,96,268756
11279,0.020756,74.125.24.0-255,5738,165792,96,268756
11280,0.020764,172.31.47.0-255,66,165858,96,268756
11281,0.022931,74.125.24.0-255,5738,171596,96,268756
11282,0.025627,172.31.47.0-255,66,171662,96,268756
11283,0.027766,74.125.24.0-255,5738,177400,96,268756
11284,0.027778,172.31.47.0-255,66,177466,96,268756
11285,0.029893,74.125.24.0-255,5738,183204,96,268756
11286,0.029901,172.31.47.0-255,66,183270,96,268756
11287,0.032081,74.125.24.0-255,5738,189008,96,268756
11288,0.032089,172.31.47.0-255,66,189074,96,268756
11289,0.034183,74.125.24.0-255,5738,194812,96,268756
11290,0.034189,172.31.47.0-255,66,194878,96,268756
11291,0.036285,74.125.24.0-255,5738,200616,96,268756
11292,0.036292,172.31.47.0-255,66,200682,96,268756
11293,0.038428,74.125.24.0-255,5738,206420,96,268756
11294,0.038442,172.31.47.0-255,66,206486,96,268756
11295,0.040569,74.125.24.0-255,5738,212224,96,268756
11296,0.040583,172.31.47.0-255,66,212290,96,268756
11297,0.042688,74.125.24.0-255,5738,218028,96,268756
11298,0.042701,172.31.47.0-255,66,218094,96,268756
11299,0.04479,74.125.24.0-255,5738,223832,96,268756
11300,0.0449,172.31.47.0-255,66,223898,96,268756
11301,0.046994,74.125.24.0-255,5738,229636,96,268756
11302,0.047,172.31.47.0-255,66,229702,96,268756
11303,0.048829,172.31.47.0-255,172,229874,96,268756
11304,0.048864,172.31.47.0-255,1101,230975,96,268756
11305,0.048923,172.31.47.0-255,1514,232489,96,268756
11306,0.048925,172.31.47.0-255,1310,233799,96,268756
11307,0.049111,74.125.24.0-255,5738,239537,96,268756
11308,0.049119,172.31.47.0-255,66,239603,96,268756
11309,0.050426,104.244.42.0-255,66,239669,96,268756
11310,0.050435,104.244.42.0-255,66,239735,96,268756
11311,0.050507,104.244.42.0-255,66,239801,96,268756
11312,0.051203,74.125.24.0-255,5738,245539,96,268756
11313,0.051209,172.31.47.0-255,66,245605,96,268756
11314,0.053312,74.125.24.0-255,5738,251343,96,268756
11315,0.053319,172.31.47.0-255,66,251409,96,268756
11316,0.055403,74.125.24.0-255,5738,257147,96,268756
11317,0.05541,172.31.47.0-255,66,257213,96,268756
11318,0.057489,74.125.24.0-255,5738,262951,96,268756
11319,0.0575,172.31.47.0-255,66,263017,96,268756
11320,0.059626,74.125.24.0-255,5568,268585,96,268756
11321,0.059633,172.31.47.0-255,66,268651,96,268756
11322,0.059836,172.31.47.0-255,105,268756,96,268756
11323,0.0,74.125.68.0-255,153,153,96,311913
11324,2.3e-05,172.31.47.0-255,66,219,96,311913
11325,3e-05,74.125.68.0-255,1484,1703,96,311913
11326,3.5e-05,172.31.47.0-255,66,1769,96,311913
11327,4e-05,74.125.68.0-255,2902,4671,96,311913
11328,5.1e-05,172.31.47.0-255,66,4737,96,311913
11329,5.9e-05,74.125.68.0-255,7156,11893,96,311913
11330,6.2e-05,172.31.47.0-255,66,11959,96,311913
11331,6.6e-05,74.125.68.0-255,2135,14094,96,311913
11332,6.9e-05,172.31.47.0-255,66,14160,96,311913
11333,7.4e-05,74.125.68.0-255,2902,17062,96,311913
11334,7.6e-05,172.31.47.0-255,66,17128,96,311913
11335,0.000115,74.125.68.0-255,7156,24284,96,311913
11336,0.000118,172.31.47.0-255,66,24350,96,311913
11337,0.000123,74.125.68.0-255,2902,27252,96,311913
11338,0.000126,172.31.47.0-255,66,27318,96,311913
11339,0.000153,74.125.68.0-255,3961,31279,96,311913
11340,0.000156,172.31.47.0-255,66,31345,96,311913
11341,0.000223,74.125.68.0-255,1484,32829,96,311913
11342,0.000226,172.31.47.0-255,66,32895,96,311913
11343,0.000229,74.125.68.0-255,1484,34379,96,311913
11344,0.000231,172.31.47.0-255,66,34445,96,311913
11345,0.000255,74.125.68.0-255,1484,35929,96,311913
11346,0.000258,172.31.47.0-255,66,35995,96,311913
11347,0.000262,74.125.68.0-255,2902,38897,96,311913
11348,0.000264,172.31.47.0-255,66,38963,96,311913
11349,0.000273,74.125.68.0-255,4320,43283,96,311913
11350,0.000276,172.31.47.0-255,66,43349,96,311913
11351,0.000317,172.31.47.0-255,66,43415,96,311913
11352,0.000323,74.125.68.0-255,5738,49153,96,311913
11353,0.000326,172.31.47.0-255,66,49219,96,311913
11354,0.00033,74.125.68.0-255,2902,52121,96,311913
11355,0.000332,172.31.47.0-255,66,52187,96,311913
11356,0.000359,74.125.68.0-255,4320,56507,96,311913
11357,0.000364,74.125.68.0-255,766,57273,96,311913
11358,0.000468,74.125.68.0-255,366,57639,96,311913
11359,0.000472,74.125.68.0-255,126,57765,96,311913
11360,0.00056,74.125.68.0-255,1484,59249,96,311913
11361,0.000565,172.31.47.0-255,66,59315,96,311913
11362,0.000574,74.125.68.0-255,2902,62217,96,311913
11363,0.000596,74.125.68.0-255,5738,67955,96,311913
11364,0.000601,74.125.68.0-255,2902,70857,96,311913
11365,0.000606,172.31.47.0-255,66,70923,96,311913
11366,0.000614,74.125.68.0-255,1484,72407,96,311913
11367,0.000655,74.125.68.0-255,4320,76727,96,311913
11368,0.000674,74.125.68.0-255,1484,78211,96,311913
11369,0.000688,74.125.68.0-255,2184,80395,96,311913
11370,0.00069,74.125.68.0-255,349,80744,96,311913
11371,0.000713,172.31.47.0-255,66,80810,96,311913
11372,0.001059,74.125.68.0-255,1484,82294,96,311913
11373,0.001078,74.125.68.0-255,2902,85196,96,311913
11374,0.001082,172.31.47.0-255,66,85262,96,311913
11375,0.001087,74.125.68.0-255,2902,88164,96,311913
11376,0.001108,74.125.68.0-255,2902,91066,96,311913
11377,0.001112,74.125.68.0-255,2902,93968,96,311913
11378,0.001118,172.31.47.0-255,66,94034,96,311913
11379,0.001143,74.125.68.0-255,5738,99772,96,311913
11380,0.00117,74.125.68.0-255,5020,104792,96,311913
11381,0.001173,172.31.47.0-255,66,104858,96,311913
11382,0.001177,172.31.47.0-255,66,104924,96,311913
11383,0.001326,74.125.68.0-255,1484,106408,96,311913
11384,0.001346,74.125.68.0-255,2902,109310,96,311913
11385,0.001349,74.125.68.0-255,1484,110794,96,311913
11386,0.001359,172.31.47.0-255,66,110860,96,311913
11387,0.001376,74.125.68.0-255,4320,115180,96,311913
11388,0.001399,74.125.68.0-255,4320,119500,96,311913
11389,0.001404,172.31.47.0-255,66,119566,96,311913
11390,0.001425,74.125.68.0-255,5738,125304,96,311913
11391,0.00143,74.125.68.0-255,4320,129624,96,311913
11392,0.001447,172.31.47.0-255,66,129690,96,311913
11393,0.001476,74.125.68.0-255,5738,135428,96,311913
11394,0.001479,172.31.47.0-255,66,135494,96,311913
11395,0.001506,74.125.68.0-255,3602,139096,96,311913
11396,0.001524,172.31.47.0-255,66,139162,96,311913
11397,0.001622,74.125.68.0-255,1484,140646,96,311913
11398,0.001637,74.125.68.0-255,2902,143548,96,311913
11399,0.001646,172.31.47.0-255,66,143614,96,311913
11400,0.001661,74.125.68.0-255,5738,149352,96,311913
11401,0.001669,74.125.68.0-255,1484,150836,96,311913
11402,0.001683,74.125.68.0-255,1484,152320,96,311913
11403,0.001693,74.125.68.0-255,1484,153804,96,311913
11404,0.001697,172.31.47.0-255,66,153870,96,311913
11405,0.001737,74.125.68.0-255,1484,155354,96,311913
11406,0.001759,74.125.68.0-255,2902,158256,96,311913
11407,0.001768,172.31.47.0-255,66,158322,96,311913
11408,0.00179,74.125.68.0-255,5738,164060,96,311913
11409,0.001794,74.125.68.0-255,1484,165544,96,311913
11410,0.001798,74.125.68.0-255,2902,168446,96,311913
11411,0.001817,172.31.47.0-255,66,168512,96,311913
11412,0.001824,74.125.68.0-255,1484,169996,96,311913
11413,0.001848,74.125.68.0-255,3602,173598,96,311913
11414,0.00185,172.31.47.0-255,66,173664,96,311913
11415,0.002006,74.125.68.0-255,1484,175148,96,311913
11416,0.002019,74.125.68.0-255,1484,176632,96,311913
11417,0.002025,172.31.47.0-255,66,176698,96,311913
11418,0.003855,74.125.68.0-255,2902,179600,96,311913
11419,0.003861,172.31.47.0-255,66,179666,96,311913
11420,0.004029,74.125.68.0-255,2902,182568,96,311913
11421,0.005857,74.125.68.0-255,2902,185470,96,311913
11422,0.00767,172.31.47.0-255,66,185536,96,311913
11423,0.009688,74.125.68.0-255,5738,191274,96,311913
11424,0.009696,172.31.47.0-255,66,191340,96,311913
11425,0.011727,74.125.68.0-255,5738,197078,96,311913
11426,0.011737,172.31.47.0-255,66,197144,96,311913
11427,0.013757,74.125.68.0-255,5738,202882,96,311913
11428,0.013764,172.31.47.0-255,66,202948,96,311913
11429,0.015757,74.125.68.0-255,4320,207268,96,311913
11430,0.015774,74.125.68.0-255,1484,208752,96,311913
11431,0.019709,172.31.47.0-255,66,208818,96,311913
11432,0.021735,74.125.68.0-255,5738,214556,96,311913
11433,0.021749,172.31.47.0-255,66,214622,96,311913
11434,0.02376,74.125.68.0-255,5738,220360,96,311913
11435,0.023768,172.31.47.0-255,66,220426,96,311913
11436,0.024666,172.31.47.0-255,172,220598,96,311913
11437,0.024696,172.31.47.0-255,1101,221699,96,311913
11438,0.024771,172.31.47.0-255,1514,223213,96,311913
11439,0.024773,172.31.47.0-255,1310,224523,96,311913
11440,0.025779,74.125.68.0-255,5738,230261,96,311913
11441,0.025786,172.31.47.0-255,66,230327,96,311913
11442,0.026211,104.244.42.0-255,66,230393,96,311913
11443,0.026218,104.244.42.0-255,66,230459,96,311913
11444,0.026318,104.244.42.0-255,66,230525,96,311913
11445,0.027798,74.125.68.0-255,5738,236263,96,311913
11446,0.032215,172.31.47.0-255,66,236329,96,311913
11447,0.034245,74.125.68.0-255,5738,242067,96,311913
11448,0.034263,172.31.47.0-255,66,242133,96,311913
11449,0.036314,74.125.68.0-255,5738,247871,96,311913
11450,0.036328,172.31.47.0-255,66,247937,96,311913
11451,0.038363,74.125.68.0-255,5738,253675,96,311913
11452,0.03838,172.31.47.0-255,66,253741,96,311913
11453,0.040409,74.125.68.0-255,5738,259479,96,311913
11454,0.040424,172.31.47.0-255,66,259545,96,311913
11455,0.042437,74.125.68.0-255,5738,265283,96,311913
11456,0.042451,172.31.47.0-255,66,265349,96,311913
11457,0.044473,74.125.68.0-255,5738,271087,96,311913
11458,0.044481,172.31.47.0-255,66,271153,96,311913
11459,0.046526,74.125.68.0-255,5738,276891,96,311913
11460,0.046545,172.31.47.0-255,66,276957,96,311913
11461,0.048575,74.125.68.0-255,5738,282695,96,311913
11462,0.048583,172.31.47.0-255,66,282761,96,311913
11463,0.050608,74.125.68.0-255,5738,288499,96,311913
11464,0.050617,172.31.47.0-255,66,288565,96,311913
11465,0.052638,74.125.68.0-255,5738,294303,96,311913
11466,0.052645,172.31.47.0-255,66,294369,96,311913
11467,0.054696,74.125.68.0-255,5738,300107,96,311913
11468,0.054703,172.31.47.0-255,66,300173,96,311913
11469,0.056714,74.125.68.0-255,5738,305911,96,311913
11470,0.05672,172.31.47.0-255,66,305977,96,311913
11471,0.058723,74.125.68.0-255,2902,308879,96,311913
11472,0.058731,172.31.47.0-255,66,308945,96,311913
11473,0.058737,74.125.68.0-255,2902,311847,96,311913
11474,0.058838,172.31.47.0-255,66,311913,96,311913
11475,0.0,172.217.194.0-255,153,153,96,163189
11476,2.8e-05,172.31.47.0-255,66,219,96,163189
11477,3.4e-05,172.217.194.0-255,1484,1703,96,163189
11478,3.9e-05,172.31.47.0-255,66,1769,96,163189
11479,4.4e-05,172.217.194.0-255,2902,4671,96,163189
11480,4.6e-05,172.31.47.0-255,66,4737,96,163189
11481,5.3e-05,172.217.194.0-255,7156,11893,96,163189
11482,5.5e-05,172.31.47.0-255,66,11959,96,163189
11483,8.4e-05,172.31.47.0-255,66,12025,96,163189
11484,9.6e-05,172.31.47.0-255,66,12091,96,163189
11485,0.00012,172.217.194.0-255,2543,14634,96,163189
11486,0.000122,172.31.47.0-255,66,14700,96,163189
11487,0.000171,172.217.194.0-255,1484,16184,96,163189
11488,0.000173,172.31.47.0-255,66,16250,96,163189
11489,0.000178,172.217.194.0-255,2902,19152,96,163189
11490,0.00018,172.31.47.0-255,66,19218,96,163189
11491,0.000184,172.217.194.0-255,2902,22120,96,163189
11492,0.000186,172.31.47.0-255,66,22186,96,163189
11493,0.000202,172.217.194.0-255,2902,25088,96,163189
11494,0.000204,172.31.47.0-255,66,25154,96,163189
11495,0.000207,172.217.194.0-255,1484,26638,96,163189
11496,0.000208,172.31.47.0-255,66,26704,96,163189
11497,0.000253,172.31.47.0-255,66,26770,96,163189
11498,0.000263,172.31.47.0-255,66,26836,96,163189
11499,0.000265,172.217.194.0-255,99,26935,96,163189
11500,0.000269,172.31.47.0-255,66,27001,96,163189
11501,0.000361,172.217.194.0-255,1484,28485,96,163189
11502,0.000366,172.31.47.0-255,66,28551,96,163189
11503,0.000385,172.217.194.0-255,2902,31453,96,163189
11504,0.00039,172.31.47.0-255,66,31519,96,163189
11505,0.000392,172.217.194.0-255,1484,33003,96,163189
11506,0.000408,172.217.194.0-255,2902,35905,96,163189
11507,0.000411,172.31.47.0-255,66,35971,96,163189
11508,0.000442,172.217.194.0-255,4320,40291,96,163189
11509,0.000445,172.31.47.0-255,66,40357,96,163189
11510,0.000465,172.217.194.0-255,3961,44318,96,163189
11511,0.000467,172.31.47.0-255,66,44384,96,163189
11512,0.000513,172.217.194.0-255,1484,45868,96,163189
11513,0.000518,172.217.194.0-255,2902,48770,96,163189
11514,0.00052,172.31.47.0-255,66,48836,96,163189
11515,0.000523,172.217.194.0-255,1484,50320,96,163189
11516,0.000539,172.217.194.0-255,4320,54640,96,163189
11517,0.000542,172.31.47.0-255,66,54706,96,163189
11518,0.000594,172.31.47.0-255,66,54772,96,163189
11519,0.000608,172.31.47.0-255,66,54838,96,163189
11520,0.000659,172.31.47.0-255,66,54904,96,163189
11521,0.000679,172.217.194.0-255,2902,57806,96,163189
11522,0.000681,172.31.47.0-255,66,57872,96,163189
11523,0.000715,172.31.47.0-255,66,57938,96,163189
11524,0.000725,172.31.47.0-255,66,58004,96,163189
11525,0.000745,172.217.194.0-255,4320,62324,96,163189
11526,0.000748,172.31.47.0-255,66,62390,96,163189
11527,0.000765,172.217.194.0-255,6438,68828,96,163189
11528,0.000768,172.31.47.0-255,66,68894,96,163189
11529,0.000807,172.217.194.0-255,2902,71796,96,163189
11530,0.00081,172.31.47.0-255,66,71862,96,163189
11531,0.000839,172.31.47.0-255,66,71928,96,163189
11532,0.000851,172.31.47.0-255,66,71994,96,163189
11533,0.00086,172.31.47.0-255,66,72060,96,163189
11534,0.000915,172.217.194.0-255,1484,73544,96,163189
11535,0.000927,172.217.194.0-255,1484,75028,96,163189
11536,0.00093,172.31.47.0-255,66,75094,96,163189
11537,0.00095,172.217.194.0-255,1484,76578,96,163189
11538,0.000955,172.217.194.0-255,5738,82316,96,163189
11539,0.000957,172.31.47.0-255,66,82382,96,163189
11540,0.00096,172.217.194.0-255,1484,83866,96,163189
11541,0.000978,172.217.194.0-255,5738,89604,96,163189
11542,0.000981,172.31.47.0-255,66,89670,96,163189
11543,0.000985,172.217.194.0-255,4320,93990,96,163189
11544,0.000987,172.31.47.0-255,66,94056,96,163189
11545,0.001016,172.31.47.0-255,66,94122,96,163189
11546,0.001019,172.217.194.0-255,2184,96306,96,163189
11547,0.001021,172.31.47.0-255,66,96372,96,163189
11548,0.001444,172.217.194.0-255,1484,97856,96,163189
11549,0.001472,172.217.194.0-255,2902,100758,96,163189
11550,0.001475,172.31.47.0-255,66,100824,96,163189
11551,0.001482,172.217.194.0-255,5738,106562,96,163189
11552,0.001485,172.217.194.0-255,4320,110882,96,163189
11553,0.001486,172.31.47.0-255,66,110948,96,163189
11554,0.001488,172.31.47.0-255,66,111014,96,163189
11555,0.001526,172.31.47.0-255,66,111080,96,163189
11556,0.001539,172.217.194.0-255,2902,113982,96,163189
11557,0.001541,172.31.47.0-255,66,114048,96,163189
11558,0.001567,172.31.47.0-255,66,114114,96,163189
11559,0.001622,172.217.194.0-255,1484,115598,96,163189
11560,0.001633,172.217.194.0-255,2902,118500,96,163189
11561,0.001635,172.31.47.0-255,66,118566,96,163189
11562,0.001659,172.217.194.0-255,5738,124304,96,163189
11563,0.001662,172.31.47.0-255,66,124370,96,163189
11564,0.001664,172.217.194.0-255,1484,125854,96,163189
11565,0.001682,172.217.194.0-255,4320,130174,96,163189
11566,0.001685,172.31.47.0-255,66,130240,96,163189
11567,0.001707,172.217.194.0-255,7156,137396,96,163189
11568,0.001709,172.31.47.0-255,66,137462,96,163189
11569,0.001719,172.31.47.0-255,66,137528,96,163189
11570,0.001744,172.217.194.0-255,1484,139012,96,163189
11571,0.001753,172.217.194.0-255,1484,140496,96,163189
11572,0.001755,172.31.47.0-255,66,140562,96,163189
11573,0.001765,172.217.194.0-255,1484,142046,96,163189
11574,0.001769,172.217.194.0-255,2902,144948,96,163189
11575,0.001772,172.31.47.0-255,66,145014,96,163189
11576,0.001783,172.217.194.0-255,2902,147916,96,163189
11577,0.001785,172.31.47.0-255,66,147982,96,163189
11578,0.001792,172.217.194.0-255,1484,149466,96,163189
11579,0.001811,172.31.47.0-255,66,149532,96,163189
11580,0.00186,172.31.47.0-255,66,149598,96,163189
11581,0.001881,172.217.194.0-255,2184,151782,96,163189
11582,0.001884,172.31.47.0-255,66,151848,96,163189
11583,0.001896,172.31.47.0-255,66,151914,96,163189
11584,0.001964,172.31.47.0-255,66,151980,96,163189
11585,0.001987,172.217.194.0-255,6438,158418,96,163189
11586,0.00199,172.31.47.0-255,66,158484,96,163189
11587,0.002004,172.31.47.0-255,66,158550,96,163189
11588,0.002007,172.217.194.0-255,105,158655,96,163189
11589,0.003053,172.31.47.0-255,66,158721,96,163189
11590,0.003076,172.31.47.0-255,105,158826,96,163189
11591,0.005309,172.217.194.0-255,66,158892,96,163189
11592,0.031056,172.31.47.0-255,172,159064,96,163189
11593,0.031088,172.31.47.0-255,1105,160169,96,163189
11594,0.031123,172.31.47.0-255,1514,161683,96,163189
11595,0.031125,172.31.47.0-255,1308,162991,96,163189
11596,0.032579,104.244.42.0-255,66,163057,96,163189
11597,0.032621,104.244.42.0-255,66,163123,96,163189
11598,0.032666,104.244.42.0-255,66,163189,96,163189
11599,0.0,172.253.118.0-255,152,152,96,256632
11600,2.6e-05,172.31.47.0-255,66,218,96,256632
11601,4.2e-05,172.253.118.0-255,1484,1702,96,256632
11602,4.5e-05,172.31.47.0-255,66,1768,96,256632
11603,5e-05,172.253.118.0-255,2902,4670,96,256632
11604,5.3e-05,172.31.47.0-255,66,4736,96,256632
11605,7.9e-05,172.253.118.0-255,2902,7638,96,256632
11606,8.2e-05,172.31.47.0-255,66,7704,96,256632
11607,9.8e-05,172.253.118.0-255,4320,12024,96,256632
11608,0.0001,172.31.47.0-255,66,12090,96,256632
11609,0.000117,172.253.118.0-255,5738,17828,96,256632
11610,0.00012,172.31.47.0-255,66,17894,96,256632
11611,0.000138,172.253.118.0-255,2046,19940,96,256632
11612,0.00014,172.31.47.0-255,66,20006,96,256632
11613,0.000145,172.253.118.0-255,2902,22908,96,256632
11614,0.000147,172.31.47.0-255,66,22974,96,256632
11615,0.00018,172.253.118.0-255,1484,24458,96,256632
11616,0.000182,172.31.47.0-255,66,24524,96,256632
11617,0.000203,172.253.118.0-255,6797,31321,96,256632
11618,0.000205,172.31.47.0-255,66,31387,96,256632
11619,0.00033,172.253.118.0-255,1484,32871,96,256632
11620,0.000333,172.31.47.0-255,66,32937,96,256632
11621,0.00035,172.253.118.0-255,2902,35839,96,256632
11622,0.000353,172.31.47.0-255,66,35905,96,256632
11623,0.000368,172.253.118.0-255,2902,38807,96,256632
11624,0.000371,172.31.47.0-255,66,38873,96,256632
11625,0.000386,172.253.118.0-255,2902,41775,96,256632
11626,0.000388,172.31.47.0-255,66,41841,96,256632
11627,0.000392,172.253.118.0-255,2902,44743,96,256632
11628,0.000396,172.31.47.0-255,66,44809,96,256632
11629,0.000432,172.253.118.0-255,3961,48770,96,256632
11630,0.000435,172.31.47.0-255,66,48836,96,256632
11631,0.0009,172.253.118.0-255,1484,50320,96,256632
11632,0.000923,172.253.118.0-255,2902,53222,96,256632
11633,0.000927,172.31.47.0-255,66,53288,96,256632
11634,0.000952,172.253.118.0-255,5738,59026,96,256632
11635,0.000955,172.31.47.0-255,66,59092,96,256632
11636,0.000959,172.253.118.0-255,2902,61994,96,256632
11637,0.000961,172.31.47.0-255,66,62060,96,256632
11638,0.001003,172.253.118.0-255,3961,66021,96,256632
11639,0.001007,172.31.47.0-255,66,66087,96,256632
11640,0.001532,172.253.118.0-255,1484,67571,96,256632
11641,0.00154,172.253.118.0-255,2902,70473,96,256632
11642,0.001543,172.31.47.0-255,66,70539,96,256632
11643,0.001548,172.253.118.0-255,2902,73441,96,256632
11644,0.001549,172.31.47.0-255,66,73507,96,256632
11645,0.001565,172.253.118.0-255,1484,74991,96,256632
11646,0.00157,172.253.118.0-255,5738,80729,96,256632
11647,0.001572,172.31.47.0-255,66,80795,96,256632
11648,0.001584,172.253.118.0-255,1484,82279,96,256632
11649,0.001606,172.31.47.0-255,66,82345,96,256632
11650,0.001629,172.253.118.0-255,2543,84888,96,256632
11651,0.001631,172.31.47.0-255,66,84954,96,256632
11652,0.001637,172.253.118.0-255,7156,92110,96,256632
11653,0.001638,172.31.47.0-255,66,92176,96,256632
11654,0.00164,172.253.118.0-255,287,92463,96,256632
11655,0.001842,172.31.47.0-255,66,92529,96,256632
11656,0.003683,172.253.118.0-255,4320,96849,96,256632
11657,0.003689,172.31.47.0-255,66,96915,96,256632
11658,0.003881,172.253.118.0-255,1484,98399,96,256632
11659,0.005725,172.253.118.0-255,4320,102719,96,256632
11660,0.00573,172.31.47.0-255,66,102785,96,256632
11661,0.007778,172.253.118.0-255,5738,108523,96,256632
11662,0.007786,172.31.47.0-255,66,108589,96,256632
11663,0.009836,172.253.118.0-255,5738,114327,96,256632
11664,0.009844,172.31.47.0-255,66,114393,96,256632
11665,0.01189,172.253.118.0-255,5738,120131,96,256632
11666,0.011898,172.31.47.0-255,66,120197,96,256632
11667,0.013951,172.253.118.0-255,5738,125935,96,256632
11668,0.013958,172.31.47.0-255,66,126001,96,256632
11669,0.015996,172.253.118.0-255,4320,130321,96,256632
11670,0.016003,172.31.47.0-255,66,130387,96,256632
11671,0.016022,172.253.118.0-255,1484,131871,96,256632
11672,0.018052,172.253.118.0-255,4320,136191,96,256632
11673,0.018058,172.31.47.0-255,66,136257,96,256632
11674,0.020115,172.253.118.0-255,5738,141995,96,256632
11675,0.020124,172.31.47.0-255,66,142061,96,256632
11676,0.02219,172.253.118.0-255,5738,147799,96,256632
11677,0.022198,172.31.47.0-255,66,147865,96,256632
11678,0.023413,172.31.47.0-255,172,148037,96,256632
11679,0.023437,172.31.47.0-255,1110,149147,96,256632
11680,0.023484,172.31.47.0-255,1514,150661,96,256632
11681,0.023486,172.31.47.0-255,1301,151962,96,256632
11682,0.024259,172.253.118.0-255,5738,157700,96,256632
11683,0.024265,172.31.47.0-255,66,157766,96,256632
11684,0.02495,104.244.42.0-255,66,157832,96,256632
11685,0.025014,104.244.42.0-255,66,157898,96,256632
11686,0.025059,104.244.42.0-255,66,157964,96,256632
11687,0.026307,172.253.118.0-255,5738,163702,96,256632
11688,0.026312,172.31.47.0-255,66,163768,96,256632
11689,0.028404,172.253.118.0-255,5738,169506,96,256632
11690,0.028411,172.31.47.0-255,66,169572,96,256632
11691,0.03046,172.253.118.0-255,5738,175310,96,256632
11692,0.030467,172.31.47.0-255,66,175376,96,256632
11693,0.032523,172.253.118.0-255,5738,181114,96,256632
11694,0.032529,172.31.47.0-255,66,181180,96,256632
11695,0.034562,172.253.118.0-255,5738,186918,96,256632
11696,0.034568,172.31.47.0-255,66,186984,96,256632
11697,0.0367,172.253.118.0-255,5738,192722,96,256632
11698,0.036707,172.31.47.0-255,66,192788,96,256632
11699,0.038762,172.253.118.0-255,5738,198526,96,256632
11700,0.038767,172.31.47.0-255,66,198592,96,256632
11701,0.040813,172.253.118.0-255,5738,204330,96,256632
11702,0.040819,172.31.47.0-255,66,204396,96,256632
11703,0.042891,172.253.118.0-255,5738,210134,96,256632
11704,0.042898,172.31.47.0-255,66,210200,96,256632
11705,0.044942,172.253.118.0-255,5738,215938,96,256632
11706,0.044948,172.31.47.0-255,66,216004,96,256632
11707,0.046984,172.253.118.0-255,5738,221742,96,256632
11708,0.046989,172.31.47.0-255,66,221808,96,256632
11709,0.049029,172.253.118.0-255,5738,227546,96,256632
11710,0.049035,172.31.47.0-255,66,227612,96,256632
11711,0.05108,172.253.118.0-255,5738,233350,96,256632
11712,0.051085,172.31.47.0-255,66,233416,96,256632
11713,0.053149,172.253.118.0-255,5738,239154,96,256632
11714,0.053157,172.31.47.0-255,66,239220,96,256632
11715,0.05523,172.253.118.0-255,5738,244958,96,256632
11716,0.055237,172.31.47.0-255,66,245024,96,256632
11717,0.057273,172.253.118.0-255,5738,250762,96,256632
11718,0.05728,172.31.47.0-255,66,250828,96,256632
11719,0.059326,172.253.118.0-255,5738,256566,96,256632
11720,0.059333,172.31.47.0-255,66,256632,96,256632
11721,0.0,172.217.194.0-255,153,153,96,315249
11722,2.6e-05,172.31.47.0-255,66,219,96,315249
11723,3.3e-05,172.217.194.0-255,1484,1703,96,315249
11724,3.7e-05,172.31.47.0-255,66,1769,96,315249
11725,4.1e-05,172.217.194.0-255,2902,4671,96,315249
11726,4.4e-05,172.31.47.0-255,66,4737,96,315249
11727,5.1e-05,172.217.194.0-255,7156,11893,96,315249
11728,5.4e-05,172.31.47.0-255,66,11959,96,315249
11729,7.9e-05,172.217.194.0-255,2139,14098,96,315249
11730,8.1e-05,172.31.47.0-255,66,14164,96,315249
11731,0.000133,172.217.194.0-255,1484,15648,96,315249
11732,0.000136,172.31.47.0-255,66,15714,96,315249
11733,0.00015,172.217.194.0-255,2902,18616,96,315249
11734,0.000153,172.31.47.0-255,66,18682,96,315249
11735,0.000158,172.217.194.0-255,4320,23002,96,315249
11736,0.000162,172.31.47.0-255,66,23068,96,315249
11737,0.000183,172.217.194.0-255,1484,24552,96,315249
11738,0.000186,172.31.47.0-255,66,24618,96,315249
11739,0.000191,172.217.194.0-255,2902,27520,96,315249
11740,0.000193,172.31.47.0-255,66,27586,96,315249
11741,0.000206,172.217.194.0-255,3961,31547,96,315249
11742,0.000209,172.31.47.0-255,66,31613,96,315249
11743,0.000215,172.217.194.0-255,4320,35933,96,315249
11744,0.000217,172.31.47.0-255,66,35999,96,315249
11745,0.000247,172.217.194.0-255,2902,38901,96,315249
11746,0.000251,172.31.47.0-255,66,38967,96,315249
11747,0.000262,172.31.47.0-255,66,39033,96,315249
11748,0.000287,172.217.194.0-255,4320,43353,96,315249
11749,0.00029,172.31.47.0-255,66,43419,96,315249
11750,0.000312,172.217.194.0-255,2902,46321,96,315249
11751,0.000315,172.31.47.0-255,66,46387,96,315249
11752,0.000326,172.31.47.0-255,66,46453,96,315249
11753,0.000328,172.217.194.0-255,1125,47578,96,315249
11754,0.00033,172.31.47.0-255,66,47644,96,315249
11755,0.000414,172.217.194.0-255,648,48292,96,315249
11756,0.000512,172.217.194.0-255,1484,49776,96,315249
11757,0.000516,172.31.47.0-255,66,49842,96,315249
11758,0.000521,172.217.194.0-255,2902,52744,96,315249
11759,0.000536,172.31.47.0-255,66,52810,96,315249
11760,0.000537,172.217.194.0-255,4320,57130,96,315249
11761,0.000556,172.31.47.0-255,66,57196,96,315249
11762,0.000557,172.217.194.0-255,4320,61516,96,315249
11763,0.000561,172.31.47.0-255,66,61582,96,315249
11764,0.000576,172.217.194.0-255,1484,63066,96,315249
11765,0.00058,172.217.194.0-255,2543,65609,96,315249
11766,0.000592,172.31.47.0-255,66,65675,96,315249
11767,0.00061,172.217.194.0-255,1484,67159,96,315249
11768,0.000627,172.217.194.0-255,1484,68643,96,315249
11769,0.000637,172.31.47.0-255,66,68709,96,315249
11770,0.000647,172.217.194.0-255,1484,70193,96,315249
11771,0.000659,172.217.194.0-255,2902,73095,96,315249
11772,0.000663,172.31.47.0-255,66,73161,96,315249
11773,0.000691,172.217.194.0-255,2902,76063,96,315249
11774,0.000693,172.31.47.0-255,66,76129,96,315249
11775,0.000709,172.217.194.0-255,2902,79031,96,315249
11776,0.000714,172.217.194.0-255,3961,82992,96,315249
11777,0.000719,172.31.47.0-255,66,83058,96,315249
11778,0.001076,172.217.194.0-255,1484,84542,96,315249
11779,0.001081,172.31.47.0-255,66,84608,96,315249
11780,0.001096,172.217.194.0-255,1484,86092,96,315249
11781,0.001098,172.31.47.0-255,66,86158,96,315249
11782,0.001102,172.217.194.0-255,2902,89060,96,315249
11783,0.001104,172.31.47.0-255,66,89126,96,315249
11784,0.001109,172.217.194.0-255,2902,92028,96,315249
11785,0.001112,172.31.47.0-255,66,92094,96,315249
11786,0.001138,172.217.194.0-255,2902,94996,96,315249
11787,0.00115,172.31.47.0-255,66,95062,96,315249
11788,0.001154,172.31.47.0-255,66,95128,96,315249
11789,0.001163,172.217.194.0-255,2902,98030,96,315249
11790,0.00117,172.217.194.0-255,7156,105186,96,315249
11791,0.001171,172.31.47.0-255,66,105252,96,315249
11792,0.001174,172.31.47.0-255,66,105318,96,315249
11793,0.001183,172.217.194.0-255,1484,106802,96,315249
11794,0.001205,172.217.194.0-255,3602,110404,96,315249
11795,0.00121,172.217.194.0-255,4320,114724,96,315249
11796,0.001212,172.31.47.0-255,66,114790,96,315249
11797,0.001216,172.31.47.0-255,66,114856,96,315249
11798,0.001231,172.217.194.0-255,2902,117758,96,315249
11799,0.001239,172.31.47.0-255,66,117824,96,315249
11800,0.001251,172.217.194.0-255,7156,124980,96,315249
11801,0.001254,172.31.47.0-255,66,125046,96,315249
11802,0.001258,172.217.194.0-255,7156,132202,96,315249
11803,0.001264,172.217.194.0-255,5738,137940,96,315249
11804,0.001269,172.31.47.0-255,66,138006,96,315249
11805,0.001292,172.217.194.0-255,2902,140908,96,315249
11806,0.001295,172.217.194.0-255,766,141674,96,315249
11807,0.001309,172.31.47.0-255,66,141740,96,315249
11808,0.001824,172.217.194.0-255,1484,143224,96,315249
11809,0.00183,172.31.47.0-255,66,143290,96,315249
11810,0.001839,172.217.194.0-255,2902,146192,96,315249
11811,0.001843,172.217.194.0-255,1484,147676,96,315249
11812,0.001864,172.217.194.0-255,4320,151996,96,315249
11813,0.001867,172.217.194.0-255,1484,153480,96,315249
11814,0.001889,172.217.194.0-255,7156,160636,96,315249
11815,0.001922,172.217.194.0-255,4320,164956,96,315249
11816,0.001955,172.217.194.0-255,2184,167140,96,315249
11817,0.006355,172.31.47.0-255,66,167206,96,315249
11818,0.008399,172.217.194.0-255,5738,172944,96,315249
11819,0.008409,172.31.47.0-255,66,173010,96,315249
11820,0.010424,172.217.194.0-255,5738,178748,96,315249
11821,0.010431,172.31.47.0-255,66,178814,96,315249
11822,0.012438,172.217.194.0-255,5738,184552,96,315249
11823,0.014397,172.31.47.0-255,66,184618,96,315249
11824,0.016426,172.217.194.0-255,5738,190356,96,315249
11825,0.016438,172.31.47.0-255,66,190422,96,315249
11826,0.018439,172.217.194.0-255,5738,196160,96,315249
11827,0.018445,172.31.47.0-255,66,196226,96,315249
11828,0.020445,172.217.194.0-255,5738,201964,96,315249
11829,0.020451,172.31.47.0-255,66,202030,96,315249
11830,0.02247,172.217.194.0-255,5738,207768,96,315249
11831,0.022482,172.31.47.0-255,66,207834,96,315249
11832,0.0245,172.217.194.0-255,5738,213572,96,315249
11833,0.024511,172.31.47.0-255,66,213638,96,315249
11834,0.026526,172.217.194.0-255,5738,219376,96,315249
11835,0.026541,172.31.47.0-255,66,219442,96,315249
11836,0.028564,172.217.194.0-255,5738,225180,96,315249
11837,0.028584,172.31.47.0-255,66,225246,96,315249
11838,0.030588,172.217.194.0-255,5738,230984,96,315249
11839,0.030604,172.31.47.0-255,66,231050,96,315249
11840,0.032617,172.217.194.0-255,5738,236788,96,315249
11841,0.032634,172.31.47.0-255,66,236854,96,315249
11842,0.034782,172.217.194.0-255,5738,242592,96,315249
11843,0.034806,172.31.47.0-255,66,242658,96,315249
11844,0.036826,172.217.194.0-255,5738,248396,96,315249
11845,0.036837,172.31.47.0-255,66,248462,96,315249
11846,0.038878,172.217.194.0-255,5738,254200,96,315249
11847,0.038892,172.31.47.0-255,66,254266,96,315249
11848,0.039288,172.31.47.0-255,172,254438,96,315249
11849,0.03932,172.31.47.0-255,1101,255539,96,315249
11850,0.039354,172.31.47.0-255,1514,257053,96,315249
11851,0.039356,172.31.47.0-255,1310,258363,96,315249
11852,0.040808,104.244.42.0-255,66,258429,96,315249
11853,0.040839,104.244.42.0-255,66,258495,96,315249
11854,0.040877,104.244.42.0-255,66,258561,96,315249
11855,0.040907,172.217.194.0-255,5738,264299,96,315249
11856,0.040913,172.31.47.0-255,66,264365,96,315249
11857,0.042932,172.217.194.0-255,5738,270103,96,315249
11858,0.042955,172.31.47.0-255,66,270169,96,315249
11859,0.045003,172.217.194.0-255,5738,275907,96,315249
11860,0.045022,172.31.47.0-255,66,275973,96,315249
11861,0.047079,172.217.194.0-255,5738,281711,96,315249
11862,0.047094,172.31.47.0-255,66,281777,96,315249
11863,0.049101,172.217.194.0-255,5738,287515,96,315249
11864,0.049118,172.31.47.0-255,66,287581,96,315249
11865,0.051116,172.217.194.0-255,5738,293319,96,315249
11866,0.051139,172.31.47.0-255,66,293385,96,315249
11867,0.053163,172.217.194.0-255,5738,299123,96,315249
11868,0.053173,172.31.47.0-255,66,299189,96,315249
11869,0.055191,172.217.194.0-255,4320,303509,96,315249
11870,0.055196,172.31.47.0-255,66,303575,96,315249
11871,0.055222,172.217.194.0-255,1484,305059,96,315249
11872,0.057215,172.217.194.0-255,4320,309379,96,315249
11873,0.05722,172.31.47.0-255,66,309445,96,315249
11874,0.059232,172.217.194.0-255,5738,315183,96,315249
11875,0.0593,172.31.47.0-255,66,315249,96,315249
11876,0.0,74.125.24.0-255,154,154,96,244261
11877,2.4e-05,172.31.47.0-255,66,220,96,244261
11878,3e-05,74.125.24.0-255,1484,1704,96,244261
11879,3.3e-05,172.31.47.0-255,66,1770,96,244261
11880,5.8e-05,74.125.24.0-255,2902,4672,96,244261
11881,6e-05,172.31.47.0-255,66,4738,96,244261
11882,6.6e-05,74.125.24.0-255,7156,11894,96,244261
11883,6.8e-05,172.31.47.0-255,66,11960,96,244261
11884,8.3e-05,74.125.24.0-255,1484,13444,96,244261
11885,8.5e-05,172.31.47.0-255,66,13510,96,244261
11886,0.0001,74.125.24.0-255,3480,16990,96,244261
11887,0.000103,172.31.47.0-255,66,17056,96,244261
11888,0.000126,74.125.24.0-255,5738,22794,96,244261
11889,0.000129,172.31.47.0-255,66,22860,96,244261
11890,0.000146,74.125.24.0-255,2902,25762,96,244261
11891,0.000148,172.31.47.0-255,66,25828,96,244261
11892,0.000162,74.125.24.0-255,5379,31207,96,244261
11893,0.000164,172.31.47.0-255,66,31273,96,244261
11894,0.000274,74.125.24.0-255,1484,32757,96,244261
11895,0.000277,172.31.47.0-255,66,32823,96,244261
11896,0.000291,74.125.24.0-255,2902,35725,96,244261
11897,0.000293,172.31.47.0-255,66,35791,96,244261
11898,0.000296,74.125.24.0-255,1484,37275,96,244261
11899,0.000298,172.31.47.0-255,66,37341,96,244261
11900,0.000316,74.125.24.0-255,4320,41661,96,244261
11901,0.000319,172.31.47.0-255,66,41727,96,244261
11902,0.000369,172.31.47.0-255,66,41793,96,244261
11903,0.000393,74.125.24.0-255,1484,43277,96,244261
11904,0.000396,172.31.47.0-255,66,43343,96,244261
11905,0.00042,172.31.47.0-255,66,43409,96,244261
11906,0.000518,74.125.24.0-255,1484,44893,96,244261
11907,0.000524,74.125.24.0-255,2902,47795,96,244261
11908,0.000526,172.31.47.0-255,66,47861,96,244261
11909,0.000549,74.125.24.0-255,5738,53599,96,244261
11910,0.000552,172.31.47.0-255,66,53665,96,244261
11911,0.000555,74.125.24.0-255,1484,55149,96,244261
11912,0.000597,74.125.24.0-255,4320,59469,96,244261
11913,0.000599,172.31.47.0-255,66,59535,96,244261
11914,0.000625,172.31.47.0-255,66,59601,96,244261
11915,0.000651,74.125.24.0-255,1484,61085,96,244261
11916,0.000674,172.31.47.0-255,66,61151,96,244261
11917,0.000789,74.125.24.0-255,1484,62635,96,244261
11918,0.000806,74.125.24.0-255,1484,64119,96,244261
11919,0.000809,172.31.47.0-255,66,64185,96,244261
11920,0.000827,74.125.24.0-255,1484,65669,96,244261
11921,0.000833,74.125.24.0-255,5738,71407,96,244261
11922,0.000836,172.31.47.0-255,66,71473,96,244261
11923,0.00084,74.125.24.0-255,2902,74375,96,244261
11924,0.000842,172.31.47.0-255,66,74441,96,244261
11925,0.000864,172.31.47.0-255,66,74507,96,244261
11926,0.000873,172.31.47.0-255,66,74573,96,244261
11927,0.00094,172.31.47.0-255,66,74639,96,244261
11928,0.000959,74.125.24.0-255,3602,78241,96,244261
11929,0.000962,172.31.47.0-255,66,78307,96,244261
11930,0.000966,74.125.24.0-255,2902,81209,96,244261
11931,0.000968,172.31.47.0-255,66,81275,96,244261
11932,0.000991,172.31.47.0-255,66,81341,96,244261
11933,0.001083,74.125.24.0-255,1484,82825,96,244261
11934,0.001108,74.125.24.0-255,1484,84309,96,244261
11935,0.001111,172.31.47.0-255,66,84375,96,244261
11936,0.001115,74.125.24.0-255,1484,85859,96,244261
11937,0.001133,74.125.24.0-255,1484,87343,96,244261
11938,0.001136,172.31.47.0-255,66,87409,96,244261
11939,0.001142,74.125.24.0-255,5738,93147,96,244261
11940,0.001144,172.31.47.0-255,66,93213,96,244261
11941,0.001146,74.125.24.0-255,1484,94697,96,244261
11942,0.001186,172.31.47.0-255,66,94763,96,244261
11943,0.001191,172.31.47.0-255,66,94829,96,244261
11944,0.001499,74.125.24.0-255,1484,96313,96,244261
11945,0.001511,74.125.24.0-255,2902,99215,96,244261
11946,0.001514,172.31.47.0-255,66,99281,96,244261
11947,0.00152,74.125.24.0-255,5738,105019,96,244261
11948,0.001522,172.31.47.0-255,66,105085,96,244261
11949,0.001533,74.125.24.0-255,2902,107987,96,244261
11950,0.001536,172.31.47.0-255,66,108053,96,244261
11951,0.001561,74.125.24.0-255,7156,115209,96,244261
11952,0.001564,172.31.47.0-255,66,115275,96,244261
11953,0.001576,74.125.24.0-255,2902,118177,96,244261
11954,0.001579,172.31.47.0-255,66,118243,96,244261
11955,0.001606,172.31.47.0-255,66,118309,96,244261
11956,0.001631,74.125.24.0-255,1484,119793,96,244261
11957,0.001647,74.125.24.0-255,2902,122695,96,244261
11958,0.001651,172.31.47.0-255,66,122761,96,244261
11959,0.001654,74.125.24.0-255,1484,124245,96,244261
11960,0.001669,74.125.24.0-255,4320,128565,96,244261
11961,0.001671,172.31.47.0-255,66,128631,96,244261
11962,0.001676,74.125.24.0-255,4320,132951,96,244261
11963,0.001678,172.31.47.0-255,66,133017,96,244261
11964,0.001696,74.125.24.0-255,4320,137337,96,244261
11965,0.001699,172.31.47.0-255,66,137403,96,244261
11966,0.001746,74.125.24.0-255,2902,140305,96,244261
11967,0.001749,172.31.47.0-255,66,140371,96,244261
11968,0.001778,172.31.47.0-255,66,140437,96,244261
11969,0.001877,74.125.24.0-255,1484,141921,96,244261
11970,0.001897,74.125.24.0-255,2902,144823,96,244261
11971,0.001899,172.31.47.0-255,66,144889,96,244261
11972,0.001903,74.125.24.0-255,1484,146373,96,244261
11973,0.001921,74.125.24.0-255,4320,150693,96,244261
11974,0.001923,172.31.47.0-255,66,150759,96,244261
11975,0.001928,74.125.24.0-255,4320,155079,96,244261
11976,0.00193,172.31.47.0-255,66,155145,96,244261
11977,0.001958,74.125.24.0-255,5738,160883,96,244261
11978,0.001965,172.31.47.0-255,66,160949,96,244261
11979,0.001972,74.125.24.0-255,5738,166687,96,244261
11980,0.001974,172.31.47.0-255,66,166753,96,244261
11981,0.001987,74.125.24.0-255,4320,171073,96,244261
11982,0.00199,172.31.47.0-255,66,171139,96,244261
11983,0.002004,74.125.24.0-255,2902,174041,96,244261
11984,0.002006,172.31.47.0-255,66,174107,96,244261
11985,0.002009,74.125.24.0-255,766,174873,96,244261
11986,0.002176,172.31.47.0-255,66,174939,96,244261
11987,0.002176,74.125.24.0-255,1484,176423,96,244261
11988,0.002195,74.125.24.0-255,2902,179325,96,244261
11989,0.002197,172.31.47.0-255,66,179391,96,244261
11990,0.002203,74.125.24.0-255,5738,185129,96,244261
11991,0.002207,172.31.47.0-255,66,185195,96,244261
11992,0.002213,74.125.24.0-255,4320,189515,96,244261
11993,0.002215,172.31.47.0-255,66,189581,96,244261
11994,0.002264,74.125.24.0-255,1484,191065,96,244261
11995,0.002268,172.31.47.0-255,78,191143,96,244261
11996,0.002278,172.31.47.0-255,78,191221,96,244261
11997,0.002292,74.125.24.0-255,5738,196959,96,244261
11998,0.002295,172.31.47.0-255,66,197025,96,244261
11999,0.002321,74.125.24.0-255,6438,203463,96,244261
12000,0.002323,172.31.47.0-255,66,203529,96,244261
12001,0.002326,74.125.24.0-255,1484,205013,96,244261
12002,0.002328,74.125.24.0-255,1484,206497,96,244261
12003,0.00233,172.31.47.0-255,66,206563,96,244261
12004,0.002332,74.125.24.0-255,1484,208047,96,244261
12005,0.002335,172.31.47.0-255,78,208125,96,244261
12006,0.00234,74.125.24.0-255,5738,213863,96,244261
12007,0.002343,172.31.47.0-255,78,213941,96,244261
12008,0.002369,74.125.24.0-255,5738,219679,96,244261
12009,0.002373,172.31.47.0-255,66,219745,96,244261
12010,0.002378,74.125.24.0-255,5738,225483,96,244261
12011,0.002383,172.31.47.0-255,66,225549,96,244261
12012,0.002396,172.31.47.0-255,66,225615,96,244261
12013,0.002399,74.125.24.0-255,1484,227099,96,244261
12014,0.002422,74.125.24.0-255,4320,231419,96,244261
12015,0.002424,172.31.47.0-255,66,231485,96,244261
12016,0.002437,74.125.24.0-255,2902,234387,96,244261
12017,0.002439,172.31.47.0-255,66,234453,96,244261
12018,0.002473,172.31.47.0-255,66,234519,96,244261
12019,0.002485,172.31.47.0-255,66,234585,96,244261
12020,0.002489,74.125.24.0-255,2902,237487,96,244261
12021,0.002492,172.31.47.0-255,66,237553,96,244261
12022,0.002526,172.31.47.0-255,66,237619,96,244261
12023,0.002529,74.125.24.0-255,97,237716,96,244261
12024,0.002531,74.125.24.0-255,105,237821,96,244261
12025,0.007279,172.31.47.0-255,66,237887,96,244261
12026,0.007306,172.31.47.0-255,105,237992,96,244261
12027,0.009248,74.125.24.0-255,66,238058,96,244261
12028,0.024265,172.31.47.0-255,172,238230,96,244261
12029,0.024296,172.31.47.0-255,1105,239335,96,244261
12030,0.024358,172.31.47.0-255,1514,240849,96,244261
12031,0.024361,172.31.47.0-255,1514,242363,96,244261
12032,0.024362,172.31.47.0-255,1514,243877,96,244261
12033,0.024362,172.31.47.0-255,120,243997,96,244261
12034,0.025805,104.244.42.0-255,66,244063,96,244261
12035,0.025826,104.244.42.0-255,66,244129,96,244261
12036,0.02593,104.244.42.0-255,66,244195,96,244261
12037,0.025936,104.244.42.0-255,66,244261,96,244261
12038,0.0,74.125.24.0-255,159,159,96,206583
12039,3.4e-05,172.31.47.0-255,66,225,96,206583
12040,4e-05,74.125.24.0-255,1484,1709,96,206583
12041,4.5e-05,172.31.47.0-255,66,1775,96,206583
12042,5e-05,74.125.24.0-255,2902,4677,96,206583
12043,5.1e-05,172.31.47.0-255,66,4743,96,206583
12044,5.7e-05,74.125.24.0-255,7156,11899,96,206583
12045,6e-05,172.31.47.0-255,66,11965,96,206583
12046,6.3e-05,74.125.24.0-255,1484,13449,96,206583
12047,6.5e-05,172.31.47.0-255,66,13515,96,206583
12048,0.000102,172.31.47.0-255,66,13581,96,206583
12049,0.000121,74.125.24.0-255,2543,16124,96,206583
12050,0.000123,172.31.47.0-255,66,16190,96,206583
12051,0.000453,74.125.24.0-255,1484,17674,96,206583
12052,0.000457,172.31.47.0-255,66,17740,96,206583
12053,0.000463,74.125.24.0-255,2902,20642,96,206583
12054,0.000464,172.31.47.0-255,66,20708,96,206583
12055,0.000479,74.125.24.0-255,5738,26446,96,206583
12056,0.000481,172.31.47.0-255,66,26512,96,206583
12057,0.000502,74.125.24.0-255,1484,27996,96,206583
12058,0.000504,172.31.47.0-255,66,28062,96,206583
12059,0.000531,172.31.47.0-255,66,28128,96,206583
12060,0.000541,172.31.47.0-255,66,28194,96,206583
12061,0.00056,74.125.24.0-255,1432,29626,96,206583
12062,0.000565,172.31.47.0-255,66,29692,96,206583
12063,0.00075,74.125.24.0-255,114,29806,96,206583
12064,0.000754,172.31.47.0-255,66,29872,96,206583
12065,0.000883,74.125.24.0-255,1484,31356,96,206583
12066,0.000888,172.31.47.0-255,66,31422,96,206583
12067,0.000893,74.125.24.0-255,2902,34324,96,206583
12068,0.000895,172.31.47.0-255,66,34390,96,206583
12069,0.000909,74.125.24.0-255,4320,38710,96,206583
12070,0.000912,172.31.47.0-255,66,38776,96,206583
12071,0.000925,74.125.24.0-255,1484,40260,96,206583
12072,0.000931,74.125.24.0-255,4320,44580,96,206583
12073,0.000933,172.31.47.0-255,66,44646,96,206583
12074,0.000953,74.125.24.0-255,1484,46130,96,206583
12075,0.000992,172.31.47.0-255,66,46196,96,206583
12076,0.001,74.125.24.0-255,6797,52993,96,206583
12077,0.001003,172.31.47.0-255,66,53059,96,206583
12078,0.003276,74.125.24.0-255,4320,57379,96,206583
12079,0.003282,172.31.47.0-255,66,57445,96,206583
12080,0.003298,74.125.24.0-255,1484,58929,96,206583
12081,0.005534,74.125.24.0-255,4320,63249,96,206583
12082,0.005539,172.31.47.0-255,66,63315,96,206583
12083,0.007763,74.125.24.0-255,5738,69053,96,206583
12084,0.007769,172.31.47.0-255,66,69119,96,206583
12085,0.010032,74.125.24.0-255,5738,74857,96,206583
12086,0.010039,172.31.47.0-255,66,74923,96,206583
12087,0.012305,74.125.24.0-255,5738,80661,96,206583
12088,0.012311,172.31.47.0-255,66,80727,96,206583
12089,0.014558,74.125.24.0-255,5738,86465,96,206583
12090,0.014566,172.31.47.0-255,66,86531,96,206583
12091,0.0168,74.125.24.0-255,5738,92269,96,206583
12092,0.016808,172.31.47.0-255,66,92335,96,206583
12093,0.019046,74.125.24.0-255,5738,98073,96,206583
12094,0.019053,172.31.47.0-255,66,98139,96,206583
12095,0.02128,74.125.24.0-255,5738,103877,96,206583
12096,0.021285,172.31.47.0-255,66,103943,96,206583
12097,0.021286,172.31.47.0-255,172,104115,96,206583
12098,0.021309,172.31.47.0-255,1111,105226,96,206583
12099,0.021343,172.31.47.0-255,1514,106740,96,206583
12100,0.021344,172.31.47.0-255,1514,108254,96,206583
12101,0.021349,172.31.47.0-255,1514,109768,96,206583
12102,0.02135,172.31.47.0-255,1081,110849,96,206583
12103,0.022818,104.244.42.0-255,66,110915,96,206583
12104,0.022856,104.244.42.0-255,66,110981,96,206583
12105,0.0229,104.244.42.0-255,66,111047,96,206583
12106,0.022902,104.244.42.0-255,66,111113,96,206583
12107,0.023517,74.125.24.0-255,4320,115433,96,206583
12108,0.023522,172.31.47.0-255,66,115499,96,206583
12109,0.02355,74.125.24.0-255,1484,116983,96,206583
12110,0.025777,74.125.24.0-255,4320,121303,96,206583
12111,0.025784,172.31.47.0-255,66,121369,96,206583
12112,0.028037,74.125.24.0-255,5738,127107,96,206583
12113,0.028046,172.31.47.0-255,66,127173,96,206583
12114,0.03031,74.125.24.0-255,2902,130075,96,206583
12115,0.030316,172.31.47.0-255,66,130141,96,206583
12116,0.030347,74.125.24.0-255,2902,133043,96,206583
12117,0.03035,172.31.47.0-255,66,133109,96,206583
12118,0.032524,74.125.24.0-255,2902,136011,96,206583
12119,0.03253,172.31.47.0-255,66,136077,96,206583
12120,0.032583,74.125.24.0-255,2902,138979,96,206583
12121,0.032587,172.31.47.0-255,66,139045,96,206583
12122,0.03472,74.125.24.0-255,1484,140529,96,206583
12123,0.034745,74.125.24.0-255,1484,142013,96,206583
12124,0.034749,172.31.47.0-255,66,142079,96,206583
12125,0.034786,74.125.24.0-255,2902,144981,96,206583
12126,0.034789,172.31.47.0-255,66,145047,96,206583
12127,0.036971,74.125.24.0-255,2902,147949,96,206583
12128,0.036976,172.31.47.0-255,66,148015,96,206583
12129,0.037029,74.125.24.0-255,2902,150917,96,206583
12130,0.037033,172.31.47.0-255,66,150983,96,206583
12131,0.039224,74.125.24.0-255,2902,153885,96,206583
12132,0.039231,172.31.47.0-255,66,153951,96,206583
12133,0.039278,74.125.24.0-255,2902,156853,96,206583
12134,0.039283,172.31.47.0-255,66,156919,96,206583
12135,0.04149,74.125.24.0-255,5738,162657,96,206583
12136,0.041496,172.31.47.0-255,66,162723,96,206583
12137,0.043699,74.125.24.0-255,5738,168461,96,206583
12138,0.043707,172.31.47.0-255,66,168527,96,206583
12139,0.045973,74.125.24.0-255,4320,172847,96,206583
12140,0.045978,172.31.47.0-255,66,172913,96,206583
12141,0.046004,74.125.24.0-255,1484,174397,96,206583
12142,0.048228,74.125.24.0-255,4320,178717,96,206583
12143,0.048234,172.31.47.0-255,66,178783,96,206583
12144,0.050494,74.125.24.0-255,5738,184521,96,206583
12145,0.050499,172.31.47.0-255,66,184587,96,206583
12146,0.052753,74.125.24.0-255,2902,187489,96,206583
12147,0.052757,172.31.47.0-255,66,187555,96,206583
12148,0.052784,74.125.24.0-255,2902,190457,96,206583
12149,0.052786,172.31.47.0-255,66,190523,96,206583
12150,0.054986,74.125.24.0-255,4320,194843,96,206583
12151,0.054992,172.31.47.0-255,66,194909,96,206583
12152,0.055022,74.125.24.0-255,1484,196393,96,206583
12153,0.057205,74.125.24.0-255,4320,200713,96,206583
12154,0.057211,172.31.47.0-255,66,200779,96,206583
12155,0.059433,74.125.24.0-255,5738,206517,96,206583
12156,0.05944,172.31.47.0-255,66,206583,96,206583
12157,0.0,74.125.68.0-255,153,153,96,290423
12158,3.3e-05,172.31.47.0-255,66,219,96,290423
12159,3.9e-05,74.125.68.0-255,1484,1703,96,290423
12160,4.2e-05,172.31.47.0-255,66,1769,96,290423
12161,4.6e-05,74.125.68.0-255,2902,4671,96,290423
12162,4.9e-05,172.31.47.0-255,66,4737,96,290423
12163,5.4e-05,74.125.68.0-255,4320,9057,96,290423
12164,5.7e-05,172.31.47.0-255,66,9123,96,290423
12165,8.1e-05,74.125.68.0-255,5052,14175,96,290423
12166,8.4e-05,172.31.47.0-255,66,14241,96,290423
12167,0.000198,74.125.68.0-255,1484,15725,96,290423
12168,0.000202,172.31.47.0-255,66,15791,96,290423
12169,0.000209,74.125.68.0-255,2902,18693,96,290423
12170,0.00021,172.31.47.0-255,66,18759,96,290423
12171,0.000214,74.125.68.0-255,1484,20243,96,290423
12172,0.000215,172.31.47.0-255,66,20309,96,290423
12173,0.000231,74.125.68.0-255,4320,24629,96,290423
12174,0.000233,172.31.47.0-255,66,24695,96,290423
12175,0.000237,74.125.68.0-255,2902,27597,96,290423
12176,0.000238,172.31.47.0-255,66,27663,96,290423
12177,0.000241,74.125.68.0-255,1484,29147,96,290423
12178,0.000243,172.31.47.0-255,66,29213,96,290423
12179,0.000261,74.125.68.0-255,2543,31756,96,290423
12180,0.000263,172.31.47.0-255,66,31822,96,290423
12181,0.000301,74.125.68.0-255,1484,33306,96,290423
12182,0.000304,172.31.47.0-255,66,33372,96,290423
12183,0.000309,74.125.68.0-255,2902,36274,96,290423
12184,0.000311,172.31.47.0-255,66,36340,96,290423
12185,0.000335,74.125.68.0-255,1484,37824,96,290423
12186,0.000337,172.31.47.0-255,66,37890,96,290423
12187,0.000358,74.125.68.0-255,4320,42210,96,290423
12188,0.000362,74.125.68.0-255,4320,46530,96,290423
12189,0.000363,172.31.47.0-255,66,46596,96,290423
12190,0.000367,172.31.47.0-255,66,46662,96,290423
12191,0.000393,74.125.68.0-255,2543,49205,96,290423
12192,0.000396,172.31.47.0-255,66,49271,96,290423
12193,0.000698,74.125.68.0-255,1484,50755,96,290423
12194,0.000703,74.125.68.0-255,1484,52239,96,290423
12195,0.000706,172.31.47.0-255,66,52305,96,290423
12196,0.000726,74.125.68.0-255,2902,55207,96,290423
12197,0.00073,172.31.47.0-255,66,55273,96,290423
12198,0.000751,74.125.68.0-255,5738,61011,96,290423
12199,0.000754,172.31.47.0-255,66,61077,96,290423
12200,0.000761,74.125.68.0-255,6797,67874,96,290423
12201,0.000763,172.31.47.0-255,66,67940,96,290423
12202,0.000766,74.125.68.0-255,1484,69424,96,290423
12203,0.000785,74.125.68.0-255,5738,75162,96,290423
12204,0.000788,172.31.47.0-255,66,75228,96,290423
12205,0.000794,74.125.68.0-255,4320,79548,96,290423
12206,0.000795,172.31.47.0-255,66,79614,96,290423
12207,0.000816,74.125.68.0-255,4541,84155,96,290423
12208,0.000819,172.31.47.0-255,66,84221,96,290423
12209,0.000838,74.125.68.0-255,1484,85705,96,290423
12210,0.000852,74.125.68.0-255,2902,88607,96,290423
12211,0.000855,172.31.47.0-255,66,88673,96,290423
12212,0.000874,74.125.68.0-255,4320,92993,96,290423
12213,0.000877,172.31.47.0-255,66,93059,96,290423
12214,0.000891,74.125.68.0-255,4320,97379,96,290423
12215,0.000894,172.31.47.0-255,66,97445,96,290423
12216,0.000911,74.125.68.0-255,3961,101406,96,290423
12217,0.000914,172.31.47.0-255,66,101472,96,290423
12218,0.001457,74.125.68.0-255,1484,102956,96,290423
12219,0.001466,74.125.68.0-255,1484,104440,96,290423
12220,0.001471,172.31.47.0-255,66,104506,96,290423
12221,0.001497,74.125.68.0-255,1484,105990,96,290423
12222,0.001504,74.125.68.0-255,4320,110310,96,290423
12223,0.001506,172.31.47.0-255,66,110376,96,290423
12224,0.001512,74.125.68.0-255,5738,116114,96,290423
12225,0.001515,172.31.47.0-255,66,116180,96,290423
12226,0.001552,172.31.47.0-255,66,116246,96,290423
12227,0.001559,74.125.68.0-255,4320,120566,96,290423
12228,0.001561,172.31.47.0-255,66,120632,96,290423
12229,0.001602,74.125.68.0-255,3602,124234,96,290423
12230,0.001606,172.31.47.0-255,66,124300,96,290423
12231,0.001648,74.125.68.0-255,1484,125784,96,290423
12232,0.001673,74.125.68.0-255,2902,128686,96,290423
12233,0.001677,172.31.47.0-255,66,128752,96,290423
12234,0.0017,74.125.68.0-255,2902,131654,96,290423
12235,0.001703,172.31.47.0-255,66,131720,96,290423
12236,0.001721,74.125.68.0-255,2902,134622,96,290423
12237,0.001725,172.31.47.0-255,66,134688,96,290423
12238,0.001729,74.125.68.0-255,2902,137590,96,290423
12239,0.001731,172.31.47.0-255,66,137656,96,290423
12240,0.001734,74.125.68.0-255,1484,139140,96,290423
12241,0.001758,74.125.68.0-255,2902,142042,96,290423
12242,0.001762,172.31.47.0-255,66,142108,96,290423
12243,0.001804,172.31.47.0-255,66,142174,96,290423
12244,0.001807,74.125.68.0-255,1484,143658,96,290423
12245,0.001826,74.125.68.0-255,2902,146560,96,290423
12246,0.001828,172.31.47.0-255,66,146626,96,290423
12247,0.001853,74.125.68.0-255,3602,150228,96,290423
12248,0.001856,172.31.47.0-255,66,150294,96,290423
12249,0.004207,74.125.68.0-255,1484,151778,96,290423
12250,0.004234,74.125.68.0-255,4320,156098,96,290423
12251,0.004239,172.31.47.0-255,66,156164,96,290423
12252,0.006598,74.125.68.0-255,2902,159066,96,290423
12253,0.006604,172.31.47.0-255,66,159132,96,290423
12254,0.006623,74.125.68.0-255,2902,162034,96,290423
12255,0.006626,172.31.47.0-255,66,162100,96,290423
12256,0.008969,74.125.68.0-255,2902,165002,96,290423
12257,0.008976,172.31.47.0-255,66,165068,96,290423
12258,0.008997,74.125.68.0-255,2902,167970,96,290423
12259,0.009,172.31.47.0-255,66,168036,96,290423
12260,0.011339,74.125.68.0-255,2902,170938,96,290423
12261,0.011346,172.31.47.0-255,66,171004,96,290423
12262,0.011369,74.125.68.0-255,2902,173906,96,290423
12263,0.011372,172.31.47.0-255,66,173972,96,290423
12264,0.01371,74.125.68.0-255,2902,176874,96,290423
12265,0.013717,172.31.47.0-255,66,176940,96,290423
12266,0.013738,74.125.68.0-255,2902,179842,96,290423
12267,0.01374,172.31.47.0-255,66,179908,96,290423
12268,0.016087,74.125.68.0-255,4320,184228,96,290423
12269,0.016093,172.31.47.0-255,66,184294,96,290423
12270,0.016113,74.125.68.0-255,1484,185778,96,290423
12271,0.018478,74.125.68.0-255,4320,190098,96,290423
12272,0.018492,172.31.47.0-255,66,190164,96,290423
12273,0.020867,74.125.68.0-255,5738,195902,96,290423
12274,0.020875,172.31.47.0-255,66,195968,96,290423
12275,0.023248,74.125.68.0-255,5738,201706,96,290423
12276,0.023257,172.31.47.0-255,66,201772,96,290423
12277,0.025664,74.125.68.0-255,5738,207510,96,290423
12278,0.025671,172.31.47.0-255,66,207576,96,290423
12279,0.028053,74.125.68.0-255,5738,213314,96,290423
12280,0.02806,172.31.47.0-255,66,213380,96,290423
12281,0.030434,74.125.68.0-255,5738,219118,96,290423
12282,0.030448,172.31.47.0-255,66,219184,96,290423
12283,0.032815,74.125.68.0-255,5738,224922,96,290423
12284,0.032821,172.31.47.0-255,66,224988,96,290423
12285,0.035206,74.125.68.0-255,5738,230726,96,290423
12286,0.035219,172.31.47.0-255,66,230792,96,290423
12287,0.037599,74.125.68.0-255,5738,236530,96,290423
12288,0.03761,172.31.47.0-255,66,236596,96,290423
12289,0.039989,74.125.68.0-255,5738,242334,96,290423
12290,0.039992,172.31.47.0-255,172,242506,96,290423
12291,0.039994,172.31.47.0-255,66,242572,96,290423
12292,0.040021,172.31.47.0-255,1105,243677,96,290423
12293,0.040113,172.31.47.0-255,1514,245191,96,290423
12294,0.040115,172.31.47.0-255,1306,246497,96,290423
12295,0.041545,104.244.42.0-255,66,246563,96,290423
12296,0.041556,104.244.42.0-255,66,246629,96,290423
12297,0.041671,104.244.42.0-255,66,246695,96,290423
12298,0.042368,74.125.68.0-255,5738,252433,96,290423
12299,0.042379,172.31.47.0-255,66,252499,96,290423
12300,0.044748,74.125.68.0-255,5738,258237,96,290423
12301,0.044754,172.31.47.0-255,66,258303,96,290423
12302,0.047114,74.125.68.0-255,4320,262623,96,290423
12303,0.047119,172.31.47.0-255,66,262689,96,290423
12304,0.047146,74.125.68.0-255,1484,264173,96,290423
12305,0.049494,74.125.68.0-255,4320,268493,96,290423
12306,0.049499,172.31.47.0-255,66,268559,96,290423
12307,0.051858,74.125.68.0-255,5738,274297,96,290423
12308,0.051863,172.31.47.0-255,66,274363,96,290423
12309,0.054224,74.125.68.0-255,5738,280101,96,290423
12310,0.054229,172.31.47.0-255,66,280167,96,290423
12311,0.056595,74.125.68.0-255,4320,284487,96,290423
12312,0.0566,172.31.47.0-255,66,284553,96,290423
12313,0.056618,74.125.68.0-255,1484,286037,96,290423
12314,0.058989,74.125.68.0-255,4320,290357,96,290423
12315,0.058999,172.31.47.0-255,66,290423,96,290423
12316,0.0,74.125.24.0-255,153,153,96,275607
12317,1.9e-05,172.31.47.0-255,66,219,96,275607
12318,4.9e-05,74.125.24.0-255,1484,1703,96,275607
12319,5.2e-05,172.31.47.0-255,66,1769,96,275607
12320,5.7e-05,74.125.24.0-255,2902,4671,96,275607
12321,5.9e-05,172.31.47.0-255,66,4737,96,275607
12322,8.7e-05,74.125.24.0-255,5738,10475,96,275607
12323,9e-05,172.31.47.0-255,66,10541,96,275607
12324,0.000115,74.125.24.0-255,1484,12025,96,275607
12325,0.000117,172.31.47.0-255,66,12091,96,275607
12326,0.000153,172.31.47.0-255,66,12157,96,275607
12327,0.000159,74.125.24.0-255,6797,18954,96,275607
12328,0.000161,172.31.47.0-255,66,19020,96,275607
12329,0.00022,74.125.24.0-255,1484,20504,96,275607
12330,0.000223,172.31.47.0-255,66,20570,96,275607
12331,0.000226,74.125.24.0-255,1484,22054,96,275607
12332,0.000228,172.31.47.0-255,66,22120,96,275607
12333,0.000248,74.125.24.0-255,1484,23604,96,275607
12334,0.000251,172.31.47.0-255,66,23670,96,275607
12335,0.000254,74.125.24.0-255,1484,25154,96,275607
12336,0.000255,172.31.47.0-255,66,25220,96,275607
12337,0.000289,74.125.24.0-255,4320,29540,96,275607
12338,0.000292,172.31.47.0-255,66,29606,96,275607
12339,0.000298,74.125.24.0-255,6797,36403,96,275607
12340,0.0003,172.31.47.0-255,66,36469,96,275607
12341,0.000307,74.125.24.0-255,1484,37953,96,275607
12342,0.00031,172.31.47.0-255,66,38019,96,275607
12343,0.000329,74.125.24.0-255,5738,43757,96,275607
12344,0.000331,172.31.47.0-255,66,43823,96,275607
12345,0.000341,74.125.24.0-255,5738,49561,96,275607
12346,0.000344,172.31.47.0-255,66,49627,96,275607
12347,0.000396,74.125.24.0-255,4320,53947,96,275607
12348,0.000399,172.31.47.0-255,66,54013,96,275607
12349,0.000422,74.125.24.0-255,327,54340,96,275607
12350,0.000563,74.125.24.0-255,1484,55824,96,275607
12351,0.000566,172.31.47.0-255,66,55890,96,275607
12352,0.000593,74.125.24.0-255,2902,58792,96,275607
12353,0.000596,172.31.47.0-255,66,58858,96,275607
12354,0.000601,74.125.24.0-255,5738,64596,96,275607
12355,0.000603,172.31.47.0-255,66,64662,96,275607
12356,0.000638,172.31.47.0-255,66,64728,96,275607
12357,0.000643,74.125.24.0-255,7156,71884,96,275607
12358,0.000645,172.31.47.0-255,66,71950,96,275607
12359,0.000697,74.125.24.0-255,3602,75552,96,275607
12360,0.000701,172.31.47.0-255,66,75618,96,275607
12361,0.001253,74.125.24.0-255,1484,77102,96,275607
12362,0.001261,74.125.24.0-255,2902,80004,96,275607
12363,0.001265,172.31.47.0-255,66,80070,96,275607
12364,0.001285,74.125.24.0-255,5738,85808,96,275607
12365,0.001288,172.31.47.0-255,66,85874,96,275607
12366,0.001318,74.125.24.0-255,4320,90194,96,275607
12367,0.001322,172.31.47.0-255,66,90260,96,275607
12368,0.001355,172.31.47.0-255,66,90326,96,275607
12369,0.001382,74.125.24.0-255,7156,97482,96,275607
12370,0.001384,172.31.47.0-255,66,97548,96,275607
12371,0.001412,74.125.24.0-255,3602,101150,96,275607
12372,0.001414,172.31.47.0-255,66,101216,96,275607
12373,0.001444,74.125.24.0-255,1484,102700,96,275607
12374,0.001457,74.125.24.0-255,1484,104184,96,275607
12375,0.001459,172.31.47.0-255,66,104250,96,275607
12376,0.00148,74.125.24.0-255,1484,105734,96,275607
12377,0.001485,74.125.24.0-255,5738,111472,96,275607
12378,0.001487,172.31.47.0-255,66,111538,96,275607
12379,0.001491,74.125.24.0-255,5738,117276,96,275607
12380,0.001493,172.31.47.0-255,66,117342,96,275607
12381,0.001497,74.125.24.0-255,4320,121662,96,275607
12382,0.0015,172.31.47.0-255,66,121728,96,275607
12383,0.001534,172.31.47.0-255,66,121794,96,275607
12384,0.001538,74.125.24.0-255,4320,126114,96,275607
12385,0.00154,172.31.47.0-255,66,126180,96,275607
12386,0.001542,74.125.24.0-255,766,126946,96,275607
12387,0.001606,74.125.24.0-255,1484,128430,96,275607
12388,0.001608,172.31.47.0-255,66,128496,96,275607
12389,0.001612,74.125.24.0-255,2902,131398,96,275607
12390,0.001613,172.31.47.0-255,66,131464,96,275607
12391,0.001643,74.125.24.0-255,5738,137202,96,275607
12392,0.001646,172.31.47.0-255,66,137268,96,275607
12393,0.001659,74.125.24.0-255,5738,143006,96,275607
12394,0.001665,172.31.47.0-255,66,143072,96,275607
12395,0.001685,74.125.24.0-255,7156,150228,96,275607
12396,0.001687,172.31.47.0-255,66,150294,96,275607
12397,0.001695,172.31.47.0-255,66,150360,96,275607
12398,0.001725,74.125.24.0-255,2184,152544,96,275607
12399,0.001727,172.31.47.0-255,66,152610,96,275607
12400,0.002329,74.125.24.0-255,1484,154094,96,275607
12401,0.002348,74.125.24.0-255,2902,156996,96,275607
12402,0.00235,172.31.47.0-255,66,157062,96,275607
12403,0.002356,74.125.24.0-255,5738,162800,96,275607
12404,0.002359,172.31.47.0-255,66,162866,96,275607
12405,0.002384,74.125.24.0-255,7156,170022,96,275607
12406,0.002387,172.31.47.0-255,66,170088,96,275607
12407,0.002414,74.125.24.0-255,5738,175826,96,275607
12408,0.002417,172.31.47.0-255,66,175892,96,275607
12409,0.002433,74.125.24.0-255,2902,178794,96,275607
12410,0.002435,172.31.47.0-255,66,178860,96,275607
12411,0.002478,172.31.47.0-255,66,178926,96,275607
12412,0.002508,172.31.47.0-255,66,178992,96,275607
12413,0.002511,74.125.24.0-255,2184,181176,96,275607
12414,0.002514,172.31.47.0-255,66,181242,96,275607
12415,0.002649,74.125.24.0-255,1484,182726,96,275607
12416,0.002654,74.125.24.0-255,1484,184210,96,275607
12417,0.002657,172.31.47.0-255,66,184276,96,275607
12418,0.002687,74.125.24.0-255,1484,185760,96,275607
12419,0.002694,74.125.24.0-255,5738,191498,96,275607
12420,0.002697,172.31.47.0-255,66,191564,96,275607
12421,0.002702,74.125.24.0-255,4320,195884,96,275607
12422,0.002704,172.31.47.0-255,66,195950,96,275607
12423,0.002754,74.125.24.0-255,5738,201688,96,275607
12424,0.002784,74.125.24.0-255,5738,207426,96,275607
12425,0.00279,74.125.24.0-255,5738,213164,96,275607
12426,0.002793,74.125.24.0-255,2184,215348,96,275607
12427,0.002797,74.125.24.0-255,2902,218250,96,275607
12428,0.002801,74.125.24.0-255,2902,221152,96,275607
12429,0.002813,74.125.24.0-255,5738,226890,96,275607
12430,0.002838,74.125.24.0-255,5738,232628,96,275607
12431,0.002843,74.125.24.0-255,4320,236948,96,275607
12432,0.002849,74.125.24.0-255,6438,243386,96,275607
12433,0.002855,74.125.24.0-255,7156,250542,96,275607
12434,0.002901,74.125.24.0-255,7156,257698,96,275607
12435,0.002924,172.31.47.0-255,66,257764,96,275607
12436,0.002936,74.125.24.0-255,6438,264202,96,275607
12437,0.002946,74.125.24.0-255,4320,268522,96,275607
12438,0.002957,172.31.47.0-255,66,268588,96,275607
12439,0.002998,172.31.47.0-255,66,268654,96,275607
12440,0.003004,172.31.47.0-255,66,268720,96,275607
12441,0.003031,74.125.24.0-255,2184,270904,96,275607
12442,0.003041,172.31.47.0-255,66,270970,96,275607
12443,0.00305,74.125.24.0-255,105,271075,96,275607
12444,0.003054,172.31.47.0-255,66,271141,96,275607
12445,0.005052,172.31.47.0-255,105,271246,96,275607
12446,0.007595,74.125.24.0-255,66,271312,96,275607
12447,0.036398,172.31.47.0-255,172,271484,96,275607
12448,0.036423,172.31.47.0-255,1109,272593,96,275607
12449,0.036458,172.31.47.0-255,1514,274107,96,275607
12450,0.03646,172.31.47.0-255,1302,275409,96,275607
12451,0.03792,104.244.42.0-255,66,275475,96,275607
12452,0.037936,104.244.42.0-255,66,275541,96,275607
12453,0.03803,104.244.42.0-255,66,275607,96,275607
12454,0.0,172.31.47.0-255,105,105,96,276
12455,0.001905,157.240.13.0-255,105,210,96,276
12456,0.001919,172.31.47.0-255,66,276,96,276
12457,0.0,172.217.24.0-255,146,146,96,280326
12458,2.3e-05,172.31.47.0-255,66,212,96,280326
12459,2.9e-05,172.217.24.0-255,1484,1696,96,280326
12460,3.3e-05,172.31.47.0-255,66,1762,96,280326
12461,3.7e-05,172.217.24.0-255,2902,4664,96,280326
12462,3.9e-05,172.31.47.0-255,66,4730,96,280326
12463,7e-05,172.217.24.0-255,4320,9050,96,280326
12464,7.2e-05,172.31.47.0-255,66,9116,96,280326
12465,7.7e-05,172.217.24.0-255,4320,13436,96,280326
12466,7.9e-05,172.31.47.0-255,66,13502,96,280326
12467,9.6e-05,172.217.24.0-255,683,14185,96,280326
12468,9.8e-05,172.31.47.0-255,66,14251,96,280326
12469,0.000127,172.217.24.0-255,1484,15735,96,280326
12470,0.000129,172.31.47.0-255,66,15801,96,280326
12471,0.000151,172.217.24.0-255,4320,20121,96,280326
12472,0.000153,172.31.47.0-255,66,20187,96,280326
12473,0.000157,172.217.24.0-255,2902,23089,96,280326
12474,0.000159,172.31.47.0-255,66,23155,96,280326
12475,0.000185,172.217.24.0-255,7156,30311,96,280326
12476,0.000188,172.31.47.0-255,66,30377,96,280326
12477,0.00019,172.217.24.0-255,1125,31502,96,280326
12478,0.000191,172.31.47.0-255,66,31568,96,280326
12479,0.000318,172.217.24.0-255,1484,33052,96,280326
12480,0.000322,172.31.47.0-255,66,33118,96,280326
12481,0.000327,172.217.24.0-255,2902,36020,96,280326
12482,0.000329,172.31.47.0-255,66,36086,96,280326
12483,0.000333,172.217.24.0-255,2902,38988,96,280326
12484,0.000336,172.31.47.0-255,66,39054,96,280326
12485,0.000357,172.217.24.0-255,2902,41956,96,280326
12486,0.000361,172.31.47.0-255,66,42022,96,280326
12487,0.000369,172.217.24.0-255,2902,44924,96,280326
12488,0.000372,172.31.47.0-255,66,44990,96,280326
12489,0.000386,172.217.24.0-255,3961,48951,96,280326
12490,0.000388,172.31.47.0-255,66,49017,96,280326
12491,0.000409,172.217.24.0-255,1484,50501,96,280326
12492,0.000412,172.217.24.0-255,1484,51985,96,280326
12493,0.000415,172.31.47.0-255,66,52051,96,280326
12494,0.000422,172.217.24.0-255,1484,53535,96,280326
12495,0.000436,172.217.24.0-255,5738,59273,96,280326
12496,0.000439,172.31.47.0-255,66,59339,96,280326
12497,0.000472,172.217.24.0-255,2902,62241,96,280326
12498,0.000475,172.31.47.0-255,66,62307,96,280326
12499,0.000495,172.217.24.0-255,3961,66268,96,280326
12500,0.000499,172.31.47.0-255,66,66334,96,280326
12501,0.000503,172.217.24.0-255,396,66730,96,280326
12502,0.00074,172.31.47.0-255,66,66796,96,280326
12503,0.001088,172.217.24.0-255,112,66908,96,280326
12504,0.001245,172.217.24.0-255,1484,68392,96,280326
12505,0.00125,172.31.47.0-255,66,68458,96,280326
12506,0.001257,172.217.24.0-255,2902,71360,96,280326
12507,0.00126,172.31.47.0-255,66,71426,96,280326
12508,0.001267,172.217.24.0-255,5738,77164,96,280326
12509,0.001269,172.31.47.0-255,66,77230,96,280326
12510,0.001274,172.217.24.0-255,2902,80132,96,280326
12511,0.001276,172.31.47.0-255,66,80198,96,280326
12512,0.001281,172.217.24.0-255,3961,84159,96,280326
12513,0.001283,172.31.47.0-255,66,84225,96,280326
12514,0.001347,172.217.24.0-255,1484,85709,96,280326
12515,0.001362,172.217.24.0-255,2902,88611,96,280326
12516,0.001366,172.31.47.0-255,66,88677,96,280326
12517,0.001369,172.217.24.0-255,1484,90161,96,280326
12518,0.001386,172.217.24.0-255,4320,94481,96,280326
12519,0.001388,172.31.47.0-255,66,94547,96,280326
12520,0.001393,172.217.24.0-255,2902,97449,96,280326
12521,0.001394,172.31.47.0-255,66,97515,96,280326
12522,0.001415,172.217.24.0-255,2902,100417,96,280326
12523,0.001417,172.31.47.0-255,66,100483,96,280326
12524,0.001433,172.217.24.0-255,1125,101608,96,280326
12525,0.002948,172.31.47.0-255,66,101674,96,280326
12526,0.003285,172.217.24.0-255,1484,103158,96,280326
12527,0.003315,172.217.24.0-255,2902,106060,96,280326
12528,0.003318,172.31.47.0-255,66,106126,96,280326
12529,0.004829,172.217.24.0-255,1484,107610,96,280326
12530,0.005208,172.217.24.0-255,4320,111930,96,280326
12531,0.005213,172.31.47.0-255,66,111996,96,280326
12532,0.007103,172.217.24.0-255,5738,117734,96,280326
12533,0.00711,172.31.47.0-255,66,117800,96,280326
12534,0.009003,172.217.24.0-255,5738,123538,96,280326
12535,0.009009,172.31.47.0-255,66,123604,96,280326
12536,0.010903,172.217.24.0-255,5738,129342,96,280326
12537,0.01091,172.31.47.0-255,66,129408,96,280326
12538,0.012813,172.217.24.0-255,5738,135146,96,280326
12539,0.012821,172.31.47.0-255,66,135212,96,280326
12540,0.014715,172.217.24.0-255,5738,140950,96,280326
12541,0.014721,172.31.47.0-255,66,141016,96,280326
12542,0.016618,172.217.24.0-255,5738,146754,96,280326
12543,0.016624,172.31.47.0-255,66,146820,96,280326
12544,0.018521,172.217.24.0-255,5738,152558,96,280326
12545,0.018527,172.31.47.0-255,66,152624,96,280326
12546,0.020425,172.217.24.0-255,5738,158362,96,280326
12547,0.020432,172.31.47.0-255,66,158428,96,280326
12548,0.022323,172.217.24.0-255,5738,164166,96,280326
12549,0.022328,172.31.47.0-255,66,164232,96,280326
12550,0.022781,172.31.47.0-255,172,164404,96,280326
12551,0.022808,172.31.47.0-255,1101,165505,96,280326
12552,0.022846,172.31.47.0-255,1514,167019,96,280326
12553,0.022848,172.31.47.0-255,1514,168533,96,280326
12554,0.022852,172.31.47.0-255,1514,170047,96,280326
12555,0.022852,172.31.47.0-255,1091,171138,96,280326
12556,0.024247,172.217.24.0-255,5738,176876,96,280326
12557,0.024252,172.31.47.0-255,66,176942,96,280326
12558,0.024325,104.244.42.0-255,66,177008,96,280326
12559,0.024371,104.244.42.0-255,66,177074,96,280326
12560,0.024427,104.244.42.0-255,66,177140,96,280326
12561,0.024432,104.244.42.0-255,66,177206,96,280326
12562,0.026141,172.217.24.0-255,5738,182944,96,280326
12563,0.026146,172.31.47.0-255,66,183010,96,280326
12564,0.028035,172.217.24.0-255,4320,187330,96,280326
12565,0.02804,172.31.47.0-255,66,187396,96,280326
12566,0.028068,172.217.24.0-255,1484,188880,96,280326
12567,0.029933,172.217.24.0-255,4320,193200,96,280326
12568,0.029938,172.31.47.0-255,66,193266,96,280326
12569,0.031828,172.217.24.0-255,5738,199004,96,280326
12570,0.031834,172.31.47.0-255,66,199070,96,280326
12571,0.033743,172.217.24.0-255,5738,204808,96,280326
12572,0.033751,172.31.47.0-255,66,204874,96,280326
12573,0.035643,172.217.24.0-255,5738,210612,96,280326
12574,0.035651,172.31.47.0-255,66,210678,96,280326
12575,0.037557,172.217.24.0-255,5738,216416,96,280326
12576,0.037571,172.31.47.0-255,66,216482,96,280326
12577,0.039481,172.217.24.0-255,5738,222220,96,280326
12578,0.039494,172.31.47.0-255,66,222286,96,280326
12579,0.041407,172.217.24.0-255,5738,228024,96,280326
12580,0.041422,172.31.47.0-255,66,228090,96,280326
12581,0.043332,172.217.24.0-255,5738,233828,96,280326
12582,0.043351,172.31.47.0-255,66,233894,96,280326
12583,0.045258,172.217.24.0-255,5738,239632,96,280326
12584,0.045267,172.31.47.0-255,66,239698,96,280326
12585,0.047192,172.217.24.0-255,5738,245436,96,280326
12586,0.047199,172.31.47.0-255,66,245502,96,280326
12587,0.049141,172.217.24.0-255,5738,251240,96,280326
12588,0.049158,172.31.47.0-255,66,251306,96,280326
12589,0.051055,172.217.24.0-255,5738,257044,96,280326
12590,0.051067,172.31.47.0-255,66,257110,96,280326
12591,0.052973,172.217.24.0-255,5738,262848,96,280326
12592,0.052985,172.31.47.0-255,66,262914,96,280326
12593,0.054888,172.217.24.0-255,5738,268652,96,280326
12594,0.054901,172.31.47.0-255,66,268718,96,280326
12595,0.05682,172.217.24.0-255,5738,274456,96,280326
12596,0.056834,172.31.47.0-255,66,274522,96,280326
12597,0.058737,172.217.24.0-255,5738,280260,96,280326
12598,0.058749,172.31.47.0-255,66,280326,96,280326
12599,0.0,74.125.24.0-255,153,153,96,309380
12600,2.3e-05,172.31.47.0-255,66,219,96,309380
12601,3e-05,74.125.24.0-255,1484,1703,96,309380
12602,3.4e-05,172.31.47.0-255,66,1769,96,309380
12603,3.9e-05,74.125.24.0-255,2902,4671,96,309380
12604,4.2e-05,172.31.47.0-255,66,4737,96,309380
12605,5e-05,74.125.24.0-255,7156,11893,96,309380
12606,5.2e-05,172.31.47.0-255,66,11959,96,309380
12607,5.6e-05,74.125.24.0-255,2255,14214,96,309380
12608,5.8e-05,172.31.47.0-255,66,14280,96,309380
12609,0.000142,74.125.24.0-255,1484,15764,96,309380
12610,0.000147,172.31.47.0-255,66,15830,96,309380
12611,0.000153,74.125.24.0-255,2902,18732,96,309380
12612,0.000156,172.31.47.0-255,66,18798,96,309380
12613,0.000161,74.125.24.0-255,4320,23118,96,309380
12614,0.000164,172.31.47.0-255,66,23184,96,309380
12615,0.000181,74.125.24.0-255,1484,24668,96,309380
12616,0.000184,172.31.47.0-255,66,24734,96,309380
12617,0.000201,74.125.24.0-255,4320,29054,96,309380
12618,0.000204,172.31.47.0-255,66,29120,96,309380
12619,0.000225,74.125.24.0-255,2543,31663,96,309380
12620,0.000227,172.31.47.0-255,66,31729,96,309380
12621,0.000233,74.125.24.0-255,2902,34631,96,309380
12622,0.000235,172.31.47.0-255,66,34697,96,309380
12623,0.000255,74.125.24.0-255,4320,39017,96,309380
12624,0.000258,172.31.47.0-255,66,39083,96,309380
12625,0.000269,172.31.47.0-255,66,39149,96,309380
12626,0.000453,74.125.24.0-255,1484,40633,96,309380
12627,0.000458,172.31.47.0-255,66,40699,96,309380
12628,0.000464,74.125.24.0-255,2902,43601,96,309380
12629,0.000466,172.31.47.0-255,66,43667,96,309380
12630,0.000471,74.125.24.0-255,2902,46569,96,309380
12631,0.000474,172.31.47.0-255,66,46635,96,309380
12632,0.000492,74.125.24.0-255,2902,49537,96,309380
12633,0.000495,172.31.47.0-255,66,49603,96,309380
12634,0.0005,74.125.24.0-255,4320,53923,96,309380
12635,0.000503,172.31.47.0-255,66,53989,96,309380
12636,0.00052,74.125.24.0-255,2543,56532,96,309380
12637,0.000523,172.31.47.0-255,66,56598,96,309380
12638,0.000526,74.125.24.0-255,645,57243,96,309380
12639,0.000658,74.125.24.0-255,1484,58727,96,309380
12640,0.000662,172.31.47.0-255,66,58793,96,309380
12641,0.000667,74.125.24.0-255,2902,61695,96,309380
12642,0.000669,172.31.47.0-255,66,61761,96,309380
12643,0.00068,74.125.24.0-255,2902,64663,96,309380
12644,0.000682,172.31.47.0-255,66,64729,96,309380
12645,0.000694,74.125.24.0-255,2902,67631,96,309380
12646,0.000696,172.31.47.0-255,66,67697,96,309380
12647,0.000701,74.125.24.0-255,5738,73435,96,309380
12648,0.000703,172.31.47.0-255,66,73501,96,309380
12649,0.000739,74.125.24.0-255,2902,76403,96,309380
12650,0.000742,172.31.47.0-255,66,76469,96,309380
12651,0.000772,172.31.47.0-255,66,76535,96,309380
12652,0.000777,74.125.24.0-255,3961,80496,96,309380
12653,0.000779,172.31.47.0-255,66,80562,96,309380
12654,0.000928,74.125.24.0-255,1484,82046,96,309380
12655,0.000946,74.125.24.0-255,2902,84948,96,309380
12656,0.000948,172.31.47.0-255,66,85014,96,309380
12657,0.000954,74.125.24.0-255,4320,89334,96,309380
12658,0.000955,172.31.47.0-255,66,89400,96,309380
12659,0.00096,74.125.24.0-255,4320,93720,96,309380
12660,0.000962,172.31.47.0-255,66,93786,96,309380
12661,0.00098,74.125.24.0-255,4320,98106,96,309380
12662,0.000982,172.31.47.0-255,66,98172,96,309380
12663,0.001025,172.31.47.0-255,66,98238,96,309380
12664,0.001046,74.125.24.0-255,6438,104676,96,309380
12665,0.001049,172.31.47.0-255,66,104742,96,309380
12666,0.001064,74.125.24.0-255,1484,106226,96,309380
12667,0.001068,74.125.24.0-255,2902,109128,96,309380
12668,0.00107,172.31.47.0-255,66,109194,96,309380
12669,0.001074,74.125.24.0-255,2902,112096,96,309380
12670,0.001076,172.31.47.0-255,66,112162,96,309380
12671,0.001091,74.125.24.0-255,2902,115064,96,309380
12672,0.001093,172.31.47.0-255,66,115130,96,309380
12673,0.001097,74.125.24.0-255,2902,118032,96,309380
12674,0.001099,172.31.47.0-255,66,118098,96,309380
12675,0.001132,172.31.47.0-255,66,118164,96,309380
12676,0.001142,172.31.47.0-255,66,118230,96,309380
12677,0.001144,74.125.24.0-255,766,118996,96,309380
12678,0.001171,74.125.24.0-255,1484,120480,96,309380
12679,0.001173,172.31.47.0-255,66,120546,96,309380
12680,0.001176,74.125.24.0-255,1484,122030,96,309380
12681,0.001193,74.125.24.0-255,2902,124932,96,309380
12682,0.001195,172.31.47.0-255,66,124998,96,309380
12683,0.0012,74.125.24.0-255,4320,129318,96,309380
12684,0.001202,172.31.47.0-255,66,129384,96,309380
12685,0.001219,74.125.24.0-255,5738,135122,96,309380
12686,0.001221,172.31.47.0-255,66,135188,96,309380
12687,0.001223,74.125.24.0-255,1484,136672,96,309380
12688,0.001282,172.31.47.0-255,66,136738,96,309380
12689,0.001287,74.125.24.0-255,3602,140340,96,309380
12690,0.001289,172.31.47.0-255,66,140406,96,309380
12691,0.001456,74.125.24.0-255,1484,141890,96,309380
12692,0.001479,74.125.24.0-255,2902,144792,96,309380
12693,0.001482,172.31.47.0-255,66,144858,96,309380
12694,0.001488,74.125.24.0-255,5738,150596,96,309380
12695,0.00149,172.31.47.0-255,66,150662,96,309380
12696,0.001527,172.31.47.0-255,66,150728,96,309380
12697,0.001532,74.125.24.0-255,4320,155048,96,309380
12698,0.001534,172.31.47.0-255,66,155114,96,309380
12699,0.001564,74.125.24.0-255,6438,161552,96,309380
12700,0.001566,172.31.47.0-255,66,161618,96,309380
12701,0.00193,74.125.24.0-255,1484,163102,96,309380
12702,0.001936,74.125.24.0-255,2902,166004,96,309380
12703,0.001938,172.31.47.0-255,66,166070,96,309380
12704,0.001955,74.125.24.0-255,5738,171808,96,309380
12705,0.001957,172.31.47.0-255,66,171874,96,309380
12706,0.001961,74.125.24.0-255,2902,174776,96,309380
12707,0.001963,172.31.47.0-255,66,174842,96,309380
12708,0.002001,74.125.24.0-255,5738,180580,96,309380
12709,0.002003,172.31.47.0-255,66,180646,96,309380
12710,0.002022,74.125.24.0-255,4320,184966,96,309380
12711,0.002024,172.31.47.0-255,66,185032,96,309380
12712,0.002049,172.31.47.0-255,66,185098,96,309380
12713,0.002165,74.125.24.0-255,1484,186582,96,309380
12714,0.002169,74.125.24.0-255,2902,189484,96,309380
12715,0.002174,172.31.47.0-255,66,189550,96,309380
12716,0.002189,74.125.24.0-255,5738,195288,96,309380
12717,0.002192,172.31.47.0-255,66,195354,96,309380
12718,0.002223,172.31.47.0-255,66,195420,96,309380
12719,0.002244,74.125.24.0-255,4320,199740,96,309380
12720,0.002246,172.31.47.0-255,66,199806,96,309380
12721,0.002255,172.31.47.0-255,66,199872,96,309380
12722,0.002258,74.125.24.0-255,766,200638,96,309380
12723,0.002297,74.125.24.0-255,1484,202122,96,309380
12724,0.0023,172.31.47.0-255,66,202188,96,309380
12725,0.002314,74.125.24.0-255,4320,206508,96,309380
12726,0.002316,172.31.47.0-255,66,206574,96,309380
12727,0.002319,74.125.24.0-255,1484,208058,96,309380
12728,0.002339,74.125.24.0-255,5738,213796,96,309380
12729,0.002342,172.31.47.0-255,66,213862,96,309380
12730,0.002381,172.31.47.0-255,66,213928,96,309380
12731,0.002417,74.125.24.0-255,4320,218248,96,309380
12732,0.002421,172.31.47.0-255,66,218314,96,309380
12733,0.002433,74.125.24.0-255,7156,225470,96,309380
12734,0.002436,172.31.47.0-255,66,225536,96,309380
12735,0.002444,74.125.24.0-255,3602,229138,96,309380
12736,0.002448,172.31.47.0-255,66,229204,96,309380
12737,0.004761,74.125.24.0-255,5738,234942,96,309380
12738,0.004777,172.31.47.0-255,66,235008,96,309380
12739,0.007057,74.125.24.0-255,5738,240746,96,309380
12740,0.007065,172.31.47.0-255,66,240812,96,309380
12741,0.009326,74.125.24.0-255,5738,246550,96,309380
12742,0.009332,172.31.47.0-255,66,246616,96,309380
12743,0.011619,74.125.24.0-255,5738,252354,96,309380
12744,0.011629,172.31.47.0-255,66,252420,96,309380
12745,0.013949,74.125.24.0-255,5738,258158,96,309380
12746,0.013958,172.31.47.0-255,66,258224,96,309380
12747,0.016196,74.125.24.0-255,5738,263962,96,309380
12748,0.016204,172.31.47.0-255,66,264028,96,309380
12749,0.018491,74.125.24.0-255,5738,269766,96,309380
12750,0.018499,172.31.47.0-255,66,269832,96,309380
12751,0.020768,74.125.24.0-255,5738,275570,96,309380
12752,0.020775,172.31.47.0-255,66,275636,96,309380
12753,0.023051,74.125.24.0-255,5738,281374,96,309380
12754,0.023056,172.31.47.0-255,66,281440,96,309380
12755,0.025325,74.125.24.0-255,5738,287178,96,309380
12756,0.025332,172.31.47.0-255,66,287244,96,309380
12757,0.027584,74.125.24.0-255,2902,290146,96,309380
12758,0.027589,172.31.47.0-255,66,290212,96,309380
12759,0.027608,74.125.24.0-255,2902,293114,96,309380
12760,0.02761,172.31.47.0-255,66,293180,96,309380
12761,0.028394,172.31.47.0-255,172,293352,96,309380
12762,0.028419,172.31.47.0-255,1105,294457,96,309380
12763,0.028467,172.31.47.0-255,1514,295971,96,309380
12764,0.028468,172.31.47.0-255,1306,297277,96,309380
12765,0.029838,74.125.24.0-255,2902,300179,96,309380
12766,0.029848,172.31.47.0-255,66,300245,96,309380
12767,0.029869,74.125.24.0-255,2902,303147,96,309380
12768,0.029873,172.31.47.0-255,66,303213,96,309380
12769,0.029931,104.244.42.0-255,66,303279,96,309380
12770,0.029977,104.244.42.0-255,66,303345,96,309380
12771,0.030036,104.244.42.0-255,66,303411,96,309380
12772,0.032112,74.125.24.0-255,2902,306313,96,309380
12773,0.032118,172.31.47.0-255,66,306379,96,309380
12774,0.03214,74.125.24.0-255,2764,309143,96,309380
12775,0.032142,172.31.47.0-255,66,309209,96,309380
12776,0.032296,172.31.47.0-255,105,309314,96,309380
12777,0.03454,74.125.24.0-255,66,309380,96,309380
12778,0.0,172.31.47.0-255,236,236,96,1560
12779,2.5e-05,172.31.47.0-255,368,604,96,1560
12780,0.001102,74.125.24.0-255,630,1234,96,1560
12781,0.002313,74.125.24.0-255,97,1331,96,1560
12782,0.002326,172.31.47.0-255,66,1397,96,1560
12783,0.011109,172.31.47.0-255,97,1494,96,1560
12784,0.019038,74.125.24.0-255,66,1560,96,1560
12785,0.0,172.253.118.0-255,153,153,96,238874
12786,7.5e-05,172.31.47.0-255,66,219,96,238874
12787,8.1e-05,172.253.118.0-255,1484,1703,96,238874
12788,8.5e-05,172.31.47.0-255,66,1769,96,238874
12789,9e-05,172.253.118.0-255,2902,4671,96,238874
12790,9.8e-05,172.31.47.0-255,66,4737,96,238874
12791,0.000104,172.253.118.0-255,4320,9057,96,238874
12792,0.000106,172.31.47.0-255,66,9123,96,238874
12793,0.000112,172.253.118.0-255,4889,14012,96,238874
12794,0.000114,172.31.47.0-255,66,14078,96,238874
12795,0.000171,172.253.118.0-255,1484,15562,96,238874
12796,0.000175,172.31.47.0-255,66,15628,96,238874
12797,0.000188,172.253.118.0-255,2902,18530,96,238874
12798,0.000194,172.31.47.0-255,66,18596,96,238874
12799,0.000201,172.253.118.0-255,5738,24334,96,238874
12800,0.000204,172.31.47.0-255,66,24400,96,238874
12801,0.000243,172.253.118.0-255,6797,31197,96,238874
12802,0.000248,172.31.47.0-255,66,31263,96,238874
12803,0.000337,172.253.118.0-255,1484,32747,96,238874
12804,0.000341,172.31.47.0-255,66,32813,96,238874
12805,0.000371,172.253.118.0-255,2902,35715,96,238874
12806,0.000376,172.253.118.0-255,5738,41453,96,238874
12807,0.000376,172.31.47.0-255,66,41519,96,238874
12808,0.000381,172.31.47.0-255,66,41585,96,238874
12809,0.000395,172.253.118.0-255,1484,43069,96,238874
12810,0.000398,172.31.47.0-255,66,43135,96,238874
12811,0.00043,172.253.118.0-255,5379,48514,96,238874
12812,0.000434,172.31.47.0-255,66,48580,96,238874
12813,0.000439,172.253.118.0-255,2902,51482,96,238874
12814,0.000442,172.31.47.0-255,66,51548,96,238874
12815,0.000462,172.253.118.0-255,4320,55868,96,238874
12816,0.000471,172.31.47.0-255,66,55934,96,238874
12817,0.000482,172.31.47.0-255,66,56000,96,238874
12818,0.000485,172.253.118.0-255,1125,57125,96,238874
12819,0.000486,172.31.47.0-255,66,57191,96,238874
12820,0.00165,172.253.118.0-255,648,57839,96,238874
12821,0.001656,172.31.47.0-255,66,57905,96,238874
12822,0.001681,172.253.118.0-255,1484,59389,96,238874
12823,0.001684,172.31.47.0-255,66,59455,96,238874
12824,0.001687,172.253.118.0-255,1484,60939,96,238874
12825,0.001688,172.31.47.0-255,66,61005,96,238874
12826,0.001709,172.253.118.0-255,2902,63907,96,238874
12827,0.001711,172.31.47.0-255,66,63973,96,238874
12828,0.001731,172.31.47.0-255,66,64039,96,238874
12829,0.001756,172.253.118.0-255,1484,65523,96,238874
12830,0.001757,172.31.47.0-255,66,65589,96,238874
12831,0.001763,172.253.118.0-255,5738,71327,96,238874
12832,0.001764,172.31.47.0-255,66,71393,96,238874
12833,0.001767,172.253.118.0-255,1484,72877,96,238874
12834,0.001768,172.31.47.0-255,66,72943,96,238874
12835,0.001802,172.31.47.0-255,66,73009,96,238874
12836,0.001806,172.253.118.0-255,4320,77329,96,238874
12837,0.001808,172.31.47.0-255,66,77395,96,238874
12838,0.00183,172.31.47.0-255,66,77461,96,238874
12839,0.001838,172.253.118.0-255,3410,80871,96,238874
12840,0.00184,172.31.47.0-255,66,80937,96,238874
12841,0.002171,172.253.118.0-255,1484,82421,96,238874
12842,0.002173,172.31.47.0-255,66,82487,96,238874
12843,0.002176,172.253.118.0-255,1484,83971,96,238874
12844,0.002178,172.31.47.0-255,66,84037,96,238874
12845,0.002196,172.253.118.0-255,1484,85521,96,238874
12846,0.002197,172.31.47.0-255,66,85587,96,238874
12847,0.002206,172.253.118.0-255,5738,91325,96,238874
12848,0.002208,172.31.47.0-255,66,91391,96,238874
12849,0.002239,172.31.47.0-255,66,91457,96,238874
12850,0.002291,172.31.47.0-255,66,91523,96,238874
12851,0.004525,172.253.118.0-255,4320,95843,96,238874
12852,0.004528,172.31.47.0-255,66,95909,96,238874
12853,0.004537,172.253.118.0-255,1484,97393,96,238874
12854,0.00676,172.253.118.0-255,4320,101713,96,238874
12855,0.006768,172.31.47.0-255,66,101779,96,238874
12856,0.009014,172.253.118.0-255,5738,107517,96,238874
12857,0.00902,172.31.47.0-255,66,107583,96,238874
12858,0.011273,172.253.118.0-255,5738,113321,96,238874
12859,0.011282,172.31.47.0-255,66,113387,96,238874
12860,0.013526,172.253.118.0-255,5738,119125,96,238874
12861,0.013535,172.31.47.0-255,66,119191,96,238874
12862,0.01578,172.253.118.0-255,5738,124929,96,238874
12863,0.015786,172.31.47.0-255,66,124995,96,238874
12864,0.018036,172.253.118.0-255,5738,130733,96,238874
12865,0.018044,172.31.47.0-255,66,130799,96,238874
12866,0.020292,172.253.118.0-255,5738,136537,96,238874
12867,0.020298,172.31.47.0-255,66,136603,96,238874
12868,0.022547,172.253.118.0-255,5738,142341,96,238874
12869,0.022553,172.31.47.0-255,66,142407,96,238874
12870,0.024789,172.253.118.0-255,5738,148145,96,238874
12871,0.024796,172.31.47.0-255,66,148211,96,238874
12872,0.025345,172.31.47.0-255,172,148383,96,238874
12873,0.02537,172.31.47.0-255,1110,149493,96,238874
12874,0.025408,172.31.47.0-255,1514,151007,96,238874
12875,0.02541,172.31.47.0-255,1301,152308,96,238874
12876,0.026869,104.244.42.0-255,66,152374,96,238874
12877,0.026897,104.244.42.0-255,66,152440,96,238874
12878,0.026953,104.244.42.0-255,66,152506,96,238874
12879,0.027019,172.253.118.0-255,1484,153990,96,238874
12880,0.027042,172.253.118.0-255,4320,158310,96,238874
12881,0.027046,172.31.47.0-255,66,158376,96,238874
12882,0.029274,172.253.118.0-255,1484,159860,96,238874
12883,0.029304,172.253.118.0-255,4320,164180,96,238874
12884,0.029309,172.31.47.0-255,66,164246,96,238874
12885,0.031547,172.253.118.0-255,5738,169984,96,238874
12886,0.031552,172.31.47.0-255,66,170050,96,238874
12887,0.033784,172.253.118.0-255,5738,175788,96,238874
12888,0.033788,172.31.47.0-255,66,175854,96,238874
12889,0.036038,172.253.118.0-255,5738,181592,96,238874
12890,0.036043,172.31.47.0-255,66,181658,96,238874
12891,0.038279,172.253.118.0-255,5738,187396,96,238874
12892,0.038283,172.31.47.0-255,66,187462,96,238874
12893,0.040538,172.253.118.0-255,5738,193200,96,238874
12894,0.040544,172.31.47.0-255,66,193266,96,238874
12895,0.042774,172.253.118.0-255,5738,199004,96,238874
12896,0.042781,172.31.47.0-255,66,199070,96,238874
12897,0.045025,172.253.118.0-255,5738,204808,96,238874
12898,0.04503,172.31.47.0-255,66,204874,96,238874
12899,0.047278,172.253.118.0-255,4320,209194,96,238874
12900,0.047283,172.31.47.0-255,66,209260,96,238874
12901,0.04732,172.253.118.0-255,1484,210744,96,238874
12902,0.049532,172.253.118.0-255,4320,215064,96,238874
12903,0.049537,172.31.47.0-255,66,215130,96,238874
12904,0.0518,172.253.118.0-255,2902,218032,96,238874
12905,0.051804,172.31.47.0-255,66,218098,96,238874
12906,0.051831,172.253.118.0-255,2902,221000,96,238874
12907,0.051834,172.31.47.0-255,66,221066,96,238874
12908,0.054038,172.253.118.0-255,2902,223968,96,238874
12909,0.054043,172.31.47.0-255,66,224034,96,238874
12910,0.054068,172.253.118.0-255,2902,226936,96,238874
12911,0.05407,172.31.47.0-255,66,227002,96,238874
12912,0.056267,172.253.118.0-255,2902,229904,96,238874
12913,0.056273,172.31.47.0-255,66,229970,96,238874
12914,0.056304,172.253.118.0-255,2902,232872,96,238874
12915,0.056307,172.31.47.0-255,66,232938,96,238874
12916,0.05851,172.253.118.0-255,2902,235840,96,238874
12917,0.058514,172.31.47.0-255,66,235906,96,238874
12918,0.058549,172.253.118.0-255,2902,238808,96,238874
12919,0.058552,172.31.47.0-255,66,238874,96,238874
12920,0.0,172.31.47.0-255,105,105,96,276
12921,0.001802,157.240.13.0-255,105,210,96,276
12922,0.001814,172.31.47.0-255,66,276,96,276
12923,0.0,74.125.24.0-255,153,153,96,269011
12924,3.1e-05,172.31.47.0-255,66,219,96,269011
12925,3.7e-05,74.125.24.0-255,1484,1703,96,269011
12926,4e-05,172.31.47.0-255,66,1769,96,269011
12927,4.5e-05,74.125.24.0-255,2902,4671,96,269011
12928,4.7e-05,172.31.47.0-255,66,4737,96,269011
12929,5.1e-05,74.125.24.0-255,2902,7639,96,269011
12930,5.3e-05,172.31.47.0-255,66,7705,96,269011
12931,7.3e-05,74.125.24.0-255,1484,9189,96,269011
12932,7.5e-05,172.31.47.0-255,66,9255,96,269011
12933,0.0001,74.125.24.0-255,2902,12157,96,269011
12934,0.000102,172.31.47.0-255,66,12223,96,269011
12935,0.000121,74.125.24.0-255,2101,14324,96,269011
12936,0.000123,172.31.47.0-255,66,14390,96,269011
12937,0.000234,74.125.24.0-255,1484,15874,96,269011
12938,0.000238,172.31.47.0-255,66,15940,96,269011
12939,0.000242,74.125.24.0-255,2902,18842,96,269011
12940,0.000244,172.31.47.0-255,66,18908,96,269011
12941,0.000259,74.125.24.0-255,5738,24646,96,269011
12942,0.000263,172.31.47.0-255,66,24712,96,269011
12943,0.00032,74.125.24.0-255,5738,30450,96,269011
12944,0.000324,172.31.47.0-255,66,30516,96,269011
12945,0.000347,74.125.24.0-255,1484,32000,96,269011
12946,0.000349,172.31.47.0-255,66,32066,96,269011
12947,0.000353,172.31.47.0-255,66,32132,96,269011
12948,0.000362,74.125.24.0-255,4320,36452,96,269011
12949,0.000364,172.31.47.0-255,66,36518,96,269011
12950,0.00039,74.125.24.0-255,3961,40479,96,269011
12951,0.000393,172.31.47.0-255,66,40545,96,269011
12952,0.000404,172.31.47.0-255,66,40611,96,269011
12953,0.00041,74.125.24.0-255,5738,46349,96,269011
12954,0.000412,172.31.47.0-255,66,46415,96,269011
12955,0.000438,74.125.24.0-255,1399,47814,96,269011
12956,0.000441,172.31.47.0-255,66,47880,96,269011
12957,0.000521,74.125.24.0-255,131,48011,96,269011
12958,0.000524,172.31.47.0-255,66,48077,96,269011
12959,0.000711,74.125.24.0-255,1484,49561,96,269011
12960,0.000715,172.31.47.0-255,66,49627,96,269011
12961,0.000719,74.125.24.0-255,1484,51111,96,269011
12962,0.000721,172.31.47.0-255,66,51177,96,269011
12963,0.000734,74.125.24.0-255,1484,52661,96,269011
12964,0.000737,172.31.47.0-255,66,52727,96,269011
12965,0.000744,74.125.24.0-255,5738,58465,96,269011
12966,0.000746,172.31.47.0-255,66,58531,96,269011
12967,0.000767,74.125.24.0-255,2902,61433,96,269011
12968,0.00077,172.31.47.0-255,66,61499,96,269011
12969,0.000804,74.125.24.0-255,2902,64401,96,269011
12970,0.000807,172.31.47.0-255,66,64467,96,269011
12971,0.000827,74.125.24.0-255,3961,68428,96,269011
12972,0.000829,172.31.47.0-255,66,68494,96,269011
12973,0.000837,74.125.24.0-255,7156,75650,96,269011
12974,0.000839,172.31.47.0-255,66,75716,96,269011
12975,0.000865,74.125.24.0-255,7056,82772,96,269011
12976,0.000868,172.31.47.0-255,66,82838,96,269011
12977,0.001118,74.125.24.0-255,1484,84322,96,269011
12978,0.001128,74.125.24.0-255,2902,87224,96,269011
12979,0.001132,172.31.47.0-255,66,87290,96,269011
12980,0.001139,74.125.24.0-255,2902,90192,96,269011
12981,0.001142,172.31.47.0-255,66,90258,96,269011
12982,0.001156,74.125.24.0-255,2902,93160,96,269011
12983,0.001159,172.31.47.0-255,66,93226,96,269011
12984,0.001171,172.31.47.0-255,66,93292,96,269011
12985,0.001194,74.125.24.0-255,2902,96194,96,269011
12986,0.001197,172.31.47.0-255,66,96260,96,269011
12987,0.001249,74.125.24.0-255,4320,100580,96,269011
12988,0.001252,172.31.47.0-255,66,100646,96,269011
12989,0.001274,74.125.24.0-255,6438,107084,96,269011
12990,0.001277,172.31.47.0-255,66,107150,96,269011
12991,0.003292,74.125.24.0-255,5738,112888,96,269011
12992,0.003298,172.31.47.0-255,66,112954,96,269011
12993,0.005322,74.125.24.0-255,5738,118692,96,269011
12994,0.005325,172.31.47.0-255,66,118758,96,269011
12995,0.00735,74.125.24.0-255,5738,124496,96,269011
12996,0.007357,172.31.47.0-255,66,124562,96,269011
12997,0.00937,74.125.24.0-255,5738,130300,96,269011
12998,0.009377,172.31.47.0-255,66,130366,96,269011
12999,0.011416,74.125.24.0-255,5738,136104,96,269011
13000,0.011423,172.31.47.0-255,66,136170,96,269011
13001,0.013442,74.125.24.0-255,5738,141908,96,269011
13002,0.013449,172.31.47.0-255,66,141974,96,269011
13003,0.015469,74.125.24.0-255,5738,147712,96,269011
13004,0.01548,172.31.47.0-255,66,147778,96,269011
13005,0.017534,74.125.24.0-255,5738,153516,96,269011
13006,0.017546,172.31.47.0-255,66,153582,96,269011
13007,0.019547,74.125.24.0-255,5738,159320,96,269011
13008,0.019555,172.31.47.0-255,66,159386,96,269011
13009,0.021636,74.125.24.0-255,5738,165124,96,269011
13010,0.021643,172.31.47.0-255,66,165190,96,269011
13011,0.02366,74.125.24.0-255,4320,169510,96,269011
13012,0.023667,172.31.47.0-255,66,169576,96,269011
13013,0.023698,74.125.24.0-255,1484,171060,96,269011
13014,0.025686,74.125.24.0-255,2902,173962,96,269011
13015,0.025693,172.31.47.0-255,66,174028,96,269011
13016,0.025896,172.31.47.0-255,172,174200,96,269011
13017,0.025938,172.31.47.0-255,1105,175305,96,269011
13018,0.026048,172.31.47.0-255,1514,176819,96,269011
13019,0.02605,172.31.47.0-255,1306,178125,96,269011
13020,0.027454,104.244.42.0-255,66,178191,96,269011
13021,0.027497,104.244.42.0-255,66,178257,96,269011
13022,0.027596,104.244.42.0-255,66,178323,96,269011
13023,0.027692,74.125.24.0-255,1484,179807,96,269011
13024,0.027719,74.125.24.0-255,4320,184127,96,269011
13025,0.027723,172.31.47.0-255,66,184193,96,269011
13026,0.029803,74.125.24.0-255,5738,189931,96,269011
13027,0.029808,172.31.47.0-255,66,189997,96,269011
13028,0.031788,74.125.24.0-255,2902,192899,96,269011
13029,0.031792,172.31.47.0-255,66,192965,96,269011
13030,0.031816,74.125.24.0-255,2902,195867,96,269011
13031,0.031819,172.31.47.0-255,66,195933,96,269011
13032,0.033835,74.125.24.0-255,5738,201671,96,269011
13033,0.033839,172.31.47.0-255,66,201737,96,269011
13034,0.035863,74.125.24.0-255,5738,207475,96,269011
13035,0.03587,172.31.47.0-255,66,207541,96,269011
13036,0.037902,74.125.24.0-255,5738,213279,96,269011
13037,0.037907,172.31.47.0-255,66,213345,96,269011
13038,0.039945,74.125.24.0-255,4320,217665,96,269011
13039,0.03995,172.31.47.0-255,66,217731,96,269011
13040,0.039982,74.125.24.0-255,1484,219215,96,269011
13041,0.041999,74.125.24.0-255,4320,223535,96,269011
13042,0.042005,172.31.47.0-255,66,223601,96,269011
13043,0.044012,74.125.24.0-255,5738,229339,96,269011
13044,0.044018,172.31.47.0-255,66,229405,96,269011
13045,0.046008,74.125.24.0-255,2902,232307,96,269011
13046,0.046012,172.31.47.0-255,66,232373,96,269011
13047,0.046044,74.125.24.0-255,2902,235275,96,269011
13048,0.046047,172.31.47.0-255,66,235341,96,269011
13049,0.048029,74.125.24.0-255,1484,236825,96,269011
13050,0.048055,74.125.24.0-255,4320,241145,96,269011
13051,0.048059,172.31.47.0-255,66,241211,96,269011
13052,0.050082,74.125.24.0-255,5738,246949,96,269011
13053,0.050087,172.31.47.0-255,66,247015,96,269011
13054,0.052118,74.125.24.0-255,2902,249917,96,269011
13055,0.052123,172.31.47.0-255,66,249983,96,269011
13056,0.052143,74.125.24.0-255,2902,252885,96,269011
13057,0.052145,172.31.47.0-255,66,252951,96,269011
13058,0.054188,74.125.24.0-255,5738,258689,96,269011
13059,0.054194,172.31.47.0-255,66,258755,96,269011
13060,0.056236,74.125.24.0-255,4320,263075,96,269011
13061,0.056242,172.31.47.0-255,66,263141,96,269011
13062,0.056276,74.125.24.0-255,1484,264625,96,269011
13063,0.05828,74.125.24.0-255,4320,268945,96,269011
13064,0.058285,172.31.47.0-255,66,269011,96,269011
13065,0.0,172.31.47.0-255,105,105,96,342
13066,0.002014,157.240.13.0-255,66,171,96,342
13067,0.002067,157.240.13.0-255,105,276,96,342
13068,0.002071,172.31.47.0-255,66,342,96,342
13069,0.0,74.125.200.0-255,153,153,96,272069
13070,1.9e-05,172.31.47.0-255,66,219,96,272069
13071,2.5e-05,74.125.200.0-255,1484,1703,96,272069
13072,2.9e-05,172.31.47.0-255,66,1769,96,272069
13073,3.4e-05,74.125.200.0-255,2902,4671,96,272069
13074,3.7e-05,172.31.47.0-255,66,4737,96,272069
13075,3.9e-05,74.125.200.0-255,1484,6221,96,272069
13076,4.1e-05,172.31.47.0-255,66,6287,96,272069
13077,4.6e-05,74.125.200.0-255,2902,9189,96,272069
13078,4.9e-05,172.31.47.0-255,66,9255,96,272069
13079,8e-05,74.125.200.0-255,1484,10739,96,272069
13080,8.2e-05,172.31.47.0-255,66,10805,96,272069
13081,0.000101,74.125.200.0-255,3591,14396,96,272069
13082,0.000103,172.31.47.0-255,66,14462,96,272069
13083,0.000194,74.125.200.0-255,1484,15946,96,272069
13084,0.000197,172.31.47.0-255,66,16012,96,272069
13085,0.000236,74.125.200.0-255,2902,18914,96,272069
13086,0.000239,172.31.47.0-255,66,18980,96,272069
13087,0.000245,74.125.200.0-255,5738,24718,96,272069
13088,0.000247,172.31.47.0-255,66,24784,96,272069
13089,0.000251,74.125.200.0-255,2902,27686,96,272069
13090,0.000253,172.31.47.0-255,66,27752,96,272069
13091,0.00028,74.125.200.0-255,1484,29236,96,272069
13092,0.000282,172.31.47.0-255,66,29302,96,272069
13093,0.000299,74.125.200.0-255,1484,30786,96,272069
13094,0.000301,172.31.47.0-255,66,30852,96,272069
13095,0.000328,172.31.47.0-255,66,30918,96,272069
13096,0.000339,172.31.47.0-255,66,30984,96,272069
13097,0.000345,74.125.200.0-255,5738,36722,96,272069
13098,0.000347,172.31.47.0-255,66,36788,96,272069
13099,0.000349,74.125.200.0-255,1484,38272,96,272069
13100,0.000369,74.125.200.0-255,5738,44010,96,272069
13101,0.000385,74.125.200.0-255,2184,46194,96,272069
13102,0.000417,74.125.200.0-255,442,46636,96,272069
13103,0.000467,74.125.200.0-255,332,46968,96,272069
13104,0.000547,172.31.47.0-255,66,47034,96,272069
13105,0.000669,74.125.200.0-255,1484,48518,96,272069
13106,0.000681,74.125.200.0-255,1484,50002,96,272069
13107,0.000696,74.125.200.0-255,1484,51486,96,272069
13108,0.000701,74.125.200.0-255,2902,54388,96,272069
13109,0.000707,172.31.47.0-255,66,54454,96,272069
13110,0.000715,74.125.200.0-255,1484,55938,96,272069
13111,0.000752,74.125.200.0-255,5738,61676,96,272069
13112,0.000763,74.125.200.0-255,2902,64578,96,272069
13113,0.000773,172.31.47.0-255,66,64644,96,272069
13114,0.000786,74.125.200.0-255,5738,70382,96,272069
13115,0.000806,74.125.200.0-255,4320,74702,96,272069
13116,0.000809,74.125.200.0-255,1484,76186,96,272069
13117,0.000811,172.31.47.0-255,66,76252,96,272069
13118,0.000816,172.31.47.0-255,66,76318,96,272069
13119,0.000855,74.125.200.0-255,1484,77802,96,272069
13120,0.000877,74.125.200.0-255,3602,81404,96,272069
13121,0.000895,172.31.47.0-255,66,81470,96,272069
13122,0.001062,74.125.200.0-255,1484,82954,96,272069
13123,0.001074,74.125.200.0-255,1484,84438,96,272069
13124,0.001076,172.31.47.0-255,66,84504,96,272069
13125,0.001093,74.125.200.0-255,1484,85988,96,272069
13126,0.001099,74.125.200.0-255,4320,90308,96,272069
13127,0.001112,74.125.200.0-255,4320,94628,96,272069
13128,0.001116,172.31.47.0-255,66,94694,96,272069
13129,0.00113,74.125.200.0-255,1484,96178,96,272069
13130,0.00116,74.125.200.0-255,2902,99080,96,272069
13131,0.001166,172.31.47.0-255,66,99146,96,272069
13132,0.001203,74.125.200.0-255,2902,102048,96,272069
13133,0.001214,172.31.47.0-255,66,102114,96,272069
13134,0.001222,74.125.200.0-255,2184,104298,96,272069
13135,0.001226,172.31.47.0-255,66,104364,96,272069
13136,0.002074,74.125.200.0-255,1484,105848,96,272069
13137,0.002081,172.31.47.0-255,66,105914,96,272069
13138,0.002089,74.125.200.0-255,2902,108816,96,272069
13139,0.002103,74.125.200.0-255,4320,113136,96,272069
13140,0.002137,74.125.200.0-255,5738,118874,96,272069
13141,0.002141,74.125.200.0-255,2902,121776,96,272069
13142,0.002166,74.125.200.0-255,2902,124678,96,272069
13143,0.002177,74.125.200.0-255,1484,126162,96,272069
13144,0.002207,74.125.200.0-255,3602,129764,96,272069
13145,0.004245,172.31.47.0-255,66,129830,96,272069
13146,0.006545,74.125.200.0-255,4320,134150,96,272069
13147,0.00655,172.31.47.0-255,66,134216,96,272069
13148,0.006564,74.125.200.0-255,1484,135700,96,272069
13149,0.008846,74.125.200.0-255,4320,140020,96,272069
13150,0.008853,172.31.47.0-255,66,140086,96,272069
13151,0.011157,74.125.200.0-255,5738,145824,96,272069
13152,0.011183,172.31.47.0-255,66,145890,96,272069
13153,0.013488,74.125.200.0-255,5738,151628,96,272069
13154,0.013496,172.31.47.0-255,66,151694,96,272069
13155,0.015803,74.125.200.0-255,5738,157432,96,272069
13156,0.015809,172.31.47.0-255,66,157498,96,272069
13157,0.018113,74.125.200.0-255,5738,163236,96,272069
13158,0.018119,172.31.47.0-255,66,163302,96,272069
13159,0.02042,74.125.200.0-255,5738,169040,96,272069
13160,0.020426,172.31.47.0-255,66,169106,96,272069
13161,0.022752,74.125.200.0-255,5738,174844,96,272069
13162,0.022759,172.31.47.0-255,66,174910,96,272069
13163,0.02506,74.125.200.0-255,5738,180648,96,272069
13164,0.025067,172.31.47.0-255,66,180714,96,272069
13165,0.027205,172.31.47.0-255,172,180886,96,272069
13166,0.027232,172.31.47.0-255,1109,181995,96,272069
13167,0.02728,172.31.47.0-255,1514,183509,96,272069
13168,0.027282,172.31.47.0-255,1302,184811,96,272069
13169,0.02736,74.125.200.0-255,5738,190549,96,272069
13170,0.027365,172.31.47.0-255,66,190615,96,272069
13171,0.02876,104.244.42.0-255,66,190681,96,272069
13172,0.028803,104.244.42.0-255,66,190747,96,272069
13173,0.028857,104.244.42.0-255,66,190813,96,272069
13174,0.029664,74.125.200.0-255,5738,196551,96,272069
13175,0.02967,172.31.47.0-255,66,196617,96,272069
13176,0.031981,74.125.200.0-255,5738,202355,96,272069
13177,0.03199,172.31.47.0-255,66,202421,96,272069
13178,0.034308,74.125.200.0-255,5738,208159,96,272069
13179,0.034313,172.31.47.0-255,66,208225,96,272069
13180,0.03661,74.125.200.0-255,5738,213963,96,272069
13181,0.036616,172.31.47.0-255,66,214029,96,272069
13182,0.038912,74.125.200.0-255,5738,219767,96,272069
13183,0.038918,172.31.47.0-255,66,219833,96,272069
13184,0.041205,74.125.200.0-255,5738,225571,96,272069
13185,0.04121,172.31.47.0-255,66,225637,96,272069
13186,0.043508,74.125.200.0-255,5738,231375,96,272069
13187,0.043516,172.31.47.0-255,66,231441,96,272069
13188,0.045838,74.125.200.0-255,5738,237179,96,272069
13189,0.045845,172.31.47.0-255,66,237245,96,272069
13190,0.048148,74.125.200.0-255,5738,242983,96,272069
13191,0.048156,172.31.47.0-255,66,243049,96,272069
13192,0.050455,74.125.200.0-255,5738,248787,96,272069
13193,0.05046,172.31.47.0-255,66,248853,96,272069
13194,0.05277,74.125.200.0-255,5738,254591,96,272069
13195,0.052776,172.31.47.0-255,66,254657,96,272069
13196,0.055084,74.125.200.0-255,5738,260395,96,272069
13197,0.055092,172.31.47.0-255,66,260461,96,272069
13198,0.057378,74.125.200.0-255,5738,266199,96,272069
13199,0.057385,172.31.47.0-255,66,266265,96,272069
13200,0.059702,74.125.200.0-255,5738,272003,96,272069
13201,0.059709,172.31.47.0-255,66,272069,96,272069
13202,0.0,172.217.160.0-255,153,153,96,316853
13203,3e-05,172.31.47.0-255,66,219,96,316853
13204,3.7e-05,172.217.160.0-255,1484,1703,96,316853
13205,4.1e-05,172.31.47.0-255,66,1769,96,316853
13206,4.6e-05,172.217.160.0-255,2902,4671,96,316853
13207,4.9e-05,172.31.47.0-255,66,4737,96,316853
13208,7.9e-05,172.217.160.0-255,4320,9057,96,316853
13209,8.2e-05,172.31.47.0-255,66,9123,96,316853
13210,0.000103,172.217.160.0-255,2902,12025,96,316853
13211,0.000105,172.31.47.0-255,66,12091,96,316853
13212,0.000109,172.217.160.0-255,2029,14120,96,316853
13213,0.000112,172.31.47.0-255,66,14186,96,316853
13214,0.000116,172.217.160.0-255,2902,17088,96,316853
13215,0.000118,172.31.47.0-255,66,17154,96,316853
13216,0.000122,172.217.160.0-255,2902,20056,96,316853
13217,0.000124,172.31.47.0-255,66,20122,96,316853
13218,0.000127,172.217.160.0-255,2902,23024,96,316853
13219,0.00013,172.31.47.0-255,66,23090,96,316853
13220,0.000142,172.217.160.0-255,1484,24574,96,316853
13221,0.000144,172.31.47.0-255,66,24640,96,316853
13222,0.000165,172.217.160.0-255,1484,26124,96,316853
13223,0.000168,172.31.47.0-255,66,26190,96,316853
13224,0.000188,172.217.160.0-255,5379,31569,96,316853
13225,0.000191,172.31.47.0-255,66,31635,96,316853
13226,0.000227,172.217.160.0-255,2902,34537,96,316853
13227,0.00023,172.31.47.0-255,66,34603,96,316853
13228,0.000245,172.217.160.0-255,1484,36087,96,316853
13229,0.000247,172.31.47.0-255,66,36153,96,316853
13230,0.000253,172.217.160.0-255,5738,41891,96,316853
13231,0.000256,172.31.47.0-255,66,41957,96,316853
13232,0.000274,172.217.160.0-255,2902,44859,96,316853
13233,0.000277,172.31.47.0-255,66,44925,96,316853
13234,0.000303,172.31.47.0-255,66,44991,96,316853
13235,0.000315,172.31.47.0-255,66,45057,96,316853
13236,0.000318,172.217.160.0-255,375,45432,96,316853
13237,0.000635,172.217.160.0-255,100,45532,96,316853
13238,0.000679,172.217.160.0-255,365,45897,96,316853
13239,0.000779,172.31.47.0-255,66,45963,96,316853
13240,0.000929,172.217.160.0-255,1484,47447,96,316853
13241,0.000939,172.217.160.0-255,2902,50349,96,316853
13242,0.000943,172.31.47.0-255,66,50415,96,316853
13243,0.00095,172.217.160.0-255,5738,56153,96,316853
13244,0.000953,172.31.47.0-255,66,56219,96,316853
13245,0.000979,172.217.160.0-255,2902,59121,96,316853
13246,0.000982,172.31.47.0-255,66,59187,96,316853
13247,0.001011,172.31.47.0-255,66,59253,96,316853
13248,0.001045,172.31.47.0-255,66,59319,96,316853
13249,0.001272,172.217.160.0-255,1484,60803,96,316853
13250,0.001302,172.217.160.0-255,1484,62287,96,316853
13251,0.001306,172.31.47.0-255,66,62353,96,316853
13252,0.001312,172.217.160.0-255,2902,65255,96,316853
13253,0.001314,172.31.47.0-255,66,65321,96,316853
13254,0.001319,172.217.160.0-255,2902,68223,96,316853
13255,0.001322,172.31.47.0-255,66,68289,96,316853
13256,0.001343,172.217.160.0-255,2902,71191,96,316853
13257,0.001345,172.31.47.0-255,66,71257,96,316853
13258,0.001353,172.217.160.0-255,7156,78413,96,316853
13259,0.001355,172.31.47.0-255,66,78479,96,316853
13260,0.00137,172.217.160.0-255,2902,81381,96,316853
13261,0.001372,172.31.47.0-255,66,81447,96,316853
13262,0.001398,172.217.160.0-255,5738,87185,96,316853
13263,0.001401,172.31.47.0-255,66,87251,96,316853
13264,0.001418,172.217.160.0-255,1484,88735,96,316853
13265,0.001458,172.217.160.0-255,2902,91637,96,316853
13266,0.001462,172.31.47.0-255,66,91703,96,316853
13267,0.001497,172.217.160.0-255,2184,93887,96,316853
13268,0.0015,172.31.47.0-255,66,93953,96,316853
13269,0.00152,172.217.160.0-255,1484,95437,96,316853
13270,0.001536,172.217.160.0-255,1484,96921,96,316853
13271,0.001539,172.31.47.0-255,66,96987,96,316853
13272,0.001543,172.217.160.0-255,2902,99889,96,316853
13273,0.001546,172.31.47.0-255,66,99955,96,316853
13274,0.001554,172.217.160.0-255,7156,107111,96,316853
13275,0.001556,172.31.47.0-255,66,107177,96,316853
13276,0.001572,172.31.47.0-255,66,107243,96,316853
13277,0.001601,172.217.160.0-255,2902,110145,96,316853
13278,0.001604,172.31.47.0-255,66,110211,96,316853
13279,0.00161,172.217.160.0-255,5020,115231,96,316853
13280,0.001613,172.31.47.0-255,66,115297,96,316853
13281,0.001671,172.31.47.0-255,66,115363,96,316853
13282,0.001682,172.217.160.0-255,1484,116847,96,316853
13283,0.001694,172.31.47.0-255,66,116913,96,316853
13284,0.003333,172.217.160.0-255,5738,122651,96,316853
13285,0.003339,172.31.47.0-255,66,122717,96,316853
13286,0.004961,172.217.160.0-255,5738,128455,96,316853
13287,0.004965,172.31.47.0-255,66,128521,96,316853
13288,0.006595,172.217.160.0-255,5738,134259,96,316853
13289,0.0066,172.31.47.0-255,66,134325,96,316853
13290,0.00823,172.217.160.0-255,4320,138645,96,316853
13291,0.008234,172.31.47.0-255,66,138711,96,316853
13292,0.008254,172.217.160.0-255,1484,140195,96,316853
13293,0.009877,172.217.160.0-255,4320,144515,96,316853
13294,0.009883,172.31.47.0-255,66,144581,96,316853
13295,0.011526,172.217.160.0-255,5738,150319,96,316853
13296,0.011532,172.31.47.0-255,66,150385,96,316853
13297,0.01316,172.217.160.0-255,5738,156123,96,316853
13298,0.013167,172.31.47.0-255,66,156189,96,316853
13299,0.014802,172.217.160.0-255,5738,161927,96,316853
13300,0.014809,172.31.47.0-255,66,161993,96,316853
13301,0.016445,172.217.160.0-255,5738,167731,96,316853
13302,0.016452,172.31.47.0-255,66,167797,96,316853
13303,0.018077,172.217.160.0-255,5738,173535,96,316853
13304,0.018084,172.31.47.0-255,66,173601,96,316853
13305,0.019711,172.217.160.0-255,5738,179339,96,316853
13306,0.019717,172.31.47.0-255,66,179405,96,316853
13307,0.021351,172.217.160.0-255,4320,183725,96,316853
13308,0.021357,172.31.47.0-255,66,183791,96,316853
13309,0.021377,172.217.160.0-255,1484,185275,96,316853
13310,0.02298,172.217.160.0-255,4320,189595,96,316853
13311,0.022986,172.31.47.0-255,66,189661,96,316853
13312,0.023318,172.31.47.0-255,172,189833,96,316853
13313,0.023348,172.31.47.0-255,1105,190938,96,316853
13314,0.023385,172.31.47.0-255,1514,192452,96,316853
13315,0.023386,172.31.47.0-255,339,192791,96,316853
13316,0.024618,172.217.160.0-255,5738,198529,96,316853
13317,0.024624,172.31.47.0-255,66,198595,96,316853
13318,0.024881,104.244.42.0-255,66,198661,96,316853
13319,0.024889,104.244.42.0-255,66,198727,96,316853
13320,0.024958,104.244.42.0-255,66,198793,96,316853
13321,0.026245,172.217.160.0-255,4320,203113,96,316853
13322,0.02625,172.31.47.0-255,66,203179,96,316853
13323,0.026275,172.217.160.0-255,1484,204663,96,316853
13324,0.027873,172.217.160.0-255,4320,208983,96,316853
13325,0.027878,172.31.47.0-255,66,209049,96,316853
13326,0.029507,172.217.160.0-255,5738,214787,96,316853
13327,0.029512,172.31.47.0-255,66,214853,96,316853
13328,0.031143,172.217.160.0-255,4320,219173,96,316853
13329,0.031148,172.31.47.0-255,66,219239,96,316853
13330,0.031177,172.217.160.0-255,1484,220723,96,316853
13331,0.032774,172.217.160.0-255,4320,225043,96,316853
13332,0.032779,172.31.47.0-255,66,225109,96,316853
13333,0.03442,172.217.160.0-255,5738,230847,96,316853
13334,0.034425,172.31.47.0-255,66,230913,96,316853
13335,0.036048,172.217.160.0-255,4320,235233,96,316853
13336,0.036053,172.31.47.0-255,66,235299,96,316853
13337,0.036081,172.217.160.0-255,1484,236783,96,316853
13338,0.037674,172.217.160.0-255,4320,241103,96,316853
13339,0.037678,172.31.47.0-255,66,241169,96,316853
13340,0.039314,172.217.160.0-255,4320,245489,96,316853
13341,0.039318,172.31.47.0-255,66,245555,96,316853
13342,0.039342,172.217.160.0-255,1484,247039,96,316853
13343,0.040968,172.217.160.0-255,4320,251359,96,316853
13344,0.040974,172.31.47.0-255,66,251425,96,316853
13345,0.042599,172.217.160.0-255,2902,254327,96,316853
13346,0.042605,172.31.47.0-255,66,254393,96,316853
13347,0.042635,172.217.160.0-255,2902,257295,96,316853
13348,0.042638,172.31.47.0-255,66,257361,96,316853
13349,0.044226,172.217.160.0-255,2902,260263,96,316853
13350,0.044232,172.31.47.0-255,66,260329,96,316853
13351,0.044264,172.217.160.0-255,2902,263231,96,316853
13352,0.044267,172.31.47.0-255,66,263297,96,316853
13353,0.045863,172.217.160.0-255,2902,266199,96,316853
13354,0.045868,172.31.47.0-255,66,266265,96,316853
13355,0.045896,172.217.160.0-255,2902,269167,96,316853
13356,0.0459,172.31.47.0-255,66,269233,96,316853
13357,0.047495,172.217.160.0-255,2902,272135,96,316853
13358,0.0475,172.31.47.0-255,66,272201,96,316853
13359,0.047536,172.217.160.0-255,2902,275103,96,316853
13360,0.04754,172.31.47.0-255,66,275169,96,316853
13361,0.049122,172.217.160.0-255,2902,278071,96,316853
13362,0.049127,172.31.47.0-255,66,278137,96,316853
13363,0.049156,172.217.160.0-255,2902,281039,96,316853
13364,0.049159,172.31.47.0-255,66,281105,96,316853
13365,0.050747,172.217.160.0-255,2902,284007,96,316853
13366,0.050751,172.31.47.0-255,66,284073,96,316853
13367,0.050802,172.217.160.0-255,2902,286975,96,316853
13368,0.050805,172.31.47.0-255,66,287041,96,316853
13369,0.052381,172.217.160.0-255,2902,289943,96,316853
13370,0.052385,172.31.47.0-255,66,290009,96,316853
13371,0.052453,172.217.160.0-255,2902,292911,96,316853
13372,0.052457,172.31.47.0-255,66,292977,96,316853
13373,0.054006,172.217.160.0-255,2902,295879,96,316853
13374,0.054011,172.31.47.0-255,66,295945,96,316853
13375,0.054066,172.217.160.0-255,1484,297429,96,316853
13376,0.054081,172.217.160.0-255,1484,298913,96,316853
13377,0.054085,172.31.47.0-255,66,298979,96,316853
13378,0.055632,172.217.160.0-255,2902,301881,96,316853
13379,0.055637,172.31.47.0-255,66,301947,96,316853
13380,0.055701,172.217.160.0-255,2902,304849,96,316853
13381,0.055705,172.31.47.0-255,66,304915,96,316853
13382,0.057267,172.217.160.0-255,2902,307817,96,316853
13383,0.057272,172.31.47.0-255,66,307883,96,316853
13384,0.057324,172.217.160.0-255,1484,309367,96,316853
13385,0.057334,172.217.160.0-255,1484,310851,96,316853
13386,0.057338,172.31.47.0-255,66,310917,96,316853
13387,0.058902,172.217.160.0-255,2902,313819,96,316853
13388,0.058907,172.31.47.0-255,66,313885,96,316853
13389,0.058957,172.217.160.0-255,2902,316787,96,316853
13390,0.058961,172.31.47.0-255,66,316853,96,316853
13391,0.0,172.31.47.0-255,105,105,96,459
13392,0.000254,172.31.47.0-255,90,195,96,459
13393,0.000263,172.31.47.0-255,66,261,96,459
13394,0.002488,74.125.130.0-255,66,327,96,459
13395,0.002509,74.125.130.0-255,66,393,96,459
13396,0.002524,172.31.47.0-255,66,459,96,459
13397,0.0,74.125.24.0-255,146,146,96,299018
13398,2.4e-05,172.31.47.0-255,66,212,96,299018
13399,3.1e-05,74.125.24.0-255,1484,1696,96,299018
13400,3.5e-05,172.31.47.0-255,66,1762,96,299018
13401,4.7e-05,74.125.24.0-255,2902,4664,96,299018
13402,4.9e-05,172.31.47.0-255,66,4730,96,299018
13403,5.6e-05,74.125.24.0-255,5738,10468,96,299018
13404,5.8e-05,172.31.47.0-255,66,10534,96,299018
13405,7.5e-05,74.125.24.0-255,1484,12018,96,299018
13406,7.8e-05,172.31.47.0-255,66,12084,96,299018
13407,0.000116,172.31.47.0-255,66,12150,96,299018
13408,0.000143,74.125.24.0-255,5738,17888,96,299018
13409,0.000146,172.31.47.0-255,66,17954,96,299018
13410,0.000169,74.125.24.0-255,3961,21915,96,299018
13411,0.00017,172.31.47.0-255,66,21981,96,299018
13412,0.000309,74.125.24.0-255,1484,23465,96,299018
13413,0.000313,172.31.47.0-255,66,23531,96,299018
13414,0.00033,74.125.24.0-255,2902,26433,96,299018
13415,0.000333,172.31.47.0-255,66,26499,96,299018
13416,0.000337,74.125.24.0-255,2902,29401,96,299018
13417,0.000339,172.31.47.0-255,66,29467,96,299018
13418,0.00036,74.125.24.0-255,2902,32369,96,299018
13419,0.000367,172.31.47.0-255,66,32435,96,299018
13420,0.000404,172.31.47.0-255,66,32501,96,299018
13421,0.000465,172.31.47.0-255,66,32567,96,299018
13422,0.00053,74.125.24.0-255,108,32675,96,299018
13423,0.000533,172.31.47.0-255,66,32741,96,299018
13424,0.00061,74.125.24.0-255,1484,34225,96,299018
13425,0.000616,172.31.47.0-255,66,34291,96,299018
13426,0.000623,74.125.24.0-255,2902,37193,96,299018
13427,0.000625,172.31.47.0-255,66,37259,96,299018
13428,0.000633,74.125.24.0-255,1484,38743,96,299018
13429,0.000635,172.31.47.0-255,66,38809,96,299018
13430,0.000666,74.125.24.0-255,4320,43129,96,299018
13431,0.000669,172.31.47.0-255,66,43195,96,299018
13432,0.000682,172.31.47.0-255,66,43261,96,299018
13433,0.000708,74.125.24.0-255,1484,44745,96,299018
13434,0.00071,172.31.47.0-255,66,44811,96,299018
13435,0.000716,74.125.24.0-255,5738,50549,96,299018
13436,0.000718,172.31.47.0-255,66,50615,96,299018
13437,0.000778,74.125.24.0-255,5020,55635,96,299018
13438,0.000783,172.31.47.0-255,66,55701,96,299018
13439,0.000915,74.125.24.0-255,1484,57185,96,299018
13440,0.000919,172.31.47.0-255,66,57251,96,299018
13441,0.000924,74.125.24.0-255,2902,60153,96,299018
13442,0.000926,172.31.47.0-255,66,60219,96,299018
13443,0.000957,74.125.24.0-255,5738,65957,96,299018
13444,0.00096,172.31.47.0-255,66,66023,96,299018
13445,0.000962,74.125.24.0-255,1484,67507,96,299018
13446,0.000994,74.125.24.0-255,1484,68991,96,299018
13447,0.001003,172.31.47.0-255,66,69057,96,299018
13448,0.001014,74.125.24.0-255,5738,74795,96,299018
13449,0.001057,172.31.47.0-255,66,74861,96,299018
13450,0.001073,74.125.24.0-255,2184,77045,96,299018
13451,0.001091,172.31.47.0-255,66,77111,96,299018
13452,0.0011,74.125.24.0-255,1484,78595,96,299018
13453,0.00113,74.125.24.0-255,2902,81497,96,299018
13454,0.001133,74.125.24.0-255,1484,82981,96,299018
13455,0.001146,74.125.24.0-255,1484,84465,96,299018
13456,0.001149,172.31.47.0-255,66,84531,96,299018
13457,0.001183,74.125.24.0-255,7156,91687,96,299018
13458,0.001192,74.125.24.0-255,7156,98843,96,299018
13459,0.001204,172.31.47.0-255,66,98909,96,299018
13460,0.001227,172.31.47.0-255,66,98975,96,299018
13461,0.001236,74.125.24.0-255,3602,102577,96,299018
13462,0.001263,74.125.24.0-255,4320,106897,96,299018
13463,0.001268,74.125.24.0-255,4320,111217,96,299018
13464,0.001286,74.125.24.0-255,5738,116955,96,299018
13465,0.001311,172.31.47.0-255,66,117021,96,299018
13466,0.001314,74.125.24.0-255,1484,118505,96,299018
13467,0.001373,172.31.47.0-255,66,118571,96,299018
13468,0.001405,74.125.24.0-255,1484,120055,96,299018
13469,0.001423,74.125.24.0-255,2902,122957,96,299018
13470,0.001427,74.125.24.0-255,1484,124441,96,299018
13471,0.001447,74.125.24.0-255,4320,128761,96,299018
13472,0.001453,172.31.47.0-255,66,128827,96,299018
13473,0.001472,74.125.24.0-255,2902,131729,96,299018
13474,0.001486,74.125.24.0-255,3650,135379,96,299018
13475,0.001497,172.31.47.0-255,66,135445,96,299018
13476,0.002082,74.125.24.0-255,1484,136929,96,299018
13477,0.002087,74.125.24.0-255,1484,138413,96,299018
13478,0.00209,172.31.47.0-255,66,138479,96,299018
13479,0.002116,74.125.24.0-255,1484,139963,96,299018
13480,0.002123,74.125.24.0-255,5738,145701,96,299018
13481,0.00213,74.125.24.0-255,7156,152857,96,299018
13482,0.002144,74.125.24.0-255,1484,154341,96,299018
13483,0.002147,172.31.47.0-255,66,154407,96,299018
13484,0.002182,74.125.24.0-255,5738,160145,96,299018
13485,0.002203,172.31.47.0-255,66,160211,96,299018
13486,0.00225,74.125.24.0-255,4320,164531,96,299018
13487,0.002264,74.125.24.0-255,7156,171687,96,299018
13488,0.002273,172.31.47.0-255,66,171753,96,299018
13489,0.002299,74.125.24.0-255,4320,176073,96,299018
13490,0.002328,172.31.47.0-255,66,176139,96,299018
13491,0.002352,74.125.24.0-255,1484,177623,96,299018
13492,0.002357,74.125.24.0-255,2902,180525,96,299018
13493,0.00236,74.125.24.0-255,1484,182009,96,299018
13494,0.002365,172.31.47.0-255,66,182075,96,299018
13495,0.00239,74.125.24.0-255,4320,186395,96,299018
13496,0.002397,74.125.24.0-255,5738,192133,96,299018
13497,0.002415,74.125.24.0-255,7156,199289,96,299018
13498,0.002426,172.31.47.0-255,66,199355,96,299018
13499,0.002433,74.125.24.0-255,5738,205093,96,299018
13500,0.00249,172.31.47.0-255,66,205159,96,299018
13501,0.002501,74.125.24.0-255,5020,210179,96,299018
13502,0.002522,74.125.24.0-255,5738,215917,96,299018
13503,0.002538,74.125.24.0-255,2902,218819,96,299018
13504,0.002547,172.31.47.0-255,66,218885,96,299018
13505,0.002567,74.125.24.0-255,7156,226041,96,299018
13506,0.002596,74.125.24.0-255,6438,232479,96,299018
13507,0.002613,172.31.47.0-255,66,232545,96,299018
13508,0.005263,74.125.24.0-255,5738,238283,96,299018
13509,0.005279,172.31.47.0-255,66,238349,96,299018
13510,0.007881,74.125.24.0-255,5738,244087,96,299018
13511,0.007895,172.31.47.0-255,66,244153,96,299018
13512,0.010521,74.125.24.0-255,5738,249891,96,299018
13513,0.010531,172.31.47.0-255,66,249957,96,299018
13514,0.013138,74.125.24.0-255,5738,255695,96,299018
13515,0.013154,172.31.47.0-255,66,255761,96,299018
13516,0.015784,74.125.24.0-255,5738,261499,96,299018
13517,0.015803,172.31.47.0-255,66,261565,96,299018
13518,0.018434,74.125.24.0-255,5738,267303,96,299018
13519,0.018454,172.31.47.0-255,66,267369,96,299018
13520,0.021071,74.125.24.0-255,5738,273107,96,299018
13521,0.021088,172.31.47.0-255,66,273173,96,299018
13522,0.02369,74.125.24.0-255,5738,278911,96,299018
13523,0.023707,172.31.47.0-255,66,278977,96,299018
13524,0.02633,74.125.24.0-255,5738,284715,96,299018
13525,0.02635,172.31.47.0-255,66,284781,96,299018
13526,0.028959,74.125.24.0-255,5738,290519,96,299018
13527,0.028971,172.31.47.0-255,66,290585,96,299018
13528,0.031594,74.125.24.0-255,3901,294486,96,299018
13529,0.031608,172.31.47.0-255,66,294552,96,299018
13530,0.031847,172.31.47.0-255,105,294657,96,299018
13531,0.034433,74.125.24.0-255,66,294723,96,299018
13532,0.034905,172.31.47.0-255,172,294895,96,299018
13533,0.03494,172.31.47.0-255,1109,296004,96,299018
13534,0.035,172.31.47.0-255,1514,297518,96,299018
13535,0.035002,172.31.47.0-255,1302,298820,96,299018
13536,0.03648,104.244.42.0-255,66,298886,96,299018
13537,0.036512,104.244.42.0-255,66,298952,96,299018
13538,0.036562,104.244.42.0-255,66,299018,96,299018
13539,0.0,172.253.118.0-255,145,145,96,198794
13540,1.7e-05,172.31.47.0-255,66,211,96,198794
13541,2.4e-05,172.253.118.0-255,1484,1695,96,198794
13542,2.9e-05,172.31.47.0-255,66,1761,96,198794
13543,3.5e-05,172.253.118.0-255,2902,4663,96,198794
13544,3.7e-05,172.31.47.0-255,66,4729,96,198794
13545,4.5e-05,172.253.118.0-255,7156,11885,96,198794
13546,4.8e-05,172.31.47.0-255,66,11951,96,198794
13547,0.0001,172.31.47.0-255,66,12017,96,198794
13548,0.000123,172.253.118.0-255,5379,17396,96,198794
13549,0.000125,172.31.47.0-255,66,17462,96,198794
13550,0.000167,172.253.118.0-255,1484,18946,96,198794
13551,0.00017,172.31.47.0-255,66,19012,96,198794
13552,0.000175,172.253.118.0-255,2902,21914,96,198794
13553,0.000177,172.31.47.0-255,66,21980,96,198794
13554,0.00018,172.253.118.0-255,1484,23464,96,198794
13555,0.000182,172.31.47.0-255,66,23530,96,198794
13556,0.000208,172.253.118.0-255,4320,27850,96,198794
13557,0.000211,172.31.47.0-255,66,27916,96,198794
13558,0.000225,172.253.118.0-255,4320,32236,96,198794
13559,0.000227,172.31.47.0-255,66,32302,96,198794
13560,0.000265,172.253.118.0-255,7156,39458,96,198794
13561,0.000268,172.31.47.0-255,66,39524,96,198794
13562,0.000281,172.31.47.0-255,66,39590,96,198794
13563,0.000284,172.253.118.0-255,365,39955,96,198794
13564,0.000286,172.31.47.0-255,66,40021,96,198794
13565,0.00029,172.253.118.0-255,130,40151,96,198794
13566,0.000292,172.31.47.0-255,66,40217,96,198794
13567,0.000528,172.253.118.0-255,1484,41701,96,198794
13568,0.000534,172.31.47.0-255,66,41767,96,198794
13569,0.000541,172.253.118.0-255,2902,44669,96,198794
13570,0.000543,172.31.47.0-255,66,44735,96,198794
13571,0.000549,172.253.118.0-255,5738,50473,96,198794
13572,0.000552,172.31.47.0-255,66,50539,96,198794
13573,0.000589,172.31.47.0-255,66,50605,96,198794
13574,0.000594,172.253.118.0-255,4320,54925,96,198794
13575,0.000596,172.31.47.0-255,66,54991,96,198794
13576,0.000616,172.253.118.0-255,6438,61429,96,198794
13577,0.000618,172.31.47.0-255,66,61495,96,198794
13578,0.000659,172.253.118.0-255,346,61841,96,198794
13579,0.000661,172.31.47.0-255,66,61907,96,198794
13580,0.000701,172.253.118.0-255,1484,63391,96,198794
13581,0.000704,172.31.47.0-255,66,63457,96,198794
13582,0.000709,172.253.118.0-255,4320,67777,96,198794
13583,0.000712,172.31.47.0-255,66,67843,96,198794
13584,0.000752,172.31.47.0-255,66,67909,96,198794
13585,0.000763,172.31.47.0-255,66,67975,96,198794
13586,0.000793,172.253.118.0-255,1484,69459,96,198794
13587,0.000796,172.31.47.0-255,66,69525,96,198794
13588,0.000818,172.31.47.0-255,66,69591,96,198794
13589,0.000826,172.253.118.0-255,7156,76747,96,198794
13590,0.000828,172.31.47.0-255,66,76813,96,198794
13591,0.000852,172.253.118.0-255,5738,82551,96,198794
13592,0.000854,172.31.47.0-255,66,82617,96,198794
13593,0.000866,172.31.47.0-255,66,82683,96,198794
13594,0.000888,172.31.47.0-255,66,82749,96,198794
13595,0.000908,172.253.118.0-255,1484,84233,96,198794
13596,0.00091,172.31.47.0-255,66,84299,96,198794
13597,0.000915,172.253.118.0-255,2902,87201,96,198794
13598,0.000916,172.31.47.0-255,66,87267,96,198794
13599,0.00093,172.253.118.0-255,4320,91587,96,198794
13600,0.000933,172.31.47.0-255,66,91653,96,198794
13601,0.000955,172.253.118.0-255,1484,93137,96,198794
13602,0.000967,172.31.47.0-255,66,93203,96,198794
13603,0.00097,172.31.47.0-255,66,93269,96,198794
13604,0.001008,172.253.118.0-255,7156,100425,96,198794
13605,0.001012,172.31.47.0-255,66,100491,96,198794
13606,0.001037,172.31.47.0-255,66,100557,96,198794
13607,0.001051,172.253.118.0-255,4320,104877,96,198794
13608,0.001053,172.31.47.0-255,66,104943,96,198794
13609,0.00106,172.253.118.0-255,5738,110681,96,198794
13610,0.001062,172.31.47.0-255,66,110747,96,198794
13611,0.001092,172.31.47.0-255,66,110813,96,198794
13612,0.001113,172.253.118.0-255,2902,113715,96,198794
13613,0.001116,172.31.47.0-255,66,113781,96,198794
13614,0.001129,172.31.47.0-255,66,113847,96,198794
13615,0.001182,172.253.118.0-255,1484,115331,96,198794
13616,0.001187,172.31.47.0-255,66,115397,96,198794
13617,0.001198,172.253.118.0-255,2902,118299,96,198794
13618,0.0012,172.31.47.0-255,66,118365,96,198794
13619,0.001226,172.253.118.0-255,5738,124103,96,198794
13620,0.001229,172.31.47.0-255,66,124169,96,198794
13621,0.001267,172.253.118.0-255,4320,128489,96,198794
13622,0.00127,172.31.47.0-255,66,128555,96,198794
13623,0.001297,172.31.47.0-255,66,128621,96,198794
13624,0.001309,172.31.47.0-255,66,128687,96,198794
13625,0.001312,172.253.118.0-255,1484,130171,96,198794
13626,0.001314,172.31.47.0-255,66,130237,96,198794
13627,0.001319,172.253.118.0-255,2902,133139,96,198794
13628,0.001321,172.31.47.0-255,66,133205,96,198794
13629,0.001328,172.253.118.0-255,5738,138943,96,198794
13630,0.00133,172.31.47.0-255,66,139009,96,198794
13631,0.001353,172.253.118.0-255,7156,146165,96,198794
13632,0.001356,172.31.47.0-255,66,146231,96,198794
13633,0.001389,172.253.118.0-255,5738,151969,96,198794
13634,0.001403,172.31.47.0-255,66,152035,96,198794
13635,0.001406,172.31.47.0-255,66,152101,96,198794
13636,0.00147,172.253.118.0-255,1484,153585,96,198794
13637,0.001474,172.31.47.0-255,66,153651,96,198794
13638,0.001479,172.253.118.0-255,2902,156553,96,198794
13639,0.001481,172.31.47.0-255,66,156619,96,198794
13640,0.001509,172.253.118.0-255,5738,162357,96,198794
13641,0.001512,172.31.47.0-255,66,162423,96,198794
13642,0.001518,172.253.118.0-255,5738,168161,96,198794
13643,0.001521,172.31.47.0-255,66,168227,96,198794
13644,0.001537,172.253.118.0-255,5738,173965,96,198794
13645,0.001539,172.31.47.0-255,66,174031,96,198794
13646,0.00155,172.31.47.0-255,66,174097,96,198794
13647,0.001569,172.253.118.0-255,3602,177699,96,198794
13648,0.001572,172.31.47.0-255,66,177765,96,198794
13649,0.001637,172.253.118.0-255,1484,179249,96,198794
13650,0.001641,172.31.47.0-255,66,179315,96,198794
13651,0.001657,172.253.118.0-255,2902,182217,96,198794
13652,0.00166,172.31.47.0-255,66,182283,96,198794
13653,0.001666,172.253.118.0-255,5738,188021,96,198794
13654,0.001669,172.31.47.0-255,66,188087,96,198794
13655,0.001674,172.253.118.0-255,4320,192407,96,198794
13656,0.001715,172.31.47.0-255,66,192473,96,198794
13657,0.001719,172.253.118.0-255,1484,193957,96,198794
13658,0.001784,172.31.47.0-255,66,194023,96,198794
13659,0.00181,172.31.47.0-255,66,194089,96,198794
13660,0.001853,172.31.47.0-255,66,194155,96,198794
13661,0.001861,172.253.118.0-255,105,194260,96,198794
13662,0.009448,172.31.47.0-255,66,194326,96,198794
13663,0.009481,172.31.47.0-255,105,194431,96,198794
13664,0.011666,172.253.118.0-255,66,194497,96,198794
13665,0.02809,172.31.47.0-255,172,194669,96,198794
13666,0.02812,172.31.47.0-255,1110,195779,96,198794
13667,0.028172,172.31.47.0-255,1514,197293,96,198794
13668,0.028174,172.31.47.0-255,1303,198596,96,198794
13669,0.029561,104.244.42.0-255,66,198662,96,198794
13670,0.029592,104.244.42.0-255,66,198728,96,198794
13671,0.029653,104.244.42.0-255,66,198794,96,198794
13672,0.0,172.217.194.0-255,152,152,96,249200
13673,2.5e-05,172.31.47.0-255,66,218,96,249200
13674,3.1e-05,172.217.194.0-255,1484,1702,96,249200
13675,3.6e-05,172.31.47.0-255,66,1768,96,249200
13676,4.2e-05,172.217.194.0-255,2902,4670,96,249200
13677,5.3e-05,172.31.47.0-255,66,4736,96,249200
13678,6e-05,172.217.194.0-255,7156,11892,96,249200
13679,6.3e-05,172.31.47.0-255,66,11958,96,249200
13680,6.8e-05,172.217.194.0-255,4320,16278,96,249200
13681,7.1e-05,172.31.47.0-255,66,16344,96,249200
13682,0.00011,172.217.194.0-255,4962,21306,96,249200
13683,0.000118,172.31.47.0-255,66,21372,96,249200
13684,0.000129,172.31.47.0-255,66,21438,96,249200
13685,0.000209,172.31.47.0-255,66,21504,96,249200
13686,0.000229,172.31.47.0-255,66,21570,96,249200
13687,0.000231,172.217.194.0-255,377,21947,96,249200
13688,0.000233,172.31.47.0-255,66,22013,96,249200
13689,0.000236,172.217.194.0-255,98,22111,96,249200
13690,0.000238,172.31.47.0-255,66,22177,96,249200
13691,0.000242,172.217.194.0-255,1484,23661,96,249200
13692,0.000245,172.31.47.0-255,66,23727,96,249200
13693,0.00025,172.217.194.0-255,2902,26629,96,249200
13694,0.000252,172.31.47.0-255,66,26695,96,249200
13695,0.000256,172.217.194.0-255,1484,28179,96,249200
13696,0.000258,172.31.47.0-255,66,28245,96,249200
13697,0.000301,172.217.194.0-255,5738,33983,96,249200
13698,0.000304,172.31.47.0-255,66,34049,96,249200
13699,0.000314,172.31.47.0-255,66,34115,96,249200
13700,0.000347,172.217.194.0-255,7156,41271,96,249200
13701,0.00035,172.31.47.0-255,66,41337,96,249200
13702,0.00039,172.217.194.0-255,6438,47775,96,249200
13703,0.000393,172.31.47.0-255,66,47841,96,249200
13704,0.000395,172.217.194.0-255,364,48205,96,249200
13705,0.000766,172.217.194.0-255,1484,49689,96,249200
13706,0.000771,172.31.47.0-255,66,49755,96,249200
13707,0.000776,172.217.194.0-255,2902,52657,96,249200
13708,0.000778,172.31.47.0-255,66,52723,96,249200
13709,0.000782,172.217.194.0-255,1484,54207,96,249200
13710,0.000804,172.217.194.0-255,4320,58527,96,249200
13711,0.000806,172.31.47.0-255,66,58593,96,249200
13712,0.000811,172.217.194.0-255,2902,61495,96,249200
13713,0.000812,172.31.47.0-255,66,61561,96,249200
13714,0.000842,172.217.194.0-255,5738,67299,96,249200
13715,0.000844,172.31.47.0-255,66,67365,96,249200
13716,0.000883,172.31.47.0-255,66,67431,96,249200
13717,0.000909,172.217.194.0-255,2184,69615,96,249200
13718,0.000911,172.31.47.0-255,66,69681,96,249200
13719,0.000976,172.217.194.0-255,1484,71165,96,249200
13720,0.000981,172.217.194.0-255,2902,74067,96,249200
13721,0.000983,172.31.47.0-255,66,74133,96,249200
13722,0.000987,172.217.194.0-255,2902,77035,96,249200
13723,0.00099,172.31.47.0-255,66,77101,96,249200
13724,0.001011,172.217.194.0-255,2902,80003,96,249200
13725,0.001017,172.217.194.0-255,5738,85741,96,249200
13726,0.00102,172.31.47.0-255,66,85807,96,249200
13727,0.001022,172.31.47.0-255,66,85873,96,249200
13728,0.001044,172.217.194.0-255,4320,90193,96,249200
13729,0.001047,172.31.47.0-255,66,90259,96,249200
13730,0.001081,172.31.47.0-255,66,90325,96,249200
13731,0.001108,172.217.194.0-255,5020,95345,96,249200
13732,0.001111,172.31.47.0-255,66,95411,96,249200
13733,0.001972,172.217.194.0-255,1484,96895,96,249200
13734,0.001987,172.217.194.0-255,2902,99797,96,249200
13735,0.00199,172.31.47.0-255,66,99863,96,249200
13736,0.002024,172.217.194.0-255,5738,105601,96,249200
13737,0.002027,172.31.47.0-255,66,105667,96,249200
13738,0.002032,172.217.194.0-255,2902,108569,96,249200
13739,0.002034,172.31.47.0-255,66,108635,96,249200
13740,0.002077,172.31.47.0-255,66,108701,96,249200
13741,0.002087,172.31.47.0-255,66,108767,96,249200
13742,0.002121,172.217.194.0-255,2184,110951,96,249200
13743,0.002123,172.31.47.0-255,66,111017,96,249200
13744,0.004433,172.217.194.0-255,4320,115337,96,249200
13745,0.00444,172.31.47.0-255,66,115403,96,249200
13746,0.004464,172.217.194.0-255,1484,116887,96,249200
13747,0.006798,172.217.194.0-255,2902,119789,96,249200
13748,0.006802,172.31.47.0-255,66,119855,96,249200
13749,0.006818,172.217.194.0-255,1484,121339,96,249200
13750,0.009115,172.217.194.0-255,4320,125659,96,249200
13751,0.009122,172.31.47.0-255,66,125725,96,249200
13752,0.01141,172.217.194.0-255,5738,131463,96,249200
13753,0.011422,172.31.47.0-255,66,131529,96,249200
13754,0.01376,172.217.194.0-255,5738,137267,96,249200
13755,0.013771,172.31.47.0-255,66,137333,96,249200
13756,0.016109,172.217.194.0-255,5738,143071,96,249200
13757,0.016118,172.31.47.0-255,66,143137,96,249200
13758,0.018417,172.217.194.0-255,5738,148875,96,249200
13759,0.018425,172.31.47.0-255,66,148941,96,249200
13760,0.020747,172.217.194.0-255,5738,154679,96,249200
13761,0.020755,172.31.47.0-255,66,154745,96,249200
13762,0.023074,172.217.194.0-255,5738,160483,96,249200
13763,0.02308,172.31.47.0-255,66,160549,96,249200
13764,0.02541,172.217.194.0-255,5738,166287,96,249200
13765,0.025415,172.31.47.0-255,66,166353,96,249200
13766,0.026714,172.31.47.0-255,172,166525,96,249200
13767,0.026746,172.31.47.0-255,1109,167634,96,249200
13768,0.026804,172.31.47.0-255,1514,169148,96,249200
13769,0.026806,172.31.47.0-255,1302,170450,96,249200
13770,0.02774,172.217.194.0-255,5738,176188,96,249200
13771,0.027747,172.31.47.0-255,66,176254,96,249200
13772,0.028267,104.244.42.0-255,66,176320,96,249200
13773,0.028311,104.244.42.0-255,66,176386,96,249200
13774,0.028358,104.244.42.0-255,66,176452,96,249200
13775,0.030058,172.217.194.0-255,4320,180772,96,249200
13776,0.030063,172.31.47.0-255,66,180838,96,249200
13777,0.030088,172.217.194.0-255,1484,182322,96,249200
13778,0.03237,172.217.194.0-255,4320,186642,96,249200
13779,0.032375,172.31.47.0-255,66,186708,96,249200
13780,0.034695,172.217.194.0-255,5738,192446,96,249200
13781,0.034701,172.31.47.0-255,66,192512,96,249200
13782,0.037013,172.217.194.0-255,5738,198250,96,249200
13783,0.03702,172.31.47.0-255,66,198316,96,249200
13784,0.039371,172.217.194.0-255,5738,204054,96,249200
13785,0.039378,172.31.47.0-255,66,204120,96,249200
13786,0.041687,172.217.194.0-255,5738,209858,96,249200
13787,0.041693,172.31.47.0-255,66,209924,96,249200
13788,0.044009,172.217.194.0-255,5738,215662,96,249200
13789,0.044016,172.31.47.0-255,66,215728,96,249200
13790,0.046329,172.217.194.0-255,5738,221466,96,249200
13791,0.046335,172.31.47.0-255,66,221532,96,249200
13792,0.048674,172.217.194.0-255,4320,225852,96,249200
13793,0.048679,172.31.47.0-255,66,225918,96,249200
13794,0.048701,172.217.194.0-255,1484,227402,96,249200
13795,0.050993,172.217.194.0-255,4320,231722,96,249200
13796,0.051,172.31.47.0-255,66,231788,96,249200
13797,0.053325,172.217.194.0-255,5738,237526,96,249200
13798,0.053335,172.31.47.0-255,66,237592,96,249200
13799,0.055988,172.217.194.0-255,5738,243330,96,249200
13800,0.055995,172.31.47.0-255,66,243396,96,249200
13801,0.058336,172.217.194.0-255,5738,249134,96,249200
13802,0.058341,172.31.47.0-255,66,249200,96,249200
13803,0.0,74.125.200.0-255,152,152,96,268979
13804,1.7e-05,172.31.47.0-255,66,218,96,268979
13805,2.4e-05,74.125.200.0-255,1484,1702,96,268979
13806,2.9e-05,172.31.47.0-255,66,1768,96,268979
13807,3.2e-05,74.125.200.0-255,1484,3252,96,268979
13808,3.6e-05,172.31.47.0-255,66,3318,96,268979
13809,5.9e-05,74.125.200.0-255,1484,4802,96,268979
13810,6.1e-05,172.31.47.0-255,66,4868,96,268979
13811,6.9e-05,74.125.200.0-255,7156,12024,96,268979
13812,7.2e-05,172.31.47.0-255,66,12090,96,268979
13813,7.5e-05,74.125.200.0-255,2256,14346,96,268979
13814,7.7e-05,172.31.47.0-255,66,14412,96,268979
13815,0.000104,74.125.200.0-255,2902,17314,96,268979
13816,0.000106,172.31.47.0-255,66,17380,96,268979
13817,0.00012,74.125.200.0-255,2902,20282,96,268979
13818,0.000123,172.31.47.0-255,66,20348,96,268979
13819,0.000139,74.125.200.0-255,4320,24668,96,268979
13820,0.000141,172.31.47.0-255,66,24734,96,268979
13821,0.000175,74.125.200.0-255,5738,30472,96,268979
13822,0.000178,172.31.47.0-255,66,30538,96,268979
13823,0.000193,74.125.200.0-255,1125,31663,96,268979
13824,0.000196,172.31.47.0-255,66,31729,96,268979
13825,0.000233,74.125.200.0-255,1484,33213,96,268979
13826,0.000235,172.31.47.0-255,66,33279,96,268979
13827,0.000239,74.125.200.0-255,1484,34763,96,268979
13828,0.000241,172.31.47.0-255,66,34829,96,268979
13829,0.000255,74.125.200.0-255,1484,36313,96,268979
13830,0.000257,172.31.47.0-255,66,36379,96,268979
13831,0.000271,74.125.200.0-255,4320,40699,96,268979
13832,0.000274,172.31.47.0-255,66,40765,96,268979
13833,0.000289,74.125.200.0-255,1484,42249,96,268979
13834,0.000291,172.31.47.0-255,66,42315,96,268979
13835,0.000293,74.125.200.0-255,1484,43799,96,268979
13836,0.000295,172.31.47.0-255,66,43865,96,268979
13837,0.000322,172.31.47.0-255,66,43931,96,268979
13838,0.000327,74.125.200.0-255,4320,48251,96,268979
13839,0.000329,172.31.47.0-255,66,48317,96,268979
13840,0.000351,74.125.200.0-255,7156,55473,96,268979
13841,0.000375,74.125.200.0-255,2543,58016,96,268979
13842,0.0005,74.125.200.0-255,1484,59500,96,268979
13843,0.000514,74.125.200.0-255,2902,62402,96,268979
13844,0.000531,74.125.200.0-255,4320,66722,96,268979
13845,0.000535,172.31.47.0-255,66,66788,96,268979
13846,0.00054,172.31.47.0-255,66,66854,96,268979
13847,0.000555,74.125.200.0-255,5738,72592,96,268979
13848,0.000586,74.125.200.0-255,2902,75494,96,268979
13849,0.000592,172.31.47.0-255,66,75560,96,268979
13850,0.00061,74.125.200.0-255,7156,82716,96,268979
13851,0.000631,172.31.47.0-255,66,82782,96,268979
13852,0.000646,172.31.47.0-255,66,82848,96,268979
13853,0.000772,74.125.200.0-255,1484,84332,96,268979
13854,0.000779,74.125.200.0-255,2902,87234,96,268979
13855,0.000785,74.125.200.0-255,4320,91554,96,268979
13856,0.000849,74.125.200.0-255,2902,94456,96,268979
13857,0.000854,74.125.200.0-255,4320,98776,96,268979
13858,0.00086,172.31.47.0-255,66,98842,96,268979
13859,0.000892,74.125.200.0-255,766,99608,96,268979
13860,0.000895,74.125.200.0-255,1484,101092,96,268979
13861,0.000916,74.125.200.0-255,4320,105412,96,268979
13862,0.000919,74.125.200.0-255,1484,106896,96,268979
13863,0.000922,172.31.47.0-255,66,106962,96,268979
13864,0.000932,74.125.200.0-255,1484,108446,96,268979
13865,0.000935,74.125.200.0-255,1484,109930,96,268979
13866,0.000939,172.31.47.0-255,66,109996,96,268979
13867,0.00095,74.125.200.0-255,2902,112898,96,268979
13868,0.000967,74.125.200.0-255,1484,114382,96,268979
13869,0.000974,172.31.47.0-255,66,114448,96,268979
13870,0.000999,74.125.200.0-255,7156,121604,96,268979
13871,0.001004,74.125.200.0-255,2902,124506,96,268979
13872,0.001012,172.31.47.0-255,66,124572,96,268979
13873,0.001075,172.31.47.0-255,66,124638,96,268979
13874,0.001115,74.125.200.0-255,1484,126122,96,268979
13875,0.001127,74.125.200.0-255,1484,127606,96,268979
13876,0.001145,74.125.200.0-255,1484,129090,96,268979
13877,0.001148,74.125.200.0-255,1484,130574,96,268979
13878,0.001152,74.125.200.0-255,2902,133476,96,268979
13879,0.001155,74.125.200.0-255,1484,134960,96,268979
13880,0.001159,172.31.47.0-255,66,135026,96,268979
13881,0.001178,74.125.200.0-255,4320,139346,96,268979
13882,0.001192,172.31.47.0-255,66,139412,96,268979
13883,0.001262,74.125.200.0-255,766,140178,96,268979
13884,0.001744,74.125.200.0-255,1484,141662,96,268979
13885,0.001751,74.125.200.0-255,2902,144564,96,268979
13886,0.001756,74.125.200.0-255,2902,147466,96,268979
13887,0.001773,74.125.200.0-255,2902,150368,96,268979
13888,0.0018,74.125.200.0-255,5738,156106,96,268979
13889,0.001823,74.125.200.0-255,7156,163262,96,268979
13890,0.001844,74.125.200.0-255,4320,167582,96,268979
13891,0.001879,74.125.200.0-255,2902,170484,96,268979
13892,0.001915,74.125.200.0-255,4320,174804,96,268979
13893,0.001948,74.125.200.0-255,2902,177706,96,268979
13894,0.001993,74.125.200.0-255,5738,183444,96,268979
13895,0.002016,74.125.200.0-255,4320,187764,96,268979
13896,0.002089,74.125.200.0-255,4320,192084,96,268979
13897,0.00214,74.125.200.0-255,4320,196404,96,268979
13898,0.002144,74.125.200.0-255,2902,199306,96,268979
13899,0.002175,74.125.200.0-255,1484,200790,96,268979
13900,0.002179,74.125.200.0-255,3602,204392,96,268979
13901,0.002208,74.125.200.0-255,2902,207294,96,268979
13902,0.002265,74.125.200.0-255,4320,211614,96,268979
13903,0.00227,74.125.200.0-255,5738,217352,96,268979
13904,0.002272,74.125.200.0-255,766,218118,96,268979
13905,0.007447,172.31.47.0-255,66,218184,96,268979
13906,0.009759,74.125.200.0-255,5738,223922,96,268979
13907,0.009768,172.31.47.0-255,66,223988,96,268979
13908,0.01204,74.125.200.0-255,5738,229726,96,268979
13909,0.012047,172.31.47.0-255,66,229792,96,268979
13910,0.014328,74.125.200.0-255,5738,235530,96,268979
13911,0.018025,172.31.47.0-255,66,235596,96,268979
13912,0.020307,74.125.200.0-255,5738,241334,96,268979
13913,0.020318,172.31.47.0-255,66,241400,96,268979
13914,0.022591,74.125.200.0-255,5738,247138,96,268979
13915,0.022599,172.31.47.0-255,66,247204,96,268979
13916,0.02488,74.125.200.0-255,5738,252942,96,268979
13917,0.024886,172.31.47.0-255,66,253008,96,268979
13918,0.027153,74.125.200.0-255,5738,258746,96,268979
13919,0.02716,172.31.47.0-255,66,258812,96,268979
13920,0.029443,74.125.200.0-255,5633,264445,96,268979
13921,0.029451,172.31.47.0-255,66,264511,96,268979
13922,0.029635,172.31.47.0-255,105,264616,96,268979
13923,0.031858,74.125.200.0-255,66,264682,96,268979
13924,0.032564,172.31.47.0-255,172,264854,96,268979
13925,0.032591,172.31.47.0-255,1105,265959,96,268979
13926,0.03264,172.31.47.0-255,1514,267473,96,268979
13927,0.032642,172.31.47.0-255,1308,268781,96,268979
13928,0.034042,104.244.42.0-255,66,268847,96,268979
13929,0.034235,104.244.42.0-255,66,268913,96,268979
13930,0.034239,104.244.42.0-255,66,268979,96,268979
13931,0.0,74.125.130.0-255,153,153,96,203482
13932,1.8e-05,172.31.47.0-255,66,219,96,203482
13933,2.5e-05,74.125.130.0-255,1484,1703,96,203482
13934,2.9e-05,172.31.47.0-255,66,1769,96,203482
13935,3.4e-05,74.125.130.0-255,2902,4671,96,203482
13936,3.8e-05,172.31.47.0-255,66,4737,96,203482
13937,4.1e-05,74.125.130.0-255,1484,6221,96,203482
13938,4.3e-05,172.31.47.0-255,66,6287,96,203482
13939,8.7e-05,74.125.130.0-255,5738,12025,96,203482
13940,9.1e-05,172.31.47.0-255,66,12091,96,203482
13941,9.8e-05,74.125.130.0-255,6332,18423,96,203482
13942,0.0001,172.31.47.0-255,66,18489,96,203482
13943,0.000107,74.125.130.0-255,7156,25645,96,203482
13944,0.00011,172.31.47.0-255,66,25711,96,203482
13945,0.000115,74.125.130.0-255,5379,31090,96,203482
13946,0.000117,172.31.47.0-255,66,31156,96,203482
13947,0.000204,74.125.130.0-255,1484,32640,96,203482
13948,0.000209,172.31.47.0-255,66,32706,96,203482
13949,0.000216,74.125.130.0-255,2902,35608,96,203482
13950,0.000218,172.31.47.0-255,66,35674,96,203482
13951,0.000223,74.125.130.0-255,2902,38576,96,203482
13952,0.000225,172.31.47.0-255,66,38642,96,203482
13953,0.000248,74.125.130.0-255,2902,41544,96,203482
13954,0.000252,172.31.47.0-255,66,41610,96,203482
13955,0.000257,74.125.130.0-255,4320,45930,96,203482
13956,0.000259,172.31.47.0-255,66,45996,96,203482
13957,0.000293,172.31.47.0-255,66,46062,96,203482
13958,0.000309,74.125.130.0-255,1484,47546,96,203482
13959,0.000311,172.31.47.0-255,66,47612,96,203482
13960,0.000345,172.31.47.0-255,66,47678,96,203482
13961,0.000348,74.125.130.0-255,116,47794,96,203482
13962,0.000469,74.125.130.0-255,1484,49278,96,203482
13963,0.000489,74.125.130.0-255,2902,52180,96,203482
13964,0.000495,74.125.130.0-255,5738,57918,96,203482
13965,0.000517,74.125.130.0-255,5738,63656,96,203482
13966,0.000528,74.125.130.0-255,1434,65090,96,203482
13967,0.000558,172.31.47.0-255,66,65156,96,203482
13968,0.000566,74.125.130.0-255,1484,66640,96,203482
13969,0.000584,74.125.130.0-255,5738,72378,96,203482
13970,0.00059,74.125.130.0-255,5738,78116,96,203482
13971,0.000605,74.125.130.0-255,2902,81018,96,203482
13972,0.000608,74.125.130.0-255,1125,82143,96,203482
13973,0.000627,172.31.47.0-255,66,82209,96,203482
13974,0.001727,74.125.130.0-255,1484,83693,96,203482
13975,0.001735,74.125.130.0-255,2902,86595,96,203482
13976,0.001739,172.31.47.0-255,66,86661,96,203482
13977,0.001746,74.125.130.0-255,5738,92399,96,203482
13978,0.001831,74.125.130.0-255,7156,99555,96,203482
13979,0.00185,74.125.130.0-255,3602,103157,96,203482
13980,0.007059,172.31.47.0-255,66,103223,96,203482
13981,0.009668,74.125.130.0-255,5738,108961,96,203482
13982,0.00968,172.31.47.0-255,66,109027,96,203482
13983,0.012272,74.125.130.0-255,5738,114765,96,203482
13984,0.018524,172.31.47.0-255,66,114831,96,203482
13985,0.021097,172.31.47.0-255,172,115003,96,203482
13986,0.021113,74.125.130.0-255,4320,119323,96,203482
13987,0.021124,172.31.47.0-255,66,119389,96,203482
13988,0.021141,74.125.130.0-255,1484,120873,96,203482
13989,0.021153,172.31.47.0-255,1110,121983,96,203482
13990,0.021205,172.31.47.0-255,1514,123497,96,203482
13991,0.021206,172.31.47.0-255,1301,124798,96,203482
13992,0.022664,104.244.42.0-255,66,124864,96,203482
13993,0.022717,104.244.42.0-255,66,124930,96,203482
13994,0.022767,104.244.42.0-255,66,124996,96,203482
13995,0.023702,74.125.130.0-255,4320,129316,96,203482
13996,0.023707,172.31.47.0-255,66,129382,96,203482
13997,0.026317,74.125.130.0-255,5738,135120,96,203482
13998,0.026367,172.31.47.0-255,66,135186,96,203482
13999,0.028974,74.125.130.0-255,5738,140924,96,203482
14000,0.028979,172.31.47.0-255,66,140990,96,203482
14001,0.031566,74.125.130.0-255,5738,146728,96,203482
14002,0.031573,172.31.47.0-255,66,146794,96,203482
14003,0.034156,74.125.130.0-255,5738,152532,96,203482
14004,0.034162,172.31.47.0-255,66,152598,96,203482
14005,0.036751,74.125.130.0-255,5738,158336,96,203482
14006,0.036758,172.31.47.0-255,66,158402,96,203482
14007,0.039344,74.125.130.0-255,5738,164140,96,203482
14008,0.039351,172.31.47.0-255,66,164206,96,203482
14009,0.041948,74.125.130.0-255,5738,169944,96,203482
14010,0.041956,172.31.47.0-255,66,170010,96,203482
14011,0.04456,74.125.130.0-255,5738,175748,96,203482
14012,0.044565,172.31.47.0-255,66,175814,96,203482
14013,0.04717,74.125.130.0-255,5738,181552,96,203482
14014,0.047176,172.31.47.0-255,66,181618,96,203482
14015,0.049778,74.125.130.0-255,5738,187356,96,203482
14016,0.049785,172.31.47.0-255,66,187422,96,203482
14017,0.052369,74.125.130.0-255,5738,193160,96,203482
14018,0.052376,172.31.47.0-255,66,193226,96,203482
14019,0.054957,74.125.130.0-255,4320,197546,96,203482
14020,0.054962,172.31.47.0-255,66,197612,96,203482
14021,0.054981,74.125.130.0-255,1484,199096,96,203482
14022,0.057557,74.125.130.0-255,4320,203416,96,203482
14023,0.057564,172.31.47.0-255,66,203482,96,203482
14024,0.0,172.217.194.0-255,153,153,96,207763
14025,1.8e-05,172.31.47.0-255,66,219,96,207763
14026,2.5e-05,172.217.194.0-255,1484,1703,96,207763
14027,2.9e-05,172.31.47.0-255,66,1769,96,207763
14028,3.3e-05,172.217.194.0-255,2902,4671,96,207763
14029,3.6e-05,172.31.47.0-255,66,4737,96,207763
14030,4.9e-05,172.217.194.0-255,7156,11893,96,207763
14031,5.2e-05,172.31.47.0-255,66,11959,96,207763
14032,5.5e-05,172.217.194.0-255,2170,14129,96,207763
14033,5.8e-05,172.31.47.0-255,66,14195,96,207763
14034,0.000146,172.217.194.0-255,1484,15679,96,207763
14035,0.000149,172.31.47.0-255,66,15745,96,207763
14036,0.000152,172.217.194.0-255,1484,17229,96,207763
14037,0.000155,172.31.47.0-255,66,17295,96,207763
14038,0.00017,172.217.194.0-255,1484,18779,96,207763
14039,0.000172,172.31.47.0-255,66,18845,96,207763
14040,0.000201,172.217.194.0-255,5738,24583,96,207763
14041,0.000204,172.31.47.0-255,66,24649,96,207763
14042,0.000232,172.217.194.0-255,6797,31446,96,207763
14043,0.000234,172.31.47.0-255,66,31512,96,207763
14044,0.000238,172.217.194.0-255,2902,34414,96,207763
14045,0.00024,172.31.47.0-255,66,34480,96,207763
14046,0.000259,172.217.194.0-255,4320,38800,96,207763
14047,0.000262,172.31.47.0-255,66,38866,96,207763
14048,0.000302,172.31.47.0-255,66,38932,96,207763
14049,0.000639,172.217.194.0-255,1484,40416,96,207763
14050,0.000643,172.31.47.0-255,66,40482,96,207763
14051,0.000648,172.217.194.0-255,2902,43384,96,207763
14052,0.000649,172.31.47.0-255,66,43450,96,207763
14053,0.000658,172.217.194.0-255,5738,49188,96,207763
14054,0.00066,172.31.47.0-255,66,49254,96,207763
14055,0.000703,172.31.47.0-255,66,49320,96,207763
14056,0.000712,172.31.47.0-255,66,49386,96,207763
14057,0.000739,172.31.47.0-255,66,49452,96,207763
14058,0.00078,172.217.194.0-255,4320,53772,96,207763
14059,0.000783,172.31.47.0-255,66,53838,96,207763
14060,0.000814,172.217.194.0-255,4320,58158,96,207763
14061,0.000817,172.31.47.0-255,66,58224,96,207763
14062,0.000826,172.31.47.0-255,66,58290,96,207763
14063,0.00085,172.217.194.0-255,1484,59774,96,207763
14064,0.000854,172.217.194.0-255,2902,62676,96,207763
14065,0.000855,172.31.47.0-255,66,62742,96,207763
14066,0.000883,172.217.194.0-255,5738,68480,96,207763
14067,0.000885,172.31.47.0-255,66,68546,96,207763
14068,0.000928,172.217.194.0-255,6248,74794,96,207763
14069,0.000931,172.31.47.0-255,66,74860,96,207763
14070,0.000977,172.217.194.0-255,1484,76344,96,207763
14071,0.000981,172.217.194.0-255,1484,77828,96,207763
14072,0.000983,172.31.47.0-255,66,77894,96,207763
14073,0.001005,172.217.194.0-255,1484,79378,96,207763
14074,0.001012,172.217.194.0-255,5738,85116,96,207763
14075,0.001014,172.31.47.0-255,66,85182,96,207763
14076,0.001018,172.217.194.0-255,2902,88084,96,207763
14077,0.001019,172.31.47.0-255,66,88150,96,207763
14078,0.001065,172.31.47.0-255,66,88216,96,207763
14079,0.001075,172.31.47.0-255,66,88282,96,207763
14080,0.001078,172.217.194.0-255,766,89048,96,207763
14081,0.001711,172.217.194.0-255,1484,90532,96,207763
14082,0.001715,172.31.47.0-255,66,90598,96,207763
14083,0.001721,172.217.194.0-255,2902,93500,96,207763
14084,0.001722,172.31.47.0-255,66,93566,96,207763
14085,0.001725,172.217.194.0-255,1484,95050,96,207763
14086,0.001748,172.217.194.0-255,4320,99370,96,207763
14087,0.00175,172.31.47.0-255,66,99436,96,207763
14088,0.001762,172.31.47.0-255,66,99502,96,207763
14089,0.001802,172.217.194.0-255,2902,102404,96,207763
14090,0.001805,172.31.47.0-255,66,102470,96,207763
14091,0.001836,172.31.47.0-255,66,102536,96,207763
14092,0.002624,172.217.194.0-255,1484,104020,96,207763
14093,0.002635,172.217.194.0-255,2902,106922,96,207763
14094,0.002638,172.31.47.0-255,66,106988,96,207763
14095,0.002646,172.217.194.0-255,5738,112726,96,207763
14096,0.002647,172.31.47.0-255,66,112792,96,207763
14097,0.00269,172.31.47.0-255,66,112858,96,207763
14098,0.002702,172.31.47.0-255,66,112924,96,207763
14099,0.002821,172.217.194.0-255,1484,114408,96,207763
14100,0.002826,172.217.194.0-255,2902,117310,96,207763
14101,0.002828,172.31.47.0-255,66,117376,96,207763
14102,0.002834,172.217.194.0-255,5738,123114,96,207763
14103,0.002836,172.31.47.0-255,66,123180,96,207763
14104,0.002868,172.31.47.0-255,66,123246,96,207763
14105,0.002892,172.217.194.0-255,2902,126148,96,207763
14106,0.002894,172.31.47.0-255,66,126214,96,207763
14107,0.002909,172.31.47.0-255,66,126280,96,207763
14108,0.002916,172.217.194.0-255,1484,127764,96,207763
14109,0.002919,172.217.194.0-255,1484,129248,96,207763
14110,0.00292,172.31.47.0-255,66,129314,96,207763
14111,0.002923,172.217.194.0-255,1484,130798,96,207763
14112,0.002947,172.217.194.0-255,4320,135118,96,207763
14113,0.002949,172.31.47.0-255,66,135184,96,207763
14114,0.002979,172.31.47.0-255,66,135250,96,207763
14115,0.002988,172.31.47.0-255,66,135316,96,207763
14116,0.002997,172.217.194.0-255,4320,139636,96,207763
14117,0.002998,172.31.47.0-255,66,139702,96,207763
14118,0.003035,172.217.194.0-255,3602,143304,96,207763
14119,0.003037,172.31.47.0-255,66,143370,96,207763
14120,0.003121,172.217.194.0-255,1484,144854,96,207763
14121,0.003137,172.217.194.0-255,2902,147756,96,207763
14122,0.003139,172.31.47.0-255,66,147822,96,207763
14123,0.003143,172.217.194.0-255,2902,150724,96,207763
14124,0.003145,172.31.47.0-255,66,150790,96,207763
14125,0.003164,172.217.194.0-255,2902,153692,96,207763
14126,0.003166,172.31.47.0-255,66,153758,96,207763
14127,0.003183,172.31.47.0-255,66,153824,96,207763
14128,0.003187,172.217.194.0-255,2902,156726,96,207763
14129,0.003189,172.31.47.0-255,66,156792,96,207763
14130,0.0032,172.31.47.0-255,66,156858,96,207763
14131,0.003236,172.217.194.0-255,1484,158342,96,207763
14132,0.00324,172.217.194.0-255,2902,161244,96,207763
14133,0.003243,172.31.47.0-255,66,161310,96,207763
14134,0.003249,172.217.194.0-255,5738,167048,96,207763
14135,0.003251,172.31.47.0-255,66,167114,96,207763
14136,0.003253,172.217.194.0-255,1484,168598,96,207763
14137,0.00328,172.217.194.0-255,1484,170082,96,207763
14138,0.003281,172.31.47.0-255,66,170148,96,207763
14139,0.003285,172.217.194.0-255,1484,171632,96,207763
14140,0.003291,172.217.194.0-255,5738,177370,96,207763
14141,0.003293,172.31.47.0-255,66,177436,96,207763
14142,0.003299,172.217.194.0-255,5738,183174,96,207763
14143,0.003301,172.31.47.0-255,66,183240,96,207763
14144,0.003328,172.217.194.0-255,1484,184724,96,207763
14145,0.00333,172.31.47.0-255,78,184802,96,207763
14146,0.00334,172.31.47.0-255,66,184868,96,207763
14147,0.003346,172.217.194.0-255,5738,190606,96,207763
14148,0.003351,172.217.194.0-255,4320,194926,96,207763
14149,0.00339,172.217.194.0-255,4320,199246,96,207763
14150,0.003428,172.217.194.0-255,766,200012,96,207763
14151,0.003448,172.217.194.0-255,1484,201496,96,207763
14152,0.003481,172.217.194.0-255,2597,204093,96,207763
14153,0.003484,172.217.194.0-255,105,204198,96,207763
14154,0.005248,172.31.47.0-255,66,204264,96,207763
14155,0.007019,172.31.47.0-255,105,204369,96,207763
14156,0.009237,172.217.194.0-255,66,204435,96,207763
14157,0.030127,172.31.47.0-255,172,204607,96,207763
14158,0.030156,172.31.47.0-255,1109,205716,96,207763
14159,0.030208,172.31.47.0-255,1514,207230,96,207763
14160,0.030209,172.31.47.0-255,335,207565,96,207763
14161,0.031702,104.244.42.0-255,66,207631,96,207763
14162,0.03173,104.244.42.0-255,66,207697,96,207763
14163,0.031791,104.244.42.0-255,66,207763,96,207763
14164,0.0,74.125.24.0-255,153,153,96,280617
14165,3e-05,172.31.47.0-255,66,219,96,280617
14166,3.6e-05,74.125.24.0-255,1484,1703,96,280617
14167,4e-05,172.31.47.0-255,66,1769,96,280617
14168,4.4e-05,74.125.24.0-255,2902,4671,96,280617
14169,4.6e-05,172.31.47.0-255,66,4737,96,280617
14170,5.1e-05,74.125.24.0-255,7156,11893,96,280617
14171,5.3e-05,172.31.47.0-255,66,11959,96,280617
14172,9.7e-05,172.31.47.0-255,66,12025,96,280617
14173,0.000117,74.125.24.0-255,2543,14568,96,280617
14174,0.000119,172.31.47.0-255,66,14634,96,280617
14175,0.000167,74.125.24.0-255,1484,16118,96,280617
14176,0.00017,172.31.47.0-255,66,16184,96,280617
14177,0.000174,74.125.24.0-255,2902,19086,96,280617
14178,0.000176,172.31.47.0-255,66,19152,96,280617
14179,0.000179,74.125.24.0-255,1484,20636,96,280617
14180,0.00018,172.31.47.0-255,66,20702,96,280617
14181,0.000201,74.125.24.0-255,4320,25022,96,280617
14182,0.000204,172.31.47.0-255,66,25088,96,280617
14183,0.000208,74.125.24.0-255,4320,29408,96,280617
14184,0.00021,172.31.47.0-255,66,29474,96,280617
14185,0.000244,172.31.47.0-255,66,29540,96,280617
14186,0.000253,172.31.47.0-255,66,29606,96,280617
14187,0.000267,74.125.24.0-255,1484,31090,96,280617
14188,0.000269,172.31.47.0-255,66,31156,96,280617
14189,0.000301,74.125.24.0-255,328,31484,96,280617
14190,0.000304,172.31.47.0-255,66,31550,96,280617
14191,0.000402,74.125.24.0-255,1484,33034,96,280617
14192,0.000405,172.31.47.0-255,66,33100,96,280617
14193,0.00041,74.125.24.0-255,2902,36002,96,280617
14194,0.000411,172.31.47.0-255,66,36068,96,280617
14195,0.000427,74.125.24.0-255,2902,38970,96,280617
14196,0.000429,172.31.47.0-255,66,39036,96,280617
14197,0.000432,74.125.24.0-255,1484,40520,96,280617
14198,0.000443,74.125.24.0-255,2902,43422,96,280617
14199,0.000445,172.31.47.0-255,66,43488,96,280617
14200,0.000478,172.31.47.0-255,66,43554,96,280617
14201,0.00049,172.31.47.0-255,66,43620,96,280617
14202,0.0005,74.125.24.0-255,216,43836,96,280617
14203,0.000733,74.125.24.0-255,1484,45320,96,280617
14204,0.000737,172.31.47.0-255,66,45386,96,280617
14205,0.000749,74.125.24.0-255,2902,48288,96,280617
14206,0.000751,172.31.47.0-255,66,48354,96,280617
14207,0.000772,74.125.24.0-255,5738,54092,96,280617
14208,0.000775,172.31.47.0-255,66,54158,96,280617
14209,0.000779,74.125.24.0-255,4320,58478,96,280617
14210,0.000783,172.31.47.0-255,66,58544,96,280617
14211,0.0008,74.125.24.0-255,4320,62864,96,280617
14212,0.000802,172.31.47.0-255,66,62930,96,280617
14213,0.000848,74.125.24.0-255,4320,67250,96,280617
14214,0.000851,172.31.47.0-255,66,67316,96,280617
14215,0.000878,172.31.47.0-255,66,67382,96,280617
14216,0.001643,74.125.24.0-255,1484,68866,96,280617
14217,0.001652,74.125.24.0-255,2902,71768,96,280617
14218,0.001656,172.31.47.0-255,66,71834,96,280617
14219,0.001662,74.125.24.0-255,2902,74736,96,280617
14220,0.001663,172.31.47.0-255,66,74802,96,280617
14221,0.001677,74.125.24.0-255,2902,77704,96,280617
14222,0.001679,172.31.47.0-255,66,77770,96,280617
14223,0.001684,74.125.24.0-255,5738,83508,96,280617
14224,0.001685,172.31.47.0-255,66,83574,96,280617
14225,0.001712,74.125.24.0-255,7156,90730,96,280617
14226,0.001713,172.31.47.0-255,66,90796,96,280617
14227,0.001719,74.125.24.0-255,7156,97952,96,280617
14228,0.001721,172.31.47.0-255,66,98018,96,280617
14229,0.00174,74.125.24.0-255,3602,101620,96,280617
14230,0.001742,172.31.47.0-255,66,101686,96,280617
14231,0.001768,74.125.24.0-255,2902,104588,96,280617
14232,0.001769,172.31.47.0-255,66,104654,96,280617
14233,0.001782,74.125.24.0-255,1484,106138,96,280617
14234,0.001786,74.125.24.0-255,2902,109040,96,280617
14235,0.001787,172.31.47.0-255,66,109106,96,280617
14236,0.001817,74.125.24.0-255,7156,116262,96,280617
14237,0.001819,172.31.47.0-255,66,116328,96,280617
14238,0.001824,74.125.24.0-255,7156,123484,96,280617
14239,0.001826,172.31.47.0-255,66,123550,96,280617
14240,0.00189,172.31.47.0-255,66,123616,96,280617
14241,0.001899,172.31.47.0-255,66,123682,96,280617
14242,0.001931,172.31.47.0-255,66,123748,96,280617
14243,0.001963,172.31.47.0-255,66,123814,96,280617
14244,0.001975,172.31.47.0-255,66,123880,96,280617
14245,0.001995,172.31.47.0-255,66,123946,96,280617
14246,0.004007,74.125.24.0-255,5738,129684,96,280617
14247,0.00401,172.31.47.0-255,66,129750,96,280617
14248,0.006027,74.125.24.0-255,5738,135488,96,280617
14249,0.006033,172.31.47.0-255,66,135554,96,280617
14250,0.008052,74.125.24.0-255,5738,141292,96,280617
14251,0.008058,172.31.47.0-255,66,141358,96,280617
14252,0.01006,74.125.24.0-255,5738,147096,96,280617
14253,0.010066,172.31.47.0-255,66,147162,96,280617
14254,0.012077,74.125.24.0-255,5738,152900,96,280617
14255,0.012083,172.31.47.0-255,66,152966,96,280617
14256,0.014095,74.125.24.0-255,4320,157286,96,280617
14257,0.014101,172.31.47.0-255,66,157352,96,280617
14258,0.014135,74.125.24.0-255,1484,158836,96,280617
14259,0.0161,74.125.24.0-255,4320,163156,96,280617
14260,0.016108,172.31.47.0-255,66,163222,96,280617
14261,0.018131,74.125.24.0-255,5738,168960,96,280617
14262,0.018137,172.31.47.0-255,66,169026,96,280617
14263,0.020148,74.125.24.0-255,5738,174764,96,280617
14264,0.020153,172.31.47.0-255,66,174830,96,280617
14265,0.022163,74.125.24.0-255,5738,180568,96,280617
14266,0.02217,172.31.47.0-255,66,180634,96,280617
14267,0.02419,74.125.24.0-255,5738,186372,96,280617
14268,0.024196,172.31.47.0-255,66,186438,96,280617
14269,0.025381,172.31.47.0-255,172,186610,96,280617
14270,0.02541,172.31.47.0-255,1110,187720,96,280617
14271,0.025455,172.31.47.0-255,1514,189234,96,280617
14272,0.025457,172.31.47.0-255,1514,190748,96,280617
14273,0.025462,172.31.47.0-255,1514,192262,96,280617
14274,0.025463,172.31.47.0-255,1082,193344,96,280617
14275,0.026193,74.125.24.0-255,5738,199082,96,280617
14276,0.026199,172.31.47.0-255,66,199148,96,280617
14277,0.026948,104.244.42.0-255,66,199214,96,280617
14278,0.026986,104.244.42.0-255,66,199280,96,280617
14279,0.027035,104.244.42.0-255,66,199346,96,280617
14280,0.027037,104.244.42.0-255,66,199412,96,280617
14281,0.028203,74.125.24.0-255,4320,203732,96,280617
14282,0.028207,172.31.47.0-255,66,203798,96,280617
14283,0.028232,74.125.24.0-255,1484,205282,96,280617
14284,0.030197,74.125.24.0-255,4320,209602,96,280617
14285,0.030202,172.31.47.0-255,66,209668,96,280617
14286,0.032214,74.125.24.0-255,5738,215406,96,280617
14287,0.032218,172.31.47.0-255,66,215472,96,280617
14288,0.034228,74.125.24.0-255,5738,221210,96,280617
14289,0.034233,172.31.47.0-255,66,221276,96,280617
14290,0.036262,74.125.24.0-255,5738,227014,96,280617
14291,0.036267,172.31.47.0-255,66,227080,96,280617
14292,0.038269,74.125.24.0-255,5738,232818,96,280617
14293,0.038273,172.31.47.0-255,66,232884,96,280617
14294,0.040282,74.125.24.0-255,5738,238622,96,280617
14295,0.040287,172.31.47.0-255,66,238688,96,280617
14296,0.042299,74.125.24.0-255,5738,244426,96,280617
14297,0.042304,172.31.47.0-255,66,244492,96,280617
14298,0.04434,74.125.24.0-255,5738,250230,96,280617
14299,0.044344,172.31.47.0-255,66,250296,96,280617
14300,0.046352,74.125.24.0-255,5738,256034,96,280617
14301,0.046357,172.31.47.0-255,66,256100,96,280617
14302,0.048374,74.125.24.0-255,5738,261838,96,280617
14303,0.048378,172.31.47.0-255,66,261904,96,280617
14304,0.050383,74.125.24.0-255,5738,267642,96,280617
14305,0.050388,172.31.47.0-255,66,267708,96,280617
14306,0.052411,74.125.24.0-255,5738,273446,96,280617
14307,0.052415,172.31.47.0-255,66,273512,96,280617
14308,0.054421,74.125.24.0-255,5738,279250,96,280617
14309,0.054426,172.31.47.0-255,66,279316,96,280617
14310,0.056419,74.125.24.0-255,1064,280380,96,280617
14311,0.05656,172.31.47.0-255,66,280446,96,280617
14312,0.056587,172.31.47.0-255,105,280551,96,280617
14313,0.058556,74.125.24.0-255,66,280617,96,280617
14314,0.0,74.125.24.0-255,373,373,96,174270
14315,3.3e-05,172.31.47.0-255,66,439,96,174270
14316,4e-05,74.125.24.0-255,1484,1923,96,174270
14317,4.4e-05,172.31.47.0-255,66,1989,96,174270
14318,5e-05,74.125.24.0-255,4320,6309,96,174270
14319,6e-05,172.31.47.0-255,66,6375,96,174270
14320,0.000215,172.31.47.0-255,66,6441,96,174270
14321,0.000524,74.125.24.0-255,2902,9343,96,174270
14322,0.000529,172.31.47.0-255,66,9409,96,174270
14323,0.000639,74.125.24.0-255,7156,16565,96,174270
14324,0.000644,172.31.47.0-255,66,16631,96,174270
14325,0.000678,74.125.24.0-255,5536,22167,96,174270
14326,0.000682,172.31.47.0-255,66,22233,96,174270
14327,0.00297,74.125.24.0-255,5738,27971,96,174270
14328,0.002976,172.31.47.0-255,66,28037,96,174270
14329,0.005236,74.125.24.0-255,5738,33775,96,174270
14330,0.005241,172.31.47.0-255,66,33841,96,174270
14331,0.007527,74.125.24.0-255,2902,36743,96,174270
14332,0.007533,172.31.47.0-255,66,36809,96,174270
14333,0.007565,74.125.24.0-255,2902,39711,96,174270
14334,0.007569,172.31.47.0-255,66,39777,96,174270
14335,0.009806,74.125.24.0-255,2902,42679,96,174270
14336,0.009815,172.31.47.0-255,66,42745,96,174270
14337,0.009865,74.125.24.0-255,2902,45647,96,174270
14338,0.00987,172.31.47.0-255,66,45713,96,174270
14339,0.012099,74.125.24.0-255,2902,48615,96,174270
14340,0.012114,172.31.47.0-255,66,48681,96,174270
14341,0.012163,74.125.24.0-255,2902,51583,96,174270
14342,0.012168,172.31.47.0-255,66,51649,96,174270
14343,0.014407,74.125.24.0-255,2902,54551,96,174270
14344,0.014424,172.31.47.0-255,66,54617,96,174270
14345,0.01447,74.125.24.0-255,2902,57519,96,174270
14346,0.014475,172.31.47.0-255,66,57585,96,174270
14347,0.016702,74.125.24.0-255,2902,60487,96,174270
14348,0.01671,172.31.47.0-255,66,60553,96,174270
14349,0.016736,74.125.24.0-255,2902,63455,96,174270
14350,0.016739,172.31.47.0-255,66,63521,96,174270
14351,0.019009,74.125.24.0-255,2902,66423,96,174270
14352,0.019013,172.31.47.0-255,66,66489,96,174270
14353,0.019056,74.125.24.0-255,2902,69391,96,174270
14354,0.019058,172.31.47.0-255,66,69457,96,174270
14355,0.0213,74.125.24.0-255,2902,72359,96,174270
14356,0.021307,172.31.47.0-255,66,72425,96,174270
14357,0.021342,74.125.24.0-255,2902,75327,96,174270
14358,0.021346,172.31.47.0-255,66,75393,96,174270
14359,0.023559,74.125.24.0-255,2902,78295,96,174270
14360,0.023567,172.31.47.0-255,66,78361,96,174270
14361,0.023629,74.125.24.0-255,2902,81263,96,174270
14362,0.023633,172.31.47.0-255,66,81329,96,174270
14363,0.025876,74.125.24.0-255,2902,84231,96,174270
14364,0.025891,172.31.47.0-255,66,84297,96,174270
14365,0.025941,74.125.24.0-255,2902,87199,96,174270
14366,0.025946,172.31.47.0-255,66,87265,96,174270
14367,0.028178,74.125.24.0-255,2902,90167,96,174270
14368,0.028195,172.31.47.0-255,66,90233,96,174270
14369,0.028249,74.125.24.0-255,2902,93135,96,174270
14370,0.028254,172.31.47.0-255,66,93201,96,174270
14371,0.030477,74.125.24.0-255,2902,96103,96,174270
14372,0.030494,172.31.47.0-255,66,96169,96,174270
14373,0.030542,74.125.24.0-255,2902,99071,96,174270
14374,0.030546,172.31.47.0-255,66,99137,96,174270
14375,0.032784,74.125.24.0-255,2902,102039,96,174270
14376,0.0328,172.31.47.0-255,66,102105,96,174270
14377,0.032847,74.125.24.0-255,2902,105007,96,174270
14378,0.03285,172.31.47.0-255,66,105073,96,174270
14379,0.033211,172.31.47.0-255,172,105245,96,174270
14380,0.03325,172.31.47.0-255,1101,106346,96,174270
14381,0.03333,172.31.47.0-255,1514,107860,96,174270
14382,0.033332,172.31.47.0-255,1312,109172,96,174270
14383,0.034699,104.244.42.0-255,66,109238,96,174270
14384,0.034736,104.244.42.0-255,66,109304,96,174270
14385,0.034832,104.244.42.0-255,66,109370,96,174270
14386,0.035067,74.125.24.0-255,2902,112272,96,174270
14387,0.035072,172.31.47.0-255,66,112338,96,174270
14388,0.035117,74.125.24.0-255,2902,115240,96,174270
14389,0.035121,172.31.47.0-255,66,115306,96,174270
14390,0.037361,74.125.24.0-255,2902,118208,96,174270
14391,0.037371,172.31.47.0-255,66,118274,96,174270
14392,0.037421,74.125.24.0-255,2902,121176,96,174270
14393,0.037426,172.31.47.0-255,66,121242,96,174270
14394,0.039681,74.125.24.0-255,2902,124144,96,174270
14395,0.039699,172.31.47.0-255,66,124210,96,174270
14396,0.039752,74.125.24.0-255,2902,127112,96,174270
14397,0.039757,172.31.47.0-255,66,127178,96,174270
14398,0.042004,74.125.24.0-255,2902,130080,96,174270
14399,0.04202,172.31.47.0-255,66,130146,96,174270
14400,0.042062,74.125.24.0-255,2902,133048,96,174270
14401,0.042067,172.31.47.0-255,66,133114,96,174270
14402,0.044373,74.125.24.0-255,5738,138852,96,174270
14403,0.044393,172.31.47.0-255,66,138918,96,174270
14404,0.046688,74.125.24.0-255,5738,144656,96,174270
14405,0.046702,172.31.47.0-255,66,144722,96,174270
14406,0.048985,74.125.24.0-255,5738,150460,96,174270
14407,0.048991,172.31.47.0-255,66,150526,96,174270
14408,0.05127,74.125.24.0-255,5738,156264,96,174270
14409,0.051275,172.31.47.0-255,66,156330,96,174270
14410,0.053524,74.125.24.0-255,2902,159232,96,174270
14411,0.05353,172.31.47.0-255,66,159298,96,174270
14412,0.053558,74.125.24.0-255,1484,160782,96,174270
14413,0.053561,172.31.47.0-255,66,160848,96,174270
14414,0.053589,74.125.24.0-255,1484,162332,96,174270
14415,0.053592,172.31.47.0-255,66,162398,96,174270
14416,0.055806,74.125.24.0-255,2902,165300,96,174270
14417,0.055812,172.31.47.0-255,66,165366,96,174270
14418,0.055868,74.125.24.0-255,2902,168268,96,174270
14419,0.055872,172.31.47.0-255,66,168334,96,174270
14420,0.058088,74.125.24.0-255,2902,171236,96,174270
14421,0.058093,172.31.47.0-255,66,171302,96,174270
14422,0.058133,74.125.24.0-255,2902,174204,96,174270
14423,0.058137,172.31.47.0-255,66,174270,96,174270
14424,0.0,172.31.47.0-255,105,105,96,657
14425,4.7e-05,172.31.47.0-255,105,210,96,657
14426,7.4e-05,172.31.47.0-255,105,315,96,657
14427,0.001575,157.240.13.0-255,105,420,96,657
14428,0.002064,157.240.13.0-255,105,525,96,657
14429,0.040901,172.31.47.0-255,66,591,96,657
14430,0.040909,172.31.47.0-255,66,657,96,657
14431,0.0,172.31.47.0-255,105,105,96,276
14432,0.002524,157.240.13.0-255,105,210,96,276
14433,0.002539,172.31.47.0-255,66,276,96,276
14434,0.0,74.125.68.0-255,153,153,96,299787
14435,2.9e-05,172.31.47.0-255,66,219,96,299787
14436,3.6e-05,74.125.68.0-255,1484,1703,96,299787
14437,4e-05,172.31.47.0-255,66,1769,96,299787
14438,4.4e-05,74.125.68.0-255,2902,4671,96,299787
14439,4.6e-05,172.31.47.0-255,66,4737,96,299787
14440,5e-05,74.125.68.0-255,2902,7639,96,299787
14441,5.2e-05,172.31.47.0-255,66,7705,96,299787
14442,8.1e-05,74.125.68.0-255,4320,12025,96,299787
14443,8.4e-05,172.31.47.0-255,66,12091,96,299787
14444,0.000101,74.125.68.0-255,2009,14100,96,299787
14445,0.000104,172.31.47.0-255,66,14166,96,299787
14446,0.000123,74.125.68.0-255,2902,17068,96,299787
14447,0.000125,172.31.47.0-255,66,17134,96,299787
14448,0.000129,74.125.68.0-255,2902,20036,96,299787
14449,0.000131,172.31.47.0-255,66,20102,96,299787
14450,0.000147,74.125.68.0-255,4320,24422,96,299787
14451,0.000149,172.31.47.0-255,66,24488,96,299787
14452,0.000154,74.125.68.0-255,5738,30226,96,299787
14453,0.000156,172.31.47.0-255,66,30292,96,299787
14454,0.000185,74.125.68.0-255,1125,31417,96,299787
14455,0.000187,172.31.47.0-255,66,31483,96,299787
14456,0.00026,74.125.68.0-255,1484,32967,96,299787
14457,0.000264,172.31.47.0-255,66,33033,96,299787
14458,0.000268,74.125.68.0-255,2902,35935,96,299787
14459,0.000271,172.31.47.0-255,66,36001,96,299787
14460,0.000298,74.125.68.0-255,5738,41739,96,299787
14461,0.000302,172.31.47.0-255,66,41805,96,299787
14462,0.000306,74.125.68.0-255,4320,46125,96,299787
14463,0.000309,172.31.47.0-255,66,46191,96,299787
14464,0.000333,74.125.68.0-255,5379,51570,96,299787
14465,0.000337,172.31.47.0-255,66,51636,96,299787
14466,0.000365,172.31.47.0-255,66,51702,96,299787
14467,0.000398,74.125.68.0-255,1484,53186,96,299787
14468,0.00041,74.125.68.0-255,2819,56005,96,299787
14469,0.000413,172.31.47.0-255,66,56071,96,299787
14470,0.00056,74.125.68.0-255,134,56205,96,299787
14471,0.000671,74.125.68.0-255,343,56548,96,299787
14472,0.000703,172.31.47.0-255,66,56614,96,299787
14473,0.000871,74.125.68.0-255,1484,58098,96,299787
14474,0.000881,74.125.68.0-255,2902,61000,96,299787
14475,0.000884,172.31.47.0-255,66,61066,96,299787
14476,0.000919,74.125.68.0-255,1484,62550,96,299787
14477,0.000924,74.125.68.0-255,2902,65452,96,299787
14478,0.000927,172.31.47.0-255,66,65518,96,299787
14479,0.000954,74.125.68.0-255,5738,71256,96,299787
14480,0.000958,172.31.47.0-255,66,71322,96,299787
14481,0.000962,74.125.68.0-255,2543,73865,96,299787
14482,0.000964,172.31.47.0-255,66,73931,96,299787
14483,0.001005,74.125.68.0-255,2902,76833,96,299787
14484,0.001009,172.31.47.0-255,66,76899,96,299787
14485,0.001013,74.125.68.0-255,1484,78383,96,299787
14486,0.001029,74.125.68.0-255,2902,81285,96,299787
14487,0.001031,172.31.47.0-255,66,81351,96,299787
14488,0.001048,74.125.68.0-255,5738,87089,96,299787
14489,0.00105,172.31.47.0-255,66,87155,96,299787
14490,0.001074,74.125.68.0-255,2902,90057,96,299787
14491,0.001076,172.31.47.0-255,66,90123,96,299787
14492,0.001079,74.125.68.0-255,1125,91248,96,299787
14493,0.001315,172.31.47.0-255,66,91314,96,299787
14494,0.001783,74.125.68.0-255,1484,92798,96,299787
14495,0.001789,74.125.68.0-255,1484,94282,96,299787
14496,0.001792,172.31.47.0-255,66,94348,96,299787
14497,0.00181,74.125.68.0-255,1484,95832,96,299787
14498,0.001815,74.125.68.0-255,4320,100152,96,299787
14499,0.001816,172.31.47.0-255,66,100218,96,299787
14500,0.001832,74.125.68.0-255,1484,101702,96,299787
14501,0.001847,74.125.68.0-255,4320,106022,96,299787
14502,0.001849,172.31.47.0-255,66,106088,96,299787
14503,0.001867,74.125.68.0-255,4320,110408,96,299787
14504,0.00187,172.31.47.0-255,66,110474,96,299787
14505,0.001884,74.125.68.0-255,4320,114794,96,299787
14506,0.001886,172.31.47.0-255,66,114860,96,299787
14507,0.00192,74.125.68.0-255,1484,116344,96,299787
14508,0.00194,74.125.68.0-255,4320,120664,96,299787
14509,0.001943,172.31.47.0-255,66,120730,96,299787
14510,0.001972,74.125.68.0-255,5020,125750,96,299787
14511,0.001974,172.31.47.0-255,66,125816,96,299787
14512,0.002103,74.125.68.0-255,1484,127300,96,299787
14513,0.002116,74.125.68.0-255,1484,128784,96,299787
14514,0.002119,172.31.47.0-255,66,128850,96,299787
14515,0.00213,74.125.68.0-255,2902,131752,96,299787
14516,0.002132,172.31.47.0-255,66,131818,96,299787
14517,0.002148,74.125.68.0-255,5738,137556,96,299787
14518,0.00215,172.31.47.0-255,66,137622,96,299787
14519,0.00217,74.125.68.0-255,1484,139106,96,299787
14520,0.002187,74.125.68.0-255,7156,146262,96,299787
14521,0.002189,172.31.47.0-255,66,146328,96,299787
14522,0.00222,74.125.68.0-255,4320,150648,96,299787
14523,0.002223,172.31.47.0-255,66,150714,96,299787
14524,0.002242,74.125.68.0-255,5738,156452,96,299787
14525,0.002244,172.31.47.0-255,66,156518,96,299787
14526,0.002276,74.125.68.0-255,3602,160120,96,299787
14527,0.002278,172.31.47.0-255,66,160186,96,299787
14528,0.002356,74.125.68.0-255,1484,161670,96,299787
14529,0.004598,74.125.68.0-255,4320,165990,96,299787
14530,0.004602,172.31.47.0-255,66,166056,96,299787
14531,0.006927,74.125.68.0-255,5738,171794,96,299787
14532,0.006934,172.31.47.0-255,66,171860,96,299787
14533,0.00928,74.125.68.0-255,5738,177598,96,299787
14534,0.009292,172.31.47.0-255,66,177664,96,299787
14535,0.01164,74.125.68.0-255,5738,183402,96,299787
14536,0.011649,172.31.47.0-255,66,183468,96,299787
14537,0.013991,74.125.68.0-255,5738,189206,96,299787
14538,0.013998,172.31.47.0-255,66,189272,96,299787
14539,0.01633,74.125.68.0-255,5738,195010,96,299787
14540,0.016336,172.31.47.0-255,66,195076,96,299787
14541,0.018655,74.125.68.0-255,4320,199396,96,299787
14542,0.01866,172.31.47.0-255,66,199462,96,299787
14543,0.018676,74.125.68.0-255,1484,200946,96,299787
14544,0.02099,74.125.68.0-255,4320,205266,96,299787
14545,0.020997,172.31.47.0-255,66,205332,96,299787
14546,0.023347,74.125.68.0-255,5738,211070,96,299787
14547,0.023353,172.31.47.0-255,66,211136,96,299787
14548,0.024284,172.31.47.0-255,172,211308,96,299787
14549,0.02433,172.31.47.0-255,1111,212419,96,299787
14550,0.024436,172.31.47.0-255,1514,213933,96,299787
14551,0.024439,172.31.47.0-255,1300,215233,96,299787
14552,0.025686,74.125.68.0-255,5738,220971,96,299787
14553,0.025692,172.31.47.0-255,66,221037,96,299787
14554,0.025823,104.244.42.0-255,66,221103,96,299787
14555,0.025873,104.244.42.0-255,66,221169,96,299787
14556,0.025969,104.244.42.0-255,66,221235,96,299787
14557,0.028028,74.125.68.0-255,5738,226973,96,299787
14558,0.028035,172.31.47.0-255,66,227039,96,299787
14559,0.03036,74.125.68.0-255,5738,232777,96,299787
14560,0.030367,172.31.47.0-255,66,232843,96,299787
14561,0.032704,74.125.68.0-255,4320,237163,96,299787
14562,0.032708,172.31.47.0-255,66,237229,96,299787
14563,0.032737,74.125.68.0-255,1484,238713,96,299787
14564,0.035048,74.125.68.0-255,4320,243033,96,299787
14565,0.035054,172.31.47.0-255,66,243099,96,299787
14566,0.03739,74.125.68.0-255,4320,247419,96,299787
14567,0.037396,172.31.47.0-255,66,247485,96,299787
14568,0.037424,74.125.68.0-255,1484,248969,96,299787
14569,0.039726,74.125.68.0-255,4320,253289,96,299787
14570,0.039731,172.31.47.0-255,66,253355,96,299787
14571,0.042066,74.125.68.0-255,5738,259093,96,299787
14572,0.042074,172.31.47.0-255,66,259159,96,299787
14573,0.044411,74.125.68.0-255,5738,264897,96,299787
14574,0.044418,172.31.47.0-255,66,264963,96,299787
14575,0.046748,74.125.68.0-255,5738,270701,96,299787
14576,0.046755,172.31.47.0-255,66,270767,96,299787
14577,0.049073,74.125.68.0-255,5738,276505,96,299787
14578,0.049078,172.31.47.0-255,66,276571,96,299787
14579,0.051438,74.125.68.0-255,5738,282309,96,299787
14580,0.051442,172.31.47.0-255,66,282375,96,299787
14581,0.053765,74.125.68.0-255,5738,288113,96,299787
14582,0.05377,172.31.47.0-255,66,288179,96,299787
14583,0.05609,74.125.68.0-255,5738,293917,96,299787
14584,0.056096,172.31.47.0-255,66,293983,96,299787
14585,0.058432,74.125.68.0-255,5738,299721,96,299787
14586,0.058439,172.31.47.0-255,66,299787,96,299787
14587,0.0,172.217.27.0-255,153,153,96,312878
14588,2.9e-05,172.31.47.0-255,66,219,96,312878
14589,3.5e-05,172.217.27.0-255,1484,1703,96,312878
14590,4e-05,172.31.47.0-255,66,1769,96,312878
14591,4.4e-05,172.217.27.0-255,2902,4671,96,312878
14592,4.7e-05,172.31.47.0-255,66,4737,96,312878
14593,5.7e-05,172.217.27.0-255,2902,7639,96,312878
14594,6e-05,172.31.47.0-255,66,7705,96,312878
14595,6.4e-05,172.217.27.0-255,4320,12025,96,312878
14596,6.7e-05,172.31.47.0-255,66,12091,96,312878
14597,9.5e-05,172.217.27.0-255,4320,16411,96,312878
14598,0.000104,172.31.47.0-255,66,16477,96,312878
14599,0.00012,172.217.27.0-255,4783,21260,96,312878
14600,0.000122,172.31.47.0-255,66,21326,96,312878
14601,0.000132,172.31.47.0-255,66,21392,96,312878
14602,0.000274,172.217.27.0-255,1484,22876,96,312878
14603,0.000278,172.31.47.0-255,66,22942,96,312878
14604,0.000283,172.217.27.0-255,2902,25844,96,312878
14605,0.000285,172.31.47.0-255,66,25910,96,312878
14606,0.000309,172.217.27.0-255,2902,28812,96,312878
14607,0.000313,172.31.47.0-255,66,28878,96,312878
14608,0.000318,172.217.27.0-255,4320,33198,96,312878
14609,0.00032,172.31.47.0-255,66,33264,96,312878
14610,0.000354,172.31.47.0-255,66,33330,96,312878
14611,0.000355,172.217.27.0-255,7156,40486,96,312878
14612,0.000358,172.31.47.0-255,66,40552,96,312878
14613,0.000405,172.217.27.0-255,2902,43454,96,312878
14614,0.000409,172.31.47.0-255,66,43520,96,312878
14615,0.000426,172.217.27.0-255,2866,46386,96,312878
14616,0.00043,172.31.47.0-255,66,46452,96,312878
14617,0.000583,172.217.27.0-255,119,46571,96,312878
14618,0.000712,172.217.27.0-255,1484,48055,96,312878
14619,0.000716,172.31.47.0-255,66,48121,96,312878
14620,0.000721,172.217.27.0-255,2902,51023,96,312878
14621,0.000724,172.31.47.0-255,66,51089,96,312878
14622,0.000728,172.217.27.0-255,2902,53991,96,312878
14623,0.000737,172.31.47.0-255,66,54057,96,312878
14624,0.000766,172.217.27.0-255,2902,56959,96,312878
14625,0.00077,172.31.47.0-255,66,57025,96,312878
14626,0.00078,172.31.47.0-255,66,57091,96,312878
14627,0.000791,172.31.47.0-255,66,57157,96,312878
14628,0.000796,172.217.27.0-255,4228,61385,96,312878
14629,0.000798,172.31.47.0-255,66,61451,96,312878
14630,0.001027,172.217.27.0-255,1484,62935,96,312878
14631,0.001041,172.217.27.0-255,2902,65837,96,312878
14632,0.001045,172.217.27.0-255,2902,68739,96,312878
14633,0.001046,172.31.47.0-255,66,68805,96,312878
14634,0.001049,172.31.47.0-255,66,68871,96,312878
14635,0.001076,172.217.27.0-255,2902,71773,96,312878
14636,0.001079,172.31.47.0-255,66,71839,96,312878
14637,0.001084,172.217.27.0-255,4320,76159,96,312878
14638,0.001086,172.31.47.0-255,66,76225,96,312878
14639,0.001093,172.217.27.0-255,5738,81963,96,312878
14640,0.001101,172.31.47.0-255,66,82029,96,312878
14641,0.001114,172.31.47.0-255,66,82095,96,312878
14642,0.001118,172.217.27.0-255,2184,84279,96,312878
14643,0.00112,172.31.47.0-255,66,84345,96,312878
14644,0.001161,172.217.27.0-255,2902,87247,96,312878
14645,0.001165,172.31.47.0-255,66,87313,96,312878
14646,0.001169,172.217.27.0-255,1484,88797,96,312878
14647,0.001191,172.217.27.0-255,2902,91699,96,312878
14648,0.001194,172.31.47.0-255,66,91765,96,312878
14649,0.00121,172.31.47.0-255,66,91831,96,312878
14650,0.001215,172.217.27.0-255,4320,96151,96,312878
14651,0.001218,172.31.47.0-255,66,96217,96,312878
14652,0.001256,172.31.47.0-255,66,96283,96,312878
14653,0.001259,172.217.27.0-255,766,97049,96,312878
14654,0.001283,172.217.27.0-255,1484,98533,96,312878
14655,0.001287,172.31.47.0-255,66,98599,96,312878
14656,0.001292,172.217.27.0-255,4320,102919,96,312878
14657,0.001295,172.31.47.0-255,66,102985,96,312878
14658,0.001325,172.31.47.0-255,66,103051,96,312878
14659,0.001331,172.217.27.0-255,5738,108789,96,312878
14660,0.001333,172.31.47.0-255,66,108855,96,312878
14661,0.001376,172.217.27.0-255,5738,114593,96,312878
14662,0.001379,172.31.47.0-255,66,114659,96,312878
14663,0.001408,172.217.27.0-255,6438,121097,96,312878
14664,0.001412,172.31.47.0-255,66,121163,96,312878
14665,0.001424,172.31.47.0-255,66,121229,96,312878
14666,0.00146,172.217.27.0-255,4320,125549,96,312878
14667,0.001464,172.31.47.0-255,66,125615,96,312878
14668,0.00147,172.217.27.0-255,5738,131353,96,312878
14669,0.001473,172.31.47.0-255,66,131419,96,312878
14670,0.00148,172.217.27.0-255,7156,138575,96,312878
14671,0.001483,172.31.47.0-255,66,138641,96,312878
14672,0.001493,172.31.47.0-255,66,138707,96,312878
14673,0.00156,172.217.27.0-255,5738,144445,96,312878
14674,0.001564,172.31.47.0-255,66,144511,96,312878
14675,0.001571,172.217.27.0-255,7156,151667,96,312878
14676,0.001573,172.31.47.0-255,66,151733,96,312878
14677,0.001592,172.31.47.0-255,66,151799,96,312878
14678,0.001599,172.217.27.0-255,6438,158237,96,312878
14679,0.001602,172.31.47.0-255,66,158303,96,312878
14680,0.00163,172.217.27.0-255,1484,159787,96,312878
14681,0.001652,172.217.27.0-255,2902,162689,96,312878
14682,0.001656,172.31.47.0-255,66,162755,96,312878
14683,0.001662,172.217.27.0-255,5738,168493,96,312878
14684,0.001664,172.31.47.0-255,66,168559,96,312878
14685,0.001696,172.217.27.0-255,7156,175715,96,312878
14686,0.001699,172.31.47.0-255,66,175781,96,312878
14687,0.003342,172.217.27.0-255,5738,181519,96,312878
14688,0.003347,172.31.47.0-255,66,181585,96,312878
14689,0.00499,172.217.27.0-255,5738,187323,96,312878
14690,0.004996,172.31.47.0-255,66,187389,96,312878
14691,0.006638,172.217.27.0-255,5738,193127,96,312878
14692,0.006644,172.31.47.0-255,66,193193,96,312878
14693,0.008296,172.217.27.0-255,5738,198931,96,312878
14694,0.008301,172.31.47.0-255,66,198997,96,312878
14695,0.009956,172.217.27.0-255,5738,204735,96,312878
14696,0.009963,172.31.47.0-255,66,204801,96,312878
14697,0.011617,172.217.27.0-255,5738,210539,96,312878
14698,0.011623,172.31.47.0-255,66,210605,96,312878
14699,0.013266,172.217.27.0-255,5738,216343,96,312878
14700,0.013272,172.31.47.0-255,66,216409,96,312878
14701,0.01494,172.217.27.0-255,5738,222147,96,312878
14702,0.014952,172.31.47.0-255,66,222213,96,312878
14703,0.016607,172.217.27.0-255,5738,227951,96,312878
14704,0.016615,172.31.47.0-255,66,228017,96,312878
14705,0.01826,172.217.27.0-255,5738,233755,96,312878
14706,0.018266,172.31.47.0-255,66,233821,96,312878
14707,0.019914,172.217.27.0-255,5738,239559,96,312878
14708,0.019921,172.31.47.0-255,66,239625,96,312878
14709,0.021563,172.217.27.0-255,5738,245363,96,312878
14710,0.021569,172.31.47.0-255,66,245429,96,312878
14711,0.023213,172.217.27.0-255,5738,251167,96,312878
14712,0.023218,172.31.47.0-255,66,251233,96,312878
14713,0.024858,172.217.27.0-255,5738,256971,96,312878
14714,0.024864,172.31.47.0-255,66,257037,96,312878
14715,0.026511,172.217.27.0-255,5738,262775,96,312878
14716,0.026518,172.31.47.0-255,66,262841,96,312878
14717,0.028161,172.217.27.0-255,5738,268579,96,312878
14718,0.028166,172.31.47.0-255,66,268645,96,312878
14719,0.028667,172.31.47.0-255,172,268817,96,312878
14720,0.028703,172.31.47.0-255,1109,269926,96,312878
14721,0.028869,172.31.47.0-255,1514,271440,96,312878
14722,0.028871,172.31.47.0-255,1514,272954,96,312878
14723,0.028875,172.31.47.0-255,1514,274468,96,312878
14724,0.028875,172.31.47.0-255,1087,275555,96,312878
14725,0.029812,172.217.27.0-255,5738,281293,96,312878
14726,0.029816,172.31.47.0-255,66,281359,96,312878
14727,0.030173,104.244.42.0-255,66,281425,96,312878
14728,0.03021,104.244.42.0-255,66,281491,96,312878
14729,0.030411,104.244.42.0-255,66,281557,96,312878
14730,0.030414,104.244.42.0-255,66,281623,96,312878
14731,0.031453,172.217.27.0-255,2902,284525,96,312878
14732,0.031457,172.31.47.0-255,66,284591,96,312878
14733,0.031488,172.217.27.0-255,2902,287493,96,312878
14734,0.031492,172.31.47.0-255,66,287559,96,312878
14735,0.033103,172.217.27.0-255,2902,290461,96,312878
14736,0.033107,172.31.47.0-255,66,290527,96,312878
14737,0.033141,172.217.27.0-255,2902,293429,96,312878
14738,0.033144,172.31.47.0-255,66,293495,96,312878
14739,0.034751,172.217.27.0-255,2902,296397,96,312878
14740,0.034755,172.31.47.0-255,66,296463,96,312878
14741,0.034782,172.217.27.0-255,2902,299365,96,312878
14742,0.034785,172.31.47.0-255,66,299431,96,312878
14743,0.036388,172.217.27.0-255,2902,302333,96,312878
14744,0.036394,172.31.47.0-255,66,302399,96,312878
14745,0.036424,172.217.27.0-255,2902,305301,96,312878
14746,0.036427,172.31.47.0-255,66,305367,96,312878
14747,0.038033,172.217.27.0-255,2902,308269,96,312878
14748,0.038038,172.31.47.0-255,66,308335,96,312878
14749,0.038066,172.217.27.0-255,2902,311237,96,312878
14750,0.038069,172.31.47.0-255,66,311303,96,312878
14751,0.039679,172.217.27.0-255,1338,312641,96,312878
14752,0.039819,172.31.47.0-255,66,312707,96,312878
14753,0.039845,172.31.47.0-255,105,312812,96,312878
14754,0.041447,172.217.27.0-255,66,312878,96,312878
14755,0.0,74.125.200.0-255,304,304,96,335789
14756,1.7e-05,172.31.47.0-255,66,370,96,335789
14757,2.3e-05,74.125.200.0-255,1484,1854,96,335789
14758,2.8e-05,172.31.47.0-255,66,1920,96,335789
14759,4.1e-05,74.125.200.0-255,2902,4822,96,335789
14760,4.5e-05,172.31.47.0-255,66,4888,96,335789
14761,5.1e-05,74.125.200.0-255,4320,9208,96,335789
14762,5.4e-05,172.31.47.0-255,66,9274,96,335789
14763,7.4e-05,74.125.200.0-255,1484,10758,96,335789
14764,7.6e-05,172.31.47.0-255,66,10824,96,335789
14765,8.8e-05,74.125.200.0-255,4682,15506,96,335789
14766,9.1e-05,172.31.47.0-255,66,15572,96,335789
14767,9.4e-05,74.125.200.0-255,1484,17056,96,335789
14768,9.6e-05,172.31.47.0-255,66,17122,96,335789
14769,0.00013,74.125.200.0-255,4320,21442,96,335789
14770,0.000133,172.31.47.0-255,66,21508,96,335789
14771,0.000139,74.125.200.0-255,4320,25828,96,335789
14772,0.000141,172.31.47.0-255,66,25894,96,335789
14773,0.00018,74.125.200.0-255,5379,31273,96,335789
14774,0.000184,172.31.47.0-255,66,31339,96,335789
14775,0.000217,74.125.200.0-255,1484,32823,96,335789
14776,0.000219,172.31.47.0-255,66,32889,96,335789
14777,0.000246,74.125.200.0-255,2902,35791,96,335789
14778,0.000249,172.31.47.0-255,66,35857,96,335789
14779,0.000282,74.125.200.0-255,2902,38759,96,335789
14780,0.000285,172.31.47.0-255,66,38825,96,335789
14781,0.000313,74.125.200.0-255,2902,41727,96,335789
14782,0.000315,172.31.47.0-255,66,41793,96,335789
14783,0.00032,74.125.200.0-255,2902,44695,96,335789
14784,0.000322,172.31.47.0-255,66,44761,96,335789
14785,0.000332,74.125.200.0-255,3961,48722,96,335789
14786,0.000334,172.31.47.0-255,66,48788,96,335789
14787,0.000338,74.125.200.0-255,2902,51690,96,335789
14788,0.000341,172.31.47.0-255,66,51756,96,335789
14789,0.000374,74.125.200.0-255,4320,56076,96,335789
14790,0.000377,172.31.47.0-255,66,56142,96,335789
14791,0.000382,74.125.200.0-255,4320,60462,96,335789
14792,0.000384,172.31.47.0-255,66,60528,96,335789
14793,0.000388,74.125.200.0-255,1484,62012,96,335789
14794,0.000412,74.125.200.0-255,4274,66286,96,335789
14795,0.000415,172.31.47.0-255,66,66352,96,335789
14796,0.000441,74.125.200.0-255,109,66461,96,335789
14797,0.000561,74.125.200.0-255,1484,67945,96,335789
14798,0.000566,172.31.47.0-255,66,68011,96,335789
14799,0.000572,74.125.200.0-255,2902,70913,96,335789
14800,0.000574,172.31.47.0-255,66,70979,96,335789
14801,0.000585,74.125.200.0-255,4320,75299,96,335789
14802,0.000588,172.31.47.0-255,66,75365,96,335789
14803,0.00062,74.125.200.0-255,5738,81103,96,335789
14804,0.000623,172.31.47.0-255,66,81169,96,335789
14805,0.000652,74.125.200.0-255,3961,85130,96,335789
14806,0.000655,172.31.47.0-255,66,85196,96,335789
14807,0.000661,74.125.200.0-255,4320,89516,96,335789
14808,0.000663,172.31.47.0-255,66,89582,96,335789
14809,0.000689,74.125.200.0-255,2902,92484,96,335789
14810,0.000692,172.31.47.0-255,66,92550,96,335789
14811,0.000717,172.31.47.0-255,66,92616,96,335789
14812,0.001207,74.125.200.0-255,1484,94100,96,335789
14813,0.001213,74.125.200.0-255,2902,97002,96,335789
14814,0.001218,172.31.47.0-255,66,97068,96,335789
14815,0.001248,74.125.200.0-255,5738,102806,96,335789
14816,0.001251,172.31.47.0-255,66,102872,96,335789
14817,0.001257,74.125.200.0-255,5738,108610,96,335789
14818,0.001259,172.31.47.0-255,66,108676,96,335789
14819,0.001276,74.125.200.0-255,1484,110160,96,335789
14820,0.001295,74.125.200.0-255,7156,117316,96,335789
14821,0.001298,172.31.47.0-255,66,117382,96,335789
14822,0.001323,74.125.200.0-255,2902,120284,96,335789
14823,0.001326,172.31.47.0-255,66,120350,96,335789
14824,0.001329,74.125.200.0-255,1484,121834,96,335789
14825,0.001354,74.125.200.0-255,5020,126854,96,335789
14826,0.001357,172.31.47.0-255,66,126920,96,335789
14827,0.001617,74.125.200.0-255,1484,128404,96,335789
14828,0.001636,74.125.200.0-255,2902,131306,96,335789
14829,0.00164,172.31.47.0-255,66,131372,96,335789
14830,0.001645,74.125.200.0-255,2902,134274,96,335789
14831,0.001647,172.31.47.0-255,66,134340,96,335789
14832,0.001694,74.125.200.0-255,1484,135824,96,335789
14833,0.001706,172.31.47.0-255,66,135890,96,335789
14834,0.001716,172.31.47.0-255,66,135956,96,335789
14835,0.001757,172.31.47.0-255,66,136022,96,335789
14836,0.001977,74.125.200.0-255,1484,137506,96,335789
14837,0.001982,74.125.200.0-255,1484,138990,96,335789
14838,0.001985,172.31.47.0-255,66,139056,96,335789
14839,0.002015,74.125.200.0-255,1484,140540,96,335789
14840,0.002021,74.125.200.0-255,4320,144860,96,335789
14841,0.002023,172.31.47.0-255,66,144926,96,335789
14842,0.002042,74.125.200.0-255,5738,150664,96,335789
14843,0.002044,172.31.47.0-255,66,150730,96,335789
14844,0.002063,74.125.200.0-255,2902,153632,96,335789
14845,0.002066,172.31.47.0-255,66,153698,96,335789
14846,0.00207,74.125.200.0-255,2902,156600,96,335789
14847,0.002073,172.31.47.0-255,66,156666,96,335789
14848,0.002078,74.125.200.0-255,4320,160986,96,335789
14849,0.00208,172.31.47.0-255,66,161052,96,335789
14850,0.002126,172.31.47.0-255,66,161118,96,335789
14851,0.00213,74.125.200.0-255,2184,163302,96,335789
14852,0.002132,172.31.47.0-255,66,163368,96,335789
14853,0.002136,74.125.200.0-255,2902,166270,96,335789
14854,0.002138,172.31.47.0-255,66,166336,96,335789
14855,0.002145,74.125.200.0-255,7156,173492,96,335789
14856,0.002147,172.31.47.0-255,66,173558,96,335789
14857,0.002151,74.125.200.0-255,2902,176460,96,335789
14858,0.002153,172.31.47.0-255,66,176526,96,335789
14859,0.002157,74.125.200.0-255,1484,178010,96,335789
14860,0.002189,74.125.200.0-255,2902,180912,96,335789
14861,0.002192,172.31.47.0-255,66,180978,96,335789
14862,0.002202,172.31.47.0-255,66,181044,96,335789
14863,0.002211,74.125.200.0-255,2902,183946,96,335789
14864,0.002214,172.31.47.0-255,66,184012,96,335789
14865,0.002273,74.125.200.0-255,3602,187614,96,335789
14866,0.002276,172.31.47.0-255,66,187680,96,335789
14867,0.002299,74.125.200.0-255,1484,189164,96,335789
14868,0.002337,74.125.200.0-255,2902,192066,96,335789
14869,0.002341,172.31.47.0-255,66,192132,96,335789
14870,0.004613,74.125.200.0-255,1484,193616,96,335789
14871,0.004661,74.125.200.0-255,4320,197936,96,335789
14872,0.004667,172.31.47.0-255,66,198002,96,335789
14873,0.007006,74.125.200.0-255,5738,203740,96,335789
14874,0.00701,172.31.47.0-255,66,203806,96,335789
14875,0.009367,74.125.200.0-255,5738,209544,96,335789
14876,0.009375,172.31.47.0-255,66,209610,96,335789
14877,0.011711,74.125.200.0-255,5738,215348,96,335789
14878,0.011717,172.31.47.0-255,66,215414,96,335789
14879,0.014062,74.125.200.0-255,5738,221152,96,335789
14880,0.014069,172.31.47.0-255,66,221218,96,335789
14881,0.0164,74.125.200.0-255,5738,226956,96,335789
14882,0.016409,172.31.47.0-255,66,227022,96,335789
14883,0.018748,74.125.200.0-255,5738,232760,96,335789
14884,0.018757,172.31.47.0-255,66,232826,96,335789
14885,0.021085,74.125.200.0-255,5738,238564,96,335789
14886,0.021092,172.31.47.0-255,66,238630,96,335789
14887,0.023427,74.125.200.0-255,5738,244368,96,335789
14888,0.023433,172.31.47.0-255,66,244434,96,335789
14889,0.025768,74.125.200.0-255,5738,250172,96,335789
14890,0.025776,172.31.47.0-255,66,250238,96,335789
14891,0.028102,74.125.200.0-255,5738,255976,96,335789
14892,0.02811,172.31.47.0-255,66,256042,96,335789
14893,0.029547,172.31.47.0-255,172,256214,96,335789
14894,0.029573,172.31.47.0-255,1110,257324,96,335789
14895,0.029625,172.31.47.0-255,1514,258838,96,335789
14896,0.029627,172.31.47.0-255,1301,260139,96,335789
14897,0.030455,74.125.200.0-255,5738,265877,96,335789
14898,0.030463,172.31.47.0-255,66,265943,96,335789
14899,0.031085,104.244.42.0-255,66,266009,96,335789
14900,0.031177,104.244.42.0-255,66,266075,96,335789
14901,0.031198,104.244.42.0-255,66,266141,96,335789
14902,0.032791,74.125.200.0-255,5738,271879,96,335789
14903,0.032797,172.31.47.0-255,66,271945,96,335789
14904,0.035132,74.125.200.0-255,5738,277683,96,335789
14905,0.035139,172.31.47.0-255,66,277749,96,335789
14906,0.037481,74.125.200.0-255,5738,283487,96,335789
14907,0.037489,172.31.47.0-255,66,283553,96,335789
14908,0.039831,74.125.200.0-255,5738,289291,96,335789
14909,0.039837,172.31.47.0-255,66,289357,96,335789
14910,0.042165,74.125.200.0-255,5738,295095,96,335789
14911,0.042171,172.31.47.0-255,66,295161,96,335789
14912,0.044497,74.125.200.0-255,5738,300899,96,335789
14913,0.044506,172.31.47.0-255,66,300965,96,335789
14914,0.046847,74.125.200.0-255,5738,306703,96,335789
14915,0.046854,172.31.47.0-255,66,306769,96,335789
14916,0.04932,74.125.200.0-255,5738,312507,96,335789
14917,0.049327,172.31.47.0-255,66,312573,96,335789
14918,0.051678,74.125.200.0-255,5738,318311,96,335789
14919,0.051684,172.31.47.0-255,66,318377,96,335789
14920,0.054012,74.125.200.0-255,5738,324115,96,335789
14921,0.054017,172.31.47.0-255,66,324181,96,335789
14922,0.056351,74.125.200.0-255,5738,329919,96,335789
14923,0.056357,172.31.47.0-255,66,329985,96,335789
14924,0.058693,74.125.200.0-255,5738,335723,96,335789
14925,0.0587,172.31.47.0-255,66,335789,96,335789
14926,0.0,74.125.130.0-255,153,153,96,319853
14927,3.6e-05,172.31.47.0-255,66,219,96,319853
14928,4.3e-05,74.125.130.0-255,1484,1703,96,319853
14929,4.8e-05,172.31.47.0-255,66,1769,96,319853
14930,5.4e-05,74.125.130.0-255,2902,4671,96,319853
14931,5.6e-05,172.31.47.0-255,66,4737,96,319853
14932,7.2e-05,74.125.130.0-255,7156,11893,96,319853
14933,7.5e-05,172.31.47.0-255,66,11959,96,319853
14934,7.9e-05,74.125.130.0-255,1992,13951,96,319853
14935,8.2e-05,172.31.47.0-255,66,14017,96,319853
14936,0.000213,74.125.130.0-255,1484,15501,96,319853
14937,0.000218,172.31.47.0-255,66,15567,96,319853
14938,0.000225,74.125.130.0-255,2902,18469,96,319853
14939,0.000227,172.31.47.0-255,66,18535,96,319853
14940,0.000251,74.125.130.0-255,5738,24273,96,319853
14941,0.000253,172.31.47.0-255,66,24339,96,319853
14942,0.000265,74.125.130.0-255,6797,31136,96,319853
14943,0.000269,172.31.47.0-255,66,31202,96,319853
14944,0.000312,74.125.130.0-255,1484,32686,96,319853
14945,0.000315,172.31.47.0-255,66,32752,96,319853
14946,0.000321,74.125.130.0-255,2902,35654,96,319853
14947,0.000323,172.31.47.0-255,66,35720,96,319853
14948,0.000326,74.125.130.0-255,1484,37204,96,319853
14949,0.000328,172.31.47.0-255,66,37270,96,319853
14950,0.000358,74.125.130.0-255,4320,41590,96,319853
14951,0.000362,172.31.47.0-255,66,41656,96,319853
14952,0.000365,74.125.130.0-255,1484,43140,96,319853
14953,0.000366,172.31.47.0-255,66,43206,96,319853
14954,0.000392,74.125.130.0-255,5379,48585,96,319853
14955,0.000396,172.31.47.0-255,66,48651,96,319853
14956,0.000952,74.125.130.0-255,1484,50135,96,319853
14957,0.000958,172.31.47.0-255,66,50201,96,319853
14958,0.000968,74.125.130.0-255,2902,53103,96,319853
14959,0.000971,172.31.47.0-255,66,53169,96,319853
14960,0.000984,74.125.130.0-255,5738,58907,96,319853
14961,0.000987,172.31.47.0-255,66,58973,96,319853
14962,0.000995,74.125.130.0-255,6797,65770,96,319853
14963,0.000997,172.31.47.0-255,66,65836,96,319853
14964,0.001142,74.125.130.0-255,1484,67320,96,319853
14965,0.00115,74.125.130.0-255,2902,70222,96,319853
14966,0.001154,172.31.47.0-255,66,70288,96,319853
14967,0.001161,74.125.130.0-255,5738,76026,96,319853
14968,0.001163,172.31.47.0-255,66,76092,96,319853
14969,0.00117,74.125.130.0-255,5738,81830,96,319853
14970,0.001178,172.31.47.0-255,66,81896,96,319853
14971,0.001215,74.125.130.0-255,1125,83021,96,319853
14972,0.001225,74.125.130.0-255,7156,90177,96,319853
14973,0.001228,172.31.47.0-255,66,90243,96,319853
14974,0.001238,172.31.47.0-255,66,90309,96,319853
14975,0.001268,74.125.130.0-255,1706,92015,96,319853
14976,0.001272,172.31.47.0-255,66,92081,96,319853
14977,0.001433,74.125.130.0-255,1484,93565,96,319853
14978,0.00144,74.125.130.0-255,2902,96467,96,319853
14979,0.001444,172.31.47.0-255,66,96533,96,319853
14980,0.00148,74.125.130.0-255,5738,102271,96,319853
14981,0.001484,172.31.47.0-255,66,102337,96,319853
14982,0.001489,74.125.130.0-255,1484,103821,96,319853
14983,0.001495,74.125.130.0-255,2902,106723,96,319853
14984,0.001497,172.31.47.0-255,66,106789,96,319853
14985,0.001509,74.125.130.0-255,5738,112527,96,319853
14986,0.001512,172.31.47.0-255,66,112593,96,319853
14987,0.001537,74.125.130.0-255,5738,118331,96,319853
14988,0.001542,172.31.47.0-255,66,118397,96,319853
14989,0.001562,74.125.130.0-255,4320,122717,96,319853
14990,0.001564,172.31.47.0-255,66,122783,96,319853
14991,0.001567,74.125.130.0-255,1484,124267,96,319853
14992,0.001595,74.125.130.0-255,2184,126451,96,319853
14993,0.001598,172.31.47.0-255,66,126517,96,319853
14994,0.001631,74.125.130.0-255,1484,128001,96,319853
14995,0.00165,74.125.130.0-255,2902,130903,96,319853
14996,0.001654,172.31.47.0-255,66,130969,96,319853
14997,0.001681,74.125.130.0-255,5738,136707,96,319853
14998,0.001685,172.31.47.0-255,66,136773,96,319853
14999,0.001688,74.125.130.0-255,2902,139675,96,319853
15000,0.001691,172.31.47.0-255,66,139741,96,319853
15001,0.001721,172.31.47.0-255,66,139807,96,319853
15002,0.001752,74.125.130.0-255,2902,142709,96,319853
15003,0.001756,172.31.47.0-255,66,142775,96,319853
15004,0.001765,74.125.130.0-255,2902,145677,96,319853
15005,0.00177,172.31.47.0-255,66,145743,96,319853
15006,0.001773,74.125.130.0-255,1484,147227,96,319853
15007,0.001799,74.125.130.0-255,3602,150829,96,319853
15008,0.001802,172.31.47.0-255,66,150895,96,319853
15009,0.002102,74.125.130.0-255,1484,152379,96,319853
15010,0.002108,74.125.130.0-255,2902,155281,96,319853
15011,0.002111,172.31.47.0-255,66,155347,96,319853
15012,0.002139,74.125.130.0-255,5738,161085,96,319853
15013,0.002141,172.31.47.0-255,66,161151,96,319853
15014,0.002144,74.125.130.0-255,1484,162635,96,319853
15015,0.002174,74.125.130.0-255,5738,168373,96,319853
15016,0.002176,172.31.47.0-255,66,168439,96,319853
15017,0.002245,172.31.47.0-255,66,168505,96,319853
15018,0.002262,74.125.130.0-255,2184,170689,96,319853
15019,0.002264,172.31.47.0-255,66,170755,96,319853
15020,0.004489,74.125.130.0-255,5738,176493,96,319853
15021,0.004495,172.31.47.0-255,66,176559,96,319853
15022,0.006742,74.125.130.0-255,5738,182297,96,319853
15023,0.00675,172.31.47.0-255,66,182363,96,319853
15024,0.009022,74.125.130.0-255,5738,188101,96,319853
15025,0.009042,172.31.47.0-255,66,188167,96,319853
15026,0.011313,74.125.130.0-255,5738,193905,96,319853
15027,0.01133,172.31.47.0-255,66,193971,96,319853
15028,0.013593,74.125.130.0-255,5738,199709,96,319853
15029,0.013608,172.31.47.0-255,66,199775,96,319853
15030,0.015855,74.125.130.0-255,5738,205513,96,319853
15031,0.015864,172.31.47.0-255,66,205579,96,319853
15032,0.018124,74.125.130.0-255,1484,207063,96,319853
15033,0.018148,74.125.130.0-255,4320,211383,96,319853
15034,0.018153,172.31.47.0-255,66,211449,96,319853
15035,0.020402,74.125.130.0-255,4320,215769,96,319853
15036,0.020411,172.31.47.0-255,66,215835,96,319853
15037,0.020442,74.125.130.0-255,1484,217319,96,319853
15038,0.022671,74.125.130.0-255,4320,221639,96,319853
15039,0.022681,172.31.47.0-255,66,221705,96,319853
15040,0.024952,74.125.130.0-255,5738,227443,96,319853
15041,0.024963,172.31.47.0-255,66,227509,96,319853
15042,0.027208,74.125.130.0-255,5738,233247,96,319853
15043,0.027215,172.31.47.0-255,66,233313,96,319853
15044,0.028303,172.31.47.0-255,171,233484,96,319853
15045,0.02833,172.31.47.0-255,1134,234618,96,319853
15046,0.028378,172.31.47.0-255,1514,236132,96,319853
15047,0.028398,172.31.47.0-255,1277,237409,96,319853
15048,0.029462,74.125.130.0-255,5738,243147,96,319853
15049,0.029468,172.31.47.0-255,66,243213,96,319853
15050,0.029864,104.244.42.0-255,66,243279,96,319853
15051,0.030058,104.244.42.0-255,66,243345,96,319853
15052,0.030062,104.244.42.0-255,66,243411,96,319853
15053,0.031715,74.125.130.0-255,5738,249149,96,319853
15054,0.031724,172.31.47.0-255,66,249215,96,319853
15055,0.033976,74.125.130.0-255,5738,254953,96,319853
15056,0.033983,172.31.47.0-255,66,255019,96,319853
15057,0.036236,74.125.130.0-255,5738,260757,96,319853
15058,0.036243,172.31.47.0-255,66,260823,96,319853
15059,0.038504,74.125.130.0-255,5738,266561,96,319853
15060,0.038514,172.31.47.0-255,66,266627,96,319853
15061,0.040795,74.125.130.0-255,5738,272365,96,319853
15062,0.04081,172.31.47.0-255,66,272431,96,319853
15063,0.043063,74.125.130.0-255,5738,278169,96,319853
15064,0.043071,172.31.47.0-255,66,278235,96,319853
15065,0.045307,74.125.130.0-255,2902,281137,96,319853
15066,0.045312,172.31.47.0-255,66,281203,96,319853
15067,0.045343,74.125.130.0-255,2902,284105,96,319853
15068,0.045346,172.31.47.0-255,66,284171,96,319853
15069,0.047563,74.125.130.0-255,2902,287073,96,319853
15070,0.047567,172.31.47.0-255,66,287139,96,319853
15071,0.0476,74.125.130.0-255,2902,290041,96,319853
15072,0.047602,172.31.47.0-255,66,290107,96,319853
15073,0.049829,74.125.130.0-255,2902,293009,96,319853
15074,0.049834,172.31.47.0-255,66,293075,96,319853
15075,0.049864,74.125.130.0-255,2902,295977,96,319853
15076,0.049868,172.31.47.0-255,66,296043,96,319853
15077,0.052088,74.125.130.0-255,2902,298945,96,319853
15078,0.052095,172.31.47.0-255,66,299011,96,319853
15079,0.052129,74.125.130.0-255,2902,301913,96,319853
15080,0.052132,172.31.47.0-255,66,301979,96,319853
15081,0.054328,74.125.130.0-255,1484,303463,96,319853
15082,0.054359,74.125.130.0-255,1484,304947,96,319853
15083,0.054364,172.31.47.0-255,66,305013,96,319853
15084,0.054391,74.125.130.0-255,2902,307915,96,319853
15085,0.054397,172.31.47.0-255,66,307981,96,319853
15086,0.056612,74.125.130.0-255,2902,310883,96,319853
15087,0.056619,172.31.47.0-255,66,310949,96,319853
15088,0.056655,74.125.130.0-255,2902,313851,96,319853
15089,0.056659,172.31.47.0-255,66,313917,96,319853
15090,0.058857,74.125.130.0-255,2902,316819,96,319853
15091,0.058862,172.31.47.0-255,66,316885,96,319853
15092,0.058893,74.125.130.0-255,2902,319787,96,319853
15093,0.058895,172.31.47.0-255,66,319853,96,319853
15094,0.0,74.125.24.0-255,153,153,96,267545
15095,4.3e-05,172.31.47.0-255,66,219,96,267545
15096,5e-05,74.125.24.0-255,1484,1703,96,267545
15097,5.5e-05,172.31.47.0-255,66,1769,96,267545
15098,5.7e-05,74.125.24.0-255,1484,3253,96,267545
15099,6.7e-05,172.31.47.0-255,66,3319,96,267545
15100,7.4e-05,74.125.24.0-255,4320,7639,96,267545
15101,7.7e-05,172.31.47.0-255,66,7705,96,267545
15102,8.3e-05,74.125.24.0-255,6426,14131,96,267545
15103,8.6e-05,172.31.47.0-255,66,14197,96,267545
15104,0.000197,74.125.24.0-255,1484,15681,96,267545
15105,0.000202,172.31.47.0-255,66,15747,96,267545
15106,0.000208,74.125.24.0-255,2902,18649,96,267545
15107,0.00021,172.31.47.0-255,66,18715,96,267545
15108,0.000241,74.125.24.0-255,5738,24453,96,267545
15109,0.000244,172.31.47.0-255,66,24519,96,267545
15110,0.000251,74.125.24.0-255,5738,30257,96,267545
15111,0.000253,172.31.47.0-255,66,30323,96,267545
15112,0.000281,74.125.24.0-255,7156,37479,96,267545
15113,0.000285,172.31.47.0-255,66,37545,96,267545
15114,0.000317,74.125.24.0-255,6797,44342,96,267545
15115,0.000323,172.31.47.0-255,66,44408,96,267545
15116,0.000324,74.125.24.0-255,7156,51564,96,267545
15117,0.000327,172.31.47.0-255,66,51630,96,267545
15118,0.000374,172.31.47.0-255,66,51696,96,267545
15119,0.000381,74.125.24.0-255,5020,56716,96,267545
15120,0.000383,172.31.47.0-255,66,56782,96,267545
15121,0.000427,74.125.24.0-255,707,57489,96,267545
15122,0.00043,172.31.47.0-255,66,57555,96,267545
15123,0.000606,74.125.24.0-255,1484,59039,96,267545
15124,0.00061,172.31.47.0-255,66,59105,96,267545
15125,0.000615,74.125.24.0-255,2902,62007,96,267545
15126,0.000618,172.31.47.0-255,66,62073,96,267545
15127,0.000621,74.125.24.0-255,1484,63557,96,267545
15128,0.000655,74.125.24.0-255,4320,67877,96,267545
15129,0.000658,172.31.47.0-255,66,67943,96,267545
15130,0.000665,74.125.24.0-255,7156,75099,96,267545
15131,0.000667,172.31.47.0-255,66,75165,96,267545
15132,0.000685,172.31.47.0-255,66,75231,96,267545
15133,0.000717,74.125.24.0-255,4320,79551,96,267545
15134,0.000721,172.31.47.0-255,66,79617,96,267545
15135,0.000725,74.125.24.0-255,2184,81801,96,267545
15136,0.000727,172.31.47.0-255,66,81867,96,267545
15137,0.00136,74.125.24.0-255,1484,83351,96,267545
15138,0.00137,74.125.24.0-255,2902,86253,96,267545
15139,0.001374,172.31.47.0-255,66,86319,96,267545
15140,0.00138,74.125.24.0-255,5738,92057,96,267545
15141,0.001382,172.31.47.0-255,66,92123,96,267545
15142,0.001405,74.125.24.0-255,5738,97861,96,267545
15143,0.001408,172.31.47.0-255,66,97927,96,267545
15144,0.001451,74.125.24.0-255,5738,103665,96,267545
15145,0.001454,172.31.47.0-255,66,103731,96,267545
15146,0.001482,74.125.24.0-255,7156,110887,96,267545
15147,0.001485,172.31.47.0-255,66,110953,96,267545
15148,0.001507,74.125.24.0-255,4320,115273,96,267545
15149,0.001509,172.31.47.0-255,66,115339,96,267545
15150,0.00152,74.125.24.0-255,766,116105,96,267545
15151,0.001601,74.125.24.0-255,1484,117589,96,267545
15152,0.001605,172.31.47.0-255,66,117655,96,267545
15153,0.001624,74.125.24.0-255,2902,120557,96,267545
15154,0.001626,172.31.47.0-255,66,120623,96,267545
15155,0.001631,74.125.24.0-255,5738,126361,96,267545
15156,0.001633,172.31.47.0-255,66,126427,96,267545
15157,0.001668,172.31.47.0-255,66,126493,96,267545
15158,0.001691,74.125.24.0-255,1484,127977,96,267545
15159,0.0017,172.31.47.0-255,66,128043,96,267545
15160,0.001711,74.125.24.0-255,2902,130945,96,267545
15161,0.001713,172.31.47.0-255,66,131011,96,267545
15162,0.001747,172.31.47.0-255,66,131077,96,267545
15163,0.001774,74.125.24.0-255,3602,134679,96,267545
15164,0.001776,172.31.47.0-255,66,134745,96,267545
15165,0.001778,74.125.24.0-255,1484,136229,96,267545
15166,0.001791,172.31.47.0-255,66,136295,96,267545
15167,0.001814,74.125.24.0-255,4320,140615,96,267545
15168,0.001816,172.31.47.0-255,66,140681,96,267545
15169,0.001818,74.125.24.0-255,1484,142165,96,267545
15170,0.001838,74.125.24.0-255,4320,146485,96,267545
15171,0.00184,172.31.47.0-255,66,146551,96,267545
15172,0.001852,74.125.24.0-255,4320,150871,96,267545
15173,0.001853,172.31.47.0-255,66,150937,96,267545
15174,0.001873,74.125.24.0-255,7156,158093,96,267545
15175,0.001875,172.31.47.0-255,66,158159,96,267545
15176,0.001889,172.31.47.0-255,66,158225,96,267545
15177,0.001913,74.125.24.0-255,2902,161127,96,267545
15178,0.001915,172.31.47.0-255,66,161193,96,267545
15179,0.001964,172.31.47.0-255,66,161259,96,267545
15180,0.001976,74.125.24.0-255,2902,164161,96,267545
15181,0.001981,172.31.47.0-255,66,164227,96,267545
15182,0.001998,172.31.47.0-255,66,164293,96,267545
15183,0.002003,74.125.24.0-255,5020,169313,96,267545
15184,0.002005,172.31.47.0-255,66,169379,96,267545
15185,0.002007,74.125.24.0-255,1484,170863,96,267545
15186,0.002029,172.31.47.0-255,66,170929,96,267545
15187,0.002065,172.31.47.0-255,66,170995,96,267545
15188,0.002074,172.31.47.0-255,66,171061,96,267545
15189,0.002103,74.125.24.0-255,2902,173963,96,267545
15190,0.002105,172.31.47.0-255,78,174041,96,267545
15191,0.002125,172.31.47.0-255,78,174119,96,267545
15192,0.002147,74.125.24.0-255,1484,175603,96,267545
15193,0.002149,172.31.47.0-255,66,175669,96,267545
15194,0.00414,74.125.24.0-255,4320,179989,96,267545
15195,0.004145,172.31.47.0-255,66,180055,96,267545
15196,0.004181,74.125.24.0-255,1484,181539,96,267545
15197,0.00616,74.125.24.0-255,4320,185859,96,267545
15198,0.006164,172.31.47.0-255,66,185925,96,267545
15199,0.008177,74.125.24.0-255,4320,190245,96,267545
15200,0.008183,172.31.47.0-255,66,190311,96,267545
15201,0.008208,74.125.24.0-255,1484,191795,96,267545
15202,0.010213,74.125.24.0-255,4320,196115,96,267545
15203,0.010222,172.31.47.0-255,66,196181,96,267545
15204,0.01227,74.125.24.0-255,5738,201919,96,267545
15205,0.012277,172.31.47.0-255,66,201985,96,267545
15206,0.014282,74.125.24.0-255,5738,207723,96,267545
15207,0.014288,172.31.47.0-255,66,207789,96,267545
15208,0.016353,74.125.24.0-255,5738,213527,96,267545
15209,0.016361,172.31.47.0-255,66,213593,96,267545
15210,0.01837,74.125.24.0-255,5738,219331,96,267545
15211,0.018376,172.31.47.0-255,66,219397,96,267545
15212,0.019354,172.31.47.0-255,172,219569,96,267545
15213,0.019382,172.31.47.0-255,1109,220678,96,267545
15214,0.019427,172.31.47.0-255,1514,222192,96,267545
15215,0.019429,172.31.47.0-255,335,222527,96,267545
15216,0.020415,74.125.24.0-255,5738,228265,96,267545
15217,0.020422,172.31.47.0-255,66,228331,96,267545
15218,0.020871,104.244.42.0-255,66,228397,96,267545
15219,0.020965,104.244.42.0-255,66,228463,96,267545
15220,0.020969,104.244.42.0-255,66,228529,96,267545
15221,0.022411,74.125.24.0-255,2902,231431,96,267545
15222,0.022415,172.31.47.0-255,66,231497,96,267545
15223,0.022443,74.125.24.0-255,2902,234399,96,267545
15224,0.022446,172.31.47.0-255,66,234465,96,267545
15225,0.024434,74.125.24.0-255,2902,237367,96,267545
15226,0.024439,172.31.47.0-255,66,237433,96,267545
15227,0.024472,74.125.24.0-255,2902,240335,96,267545
15228,0.024476,172.31.47.0-255,66,240401,96,267545
15229,0.026488,74.125.24.0-255,4320,244721,96,267545
15230,0.026494,172.31.47.0-255,66,244787,96,267545
15231,0.026529,74.125.24.0-255,1484,246271,96,267545
15232,0.028535,74.125.24.0-255,4320,250591,96,267545
15233,0.028542,172.31.47.0-255,66,250657,96,267545
15234,0.030608,74.125.24.0-255,5738,256395,96,267545
15235,0.030614,172.31.47.0-255,66,256461,96,267545
15236,0.032655,74.125.24.0-255,5738,262199,96,267545
15237,0.032659,172.31.47.0-255,66,262265,96,267545
15238,0.034702,74.125.24.0-255,5043,267308,96,267545
15239,0.034706,172.31.47.0-255,66,267374,96,267545
15240,0.034886,172.31.47.0-255,105,267479,96,267545
15241,0.036868,74.125.24.0-255,66,267545,96,267545
15242,0.0,172.217.24.0-255,153,153,96,251778
15243,3.3e-05,172.31.47.0-255,66,219,96,251778
15244,4e-05,172.217.24.0-255,1484,1703,96,251778
15245,4.5e-05,172.31.47.0-255,66,1769,96,251778
15246,4.9e-05,172.217.24.0-255,2902,4671,96,251778
15247,5.2e-05,172.31.47.0-255,66,4737,96,251778
15248,5.7e-05,172.217.24.0-255,5738,10475,96,251778
15249,6e-05,172.31.47.0-255,66,10541,96,251778
15250,0.000109,172.217.24.0-255,3401,13942,96,251778
15251,0.000112,172.31.47.0-255,66,14008,96,251778
15252,0.000129,172.217.24.0-255,1484,15492,96,251778
15253,0.000132,172.31.47.0-255,66,15558,96,251778
15254,0.000135,172.217.24.0-255,1484,17042,96,251778
15255,0.000137,172.31.47.0-255,66,17108,96,251778
15256,0.000149,172.217.24.0-255,1484,18592,96,251778
15257,0.000151,172.31.47.0-255,66,18658,96,251778
15258,0.000158,172.217.24.0-255,5738,24396,96,251778
15259,0.00016,172.31.47.0-255,66,24462,96,251778
15260,0.000185,172.217.24.0-255,2902,27364,96,251778
15261,0.000187,172.31.47.0-255,66,27430,96,251778
15262,0.000208,172.217.24.0-255,3961,31391,96,251778
15263,0.000211,172.31.47.0-255,66,31457,96,251778
15264,0.000249,172.217.24.0-255,1484,32941,96,251778
15265,0.000252,172.31.47.0-255,66,33007,96,251778
15266,0.000256,172.217.24.0-255,1484,34491,96,251778
15267,0.000259,172.31.47.0-255,66,34557,96,251778
15268,0.000275,172.217.24.0-255,1484,36041,96,251778
15269,0.000277,172.31.47.0-255,66,36107,96,251778
15270,0.000283,172.217.24.0-255,5738,41845,96,251778
15271,0.000286,172.31.47.0-255,66,41911,96,251778
15272,0.000289,172.217.24.0-255,2902,44813,96,251778
15273,0.000291,172.31.47.0-255,66,44879,96,251778
15274,0.00031,172.217.24.0-255,3961,48840,96,251778
15275,0.000317,172.31.47.0-255,66,48906,96,251778
15276,0.000343,172.217.24.0-255,1484,50390,96,251778
15277,0.000364,172.217.24.0-255,2902,53292,96,251778
15278,0.000368,172.217.24.0-255,1484,54776,96,251778
15279,0.000377,172.31.47.0-255,66,54842,96,251778
15280,0.000386,172.217.24.0-255,4320,59162,96,251778
15281,0.000393,172.217.24.0-255,6797,65959,96,251778
15282,0.000393,172.31.47.0-255,66,66025,96,251778
15283,0.000399,172.31.47.0-255,66,66091,96,251778
15284,0.000412,172.217.24.0-255,392,66483,96,251778
15285,0.000832,172.31.47.0-255,66,66549,96,251778
15286,0.001437,172.217.24.0-255,118,66667,96,251778
15287,0.001481,172.217.24.0-255,1484,68151,96,251778
15288,0.001486,172.31.47.0-255,66,68217,96,251778
15289,0.001494,172.217.24.0-255,2902,71119,96,251778
15290,0.001503,172.217.24.0-255,7156,78275,96,251778
15291,0.001522,172.217.24.0-255,5738,84013,96,251778
15292,0.001544,172.217.24.0-255,4320,88333,96,251778
15293,0.001559,172.217.24.0-255,2902,91235,96,251778
15294,0.005213,172.31.47.0-255,66,91301,96,251778
15295,0.007213,172.217.24.0-255,5738,97039,96,251778
15296,0.007222,172.31.47.0-255,66,97105,96,251778
15297,0.009204,172.217.24.0-255,4320,101425,96,251778
15298,0.00921,172.31.47.0-255,66,101491,96,251778
15299,0.009227,172.217.24.0-255,1484,102975,96,251778
15300,0.011193,172.217.24.0-255,4320,107295,96,251778
15301,0.0112,172.31.47.0-255,66,107361,96,251778
15302,0.0132,172.217.24.0-255,5738,113099,96,251778
15303,0.013244,172.31.47.0-255,66,113165,96,251778
15304,0.015229,172.217.24.0-255,5738,118903,96,251778
15305,0.015235,172.31.47.0-255,66,118969,96,251778
15306,0.017236,172.217.24.0-255,5738,124707,96,251778
15307,0.017247,172.31.47.0-255,66,124773,96,251778
15308,0.019242,172.217.24.0-255,5738,130511,96,251778
15309,0.019251,172.31.47.0-255,66,130577,96,251778
15310,0.021241,172.217.24.0-255,5738,136315,96,251778
15311,0.021248,172.31.47.0-255,66,136381,96,251778
15312,0.023243,172.217.24.0-255,5738,142119,96,251778
15313,0.02325,172.31.47.0-255,66,142185,96,251778
15314,0.025226,172.217.24.0-255,5738,147923,96,251778
15315,0.025226,172.31.47.0-255,172,148095,96,251778
15316,0.02523,172.31.47.0-255,66,148161,96,251778
15317,0.025247,172.31.47.0-255,1110,149271,96,251778
15318,0.025287,172.31.47.0-255,1514,150785,96,251778
15319,0.025288,172.31.47.0-255,1301,152086,96,251778
15320,0.026749,104.244.42.0-255,66,152152,96,251778
15321,0.026786,104.244.42.0-255,66,152218,96,251778
15322,0.026832,104.244.42.0-255,66,152284,96,251778
15323,0.02721,172.217.24.0-255,4320,156604,96,251778
15324,0.027213,172.31.47.0-255,66,156670,96,251778
15325,0.027241,172.217.24.0-255,1484,158154,96,251778
15326,0.029185,172.217.24.0-255,1484,159638,96,251778
15327,0.02919,172.31.47.0-255,66,159704,96,251778
15328,0.029223,172.217.24.0-255,2902,162606,96,251778
15329,0.02923,172.31.47.0-255,66,162672,96,251778
15330,0.031169,172.217.24.0-255,2902,165574,96,251778
15331,0.031174,172.31.47.0-255,66,165640,96,251778
15332,0.031206,172.217.24.0-255,2902,168542,96,251778
15333,0.031228,172.31.47.0-255,66,168608,96,251778
15334,0.033159,172.217.24.0-255,2902,171510,96,251778
15335,0.033165,172.31.47.0-255,66,171576,96,251778
15336,0.033196,172.217.24.0-255,2902,174478,96,251778
15337,0.033214,172.31.47.0-255,66,174544,96,251778
15338,0.035148,172.217.24.0-255,2902,177446,96,251778
15339,0.035153,172.31.47.0-255,66,177512,96,251778
15340,0.03519,172.217.24.0-255,2902,180414,96,251778
15341,0.035207,172.31.47.0-255,66,180480,96,251778
15342,0.037136,172.217.24.0-255,2902,183382,96,251778
15343,0.037142,172.31.47.0-255,66,183448,96,251778
15344,0.037209,172.217.24.0-255,1484,184932,96,251778
15345,0.037222,172.217.24.0-255,1484,186416,96,251778
15346,0.037372,172.31.47.0-255,66,186482,96,251778
15347,0.039122,172.217.24.0-255,2902,189384,96,251778
15348,0.039126,172.31.47.0-255,66,189450,96,251778
15349,0.03934,172.217.24.0-255,2902,192352,96,251778
15350,0.039345,172.31.47.0-255,66,192418,96,251778
15351,0.041098,172.217.24.0-255,2902,195320,96,251778
15352,0.041103,172.31.47.0-255,66,195386,96,251778
15353,0.041328,172.217.24.0-255,2902,198288,96,251778
15354,0.041334,172.31.47.0-255,66,198354,96,251778
15355,0.043074,172.217.24.0-255,2902,201256,96,251778
15356,0.043079,172.31.47.0-255,66,201322,96,251778
15357,0.043308,172.217.24.0-255,2902,204224,96,251778
15358,0.043313,172.31.47.0-255,66,204290,96,251778
15359,0.045083,172.217.24.0-255,2902,207192,96,251778
15360,0.045088,172.31.47.0-255,66,207258,96,251778
15361,0.045286,172.217.24.0-255,2902,210160,96,251778
15362,0.045292,172.31.47.0-255,66,210226,96,251778
15363,0.047057,172.217.24.0-255,2902,213128,96,251778
15364,0.047062,172.31.47.0-255,66,213194,96,251778
15365,0.04727,172.217.24.0-255,2902,216096,96,251778
15366,0.047276,172.31.47.0-255,66,216162,96,251778
15367,0.049042,172.217.24.0-255,2902,219064,96,251778
15368,0.049047,172.31.47.0-255,66,219130,96,251778
15369,0.04925,172.217.24.0-255,2902,222032,96,251778
15370,0.049256,172.31.47.0-255,66,222098,96,251778
15371,0.05103,172.217.24.0-255,2902,225000,96,251778
15372,0.051036,172.31.47.0-255,66,225066,96,251778
15373,0.051231,172.217.24.0-255,2902,227968,96,251778
15374,0.051237,172.31.47.0-255,66,228034,96,251778
15375,0.053013,172.217.24.0-255,2902,230936,96,251778
15376,0.053017,172.31.47.0-255,66,231002,96,251778
15377,0.053201,172.217.24.0-255,2902,233904,96,251778
15378,0.053206,172.31.47.0-255,66,233970,96,251778
15379,0.054991,172.217.24.0-255,2902,236872,96,251778
15380,0.054996,172.31.47.0-255,66,236938,96,251778
15381,0.055178,172.217.24.0-255,2902,239840,96,251778
15382,0.055183,172.31.47.0-255,66,239906,96,251778
15383,0.05698,172.217.24.0-255,2902,242808,96,251778
15384,0.056985,172.31.47.0-255,66,242874,96,251778
15385,0.05716,172.217.24.0-255,2902,245776,96,251778
15386,0.057316,172.31.47.0-255,66,245842,96,251778
15387,0.058961,172.217.24.0-255,2902,248744,96,251778
15388,0.058966,172.31.47.0-255,66,248810,96,251778
15389,0.059299,172.217.24.0-255,2902,251712,96,251778
15390,0.059305,172.31.47.0-255,66,251778,96,251778
15391,0.0,172.217.27.0-255,153,153,96,306589
15392,1.5e-05,172.31.47.0-255,66,219,96,306589
15393,2e-05,172.217.27.0-255,1484,1703,96,306589
15394,2.4e-05,172.31.47.0-255,66,1769,96,306589
15395,2.9e-05,172.217.27.0-255,2902,4671,96,306589
15396,3.1e-05,172.31.47.0-255,66,4737,96,306589
15397,3.5e-05,172.217.27.0-255,2902,7639,96,306589
15398,3.7e-05,172.31.47.0-255,66,7705,96,306589
15399,4.1e-05,172.217.27.0-255,2902,10607,96,306589
15400,4.3e-05,172.31.47.0-255,66,10673,96,306589
15401,6.6e-05,172.217.27.0-255,1484,12157,96,306589
15402,6.8e-05,172.31.47.0-255,66,12223,96,306589
15403,8.3e-05,172.217.27.0-255,2011,14234,96,306589
15404,8.5e-05,172.31.47.0-255,66,14300,96,306589
15405,0.000243,172.217.27.0-255,1484,15784,96,306589
15406,0.000248,172.31.47.0-255,66,15850,96,306589
15407,0.00026,172.217.27.0-255,2902,18752,96,306589
15408,0.000262,172.31.47.0-255,66,18818,96,306589
15409,0.000265,172.217.27.0-255,1484,20302,96,306589
15410,0.000267,172.31.47.0-255,66,20368,96,306589
15411,0.000285,172.217.27.0-255,2902,23270,96,306589
15412,0.000288,172.31.47.0-255,66,23336,96,306589
15413,0.000314,172.217.27.0-255,5738,29074,96,306589
15414,0.000317,172.31.47.0-255,66,29140,96,306589
15415,0.000376,172.217.27.0-255,2543,31683,96,306589
15416,0.000379,172.31.47.0-255,66,31749,96,306589
15417,0.000498,172.217.27.0-255,1484,33233,96,306589
15418,0.000501,172.31.47.0-255,66,33299,96,306589
15419,0.000505,172.217.27.0-255,1484,34783,96,306589
15420,0.000506,172.31.47.0-255,66,34849,96,306589
15421,0.000532,172.217.27.0-255,1484,36333,96,306589
15422,0.000535,172.31.47.0-255,66,36399,96,306589
15423,0.000559,172.217.27.0-255,2902,39301,96,306589
15424,0.000562,172.31.47.0-255,66,39367,96,306589
15425,0.000592,172.217.27.0-255,4320,43687,96,306589
15426,0.000595,172.31.47.0-255,66,43753,96,306589
15427,0.000613,172.217.27.0-255,1484,45237,96,306589
15428,0.000619,172.217.27.0-255,3961,49198,96,306589
15429,0.000621,172.31.47.0-255,66,49264,96,306589
15430,0.000661,172.217.27.0-255,2902,52166,96,306589
15431,0.000664,172.31.47.0-255,66,52232,96,306589
15432,0.00068,172.217.27.0-255,1484,53716,96,306589
15433,0.000687,172.217.27.0-255,5738,59454,96,306589
15434,0.000688,172.31.47.0-255,66,59520,96,306589
15435,0.000724,172.217.27.0-255,7125,66645,96,306589
15436,0.000727,172.31.47.0-255,66,66711,96,306589
15437,0.001014,172.217.27.0-255,118,66829,96,306589
15438,0.001018,172.217.27.0-255,329,67158,96,306589
15439,0.00105,172.31.47.0-255,66,67224,96,306589
15440,0.001189,172.217.27.0-255,1484,68708,96,306589
15441,0.001197,172.217.27.0-255,2902,71610,96,306589
15442,0.001201,172.31.47.0-255,66,71676,96,306589
15443,0.001205,172.217.27.0-255,2902,74578,96,306589
15444,0.001207,172.31.47.0-255,66,74644,96,306589
15445,0.001224,172.217.27.0-255,2902,77546,96,306589
15446,0.001226,172.31.47.0-255,66,77612,96,306589
15447,0.001249,172.217.27.0-255,6797,84409,96,306589
15448,0.001252,172.31.47.0-255,66,84475,96,306589
15449,0.001311,172.217.27.0-255,1484,85959,96,306589
15450,0.001316,172.217.27.0-255,2902,88861,96,306589
15451,0.001318,172.31.47.0-255,66,88927,96,306589
15452,0.001331,172.217.27.0-255,1484,90411,96,306589
15453,0.001344,172.217.27.0-255,1484,91895,96,306589
15454,0.001345,172.31.47.0-255,66,91961,96,306589
15455,0.001351,172.217.27.0-255,4320,96281,96,306589
15456,0.001353,172.31.47.0-255,66,96347,96,306589
15457,0.001403,172.217.27.0-255,1484,97831,96,306589
15458,0.001416,172.217.27.0-255,3961,101792,96,306589
15459,0.001419,172.31.47.0-255,66,101858,96,306589
15460,0.003048,172.217.27.0-255,5738,107596,96,306589
15461,0.003054,172.31.47.0-255,66,107662,96,306589
15462,0.004686,172.217.27.0-255,4320,111982,96,306589
15463,0.004689,172.31.47.0-255,66,112048,96,306589
15464,0.004709,172.217.27.0-255,1484,113532,96,306589
15465,0.006336,172.217.27.0-255,4320,117852,96,306589
15466,0.006339,172.31.47.0-255,66,117918,96,306589
15467,0.007977,172.217.27.0-255,5738,123656,96,306589
15468,0.007983,172.31.47.0-255,66,123722,96,306589
15469,0.009608,172.217.27.0-255,5738,129460,96,306589
15470,0.009616,172.31.47.0-255,66,129526,96,306589
15471,0.011248,172.217.27.0-255,5738,135264,96,306589
15472,0.011257,172.31.47.0-255,66,135330,96,306589
15473,0.012893,172.217.27.0-255,5738,141068,96,306589
15474,0.012903,172.31.47.0-255,66,141134,96,306589
15475,0.014574,172.217.27.0-255,5738,146872,96,306589
15476,0.014581,172.31.47.0-255,66,146938,96,306589
15477,0.016225,172.217.27.0-255,5738,152676,96,306589
15478,0.016233,172.31.47.0-255,66,152742,96,306589
15479,0.017866,172.217.27.0-255,5738,158480,96,306589
15480,0.017872,172.31.47.0-255,66,158546,96,306589
15481,0.019502,172.217.27.0-255,5738,164284,96,306589
15482,0.019509,172.31.47.0-255,66,164350,96,306589
15483,0.02114,172.217.27.0-255,5738,170088,96,306589
15484,0.021147,172.31.47.0-255,66,170154,96,306589
15485,0.022775,172.217.27.0-255,5738,175892,96,306589
15486,0.022781,172.31.47.0-255,66,175958,96,306589
15487,0.024406,172.217.27.0-255,5738,181696,96,306589
15488,0.024412,172.31.47.0-255,66,181762,96,306589
15489,0.024893,172.31.47.0-255,172,181934,96,306589
15490,0.024924,172.31.47.0-255,1110,183044,96,306589
15491,0.024986,172.31.47.0-255,1514,184558,96,306589
15492,0.024989,172.31.47.0-255,1301,185859,96,306589
15493,0.026042,172.217.27.0-255,5738,191597,96,306589
15494,0.026048,172.31.47.0-255,66,191663,96,306589
15495,0.026444,104.244.42.0-255,66,191729,96,306589
15496,0.0265,104.244.42.0-255,66,191795,96,306589
15497,0.026518,104.244.42.0-255,66,191861,96,306589
15498,0.027674,172.217.27.0-255,5738,197599,96,306589
15499,0.02768,172.31.47.0-255,66,197665,96,306589
15500,0.029322,172.217.27.0-255,5738,203403,96,306589
15501,0.029329,172.31.47.0-255,66,203469,96,306589
15502,0.030964,172.217.27.0-255,5738,209207,96,306589
15503,0.030971,172.31.47.0-255,66,209273,96,306589
15504,0.032646,172.217.27.0-255,5738,215011,96,306589
15505,0.032652,172.31.47.0-255,66,215077,96,306589
15506,0.034296,172.217.27.0-255,5738,220815,96,306589
15507,0.034302,172.31.47.0-255,66,220881,96,306589
15508,0.035947,172.217.27.0-255,5738,226619,96,306589
15509,0.035953,172.31.47.0-255,66,226685,96,306589
15510,0.037582,172.217.27.0-255,5738,232423,96,306589
15511,0.037588,172.31.47.0-255,66,232489,96,306589
15512,0.039215,172.217.27.0-255,5738,238227,96,306589
15513,0.03922,172.31.47.0-255,66,238293,96,306589
15514,0.040853,172.217.27.0-255,5738,244031,96,306589
15515,0.040859,172.31.47.0-255,66,244097,96,306589
15516,0.042509,172.217.27.0-255,4320,248417,96,306589
15517,0.042514,172.31.47.0-255,66,248483,96,306589
15518,0.042543,172.217.27.0-255,1484,249967,96,306589
15519,0.044165,172.217.27.0-255,4320,254287,96,306589
15520,0.044172,172.31.47.0-255,66,254353,96,306589
15521,0.04581,172.217.27.0-255,5738,260091,96,306589
15522,0.045817,172.31.47.0-255,66,260157,96,306589
15523,0.047445,172.217.27.0-255,5738,265895,96,306589
15524,0.04745,172.31.47.0-255,66,265961,96,306589
15525,0.049085,172.217.27.0-255,5738,271699,96,306589
15526,0.04909,172.31.47.0-255,66,271765,96,306589
15527,0.050778,172.217.27.0-255,5738,277503,96,306589
15528,0.050783,172.31.47.0-255,66,277569,96,306589
15529,0.052449,172.217.27.0-255,5738,283307,96,306589
15530,0.052454,172.31.47.0-255,66,283373,96,306589
15531,0.054104,172.217.27.0-255,5738,289111,96,306589
15532,0.054111,172.31.47.0-255,66,289177,96,306589
15533,0.055751,172.217.27.0-255,5738,294915,96,306589
15534,0.055758,172.31.47.0-255,66,294981,96,306589
15535,0.057396,172.217.27.0-255,5738,300719,96,306589
15536,0.057402,172.31.47.0-255,66,300785,96,306589
15537,0.059037,172.217.27.0-255,5738,306523,96,306589
15538,0.059043,172.31.47.0-255,66,306589,96,306589
15539,0.0,74.125.200.0-255,157,157,96,303134
15540,2.3e-05,172.31.47.0-255,66,223,96,303134
15541,2.9e-05,74.125.200.0-255,1484,1707,96,303134
15542,3.2e-05,172.31.47.0-255,66,1773,96,303134
15543,3.7e-05,74.125.200.0-255,2902,4675,96,303134
15544,4e-05,172.31.47.0-255,66,4741,96,303134
15545,4.9e-05,74.125.200.0-255,1484,6225,96,303134
15546,5.2e-05,172.31.47.0-255,66,6291,96,303134
15547,8e-05,74.125.200.0-255,5738,12029,96,303134
15548,8.2e-05,172.31.47.0-255,66,12095,96,303134
15549,8.6e-05,74.125.200.0-255,2183,14278,96,303134
15550,8.7e-05,172.31.47.0-255,66,14344,96,303134
15551,0.000412,74.125.200.0-255,1484,15828,96,303134
15552,0.000417,172.31.47.0-255,66,15894,96,303134
15553,0.000426,74.125.200.0-255,2902,18796,96,303134
15554,0.000428,172.31.47.0-255,66,18862,96,303134
15555,0.000437,74.125.200.0-255,1484,20346,96,303134
15556,0.00044,172.31.47.0-255,66,20412,96,303134
15557,0.000444,74.125.200.0-255,2902,23314,96,303134
15558,0.000446,172.31.47.0-255,66,23380,96,303134
15559,0.000449,74.125.200.0-255,1484,24864,96,303134
15560,0.00045,172.31.47.0-255,66,24930,96,303134
15561,0.00047,74.125.200.0-255,4320,29250,96,303134
15562,0.000477,172.31.47.0-255,66,29316,96,303134
15563,0.000503,74.125.200.0-255,2543,31859,96,303134
15564,0.000507,172.31.47.0-255,66,31925,96,303134
15565,0.000511,74.125.200.0-255,2902,34827,96,303134
15566,0.000513,172.31.47.0-255,66,34893,96,303134
15567,0.000518,74.125.200.0-255,4320,39213,96,303134
15568,0.000525,172.31.47.0-255,66,39279,96,303134
15569,0.00056,74.125.200.0-255,2902,42181,96,303134
15570,0.000563,172.31.47.0-255,66,42247,96,303134
15571,0.000569,74.125.200.0-255,6797,49044,96,303134
15572,0.000572,172.31.47.0-255,66,49110,96,303134
15573,0.000722,74.125.200.0-255,1484,50594,96,303134
15574,0.000728,74.125.200.0-255,2902,53496,96,303134
15575,0.000732,172.31.47.0-255,66,53562,96,303134
15576,0.000735,74.125.200.0-255,1484,55046,96,303134
15577,0.000755,74.125.200.0-255,2902,57948,96,303134
15578,0.000758,172.31.47.0-255,66,58014,96,303134
15579,0.000764,74.125.200.0-255,4320,62334,96,303134
15580,0.000766,172.31.47.0-255,66,62400,96,303134
15581,0.000791,74.125.200.0-255,1484,63884,96,303134
15582,0.000795,74.125.200.0-255,2865,66749,96,303134
15583,0.000802,172.31.47.0-255,66,66815,96,303134
15584,0.000873,74.125.200.0-255,1484,68299,96,303134
15585,0.000879,74.125.200.0-255,2902,71201,96,303134
15586,0.000882,172.31.47.0-255,66,71267,96,303134
15587,0.000908,74.125.200.0-255,4320,75587,96,303134
15588,0.000912,172.31.47.0-255,66,75653,96,303134
15589,0.000919,74.125.200.0-255,1484,77137,96,303134
15590,0.000943,74.125.200.0-255,7156,84293,96,303134
15591,0.000948,74.125.200.0-255,5738,90031,96,303134
15592,0.000949,74.125.200.0-255,1484,91515,96,303134
15593,0.000952,172.31.47.0-255,66,91581,96,303134
15594,0.000958,172.31.47.0-255,66,91647,96,303134
15595,0.000962,74.125.200.0-255,1484,93131,96,303134
15596,0.000963,172.31.47.0-255,66,93197,96,303134
15597,0.000987,74.125.200.0-255,4320,97517,96,303134
15598,0.000989,172.31.47.0-255,66,97583,96,303134
15599,0.000997,74.125.200.0-255,3602,101185,96,303134
15600,0.000998,172.31.47.0-255,66,101251,96,303134
15601,0.001078,74.125.200.0-255,1484,102735,96,303134
15602,0.001089,74.125.200.0-255,1484,104219,96,303134
15603,0.001092,172.31.47.0-255,66,104285,96,303134
15604,0.001096,74.125.200.0-255,2902,107187,96,303134
15605,0.001098,172.31.47.0-255,66,107253,96,303134
15606,0.001136,74.125.200.0-255,5738,112991,96,303134
15607,0.001139,172.31.47.0-255,66,113057,96,303134
15608,0.001148,172.31.47.0-255,66,113123,96,303134
15609,0.001176,172.31.47.0-255,66,113189,96,303134
15610,0.001207,74.125.200.0-255,6080,119269,96,303134
15611,0.00121,172.31.47.0-255,66,119335,96,303134
15612,0.00124,74.125.200.0-255,2902,122237,96,303134
15613,0.001243,172.31.47.0-255,66,122303,96,303134
15614,0.001246,74.125.200.0-255,1484,123787,96,303134
15615,0.001267,74.125.200.0-255,2902,126689,96,303134
15616,0.001269,172.31.47.0-255,66,126755,96,303134
15617,0.001276,74.125.200.0-255,7156,133911,96,303134
15618,0.001278,172.31.47.0-255,66,133977,96,303134
15619,0.001307,74.125.200.0-255,1484,135461,96,303134
15620,0.001314,74.125.200.0-255,7156,142617,96,303134
15621,0.001316,172.31.47.0-255,66,142683,96,303134
15622,0.001325,172.31.47.0-255,66,142749,96,303134
15623,0.001376,74.125.200.0-255,2184,144933,96,303134
15624,0.001378,172.31.47.0-255,66,144999,96,303134
15625,0.002223,74.125.200.0-255,1484,146483,96,303134
15626,0.002231,74.125.200.0-255,2902,149385,96,303134
15627,0.002235,172.31.47.0-255,66,149451,96,303134
15628,0.00227,74.125.200.0-255,4320,153771,96,303134
15629,0.002272,172.31.47.0-255,66,153837,96,303134
15630,0.002278,74.125.200.0-255,5738,159575,96,303134
15631,0.00228,172.31.47.0-255,66,159641,96,303134
15632,0.002312,172.31.47.0-255,66,159707,96,303134
15633,0.002315,74.125.200.0-255,1484,161191,96,303134
15634,0.00459,74.125.200.0-255,4320,165511,96,303134
15635,0.004597,172.31.47.0-255,66,165577,96,303134
15636,0.006869,74.125.200.0-255,4320,169897,96,303134
15637,0.006876,172.31.47.0-255,66,169963,96,303134
15638,0.006903,74.125.200.0-255,1484,171447,96,303134
15639,0.009169,74.125.200.0-255,4320,175767,96,303134
15640,0.009178,172.31.47.0-255,66,175833,96,303134
15641,0.011467,74.125.200.0-255,5738,181571,96,303134
15642,0.011476,172.31.47.0-255,66,181637,96,303134
15643,0.013762,74.125.200.0-255,5738,187375,96,303134
15644,0.013768,172.31.47.0-255,66,187441,96,303134
15645,0.016057,74.125.200.0-255,5738,193179,96,303134
15646,0.016063,172.31.47.0-255,66,193245,96,303134
15647,0.016181,172.31.47.0-255,172,193417,96,303134
15648,0.016216,172.31.47.0-255,1109,194526,96,303134
15649,0.016332,172.31.47.0-255,1514,196040,96,303134
15650,0.016356,172.31.47.0-255,1302,197342,96,303134
15651,0.017744,104.244.42.0-255,66,197408,96,303134
15652,0.017794,104.244.42.0-255,66,197474,96,303134
15653,0.017882,104.244.42.0-255,66,197540,96,303134
15654,0.017925,104.244.42.0-255,66,197606,96,303134
15655,0.018337,74.125.200.0-255,4320,201926,96,303134
15656,0.018341,172.31.47.0-255,66,201992,96,303134
15657,0.018374,74.125.200.0-255,1484,203476,96,303134
15658,0.02061,74.125.200.0-255,4320,207796,96,303134
15659,0.020614,172.31.47.0-255,66,207862,96,303134
15660,0.022887,74.125.200.0-255,5738,213600,96,303134
15661,0.022892,172.31.47.0-255,66,213666,96,303134
15662,0.025189,74.125.200.0-255,4320,217986,96,303134
15663,0.025195,172.31.47.0-255,66,218052,96,303134
15664,0.025218,74.125.200.0-255,1484,219536,96,303134
15665,0.027463,74.125.200.0-255,4320,223856,96,303134
15666,0.027468,172.31.47.0-255,66,223922,96,303134
15667,0.029734,74.125.200.0-255,4320,228242,96,303134
15668,0.029739,172.31.47.0-255,66,228308,96,303134
15669,0.029766,74.125.200.0-255,1484,229792,96,303134
15670,0.032019,74.125.200.0-255,4320,234112,96,303134
15671,0.032025,172.31.47.0-255,66,234178,96,303134
15672,0.034292,74.125.200.0-255,4320,238498,96,303134
15673,0.034296,172.31.47.0-255,66,238564,96,303134
15674,0.034323,74.125.200.0-255,1484,240048,96,303134
15675,0.036575,74.125.200.0-255,4320,244368,96,303134
15676,0.03658,172.31.47.0-255,66,244434,96,303134
15677,0.03886,74.125.200.0-255,5738,250172,96,303134
15678,0.038864,172.31.47.0-255,66,250238,96,303134
15679,0.04114,74.125.200.0-255,5738,255976,96,303134
15680,0.041145,172.31.47.0-255,66,256042,96,303134
15681,0.04342,74.125.200.0-255,5738,261780,96,303134
15682,0.043424,172.31.47.0-255,66,261846,96,303134
15683,0.045709,74.125.200.0-255,5738,267584,96,303134
15684,0.045714,172.31.47.0-255,66,267650,96,303134
15685,0.048016,74.125.200.0-255,5738,273388,96,303134
15686,0.048023,172.31.47.0-255,66,273454,96,303134
15687,0.050298,74.125.200.0-255,2902,276356,96,303134
15688,0.050304,172.31.47.0-255,66,276422,96,303134
15689,0.050331,74.125.200.0-255,2902,279324,96,303134
15690,0.050333,172.31.47.0-255,66,279390,96,303134
15691,0.052579,74.125.200.0-255,2902,282292,96,303134
15692,0.052585,172.31.47.0-255,66,282358,96,303134
15693,0.052611,74.125.200.0-255,2902,285260,96,303134
15694,0.052614,172.31.47.0-255,66,285326,96,303134
15695,0.054854,74.125.200.0-255,2902,288228,96,303134
15696,0.05486,172.31.47.0-255,66,288294,96,303134
15697,0.054888,74.125.200.0-255,2902,291196,96,303134
15698,0.05489,172.31.47.0-255,66,291262,96,303134
15699,0.057139,74.125.200.0-255,2902,294164,96,303134
15700,0.057144,172.31.47.0-255,66,294230,96,303134
15701,0.057176,74.125.200.0-255,2902,297132,96,303134
15702,0.057178,172.31.47.0-255,66,297198,96,303134
15703,0.059416,74.125.200.0-255,2902,300100,96,303134
15704,0.059421,172.31.47.0-255,66,300166,96,303134
15705,0.059448,74.125.200.0-255,2902,303068,96,303134
15706,0.059451,172.31.47.0-255,66,303134,96,303134
15707,0.0,74.125.24.0-255,153,153,96,211007
15708,2.6e-05,172.31.47.0-255,66,219,96,211007
15709,3.2e-05,74.125.24.0-255,1484,1703,96,211007
15710,3.6e-05,172.31.47.0-255,66,1769,96,211007
15711,4.1e-05,74.125.24.0-255,2902,4671,96,211007
15712,4.3e-05,172.31.47.0-255,66,4737,96,211007
15713,6.2e-05,74.125.24.0-255,2902,7639,96,211007
15714,6.4e-05,172.31.47.0-255,66,7705,96,211007
15715,7.7e-05,74.125.24.0-255,1484,9189,96,211007
15716,8.1e-05,172.31.47.0-255,66,9255,96,211007
15717,9e-05,74.125.24.0-255,6356,15611,96,211007
15718,9.2e-05,172.31.47.0-255,66,15677,96,211007
15719,0.000123,172.31.47.0-255,66,15743,96,211007
15720,0.000136,74.125.24.0-255,1125,16868,96,211007
15721,0.000139,172.31.47.0-255,66,16934,96,211007
15722,0.000256,74.125.24.0-255,1484,18418,96,211007
15723,0.00026,172.31.47.0-255,66,18484,96,211007
15724,0.000266,74.125.24.0-255,2902,21386,96,211007
15725,0.000268,172.31.47.0-255,66,21452,96,211007
15726,0.000292,74.125.24.0-255,2902,24354,96,211007
15727,0.000294,172.31.47.0-255,66,24420,96,211007
15728,0.00031,74.125.24.0-255,2902,27322,96,211007
15729,0.000312,172.31.47.0-255,66,27388,96,211007
15730,0.000352,172.31.47.0-255,66,27454,96,211007
15731,0.000367,172.31.47.0-255,66,27520,96,211007
15732,0.000391,74.125.24.0-255,131,27651,96,211007
15733,0.000394,172.31.47.0-255,66,27717,96,211007
15734,0.000475,74.125.24.0-255,1484,29201,96,211007
15735,0.00048,172.31.47.0-255,66,29267,96,211007
15736,0.000499,74.125.24.0-255,2902,32169,96,211007
15737,0.000502,172.31.47.0-255,66,32235,96,211007
15738,0.000508,74.125.24.0-255,5738,37973,96,211007
15739,0.000511,172.31.47.0-255,66,38039,96,211007
15740,0.000517,74.125.24.0-255,6797,44836,96,211007
15741,0.00052,172.31.47.0-255,66,44902,96,211007
15742,0.000543,74.125.24.0-255,2902,47804,96,211007
15743,0.000547,172.31.47.0-255,66,47870,96,211007
15744,0.000579,172.31.47.0-255,66,47936,96,211007
15745,0.000583,74.125.24.0-255,2543,50479,96,211007
15746,0.000585,172.31.47.0-255,66,50545,96,211007
15747,0.000588,74.125.24.0-255,350,50895,96,211007
15748,0.001123,172.31.47.0-255,66,50961,96,211007
15749,0.001264,74.125.24.0-255,1484,52445,96,211007
15750,0.001273,74.125.24.0-255,2902,55347,96,211007
15751,0.001277,172.31.47.0-255,66,55413,96,211007
15752,0.001301,74.125.24.0-255,5738,61151,96,211007
15753,0.001304,172.31.47.0-255,66,61217,96,211007
15754,0.001334,172.31.47.0-255,66,61283,96,211007
15755,0.001355,74.125.24.0-255,1484,62767,96,211007
15756,0.001368,172.31.47.0-255,66,62833,96,211007
15757,0.00151,74.125.24.0-255,1484,64317,96,211007
15758,0.001517,74.125.24.0-255,2902,67219,96,211007
15759,0.00152,172.31.47.0-255,66,67285,96,211007
15760,0.001542,74.125.24.0-255,5738,73023,96,211007
15761,0.001544,172.31.47.0-255,66,73089,96,211007
15762,0.001562,74.125.24.0-255,2902,75991,96,211007
15763,0.001564,172.31.47.0-255,66,76057,96,211007
15764,0.001589,172.31.47.0-255,66,76123,96,211007
15765,0.001593,74.125.24.0-255,1484,77607,96,211007
15766,0.001621,74.125.24.0-255,7156,84763,96,211007
15767,0.001624,172.31.47.0-255,66,84829,96,211007
15768,0.001639,74.125.24.0-255,2184,87013,96,211007
15769,0.001641,172.31.47.0-255,66,87079,96,211007
15770,0.001645,74.125.24.0-255,2902,89981,96,211007
15771,0.001647,172.31.47.0-255,66,90047,96,211007
15772,0.001671,74.125.24.0-255,7156,97203,96,211007
15773,0.001673,172.31.47.0-255,66,97269,96,211007
15774,0.001687,74.125.24.0-255,1484,98753,96,211007
15775,0.001719,172.31.47.0-255,66,98819,96,211007
15776,0.001722,74.125.24.0-255,1484,100303,96,211007
15777,0.001744,74.125.24.0-255,2902,103205,96,211007
15778,0.001746,172.31.47.0-255,66,103271,96,211007
15779,0.001767,74.125.24.0-255,3602,106873,96,211007
15780,0.001771,172.31.47.0-255,66,106939,96,211007
15781,0.001816,74.125.24.0-255,1484,108423,96,211007
15782,0.001822,74.125.24.0-255,2902,111325,96,211007
15783,0.001825,172.31.47.0-255,66,111391,96,211007
15784,0.001842,74.125.24.0-255,5738,117129,96,211007
15785,0.001846,172.31.47.0-255,66,117195,96,211007
15786,0.001883,172.31.47.0-255,66,117261,96,211007
15787,0.001902,74.125.24.0-255,5738,122999,96,211007
15788,0.001905,172.31.47.0-255,66,123065,96,211007
15789,0.00192,74.125.24.0-255,5020,128085,96,211007
15790,0.001922,172.31.47.0-255,66,128151,96,211007
15791,0.001932,172.31.47.0-255,66,128217,96,211007
15792,0.001955,74.125.24.0-255,2902,131119,96,211007
15793,0.001957,172.31.47.0-255,66,131185,96,211007
15794,0.001969,74.125.24.0-255,7156,138341,96,211007
15795,0.001972,172.31.47.0-255,66,138407,96,211007
15796,0.002005,172.31.47.0-255,66,138473,96,211007
15797,0.002079,74.125.24.0-255,1484,139957,96,211007
15798,0.002092,74.125.24.0-255,2902,142859,96,211007
15799,0.002094,172.31.47.0-255,66,142925,96,211007
15800,0.002117,74.125.24.0-255,5738,148663,96,211007
15801,0.00212,172.31.47.0-255,66,148729,96,211007
15802,0.002159,74.125.24.0-255,4320,153049,96,211007
15803,0.002162,172.31.47.0-255,66,153115,96,211007
15804,0.002187,172.31.47.0-255,66,153181,96,211007
15805,0.002197,172.31.47.0-255,66,153247,96,211007
15806,0.002201,74.125.24.0-255,2184,155431,96,211007
15807,0.002203,172.31.47.0-255,66,155497,96,211007
15808,0.002226,74.125.24.0-255,1484,156981,96,211007
15809,0.002236,74.125.24.0-255,1484,158465,96,211007
15810,0.002238,172.31.47.0-255,66,158531,96,211007
15811,0.002241,74.125.24.0-255,1484,160015,96,211007
15812,0.002259,74.125.24.0-255,2902,162917,96,211007
15813,0.002262,172.31.47.0-255,66,162983,96,211007
15814,0.002272,172.31.47.0-255,66,163049,96,211007
15815,0.0023,74.125.24.0-255,1484,164533,96,211007
15816,0.002313,74.125.24.0-255,4320,168853,96,211007
15817,0.002316,172.31.47.0-255,66,168919,96,211007
15818,0.002345,172.31.47.0-255,66,168985,96,211007
15819,0.002348,74.125.24.0-255,1484,170469,96,211007
15820,0.002374,172.31.47.0-255,66,170535,96,211007
15821,0.002387,74.125.24.0-255,4320,174855,96,211007
15822,0.00239,172.31.47.0-255,66,174921,96,211007
15823,0.002402,172.31.47.0-255,66,174987,96,211007
15824,0.002412,172.31.47.0-255,66,175053,96,211007
15825,0.002434,74.125.24.0-255,2184,177237,96,211007
15826,0.002435,172.31.47.0-255,66,177303,96,211007
15827,0.002445,172.31.47.0-255,66,177369,96,211007
15828,0.002451,74.125.24.0-255,7156,184525,96,211007
15829,0.002453,172.31.47.0-255,66,184591,96,211007
15830,0.002465,74.125.24.0-255,4320,188911,96,211007
15831,0.002467,172.31.47.0-255,66,188977,96,211007
15832,0.002469,74.125.24.0-255,1484,190461,96,211007
15833,0.002471,172.31.47.0-255,78,190539,96,211007
15834,0.002474,74.125.24.0-255,1484,192023,96,211007
15835,0.002476,172.31.47.0-255,66,192089,96,211007
15836,0.00248,74.125.24.0-255,2902,194991,96,211007
15837,0.002482,172.31.47.0-255,66,195057,96,211007
15838,0.002485,74.125.24.0-255,2184,197241,96,211007
15839,0.002487,172.31.47.0-255,66,197307,96,211007
15840,0.002535,74.125.24.0-255,4320,201627,96,211007
15841,0.002537,172.31.47.0-255,66,201693,96,211007
15842,0.002557,74.125.24.0-255,4611,206304,96,211007
15843,0.002559,172.31.47.0-255,66,206370,96,211007
15844,0.002589,74.125.24.0-255,105,206475,96,211007
15845,0.007063,172.31.47.0-255,66,206541,96,211007
15846,0.007091,172.31.47.0-255,105,206646,96,211007
15847,0.009411,74.125.24.0-255,66,206712,96,211007
15848,0.033622,172.31.47.0-255,172,206884,96,211007
15849,0.03365,172.31.47.0-255,1105,207989,96,211007
15850,0.033692,172.31.47.0-255,1514,209503,96,211007
15851,0.033694,172.31.47.0-255,1306,210809,96,211007
15852,0.035169,104.244.42.0-255,66,210875,96,211007
15853,0.0352,104.244.42.0-255,66,210941,96,211007
15854,0.03525,104.244.42.0-255,66,211007,96,211007
15855,0.0,172.253.118.0-255,153,153,96,203777
15856,2.4e-05,172.31.47.0-255,66,219,96,203777
15857,3.2e-05,172.253.118.0-255,1484,1703,96,203777
15858,3.7e-05,172.31.47.0-255,66,1769,96,203777
15859,6.8e-05,172.253.118.0-255,2902,4671,96,203777
15860,7.2e-05,172.31.47.0-255,66,4737,96,203777
15861,8.7e-05,172.253.118.0-255,4320,9057,96,203777
15862,9.6e-05,172.31.47.0-255,66,9123,96,203777
15863,0.000122,172.253.118.0-255,1484,10607,96,203777
15864,0.000126,172.31.47.0-255,66,10673,96,203777
15865,0.000202,172.253.118.0-255,4945,15618,96,203777
15866,0.000205,172.31.47.0-255,66,15684,96,203777
15867,0.000293,172.253.118.0-255,1484,17168,96,203777
15868,0.000296,172.31.47.0-255,66,17234,96,203777
15869,0.000334,172.31.47.0-255,66,17300,96,203777
15870,0.000572,172.253.118.0-255,2543,19843,96,203777
15871,0.000577,172.31.47.0-255,66,19909,96,203777
15872,0.000631,172.253.118.0-255,4320,24229,96,203777
15873,0.000635,172.31.47.0-255,66,24295,96,203777
15874,0.000673,172.31.47.0-255,66,24361,96,203777
15875,0.000957,172.253.118.0-255,4320,28681,96,203777
15876,0.00096,172.31.47.0-255,66,28747,96,203777
15877,0.000996,172.31.47.0-255,66,28813,96,203777
15878,0.001312,172.253.118.0-255,4320,33133,96,203777
15879,0.001316,172.31.47.0-255,66,33199,96,203777
15880,0.00137,172.31.47.0-255,66,33265,96,203777
15881,0.001975,172.253.118.0-255,1125,34390,96,203777
15882,0.001982,172.31.47.0-255,66,34456,96,203777
15883,0.002014,172.253.118.0-255,1484,35940,96,203777
15884,0.00206,172.253.118.0-255,4320,40260,96,203777
15885,0.002082,172.31.47.0-255,66,40326,96,203777
15886,0.002118,172.253.118.0-255,5738,46064,96,203777
15887,0.002132,172.253.118.0-255,4320,50384,96,203777
15888,0.002155,172.31.47.0-255,66,50450,96,203777
15889,0.002358,172.31.47.0-255,66,50516,96,203777
15890,0.002375,172.253.118.0-255,2184,52700,96,203777
15891,0.002394,172.31.47.0-255,66,52766,96,203777
15892,0.002789,172.253.118.0-255,7156,59922,96,203777
15893,0.002793,172.31.47.0-255,66,59988,96,203777
15894,0.002864,172.31.47.0-255,66,60054,96,203777
15895,0.003665,172.31.47.0-255,66,60120,96,203777
15896,0.003723,172.31.47.0-255,66,60186,96,203777
15897,0.005932,172.253.118.0-255,5738,65924,96,203777
15898,0.005938,172.31.47.0-255,66,65990,96,203777
15899,0.008173,172.253.118.0-255,5738,71728,96,203777
15900,0.008183,172.31.47.0-255,66,71794,96,203777
15901,0.010416,172.253.118.0-255,5738,77532,96,203777
15902,0.010426,172.31.47.0-255,66,77598,96,203777
15903,0.012669,172.253.118.0-255,5738,83336,96,203777
15904,0.012683,172.31.47.0-255,66,83402,96,203777
15905,0.014912,172.253.118.0-255,5738,89140,96,203777
15906,0.014923,172.31.47.0-255,66,89206,96,203777
15907,0.017171,172.253.118.0-255,5738,94944,96,203777
15908,0.017185,172.31.47.0-255,66,95010,96,203777
15909,0.019423,172.253.118.0-255,5738,100748,96,203777
15910,0.019433,172.31.47.0-255,66,100814,96,203777
15911,0.02169,172.253.118.0-255,5738,106552,96,203777
15912,0.021709,172.31.47.0-255,66,106618,96,203777
15913,0.023957,172.253.118.0-255,5738,112356,96,203777
15914,0.024992,172.31.47.0-255,66,112422,96,203777
15915,0.027262,172.253.118.0-255,5738,118160,96,203777
15916,0.027283,172.31.47.0-255,66,118226,96,203777
15917,0.02954,172.253.118.0-255,5738,123964,96,203777
15918,0.029561,172.31.47.0-255,66,124030,96,203777
15919,0.03181,172.253.118.0-255,5738,129768,96,203777
15920,0.031827,172.31.47.0-255,66,129834,96,203777
15921,0.034079,172.253.118.0-255,5738,135572,96,203777
15922,0.034099,172.31.47.0-255,66,135638,96,203777
15923,0.036341,172.253.118.0-255,5738,141376,96,203777
15924,0.036379,172.31.47.0-255,66,141442,96,203777
15925,0.038627,172.253.118.0-255,5738,147180,96,203777
15926,0.038645,172.31.47.0-255,66,147246,96,203777
15927,0.040883,172.253.118.0-255,5738,152984,96,203777
15928,0.0409,172.31.47.0-255,66,153050,96,203777
15929,0.043158,172.253.118.0-255,5738,158788,96,203777
15930,0.043179,172.31.47.0-255,66,158854,96,203777
15931,0.044955,172.31.47.0-255,172,159026,96,203777
15932,0.044988,172.31.47.0-255,1101,160127,96,203777
15933,0.045049,172.31.47.0-255,1514,161641,96,203777
15934,0.045051,172.31.47.0-255,1310,162951,96,203777
15935,0.045458,172.253.118.0-255,5738,168689,96,203777
15936,0.045467,172.31.47.0-255,66,168755,96,203777
15937,0.046546,104.244.42.0-255,66,168821,96,203777
15938,0.04657,104.244.42.0-255,66,168887,96,203777
15939,0.046631,104.244.42.0-255,66,168953,96,203777
15940,0.047695,172.253.118.0-255,5738,174691,96,203777
15941,0.047711,172.31.47.0-255,66,174757,96,203777
15942,0.049969,172.253.118.0-255,5738,180495,96,203777
15943,0.04999,172.31.47.0-255,66,180561,96,203777
15944,0.052227,172.253.118.0-255,5738,186299,96,203777
15945,0.052247,172.31.47.0-255,66,186365,96,203777
15946,0.054511,172.253.118.0-255,5738,192103,96,203777
15947,0.054528,172.31.47.0-255,66,192169,96,203777
15948,0.056768,172.253.118.0-255,5738,197907,96,203777
15949,0.056788,172.31.47.0-255,66,197973,96,203777
15950,0.059045,172.253.118.0-255,5738,203711,96,203777
15951,0.059066,172.31.47.0-255,66,203777,96,203777
15952,0.0,74.125.24.0-255,153,153,96,186450
15953,2.7e-05,172.31.47.0-255,66,219,96,186450
15954,3.4e-05,74.125.24.0-255,1484,1703,96,186450
15955,3.8e-05,172.31.47.0-255,66,1769,96,186450
15956,4.3e-05,74.125.24.0-255,2902,4671,96,186450
15957,4.5e-05,172.31.47.0-255,66,4737,96,186450
15958,5.3e-05,74.125.24.0-255,7156,11893,96,186450
15959,5.5e-05,172.31.47.0-255,66,11959,96,186450
15960,0.0001,172.31.47.0-255,66,12025,96,186450
15961,0.000109,172.31.47.0-255,66,12091,96,186450
15962,0.00017,172.31.47.0-255,66,12157,96,186450
15963,0.000199,172.31.47.0-255,66,12223,96,186450
15964,0.000222,74.125.24.0-255,2902,15125,96,186450
15965,0.000225,172.31.47.0-255,66,15191,96,186450
15966,0.000228,74.125.24.0-255,1400,16591,96,186450
15967,0.00023,172.31.47.0-255,66,16657,96,186450
15968,0.000291,74.125.24.0-255,379,17036,96,186450
15969,0.000295,172.31.47.0-255,66,17102,96,186450
15970,0.000421,74.125.24.0-255,1484,18586,96,186450
15971,0.000425,172.31.47.0-255,66,18652,96,186450
15972,0.000429,74.125.24.0-255,1484,20136,96,186450
15973,0.00043,172.31.47.0-255,66,20202,96,186450
15974,0.000447,74.125.24.0-255,1484,21686,96,186450
15975,0.00045,172.31.47.0-255,66,21752,96,186450
15976,0.000457,74.125.24.0-255,5738,27490,96,186450
15977,0.00046,172.31.47.0-255,66,27556,96,186450
15978,0.000465,74.125.24.0-255,4320,31876,96,186450
15979,0.000467,172.31.47.0-255,66,31942,96,186450
15980,0.000505,172.31.47.0-255,66,32008,96,186450
15981,0.000512,172.31.47.0-255,66,32074,96,186450
15982,0.000883,74.125.24.0-255,1484,33558,96,186450
15983,0.00089,74.125.24.0-255,2902,36460,96,186450
15984,0.000893,172.31.47.0-255,66,36526,96,186450
15985,0.000897,74.125.24.0-255,1484,38010,96,186450
15986,0.000915,74.125.24.0-255,4320,42330,96,186450
15987,0.000918,172.31.47.0-255,66,42396,96,186450
15988,0.000934,74.125.24.0-255,4320,46716,96,186450
15989,0.000937,172.31.47.0-255,66,46782,96,186450
15990,0.00096,172.31.47.0-255,66,46848,96,186450
15991,0.000968,74.125.24.0-255,7156,54004,96,186450
15992,0.00097,172.31.47.0-255,66,54070,96,186450
15993,0.000991,74.125.24.0-255,3602,57672,96,186450
15994,0.000994,172.31.47.0-255,66,57738,96,186450
15995,0.001442,74.125.24.0-255,1484,59222,96,186450
15996,0.001452,74.125.24.0-255,2902,62124,96,186450
15997,0.001456,172.31.47.0-255,66,62190,96,186450
15998,0.001461,74.125.24.0-255,1484,63674,96,186450
15999,0.001478,74.125.24.0-255,4320,67994,96,186450
16000,0.001481,172.31.47.0-255,66,68060,96,186450
16001,0.001499,74.125.24.0-255,1484,69544,96,186450
16002,0.001515,74.125.24.0-255,7156,76700,96,186450
16003,0.001519,172.31.47.0-255,66,76766,96,186450
16004,0.00154,74.125.24.0-255,4320,81086,96,186450
16005,0.001544,172.31.47.0-255,66,81152,96,186450
16006,0.001547,74.125.24.0-255,1484,82636,96,186450
16007,0.001561,74.125.24.0-255,4320,86956,96,186450
16008,0.001564,172.31.47.0-255,66,87022,96,186450
16009,0.001586,74.125.24.0-255,5020,92042,96,186450
16010,0.001588,172.31.47.0-255,66,92108,96,186450
16011,0.001616,74.125.24.0-255,1484,93592,96,186450
16012,0.001621,74.125.24.0-255,2902,96494,96,186450
16013,0.001623,172.31.47.0-255,66,96560,96,186450
16014,0.001643,74.125.24.0-255,2902,99462,96,186450
16015,0.001645,172.31.47.0-255,66,99528,96,186450
16016,0.001662,74.125.24.0-255,2902,102430,96,186450
16017,0.001664,172.31.47.0-255,66,102496,96,186450
16018,0.001675,172.31.47.0-255,66,102562,96,186450
16019,0.001721,74.125.24.0-255,5738,108300,96,186450
16020,0.001724,172.31.47.0-255,66,108366,96,186450
16021,0.001747,172.31.47.0-255,66,108432,96,186450
16022,0.001785,74.125.24.0-255,1484,109916,96,186450
16023,0.0018,74.125.24.0-255,2902,112818,96,186450
16024,0.001804,172.31.47.0-255,66,112884,96,186450
16025,0.001808,74.125.24.0-255,2902,115786,96,186450
16026,0.001811,172.31.47.0-255,66,115852,96,186450
16027,0.001823,74.125.24.0-255,2902,118754,96,186450
16028,0.001825,172.31.47.0-255,66,118820,96,186450
16029,0.001867,74.125.24.0-255,2902,121722,96,186450
16030,0.001871,172.31.47.0-255,66,121788,96,186450
16031,0.001901,172.31.47.0-255,66,121854,96,186450
16032,0.001913,172.31.47.0-255,66,121920,96,186450
16033,0.002155,74.125.24.0-255,1484,123404,96,186450
16034,0.002159,74.125.24.0-255,1484,124888,96,186450
16035,0.002162,172.31.47.0-255,66,124954,96,186450
16036,0.002178,74.125.24.0-255,1484,126438,96,186450
16037,0.002183,74.125.24.0-255,2902,129340,96,186450
16038,0.002185,172.31.47.0-255,66,129406,96,186450
16039,0.002202,74.125.24.0-255,2902,132308,96,186450
16040,0.002204,172.31.47.0-255,66,132374,96,186450
16041,0.002221,172.31.47.0-255,66,132440,96,186450
16042,0.002247,74.125.24.0-255,4320,136760,96,186450
16043,0.002249,172.31.47.0-255,66,136826,96,186450
16044,0.00226,172.31.47.0-255,66,136892,96,186450
16045,0.002293,74.125.24.0-255,5738,142630,96,186450
16046,0.002296,172.31.47.0-255,66,142696,96,186450
16047,0.002326,172.31.47.0-255,66,142762,96,186450
16048,0.00236,172.31.47.0-255,66,142828,96,186450
16049,0.002381,74.125.24.0-255,5738,148566,96,186450
16050,0.002383,172.31.47.0-255,66,148632,96,186450
16051,0.002389,74.125.24.0-255,7156,155788,96,186450
16052,0.002391,172.31.47.0-255,66,155854,96,186450
16053,0.002394,74.125.24.0-255,1484,157338,96,186450
16054,0.002436,172.31.47.0-255,66,157404,96,186450
16055,0.002442,74.125.24.0-255,5738,163142,96,186450
16056,0.002444,172.31.47.0-255,66,163208,96,186450
16057,0.002482,74.125.24.0-255,5020,168228,96,186450
16058,0.002484,172.31.47.0-255,66,168294,96,186450
16059,0.00249,74.125.24.0-255,5738,174032,96,186450
16060,0.002492,172.31.47.0-255,66,174098,96,186450
16061,0.002495,74.125.24.0-255,1484,175582,96,186450
16062,0.002529,172.31.47.0-255,66,175648,96,186450
16063,0.00254,172.31.47.0-255,66,175714,96,186450
16064,0.002565,74.125.24.0-255,1484,177198,96,186450
16065,0.002577,74.125.24.0-255,4320,181518,96,186450
16066,0.002579,172.31.47.0-255,66,181584,96,186450
16067,0.00261,172.31.47.0-255,66,181650,96,186450
16068,0.00262,172.31.47.0-255,66,181716,96,186450
16069,0.002631,172.31.47.0-255,66,181782,96,186450
16070,0.005121,74.125.24.0-255,136,181918,96,186450
16071,0.006734,172.31.47.0-255,66,181984,96,186450
16072,0.00676,172.31.47.0-255,105,182089,96,186450
16073,0.00925,74.125.24.0-255,66,182155,96,186450
16074,0.029621,172.31.47.0-255,172,182327,96,186450
16075,0.029648,172.31.47.0-255,1110,183437,96,186450
16076,0.029678,172.31.47.0-255,1514,184951,96,186450
16077,0.029679,172.31.47.0-255,1301,186252,96,186450
16078,0.031171,104.244.42.0-255,66,186318,96,186450
16079,0.031229,104.244.42.0-255,66,186384,96,186450
16080,0.031232,104.244.42.0-255,66,186450,96,186450
16081,0.0,172.31.47.0-255,105,105,96,276
16082,0.001791,157.240.13.0-255,105,210,96,276
16083,0.037977,172.31.47.0-255,66,276,96,276
16084,0.0,172.31.47.0-255,105,105,96,276
16085,0.001758,157.240.13.0-255,105,210,96,276
16086,0.001773,172.31.47.0-255,66,276,96,276
16087,0.0,74.125.24.0-255,297,297,96,272208
16088,2.6e-05,172.31.47.0-255,66,363,96,272208
16089,3.2e-05,74.125.24.0-255,1484,1847,96,272208
16090,3.6e-05,172.31.47.0-255,66,1913,96,272208
16091,4.1e-05,74.125.24.0-255,4320,6233,96,272208
16092,4.4e-05,172.31.47.0-255,66,6299,96,272208
16093,6.3e-05,74.125.24.0-255,4320,10619,96,272208
16094,6.6e-05,172.31.47.0-255,66,10685,96,272208
16095,8.8e-05,74.125.24.0-255,3431,14116,96,272208
16096,9e-05,172.31.47.0-255,66,14182,96,272208
16097,0.000334,74.125.24.0-255,1484,15666,96,272208
16098,0.00034,172.31.47.0-255,66,15732,96,272208
16099,0.000346,74.125.24.0-255,2902,18634,96,272208
16100,0.000349,172.31.47.0-255,66,18700,96,272208
16101,0.000353,74.125.24.0-255,2902,21602,96,272208
16102,0.000355,172.31.47.0-255,66,21668,96,272208
16103,0.000374,74.125.24.0-255,2902,24570,96,272208
16104,0.000378,172.31.47.0-255,66,24636,96,272208
16105,0.000383,74.125.24.0-255,4320,28956,96,272208
16106,0.000386,172.31.47.0-255,66,29022,96,272208
16107,0.000426,172.31.47.0-255,66,29088,96,272208
16108,0.000442,74.125.24.0-255,2543,31631,96,272208
16109,0.000445,74.125.24.0-255,1484,33115,96,272208
16110,0.000447,172.31.47.0-255,66,33181,96,272208
16111,0.000451,172.31.47.0-255,66,33247,96,272208
16112,0.000493,74.125.24.0-255,5379,38626,96,272208
16113,0.000496,172.31.47.0-255,66,38692,96,272208
16114,0.001163,74.125.24.0-255,1484,40176,96,272208
16115,0.001169,172.31.47.0-255,66,40242,96,272208
16116,0.001179,74.125.24.0-255,2902,43144,96,272208
16117,0.001182,172.31.47.0-255,66,43210,96,272208
16118,0.001189,74.125.24.0-255,5738,48948,96,272208
16119,0.00119,172.31.47.0-255,66,49014,96,272208
16120,0.001222,74.125.24.0-255,5738,54752,96,272208
16121,0.001226,172.31.47.0-255,66,54818,96,272208
16122,0.001258,172.31.47.0-255,66,54884,96,272208
16123,0.001267,172.31.47.0-255,66,54950,96,272208
16124,0.001328,172.31.47.0-255,66,55016,96,272208
16125,0.001333,74.125.24.0-255,4320,59336,96,272208
16126,0.001335,172.31.47.0-255,66,59402,96,272208
16127,0.001338,74.125.24.0-255,1484,60886,96,272208
16128,0.001356,74.125.24.0-255,4320,65206,96,272208
16129,0.001359,172.31.47.0-255,66,65272,96,272208
16130,0.00138,74.125.24.0-255,1484,66756,96,272208
16131,0.001395,74.125.24.0-255,5264,72020,96,272208
16132,0.001398,172.31.47.0-255,66,72086,96,272208
16133,0.001449,74.125.24.0-255,1484,73570,96,272208
16134,0.001454,74.125.24.0-255,2902,76472,96,272208
16135,0.001458,172.31.47.0-255,66,76538,96,272208
16136,0.001462,74.125.24.0-255,1484,78022,96,272208
16137,0.001476,74.125.24.0-255,4320,82342,96,272208
16138,0.001479,172.31.47.0-255,66,82408,96,272208
16139,0.001493,172.31.47.0-255,66,82474,96,272208
16140,0.001551,74.125.24.0-255,1484,83958,96,272208
16141,0.001558,74.125.24.0-255,2902,86860,96,272208
16142,0.001562,172.31.47.0-255,66,86926,96,272208
16143,0.001566,74.125.24.0-255,1484,88410,96,272208
16144,0.001593,74.125.24.0-255,4320,92730,96,272208
16145,0.001596,172.31.47.0-255,66,92796,96,272208
16146,0.001607,172.31.47.0-255,66,92862,96,272208
16147,0.001637,74.125.24.0-255,2902,95764,96,272208
16148,0.001641,172.31.47.0-255,66,95830,96,272208
16149,0.001681,172.31.47.0-255,66,95896,96,272208
16150,0.002038,74.125.24.0-255,1484,97380,96,272208
16151,0.002044,74.125.24.0-255,2902,100282,96,272208
16152,0.002047,172.31.47.0-255,66,100348,96,272208
16153,0.00205,74.125.24.0-255,1484,101832,96,272208
16154,0.002066,74.125.24.0-255,4320,106152,96,272208
16155,0.002068,172.31.47.0-255,66,106218,96,272208
16156,0.0021,172.31.47.0-255,66,106284,96,272208
16157,0.00211,172.31.47.0-255,66,106350,96,272208
16158,0.002132,74.125.24.0-255,766,107116,96,272208
16159,0.002158,74.125.24.0-255,1484,108600,96,272208
16160,0.00216,172.31.47.0-255,66,108666,96,272208
16161,0.002173,74.125.24.0-255,2902,111568,96,272208
16162,0.002175,172.31.47.0-255,66,111634,96,272208
16163,0.002186,74.125.24.0-255,1484,113118,96,272208
16164,0.002188,74.125.24.0-255,1484,114602,96,272208
16165,0.00219,172.31.47.0-255,66,114668,96,272208
16166,0.0022,74.125.24.0-255,1484,116152,96,272208
16167,0.002221,172.31.47.0-255,66,116218,96,272208
16168,0.002244,74.125.24.0-255,2902,119120,96,272208
16169,0.002245,172.31.47.0-255,66,119186,96,272208
16170,0.002277,172.31.47.0-255,66,119252,96,272208
16171,0.002345,74.125.24.0-255,1484,120736,96,272208
16172,0.002348,74.125.24.0-255,1484,122220,96,272208
16173,0.002351,172.31.47.0-255,66,122286,96,272208
16174,0.002368,74.125.24.0-255,1484,123770,96,272208
16175,0.002373,74.125.24.0-255,5738,129508,96,272208
16176,0.002375,172.31.47.0-255,66,129574,96,272208
16177,0.002389,74.125.24.0-255,1484,131058,96,272208
16178,0.002416,172.31.47.0-255,66,131124,96,272208
16179,0.002425,172.31.47.0-255,66,131190,96,272208
16180,0.002477,74.125.24.0-255,2184,133374,96,272208
16181,0.002479,172.31.47.0-255,66,133440,96,272208
16182,0.002515,74.125.24.0-255,1484,134924,96,272208
16183,0.002526,74.125.24.0-255,2902,137826,96,272208
16184,0.002529,172.31.47.0-255,66,137892,96,272208
16185,0.002531,74.125.24.0-255,1484,139376,96,272208
16186,0.002549,74.125.24.0-255,4320,143696,96,272208
16187,0.002551,172.31.47.0-255,66,143762,96,272208
16188,0.005039,74.125.24.0-255,2902,146664,96,272208
16189,0.005042,172.31.47.0-255,66,146730,96,272208
16190,0.005058,74.125.24.0-255,2902,149632,96,272208
16191,0.005059,172.31.47.0-255,66,149698,96,272208
16192,0.007554,74.125.24.0-255,5738,155436,96,272208
16193,0.007561,172.31.47.0-255,66,155502,96,272208
16194,0.010066,74.125.24.0-255,5738,161240,96,272208
16195,0.010073,172.31.47.0-255,66,161306,96,272208
16196,0.012576,74.125.24.0-255,5738,167044,96,272208
16197,0.012582,172.31.47.0-255,66,167110,96,272208
16198,0.015104,74.125.24.0-255,5738,172848,96,272208
16199,0.015117,172.31.47.0-255,66,172914,96,272208
16200,0.017638,74.125.24.0-255,5738,178652,96,272208
16201,0.017645,172.31.47.0-255,66,178718,96,272208
16202,0.020146,74.125.24.0-255,5738,184456,96,272208
16203,0.020152,172.31.47.0-255,66,184522,96,272208
16204,0.022659,74.125.24.0-255,5738,190260,96,272208
16205,0.022665,172.31.47.0-255,66,190326,96,272208
16206,0.023138,172.31.47.0-255,172,190498,96,272208
16207,0.023167,172.31.47.0-255,1109,191607,96,272208
16208,0.023193,172.31.47.0-255,1514,193121,96,272208
16209,0.023194,172.31.47.0-255,337,193458,96,272208
16210,0.024633,104.244.42.0-255,66,193524,96,272208
16211,0.024803,104.244.42.0-255,66,193590,96,272208
16212,0.024812,104.244.42.0-255,66,193656,96,272208
16213,0.02517,74.125.24.0-255,4320,197976,96,272208
16214,0.025173,172.31.47.0-255,66,198042,96,272208
16215,0.0252,74.125.24.0-255,1484,199526,96,272208
16216,0.027671,74.125.24.0-255,4320,203846,96,272208
16217,0.027675,172.31.47.0-255,66,203912,96,272208
16218,0.030168,74.125.24.0-255,5738,209650,96,272208
16219,0.030173,172.31.47.0-255,66,209716,96,272208
16220,0.032692,74.125.24.0-255,5738,215454,96,272208
16221,0.032697,172.31.47.0-255,66,215520,96,272208
16222,0.035191,74.125.24.0-255,5738,221258,96,272208
16223,0.035196,172.31.47.0-255,66,221324,96,272208
16224,0.0377,74.125.24.0-255,5738,227062,96,272208
16225,0.037704,172.31.47.0-255,66,227128,96,272208
16226,0.040211,74.125.24.0-255,5738,232866,96,272208
16227,0.040217,172.31.47.0-255,66,232932,96,272208
16228,0.042719,74.125.24.0-255,5738,238670,96,272208
16229,0.042724,172.31.47.0-255,66,238736,96,272208
16230,0.045229,74.125.24.0-255,5738,244474,96,272208
16231,0.045233,172.31.47.0-255,66,244540,96,272208
16232,0.047723,74.125.24.0-255,5738,250278,96,272208
16233,0.047728,172.31.47.0-255,66,250344,96,272208
16234,0.050221,74.125.24.0-255,5738,256082,96,272208
16235,0.050227,172.31.47.0-255,66,256148,96,272208
16236,0.052722,74.125.24.0-255,5738,261886,96,272208
16237,0.052727,172.31.47.0-255,66,261952,96,272208
16238,0.055228,74.125.24.0-255,4320,266272,96,272208
16239,0.055232,172.31.47.0-255,66,266338,96,272208
16240,0.055258,74.125.24.0-255,1484,267822,96,272208
16241,0.057722,74.125.24.0-255,4320,272142,96,272208
16242,0.057726,172.31.47.0-255,66,272208,96,272208
16243,0.0,74.125.24.0-255,152,152,96,284514
16244,2.6e-05,172.31.47.0-255,66,218,96,284514
16245,3.3e-05,74.125.24.0-255,1484,1702,96,284514
16246,3.7e-05,172.31.47.0-255,66,1768,96,284514
16247,4.1e-05,74.125.24.0-255,2902,4670,96,284514
16248,4.4e-05,172.31.47.0-255,66,4736,96,284514
16249,4.9e-05,74.125.24.0-255,5738,10474,96,284514
16250,5.2e-05,172.31.47.0-255,66,10540,96,284514
16251,9.5e-05,74.125.24.0-255,3484,14024,96,284514
16252,9.8e-05,172.31.47.0-255,66,14090,96,284514
16253,0.000167,74.125.24.0-255,1484,15574,96,284514
16254,0.000171,172.31.47.0-255,66,15640,96,284514
16255,0.000174,74.125.24.0-255,1484,17124,96,284514
16256,0.000176,172.31.47.0-255,66,17190,96,284514
16257,0.000188,74.125.24.0-255,1484,18674,96,284514
16258,0.00019,172.31.47.0-255,66,18740,96,284514
16259,0.000233,74.125.24.0-255,2902,21642,96,284514
16260,0.000236,172.31.47.0-255,66,21708,96,284514
16261,0.000259,74.125.24.0-255,2902,24610,96,284514
16262,0.000261,172.31.47.0-255,66,24676,96,284514
16263,0.000273,172.31.47.0-255,66,24742,96,284514
16264,0.000304,74.125.24.0-255,1484,26226,96,284514
16265,0.000307,172.31.47.0-255,66,26292,96,284514
16266,0.000333,172.31.47.0-255,66,26358,96,284514
16267,0.000353,74.125.24.0-255,1484,27842,96,284514
16268,0.000355,172.31.47.0-255,66,27908,96,284514
16269,0.00036,74.125.24.0-255,2902,30810,96,284514
16270,0.000362,172.31.47.0-255,66,30876,96,284514
16271,0.000365,74.125.24.0-255,1484,32360,96,284514
16272,0.000366,172.31.47.0-255,66,32426,96,284514
16273,0.000388,74.125.24.0-255,4320,36746,96,284514
16274,0.000392,172.31.47.0-255,66,36812,96,284514
16275,0.000394,74.125.24.0-255,1484,38296,96,284514
16276,0.00042,74.125.24.0-255,5379,43675,96,284514
16277,0.000424,172.31.47.0-255,66,43741,96,284514
16278,0.000438,74.125.24.0-255,411,44152,96,284514
16279,0.000511,74.125.24.0-255,1484,45636,96,284514
16280,0.000515,172.31.47.0-255,66,45702,96,284514
16281,0.000524,74.125.24.0-255,2902,48604,96,284514
16282,0.000526,172.31.47.0-255,66,48670,96,284514
16283,0.000545,74.125.24.0-255,5738,54408,96,284514
16284,0.000548,172.31.47.0-255,66,54474,96,284514
16285,0.00057,74.125.24.0-255,5738,60212,96,284514
16286,0.000574,172.31.47.0-255,66,60278,96,284514
16287,0.000597,74.125.24.0-255,2543,62821,96,284514
16288,0.0006,172.31.47.0-255,66,62887,96,284514
16289,0.000609,172.31.47.0-255,66,62953,96,284514
16290,0.000626,74.125.24.0-255,6797,69750,96,284514
16291,0.000629,172.31.47.0-255,66,69816,96,284514
16292,0.000811,74.125.24.0-255,1484,71300,96,284514
16293,0.000822,74.125.24.0-255,2902,74202,96,284514
16294,0.000825,172.31.47.0-255,66,74268,96,284514
16295,0.000828,74.125.24.0-255,1484,75752,96,284514
16296,0.000846,74.125.24.0-255,4320,80072,96,284514
16297,0.000849,172.31.47.0-255,66,80138,96,284514
16298,0.000861,74.125.24.0-255,4320,84458,96,284514
16299,0.000864,172.31.47.0-255,66,84524,96,284514
16300,0.000883,172.31.47.0-255,66,84590,96,284514
16301,0.000885,74.125.24.0-255,1484,86074,96,284514
16302,0.000918,74.125.24.0-255,1484,87558,96,284514
16303,0.000921,172.31.47.0-255,66,87624,96,284514
16304,0.00095,172.31.47.0-255,66,87690,96,284514
16305,0.000992,74.125.24.0-255,1484,89174,96,284514
16306,0.001009,74.125.24.0-255,2902,92076,96,284514
16307,0.001012,172.31.47.0-255,66,92142,96,284514
16308,0.00104,74.125.24.0-255,4320,96462,96,284514
16309,0.001043,172.31.47.0-255,66,96528,96,284514
16310,0.001083,74.125.24.0-255,7156,103684,96,284514
16311,0.001086,172.31.47.0-255,66,103750,96,284514
16312,0.001103,74.125.24.0-255,1484,105234,96,284514
16313,0.001112,172.31.47.0-255,66,105300,96,284514
16314,0.001134,74.125.24.0-255,1484,106784,96,284514
16315,0.001154,74.125.24.0-255,6704,113488,96,284514
16316,0.001157,172.31.47.0-255,66,113554,96,284514
16317,0.001649,74.125.24.0-255,1484,115038,96,284514
16318,0.00166,74.125.24.0-255,2902,117940,96,284514
16319,0.001665,172.31.47.0-255,66,118006,96,284514
16320,0.001741,74.125.24.0-255,5738,123744,96,284514
16321,0.001745,172.31.47.0-255,66,123810,96,284514
16322,0.00177,74.125.24.0-255,2902,126712,96,284514
16323,0.001772,172.31.47.0-255,66,126778,96,284514
16324,0.001791,74.125.24.0-255,4320,131098,96,284514
16325,0.001794,172.31.47.0-255,66,131164,96,284514
16326,0.001829,74.125.24.0-255,4320,135484,96,284514
16327,0.001833,172.31.47.0-255,66,135550,96,284514
16328,0.001865,172.31.47.0-255,66,135616,96,284514
16329,0.001869,74.125.24.0-255,2184,137800,96,284514
16330,0.001872,172.31.47.0-255,66,137866,96,284514
16331,0.002235,74.125.24.0-255,1484,139350,96,284514
16332,0.002251,74.125.24.0-255,2902,142252,96,284514
16333,0.002254,172.31.47.0-255,66,142318,96,284514
16334,0.002259,74.125.24.0-255,2902,145220,96,284514
16335,0.002261,172.31.47.0-255,66,145286,96,284514
16336,0.002272,74.125.24.0-255,2902,148188,96,284514
16337,0.002274,172.31.47.0-255,66,148254,96,284514
16338,0.002295,74.125.24.0-255,5738,153992,96,284514
16339,0.002297,172.31.47.0-255,66,154058,96,284514
16340,0.002325,172.31.47.0-255,66,154124,96,284514
16341,0.002354,74.125.24.0-255,5020,159144,96,284514
16342,0.002357,172.31.47.0-255,66,159210,96,284514
16343,0.002373,74.125.24.0-255,1484,160694,96,284514
16344,0.002375,172.31.47.0-255,78,160772,96,284514
16345,0.002382,74.125.24.0-255,7156,167928,96,284514
16346,0.002385,172.31.47.0-255,78,168006,96,284514
16347,0.002402,74.125.24.0-255,5738,173744,96,284514
16348,0.002405,172.31.47.0-255,66,173810,96,284514
16349,0.002416,172.31.47.0-255,66,173876,96,284514
16350,0.002441,172.31.47.0-255,66,173942,96,284514
16351,0.002465,74.125.24.0-255,2184,176126,96,284514
16352,0.002467,172.31.47.0-255,66,176192,96,284514
16353,0.00247,74.125.24.0-255,1484,177676,96,284514
16354,0.002472,74.125.24.0-255,1484,179160,96,284514
16355,0.002474,172.31.47.0-255,66,179226,96,284514
16356,0.002484,74.125.24.0-255,1484,180710,96,284514
16357,0.002497,74.125.24.0-255,2902,183612,96,284514
16358,0.0025,172.31.47.0-255,66,183678,96,284514
16359,0.002515,74.125.24.0-255,7156,190834,96,284514
16360,0.002518,172.31.47.0-255,66,190900,96,284514
16361,0.002549,74.125.24.0-255,2902,193802,96,284514
16362,0.002551,172.31.47.0-255,66,193868,96,284514
16363,0.00256,172.31.47.0-255,66,193934,96,284514
16364,0.002563,74.125.24.0-255,2902,196836,96,284514
16365,0.002565,172.31.47.0-255,66,196902,96,284514
16366,0.002571,74.125.24.0-255,5020,201922,96,284514
16367,0.002573,172.31.47.0-255,66,201988,96,284514
16368,0.002615,74.125.24.0-255,1484,203472,96,284514
16369,0.00263,74.125.24.0-255,2902,206374,96,284514
16370,0.002633,172.31.47.0-255,66,206440,96,284514
16371,0.002644,74.125.24.0-255,2902,209342,96,284514
16372,0.002646,172.31.47.0-255,66,209408,96,284514
16373,0.002661,74.125.24.0-255,1484,210892,96,284514
16374,0.002671,172.31.47.0-255,66,210958,96,284514
16375,0.002692,74.125.24.0-255,1484,212442,96,284514
16376,0.002718,172.31.47.0-255,66,212508,96,284514
16377,0.002721,74.125.24.0-255,1484,213992,96,284514
16378,0.002763,74.125.24.0-255,1484,215476,96,284514
16379,0.002765,172.31.47.0-255,66,215542,96,284514
16380,0.002781,74.125.24.0-255,2902,218444,96,284514
16381,0.002783,172.31.47.0-255,66,218510,96,284514
16382,0.002789,74.125.24.0-255,5738,224248,96,284514
16383,0.00279,172.31.47.0-255,66,224314,96,284514
16384,0.002796,74.125.24.0-255,4320,228634,96,284514
16385,0.002797,172.31.47.0-255,66,228700,96,284514
16386,0.002816,74.125.24.0-255,7156,235856,96,284514
16387,0.002819,172.31.47.0-255,66,235922,96,284514
16388,0.002825,74.125.24.0-255,5738,241660,96,284514
16389,0.002827,172.31.47.0-255,66,241726,96,284514
16390,0.00285,74.125.24.0-255,6438,248164,96,284514
16391,0.002852,172.31.47.0-255,66,248230,96,284514
16392,0.002879,74.125.24.0-255,1484,249714,96,284514
16393,0.002882,172.31.47.0-255,78,249792,96,284514
16394,0.002911,74.125.24.0-255,2902,252694,96,284514
16395,0.002914,172.31.47.0-255,78,252772,96,284514
16396,0.002943,172.31.47.0-255,78,252850,96,284514
16397,0.002948,74.125.24.0-255,4320,257170,96,284514
16398,0.00295,172.31.47.0-255,78,257248,96,284514
16399,0.002967,74.125.24.0-255,2902,260150,96,284514
16400,0.002969,172.31.47.0-255,66,260216,96,284514
16401,0.002972,74.125.24.0-255,1484,261700,96,284514
16402,0.002977,74.125.24.0-255,4320,266020,96,284514
16403,0.002979,172.31.47.0-255,66,266086,96,284514
16404,0.002983,74.125.24.0-255,3602,269688,96,284514
16405,0.002985,172.31.47.0-255,66,269754,96,284514
16406,0.003003,74.125.24.0-255,1484,271238,96,284514
16407,0.003018,74.125.24.0-255,5738,276976,96,284514
16408,0.00302,172.31.47.0-255,66,277042,96,284514
16409,0.003032,74.125.24.0-255,2769,279811,96,284514
16410,0.003035,172.31.47.0-255,66,279877,96,284514
16411,0.003037,74.125.24.0-255,105,279982,96,284514
16412,0.006478,172.31.47.0-255,66,280048,96,284514
16413,0.006501,172.31.47.0-255,105,280153,96,284514
16414,0.008757,74.125.24.0-255,66,280219,96,284514
16415,0.026396,172.31.47.0-255,172,280391,96,284514
16416,0.026427,172.31.47.0-255,1105,281496,96,284514
16417,0.026472,172.31.47.0-255,1514,283010,96,284514
16418,0.026474,172.31.47.0-255,1306,284316,96,284514
16419,0.027977,104.244.42.0-255,66,284382,96,284514
16420,0.027985,104.244.42.0-255,66,284448,96,284514
16421,0.028013,104.244.42.0-255,66,284514,96,284514
16422,0.0,172.217.160.0-255,226,226,96,239805
16423,3.4e-05,172.31.47.0-255,66,292,96,239805
16424,4.1e-05,172.217.160.0-255,1484,1776,96,239805
16425,4.5e-05,172.31.47.0-255,66,1842,96,239805
16426,5.3e-05,172.217.160.0-255,4320,6162,96,239805
16427,5.8e-05,172.31.47.0-255,66,6228,96,239805
16428,0.000117,172.217.160.0-255,5738,11966,96,239805
16429,0.00012,172.31.47.0-255,66,12032,96,239805
16430,0.000137,172.217.160.0-255,3545,15577,96,239805
16431,0.00014,172.31.47.0-255,66,15643,96,239805
16432,0.000403,172.31.47.0-255,66,15709,96,239805
16433,0.000422,172.217.160.0-255,4320,20029,96,239805
16434,0.000425,172.31.47.0-255,66,20095,96,239805
16435,0.000782,172.217.160.0-255,1125,21220,96,239805
16436,0.000788,172.31.47.0-255,66,21286,96,239805
16437,0.002048,172.217.160.0-255,4320,25606,96,239805
16438,0.002055,172.31.47.0-255,66,25672,96,239805
16439,0.002417,172.217.160.0-255,1484,27156,96,239805
16440,0.002421,172.31.47.0-255,66,27222,96,239805
16441,0.003687,172.217.160.0-255,4320,31542,96,239805
16442,0.003692,172.31.47.0-255,66,31608,96,239805
16443,0.004043,172.217.160.0-255,1484,33092,96,239805
16444,0.004047,172.31.47.0-255,66,33158,96,239805
16445,0.005327,172.217.160.0-255,2902,36060,96,239805
16446,0.005333,172.31.47.0-255,66,36126,96,239805
16447,0.005351,172.217.160.0-255,1484,37610,96,239805
16448,0.005354,172.31.47.0-255,66,37676,96,239805
16449,0.005668,172.217.160.0-255,1484,39160,96,239805
16450,0.005674,172.31.47.0-255,66,39226,96,239805
16451,0.006959,172.217.160.0-255,2902,42128,96,239805
16452,0.006967,172.31.47.0-255,66,42194,96,239805
16453,0.007305,172.217.160.0-255,2902,45096,96,239805
16454,0.007312,172.31.47.0-255,66,45162,96,239805
16455,0.008602,172.217.160.0-255,2902,48064,96,239805
16456,0.008615,172.31.47.0-255,66,48130,96,239805
16457,0.008928,172.217.160.0-255,2902,51032,96,239805
16458,0.008934,172.31.47.0-255,66,51098,96,239805
16459,0.010249,172.217.160.0-255,2902,54000,96,239805
16460,0.01026,172.31.47.0-255,66,54066,96,239805
16461,0.010573,172.217.160.0-255,2902,56968,96,239805
16462,0.01058,172.31.47.0-255,66,57034,96,239805
16463,0.011904,172.217.160.0-255,2902,59936,96,239805
16464,0.011919,172.31.47.0-255,66,60002,96,239805
16465,0.012203,172.217.160.0-255,2902,62904,96,239805
16466,0.01221,172.31.47.0-255,66,62970,96,239805
16467,0.013542,172.217.160.0-255,2902,65872,96,239805
16468,0.01355,172.31.47.0-255,66,65938,96,239805
16469,0.013862,172.217.160.0-255,2902,68840,96,239805
16470,0.013868,172.31.47.0-255,66,68906,96,239805
16471,0.015187,172.217.160.0-255,2902,71808,96,239805
16472,0.015203,172.31.47.0-255,66,71874,96,239805
16473,0.015489,172.217.160.0-255,2902,74776,96,239805
16474,0.015495,172.31.47.0-255,66,74842,96,239805
16475,0.016838,172.217.160.0-255,2902,77744,96,239805
16476,0.016849,172.31.47.0-255,66,77810,96,239805
16477,0.017121,172.217.160.0-255,2902,80712,96,239805
16478,0.017128,172.31.47.0-255,66,80778,96,239805
16479,0.018487,172.217.160.0-255,2902,83680,96,239805
16480,0.018502,172.31.47.0-255,66,83746,96,239805
16481,0.018747,172.217.160.0-255,2902,86648,96,239805
16482,0.018753,172.31.47.0-255,66,86714,96,239805
16483,0.020159,172.217.160.0-255,2902,89616,96,239805
16484,0.020174,172.31.47.0-255,66,89682,96,239805
16485,0.020381,172.217.160.0-255,2902,92584,96,239805
16486,0.020386,172.31.47.0-255,66,92650,96,239805
16487,0.0218,172.217.160.0-255,2902,95552,96,239805
16488,0.021808,172.31.47.0-255,66,95618,96,239805
16489,0.022008,172.217.160.0-255,2902,98520,96,239805
16490,0.022014,172.31.47.0-255,66,98586,96,239805
16491,0.02228,172.31.47.0-255,172,98758,96,239805
16492,0.022325,172.31.47.0-255,1101,99859,96,239805
16493,0.022402,172.31.47.0-255,1514,101373,96,239805
16494,0.022404,172.31.47.0-255,1310,102683,96,239805
16495,0.023452,172.217.160.0-255,2902,105585,96,239805
16496,0.023467,172.31.47.0-255,66,105651,96,239805
16497,0.02365,172.217.160.0-255,2902,108553,96,239805
16498,0.023656,172.31.47.0-255,66,108619,96,239805
16499,0.023835,104.244.42.0-255,66,108685,96,239805
16500,0.023848,104.244.42.0-255,66,108751,96,239805
16501,0.023973,104.244.42.0-255,66,108817,96,239805
16502,0.025097,172.217.160.0-255,2902,111719,96,239805
16503,0.025107,172.31.47.0-255,66,111785,96,239805
16504,0.025268,172.217.160.0-255,2902,114687,96,239805
16505,0.025273,172.31.47.0-255,66,114753,96,239805
16506,0.026728,172.217.160.0-255,2902,117655,96,239805
16507,0.026738,172.31.47.0-255,66,117721,96,239805
16508,0.026892,172.217.160.0-255,2902,120623,96,239805
16509,0.026896,172.31.47.0-255,66,120689,96,239805
16510,0.028386,172.217.160.0-255,2902,123591,96,239805
16511,0.028399,172.31.47.0-255,66,123657,96,239805
16512,0.028511,172.217.160.0-255,2902,126559,96,239805
16513,0.028516,172.31.47.0-255,66,126625,96,239805
16514,0.030038,172.217.160.0-255,2902,129527,96,239805
16515,0.030061,172.31.47.0-255,66,129593,96,239805
16516,0.03013,172.217.160.0-255,2902,132495,96,239805
16517,0.030135,172.31.47.0-255,66,132561,96,239805
16518,0.031705,172.217.160.0-255,2902,135463,96,239805
16519,0.031724,172.31.47.0-255,66,135529,96,239805
16520,0.031759,172.217.160.0-255,2902,138431,96,239805
16521,0.031763,172.31.47.0-255,66,138497,96,239805
16522,0.03337,172.217.160.0-255,2902,141399,96,239805
16523,0.033386,172.31.47.0-255,66,141465,96,239805
16524,0.033441,172.217.160.0-255,2902,144367,96,239805
16525,0.033445,172.31.47.0-255,66,144433,96,239805
16526,0.035028,172.217.160.0-255,2902,147335,96,239805
16527,0.035046,172.31.47.0-255,66,147401,96,239805
16528,0.035079,172.217.160.0-255,2902,150303,96,239805
16529,0.035083,172.31.47.0-255,66,150369,96,239805
16530,0.036688,172.217.160.0-255,2902,153271,96,239805
16531,0.036701,172.31.47.0-255,66,153337,96,239805
16532,0.036734,172.217.160.0-255,2902,156239,96,239805
16533,0.036737,172.31.47.0-255,66,156305,96,239805
16534,0.038336,172.217.160.0-255,2902,159207,96,239805
16535,0.038351,172.31.47.0-255,66,159273,96,239805
16536,0.038417,172.217.160.0-255,2902,162175,96,239805
16537,0.038422,172.31.47.0-255,66,162241,96,239805
16538,0.039995,172.217.160.0-255,2902,165143,96,239805
16539,0.040011,172.31.47.0-255,66,165209,96,239805
16540,0.040048,172.217.160.0-255,2902,168111,96,239805
16541,0.040051,172.31.47.0-255,66,168177,96,239805
16542,0.041689,172.217.160.0-255,2902,171079,96,239805
16543,0.041702,172.31.47.0-255,66,171145,96,239805
16544,0.041742,172.217.160.0-255,2902,174047,96,239805
16545,0.041765,172.31.47.0-255,66,174113,96,239805
16546,0.043329,172.217.160.0-255,2902,177015,96,239805
16547,0.043335,172.31.47.0-255,66,177081,96,239805
16548,0.043394,172.217.160.0-255,2902,179983,96,239805
16549,0.043399,172.31.47.0-255,66,180049,96,239805
16550,0.044964,172.217.160.0-255,2902,182951,96,239805
16551,0.044974,172.31.47.0-255,66,183017,96,239805
16552,0.045011,172.217.160.0-255,1484,184501,96,239805
16553,0.045014,172.31.47.0-255,66,184567,96,239805
16554,0.045027,172.217.160.0-255,1484,186051,96,239805
16555,0.045029,172.31.47.0-255,66,186117,96,239805
16556,0.0466,172.217.160.0-255,2902,189019,96,239805
16557,0.046608,172.31.47.0-255,66,189085,96,239805
16558,0.046643,172.217.160.0-255,2902,191987,96,239805
16559,0.046645,172.31.47.0-255,66,192053,96,239805
16560,0.048226,172.217.160.0-255,2902,194955,96,239805
16561,0.048233,172.31.47.0-255,66,195021,96,239805
16562,0.048279,172.217.160.0-255,2902,197923,96,239805
16563,0.048283,172.31.47.0-255,66,197989,96,239805
16564,0.049849,172.217.160.0-255,2902,200891,96,239805
16565,0.049853,172.31.47.0-255,66,200957,96,239805
16566,0.049903,172.217.160.0-255,1484,202441,96,239805
16567,0.049907,172.31.47.0-255,66,202507,96,239805
16568,0.049924,172.217.160.0-255,1484,203991,96,239805
16569,0.049927,172.31.47.0-255,66,204057,96,239805
16570,0.051532,172.217.160.0-255,2902,206959,96,239805
16571,0.05154,172.31.47.0-255,66,207025,96,239805
16572,0.051603,172.217.160.0-255,1484,208509,96,239805
16573,0.051607,172.31.47.0-255,66,208575,96,239805
16574,0.051624,172.217.160.0-255,1484,210059,96,239805
16575,0.051627,172.31.47.0-255,66,210125,96,239805
16576,0.053171,172.217.160.0-255,2902,213027,96,239805
16577,0.053177,172.31.47.0-255,66,213093,96,239805
16578,0.053243,172.217.160.0-255,2902,215995,96,239805
16579,0.053248,172.31.47.0-255,66,216061,96,239805
16580,0.054797,172.217.160.0-255,2902,218963,96,239805
16581,0.054802,172.31.47.0-255,66,219029,96,239805
16582,0.054863,172.217.160.0-255,2902,221931,96,239805
16583,0.054868,172.31.47.0-255,66,221997,96,239805
16584,0.056422,172.217.160.0-255,2902,224899,96,239805
16585,0.05643,172.31.47.0-255,66,224965,96,239805
16586,0.05648,172.217.160.0-255,2902,227867,96,239805
16587,0.056484,172.31.47.0-255,66,227933,96,239805
16588,0.058051,172.217.160.0-255,2902,230835,96,239805
16589,0.058057,172.31.47.0-255,66,230901,96,239805
16590,0.058111,172.217.160.0-255,2902,233803,96,239805
16591,0.058119,172.31.47.0-255,66,233869,96,239805
16592,0.059688,172.217.160.0-255,2902,236771,96,239805
16593,0.059696,172.31.47.0-255,66,236837,96,239805
16594,0.059746,172.217.160.0-255,2902,239739,96,239805
16595,0.05975,172.31.47.0-255,66,239805,96,239805
16596,0.0,172.217.194.0-255,153,153,96,271989
16597,3.1e-05,172.31.47.0-255,66,219,96,271989
16598,3.8e-05,172.217.194.0-255,1484,1703,96,271989
16599,4.2e-05,172.31.47.0-255,66,1769,96,271989
16600,4.6e-05,172.217.194.0-255,2902,4671,96,271989
16601,4.8e-05,172.31.47.0-255,66,4737,96,271989
16602,7.2e-05,172.217.194.0-255,5738,10475,96,271989
16603,7.4e-05,172.31.47.0-255,66,10541,96,271989
16604,0.000153,172.217.194.0-255,3433,13974,96,271989
16605,0.000159,172.31.47.0-255,66,14040,96,271989
16606,0.000237,172.217.194.0-255,1484,15524,96,271989
16607,0.00024,172.31.47.0-255,66,15590,96,271989
16608,0.000244,172.217.194.0-255,1484,17074,96,271989
16609,0.000245,172.31.47.0-255,66,17140,96,271989
16610,0.000258,172.217.194.0-255,1484,18624,96,271989
16611,0.00026,172.31.47.0-255,66,18690,96,271989
16612,0.000285,172.217.194.0-255,5738,24428,96,271989
16613,0.000288,172.31.47.0-255,66,24494,96,271989
16614,0.000368,172.217.194.0-255,4320,28814,96,271989
16615,0.000374,172.31.47.0-255,66,28880,96,271989
16616,0.000389,172.31.47.0-255,66,28946,96,271989
16617,0.000549,172.217.194.0-255,7156,36102,96,271989
16618,0.000553,172.31.47.0-255,66,36168,96,271989
16619,0.000573,172.217.194.0-255,3961,40129,96,271989
16620,0.000588,172.31.47.0-255,66,40195,96,271989
16621,0.000707,172.217.194.0-255,4320,44515,96,271989
16622,0.000712,172.31.47.0-255,66,44581,96,271989
16623,0.000776,172.217.194.0-255,5738,50319,96,271989
16624,0.00078,172.31.47.0-255,66,50385,96,271989
16625,0.000809,172.31.47.0-255,66,50451,96,271989
16626,0.000965,172.217.194.0-255,7156,57607,96,271989
16627,0.00097,172.31.47.0-255,66,57673,96,271989
16628,0.001014,172.31.47.0-255,66,57739,96,271989
16629,0.001182,172.217.194.0-255,4320,62059,96,271989
16630,0.001187,172.31.47.0-255,66,62125,96,271989
16631,0.001226,172.31.47.0-255,66,62191,96,271989
16632,0.00144,172.217.194.0-255,2902,65093,96,271989
16633,0.001443,172.31.47.0-255,66,65159,96,271989
16634,0.001481,172.31.47.0-255,66,65225,96,271989
16635,0.001707,172.217.194.0-255,7156,72381,96,271989
16636,0.00171,172.31.47.0-255,66,72447,96,271989
16637,0.001741,172.31.47.0-255,66,72513,96,271989
16638,0.00192,172.217.194.0-255,1484,73997,96,271989
16639,0.001939,172.217.194.0-255,2902,76899,96,271989
16640,0.001942,172.31.47.0-255,66,76965,96,271989
16641,0.00198,172.217.194.0-255,2902,79867,96,271989
16642,0.001996,172.217.194.0-255,2902,82769,96,271989
16643,0.002004,172.31.47.0-255,66,82835,96,271989
16644,0.002083,172.217.194.0-255,4320,87155,96,271989
16645,0.002086,172.31.47.0-255,66,87221,96,271989
16646,0.002116,172.31.47.0-255,66,87287,96,271989
16647,0.002247,172.217.194.0-255,4320,91607,96,271989
16648,0.00225,172.31.47.0-255,66,91673,96,271989
16649,0.002272,172.217.194.0-255,6438,98111,96,271989
16650,0.002279,172.31.47.0-255,66,98177,96,271989
16651,0.002429,172.217.194.0-255,5738,103915,96,271989
16652,0.002432,172.31.47.0-255,66,103981,96,271989
16653,0.002462,172.31.47.0-255,66,104047,96,271989
16654,0.002497,172.31.47.0-255,66,104113,96,271989
16655,0.002777,172.217.194.0-255,2902,107015,96,271989
16656,0.002781,172.31.47.0-255,66,107081,96,271989
16657,0.002803,172.217.194.0-255,5020,112101,96,271989
16658,0.00281,172.31.47.0-255,66,112167,96,271989
16659,0.004833,172.217.194.0-255,5738,117905,96,271989
16660,0.004838,172.31.47.0-255,66,117971,96,271989
16661,0.006876,172.217.194.0-255,5738,123709,96,271989
16662,0.006882,172.31.47.0-255,66,123775,96,271989
16663,0.008926,172.217.194.0-255,5738,129513,96,271989
16664,0.008933,172.31.47.0-255,66,129579,96,271989
16665,0.010962,172.217.194.0-255,5738,135317,96,271989
16666,0.01097,172.31.47.0-255,66,135383,96,271989
16667,0.012989,172.217.194.0-255,5738,141121,96,271989
16668,0.012996,172.31.47.0-255,66,141187,96,271989
16669,0.015009,172.217.194.0-255,5738,146925,96,271989
16670,0.015016,172.31.47.0-255,66,146991,96,271989
16671,0.017032,172.217.194.0-255,5738,152729,96,271989
16672,0.017038,172.31.47.0-255,66,152795,96,271989
16673,0.01909,172.217.194.0-255,5738,158533,96,271989
16674,0.019095,172.31.47.0-255,66,158599,96,271989
16675,0.021111,172.217.194.0-255,5738,164337,96,271989
16676,0.021116,172.31.47.0-255,66,164403,96,271989
16677,0.022069,172.31.47.0-255,172,164575,96,271989
16678,0.022102,172.31.47.0-255,1111,165686,96,271989
16679,0.022161,172.31.47.0-255,1514,167200,96,271989
16680,0.022162,172.31.47.0-255,1514,168714,96,271989
16681,0.022166,172.31.47.0-255,1514,170228,96,271989
16682,0.022167,172.31.47.0-255,1081,171309,96,271989
16683,0.023141,172.217.194.0-255,5738,177047,96,271989
16684,0.023146,172.31.47.0-255,66,177113,96,271989
16685,0.023615,104.244.42.0-255,66,177179,96,271989
16686,0.02362,104.244.42.0-255,66,177245,96,271989
16687,0.023709,104.244.42.0-255,66,177311,96,271989
16688,0.023723,104.244.42.0-255,66,177377,96,271989
16689,0.025182,172.217.194.0-255,5738,183115,96,271989
16690,0.025186,172.31.47.0-255,66,183181,96,271989
16691,0.027293,172.217.194.0-255,5738,188919,96,271989
16692,0.027298,172.31.47.0-255,66,188985,96,271989
16693,0.02935,172.217.194.0-255,4320,193305,96,271989
16694,0.029355,172.31.47.0-255,66,193371,96,271989
16695,0.02938,172.217.194.0-255,1484,194855,96,271989
16696,0.031375,172.217.194.0-255,4320,199175,96,271989
16697,0.03138,172.31.47.0-255,66,199241,96,271989
16698,0.033405,172.217.194.0-255,5738,204979,96,271989
16699,0.03345,172.31.47.0-255,66,205045,96,271989
16700,0.035499,172.217.194.0-255,4320,209365,96,271989
16701,0.035504,172.31.47.0-255,66,209431,96,271989
16702,0.03553,172.217.194.0-255,1484,210915,96,271989
16703,0.037535,172.217.194.0-255,4320,215235,96,271989
16704,0.037539,172.31.47.0-255,66,215301,96,271989
16705,0.03955,172.217.194.0-255,5738,221039,96,271989
16706,0.039587,172.31.47.0-255,66,221105,96,271989
16707,0.041619,172.217.194.0-255,5738,226843,96,271989
16708,0.041624,172.31.47.0-255,66,226909,96,271989
16709,0.043674,172.217.194.0-255,4320,231229,96,271989
16710,0.043678,172.31.47.0-255,66,231295,96,271989
16711,0.043695,172.217.194.0-255,1484,232779,96,271989
16712,0.0457,172.217.194.0-255,4320,237099,96,271989
16713,0.045705,172.31.47.0-255,66,237165,96,271989
16714,0.047735,172.217.194.0-255,5738,242903,96,271989
16715,0.047776,172.31.47.0-255,66,242969,96,271989
16716,0.049815,172.217.194.0-255,5738,248707,96,271989
16717,0.049822,172.31.47.0-255,66,248773,96,271989
16718,0.05188,172.217.194.0-255,5738,254511,96,271989
16719,0.051885,172.31.47.0-255,66,254577,96,271989
16720,0.053903,172.217.194.0-255,5738,260315,96,271989
16721,0.053907,172.31.47.0-255,66,260381,96,271989
16722,0.055945,172.217.194.0-255,5738,266119,96,271989
16723,0.055951,172.31.47.0-255,66,266185,96,271989
16724,0.057975,172.217.194.0-255,5738,271923,96,271989
16725,0.057979,172.31.47.0-255,66,271989,96,271989
16726,0.0,172.217.194.0-255,152,152,96,242998
16727,3.1e-05,172.31.47.0-255,66,218,96,242998
16728,3.8e-05,172.217.194.0-255,1484,1702,96,242998
16729,4.3e-05,172.31.47.0-255,66,1768,96,242998
16730,4.8e-05,172.217.194.0-255,2902,4670,96,242998
16731,5.7e-05,172.31.47.0-255,66,4736,96,242998
16732,6.4e-05,172.217.194.0-255,5738,10474,96,242998
16733,6.6e-05,172.31.47.0-255,66,10540,96,242998
16734,0.000109,172.217.194.0-255,3559,14099,96,242998
16735,0.000112,172.31.47.0-255,66,14165,96,242998
16736,0.000286,172.217.194.0-255,1484,15649,96,242998
16737,0.000291,172.31.47.0-255,66,15715,96,242998
16738,0.000296,172.217.194.0-255,2902,18617,96,242998
16739,0.000298,172.31.47.0-255,66,18683,96,242998
16740,0.00032,172.217.194.0-255,5738,24421,96,242998
16741,0.000326,172.31.47.0-255,66,24487,96,242998
16742,0.000351,172.217.194.0-255,4320,28807,96,242998
16743,0.000354,172.31.47.0-255,66,28873,96,242998
16744,0.000394,172.31.47.0-255,66,28939,96,242998
16745,0.000404,172.31.47.0-255,66,29005,96,242998
16746,0.000446,172.31.47.0-255,66,29071,96,242998
16747,0.000448,172.217.194.0-255,394,29465,96,242998
16748,0.000452,172.31.47.0-255,66,29531,96,242998
16749,0.000482,172.217.194.0-255,380,29911,96,242998
16750,0.000486,172.31.47.0-255,66,29977,96,242998
16751,0.000554,172.217.194.0-255,1484,31461,96,242998
16752,0.000558,172.31.47.0-255,66,31527,96,242998
16753,0.000562,172.217.194.0-255,4320,35847,96,242998
16754,0.000564,172.31.47.0-255,66,35913,96,242998
16755,0.000609,172.31.47.0-255,66,35979,96,242998
16756,0.000618,172.217.194.0-255,2184,38163,96,242998
16757,0.00062,172.31.47.0-255,66,38229,96,242998
16758,0.000622,172.31.47.0-255,66,38295,96,242998
16759,0.00097,172.217.194.0-255,1484,39779,96,242998
16760,0.000978,172.217.194.0-255,2902,42681,96,242998
16761,0.000982,172.31.47.0-255,66,42747,96,242998
16762,0.000992,172.217.194.0-255,1484,44231,96,242998
16763,0.00101,172.217.194.0-255,4320,48551,96,242998
16764,0.001013,172.31.47.0-255,66,48617,96,242998
16765,0.001023,172.217.194.0-255,1484,50101,96,242998
16766,0.001055,172.31.47.0-255,66,50167,96,242998
16767,0.001077,172.217.194.0-255,2902,53069,96,242998
16768,0.00108,172.31.47.0-255,66,53135,96,242998
16769,0.001112,172.31.47.0-255,66,53201,96,242998
16770,0.001124,172.217.194.0-255,1484,54685,96,242998
16771,0.001142,172.217.194.0-255,5738,60423,96,242998
16772,0.001145,172.31.47.0-255,66,60489,96,242998
16773,0.001151,172.217.194.0-255,5738,66227,96,242998
16774,0.001152,172.31.47.0-255,66,66293,96,242998
16775,0.00117,172.217.194.0-255,2902,69195,96,242998
16776,0.001172,172.217.194.0-255,1484,70679,96,242998
16777,0.001174,172.31.47.0-255,66,70745,96,242998
16778,0.001207,172.31.47.0-255,66,70811,96,242998
16779,0.001232,172.217.194.0-255,766,71577,96,242998
16780,0.001504,172.217.194.0-255,1484,73061,96,242998
16781,0.001507,172.31.47.0-255,66,73127,96,242998
16782,0.001522,172.217.194.0-255,2902,76029,96,242998
16783,0.001529,172.31.47.0-255,66,76095,96,242998
16784,0.001535,172.217.194.0-255,4320,80415,96,242998
16785,0.001537,172.31.47.0-255,66,80481,96,242998
16786,0.001575,172.217.194.0-255,1484,81965,96,242998
16787,0.001587,172.31.47.0-255,66,82031,96,242998
16788,0.001617,172.31.47.0-255,66,82097,96,242998
16789,0.001628,172.217.194.0-255,2184,84281,96,242998
16790,0.001635,172.31.47.0-255,66,84347,96,242998
16791,0.001718,172.217.194.0-255,1484,85831,96,242998
16792,0.001735,172.217.194.0-255,2902,88733,96,242998
16793,0.001738,172.31.47.0-255,66,88799,96,242998
16794,0.001742,172.217.194.0-255,1484,90283,96,242998
16795,0.00177,172.217.194.0-255,2902,93185,96,242998
16796,0.001773,172.31.47.0-255,66,93251,96,242998
16797,0.001783,172.31.47.0-255,66,93317,96,242998
16798,0.00182,172.31.47.0-255,66,93383,96,242998
16799,0.001846,172.217.194.0-255,2902,96285,96,242998
16800,0.001849,172.31.47.0-255,66,96351,96,242998
16801,0.001853,172.217.194.0-255,2184,98535,96,242998
16802,0.001857,172.31.47.0-255,66,98601,96,242998
16803,0.00197,172.217.194.0-255,1484,100085,96,242998
16804,0.001976,172.217.194.0-255,2902,102987,96,242998
16805,0.001978,172.31.47.0-255,66,103053,96,242998
16806,0.001984,172.217.194.0-255,4320,107373,96,242998
16807,0.001986,172.31.47.0-255,66,107439,96,242998
16808,0.002008,172.217.194.0-255,1484,108923,96,242998
16809,0.002025,172.31.47.0-255,66,108989,96,242998
16810,0.002073,172.31.47.0-255,66,109055,96,242998
16811,0.002105,172.217.194.0-255,6438,115493,96,242998
16812,0.002109,172.31.47.0-255,66,115559,96,242998
16813,0.002135,172.217.194.0-255,1484,117043,96,242998
16814,0.00214,172.217.194.0-255,2902,119945,96,242998
16815,0.002143,172.31.47.0-255,66,120011,96,242998
16816,0.002149,172.217.194.0-255,5738,125749,96,242998
16817,0.002151,172.31.47.0-255,66,125815,96,242998
16818,0.002191,172.217.194.0-255,5738,131553,96,242998
16819,0.002194,172.31.47.0-255,66,131619,96,242998
16820,0.002223,172.217.194.0-255,7156,138775,96,242998
16821,0.002227,172.31.47.0-255,66,138841,96,242998
16822,0.002229,172.217.194.0-255,1484,140325,96,242998
16823,0.002239,172.31.47.0-255,66,140391,96,242998
16824,0.002269,172.217.194.0-255,5738,146129,96,242998
16825,0.002272,172.31.47.0-255,66,146195,96,242998
16826,0.002283,172.217.194.0-255,7156,153351,96,242998
16827,0.002285,172.31.47.0-255,66,153417,96,242998
16828,0.002333,172.31.47.0-255,66,153483,96,242998
16829,0.002335,172.217.194.0-255,6438,159921,96,242998
16830,0.002337,172.31.47.0-255,66,159987,96,242998
16831,0.00464,172.217.194.0-255,5738,165725,96,242998
16832,0.004656,172.31.47.0-255,66,165791,96,242998
16833,0.007011,172.217.194.0-255,5738,171529,96,242998
16834,0.007022,172.31.47.0-255,66,171595,96,242998
16835,0.009391,172.217.194.0-255,5738,177333,96,242998
16836,0.009398,172.31.47.0-255,66,177399,96,242998
16837,0.011687,172.217.194.0-255,5738,183137,96,242998
16838,0.011692,172.31.47.0-255,66,183203,96,242998
16839,0.014034,172.217.194.0-255,5738,188941,96,242998
16840,0.014042,172.31.47.0-255,66,189007,96,242998
16841,0.01639,172.217.194.0-255,5738,194745,96,242998
16842,0.016397,172.31.47.0-255,66,194811,96,242998
16843,0.018747,172.217.194.0-255,5738,200549,96,242998
16844,0.018755,172.31.47.0-255,66,200615,96,242998
16845,0.021041,172.217.194.0-255,5738,206353,96,242998
16846,0.021049,172.31.47.0-255,66,206419,96,242998
16847,0.023404,172.217.194.0-255,5738,212157,96,242998
16848,0.023411,172.31.47.0-255,66,212223,96,242998
16849,0.025722,172.217.194.0-255,5738,217961,96,242998
16850,0.02573,172.31.47.0-255,66,218027,96,242998
16851,0.02808,172.217.194.0-255,5738,223765,96,242998
16852,0.028089,172.31.47.0-255,66,223831,96,242998
16853,0.030455,172.217.194.0-255,4320,228151,96,242998
16854,0.030461,172.31.47.0-255,66,228217,96,242998
16855,0.030491,172.217.194.0-255,1484,229701,96,242998
16856,0.031565,172.31.47.0-255,172,229873,96,242998
16857,0.031594,172.31.47.0-255,1104,230977,96,242998
16858,0.031623,172.31.47.0-255,1514,232491,96,242998
16859,0.031625,172.31.47.0-255,1307,233798,96,242998
16860,0.032793,172.217.194.0-255,4320,238118,96,242998
16861,0.032799,172.31.47.0-255,66,238184,96,242998
16862,0.033131,104.244.42.0-255,66,238250,96,242998
16863,0.033169,104.244.42.0-255,66,238316,96,242998
16864,0.033232,104.244.42.0-255,66,238382,96,242998
16865,0.035106,172.217.194.0-255,2902,241284,96,242998
16866,0.035111,172.31.47.0-255,66,241350,96,242998
16867,0.035134,172.217.194.0-255,1411,242761,96,242998
16868,0.03527,172.31.47.0-255,66,242827,96,242998
16869,0.03529,172.31.47.0-255,105,242932,96,242998
16870,0.037592,172.217.194.0-255,66,242998,96,242998
16871,0.0,74.125.130.0-255,153,153,96,327814
16872,2.1e-05,172.31.47.0-255,66,219,96,327814
16873,3.6e-05,74.125.130.0-255,1484,1703,96,327814
16874,4.6e-05,172.31.47.0-255,66,1769,96,327814
16875,8.4e-05,74.125.130.0-255,2902,4671,96,327814
16876,8.6e-05,172.31.47.0-255,66,4737,96,327814
16877,8.9e-05,74.125.130.0-255,1484,6221,96,327814
16878,9.1e-05,172.31.47.0-255,66,6287,96,327814
16879,0.000125,74.125.130.0-255,2902,9189,96,327814
16880,0.000127,172.31.47.0-255,66,9255,96,327814
16881,0.000146,74.125.130.0-255,5019,14274,96,327814
16882,0.000148,172.31.47.0-255,66,14340,96,327814
16883,0.000194,74.125.130.0-255,2902,17242,96,327814
16884,0.000197,172.31.47.0-255,66,17308,96,327814
16885,0.00022,74.125.130.0-255,4320,21628,96,327814
16886,0.000222,172.31.47.0-255,66,21694,96,327814
16887,0.000272,172.31.47.0-255,66,21760,96,327814
16888,0.000275,74.125.130.0-255,1125,22885,96,327814
16889,0.000277,172.31.47.0-255,66,22951,96,327814
16890,0.000415,74.125.130.0-255,1484,24435,96,327814
16891,0.00042,172.31.47.0-255,66,24501,96,327814
16892,0.000449,74.125.130.0-255,2902,27403,96,327814
16893,0.000453,172.31.47.0-255,66,27469,96,327814
16894,0.000457,74.125.130.0-255,2902,30371,96,327814
16895,0.000459,172.31.47.0-255,66,30437,96,327814
16896,0.000514,74.125.130.0-255,7156,37593,96,327814
16897,0.000517,172.31.47.0-255,66,37659,96,327814
16898,0.000521,74.125.130.0-255,2543,40202,96,327814
16899,0.000523,172.31.47.0-255,66,40268,96,327814
16900,0.0006,74.125.130.0-255,1484,41752,96,327814
16901,0.000605,172.31.47.0-255,66,41818,96,327814
16902,0.000633,74.125.130.0-255,2902,44720,96,327814
16903,0.000637,172.31.47.0-255,66,44786,96,327814
16904,0.000659,74.125.130.0-255,5738,50524,96,327814
16905,0.000662,172.31.47.0-255,66,50590,96,327814
16906,0.000665,74.125.130.0-255,1484,52074,96,327814
16907,0.000691,74.125.130.0-255,2902,54976,96,327814
16908,0.000693,172.31.47.0-255,66,55042,96,327814
16909,0.000715,74.125.130.0-255,1484,56526,96,327814
16910,0.000736,74.125.130.0-255,1436,57962,96,327814
16911,0.000739,172.31.47.0-255,66,58028,96,327814
16912,0.000742,74.125.130.0-255,366,58394,96,327814
16913,0.000953,74.125.130.0-255,1484,59878,96,327814
16914,0.000959,172.31.47.0-255,66,59944,96,327814
16915,0.000964,74.125.130.0-255,1484,61428,96,327814
16916,0.000969,74.125.130.0-255,2902,64330,96,327814
16917,0.000979,172.31.47.0-255,66,64396,96,327814
16918,0.000984,74.125.130.0-255,2902,67298,96,327814
16919,0.000988,172.31.47.0-255,66,67364,96,327814
16920,0.001016,74.125.130.0-255,2902,70266,96,327814
16921,0.001019,172.31.47.0-255,66,70332,96,327814
16922,0.001033,74.125.130.0-255,6797,77129,96,327814
16923,0.001036,172.31.47.0-255,66,77195,96,327814
16924,0.001044,74.125.130.0-255,5738,82933,96,327814
16925,0.001046,172.31.47.0-255,66,82999,96,327814
16926,0.001085,74.125.130.0-255,1484,84483,96,327814
16927,0.001098,172.31.47.0-255,66,84549,96,327814
16928,0.00135,74.125.130.0-255,1484,86033,96,327814
16929,0.001358,74.125.130.0-255,2902,88935,96,327814
16930,0.001361,172.31.47.0-255,66,89001,96,327814
16931,0.001365,74.125.130.0-255,1484,90485,96,327814
16932,0.001393,74.125.130.0-255,2902,93387,96,327814
16933,0.001397,172.31.47.0-255,66,93453,96,327814
16934,0.001402,74.125.130.0-255,4320,97773,96,327814
16935,0.001404,172.31.47.0-255,66,97839,96,327814
16936,0.001423,74.125.130.0-255,1484,99323,96,327814
16937,0.001429,74.125.130.0-255,4320,103643,96,327814
16938,0.001435,172.31.47.0-255,66,103709,96,327814
16939,0.001461,74.125.130.0-255,5738,109447,96,327814
16940,0.001463,172.31.47.0-255,66,109513,96,327814
16941,0.001468,74.125.130.0-255,2902,112415,96,327814
16942,0.00147,172.31.47.0-255,66,112481,96,327814
16943,0.001502,74.125.130.0-255,6438,118919,96,327814
16944,0.001504,172.31.47.0-255,66,118985,96,327814
16945,0.002036,74.125.130.0-255,1484,120469,96,327814
16946,0.002041,74.125.130.0-255,2902,123371,96,327814
16947,0.002044,172.31.47.0-255,66,123437,96,327814
16948,0.002077,74.125.130.0-255,5738,129175,96,327814
16949,0.00208,172.31.47.0-255,66,129241,96,327814
16950,0.002083,74.125.130.0-255,2902,132143,96,327814
16951,0.002085,172.31.47.0-255,66,132209,96,327814
16952,0.002089,74.125.130.0-255,2902,135111,96,327814
16953,0.002091,172.31.47.0-255,66,135177,96,327814
16954,0.002111,74.125.130.0-255,1484,136661,96,327814
16955,0.002114,74.125.130.0-255,1484,138145,96,327814
16956,0.002116,172.31.47.0-255,66,138211,96,327814
16957,0.002144,74.125.130.0-255,7156,145367,96,327814
16958,0.002154,74.125.130.0-255,5738,151105,96,327814
16959,0.002158,172.31.47.0-255,66,151171,96,327814
16960,0.002161,172.31.47.0-255,66,151237,96,327814
16961,0.002185,74.125.130.0-255,2184,153421,96,327814
16962,0.002192,172.31.47.0-255,66,153487,96,327814
16963,0.002236,74.125.130.0-255,1484,154971,96,327814
16964,0.002241,74.125.130.0-255,2902,157873,96,327814
16965,0.002243,172.31.47.0-255,66,157939,96,327814
16966,0.002275,74.125.130.0-255,5738,163677,96,327814
16967,0.002279,172.31.47.0-255,66,163743,96,327814
16968,0.002283,74.125.130.0-255,4320,168063,96,327814
16969,0.002285,172.31.47.0-255,66,168129,96,327814
16970,0.002311,74.125.130.0-255,5738,173867,96,327814
16971,0.002313,172.31.47.0-255,66,173933,96,327814
16972,0.002316,74.125.130.0-255,2902,176835,96,327814
16973,0.002318,172.31.47.0-255,66,176901,96,327814
16974,0.002354,74.125.130.0-255,7156,184057,96,327814
16975,0.002357,172.31.47.0-255,66,184123,96,327814
16976,0.004658,74.125.130.0-255,5738,189861,96,327814
16977,0.004663,172.31.47.0-255,66,189927,96,327814
16978,0.006963,74.125.130.0-255,5738,195665,96,327814
16979,0.006971,172.31.47.0-255,66,195731,96,327814
16980,0.009299,74.125.130.0-255,5738,201469,96,327814
16981,0.009306,172.31.47.0-255,66,201535,96,327814
16982,0.011653,74.125.130.0-255,5738,207273,96,327814
16983,0.011659,172.31.47.0-255,66,207339,96,327814
16984,0.013977,74.125.130.0-255,5738,213077,96,327814
16985,0.013983,172.31.47.0-255,66,213143,96,327814
16986,0.016297,74.125.130.0-255,5738,218881,96,327814
16987,0.016306,172.31.47.0-255,66,218947,96,327814
16988,0.018633,74.125.130.0-255,5738,224685,96,327814
16989,0.018641,172.31.47.0-255,66,224751,96,327814
16990,0.02095,74.125.130.0-255,5738,230489,96,327814
16991,0.020957,172.31.47.0-255,66,230555,96,327814
16992,0.023271,74.125.130.0-255,2902,233457,96,327814
16993,0.023278,172.31.47.0-255,66,233523,96,327814
16994,0.023324,74.125.130.0-255,2902,236425,96,327814
16995,0.023329,172.31.47.0-255,66,236491,96,327814
16996,0.025593,74.125.130.0-255,2902,239393,96,327814
16997,0.025599,172.31.47.0-255,66,239459,96,327814
16998,0.025629,74.125.130.0-255,2902,242361,96,327814
16999,0.025633,172.31.47.0-255,66,242427,96,327814
17000,0.027919,74.125.130.0-255,2902,245329,96,327814
17001,0.027926,172.31.47.0-255,66,245395,96,327814
17002,0.027957,74.125.130.0-255,2902,248297,96,327814
17003,0.02796,172.31.47.0-255,66,248363,96,327814
17004,0.030236,74.125.130.0-255,2902,251265,96,327814
17005,0.030241,172.31.47.0-255,66,251331,96,327814
17006,0.030277,74.125.130.0-255,2902,254233,96,327814
17007,0.03028,172.31.47.0-255,66,254299,96,327814
17008,0.031053,172.31.47.0-255,172,254471,96,327814
17009,0.03109,172.31.47.0-255,1109,255580,96,327814
17010,0.03116,172.31.47.0-255,1514,257094,96,327814
17011,0.031184,172.31.47.0-255,1302,258396,96,327814
17012,0.032558,74.125.130.0-255,2902,261298,96,327814
17013,0.032564,172.31.47.0-255,66,261364,96,327814
17014,0.032596,104.244.42.0-255,66,261430,96,327814
17015,0.032601,74.125.130.0-255,2902,264332,96,327814
17016,0.032603,172.31.47.0-255,66,264398,96,327814
17017,0.032638,104.244.42.0-255,66,264464,96,327814
17018,0.032739,104.244.42.0-255,66,264530,96,327814
17019,0.034868,74.125.130.0-255,2902,267432,96,327814
17020,0.034873,172.31.47.0-255,66,267498,96,327814
17021,0.034896,74.125.130.0-255,2902,270400,96,327814
17022,0.034899,172.31.47.0-255,66,270466,96,327814
17023,0.037183,74.125.130.0-255,2902,273368,96,327814
17024,0.037188,172.31.47.0-255,66,273434,96,327814
17025,0.037217,74.125.130.0-255,2902,276336,96,327814
17026,0.037219,172.31.47.0-255,66,276402,96,327814
17027,0.039493,74.125.130.0-255,2902,279304,96,327814
17028,0.039497,172.31.47.0-255,66,279370,96,327814
17029,0.039535,74.125.130.0-255,2902,282272,96,327814
17030,0.039538,172.31.47.0-255,66,282338,96,327814
17031,0.041801,74.125.130.0-255,1484,283822,96,327814
17032,0.041837,74.125.130.0-255,4320,288142,96,327814
17033,0.041843,172.31.47.0-255,66,288208,96,327814
17034,0.044157,74.125.130.0-255,5738,293946,96,327814
17035,0.044161,172.31.47.0-255,66,294012,96,327814
17036,0.046471,74.125.130.0-255,5738,299750,96,327814
17037,0.046475,172.31.47.0-255,66,299816,96,327814
17038,0.048782,74.125.130.0-255,1484,301300,96,327814
17039,0.048801,74.125.130.0-255,4320,305620,96,327814
17040,0.048805,172.31.47.0-255,66,305686,96,327814
17041,0.051105,74.125.130.0-255,4320,310006,96,327814
17042,0.05111,172.31.47.0-255,66,310072,96,327814
17043,0.051139,74.125.130.0-255,1484,311556,96,327814
17044,0.053418,74.125.130.0-255,4320,315876,96,327814
17045,0.053424,172.31.47.0-255,66,315942,96,327814
17046,0.055732,74.125.130.0-255,2902,318844,96,327814
17047,0.055737,172.31.47.0-255,66,318910,96,327814
17048,0.055763,74.125.130.0-255,2902,321812,96,327814
17049,0.055766,172.31.47.0-255,66,321878,96,327814
17050,0.058058,74.125.130.0-255,2902,324780,96,327814
17051,0.058063,172.31.47.0-255,66,324846,96,327814
17052,0.058092,74.125.130.0-255,2902,327748,96,327814
17053,0.058095,172.31.47.0-255,66,327814,96,327814
17054,0.0,172.217.194.0-255,298,298,96,285906
17055,2.4e-05,172.31.47.0-255,66,364,96,285906
17056,3e-05,172.217.194.0-255,1484,1848,96,285906
17057,3.3e-05,172.31.47.0-255,66,1914,96,285906
17058,3.9e-05,172.217.194.0-255,4320,6234,96,285906
17059,4.1e-05,172.31.47.0-255,66,6300,96,285906
17060,5.1e-05,172.31.47.0-255,66,6366,96,285906
17061,0.000101,172.31.47.0-255,66,6432,96,285906
17062,0.000104,172.217.194.0-255,2543,8975,96,285906
17063,0.000105,172.31.47.0-255,66,9041,96,285906
17064,0.000173,172.217.194.0-255,1484,10525,96,285906
17065,0.000176,172.31.47.0-255,66,10591,96,285906
17066,0.000179,172.217.194.0-255,1484,12075,96,285906
17067,0.00018,172.31.47.0-255,66,12141,96,285906
17068,0.000195,172.217.194.0-255,1484,13625,96,285906
17069,0.000197,172.31.47.0-255,66,13691,96,285906
17070,0.000203,172.217.194.0-255,5738,19429,96,285906
17071,0.000204,172.31.47.0-255,66,19495,96,285906
17072,0.000224,172.217.194.0-255,6797,26292,96,285906
17073,0.000226,172.31.47.0-255,66,26358,96,285906
17074,0.00026,172.31.47.0-255,66,26424,96,285906
17075,0.000273,172.217.194.0-255,2833,29257,96,285906
17076,0.000276,172.31.47.0-255,66,29323,96,285906
17077,0.000298,172.217.194.0-255,98,29421,96,285906
17078,0.000302,172.31.47.0-255,66,29487,96,285906
17079,0.000356,172.217.194.0-255,364,29851,96,285906
17080,0.000359,172.31.47.0-255,66,29917,96,285906
17081,0.000413,172.217.194.0-255,1484,31401,96,285906
17082,0.000417,172.31.47.0-255,66,31467,96,285906
17083,0.000422,172.217.194.0-255,4320,35787,96,285906
17084,0.000424,172.31.47.0-255,66,35853,96,285906
17085,0.000435,172.31.47.0-255,66,35919,96,285906
17086,0.000437,172.217.194.0-255,576,36495,96,285906
17087,0.000789,172.217.194.0-255,1484,37979,96,285906
17088,0.00079,172.31.47.0-255,66,38045,96,285906
17089,0.000792,172.217.194.0-255,1484,39529,96,285906
17090,0.000794,172.31.47.0-255,66,39595,96,285906
17091,0.000811,172.217.194.0-255,1484,41079,96,285906
17092,0.000817,172.217.194.0-255,5738,46817,96,285906
17093,0.000819,172.31.47.0-255,66,46883,96,285906
17094,0.000822,172.217.194.0-255,1484,48367,96,285906
17095,0.000856,172.31.47.0-255,66,48433,96,285906
17096,0.000893,172.31.47.0-255,66,48499,96,285906
17097,0.000911,172.217.194.0-255,2184,50683,96,285906
17098,0.000913,172.31.47.0-255,66,50749,96,285906
17099,0.001337,172.217.194.0-255,1484,52233,96,285906
17100,0.001346,172.217.194.0-255,2902,55135,96,285906
17101,0.00135,172.31.47.0-255,66,55201,96,285906
17102,0.001356,172.217.194.0-255,5738,60939,96,285906
17103,0.001357,172.31.47.0-255,66,61005,96,285906
17104,0.001377,172.217.194.0-255,7156,68161,96,285906
17105,0.001379,172.31.47.0-255,66,68227,96,285906
17106,0.001395,172.217.194.0-255,1484,69711,96,285906
17107,0.001422,172.217.194.0-255,1484,71195,96,285906
17108,0.001425,172.31.47.0-255,66,71261,96,285906
17109,0.001456,172.31.47.0-255,66,71327,96,285906
17110,0.001481,172.217.194.0-255,2902,74229,96,285906
17111,0.001485,172.31.47.0-255,66,74295,96,285906
17112,0.001529,172.31.47.0-255,66,74361,96,285906
17113,0.001536,172.31.47.0-255,66,74427,96,285906
17114,0.001539,172.217.194.0-255,1484,75911,96,285906
17115,0.001562,172.217.194.0-255,5020,80931,96,285906
17116,0.001564,172.31.47.0-255,66,80997,96,285906
17117,0.001703,172.217.194.0-255,1484,82481,96,285906
17118,0.00171,172.217.194.0-255,2902,85383,96,285906
17119,0.001714,172.31.47.0-255,66,85449,96,285906
17120,0.001719,172.217.194.0-255,2902,88351,96,285906
17121,0.001721,172.31.47.0-255,66,88417,96,285906
17122,0.001759,172.217.194.0-255,7156,95573,96,285906
17123,0.001764,172.31.47.0-255,66,95639,96,285906
17124,0.001786,172.217.194.0-255,5738,101377,96,285906
17125,0.00179,172.31.47.0-255,66,101443,96,285906
17126,0.001811,172.217.194.0-255,5738,107181,96,285906
17127,0.001814,172.31.47.0-255,66,107247,96,285906
17128,0.001834,172.217.194.0-255,5738,112985,96,285906
17129,0.001836,172.31.47.0-255,66,113051,96,285906
17130,0.001858,172.217.194.0-255,2184,115235,96,285906
17131,0.001861,172.31.47.0-255,66,115301,96,285906
17132,0.002047,172.217.194.0-255,1484,116785,96,285906
17133,0.002066,172.217.194.0-255,2902,119687,96,285906
17134,0.002069,172.31.47.0-255,66,119753,96,285906
17135,0.002075,172.217.194.0-255,5738,125491,96,285906
17136,0.002077,172.31.47.0-255,66,125557,96,285906
17137,0.002079,172.217.194.0-255,1484,127041,96,285906
17138,0.002096,172.217.194.0-255,2902,129943,96,285906
17139,0.002098,172.31.47.0-255,66,130009,96,285906
17140,0.002114,172.217.194.0-255,7156,137165,96,285906
17141,0.002116,172.31.47.0-255,66,137231,96,285906
17142,0.002141,172.217.194.0-255,4320,141551,96,285906
17143,0.002144,172.31.47.0-255,66,141617,96,285906
17144,0.002154,172.31.47.0-255,66,141683,96,285906
17145,0.004458,172.217.194.0-255,5738,147421,96,285906
17146,0.004465,172.31.47.0-255,66,147487,96,285906
17147,0.006799,172.217.194.0-255,5738,153225,96,285906
17148,0.006804,172.31.47.0-255,66,153291,96,285906
17149,0.009095,172.217.194.0-255,5738,159029,96,285906
17150,0.0091,172.31.47.0-255,66,159095,96,285906
17151,0.01143,172.217.194.0-255,5738,164833,96,285906
17152,0.011437,172.31.47.0-255,66,164899,96,285906
17153,0.013766,172.217.194.0-255,5738,170637,96,285906
17154,0.013775,172.31.47.0-255,66,170703,96,285906
17155,0.016109,172.217.194.0-255,5738,176441,96,285906
17156,0.016118,172.31.47.0-255,66,176507,96,285906
17157,0.018437,172.217.194.0-255,5738,182245,96,285906
17158,0.018445,172.31.47.0-255,66,182311,96,285906
17159,0.020777,172.217.194.0-255,5738,188049,96,285906
17160,0.020787,172.31.47.0-255,66,188115,96,285906
17161,0.023053,172.217.194.0-255,5738,193853,96,285906
17162,0.023058,172.31.47.0-255,66,193919,96,285906
17163,0.025405,172.217.194.0-255,5738,199657,96,285906
17164,0.025411,172.31.47.0-255,66,199723,96,285906
17165,0.026091,172.31.47.0-255,171,199894,96,285906
17166,0.026131,172.31.47.0-255,1133,201027,96,285906
17167,0.026206,172.31.47.0-255,1514,202541,96,285906
17168,0.026208,172.31.47.0-255,1514,204055,96,285906
17169,0.026213,172.31.47.0-255,1514,205569,96,285906
17170,0.026214,172.31.47.0-255,1059,206628,96,285906
17171,0.027609,104.244.42.0-255,66,206694,96,285906
17172,0.027701,104.244.42.0-255,66,206760,96,285906
17173,0.027715,172.217.194.0-255,5738,212498,96,285906
17174,0.02772,172.31.47.0-255,66,212564,96,285906
17175,0.027764,104.244.42.0-255,66,212630,96,285906
17176,0.027769,104.244.42.0-255,66,212696,96,285906
17177,0.029991,172.217.194.0-255,5738,218434,96,285906
17178,0.029997,172.31.47.0-255,66,218500,96,285906
17179,0.032294,172.217.194.0-255,5738,224238,96,285906
17180,0.032299,172.31.47.0-255,66,224304,96,285906
17181,0.034597,172.217.194.0-255,2902,227206,96,285906
17182,0.034602,172.31.47.0-255,66,227272,96,285906
17183,0.034628,172.217.194.0-255,2902,230174,96,285906
17184,0.034631,172.31.47.0-255,66,230240,96,285906
17185,0.036915,172.217.194.0-255,2902,233142,96,285906
17186,0.03692,172.31.47.0-255,66,233208,96,285906
17187,0.036951,172.217.194.0-255,2902,236110,96,285906
17188,0.036954,172.31.47.0-255,66,236176,96,285906
17189,0.03922,172.217.194.0-255,4320,240496,96,285906
17190,0.03924,172.31.47.0-255,66,240562,96,285906
17191,0.039254,172.217.194.0-255,1484,242046,96,285906
17192,0.041576,172.217.194.0-255,4320,246366,96,285906
17193,0.041581,172.31.47.0-255,66,246432,96,285906
17194,0.043864,172.217.194.0-255,2902,249334,96,285906
17195,0.043868,172.31.47.0-255,66,249400,96,285906
17196,0.043898,172.217.194.0-255,2902,252302,96,285906
17197,0.043901,172.31.47.0-255,66,252368,96,285906
17198,0.0462,172.217.194.0-255,5738,258106,96,285906
17199,0.046204,172.31.47.0-255,66,258172,96,285906
17200,0.048522,172.217.194.0-255,5738,263910,96,285906
17201,0.048526,172.31.47.0-255,66,263976,96,285906
17202,0.050877,172.217.194.0-255,5738,269714,96,285906
17203,0.050885,172.31.47.0-255,66,269780,96,285906
17204,0.053169,172.217.194.0-255,4320,274100,96,285906
17205,0.053175,172.31.47.0-255,66,274166,96,285906
17206,0.053206,172.217.194.0-255,1484,275650,96,285906
17207,0.055482,172.217.194.0-255,4320,279970,96,285906
17208,0.055486,172.31.47.0-255,66,280036,96,285906
17209,0.057799,172.217.194.0-255,4320,284356,96,285906
17210,0.057804,172.31.47.0-255,66,284422,96,285906
17211,0.057836,172.217.194.0-255,1484,285906,96,285906
17212,0.0,172.217.194.0-255,153,153,96,243234
17213,3.6e-05,172.31.47.0-255,66,219,96,243234
17214,4.3e-05,172.217.194.0-255,1484,1703,96,243234
17215,4.8e-05,172.31.47.0-255,66,1769,96,243234
17216,5.3e-05,172.217.194.0-255,2902,4671,96,243234
17217,5.6e-05,172.31.47.0-255,66,4737,96,243234
17218,6.4e-05,172.217.194.0-255,7156,11893,96,243234
17219,6.7e-05,172.31.47.0-255,66,11959,96,243234
17220,7.1e-05,172.217.194.0-255,2019,13978,96,243234
17221,7.4e-05,172.31.47.0-255,66,14044,96,243234
17222,7.8e-05,172.217.194.0-255,1484,15528,96,243234
17223,8e-05,172.31.47.0-255,66,15594,96,243234
17224,9.6e-05,172.217.194.0-255,1484,17078,96,243234
17225,9.9e-05,172.31.47.0-255,66,17144,96,243234
17226,0.000106,172.217.194.0-255,7156,24300,96,243234
17227,0.000108,172.31.47.0-255,66,24366,96,243234
17228,0.000115,172.217.194.0-255,5738,30104,96,243234
17229,0.000117,172.31.47.0-255,66,30170,96,243234
17230,0.000154,172.217.194.0-255,2543,32713,96,243234
17231,0.000157,172.31.47.0-255,66,32779,96,243234
17232,0.000161,172.217.194.0-255,2902,35681,96,243234
17233,0.000163,172.31.47.0-255,66,35747,96,243234
17234,0.000167,172.217.194.0-255,1484,37231,96,243234
17235,0.000169,172.31.47.0-255,66,37297,96,243234
17236,0.000198,172.217.194.0-255,5738,43035,96,243234
17237,0.0002,172.31.47.0-255,66,43101,96,243234
17238,0.000204,172.217.194.0-255,1484,44585,96,243234
17239,0.000206,172.31.47.0-255,66,44651,96,243234
17240,0.000223,172.217.194.0-255,3961,48612,96,243234
17241,0.000228,172.31.47.0-255,66,48678,96,243234
17242,0.000896,172.217.194.0-255,1484,50162,96,243234
17243,0.000902,172.31.47.0-255,66,50228,96,243234
17244,0.000911,172.217.194.0-255,2902,53130,96,243234
17245,0.000914,172.31.47.0-255,66,53196,96,243234
17246,0.000921,172.217.194.0-255,5738,58934,96,243234
17247,0.000923,172.31.47.0-255,66,59000,96,243234
17248,0.000964,172.217.194.0-255,4320,63320,96,243234
17249,0.000968,172.31.47.0-255,66,63386,96,243234
17250,0.000982,172.217.194.0-255,3123,66509,96,243234
17251,0.000985,172.31.47.0-255,66,66575,96,243234
17252,0.001291,172.217.194.0-255,1484,68059,96,243234
17253,0.0013,172.217.194.0-255,2902,70961,96,243234
17254,0.001304,172.31.47.0-255,66,71027,96,243234
17255,0.001311,172.217.194.0-255,5738,76765,96,243234
17256,0.001313,172.31.47.0-255,66,76831,96,243234
17257,0.001321,172.217.194.0-255,5738,82569,96,243234
17258,0.001323,172.31.47.0-255,66,82635,96,243234
17259,0.001361,172.217.194.0-255,2902,85537,96,243234
17260,0.001381,172.217.194.0-255,2184,87721,96,243234
17261,0.002153,172.217.194.0-255,1484,89205,96,243234
17262,0.002168,172.217.194.0-255,2902,92107,96,243234
17263,0.002171,172.217.194.0-255,1484,93591,96,243234
17264,0.00219,172.217.194.0-255,4320,97911,96,243234
17265,0.002223,172.217.194.0-255,4320,102231,96,243234
17266,0.002245,172.217.194.0-255,2902,105133,96,243234
17267,0.002272,172.217.194.0-255,1484,106617,96,243234
17268,0.002276,172.217.194.0-255,2184,108801,96,243234
17269,0.003364,172.217.194.0-255,1484,110285,96,243234
17270,0.003369,172.217.194.0-255,1484,111769,96,243234
17271,0.003389,172.217.194.0-255,1484,113253,96,243234
17272,0.003395,172.217.194.0-255,5738,118991,96,243234
17273,0.003419,172.217.194.0-255,1484,120475,96,243234
17274,0.003435,172.217.194.0-255,5738,126213,96,243234
17275,0.003449,172.217.194.0-255,1484,127697,96,243234
17276,0.003461,172.217.194.0-255,2902,130599,96,243234
17277,0.003475,172.217.194.0-255,1484,132083,96,243234
17278,0.003477,172.217.194.0-255,1484,133567,96,243234
17279,0.003486,172.217.194.0-255,1484,135051,96,243234
17280,0.003501,172.217.194.0-255,1484,136535,96,243234
17281,0.003514,172.217.194.0-255,1484,138019,96,243234
17282,0.00353,172.217.194.0-255,2902,140921,96,243234
17283,0.003549,172.217.194.0-255,2184,143105,96,243234
17284,0.003638,172.217.194.0-255,1484,144589,96,243234
17285,0.003645,172.217.194.0-255,1484,146073,96,243234
17286,0.003655,172.217.194.0-255,1484,147557,96,243234
17287,0.003682,172.217.194.0-255,1484,149041,96,243234
17288,0.003692,172.217.194.0-255,1484,150525,96,243234
17289,0.003708,172.217.194.0-255,2902,153427,96,243234
17290,0.003722,172.217.194.0-255,1484,154911,96,243234
17291,0.003744,172.217.194.0-255,5738,160649,96,243234
17292,0.003756,172.217.194.0-255,1484,162133,96,243234
17293,0.003803,172.217.194.0-255,5738,167871,96,243234
17294,0.003869,172.217.194.0-255,3602,171473,96,243234
17295,0.003875,172.217.194.0-255,5738,177211,96,243234
17296,0.003885,172.31.47.0-255,66,177277,96,243234
17297,0.003926,172.217.194.0-255,7156,184433,96,243234
17298,0.003929,172.31.47.0-255,66,184499,96,243234
17299,0.003932,172.217.194.0-255,6438,190937,96,243234
17300,0.003934,172.31.47.0-255,66,191003,96,243234
17301,0.003934,172.217.194.0-255,1484,192487,96,243234
17302,0.003937,172.217.194.0-255,2902,195389,96,243234
17303,0.003955,172.31.47.0-255,66,195455,96,243234
17304,0.003961,172.217.194.0-255,5738,201193,96,243234
17305,0.003979,172.31.47.0-255,66,201259,96,243234
17306,0.003996,172.31.47.0-255,66,201325,96,243234
17307,0.004001,172.31.47.0-255,66,201391,96,243234
17308,0.004016,172.31.47.0-255,66,201457,96,243234
17309,0.004046,172.217.194.0-255,1484,202941,96,243234
17310,0.00409,172.31.47.0-255,66,203007,96,243234
17311,0.004099,172.31.47.0-255,66,203073,96,243234
17312,0.004116,172.217.194.0-255,7156,210229,96,243234
17313,0.004117,172.31.47.0-255,66,210295,96,243234
17314,0.004122,172.31.47.0-255,66,210361,96,243234
17315,0.004131,172.217.194.0-255,2902,213263,96,243234
17316,0.004141,172.31.47.0-255,66,213329,96,243234
17317,0.004151,172.217.194.0-255,2902,216231,96,243234
17318,0.004158,172.31.47.0-255,66,216297,96,243234
17319,0.00417,172.217.194.0-255,7156,223453,96,243234
17320,0.004186,172.31.47.0-255,66,223519,96,243234
17321,0.004196,172.217.194.0-255,1484,225003,96,243234
17322,0.004203,172.217.194.0-255,7156,232159,96,243234
17323,0.004207,172.31.47.0-255,66,232225,96,243234
17324,0.004232,172.217.194.0-255,6209,238434,96,243234
17325,0.004235,172.217.194.0-255,97,238531,96,243234
17326,0.004237,172.31.47.0-255,66,238597,96,243234
17327,0.004267,172.217.194.0-255,105,238702,96,243234
17328,0.006831,172.31.47.0-255,66,238768,96,243234
17329,0.006857,172.31.47.0-255,105,238873,96,243234
17330,0.009124,172.217.194.0-255,66,238939,96,243234
17331,0.030024,172.31.47.0-255,172,239111,96,243234
17332,0.030051,172.31.47.0-255,1110,240221,96,243234
17333,0.030087,172.31.47.0-255,1514,241735,96,243234
17334,0.030088,172.31.47.0-255,1301,243036,96,243234
17335,0.031571,104.244.42.0-255,66,243102,96,243234
17336,0.031579,104.244.42.0-255,66,243168,96,243234
17337,0.031637,104.244.42.0-255,66,243234,96,243234
17338,0.0,172.217.194.0-255,146,146,96,289914
17339,3.2e-05,172.31.47.0-255,66,212,96,289914
17340,3.9e-05,172.217.194.0-255,1484,1696,96,289914
17341,4.4e-05,172.31.47.0-255,66,1762,96,289914
17342,5.6e-05,172.217.194.0-255,2902,4664,96,289914
17343,5.9e-05,172.31.47.0-255,66,4730,96,289914
17344,6.7e-05,172.217.194.0-255,7156,11886,96,289914
17345,7e-05,172.31.47.0-255,66,11952,96,289914
17346,7.6e-05,172.217.194.0-255,5738,17690,96,289914
17347,7.8e-05,172.31.47.0-255,66,17756,96,289914
17348,0.00011,172.217.194.0-255,2099,19855,96,289914
17349,0.000113,172.31.47.0-255,66,19921,96,289914
17350,0.000116,172.217.194.0-255,1484,21405,96,289914
17351,0.000118,172.31.47.0-255,66,21471,96,289914
17352,0.000163,172.31.47.0-255,66,21537,96,289914
17353,0.000196,172.217.194.0-255,1484,23021,96,289914
17354,0.000198,172.31.47.0-255,66,23087,96,289914
17355,0.000203,172.217.194.0-255,2902,25989,96,289914
17356,0.000205,172.31.47.0-255,66,26055,96,289914
17357,0.000235,172.217.194.0-255,5738,31793,96,289914
17358,0.000237,172.31.47.0-255,66,31859,96,289914
17359,0.00024,172.217.194.0-255,1484,33343,96,289914
17360,0.000242,172.31.47.0-255,66,33409,96,289914
17361,0.000246,172.217.194.0-255,2902,36311,96,289914
17362,0.000248,172.31.47.0-255,66,36377,96,289914
17363,0.000297,172.31.47.0-255,66,36443,96,289914
17364,0.000308,172.31.47.0-255,66,36509,96,289914
17365,0.000316,172.217.194.0-255,676,37185,96,289914
17366,0.000318,172.31.47.0-255,66,37251,96,289914
17367,0.000563,172.217.194.0-255,1484,38735,96,289914
17368,0.000567,172.31.47.0-255,66,38801,96,289914
17369,0.000573,172.217.194.0-255,2902,41703,96,289914
17370,0.000575,172.31.47.0-255,66,41769,96,289914
17371,0.000608,172.217.194.0-255,2902,44671,96,289914
17372,0.000611,172.31.47.0-255,66,44737,96,289914
17373,0.00064,172.217.194.0-255,2902,47639,96,289914
17374,0.000643,172.31.47.0-255,66,47705,96,289914
17375,0.000646,172.217.194.0-255,1484,49189,96,289914
17376,0.000654,172.31.47.0-255,66,49255,96,289914
17377,0.000657,172.31.47.0-255,66,49321,96,289914
17378,0.000669,172.31.47.0-255,66,49387,96,289914
17379,0.00095,172.217.194.0-255,1484,50871,96,289914
17380,0.000954,172.217.194.0-255,2902,53773,96,289914
17381,0.000954,172.31.47.0-255,66,53839,96,289914
17382,0.000958,172.31.47.0-255,66,53905,96,289914
17383,0.000993,172.217.194.0-255,5738,59643,96,289914
17384,0.000996,172.31.47.0-255,66,59709,96,289914
17385,0.001006,172.31.47.0-255,66,59775,96,289914
17386,0.001055,172.217.194.0-255,5738,65513,96,289914
17387,0.001058,172.31.47.0-255,66,65579,96,289914
17388,0.001091,172.31.47.0-255,66,65645,96,289914
17389,0.001791,172.217.194.0-255,1484,67129,96,289914
17390,0.001796,172.31.47.0-255,66,67195,96,289914
17391,0.001803,172.217.194.0-255,2902,70097,96,289914
17392,0.001805,172.31.47.0-255,66,70163,96,289914
17393,0.001815,172.217.194.0-255,5738,75901,96,289914
17394,0.001817,172.31.47.0-255,66,75967,96,289914
17395,0.001842,172.217.194.0-255,5738,81705,96,289914
17396,0.001847,172.31.47.0-255,66,81771,96,289914
17397,0.001877,172.217.194.0-255,7156,88927,96,289914
17398,0.001879,172.31.47.0-255,66,88993,96,289914
17399,0.001887,172.31.47.0-255,66,89059,96,289914
17400,0.001911,172.217.194.0-255,2184,91243,96,289914
17401,0.001912,172.31.47.0-255,66,91309,96,289914
17402,0.001935,172.217.194.0-255,2902,94211,96,289914
17403,0.001937,172.31.47.0-255,66,94277,96,289914
17404,0.001941,172.217.194.0-255,2902,97179,96,289914
17405,0.001942,172.31.47.0-255,66,97245,96,289914
17406,0.001961,172.217.194.0-255,4320,101565,96,289914
17407,0.001963,172.31.47.0-255,66,101631,96,289914
17408,0.001969,172.217.194.0-255,1484,103115,96,289914
17409,0.001994,172.31.47.0-255,66,103181,96,289914
17410,0.002032,172.217.194.0-255,2902,106083,96,289914
17411,0.002034,172.31.47.0-255,66,106149,96,289914
17412,0.002107,172.217.194.0-255,1484,107633,96,289914
17413,0.002118,172.217.194.0-255,2902,110535,96,289914
17414,0.002144,172.217.194.0-255,5738,116273,96,289914
17415,0.002162,172.217.194.0-255,5738,122011,96,289914
17416,0.002179,172.217.194.0-255,7156,129167,96,289914
17417,0.002181,172.217.194.0-255,1484,130651,96,289914
17418,0.002215,172.217.194.0-255,2902,133553,96,289914
17419,0.00224,172.217.194.0-255,6438,139991,96,289914
17420,0.002293,172.217.194.0-255,1484,141475,96,289914
17421,0.002303,172.217.194.0-255,2902,144377,96,289914
17422,0.002329,172.217.194.0-255,5738,150115,96,289914
17423,0.002332,172.217.194.0-255,1484,151599,96,289914
17424,0.002398,172.217.194.0-255,1484,153083,96,289914
17425,0.003843,172.31.47.0-255,66,153149,96,289914
17426,0.006165,172.217.194.0-255,5738,158887,96,289914
17427,0.006172,172.31.47.0-255,66,158953,96,289914
17428,0.008499,172.217.194.0-255,5738,164691,96,289914
17429,0.008508,172.31.47.0-255,66,164757,96,289914
17430,0.010827,172.217.194.0-255,5738,170495,96,289914
17431,0.010841,172.31.47.0-255,66,170561,96,289914
17432,0.013166,172.217.194.0-255,5738,176299,96,289914
17433,0.013175,172.31.47.0-255,66,176365,96,289914
17434,0.015489,172.217.194.0-255,5738,182103,96,289914
17435,0.0155,172.31.47.0-255,66,182169,96,289914
17436,0.017805,172.217.194.0-255,5738,187907,96,289914
17437,0.017813,172.31.47.0-255,66,187973,96,289914
17438,0.02013,172.217.194.0-255,5738,193711,96,289914
17439,0.02014,172.31.47.0-255,66,193777,96,289914
17440,0.022468,172.217.194.0-255,5738,199515,96,289914
17441,0.022477,172.31.47.0-255,66,199581,96,289914
17442,0.024842,172.217.194.0-255,5738,205319,96,289914
17443,0.024851,172.31.47.0-255,66,205385,96,289914
17444,0.027234,172.217.194.0-255,5738,211123,96,289914
17445,0.027246,172.31.47.0-255,66,211189,96,289914
17446,0.029499,172.31.47.0-255,172,211361,96,289914
17447,0.029528,172.31.47.0-255,1105,212466,96,289914
17448,0.029573,172.31.47.0-255,1514,213980,96,289914
17449,0.029575,172.31.47.0-255,1306,215286,96,289914
17450,0.029576,172.217.194.0-255,5738,221024,96,289914
17451,0.029581,172.31.47.0-255,66,221090,96,289914
17452,0.031045,104.244.42.0-255,66,221156,96,289914
17453,0.03108,104.244.42.0-255,66,221222,96,289914
17454,0.031137,104.244.42.0-255,66,221288,96,289914
17455,0.031893,172.217.194.0-255,4320,225608,96,289914
17456,0.031899,172.31.47.0-255,66,225674,96,289914
17457,0.031933,172.217.194.0-255,1484,227158,96,289914
17458,0.034253,172.217.194.0-255,4320,231478,96,289914
17459,0.034258,172.31.47.0-255,66,231544,96,289914
17460,0.036581,172.217.194.0-255,5738,237282,96,289914
17461,0.036586,172.31.47.0-255,66,237348,96,289914
17462,0.03891,172.217.194.0-255,2902,240250,96,289914
17463,0.038915,172.31.47.0-255,66,240316,96,289914
17464,0.038951,172.217.194.0-255,2902,243218,96,289914
17465,0.038954,172.31.47.0-255,66,243284,96,289914
17466,0.04124,172.217.194.0-255,1484,244768,96,289914
17467,0.041265,172.217.194.0-255,1484,246252,96,289914
17468,0.041269,172.31.47.0-255,66,246318,96,289914
17469,0.041297,172.217.194.0-255,2902,249220,96,289914
17470,0.041301,172.31.47.0-255,66,249286,96,289914
17471,0.043643,172.217.194.0-255,5738,255024,96,289914
17472,0.043654,172.31.47.0-255,66,255090,96,289914
17473,0.046001,172.217.194.0-255,5738,260828,96,289914
17474,0.046018,172.31.47.0-255,66,260894,96,289914
17475,0.048348,172.217.194.0-255,5738,266632,96,289914
17476,0.048358,172.31.47.0-255,66,266698,96,289914
17477,0.050668,172.217.194.0-255,5738,272436,96,289914
17478,0.050681,172.31.47.0-255,66,272502,96,289914
17479,0.053042,172.217.194.0-255,5738,278240,96,289914
17480,0.053053,172.31.47.0-255,66,278306,96,289914
17481,0.055403,172.217.194.0-255,5738,284044,96,289914
17482,0.055415,172.31.47.0-255,66,284110,96,289914
17483,0.057731,172.217.194.0-255,5738,289848,96,289914
17484,0.057742,172.31.47.0-255,66,289914,96,289914
17485,0.0,74.125.200.0-255,153,153,96,382323
17486,2.5e-05,172.31.47.0-255,66,219,96,382323
17487,3.1e-05,74.125.200.0-255,1484,1703,96,382323
17488,3.5e-05,172.31.47.0-255,66,1769,96,382323
17489,4e-05,74.125.200.0-255,2902,4671,96,382323
17490,4.2e-05,172.31.47.0-255,66,4737,96,382323
17491,7.6e-05,74.125.200.0-255,7156,11893,96,382323
17492,7.9e-05,172.31.47.0-255,66,11959,96,382323
17493,8.3e-05,74.125.200.0-255,2093,14052,96,382323
17494,8.6e-05,172.31.47.0-255,66,14118,96,382323
17495,0.000105,74.125.200.0-255,2902,17020,96,382323
17496,0.000108,172.31.47.0-255,66,17086,96,382323
17497,0.000145,172.31.47.0-255,66,17152,96,382323
17498,0.000152,74.125.200.0-255,5379,22531,96,382323
17499,0.000155,172.31.47.0-255,66,22597,96,382323
17500,0.000241,74.125.200.0-255,1484,24081,96,382323
17501,0.000245,172.31.47.0-255,66,24147,96,382323
17502,0.00025,74.125.200.0-255,2902,27049,96,382323
17503,0.000252,172.31.47.0-255,66,27115,96,382323
17504,0.000266,74.125.200.0-255,1484,28599,96,382323
17505,0.000269,172.31.47.0-255,66,28665,96,382323
17506,0.000285,74.125.200.0-255,4320,32985,96,382323
17507,0.00029,74.125.200.0-255,4320,37305,96,382323
17508,0.000291,172.31.47.0-255,66,37371,96,382323
17509,0.000294,172.31.47.0-255,66,37437,96,382323
17510,0.000318,74.125.200.0-255,2543,39980,96,382323
17511,0.000322,172.31.47.0-255,66,40046,96,382323
17512,0.000329,74.125.200.0-255,7156,47202,96,382323
17513,0.000332,172.31.47.0-255,66,47268,96,382323
17514,0.00035,74.125.200.0-255,1484,48752,96,382323
17515,0.000352,172.31.47.0-255,66,48818,96,382323
17516,0.000392,172.31.47.0-255,66,48884,96,382323
17517,0.000395,74.125.200.0-255,130,49014,96,382323
17518,0.000538,74.125.200.0-255,1484,50498,96,382323
17519,0.000543,172.31.47.0-255,66,50564,96,382323
17520,0.000548,74.125.200.0-255,2902,53466,96,382323
17521,0.00055,172.31.47.0-255,66,53532,96,382323
17522,0.000557,74.125.200.0-255,5738,59270,96,382323
17523,0.000559,172.31.47.0-255,66,59336,96,382323
17524,0.000581,74.125.200.0-255,1484,60820,96,382323
17525,0.000608,74.125.200.0-255,6797,67617,96,382323
17526,0.000612,172.31.47.0-255,66,67683,96,382323
17527,0.000624,172.31.47.0-255,66,67749,96,382323
17528,0.000655,74.125.200.0-255,4320,72069,96,382323
17529,0.000658,172.31.47.0-255,66,72135,96,382323
17530,0.000681,74.125.200.0-255,2543,74678,96,382323
17531,0.000683,172.31.47.0-255,66,74744,96,382323
17532,0.000775,74.125.200.0-255,348,75092,96,382323
17533,0.000936,74.125.200.0-255,1484,76576,96,382323
17534,0.00094,172.31.47.0-255,66,76642,96,382323
17535,0.000946,74.125.200.0-255,2902,79544,96,382323
17536,0.000948,172.31.47.0-255,66,79610,96,382323
17537,0.000965,74.125.200.0-255,5738,85348,96,382323
17538,0.000968,172.31.47.0-255,66,85414,96,382323
17539,0.000971,74.125.200.0-255,1484,86898,96,382323
17540,0.000991,74.125.200.0-255,2902,89800,96,382323
17541,0.000994,172.31.47.0-255,66,89866,96,382323
17542,0.001032,74.125.200.0-255,5738,95604,96,382323
17543,0.001035,172.31.47.0-255,66,95670,96,382323
17544,0.001042,74.125.200.0-255,5738,101408,96,382323
17545,0.001044,172.31.47.0-255,66,101474,96,382323
17546,0.001058,74.125.200.0-255,1484,102958,96,382323
17547,0.001071,74.125.200.0-255,1484,104442,96,382323
17548,0.001074,172.31.47.0-255,66,104508,96,382323
17549,0.00109,74.125.200.0-255,5020,109528,96,382323
17550,0.001092,172.31.47.0-255,66,109594,96,382323
17551,0.001343,74.125.200.0-255,1484,111078,96,382323
17552,0.001362,74.125.200.0-255,2902,113980,96,382323
17553,0.001367,172.31.47.0-255,66,114046,96,382323
17554,0.001375,74.125.200.0-255,4320,118366,96,382323
17555,0.001377,172.31.47.0-255,66,118432,96,382323
17556,0.001394,74.125.200.0-255,1484,119916,96,382323
17557,0.001399,74.125.200.0-255,2902,122818,96,382323
17558,0.001401,172.31.47.0-255,66,122884,96,382323
17559,0.001422,74.125.200.0-255,4320,127204,96,382323
17560,0.001424,172.31.47.0-255,66,127270,96,382323
17561,0.001429,74.125.200.0-255,4320,131590,96,382323
17562,0.001431,172.31.47.0-255,66,131656,96,382323
17563,0.001451,74.125.200.0-255,7156,138812,96,382323
17564,0.001453,172.31.47.0-255,66,138878,96,382323
17565,0.001474,74.125.200.0-255,2902,141780,96,382323
17566,0.001476,172.31.47.0-255,66,141846,96,382323
17567,0.001488,74.125.200.0-255,2184,144030,96,382323
17568,0.00149,172.31.47.0-255,66,144096,96,382323
17569,0.001673,74.125.200.0-255,1484,145580,96,382323
17570,0.001697,74.125.200.0-255,2902,148482,96,382323
17571,0.001701,172.31.47.0-255,66,148548,96,382323
17572,0.001707,74.125.200.0-255,5738,154286,96,382323
17573,0.001709,172.31.47.0-255,66,154352,96,382323
17574,0.001739,74.125.200.0-255,4320,158672,96,382323
17575,0.001742,172.31.47.0-255,66,158738,96,382323
17576,0.001763,74.125.200.0-255,5738,164476,96,382323
17577,0.001765,172.31.47.0-255,66,164542,96,382323
17578,0.001795,172.31.47.0-255,66,164608,96,382323
17579,0.0018,74.125.200.0-255,2184,166792,96,382323
17580,0.001801,172.31.47.0-255,66,166858,96,382323
17581,0.001839,74.125.200.0-255,1484,168342,96,382323
17582,0.001853,74.125.200.0-255,2902,171244,96,382323
17583,0.001856,172.31.47.0-255,66,171310,96,382323
17584,0.001873,74.125.200.0-255,2902,174212,96,382323
17585,0.001875,172.31.47.0-255,66,174278,96,382323
17586,0.001891,74.125.200.0-255,2902,177180,96,382323
17587,0.001893,172.31.47.0-255,66,177246,96,382323
17588,0.001897,74.125.200.0-255,4320,181566,96,382323
17589,0.001899,172.31.47.0-255,66,181632,96,382323
17590,0.001905,74.125.200.0-255,5738,187370,96,382323
17591,0.001907,172.31.47.0-255,66,187436,96,382323
17592,0.001933,74.125.200.0-255,7156,194592,96,382323
17593,0.001935,172.31.47.0-255,66,194658,96,382323
17594,0.001949,74.125.200.0-255,4320,198978,96,382323
17595,0.001951,172.31.47.0-255,66,199044,96,382323
17596,0.001954,74.125.200.0-255,2184,201228,96,382323
17597,0.001956,172.31.47.0-255,66,201294,96,382323
17598,0.002059,74.125.200.0-255,1484,202778,96,382323
17599,0.002074,74.125.200.0-255,2902,205680,96,382323
17600,0.002078,172.31.47.0-255,66,205746,96,382323
17601,0.002082,74.125.200.0-255,2902,208648,96,382323
17602,0.002084,172.31.47.0-255,66,208714,96,382323
17603,0.002097,74.125.200.0-255,1484,210198,96,382323
17604,0.00211,74.125.200.0-255,2902,213100,96,382323
17605,0.002113,172.31.47.0-255,66,213166,96,382323
17606,0.002132,74.125.200.0-255,2902,216068,96,382323
17607,0.002135,172.31.47.0-255,66,216134,96,382323
17608,0.002163,74.125.200.0-255,5738,221872,96,382323
17609,0.002166,172.31.47.0-255,66,221938,96,382323
17610,0.00217,74.125.200.0-255,2902,224840,96,382323
17611,0.002173,172.31.47.0-255,66,224906,96,382323
17612,0.002174,74.125.200.0-255,4320,229226,96,382323
17613,0.002187,172.31.47.0-255,66,229292,96,382323
17614,0.002194,74.125.200.0-255,4320,233612,96,382323
17615,0.002205,172.31.47.0-255,66,233678,96,382323
17616,0.002209,74.125.200.0-255,2184,235862,96,382323
17617,0.002218,172.31.47.0-255,66,235928,96,382323
17618,0.004445,74.125.200.0-255,5738,241666,96,382323
17619,0.00445,172.31.47.0-255,66,241732,96,382323
17620,0.006704,74.125.200.0-255,4320,246052,96,382323
17621,0.006708,172.31.47.0-255,66,246118,96,382323
17622,0.006731,74.125.200.0-255,1484,247602,96,382323
17623,0.008949,74.125.200.0-255,4320,251922,96,382323
17624,0.008954,172.31.47.0-255,66,251988,96,382323
17625,0.011198,74.125.200.0-255,5738,257726,96,382323
17626,0.011204,172.31.47.0-255,66,257792,96,382323
17627,0.013444,74.125.200.0-255,5738,263530,96,382323
17628,0.01345,172.31.47.0-255,66,263596,96,382323
17629,0.015694,74.125.200.0-255,5738,269334,96,382323
17630,0.0157,172.31.47.0-255,66,269400,96,382323
17631,0.017943,74.125.200.0-255,5738,275138,96,382323
17632,0.017953,172.31.47.0-255,66,275204,96,382323
17633,0.020203,74.125.200.0-255,5738,280942,96,382323
17634,0.020217,172.31.47.0-255,66,281008,96,382323
17635,0.022463,74.125.200.0-255,5738,286746,96,382323
17636,0.022471,172.31.47.0-255,66,286812,96,382323
17637,0.024711,74.125.200.0-255,5738,292550,96,382323
17638,0.024716,172.31.47.0-255,66,292616,96,382323
17639,0.02505,172.31.47.0-255,172,292788,96,382323
17640,0.025078,172.31.47.0-255,1105,293893,96,382323
17641,0.025107,172.31.47.0-255,1514,295407,96,382323
17642,0.025108,172.31.47.0-255,1306,296713,96,382323
17643,0.026569,104.244.42.0-255,66,296779,96,382323
17644,0.0266,104.244.42.0-255,66,296845,96,382323
17645,0.026633,104.244.42.0-255,66,296911,96,382323
17646,0.026951,74.125.200.0-255,5738,302649,96,382323
17647,0.026955,172.31.47.0-255,66,302715,96,382323
17648,0.029196,74.125.200.0-255,4320,307035,96,382323
17649,0.0292,172.31.47.0-255,66,307101,96,382323
17650,0.029226,74.125.200.0-255,1484,308585,96,382323
17651,0.031456,74.125.200.0-255,4320,312905,96,382323
17652,0.031461,172.31.47.0-255,66,312971,96,382323
17653,0.033704,74.125.200.0-255,4320,317291,96,382323
17654,0.03371,172.31.47.0-255,66,317357,96,382323
17655,0.033736,74.125.200.0-255,1484,318841,96,382323
17656,0.035947,74.125.200.0-255,4320,323161,96,382323
17657,0.035957,172.31.47.0-255,66,323227,96,382323
17658,0.03819,74.125.200.0-255,5738,328965,96,382323
17659,0.038195,172.31.47.0-255,66,329031,96,382323
17660,0.040442,74.125.200.0-255,5738,334769,96,382323
17661,0.040448,172.31.47.0-255,66,334835,96,382323
17662,0.042692,74.125.200.0-255,2902,337737,96,382323
17663,0.042696,172.31.47.0-255,66,337803,96,382323
17664,0.042726,74.125.200.0-255,2902,340705,96,382323
17665,0.042728,172.31.47.0-255,66,340771,96,382323
17666,0.044926,74.125.200.0-255,2902,343673,96,382323
17667,0.044931,172.31.47.0-255,66,343739,96,382323
17668,0.044964,74.125.200.0-255,2902,346641,96,382323
17669,0.044968,172.31.47.0-255,66,346707,96,382323
17670,0.047165,74.125.200.0-255,2902,349609,96,382323
17671,0.047171,172.31.47.0-255,66,349675,96,382323
17672,0.047205,74.125.200.0-255,2902,352577,96,382323
17673,0.047208,172.31.47.0-255,66,352643,96,382323
17674,0.049398,74.125.200.0-255,2902,355545,96,382323
17675,0.049403,172.31.47.0-255,66,355611,96,382323
17676,0.04944,74.125.200.0-255,2902,358513,96,382323
17677,0.049443,172.31.47.0-255,66,358579,96,382323
17678,0.051641,74.125.200.0-255,2902,361481,96,382323
17679,0.051646,172.31.47.0-255,66,361547,96,382323
17680,0.051685,74.125.200.0-255,2902,364449,96,382323
17681,0.051689,172.31.47.0-255,66,364515,96,382323
17682,0.053875,74.125.200.0-255,2902,367417,96,382323
17683,0.05388,172.31.47.0-255,66,367483,96,382323
17684,0.053938,74.125.200.0-255,2902,370385,96,382323
17685,0.053942,172.31.47.0-255,66,370451,96,382323
17686,0.05611,74.125.200.0-255,2902,373353,96,382323
17687,0.056115,172.31.47.0-255,66,373419,96,382323
17688,0.056172,74.125.200.0-255,2902,376321,96,382323
17689,0.056175,172.31.47.0-255,66,376387,96,382323
17690,0.058343,74.125.200.0-255,2902,379289,96,382323
17691,0.058347,172.31.47.0-255,66,379355,96,382323
17692,0.0584,74.125.200.0-255,2902,382257,96,382323
17693,0.058403,172.31.47.0-255,66,382323,96,382323
17694,0.0,74.125.68.0-255,153,153,96,333375
17695,2.8e-05,172.31.47.0-255,66,219,96,333375
17696,3.4e-05,74.125.68.0-255,1484,1703,96,333375
17697,3.9e-05,172.31.47.0-255,66,1769,96,333375
17698,4.1e-05,74.125.68.0-255,1484,3253,96,333375
17699,4.4e-05,172.31.47.0-255,66,3319,96,333375
17700,7.9e-05,74.125.68.0-255,1484,4803,96,333375
17701,8.2e-05,172.31.47.0-255,66,4869,96,333375
17702,8.5e-05,74.125.68.0-255,1484,6353,96,333375
17703,8.7e-05,172.31.47.0-255,66,6419,96,333375
17704,9.4e-05,74.125.68.0-255,2902,9321,96,333375
17705,0.000102,172.31.47.0-255,66,9387,96,333375
17706,0.000107,74.125.68.0-255,5030,14417,96,333375
17707,0.00011,172.31.47.0-255,66,14483,96,333375
17708,0.000195,74.125.68.0-255,1484,15967,96,333375
17709,0.000199,172.31.47.0-255,66,16033,96,333375
17710,0.000204,74.125.68.0-255,2902,18935,96,333375
17711,0.000207,172.31.47.0-255,66,19001,96,333375
17712,0.000232,74.125.68.0-255,4320,23321,96,333375
17713,0.000235,172.31.47.0-255,66,23387,96,333375
17714,0.000267,172.31.47.0-255,66,23453,96,333375
17715,0.000451,74.125.68.0-255,1484,24937,96,333375
17716,0.000454,172.31.47.0-255,66,25003,96,333375
17717,0.000458,74.125.68.0-255,1484,26487,96,333375
17718,0.000459,172.31.47.0-255,66,26553,96,333375
17719,0.000477,74.125.68.0-255,1484,28037,96,333375
17720,0.000479,172.31.47.0-255,66,28103,96,333375
17721,0.000489,74.125.68.0-255,5738,33841,96,333375
17722,0.000491,172.31.47.0-255,66,33907,96,333375
17723,0.000497,74.125.68.0-255,4320,38227,96,333375
17724,0.000499,172.31.47.0-255,66,38293,96,333375
17725,0.000518,74.125.68.0-255,1484,39777,96,333375
17726,0.000523,74.125.68.0-255,2902,42679,96,333375
17727,0.000525,172.31.47.0-255,66,42745,96,333375
17728,0.000547,74.125.68.0-255,3961,46706,96,333375
17729,0.00055,74.125.68.0-255,1484,48190,96,333375
17730,0.000552,172.31.47.0-255,66,48256,96,333375
17731,0.000574,74.125.68.0-255,7156,55412,96,333375
17732,0.000582,172.31.47.0-255,66,55478,96,333375
17733,0.000603,74.125.68.0-255,2543,58021,96,333375
17734,0.000616,172.31.47.0-255,66,58087,96,333375
17735,0.000876,74.125.68.0-255,647,58734,96,333375
17736,0.001048,74.125.68.0-255,1484,60218,96,333375
17737,0.001053,172.31.47.0-255,66,60284,96,333375
17738,0.001059,74.125.68.0-255,2902,63186,96,333375
17739,0.00106,172.31.47.0-255,66,63252,96,333375
17740,0.001087,74.125.68.0-255,5738,68990,96,333375
17741,0.00109,172.31.47.0-255,66,69056,96,333375
17742,0.001117,74.125.68.0-255,7156,76212,96,333375
17743,0.00112,74.125.68.0-255,1484,77696,96,333375
17744,0.00114,74.125.68.0-255,7156,84852,96,333375
17745,0.001157,74.125.68.0-255,2902,87754,96,333375
17746,0.001174,74.125.68.0-255,5020,92774,96,333375
17747,0.001314,74.125.68.0-255,1484,94258,96,333375
17748,0.00136,74.125.68.0-255,1484,95742,96,333375
17749,0.001371,74.125.68.0-255,1484,97226,96,333375
17750,0.001384,74.125.68.0-255,4320,101546,96,333375
17751,0.001387,74.125.68.0-255,1484,103030,96,333375
17752,0.001405,74.125.68.0-255,4320,107350,96,333375
17753,0.001412,74.125.68.0-255,7156,114506,96,333375
17754,0.001423,74.125.68.0-255,1484,115990,96,333375
17755,0.001433,74.125.68.0-255,1484,117474,96,333375
17756,0.001452,74.125.68.0-255,766,118240,96,333375
17757,0.001584,172.31.47.0-255,66,118306,96,333375
17758,0.001879,74.125.68.0-255,1484,119790,96,333375
17759,0.001886,74.125.68.0-255,2902,122692,96,333375
17760,0.00189,172.31.47.0-255,66,122758,96,333375
17761,0.001917,74.125.68.0-255,5738,128496,96,333375
17762,0.00193,172.31.47.0-255,66,128562,96,333375
17763,0.001955,74.125.68.0-255,1484,130046,96,333375
17764,0.001969,74.125.68.0-255,4320,134366,96,333375
17765,0.001972,172.31.47.0-255,66,134432,96,333375
17766,0.001984,74.125.68.0-255,1484,135916,96,333375
17767,0.001992,74.125.68.0-255,2902,138818,96,333375
17768,0.002006,172.31.47.0-255,66,138884,96,333375
17769,0.002008,74.125.68.0-255,4320,143204,96,333375
17770,0.002011,172.31.47.0-255,66,143270,96,333375
17771,0.002013,74.125.68.0-255,5738,149008,96,333375
17772,0.00203,172.31.47.0-255,66,149074,96,333375
17773,0.002042,74.125.68.0-255,2902,151976,96,333375
17774,0.002054,74.125.68.0-255,766,152742,96,333375
17775,0.002056,172.31.47.0-255,66,152808,96,333375
17776,0.002141,74.125.68.0-255,1484,154292,96,333375
17777,0.002144,172.31.47.0-255,66,154358,96,333375
17778,0.002164,74.125.68.0-255,1484,155842,96,333375
17779,0.002178,74.125.68.0-255,1484,157326,96,333375
17780,0.002183,74.125.68.0-255,2902,160228,96,333375
17781,0.002192,172.31.47.0-255,66,160294,96,333375
17782,0.002195,74.125.68.0-255,2902,163196,96,333375
17783,0.002198,74.125.68.0-255,2902,166098,96,333375
17784,0.002204,172.31.47.0-255,66,166164,96,333375
17785,0.002227,74.125.68.0-255,4320,170484,96,333375
17786,0.002232,74.125.68.0-255,2902,173386,96,333375
17787,0.002235,172.31.47.0-255,66,173452,96,333375
17788,0.002244,74.125.68.0-255,2902,176354,96,333375
17789,0.002257,172.31.47.0-255,66,176420,96,333375
17790,0.00228,74.125.68.0-255,1484,177904,96,333375
17791,0.002299,74.125.68.0-255,2902,180806,96,333375
17792,0.002303,74.125.68.0-255,2902,183708,96,333375
17793,0.002304,172.31.47.0-255,66,183774,96,333375
17794,0.002308,172.31.47.0-255,66,183840,96,333375
17795,0.002329,74.125.68.0-255,2902,186742,96,333375
17796,0.002335,172.31.47.0-255,66,186808,96,333375
17797,0.002338,74.125.68.0-255,766,187574,96,333375
17798,0.002586,74.125.68.0-255,1484,189058,96,333375
17799,0.00259,172.31.47.0-255,66,189124,96,333375
17800,0.002593,74.125.68.0-255,1484,190608,96,333375
17801,0.002597,74.125.68.0-255,2902,193510,96,333375
17802,0.002599,74.125.68.0-255,1484,194994,96,333375
17803,0.002607,172.31.47.0-255,66,195060,96,333375
17804,0.002623,74.125.68.0-255,4320,199380,96,333375
17805,0.002627,74.125.68.0-255,4320,203700,96,333375
17806,0.002629,172.31.47.0-255,66,203766,96,333375
17807,0.002634,172.31.47.0-255,66,203832,96,333375
17808,0.00264,74.125.68.0-255,4320,208152,96,333375
17809,0.002655,172.31.47.0-255,66,208218,96,333375
17810,0.005229,74.125.68.0-255,1484,209702,96,333375
17811,0.005251,74.125.68.0-255,4320,214022,96,333375
17812,0.005254,172.31.47.0-255,66,214088,96,333375
17813,0.007844,74.125.68.0-255,4320,218408,96,333375
17814,0.00785,172.31.47.0-255,66,218474,96,333375
17815,0.007872,74.125.68.0-255,1484,219958,96,333375
17816,0.010455,74.125.68.0-255,4320,224278,96,333375
17817,0.010461,172.31.47.0-255,66,224344,96,333375
17818,0.013072,74.125.68.0-255,5738,230082,96,333375
17819,0.013081,172.31.47.0-255,66,230148,96,333375
17820,0.015705,74.125.68.0-255,5738,235886,96,333375
17821,0.015715,172.31.47.0-255,66,235952,96,333375
17822,0.018343,74.125.68.0-255,5738,241690,96,333375
17823,0.018363,172.31.47.0-255,66,241756,96,333375
17824,0.021009,74.125.68.0-255,5738,247494,96,333375
17825,0.021026,172.31.47.0-255,66,247560,96,333375
17826,0.023645,74.125.68.0-255,5738,253298,96,333375
17827,0.023662,172.31.47.0-255,66,253364,96,333375
17828,0.02626,74.125.68.0-255,5738,259102,96,333375
17829,0.026266,172.31.47.0-255,66,259168,96,333375
17830,0.028897,74.125.68.0-255,5738,264906,96,333375
17831,0.028918,172.31.47.0-255,66,264972,96,333375
17832,0.03153,74.125.68.0-255,5738,270710,96,333375
17833,0.031537,172.31.47.0-255,66,270776,96,333375
17834,0.03415,74.125.68.0-255,5738,276514,96,333375
17835,0.034165,172.31.47.0-255,66,276580,96,333375
17836,0.036764,74.125.68.0-255,5738,282318,96,333375
17837,0.036771,172.31.47.0-255,66,282384,96,333375
17838,0.039397,74.125.68.0-255,5738,288122,96,333375
17839,0.039419,172.31.47.0-255,66,288188,96,333375
17840,0.039981,172.31.47.0-255,172,288360,96,333375
17841,0.04001,172.31.47.0-255,1101,289461,96,333375
17842,0.040056,172.31.47.0-255,1514,290975,96,333375
17843,0.040057,172.31.47.0-255,1310,292285,96,333375
17844,0.041556,104.244.42.0-255,66,292351,96,333375
17845,0.041565,104.244.42.0-255,66,292417,96,333375
17846,0.041638,104.244.42.0-255,66,292483,96,333375
17847,0.042028,74.125.68.0-255,5738,298221,96,333375
17848,0.042037,172.31.47.0-255,66,298287,96,333375
17849,0.044675,74.125.68.0-255,5738,304025,96,333375
17850,0.044696,172.31.47.0-255,66,304091,96,333375
17851,0.047325,74.125.68.0-255,5738,309829,96,333375
17852,0.047375,172.31.47.0-255,66,309895,96,333375
17853,0.050005,74.125.68.0-255,5738,315633,96,333375
17854,0.050019,172.31.47.0-255,66,315699,96,333375
17855,0.052619,74.125.68.0-255,5738,321437,96,333375
17856,0.052624,172.31.47.0-255,66,321503,96,333375
17857,0.055219,74.125.68.0-255,2902,324405,96,333375
17858,0.055224,172.31.47.0-255,66,324471,96,333375
17859,0.055251,74.125.68.0-255,2902,327373,96,333375
17860,0.055255,172.31.47.0-255,66,327439,96,333375
17861,0.057816,74.125.68.0-255,2902,330341,96,333375
17862,0.05782,172.31.47.0-255,66,330407,96,333375
17863,0.057847,74.125.68.0-255,2902,333309,96,333375
17864,0.05785,172.31.47.0-255,66,333375,96,333375
17865,0.0,172.31.47.0-255,105,105,96,276
17866,0.002444,157.240.13.0-255,105,210,96,276
17867,0.002453,172.31.47.0-255,66,276,96,276
17868,0.0,74.125.24.0-255,153,153,96,172210
17869,2.5e-05,172.31.47.0-255,66,219,96,172210
17870,3.2e-05,74.125.24.0-255,1484,1703,96,172210
17871,3.6e-05,172.31.47.0-255,66,1769,96,172210
17872,4.6e-05,74.125.24.0-255,2902,4671,96,172210
17873,4.9e-05,172.31.47.0-255,66,4737,96,172210
17874,5.5e-05,74.125.24.0-255,7156,11893,96,172210
17875,5.7e-05,172.31.47.0-255,66,11959,96,172210
17876,7.8e-05,74.125.24.0-255,2210,14169,96,172210
17877,8e-05,172.31.47.0-255,66,14235,96,172210
17878,0.000492,74.125.24.0-255,1484,15719,96,172210
17879,0.000497,172.31.47.0-255,66,15785,96,172210
17880,0.000523,74.125.24.0-255,2902,18687,96,172210
17881,0.000526,172.31.47.0-255,66,18753,96,172210
17882,0.000552,74.125.24.0-255,4320,23073,96,172210
17883,0.000555,172.31.47.0-255,66,23139,96,172210
17884,0.00061,74.125.24.0-255,4320,27459,96,172210
17885,0.000613,172.31.47.0-255,66,27525,96,172210
17886,0.000639,74.125.24.0-255,3961,31486,96,172210
17887,0.000642,172.31.47.0-255,66,31552,96,172210
17888,0.000664,74.125.24.0-255,5738,37290,96,172210
17889,0.000666,172.31.47.0-255,66,37356,96,172210
17890,0.000686,74.125.24.0-255,2902,40258,96,172210
17891,0.000688,172.31.47.0-255,66,40324,96,172210
17892,0.000692,74.125.24.0-255,2902,43226,96,172210
17893,0.000694,172.31.47.0-255,66,43292,96,172210
17894,0.000734,74.125.24.0-255,6797,50089,96,172210
17895,0.000738,172.31.47.0-255,66,50155,96,172210
17896,0.000747,172.31.47.0-255,66,50221,96,172210
17897,0.000757,74.125.24.0-255,5650,55871,96,172210
17898,0.000759,172.31.47.0-255,66,55937,96,172210
17899,0.000857,74.125.24.0-255,134,56071,96,172210
17900,0.001065,74.125.24.0-255,347,56418,96,172210
17901,0.0019,74.125.24.0-255,1484,57902,96,172210
17902,0.001903,172.31.47.0-255,66,57968,96,172210
17903,0.001907,74.125.24.0-255,2902,60870,96,172210
17904,0.001909,172.31.47.0-255,66,60936,96,172210
17905,0.001936,74.125.24.0-255,5738,66674,96,172210
17906,0.001938,172.31.47.0-255,66,66740,96,172210
17907,0.001961,74.125.24.0-255,1484,68224,96,172210
17908,0.001977,172.31.47.0-255,66,68290,96,172210
17909,0.001998,74.125.24.0-255,2902,71192,96,172210
17910,0.001999,172.31.47.0-255,66,71258,96,172210
17911,0.002028,172.31.47.0-255,66,71324,96,172210
17912,0.002242,74.125.24.0-255,1484,72808,96,172210
17913,0.002256,74.125.24.0-255,2902,75710,96,172210
17914,0.002258,172.31.47.0-255,66,75776,96,172210
17915,0.002261,74.125.24.0-255,1484,77260,96,172210
17916,0.002283,74.125.24.0-255,4320,81580,96,172210
17917,0.002285,172.31.47.0-255,66,81646,96,172210
17918,0.002294,172.31.47.0-255,66,81712,96,172210
17919,0.002296,74.125.24.0-255,1484,83196,96,172210
17920,0.002331,172.31.47.0-255,66,83262,96,172210
17921,0.002366,74.125.24.0-255,1484,84746,96,172210
17922,0.002388,172.31.47.0-255,66,84812,96,172210
17923,0.002413,74.125.24.0-255,2184,86996,96,172210
17924,0.002416,172.31.47.0-255,66,87062,96,172210
17925,0.002418,74.125.24.0-255,1484,88546,96,172210
17926,0.002484,172.31.47.0-255,66,88612,96,172210
17927,0.002505,74.125.24.0-255,6438,95050,96,172210
17928,0.002509,172.31.47.0-255,66,95116,96,172210
17929,0.002525,172.31.47.0-255,66,95182,96,172210
17930,0.00254,172.31.47.0-255,66,95248,96,172210
17931,0.002545,74.125.24.0-255,7156,102404,96,172210
17932,0.002548,172.31.47.0-255,66,102470,96,172210
17933,0.002592,74.125.24.0-255,4320,106790,96,172210
17934,0.002596,172.31.47.0-255,66,106856,96,172210
17935,0.002638,172.31.47.0-255,66,106922,96,172210
17936,0.002648,172.31.47.0-255,66,106988,96,172210
17937,0.002691,172.31.47.0-255,66,107054,96,172210
17938,0.002702,172.31.47.0-255,66,107120,96,172210
17939,0.002731,74.125.24.0-255,7156,114276,96,172210
17940,0.002735,172.31.47.0-255,66,114342,96,172210
17941,0.002743,74.125.24.0-255,4320,118662,96,172210
17942,0.002745,172.31.47.0-255,66,118728,96,172210
17943,0.00275,74.125.24.0-255,4320,123048,96,172210
17944,0.002753,172.31.47.0-255,66,123114,96,172210
17945,0.002772,172.31.47.0-255,66,123180,96,172210
17946,0.002775,74.125.24.0-255,1484,124664,96,172210
17947,0.002782,74.125.24.0-255,1484,126148,96,172210
17948,0.002784,172.31.47.0-255,66,126214,96,172210
17949,0.002788,74.125.24.0-255,2902,129116,96,172210
17950,0.00279,172.31.47.0-255,66,129182,96,172210
17951,0.002794,74.125.24.0-255,3602,132784,96,172210
17952,0.002797,172.31.47.0-255,66,132850,96,172210
17953,0.002906,74.125.24.0-255,1484,134334,96,172210
17954,0.002921,74.125.24.0-255,2902,137236,96,172210
17955,0.002924,172.31.47.0-255,66,137302,96,172210
17956,0.00293,74.125.24.0-255,4320,141622,96,172210
17957,0.002932,172.31.47.0-255,66,141688,96,172210
17958,0.002969,74.125.24.0-255,1484,143172,96,172210
17959,0.002981,172.31.47.0-255,66,143238,96,172210
17960,0.002984,74.125.24.0-255,1484,144722,96,172210
17961,0.002986,74.125.24.0-255,1484,146206,96,172210
17962,0.002988,172.31.47.0-255,66,146272,96,172210
17963,0.002993,74.125.24.0-255,4320,150592,96,172210
17964,0.002997,172.31.47.0-255,66,150658,96,172210
17965,0.003021,74.125.24.0-255,5738,156396,96,172210
17966,0.003028,172.31.47.0-255,66,156462,96,172210
17967,0.003038,172.31.47.0-255,66,156528,96,172210
17968,0.003048,172.31.47.0-255,66,156594,96,172210
17969,0.003115,74.125.24.0-255,1484,158078,96,172210
17970,0.003118,172.31.47.0-255,66,158144,96,172210
17971,0.003148,172.31.47.0-255,66,158210,96,172210
17972,0.003181,74.125.24.0-255,7156,165366,96,172210
17973,0.003184,172.31.47.0-255,66,165432,96,172210
17974,0.003195,172.31.47.0-255,66,165498,96,172210
17975,0.003211,172.31.47.0-255,66,165564,96,172210
17976,0.003214,74.125.24.0-255,105,165669,96,172210
17977,0.003943,172.31.47.0-255,101,165770,96,172210
17978,0.00549,172.31.47.0-255,105,165875,96,172210
17979,0.006113,74.125.24.0-255,66,165941,96,172210
17980,0.007688,74.125.24.0-255,66,166007,96,172210
17981,0.018427,172.31.47.0-255,172,166179,96,172210
17982,0.018457,172.31.47.0-255,1109,167288,96,172210
17983,0.018491,172.31.47.0-255,1514,168802,96,172210
17984,0.018493,172.31.47.0-255,1514,170316,96,172210
17985,0.018494,172.31.47.0-255,1514,171830,96,172210
17986,0.018495,172.31.47.0-255,116,171946,96,172210
17987,0.019956,104.244.42.0-255,66,172012,96,172210
17988,0.020014,104.244.42.0-255,66,172078,96,172210
17989,0.020059,104.244.42.0-255,66,172144,96,172210
17990,0.020061,104.244.42.0-255,66,172210,96,172210
17991,0.0,74.125.24.0-255,300,300,96,286439
17992,2.4e-05,172.31.47.0-255,66,366,96,286439
17993,3.1e-05,74.125.24.0-255,1484,1850,96,286439
17994,3.5e-05,172.31.47.0-255,66,1916,96,286439
17995,4.9e-05,74.125.24.0-255,4320,6236,96,286439
17996,5.2e-05,172.31.47.0-255,66,6302,96,286439
17997,5.8e-05,74.125.24.0-255,5738,12040,96,286439
17998,6.1e-05,172.31.47.0-255,66,12106,96,286439
17999,8.2e-05,74.125.24.0-255,1868,13974,96,286439
18000,8.4e-05,172.31.47.0-255,66,14040,96,286439
18001,0.000121,74.125.24.0-255,1484,15524,96,286439
18002,0.000123,172.31.47.0-255,66,15590,96,286439
18003,0.000141,74.125.24.0-255,2902,18492,96,286439
18004,0.000143,172.31.47.0-255,66,18558,96,286439
18005,0.000169,74.125.24.0-255,5738,24296,96,286439
18006,0.000171,172.31.47.0-255,66,24362,96,286439
18007,0.000197,74.125.24.0-255,5738,30100,96,286439
18008,0.000199,172.31.47.0-255,66,30166,96,286439
18009,0.000226,74.125.24.0-255,1125,31291,96,286439
18010,0.000228,172.31.47.0-255,66,31357,96,286439
18011,0.000235,74.125.24.0-255,7156,38513,96,286439
18012,0.000237,172.31.47.0-255,66,38579,96,286439
18013,0.000252,172.31.47.0-255,66,38645,96,286439
18014,0.000315,74.125.24.0-255,1484,40129,96,286439
18015,0.000318,172.31.47.0-255,66,40195,96,286439
18016,0.000323,74.125.24.0-255,2902,43097,96,286439
18017,0.000325,172.31.47.0-255,66,43163,96,286439
18018,0.000328,74.125.24.0-255,1484,44647,96,286439
18019,0.000329,172.31.47.0-255,66,44713,96,286439
18020,0.000361,74.125.24.0-255,4320,49033,96,286439
18021,0.000363,172.31.47.0-255,66,49099,96,286439
18022,0.000386,74.125.24.0-255,2902,52001,96,286439
18023,0.000388,172.31.47.0-255,66,52067,96,286439
18024,0.000411,74.125.24.0-255,3961,56028,96,286439
18025,0.000413,172.31.47.0-255,66,56094,96,286439
18026,0.000416,74.125.24.0-255,366,56460,96,286439
18027,0.000594,74.125.24.0-255,129,56589,96,286439
18028,0.001004,74.125.24.0-255,1484,58073,96,286439
18029,0.001009,172.31.47.0-255,66,58139,96,286439
18030,0.001016,74.125.24.0-255,2902,61041,96,286439
18031,0.001018,172.31.47.0-255,66,61107,96,286439
18032,0.001024,74.125.24.0-255,5738,66845,96,286439
18033,0.00103,172.31.47.0-255,66,66911,96,286439
18034,0.001063,172.31.47.0-255,66,66977,96,286439
18035,0.001091,74.125.24.0-255,7156,74133,96,286439
18036,0.001093,172.31.47.0-255,66,74199,96,286439
18037,0.001122,74.125.24.0-255,2902,77101,96,286439
18038,0.001124,172.31.47.0-255,66,77167,96,286439
18039,0.00113,74.125.24.0-255,4219,81386,96,286439
18040,0.001132,172.31.47.0-255,66,81452,96,286439
18041,0.001213,74.125.24.0-255,1484,82936,96,286439
18042,0.001217,74.125.24.0-255,1484,84420,96,286439
18043,0.00122,172.31.47.0-255,66,84486,96,286439
18044,0.001244,74.125.24.0-255,1484,85970,96,286439
18045,0.001251,74.125.24.0-255,5738,91708,96,286439
18046,0.001253,172.31.47.0-255,66,91774,96,286439
18047,0.001257,74.125.24.0-255,2902,94676,96,286439
18048,0.001259,172.31.47.0-255,66,94742,96,286439
18049,0.001284,74.125.24.0-255,5738,100480,96,286439
18050,0.001286,172.31.47.0-255,66,100546,96,286439
18051,0.001297,172.31.47.0-255,66,100612,96,286439
18052,0.001301,74.125.24.0-255,2902,103514,96,286439
18053,0.001304,172.31.47.0-255,66,103580,96,286439
18054,0.001331,74.125.24.0-255,2184,105764,96,286439
18055,0.001334,172.31.47.0-255,66,105830,96,286439
18056,0.001758,74.125.24.0-255,1484,107314,96,286439
18057,0.001773,74.125.24.0-255,2902,110216,96,286439
18058,0.001777,172.31.47.0-255,66,110282,96,286439
18059,0.001782,74.125.24.0-255,2902,113184,96,286439
18060,0.001784,172.31.47.0-255,66,113250,96,286439
18061,0.001803,74.125.24.0-255,2902,116152,96,286439
18062,0.001806,172.31.47.0-255,66,116218,96,286439
18063,0.001817,172.31.47.0-255,66,116284,96,286439
18064,0.001838,74.125.24.0-255,1484,117768,96,286439
18065,0.001899,74.125.24.0-255,5738,123506,96,286439
18066,0.001902,172.31.47.0-255,66,123572,96,286439
18067,0.00193,74.125.24.0-255,5020,128592,96,286439
18068,0.001932,172.31.47.0-255,66,128658,96,286439
18069,0.001944,172.31.47.0-255,66,128724,96,286439
18070,0.001961,172.31.47.0-255,66,128790,96,286439
18071,0.001993,74.125.24.0-255,6438,135228,96,286439
18072,0.001995,172.31.47.0-255,66,135294,96,286439
18073,0.002037,74.125.24.0-255,1484,136778,96,286439
18074,0.002053,74.125.24.0-255,2902,139680,96,286439
18075,0.002055,172.31.47.0-255,66,139746,96,286439
18076,0.002082,74.125.24.0-255,5738,145484,96,286439
18077,0.002084,172.31.47.0-255,66,145550,96,286439
18078,0.002088,74.125.24.0-255,2902,148452,96,286439
18079,0.002089,172.31.47.0-255,66,148518,96,286439
18080,0.002092,74.125.24.0-255,1484,150002,96,286439
18081,0.002117,172.31.47.0-255,66,150068,96,286439
18082,0.002143,172.31.47.0-255,66,150134,96,286439
18083,0.002182,74.125.24.0-255,1484,151618,96,286439
18084,0.002199,74.125.24.0-255,2902,154520,96,286439
18085,0.002203,172.31.47.0-255,66,154586,96,286439
18086,0.002208,74.125.24.0-255,4320,158906,96,286439
18087,0.00221,172.31.47.0-255,66,158972,96,286439
18088,0.002225,74.125.24.0-255,1484,160456,96,286439
18089,0.002245,172.31.47.0-255,66,160522,96,286439
18090,0.002268,74.125.24.0-255,2902,163424,96,286439
18091,0.002273,172.31.47.0-255,66,163490,96,286439
18092,0.002294,74.125.24.0-255,2902,166392,96,286439
18093,0.002297,172.31.47.0-255,66,166458,96,286439
18094,0.002328,172.31.47.0-255,66,166524,96,286439
18095,0.002351,74.125.24.0-255,1484,168008,96,286439
18096,0.002364,74.125.24.0-255,2902,170910,96,286439
18097,0.002367,172.31.47.0-255,66,170976,96,286439
18098,0.00237,74.125.24.0-255,1484,172460,96,286439
18099,0.002388,74.125.24.0-255,4320,176780,96,286439
18100,0.00239,172.31.47.0-255,66,176846,96,286439
18101,0.002396,74.125.24.0-255,5738,182584,96,286439
18102,0.002398,172.31.47.0-255,66,182650,96,286439
18103,0.002446,172.31.47.0-255,66,182716,96,286439
18104,0.002452,74.125.24.0-255,5020,187736,96,286439
18105,0.002454,172.31.47.0-255,66,187802,96,286439
18106,0.002551,74.125.24.0-255,1484,189286,96,286439
18107,0.002555,74.125.24.0-255,1484,190770,96,286439
18108,0.002558,172.31.47.0-255,66,190836,96,286439
18109,0.002567,74.125.24.0-255,1484,192320,96,286439
18110,0.0026,74.125.24.0-255,5738,198058,96,286439
18111,0.002602,172.31.47.0-255,66,198124,96,286439
18112,0.002613,172.31.47.0-255,66,198190,96,286439
18113,0.002627,172.31.47.0-255,66,198256,96,286439
18114,0.005198,74.125.24.0-255,5738,203994,96,286439
18115,0.005214,172.31.47.0-255,66,204060,96,286439
18116,0.007818,74.125.24.0-255,5738,209798,96,286439
18117,0.007831,172.31.47.0-255,66,209864,96,286439
18118,0.010438,74.125.24.0-255,5738,215602,96,286439
18119,0.010446,172.31.47.0-255,66,215668,96,286439
18120,0.012993,74.125.24.0-255,5738,221406,96,286439
18121,0.013,172.31.47.0-255,66,221472,96,286439
18122,0.015552,74.125.24.0-255,5738,227210,96,286439
18123,0.015562,172.31.47.0-255,66,227276,96,286439
18124,0.018145,74.125.24.0-255,5738,233014,96,286439
18125,0.018152,172.31.47.0-255,66,233080,96,286439
18126,0.020713,74.125.24.0-255,5738,238818,96,286439
18127,0.02072,172.31.47.0-255,66,238884,96,286439
18128,0.023296,74.125.24.0-255,5738,244622,96,286439
18129,0.023308,172.31.47.0-255,66,244688,96,286439
18130,0.025888,74.125.24.0-255,5738,250426,96,286439
18131,0.025895,172.31.47.0-255,66,250492,96,286439
18132,0.025971,172.31.47.0-255,172,250664,96,286439
18133,0.025998,172.31.47.0-255,1105,251769,96,286439
18134,0.026106,172.31.47.0-255,1514,253283,96,286439
18135,0.026108,172.31.47.0-255,341,253624,96,286439
18136,0.027494,104.244.42.0-255,66,253690,96,286439
18137,0.027528,104.244.42.0-255,66,253756,96,286439
18138,0.027663,104.244.42.0-255,66,253822,96,286439
18139,0.028439,74.125.24.0-255,5738,259560,96,286439
18140,0.028445,172.31.47.0-255,66,259626,96,286439
18141,0.031002,74.125.24.0-255,5738,265364,96,286439
18142,0.031009,172.31.47.0-255,66,265430,96,286439
18143,0.033579,74.125.24.0-255,5738,271168,96,286439
18144,0.033585,172.31.47.0-255,66,271234,96,286439
18145,0.03615,74.125.24.0-255,5738,276972,96,286439
18146,0.036157,172.31.47.0-255,66,277038,96,286439
18147,0.038709,74.125.24.0-255,5738,282776,96,286439
18148,0.038719,172.31.47.0-255,66,282842,96,286439
18149,0.041282,74.125.24.0-255,3360,286202,96,286439
18150,0.041288,172.31.47.0-255,66,286268,96,286439
18151,0.041426,172.31.47.0-255,105,286373,96,286439
18152,0.043956,74.125.24.0-255,66,286439,96,286439
18153,0.0,172.31.47.0-255,66,66,96,66
18154,0.0,74.125.130.0-255,153,153,96,400123
18155,3.2e-05,172.31.47.0-255,66,219,96,400123
18156,3.8e-05,74.125.130.0-255,1484,1703,96,400123
18157,4.2e-05,172.31.47.0-255,66,1769,96,400123
18158,5.9e-05,74.125.130.0-255,2902,4671,96,400123
18159,6.1e-05,172.31.47.0-255,66,4737,96,400123
18160,8.7e-05,74.125.130.0-255,4320,9057,96,400123
18161,9e-05,172.31.47.0-255,66,9123,96,400123
18162,0.000105,74.125.130.0-255,2902,12025,96,400123
18163,0.000107,172.31.47.0-255,66,12091,96,400123
18164,0.000128,74.125.130.0-255,1484,13575,96,400123
18165,0.00013,172.31.47.0-255,66,13641,96,400123
18166,0.000179,74.125.130.0-255,4979,18620,96,400123
18167,0.000182,172.31.47.0-255,66,18686,96,400123
18168,0.000185,74.125.130.0-255,1484,20170,96,400123
18169,0.000186,172.31.47.0-255,66,20236,96,400123
18170,0.000202,74.125.130.0-255,4320,24556,96,400123
18171,0.000204,172.31.47.0-255,66,24622,96,400123
18172,0.000223,74.125.130.0-255,5738,30360,96,400123
18173,0.000225,172.31.47.0-255,66,30426,96,400123
18174,0.000254,74.125.130.0-255,1125,31551,96,400123
18175,0.000256,172.31.47.0-255,66,31617,96,400123
18176,0.000399,74.125.130.0-255,1484,33101,96,400123
18177,0.000403,172.31.47.0-255,66,33167,96,400123
18178,0.000416,74.125.130.0-255,2902,36069,96,400123
18179,0.00042,172.31.47.0-255,66,36135,96,400123
18180,0.000438,74.125.130.0-255,2902,39037,96,400123
18181,0.000441,172.31.47.0-255,66,39103,96,400123
18182,0.000457,74.125.130.0-255,2902,42005,96,400123
18183,0.000459,172.31.47.0-255,66,42071,96,400123
18184,0.000463,74.125.130.0-255,2902,44973,96,400123
18185,0.000464,172.31.47.0-255,66,45039,96,400123
18186,0.000486,74.125.130.0-255,3961,49000,96,400123
18187,0.000489,172.31.47.0-255,66,49066,96,400123
18188,0.000528,74.125.130.0-255,2902,51968,96,400123
18189,0.00053,172.31.47.0-255,66,52034,96,400123
18190,0.000545,74.125.130.0-255,1484,53518,96,400123
18191,0.000549,74.125.130.0-255,1484,55002,96,400123
18192,0.000551,172.31.47.0-255,66,55068,96,400123
18193,0.000578,74.125.130.0-255,4320,59388,96,400123
18194,0.000581,172.31.47.0-255,66,59454,96,400123
18195,0.000588,74.125.130.0-255,7052,66506,96,400123
18196,0.00059,74.125.130.0-255,400,66906,96,400123
18197,0.000591,172.31.47.0-255,66,66972,96,400123
18198,0.000708,74.125.130.0-255,1484,68456,96,400123
18199,0.000711,172.31.47.0-255,66,68522,96,400123
18200,0.000717,74.125.130.0-255,2902,71424,96,400123
18201,0.00072,172.31.47.0-255,66,71490,96,400123
18202,0.00074,74.125.130.0-255,5738,77228,96,400123
18203,0.000743,172.31.47.0-255,66,77294,96,400123
18204,0.000798,74.125.130.0-255,5738,83032,96,400123
18205,0.000803,172.31.47.0-255,66,83098,96,400123
18206,0.000823,74.125.130.0-255,4320,87418,96,400123
18207,0.000826,172.31.47.0-255,66,87484,96,400123
18208,0.000838,172.31.47.0-255,66,87550,96,400123
18209,0.000841,74.125.130.0-255,2184,89734,96,400123
18210,0.000844,172.31.47.0-255,66,89800,96,400123
18211,0.000919,74.125.130.0-255,1484,91284,96,400123
18212,0.000934,74.125.130.0-255,2902,94186,96,400123
18213,0.000937,172.31.47.0-255,66,94252,96,400123
18214,0.000956,74.125.130.0-255,2902,97154,96,400123
18215,0.000959,172.31.47.0-255,66,97220,96,400123
18216,0.00098,74.125.130.0-255,2902,100122,96,400123
18217,0.000983,172.31.47.0-255,66,100188,96,400123
18218,0.000989,74.125.130.0-255,5738,105926,96,400123
18219,0.000991,172.31.47.0-255,66,105992,96,400123
18220,0.000995,74.125.130.0-255,2902,108894,96,400123
18221,0.000996,172.31.47.0-255,66,108960,96,400123
18222,0.001024,74.125.130.0-255,4320,113280,96,400123
18223,0.001028,172.31.47.0-255,66,113346,96,400123
18224,0.00103,74.125.130.0-255,5738,119084,96,400123
18225,0.001033,172.31.47.0-255,66,119150,96,400123
18226,0.001068,74.125.130.0-255,2902,122052,96,400123
18227,0.001071,172.31.47.0-255,66,122118,96,400123
18228,0.001088,74.125.130.0-255,2184,124302,96,400123
18229,0.001091,172.31.47.0-255,66,124368,96,400123
18230,0.001126,74.125.130.0-255,1484,125852,96,400123
18231,0.00114,74.125.130.0-255,2902,128754,96,400123
18232,0.001143,172.31.47.0-255,66,128820,96,400123
18233,0.001162,74.125.130.0-255,4320,133140,96,400123
18234,0.001165,172.31.47.0-255,66,133206,96,400123
18235,0.001183,74.125.130.0-255,1484,134690,96,400123
18236,0.001187,74.125.130.0-255,1484,136174,96,400123
18237,0.001189,172.31.47.0-255,66,136240,96,400123
18238,0.001194,74.125.130.0-255,2902,139142,96,400123
18239,0.001196,172.31.47.0-255,66,139208,96,400123
18240,0.001224,74.125.130.0-255,5738,144946,96,400123
18241,0.001226,74.125.130.0-255,1484,146430,96,400123
18242,0.001228,172.31.47.0-255,66,146496,96,400123
18243,0.001252,74.125.130.0-255,2902,149398,96,400123
18244,0.001256,172.31.47.0-255,66,149464,96,400123
18245,0.001273,74.125.130.0-255,1484,150948,96,400123
18246,0.00129,74.125.130.0-255,4320,155268,96,400123
18247,0.001294,172.31.47.0-255,66,155334,96,400123
18248,0.001306,74.125.130.0-255,2902,158236,96,400123
18249,0.001309,172.31.47.0-255,66,158302,96,400123
18250,0.001312,74.125.130.0-255,766,159068,96,400123
18251,0.001515,74.125.130.0-255,1484,160552,96,400123
18252,0.001535,172.31.47.0-255,66,160618,96,400123
18253,0.001539,74.125.130.0-255,1484,162102,96,400123
18254,0.001543,74.125.130.0-255,1484,163586,96,400123
18255,0.001545,172.31.47.0-255,66,163652,96,400123
18256,0.001562,74.125.130.0-255,1484,165136,96,400123
18257,0.001565,74.125.130.0-255,1484,166620,96,400123
18258,0.001567,172.31.47.0-255,66,166686,96,400123
18259,0.001584,74.125.130.0-255,4320,171006,96,400123
18260,0.001587,172.31.47.0-255,66,171072,96,400123
18261,0.00159,74.125.130.0-255,1484,172556,96,400123
18262,0.001593,74.125.130.0-255,1484,174040,96,400123
18263,0.001594,172.31.47.0-255,66,174106,96,400123
18264,0.001608,74.125.130.0-255,1484,175590,96,400123
18265,0.001626,74.125.130.0-255,2902,178492,96,400123
18266,0.001628,172.31.47.0-255,66,178558,96,400123
18267,0.001646,74.125.130.0-255,2902,181460,96,400123
18268,0.001648,172.31.47.0-255,66,181526,96,400123
18269,0.00168,74.125.130.0-255,4320,185846,96,400123
18270,0.001683,172.31.47.0-255,66,185912,96,400123
18271,0.001687,74.125.130.0-255,2902,188814,96,400123
18272,0.00169,172.31.47.0-255,66,188880,96,400123
18273,0.001701,74.125.130.0-255,5020,193900,96,400123
18274,0.001703,172.31.47.0-255,66,193966,96,400123
18275,0.001795,74.125.130.0-255,1484,195450,96,400123
18276,0.001807,74.125.130.0-255,2902,198352,96,400123
18277,0.00181,172.31.47.0-255,66,198418,96,400123
18278,0.00185,74.125.130.0-255,5738,204156,96,400123
18279,0.001853,172.31.47.0-255,66,204222,96,400123
18280,0.001863,74.125.130.0-255,1484,205706,96,400123
18281,0.001883,74.125.130.0-255,5738,211444,96,400123
18282,0.001885,172.31.47.0-255,66,211510,96,400123
18283,0.00189,74.125.130.0-255,4320,215830,96,400123
18284,0.001892,172.31.47.0-255,66,215896,96,400123
18285,0.001911,74.125.130.0-255,2902,218798,96,400123
18286,0.001914,172.31.47.0-255,66,218864,96,400123
18287,0.00193,74.125.130.0-255,2902,221766,96,400123
18288,0.001933,172.31.47.0-255,66,221832,96,400123
18289,0.001955,74.125.130.0-255,6438,228270,96,400123
18290,0.001957,172.31.47.0-255,66,228336,96,400123
18291,0.003937,74.125.130.0-255,5738,234074,96,400123
18292,0.003944,172.31.47.0-255,66,234140,96,400123
18293,0.005911,74.125.130.0-255,1484,235624,96,400123
18294,0.005935,74.125.130.0-255,4320,239944,96,400123
18295,0.005938,172.31.47.0-255,66,240010,96,400123
18296,0.007928,74.125.130.0-255,5738,245748,96,400123
18297,0.007934,172.31.47.0-255,66,245814,96,400123
18298,0.009913,74.125.130.0-255,5738,251552,96,400123
18299,0.009919,172.31.47.0-255,66,251618,96,400123
18300,0.01193,74.125.130.0-255,5738,257356,96,400123
18301,0.011936,172.31.47.0-255,66,257422,96,400123
18302,0.013917,74.125.130.0-255,4320,261742,96,400123
18303,0.013923,172.31.47.0-255,66,261808,96,400123
18304,0.013942,74.125.130.0-255,1484,263292,96,400123
18305,0.015898,74.125.130.0-255,4320,267612,96,400123
18306,0.015903,172.31.47.0-255,66,267678,96,400123
18307,0.017898,74.125.130.0-255,5738,273416,96,400123
18308,0.017908,172.31.47.0-255,66,273482,96,400123
18309,0.019893,74.125.130.0-255,5738,279220,96,400123
18310,0.0199,172.31.47.0-255,66,279286,96,400123
18311,0.021876,74.125.130.0-255,5738,285024,96,400123
18312,0.021885,172.31.47.0-255,66,285090,96,400123
18313,0.023869,74.125.130.0-255,5738,290828,96,400123
18314,0.023875,172.31.47.0-255,66,290894,96,400123
18315,0.025866,74.125.130.0-255,5738,296632,96,400123
18316,0.02588,172.31.47.0-255,66,296698,96,400123
18317,0.027879,74.125.130.0-255,5738,302436,96,400123
18318,0.027892,172.31.47.0-255,66,302502,96,400123
18319,0.029877,74.125.130.0-255,5738,308240,96,400123
18320,0.029887,172.31.47.0-255,66,308306,96,400123
18321,0.031894,74.125.130.0-255,5738,314044,96,400123
18322,0.031906,172.31.47.0-255,66,314110,96,400123
18323,0.033892,74.125.130.0-255,5738,319848,96,400123
18324,0.033901,172.31.47.0-255,66,319914,96,400123
18325,0.035881,74.125.130.0-255,5738,325652,96,400123
18326,0.035891,172.31.47.0-255,66,325718,96,400123
18327,0.037871,74.125.130.0-255,5738,331456,96,400123
18328,0.037881,172.31.47.0-255,66,331522,96,400123
18329,0.037885,172.31.47.0-255,172,331694,96,400123
18330,0.037907,172.31.47.0-255,1101,332795,96,400123
18331,0.037965,172.31.47.0-255,1514,334309,96,400123
18332,0.037967,172.31.47.0-255,1310,335619,96,400123
18333,0.039446,104.244.42.0-255,66,335685,96,400123
18334,0.039461,104.244.42.0-255,66,335751,96,400123
18335,0.039537,104.244.42.0-255,66,335817,96,400123
18336,0.039874,74.125.130.0-255,5738,341555,96,400123
18337,0.039888,172.31.47.0-255,66,341621,96,400123
18338,0.041881,74.125.130.0-255,5738,347359,96,400123
18339,0.041896,172.31.47.0-255,66,347425,96,400123
18340,0.043909,74.125.130.0-255,5738,353163,96,400123
18341,0.043926,172.31.47.0-255,66,353229,96,400123
18342,0.045923,74.125.130.0-255,5738,358967,96,400123
18343,0.04594,172.31.47.0-255,66,359033,96,400123
18344,0.047946,74.125.130.0-255,5738,364771,96,400123
18345,0.047964,172.31.47.0-255,66,364837,96,400123
18346,0.049955,74.125.130.0-255,5738,370575,96,400123
18347,0.049972,172.31.47.0-255,66,370641,96,400123
18348,0.051982,74.125.130.0-255,5738,376379,96,400123
18349,0.052001,172.31.47.0-255,66,376445,96,400123
18350,0.053993,74.125.130.0-255,5738,382183,96,400123
18351,0.054026,172.31.47.0-255,66,382249,96,400123
18352,0.055996,74.125.130.0-255,2902,385151,96,400123
18353,0.056001,172.31.47.0-255,66,385217,96,400123
18354,0.056032,74.125.130.0-255,2902,388119,96,400123
18355,0.056034,172.31.47.0-255,66,388185,96,400123
18356,0.057974,74.125.130.0-255,2902,391087,96,400123
18357,0.057978,172.31.47.0-255,66,391153,96,400123
18358,0.057998,74.125.130.0-255,1484,392637,96,400123
18359,0.058008,74.125.130.0-255,1484,394121,96,400123
18360,0.058011,172.31.47.0-255,66,394187,96,400123
18361,0.059947,74.125.130.0-255,2902,397089,96,400123
18362,0.059952,172.31.47.0-255,66,397155,96,400123
18363,0.059981,74.125.130.0-255,2902,400057,96,400123
18364,0.059983,172.31.47.0-255,66,400123,96,400123
18365,0.0,172.217.194.0-255,153,153,96,263613
18366,2.4e-05,172.31.47.0-255,66,219,96,263613
18367,3.2e-05,172.217.194.0-255,1484,1703,96,263613
18368,3.7e-05,172.31.47.0-255,66,1769,96,263613
18369,4.2e-05,172.217.194.0-255,2902,4671,96,263613
18370,4.6e-05,172.31.47.0-255,66,4737,96,263613
18371,5.3e-05,172.217.194.0-255,5738,10475,96,263613
18372,5.6e-05,172.31.47.0-255,66,10541,96,263613
18373,6.2e-05,172.217.194.0-255,4320,14861,96,263613
18374,6.5e-05,172.31.47.0-255,66,14927,96,263613
18375,0.000107,172.31.47.0-255,66,14993,96,263613
18376,0.000115,172.217.194.0-255,6797,21790,96,263613
18377,0.000117,172.31.47.0-255,66,21856,96,263613
18378,0.000162,172.217.194.0-255,5738,27594,96,263613
18379,0.000165,172.31.47.0-255,66,27660,96,263613
18380,0.000173,172.217.194.0-255,7156,34816,96,263613
18381,0.000176,172.31.47.0-255,66,34882,96,263613
18382,0.000181,172.217.194.0-255,3961,38843,96,263613
18383,0.000183,172.31.47.0-255,66,38909,96,263613
18384,0.00049,172.217.194.0-255,1484,40393,96,263613
18385,0.000495,172.31.47.0-255,66,40459,96,263613
18386,0.000501,172.217.194.0-255,2902,43361,96,263613
18387,0.000504,172.31.47.0-255,66,43427,96,263613
18388,0.000509,172.217.194.0-255,2902,46329,96,263613
18389,0.000511,172.31.47.0-255,66,46395,96,263613
18390,0.000531,172.217.194.0-255,2902,49297,96,263613
18391,0.000533,172.31.47.0-255,66,49363,96,263613
18392,0.000545,172.31.47.0-255,66,49429,96,263613
18393,0.001077,172.217.194.0-255,1484,50913,96,263613
18394,0.001082,172.31.47.0-255,66,50979,96,263613
18395,0.001089,172.217.194.0-255,2902,53881,96,263613
18396,0.001091,172.31.47.0-255,66,53947,96,263613
18397,0.001097,172.217.194.0-255,5738,59685,96,263613
18398,0.001099,172.31.47.0-255,66,59751,96,263613
18399,0.001136,172.31.47.0-255,66,59817,96,263613
18400,0.001166,172.31.47.0-255,66,59883,96,263613
18401,0.001689,172.217.194.0-255,1484,61367,96,263613
18402,0.001697,172.217.194.0-255,2902,64269,96,263613
18403,0.001701,172.31.47.0-255,66,64335,96,263613
18404,0.001705,172.217.194.0-255,1484,65819,96,263613
18405,0.001723,172.217.194.0-255,4320,70139,96,263613
18406,0.001725,172.31.47.0-255,66,70205,96,263613
18407,0.00174,172.217.194.0-255,4320,74525,96,263613
18408,0.001742,172.31.47.0-255,66,74591,96,263613
18409,0.001771,172.31.47.0-255,66,74657,96,263613
18410,0.001781,172.31.47.0-255,66,74723,96,263613
18411,0.001795,172.217.194.0-255,766,75489,96,263613
18412,0.001894,172.217.194.0-255,1484,76973,96,263613
18413,0.001897,172.31.47.0-255,66,77039,96,263613
18414,0.001929,172.217.194.0-255,2902,79941,96,263613
18415,0.001931,172.31.47.0-255,66,80007,96,263613
18416,0.001953,172.217.194.0-255,5738,85745,96,263613
18417,0.001955,172.31.47.0-255,66,85811,96,263613
18418,0.00198,172.31.47.0-255,66,85877,96,263613
18419,0.002,172.217.194.0-255,1484,87361,96,263613
18420,0.002007,172.217.194.0-255,7156,94517,96,263613
18421,0.002009,172.31.47.0-255,66,94583,96,263613
18422,0.00203,172.217.194.0-255,5020,99603,96,263613
18423,0.002032,172.31.47.0-255,66,99669,96,263613
18424,0.004113,172.217.194.0-255,5738,105407,96,263613
18425,0.004116,172.31.47.0-255,66,105473,96,263613
18426,0.006187,172.217.194.0-255,1484,106957,96,263613
18427,0.006208,172.217.194.0-255,4320,111277,96,263613
18428,0.006212,172.31.47.0-255,66,111343,96,263613
18429,0.008299,172.217.194.0-255,5738,117081,96,263613
18430,0.008306,172.31.47.0-255,66,117147,96,263613
18431,0.010426,172.217.194.0-255,5738,122885,96,263613
18432,0.010433,172.31.47.0-255,66,122951,96,263613
18433,0.012526,172.217.194.0-255,5738,128689,96,263613
18434,0.012533,172.31.47.0-255,66,128755,96,263613
18435,0.014633,172.217.194.0-255,5738,134493,96,263613
18436,0.014642,172.31.47.0-255,66,134559,96,263613
18437,0.016741,172.217.194.0-255,5738,140297,96,263613
18438,0.016748,172.31.47.0-255,66,140363,96,263613
18439,0.018876,172.217.194.0-255,5738,146101,96,263613
18440,0.018885,172.31.47.0-255,66,146167,96,263613
18441,0.021016,172.217.194.0-255,5738,151905,96,263613
18442,0.021024,172.31.47.0-255,66,151971,96,263613
18443,0.023072,172.217.194.0-255,5738,157709,96,263613
18444,0.023079,172.31.47.0-255,66,157775,96,263613
18445,0.025197,172.217.194.0-255,5738,163513,96,263613
18446,0.025204,172.31.47.0-255,66,163579,96,263613
18447,0.027271,172.217.194.0-255,5738,169317,96,263613
18448,0.027278,172.31.47.0-255,66,169383,96,263613
18449,0.028409,172.31.47.0-255,172,169555,96,263613
18450,0.028447,172.31.47.0-255,1101,170656,96,263613
18451,0.028508,172.31.47.0-255,1514,172170,96,263613
18452,0.02851,172.31.47.0-255,1514,173684,96,263613
18453,0.028511,172.31.47.0-255,1514,175198,96,263613
18454,0.028512,172.31.47.0-255,1091,176289,96,263613
18455,0.029354,172.217.194.0-255,5738,182027,96,263613
18456,0.02936,172.31.47.0-255,66,182093,96,263613
18457,0.029991,104.244.42.0-255,66,182159,96,263613
18458,0.030026,104.244.42.0-255,66,182225,96,263613
18459,0.030089,104.244.42.0-255,66,182291,96,263613
18460,0.030109,104.244.42.0-255,66,182357,96,263613
18461,0.031459,172.217.194.0-255,5738,188095,96,263613
18462,0.031465,172.31.47.0-255,66,188161,96,263613
18463,0.033535,172.217.194.0-255,5738,193899,96,263613
18464,0.033551,172.31.47.0-255,66,193965,96,263613
18465,0.035689,172.217.194.0-255,5738,199703,96,263613
18466,0.035705,172.31.47.0-255,66,199769,96,263613
18467,0.037777,172.217.194.0-255,5738,205507,96,263613
18468,0.037795,172.31.47.0-255,66,205573,96,263613
18469,0.039935,172.217.194.0-255,5738,211311,96,263613
18470,0.039953,172.31.47.0-255,66,211377,96,263613
18471,0.042034,172.217.194.0-255,5738,217115,96,263613
18472,0.042051,172.31.47.0-255,66,217181,96,263613
18473,0.044182,172.217.194.0-255,5738,222919,96,263613
18474,0.044203,172.31.47.0-255,66,222985,96,263613
18475,0.046321,172.217.194.0-255,5738,228723,96,263613
18476,0.046343,172.31.47.0-255,66,228789,96,263613
18477,0.048468,172.217.194.0-255,5738,234527,96,263613
18478,0.048488,172.31.47.0-255,66,234593,96,263613
18479,0.050628,172.217.194.0-255,5738,240331,96,263613
18480,0.050644,172.31.47.0-255,66,240397,96,263613
18481,0.052723,172.217.194.0-255,5738,246135,96,263613
18482,0.052731,172.31.47.0-255,66,246201,96,263613
18483,0.054854,172.217.194.0-255,5738,251939,96,263613
18484,0.054861,172.31.47.0-255,66,252005,96,263613
18485,0.056948,172.217.194.0-255,5738,257743,96,263613
18486,0.056955,172.31.47.0-255,66,257809,96,263613
18487,0.059508,172.217.194.0-255,5738,263547,96,263613
18488,0.059515,172.31.47.0-255,66,263613,96,263613
18489,0.0,172.253.118.0-255,153,153,96,208380
18490,1.5e-05,172.31.47.0-255,66,219,96,208380
18491,2.2e-05,172.253.118.0-255,1484,1703,96,208380
18492,2.6e-05,172.31.47.0-255,66,1769,96,208380
18493,3.2e-05,172.253.118.0-255,2902,4671,96,208380
18494,3.5e-05,172.31.47.0-255,66,4737,96,208380
18495,4.1e-05,172.253.118.0-255,4320,9057,96,208380
18496,4.4e-05,172.31.47.0-255,66,9123,96,208380
18497,7.5e-05,172.253.118.0-255,2902,12025,96,208380
18498,7.9e-05,172.31.47.0-255,66,12091,96,208380
18499,8.4e-05,172.253.118.0-255,2094,14185,96,208380
18500,8.7e-05,172.31.47.0-255,66,14251,96,208380
18501,0.000175,172.253.118.0-255,1484,15735,96,208380
18502,0.000178,172.31.47.0-255,66,15801,96,208380
18503,0.000183,172.253.118.0-255,2902,18703,96,208380
18504,0.000186,172.31.47.0-255,66,18769,96,208380
18505,0.000211,172.253.118.0-255,5738,24507,96,208380
18506,0.000214,172.31.47.0-255,66,24573,96,208380
18507,0.000243,172.253.118.0-255,6797,31370,96,208380
18508,0.000246,172.31.47.0-255,66,31436,96,208380
18509,0.00025,172.253.118.0-255,2902,34338,96,208380
18510,0.000252,172.31.47.0-255,66,34404,96,208380
18511,0.000289,172.253.118.0-255,4320,38724,96,208380
18512,0.000292,172.31.47.0-255,66,38790,96,208380
18513,0.000308,172.31.47.0-255,66,38856,96,208380
18514,0.00033,172.253.118.0-255,1484,40340,96,208380
18515,0.000332,172.31.47.0-255,66,40406,96,208380
18516,0.000337,172.253.118.0-255,2902,43308,96,208380
18517,0.00034,172.31.47.0-255,66,43374,96,208380
18518,0.000344,172.253.118.0-255,2902,46276,96,208380
18519,0.00035,172.31.47.0-255,66,46342,96,208380
18520,0.000373,172.253.118.0-255,2902,49244,96,208380
18521,0.000375,172.31.47.0-255,66,49310,96,208380
18522,0.000383,172.253.118.0-255,7132,56442,96,208380
18523,0.00039,172.31.47.0-255,66,56508,96,208380
18524,0.000695,172.253.118.0-255,344,56852,96,208380
18525,0.000812,172.253.118.0-255,1484,58336,96,208380
18526,0.000818,172.31.47.0-255,66,58402,96,208380
18527,0.000824,172.253.118.0-255,2902,61304,96,208380
18528,0.000826,172.31.47.0-255,66,61370,96,208380
18529,0.000829,172.253.118.0-255,1484,62854,96,208380
18530,0.000856,172.253.118.0-255,1484,64338,96,208380
18531,0.000858,172.31.47.0-255,66,64404,96,208380
18532,0.000867,172.253.118.0-255,7156,71560,96,208380
18533,0.000869,172.31.47.0-255,66,71626,96,208380
18534,0.0009,172.253.118.0-255,2543,74169,96,208380
18535,0.000902,172.31.47.0-255,66,74235,96,208380
18536,0.000924,172.253.118.0-255,2902,77137,96,208380
18537,0.000927,172.31.47.0-255,66,77203,96,208380
18538,0.000948,172.253.118.0-255,4320,81523,96,208380
18539,0.00095,172.31.47.0-255,66,81589,96,208380
18540,0.000956,172.253.118.0-255,4320,85909,96,208380
18541,0.000959,172.31.47.0-255,66,85975,96,208380
18542,0.000972,172.253.118.0-255,4320,90295,96,208380
18543,0.000975,172.31.47.0-255,66,90361,96,208380
18544,0.000982,172.253.118.0-255,1125,91486,96,208380
18545,0.001628,172.31.47.0-255,66,91552,96,208380
18546,0.001885,172.253.118.0-255,1484,93036,96,208380
18547,0.001895,172.253.118.0-255,2902,95938,96,208380
18548,0.001899,172.31.47.0-255,66,96004,96,208380
18549,0.001907,172.253.118.0-255,5738,101742,96,208380
18550,0.001909,172.31.47.0-255,66,101808,96,208380
18551,0.001913,172.253.118.0-255,2902,104710,96,208380
18552,0.001915,172.31.47.0-255,66,104776,96,208380
18553,0.001931,172.253.118.0-255,1484,106260,96,208380
18554,0.001967,172.31.47.0-255,66,106326,96,208380
18555,0.001985,172.31.47.0-255,66,106392,96,208380
18556,0.002077,172.253.118.0-255,1484,107876,96,208380
18557,0.002083,172.253.118.0-255,2902,110778,96,208380
18558,0.002087,172.31.47.0-255,66,110844,96,208380
18559,0.002091,172.253.118.0-255,1484,112328,96,208380
18560,0.002123,172.253.118.0-255,4320,116648,96,208380
18561,0.002125,172.31.47.0-255,66,116714,96,208380
18562,0.002131,172.253.118.0-255,4320,121034,96,208380
18563,0.002133,172.31.47.0-255,66,121100,96,208380
18564,0.002151,172.31.47.0-255,66,121166,96,208380
18565,0.002195,172.31.47.0-255,66,121232,96,208380
18566,0.002208,172.31.47.0-255,66,121298,96,208380
18567,0.00226,172.31.47.0-255,66,121364,96,208380
18568,0.002312,172.253.118.0-255,1484,122848,96,208380
18569,0.002316,172.253.118.0-255,2902,125750,96,208380
18570,0.002319,172.31.47.0-255,66,125816,96,208380
18571,0.002326,172.253.118.0-255,5738,131554,96,208380
18572,0.002328,172.31.47.0-255,66,131620,96,208380
18573,0.002345,172.31.47.0-255,66,131686,96,208380
18574,0.00235,172.253.118.0-255,2902,134588,96,208380
18575,0.002352,172.31.47.0-255,66,134654,96,208380
18576,0.002355,172.253.118.0-255,1484,136138,96,208380
18577,0.002407,172.31.47.0-255,66,136204,96,208380
18578,0.002592,172.253.118.0-255,1484,137688,96,208380
18579,0.0026,172.253.118.0-255,2902,140590,96,208380
18580,0.002605,172.31.47.0-255,66,140656,96,208380
18581,0.002612,172.253.118.0-255,5738,146394,96,208380
18582,0.002615,172.31.47.0-255,66,146460,96,208380
18583,0.002624,172.253.118.0-255,2902,149362,96,208380
18584,0.002627,172.31.47.0-255,66,149428,96,208380
18585,0.00267,172.31.47.0-255,66,149494,96,208380
18586,0.002676,172.253.118.0-255,5738,155232,96,208380
18587,0.002678,172.31.47.0-255,66,155298,96,208380
18588,0.002715,172.31.47.0-255,66,155364,96,208380
18589,0.002736,172.31.47.0-255,66,155430,96,208380
18590,0.002743,172.253.118.0-255,7156,162586,96,208380
18591,0.002746,172.31.47.0-255,66,162652,96,208380
18592,0.002778,172.253.118.0-255,6438,169090,96,208380
18593,0.002781,172.31.47.0-255,66,169156,96,208380
18594,0.002803,172.253.118.0-255,1484,170640,96,208380
18595,0.002808,172.253.118.0-255,2902,173542,96,208380
18596,0.00281,172.31.47.0-255,66,173608,96,208380
18597,0.002841,172.253.118.0-255,5738,179346,96,208380
18598,0.002843,172.31.47.0-255,66,179412,96,208380
18599,0.002851,172.253.118.0-255,7156,186568,96,208380
18600,0.002853,172.31.47.0-255,66,186634,96,208380
18601,0.002863,172.253.118.0-255,4320,190954,96,208380
18602,0.002865,172.31.47.0-255,66,191020,96,208380
18603,0.002909,172.31.47.0-255,66,191086,96,208380
18604,0.002913,172.253.118.0-255,2184,193270,96,208380
18605,0.002915,172.31.47.0-255,66,193336,96,208380
18606,0.002919,172.253.118.0-255,1484,194820,96,208380
18607,0.002961,172.31.47.0-255,66,194886,96,208380
18608,0.002965,172.253.118.0-255,1484,196370,96,208380
18609,0.002982,172.31.47.0-255,66,196436,96,208380
18610,0.002985,172.253.118.0-255,1484,197920,96,208380
18611,0.002997,172.31.47.0-255,66,197986,96,208380
18612,0.003002,172.253.118.0-255,4320,202306,96,208380
18613,0.003005,172.31.47.0-255,66,202372,96,208380
18614,0.003047,172.31.47.0-255,66,202438,96,208380
18615,0.00306,172.31.47.0-255,66,202504,96,208380
18616,0.003135,172.31.47.0-255,66,202570,96,208380
18617,0.003145,172.31.47.0-255,66,202636,96,208380
18618,0.003152,172.253.118.0-255,922,203558,96,208380
18619,0.003155,172.253.118.0-255,105,203663,96,208380
18620,0.010613,172.31.47.0-255,66,203729,96,208380
18621,0.010664,172.31.47.0-255,105,203834,96,208380
18622,0.011911,172.253.118.0-255,105,203939,96,208380
18623,0.011923,172.31.47.0-255,78,204017,96,208380
18624,0.012604,172.253.118.0-255,66,204083,96,208380
18625,0.042513,172.31.47.0-255,172,204255,96,208380
18626,0.042543,172.31.47.0-255,1104,205359,96,208380
18627,0.042603,172.31.47.0-255,1514,206873,96,208380
18628,0.042605,172.31.47.0-255,1309,208182,96,208380
18629,0.04405,104.244.42.0-255,66,208248,96,208380
18630,0.044102,104.244.42.0-255,66,208314,96,208380
18631,0.044217,104.244.42.0-255,66,208380,96,208380
18632,0.0,74.125.24.0-255,146,146,96,295429
18633,1.4e-05,172.31.47.0-255,66,212,96,295429
18634,2e-05,74.125.24.0-255,1484,1696,96,295429
18635,2.4e-05,172.31.47.0-255,66,1762,96,295429
18636,3e-05,74.125.24.0-255,2902,4664,96,295429
18637,3.3e-05,172.31.47.0-255,66,4730,96,295429
18638,4e-05,74.125.24.0-255,7156,11886,96,295429
18639,4.2e-05,172.31.47.0-255,66,11952,96,295429
18640,4.6e-05,74.125.24.0-255,2138,14090,96,295429
18641,4.8e-05,172.31.47.0-255,66,14156,96,295429
18642,6.5e-05,74.125.24.0-255,1484,15640,96,295429
18643,6.7e-05,172.31.47.0-255,66,15706,96,295429
18644,0.0001,172.31.47.0-255,66,15772,96,295429
18645,0.000103,74.125.24.0-255,1484,17256,96,295429
18646,0.000104,172.31.47.0-255,66,17322,96,295429
18647,0.000109,74.125.24.0-255,2902,20224,96,295429
18648,0.000111,172.31.47.0-255,66,20290,96,295429
18649,0.000128,74.125.24.0-255,1125,21415,96,295429
18650,0.00013,172.31.47.0-255,66,21481,96,295429
18651,0.000249,74.125.24.0-255,1484,22965,96,295429
18652,0.000254,172.31.47.0-255,66,23031,96,295429
18653,0.000259,74.125.24.0-255,2902,25933,96,295429
18654,0.000261,172.31.47.0-255,66,25999,96,295429
18655,0.000296,74.125.24.0-255,5738,31737,96,295429
18656,0.000298,172.31.47.0-255,66,31803,96,295429
18657,0.00031,172.31.47.0-255,66,31869,96,295429
18658,0.000322,172.31.47.0-255,66,31935,96,295429
18659,0.000337,74.125.24.0-255,1484,33419,96,295429
18660,0.00034,172.31.47.0-255,66,33485,96,295429
18661,0.000361,74.125.24.0-255,2818,36303,96,295429
18662,0.000363,172.31.47.0-255,66,36369,96,295429
18663,0.000431,74.125.24.0-255,382,36751,96,295429
18664,0.000434,172.31.47.0-255,66,36817,96,295429
18665,0.000547,74.125.24.0-255,1484,38301,96,295429
18666,0.000552,172.31.47.0-255,66,38367,96,295429
18667,0.000557,74.125.24.0-255,2902,41269,96,295429
18668,0.000559,172.31.47.0-255,66,41335,96,295429
18669,0.000566,74.125.24.0-255,5738,47073,96,295429
18670,0.000568,172.31.47.0-255,66,47139,96,295429
18671,0.000589,74.125.24.0-255,1484,48623,96,295429
18672,0.000592,172.31.47.0-255,66,48689,96,295429
18673,0.000616,74.125.24.0-255,5379,54068,96,295429
18674,0.000619,172.31.47.0-255,66,54134,96,295429
18675,0.000634,74.125.24.0-255,5738,59872,96,295429
18676,0.000637,172.31.47.0-255,66,59938,96,295429
18677,0.000661,74.125.24.0-255,1484,61422,96,295429
18678,0.000663,172.31.47.0-255,66,61488,96,295429
18679,0.00067,74.125.24.0-255,5738,67226,96,295429
18680,0.000672,172.31.47.0-255,66,67292,96,295429
18681,0.000692,74.125.24.0-255,3961,71253,96,295429
18682,0.000694,172.31.47.0-255,66,71319,96,295429
18683,0.00083,74.125.24.0-255,1484,72803,96,295429
18684,0.000834,172.31.47.0-255,66,72869,96,295429
18685,0.000839,74.125.24.0-255,2902,75771,96,295429
18686,0.000842,172.31.47.0-255,66,75837,96,295429
18687,0.000848,74.125.24.0-255,5738,81575,96,295429
18688,0.00085,172.31.47.0-255,66,81641,96,295429
18689,0.000883,172.31.47.0-255,66,81707,96,295429
18690,0.000902,74.125.24.0-255,4320,86027,96,295429
18691,0.000905,172.31.47.0-255,66,86093,96,295429
18692,0.000925,74.125.24.0-255,6438,92531,96,295429
18693,0.000928,172.31.47.0-255,66,92597,96,295429
18694,0.00099,74.125.24.0-255,1484,94081,96,295429
18695,0.000994,74.125.24.0-255,1484,95565,96,295429
18696,0.000997,172.31.47.0-255,66,95631,96,295429
18697,0.001015,74.125.24.0-255,1484,97115,96,295429
18698,0.001022,74.125.24.0-255,5738,102853,96,295429
18699,0.001024,172.31.47.0-255,66,102919,96,295429
18700,0.001028,74.125.24.0-255,1484,104403,96,295429
18701,0.001071,172.31.47.0-255,66,104469,96,295429
18702,0.001082,172.31.47.0-255,66,104535,96,295429
18703,0.001101,74.125.24.0-255,2184,106719,96,295429
18704,0.001103,172.31.47.0-255,66,106785,96,295429
18705,0.001908,74.125.24.0-255,1484,108269,96,295429
18706,0.001914,74.125.24.0-255,2902,111171,96,295429
18707,0.001917,172.31.47.0-255,66,111237,96,295429
18708,0.00192,74.125.24.0-255,1484,112721,96,295429
18709,0.00194,74.125.24.0-255,4320,117041,96,295429
18710,0.001942,172.31.47.0-255,66,117107,96,295429
18711,0.001946,74.125.24.0-255,2902,120009,96,295429
18712,0.001948,172.31.47.0-255,66,120075,96,295429
18713,0.00197,172.31.47.0-255,66,120141,96,295429
18714,0.001975,74.125.24.0-255,5738,125879,96,295429
18715,0.001977,172.31.47.0-255,66,125945,96,295429
18716,0.002013,74.125.24.0-255,5020,130965,96,295429
18717,0.002016,172.31.47.0-255,66,131031,96,295429
18718,0.002286,74.125.24.0-255,1484,132515,96,295429
18719,0.002293,74.125.24.0-255,2902,135417,96,295429
18720,0.002296,172.31.47.0-255,66,135483,96,295429
18721,0.002301,74.125.24.0-255,2902,138385,96,295429
18722,0.002303,172.31.47.0-255,66,138451,96,295429
18723,0.002317,74.125.24.0-255,2902,141353,96,295429
18724,0.002319,172.31.47.0-255,66,141419,96,295429
18725,0.002323,74.125.24.0-255,2902,144321,96,295429
18726,0.002324,172.31.47.0-255,66,144387,96,295429
18727,0.002366,74.125.24.0-255,5738,150125,96,295429
18728,0.002368,172.31.47.0-255,66,150191,96,295429
18729,0.002387,74.125.24.0-255,4320,154511,96,295429
18730,0.002389,172.31.47.0-255,66,154577,96,295429
18731,0.002399,172.31.47.0-255,66,154643,96,295429
18732,0.002441,74.125.24.0-255,5738,160381,96,295429
18733,0.002443,172.31.47.0-255,66,160447,96,295429
18734,0.002471,172.31.47.0-255,66,160513,96,295429
18735,0.002475,74.125.24.0-255,2902,163415,96,295429
18736,0.002477,172.31.47.0-255,66,163481,96,295429
18737,0.002512,172.31.47.0-255,66,163547,96,295429
18738,0.002523,172.31.47.0-255,66,163613,96,295429
18739,0.00254,74.125.24.0-255,4320,167933,96,295429
18740,0.002543,172.31.47.0-255,66,167999,96,295429
18741,0.002548,74.125.24.0-255,5738,173737,96,295429
18742,0.00255,172.31.47.0-255,66,173803,96,295429
18743,0.002553,74.125.24.0-255,1484,175287,96,295429
18744,0.002573,172.31.47.0-255,66,175353,96,295429
18745,0.005129,74.125.24.0-255,5738,181091,96,295429
18746,0.005141,172.31.47.0-255,66,181157,96,295429
18747,0.007713,74.125.24.0-255,5738,186895,96,295429
18748,0.007729,172.31.47.0-255,66,186961,96,295429
18749,0.010294,74.125.24.0-255,5738,192699,96,295429
18750,0.010299,172.31.47.0-255,66,192765,96,295429
18751,0.012808,74.125.24.0-255,5738,198503,96,295429
18752,0.012813,172.31.47.0-255,66,198569,96,295429
18753,0.015345,74.125.24.0-255,5738,204307,96,295429
18754,0.015357,172.31.47.0-255,66,204373,96,295429
18755,0.017922,74.125.24.0-255,5738,210111,96,295429
18756,0.017929,172.31.47.0-255,66,210177,96,295429
18757,0.02046,74.125.24.0-255,5738,215915,96,295429
18758,0.020468,172.31.47.0-255,66,215981,96,295429
18759,0.023029,74.125.24.0-255,5738,221719,96,295429
18760,0.023039,172.31.47.0-255,66,221785,96,295429
18761,0.025605,74.125.24.0-255,5738,227523,96,295429
18762,0.025623,172.31.47.0-255,66,227589,96,295429
18763,0.028165,74.125.24.0-255,5738,233327,96,295429
18764,0.028171,172.31.47.0-255,66,233393,96,295429
18765,0.030739,74.125.24.0-255,5738,239131,96,295429
18766,0.030746,172.31.47.0-255,66,239197,96,295429
18767,0.03331,74.125.24.0-255,5738,244935,96,295429
18768,0.033318,172.31.47.0-255,66,245001,96,295429
18769,0.035907,74.125.24.0-255,5738,250739,96,295429
18770,0.035924,172.31.47.0-255,66,250805,96,295429
18771,0.038515,74.125.24.0-255,5738,256543,96,295429
18772,0.038525,172.31.47.0-255,66,256609,96,295429
18773,0.041075,74.125.24.0-255,5738,262347,96,295429
18774,0.041085,172.31.47.0-255,66,262413,96,295429
18775,0.043655,74.125.24.0-255,5738,268151,96,295429
18776,0.043673,172.31.47.0-255,66,268217,96,295429
18777,0.045846,172.31.47.0-255,172,268389,96,295429
18778,0.045871,172.31.47.0-255,1101,269490,96,295429
18779,0.04592,172.31.47.0-255,1514,271004,96,295429
18780,0.045922,172.31.47.0-255,1310,272314,96,295429
18781,0.046214,74.125.24.0-255,5738,278052,96,295429
18782,0.04622,172.31.47.0-255,66,278118,96,295429
18783,0.047415,104.244.42.0-255,66,278184,96,295429
18784,0.047425,104.244.42.0-255,66,278250,96,295429
18785,0.047471,104.244.42.0-255,66,278316,96,295429
18786,0.048798,74.125.24.0-255,5738,284054,96,295429
18787,0.048812,172.31.47.0-255,66,284120,96,295429
18788,0.051407,74.125.24.0-255,5738,289858,96,295429
18789,0.051425,172.31.47.0-255,66,289924,96,295429
18790,0.053953,74.125.24.0-255,5268,295192,96,295429
18791,0.053959,172.31.47.0-255,66,295258,96,295429
18792,0.054128,172.31.47.0-255,105,295363,96,295429
18793,0.056661,74.125.24.0-255,66,295429,96,295429
18794,0.0,74.125.24.0-255,153,153,96,278697
18795,2.1e-05,172.31.47.0-255,66,219,96,278697
18796,2.7e-05,74.125.24.0-255,1484,1703,96,278697
18797,3.1e-05,172.31.47.0-255,66,1769,96,278697
18798,3.5e-05,74.125.24.0-255,2902,4671,96,278697
18799,3.8e-05,172.31.47.0-255,66,4737,96,278697
18800,4e-05,74.125.24.0-255,1484,6221,96,278697
18801,4.3e-05,172.31.47.0-255,66,6287,96,278697
18802,7.1e-05,74.125.24.0-255,5738,12025,96,278697
18803,7.3e-05,172.31.47.0-255,66,12091,96,278697
18804,7.6e-05,74.125.24.0-255,2092,14183,96,278697
18805,7.9e-05,172.31.47.0-255,66,14249,96,278697
18806,0.000151,74.125.24.0-255,1484,15733,96,278697
18807,0.000155,172.31.47.0-255,66,15799,96,278697
18808,0.000161,74.125.24.0-255,2902,18701,96,278697
18809,0.000163,172.31.47.0-255,66,18767,96,278697
18810,0.000167,74.125.24.0-255,2902,21669,96,278697
18811,0.000168,172.31.47.0-255,66,21735,96,278697
18812,0.000191,74.125.24.0-255,2902,24637,96,278697
18813,0.000193,172.31.47.0-255,66,24703,96,278697
18814,0.000196,74.125.24.0-255,1484,26187,96,278697
18815,0.000198,172.31.47.0-255,66,26253,96,278697
18816,0.000213,74.125.24.0-255,5738,31991,96,278697
18817,0.000215,172.31.47.0-255,66,32057,96,278697
18818,0.000243,74.125.24.0-255,6797,38854,96,278697
18819,0.000245,172.31.47.0-255,66,38920,96,278697
18820,0.000256,172.31.47.0-255,66,38986,96,278697
18821,0.000278,74.125.24.0-255,5738,44724,96,278697
18822,0.000281,172.31.47.0-255,66,44790,96,278697
18823,0.000302,172.31.47.0-255,66,44856,96,278697
18824,0.000318,74.125.24.0-255,114,44970,96,278697
18825,0.000332,74.125.24.0-255,331,45301,96,278697
18826,0.000682,172.31.47.0-255,66,45367,96,278697
18827,0.000792,74.125.24.0-255,1484,46851,96,278697
18828,0.000798,74.125.24.0-255,2902,49753,96,278697
18829,0.000801,172.31.47.0-255,66,49819,96,278697
18830,0.000807,74.125.24.0-255,5738,55557,96,278697
18831,0.000809,172.31.47.0-255,66,55623,96,278697
18832,0.000831,74.125.24.0-255,7156,62779,96,278697
18833,0.000834,172.31.47.0-255,66,62845,96,278697
18834,0.000855,74.125.24.0-255,5738,68583,96,278697
18835,0.000857,172.31.47.0-255,66,68649,96,278697
18836,0.000868,172.31.47.0-255,66,68715,96,278697
18837,0.001619,74.125.24.0-255,1484,70199,96,278697
18838,0.001636,74.125.24.0-255,2902,73101,96,278697
18839,0.00164,172.31.47.0-255,66,73167,96,278697
18840,0.001646,74.125.24.0-255,2902,76069,96,278697
18841,0.001648,172.31.47.0-255,66,76135,96,278697
18842,0.001662,74.125.24.0-255,2902,79037,96,278697
18843,0.001664,172.31.47.0-255,66,79103,96,278697
18844,0.001676,74.125.24.0-255,2902,82005,96,278697
18845,0.001678,172.31.47.0-255,66,82071,96,278697
18846,0.001697,74.125.24.0-255,7156,89227,96,278697
18847,0.001699,172.31.47.0-255,66,89293,96,278697
18848,0.001725,74.125.24.0-255,4320,93613,96,278697
18849,0.001727,172.31.47.0-255,66,93679,96,278697
18850,0.00175,172.31.47.0-255,66,93745,96,278697
18851,0.001781,74.125.24.0-255,1484,95229,96,278697
18852,0.001798,74.125.24.0-255,2902,98131,96,278697
18853,0.0018,172.31.47.0-255,66,98197,96,278697
18854,0.001804,74.125.24.0-255,2902,101099,96,278697
18855,0.001807,172.31.47.0-255,66,101165,96,278697
18856,0.001818,74.125.24.0-255,2902,104067,96,278697
18857,0.00182,172.31.47.0-255,66,104133,96,278697
18858,0.001823,74.125.24.0-255,1484,105617,96,278697
18859,0.001837,74.125.24.0-255,1484,107101,96,278697
18860,0.001839,172.31.47.0-255,66,107167,96,278697
18861,0.001842,74.125.24.0-255,1484,108651,96,278697
18862,0.00187,172.31.47.0-255,66,108717,96,278697
18863,0.001875,74.125.24.0-255,4320,113037,96,278697
18864,0.001878,172.31.47.0-255,66,113103,96,278697
18865,0.001893,74.125.24.0-255,6438,119541,96,278697
18866,0.001896,172.31.47.0-255,66,119607,96,278697
18867,0.002012,74.125.24.0-255,1484,121091,96,278697
18868,0.002015,74.125.24.0-255,1484,122575,96,278697
18869,0.002017,172.31.47.0-255,66,122641,96,278697
18870,0.002032,74.125.24.0-255,1484,124125,96,278697
18871,0.002038,74.125.24.0-255,5738,129863,96,278697
18872,0.002041,172.31.47.0-255,66,129929,96,278697
18873,0.002075,172.31.47.0-255,66,129995,96,278697
18874,0.002077,74.125.24.0-255,1484,131479,96,278697
18875,0.002099,172.31.47.0-255,66,131545,96,278697
18876,0.002121,74.125.24.0-255,4320,135865,96,278697
18877,0.002124,172.31.47.0-255,66,135931,96,278697
18878,0.002153,172.31.47.0-255,66,135997,96,278697
18879,0.002165,74.125.24.0-255,5738,141735,96,278697
18880,0.002168,172.31.47.0-255,66,141801,96,278697
18881,0.002177,172.31.47.0-255,66,141867,96,278697
18882,0.004483,74.125.24.0-255,5738,147605,96,278697
18883,0.004489,172.31.47.0-255,66,147671,96,278697
18884,0.006792,74.125.24.0-255,5738,153409,96,278697
18885,0.006797,172.31.47.0-255,66,153475,96,278697
18886,0.009078,74.125.24.0-255,4320,157795,96,278697
18887,0.009083,172.31.47.0-255,66,157861,96,278697
18888,0.009105,74.125.24.0-255,1484,159345,96,278697
18889,0.011364,74.125.24.0-255,4320,163665,96,278697
18890,0.011371,172.31.47.0-255,66,163731,96,278697
18891,0.01367,74.125.24.0-255,5738,169469,96,278697
18892,0.013678,172.31.47.0-255,66,169535,96,278697
18893,0.015966,74.125.24.0-255,5738,175273,96,278697
18894,0.015981,172.31.47.0-255,66,175339,96,278697
18895,0.018299,74.125.24.0-255,5738,181077,96,278697
18896,0.018305,172.31.47.0-255,66,181143,96,278697
18897,0.020618,74.125.24.0-255,4320,185463,96,278697
18898,0.020625,172.31.47.0-255,66,185529,96,278697
18899,0.020661,74.125.24.0-255,1484,187013,96,278697
18900,0.022957,74.125.24.0-255,4320,191333,96,278697
18901,0.022964,172.31.47.0-255,66,191399,96,278697
18902,0.025112,172.31.47.0-255,171,191570,96,278697
18903,0.02514,172.31.47.0-255,1134,192704,96,278697
18904,0.025168,172.31.47.0-255,1514,194218,96,278697
18905,0.02517,172.31.47.0-255,1277,195495,96,278697
18906,0.025294,74.125.24.0-255,5738,201233,96,278697
18907,0.025299,172.31.47.0-255,66,201299,96,278697
18908,0.02667,104.244.42.0-255,66,201365,96,278697
18909,0.026706,104.244.42.0-255,66,201431,96,278697
18910,0.026708,104.244.42.0-255,66,201497,96,278697
18911,0.027608,74.125.24.0-255,5738,207235,96,278697
18912,0.027615,172.31.47.0-255,66,207301,96,278697
18913,0.029949,74.125.24.0-255,4320,211621,96,278697
18914,0.029954,172.31.47.0-255,66,211687,96,278697
18915,0.029981,74.125.24.0-255,1484,213171,96,278697
18916,0.032247,74.125.24.0-255,4320,217491,96,278697
18917,0.032252,172.31.47.0-255,66,217557,96,278697
18918,0.03458,74.125.24.0-255,5738,223295,96,278697
18919,0.034585,172.31.47.0-255,66,223361,96,278697
18920,0.036901,74.125.24.0-255,4320,227681,96,278697
18921,0.036906,172.31.47.0-255,66,227747,96,278697
18922,0.036928,74.125.24.0-255,1484,229231,96,278697
18923,0.039206,74.125.24.0-255,4320,233551,96,278697
18924,0.039211,172.31.47.0-255,66,233617,96,278697
18925,0.041501,74.125.24.0-255,5738,239355,96,278697
18926,0.041506,172.31.47.0-255,66,239421,96,278697
18927,0.043819,74.125.24.0-255,5738,245159,96,278697
18928,0.043823,172.31.47.0-255,66,245225,96,278697
18929,0.046134,74.125.24.0-255,4320,249545,96,278697
18930,0.046138,172.31.47.0-255,66,249611,96,278697
18931,0.046161,74.125.24.0-255,1484,251095,96,278697
18932,0.048449,74.125.24.0-255,4320,255415,96,278697
18933,0.048454,172.31.47.0-255,66,255481,96,278697
18934,0.050804,74.125.24.0-255,5738,261219,96,278697
18935,0.050808,172.31.47.0-255,66,261285,96,278697
18936,0.053107,74.125.24.0-255,5738,267023,96,278697
18937,0.053113,172.31.47.0-255,66,267089,96,278697
18938,0.055401,74.125.24.0-255,5738,272827,96,278697
18939,0.055407,172.31.47.0-255,66,272893,96,278697
18940,0.057744,74.125.24.0-255,5738,278631,96,278697
18941,0.057749,172.31.47.0-255,66,278697,96,278697
18942,0.0,172.217.194.0-255,302,302,96,224547
18943,2.5e-05,172.31.47.0-255,66,368,96,224547
18944,3e-05,172.217.194.0-255,1484,1852,96,224547
18945,3.4e-05,172.31.47.0-255,66,1918,96,224547
18946,4e-05,172.217.194.0-255,4320,6238,96,224547
18947,4.2e-05,172.31.47.0-255,66,6304,96,224547
18948,8.9e-05,172.31.47.0-255,66,6370,96,224547
18949,9.5e-05,172.217.194.0-255,7156,13526,96,224547
18950,9.7e-05,172.31.47.0-255,66,13592,96,224547
18951,0.000149,172.31.47.0-255,66,13658,96,224547
18952,0.000198,172.217.194.0-255,1484,15142,96,224547
18953,0.000202,172.31.47.0-255,66,15208,96,224547
18954,0.000224,172.217.194.0-255,2902,18110,96,224547
18955,0.000227,172.31.47.0-255,66,18176,96,224547
18956,0.000233,172.217.194.0-255,5738,23914,96,224547
18957,0.000235,172.31.47.0-255,66,23980,96,224547
18958,0.000238,172.217.194.0-255,2902,26882,96,224547
18959,0.00024,172.31.47.0-255,66,26948,96,224547
18960,0.000261,172.217.194.0-255,2902,29850,96,224547
18961,0.000266,172.31.47.0-255,66,29916,96,224547
18962,0.000301,172.31.47.0-255,66,29982,96,224547
18963,0.000304,172.217.194.0-255,1484,31466,96,224547
18964,0.000306,172.31.47.0-255,66,31532,96,224547
18965,0.000351,172.217.194.0-255,3132,34664,96,224547
18966,0.000356,172.31.47.0-255,66,34730,96,224547
18967,0.000735,172.217.194.0-255,1484,36214,96,224547
18968,0.00074,172.31.47.0-255,66,36280,96,224547
18969,0.000745,172.217.194.0-255,2902,39182,96,224547
18970,0.000747,172.31.47.0-255,66,39248,96,224547
18971,0.000751,172.217.194.0-255,2902,42150,96,224547
18972,0.000758,172.31.47.0-255,66,42216,96,224547
18973,0.00078,172.217.194.0-255,7156,49372,96,224547
18974,0.000787,172.217.194.0-255,5738,55110,96,224547
18975,0.000788,172.31.47.0-255,66,55176,96,224547
18976,0.000792,172.31.47.0-255,66,55242,96,224547
18977,0.000829,172.31.47.0-255,66,55308,96,224547
18978,0.00083,172.217.194.0-255,3602,58910,96,224547
18979,0.000834,172.31.47.0-255,66,58976,96,224547
18980,0.001092,172.217.194.0-255,1484,60460,96,224547
18981,0.0011,172.217.194.0-255,2902,63362,96,224547
18982,0.001104,172.31.47.0-255,66,63428,96,224547
18983,0.00111,172.217.194.0-255,2902,66330,96,224547
18984,0.001128,172.217.194.0-255,2902,69232,96,224547
18985,0.001145,172.217.194.0-255,5738,74970,96,224547
18986,0.001164,172.217.194.0-255,7156,82126,96,224547
18987,0.00124,172.217.194.0-255,766,82892,96,224547
18988,0.001264,172.217.194.0-255,1484,84376,96,224547
18989,0.00128,172.217.194.0-255,2902,87278,96,224547
18990,0.001284,172.217.194.0-255,2902,90180,96,224547
18991,0.001298,172.217.194.0-255,2902,93082,96,224547
18992,0.001312,172.217.194.0-255,4320,97402,96,224547
18993,0.001382,172.217.194.0-255,2184,99586,96,224547
18994,0.00199,172.31.47.0-255,66,99652,96,224547
18995,0.002549,172.217.194.0-255,1484,101136,96,224547
18996,0.004545,172.217.194.0-255,4320,105456,96,224547
18997,0.004549,172.31.47.0-255,66,105522,96,224547
18998,0.007112,172.217.194.0-255,5738,111260,96,224547
18999,0.009598,172.31.47.0-255,66,111326,96,224547
19000,0.012161,172.217.194.0-255,5738,117064,96,224547
19001,0.012172,172.31.47.0-255,66,117130,96,224547
19002,0.014709,172.217.194.0-255,5738,122868,96,224547
19003,0.014716,172.31.47.0-255,66,122934,96,224547
19004,0.017261,172.217.194.0-255,5738,128672,96,224547
19005,0.017266,172.31.47.0-255,66,128738,96,224547
19006,0.019665,172.31.47.0-255,172,128910,96,224547
19007,0.019702,172.31.47.0-255,1109,130019,96,224547
19008,0.019749,172.31.47.0-255,1514,131533,96,224547
19009,0.019751,172.31.47.0-255,1304,132837,96,224547
19010,0.01984,172.217.194.0-255,5738,138575,96,224547
19011,0.019845,172.31.47.0-255,66,138641,96,224547
19012,0.021189,104.244.42.0-255,66,138707,96,224547
19013,0.021233,104.244.42.0-255,66,138773,96,224547
19014,0.021271,104.244.42.0-255,66,138839,96,224547
19015,0.022361,172.217.194.0-255,4320,143159,96,224547
19016,0.022366,172.31.47.0-255,66,143225,96,224547
19017,0.02239,172.217.194.0-255,1484,144709,96,224547
19018,0.024912,172.217.194.0-255,4320,149029,96,224547
19019,0.024918,172.31.47.0-255,66,149095,96,224547
19020,0.027449,172.217.194.0-255,5738,154833,96,224547
19021,0.027497,172.31.47.0-255,66,154899,96,224547
19022,0.03004,172.217.194.0-255,5738,160637,96,224547
19023,0.030046,172.31.47.0-255,66,160703,96,224547
19024,0.032593,172.217.194.0-255,5738,166441,96,224547
19025,0.032598,172.31.47.0-255,66,166507,96,224547
19026,0.035141,172.217.194.0-255,5738,172245,96,224547
19027,0.035148,172.31.47.0-255,66,172311,96,224547
19028,0.037683,172.217.194.0-255,5738,178049,96,224547
19029,0.037688,172.31.47.0-255,66,178115,96,224547
19030,0.040248,172.217.194.0-255,5738,183853,96,224547
19031,0.040253,172.31.47.0-255,66,183919,96,224547
19032,0.04281,172.217.194.0-255,5738,189657,96,224547
19033,0.042815,172.31.47.0-255,66,189723,96,224547
19034,0.045375,172.217.194.0-255,5738,195461,96,224547
19035,0.04538,172.31.47.0-255,66,195527,96,224547
19036,0.047941,172.217.194.0-255,5738,201265,96,224547
19037,0.047947,172.31.47.0-255,66,201331,96,224547
19038,0.050509,172.217.194.0-255,5738,207069,96,224547
19039,0.050514,172.31.47.0-255,66,207135,96,224547
19040,0.053049,172.217.194.0-255,5738,212873,96,224547
19041,0.053054,172.31.47.0-255,66,212939,96,224547
19042,0.055608,172.217.194.0-255,5738,218677,96,224547
19043,0.055614,172.31.47.0-255,66,218743,96,224547
19044,0.058164,172.217.194.0-255,5738,224481,96,224547
19045,0.058169,172.31.47.0-255,66,224547,96,224547
19046,0.0,172.31.47.0-255,105,105,96,276
19047,0.001579,157.240.13.0-255,105,210,96,276
19048,0.001591,172.31.47.0-255,66,276,96,276
19049,0.0,172.217.194.0-255,153,153,96,299924
19050,3.4e-05,172.31.47.0-255,66,219,96,299924
19051,4e-05,172.217.194.0-255,1484,1703,96,299924
19052,4.4e-05,172.31.47.0-255,66,1769,96,299924
19053,4.9e-05,172.217.194.0-255,2902,4671,96,299924
19054,5.9e-05,172.31.47.0-255,66,4737,96,299924
19055,6.5e-05,172.217.194.0-255,4320,9057,96,299924
19056,6.9e-05,172.31.47.0-255,66,9123,96,299924
19057,8e-05,172.31.47.0-255,66,9189,96,299924
19058,8.5e-05,172.217.194.0-255,4320,13509,96,299924
19059,8.9e-05,172.31.47.0-255,66,13575,96,299924
19060,0.000136,172.217.194.0-255,1484,15059,96,299924
19061,0.000139,172.31.47.0-255,66,15125,96,299924
19062,0.000171,172.217.194.0-255,6797,21922,96,299924
19063,0.000174,172.31.47.0-255,66,21988,96,299924
19064,0.000317,172.217.194.0-255,1484,23472,96,299924
19065,0.000322,172.31.47.0-255,66,23538,96,299924
19066,0.000353,172.217.194.0-255,2902,26440,96,299924
19067,0.000357,172.31.47.0-255,66,26506,96,299924
19068,0.000361,172.217.194.0-255,2902,29408,96,299924
19069,0.000363,172.31.47.0-255,66,29474,96,299924
19070,0.000366,172.217.194.0-255,1484,30958,96,299924
19071,0.000368,172.31.47.0-255,66,31024,96,299924
19072,0.0004,172.217.194.0-255,5738,36762,96,299924
19073,0.000404,172.31.47.0-255,66,36828,96,299924
19074,0.00041,172.217.194.0-255,5379,42207,96,299924
19075,0.000413,172.31.47.0-255,66,42273,96,299924
19076,0.000424,172.217.194.0-255,5738,48011,96,299924
19077,0.000427,172.31.47.0-255,66,48077,96,299924
19078,0.000465,172.31.47.0-255,66,48143,96,299924
19079,0.000499,172.217.194.0-255,118,48261,96,299924
19080,0.000655,172.217.194.0-255,1484,49745,96,299924
19081,0.00066,172.31.47.0-255,66,49811,96,299924
19082,0.000686,172.217.194.0-255,2902,52713,96,299924
19083,0.000689,172.31.47.0-255,66,52779,96,299924
19084,0.000695,172.217.194.0-255,5738,58517,96,299924
19085,0.000709,172.31.47.0-255,66,58583,96,299924
19086,0.000717,172.217.194.0-255,4320,62903,96,299924
19087,0.000724,172.31.47.0-255,66,62969,96,299924
19088,0.000744,172.217.194.0-255,5738,68707,96,299924
19089,0.000748,172.217.194.0-255,1484,70191,96,299924
19090,0.000751,172.31.47.0-255,66,70257,96,299924
19091,0.000796,172.31.47.0-255,66,70323,96,299924
19092,0.00081,172.31.47.0-255,66,70389,96,299924
19093,0.000862,172.217.194.0-255,2543,72932,96,299924
19094,0.000865,172.31.47.0-255,66,72998,96,299924
19095,0.000893,172.217.194.0-255,1484,74482,96,299924
19096,0.000915,172.217.194.0-255,2902,77384,96,299924
19097,0.00092,172.217.194.0-255,2902,80286,96,299924
19098,0.000921,172.31.47.0-255,66,80352,96,299924
19099,0.00094,172.217.194.0-255,2902,83254,96,299924
19100,0.000944,172.31.47.0-255,66,83320,96,299924
19101,0.000973,172.217.194.0-255,7156,90476,96,299924
19102,0.000981,172.31.47.0-255,66,90542,96,299924
19103,0.00102,172.217.194.0-255,2184,92726,96,299924
19104,0.00103,172.31.47.0-255,66,92792,96,299924
19105,0.001119,172.217.194.0-255,1484,94276,96,299924
19106,0.001135,172.217.194.0-255,2902,97178,96,299924
19107,0.001138,172.31.47.0-255,66,97244,96,299924
19108,0.001168,172.217.194.0-255,2902,100146,96,299924
19109,0.001173,172.217.194.0-255,4320,104466,96,299924
19110,0.001172,172.31.47.0-255,66,104532,96,299924
19111,0.001184,172.217.194.0-255,2902,107434,96,299924
19112,0.001187,172.31.47.0-255,66,107500,96,299924
19113,0.001191,172.31.47.0-255,66,107566,96,299924
19114,0.001217,172.217.194.0-255,2543,110109,96,299924
19115,0.001222,172.31.47.0-255,66,110175,96,299924
19116,0.001348,172.217.194.0-255,1484,111659,96,299924
19117,0.001365,172.217.194.0-255,2902,114561,96,299924
19118,0.001368,172.31.47.0-255,66,114627,96,299924
19119,0.001387,172.217.194.0-255,2902,117529,96,299924
19120,0.001395,172.31.47.0-255,66,117595,96,299924
19121,0.001422,172.217.194.0-255,2902,120497,96,299924
19122,0.001434,172.31.47.0-255,66,120563,96,299924
19123,0.00144,172.217.194.0-255,7156,127719,96,299924
19124,0.001439,172.31.47.0-255,66,127785,96,299924
19125,0.001453,172.31.47.0-255,66,127851,96,299924
19126,0.001475,172.217.194.0-255,3602,131453,96,299924
19127,0.001487,172.31.47.0-255,66,131519,96,299924
19128,0.001674,172.217.194.0-255,1484,133003,96,299924
19129,0.00168,172.217.194.0-255,2902,135905,96,299924
19130,0.001683,172.31.47.0-255,66,135971,96,299924
19131,0.001688,172.217.194.0-255,4320,140291,96,299924
19132,0.001701,172.31.47.0-255,66,140357,96,299924
19133,0.001739,172.217.194.0-255,1484,141841,96,299924
19134,0.001758,172.217.194.0-255,7156,148997,96,299924
19135,0.001788,172.217.194.0-255,5020,154017,96,299924
19136,0.00184,172.217.194.0-255,3602,157619,96,299924
19137,0.008161,172.31.47.0-255,66,157685,96,299924
19138,0.010191,172.217.194.0-255,5738,163423,96,299924
19139,0.010201,172.31.47.0-255,66,163489,96,299924
19140,0.012227,172.217.194.0-255,5738,169227,96,299924
19141,0.012236,172.31.47.0-255,66,169293,96,299924
19142,0.014238,172.217.194.0-255,5738,175031,96,299924
19143,0.014245,172.31.47.0-255,66,175097,96,299924
19144,0.016254,172.217.194.0-255,5738,180835,96,299924
19145,0.017824,172.31.47.0-255,66,180901,96,299924
19146,0.019866,172.217.194.0-255,5738,186639,96,299924
19147,0.019878,172.31.47.0-255,66,186705,96,299924
19148,0.021889,172.217.194.0-255,5738,192443,96,299924
19149,0.021898,172.31.47.0-255,66,192509,96,299924
19150,0.023918,172.217.194.0-255,5738,198247,96,299924
19151,0.023927,172.31.47.0-255,66,198313,96,299924
19152,0.025918,172.217.194.0-255,5738,204051,96,299924
19153,0.025925,172.31.47.0-255,66,204117,96,299924
19154,0.027924,172.217.194.0-255,5738,209855,96,299924
19155,0.027934,172.31.47.0-255,66,209921,96,299924
19156,0.02994,172.217.194.0-255,5738,215659,96,299924
19157,0.029948,172.31.47.0-255,66,215725,96,299924
19158,0.031163,172.31.47.0-255,172,215897,96,299924
19159,0.031195,172.31.47.0-255,1105,217002,96,299924
19160,0.031234,172.31.47.0-255,1514,218516,96,299924
19161,0.031236,172.31.47.0-255,1306,219822,96,299924
19162,0.031948,172.217.194.0-255,5738,225560,96,299924
19163,0.031957,172.31.47.0-255,66,225626,96,299924
19164,0.032709,104.244.42.0-255,66,225692,96,299924
19165,0.032751,104.244.42.0-255,66,225758,96,299924
19166,0.032793,104.244.42.0-255,66,225824,96,299924
19167,0.033947,172.217.194.0-255,5738,231562,96,299924
19168,0.033953,172.31.47.0-255,66,231628,96,299924
19169,0.035972,172.217.194.0-255,4320,235948,96,299924
19170,0.035977,172.31.47.0-255,66,236014,96,299924
19171,0.036006,172.217.194.0-255,1484,237498,96,299924
19172,0.037967,172.217.194.0-255,4320,241818,96,299924
19173,0.037972,172.31.47.0-255,66,241884,96,299924
19174,0.039963,172.217.194.0-255,5738,247622,96,299924
19175,0.040281,172.31.47.0-255,66,247688,96,299924
19176,0.042289,172.217.194.0-255,5738,253426,96,299924
19177,0.042295,172.31.47.0-255,66,253492,96,299924
19178,0.044319,172.217.194.0-255,5738,259230,96,299924
19179,0.044325,172.31.47.0-255,66,259296,96,299924
19180,0.046331,172.217.194.0-255,5738,265034,96,299924
19181,0.046337,172.31.47.0-255,66,265100,96,299924
19182,0.048353,172.217.194.0-255,5738,270838,96,299924
19183,0.048358,172.31.47.0-255,66,270904,96,299924
19184,0.050399,172.217.194.0-255,5738,276642,96,299924
19185,0.050404,172.31.47.0-255,66,276708,96,299924
19186,0.0524,172.217.194.0-255,5738,282446,96,299924
19187,0.052406,172.31.47.0-255,66,282512,96,299924
19188,0.054422,172.217.194.0-255,5738,288250,96,299924
19189,0.054432,172.31.47.0-255,66,288316,96,299924
19190,0.056425,172.217.194.0-255,5738,294054,96,299924
19191,0.056434,172.31.47.0-255,66,294120,96,299924
19192,0.058431,172.217.194.0-255,5738,299858,96,299924
19193,0.05844,172.31.47.0-255,66,299924,96,299924
19194,0.0,172.217.26.0-255,153,153,96,223653
19195,2.6e-05,172.31.47.0-255,66,219,96,223653
19196,3.2e-05,172.217.26.0-255,1484,1703,96,223653
19197,3.6e-05,172.31.47.0-255,66,1769,96,223653
19198,4e-05,172.217.26.0-255,2902,4671,96,223653
19199,4.2e-05,172.31.47.0-255,66,4737,96,223653
19200,0.000111,172.217.26.0-255,1484,6221,96,223653
19201,0.000115,172.31.47.0-255,66,6287,96,223653
19202,0.000136,172.217.26.0-255,5738,12025,96,223653
19203,0.000139,172.31.47.0-255,66,12091,96,223653
19204,0.000311,172.217.26.0-255,2102,14193,96,223653
19205,0.000315,172.31.47.0-255,66,14259,96,223653
19206,0.000369,172.217.26.0-255,2902,17161,96,223653
19207,0.000372,172.31.47.0-255,66,17227,96,223653
19208,0.000404,172.31.47.0-255,66,17293,96,223653
19209,0.000684,172.217.26.0-255,5379,22672,96,223653
19210,0.00069,172.31.47.0-255,66,22738,96,223653
19211,0.000845,172.31.47.0-255,66,22804,96,223653
19212,0.000885,172.31.47.0-255,66,22870,96,223653
19213,0.001312,172.31.47.0-255,66,22936,96,223653
19214,0.001345,172.217.26.0-255,7125,30061,96,223653
19215,0.001348,172.31.47.0-255,66,30127,96,223653
19216,0.001778,172.31.47.0-255,66,30193,96,223653
19217,0.001812,172.31.47.0-255,66,30259,96,223653
19218,0.002274,172.217.26.0-255,7156,37415,96,223653
19219,0.002278,172.31.47.0-255,66,37481,96,223653
19220,0.002314,172.31.47.0-255,66,37547,96,223653
19221,0.002701,172.217.26.0-255,7156,44703,96,223653
19222,0.002704,172.31.47.0-255,66,44769,96,223653
19223,0.002737,172.31.47.0-255,66,44835,96,223653
19224,0.002766,172.217.26.0-255,6701,51536,96,223653
19225,0.002769,172.31.47.0-255,66,51602,96,223653
19226,0.004711,172.217.26.0-255,5738,57340,96,223653
19227,0.004716,172.31.47.0-255,66,57406,96,223653
19228,0.006662,172.217.26.0-255,5738,63144,96,223653
19229,0.006668,172.31.47.0-255,66,63210,96,223653
19230,0.008612,172.217.26.0-255,5738,68948,96,223653
19231,0.008618,172.31.47.0-255,66,69014,96,223653
19232,0.010574,172.217.26.0-255,5738,74752,96,223653
19233,0.010586,172.31.47.0-255,66,74818,96,223653
19234,0.012536,172.217.26.0-255,5738,80556,96,223653
19235,0.012547,172.31.47.0-255,66,80622,96,223653
19236,0.014509,172.217.26.0-255,5738,86360,96,223653
19237,0.014522,172.31.47.0-255,66,86426,96,223653
19238,0.016477,172.217.26.0-255,5738,92164,96,223653
19239,0.016486,172.31.47.0-255,66,92230,96,223653
19240,0.018465,172.217.26.0-255,5738,97968,96,223653
19241,0.018472,172.31.47.0-255,66,98034,96,223653
19242,0.020422,172.217.26.0-255,5738,103772,96,223653
19243,0.020429,172.31.47.0-255,66,103838,96,223653
19244,0.021407,172.31.47.0-255,172,104010,96,223653
19245,0.02144,172.31.47.0-255,1104,105114,96,223653
19246,0.021498,172.31.47.0-255,1514,106628,96,223653
19247,0.0215,172.31.47.0-255,1307,107935,96,223653
19248,0.022378,172.217.26.0-255,5738,113673,96,223653
19249,0.022385,172.31.47.0-255,66,113739,96,223653
19250,0.023,104.244.42.0-255,66,113805,96,223653
19251,0.023007,104.244.42.0-255,66,113871,96,223653
19252,0.023083,104.244.42.0-255,66,113937,96,223653
19253,0.024322,172.217.26.0-255,2902,116839,96,223653
19254,0.024327,172.31.47.0-255,66,116905,96,223653
19255,0.024363,172.217.26.0-255,2902,119807,96,223653
19256,0.024366,172.31.47.0-255,66,119873,96,223653
19257,0.026271,172.217.26.0-255,2902,122775,96,223653
19258,0.026277,172.31.47.0-255,66,122841,96,223653
19259,0.026316,172.217.26.0-255,2902,125743,96,223653
19260,0.026322,172.31.47.0-255,66,125809,96,223653
19261,0.028231,172.217.26.0-255,2902,128711,96,223653
19262,0.028236,172.31.47.0-255,66,128777,96,223653
19263,0.028268,172.217.26.0-255,2902,131679,96,223653
19264,0.028271,172.31.47.0-255,66,131745,96,223653
19265,0.030182,172.217.26.0-255,2902,134647,96,223653
19266,0.030188,172.31.47.0-255,66,134713,96,223653
19267,0.030226,172.217.26.0-255,2902,137615,96,223653
19268,0.030229,172.31.47.0-255,66,137681,96,223653
19269,0.032126,172.217.26.0-255,2902,140583,96,223653
19270,0.032132,172.31.47.0-255,66,140649,96,223653
19271,0.032163,172.217.26.0-255,2902,143551,96,223653
19272,0.032166,172.31.47.0-255,66,143617,96,223653
19273,0.034093,172.217.26.0-255,5738,149355,96,223653
19274,0.034098,172.31.47.0-255,66,149421,96,223653
19275,0.036039,172.217.26.0-255,5738,155159,96,223653
19276,0.036043,172.31.47.0-255,66,155225,96,223653
19277,0.037984,172.217.26.0-255,5738,160963,96,223653
19278,0.037988,172.31.47.0-255,66,161029,96,223653
19279,0.039923,172.217.26.0-255,4320,165349,96,223653
19280,0.039928,172.31.47.0-255,66,165415,96,223653
19281,0.039955,172.217.26.0-255,1484,166899,96,223653
19282,0.041868,172.217.26.0-255,4320,171219,96,223653
19283,0.041872,172.31.47.0-255,66,171285,96,223653
19284,0.043859,172.217.26.0-255,5738,177023,96,223653
19285,0.043864,172.31.47.0-255,66,177089,96,223653
19286,0.04584,172.217.26.0-255,5738,182827,96,223653
19287,0.045857,172.31.47.0-255,66,182893,96,223653
19288,0.047804,172.217.26.0-255,5738,188631,96,223653
19289,0.047816,172.31.47.0-255,66,188697,96,223653
19290,0.049802,172.217.26.0-255,5738,194435,96,223653
19291,0.049816,172.31.47.0-255,66,194501,96,223653
19292,0.051778,172.217.26.0-255,5738,200239,96,223653
19293,0.051793,172.31.47.0-255,66,200305,96,223653
19294,0.053741,172.217.26.0-255,5738,206043,96,223653
19295,0.053747,172.31.47.0-255,66,206109,96,223653
19296,0.055706,172.217.26.0-255,5738,211847,96,223653
19297,0.055713,172.31.47.0-255,66,211913,96,223653
19298,0.057659,172.217.26.0-255,5738,217651,96,223653
19299,0.057664,172.31.47.0-255,66,217717,96,223653
19300,0.059612,172.217.26.0-255,2902,220619,96,223653
19301,0.059617,172.31.47.0-255,66,220685,96,223653
19302,0.059649,172.217.26.0-255,2902,223587,96,223653
19303,0.059653,172.31.47.0-255,66,223653,96,223653
19304,0.0,172.253.118.0-255,153,153,96,274289
19305,1.5e-05,172.31.47.0-255,66,219,96,274289
19306,2.2e-05,172.253.118.0-255,1484,1703,96,274289
19307,2.6e-05,172.31.47.0-255,66,1769,96,274289
19308,3.2e-05,172.253.118.0-255,2902,4671,96,274289
19309,3.5e-05,172.31.47.0-255,66,4737,96,274289
19310,5.2e-05,172.253.118.0-255,7156,11893,96,274289
19311,5.5e-05,172.31.47.0-255,66,11959,96,274289
19312,5.9e-05,172.253.118.0-255,2142,14101,96,274289
19313,6.1e-05,172.31.47.0-255,66,14167,96,274289
19314,0.000125,172.253.118.0-255,2902,17069,96,274289
19315,0.000128,172.31.47.0-255,66,17135,96,274289
19316,0.000135,172.253.118.0-255,7156,24291,96,274289
19317,0.000138,172.31.47.0-255,66,24357,96,274289
19318,0.000169,172.253.118.0-255,6797,31154,96,274289
19319,0.000172,172.31.47.0-255,66,31220,96,274289
19320,0.0003,172.253.118.0-255,1484,32704,96,274289
19321,0.000306,172.31.47.0-255,66,32770,96,274289
19322,0.00031,172.253.118.0-255,1484,34254,96,274289
19323,0.000313,172.31.47.0-255,66,34320,96,274289
19324,0.000331,172.253.118.0-255,1484,35804,96,274289
19325,0.000333,172.31.47.0-255,66,35870,96,274289
19326,0.00034,172.253.118.0-255,5738,41608,96,274289
19327,0.000343,172.31.47.0-255,66,41674,96,274289
19328,0.000382,172.31.47.0-255,66,41740,96,274289
19329,0.000409,172.253.118.0-255,2543,44283,96,274289
19330,0.000411,172.31.47.0-255,66,44349,96,274289
19331,0.000419,172.253.118.0-255,5738,50087,96,274289
19332,0.000421,172.31.47.0-255,66,50153,96,274289
19333,0.000443,172.253.118.0-255,5379,55532,96,274289
19334,0.000445,172.31.47.0-255,66,55598,96,274289
19335,0.000569,172.253.118.0-255,646,56244,96,274289
19336,0.000901,172.253.118.0-255,1484,57728,96,274289
19337,0.000907,172.31.47.0-255,66,57794,96,274289
19338,0.000913,172.253.118.0-255,2902,60696,96,274289
19339,0.000915,172.31.47.0-255,66,60762,96,274289
19340,0.000952,172.253.118.0-255,5738,66500,96,274289
19341,0.000955,172.31.47.0-255,66,66566,96,274289
19342,0.000958,172.253.118.0-255,1484,68050,96,274289
19343,0.000991,172.31.47.0-255,66,68116,96,274289
19344,0.000997,172.253.118.0-255,5738,73854,96,274289
19345,0.001,172.31.47.0-255,66,73920,96,274289
19346,0.001027,172.253.118.0-255,4320,78240,96,274289
19347,0.00103,172.31.47.0-255,66,78306,96,274289
19348,0.001052,172.253.118.0-255,766,79072,96,274289
19349,0.001173,172.253.118.0-255,1484,80556,96,274289
19350,0.001177,172.31.47.0-255,66,80622,96,274289
19351,0.001182,172.253.118.0-255,2902,83524,96,274289
19352,0.001184,172.31.47.0-255,66,83590,96,274289
19353,0.001202,172.253.118.0-255,5738,89328,96,274289
19354,0.001205,172.31.47.0-255,66,89394,96,274289
19355,0.001244,172.31.47.0-255,66,89460,96,274289
19356,0.001251,172.253.118.0-255,7156,96616,96,274289
19357,0.001253,172.31.47.0-255,66,96682,96,274289
19358,0.001281,172.253.118.0-255,1484,98166,96,274289
19359,0.001297,172.253.118.0-255,2184,100350,96,274289
19360,0.001301,172.31.47.0-255,66,100416,96,274289
19361,0.00142,172.253.118.0-255,1484,101900,96,274289
19362,0.001424,172.253.118.0-255,1484,103384,96,274289
19363,0.001427,172.31.47.0-255,66,103450,96,274289
19364,0.001453,172.253.118.0-255,1484,104934,96,274289
19365,0.001459,172.253.118.0-255,2902,107836,96,274289
19366,0.001461,172.31.47.0-255,66,107902,96,274289
19367,0.001484,172.253.118.0-255,2902,110804,96,274289
19368,0.001486,172.31.47.0-255,66,110870,96,274289
19369,0.001493,172.253.118.0-255,5738,116608,96,274289
19370,0.001494,172.31.47.0-255,66,116674,96,274289
19371,0.001535,172.253.118.0-255,4320,120994,96,274289
19372,0.001538,172.31.47.0-255,66,121060,96,274289
19373,0.001555,172.31.47.0-255,66,121126,96,274289
19374,0.001559,172.253.118.0-255,2184,123310,96,274289
19375,0.001561,172.31.47.0-255,66,123376,96,274289
19376,0.003829,172.253.118.0-255,2902,126278,96,274289
19377,0.003836,172.31.47.0-255,66,126344,96,274289
19378,0.003864,172.253.118.0-255,2902,129246,96,274289
19379,0.003866,172.31.47.0-255,66,129312,96,274289
19380,0.006119,172.253.118.0-255,2902,132214,96,274289
19381,0.006124,172.31.47.0-255,66,132280,96,274289
19382,0.006148,172.253.118.0-255,2902,135182,96,274289
19383,0.00615,172.31.47.0-255,66,135248,96,274289
19384,0.0084,172.253.118.0-255,2902,138150,96,274289
19385,0.008406,172.31.47.0-255,66,138216,96,274289
19386,0.008432,172.253.118.0-255,2902,141118,96,274289
19387,0.008435,172.31.47.0-255,66,141184,96,274289
19388,0.010687,172.253.118.0-255,2902,144086,96,274289
19389,0.010694,172.31.47.0-255,66,144152,96,274289
19390,0.010723,172.253.118.0-255,2902,147054,96,274289
19391,0.010724,172.31.47.0-255,66,147120,96,274289
19392,0.012969,172.253.118.0-255,2902,150022,96,274289
19393,0.01298,172.31.47.0-255,66,150088,96,274289
19394,0.013043,172.253.118.0-255,2902,152990,96,274289
19395,0.013046,172.31.47.0-255,66,153056,96,274289
19396,0.015265,172.253.118.0-255,2902,155958,96,274289
19397,0.015273,172.31.47.0-255,66,156024,96,274289
19398,0.01529,172.253.118.0-255,1484,157508,96,274289
19399,0.015307,172.253.118.0-255,1484,158992,96,274289
19400,0.01531,172.31.47.0-255,66,159058,96,274289
19401,0.017549,172.253.118.0-255,2902,161960,96,274289
19402,0.017555,172.31.47.0-255,66,162026,96,274289
19403,0.017585,172.253.118.0-255,2902,164928,96,274289
19404,0.017588,172.31.47.0-255,66,164994,96,274289
19405,0.019842,172.253.118.0-255,2902,167896,96,274289
19406,0.019849,172.31.47.0-255,66,167962,96,274289
19407,0.01988,172.253.118.0-255,2902,170864,96,274289
19408,0.019883,172.31.47.0-255,66,170930,96,274289
19409,0.022122,172.253.118.0-255,2902,173832,96,274289
19410,0.022128,172.31.47.0-255,66,173898,96,274289
19411,0.022159,172.253.118.0-255,2902,176800,96,274289
19412,0.022162,172.31.47.0-255,66,176866,96,274289
19413,0.022442,172.31.47.0-255,172,177038,96,274289
19414,0.022468,172.31.47.0-255,1101,178139,96,274289
19415,0.022515,172.31.47.0-255,1514,179653,96,274289
19416,0.022535,172.31.47.0-255,1310,180963,96,274289
19417,0.023971,104.244.42.0-255,66,181029,96,274289
19418,0.024017,104.244.42.0-255,66,181095,96,274289
19419,0.02405,104.244.42.0-255,66,181161,96,274289
19420,0.024413,172.253.118.0-255,2902,184063,96,274289
19421,0.02442,172.31.47.0-255,66,184129,96,274289
19422,0.024451,172.253.118.0-255,2902,187031,96,274289
19423,0.024454,172.31.47.0-255,66,187097,96,274289
19424,0.026694,172.253.118.0-255,2902,189999,96,274289
19425,0.0267,172.31.47.0-255,66,190065,96,274289
19426,0.026725,172.253.118.0-255,2902,192967,96,274289
19427,0.026727,172.31.47.0-255,66,193033,96,274289
19428,0.028992,172.253.118.0-255,5738,198771,96,274289
19429,0.028999,172.31.47.0-255,66,198837,96,274289
19430,0.03128,172.253.118.0-255,5738,204575,96,274289
19431,0.031287,172.31.47.0-255,66,204641,96,274289
19432,0.033561,172.253.118.0-255,5738,210379,96,274289
19433,0.033568,172.31.47.0-255,66,210445,96,274289
19434,0.035883,172.253.118.0-255,5738,216183,96,274289
19435,0.035901,172.31.47.0-255,66,216249,96,274289
19436,0.038201,172.253.118.0-255,5738,221987,96,274289
19437,0.038217,172.31.47.0-255,66,222053,96,274289
19438,0.040497,172.253.118.0-255,5738,227791,96,274289
19439,0.040504,172.31.47.0-255,66,227857,96,274289
19440,0.04281,172.253.118.0-255,5738,233595,96,274289
19441,0.042827,172.31.47.0-255,66,233661,96,274289
19442,0.045137,172.253.118.0-255,5738,239399,96,274289
19443,0.045152,172.31.47.0-255,66,239465,96,274289
19444,0.047444,172.253.118.0-255,5738,245203,96,274289
19445,0.047462,172.31.47.0-255,66,245269,96,274289
19446,0.049776,172.253.118.0-255,5738,251007,96,274289
19447,0.049793,172.31.47.0-255,66,251073,96,274289
19448,0.052085,172.253.118.0-255,5738,256811,96,274289
19449,0.052096,172.31.47.0-255,66,256877,96,274289
19450,0.05437,172.253.118.0-255,5738,262615,96,274289
19451,0.05438,172.31.47.0-255,66,262681,96,274289
19452,0.056668,172.253.118.0-255,5738,268419,96,274289
19453,0.056676,172.31.47.0-255,66,268485,96,274289
19454,0.058971,172.253.118.0-255,5738,274223,96,274289
19455,0.058977,172.31.47.0-255,66,274289,96,274289
19456,0.0,74.125.24.0-255,153,153,96,250343
19457,2e-05,172.31.47.0-255,66,219,96,250343
19458,2.7e-05,74.125.24.0-255,1484,1703,96,250343
19459,3.2e-05,172.31.47.0-255,66,1769,96,250343
19460,3.7e-05,74.125.24.0-255,2902,4671,96,250343
19461,4e-05,172.31.47.0-255,66,4737,96,250343
19462,4.6e-05,74.125.24.0-255,5738,10475,96,250343
19463,5e-05,172.31.47.0-255,66,10541,96,250343
19464,6.5e-05,172.31.47.0-255,66,10607,96,250343
19465,7.2e-05,74.125.24.0-255,7156,17763,96,250343
19466,7.4e-05,172.31.47.0-255,66,17829,96,250343
19467,7.9e-05,74.125.24.0-255,2902,20731,96,250343
19468,8.2e-05,172.31.47.0-255,66,20797,96,250343
19469,0.000117,172.31.47.0-255,66,20863,96,250343
19470,0.000151,172.31.47.0-255,66,20929,96,250343
19471,0.000188,74.125.24.0-255,4320,25249,96,250343
19472,0.000191,172.31.47.0-255,66,25315,96,250343
19473,0.000209,74.125.24.0-255,4302,29617,96,250343
19474,0.000212,172.31.47.0-255,66,29683,96,250343
19475,0.000252,74.125.24.0-255,1484,31167,96,250343
19476,0.000254,172.31.47.0-255,66,31233,96,250343
19477,0.000259,74.125.24.0-255,2902,34135,96,250343
19478,0.00026,172.31.47.0-255,66,34201,96,250343
19479,0.000278,74.125.24.0-255,5738,39939,96,250343
19480,0.00028,172.31.47.0-255,66,40005,96,250343
19481,0.000286,74.125.24.0-255,4320,44325,96,250343
19482,0.000289,172.31.47.0-255,66,44391,96,250343
19483,0.000321,172.31.47.0-255,66,44457,96,250343
19484,0.000354,172.31.47.0-255,66,44523,96,250343
19485,0.00097,74.125.24.0-255,1484,46007,96,250343
19486,0.000977,74.125.24.0-255,2902,48909,96,250343
19487,0.000981,172.31.47.0-255,66,48975,96,250343
19488,0.000988,74.125.24.0-255,5738,54713,96,250343
19489,0.00099,172.31.47.0-255,66,54779,96,250343
19490,0.000995,74.125.24.0-255,4320,59099,96,250343
19491,0.000997,172.31.47.0-255,66,59165,96,250343
19492,0.001027,172.31.47.0-255,66,59231,96,250343
19493,0.001059,172.31.47.0-255,66,59297,96,250343
19494,0.001242,74.125.24.0-255,1484,60781,96,250343
19495,0.001248,74.125.24.0-255,2902,63683,96,250343
19496,0.001251,172.31.47.0-255,66,63749,96,250343
19497,0.001285,74.125.24.0-255,4320,68069,96,250343
19498,0.001288,172.31.47.0-255,66,68135,96,250343
19499,0.001303,74.125.24.0-255,1484,69619,96,250343
19500,0.001315,172.31.47.0-255,66,69685,96,250343
19501,0.001325,172.31.47.0-255,66,69751,96,250343
19502,0.001327,74.125.24.0-255,766,70517,96,250343
19503,0.001473,74.125.24.0-255,1484,72001,96,250343
19504,0.001477,172.31.47.0-255,66,72067,96,250343
19505,0.001486,74.125.24.0-255,2902,74969,96,250343
19506,0.001488,172.31.47.0-255,66,75035,96,250343
19507,0.001491,74.125.24.0-255,1484,76519,96,250343
19508,0.001507,74.125.24.0-255,4320,80839,96,250343
19509,0.001509,172.31.47.0-255,66,80905,96,250343
19510,0.001514,74.125.24.0-255,4320,85225,96,250343
19511,0.001515,172.31.47.0-255,66,85291,96,250343
19512,0.001518,74.125.24.0-255,1484,86775,96,250343
19513,0.001549,172.31.47.0-255,66,86841,96,250343
19514,0.001594,172.31.47.0-255,66,86907,96,250343
19515,0.001836,74.125.24.0-255,1484,88391,96,250343
19516,0.001856,74.125.24.0-255,2902,91293,96,250343
19517,0.001859,172.31.47.0-255,66,91359,96,250343
19518,0.001864,74.125.24.0-255,2902,94261,96,250343
19519,0.001866,172.31.47.0-255,66,94327,96,250343
19520,0.001879,74.125.24.0-255,2902,97229,96,250343
19521,0.001881,172.31.47.0-255,66,97295,96,250343
19522,0.001912,74.125.24.0-255,7156,104451,96,250343
19523,0.001914,172.31.47.0-255,66,104517,96,250343
19524,0.00193,74.125.24.0-255,1484,106001,96,250343
19525,0.001936,74.125.24.0-255,5738,111739,96,250343
19526,0.001938,172.31.47.0-255,66,111805,96,250343
19527,0.001953,74.125.24.0-255,4320,116125,96,250343
19528,0.001955,172.31.47.0-255,66,116191,96,250343
19529,0.001959,74.125.24.0-255,2902,119093,96,250343
19530,0.00196,172.31.47.0-255,66,119159,96,250343
19531,0.002011,74.125.24.0-255,2184,121343,96,250343
19532,0.002014,172.31.47.0-255,66,121409,96,250343
19533,0.002231,74.125.24.0-255,1484,122893,96,250343
19534,0.002237,74.125.24.0-255,2902,125795,96,250343
19535,0.00224,172.31.47.0-255,66,125861,96,250343
19536,0.002265,74.125.24.0-255,5738,131599,96,250343
19537,0.002267,172.31.47.0-255,66,131665,96,250343
19538,0.002271,74.125.24.0-255,2902,134567,96,250343
19539,0.002272,172.31.47.0-255,66,134633,96,250343
19540,0.002294,172.31.47.0-255,66,134699,96,250343
19541,0.002336,172.31.47.0-255,66,134765,96,250343
19542,0.002339,74.125.24.0-255,1484,136249,96,250343
19543,0.002401,74.125.24.0-255,2902,139151,96,250343
19544,0.002418,74.125.24.0-255,2184,141335,96,250343
19545,0.012984,172.31.47.0-255,66,141401,96,250343
19546,0.013373,74.125.24.0-255,1484,142885,96,250343
19547,0.015562,74.125.24.0-255,4320,147205,96,250343
19548,0.015577,172.31.47.0-255,66,147271,96,250343
19549,0.018145,74.125.24.0-255,5738,153009,96,250343
19550,0.018152,172.31.47.0-255,66,153075,96,250343
19551,0.020733,74.125.24.0-255,5738,158813,96,250343
19552,0.020743,172.31.47.0-255,66,158879,96,250343
19553,0.023341,74.125.24.0-255,5738,164617,96,250343
19554,0.02335,172.31.47.0-255,66,164683,96,250343
19555,0.025942,74.125.24.0-255,5738,170421,96,250343
19556,0.025949,172.31.47.0-255,66,170487,96,250343
19557,0.028547,74.125.24.0-255,5738,176225,96,250343
19558,0.028556,172.31.47.0-255,66,176291,96,250343
19559,0.031177,74.125.24.0-255,5738,182029,96,250343
19560,0.031196,172.31.47.0-255,66,182095,96,250343
19561,0.033791,74.125.24.0-255,5738,187833,96,250343
19562,0.033801,172.31.47.0-255,66,187899,96,250343
19563,0.036448,74.125.24.0-255,5738,193637,96,250343
19564,0.036465,172.31.47.0-255,66,193703,96,250343
19565,0.039074,74.125.24.0-255,5738,199441,96,250343
19566,0.03908,172.31.47.0-255,66,199507,96,250343
19567,0.041603,172.31.47.0-255,172,199679,96,250343
19568,0.041638,172.31.47.0-255,1101,200780,96,250343
19569,0.041663,74.125.24.0-255,4320,205100,96,250343
19570,0.041671,172.31.47.0-255,66,205166,96,250343
19571,0.041691,74.125.24.0-255,1484,206650,96,250343
19572,0.041717,172.31.47.0-255,1514,208164,96,250343
19573,0.041719,172.31.47.0-255,1514,209678,96,250343
19574,0.04172,172.31.47.0-255,1514,211192,96,250343
19575,0.041721,172.31.47.0-255,1095,212287,96,250343
19576,0.043127,104.244.42.0-255,66,212353,96,250343
19577,0.043157,104.244.42.0-255,66,212419,96,250343
19578,0.04326,104.244.42.0-255,66,212485,96,250343
19579,0.043264,104.244.42.0-255,66,212551,96,250343
19580,0.04422,74.125.24.0-255,2902,215453,96,250343
19581,0.044232,172.31.47.0-255,66,215519,96,250343
19582,0.046849,74.125.24.0-255,5738,221257,96,250343
19583,0.046867,172.31.47.0-255,66,221323,96,250343
19584,0.049442,74.125.24.0-255,5738,227061,96,250343
19585,0.049459,172.31.47.0-255,66,227127,96,250343
19586,0.052034,74.125.24.0-255,5738,232865,96,250343
19587,0.052051,172.31.47.0-255,66,232931,96,250343
19588,0.054664,74.125.24.0-255,5738,238669,96,250343
19589,0.054672,172.31.47.0-255,66,238735,96,250343
19590,0.057253,74.125.24.0-255,5738,244473,96,250343
19591,0.057259,172.31.47.0-255,66,244539,96,250343
19592,0.059842,74.125.24.0-255,5738,250277,96,250343
19593,0.059847,172.31.47.0-255,66,250343,96,250343
19594,0.0,74.125.24.0-255,153,153,96,213319
19595,1.4e-05,172.31.47.0-255,66,219,96,213319
19596,2e-05,74.125.24.0-255,1484,1703,96,213319
19597,2.4e-05,172.31.47.0-255,66,1769,96,213319
19598,5.2e-05,74.125.24.0-255,2902,4671,96,213319
19599,5.5e-05,172.31.47.0-255,66,4737,96,213319
19600,6.5e-05,74.125.24.0-255,7156,11893,96,213319
19601,6.8e-05,172.31.47.0-255,66,11959,96,213319
19602,7e-05,74.125.24.0-255,1484,13443,96,213319
19603,7.2e-05,172.31.47.0-255,66,13509,96,213319
19604,0.000126,74.125.24.0-255,2135,15644,96,213319
19605,0.000128,172.31.47.0-255,66,15710,96,213319
19606,0.000142,74.125.24.0-255,2902,18612,96,213319
19607,0.000144,172.31.47.0-255,66,18678,96,213319
19608,0.00015,74.125.24.0-255,7156,25834,96,213319
19609,0.000153,172.31.47.0-255,66,25900,96,213319
19610,0.000156,74.125.24.0-255,1484,27384,96,213319
19611,0.000158,172.31.47.0-255,66,27450,96,213319
19612,0.000202,74.125.24.0-255,3961,31411,96,213319
19613,0.000205,172.31.47.0-255,66,31477,96,213319
19614,0.000263,74.125.24.0-255,1484,32961,96,213319
19615,0.000266,172.31.47.0-255,66,33027,96,213319
19616,0.000271,74.125.24.0-255,2902,35929,96,213319
19617,0.000273,172.31.47.0-255,66,35995,96,213319
19618,0.000302,74.125.24.0-255,5738,41733,96,213319
19619,0.000305,172.31.47.0-255,66,41799,96,213319
19620,0.000312,74.125.24.0-255,6797,48596,96,213319
19621,0.000313,172.31.47.0-255,66,48662,96,213319
19622,0.000323,74.125.24.0-255,7156,55818,96,213319
19623,0.000325,172.31.47.0-255,66,55884,96,213319
19624,0.000351,74.125.24.0-255,1484,57368,96,213319
19625,0.000354,172.31.47.0-255,66,57434,96,213319
19626,0.000385,172.31.47.0-255,66,57500,96,213319
19627,0.000387,74.125.24.0-255,648,58148,96,213319
19628,0.000579,74.125.24.0-255,1484,59632,96,213319
19629,0.000584,74.125.24.0-255,2902,62534,96,213319
19630,0.000589,172.31.47.0-255,66,62600,96,213319
19631,0.000592,172.31.47.0-255,66,62666,96,213319
19632,0.000611,74.125.24.0-255,5738,68404,96,213319
19633,0.000613,172.31.47.0-255,66,68470,96,213319
19634,0.000618,74.125.24.0-255,4320,72790,96,213319
19635,0.00062,172.31.47.0-255,66,72856,96,213319
19636,0.000657,172.31.47.0-255,66,72922,96,213319
19637,0.000667,172.31.47.0-255,66,72988,96,213319
19638,0.000909,74.125.24.0-255,1484,74472,96,213319
19639,0.000915,74.125.24.0-255,2902,77374,96,213319
19640,0.000919,172.31.47.0-255,66,77440,96,213319
19641,0.000939,74.125.24.0-255,5738,83178,96,213319
19642,0.000942,172.31.47.0-255,66,83244,96,213319
19643,0.000968,74.125.24.0-255,4320,87564,96,213319
19644,0.00097,172.31.47.0-255,66,87630,96,213319
19645,0.000991,74.125.24.0-255,1484,89114,96,213319
19646,0.00101,74.125.24.0-255,4320,93434,96,213319
19647,0.001013,172.31.47.0-255,66,93500,96,213319
19648,0.001019,74.125.24.0-255,5738,99238,96,213319
19649,0.001022,172.31.47.0-255,66,99304,96,213319
19650,0.001079,74.125.24.0-255,5738,105042,96,213319
19651,0.001082,172.31.47.0-255,66,105108,96,213319
19652,0.001107,74.125.24.0-255,2184,107292,96,213319
19653,0.001109,172.31.47.0-255,66,107358,96,213319
19654,0.001264,74.125.24.0-255,1484,108842,96,213319
19655,0.00127,74.125.24.0-255,2902,111744,96,213319
19656,0.001273,172.31.47.0-255,66,111810,96,213319
19657,0.001306,74.125.24.0-255,5738,117548,96,213319
19658,0.001309,172.31.47.0-255,66,117614,96,213319
19659,0.001314,74.125.24.0-255,2902,120516,96,213319
19660,0.001316,172.31.47.0-255,66,120582,96,213319
19661,0.001346,172.31.47.0-255,66,120648,96,213319
19662,0.001364,172.31.47.0-255,66,120714,96,213319
19663,0.001522,74.125.24.0-255,1484,122198,96,213319
19664,0.001529,74.125.24.0-255,2902,125100,96,213319
19665,0.001532,172.31.47.0-255,66,125166,96,213319
19666,0.001537,74.125.24.0-255,2902,128068,96,213319
19667,0.001539,172.31.47.0-255,66,128134,96,213319
19668,0.001572,74.125.24.0-255,2902,131036,96,213319
19669,0.001575,172.31.47.0-255,66,131102,96,213319
19670,0.001589,172.31.47.0-255,66,131168,96,213319
19671,0.001645,74.125.24.0-255,4320,135488,96,213319
19672,0.001649,172.31.47.0-255,66,135554,96,213319
19673,0.001677,74.125.24.0-255,6438,141992,96,213319
19674,0.00168,172.31.47.0-255,66,142058,96,213319
19675,0.001704,74.125.24.0-255,1484,143542,96,213319
19676,0.00171,74.125.24.0-255,2902,146444,96,213319
19677,0.001712,172.31.47.0-255,66,146510,96,213319
19678,0.001743,74.125.24.0-255,4320,150830,96,213319
19679,0.001745,172.31.47.0-255,66,150896,96,213319
19680,0.001751,74.125.24.0-255,5738,156634,96,213319
19681,0.001754,172.31.47.0-255,66,156700,96,213319
19682,0.001785,74.125.24.0-255,7156,163856,96,213319
19683,0.001789,172.31.47.0-255,66,163922,96,213319
19684,0.001802,74.125.24.0-255,2902,166824,96,213319
19685,0.001809,172.31.47.0-255,66,166890,96,213319
19686,0.001822,172.31.47.0-255,66,166956,96,213319
19687,0.001825,74.125.24.0-255,1484,168440,96,213319
19688,0.001901,74.125.24.0-255,2184,170624,96,213319
19689,0.001913,172.31.47.0-255,66,170690,96,213319
19690,0.001941,74.125.24.0-255,2902,173592,96,213319
19691,0.001958,74.125.24.0-255,7156,180748,96,213319
19692,0.001973,172.31.47.0-255,66,180814,96,213319
19693,0.001984,74.125.24.0-255,5738,186552,96,213319
19694,0.002014,172.31.47.0-255,66,186618,96,213319
19695,0.002042,74.125.24.0-255,1484,188102,96,213319
19696,0.002047,74.125.24.0-255,2902,191004,96,213319
19697,0.00205,74.125.24.0-255,1484,192488,96,213319
19698,0.002064,74.125.24.0-255,4320,196808,96,213319
19699,0.002066,172.31.47.0-255,66,196874,96,213319
19700,0.002071,172.31.47.0-255,66,196940,96,213319
19701,0.002098,74.125.24.0-255,5738,202678,96,213319
19702,0.00213,74.125.24.0-255,2902,205580,96,213319
19703,0.00214,172.31.47.0-255,66,205646,96,213319
19704,0.00218,74.125.24.0-255,2902,208548,96,213319
19705,0.002189,172.31.47.0-255,66,208614,96,213319
19706,0.002329,172.31.47.0-255,66,208680,96,213319
19707,0.004579,74.125.24.0-255,105,208785,96,213319
19708,0.017198,172.31.47.0-255,66,208851,96,213319
19709,0.017252,172.31.47.0-255,105,208956,96,213319
19710,0.019514,74.125.24.0-255,66,209022,96,213319
19711,0.043115,172.31.47.0-255,172,209194,96,213319
19712,0.043149,172.31.47.0-255,1101,210295,96,213319
19713,0.043202,172.31.47.0-255,1514,211809,96,213319
19714,0.043203,172.31.47.0-255,1312,213121,96,213319
19715,0.044653,104.244.42.0-255,66,213187,96,213319
19716,0.044664,104.244.42.0-255,66,213253,96,213319
19717,0.044715,104.244.42.0-255,66,213319,96,213319
19718,0.0,31.13.82.0-255,105,105,96,171
19719,1.8e-05,172.31.47.0-255,66,171,96,171
19720,0.0,74.125.24.0-255,153,153,96,229796
19721,1.7e-05,172.31.47.0-255,66,219,96,229796
19722,2.3e-05,74.125.24.0-255,1484,1703,96,229796
19723,2.7e-05,172.31.47.0-255,66,1769,96,229796
19724,3.3e-05,74.125.24.0-255,2902,4671,96,229796
19725,4.1e-05,172.31.47.0-255,66,4737,96,229796
19726,4.8e-05,74.125.24.0-255,7156,11893,96,229796
19727,5.1e-05,172.31.47.0-255,66,11959,96,229796
19728,5.5e-05,74.125.24.0-255,2128,14087,96,229796
19729,5.9e-05,172.31.47.0-255,66,14153,96,229796
19730,0.000501,74.125.24.0-255,1484,15637,96,229796
19731,0.000507,172.31.47.0-255,66,15703,96,229796
19732,0.000516,74.125.24.0-255,2902,18605,96,229796
19733,0.000519,172.31.47.0-255,66,18671,96,229796
19734,0.00053,74.125.24.0-255,5738,24409,96,229796
19735,0.000531,172.31.47.0-255,66,24475,96,229796
19736,0.000547,74.125.24.0-255,1484,25959,96,229796
19737,0.000549,172.31.47.0-255,66,26025,96,229796
19738,0.000576,74.125.24.0-255,5379,31404,96,229796
19739,0.000578,172.31.47.0-255,66,31470,96,229796
19740,0.000622,74.125.24.0-255,1484,32954,96,229796
19741,0.000625,172.31.47.0-255,66,33020,96,229796
19742,0.000629,74.125.24.0-255,2902,35922,96,229796
19743,0.000631,172.31.47.0-255,66,35988,96,229796
19744,0.000635,74.125.24.0-255,2902,38890,96,229796
19745,0.000641,172.31.47.0-255,66,38956,96,229796
19746,0.000669,74.125.24.0-255,2902,41858,96,229796
19747,0.000696,172.31.47.0-255,66,41924,96,229796
19748,0.000699,172.31.47.0-255,66,41990,96,229796
19749,0.000735,172.31.47.0-255,66,42056,96,229796
19750,0.000742,74.125.24.0-255,6797,48853,96,229796
19751,0.000744,172.31.47.0-255,66,48919,96,229796
19752,0.000746,74.125.24.0-255,400,49319,96,229796
19753,0.001063,172.31.47.0-255,66,49385,96,229796
19754,0.001344,74.125.24.0-255,343,49728,96,229796
19755,0.00137,172.31.47.0-255,66,49794,96,229796
19756,0.00145,74.125.24.0-255,1484,51278,96,229796
19757,0.001458,74.125.24.0-255,2902,54180,96,229796
19758,0.001461,172.31.47.0-255,66,54246,96,229796
19759,0.001487,74.125.24.0-255,5738,59984,96,229796
19760,0.001489,172.31.47.0-255,66,60050,96,229796
19761,0.001545,74.125.24.0-255,2902,62952,96,229796
19762,0.001548,172.31.47.0-255,66,63018,96,229796
19763,0.001584,172.31.47.0-255,66,63084,96,229796
19764,0.001593,172.31.47.0-255,66,63150,96,229796
19765,0.001609,74.125.24.0-255,1125,64275,96,229796
19766,0.001787,172.31.47.0-255,66,64341,96,229796
19767,0.003593,74.125.24.0-255,4320,68661,96,229796
19768,0.003598,172.31.47.0-255,66,68727,96,229796
19769,0.003773,74.125.24.0-255,1484,70211,96,229796
19770,0.00559,74.125.24.0-255,4320,74531,96,229796
19771,0.005595,172.31.47.0-255,66,74597,96,229796
19772,0.007584,74.125.24.0-255,5738,80335,96,229796
19773,0.007591,172.31.47.0-255,66,80401,96,229796
19774,0.009604,74.125.24.0-255,5738,86139,96,229796
19775,0.009611,172.31.47.0-255,66,86205,96,229796
19776,0.011616,74.125.24.0-255,5738,91943,96,229796
19777,0.011622,172.31.47.0-255,66,92009,96,229796
19778,0.013637,74.125.24.0-255,5738,97747,96,229796
19779,0.013647,172.31.47.0-255,66,97813,96,229796
19780,0.015661,74.125.24.0-255,5738,103551,96,229796
19781,0.015668,172.31.47.0-255,66,103617,96,229796
19782,0.017681,74.125.24.0-255,5738,109355,96,229796
19783,0.017693,172.31.47.0-255,66,109421,96,229796
19784,0.019718,74.125.24.0-255,5738,115159,96,229796
19785,0.019734,172.31.47.0-255,66,115225,96,229796
19786,0.021748,74.125.24.0-255,5738,120963,96,229796
19787,0.021762,172.31.47.0-255,66,121029,96,229796
19788,0.022875,172.31.47.0-255,172,121201,96,229796
19789,0.022903,172.31.47.0-255,1109,122310,96,229796
19790,0.022952,172.31.47.0-255,1514,123824,96,229796
19791,0.022954,172.31.47.0-255,1302,125126,96,229796
19792,0.023762,74.125.24.0-255,5738,130864,96,229796
19793,0.023769,172.31.47.0-255,66,130930,96,229796
19794,0.024404,104.244.42.0-255,66,130996,96,229796
19795,0.024432,104.244.42.0-255,66,131062,96,229796
19796,0.024486,104.244.42.0-255,66,131128,96,229796
19797,0.025757,74.125.24.0-255,5738,136866,96,229796
19798,0.025764,172.31.47.0-255,66,136932,96,229796
19799,0.027752,74.125.24.0-255,5738,142670,96,229796
19800,0.02776,172.31.47.0-255,66,142736,96,229796
19801,0.029754,74.125.24.0-255,5738,148474,96,229796
19802,0.02976,172.31.47.0-255,66,148540,96,229796
19803,0.03176,74.125.24.0-255,5738,154278,96,229796
19804,0.031767,172.31.47.0-255,66,154344,96,229796
19805,0.033773,74.125.24.0-255,5738,160082,96,229796
19806,0.033779,172.31.47.0-255,66,160148,96,229796
19807,0.035797,74.125.24.0-255,5738,165886,96,229796
19808,0.035803,172.31.47.0-255,66,165952,96,229796
19809,0.037815,74.125.24.0-255,5738,171690,96,229796
19810,0.037823,172.31.47.0-255,66,171756,96,229796
19811,0.039822,74.125.24.0-255,5738,177494,96,229796
19812,0.039829,172.31.47.0-255,66,177560,96,229796
19813,0.041822,74.125.24.0-255,5738,183298,96,229796
19814,0.041829,172.31.47.0-255,66,183364,96,229796
19815,0.043856,74.125.24.0-255,5738,189102,96,229796
19816,0.043866,172.31.47.0-255,66,189168,96,229796
19817,0.045907,74.125.24.0-255,5738,194906,96,229796
19818,0.045916,172.31.47.0-255,66,194972,96,229796
19819,0.047925,74.125.24.0-255,5738,200710,96,229796
19820,0.047933,172.31.47.0-255,66,200776,96,229796
19821,0.049946,74.125.24.0-255,5738,206514,96,229796
19822,0.049953,172.31.47.0-255,66,206580,96,229796
19823,0.051965,74.125.24.0-255,5738,212318,96,229796
19824,0.051972,172.31.47.0-255,66,212384,96,229796
19825,0.054002,74.125.24.0-255,5738,218122,96,229796
19826,0.054009,172.31.47.0-255,66,218188,96,229796
19827,0.056043,74.125.24.0-255,5738,223926,96,229796
19828,0.05605,172.31.47.0-255,66,223992,96,229796
19829,0.058067,74.125.24.0-255,5738,229730,96,229796
19830,0.058073,172.31.47.0-255,66,229796,96,229796
19831,0.0,172.31.47.0-255,105,105,96,105
19832,0.0,172.253.118.0-255,152,152,96,288083
19833,2.7e-05,172.31.47.0-255,66,218,96,288083
19834,3.3e-05,172.253.118.0-255,1484,1702,96,288083
19835,3.7e-05,172.31.47.0-255,66,1768,96,288083
19836,6.6e-05,172.253.118.0-255,2902,4670,96,288083
19837,6.9e-05,172.31.47.0-255,66,4736,96,288083
19838,7.3e-05,172.253.118.0-255,2902,7638,96,288083
19839,7.5e-05,172.31.47.0-255,66,7704,96,288083
19840,8.9e-05,172.253.118.0-255,1484,9188,96,288083
19841,9.1e-05,172.31.47.0-255,66,9254,96,288083
19842,0.000104,172.253.118.0-255,1484,10738,96,288083
19843,0.000106,172.31.47.0-255,66,10804,96,288083
19844,0.000122,172.253.118.0-255,3471,14275,96,288083
19845,0.000125,172.31.47.0-255,66,14341,96,288083
19846,0.000272,172.253.118.0-255,1484,15825,96,288083
19847,0.000276,172.31.47.0-255,66,15891,96,288083
19848,0.000282,172.253.118.0-255,2902,18793,96,288083
19849,0.000285,172.31.47.0-255,66,18859,96,288083
19850,0.000317,172.253.118.0-255,4320,23179,96,288083
19851,0.000321,172.31.47.0-255,66,23245,96,288083
19852,0.000341,172.253.118.0-255,2902,26147,96,288083
19853,0.000344,172.31.47.0-255,66,26213,96,288083
19854,0.000358,172.253.118.0-255,2902,29115,96,288083
19855,0.000361,172.31.47.0-255,66,29181,96,288083
19856,0.000365,172.253.118.0-255,2543,31724,96,288083
19857,0.000368,172.31.47.0-255,66,31790,96,288083
19858,0.000403,172.253.118.0-255,1484,33274,96,288083
19859,0.000406,172.31.47.0-255,66,33340,96,288083
19860,0.00041,172.253.118.0-255,1484,34824,96,288083
19861,0.000413,172.31.47.0-255,66,34890,96,288083
19862,0.000427,172.253.118.0-255,1484,36374,96,288083
19863,0.00043,172.31.47.0-255,66,36440,96,288083
19864,0.000437,172.253.118.0-255,5738,42178,96,288083
19865,0.000439,172.31.47.0-255,66,42244,96,288083
19866,0.000469,172.253.118.0-255,6797,49041,96,288083
19867,0.000473,172.31.47.0-255,66,49107,96,288083
19868,0.000888,172.253.118.0-255,1484,50591,96,288083
19869,0.000898,172.253.118.0-255,2902,53493,96,288083
19870,0.000902,172.31.47.0-255,66,53559,96,288083
19871,0.000919,172.253.118.0-255,4320,57879,96,288083
19872,0.000922,172.31.47.0-255,66,57945,96,288083
19873,0.000925,172.253.118.0-255,1484,59429,96,288083
19874,0.000948,172.253.118.0-255,4320,63749,96,288083
19875,0.000951,172.31.47.0-255,66,63815,96,288083
19876,0.000974,172.253.118.0-255,2543,66358,96,288083
19877,0.000977,172.31.47.0-255,66,66424,96,288083
19878,0.001072,172.253.118.0-255,1484,67908,96,288083
19879,0.001076,172.253.118.0-255,1484,69392,96,288083
19880,0.00108,172.31.47.0-255,66,69458,96,288083
19881,0.001098,172.253.118.0-255,1484,70942,96,288083
19882,0.001101,172.253.118.0-255,1484,72426,96,288083
19883,0.001104,172.31.47.0-255,66,72492,96,288083
19884,0.001125,172.253.118.0-255,4320,76812,96,288083
19885,0.001129,172.31.47.0-255,66,76878,96,288083
19886,0.001159,172.253.118.0-255,6797,83675,96,288083
19887,0.001162,172.31.47.0-255,66,83741,96,288083
19888,0.001166,172.253.118.0-255,646,84387,96,288083
19889,0.001201,172.253.118.0-255,1484,85871,96,288083
19890,0.001205,172.31.47.0-255,66,85937,96,288083
19891,0.001229,172.253.118.0-255,2902,88839,96,288083
19892,0.001232,172.31.47.0-255,66,88905,96,288083
19893,0.001238,172.253.118.0-255,5738,94643,96,288083
19894,0.001241,172.31.47.0-255,66,94709,96,288083
19895,0.001287,172.253.118.0-255,6797,101506,96,288083
19896,0.00129,172.31.47.0-255,66,101572,96,288083
19897,0.001562,172.253.118.0-255,1484,103056,96,288083
19898,0.001566,172.253.118.0-255,2902,105958,96,288083
19899,0.001568,172.31.47.0-255,66,106024,96,288083
19900,0.001589,172.253.118.0-255,5738,111762,96,288083
19901,0.001592,172.31.47.0-255,66,111828,96,288083
19902,0.00163,172.31.47.0-255,66,111894,96,288083
19903,0.001649,172.253.118.0-255,1484,113378,96,288083
19904,0.001656,172.253.118.0-255,7156,120534,96,288083
19905,0.001658,172.31.47.0-255,66,120600,96,288083
19906,0.001692,172.253.118.0-255,3602,124202,96,288083
19907,0.001694,172.31.47.0-255,66,124268,96,288083
19908,0.00225,172.253.118.0-255,1484,125752,96,288083
19909,0.00226,172.253.118.0-255,1484,127236,96,288083
19910,0.002262,172.31.47.0-255,66,127302,96,288083
19911,0.002278,172.253.118.0-255,1484,128786,96,288083
19912,0.002315,172.253.118.0-255,1484,130270,96,288083
19913,0.002317,172.31.47.0-255,66,130336,96,288083
19914,0.002321,172.253.118.0-255,2902,133238,96,288083
19915,0.002323,172.31.47.0-255,66,133304,96,288083
19916,0.002349,172.253.118.0-255,5738,139042,96,288083
19917,0.002351,172.31.47.0-255,66,139108,96,288083
19918,0.002367,172.253.118.0-255,1484,140592,96,288083
19919,0.002397,172.31.47.0-255,66,140658,96,288083
19920,0.002403,172.253.118.0-255,6438,147096,96,288083
19921,0.002405,172.31.47.0-255,66,147162,96,288083
19922,0.00475,172.253.118.0-255,4320,151482,96,288083
19923,0.004755,172.31.47.0-255,66,151548,96,288083
19924,0.00477,172.253.118.0-255,1484,153032,96,288083
19925,0.007093,172.253.118.0-255,4320,157352,96,288083
19926,0.007099,172.31.47.0-255,66,157418,96,288083
19927,0.009446,172.253.118.0-255,4320,161738,96,288083
19928,0.009454,172.31.47.0-255,66,161804,96,288083
19929,0.009473,172.253.118.0-255,1484,163288,96,288083
19930,0.011801,172.253.118.0-255,4320,167608,96,288083
19931,0.011809,172.31.47.0-255,66,167674,96,288083
19932,0.014149,172.253.118.0-255,5738,173412,96,288083
19933,0.014156,172.31.47.0-255,66,173478,96,288083
19934,0.016479,172.253.118.0-255,5738,179216,96,288083
19935,0.016487,172.31.47.0-255,66,179282,96,288083
19936,0.018836,172.253.118.0-255,5738,185020,96,288083
19937,0.018842,172.31.47.0-255,66,185086,96,288083
19938,0.021187,172.253.118.0-255,5738,190824,96,288083
19939,0.021195,172.31.47.0-255,66,190890,96,288083
19940,0.023539,172.253.118.0-255,5738,196628,96,288083
19941,0.023548,172.31.47.0-255,66,196694,96,288083
19942,0.024732,172.31.47.0-255,171,196865,96,288083
19943,0.024762,172.31.47.0-255,1134,197999,96,288083
19944,0.024795,172.31.47.0-255,1514,199513,96,288083
19945,0.024797,172.31.47.0-255,1278,200791,96,288083
19946,0.025889,172.253.118.0-255,5738,206529,96,288083
19947,0.025894,172.31.47.0-255,66,206595,96,288083
19948,0.026306,104.244.42.0-255,66,206661,96,288083
19949,0.026313,104.244.42.0-255,66,206727,96,288083
19950,0.026356,104.244.42.0-255,66,206793,96,288083
19951,0.028241,172.253.118.0-255,2902,209695,96,288083
19952,0.028246,172.31.47.0-255,66,209761,96,288083
19953,0.028276,172.253.118.0-255,2902,212663,96,288083
19954,0.028279,172.31.47.0-255,66,212729,96,288083
19955,0.030596,172.253.118.0-255,2902,215631,96,288083
19956,0.030602,172.31.47.0-255,66,215697,96,288083
19957,0.030631,172.253.118.0-255,2902,218599,96,288083
19958,0.030634,172.31.47.0-255,66,218665,96,288083
19959,0.032951,172.253.118.0-255,5738,224403,96,288083
19960,0.032958,172.31.47.0-255,66,224469,96,288083
19961,0.035318,172.253.118.0-255,5738,230207,96,288083
19962,0.035325,172.31.47.0-255,66,230273,96,288083
19963,0.037654,172.253.118.0-255,4320,234593,96,288083
19964,0.03766,172.31.47.0-255,66,234659,96,288083
19965,0.037691,172.253.118.0-255,1484,236143,96,288083
19966,0.040021,172.253.118.0-255,4320,240463,96,288083
19967,0.040027,172.31.47.0-255,66,240529,96,288083
19968,0.042452,172.253.118.0-255,2902,243431,96,288083
19969,0.042457,172.31.47.0-255,66,243497,96,288083
19970,0.042483,172.253.118.0-255,2902,246399,96,288083
19971,0.042486,172.31.47.0-255,66,246465,96,288083
19972,0.044794,172.253.118.0-255,2902,249367,96,288083
19973,0.044799,172.31.47.0-255,66,249433,96,288083
19974,0.044828,172.253.118.0-255,2902,252335,96,288083
19975,0.044831,172.31.47.0-255,66,252401,96,288083
19976,0.047137,172.253.118.0-255,2902,255303,96,288083
19977,0.047144,172.31.47.0-255,66,255369,96,288083
19978,0.047202,172.253.118.0-255,2902,258271,96,288083
19979,0.047206,172.31.47.0-255,66,258337,96,288083
19980,0.049481,172.253.118.0-255,2902,261239,96,288083
19981,0.049486,172.31.47.0-255,66,261305,96,288083
19982,0.049536,172.253.118.0-255,1484,262789,96,288083
19983,0.04955,172.253.118.0-255,1484,264273,96,288083
19984,0.049553,172.31.47.0-255,66,264339,96,288083
19985,0.051829,172.253.118.0-255,2902,267241,96,288083
19986,0.051834,172.31.47.0-255,66,267307,96,288083
19987,0.051904,172.253.118.0-255,2902,270209,96,288083
19988,0.05191,172.31.47.0-255,66,270275,96,288083
19989,0.054167,172.253.118.0-255,2902,273177,96,288083
19990,0.054171,172.31.47.0-255,66,273243,96,288083
19991,0.054232,172.253.118.0-255,2902,276145,96,288083
19992,0.054236,172.31.47.0-255,66,276211,96,288083
19993,0.056524,172.253.118.0-255,2902,279113,96,288083
19994,0.05653,172.31.47.0-255,66,279179,96,288083
19995,0.056574,172.253.118.0-255,2902,282081,96,288083
19996,0.056578,172.31.47.0-255,66,282147,96,288083
19997,0.058858,172.253.118.0-255,2902,285049,96,288083
19998,0.058862,172.31.47.0-255,66,285115,96,288083
19999,0.058909,172.253.118.0-255,2902,288017,96,288083
20000,0.058913,172.31.47.0-255,66,288083,96,288083
20001,0.0,172.217.194.0-255,153,153,96,229833
20002,2.5e-05,172.31.47.0-255,66,219,96,229833
20003,5.7e-05,172.217.194.0-255,1484,1703,96,229833
20004,6.3e-05,172.31.47.0-255,66,1769,96,229833
20005,6.8e-05,172.217.194.0-255,2902,4671,96,229833
20006,7.1e-05,172.31.47.0-255,66,4737,96,229833
20007,7.7e-05,172.217.194.0-255,7156,11893,96,229833
20008,8e-05,172.31.47.0-255,66,11959,96,229833
20009,8.4e-05,172.217.194.0-255,1985,13944,96,229833
20010,8.8e-05,172.31.47.0-255,66,14010,96,229833
20011,0.000125,172.217.194.0-255,2902,16912,96,229833
20012,0.00013,172.31.47.0-255,66,16978,96,229833
20013,0.000134,172.217.194.0-255,4320,21298,96,229833
20014,0.000137,172.31.47.0-255,66,21364,96,229833
20015,0.000175,172.31.47.0-255,66,21430,96,229833
20016,0.000178,172.217.194.0-255,1125,22555,96,229833
20017,0.000181,172.31.47.0-255,66,22621,96,229833
20018,0.000406,172.217.194.0-255,1484,24105,96,229833
20019,0.000411,172.217.194.0-255,2902,27007,96,229833
20020,0.000414,172.31.47.0-255,66,27073,96,229833
20021,0.000419,172.31.47.0-255,66,27139,96,229833
20022,0.000446,172.217.194.0-255,5738,32877,96,229833
20023,0.00045,172.31.47.0-255,66,32943,96,229833
20024,0.000455,172.217.194.0-255,2902,35845,96,229833
20025,0.000457,172.31.47.0-255,66,35911,96,229833
20026,0.00049,172.217.194.0-255,3961,39872,96,229833
20027,0.000493,172.31.47.0-255,66,39938,96,229833
20028,0.000518,172.217.194.0-255,4320,44258,96,229833
20029,0.000521,172.31.47.0-255,66,44324,96,229833
20030,0.000545,172.31.47.0-255,66,44390,96,229833
20031,0.000567,172.217.194.0-255,1484,45874,96,229833
20032,0.000582,172.217.194.0-255,2844,48718,96,229833
20033,0.000594,172.31.47.0-255,66,48784,96,229833
20034,0.000976,172.217.194.0-255,379,49163,96,229833
20035,0.001159,172.217.194.0-255,1484,50647,96,229833
20036,0.001164,172.31.47.0-255,66,50713,96,229833
20037,0.00119,172.217.194.0-255,2902,53615,96,229833
20038,0.001193,172.217.194.0-255,1484,55099,96,229833
20039,0.001207,172.217.194.0-255,2902,58001,96,229833
20040,0.001217,172.217.194.0-255,2902,60903,96,229833
20041,0.001236,172.217.194.0-255,2902,63805,96,229833
20042,0.00125,172.217.194.0-255,2543,66348,96,229833
20043,0.001267,172.217.194.0-255,4320,70668,96,229833
20044,0.001276,172.217.194.0-255,1484,72152,96,229833
20045,0.001305,172.217.194.0-255,2902,75054,96,229833
20046,0.001697,172.31.47.0-255,66,75120,96,229833
20047,0.002057,172.217.194.0-255,1484,76604,96,229833
20048,0.002075,172.217.194.0-255,2902,79506,96,229833
20049,0.002078,172.31.47.0-255,66,79572,96,229833
20050,0.002084,172.217.194.0-255,5738,85310,96,229833
20051,0.002088,172.31.47.0-255,66,85376,96,229833
20052,0.002146,172.217.194.0-255,5738,91114,96,229833
20053,0.002148,172.31.47.0-255,66,91180,96,229833
20054,0.002152,172.31.47.0-255,66,91246,96,229833
20055,0.002159,172.217.194.0-255,2902,94148,96,229833
20056,0.002164,172.31.47.0-255,66,94214,96,229833
20057,0.002181,172.217.194.0-255,2184,96398,96,229833
20058,0.002186,172.31.47.0-255,66,96464,96,229833
20059,0.004452,172.217.194.0-255,2902,99366,96,229833
20060,0.004456,172.31.47.0-255,66,99432,96,229833
20061,0.004482,172.217.194.0-255,2902,102334,96,229833
20062,0.004486,172.31.47.0-255,66,102400,96,229833
20063,0.006748,172.217.194.0-255,2902,105302,96,229833
20064,0.006753,172.31.47.0-255,66,105368,96,229833
20065,0.006781,172.217.194.0-255,2902,108270,96,229833
20066,0.006802,172.31.47.0-255,66,108336,96,229833
20067,0.009056,172.217.194.0-255,2902,111238,96,229833
20068,0.009068,172.31.47.0-255,66,111304,96,229833
20069,0.009112,172.217.194.0-255,2902,114206,96,229833
20070,0.009161,172.31.47.0-255,66,114272,96,229833
20071,0.011388,172.217.194.0-255,2902,117174,96,229833
20072,0.011402,172.31.47.0-255,66,117240,96,229833
20073,0.011459,172.217.194.0-255,2902,120142,96,229833
20074,0.011509,172.31.47.0-255,66,120208,96,229833
20075,0.013719,172.217.194.0-255,2902,123110,96,229833
20076,0.013726,172.31.47.0-255,66,123176,96,229833
20077,0.013795,172.217.194.0-255,2902,126078,96,229833
20078,0.013818,172.31.47.0-255,66,126144,96,229833
20079,0.016023,172.217.194.0-255,2902,129046,96,229833
20080,0.01603,172.31.47.0-255,66,129112,96,229833
20081,0.016086,172.217.194.0-255,2902,132014,96,229833
20082,0.016109,172.31.47.0-255,66,132080,96,229833
20083,0.018322,172.217.194.0-255,2902,134982,96,229833
20084,0.018329,172.31.47.0-255,66,135048,96,229833
20085,0.018396,172.217.194.0-255,2902,137950,96,229833
20086,0.018442,172.31.47.0-255,66,138016,96,229833
20087,0.020657,172.217.194.0-255,2902,140918,96,229833
20088,0.020662,172.31.47.0-255,66,140984,96,229833
20089,0.020733,172.217.194.0-255,2902,143886,96,229833
20090,0.020739,172.31.47.0-255,66,143952,96,229833
20091,0.022983,172.217.194.0-255,2902,146854,96,229833
20092,0.02299,172.31.47.0-255,66,146920,96,229833
20093,0.023018,172.217.194.0-255,2902,149822,96,229833
20094,0.025292,172.217.194.0-255,2902,152724,96,229833
20095,0.029044,172.31.47.0-255,66,152790,96,229833
20096,0.029464,172.31.47.0-255,172,152962,96,229833
20097,0.029491,172.31.47.0-255,1109,154071,96,229833
20098,0.02954,172.31.47.0-255,1514,155585,96,229833
20099,0.029542,172.31.47.0-255,1302,156887,96,229833
20100,0.030945,104.244.42.0-255,66,156953,96,229833
20101,0.030975,104.244.42.0-255,66,157019,96,229833
20102,0.031038,104.244.42.0-255,66,157085,96,229833
20103,0.031346,172.217.194.0-255,4320,161405,96,229833
20104,0.031351,172.31.47.0-255,66,161471,96,229833
20105,0.031373,172.217.194.0-255,1484,162955,96,229833
20106,0.033653,172.217.194.0-255,4320,167275,96,229833
20107,0.033657,172.31.47.0-255,66,167341,96,229833
20108,0.035967,172.217.194.0-255,5738,173079,96,229833
20109,0.036015,172.31.47.0-255,66,173145,96,229833
20110,0.038307,172.217.194.0-255,5738,178883,96,229833
20111,0.038312,172.31.47.0-255,66,178949,96,229833
20112,0.040641,172.217.194.0-255,5738,184687,96,229833
20113,0.040645,172.31.47.0-255,66,184753,96,229833
20114,0.042944,172.217.194.0-255,5738,190491,96,229833
20115,0.042948,172.31.47.0-255,66,190557,96,229833
20116,0.045239,172.217.194.0-255,5738,196295,96,229833
20117,0.045243,172.31.47.0-255,66,196361,96,229833
20118,0.047544,172.217.194.0-255,5738,202099,96,229833
20119,0.047549,172.31.47.0-255,66,202165,96,229833
20120,0.049832,172.217.194.0-255,5738,207903,96,229833
20121,0.049838,172.31.47.0-255,66,207969,96,229833
20122,0.052138,172.217.194.0-255,5738,213707,96,229833
20123,0.052142,172.31.47.0-255,66,213773,96,229833
20124,0.054457,172.217.194.0-255,4320,218093,96,229833
20125,0.054462,172.31.47.0-255,66,218159,96,229833
20126,0.054488,172.217.194.0-255,1484,219643,96,229833
20127,0.056748,172.217.194.0-255,4320,223963,96,229833
20128,0.056753,172.31.47.0-255,66,224029,96,229833
20129,0.059041,172.217.194.0-255,5738,229767,96,229833
20130,0.059146,172.31.47.0-255,66,229833,96,229833
20131,0.0,74.125.24.0-255,153,153,96,323199
20132,3e-05,172.31.47.0-255,66,219,96,323199
20133,3.6e-05,74.125.24.0-255,1484,1703,96,323199
20134,4e-05,172.31.47.0-255,66,1769,96,323199
20135,4.4e-05,74.125.24.0-255,2902,4671,96,323199
20136,4.6e-05,172.31.47.0-255,66,4737,96,323199
20137,6.4e-05,74.125.24.0-255,5738,10475,96,323199
20138,6.6e-05,172.31.47.0-255,66,10541,96,323199
20139,0.000106,74.125.24.0-255,2902,13443,96,323199
20140,0.000109,172.31.47.0-255,66,13509,96,323199
20141,0.000135,172.31.47.0-255,66,13575,96,323199
20142,0.000151,74.125.24.0-255,1484,15059,96,323199
20143,0.000153,172.31.47.0-255,66,15125,96,323199
20144,0.000171,172.31.47.0-255,66,15191,96,323199
20145,0.000273,74.125.24.0-255,1484,16675,96,323199
20146,0.000277,172.31.47.0-255,66,16741,96,323199
20147,0.00028,74.125.24.0-255,1484,18225,96,323199
20148,0.000281,172.31.47.0-255,66,18291,96,323199
20149,0.000293,74.125.24.0-255,1484,19775,96,323199
20150,0.000296,172.31.47.0-255,66,19841,96,323199
20151,0.000299,74.125.24.0-255,1484,21325,96,323199
20152,0.000302,172.31.47.0-255,66,21391,96,323199
20153,0.000311,74.125.24.0-255,2902,24293,96,323199
20154,0.000313,172.31.47.0-255,66,24359,96,323199
20155,0.00036,74.125.24.0-255,4320,28679,96,323199
20156,0.000363,172.31.47.0-255,66,28745,96,323199
20157,0.000387,74.125.24.0-255,5379,34124,96,323199
20158,0.000392,172.31.47.0-255,66,34190,96,323199
20159,0.000397,172.31.47.0-255,66,34256,96,323199
20160,0.000399,74.125.24.0-255,1484,35740,96,323199
20161,0.000426,74.125.24.0-255,4274,40014,96,323199
20162,0.000428,172.31.47.0-255,66,40080,96,323199
20163,0.000431,74.125.24.0-255,109,40189,96,323199
20164,0.000528,74.125.24.0-255,329,40518,96,323199
20165,0.000571,74.125.24.0-255,1484,42002,96,323199
20166,0.000574,172.31.47.0-255,66,42068,96,323199
20167,0.000589,74.125.24.0-255,4320,46388,96,323199
20168,0.000591,172.31.47.0-255,66,46454,96,323199
20169,0.000608,74.125.24.0-255,1484,47938,96,323199
20170,0.000629,74.125.24.0-255,5738,53676,96,323199
20171,0.000632,172.31.47.0-255,66,53742,96,323199
20172,0.000656,74.125.24.0-255,1484,55226,96,323199
20173,0.000674,74.125.24.0-255,2543,57769,96,323199
20174,0.000677,172.31.47.0-255,66,57835,96,323199
20175,0.001019,74.125.24.0-255,1484,59319,96,323199
20176,0.001029,74.125.24.0-255,2902,62221,96,323199
20177,0.001033,172.31.47.0-255,66,62287,96,323199
20178,0.001039,74.125.24.0-255,4320,66607,96,323199
20179,0.001042,172.31.47.0-255,66,66673,96,323199
20180,0.001056,74.125.24.0-255,1484,68157,96,323199
20181,0.001064,74.125.24.0-255,6797,74954,96,323199
20182,0.001066,172.31.47.0-255,66,75020,96,323199
20183,0.001271,74.125.24.0-255,1484,76504,96,323199
20184,0.001278,74.125.24.0-255,2902,79406,96,323199
20185,0.001282,172.31.47.0-255,66,79472,96,323199
20186,0.001304,74.125.24.0-255,5738,85210,96,323199
20187,0.001306,172.31.47.0-255,66,85276,96,323199
20188,0.001337,74.125.24.0-255,2902,88178,96,323199
20189,0.00134,172.31.47.0-255,66,88244,96,323199
20190,0.001362,74.125.24.0-255,4320,92564,96,323199
20191,0.001364,172.31.47.0-255,66,92630,96,323199
20192,0.001433,74.125.24.0-255,5738,98368,96,323199
20193,0.001437,172.31.47.0-255,66,98434,96,323199
20194,0.001448,74.125.24.0-255,1484,99918,96,323199
20195,0.00146,74.125.24.0-255,4320,104238,96,323199
20196,0.001462,172.31.47.0-255,66,104304,96,323199
20197,0.001478,74.125.24.0-255,4320,108624,96,323199
20198,0.00148,172.31.47.0-255,66,108690,96,323199
20199,0.001483,74.125.24.0-255,766,109456,96,323199
20200,0.001622,74.125.24.0-255,1484,110940,96,323199
20201,0.001624,172.31.47.0-255,66,111006,96,323199
20202,0.001636,74.125.24.0-255,2902,113908,96,323199
20203,0.001638,172.31.47.0-255,66,113974,96,323199
20204,0.001659,74.125.24.0-255,5738,119712,96,323199
20205,0.001661,172.31.47.0-255,66,119778,96,323199
20206,0.001679,74.125.24.0-255,1484,121262,96,323199
20207,0.001706,172.31.47.0-255,66,121328,96,323199
20208,0.001721,74.125.24.0-255,1484,122812,96,323199
20209,0.001748,74.125.24.0-255,7156,129968,96,323199
20210,0.00175,172.31.47.0-255,66,130034,96,323199
20211,0.001764,74.125.24.0-255,3602,133636,96,323199
20212,0.001766,172.31.47.0-255,66,133702,96,323199
20213,0.001901,74.125.24.0-255,1484,135186,96,323199
20214,0.001919,74.125.24.0-255,2902,138088,96,323199
20215,0.001922,172.31.47.0-255,66,138154,96,323199
20216,0.001926,74.125.24.0-255,2902,141056,96,323199
20217,0.001927,172.31.47.0-255,66,141122,96,323199
20218,0.001943,74.125.24.0-255,2902,144024,96,323199
20219,0.001946,172.31.47.0-255,66,144090,96,323199
20220,0.001949,74.125.24.0-255,2902,146992,96,323199
20221,0.001951,172.31.47.0-255,66,147058,96,323199
20222,0.001991,74.125.24.0-255,1484,148542,96,323199
20223,0.002006,74.125.24.0-255,7156,155698,96,323199
20224,0.002009,172.31.47.0-255,66,155764,96,323199
20225,0.002026,74.125.24.0-255,1484,157248,96,323199
20226,0.002037,172.31.47.0-255,66,157314,96,323199
20227,0.004066,74.125.24.0-255,5738,163052,96,323199
20228,0.004071,172.31.47.0-255,66,163118,96,323199
20229,0.00608,74.125.24.0-255,4320,167438,96,323199
20230,0.006085,172.31.47.0-255,66,167504,96,323199
20231,0.006112,74.125.24.0-255,1484,168988,96,323199
20232,0.008086,74.125.24.0-255,4320,173308,96,323199
20233,0.008092,172.31.47.0-255,66,173374,96,323199
20234,0.010098,74.125.24.0-255,5738,179112,96,323199
20235,0.010105,172.31.47.0-255,66,179178,96,323199
20236,0.012116,74.125.24.0-255,5738,184916,96,323199
20237,0.012123,172.31.47.0-255,66,184982,96,323199
20238,0.014143,74.125.24.0-255,5738,190720,96,323199
20239,0.014151,172.31.47.0-255,66,190786,96,323199
20240,0.016175,74.125.24.0-255,5738,196524,96,323199
20241,0.016182,172.31.47.0-255,66,196590,96,323199
20242,0.018196,74.125.24.0-255,5738,202328,96,323199
20243,0.018205,172.31.47.0-255,66,202394,96,323199
20244,0.020239,74.125.24.0-255,5738,208132,96,323199
20245,0.020247,172.31.47.0-255,66,208198,96,323199
20246,0.022277,74.125.24.0-255,5738,213936,96,323199
20247,0.022287,172.31.47.0-255,66,214002,96,323199
20248,0.023065,172.31.47.0-255,172,214174,96,323199
20249,0.023099,172.31.47.0-255,1105,215279,96,323199
20250,0.023131,172.31.47.0-255,1514,216793,96,323199
20251,0.023133,172.31.47.0-255,1306,218099,96,323199
20252,0.024346,74.125.24.0-255,5738,223837,96,323199
20253,0.024351,172.31.47.0-255,66,223903,96,323199
20254,0.024621,104.244.42.0-255,66,223969,96,323199
20255,0.024667,104.244.42.0-255,66,224035,96,323199
20256,0.024708,104.244.42.0-255,66,224101,96,323199
20257,0.02634,74.125.24.0-255,2902,227003,96,323199
20258,0.026344,172.31.47.0-255,66,227069,96,323199
20259,0.026373,74.125.24.0-255,2902,229971,96,323199
20260,0.026376,172.31.47.0-255,66,230037,96,323199
20261,0.028351,74.125.24.0-255,2902,232939,96,323199
20262,0.028355,172.31.47.0-255,66,233005,96,323199
20263,0.028399,74.125.24.0-255,1484,234489,96,323199
20264,0.028409,74.125.24.0-255,1484,235973,96,323199
20265,0.028412,172.31.47.0-255,66,236039,96,323199
20266,0.030379,74.125.24.0-255,2902,238941,96,323199
20267,0.030384,172.31.47.0-255,66,239007,96,323199
20268,0.030449,74.125.24.0-255,2902,241909,96,323199
20269,0.030453,172.31.47.0-255,66,241975,96,323199
20270,0.032386,74.125.24.0-255,2902,244877,96,323199
20271,0.03239,172.31.47.0-255,66,244943,96,323199
20272,0.032438,74.125.24.0-255,2902,247845,96,323199
20273,0.032442,172.31.47.0-255,66,247911,96,323199
20274,0.034399,74.125.24.0-255,2902,250813,96,323199
20275,0.034404,172.31.47.0-255,66,250879,96,323199
20276,0.03445,74.125.24.0-255,2902,253781,96,323199
20277,0.034455,172.31.47.0-255,66,253847,96,323199
20278,0.036428,74.125.24.0-255,2902,256749,96,323199
20279,0.036433,172.31.47.0-255,66,256815,96,323199
20280,0.036461,74.125.24.0-255,1484,258299,96,323199
20281,0.036476,74.125.24.0-255,1484,259783,96,323199
20282,0.036479,172.31.47.0-255,66,259849,96,323199
20283,0.038438,74.125.24.0-255,2902,262751,96,323199
20284,0.038443,172.31.47.0-255,66,262817,96,323199
20285,0.038478,74.125.24.0-255,2902,265719,96,323199
20286,0.038481,172.31.47.0-255,66,265785,96,323199
20287,0.040457,74.125.24.0-255,2902,268687,96,323199
20288,0.040461,172.31.47.0-255,66,268753,96,323199
20289,0.040522,74.125.24.0-255,2902,271655,96,323199
20290,0.040526,172.31.47.0-255,66,271721,96,323199
20291,0.042454,74.125.24.0-255,2902,274623,96,323199
20292,0.042458,172.31.47.0-255,66,274689,96,323199
20293,0.042541,74.125.24.0-255,2902,277591,96,323199
20294,0.042544,172.31.47.0-255,66,277657,96,323199
20295,0.04446,74.125.24.0-255,2902,280559,96,323199
20296,0.044464,172.31.47.0-255,66,280625,96,323199
20297,0.044546,74.125.24.0-255,2902,283527,96,323199
20298,0.04455,172.31.47.0-255,66,283593,96,323199
20299,0.046466,74.125.24.0-255,2902,286495,96,323199
20300,0.046471,172.31.47.0-255,66,286561,96,323199
20301,0.046585,74.125.24.0-255,2902,289463,96,323199
20302,0.04659,172.31.47.0-255,66,289529,96,323199
20303,0.048453,74.125.24.0-255,2902,292431,96,323199
20304,0.048458,172.31.47.0-255,66,292497,96,323199
20305,0.048604,74.125.24.0-255,2902,295399,96,323199
20306,0.048609,172.31.47.0-255,66,295465,96,323199
20307,0.050466,74.125.24.0-255,1484,296949,96,323199
20308,0.050632,74.125.24.0-255,4320,301269,96,323199
20309,0.050639,172.31.47.0-255,66,301335,96,323199
20310,0.052686,74.125.24.0-255,5738,307073,96,323199
20311,0.052692,172.31.47.0-255,66,307139,96,323199
20312,0.054715,74.125.24.0-255,4320,311459,96,323199
20313,0.05472,172.31.47.0-255,66,311525,96,323199
20314,0.054749,74.125.24.0-255,1484,313009,96,323199
20315,0.056709,74.125.24.0-255,4320,317329,96,323199
20316,0.056713,172.31.47.0-255,66,317395,96,323199
20317,0.058726,74.125.24.0-255,5738,323133,96,323199
20318,0.058731,172.31.47.0-255,66,323199,96,323199
20319,0.0,172.217.160.0-255,153,153,96,296451
20320,3.4e-05,172.31.47.0-255,66,219,96,296451
20321,4.1e-05,172.217.160.0-255,1484,1703,96,296451
20322,4.6e-05,172.31.47.0-255,66,1769,96,296451
20323,5e-05,172.217.160.0-255,2902,4671,96,296451
20324,5.2e-05,172.31.47.0-255,66,4737,96,296451
20325,5.9e-05,172.217.160.0-255,7156,11893,96,296451
20326,6.2e-05,172.31.47.0-255,66,11959,96,296451
20327,6.6e-05,172.217.160.0-255,2165,14124,96,296451
20328,7e-05,172.31.47.0-255,66,14190,96,296451
20329,9.4e-05,172.217.160.0-255,2902,17092,96,296451
20330,9.8e-05,172.31.47.0-255,66,17158,96,296451
20331,0.000106,172.217.160.0-255,7156,24314,96,296451
20332,0.000108,172.31.47.0-255,66,24380,96,296451
20333,0.000144,172.217.160.0-255,6797,31177,96,296451
20334,0.000147,172.31.47.0-255,66,31243,96,296451
20335,0.000219,172.217.160.0-255,1484,32727,96,296451
20336,0.000222,172.31.47.0-255,66,32793,96,296451
20337,0.000228,172.217.160.0-255,2902,35695,96,296451
20338,0.00023,172.31.47.0-255,66,35761,96,296451
20339,0.000236,172.217.160.0-255,4320,40081,96,296451
20340,0.000239,172.31.47.0-255,66,40147,96,296451
20341,0.000253,172.217.160.0-255,1484,41631,96,296451
20342,0.000255,172.31.47.0-255,66,41697,96,296451
20343,0.000274,172.217.160.0-255,5738,47435,96,296451
20344,0.000276,172.31.47.0-255,66,47501,96,296451
20345,0.000302,172.31.47.0-255,66,47567,96,296451
20346,0.000325,172.217.160.0-255,7156,54723,96,296451
20347,0.000329,172.31.47.0-255,66,54789,96,296451
20348,0.000347,172.217.160.0-255,2813,57602,96,296451
20349,0.00035,172.31.47.0-255,66,57668,96,296451
20350,0.000712,172.217.160.0-255,120,57788,96,296451
20351,0.000716,172.31.47.0-255,66,57854,96,296451
20352,0.000872,172.217.160.0-255,1484,59338,96,296451
20353,0.000877,172.31.47.0-255,66,59404,96,296451
20354,0.000883,172.217.160.0-255,1484,60888,96,296451
20355,0.000885,172.31.47.0-255,66,60954,96,296451
20356,0.000908,172.217.160.0-255,1484,62438,96,296451
20357,0.000915,172.217.160.0-255,5738,68176,96,296451
20358,0.000917,172.31.47.0-255,66,68242,96,296451
20359,0.000938,172.217.160.0-255,6797,75039,96,296451
20360,0.000941,172.31.47.0-255,66,75105,96,296451
20361,0.000972,172.217.160.0-255,2902,78007,96,296451
20362,0.000976,172.31.47.0-255,66,78073,96,296451
20363,0.000997,172.31.47.0-255,66,78139,96,296451
20364,0.001003,172.217.160.0-255,5699,83838,96,296451
20365,0.001006,172.31.47.0-255,66,83904,96,296451
20366,0.00262,172.217.160.0-255,5738,89642,96,296451
20367,0.002626,172.31.47.0-255,66,89708,96,296451
20368,0.004228,172.217.160.0-255,2902,92610,96,296451
20369,0.004231,172.31.47.0-255,66,92676,96,296451
20370,0.004245,172.217.160.0-255,2902,95578,96,296451
20371,0.004247,172.31.47.0-255,66,95644,96,296451
20372,0.005821,172.217.160.0-255,2902,98546,96,296451
20373,0.005824,172.31.47.0-255,66,98612,96,296451
20374,0.005841,172.217.160.0-255,2902,101514,96,296451
20375,0.005843,172.31.47.0-255,66,101580,96,296451
20376,0.007432,172.217.160.0-255,5738,107318,96,296451
20377,0.00744,172.31.47.0-255,66,107384,96,296451
20378,0.009044,172.217.160.0-255,5738,113122,96,296451
20379,0.009051,172.31.47.0-255,66,113188,96,296451
20380,0.010673,172.217.160.0-255,5738,118926,96,296451
20381,0.01068,172.31.47.0-255,66,118992,96,296451
20382,0.012291,172.217.160.0-255,5738,124730,96,296451
20383,0.012298,172.31.47.0-255,66,124796,96,296451
20384,0.01391,172.217.160.0-255,5738,130534,96,296451
20385,0.013923,172.31.47.0-255,66,130600,96,296451
20386,0.015529,172.217.160.0-255,5738,136338,96,296451
20387,0.015539,172.31.47.0-255,66,136404,96,296451
20388,0.017147,172.217.160.0-255,5738,142142,96,296451
20389,0.017158,172.31.47.0-255,66,142208,96,296451
20390,0.018768,172.217.160.0-255,5738,147946,96,296451
20391,0.018775,172.31.47.0-255,66,148012,96,296451
20392,0.020383,172.217.160.0-255,5738,153750,96,296451
20393,0.02039,172.31.47.0-255,66,153816,96,296451
20394,0.022028,172.217.160.0-255,5738,159554,96,296451
20395,0.022035,172.31.47.0-255,66,159620,96,296451
20396,0.023633,172.217.160.0-255,5738,165358,96,296451
20397,0.023639,172.31.47.0-255,66,165424,96,296451
20398,0.025237,172.217.160.0-255,5738,171162,96,296451
20399,0.025242,172.31.47.0-255,66,171228,96,296451
20400,0.026195,172.31.47.0-255,172,171400,96,296451
20401,0.026226,172.31.47.0-255,1101,172501,96,296451
20402,0.026267,172.31.47.0-255,1514,174015,96,296451
20403,0.026269,172.31.47.0-255,1310,175325,96,296451
20404,0.02685,172.217.160.0-255,5738,181063,96,296451
20405,0.026859,172.31.47.0-255,66,181129,96,296451
20406,0.027749,104.244.42.0-255,66,181195,96,296451
20407,0.027781,104.244.42.0-255,66,181261,96,296451
20408,0.027837,104.244.42.0-255,66,181327,96,296451
20409,0.02846,172.217.160.0-255,5738,187065,96,296451
20410,0.028466,172.31.47.0-255,66,187131,96,296451
20411,0.030066,172.217.160.0-255,4320,191451,96,296451
20412,0.030073,172.31.47.0-255,66,191517,96,296451
20413,0.0301,172.217.160.0-255,1484,193001,96,296451
20414,0.031675,172.217.160.0-255,4320,197321,96,296451
20415,0.031681,172.31.47.0-255,66,197387,96,296451
20416,0.033306,172.217.160.0-255,5738,203125,96,296451
20417,0.033312,172.31.47.0-255,66,203191,96,296451
20418,0.034916,172.217.160.0-255,5738,208929,96,296451
20419,0.034925,172.31.47.0-255,66,208995,96,296451
20420,0.036524,172.217.160.0-255,5738,214733,96,296451
20421,0.03653,172.31.47.0-255,66,214799,96,296451
20422,0.038132,172.217.160.0-255,5738,220537,96,296451
20423,0.038138,172.31.47.0-255,66,220603,96,296451
20424,0.039748,172.217.160.0-255,2902,223505,96,296451
20425,0.039756,172.31.47.0-255,66,223571,96,296451
20426,0.039784,172.217.160.0-255,2902,226473,96,296451
20427,0.039789,172.31.47.0-255,66,226539,96,296451
20428,0.041362,172.217.160.0-255,2902,229441,96,296451
20429,0.04137,172.31.47.0-255,66,229507,96,296451
20430,0.041401,172.217.160.0-255,2902,232409,96,296451
20431,0.041404,172.31.47.0-255,66,232475,96,296451
20432,0.042998,172.217.160.0-255,2902,235377,96,296451
20433,0.043006,172.31.47.0-255,66,235443,96,296451
20434,0.04303,172.217.160.0-255,2902,238345,96,296451
20435,0.043032,172.31.47.0-255,66,238411,96,296451
20436,0.044634,172.217.160.0-255,5738,244149,96,296451
20437,0.044654,172.31.47.0-255,66,244215,96,296451
20438,0.046282,172.217.160.0-255,5738,249953,96,296451
20439,0.046305,172.31.47.0-255,66,250019,96,296451
20440,0.047948,172.217.160.0-255,5738,255757,96,296451
20441,0.047968,172.31.47.0-255,66,255823,96,296451
20442,0.049594,172.217.160.0-255,5738,261561,96,296451
20443,0.049611,172.31.47.0-255,66,261627,96,296451
20444,0.051255,172.217.160.0-255,5738,267365,96,296451
20445,0.051281,172.31.47.0-255,66,267431,96,296451
20446,0.052914,172.217.160.0-255,5738,273169,96,296451
20447,0.052937,172.31.47.0-255,66,273235,96,296451
20448,0.05456,172.217.160.0-255,5738,278973,96,296451
20449,0.05458,172.31.47.0-255,66,279039,96,296451
20450,0.056215,172.217.160.0-255,5738,284777,96,296451
20451,0.056237,172.31.47.0-255,66,284843,96,296451
20452,0.057871,172.217.160.0-255,5738,290581,96,296451
20453,0.057888,172.31.47.0-255,66,290647,96,296451
20454,0.059519,172.217.160.0-255,5738,296385,96,296451
20455,0.059541,172.31.47.0-255,66,296451,96,296451
20456,0.0,172.31.47.0-255,105,105,96,276
20457,0.001473,157.240.13.0-255,105,210,96,276
20458,0.001484,172.31.47.0-255,66,276,96,276
20459,0.0,172.31.47.0-255,66,66,96,66
20460,0.0,74.125.24.0-255,153,153,96,202841
20461,3.2e-05,172.31.47.0-255,66,219,96,202841
20462,3.9e-05,74.125.24.0-255,1484,1703,96,202841
20463,4.4e-05,172.31.47.0-255,66,1769,96,202841
20464,4.9e-05,74.125.24.0-255,2902,4671,96,202841
20465,5.1e-05,172.31.47.0-255,66,4737,96,202841
20466,5.8e-05,74.125.24.0-255,5738,10475,96,202841
20467,6.1e-05,172.31.47.0-255,66,10541,96,202841
20468,7.9e-05,74.125.24.0-255,4320,14861,96,202841
20469,8.1e-05,172.31.47.0-255,66,14927,96,202841
20470,0.000111,74.125.24.0-255,6362,21289,96,202841
20471,0.000114,172.31.47.0-255,66,21355,96,202841
20472,0.000134,74.125.24.0-255,4320,25675,96,202841
20473,0.000137,172.31.47.0-255,66,25741,96,202841
20474,0.000155,74.125.24.0-255,5379,31120,96,202841
20475,0.000157,172.31.47.0-255,66,31186,96,202841
20476,0.000188,74.125.24.0-255,1484,32670,96,202841
20477,0.000191,172.31.47.0-255,66,32736,96,202841
20478,0.000204,74.125.24.0-255,2902,35638,96,202841
20479,0.000206,172.31.47.0-255,66,35704,96,202841
20480,0.000213,74.125.24.0-255,5738,41442,96,202841
20481,0.000216,172.31.47.0-255,66,41508,96,202841
20482,0.000252,172.31.47.0-255,66,41574,96,202841
20483,0.000264,172.31.47.0-255,66,41640,96,202841
20484,0.00028,74.125.24.0-255,1484,43124,96,202841
20485,0.000283,172.31.47.0-255,66,43190,96,202841
20486,0.000305,74.125.24.0-255,2855,46045,96,202841
20487,0.000307,172.31.47.0-255,66,46111,96,202841
20488,0.000749,74.125.24.0-255,344,46455,96,202841
20489,0.000753,172.31.47.0-255,66,46521,96,202841
20490,0.000866,74.125.24.0-255,1484,48005,96,202841
20491,0.000874,74.125.24.0-255,2902,50907,96,202841
20492,0.000879,172.31.47.0-255,66,50973,96,202841
20493,0.000887,74.125.24.0-255,5738,56711,96,202841
20494,0.000889,172.31.47.0-255,66,56777,96,202841
20495,0.000911,172.31.47.0-255,66,56843,96,202841
20496,0.000963,74.125.24.0-255,5738,62581,96,202841
20497,0.000967,172.31.47.0-255,66,62647,96,202841
20498,0.000988,172.31.47.0-255,66,62713,96,202841
20499,0.001297,74.125.24.0-255,1484,64197,96,202841
20500,0.001306,74.125.24.0-255,2902,67099,96,202841
20501,0.00131,172.31.47.0-255,66,67165,96,202841
20502,0.001316,74.125.24.0-255,2902,70067,96,202841
20503,0.001318,172.31.47.0-255,66,70133,96,202841
20504,0.001331,74.125.24.0-255,2902,73035,96,202841
20505,0.001333,172.31.47.0-255,66,73101,96,202841
20506,0.001337,74.125.24.0-255,2902,76003,96,202841
20507,0.001339,172.31.47.0-255,66,76069,96,202841
20508,0.001366,172.31.47.0-255,66,76135,96,202841
20509,0.001376,172.31.47.0-255,66,76201,96,202841
20510,0.001404,74.125.24.0-255,766,76967,96,202841
20511,0.001476,74.125.24.0-255,1484,78451,96,202841
20512,0.00148,172.31.47.0-255,66,78517,96,202841
20513,0.001499,74.125.24.0-255,2902,81419,96,202841
20514,0.001501,172.31.47.0-255,66,81485,96,202841
20515,0.001508,74.125.24.0-255,5738,87223,96,202841
20516,0.001509,172.31.47.0-255,66,87289,96,202841
20517,0.001537,74.125.24.0-255,5738,93027,96,202841
20518,0.001539,172.31.47.0-255,66,93093,96,202841
20519,0.001559,74.125.24.0-255,1484,94577,96,202841
20520,0.001572,172.31.47.0-255,66,94643,96,202841
20521,0.001622,74.125.24.0-255,2184,96827,96,202841
20522,0.001626,172.31.47.0-255,66,96893,96,202841
20523,0.001691,74.125.24.0-255,1484,98377,96,202841
20524,0.001702,74.125.24.0-255,2902,101279,96,202841
20525,0.001706,172.31.47.0-255,66,101345,96,202841
20526,0.001709,74.125.24.0-255,1484,102829,96,202841
20527,0.001726,74.125.24.0-255,5738,108567,96,202841
20528,0.001729,172.31.47.0-255,66,108633,96,202841
20529,0.001745,74.125.24.0-255,1484,110117,96,202841
20530,0.001768,172.31.47.0-255,66,110183,96,202841
20531,0.00177,74.125.24.0-255,1484,111667,96,202841
20532,0.001813,74.125.24.0-255,4320,115987,96,202841
20533,0.001816,172.31.47.0-255,66,116053,96,202841
20534,0.001832,74.125.24.0-255,3602,119655,96,202841
20535,0.001834,172.31.47.0-255,66,119721,96,202841
20536,0.002067,74.125.24.0-255,1484,121205,96,202841
20537,0.002104,74.125.24.0-255,1484,122689,96,202841
20538,0.002106,172.31.47.0-255,66,122755,96,202841
20539,0.002122,74.125.24.0-255,1484,124239,96,202841
20540,0.002124,74.125.24.0-255,1484,125723,96,202841
20541,0.002126,172.31.47.0-255,66,125789,96,202841
20542,0.002138,74.125.24.0-255,5738,131527,96,202841
20543,0.00214,172.31.47.0-255,66,131593,96,202841
20544,0.002173,172.31.47.0-255,66,131659,96,202841
20545,0.002177,74.125.24.0-255,4320,135979,96,202841
20546,0.002179,172.31.47.0-255,66,136045,96,202841
20547,0.002202,172.31.47.0-255,66,136111,96,202841
20548,0.002206,74.125.24.0-255,4320,140431,96,202841
20549,0.002207,172.31.47.0-255,66,140497,96,202841
20550,0.002244,172.31.47.0-255,66,140563,96,202841
20551,0.002255,74.125.24.0-255,5738,146301,96,202841
20552,0.002257,172.31.47.0-255,66,146367,96,202841
20553,0.00229,74.125.24.0-255,2902,149269,96,202841
20554,0.002292,172.31.47.0-255,66,149335,96,202841
20555,0.002311,74.125.24.0-255,7156,156491,96,202841
20556,0.002313,172.31.47.0-255,66,156557,96,202841
20557,0.002328,74.125.24.0-255,6438,162995,96,202841
20558,0.00233,172.31.47.0-255,66,163061,96,202841
20559,0.002332,74.125.24.0-255,1484,164545,96,202841
20560,0.002363,172.31.47.0-255,66,164611,96,202841
20561,0.002385,74.125.24.0-255,5738,170349,96,202841
20562,0.002387,172.31.47.0-255,66,170415,96,202841
20563,0.002397,172.31.47.0-255,66,170481,96,202841
20564,0.002404,74.125.24.0-255,7156,177637,96,202841
20565,0.002406,172.31.47.0-255,66,177703,96,202841
20566,0.002434,74.125.24.0-255,2184,179887,96,202841
20567,0.002436,172.31.47.0-255,66,179953,96,202841
20568,0.002448,172.31.47.0-255,66,180019,96,202841
20569,0.002466,172.31.47.0-255,66,180085,96,202841
20570,0.002505,74.125.24.0-255,5738,185823,96,202841
20571,0.002508,172.31.47.0-255,66,185889,96,202841
20572,0.002522,74.125.24.0-255,4320,190209,96,202841
20573,0.002524,172.31.47.0-255,66,190275,96,202841
20574,0.002542,172.31.47.0-255,66,190341,96,202841
20575,0.002553,172.31.47.0-255,66,190407,96,202841
20576,0.002586,172.31.47.0-255,66,190473,96,202841
20577,0.002598,74.125.24.0-255,1484,191957,96,202841
20578,0.002601,74.125.24.0-255,1484,193441,96,202841
20579,0.002613,74.125.24.0-255,1888,195329,96,202841
20580,0.002638,74.125.24.0-255,105,195434,96,202841
20581,0.0097,172.31.47.0-255,66,195500,96,202841
20582,0.012038,172.31.47.0-255,105,195605,96,202841
20583,0.014351,74.125.24.0-255,66,195671,96,202841
20584,0.051138,172.31.47.0-255,172,195843,96,202841
20585,0.05117,172.31.47.0-255,1101,196944,96,202841
20586,0.051223,172.31.47.0-255,1514,198458,96,202841
20587,0.051225,172.31.47.0-255,1514,199972,96,202841
20588,0.051226,172.31.47.0-255,1514,201486,96,202841
20589,0.051227,172.31.47.0-255,1091,202577,96,202841
20590,0.052668,104.244.42.0-255,66,202643,96,202841
20591,0.0527,104.244.42.0-255,66,202709,96,202841
20592,0.052778,104.244.42.0-255,66,202775,96,202841
20593,0.052782,104.244.42.0-255,66,202841,96,202841
20594,0.0,74.125.68.0-255,153,153,96,385999
20595,2.7e-05,172.31.47.0-255,66,219,96,385999
20596,3.3e-05,74.125.68.0-255,1484,1703,96,385999
20597,3.7e-05,172.31.47.0-255,66,1769,96,385999
20598,6.8e-05,74.125.68.0-255,1484,3253,96,385999
20599,7e-05,172.31.47.0-255,66,3319,96,385999
20600,8.9e-05,74.125.68.0-255,2902,6221,96,385999
20601,9.3e-05,172.31.47.0-255,66,6287,96,385999
20602,0.000111,74.125.68.0-255,4320,10607,96,385999
20603,0.000113,172.31.47.0-255,66,10673,96,385999
20604,0.000149,74.125.68.0-255,2902,13575,96,385999
20605,0.000153,172.31.47.0-255,66,13641,96,385999
20606,0.000173,74.125.68.0-255,6429,20070,96,385999
20607,0.000176,172.31.47.0-255,66,20136,96,385999
20608,0.000194,74.125.68.0-255,1484,21620,96,385999
20609,0.000196,172.31.47.0-255,66,21686,96,385999
20610,0.00022,172.31.47.0-255,66,21752,96,385999
20611,0.000243,74.125.68.0-255,1125,22877,96,385999
20612,0.000246,172.31.47.0-255,66,22943,96,385999
20613,0.000319,74.125.68.0-255,1484,24427,96,385999
20614,0.000323,172.31.47.0-255,66,24493,96,385999
20615,0.000338,74.125.68.0-255,2902,27395,96,385999
20616,0.000341,172.31.47.0-255,66,27461,96,385999
20617,0.00036,74.125.68.0-255,2902,30363,96,385999
20618,0.000363,172.31.47.0-255,66,30429,96,385999
20619,0.000368,74.125.68.0-255,4320,34749,96,385999
20620,0.00037,172.31.47.0-255,66,34815,96,385999
20621,0.000403,74.125.68.0-255,2902,37717,96,385999
20622,0.000406,172.31.47.0-255,66,37783,96,385999
20623,0.000423,74.125.68.0-255,2543,40326,96,385999
20624,0.000426,172.31.47.0-255,66,40392,96,385999
20625,0.000431,74.125.68.0-255,5738,46130,96,385999
20626,0.000441,172.31.47.0-255,66,46196,96,385999
20627,0.000454,74.125.68.0-255,2902,49098,96,385999
20628,0.000465,172.31.47.0-255,66,49164,96,385999
20629,0.000486,74.125.68.0-255,110,49274,96,385999
20630,0.000492,172.31.47.0-255,66,49340,96,385999
20631,0.000543,74.125.68.0-255,332,49672,96,385999
20632,0.000711,172.31.47.0-255,66,49738,96,385999
20633,0.000871,74.125.68.0-255,1484,51222,96,385999
20634,0.000878,74.125.68.0-255,2902,54124,96,385999
20635,0.000946,74.125.68.0-255,1484,55608,96,385999
20636,0.000958,74.125.68.0-255,1484,57092,96,385999
20637,0.000974,74.125.68.0-255,2902,59994,96,385999
20638,0.001009,74.125.68.0-255,1484,61478,96,385999
20639,0.001019,74.125.68.0-255,1484,62962,96,385999
20640,0.00104,74.125.68.0-255,4320,67282,96,385999
20641,0.001062,74.125.68.0-255,5738,73020,96,385999
20642,0.001072,74.125.68.0-255,1484,74504,96,385999
20643,0.001081,74.125.68.0-255,1484,75988,96,385999
20644,0.001093,74.125.68.0-255,4320,80308,96,385999
20645,0.001107,74.125.68.0-255,2902,83210,96,385999
20646,0.001109,74.125.68.0-255,766,83976,96,385999
20647,0.001227,74.125.68.0-255,1484,85460,96,385999
20648,0.00124,74.125.68.0-255,2902,88362,96,385999
20649,0.001252,74.125.68.0-255,1484,89846,96,385999
20650,0.001265,74.125.68.0-255,4320,94166,96,385999
20651,0.001297,74.125.68.0-255,2902,97068,96,385999
20652,0.001317,74.125.68.0-255,4320,101388,96,385999
20653,0.00135,74.125.68.0-255,5738,107126,96,385999
20654,0.001367,74.125.68.0-255,7156,114282,96,385999
20655,0.001372,74.125.68.0-255,3602,117884,96,385999
20656,0.001478,74.125.68.0-255,1484,119368,96,385999
20657,0.00149,74.125.68.0-255,2902,122270,96,385999
20658,0.001508,74.125.68.0-255,1484,123754,96,385999
20659,0.001521,74.125.68.0-255,4320,128074,96,385999
20660,0.001525,74.125.68.0-255,2902,130976,96,385999
20661,0.001567,74.125.68.0-255,5738,136714,96,385999
20662,0.001586,74.125.68.0-255,4320,141034,96,385999
20663,0.001591,74.125.68.0-255,5738,146772,96,385999
20664,0.001615,74.125.68.0-255,2902,149674,96,385999
20665,0.001627,74.125.68.0-255,3602,153276,96,385999
20666,0.001629,74.125.68.0-255,1484,154760,96,385999
20667,0.001647,74.125.68.0-255,4320,159080,96,385999
20668,0.001652,74.125.68.0-255,4320,163400,96,385999
20669,0.001667,74.125.68.0-255,2902,166302,96,385999
20670,0.00168,74.125.68.0-255,2902,169204,96,385999
20671,0.001695,74.125.68.0-255,2902,172106,96,385999
20672,0.0017,74.125.68.0-255,5738,177844,96,385999
20673,0.001715,74.125.68.0-255,1484,179328,96,385999
20674,0.001729,74.125.68.0-255,2902,182230,96,385999
20675,0.001744,74.125.68.0-255,3602,185832,96,385999
20676,0.001755,74.125.68.0-255,2902,188734,96,385999
20677,0.001766,74.125.68.0-255,4320,193054,96,385999
20678,0.001788,74.125.68.0-255,2902,195956,96,385999
20679,0.001799,74.125.68.0-255,4320,200276,96,385999
20680,0.001808,74.125.68.0-255,1484,201760,96,385999
20681,0.001822,74.125.68.0-255,5738,207498,96,385999
20682,0.001834,74.125.68.0-255,4320,211818,96,385999
20683,0.00184,74.125.68.0-255,5738,217556,96,385999
20684,0.001849,74.125.68.0-255,2184,219740,96,385999
20685,0.001984,74.125.68.0-255,1484,221224,96,385999
20686,0.002035,74.125.68.0-255,1484,222708,96,385999
20687,0.002067,74.125.68.0-255,2902,225610,96,385999
20688,0.002083,74.125.68.0-255,1484,227094,96,385999
20689,0.002143,74.125.68.0-255,1484,228578,96,385999
20690,0.002173,74.125.68.0-255,2902,231480,96,385999
20691,0.002186,74.125.68.0-255,1484,232964,96,385999
20692,0.002208,74.125.68.0-255,2902,235866,96,385999
20693,0.002235,74.125.68.0-255,5738,241604,96,385999
20694,0.002239,74.125.68.0-255,2902,244506,96,385999
20695,0.002256,74.125.68.0-255,2902,247408,96,385999
20696,0.002273,74.125.68.0-255,1484,248892,96,385999
20697,0.002292,74.125.68.0-255,5020,253912,96,385999
20698,0.00237,74.125.68.0-255,1484,255396,96,385999
20699,0.002384,74.125.68.0-255,2902,258298,96,385999
20700,0.0024,74.125.68.0-255,4320,262618,96,385999
20701,0.002415,74.125.68.0-255,1484,264102,96,385999
20702,0.002429,74.125.68.0-255,7156,271258,96,385999
20703,0.002455,74.125.68.0-255,7156,278414,96,385999
20704,0.002462,74.125.68.0-255,5738,284152,96,385999
20705,0.002476,74.125.68.0-255,2902,287054,96,385999
20706,0.002489,74.125.68.0-255,766,287820,96,385999
20707,0.00282,74.125.68.0-255,1484,289304,96,385999
20708,0.002874,74.125.68.0-255,2902,292206,96,385999
20709,0.002877,74.125.68.0-255,1484,293690,96,385999
20710,0.00288,74.125.68.0-255,2902,296592,96,385999
20711,0.002894,74.125.68.0-255,1484,298076,96,385999
20712,0.002913,74.125.68.0-255,1484,299560,96,385999
20713,0.002926,74.125.68.0-255,4320,303880,96,385999
20714,0.002948,74.125.68.0-255,2902,306782,96,385999
20715,0.002962,74.125.68.0-255,4320,311102,96,385999
20716,0.002986,74.125.68.0-255,1484,312586,96,385999
20717,0.002988,74.125.68.0-255,766,313352,96,385999
20718,0.003042,74.125.68.0-255,1484,314836,96,385999
20719,0.003052,74.125.68.0-255,1484,316320,96,385999
20720,0.003076,74.125.68.0-255,1484,317804,96,385999
20721,0.003082,74.125.68.0-255,5738,323542,96,385999
20722,0.003101,74.125.68.0-255,2902,326444,96,385999
20723,0.00313,74.125.68.0-255,1484,327928,96,385999
20724,0.00315,74.125.68.0-255,7156,335084,96,385999
20725,0.003163,74.125.68.0-255,3602,338686,96,385999
20726,0.003167,74.125.68.0-255,2902,341588,96,385999
20727,0.00317,74.125.68.0-255,4320,345908,96,385999
20728,0.003193,74.125.68.0-255,4320,350228,96,385999
20729,0.003202,74.125.68.0-255,2902,353130,96,385999
20730,0.003213,74.125.68.0-255,1484,354614,96,385999
20731,0.003218,74.125.68.0-255,4320,358934,96,385999
20732,0.003236,74.125.68.0-255,5738,364672,96,385999
20733,0.003257,74.125.68.0-255,7156,371828,96,385999
20734,0.003266,74.125.68.0-255,766,372594,96,385999
20735,0.003279,74.125.68.0-255,5738,378332,96,385999
20736,0.003298,74.125.68.0-255,2902,381234,96,385999
20737,0.0033,74.125.68.0-255,927,382161,96,385999
20738,0.003342,74.125.68.0-255,105,382266,96,385999
20739,0.004945,172.31.47.0-255,66,382332,96,385999
20740,0.005826,172.31.47.0-255,101,382433,96,385999
20741,0.007457,172.31.47.0-255,105,382538,96,385999
20742,0.008315,74.125.68.0-255,66,382604,96,385999
20743,0.009937,74.125.68.0-255,66,382670,96,385999
20744,0.026219,172.31.47.0-255,172,382842,96,385999
20745,0.02625,172.31.47.0-255,1109,383951,96,385999
20746,0.026286,172.31.47.0-255,1514,385465,96,385999
20747,0.026288,172.31.47.0-255,336,385801,96,385999
20748,0.027737,104.244.42.0-255,66,385867,96,385999
20749,0.027805,104.244.42.0-255,66,385933,96,385999
20750,0.027808,104.244.42.0-255,66,385999,96,385999
20751,0.0,172.217.194.0-255,153,153,96,269241
20752,2.6e-05,172.31.47.0-255,66,219,96,269241
20753,3.2e-05,172.217.194.0-255,1484,1703,96,269241
20754,3.6e-05,172.31.47.0-255,66,1769,96,269241
20755,4.1e-05,172.217.194.0-255,2902,4671,96,269241
20756,4.4e-05,172.31.47.0-255,66,4737,96,269241
20757,5.6e-05,172.217.194.0-255,5738,10475,96,269241
20758,5.8e-05,172.31.47.0-255,66,10541,96,269241
20759,7.3e-05,172.217.194.0-255,1484,12025,96,269241
20760,7.7e-05,172.31.47.0-255,66,12091,96,269241
20761,0.000103,172.217.194.0-255,2015,14106,96,269241
20762,0.000105,172.31.47.0-255,66,14172,96,269241
20763,0.000352,172.217.194.0-255,1484,15656,96,269241
20764,0.000357,172.31.47.0-255,66,15722,96,269241
20765,0.000363,172.217.194.0-255,2902,18624,96,269241
20766,0.000365,172.31.47.0-255,66,18690,96,269241
20767,0.000386,172.217.194.0-255,5738,24428,96,269241
20768,0.00039,172.31.47.0-255,66,24494,96,269241
20769,0.000398,172.217.194.0-255,4320,28814,96,269241
20770,0.0004,172.31.47.0-255,66,28880,96,269241
20771,0.000421,172.217.194.0-255,2543,31423,96,269241
20772,0.000424,172.31.47.0-255,66,31489,96,269241
20773,0.000489,172.217.194.0-255,1484,32973,96,269241
20774,0.000493,172.31.47.0-255,66,33039,96,269241
20775,0.000502,172.217.194.0-255,2902,35941,96,269241
20776,0.000504,172.31.47.0-255,66,36007,96,269241
20777,0.000508,172.217.194.0-255,2902,38909,96,269241
20778,0.000509,172.31.47.0-255,66,38975,96,269241
20779,0.000527,172.217.194.0-255,2902,41877,96,269241
20780,0.00053,172.31.47.0-255,66,41943,96,269241
20781,0.000563,172.217.194.0-255,6797,48740,96,269241
20782,0.000566,172.31.47.0-255,66,48806,96,269241
20783,0.001425,172.217.194.0-255,1484,50290,96,269241
20784,0.001431,172.31.47.0-255,66,50356,96,269241
20785,0.001441,172.217.194.0-255,2902,53258,96,269241
20786,0.001443,172.31.47.0-255,66,53324,96,269241
20787,0.001449,172.217.194.0-255,5738,59062,96,269241
20788,0.001451,172.31.47.0-255,66,59128,96,269241
20789,0.001474,172.217.194.0-255,6797,65925,96,269241
20790,0.001476,172.31.47.0-255,66,65991,96,269241
20791,0.00157,172.217.194.0-255,1484,67475,96,269241
20792,0.001583,172.217.194.0-255,2902,70377,96,269241
20793,0.001585,172.31.47.0-255,66,70443,96,269241
20794,0.001603,172.217.194.0-255,5738,76181,96,269241
20795,0.001605,172.31.47.0-255,66,76247,96,269241
20796,0.001608,172.217.194.0-255,1484,77731,96,269241
20797,0.001632,172.217.194.0-255,5379,83110,96,269241
20798,0.001634,172.31.47.0-255,66,83176,96,269241
20799,0.001649,172.217.194.0-255,648,83824,96,269241
20800,0.001707,172.217.194.0-255,1484,85308,96,269241
20801,0.00171,172.31.47.0-255,66,85374,96,269241
20802,0.001712,172.217.194.0-255,1484,86858,96,269241
20803,0.001724,172.217.194.0-255,1484,88342,96,269241
20804,0.001726,172.31.47.0-255,66,88408,96,269241
20805,0.001732,172.217.194.0-255,5738,94146,96,269241
20806,0.001733,172.31.47.0-255,66,94212,96,269241
20807,0.001765,172.217.194.0-255,1484,95696,96,269241
20808,0.001783,172.217.194.0-255,5379,101075,96,269241
20809,0.001786,172.31.47.0-255,66,101141,96,269241
20810,0.003812,172.217.194.0-255,2902,104043,96,269241
20811,0.003815,172.31.47.0-255,66,104109,96,269241
20812,0.003836,172.217.194.0-255,2902,107011,96,269241
20813,0.003838,172.31.47.0-255,66,107077,96,269241
20814,0.005831,172.217.194.0-255,2902,109979,96,269241
20815,0.005837,172.31.47.0-255,66,110045,96,269241
20816,0.005876,172.217.194.0-255,2902,112947,96,269241
20817,0.005878,172.31.47.0-255,66,113013,96,269241
20818,0.007854,172.217.194.0-255,2902,115915,96,269241
20819,0.007861,172.31.47.0-255,66,115981,96,269241
20820,0.0079,172.217.194.0-255,2902,118883,96,269241
20821,0.007904,172.31.47.0-255,66,118949,96,269241
20822,0.009891,172.217.194.0-255,2902,121851,96,269241
20823,0.009898,172.31.47.0-255,66,121917,96,269241
20824,0.009925,172.217.194.0-255,1484,123401,96,269241
20825,0.009941,172.217.194.0-255,1484,124885,96,269241
20826,0.009944,172.31.47.0-255,66,124951,96,269241
20827,0.011912,172.217.194.0-255,2902,127853,96,269241
20828,0.011925,172.31.47.0-255,66,127919,96,269241
20829,0.011962,172.217.194.0-255,2902,130821,96,269241
20830,0.011967,172.31.47.0-255,66,130887,96,269241
20831,0.013961,172.217.194.0-255,2902,133789,96,269241
20832,0.013968,172.31.47.0-255,66,133855,96,269241
20833,0.014,172.217.194.0-255,2902,136757,96,269241
20834,0.014002,172.31.47.0-255,66,136823,96,269241
20835,0.016001,172.217.194.0-255,2902,139725,96,269241
20836,0.01601,172.31.47.0-255,66,139791,96,269241
20837,0.016028,172.217.194.0-255,2902,142693,96,269241
20838,0.016032,172.31.47.0-255,66,142759,96,269241
20839,0.018055,172.217.194.0-255,5738,148497,96,269241
20840,0.018061,172.31.47.0-255,66,148563,96,269241
20841,0.02009,172.217.194.0-255,5738,154301,96,269241
20842,0.020097,172.31.47.0-255,66,154367,96,269241
20843,0.022119,172.217.194.0-255,5738,160105,96,269241
20844,0.022127,172.31.47.0-255,66,160171,96,269241
20845,0.022203,172.31.47.0-255,172,160343,96,269241
20846,0.022241,172.31.47.0-255,1110,161453,96,269241
20847,0.022324,172.31.47.0-255,1514,162967,96,269241
20848,0.022326,172.31.47.0-255,1514,164481,96,269241
20849,0.022328,172.31.47.0-255,1514,165995,96,269241
20850,0.022329,172.31.47.0-255,1082,167077,96,269241
20851,0.023759,104.244.42.0-255,66,167143,96,269241
20852,0.023851,104.244.42.0-255,66,167209,96,269241
20853,0.023908,104.244.42.0-255,66,167275,96,269241
20854,0.023911,104.244.42.0-255,66,167341,96,269241
20855,0.024145,172.217.194.0-255,4320,171661,96,269241
20856,0.02415,172.31.47.0-255,66,171727,96,269241
20857,0.024215,172.217.194.0-255,1484,173211,96,269241
20858,0.026172,172.217.194.0-255,2902,176113,96,269241
20859,0.026177,172.31.47.0-255,66,176179,96,269241
20860,0.028204,172.217.194.0-255,5738,181917,96,269241
20861,0.028209,172.31.47.0-255,66,181983,96,269241
20862,0.030217,172.217.194.0-255,5738,187721,96,269241
20863,0.030223,172.31.47.0-255,66,187787,96,269241
20864,0.032236,172.217.194.0-255,5738,193525,96,269241
20865,0.032241,172.31.47.0-255,66,193591,96,269241
20866,0.034262,172.217.194.0-255,2902,196493,96,269241
20867,0.034267,172.31.47.0-255,66,196559,96,269241
20868,0.034298,172.217.194.0-255,2902,199461,96,269241
20869,0.034301,172.31.47.0-255,66,199527,96,269241
20870,0.036367,172.217.194.0-255,5738,205265,96,269241
20871,0.036372,172.31.47.0-255,66,205331,96,269241
20872,0.038401,172.217.194.0-255,5738,211069,96,269241
20873,0.038405,172.31.47.0-255,66,211135,96,269241
20874,0.040436,172.217.194.0-255,5738,216873,96,269241
20875,0.040441,172.31.47.0-255,66,216939,96,269241
20876,0.042463,172.217.194.0-255,5738,222677,96,269241
20877,0.042468,172.31.47.0-255,66,222743,96,269241
20878,0.044472,172.217.194.0-255,5738,228481,96,269241
20879,0.044479,172.31.47.0-255,66,228547,96,269241
20880,0.046505,172.217.194.0-255,5738,234285,96,269241
20881,0.046512,172.31.47.0-255,66,234351,96,269241
20882,0.04853,172.217.194.0-255,1484,235835,96,269241
20883,0.048559,172.217.194.0-255,4320,240155,96,269241
20884,0.048564,172.31.47.0-255,66,240221,96,269241
20885,0.050579,172.217.194.0-255,5738,245959,96,269241
20886,0.050583,172.31.47.0-255,66,246025,96,269241
20887,0.052602,172.217.194.0-255,5738,251763,96,269241
20888,0.052608,172.31.47.0-255,66,251829,96,269241
20889,0.054651,172.217.194.0-255,5738,257567,96,269241
20890,0.054656,172.31.47.0-255,66,257633,96,269241
20891,0.056696,172.217.194.0-255,5738,263371,96,269241
20892,0.056701,172.31.47.0-255,66,263437,96,269241
20893,0.058724,172.217.194.0-255,5738,269175,96,269241
20894,0.058728,172.31.47.0-255,66,269241,96,269241
20895,0.0,172.31.47.0-255,105,105,96,105
20896,0.0,74.125.200.0-255,146,146,96,352492
20897,1.6e-05,172.31.47.0-255,66,212,96,352492
20898,2.2e-05,74.125.200.0-255,1484,1696,96,352492
20899,2.6e-05,172.31.47.0-255,66,1762,96,352492
20900,3.1e-05,74.125.200.0-255,2902,4664,96,352492
20901,3.3e-05,172.31.47.0-255,66,4730,96,352492
20902,8.3e-05,74.125.200.0-255,4320,9050,96,352492
20903,8.5e-05,172.31.47.0-255,66,9116,96,352492
20904,9.6e-05,74.125.200.0-255,2902,12018,96,352492
20905,9.9e-05,172.31.47.0-255,66,12084,96,352492
20906,0.000131,74.125.200.0-255,2902,14986,96,352492
20907,0.000133,172.31.47.0-255,66,15052,96,352492
20908,0.000156,74.125.200.0-255,4981,20033,96,352492
20909,0.000158,172.31.47.0-255,66,20099,96,352492
20910,0.00019,74.125.200.0-255,7156,27255,96,352492
20911,0.000192,172.31.47.0-255,66,27321,96,352492
20912,0.000211,74.125.200.0-255,1484,28805,96,352492
20913,0.000213,172.31.47.0-255,66,28871,96,352492
20914,0.000217,74.125.200.0-255,2543,31414,96,352492
20915,0.000219,172.31.47.0-255,66,31480,96,352492
20916,0.00025,74.125.200.0-255,1484,32964,96,352492
20917,0.000253,172.31.47.0-255,66,33030,96,352492
20918,0.000257,74.125.200.0-255,2902,35932,96,352492
20919,0.000259,172.31.47.0-255,66,35998,96,352492
20920,0.000299,74.125.200.0-255,4320,40318,96,352492
20921,0.000303,172.31.47.0-255,66,40384,96,352492
20922,0.000306,74.125.200.0-255,1484,41868,96,352492
20923,0.000307,172.31.47.0-255,66,41934,96,352492
20924,0.000336,172.31.47.0-255,66,42000,96,352492
20925,0.000343,74.125.200.0-255,7156,49156,96,352492
20926,0.000345,172.31.47.0-255,66,49222,96,352492
20927,0.000375,172.31.47.0-255,66,49288,96,352492
20928,0.000377,74.125.200.0-255,129,49417,96,352492
20929,0.000379,172.31.47.0-255,66,49483,96,352492
20930,0.000794,74.125.200.0-255,348,49831,96,352492
20931,0.000801,172.31.47.0-255,66,49897,96,352492
20932,0.001029,74.125.200.0-255,1484,51381,96,352492
20933,0.001035,172.31.47.0-255,66,51447,96,352492
20934,0.001042,74.125.200.0-255,2902,54349,96,352492
20935,0.001044,172.31.47.0-255,66,54415,96,352492
20936,0.001049,74.125.200.0-255,4320,58735,96,352492
20937,0.001051,172.31.47.0-255,66,58801,96,352492
20938,0.001075,74.125.200.0-255,1484,60285,96,352492
20939,0.001079,74.125.200.0-255,1484,61769,96,352492
20940,0.001081,172.31.47.0-255,66,61835,96,352492
20941,0.001108,74.125.200.0-255,7156,68991,96,352492
20942,0.001113,74.125.200.0-255,5738,74729,96,352492
20943,0.001118,172.31.47.0-255,66,74795,96,352492
20944,0.00112,172.31.47.0-255,66,74861,96,352492
20945,0.001136,74.125.200.0-255,4320,79181,96,352492
20946,0.001138,74.125.200.0-255,1484,80665,96,352492
20947,0.001141,172.31.47.0-255,66,80731,96,352492
20948,0.001159,74.125.200.0-255,3602,84333,96,352492
20949,0.001161,172.31.47.0-255,66,84399,96,352492
20950,0.001218,74.125.200.0-255,1484,85883,96,352492
20951,0.001224,74.125.200.0-255,2902,88785,96,352492
20952,0.001227,172.31.47.0-255,66,88851,96,352492
20953,0.001231,74.125.200.0-255,2902,91753,96,352492
20954,0.001248,74.125.200.0-255,2902,94655,96,352492
20955,0.001261,74.125.200.0-255,2902,97557,96,352492
20956,0.001264,172.31.47.0-255,66,97623,96,352492
20957,0.001269,172.31.47.0-255,66,97689,96,352492
20958,0.001298,172.31.47.0-255,66,97755,96,352492
20959,0.001307,74.125.200.0-255,4320,102075,96,352492
20960,0.001311,172.31.47.0-255,66,102141,96,352492
20961,0.001328,74.125.200.0-255,2902,105043,96,352492
20962,0.001342,74.125.200.0-255,3602,108645,96,352492
20963,0.001351,172.31.47.0-255,66,108711,96,352492
20964,0.001442,74.125.200.0-255,1484,110195,96,352492
20965,0.001458,74.125.200.0-255,2902,113097,96,352492
20966,0.00146,172.31.47.0-255,66,113163,96,352492
20967,0.001483,74.125.200.0-255,5738,118901,96,352492
20968,0.00149,172.31.47.0-255,66,118967,96,352492
20969,0.001505,74.125.200.0-255,7156,126123,96,352492
20970,0.001519,74.125.200.0-255,1484,127607,96,352492
20971,0.001523,172.31.47.0-255,66,127673,96,352492
20972,0.001557,74.125.200.0-255,1484,129157,96,352492
20973,0.001561,172.31.47.0-255,66,129223,96,352492
20974,0.001588,74.125.200.0-255,2184,131407,96,352492
20975,0.001592,172.31.47.0-255,66,131473,96,352492
20976,0.001602,74.125.200.0-255,2902,134375,96,352492
20977,0.001615,74.125.200.0-255,2902,137277,96,352492
20978,0.001626,74.125.200.0-255,2902,140179,96,352492
20979,0.001632,172.31.47.0-255,66,140245,96,352492
20980,0.00165,74.125.200.0-255,1484,141729,96,352492
20981,0.001687,172.31.47.0-255,66,141795,96,352492
20982,0.00169,74.125.200.0-255,1484,143279,96,352492
20983,0.001708,74.125.200.0-255,7156,150435,96,352492
20984,0.001724,74.125.200.0-255,3602,154037,96,352492
20985,0.001733,172.31.47.0-255,66,154103,96,352492
20986,0.001995,74.125.200.0-255,1484,155587,96,352492
20987,0.00202,74.125.200.0-255,2902,158489,96,352492
20988,0.002024,172.31.47.0-255,66,158555,96,352492
20989,0.002031,74.125.200.0-255,5738,164293,96,352492
20990,0.002062,74.125.200.0-255,1484,165777,96,352492
20991,0.002077,74.125.200.0-255,4320,170097,96,352492
20992,0.002083,74.125.200.0-255,7156,177253,96,352492
20993,0.002086,74.125.200.0-255,1484,178737,96,352492
20994,0.002105,74.125.200.0-255,7156,185893,96,352492
20995,0.00211,172.31.47.0-255,66,185959,96,352492
20996,0.002143,74.125.200.0-255,2184,188143,96,352492
20997,0.002159,172.31.47.0-255,66,188209,96,352492
20998,0.002336,74.125.200.0-255,1484,189693,96,352492
20999,0.002342,74.125.200.0-255,2902,192595,96,352492
21000,0.002344,172.31.47.0-255,66,192661,96,352492
21001,0.00235,74.125.200.0-255,4320,196981,96,352492
21002,0.002361,74.125.200.0-255,1484,198465,96,352492
21003,0.002367,172.31.47.0-255,66,198531,96,352492
21004,0.002392,74.125.200.0-255,7156,205687,96,352492
21005,0.002396,74.125.200.0-255,2902,208589,96,352492
21006,0.002403,172.31.47.0-255,66,208655,96,352492
21007,0.002412,74.125.200.0-255,4320,212975,96,352492
21008,0.002416,172.31.47.0-255,66,213041,96,352492
21009,0.002441,74.125.200.0-255,4320,217361,96,352492
21010,0.002456,172.31.47.0-255,66,217427,96,352492
21011,0.002461,74.125.200.0-255,4320,221747,96,352492
21012,0.002465,172.31.47.0-255,66,221813,96,352492
21013,0.002489,74.125.200.0-255,6438,228251,96,352492
21014,0.002493,74.125.200.0-255,1484,229735,96,352492
21015,0.002505,74.125.200.0-255,4320,234055,96,352492
21016,0.002513,172.31.47.0-255,66,234121,96,352492
21017,0.002521,74.125.200.0-255,1484,235605,96,352492
21018,0.002557,74.125.200.0-255,7156,242761,96,352492
21019,0.002565,172.31.47.0-255,66,242827,96,352492
21020,0.002604,74.125.200.0-255,2902,245729,96,352492
21021,0.002608,172.31.47.0-255,66,245795,96,352492
21022,0.002623,74.125.200.0-255,2184,247979,96,352492
21023,0.002626,74.125.200.0-255,1484,249463,96,352492
21024,0.002633,172.31.47.0-255,66,249529,96,352492
21025,0.002664,74.125.200.0-255,7156,256685,96,352492
21026,0.002671,172.31.47.0-255,66,256751,96,352492
21027,0.002708,74.125.200.0-255,2902,259653,96,352492
21028,0.002714,172.31.47.0-255,66,259719,96,352492
21029,0.002744,74.125.200.0-255,3602,263321,96,352492
21030,0.002753,172.31.47.0-255,66,263387,96,352492
21031,0.005376,74.125.200.0-255,5738,269125,96,352492
21032,0.005393,172.31.47.0-255,66,269191,96,352492
21033,0.008036,74.125.200.0-255,5738,274929,96,352492
21034,0.008052,172.31.47.0-255,66,274995,96,352492
21035,0.010668,74.125.200.0-255,5738,280733,96,352492
21036,0.01068,172.31.47.0-255,66,280799,96,352492
21037,0.013292,74.125.200.0-255,5738,286537,96,352492
21038,0.013298,172.31.47.0-255,66,286603,96,352492
21039,0.015917,74.125.200.0-255,5738,292341,96,352492
21040,0.015923,172.31.47.0-255,66,292407,96,352492
21041,0.018543,74.125.200.0-255,5738,298145,96,352492
21042,0.018552,172.31.47.0-255,66,298211,96,352492
21043,0.021183,74.125.200.0-255,5738,303949,96,352492
21044,0.021198,172.31.47.0-255,66,304015,96,352492
21045,0.02384,74.125.200.0-255,5738,309753,96,352492
21046,0.023858,172.31.47.0-255,66,309819,96,352492
21047,0.026509,74.125.200.0-255,5738,315557,96,352492
21048,0.026515,172.31.47.0-255,66,315623,96,352492
21049,0.029122,74.125.200.0-255,5738,321361,96,352492
21050,0.029126,172.31.47.0-255,66,321427,96,352492
21051,0.03176,74.125.200.0-255,5738,327165,96,352492
21052,0.031766,172.31.47.0-255,66,327231,96,352492
21053,0.034394,74.125.200.0-255,5738,332969,96,352492
21054,0.0344,172.31.47.0-255,66,333035,96,352492
21055,0.037035,74.125.200.0-255,5738,338773,96,352492
21056,0.037056,172.31.47.0-255,66,338839,96,352492
21057,0.039677,74.125.200.0-255,5738,344577,96,352492
21058,0.039684,172.31.47.0-255,66,344643,96,352492
21059,0.041471,172.31.47.0-255,172,344815,96,352492
21060,0.041501,172.31.47.0-255,1101,345916,96,352492
21061,0.041536,172.31.47.0-255,1514,347430,96,352492
21062,0.041538,172.31.47.0-255,1514,348944,96,352492
21063,0.041542,172.31.47.0-255,1514,350458,96,352492
21064,0.041543,172.31.47.0-255,1091,351549,96,352492
21065,0.042272,74.125.200.0-255,442,351991,96,352492
21066,0.043011,104.244.42.0-255,66,352057,96,352492
21067,0.043049,104.244.42.0-255,66,352123,96,352492
21068,0.043114,104.244.42.0-255,66,352189,96,352492
21069,0.04312,104.244.42.0-255,66,352255,96,352492
21070,0.045955,172.31.47.0-255,66,352321,96,352492
21071,0.045984,172.31.47.0-255,105,352426,96,352492
21072,0.048564,74.125.200.0-255,66,352492,96,352492
21073,0.0,172.31.47.0-255,66,66,96,66
21074,0.0,74.125.24.0-255,146,146,96,276812
21075,2.7e-05,172.31.47.0-255,66,212,96,276812
21076,3.4e-05,74.125.24.0-255,1484,1696,96,276812
21077,3.8e-05,172.31.47.0-255,66,1762,96,276812
21078,4.3e-05,74.125.24.0-255,2902,4664,96,276812
21079,5.3e-05,172.31.47.0-255,66,4730,96,276812
21080,5.9e-05,74.125.24.0-255,5738,10468,96,276812
21081,6.1e-05,172.31.47.0-255,66,10534,96,276812
21082,0.000101,74.125.24.0-255,3528,14062,96,276812
21083,0.000103,172.31.47.0-255,66,14128,96,276812
21084,0.000248,74.125.24.0-255,1484,15612,96,276812
21085,0.000253,172.31.47.0-255,66,15678,96,276812
21086,0.00028,74.125.24.0-255,2902,18580,96,276812
21087,0.000285,172.31.47.0-255,66,18646,96,276812
21088,0.00032,74.125.24.0-255,2902,21548,96,276812
21089,0.000323,172.31.47.0-255,66,21614,96,276812
21090,0.00033,74.125.24.0-255,7156,28770,96,276812
21091,0.000333,172.31.47.0-255,66,28836,96,276812
21092,0.000343,74.125.24.0-255,2543,31379,96,276812
21093,0.000346,172.31.47.0-255,66,31445,96,276812
21094,0.000358,74.125.24.0-255,2902,34347,96,276812
21095,0.000361,172.31.47.0-255,66,34413,96,276812
21096,0.000404,74.125.24.0-255,4320,38733,96,276812
21097,0.000408,172.31.47.0-255,66,38799,96,276812
21098,0.000414,74.125.24.0-255,5738,44537,96,276812
21099,0.000418,172.31.47.0-255,66,44603,96,276812
21100,0.000472,74.125.24.0-255,3961,48564,96,276812
21101,0.000476,172.31.47.0-255,66,48630,96,276812
21102,0.000803,74.125.24.0-255,1484,50114,96,276812
21103,0.000809,172.31.47.0-255,66,50180,96,276812
21104,0.000818,74.125.24.0-255,2902,53082,96,276812
21105,0.000827,172.31.47.0-255,66,53148,96,276812
21106,0.000834,74.125.24.0-255,4320,57468,96,276812
21107,0.000837,172.31.47.0-255,66,57534,96,276812
21108,0.000867,74.125.24.0-255,1484,59018,96,276812
21109,0.000871,172.31.47.0-255,66,59084,96,276812
21110,0.000876,74.125.24.0-255,2902,61986,96,276812
21111,0.000878,172.31.47.0-255,66,62052,96,276812
21112,0.0009,74.125.24.0-255,7156,69208,96,276812
21113,0.000904,172.31.47.0-255,66,69274,96,276812
21114,0.00093,74.125.24.0-255,3961,73235,96,276812
21115,0.000933,172.31.47.0-255,66,73301,96,276812
21116,0.000937,74.125.24.0-255,1484,74785,96,276812
21117,0.000939,172.31.47.0-255,66,74851,96,276812
21118,0.000969,172.31.47.0-255,66,74917,96,276812
21119,0.001027,74.125.24.0-255,1484,76401,96,276812
21120,0.00103,172.31.47.0-255,66,76467,96,276812
21121,0.001053,74.125.24.0-255,1484,77951,96,276812
21122,0.001055,172.31.47.0-255,66,78017,96,276812
21123,0.001082,74.125.24.0-255,1484,79501,96,276812
21124,0.001084,172.31.47.0-255,66,79567,96,276812
21125,0.00109,74.125.24.0-255,5738,85305,96,276812
21126,0.001092,172.31.47.0-255,66,85371,96,276812
21127,0.001118,74.125.24.0-255,4320,89691,96,276812
21128,0.001122,172.31.47.0-255,66,89757,96,276812
21129,0.001148,74.125.24.0-255,3124,92881,96,276812
21130,0.001151,172.31.47.0-255,66,92947,96,276812
21131,0.001492,74.125.24.0-255,1484,94431,96,276812
21132,0.001498,74.125.24.0-255,2902,97333,96,276812
21133,0.001501,172.31.47.0-255,66,97399,96,276812
21134,0.001504,74.125.24.0-255,1484,98883,96,276812
21135,0.001527,74.125.24.0-255,4320,103203,96,276812
21136,0.00153,172.31.47.0-255,66,103269,96,276812
21137,0.00154,74.125.24.0-255,1484,104753,96,276812
21138,0.00157,172.31.47.0-255,66,104819,96,276812
21139,0.001574,74.125.24.0-255,4320,109139,96,276812
21140,0.001576,172.31.47.0-255,66,109205,96,276812
21141,0.001594,74.125.24.0-255,2902,112107,96,276812
21142,0.001596,172.31.47.0-255,66,112173,96,276812
21143,0.001611,74.125.24.0-255,3602,115775,96,276812
21144,0.001613,172.31.47.0-255,66,115841,96,276812
21145,0.003678,74.125.24.0-255,1484,117325,96,276812
21146,0.003699,74.125.24.0-255,2902,120227,96,276812
21147,0.003701,172.31.47.0-255,66,120293,96,276812
21148,0.003721,74.125.24.0-255,1484,121777,96,276812
21149,0.00577,74.125.24.0-255,4320,126097,96,276812
21150,0.005777,172.31.47.0-255,66,126163,96,276812
21151,0.00787,74.125.24.0-255,5738,131901,96,276812
21152,0.007878,172.31.47.0-255,66,131967,96,276812
21153,0.009973,74.125.24.0-255,2902,134869,96,276812
21154,0.00998,172.31.47.0-255,66,134935,96,276812
21155,0.01001,74.125.24.0-255,2902,137837,96,276812
21156,0.010012,172.31.47.0-255,66,137903,96,276812
21157,0.012044,74.125.24.0-255,2902,140805,96,276812
21158,0.01205,172.31.47.0-255,66,140871,96,276812
21159,0.012075,74.125.24.0-255,2902,143773,96,276812
21160,0.012078,172.31.47.0-255,66,143839,96,276812
21161,0.014125,74.125.24.0-255,2902,146741,96,276812
21162,0.014131,172.31.47.0-255,66,146807,96,276812
21163,0.014158,74.125.24.0-255,1484,148291,96,276812
21164,0.014175,74.125.24.0-255,1484,149775,96,276812
21165,0.014179,172.31.47.0-255,66,149841,96,276812
21166,0.016203,74.125.24.0-255,2902,152743,96,276812
21167,0.016211,172.31.47.0-255,66,152809,96,276812
21168,0.016241,74.125.24.0-255,2902,155711,96,276812
21169,0.016246,172.31.47.0-255,66,155777,96,276812
21170,0.018311,74.125.24.0-255,5738,161515,96,276812
21171,0.018318,172.31.47.0-255,66,161581,96,276812
21172,0.020414,74.125.24.0-255,5738,167319,96,276812
21173,0.020423,172.31.47.0-255,66,167385,96,276812
21174,0.022491,74.125.24.0-255,5738,173123,96,276812
21175,0.022498,172.31.47.0-255,66,173189,96,276812
21176,0.024583,74.125.24.0-255,5738,178927,96,276812
21177,0.024589,172.31.47.0-255,66,178993,96,276812
21178,0.026665,74.125.24.0-255,5738,184731,96,276812
21179,0.026672,172.31.47.0-255,66,184797,96,276812
21180,0.028762,74.125.24.0-255,5738,190535,96,276812
21181,0.028768,172.31.47.0-255,66,190601,96,276812
21182,0.029415,172.31.47.0-255,172,190773,96,276812
21183,0.029454,172.31.47.0-255,1101,191874,96,276812
21184,0.029481,172.31.47.0-255,1514,193388,96,276812
21185,0.029515,172.31.47.0-255,1310,194698,96,276812
21186,0.030911,74.125.24.0-255,5738,200436,96,276812
21187,0.030916,172.31.47.0-255,66,200502,96,276812
21188,0.030956,104.244.42.0-255,66,200568,96,276812
21189,0.03098,104.244.42.0-255,66,200634,96,276812
21190,0.031093,104.244.42.0-255,66,200700,96,276812
21191,0.032978,74.125.24.0-255,5738,206438,96,276812
21192,0.032983,172.31.47.0-255,66,206504,96,276812
21193,0.03509,74.125.24.0-255,5738,212242,96,276812
21194,0.035096,172.31.47.0-255,66,212308,96,276812
21195,0.037156,74.125.24.0-255,2902,215210,96,276812
21196,0.037161,172.31.47.0-255,66,215276,96,276812
21197,0.037189,74.125.24.0-255,2902,218178,96,276812
21198,0.037192,172.31.47.0-255,66,218244,96,276812
21199,0.039227,74.125.24.0-255,2902,221146,96,276812
21200,0.039232,172.31.47.0-255,66,221212,96,276812
21201,0.039267,74.125.24.0-255,2902,224114,96,276812
21202,0.03927,172.31.47.0-255,66,224180,96,276812
21203,0.041313,74.125.24.0-255,2902,227082,96,276812
21204,0.041318,172.31.47.0-255,66,227148,96,276812
21205,0.041351,74.125.24.0-255,2902,230050,96,276812
21206,0.041354,172.31.47.0-255,66,230116,96,276812
21207,0.043411,74.125.24.0-255,2902,233018,96,276812
21208,0.043417,172.31.47.0-255,66,233084,96,276812
21209,0.043444,74.125.24.0-255,2902,235986,96,276812
21210,0.043446,172.31.47.0-255,66,236052,96,276812
21211,0.045507,74.125.24.0-255,2902,238954,96,276812
21212,0.045524,172.31.47.0-255,66,239020,96,276812
21213,0.045562,74.125.24.0-255,2902,241922,96,276812
21214,0.045566,172.31.47.0-255,66,241988,96,276812
21215,0.047637,74.125.24.0-255,5738,247726,96,276812
21216,0.047654,172.31.47.0-255,66,247792,96,276812
21217,0.049756,74.125.24.0-255,5738,253530,96,276812
21218,0.049772,172.31.47.0-255,66,253596,96,276812
21219,0.051884,74.125.24.0-255,5738,259334,96,276812
21220,0.051902,172.31.47.0-255,66,259400,96,276812
21221,0.054037,74.125.24.0-255,5738,265138,96,276812
21222,0.054067,172.31.47.0-255,66,265204,96,276812
21223,0.056177,74.125.24.0-255,5738,270942,96,276812
21224,0.056194,172.31.47.0-255,66,271008,96,276812
21225,0.058313,74.125.24.0-255,5738,276746,96,276812
21226,0.058333,172.31.47.0-255,66,276812,96,276812
21227,0.0,74.125.200.0-255,153,153,96,202100
21228,2.8e-05,172.31.47.0-255,66,219,96,202100
21229,3.5e-05,74.125.200.0-255,1484,1703,96,202100
21230,3.9e-05,172.31.47.0-255,66,1769,96,202100
21231,6.8e-05,74.125.200.0-255,2902,4671,96,202100
21232,7.1e-05,172.31.47.0-255,66,4737,96,202100
21233,7.7e-05,74.125.200.0-255,4320,9057,96,202100
21234,7.9e-05,172.31.47.0-255,66,9123,96,202100
21235,0.000147,74.125.200.0-255,4893,14016,96,202100
21236,0.000151,172.31.47.0-255,66,14082,96,202100
21237,0.000554,74.125.200.0-255,1484,15566,96,202100
21238,0.000561,172.31.47.0-255,66,15632,96,202100
21239,0.000569,74.125.200.0-255,2902,18534,96,202100
21240,0.000572,172.31.47.0-255,66,18600,96,202100
21241,0.000598,74.125.200.0-255,5738,24338,96,202100
21242,0.000601,172.31.47.0-255,66,24404,96,202100
21243,0.000671,74.125.200.0-255,4320,28724,96,202100
21244,0.000674,172.31.47.0-255,66,28790,96,202100
21245,0.000692,74.125.200.0-255,2543,31333,96,202100
21246,0.000695,172.31.47.0-255,66,31399,96,202100
21247,0.002752,74.125.200.0-255,2902,34301,96,202100
21248,0.002758,172.31.47.0-255,66,34367,96,202100
21249,0.00279,74.125.200.0-255,2902,37269,96,202100
21250,0.002792,172.31.47.0-255,66,37335,96,202100
21251,0.004853,74.125.200.0-255,2902,40237,96,202100
21252,0.004859,172.31.47.0-255,66,40303,96,202100
21253,0.00488,74.125.200.0-255,2902,43205,96,202100
21254,0.004884,172.31.47.0-255,66,43271,96,202100
21255,0.00694,74.125.200.0-255,2902,46173,96,202100
21256,0.006945,172.31.47.0-255,66,46239,96,202100
21257,0.006973,74.125.200.0-255,2902,49141,96,202100
21258,0.006976,172.31.47.0-255,66,49207,96,202100
21259,0.009047,74.125.200.0-255,2902,52109,96,202100
21260,0.009053,172.31.47.0-255,66,52175,96,202100
21261,0.009083,74.125.200.0-255,2902,55077,96,202100
21262,0.009089,172.31.47.0-255,66,55143,96,202100
21263,0.011137,74.125.200.0-255,2902,58045,96,202100
21264,0.01115,172.31.47.0-255,66,58111,96,202100
21265,0.01119,74.125.200.0-255,2902,61013,96,202100
21266,0.011217,172.31.47.0-255,66,61079,96,202100
21267,0.013255,74.125.200.0-255,2902,63981,96,202100
21268,0.013263,172.31.47.0-255,66,64047,96,202100
21269,0.013291,74.125.200.0-255,2902,66949,96,202100
21270,0.013312,172.31.47.0-255,66,67015,96,202100
21271,0.015351,74.125.200.0-255,2902,69917,96,202100
21272,0.015359,172.31.47.0-255,66,69983,96,202100
21273,0.015405,74.125.200.0-255,2902,72885,96,202100
21274,0.015502,172.31.47.0-255,66,72951,96,202100
21275,0.017447,74.125.200.0-255,2902,75853,96,202100
21276,0.017454,172.31.47.0-255,66,75919,96,202100
21277,0.017577,74.125.200.0-255,2902,78821,96,202100
21278,0.017594,172.31.47.0-255,66,78887,96,202100
21279,0.019545,74.125.200.0-255,1484,80371,96,202100
21280,0.019558,74.125.200.0-255,1484,81855,96,202100
21281,0.019563,172.31.47.0-255,66,81921,96,202100
21282,0.01963,172.31.47.0-255,172,82093,96,202100
21283,0.01965,172.31.47.0-255,1105,83198,96,202100
21284,0.019687,74.125.200.0-255,2902,86100,96,202100
21285,0.019702,172.31.47.0-255,1514,87614,96,202100
21286,0.019704,172.31.47.0-255,1306,88920,96,202100
21287,0.019728,172.31.47.0-255,66,88986,96,202100
21288,0.021188,104.244.42.0-255,66,89052,96,202100
21289,0.021387,104.244.42.0-255,66,89118,96,202100
21290,0.021392,104.244.42.0-255,66,89184,96,202100
21291,0.021644,74.125.200.0-255,2902,92086,96,202100
21292,0.021651,172.31.47.0-255,66,92152,96,202100
21293,0.021807,74.125.200.0-255,2902,95054,96,202100
21294,0.021813,172.31.47.0-255,66,95120,96,202100
21295,0.023732,74.125.200.0-255,2902,98022,96,202100
21296,0.023737,172.31.47.0-255,66,98088,96,202100
21297,0.023893,74.125.200.0-255,2902,100990,96,202100
21298,0.023898,172.31.47.0-255,66,101056,96,202100
21299,0.025815,74.125.200.0-255,2902,103958,96,202100
21300,0.02582,172.31.47.0-255,66,104024,96,202100
21301,0.02597,74.125.200.0-255,2902,106926,96,202100
21302,0.025976,172.31.47.0-255,66,106992,96,202100
21303,0.027888,74.125.200.0-255,2902,109894,96,202100
21304,0.027893,172.31.47.0-255,66,109960,96,202100
21305,0.028055,74.125.200.0-255,2902,112862,96,202100
21306,0.02806,172.31.47.0-255,66,112928,96,202100
21307,0.029976,74.125.200.0-255,1484,114412,96,202100
21308,0.030001,74.125.200.0-255,1484,115896,96,202100
21309,0.030006,172.31.47.0-255,66,115962,96,202100
21310,0.030151,74.125.200.0-255,2902,118864,96,202100
21311,0.030156,172.31.47.0-255,66,118930,96,202100
21312,0.032081,74.125.200.0-255,2902,121832,96,202100
21313,0.032086,172.31.47.0-255,66,121898,96,202100
21314,0.032235,74.125.200.0-255,1484,123382,96,202100
21315,0.032247,74.125.200.0-255,1484,124866,96,202100
21316,0.032251,172.31.47.0-255,66,124932,96,202100
21317,0.03417,74.125.200.0-255,2902,127834,96,202100
21318,0.034175,172.31.47.0-255,66,127900,96,202100
21319,0.034324,74.125.200.0-255,2902,130802,96,202100
21320,0.03433,172.31.47.0-255,66,130868,96,202100
21321,0.036252,74.125.200.0-255,2902,133770,96,202100
21322,0.036257,172.31.47.0-255,66,133836,96,202100
21323,0.036408,74.125.200.0-255,2902,136738,96,202100
21324,0.036414,172.31.47.0-255,66,136804,96,202100
21325,0.038342,74.125.200.0-255,2902,139706,96,202100
21326,0.038346,172.31.47.0-255,66,139772,96,202100
21327,0.038494,74.125.200.0-255,2902,142674,96,202100
21328,0.038499,172.31.47.0-255,66,142740,96,202100
21329,0.040439,74.125.200.0-255,2902,145642,96,202100
21330,0.040444,172.31.47.0-255,66,145708,96,202100
21331,0.040582,74.125.200.0-255,2902,148610,96,202100
21332,0.040587,172.31.47.0-255,66,148676,96,202100
21333,0.042531,74.125.200.0-255,2902,151578,96,202100
21334,0.042535,172.31.47.0-255,66,151644,96,202100
21335,0.042658,74.125.200.0-255,2902,154546,96,202100
21336,0.042663,172.31.47.0-255,66,154612,96,202100
21337,0.044622,74.125.200.0-255,2902,157514,96,202100
21338,0.044627,172.31.47.0-255,66,157580,96,202100
21339,0.044749,74.125.200.0-255,2902,160482,96,202100
21340,0.044754,172.31.47.0-255,66,160548,96,202100
21341,0.046711,74.125.200.0-255,2902,163450,96,202100
21342,0.046716,172.31.47.0-255,66,163516,96,202100
21343,0.046839,74.125.200.0-255,2902,166418,96,202100
21344,0.046844,172.31.47.0-255,66,166484,96,202100
21345,0.048814,74.125.200.0-255,2902,169386,96,202100
21346,0.04882,172.31.47.0-255,66,169452,96,202100
21347,0.048932,74.125.200.0-255,2902,172354,96,202100
21348,0.048937,172.31.47.0-255,66,172420,96,202100
21349,0.050902,74.125.200.0-255,2902,175322,96,202100
21350,0.050907,172.31.47.0-255,66,175388,96,202100
21351,0.051001,74.125.200.0-255,2902,178290,96,202100
21352,0.051005,172.31.47.0-255,66,178356,96,202100
21353,0.052982,74.125.200.0-255,2902,181258,96,202100
21354,0.052987,172.31.47.0-255,66,181324,96,202100
21355,0.053078,74.125.200.0-255,2902,184226,96,202100
21356,0.053089,172.31.47.0-255,66,184292,96,202100
21357,0.055058,74.125.200.0-255,2902,187194,96,202100
21358,0.055064,172.31.47.0-255,66,187260,96,202100
21359,0.055186,74.125.200.0-255,2902,190162,96,202100
21360,0.055191,172.31.47.0-255,66,190228,96,202100
21361,0.05713,74.125.200.0-255,2902,193130,96,202100
21362,0.057134,172.31.47.0-255,66,193196,96,202100
21363,0.057266,74.125.200.0-255,2902,196098,96,202100
21364,0.057271,172.31.47.0-255,66,196164,96,202100
21365,0.059209,74.125.200.0-255,2902,199066,96,202100
21366,0.059214,172.31.47.0-255,66,199132,96,202100
21367,0.059352,74.125.200.0-255,2902,202034,96,202100
21368,0.059357,172.31.47.0-255,66,202100,96,202100
21369,0.0,117.18.237.0-255,128,128,96,743
21370,3.3e-05,172.31.47.0-255,66,194,96,743
21371,3.9e-05,117.18.237.0-255,90,284,96,743
21372,4.1e-05,172.31.47.0-255,66,350,96,743
21373,4.3e-05,117.18.237.0-255,66,416,96,743
21374,0.000171,172.31.47.0-255,105,521,96,743
21375,0.000314,172.31.47.0-255,90,611,96,743
21376,0.000325,172.31.47.0-255,66,677,96,743
21377,0.001874,117.18.237.0-255,66,743,96,743
21378,0.0,74.125.200.0-255,153,153,96,348159
21379,2.8e-05,172.31.47.0-255,66,219,96,348159
21380,3.4e-05,74.125.200.0-255,1484,1703,96,348159
21381,3.8e-05,172.31.47.0-255,66,1769,96,348159
21382,4.2e-05,74.125.200.0-255,2902,4671,96,348159
21383,5.1e-05,172.31.47.0-255,66,4737,96,348159
21384,5.5e-05,74.125.200.0-255,4320,9057,96,348159
21385,5.7e-05,172.31.47.0-255,66,9123,96,348159
21386,8.4e-05,74.125.200.0-255,1484,10607,96,348159
21387,8.6e-05,172.31.47.0-255,66,10673,96,348159
21388,0.000109,74.125.200.0-255,3481,14154,96,348159
21389,0.000111,172.31.47.0-255,66,14220,96,348159
21390,0.000373,74.125.200.0-255,1484,15704,96,348159
21391,0.000377,172.31.47.0-255,66,15770,96,348159
21392,0.000383,74.125.200.0-255,1484,17254,96,348159
21393,0.000385,172.31.47.0-255,66,17320,96,348159
21394,0.000406,74.125.200.0-255,1484,18804,96,348159
21395,0.000408,172.31.47.0-255,66,18870,96,348159
21396,0.000413,74.125.200.0-255,4320,23190,96,348159
21397,0.000415,172.31.47.0-255,66,23256,96,348159
21398,0.00044,74.125.200.0-255,5738,28994,96,348159
21399,0.000443,172.31.47.0-255,66,29060,96,348159
21400,0.000465,74.125.200.0-255,2543,31603,96,348159
21401,0.000468,172.31.47.0-255,66,31669,96,348159
21402,0.000934,74.125.200.0-255,1484,33153,96,348159
21403,0.00094,172.31.47.0-255,66,33219,96,348159
21404,0.000949,74.125.200.0-255,2902,36121,96,348159
21405,0.000952,172.31.47.0-255,66,36187,96,348159
21406,0.00096,74.125.200.0-255,1484,37671,96,348159
21407,0.000962,172.31.47.0-255,66,37737,96,348159
21408,0.000988,74.125.200.0-255,2902,40639,96,348159
21409,0.000995,172.31.47.0-255,66,40705,96,348159
21410,0.001002,74.125.200.0-255,5738,46443,96,348159
21411,0.001004,172.31.47.0-255,66,46509,96,348159
21412,0.00103,74.125.200.0-255,5379,51888,96,348159
21413,0.001035,74.125.200.0-255,5738,57626,96,348159
21414,0.001039,172.31.47.0-255,66,57692,96,348159
21415,0.00105,172.31.47.0-255,66,57758,96,348159
21416,0.001084,74.125.200.0-255,2902,60660,96,348159
21417,0.001087,172.31.47.0-255,66,60726,96,348159
21418,0.001092,74.125.200.0-255,4320,65046,96,348159
21419,0.001094,172.31.47.0-255,66,65112,96,348159
21420,0.001126,74.125.200.0-255,1437,66549,96,348159
21421,0.001142,74.125.200.0-255,109,66658,96,348159
21422,0.001252,74.125.200.0-255,1484,68142,96,348159
21423,0.001255,172.31.47.0-255,66,68208,96,348159
21424,0.001259,74.125.200.0-255,2902,71110,96,348159
21425,0.00126,172.31.47.0-255,66,71176,96,348159
21426,0.001282,74.125.200.0-255,4320,75496,96,348159
21427,0.001284,172.31.47.0-255,66,75562,96,348159
21428,0.001317,172.31.47.0-255,66,75628,96,348159
21429,0.001344,74.125.200.0-255,2902,78530,96,348159
21430,0.001345,172.31.47.0-255,66,78596,96,348159
21431,0.001362,74.125.200.0-255,2902,81498,96,348159
21432,0.001367,74.125.200.0-255,7156,88654,96,348159
21433,0.001371,74.125.200.0-255,3602,92256,96,348159
21434,0.001378,172.31.47.0-255,66,92322,96,348159
21435,0.001381,172.31.47.0-255,66,92388,96,348159
21436,0.001382,172.31.47.0-255,66,92454,96,348159
21437,0.001454,74.125.200.0-255,1484,93938,96,348159
21438,0.001471,74.125.200.0-255,1484,95422,96,348159
21439,0.001473,172.31.47.0-255,66,95488,96,348159
21440,0.001476,74.125.200.0-255,1484,96972,96,348159
21441,0.001496,74.125.200.0-255,1484,98456,96,348159
21442,0.001498,172.31.47.0-255,66,98522,96,348159
21443,0.001502,74.125.200.0-255,4320,102842,96,348159
21444,0.001504,172.31.47.0-255,66,102908,96,348159
21445,0.00152,74.125.200.0-255,1484,104392,96,348159
21446,0.001532,74.125.200.0-255,5738,110130,96,348159
21447,0.001538,172.31.47.0-255,66,110196,96,348159
21448,0.00156,74.125.200.0-255,1484,111680,96,348159
21449,0.001569,172.31.47.0-255,66,111746,96,348159
21450,0.001587,74.125.200.0-255,6438,118184,96,348159
21451,0.001589,172.31.47.0-255,66,118250,96,348159
21452,0.001615,74.125.200.0-255,7156,125406,96,348159
21453,0.001617,172.31.47.0-255,66,125472,96,348159
21454,0.001622,74.125.200.0-255,4320,129792,96,348159
21455,0.001624,172.31.47.0-255,66,129858,96,348159
21456,0.001648,74.125.200.0-255,5738,135596,96,348159
21457,0.00165,172.31.47.0-255,66,135662,96,348159
21458,0.001667,74.125.200.0-255,4320,139982,96,348159
21459,0.00167,172.31.47.0-255,66,140048,96,348159
21460,0.001704,74.125.200.0-255,7156,147204,96,348159
21461,0.001707,172.31.47.0-255,66,147270,96,348159
21462,0.001711,74.125.200.0-255,4320,151590,96,348159
21463,0.001713,172.31.47.0-255,66,151656,96,348159
21464,0.001715,74.125.200.0-255,766,152422,96,348159
21465,0.001765,74.125.200.0-255,1484,153906,96,348159
21466,0.001768,172.31.47.0-255,66,153972,96,348159
21467,0.001772,74.125.200.0-255,1484,155456,96,348159
21468,0.001793,74.125.200.0-255,2902,158358,96,348159
21469,0.001795,172.31.47.0-255,66,158424,96,348159
21470,0.001825,74.125.200.0-255,5738,164162,96,348159
21471,0.001827,172.31.47.0-255,66,164228,96,348159
21472,0.001831,74.125.200.0-255,4320,168548,96,348159
21473,0.001833,172.31.47.0-255,66,168614,96,348159
21474,0.001864,74.125.200.0-255,5738,174352,96,348159
21475,0.001867,172.31.47.0-255,66,174418,96,348159
21476,0.00187,74.125.200.0-255,2902,177320,96,348159
21477,0.001872,172.31.47.0-255,66,177386,96,348159
21478,0.001907,172.31.47.0-255,66,177452,96,348159
21479,0.00191,74.125.200.0-255,766,178218,96,348159
21480,0.002129,74.125.200.0-255,1484,179702,96,348159
21481,0.002132,172.31.47.0-255,66,179768,96,348159
21482,0.002147,74.125.200.0-255,1484,181252,96,348159
21483,0.002157,74.125.200.0-255,1484,182736,96,348159
21484,0.00216,172.31.47.0-255,66,182802,96,348159
21485,0.002169,74.125.200.0-255,4320,187122,96,348159
21486,0.002175,172.31.47.0-255,66,187188,96,348159
21487,0.002182,74.125.200.0-255,1484,188672,96,348159
21488,0.002187,74.125.200.0-255,4320,192992,96,348159
21489,0.002191,172.31.47.0-255,66,193058,96,348159
21490,0.002221,74.125.200.0-255,5738,198796,96,348159
21491,0.002223,172.31.47.0-255,66,198862,96,348159
21492,0.002253,172.31.47.0-255,66,198928,96,348159
21493,0.002275,74.125.200.0-255,1484,200412,96,348159
21494,0.002304,172.31.47.0-255,66,200478,96,348159
21495,0.002308,74.125.200.0-255,4320,204798,96,348159
21496,0.00231,172.31.47.0-255,66,204864,96,348159
21497,0.002322,74.125.200.0-255,1484,206348,96,348159
21498,0.004579,74.125.200.0-255,4320,210668,96,348159
21499,0.004586,172.31.47.0-255,66,210734,96,348159
21500,0.006908,74.125.200.0-255,4320,215054,96,348159
21501,0.006914,172.31.47.0-255,66,215120,96,348159
21502,0.006941,74.125.200.0-255,1484,216604,96,348159
21503,0.009199,74.125.200.0-255,4320,220924,96,348159
21504,0.009205,172.31.47.0-255,66,220990,96,348159
21505,0.011524,74.125.200.0-255,5738,226728,96,348159
21506,0.01153,172.31.47.0-255,66,226794,96,348159
21507,0.013803,74.125.200.0-255,5738,232532,96,348159
21508,0.013811,172.31.47.0-255,66,232598,96,348159
21509,0.016092,74.125.200.0-255,5738,238336,96,348159
21510,0.016099,172.31.47.0-255,66,238402,96,348159
21511,0.018382,74.125.200.0-255,5738,244140,96,348159
21512,0.018389,172.31.47.0-255,66,244206,96,348159
21513,0.020513,172.31.47.0-255,172,244378,96,348159
21514,0.020553,172.31.47.0-255,1105,245483,96,348159
21515,0.020613,172.31.47.0-255,1514,246997,96,348159
21516,0.020635,172.31.47.0-255,1306,248303,96,348159
21517,0.020664,74.125.200.0-255,5738,254041,96,348159
21518,0.02067,172.31.47.0-255,66,254107,96,348159
21519,0.022044,104.244.42.0-255,66,254173,96,348159
21520,0.022089,104.244.42.0-255,66,254239,96,348159
21521,0.022174,104.244.42.0-255,66,254305,96,348159
21522,0.022939,74.125.200.0-255,1484,255789,96,348159
21523,0.022966,74.125.200.0-255,4320,260109,96,348159
21524,0.02297,172.31.47.0-255,66,260175,96,348159
21525,0.025248,74.125.200.0-255,5738,265913,96,348159
21526,0.025253,172.31.47.0-255,66,265979,96,348159
21527,0.027528,74.125.200.0-255,4320,270299,96,348159
21528,0.027533,172.31.47.0-255,66,270365,96,348159
21529,0.027556,74.125.200.0-255,1484,271849,96,348159
21530,0.029806,74.125.200.0-255,2902,274751,96,348159
21531,0.02981,172.31.47.0-255,66,274817,96,348159
21532,0.032078,74.125.200.0-255,5738,280555,96,348159
21533,0.032082,172.31.47.0-255,66,280621,96,348159
21534,0.034357,74.125.200.0-255,5738,286359,96,348159
21535,0.034362,172.31.47.0-255,66,286425,96,348159
21536,0.036631,74.125.200.0-255,4320,290745,96,348159
21537,0.036636,172.31.47.0-255,66,290811,96,348159
21538,0.036661,74.125.200.0-255,1484,292295,96,348159
21539,0.038901,74.125.200.0-255,4320,296615,96,348159
21540,0.038906,172.31.47.0-255,66,296681,96,348159
21541,0.041185,74.125.200.0-255,5738,302419,96,348159
21542,0.041189,172.31.47.0-255,66,302485,96,348159
21543,0.043468,74.125.200.0-255,5738,308223,96,348159
21544,0.043473,172.31.47.0-255,66,308289,96,348159
21545,0.045814,74.125.200.0-255,5738,314027,96,348159
21546,0.045821,172.31.47.0-255,66,314093,96,348159
21547,0.048094,74.125.200.0-255,4320,318413,96,348159
21548,0.048099,172.31.47.0-255,66,318479,96,348159
21549,0.048129,74.125.200.0-255,1484,319963,96,348159
21550,0.050378,74.125.200.0-255,4320,324283,96,348159
21551,0.050384,172.31.47.0-255,66,324349,96,348159
21552,0.052658,74.125.200.0-255,2902,327251,96,348159
21553,0.052662,172.31.47.0-255,66,327317,96,348159
21554,0.052693,74.125.200.0-255,2902,330219,96,348159
21555,0.052696,172.31.47.0-255,66,330285,96,348159
21556,0.054938,74.125.200.0-255,2902,333187,96,348159
21557,0.054943,172.31.47.0-255,66,333253,96,348159
21558,0.054978,74.125.200.0-255,2902,336155,96,348159
21559,0.054981,172.31.47.0-255,66,336221,96,348159
21560,0.05721,74.125.200.0-255,2902,339123,96,348159
21561,0.057214,172.31.47.0-255,66,339189,96,348159
21562,0.057251,74.125.200.0-255,1484,340673,96,348159
21563,0.057264,74.125.200.0-255,1484,342157,96,348159
21564,0.057267,172.31.47.0-255,66,342223,96,348159
21565,0.059482,74.125.200.0-255,2902,345125,96,348159
21566,0.059486,172.31.47.0-255,66,345191,96,348159
21567,0.059537,74.125.200.0-255,2902,348093,96,348159
21568,0.05954,172.31.47.0-255,66,348159,96,348159
21569,0.0,74.125.24.0-255,374,374,96,171909
21570,2.7e-05,172.31.47.0-255,66,440,96,171909
21571,3.3e-05,74.125.24.0-255,1484,1924,96,171909
21572,3.7e-05,172.31.47.0-255,66,1990,96,171909
21573,0.0001,74.125.24.0-255,4320,6310,96,171909
21574,0.000104,172.31.47.0-255,66,6376,96,171909
21575,0.000415,74.125.24.0-255,4320,10696,96,171909
21576,0.00042,172.31.47.0-255,66,10762,96,171909
21577,0.00073,74.125.24.0-255,4320,15082,96,171909
21578,0.000736,172.31.47.0-255,66,15148,96,171909
21579,0.000767,74.125.24.0-255,6042,21190,96,171909
21580,0.00077,172.31.47.0-255,66,21256,96,171909
21581,0.001503,172.31.47.0-255,66,21322,96,171909
21582,0.002348,74.125.24.0-255,1703,23025,96,171909
21583,0.002354,172.31.47.0-255,66,23091,96,171909
21584,0.003838,74.125.24.0-255,2902,25993,96,171909
21585,0.003844,172.31.47.0-255,66,26059,96,171909
21586,0.004686,74.125.24.0-255,2902,28961,96,171909
21587,0.004692,172.31.47.0-255,66,29027,96,171909
21588,0.006191,74.125.24.0-255,2902,31929,96,171909
21589,0.006197,172.31.47.0-255,66,31995,96,171909
21590,0.007011,74.125.24.0-255,2902,34897,96,171909
21591,0.007019,172.31.47.0-255,66,34963,96,171909
21592,0.008503,74.125.24.0-255,1265,36228,96,171909
21593,0.008508,172.31.47.0-255,66,36294,96,171909
21594,0.008538,74.125.24.0-255,1484,37778,96,171909
21595,0.008541,172.31.47.0-255,66,37844,96,171909
21596,0.009381,74.125.24.0-255,2902,40746,96,171909
21597,0.009387,172.31.47.0-255,66,40812,96,171909
21598,0.010855,74.125.24.0-255,1484,42296,96,171909
21599,0.010861,172.31.47.0-255,66,42362,96,171909
21600,0.010897,74.125.24.0-255,1484,43846,96,171909
21601,0.0109,172.31.47.0-255,66,43912,96,171909
21602,0.011716,74.125.24.0-255,2902,46814,96,171909
21603,0.011723,172.31.47.0-255,66,46880,96,171909
21604,0.013184,74.125.24.0-255,1484,48364,96,171909
21605,0.01319,172.31.47.0-255,66,48430,96,171909
21606,0.014081,74.125.24.0-255,2902,51332,96,171909
21607,0.014087,172.31.47.0-255,66,51398,96,171909
21608,0.014165,74.125.24.0-255,1484,52882,96,171909
21609,0.01417,172.31.47.0-255,66,52948,96,171909
21610,0.0155,74.125.24.0-255,1484,54432,96,171909
21611,0.015506,172.31.47.0-255,66,54498,96,171909
21612,0.016407,74.125.24.0-255,2902,57400,96,171909
21613,0.016413,172.31.47.0-255,66,57466,96,171909
21614,0.016496,74.125.24.0-255,1484,58950,96,171909
21615,0.016499,172.31.47.0-255,66,59016,96,171909
21616,0.017823,74.125.24.0-255,1484,60500,96,171909
21617,0.017828,172.31.47.0-255,66,60566,96,171909
21618,0.018452,172.31.47.0-255,172,60738,96,171909
21619,0.018483,172.31.47.0-255,1109,61847,96,171909
21620,0.018513,172.31.47.0-255,1514,63361,96,171909
21621,0.018515,172.31.47.0-255,1304,64665,96,171909
21622,0.018749,74.125.24.0-255,2902,67567,96,171909
21623,0.018754,172.31.47.0-255,66,67633,96,171909
21624,0.018821,74.125.24.0-255,1484,69117,96,171909
21625,0.018824,172.31.47.0-255,66,69183,96,171909
21626,0.020001,104.244.42.0-255,66,69249,96,171909
21627,0.020045,104.244.42.0-255,66,69315,96,171909
21628,0.020047,104.244.42.0-255,66,69381,96,171909
21629,0.020159,74.125.24.0-255,1484,70865,96,171909
21630,0.020162,172.31.47.0-255,66,70931,96,171909
21631,0.021067,74.125.24.0-255,2902,73833,96,171909
21632,0.021072,172.31.47.0-255,66,73899,96,171909
21633,0.02115,74.125.24.0-255,1484,75383,96,171909
21634,0.022463,74.125.24.0-255,1484,76867,96,171909
21635,0.022468,172.31.47.0-255,66,76933,96,171909
21636,0.023408,74.125.24.0-255,2902,79835,96,171909
21637,0.023413,172.31.47.0-255,66,79901,96,171909
21638,0.024786,74.125.24.0-255,2902,82803,96,171909
21639,0.02479,172.31.47.0-255,66,82869,96,171909
21640,0.025731,74.125.24.0-255,2902,85771,96,171909
21641,0.025735,172.31.47.0-255,66,85837,96,171909
21642,0.02709,74.125.24.0-255,2902,88739,96,171909
21643,0.027095,172.31.47.0-255,66,88805,96,171909
21644,0.028075,74.125.24.0-255,2902,91707,96,171909
21645,0.02808,172.31.47.0-255,66,91773,96,171909
21646,0.029448,74.125.24.0-255,2902,94675,96,171909
21647,0.029453,172.31.47.0-255,66,94741,96,171909
21648,0.030412,74.125.24.0-255,2902,97643,96,171909
21649,0.030416,172.31.47.0-255,66,97709,96,171909
21650,0.031748,74.125.24.0-255,2902,100611,96,171909
21651,0.031752,172.31.47.0-255,66,100677,96,171909
21652,0.032736,74.125.24.0-255,2902,103579,96,171909
21653,0.03274,172.31.47.0-255,66,103645,96,171909
21654,0.034058,74.125.24.0-255,2902,106547,96,171909
21655,0.034063,172.31.47.0-255,66,106613,96,171909
21656,0.035031,74.125.24.0-255,2902,109515,96,171909
21657,0.035035,172.31.47.0-255,66,109581,96,171909
21658,0.036364,74.125.24.0-255,2902,112483,96,171909
21659,0.036368,172.31.47.0-255,66,112549,96,171909
21660,0.037334,74.125.24.0-255,2902,115451,96,171909
21661,0.037339,172.31.47.0-255,66,115517,96,171909
21662,0.038689,74.125.24.0-255,2902,118419,96,171909
21663,0.038694,172.31.47.0-255,66,118485,96,171909
21664,0.039656,74.125.24.0-255,2902,121387,96,171909
21665,0.03966,172.31.47.0-255,66,121453,96,171909
21666,0.041021,74.125.24.0-255,2902,124355,96,171909
21667,0.041025,172.31.47.0-255,66,124421,96,171909
21668,0.041979,74.125.24.0-255,2902,127323,96,171909
21669,0.041985,172.31.47.0-255,66,127389,96,171909
21670,0.043341,74.125.24.0-255,2902,130291,96,171909
21671,0.043346,172.31.47.0-255,66,130357,96,171909
21672,0.044307,74.125.24.0-255,2902,133259,96,171909
21673,0.044311,172.31.47.0-255,66,133325,96,171909
21674,0.04567,74.125.24.0-255,2902,136227,96,171909
21675,0.045675,172.31.47.0-255,66,136293,96,171909
21676,0.046647,74.125.24.0-255,2902,139195,96,171909
21677,0.046654,172.31.47.0-255,66,139261,96,171909
21678,0.047998,74.125.24.0-255,2902,142163,96,171909
21679,0.048004,172.31.47.0-255,66,142229,96,171909
21680,0.048974,74.125.24.0-255,2902,145131,96,171909
21681,0.048979,172.31.47.0-255,66,145197,96,171909
21682,0.050341,74.125.24.0-255,2902,148099,96,171909
21683,0.050347,172.31.47.0-255,66,148165,96,171909
21684,0.051285,74.125.24.0-255,2902,151067,96,171909
21685,0.05129,172.31.47.0-255,66,151133,96,171909
21686,0.052689,74.125.24.0-255,2902,154035,96,171909
21687,0.052695,172.31.47.0-255,66,154101,96,171909
21688,0.053618,74.125.24.0-255,2902,157003,96,171909
21689,0.053625,172.31.47.0-255,66,157069,96,171909
21690,0.054999,74.125.24.0-255,2902,159971,96,171909
21691,0.055004,172.31.47.0-255,66,160037,96,171909
21692,0.055962,74.125.24.0-255,2902,162939,96,171909
21693,0.055967,172.31.47.0-255,66,163005,96,171909
21694,0.057324,74.125.24.0-255,2902,165907,96,171909
21695,0.057329,172.31.47.0-255,66,165973,96,171909
21696,0.058301,74.125.24.0-255,2902,168875,96,171909
21697,0.05832,172.31.47.0-255,66,168941,96,171909
21698,0.059654,74.125.24.0-255,2902,171843,96,171909
21699,0.059659,172.31.47.0-255,66,171909,96,171909
21700,0.0,172.31.47.0-255,697,697,96,2812
21701,0.002337,172.217.194.0-255,66,763,96,2812
21702,0.003103,172.217.194.0-255,278,1041,96,2812
21703,0.003119,172.31.47.0-255,66,1107,96,2812
21704,0.003848,172.31.47.0-255,130,1237,96,2812
21705,0.005468,172.31.47.0-255,236,1473,96,2812
21706,0.005504,172.31.47.0-255,383,1856,96,2812
21707,0.006867,172.217.194.0-255,630,2486,96,2812
21708,0.007058,172.31.47.0-255,97,2583,96,2812
21709,0.007815,172.217.194.0-255,97,2680,96,2812
21710,0.009381,172.217.194.0-255,66,2746,96,2812
21711,0.046537,172.31.47.0-255,66,2812,96,2812
21712,0.0,172.217.194.0-255,153,153,96,253942
21713,3.3e-05,172.31.47.0-255,66,219,96,253942
21714,4e-05,172.217.194.0-255,1484,1703,96,253942
21715,4.4e-05,172.31.47.0-255,66,1769,96,253942
21716,4.9e-05,172.217.194.0-255,2902,4671,96,253942
21717,5.1e-05,172.31.47.0-255,66,4737,96,253942
21718,6.4e-05,172.217.194.0-255,7156,11893,96,253942
21719,6.6e-05,172.31.47.0-255,66,11959,96,253942
21720,8e-05,172.217.194.0-255,4775,16734,96,253942
21721,8.2e-05,172.31.47.0-255,66,16800,96,253942
21722,8.6e-05,172.217.194.0-255,2902,19702,96,253942
21723,8.9e-05,172.31.47.0-255,66,19768,96,253942
21724,0.000109,172.217.194.0-255,2902,22670,96,253942
21725,0.000112,172.31.47.0-255,66,22736,96,253942
21726,0.000148,172.31.47.0-255,66,22802,96,253942
21727,0.000485,172.217.194.0-255,1484,24286,96,253942
21728,0.000491,172.31.47.0-255,66,24352,96,253942
21729,0.000496,172.217.194.0-255,2902,27254,96,253942
21730,0.000497,172.31.47.0-255,66,27320,96,253942
21731,0.000503,172.217.194.0-255,5738,33058,96,253942
21732,0.000504,172.31.47.0-255,66,33124,96,253942
21733,0.000538,172.31.47.0-255,66,33190,96,253942
21734,0.000567,172.217.194.0-255,1125,34315,96,253942
21735,0.00057,172.31.47.0-255,66,34381,96,253942
21736,0.000581,172.31.47.0-255,66,34447,96,253942
21737,0.000589,172.217.194.0-255,4251,38698,96,253942
21738,0.000592,172.31.47.0-255,66,38764,96,253942
21739,0.00062,172.217.194.0-255,98,38862,96,253942
21740,0.000623,172.31.47.0-255,66,38928,96,253942
21741,0.000638,172.217.194.0-255,1484,40412,96,253942
21742,0.000651,172.217.194.0-255,2902,43314,96,253942
21743,0.000653,172.31.47.0-255,66,43380,96,253942
21744,0.000657,172.217.194.0-255,2902,46282,96,253942
21745,0.000669,172.31.47.0-255,66,46348,96,253942
21746,0.000681,172.217.194.0-255,4320,50668,96,253942
21747,0.000688,172.217.194.0-255,7156,57824,96,253942
21748,0.000689,172.31.47.0-255,66,57890,96,253942
21749,0.000693,172.31.47.0-255,66,57956,96,253942
21750,0.000735,172.31.47.0-255,66,58022,96,253942
21751,0.00074,172.217.194.0-255,6438,64460,96,253942
21752,0.000748,172.31.47.0-255,66,64526,96,253942
21753,0.000761,172.217.194.0-255,7156,71682,96,253942
21754,0.000775,172.31.47.0-255,66,71748,96,253942
21755,0.000778,172.217.194.0-255,365,72113,96,253942
21756,0.000782,172.217.194.0-255,2902,75015,96,253942
21757,0.00079,172.31.47.0-255,66,75081,96,253942
21758,0.000813,172.31.47.0-255,66,75147,96,253942
21759,0.000857,172.31.47.0-255,66,75213,96,253942
21760,0.000869,172.217.194.0-255,2902,78115,96,253942
21761,0.000873,172.217.194.0-255,2184,80299,96,253942
21762,0.000875,172.31.47.0-255,66,80365,96,253942
21763,0.001604,172.217.194.0-255,1484,81849,96,253942
21764,0.001611,172.217.194.0-255,1484,83333,96,253942
21765,0.001615,172.31.47.0-255,66,83399,96,253942
21766,0.001644,172.217.194.0-255,1484,84883,96,253942
21767,0.00165,172.217.194.0-255,5738,90621,96,253942
21768,0.001655,172.217.194.0-255,4320,94941,96,253942
21769,0.001671,172.217.194.0-255,2902,97843,96,253942
21770,0.001704,172.217.194.0-255,2184,100027,96,253942
21771,0.002134,172.217.194.0-255,1484,101511,96,253942
21772,0.002146,172.217.194.0-255,1484,102995,96,253942
21773,0.002155,172.217.194.0-255,1484,104479,96,253942
21774,0.002168,172.217.194.0-255,5738,110217,96,253942
21775,0.002193,172.217.194.0-255,4320,114537,96,253942
21776,0.00225,172.217.194.0-255,2902,117439,96,253942
21777,0.005452,172.31.47.0-255,66,117505,96,253942
21778,0.007709,172.217.194.0-255,5738,123243,96,253942
21779,0.007717,172.31.47.0-255,66,123309,96,253942
21780,0.009932,172.217.194.0-255,5738,129047,96,253942
21781,0.010756,172.31.47.0-255,66,129113,96,253942
21782,0.013016,172.217.194.0-255,5738,134851,96,253942
21783,0.013022,172.31.47.0-255,66,134917,96,253942
21784,0.015299,172.217.194.0-255,5738,140655,96,253942
21785,0.015305,172.31.47.0-255,66,140721,96,253942
21786,0.017576,172.217.194.0-255,5738,146459,96,253942
21787,0.01759,172.31.47.0-255,66,146525,96,253942
21788,0.019882,172.217.194.0-255,5738,152263,96,253942
21789,0.019888,172.31.47.0-255,66,152329,96,253942
21790,0.022181,172.217.194.0-255,5738,158067,96,253942
21791,0.022189,172.31.47.0-255,66,158133,96,253942
21792,0.024444,172.217.194.0-255,5738,163871,96,253942
21793,0.02445,172.31.47.0-255,66,163937,96,253942
21794,0.026716,172.217.194.0-255,5738,169675,96,253942
21795,0.026723,172.31.47.0-255,66,169741,96,253942
21796,0.028973,172.217.194.0-255,5738,175479,96,253942
21797,0.028981,172.31.47.0-255,66,175545,96,253942
21798,0.030155,172.31.47.0-255,172,175717,96,253942
21799,0.030184,172.31.47.0-255,1109,176826,96,253942
21800,0.030213,172.31.47.0-255,1514,178340,96,253942
21801,0.030215,172.31.47.0-255,1304,179644,96,253942
21802,0.031222,172.217.194.0-255,5738,185382,96,253942
21803,0.031229,172.31.47.0-255,66,185448,96,253942
21804,0.031693,104.244.42.0-255,66,185514,96,253942
21805,0.031748,104.244.42.0-255,66,185580,96,253942
21806,0.031795,104.244.42.0-255,66,185646,96,253942
21807,0.033462,172.217.194.0-255,5738,191384,96,253942
21808,0.033468,172.31.47.0-255,66,191450,96,253942
21809,0.035694,172.217.194.0-255,5738,197188,96,253942
21810,0.035699,172.31.47.0-255,66,197254,96,253942
21811,0.037967,172.217.194.0-255,5738,202992,96,253942
21812,0.037972,172.31.47.0-255,66,203058,96,253942
21813,0.04023,172.217.194.0-255,5738,208796,96,253942
21814,0.040237,172.31.47.0-255,66,208862,96,253942
21815,0.042469,172.217.194.0-255,5738,214600,96,253942
21816,0.042474,172.31.47.0-255,66,214666,96,253942
21817,0.044685,172.217.194.0-255,5738,220404,96,253942
21818,0.044691,172.31.47.0-255,66,220470,96,253942
21819,0.046971,172.217.194.0-255,4320,224790,96,253942
21820,0.046975,172.31.47.0-255,66,224856,96,253942
21821,0.046992,172.217.194.0-255,1484,226340,96,253942
21822,0.049286,172.217.194.0-255,4320,230660,96,253942
21823,0.049291,172.31.47.0-255,66,230726,96,253942
21824,0.051542,172.217.194.0-255,5738,236464,96,253942
21825,0.051584,172.31.47.0-255,66,236530,96,253942
21826,0.053833,172.217.194.0-255,5738,242268,96,253942
21827,0.053839,172.31.47.0-255,66,242334,96,253942
21828,0.056115,172.217.194.0-255,5738,248072,96,253942
21829,0.056121,172.31.47.0-255,66,248138,96,253942
21830,0.058397,172.217.194.0-255,5738,253876,96,253942
21831,0.058405,172.31.47.0-255,66,253942,96,253942
21832,0.0,74.125.24.0-255,153,153,96,294901
21833,2.3e-05,172.31.47.0-255,66,219,96,294901
21834,3e-05,74.125.24.0-255,1484,1703,96,294901
21835,3.3e-05,172.31.47.0-255,66,1769,96,294901
21836,3.7e-05,74.125.24.0-255,2902,4671,96,294901
21837,3.9e-05,172.31.47.0-255,66,4737,96,294901
21838,7.1e-05,74.125.24.0-255,7156,11893,96,294901
21839,7.3e-05,172.31.47.0-255,66,11959,96,294901
21840,0.000102,74.125.24.0-255,1976,13935,96,294901
21841,0.000104,172.31.47.0-255,66,14001,96,294901
21842,0.000107,74.125.24.0-255,2902,16903,96,294901
21843,0.000109,172.31.47.0-255,66,16969,96,294901
21844,0.000133,74.125.24.0-255,7156,24125,96,294901
21845,0.000135,172.31.47.0-255,66,24191,96,294901
21846,0.000179,74.125.24.0-255,6797,30988,96,294901
21847,0.000182,172.31.47.0-255,66,31054,96,294901
21848,0.00037,74.125.24.0-255,1484,32538,96,294901
21849,0.000375,172.31.47.0-255,66,32604,96,294901
21850,0.000378,74.125.24.0-255,1484,34088,96,294901
21851,0.000381,172.31.47.0-255,66,34154,96,294901
21852,0.000408,74.125.24.0-255,1484,35638,96,294901
21853,0.000411,74.125.24.0-255,2902,38540,96,294901
21854,0.000412,172.31.47.0-255,66,38606,96,294901
21855,0.000416,172.31.47.0-255,66,38672,96,294901
21856,0.000437,74.125.24.0-255,2902,41574,96,294901
21857,0.000444,172.31.47.0-255,66,41640,96,294901
21858,0.000465,74.125.24.0-255,6797,48437,96,294901
21859,0.000468,172.31.47.0-255,66,48503,96,294901
21860,0.000494,74.125.24.0-255,1484,49987,96,294901
21861,0.000497,172.31.47.0-255,66,50053,96,294901
21862,0.000518,74.125.24.0-255,1484,51537,96,294901
21863,0.00052,172.31.47.0-255,66,51603,96,294901
21864,0.000531,74.125.24.0-255,1484,53087,96,294901
21865,0.000541,74.125.24.0-255,4320,57407,96,294901
21866,0.000544,172.31.47.0-255,66,57473,96,294901
21867,0.000552,74.125.24.0-255,1484,58957,96,294901
21868,0.000555,74.125.24.0-255,1484,60441,96,294901
21869,0.000557,172.31.47.0-255,66,60507,96,294901
21870,0.000583,74.125.24.0-255,4320,64827,96,294901
21871,0.000586,172.31.47.0-255,66,64893,96,294901
21872,0.000602,74.125.24.0-255,1462,66355,96,294901
21873,0.000644,74.125.24.0-255,108,66463,96,294901
21874,0.000648,172.31.47.0-255,66,66529,96,294901
21875,0.000762,74.125.24.0-255,1484,68013,96,294901
21876,0.000777,74.125.24.0-255,2902,70915,96,294901
21877,0.00078,172.31.47.0-255,66,70981,96,294901
21878,0.000803,74.125.24.0-255,2902,73883,96,294901
21879,0.000806,172.31.47.0-255,66,73949,96,294901
21880,0.000823,74.125.24.0-255,2902,76851,96,294901
21881,0.000825,172.31.47.0-255,66,76917,96,294901
21882,0.000829,74.125.24.0-255,2902,79819,96,294901
21883,0.000831,172.31.47.0-255,66,79885,96,294901
21884,0.000862,74.125.24.0-255,3644,83529,96,294901
21885,0.000865,172.31.47.0-255,66,83595,96,294901
21886,0.000947,74.125.24.0-255,1484,85079,96,294901
21887,0.000953,74.125.24.0-255,1484,86563,96,294901
21888,0.000956,172.31.47.0-255,66,86629,96,294901
21889,0.000981,74.125.24.0-255,1484,88113,96,294901
21890,0.000987,74.125.24.0-255,5738,93851,96,294901
21891,0.000989,172.31.47.0-255,66,93917,96,294901
21892,0.00101,74.125.24.0-255,1484,95401,96,294901
21893,0.001029,74.125.24.0-255,5379,100780,96,294901
21894,0.001032,172.31.47.0-255,66,100846,96,294901
21895,0.001276,74.125.24.0-255,1484,102330,96,294901
21896,0.001281,74.125.24.0-255,1484,103814,96,294901
21897,0.001284,172.31.47.0-255,66,103880,96,294901
21898,0.001314,74.125.24.0-255,1484,105364,96,294901
21899,0.001321,74.125.24.0-255,5738,111102,96,294901
21900,0.001323,172.31.47.0-255,66,111168,96,294901
21901,0.001334,172.31.47.0-255,66,111234,96,294901
21902,0.001353,74.125.24.0-255,2902,114136,96,294901
21903,0.001355,172.31.47.0-255,66,114202,96,294901
21904,0.001373,172.31.47.0-255,66,114268,96,294901
21905,0.001586,74.125.24.0-255,1484,115752,96,294901
21906,0.001602,74.125.24.0-255,2902,118654,96,294901
21907,0.001605,172.31.47.0-255,66,118720,96,294901
21908,0.001628,74.125.24.0-255,5738,124458,96,294901
21909,0.00163,172.31.47.0-255,66,124524,96,294901
21910,0.001632,74.125.24.0-255,1484,126008,96,294901
21911,0.001663,172.31.47.0-255,66,126074,96,294901
21912,0.001673,172.31.47.0-255,66,126140,96,294901
21913,0.002253,74.125.24.0-255,1484,127624,96,294901
21914,0.002265,74.125.24.0-255,1484,129108,96,294901
21915,0.002267,172.31.47.0-255,66,129174,96,294901
21916,0.002292,74.125.24.0-255,1484,130658,96,294901
21917,0.002298,74.125.24.0-255,5738,136396,96,294901
21918,0.0023,172.31.47.0-255,66,136462,96,294901
21919,0.002305,74.125.24.0-255,5738,142200,96,294901
21920,0.002307,172.31.47.0-255,66,142266,96,294901
21921,0.002334,74.125.24.0-255,7156,149422,96,294901
21922,0.002337,172.31.47.0-255,66,149488,96,294901
21923,0.002342,74.125.24.0-255,5738,155226,96,294901
21924,0.002344,172.31.47.0-255,66,155292,96,294901
21925,0.002367,74.125.24.0-255,2902,158194,96,294901
21926,0.002369,172.31.47.0-255,66,158260,96,294901
21927,0.002372,74.125.24.0-255,2184,160444,96,294901
21928,0.002377,172.31.47.0-255,66,160510,96,294901
21929,0.004704,74.125.24.0-255,1484,161994,96,294901
21930,0.004759,74.125.24.0-255,4320,166314,96,294901
21931,0.004762,172.31.47.0-255,66,166380,96,294901
21932,0.007073,74.125.24.0-255,4320,170700,96,294901
21933,0.007079,172.31.47.0-255,66,170766,96,294901
21934,0.007095,74.125.24.0-255,1484,172250,96,294901
21935,0.009401,74.125.24.0-255,4320,176570,96,294901
21936,0.009408,172.31.47.0-255,66,176636,96,294901
21937,0.011762,74.125.24.0-255,5738,182374,96,294901
21938,0.011768,172.31.47.0-255,66,182440,96,294901
21939,0.01412,74.125.24.0-255,4320,186760,96,294901
21940,0.014126,172.31.47.0-255,66,186826,96,294901
21941,0.014154,74.125.24.0-255,1484,188310,96,294901
21942,0.016476,74.125.24.0-255,4320,192630,96,294901
21943,0.016482,172.31.47.0-255,66,192696,96,294901
21944,0.018823,74.125.24.0-255,5738,198434,96,294901
21945,0.018829,172.31.47.0-255,66,198500,96,294901
21946,0.021177,74.125.24.0-255,5738,204238,96,294901
21947,0.021185,172.31.47.0-255,66,204304,96,294901
21948,0.023533,74.125.24.0-255,4320,208624,96,294901
21949,0.02354,172.31.47.0-255,66,208690,96,294901
21950,0.023569,74.125.24.0-255,1484,210174,96,294901
21951,0.025888,74.125.24.0-255,4320,214494,96,294901
21952,0.025894,172.31.47.0-255,66,214560,96,294901
21953,0.028257,74.125.24.0-255,5738,220298,96,294901
21954,0.028264,172.31.47.0-255,66,220364,96,294901
21955,0.02994,172.31.47.0-255,172,220536,96,294901
21956,0.029975,172.31.47.0-255,1110,221646,96,294901
21957,0.030037,172.31.47.0-255,1514,223160,96,294901
21958,0.030039,172.31.47.0-255,1301,224461,96,294901
21959,0.030667,74.125.24.0-255,4320,228781,96,294901
21960,0.030672,172.31.47.0-255,66,228847,96,294901
21961,0.0307,74.125.24.0-255,1484,230331,96,294901
21962,0.031477,104.244.42.0-255,66,230397,96,294901
21963,0.031516,104.244.42.0-255,66,230463,96,294901
21964,0.031581,104.244.42.0-255,66,230529,96,294901
21965,0.033025,74.125.24.0-255,4320,234849,96,294901
21966,0.033028,172.31.47.0-255,66,234915,96,294901
21967,0.035346,74.125.24.0-255,5738,240653,96,294901
21968,0.035352,172.31.47.0-255,66,240719,96,294901
21969,0.037701,74.125.24.0-255,4320,245039,96,294901
21970,0.037721,172.31.47.0-255,66,245105,96,294901
21971,0.037747,74.125.24.0-255,1484,246589,96,294901
21972,0.040064,74.125.24.0-255,4320,250909,96,294901
21973,0.040069,172.31.47.0-255,66,250975,96,294901
21974,0.042413,74.125.24.0-255,4320,255295,96,294901
21975,0.042418,172.31.47.0-255,66,255361,96,294901
21976,0.042447,74.125.24.0-255,1484,256845,96,294901
21977,0.044745,74.125.24.0-255,4320,261165,96,294901
21978,0.04475,172.31.47.0-255,66,261231,96,294901
21979,0.047102,74.125.24.0-255,5738,266969,96,294901
21980,0.047106,172.31.47.0-255,66,267035,96,294901
21981,0.04948,74.125.24.0-255,4320,271355,96,294901
21982,0.049485,172.31.47.0-255,66,271421,96,294901
21983,0.049514,74.125.24.0-255,1484,272905,96,294901
21984,0.051807,74.125.24.0-255,4320,277225,96,294901
21985,0.051811,172.31.47.0-255,66,277291,96,294901
21986,0.054142,74.125.24.0-255,5738,283029,96,294901
21987,0.054148,172.31.47.0-255,66,283095,96,294901
21988,0.056451,74.125.24.0-255,2902,285997,96,294901
21989,0.056455,172.31.47.0-255,66,286063,96,294901
21990,0.056486,74.125.24.0-255,2902,288965,96,294901
21991,0.056488,172.31.47.0-255,66,289031,96,294901
21992,0.058816,74.125.24.0-255,4320,293351,96,294901
21993,0.05882,172.31.47.0-255,66,293417,96,294901
21994,0.058851,74.125.24.0-255,1484,294901,96,294901
21995,0.0,74.125.68.0-255,153,153,96,387284
21996,3.4e-05,172.31.47.0-255,66,219,96,387284
21997,6e-05,74.125.68.0-255,1484,1703,96,387284
21998,6.5e-05,172.31.47.0-255,66,1769,96,387284
21999,6.8e-05,74.125.68.0-255,1484,3253,96,387284
22000,7.1e-05,172.31.47.0-255,66,3319,96,387284
22001,7.5e-05,74.125.68.0-255,1484,4803,96,387284
22002,7.7e-05,172.31.47.0-255,66,4869,96,387284
22003,0.000109,74.125.68.0-255,1484,6353,96,387284
22004,0.000111,172.31.47.0-255,66,6419,96,387284
22005,0.000119,74.125.68.0-255,5738,12157,96,387284
22006,0.000122,172.31.47.0-255,66,12223,96,387284
22007,0.000128,74.125.68.0-255,2098,14321,96,387284
22008,0.000131,172.31.47.0-255,66,14387,96,387284
22009,0.000135,74.125.68.0-255,2902,17289,96,387284
22010,0.000137,172.31.47.0-255,66,17355,96,387284
22011,0.000179,74.125.68.0-255,7156,24511,96,387284
22012,0.000183,172.31.47.0-255,66,24577,96,387284
22013,0.000189,74.125.68.0-255,5738,30315,96,387284
22014,0.000191,172.31.47.0-255,66,30381,96,387284
22015,0.00021,74.125.68.0-255,1125,31506,96,387284
22016,0.000212,172.31.47.0-255,66,31572,96,387284
22017,0.000279,74.125.68.0-255,1484,33056,96,387284
22018,0.000283,172.31.47.0-255,66,33122,96,387284
22019,0.000308,74.125.68.0-255,2902,36024,96,387284
22020,0.000311,172.31.47.0-255,66,36090,96,387284
22021,0.000318,74.125.68.0-255,5738,41828,96,387284
22022,0.00032,172.31.47.0-255,66,41894,96,387284
22023,0.000324,74.125.68.0-255,2902,44796,96,387284
22024,0.000326,172.31.47.0-255,66,44862,96,387284
22025,0.000329,74.125.68.0-255,1484,46346,96,387284
22026,0.000331,172.31.47.0-255,66,46412,96,387284
22027,0.000352,74.125.68.0-255,2543,48955,96,387284
22028,0.000355,172.31.47.0-255,66,49021,96,387284
22029,0.000358,74.125.68.0-255,1484,50505,96,387284
22030,0.000395,74.125.68.0-255,7156,57661,96,387284
22031,0.000399,172.31.47.0-255,66,57727,96,387284
22032,0.000404,74.125.68.0-255,2902,60629,96,387284
22033,0.000405,172.31.47.0-255,66,60695,96,387284
22034,0.000436,74.125.68.0-255,5738,66433,96,387284
22035,0.00044,172.31.47.0-255,66,66499,96,387284
22036,0.000464,74.125.68.0-255,289,66788,96,387284
22037,0.000516,74.125.68.0-255,1484,68272,96,387284
22038,0.000519,172.31.47.0-255,66,68338,96,387284
22039,0.000546,74.125.68.0-255,2902,71240,96,387284
22040,0.000549,172.31.47.0-255,66,71306,96,387284
22041,0.000554,74.125.68.0-255,2902,74208,96,387284
22042,0.000556,172.31.47.0-255,66,74274,96,387284
22043,0.000575,74.125.68.0-255,2902,77176,96,387284
22044,0.000583,172.31.47.0-255,66,77242,96,387284
22045,0.000586,74.125.68.0-255,1484,78726,96,387284
22046,0.000616,74.125.68.0-255,2902,81628,96,387284
22047,0.000619,172.31.47.0-255,66,81694,96,387284
22048,0.000643,74.125.68.0-255,1992,83686,96,387284
22049,0.000645,172.31.47.0-255,66,83752,96,387284
22050,0.000723,74.125.68.0-255,1484,85236,96,387284
22051,0.000754,74.125.68.0-255,2902,88138,96,387284
22052,0.000758,172.31.47.0-255,66,88204,96,387284
22053,0.000783,74.125.68.0-255,4320,92524,96,387284
22054,0.000786,172.31.47.0-255,66,92590,96,387284
22055,0.00079,74.125.68.0-255,1484,94074,96,387284
22056,0.000812,74.125.68.0-255,4320,98394,96,387284
22057,0.000815,172.31.47.0-255,66,98460,96,387284
22058,0.000849,172.31.47.0-255,66,98526,96,387284
22059,0.000891,172.31.47.0-255,66,98592,96,387284
22060,0.000922,74.125.68.0-255,1484,100076,96,387284
22061,0.000939,74.125.68.0-255,2902,102978,96,387284
22062,0.000942,172.31.47.0-255,66,103044,96,387284
22063,0.000971,74.125.68.0-255,1484,104528,96,387284
22064,0.000987,74.125.68.0-255,2902,107430,96,387284
22065,0.000992,172.31.47.0-255,66,107496,96,387284
22066,0.001001,74.125.68.0-255,2902,110398,96,387284
22067,0.001003,172.31.47.0-255,66,110464,96,387284
22068,0.001028,74.125.68.0-255,2902,113366,96,387284
22069,0.001031,172.31.47.0-255,66,113432,96,387284
22070,0.001035,74.125.68.0-255,2543,115975,96,387284
22071,0.001037,172.31.47.0-255,66,116041,96,387284
22072,0.001124,74.125.68.0-255,1484,117525,96,387284
22073,0.001143,74.125.68.0-255,2902,120427,96,387284
22074,0.001147,172.31.47.0-255,66,120493,96,387284
22075,0.001152,74.125.68.0-255,2902,123395,96,387284
22076,0.001153,172.31.47.0-255,66,123461,96,387284
22077,0.001175,74.125.68.0-255,2902,126363,96,387284
22078,0.001178,172.31.47.0-255,66,126429,96,387284
22079,0.001182,74.125.68.0-255,1484,127913,96,387284
22080,0.001212,74.125.68.0-255,4320,132233,96,387284
22081,0.001215,172.31.47.0-255,66,132299,96,387284
22082,0.001252,74.125.68.0-255,1484,133783,96,387284
22083,0.001277,74.125.68.0-255,5738,139521,96,387284
22084,0.00128,172.31.47.0-255,66,139587,96,387284
22085,0.001286,74.125.68.0-255,4320,143907,96,387284
22086,0.001287,172.31.47.0-255,66,143973,96,387284
22087,0.001294,74.125.68.0-255,5738,149711,96,387284
22088,0.001296,172.31.47.0-255,66,149777,96,387284
22089,0.001298,74.125.68.0-255,766,150543,96,387284
22090,0.001419,74.125.68.0-255,1484,152027,96,387284
22091,0.001423,172.31.47.0-255,66,152093,96,387284
22092,0.001427,74.125.68.0-255,1484,153577,96,387284
22093,0.001447,74.125.68.0-255,1484,155061,96,387284
22094,0.00145,172.31.47.0-255,66,155127,96,387284
22095,0.001456,74.125.68.0-255,4320,159447,96,387284
22096,0.001458,172.31.47.0-255,66,159513,96,387284
22097,0.00148,74.125.68.0-255,2902,162415,96,387284
22098,0.001483,172.31.47.0-255,66,162481,96,387284
22099,0.001513,74.125.68.0-255,6797,169278,96,387284
22100,0.001516,172.31.47.0-255,66,169344,96,387284
22101,0.00152,74.125.68.0-255,2902,172246,96,387284
22102,0.001522,172.31.47.0-255,66,172312,96,387284
22103,0.001552,74.125.68.0-255,1484,173796,96,387284
22104,0.00158,172.31.47.0-255,66,173862,96,387284
22105,0.001613,172.31.47.0-255,66,173928,96,387284
22106,0.00164,74.125.68.0-255,1484,175412,96,387284
22107,0.001662,74.125.68.0-255,3602,179014,96,387284
22108,0.001665,172.31.47.0-255,66,179080,96,387284
22109,0.001736,74.125.68.0-255,1484,180564,96,387284
22110,0.001772,74.125.68.0-255,2902,183466,96,387284
22111,0.001776,172.31.47.0-255,66,183532,96,387284
22112,0.001802,74.125.68.0-255,5738,189270,96,387284
22113,0.001805,172.31.47.0-255,66,189336,96,387284
22114,0.001808,74.125.68.0-255,2902,192238,96,387284
22115,0.00181,172.31.47.0-255,66,192304,96,387284
22116,0.001814,74.125.68.0-255,4320,196624,96,387284
22117,0.001816,172.31.47.0-255,66,196690,96,387284
22118,0.001851,74.125.68.0-255,2902,199592,96,387284
22119,0.001855,172.31.47.0-255,66,199658,96,387284
22120,0.001879,74.125.68.0-255,2902,202560,96,387284
22121,0.001882,172.31.47.0-255,66,202626,96,387284
22122,0.001892,74.125.68.0-255,7156,209782,96,387284
22123,0.001894,172.31.47.0-255,66,209848,96,387284
22124,0.001921,74.125.68.0-255,3602,213450,96,387284
22125,0.001925,172.31.47.0-255,66,213516,96,387284
22126,0.002096,74.125.68.0-255,1484,215000,96,387284
22127,0.002102,74.125.68.0-255,2902,217902,96,387284
22128,0.002104,172.31.47.0-255,66,217968,96,387284
22129,0.00213,74.125.68.0-255,2902,220870,96,387284
22130,0.002132,172.31.47.0-255,66,220936,96,387284
22131,0.002153,74.125.68.0-255,1484,222420,96,387284
22132,0.00216,74.125.68.0-255,4320,226740,96,387284
22133,0.002162,172.31.47.0-255,66,226806,96,387284
22134,0.002187,74.125.68.0-255,2902,229708,96,387284
22135,0.00219,172.31.47.0-255,66,229774,96,387284
22136,0.00222,74.125.68.0-255,7156,236930,96,387284
22137,0.002223,172.31.47.0-255,66,236996,96,387284
22138,0.002227,74.125.68.0-255,1484,238480,96,387284
22139,0.002255,74.125.68.0-255,7156,245636,96,387284
22140,0.002258,172.31.47.0-255,66,245702,96,387284
22141,0.002262,74.125.68.0-255,2184,247886,96,387284
22142,0.002264,172.31.47.0-255,66,247952,96,387284
22143,0.004568,74.125.68.0-255,5738,253690,96,387284
22144,0.004583,172.31.47.0-255,66,253756,96,387284
22145,0.006897,74.125.68.0-255,5738,259494,96,387284
22146,0.006912,172.31.47.0-255,66,259560,96,387284
22147,0.009223,74.125.68.0-255,5738,265298,96,387284
22148,0.009241,172.31.47.0-255,66,265364,96,387284
22149,0.011544,74.125.68.0-255,5738,271102,96,387284
22150,0.011551,172.31.47.0-255,66,271168,96,387284
22151,0.013843,74.125.68.0-255,4320,275488,96,387284
22152,0.013846,172.31.47.0-255,66,275554,96,387284
22153,0.013867,74.125.68.0-255,1484,277038,96,387284
22154,0.016164,74.125.68.0-255,4320,281358,96,387284
22155,0.01618,172.31.47.0-255,66,281424,96,387284
22156,0.018508,74.125.68.0-255,5738,287162,96,387284
22157,0.018525,172.31.47.0-255,66,287228,96,387284
22158,0.020818,74.125.68.0-255,5738,292966,96,387284
22159,0.020827,172.31.47.0-255,66,293032,96,387284
22160,0.023158,74.125.68.0-255,5738,298770,96,387284
22161,0.023165,172.31.47.0-255,66,298836,96,387284
22162,0.025464,74.125.68.0-255,5738,304574,96,387284
22163,0.025474,172.31.47.0-255,66,304640,96,387284
22164,0.027791,74.125.68.0-255,5738,310378,96,387284
22165,0.027806,172.31.47.0-255,66,310444,96,387284
22166,0.030115,74.125.68.0-255,5738,316182,96,387284
22167,0.03012,172.31.47.0-255,66,316248,96,387284
22168,0.032422,74.125.68.0-255,5738,321986,96,387284
22169,0.032431,172.31.47.0-255,66,322052,96,387284
22170,0.034743,74.125.68.0-255,5738,327790,96,387284
22171,0.03476,172.31.47.0-255,66,327856,96,387284
22172,0.037072,74.125.68.0-255,5738,333594,96,387284
22173,0.037088,172.31.47.0-255,66,333660,96,387284
22174,0.039394,74.125.68.0-255,5738,339398,96,387284
22175,0.039401,172.31.47.0-255,66,339464,96,387284
22176,0.041727,74.125.68.0-255,5738,345202,96,387284
22177,0.041748,172.31.47.0-255,66,345268,96,387284
22178,0.044056,74.125.68.0-255,5738,351006,96,387284
22179,0.044068,172.31.47.0-255,66,351072,96,387284
22180,0.045179,172.31.47.0-255,172,351244,96,387284
22181,0.045206,172.31.47.0-255,1101,352345,96,387284
22182,0.045234,172.31.47.0-255,1514,353859,96,387284
22183,0.045235,172.31.47.0-255,1312,355171,96,387284
22184,0.046374,74.125.68.0-255,5738,360909,96,387284
22185,0.046384,172.31.47.0-255,66,360975,96,387284
22186,0.04667,104.244.42.0-255,66,361041,96,387284
22187,0.046841,104.244.42.0-255,66,361107,96,387284
22188,0.046848,104.244.42.0-255,66,361173,96,387284
22189,0.048686,74.125.68.0-255,5738,366911,96,387284
22190,0.048693,172.31.47.0-255,66,366977,96,387284
22191,0.050984,74.125.68.0-255,5738,372715,96,387284
22192,0.051001,172.31.47.0-255,66,372781,96,387284
22193,0.053295,74.125.68.0-255,5738,378519,96,387284
22194,0.053299,172.31.47.0-255,66,378585,96,387284
22195,0.055584,74.125.68.0-255,1484,380069,96,387284
22196,0.055611,74.125.68.0-255,4320,384389,96,387284
22197,0.055616,172.31.47.0-255,66,384455,96,387284
22198,0.057897,74.125.68.0-255,2658,387113,96,387284
22199,0.057901,172.31.47.0-255,66,387179,96,387284
22200,0.05806,172.31.47.0-255,105,387284,96,387284
22201,0.0,74.125.24.0-255,298,298,96,294727
22202,2e-05,172.31.47.0-255,66,364,96,294727
22203,2.7e-05,74.125.24.0-255,1484,1848,96,294727
22204,3.1e-05,172.31.47.0-255,66,1914,96,294727
22205,4.7e-05,74.125.24.0-255,4320,6234,96,294727
22206,5.1e-05,172.31.47.0-255,66,6300,96,294727
22207,5.9e-05,74.125.24.0-255,7156,13456,96,294727
22208,6.1e-05,172.31.47.0-255,66,13522,96,294727
22209,6.4e-05,74.125.24.0-255,438,13960,96,294727
22210,6.6e-05,172.31.47.0-255,66,14026,96,294727
22211,0.000398,74.125.24.0-255,1484,15510,96,294727
22212,0.000404,172.31.47.0-255,66,15576,96,294727
22213,0.000411,74.125.24.0-255,2902,18478,96,294727
22214,0.000414,172.31.47.0-255,66,18544,96,294727
22215,0.000427,74.125.24.0-255,5738,24282,96,294727
22216,0.000429,172.31.47.0-255,66,24348,96,294727
22217,0.000457,74.125.24.0-255,6797,31145,96,294727
22218,0.000465,172.31.47.0-255,66,31211,96,294727
22219,0.000777,74.125.24.0-255,1484,32695,96,294727
22220,0.000783,172.31.47.0-255,66,32761,96,294727
22221,0.000789,74.125.24.0-255,2902,35663,96,294727
22222,0.000791,172.31.47.0-255,66,35729,96,294727
22223,0.000801,74.125.24.0-255,2902,38631,96,294727
22224,0.000803,172.31.47.0-255,66,38697,96,294727
22225,0.000843,74.125.24.0-255,2902,41599,96,294727
22226,0.000847,172.31.47.0-255,66,41665,96,294727
22227,0.000867,172.31.47.0-255,66,41731,96,294727
22228,0.000879,172.31.47.0-255,66,41797,96,294727
22229,0.001036,74.125.24.0-255,650,42447,96,294727
22230,0.001041,172.31.47.0-255,66,42513,96,294727
22231,0.001264,74.125.24.0-255,1484,43997,96,294727
22232,0.001271,74.125.24.0-255,2902,46899,96,294727
22233,0.001275,172.31.47.0-255,66,46965,96,294727
22234,0.001279,74.125.24.0-255,1484,48449,96,294727
22235,0.001307,74.125.24.0-255,4320,52769,96,294727
22236,0.001309,172.31.47.0-255,66,52835,96,294727
22237,0.001318,74.125.24.0-255,7156,59991,96,294727
22238,0.00132,172.31.47.0-255,66,60057,96,294727
22239,0.001327,74.125.24.0-255,1484,61541,96,294727
22240,0.001372,172.31.47.0-255,66,61607,96,294727
22241,0.001376,74.125.24.0-255,2184,63791,96,294727
22242,0.001378,172.31.47.0-255,66,63857,96,294727
22243,0.001428,74.125.24.0-255,1484,65341,96,294727
22244,0.001433,74.125.24.0-255,2902,68243,96,294727
22245,0.001435,172.31.47.0-255,66,68309,96,294727
22246,0.001441,74.125.24.0-255,5738,74047,96,294727
22247,0.001443,172.31.47.0-255,66,74113,96,294727
22248,0.001479,172.31.47.0-255,66,74179,96,294727
22249,0.001515,74.125.24.0-255,4320,78499,96,294727
22250,0.001518,172.31.47.0-255,66,78565,96,294727
22251,0.001556,172.31.47.0-255,66,78631,96,294727
22252,0.001712,74.125.24.0-255,1484,80115,96,294727
22253,0.001719,74.125.24.0-255,2902,83017,96,294727
22254,0.001723,172.31.47.0-255,66,83083,96,294727
22255,0.001753,74.125.24.0-255,5738,88821,96,294727
22256,0.001757,172.31.47.0-255,66,88887,96,294727
22257,0.001762,74.125.24.0-255,4320,93207,96,294727
22258,0.001764,172.31.47.0-255,66,93273,96,294727
22259,0.001775,74.125.24.0-255,4320,97593,96,294727
22260,0.001778,172.31.47.0-255,66,97659,96,294727
22261,0.001812,74.125.24.0-255,7156,104815,96,294727
22262,0.001815,172.31.47.0-255,66,104881,96,294727
22263,0.00183,172.31.47.0-255,66,104947,96,294727
22264,0.001954,74.125.24.0-255,1484,106431,96,294727
22265,0.00196,74.125.24.0-255,2902,109333,96,294727
22266,0.001963,172.31.47.0-255,66,109399,96,294727
22267,0.001997,74.125.24.0-255,5738,115137,96,294727
22268,0.002,172.31.47.0-255,66,115203,96,294727
22269,0.002005,74.125.24.0-255,2902,118105,96,294727
22270,0.002007,172.31.47.0-255,66,118171,96,294727
22271,0.002028,74.125.24.0-255,1484,119655,96,294727
22272,0.002059,172.31.47.0-255,66,119721,96,294727
22273,0.002071,172.31.47.0-255,66,119787,96,294727
22274,0.002084,74.125.24.0-255,766,120553,96,294727
22275,0.00222,74.125.24.0-255,1484,122037,96,294727
22276,0.002225,172.31.47.0-255,66,122103,96,294727
22277,0.00223,74.125.24.0-255,2902,125005,96,294727
22278,0.002232,172.31.47.0-255,66,125071,96,294727
22279,0.002237,74.125.24.0-255,2902,127973,96,294727
22280,0.002245,172.31.47.0-255,66,128039,96,294727
22281,0.002281,74.125.24.0-255,2902,130941,96,294727
22282,0.002285,172.31.47.0-255,66,131007,96,294727
22283,0.0023,172.31.47.0-255,66,131073,96,294727
22284,0.002344,172.31.47.0-255,66,131139,96,294727
22285,0.002433,74.125.24.0-255,1484,132623,96,294727
22286,0.002436,74.125.24.0-255,1484,134107,96,294727
22287,0.002441,172.31.47.0-255,66,134173,96,294727
22288,0.00245,74.125.24.0-255,1484,135657,96,294727
22289,0.00246,74.125.24.0-255,4320,139977,96,294727
22290,0.002462,172.31.47.0-255,66,140043,96,294727
22291,0.002491,74.125.24.0-255,1484,141527,96,294727
22292,0.002504,74.125.24.0-255,7156,148683,96,294727
22293,0.002507,172.31.47.0-255,66,148749,96,294727
22294,0.002528,172.31.47.0-255,66,148815,96,294727
22295,0.002532,74.125.24.0-255,2184,150999,96,294727
22296,0.002535,172.31.47.0-255,66,151065,96,294727
22297,0.002604,74.125.24.0-255,1484,152549,96,294727
22298,0.002617,74.125.24.0-255,2902,155451,96,294727
22299,0.00262,172.31.47.0-255,66,155517,96,294727
22300,0.00265,74.125.24.0-255,5738,161255,96,294727
22301,0.002653,172.31.47.0-255,66,161321,96,294727
22302,0.002688,74.125.24.0-255,7156,168477,96,294727
22303,0.002691,172.31.47.0-255,66,168543,96,294727
22304,0.005292,74.125.24.0-255,5738,174281,96,294727
22305,0.0053,172.31.47.0-255,66,174347,96,294727
22306,0.007898,74.125.24.0-255,5738,180085,96,294727
22307,0.007902,172.31.47.0-255,66,180151,96,294727
22308,0.010526,74.125.24.0-255,5738,185889,96,294727
22309,0.010532,172.31.47.0-255,66,185955,96,294727
22310,0.013148,74.125.24.0-255,5738,191693,96,294727
22311,0.013155,172.31.47.0-255,66,191759,96,294727
22312,0.015755,74.125.24.0-255,5738,197497,96,294727
22313,0.015763,172.31.47.0-255,66,197563,96,294727
22314,0.01839,74.125.24.0-255,5738,203301,96,294727
22315,0.018404,172.31.47.0-255,66,203367,96,294727
22316,0.020994,74.125.24.0-255,5738,209105,96,294727
22317,0.021002,172.31.47.0-255,66,209171,96,294727
22318,0.023632,74.125.24.0-255,5738,214909,96,294727
22319,0.023639,172.31.47.0-255,66,214975,96,294727
22320,0.026217,74.125.24.0-255,5738,220713,96,294727
22321,0.026223,172.31.47.0-255,66,220779,96,294727
22322,0.028837,74.125.24.0-255,5738,226517,96,294727
22323,0.028845,172.31.47.0-255,66,226583,96,294727
22324,0.031467,74.125.24.0-255,5738,232321,96,294727
22325,0.031478,172.31.47.0-255,66,232387,96,294727
22326,0.032604,172.31.47.0-255,176,232563,96,294727
22327,0.032638,172.31.47.0-255,1110,233673,96,294727
22328,0.032701,172.31.47.0-255,1514,235187,96,294727
22329,0.032704,172.31.47.0-255,1302,236489,96,294727
22330,0.034115,74.125.24.0-255,5738,242227,96,294727
22331,0.03413,172.31.47.0-255,66,242293,96,294727
22332,0.034141,104.244.42.0-255,66,242359,96,294727
22333,0.034153,104.244.42.0-255,66,242425,96,294727
22334,0.034234,104.244.42.0-255,66,242491,96,294727
22335,0.036752,74.125.24.0-255,5738,248229,96,294727
22336,0.036758,172.31.47.0-255,66,248295,96,294727
22337,0.039335,74.125.24.0-255,5738,254033,96,294727
22338,0.039341,172.31.47.0-255,66,254099,96,294727
22339,0.041957,74.125.24.0-255,5738,259837,96,294727
22340,0.041972,172.31.47.0-255,66,259903,96,294727
22341,0.044633,74.125.24.0-255,5738,265641,96,294727
22342,0.044639,172.31.47.0-255,66,265707,96,294727
22343,0.047274,74.125.24.0-255,5738,271445,96,294727
22344,0.04728,172.31.47.0-255,66,271511,96,294727
22345,0.049901,74.125.24.0-255,5738,277249,96,294727
22346,0.049907,172.31.47.0-255,66,277315,96,294727
22347,0.052502,74.125.24.0-255,5738,283053,96,294727
22348,0.052509,172.31.47.0-255,66,283119,96,294727
22349,0.055104,74.125.24.0-255,5738,288857,96,294727
22350,0.05511,172.31.47.0-255,66,288923,96,294727
22351,0.057769,74.125.24.0-255,5738,294661,96,294727
22352,0.05778,172.31.47.0-255,66,294727,96,294727
22353,0.0,74.125.24.0-255,153,153,96,207278
22354,2.9e-05,172.31.47.0-255,66,219,96,207278
22355,3.6e-05,74.125.24.0-255,1484,1703,96,207278
22356,4.1e-05,172.31.47.0-255,66,1769,96,207278
22357,4.6e-05,74.125.24.0-255,2902,4671,96,207278
22358,4.9e-05,172.31.47.0-255,66,4737,96,207278
22359,5.5e-05,74.125.24.0-255,7156,11893,96,207278
22360,5.8e-05,172.31.47.0-255,66,11959,96,207278
22361,7.2e-05,74.125.24.0-255,2902,14861,96,207278
22362,7.5e-05,172.31.47.0-255,66,14927,96,207278
22363,9.8e-05,172.31.47.0-255,66,14993,96,207278
22364,0.000118,74.125.24.0-255,1989,16982,96,207278
22365,0.00012,172.31.47.0-255,66,17048,96,207278
22366,0.000124,74.125.24.0-255,2543,19591,96,207278
22367,0.000126,172.31.47.0-255,66,19657,96,207278
22368,0.000167,74.125.24.0-255,2902,22559,96,207278
22369,0.00017,172.31.47.0-255,66,22625,96,207278
22370,0.000176,74.125.24.0-255,4320,26945,96,207278
22371,0.000178,172.31.47.0-255,66,27011,96,207278
22372,0.000211,172.31.47.0-255,66,27077,96,207278
22373,0.000225,74.125.24.0-255,2902,29979,96,207278
22374,0.000228,172.31.47.0-255,66,30045,96,207278
22375,0.000265,172.31.47.0-255,66,30111,96,207278
22376,0.001375,74.125.24.0-255,646,30757,96,207278
22377,0.001383,172.31.47.0-255,66,30823,96,207278
22378,0.001749,74.125.24.0-255,1484,32307,96,207278
22379,0.001753,172.31.47.0-255,66,32373,96,207278
22380,0.001759,74.125.24.0-255,2902,35275,96,207278
22381,0.001761,172.31.47.0-255,66,35341,96,207278
22382,0.001775,74.125.24.0-255,5738,41079,96,207278
22383,0.001777,172.31.47.0-255,66,41145,96,207278
22384,0.00178,74.125.24.0-255,1484,42629,96,207278
22385,0.001809,74.125.24.0-255,7156,49785,96,207278
22386,0.001811,172.31.47.0-255,66,49851,96,207278
22387,0.001847,74.125.24.0-255,1484,51335,96,207278
22388,0.001874,172.31.47.0-255,66,51401,96,207278
22389,0.001895,74.125.24.0-255,1484,52885,96,207278
22390,0.001907,74.125.24.0-255,2902,55787,96,207278
22391,0.001909,172.31.47.0-255,66,55853,96,207278
22392,0.001911,74.125.24.0-255,1484,57337,96,207278
22393,0.00193,74.125.24.0-255,4320,61657,96,207278
22394,0.001932,172.31.47.0-255,66,61723,96,207278
22395,0.001935,74.125.24.0-255,2902,64625,96,207278
22396,0.001936,172.31.47.0-255,66,64691,96,207278
22397,0.001952,74.125.24.0-255,7156,71847,96,207278
22398,0.001954,172.31.47.0-255,66,71913,96,207278
22399,0.001974,74.125.24.0-255,2902,74815,96,207278
22400,0.001976,172.31.47.0-255,66,74881,96,207278
22401,0.002005,172.31.47.0-255,66,74947,96,207278
22402,0.002027,74.125.24.0-255,5738,80685,96,207278
22403,0.002029,172.31.47.0-255,66,80751,96,207278
22404,0.002048,74.125.24.0-255,5738,86489,96,207278
22405,0.00205,172.31.47.0-255,66,86555,96,207278
22406,0.002052,74.125.24.0-255,1484,88039,96,207278
22407,0.002069,74.125.24.0-255,1484,89523,96,207278
22408,0.002071,172.31.47.0-255,66,89589,96,207278
22409,0.002088,74.125.24.0-255,1484,91073,96,207278
22410,0.002122,74.125.24.0-255,1484,92557,96,207278
22411,0.002124,74.125.24.0-255,2184,94741,96,207278
22412,0.002138,172.31.47.0-255,66,94807,96,207278
22413,0.002142,172.31.47.0-255,66,94873,96,207278
22414,0.002721,74.125.24.0-255,1484,96357,96,207278
22415,0.002745,74.125.24.0-255,2902,99259,96,207278
22416,0.002749,172.31.47.0-255,66,99325,96,207278
22417,0.002755,74.125.24.0-255,5738,105063,96,207278
22418,0.002757,172.31.47.0-255,66,105129,96,207278
22419,0.002762,74.125.24.0-255,4320,109449,96,207278
22420,0.002764,172.31.47.0-255,66,109515,96,207278
22421,0.002792,172.31.47.0-255,66,109581,96,207278
22422,0.002809,74.125.24.0-255,2902,112483,96,207278
22423,0.002812,172.31.47.0-255,66,112549,96,207278
22424,0.002821,172.31.47.0-255,66,112615,96,207278
22425,0.002963,74.125.24.0-255,1484,114099,96,207278
22426,0.002968,74.125.24.0-255,2902,117001,96,207278
22427,0.002971,172.31.47.0-255,66,117067,96,207278
22428,0.002977,74.125.24.0-255,5738,122805,96,207278
22429,0.002979,172.31.47.0-255,66,122871,96,207278
22430,0.003023,172.31.47.0-255,66,122937,96,207278
22431,0.003061,74.125.24.0-255,5738,128675,96,207278
22432,0.003063,172.31.47.0-255,66,128741,96,207278
22433,0.003082,74.125.24.0-255,5020,133761,96,207278
22434,0.003084,172.31.47.0-255,66,133827,96,207278
22435,0.003118,74.125.24.0-255,1484,135311,96,207278
22436,0.00313,74.125.24.0-255,2902,138213,96,207278
22437,0.003133,172.31.47.0-255,66,138279,96,207278
22438,0.003137,74.125.24.0-255,2902,141181,96,207278
22439,0.003139,172.31.47.0-255,66,141247,96,207278
22440,0.003156,74.125.24.0-255,2902,144149,96,207278
22441,0.003158,172.31.47.0-255,66,144215,96,207278
22442,0.003169,74.125.24.0-255,7156,151371,96,207278
22443,0.003171,172.31.47.0-255,66,151437,96,207278
22444,0.003175,74.125.24.0-255,2902,154339,96,207278
22445,0.003177,172.31.47.0-255,66,154405,96,207278
22446,0.003211,172.31.47.0-255,66,154471,96,207278
22447,0.003215,74.125.24.0-255,2184,156655,96,207278
22448,0.003216,172.31.47.0-255,66,156721,96,207278
22449,0.003228,74.125.24.0-255,2902,159623,96,207278
22450,0.00323,172.31.47.0-255,66,159689,96,207278
22451,0.003254,74.125.24.0-255,2902,162591,96,207278
22452,0.003256,172.31.47.0-255,66,162657,96,207278
22453,0.003271,74.125.24.0-255,2902,165559,96,207278
22454,0.003274,172.31.47.0-255,66,165625,96,207278
22455,0.00328,74.125.24.0-255,7156,172781,96,207278
22456,0.003282,172.31.47.0-255,66,172847,96,207278
22457,0.0033,74.125.24.0-255,2902,175749,96,207278
22458,0.003302,172.31.47.0-255,66,175815,96,207278
22459,0.003339,172.31.47.0-255,66,175881,96,207278
22460,0.003344,74.125.24.0-255,3602,179483,96,207278
22461,0.003346,172.31.47.0-255,66,179549,96,207278
22462,0.003352,74.125.24.0-255,5738,185287,96,207278
22463,0.003355,172.31.47.0-255,66,185353,96,207278
22464,0.003393,172.31.47.0-255,66,185419,96,207278
22465,0.003406,172.31.47.0-255,66,185485,96,207278
22466,0.003447,172.31.47.0-255,66,185551,96,207278
22467,0.003452,74.125.24.0-255,4320,189871,96,207278
22468,0.003454,172.31.47.0-255,66,189937,96,207278
22469,0.003478,172.31.47.0-255,66,190003,96,207278
22470,0.00348,74.125.24.0-255,766,190769,96,207278
22471,0.003494,74.125.24.0-255,2902,193671,96,207278
22472,0.003496,172.31.47.0-255,66,193737,96,207278
22473,0.003511,74.125.24.0-255,7156,200893,96,207278
22474,0.003513,172.31.47.0-255,66,200959,96,207278
22475,0.003537,172.31.47.0-255,66,201025,96,207278
22476,0.00355,172.31.47.0-255,66,201091,96,207278
22477,0.003553,74.125.24.0-255,1484,202575,96,207278
22478,0.003576,172.31.47.0-255,66,202641,96,207278
22479,0.003629,74.125.24.0-255,105,202746,96,207278
22480,0.005407,172.31.47.0-255,66,202812,96,207278
22481,0.005454,172.31.47.0-255,105,202917,96,207278
22482,0.007466,74.125.24.0-255,66,202983,96,207278
22483,0.025421,172.31.47.0-255,172,203155,96,207278
22484,0.025451,172.31.47.0-255,1109,204264,96,207278
22485,0.025491,172.31.47.0-255,1514,205778,96,207278
22486,0.025493,172.31.47.0-255,1302,207080,96,207278
22487,0.026941,104.244.42.0-255,66,207146,96,207278
22488,0.027,104.244.42.0-255,66,207212,96,207278
22489,0.027003,104.244.42.0-255,66,207278,96,207278
22490,0.0,172.217.194.0-255,158,158,96,140889
22491,1.5e-05,172.31.47.0-255,66,224,96,140889
22492,2e-05,172.217.194.0-255,1484,1708,96,140889
22493,2.4e-05,172.31.47.0-255,66,1774,96,140889
22494,2.8e-05,172.217.194.0-255,1484,3258,96,140889
22495,3e-05,172.31.47.0-255,66,3324,96,140889
22496,6.7e-05,172.217.194.0-255,1484,4808,96,140889
22497,7e-05,172.31.47.0-255,66,4874,96,140889
22498,7.8e-05,172.217.194.0-255,7156,12030,96,140889
22499,8e-05,172.31.47.0-255,66,12096,96,140889
22500,9.3e-05,172.31.47.0-255,66,12162,96,140889
22501,0.000128,172.217.194.0-255,6797,18959,96,140889
22502,0.000131,172.31.47.0-255,66,19025,96,140889
22503,0.000156,172.217.194.0-255,1484,20509,96,140889
22504,0.000158,172.31.47.0-255,66,20575,96,140889
22505,0.000163,172.217.194.0-255,2902,23477,96,140889
22506,0.000165,172.31.47.0-255,66,23543,96,140889
22507,0.000194,172.217.194.0-255,5738,29281,96,140889
22508,0.000197,172.31.47.0-255,66,29347,96,140889
22509,0.000249,172.31.47.0-255,66,29413,96,140889
22510,0.000288,172.31.47.0-255,66,29479,96,140889
22511,0.000291,172.217.194.0-255,98,29577,96,140889
22512,0.000294,172.31.47.0-255,66,29643,96,140889
22513,0.00033,172.217.194.0-255,364,30007,96,140889
22514,0.000333,172.31.47.0-255,66,30073,96,140889
22515,0.000527,172.217.194.0-255,1484,31557,96,140889
22516,0.00053,172.217.194.0-255,1484,33041,96,140889
22517,0.000531,172.31.47.0-255,66,33107,96,140889
22518,0.000535,172.31.47.0-255,66,33173,96,140889
22519,0.000564,172.217.194.0-255,1484,34657,96,140889
22520,0.000578,172.217.194.0-255,5738,40395,96,140889
22521,0.000581,172.31.47.0-255,66,40461,96,140889
22522,0.000589,172.217.194.0-255,7156,47617,96,140889
22523,0.000591,172.31.47.0-255,66,47683,96,140889
22524,0.000605,172.31.47.0-255,66,47749,96,140889
22525,0.000609,172.217.194.0-255,2184,49933,96,140889
22526,0.000612,172.31.47.0-255,66,49999,96,140889
22527,0.00079,172.217.194.0-255,1484,51483,96,140889
22528,0.000796,172.217.194.0-255,2902,54385,96,140889
22529,0.0008,172.31.47.0-255,66,54451,96,140889
22530,0.000805,172.217.194.0-255,2902,57353,96,140889
22531,0.000807,172.31.47.0-255,66,57419,96,140889
22532,0.000826,172.217.194.0-255,2902,60321,96,140889
22533,0.000829,172.31.47.0-255,66,60387,96,140889
22534,0.000845,172.31.47.0-255,66,60453,96,140889
22535,0.000868,172.217.194.0-255,4320,64773,96,140889
22536,0.000871,172.31.47.0-255,66,64839,96,140889
22537,0.000884,172.31.47.0-255,66,64905,96,140889
22538,0.001137,172.217.194.0-255,1484,66389,96,140889
22539,0.001144,172.217.194.0-255,2902,69291,96,140889
22540,0.001147,172.31.47.0-255,66,69357,96,140889
22541,0.001152,172.217.194.0-255,2902,72259,96,140889
22542,0.001154,172.31.47.0-255,66,72325,96,140889
22543,0.001174,172.217.194.0-255,2902,75227,96,140889
22544,0.001177,172.31.47.0-255,66,75293,96,140889
22545,0.001189,172.217.194.0-255,7156,82449,96,140889
22546,0.001192,172.31.47.0-255,66,82515,96,140889
22547,0.001197,172.217.194.0-255,5738,88253,96,140889
22548,0.0012,172.31.47.0-255,66,88319,96,140889
22549,0.001234,172.31.47.0-255,66,88385,96,140889
22550,0.001238,172.217.194.0-255,2184,90569,96,140889
22551,0.00124,172.31.47.0-255,66,90635,96,140889
22552,0.001269,172.217.194.0-255,1484,92119,96,140889
22553,0.001303,172.31.47.0-255,66,92185,96,140889
22554,0.001308,172.217.194.0-255,4320,96505,96,140889
22555,0.00131,172.31.47.0-255,66,96571,96,140889
22556,0.001349,172.31.47.0-255,66,96637,96,140889
22557,0.001353,172.217.194.0-255,2184,98821,96,140889
22558,0.001355,172.31.47.0-255,66,98887,96,140889
22559,0.001473,172.217.194.0-255,1484,100371,96,140889
22560,0.001478,172.217.194.0-255,2902,103273,96,140889
22561,0.001481,172.31.47.0-255,66,103339,96,140889
22562,0.001488,172.217.194.0-255,5738,109077,96,140889
22563,0.00149,172.31.47.0-255,66,109143,96,140889
22564,0.001512,172.217.194.0-255,5738,114881,96,140889
22565,0.001515,172.31.47.0-255,66,114947,96,140889
22566,0.001551,172.217.194.0-255,7156,122103,96,140889
22567,0.001555,172.31.47.0-255,66,122169,96,140889
22568,0.001566,172.31.47.0-255,66,122235,96,140889
22569,0.001621,172.217.194.0-255,1484,123719,96,140889
22570,0.001625,172.217.194.0-255,2902,126621,96,140889
22571,0.001628,172.31.47.0-255,66,126687,96,140889
22572,0.001635,172.217.194.0-255,5738,132425,96,140889
22573,0.001637,172.31.47.0-255,66,132491,96,140889
22574,0.001652,172.31.47.0-255,66,132557,96,140889
22575,0.001692,172.217.194.0-255,2902,135459,96,140889
22576,0.001695,172.31.47.0-255,66,135525,96,140889
22577,0.001707,172.31.47.0-255,66,135591,96,140889
22578,0.001741,172.31.47.0-255,66,135657,96,140889
22579,0.001757,172.31.47.0-255,66,135723,96,140889
22580,0.001773,172.31.47.0-255,66,135789,96,140889
22581,0.001819,172.31.47.0-255,66,135855,96,140889
22582,0.001861,172.31.47.0-255,66,135921,96,140889
22583,0.001875,172.31.47.0-255,66,135987,96,140889
22584,0.00193,172.31.47.0-255,66,136053,96,140889
22585,0.001942,172.31.47.0-255,66,136119,96,140889
22586,0.001954,172.31.47.0-255,66,136185,96,140889
22587,0.002012,172.31.47.0-255,66,136251,96,140889
22588,0.002015,172.217.194.0-255,105,136356,96,140889
22589,0.007443,172.31.47.0-255,66,136422,96,140889
22590,0.007466,172.31.47.0-255,105,136527,96,140889
22591,0.009707,172.217.194.0-255,66,136593,96,140889
22592,0.029097,172.31.47.0-255,171,136764,96,140889
22593,0.029125,172.31.47.0-255,1134,137898,96,140889
22594,0.029173,172.31.47.0-255,1514,139412,96,140889
22595,0.029175,172.31.47.0-255,1279,140691,96,140889
22596,0.030623,104.244.42.0-255,66,140757,96,140889
22597,0.030707,104.244.42.0-255,66,140823,96,140889
22598,0.03071,104.244.42.0-255,66,140889,96,140889
22599,0.0,74.125.24.0-255,153,153,96,267510
22600,3.2e-05,172.31.47.0-255,66,219,96,267510
22601,3.9e-05,74.125.24.0-255,1484,1703,96,267510
22602,4.3e-05,172.31.47.0-255,66,1769,96,267510
22603,4.8e-05,74.125.24.0-255,2902,4671,96,267510
22604,5.2e-05,172.31.47.0-255,66,4737,96,267510
22605,7.8e-05,74.125.24.0-255,7156,11893,96,267510
22606,8.4e-05,172.31.47.0-255,66,11959,96,267510
22607,0.000105,74.125.24.0-255,2161,14120,96,267510
22608,0.000108,172.31.47.0-255,66,14186,96,267510
22609,0.000217,74.125.24.0-255,1484,15670,96,267510
22610,0.000222,172.31.47.0-255,66,15736,96,267510
22611,0.000228,74.125.24.0-255,2902,18638,96,267510
22612,0.00023,172.31.47.0-255,66,18704,96,267510
22613,0.000241,74.125.24.0-255,1484,20188,96,267510
22614,0.000244,172.31.47.0-255,66,20254,96,267510
22615,0.000261,74.125.24.0-255,4320,24574,96,267510
22616,0.000264,172.31.47.0-255,66,24640,96,267510
22617,0.000302,74.125.24.0-255,6797,31437,96,267510
22618,0.000307,172.31.47.0-255,66,31503,96,267510
22619,0.000334,74.125.24.0-255,7156,38659,96,267510
22620,0.000339,172.31.47.0-255,66,38725,96,267510
22621,0.000359,74.125.24.0-255,2902,41627,96,267510
22622,0.000362,172.31.47.0-255,66,41693,96,267510
22623,0.000384,74.125.24.0-255,6797,48490,96,267510
22624,0.000388,172.31.47.0-255,66,48556,96,267510
22625,0.000408,74.125.24.0-255,1484,50040,96,267510
22626,0.00041,172.31.47.0-255,66,50106,96,267510
22627,0.000433,74.125.24.0-255,2902,53008,96,267510
22628,0.000436,172.31.47.0-255,66,53074,96,267510
22629,0.000443,74.125.24.0-255,5738,58812,96,267510
22630,0.000445,172.31.47.0-255,66,58878,96,267510
22631,0.000485,74.125.24.0-255,6797,65675,96,267510
22632,0.000489,172.31.47.0-255,66,65741,96,267510
22633,0.000507,74.125.24.0-255,645,66386,96,267510
22634,0.000694,74.125.24.0-255,1484,67870,96,267510
22635,0.000698,172.31.47.0-255,66,67936,96,267510
22636,0.000704,74.125.24.0-255,2902,70838,96,267510
22637,0.000706,172.31.47.0-255,66,70904,96,267510
22638,0.000709,74.125.24.0-255,1484,72388,96,267510
22639,0.000735,74.125.24.0-255,4320,76708,96,267510
22640,0.000739,172.31.47.0-255,66,76774,96,267510
22641,0.000763,74.125.24.0-255,6249,83023,96,267510
22642,0.000765,172.31.47.0-255,66,83089,96,267510
22643,0.001093,74.125.24.0-255,1484,84573,96,267510
22644,0.001101,74.125.24.0-255,1484,86057,96,267510
22645,0.001104,172.31.47.0-255,66,86123,96,267510
22646,0.001118,74.125.24.0-255,1484,87607,96,267510
22647,0.001125,74.125.24.0-255,5738,93345,96,267510
22648,0.001128,172.31.47.0-255,66,93411,96,267510
22649,0.001132,74.125.24.0-255,2902,96313,96,267510
22650,0.001134,172.31.47.0-255,66,96379,96,267510
22651,0.001162,172.31.47.0-255,66,96445,96,267510
22652,0.001166,74.125.24.0-255,2902,99347,96,267510
22653,0.001168,172.31.47.0-255,66,99413,96,267510
22654,0.001189,74.125.24.0-255,7156,106569,96,267510
22655,0.001191,172.31.47.0-255,66,106635,96,267510
22656,0.001194,74.125.24.0-255,766,107401,96,267510
22657,0.001381,74.125.24.0-255,1484,108885,96,267510
22658,0.001385,172.31.47.0-255,66,108951,96,267510
22659,0.00139,74.125.24.0-255,2902,111853,96,267510
22660,0.001392,172.31.47.0-255,66,111919,96,267510
22661,0.001404,74.125.24.0-255,2902,114821,96,267510
22662,0.001406,172.31.47.0-255,66,114887,96,267510
22663,0.001429,74.125.24.0-255,2902,117789,96,267510
22664,0.001432,172.31.47.0-255,66,117855,96,267510
22665,0.001447,74.125.24.0-255,5738,123593,96,267510
22666,0.001449,172.31.47.0-255,66,123659,96,267510
22667,0.001467,74.125.24.0-255,7156,130815,96,267510
22668,0.001468,172.31.47.0-255,66,130881,96,267510
22669,0.001476,74.125.24.0-255,7156,138037,96,267510
22670,0.001477,172.31.47.0-255,66,138103,96,267510
22671,0.001499,74.125.24.0-255,3602,141705,96,267510
22672,0.0015,172.31.47.0-255,66,141771,96,267510
22673,0.001793,74.125.24.0-255,1484,143255,96,267510
22674,0.0018,74.125.24.0-255,2902,146157,96,267510
22675,0.001805,172.31.47.0-255,66,146223,96,267510
22676,0.001841,74.125.24.0-255,5738,151961,96,267510
22677,0.001843,172.31.47.0-255,66,152027,96,267510
22678,0.001846,74.125.24.0-255,1484,153511,96,267510
22679,0.00187,172.31.47.0-255,66,153577,96,267510
22680,0.001876,74.125.24.0-255,5738,159315,96,267510
22681,0.001877,172.31.47.0-255,66,159381,96,267510
22682,0.001891,74.125.24.0-255,4320,163701,96,267510
22683,0.001892,172.31.47.0-255,66,163767,96,267510
22684,0.001895,74.125.24.0-255,766,164533,96,267510
22685,0.001969,74.125.24.0-255,1484,166017,96,267510
22686,0.001972,172.31.47.0-255,66,166083,96,267510
22687,0.00199,74.125.24.0-255,2902,168985,96,267510
22688,0.001992,172.31.47.0-255,66,169051,96,267510
22689,0.001997,74.125.24.0-255,4320,173371,96,267510
22690,0.001999,172.31.47.0-255,66,173437,96,267510
22691,0.002009,74.125.24.0-255,1484,174921,96,267510
22692,0.002013,74.125.24.0-255,2902,177823,96,267510
22693,0.002015,172.31.47.0-255,66,177889,96,267510
22694,0.002027,74.125.24.0-255,4320,182209,96,267510
22695,0.002029,172.31.47.0-255,66,182275,96,267510
22696,0.002046,74.125.24.0-255,2902,185177,96,267510
22697,0.002048,172.31.47.0-255,66,185243,96,267510
22698,0.002071,172.31.47.0-255,66,185309,96,267510
22699,0.002074,74.125.24.0-255,2184,187493,96,267510
22700,0.002076,172.31.47.0-255,66,187559,96,267510
22701,0.002108,74.125.24.0-255,1484,189043,96,267510
22702,0.002134,172.31.47.0-255,66,189109,96,267510
22703,0.002153,74.125.24.0-255,1484,190593,96,267510
22704,0.002167,172.31.47.0-255,66,190659,96,267510
22705,0.002184,74.125.24.0-255,2184,192843,96,267510
22706,0.002186,172.31.47.0-255,66,192909,96,267510
22707,0.002438,74.125.24.0-255,1484,194393,96,267510
22708,0.002441,74.125.24.0-255,1484,195877,96,267510
22709,0.002443,172.31.47.0-255,66,195943,96,267510
22710,0.002457,74.125.24.0-255,1484,197427,96,267510
22711,0.002462,74.125.24.0-255,4320,201747,96,267510
22712,0.002464,172.31.47.0-255,66,201813,96,267510
22713,0.002499,74.125.24.0-255,1484,203297,96,267510
22714,0.002507,172.31.47.0-255,66,203363,96,267510
22715,0.002578,172.31.47.0-255,66,203429,96,267510
22716,0.002583,74.125.24.0-255,5738,209167,96,267510
22717,0.002585,172.31.47.0-255,66,209233,96,267510
22718,0.002606,172.31.47.0-255,66,209299,96,267510
22719,0.002611,74.125.24.0-255,7156,216455,96,267510
22720,0.002613,172.31.47.0-255,66,216521,96,267510
22721,0.002648,74.125.24.0-255,2902,219423,96,267510
22722,0.00265,172.31.47.0-255,66,219489,96,267510
22723,0.002675,172.31.47.0-255,66,219555,96,267510
22724,0.002679,74.125.24.0-255,5738,225293,96,267510
22725,0.002681,172.31.47.0-255,66,225359,96,267510
22726,0.002695,74.125.24.0-255,7156,232515,96,267510
22727,0.002697,172.31.47.0-255,66,232581,96,267510
22728,0.002735,172.31.47.0-255,66,232647,96,267510
22729,0.002744,172.31.47.0-255,66,232713,96,267510
22730,0.002773,74.125.24.0-255,7156,239869,96,267510
22731,0.002775,172.31.47.0-255,66,239935,96,267510
22732,0.002792,172.31.47.0-255,66,240001,96,267510
22733,0.002814,172.31.47.0-255,66,240067,96,267510
22734,0.002818,74.125.24.0-255,3602,243669,96,267510
22735,0.00282,172.31.47.0-255,66,243735,96,267510
22736,0.002952,74.125.24.0-255,1484,245219,96,267510
22737,0.002978,74.125.24.0-255,2902,248121,96,267510
22738,0.00298,172.31.47.0-255,66,248187,96,267510
22739,0.002995,74.125.24.0-255,4320,252507,96,267510
22740,0.002996,172.31.47.0-255,66,252573,96,267510
22741,0.003028,172.31.47.0-255,66,252639,96,267510
22742,0.003031,74.125.24.0-255,2902,255541,96,267510
22743,0.003033,172.31.47.0-255,66,255607,96,267510
22744,0.003035,74.125.24.0-255,1484,257091,96,267510
22745,0.003088,74.125.24.0-255,2902,259993,96,267510
22746,0.00309,172.31.47.0-255,66,260059,96,267510
22747,0.003101,74.125.24.0-255,2749,262808,96,267510
22748,0.003102,172.31.47.0-255,66,262874,96,267510
22749,0.003105,74.125.24.0-255,105,262979,96,267510
22750,0.006295,172.31.47.0-255,66,263045,96,267510
22751,0.006329,172.31.47.0-255,105,263150,96,267510
22752,0.008902,74.125.24.0-255,66,263216,96,267510
22753,0.034753,172.31.47.0-255,171,263387,96,267510
22754,0.034784,172.31.47.0-255,1133,264520,96,267510
22755,0.034826,172.31.47.0-255,1514,266034,96,267510
22756,0.034828,172.31.47.0-255,1278,267312,96,267510
22757,0.036354,104.244.42.0-255,66,267378,96,267510
22758,0.03637,104.244.42.0-255,66,267444,96,267510
22759,0.036373,104.244.42.0-255,66,267510,96,267510
22760,0.0,172.31.47.0-255,66,66,96,66
22761,0.0,172.217.194.0-255,153,153,96,235219
22762,2.4e-05,172.31.47.0-255,66,219,96,235219
22763,3e-05,172.217.194.0-255,1484,1703,96,235219
22764,3.4e-05,172.31.47.0-255,66,1769,96,235219
22765,3.8e-05,172.217.194.0-255,2902,4671,96,235219
22766,4e-05,172.31.47.0-255,66,4737,96,235219
22767,4.3e-05,172.217.194.0-255,1484,6221,96,235219
22768,4.5e-05,172.31.47.0-255,66,6287,96,235219
22769,6.6e-05,172.217.194.0-255,5738,12025,96,235219
22770,6.9e-05,172.31.47.0-255,66,12091,96,235219
22771,7.4e-05,172.217.194.0-255,4320,16411,96,235219
22772,7.6e-05,172.31.47.0-255,66,16477,96,235219
22773,9.9e-05,172.217.194.0-255,6425,22902,96,235219
22774,0.000101,172.31.47.0-255,66,22968,96,235219
22775,0.00013,172.31.47.0-255,66,23034,96,235219
22776,0.0002,172.217.194.0-255,1484,24518,96,235219
22777,0.000203,172.31.47.0-255,66,24584,96,235219
22778,0.000215,172.217.194.0-255,2902,27486,96,235219
22779,0.000217,172.31.47.0-255,66,27552,96,235219
22780,0.000233,172.217.194.0-255,5738,33290,96,235219
22781,0.000236,172.31.47.0-255,66,33356,96,235219
22782,0.000269,172.217.194.0-255,2902,36258,96,235219
22783,0.000272,172.31.47.0-255,66,36324,96,235219
22784,0.000305,172.31.47.0-255,66,36390,96,235219
22785,0.000312,172.217.194.0-255,5738,42128,96,235219
22786,0.000314,172.31.47.0-255,66,42194,96,235219
22787,0.000345,172.217.194.0-255,3961,46155,96,235219
22788,0.000348,172.31.47.0-255,66,46221,96,235219
22789,0.000619,172.217.194.0-255,645,46866,96,235219
22790,0.000625,172.31.47.0-255,66,46932,96,235219
22791,0.000692,172.217.194.0-255,1484,48416,96,235219
22792,0.000696,172.217.194.0-255,1484,49900,96,235219
22793,0.0007,172.31.47.0-255,66,49966,96,235219
22794,0.000712,172.217.194.0-255,1484,51450,96,235219
22795,0.000718,172.217.194.0-255,5738,57188,96,235219
22796,0.000721,172.31.47.0-255,66,57254,96,235219
22797,0.000743,172.217.194.0-255,5738,62992,96,235219
22798,0.000746,172.31.47.0-255,66,63058,96,235219
22799,0.000764,172.217.194.0-255,7156,70214,96,235219
22800,0.000766,172.31.47.0-255,66,70280,96,235219
22801,0.000775,172.31.47.0-255,66,70346,96,235219
22802,0.00081,172.217.194.0-255,2184,72530,96,235219
22803,0.000812,172.31.47.0-255,66,72596,96,235219
22804,0.000815,172.217.194.0-255,2902,75498,96,235219
22805,0.000816,172.31.47.0-255,66,75564,96,235219
22806,0.000833,172.217.194.0-255,7156,82720,96,235219
22807,0.000835,172.31.47.0-255,66,82786,96,235219
22808,0.000858,172.217.194.0-255,5738,88524,96,235219
22809,0.000861,172.31.47.0-255,66,88590,96,235219
22810,0.000886,172.31.47.0-255,66,88656,96,235219
22811,0.000906,172.217.194.0-255,4320,92976,96,235219
22812,0.000908,172.31.47.0-255,66,93042,96,235219
22813,0.000931,172.217.194.0-255,5020,98062,96,235219
22814,0.000934,172.31.47.0-255,66,98128,96,235219
22815,0.000943,172.31.47.0-255,66,98194,96,235219
22816,0.000981,172.31.47.0-255,66,98260,96,235219
22817,0.000999,172.217.194.0-255,1484,99744,96,235219
22818,0.001002,172.217.194.0-255,1484,101228,96,235219
22819,0.001004,172.31.47.0-255,66,101294,96,235219
22820,0.001027,172.217.194.0-255,3602,104896,96,235219
22821,0.00103,172.31.47.0-255,66,104962,96,235219
22822,0.001035,172.217.194.0-255,5738,110700,96,235219
22823,0.001037,172.31.47.0-255,66,110766,96,235219
22824,0.001042,172.217.194.0-255,4320,115086,96,235219
22825,0.001044,172.31.47.0-255,66,115152,96,235219
22826,0.001075,172.31.47.0-255,66,115218,96,235219
22827,0.001084,172.31.47.0-255,66,115284,96,235219
22828,0.001107,172.217.194.0-255,2184,117468,96,235219
22829,0.00111,172.31.47.0-255,66,117534,96,235219
22830,0.001134,172.217.194.0-255,2902,120436,96,235219
22831,0.001136,172.31.47.0-255,66,120502,96,235219
22832,0.001139,172.217.194.0-255,1484,121986,96,235219
22833,0.00116,172.217.194.0-255,5738,127724,96,235219
22834,0.001163,172.31.47.0-255,66,127790,96,235219
22835,0.001168,172.217.194.0-255,5738,133528,96,235219
22836,0.00117,172.31.47.0-255,66,133594,96,235219
22837,0.001173,172.217.194.0-255,2902,136496,96,235219
22838,0.001175,172.31.47.0-255,66,136562,96,235219
22839,0.001212,172.31.47.0-255,66,136628,96,235219
22840,0.001217,172.217.194.0-255,3602,140230,96,235219
22841,0.001218,172.31.47.0-255,66,140296,96,235219
22842,0.001353,172.217.194.0-255,1484,141780,96,235219
22843,0.001372,172.217.194.0-255,2902,144682,96,235219
22844,0.001375,172.31.47.0-255,66,144748,96,235219
22845,0.001379,172.217.194.0-255,2902,147650,96,235219
22846,0.001381,172.31.47.0-255,66,147716,96,235219
22847,0.001396,172.217.194.0-255,2902,150618,96,235219
22848,0.001398,172.31.47.0-255,66,150684,96,235219
22849,0.001403,172.217.194.0-255,4320,155004,96,235219
22850,0.001404,172.31.47.0-255,66,155070,96,235219
22851,0.001444,172.31.47.0-255,66,155136,96,235219
22852,0.001454,172.31.47.0-255,66,155202,96,235219
22853,0.001457,172.217.194.0-255,2184,157386,96,235219
22854,0.001459,172.31.47.0-255,66,157452,96,235219
22855,0.001499,172.217.194.0-255,2902,160354,96,235219
22856,0.001502,172.31.47.0-255,66,160420,96,235219
22857,0.001507,172.217.194.0-255,4320,164740,96,235219
22858,0.001509,172.31.47.0-255,66,164806,96,235219
22859,0.001522,172.217.194.0-255,2902,167708,96,235219
22860,0.001524,172.31.47.0-255,66,167774,96,235219
22861,0.001582,172.31.47.0-255,66,167840,96,235219
22862,0.001592,172.31.47.0-255,66,167906,96,235219
22863,0.001601,172.31.47.0-255,66,167972,96,235219
22864,0.001629,172.217.194.0-255,2902,170874,96,235219
22865,0.001632,172.31.47.0-255,66,170940,96,235219
22866,0.001647,172.31.47.0-255,66,171006,96,235219
22867,0.001649,172.217.194.0-255,766,171772,96,235219
22868,0.001745,172.217.194.0-255,1484,173256,96,235219
22869,0.001748,172.31.47.0-255,66,173322,96,235219
22870,0.001752,172.217.194.0-255,2902,176224,96,235219
22871,0.001754,172.31.47.0-255,66,176290,96,235219
22872,0.001766,172.217.194.0-255,2902,179192,96,235219
22873,0.001769,172.31.47.0-255,66,179258,96,235219
22874,0.001786,172.217.194.0-255,2902,182160,96,235219
22875,0.001789,172.31.47.0-255,66,182226,96,235219
22876,0.001813,172.217.194.0-255,5738,187964,96,235219
22877,0.001815,172.31.47.0-255,66,188030,96,235219
22878,0.001834,172.217.194.0-255,1484,189514,96,235219
22879,0.001841,172.217.194.0-255,5738,195252,96,235219
22880,0.001844,172.31.47.0-255,66,195318,96,235219
22881,0.001888,172.31.47.0-255,66,195384,96,235219
22882,0.001902,172.217.194.0-255,2184,197568,96,235219
22883,0.001904,172.31.47.0-255,66,197634,96,235219
22884,0.001919,172.217.194.0-255,2902,200536,96,235219
22885,0.001922,172.31.47.0-255,66,200602,96,235219
22886,0.001942,172.217.194.0-255,1484,202086,96,235219
22887,0.001962,172.217.194.0-255,5738,207824,96,235219
22888,0.00197,172.31.47.0-255,66,207890,96,235219
22889,0.001975,172.217.194.0-255,4320,212210,96,235219
22890,0.001979,172.31.47.0-255,66,212276,96,235219
22891,0.001994,172.217.194.0-255,1484,213760,96,235219
22892,0.001997,172.217.194.0-255,1484,215244,96,235219
22893,0.001999,172.31.47.0-255,66,215310,96,235219
22894,0.002035,172.31.47.0-255,66,215376,96,235219
22895,0.004015,172.217.194.0-255,5738,221114,96,235219
22896,0.004028,172.31.47.0-255,66,221180,96,235219
22897,0.005998,172.217.194.0-255,5738,226918,96,235219
22898,0.006004,172.31.47.0-255,66,226984,96,235219
22899,0.007979,172.217.194.0-255,4670,231654,96,235219
22900,0.007985,172.31.47.0-255,66,231720,96,235219
22901,0.02084,172.31.47.0-255,105,231825,96,235219
22902,0.022806,172.217.194.0-255,66,231891,96,235219
22903,0.037668,172.31.47.0-255,172,232063,96,235219
22904,0.037704,172.31.47.0-255,1109,233172,96,235219
22905,0.037764,172.31.47.0-255,1514,234686,96,235219
22906,0.037766,172.31.47.0-255,335,235021,96,235219
22907,0.039213,104.244.42.0-255,66,235087,96,235219
22908,0.039255,104.244.42.0-255,66,235153,96,235219
22909,0.039305,104.244.42.0-255,66,235219,96,235219
22910,0.0,172.217.194.0-255,153,153,96,261839
22911,2.4e-05,172.31.47.0-255,66,219,96,261839
22912,3.1e-05,172.217.194.0-255,1484,1703,96,261839
22913,3.5e-05,172.31.47.0-255,66,1769,96,261839
22914,4.1e-05,172.217.194.0-255,2902,4671,96,261839
22915,4.3e-05,172.31.47.0-255,66,4737,96,261839
22916,5.6e-05,172.217.194.0-255,4320,9057,96,261839
22917,5.9e-05,172.31.47.0-255,66,9123,96,261839
22918,6.5e-05,172.217.194.0-255,5002,14125,96,261839
22919,6.8e-05,172.31.47.0-255,66,14191,96,261839
22920,7.4e-05,172.217.194.0-255,4320,18511,96,261839
22921,7.6e-05,172.31.47.0-255,66,18577,96,261839
22922,8.3e-05,172.217.194.0-255,5738,24315,96,261839
22923,8.6e-05,172.31.47.0-255,66,24381,96,261839
22924,0.000123,172.217.194.0-255,6797,31178,96,261839
22925,0.000126,172.31.47.0-255,66,31244,96,261839
22926,0.00013,172.217.194.0-255,1484,32728,96,261839
22927,0.000132,172.31.47.0-255,66,32794,96,261839
22928,0.000175,172.217.194.0-255,5738,38532,96,261839
22929,0.000178,172.31.47.0-255,66,38598,96,261839
22930,0.000189,172.31.47.0-255,66,38664,96,261839
22931,0.000245,172.31.47.0-255,66,38730,96,261839
22932,0.000315,172.217.194.0-255,646,39376,96,261839
22933,0.000318,172.31.47.0-255,66,39442,96,261839
22934,0.001036,172.217.194.0-255,1484,40926,96,261839
22935,0.001041,172.31.47.0-255,66,40992,96,261839
22936,0.001047,172.217.194.0-255,2902,43894,96,261839
22937,0.001048,172.31.47.0-255,66,43960,96,261839
22938,0.001055,172.217.194.0-255,5738,49698,96,261839
22939,0.001056,172.31.47.0-255,66,49764,96,261839
22940,0.001088,172.217.194.0-255,4320,54084,96,261839
22941,0.001089,172.31.47.0-255,66,54150,96,261839
22942,0.001114,172.217.194.0-255,5738,59888,96,261839
22943,0.00112,172.217.194.0-255,5738,65626,96,261839
22944,0.001123,172.31.47.0-255,66,65692,96,261839
22945,0.001129,172.31.47.0-255,66,65758,96,261839
22946,0.00114,172.31.47.0-255,66,65824,96,261839
22947,0.001669,172.217.194.0-255,1484,67308,96,261839
22948,0.00168,172.217.194.0-255,2902,70210,96,261839
22949,0.001684,172.31.47.0-255,66,70276,96,261839
22950,0.001699,172.217.194.0-255,2902,73178,96,261839
22951,0.001704,172.31.47.0-255,66,73244,96,261839
22952,0.001715,172.217.194.0-255,2902,76146,96,261839
22953,0.00172,172.31.47.0-255,66,76212,96,261839
22954,0.001741,172.217.194.0-255,5738,81950,96,261839
22955,0.001743,172.31.47.0-255,66,82016,96,261839
22956,0.001772,172.217.194.0-255,7156,89172,96,261839
22957,0.001775,172.31.47.0-255,66,89238,96,261839
22958,0.001786,172.31.47.0-255,66,89304,96,261839
22959,0.001788,172.217.194.0-255,766,90070,96,261839
22960,0.002353,172.217.194.0-255,1484,91554,96,261839
22961,0.002359,172.31.47.0-255,66,91620,96,261839
22962,0.002364,172.217.194.0-255,1484,93104,96,261839
22963,0.002384,172.217.194.0-255,1484,94588,96,261839
22964,0.002386,172.31.47.0-255,66,94654,96,261839
22965,0.002392,172.217.194.0-255,5738,100392,96,261839
22966,0.002394,172.31.47.0-255,66,100458,96,261839
22967,0.002413,172.217.194.0-255,7156,107614,96,261839
22968,0.002415,172.31.47.0-255,66,107680,96,261839
22969,0.002457,172.31.47.0-255,66,107746,96,261839
22970,0.002461,172.217.194.0-255,2184,109930,96,261839
22971,0.002463,172.31.47.0-255,66,109996,96,261839
22972,0.00248,172.217.194.0-255,4320,114316,96,261839
22973,0.002482,172.31.47.0-255,66,114382,96,261839
22974,0.002513,172.31.47.0-255,66,114448,96,261839
22975,0.00252,172.217.194.0-255,7156,121604,96,261839
22976,0.002522,172.31.47.0-255,66,121670,96,261839
22977,0.002534,172.217.194.0-255,4320,125990,96,261839
22978,0.002536,172.31.47.0-255,66,126056,96,261839
22979,0.002555,172.217.194.0-255,1484,127540,96,261839
22980,0.002576,172.217.194.0-255,2184,129724,96,261839
22981,0.002578,172.31.47.0-255,66,129790,96,261839
22982,0.005121,172.217.194.0-255,1484,131274,96,261839
22983,0.005157,172.217.194.0-255,4320,135594,96,261839
22984,0.005167,172.31.47.0-255,66,135660,96,261839
22985,0.007747,172.217.194.0-255,5738,141398,96,261839
22986,0.00776,172.31.47.0-255,66,141464,96,261839
22987,0.010348,172.217.194.0-255,5738,147202,96,261839
22988,0.010366,172.31.47.0-255,66,147268,96,261839
22989,0.012961,172.217.194.0-255,5738,153006,96,261839
22990,0.01298,172.31.47.0-255,66,153072,96,261839
22991,0.015586,172.217.194.0-255,5738,158810,96,261839
22992,0.015606,172.31.47.0-255,66,158876,96,261839
22993,0.018186,172.217.194.0-255,5738,164614,96,261839
22994,0.018199,172.31.47.0-255,66,164680,96,261839
22995,0.020778,172.217.194.0-255,5738,170418,96,261839
22996,0.02079,172.31.47.0-255,66,170484,96,261839
22997,0.023398,172.217.194.0-255,5738,176222,96,261839
22998,0.023408,172.31.47.0-255,66,176288,96,261839
22999,0.026018,172.217.194.0-255,5738,182026,96,261839
23000,0.026027,172.31.47.0-255,66,182092,96,261839
23001,0.028106,172.31.47.0-255,172,182264,96,261839
23002,0.028138,172.31.47.0-255,1109,183373,96,261839
23003,0.028186,172.31.47.0-255,1514,184887,96,261839
23004,0.028188,172.31.47.0-255,1302,186189,96,261839
23005,0.028615,172.217.194.0-255,5738,191927,96,261839
23006,0.028622,172.31.47.0-255,66,191993,96,261839
23007,0.029697,104.244.42.0-255,66,192059,96,261839
23008,0.029726,104.244.42.0-255,66,192125,96,261839
23009,0.029742,104.244.42.0-255,66,192191,96,261839
23010,0.031269,172.217.194.0-255,5738,197929,96,261839
23011,0.031273,172.31.47.0-255,66,197995,96,261839
23012,0.033868,172.217.194.0-255,5738,203733,96,261839
23013,0.033875,172.31.47.0-255,66,203799,96,261839
23014,0.036443,172.217.194.0-255,5738,209537,96,261839
23015,0.036448,172.31.47.0-255,66,209603,96,261839
23016,0.039025,172.217.194.0-255,5738,215341,96,261839
23017,0.039031,172.31.47.0-255,66,215407,96,261839
23018,0.041623,172.217.194.0-255,5738,221145,96,261839
23019,0.041631,172.31.47.0-255,66,221211,96,261839
23020,0.044263,172.217.194.0-255,5738,226949,96,261839
23021,0.044273,172.31.47.0-255,66,227015,96,261839
23022,0.046856,172.217.194.0-255,5738,232753,96,261839
23023,0.046861,172.31.47.0-255,66,232819,96,261839
23024,0.049436,172.217.194.0-255,5738,238557,96,261839
23025,0.049448,172.31.47.0-255,66,238623,96,261839
23026,0.052058,172.217.194.0-255,5738,244361,96,261839
23027,0.052073,172.31.47.0-255,66,244427,96,261839
23028,0.05466,172.217.194.0-255,5738,250165,96,261839
23029,0.054674,172.31.47.0-255,66,250231,96,261839
23030,0.057309,172.217.194.0-255,5738,255969,96,261839
23031,0.057324,172.31.47.0-255,66,256035,96,261839
23032,0.059947,172.217.194.0-255,5738,261773,96,261839
23033,0.05996,172.31.47.0-255,66,261839,96,261839
23034,0.0,172.217.24.0-255,153,153,96,314063
23035,3.3e-05,172.31.47.0-255,66,219,96,314063
23036,4e-05,172.217.24.0-255,1484,1703,96,314063
23037,4.4e-05,172.31.47.0-255,66,1769,96,314063
23038,4.9e-05,172.217.24.0-255,2902,4671,96,314063
23039,5.1e-05,172.31.47.0-255,66,4737,96,314063
23040,5.5e-05,172.217.24.0-255,1484,6221,96,314063
23041,5.7e-05,172.31.47.0-255,66,6287,96,314063
23042,8.3e-05,172.217.24.0-255,2902,9189,96,314063
23043,8.7e-05,172.31.47.0-255,66,9255,96,314063
23044,0.000108,172.217.24.0-255,4984,14239,96,314063
23045,0.00011,172.31.47.0-255,66,14305,96,314063
23046,0.00026,172.217.24.0-255,1484,15789,96,314063
23047,0.000264,172.31.47.0-255,66,15855,96,314063
23048,0.00027,172.217.24.0-255,2902,18757,96,314063
23049,0.000272,172.31.47.0-255,66,18823,96,314063
23050,0.0003,172.217.24.0-255,5738,24561,96,314063
23051,0.000304,172.31.47.0-255,66,24627,96,314063
23052,0.000311,172.217.24.0-255,6797,31424,96,314063
23053,0.000313,172.31.47.0-255,66,31490,96,314063
23054,0.000377,172.217.24.0-255,1484,32974,96,314063
23055,0.000381,172.31.47.0-255,66,33040,96,314063
23056,0.000411,172.217.24.0-255,1484,34524,96,314063
23057,0.000413,172.31.47.0-255,66,34590,96,314063
23058,0.000418,172.217.24.0-255,2902,37492,96,314063
23059,0.00042,172.31.47.0-255,66,37558,96,314063
23060,0.000437,172.217.24.0-255,5738,43296,96,314063
23061,0.00044,172.31.47.0-255,66,43362,96,314063
23062,0.000462,172.217.24.0-255,5379,48741,96,314063
23063,0.000465,172.31.47.0-255,66,48807,96,314063
23064,0.000573,172.217.24.0-255,1484,50291,96,314063
23065,0.000577,172.31.47.0-255,66,50357,96,314063
23066,0.00058,172.217.24.0-255,1484,51841,96,314063
23067,0.000593,172.217.24.0-255,1484,53325,96,314063
23068,0.000596,172.31.47.0-255,66,53391,96,314063
23069,0.000599,172.217.24.0-255,1484,54875,96,314063
23070,0.000616,172.217.24.0-255,4320,59195,96,314063
23071,0.00062,172.31.47.0-255,66,59261,96,314063
23072,0.000627,172.217.24.0-255,6797,66058,96,314063
23073,0.00063,172.31.47.0-255,66,66124,96,314063
23074,0.000652,172.217.24.0-255,360,66484,96,314063
23075,0.000802,172.31.47.0-255,66,66550,96,314063
23076,0.001102,172.217.24.0-255,128,66678,96,314063
23077,0.001143,172.31.47.0-255,66,66744,96,314063
23078,0.001342,172.217.24.0-255,1484,68228,96,314063
23079,0.001351,172.217.24.0-255,2902,71130,96,314063
23080,0.001355,172.31.47.0-255,66,71196,96,314063
23081,0.00136,172.217.24.0-255,2902,74098,96,314063
23082,0.001362,172.31.47.0-255,66,74164,96,314063
23083,0.001379,172.217.24.0-255,2902,77066,96,314063
23084,0.001382,172.31.47.0-255,66,77132,96,314063
23085,0.001413,172.217.24.0-255,6797,83929,96,314063
23086,0.001417,172.31.47.0-255,66,83995,96,314063
23087,0.001419,172.217.24.0-255,1484,85479,96,314063
23088,0.001445,172.217.24.0-255,2902,88381,96,314063
23089,0.001447,172.31.47.0-255,66,88447,96,314063
23090,0.001471,172.217.24.0-255,5738,94185,96,314063
23091,0.001474,172.31.47.0-255,66,94251,96,314063
23092,0.001484,172.217.24.0-255,6797,101048,96,314063
23093,0.001486,172.31.47.0-255,66,101114,96,314063
23094,0.00162,172.217.24.0-255,1484,102598,96,314063
23095,0.001626,172.217.24.0-255,2902,105500,96,314063
23096,0.00163,172.31.47.0-255,66,105566,96,314063
23097,0.001633,172.217.24.0-255,1484,107050,96,314063
23098,0.001648,172.217.24.0-255,4320,111370,96,314063
23099,0.00165,172.31.47.0-255,66,111436,96,314063
23100,0.001682,172.31.47.0-255,66,111502,96,314063
23101,0.001703,172.217.24.0-255,4320,115822,96,314063
23102,0.001706,172.31.47.0-255,66,115888,96,314063
23103,0.001712,172.217.24.0-255,7156,123044,96,314063
23104,0.001714,172.31.47.0-255,66,123110,96,314063
23105,0.001737,172.217.24.0-255,3602,126712,96,314063
23106,0.00174,172.31.47.0-255,66,126778,96,314063
23107,0.001786,172.217.24.0-255,1484,128262,96,314063
23108,0.001789,172.217.24.0-255,1484,129746,96,314063
23109,0.001792,172.31.47.0-255,66,129812,96,314063
23110,0.001809,172.217.24.0-255,1484,131296,96,314063
23111,0.001814,172.217.24.0-255,4320,135616,96,314063
23112,0.001816,172.31.47.0-255,66,135682,96,314063
23113,0.001834,172.217.24.0-255,1484,137166,96,314063
23114,0.001845,172.31.47.0-255,66,137232,96,314063
23115,0.00185,172.217.24.0-255,5738,142970,96,314063
23116,0.001853,172.31.47.0-255,66,143036,96,314063
23117,0.001869,172.217.24.0-255,6438,149474,96,314063
23118,0.001872,172.31.47.0-255,66,149540,96,314063
23119,0.001874,172.217.24.0-255,354,149894,96,314063
23120,0.002452,172.31.47.0-255,66,149960,96,314063
23121,0.003838,172.217.24.0-255,4320,154280,96,314063
23122,0.003843,172.31.47.0-255,66,154346,96,314063
23123,0.004419,172.217.24.0-255,1484,155830,96,314063
23124,0.005821,172.217.24.0-255,4320,160150,96,314063
23125,0.005824,172.31.47.0-255,66,160216,96,314063
23126,0.007808,172.217.24.0-255,5738,165954,96,314063
23127,0.007816,172.31.47.0-255,66,166020,96,314063
23128,0.009797,172.217.24.0-255,5738,171758,96,314063
23129,0.009806,172.31.47.0-255,66,171824,96,314063
23130,0.011795,172.217.24.0-255,5738,177562,96,314063
23131,0.011807,172.31.47.0-255,66,177628,96,314063
23132,0.013791,172.217.24.0-255,5738,183366,96,314063
23133,0.013801,172.31.47.0-255,66,183432,96,314063
23134,0.015795,172.217.24.0-255,5738,189170,96,314063
23135,0.015805,172.31.47.0-255,66,189236,96,314063
23136,0.017814,172.217.24.0-255,5738,194974,96,314063
23137,0.017823,172.31.47.0-255,66,195040,96,314063
23138,0.019802,172.217.24.0-255,5738,200778,96,314063
23139,0.01981,172.31.47.0-255,66,200844,96,314063
23140,0.021794,172.217.24.0-255,5738,206582,96,314063
23141,0.021806,172.31.47.0-255,66,206648,96,314063
23142,0.023797,172.217.24.0-255,5738,212386,96,314063
23143,0.023806,172.31.47.0-255,66,212452,96,314063
23144,0.024795,172.31.47.0-255,172,212624,96,314063
23145,0.024824,172.31.47.0-255,1101,213725,96,314063
23146,0.024864,172.31.47.0-255,1514,215239,96,314063
23147,0.024865,172.31.47.0-255,1310,216549,96,314063
23148,0.025793,172.217.24.0-255,4320,220869,96,314063
23149,0.0258,172.31.47.0-255,66,220935,96,314063
23150,0.025833,172.217.24.0-255,1484,222419,96,314063
23151,0.026335,104.244.42.0-255,66,222485,96,314063
23152,0.026368,104.244.42.0-255,66,222551,96,314063
23153,0.026416,104.244.42.0-255,66,222617,96,314063
23154,0.027771,172.217.24.0-255,4320,226937,96,314063
23155,0.027774,172.31.47.0-255,66,227003,96,314063
23156,0.029767,172.217.24.0-255,5738,232741,96,314063
23157,0.029773,172.31.47.0-255,66,232807,96,314063
23158,0.03178,172.217.24.0-255,5738,238545,96,314063
23159,0.031802,172.31.47.0-255,66,238611,96,314063
23160,0.033793,172.217.24.0-255,5738,244349,96,314063
23161,0.033809,172.31.47.0-255,66,244415,96,314063
23162,0.035798,172.217.24.0-255,5738,250153,96,314063
23163,0.035812,172.31.47.0-255,66,250219,96,314063
23164,0.038044,172.217.24.0-255,5738,255957,96,314063
23165,0.038059,172.31.47.0-255,66,256023,96,314063
23166,0.040071,172.217.24.0-255,5738,261761,96,314063
23167,0.040088,172.31.47.0-255,66,261827,96,314063
23168,0.042085,172.217.24.0-255,5738,267565,96,314063
23169,0.042105,172.31.47.0-255,66,267631,96,314063
23170,0.044119,172.217.24.0-255,5738,273369,96,314063
23171,0.044139,172.31.47.0-255,66,273435,96,314063
23172,0.046138,172.217.24.0-255,5738,279173,96,314063
23173,0.046153,172.31.47.0-255,66,279239,96,314063
23174,0.048164,172.217.24.0-255,5738,284977,96,314063
23175,0.048184,172.31.47.0-255,66,285043,96,314063
23176,0.050181,172.217.24.0-255,5738,290781,96,314063
23177,0.050201,172.31.47.0-255,66,290847,96,314063
23178,0.05221,172.217.24.0-255,5738,296585,96,314063
23179,0.05223,172.31.47.0-255,66,296651,96,314063
23180,0.054226,172.217.24.0-255,5738,302389,96,314063
23181,0.054245,172.31.47.0-255,66,302455,96,314063
23182,0.056252,172.217.24.0-255,5738,308193,96,314063
23183,0.056264,172.31.47.0-255,66,308259,96,314063
23184,0.058231,172.217.24.0-255,5738,313997,96,314063
23185,0.058237,172.31.47.0-255,66,314063,96,314063
23186,0.0,172.217.26.0-255,146,146,96,229380
23187,1.4e-05,172.31.47.0-255,66,212,96,229380
23188,2e-05,172.217.26.0-255,1484,1696,96,229380
23189,2.4e-05,172.31.47.0-255,66,1762,96,229380
23190,3.6e-05,172.217.26.0-255,2902,4664,96,229380
23191,3.9e-05,172.31.47.0-255,66,4730,96,229380
23192,5.7e-05,172.217.26.0-255,4320,9050,96,229380
23193,6e-05,172.31.47.0-255,66,9116,96,229380
23194,8.9e-05,172.217.26.0-255,2902,12018,96,229380
23195,9.1e-05,172.31.47.0-255,66,12084,96,229380
23196,0.000155,172.217.26.0-255,2218,14302,96,229380
23197,0.000158,172.31.47.0-255,66,14368,96,229380
23198,0.000187,172.217.26.0-255,7156,21524,96,229380
23199,0.000189,172.31.47.0-255,66,21590,96,229380
23200,0.000208,172.217.26.0-255,4320,25910,96,229380
23201,0.00021,172.31.47.0-255,66,25976,96,229380
23202,0.000374,172.217.26.0-255,5379,31355,96,229380
23203,0.000379,172.31.47.0-255,66,31421,96,229380
23204,0.000441,172.217.26.0-255,5738,37159,96,229380
23205,0.000445,172.31.47.0-255,66,37225,96,229380
23206,0.000479,172.31.47.0-255,66,37291,96,229380
23207,0.000666,172.217.26.0-255,2902,40193,96,229380
23208,0.00067,172.31.47.0-255,66,40259,96,229380
23209,0.000709,172.31.47.0-255,66,40325,96,229380
23210,0.000718,172.217.26.0-255,1448,41773,96,229380
23211,0.000724,172.31.47.0-255,66,41839,96,229380
23212,0.000886,172.217.26.0-255,119,41958,96,229380
23213,0.00089,172.31.47.0-255,66,42024,96,229380
23214,0.00101,172.217.26.0-255,1484,43508,96,229380
23215,0.001014,172.31.47.0-255,66,43574,96,229380
23216,0.001021,172.217.26.0-255,2902,46476,96,229380
23217,0.001023,172.31.47.0-255,66,46542,96,229380
23218,0.001048,172.217.26.0-255,5738,52280,96,229380
23219,0.00105,172.31.47.0-255,66,52346,96,229380
23220,0.001139,172.31.47.0-255,66,52412,96,229380
23221,0.001258,172.217.26.0-255,4320,56732,96,229380
23222,0.001261,172.31.47.0-255,66,56798,96,229380
23223,0.001288,172.217.26.0-255,5738,62536,96,229380
23224,0.00129,172.31.47.0-255,66,62602,96,229380
23225,0.001404,172.217.26.0-255,3961,66563,96,229380
23226,0.001408,172.31.47.0-255,66,66629,96,229380
23227,0.001451,172.217.26.0-255,4320,70949,96,229380
23228,0.001453,172.31.47.0-255,66,71015,96,229380
23229,0.00152,172.217.26.0-255,4320,75335,96,229380
23230,0.001523,172.31.47.0-255,66,75401,96,229380
23231,0.00154,172.217.26.0-255,5738,81139,96,229380
23232,0.001542,172.31.47.0-255,66,81205,96,229380
23233,0.001671,172.217.26.0-255,4320,85525,96,229380
23234,0.001675,172.31.47.0-255,66,85591,96,229380
23235,0.001692,172.217.26.0-255,4320,89911,96,229380
23236,0.001936,172.217.26.0-255,1484,91395,96,229380
23237,0.002117,172.217.26.0-255,2902,94297,96,229380
23238,0.002416,172.217.26.0-255,2902,97199,96,229380
23239,0.010829,172.217.26.0-255,1484,98683,96,229380
23240,0.014529,172.31.47.0-255,66,98749,96,229380
23241,0.016504,172.217.26.0-255,5738,104487,96,229380
23242,0.016518,172.31.47.0-255,66,104553,96,229380
23243,0.018574,172.217.26.0-255,5738,110291,96,229380
23244,0.018582,172.31.47.0-255,66,110357,96,229380
23245,0.020581,172.217.26.0-255,5738,116095,96,229380
23246,0.02263,172.31.47.0-255,66,116161,96,229380
23247,0.023527,172.31.47.0-255,172,116333,96,229380
23248,0.023555,172.31.47.0-255,1105,117438,96,229380
23249,0.0236,172.31.47.0-255,1514,118952,96,229380
23250,0.023601,172.31.47.0-255,1306,120258,96,229380
23251,0.024573,172.217.26.0-255,5738,125996,96,229380
23252,0.024578,172.31.47.0-255,66,126062,96,229380
23253,0.025047,104.244.42.0-255,66,126128,96,229380
23254,0.025113,104.244.42.0-255,66,126194,96,229380
23255,0.025164,104.244.42.0-255,66,126260,96,229380
23256,0.026522,172.217.26.0-255,4320,130580,96,229380
23257,0.026529,172.31.47.0-255,66,130646,96,229380
23258,0.026557,172.217.26.0-255,1484,132130,96,229380
23259,0.028481,172.217.26.0-255,4320,136450,96,229380
23260,0.028488,172.31.47.0-255,66,136516,96,229380
23261,0.03045,172.217.26.0-255,5738,142254,96,229380
23262,0.03048,172.31.47.0-255,66,142320,96,229380
23263,0.032428,172.217.26.0-255,5738,148058,96,229380
23264,0.032434,172.31.47.0-255,66,148124,96,229380
23265,0.034391,172.217.26.0-255,5738,153862,96,229380
23266,0.034396,172.31.47.0-255,66,153928,96,229380
23267,0.036355,172.217.26.0-255,5738,159666,96,229380
23268,0.036359,172.31.47.0-255,66,159732,96,229380
23269,0.038308,172.217.26.0-255,5738,165470,96,229380
23270,0.038312,172.31.47.0-255,66,165536,96,229380
23271,0.040256,172.217.26.0-255,5738,171274,96,229380
23272,0.040262,172.31.47.0-255,66,171340,96,229380
23273,0.042211,172.217.26.0-255,5738,177078,96,229380
23274,0.042215,172.31.47.0-255,66,177144,96,229380
23275,0.044157,172.217.26.0-255,5738,182882,96,229380
23276,0.044162,172.31.47.0-255,66,182948,96,229380
23277,0.046148,172.217.26.0-255,5738,188686,96,229380
23278,0.046153,172.31.47.0-255,66,188752,96,229380
23279,0.048109,172.217.26.0-255,5738,194490,96,229380
23280,0.048115,172.31.47.0-255,66,194556,96,229380
23281,0.050066,172.217.26.0-255,5738,200294,96,229380
23282,0.050072,172.31.47.0-255,66,200360,96,229380
23283,0.052011,172.217.26.0-255,5738,206098,96,229380
23284,0.052016,172.31.47.0-255,66,206164,96,229380
23285,0.053962,172.217.26.0-255,5738,211902,96,229380
23286,0.053966,172.31.47.0-255,66,211968,96,229380
23287,0.055912,172.217.26.0-255,5738,217706,96,229380
23288,0.055917,172.31.47.0-255,66,217772,96,229380
23289,0.057861,172.217.26.0-255,5738,223510,96,229380
23290,0.057866,172.31.47.0-255,66,223576,96,229380
23291,0.059816,172.217.26.0-255,5738,229314,96,229380
23292,0.059822,172.31.47.0-255,66,229380,96,229380
23293,0.0,172.217.194.0-255,153,153,96,193381
23294,2.4e-05,172.31.47.0-255,66,219,96,193381
23295,3e-05,172.217.194.0-255,1484,1703,96,193381
23296,3.4e-05,172.31.47.0-255,66,1769,96,193381
23297,3.9e-05,172.217.194.0-255,2902,4671,96,193381
23298,4.1e-05,172.31.47.0-255,66,4737,96,193381
23299,4.9e-05,172.217.194.0-255,1484,6221,96,193381
23300,5.2e-05,172.31.47.0-255,66,6287,96,193381
23301,7.7e-05,172.217.194.0-255,2902,9189,96,193381
23302,8.4e-05,172.31.47.0-255,66,9255,96,193381
23303,0.00012,172.217.194.0-255,4320,13575,96,193381
23304,0.000124,172.31.47.0-255,66,13641,96,193381
23305,0.000154,172.217.194.0-255,2083,15724,96,193381
23306,0.000157,172.31.47.0-255,66,15790,96,193381
23307,0.000163,172.217.194.0-255,7156,22946,96,193381
23308,0.000165,172.31.47.0-255,66,23012,96,193381
23309,0.000179,172.31.47.0-255,66,23078,96,193381
23310,0.000221,172.217.194.0-255,7156,30234,96,193381
23311,0.000225,172.31.47.0-255,66,30300,96,193381
23312,0.000234,172.31.47.0-255,66,30366,96,193381
23313,0.000261,172.217.194.0-255,2902,33268,96,193381
23314,0.000266,172.31.47.0-255,66,33334,96,193381
23315,0.000278,172.217.194.0-255,5738,39072,96,193381
23316,0.000285,172.31.47.0-255,66,39138,96,193381
23317,0.000307,172.217.194.0-255,7156,46294,96,193381
23318,0.000311,172.31.47.0-255,66,46360,96,193381
23319,0.000314,172.217.194.0-255,2825,49185,96,193381
23320,0.000316,172.31.47.0-255,66,49251,96,193381
23321,0.000392,172.217.194.0-255,1484,50735,96,193381
23322,0.000395,172.31.47.0-255,66,50801,96,193381
23323,0.000421,172.217.194.0-255,2902,53703,96,193381
23324,0.000424,172.31.47.0-255,66,53769,96,193381
23325,0.00043,172.217.194.0-255,5738,59507,96,193381
23326,0.000432,172.31.47.0-255,66,59573,96,193381
23327,0.000462,172.217.194.0-255,2902,62475,96,193381
23328,0.000465,172.31.47.0-255,66,62541,96,193381
23329,0.000489,172.217.194.0-255,3961,66502,96,193381
23330,0.000492,172.31.47.0-255,66,66568,96,193381
23331,0.000499,172.217.194.0-255,7156,73724,96,193381
23332,0.000501,172.31.47.0-255,66,73790,96,193381
23333,0.000537,172.31.47.0-255,66,73856,96,193381
23334,0.000864,172.217.194.0-255,1484,75340,96,193381
23335,0.00088,172.217.194.0-255,2902,78242,96,193381
23336,0.000883,172.31.47.0-255,66,78308,96,193381
23337,0.000889,172.217.194.0-255,5738,84046,96,193381
23338,0.000891,172.31.47.0-255,66,84112,96,193381
23339,0.00092,172.217.194.0-255,1484,85596,96,193381
23340,0.000952,172.31.47.0-255,66,85662,96,193381
23341,0.000969,172.31.47.0-255,66,85728,96,193381
23342,0.001505,172.217.194.0-255,1484,87212,96,193381
23343,0.001531,172.217.194.0-255,2902,90114,96,193381
23344,0.001536,172.31.47.0-255,66,90180,96,193381
23345,0.001543,172.217.194.0-255,5738,95918,96,193381
23346,0.001545,172.31.47.0-255,66,95984,96,193381
23347,0.001549,172.217.194.0-255,2902,98886,96,193381
23348,0.001556,172.31.47.0-255,66,98952,96,193381
23349,0.001589,172.217.194.0-255,5738,104690,96,193381
23350,0.001594,172.31.47.0-255,66,104756,96,193381
23351,0.001611,172.31.47.0-255,66,104822,96,193381
23352,0.001618,172.217.194.0-255,5020,109842,96,193381
23353,0.001621,172.31.47.0-255,66,109908,96,193381
23354,0.001627,172.217.194.0-255,5738,115646,96,193381
23355,0.001629,172.31.47.0-255,66,115712,96,193381
23356,0.001674,172.31.47.0-255,66,115778,96,193381
23357,0.001697,172.31.47.0-255,66,115844,96,193381
23358,0.001699,172.217.194.0-255,766,116610,96,193381
23359,0.001703,172.217.194.0-255,1484,118094,96,193381
23360,0.001704,172.31.47.0-255,66,118160,96,193381
23361,0.00171,172.217.194.0-255,4320,122480,96,193381
23362,0.001712,172.31.47.0-255,66,122546,96,193381
23363,0.001793,172.31.47.0-255,66,122612,96,193381
23364,0.001811,172.31.47.0-255,66,122678,96,193381
23365,0.001816,172.217.194.0-255,5020,127698,96,193381
23366,0.001818,172.31.47.0-255,66,127764,96,193381
23367,0.001912,172.217.194.0-255,1484,129248,96,193381
23368,0.001929,172.217.194.0-255,2902,132150,96,193381
23369,0.001931,172.31.47.0-255,66,132216,96,193381
23370,0.001935,172.217.194.0-255,1484,133700,96,193381
23371,0.001959,172.217.194.0-255,4320,138020,96,193381
23372,0.001962,172.31.47.0-255,66,138086,96,193381
23373,0.001969,172.217.194.0-255,7156,145242,96,193381
23374,0.001971,172.31.47.0-255,66,145308,96,193381
23375,0.002003,172.217.194.0-255,5738,151046,96,193381
23376,0.002006,172.31.47.0-255,66,151112,96,193381
23377,0.002022,172.31.47.0-255,66,151178,96,193381
23378,0.002085,172.217.194.0-255,1484,152662,96,193381
23379,0.002097,172.217.194.0-255,1484,154146,96,193381
23380,0.002099,172.31.47.0-255,66,154212,96,193381
23381,0.002124,172.217.194.0-255,1484,155696,96,193381
23382,0.00213,172.217.194.0-255,5738,161434,96,193381
23383,0.002132,172.31.47.0-255,66,161500,96,193381
23384,0.002144,172.31.47.0-255,66,161566,96,193381
23385,0.002168,172.217.194.0-255,1484,163050,96,193381
23386,0.002181,172.31.47.0-255,66,163116,96,193381
23387,0.002202,172.217.194.0-255,1484,164600,96,193381
23388,0.002213,172.217.194.0-255,2902,167502,96,193381
23389,0.002215,172.31.47.0-255,66,167568,96,193381
23390,0.002219,172.217.194.0-255,2902,170470,96,193381
23391,0.002221,172.31.47.0-255,66,170536,96,193381
23392,0.002251,172.217.194.0-255,2902,173438,96,193381
23393,0.002253,172.31.47.0-255,66,173504,96,193381
23394,0.002265,172.31.47.0-255,66,173570,96,193381
23395,0.002281,172.31.47.0-255,66,173636,96,193381
23396,0.002305,172.217.194.0-255,1484,175120,96,193381
23397,0.00232,172.217.194.0-255,2902,178022,96,193381
23398,0.002322,172.31.47.0-255,66,178088,96,193381
23399,0.002328,172.217.194.0-255,5738,183826,96,193381
23400,0.002331,172.31.47.0-255,66,183892,96,193381
23401,0.002361,172.31.47.0-255,66,183958,96,193381
23402,0.002385,172.217.194.0-255,1484,185442,96,193381
23403,0.002396,172.31.47.0-255,66,185508,96,193381
23404,0.00243,172.31.47.0-255,66,185574,96,193381
23405,0.002461,172.31.47.0-255,66,185640,96,193381
23406,0.00248,172.31.47.0-255,66,185706,96,193381
23407,0.002493,172.31.47.0-255,66,185772,96,193381
23408,0.002495,172.217.194.0-255,97,185869,96,193381
23409,0.002553,172.217.194.0-255,105,185974,96,193381
23410,0.006736,172.31.47.0-255,66,186040,96,193381
23411,0.00676,172.31.47.0-255,105,186145,96,193381
23412,0.009244,172.217.194.0-255,66,186211,96,193381
23413,0.027787,172.31.47.0-255,172,186383,96,193381
23414,0.027812,172.31.47.0-255,1110,187493,96,193381
23415,0.027852,172.31.47.0-255,1514,189007,96,193381
23416,0.027854,172.31.47.0-255,1514,190521,96,193381
23417,0.027855,172.31.47.0-255,1514,192035,96,193381
23418,0.027856,172.31.47.0-255,1082,193117,96,193381
23419,0.02932,104.244.42.0-255,66,193183,96,193381
23420,0.029366,104.244.42.0-255,66,193249,96,193381
23421,0.02942,104.244.42.0-255,66,193315,96,193381
23422,0.029421,104.244.42.0-255,66,193381,96,193381
23423,0.0,172.217.194.0-255,153,153,96,262447
23424,3e-05,172.31.47.0-255,66,219,96,262447
23425,5.2e-05,172.217.194.0-255,1484,1703,96,262447
23426,5.6e-05,172.31.47.0-255,66,1769,96,262447
23427,6e-05,172.217.194.0-255,2902,4671,96,262447
23428,6.2e-05,172.31.47.0-255,66,4737,96,262447
23429,6.9e-05,172.217.194.0-255,7156,11893,96,262447
23430,7.1e-05,172.31.47.0-255,66,11959,96,262447
23431,7.3e-05,172.217.194.0-255,1484,13443,96,262447
23432,7.7e-05,172.31.47.0-255,66,13509,96,262447
23433,9.5e-05,172.217.194.0-255,595,14104,96,262447
23434,9.7e-05,172.31.47.0-255,66,14170,96,262447
23435,0.000508,172.217.194.0-255,1484,15654,96,262447
23436,0.000513,172.31.47.0-255,66,15720,96,262447
23437,0.00052,172.217.194.0-255,2902,18622,96,262447
23438,0.000523,172.31.47.0-255,66,18688,96,262447
23439,0.000527,172.217.194.0-255,2902,21590,96,262447
23440,0.000529,172.31.47.0-255,66,21656,96,262447
23441,0.000542,172.217.194.0-255,2902,24558,96,262447
23442,0.000545,172.31.47.0-255,66,24624,96,262447
23443,0.000565,172.217.194.0-255,4320,28944,96,262447
23444,0.000568,172.31.47.0-255,66,29010,96,262447
23445,0.000579,172.217.194.0-255,2543,31553,96,262447
23446,0.000583,172.31.47.0-255,66,31619,96,262447
23447,0.000748,172.217.194.0-255,1484,33103,96,262447
23448,0.000753,172.31.47.0-255,66,33169,96,262447
23449,0.000759,172.217.194.0-255,2902,36071,96,262447
23450,0.000761,172.31.47.0-255,66,36137,96,262447
23451,0.000783,172.217.194.0-255,2902,39039,96,262447
23452,0.000786,172.31.47.0-255,66,39105,96,262447
23453,0.000803,172.217.194.0-255,2902,42007,96,262447
23454,0.000805,172.31.47.0-255,66,42073,96,262447
23455,0.000838,172.31.47.0-255,66,42139,96,262447
23456,0.000847,172.31.47.0-255,66,42205,96,262447
23457,0.000849,172.217.194.0-255,365,42570,96,262447
23458,0.000852,172.217.194.0-255,380,42950,96,262447
23459,0.001428,172.217.194.0-255,1484,44434,96,262447
23460,0.001432,172.31.47.0-255,66,44500,96,262447
23461,0.001437,172.217.194.0-255,2902,47402,96,262447
23462,0.00144,172.31.47.0-255,66,47468,96,262447
23463,0.001442,172.217.194.0-255,1484,48952,96,262447
23464,0.001455,172.217.194.0-255,4320,53272,96,262447
23465,0.001457,172.31.47.0-255,66,53338,96,262447
23466,0.001463,172.217.194.0-255,5738,59076,96,262447
23467,0.001465,172.31.47.0-255,66,59142,96,262447
23468,0.001491,172.217.194.0-255,7156,66298,96,262447
23469,0.001493,172.31.47.0-255,66,66364,96,262447
23470,0.001516,172.217.194.0-255,2902,69266,96,262447
23471,0.001518,172.31.47.0-255,66,69332,96,262447
23472,0.00154,172.31.47.0-255,66,69398,96,262447
23473,0.002039,172.217.194.0-255,1484,70882,96,262447
23474,0.002042,172.217.194.0-255,1484,72366,96,262447
23475,0.002045,172.31.47.0-255,66,72432,96,262447
23476,0.002064,172.217.194.0-255,1484,73916,96,262447
23477,0.002069,172.217.194.0-255,5738,79654,96,262447
23478,0.002071,172.31.47.0-255,66,79720,96,262447
23479,0.002076,172.217.194.0-255,4320,84040,96,262447
23480,0.002078,172.31.47.0-255,66,84106,96,262447
23481,0.002088,172.217.194.0-255,1484,85590,96,262447
23482,0.002101,172.217.194.0-255,4320,89910,96,262447
23483,0.002103,172.31.47.0-255,66,89976,96,262447
23484,0.002123,172.31.47.0-255,66,90042,96,262447
23485,0.002126,172.217.194.0-255,2902,92944,96,262447
23486,0.002128,172.31.47.0-255,66,93010,96,262447
23487,0.002149,172.217.194.0-255,2184,95194,96,262447
23488,0.002151,172.31.47.0-255,66,95260,96,262447
23489,0.002153,172.217.194.0-255,1484,96744,96,262447
23490,0.002169,172.217.194.0-255,4320,101064,96,262447
23491,0.002171,172.31.47.0-255,66,101130,96,262447
23492,0.002174,172.217.194.0-255,1484,102614,96,262447
23493,0.002194,172.31.47.0-255,66,102680,96,262447
23494,0.002223,172.31.47.0-255,66,102746,96,262447
23495,0.002241,172.217.194.0-255,4320,107066,96,262447
23496,0.002242,172.31.47.0-255,66,107132,96,262447
23497,0.002244,172.217.194.0-255,766,107898,96,262447
23498,0.002314,172.217.194.0-255,1484,109382,96,262447
23499,0.002316,172.31.47.0-255,66,109448,96,262447
23500,0.002332,172.217.194.0-255,2902,112350,96,262447
23501,0.002333,172.31.47.0-255,66,112416,96,262447
23502,0.002338,172.217.194.0-255,4320,116736,96,262447
23503,0.00234,172.31.47.0-255,66,116802,96,262447
23504,0.002359,172.217.194.0-255,1484,118286,96,262447
23505,0.00238,172.31.47.0-255,66,118352,96,262447
23506,0.002408,172.31.47.0-255,66,118418,96,262447
23507,0.002516,172.217.194.0-255,1484,119902,96,262447
23508,0.002526,172.217.194.0-255,2902,122804,96,262447
23509,0.002529,172.31.47.0-255,66,122870,96,262447
23510,0.002547,172.217.194.0-255,5738,128608,96,262447
23511,0.002549,172.31.47.0-255,66,128674,96,262447
23512,0.002552,172.217.194.0-255,1484,130158,96,262447
23513,0.002588,172.31.47.0-255,66,130224,96,262447
23514,0.002602,172.31.47.0-255,66,130290,96,262447
23515,0.005165,172.217.194.0-255,5738,136028,96,262447
23516,0.005172,172.31.47.0-255,66,136094,96,262447
23517,0.007711,172.217.194.0-255,5738,141832,96,262447
23518,0.00772,172.31.47.0-255,66,141898,96,262447
23519,0.010308,172.217.194.0-255,5738,147636,96,262447
23520,0.010316,172.31.47.0-255,66,147702,96,262447
23521,0.012846,172.217.194.0-255,5738,153440,96,262447
23522,0.012852,172.31.47.0-255,66,153506,96,262447
23523,0.015382,172.217.194.0-255,5738,159244,96,262447
23524,0.015391,172.31.47.0-255,66,159310,96,262447
23525,0.017951,172.217.194.0-255,5738,165048,96,262447
23526,0.017958,172.31.47.0-255,66,165114,96,262447
23527,0.020493,172.217.194.0-255,5738,170852,96,262447
23528,0.020502,172.31.47.0-255,66,170918,96,262447
23529,0.021537,172.31.47.0-255,172,171090,96,262447
23530,0.021567,172.31.47.0-255,1110,172200,96,262447
23531,0.02161,172.31.47.0-255,1514,173714,96,262447
23532,0.021612,172.31.47.0-255,1301,175015,96,262447
23533,0.023029,172.217.194.0-255,5738,180753,96,262447
23534,0.023035,172.31.47.0-255,66,180819,96,262447
23535,0.023072,104.244.42.0-255,66,180885,96,262447
23536,0.023079,104.244.42.0-255,66,180951,96,262447
23537,0.02316,104.244.42.0-255,66,181017,96,262447
23538,0.025332,104.244.42.0-255,108,181125,96,262447
23539,0.025338,172.31.47.0-255,66,181191,96,262447
23540,0.025574,172.217.194.0-255,5738,186929,96,262447
23541,0.025579,172.31.47.0-255,66,186995,96,262447
23542,0.028122,172.217.194.0-255,5738,192733,96,262447
23543,0.028128,172.31.47.0-255,66,192799,96,262447
23544,0.030697,172.217.194.0-255,5738,198537,96,262447
23545,0.030704,172.31.47.0-255,66,198603,96,262447
23546,0.033305,172.217.194.0-255,5738,204341,96,262447
23547,0.033311,172.31.47.0-255,66,204407,96,262447
23548,0.035861,172.217.194.0-255,5738,210145,96,262447
23549,0.035867,172.31.47.0-255,66,210211,96,262447
23550,0.038431,172.217.194.0-255,5738,215949,96,262447
23551,0.038437,172.31.47.0-255,66,216015,96,262447
23552,0.040977,172.217.194.0-255,5738,221753,96,262447
23553,0.040986,172.31.47.0-255,66,221819,96,262447
23554,0.043545,172.217.194.0-255,5738,227557,96,262447
23555,0.043552,172.31.47.0-255,66,227623,96,262447
23556,0.046122,172.217.194.0-255,5738,233361,96,262447
23557,0.046129,172.31.47.0-255,66,233427,96,262447
23558,0.048698,172.217.194.0-255,5738,239165,96,262447
23559,0.048703,172.31.47.0-255,66,239231,96,262447
23560,0.051248,172.217.194.0-255,5738,244969,96,262447
23561,0.051254,172.31.47.0-255,66,245035,96,262447
23562,0.053812,172.217.194.0-255,5738,250773,96,262447
23563,0.053817,172.31.47.0-255,66,250839,96,262447
23564,0.056361,172.217.194.0-255,5738,256577,96,262447
23565,0.056366,172.31.47.0-255,66,256643,96,262447
23566,0.058923,172.217.194.0-255,5738,262381,96,262447
23567,0.058929,172.31.47.0-255,66,262447,96,262447
23568,0.0,74.125.24.0-255,152,152,96,254697
23569,2.7e-05,172.31.47.0-255,66,218,96,254697
23570,3.5e-05,74.125.24.0-255,1484,1702,96,254697
23571,4.1e-05,172.31.47.0-255,66,1768,96,254697
23572,4.7e-05,74.125.24.0-255,2902,4670,96,254697
23573,5e-05,172.31.47.0-255,66,4736,96,254697
23574,5.9e-05,74.125.24.0-255,7156,11892,96,254697
23575,6.2e-05,172.31.47.0-255,66,11958,96,254697
23576,6.7e-05,74.125.24.0-255,2165,14123,96,254697
23577,7e-05,172.31.47.0-255,66,14189,96,254697
23578,8.3e-05,172.31.47.0-255,66,14255,96,254697
23579,0.000108,74.125.24.0-255,2902,17157,96,254697
23580,0.000111,172.31.47.0-255,66,17223,96,254697
23581,0.000118,74.125.24.0-255,5379,22602,96,254697
23582,0.000122,172.31.47.0-255,66,22668,96,254697
23583,0.000162,74.125.24.0-255,1484,24152,96,254697
23584,0.000164,172.31.47.0-255,66,24218,96,254697
23585,0.00017,74.125.24.0-255,2902,27120,96,254697
23586,0.000172,172.31.47.0-255,66,27186,96,254697
23587,0.000175,74.125.24.0-255,1484,28670,96,254697
23588,0.000177,172.31.47.0-255,66,28736,96,254697
23589,0.000196,74.125.24.0-255,4320,33056,96,254697
23590,0.000199,172.31.47.0-255,66,33122,96,254697
23591,0.000213,74.125.24.0-255,1484,34606,96,254697
23592,0.000215,172.31.47.0-255,66,34672,96,254697
23593,0.000255,172.31.47.0-255,66,34738,96,254697
23594,0.000258,74.125.24.0-255,1484,36222,96,254697
23595,0.00026,172.31.47.0-255,66,36288,96,254697
23596,0.000288,172.31.47.0-255,66,36354,96,254697
23597,0.00106,74.125.24.0-255,131,36485,96,254697
23598,0.001092,172.31.47.0-255,66,36551,96,254697
23599,0.001218,74.125.24.0-255,1484,38035,96,254697
23600,0.001227,74.125.24.0-255,2902,40937,96,254697
23601,0.00123,172.31.47.0-255,66,41003,96,254697
23602,0.001248,74.125.24.0-255,1484,42487,96,254697
23603,0.00127,74.125.24.0-255,4320,46807,96,254697
23604,0.001272,172.31.47.0-255,66,46873,96,254697
23605,0.001298,74.125.24.0-255,7156,54029,96,254697
23606,0.0013,172.31.47.0-255,66,54095,96,254697
23607,0.001321,74.125.24.0-255,4320,58415,96,254697
23608,0.001323,172.31.47.0-255,66,58481,96,254697
23609,0.001334,74.125.24.0-255,1484,59965,96,254697
23610,0.001354,74.125.24.0-255,5738,65703,96,254697
23611,0.001356,172.31.47.0-255,66,65769,96,254697
23612,0.001376,74.125.24.0-255,5020,70789,96,254697
23613,0.001378,172.31.47.0-255,66,70855,96,254697
23614,0.002069,74.125.24.0-255,1484,72339,96,254697
23615,0.002075,74.125.24.0-255,2902,75241,96,254697
23616,0.002078,172.31.47.0-255,66,75307,96,254697
23617,0.002083,74.125.24.0-255,2902,78209,96,254697
23618,0.002085,172.31.47.0-255,66,78275,96,254697
23619,0.002099,74.125.24.0-255,2902,81177,96,254697
23620,0.002101,172.31.47.0-255,66,81243,96,254697
23621,0.00213,172.31.47.0-255,66,81309,96,254697
23622,0.002145,74.125.24.0-255,4320,85629,96,254697
23623,0.002147,172.31.47.0-255,66,85695,96,254697
23624,0.002183,172.31.47.0-255,66,85761,96,254697
23625,0.002219,74.125.24.0-255,1484,87245,96,254697
23626,0.002233,74.125.24.0-255,2902,90147,96,254697
23627,0.002235,172.31.47.0-255,66,90213,96,254697
23628,0.002252,74.125.24.0-255,5738,95951,96,254697
23629,0.002254,172.31.47.0-255,66,96017,96,254697
23630,0.002275,74.125.24.0-255,5738,101755,96,254697
23631,0.002278,172.31.47.0-255,66,101821,96,254697
23632,0.002302,74.125.24.0-255,7156,108977,96,254697
23633,0.002304,172.31.47.0-255,66,109043,96,254697
23634,0.002316,172.31.47.0-255,66,109109,96,254697
23635,0.002355,172.31.47.0-255,66,109175,96,254697
23636,0.002381,172.31.47.0-255,66,109241,96,254697
23637,0.002408,172.31.47.0-255,66,109307,96,254697
23638,0.004744,74.125.24.0-255,5738,115045,96,254697
23639,0.004765,172.31.47.0-255,66,115111,96,254697
23640,0.007141,74.125.24.0-255,5738,120849,96,254697
23641,0.007153,172.31.47.0-255,66,120915,96,254697
23642,0.009044,172.31.47.0-255,105,121020,96,254697
23643,0.009505,74.125.24.0-255,5738,126758,96,254697
23644,0.009513,172.31.47.0-255,66,126824,96,254697
23645,0.011111,157.240.13.0-255,105,126929,96,254697
23646,0.011126,172.31.47.0-255,66,126995,96,254697
23647,0.011826,74.125.24.0-255,5738,132733,96,254697
23648,0.011833,172.31.47.0-255,66,132799,96,254697
23649,0.014198,74.125.24.0-255,5738,138537,96,254697
23650,0.014212,172.31.47.0-255,66,138603,96,254697
23651,0.016571,74.125.24.0-255,5738,144341,96,254697
23652,0.01658,172.31.47.0-255,66,144407,96,254697
23653,0.018929,74.125.24.0-255,5738,150145,96,254697
23654,0.018947,172.31.47.0-255,66,150211,96,254697
23655,0.021256,74.125.24.0-255,5738,155949,96,254697
23656,0.021266,172.31.47.0-255,66,156015,96,254697
23657,0.023604,74.125.24.0-255,5738,161753,96,254697
23658,0.023612,172.31.47.0-255,66,161819,96,254697
23659,0.025948,74.125.24.0-255,5738,167557,96,254697
23660,0.025959,172.31.47.0-255,66,167623,96,254697
23661,0.028322,74.125.24.0-255,5738,173361,96,254697
23662,0.028332,172.31.47.0-255,66,173427,96,254697
23663,0.030647,74.125.24.0-255,5738,179165,96,254697
23664,0.030656,172.31.47.0-255,66,179231,96,254697
23665,0.030872,172.31.47.0-255,172,179403,96,254697
23666,0.030902,172.31.47.0-255,1109,180512,96,254697
23667,0.031038,172.31.47.0-255,1514,182026,96,254697
23668,0.03104,172.31.47.0-255,1514,183540,96,254697
23669,0.031044,172.31.47.0-255,1514,185054,96,254697
23670,0.031045,172.31.47.0-255,1083,186137,96,254697
23671,0.032447,104.244.42.0-255,66,186203,96,254697
23672,0.032455,104.244.42.0-255,66,186269,96,254697
23673,0.03259,104.244.42.0-255,66,186335,96,254697
23674,0.032594,104.244.42.0-255,66,186401,96,254697
23675,0.032968,74.125.24.0-255,5738,192139,96,254697
23676,0.032973,172.31.47.0-255,66,192205,96,254697
23677,0.035296,74.125.24.0-255,5738,197943,96,254697
23678,0.035302,172.31.47.0-255,66,198009,96,254697
23679,0.037633,74.125.24.0-255,5738,203747,96,254697
23680,0.037652,172.31.47.0-255,66,203813,96,254697
23681,0.040015,74.125.24.0-255,5738,209551,96,254697
23682,0.040025,172.31.47.0-255,66,209617,96,254697
23683,0.042376,74.125.24.0-255,5738,215355,96,254697
23684,0.042383,172.31.47.0-255,66,215421,96,254697
23685,0.044732,74.125.24.0-255,5738,221159,96,254697
23686,0.044739,172.31.47.0-255,66,221225,96,254697
23687,0.047069,74.125.24.0-255,4320,225545,96,254697
23688,0.047077,172.31.47.0-255,66,225611,96,254697
23689,0.047096,74.125.24.0-255,1484,227095,96,254697
23690,0.04941,74.125.24.0-255,4320,231415,96,254697
23691,0.049416,172.31.47.0-255,66,231481,96,254697
23692,0.051755,74.125.24.0-255,5738,237219,96,254697
23693,0.051762,172.31.47.0-255,66,237285,96,254697
23694,0.054109,74.125.24.0-255,5738,243023,96,254697
23695,0.054123,172.31.47.0-255,66,243089,96,254697
23696,0.05646,74.125.24.0-255,5738,248827,96,254697
23697,0.056468,172.31.47.0-255,66,248893,96,254697
23698,0.058793,74.125.24.0-255,5738,254631,96,254697
23699,0.058801,172.31.47.0-255,66,254697,96,254697
23700,0.0,172.253.118.0-255,298,298,96,290133
23701,2.2e-05,172.31.47.0-255,66,364,96,290133
23702,2.9e-05,172.253.118.0-255,1484,1848,96,290133
23703,3.3e-05,172.31.47.0-255,66,1914,96,290133
23704,3.9e-05,172.253.118.0-255,4320,6234,96,290133
23705,4.2e-05,172.31.47.0-255,66,6300,96,290133
23706,4.8e-05,172.253.118.0-255,5738,12038,96,290133
23707,5e-05,172.31.47.0-255,66,12104,96,290133
23708,9.4e-05,172.253.118.0-255,1814,13918,96,290133
23709,9.6e-05,172.31.47.0-255,66,13984,96,290133
23710,0.000174,172.253.118.0-255,1484,15468,96,290133
23711,0.000177,172.31.47.0-255,66,15534,96,290133
23712,0.000182,172.253.118.0-255,2902,18436,96,290133
23713,0.000184,172.31.47.0-255,66,18502,96,290133
23714,0.000195,172.253.118.0-255,1484,19986,96,290133
23715,0.000197,172.31.47.0-255,66,20052,96,290133
23716,0.00021,172.253.118.0-255,4320,24372,96,290133
23717,0.000212,172.31.47.0-255,66,24438,96,290133
23718,0.000238,172.253.118.0-255,6797,31235,96,290133
23719,0.000241,172.31.47.0-255,66,31301,96,290133
23720,0.000453,172.253.118.0-255,1484,32785,96,290133
23721,0.000457,172.31.47.0-255,66,32851,96,290133
23722,0.000463,172.253.118.0-255,2902,35753,96,290133
23723,0.000465,172.31.47.0-255,66,35819,96,290133
23724,0.000472,172.253.118.0-255,5738,41557,96,290133
23725,0.000474,172.31.47.0-255,66,41623,96,290133
23726,0.000476,172.253.118.0-255,1484,43107,96,290133
23727,0.000478,172.31.47.0-255,66,43173,96,290133
23728,0.000504,172.253.118.0-255,2902,46075,96,290133
23729,0.000507,172.31.47.0-255,66,46141,96,290133
23730,0.000536,172.253.118.0-255,2543,48684,96,290133
23731,0.000539,172.31.47.0-255,66,48750,96,290133
23732,0.000712,172.253.118.0-255,1484,50234,96,290133
23733,0.000727,172.253.118.0-255,2902,53136,96,290133
23734,0.00073,172.31.47.0-255,66,53202,96,290133
23735,0.000754,172.253.118.0-255,4320,57522,96,290133
23736,0.000756,172.31.47.0-255,66,57588,96,290133
23737,0.00078,172.253.118.0-255,5738,63326,96,290133
23738,0.000783,172.31.47.0-255,66,63392,96,290133
23739,0.000787,172.253.118.0-255,3124,66516,96,290133
23740,0.000789,172.31.47.0-255,66,66582,96,290133
23741,0.000926,172.253.118.0-255,1484,68066,96,290133
23742,0.00093,172.253.118.0-255,2902,70968,96,290133
23743,0.000932,172.253.118.0-255,1484,72452,96,290133
23744,0.000951,172.31.47.0-255,66,72518,96,290133
23745,0.000959,172.253.118.0-255,4320,76838,96,290133
23746,0.000962,172.31.47.0-255,66,76904,96,290133
23747,0.000998,172.253.118.0-255,2902,79806,96,290133
23748,0.001,172.31.47.0-255,66,79872,96,290133
23749,0.00102,172.253.118.0-255,3961,83833,96,290133
23750,0.001023,172.31.47.0-255,66,83899,96,290133
23751,0.00194,172.253.118.0-255,1484,85383,96,290133
23752,0.001948,172.253.118.0-255,2902,88285,96,290133
23753,0.001952,172.31.47.0-255,66,88351,96,290133
23754,0.001959,172.253.118.0-255,5738,94089,96,290133
23755,0.001961,172.31.47.0-255,66,94155,96,290133
23756,0.002004,172.253.118.0-255,6797,100952,96,290133
23757,0.002007,172.31.47.0-255,66,101018,96,290133
23758,0.002071,172.253.118.0-255,1484,102502,96,290133
23759,0.002085,172.253.118.0-255,2902,105404,96,290133
23760,0.002087,172.31.47.0-255,66,105470,96,290133
23761,0.002106,172.253.118.0-255,4320,109790,96,290133
23762,0.002108,172.31.47.0-255,66,109856,96,290133
23763,0.002123,172.253.118.0-255,1484,111340,96,290133
23764,0.002137,172.253.118.0-255,5738,117078,96,290133
23765,0.002139,172.31.47.0-255,66,117144,96,290133
23766,0.00216,172.253.118.0-255,1484,118628,96,290133
23767,0.002171,172.31.47.0-255,66,118694,96,290133
23768,0.002201,172.253.118.0-255,5738,124432,96,290133
23769,0.002203,172.31.47.0-255,66,124498,96,290133
23770,0.002221,172.253.118.0-255,2184,126682,96,290133
23771,0.002223,172.31.47.0-255,66,126748,96,290133
23772,0.002254,172.253.118.0-255,1484,128232,96,290133
23773,0.002276,172.253.118.0-255,2902,131134,96,290133
23774,0.002278,172.31.47.0-255,66,131200,96,290133
23775,0.002284,172.253.118.0-255,5738,136938,96,290133
23776,0.002285,172.31.47.0-255,66,137004,96,290133
23777,0.002289,172.253.118.0-255,2902,139906,96,290133
23778,0.002291,172.31.47.0-255,66,139972,96,290133
23779,0.002311,172.253.118.0-255,4320,144292,96,290133
23780,0.002327,172.253.118.0-255,1484,145776,96,290133
23781,0.00235,172.253.118.0-255,1484,147260,96,290133
23782,0.002371,172.253.118.0-255,5020,152280,96,290133
23783,0.006253,172.31.47.0-255,66,152346,96,290133
23784,0.008564,172.253.118.0-255,5738,158084,96,290133
23785,0.008571,172.31.47.0-255,66,158150,96,290133
23786,0.010886,172.253.118.0-255,5738,163888,96,290133
23787,0.010894,172.31.47.0-255,66,163954,96,290133
23788,0.013205,172.253.118.0-255,5738,169692,96,290133
23789,0.013211,172.31.47.0-255,66,169758,96,290133
23790,0.015514,172.253.118.0-255,5738,175496,96,290133
23791,0.015526,172.31.47.0-255,66,175562,96,290133
23792,0.017862,172.253.118.0-255,5738,181300,96,290133
23793,0.017874,172.31.47.0-255,66,181366,96,290133
23794,0.020184,172.253.118.0-255,5738,187104,96,290133
23795,0.020193,172.31.47.0-255,66,187170,96,290133
23796,0.022492,172.253.118.0-255,5738,192908,96,290133
23797,0.022498,172.31.47.0-255,66,192974,96,290133
23798,0.02481,172.253.118.0-255,5738,198712,96,290133
23799,0.024816,172.31.47.0-255,66,198778,96,290133
23800,0.027131,172.253.118.0-255,5738,204516,96,290133
23801,0.027138,172.31.47.0-255,66,204582,96,290133
23802,0.028107,172.31.47.0-255,172,204754,96,290133
23803,0.028141,172.31.47.0-255,1110,205864,96,290133
23804,0.028201,172.31.47.0-255,1514,207378,96,290133
23805,0.028203,172.31.47.0-255,1301,208679,96,290133
23806,0.029445,172.253.118.0-255,5738,214417,96,290133
23807,0.029452,172.31.47.0-255,66,214483,96,290133
23808,0.029658,104.244.42.0-255,66,214549,96,290133
23809,0.029703,104.244.42.0-255,66,214615,96,290133
23810,0.02975,104.244.42.0-255,66,214681,96,290133
23811,0.031765,172.253.118.0-255,5738,220419,96,290133
23812,0.03177,172.31.47.0-255,66,220485,96,290133
23813,0.034088,172.253.118.0-255,5738,226223,96,290133
23814,0.034094,172.31.47.0-255,66,226289,96,290133
23815,0.036394,172.253.118.0-255,5738,232027,96,290133
23816,0.036401,172.31.47.0-255,66,232093,96,290133
23817,0.038726,172.253.118.0-255,5738,237831,96,290133
23818,0.038733,172.31.47.0-255,66,237897,96,290133
23819,0.041035,172.253.118.0-255,5738,243635,96,290133
23820,0.041042,172.31.47.0-255,66,243701,96,290133
23821,0.04335,172.253.118.0-255,5738,249439,96,290133
23822,0.043355,172.31.47.0-255,66,249505,96,290133
23823,0.045643,172.253.118.0-255,5738,255243,96,290133
23824,0.045649,172.31.47.0-255,66,255309,96,290133
23825,0.047947,172.253.118.0-255,5738,261047,96,290133
23826,0.047955,172.31.47.0-255,66,261113,96,290133
23827,0.050263,172.253.118.0-255,5738,266851,96,290133
23828,0.050269,172.31.47.0-255,66,266917,96,290133
23829,0.052574,172.253.118.0-255,5738,272655,96,290133
23830,0.052581,172.31.47.0-255,66,272721,96,290133
23831,0.054902,172.253.118.0-255,5738,278459,96,290133
23832,0.054909,172.31.47.0-255,66,278525,96,290133
23833,0.057201,172.253.118.0-255,5738,284263,96,290133
23834,0.057207,172.31.47.0-255,66,284329,96,290133
23835,0.059513,172.253.118.0-255,5738,290067,96,290133
23836,0.059518,172.31.47.0-255,66,290133,96,290133
23837,0.0,74.125.24.0-255,152,152,96,248030
23838,2.3e-05,172.31.47.0-255,66,218,96,248030
23839,3e-05,74.125.24.0-255,1484,1702,96,248030
23840,3.4e-05,172.31.47.0-255,66,1768,96,248030
23841,4e-05,74.125.24.0-255,2902,4670,96,248030
23842,5.1e-05,172.31.47.0-255,66,4736,96,248030
23843,5.9e-05,74.125.24.0-255,7156,11892,96,248030
23844,6.2e-05,172.31.47.0-255,66,11958,96,248030
23845,6.7e-05,74.125.24.0-255,2054,14012,96,248030
23846,6.8e-05,172.31.47.0-255,66,14078,96,248030
23847,0.000101,74.125.24.0-255,2902,16980,96,248030
23848,0.000104,172.31.47.0-255,66,17046,96,248030
23849,0.000108,74.125.24.0-255,2902,19948,96,248030
23850,0.00011,172.31.47.0-255,66,20014,96,248030
23851,0.00013,74.125.24.0-255,4320,24334,96,248030
23852,0.000137,172.31.47.0-255,66,24400,96,248030
23853,0.000174,74.125.24.0-255,2902,27302,96,248030
23854,0.000177,172.31.47.0-255,66,27368,96,248030
23855,0.000206,74.125.24.0-255,3961,31329,96,248030
23856,0.000209,172.31.47.0-255,66,31395,96,248030
23857,0.000252,74.125.24.0-255,1484,32879,96,248030
23858,0.000254,172.31.47.0-255,66,32945,96,248030
23859,0.000259,74.125.24.0-255,2902,35847,96,248030
23860,0.00026,172.31.47.0-255,66,35913,96,248030
23861,0.000291,74.125.24.0-255,5738,41651,96,248030
23862,0.000294,172.31.47.0-255,66,41717,96,248030
23863,0.000327,74.125.24.0-255,4320,46037,96,248030
23864,0.00033,172.31.47.0-255,66,46103,96,248030
23865,0.000354,74.125.24.0-255,2543,48646,96,248030
23866,0.000356,172.31.47.0-255,66,48712,96,248030
23867,0.000549,74.125.24.0-255,1484,50196,96,248030
23868,0.000554,172.31.47.0-255,66,50262,96,248030
23869,0.000559,74.125.24.0-255,2902,53164,96,248030
23870,0.000561,172.31.47.0-255,66,53230,96,248030
23871,0.000567,74.125.24.0-255,5738,58968,96,248030
23872,0.000573,172.31.47.0-255,66,59034,96,248030
23873,0.000579,74.125.24.0-255,5738,64772,96,248030
23874,0.000581,172.31.47.0-255,66,64838,96,248030
23875,0.00062,74.125.24.0-255,1472,66310,96,248030
23876,0.000732,74.125.24.0-255,329,66639,96,248030
23877,0.000735,172.31.47.0-255,66,66705,96,248030
23878,0.000922,74.125.24.0-255,1484,68189,96,248030
23879,0.000928,74.125.24.0-255,2902,71091,96,248030
23880,0.00093,172.31.47.0-255,66,71157,96,248030
23881,0.000935,74.125.24.0-255,2902,74059,96,248030
23882,0.000936,172.31.47.0-255,66,74125,96,248030
23883,0.000951,74.125.24.0-255,1484,75609,96,248030
23884,0.000954,74.125.24.0-255,1484,77093,96,248030
23885,0.000956,172.31.47.0-255,66,77159,96,248030
23886,0.000991,74.125.24.0-255,4320,81479,96,248030
23887,0.000995,74.125.24.0-255,2543,84022,96,248030
23888,0.000998,172.31.47.0-255,66,84088,96,248030
23889,0.001005,172.31.47.0-255,66,84154,96,248030
23890,0.001012,74.125.24.0-255,2902,87056,96,248030
23891,0.001014,172.31.47.0-255,66,87122,96,248030
23892,0.001017,74.125.24.0-255,1484,88606,96,248030
23893,0.001052,74.125.24.0-255,5738,94344,96,248030
23894,0.001054,172.31.47.0-255,66,94410,96,248030
23895,0.001061,74.125.24.0-255,6797,101207,96,248030
23896,0.001063,172.31.47.0-255,66,101273,96,248030
23897,0.001875,74.125.24.0-255,1484,102757,96,248030
23898,0.001885,74.125.24.0-255,2902,105659,96,248030
23899,0.001889,172.31.47.0-255,66,105725,96,248030
23900,0.001896,74.125.24.0-255,5738,111463,96,248030
23901,0.001898,172.31.47.0-255,66,111529,96,248030
23902,0.00194,172.31.47.0-255,66,111595,96,248030
23903,0.001964,74.125.24.0-255,4320,115915,96,248030
23904,0.001967,172.31.47.0-255,66,115981,96,248030
23905,0.001995,172.31.47.0-255,66,116047,96,248030
23906,0.00454,74.125.24.0-255,5738,121785,96,248030
23907,0.004545,172.31.47.0-255,66,121851,96,248030
23908,0.00709,74.125.24.0-255,5738,127589,96,248030
23909,0.007096,172.31.47.0-255,66,127655,96,248030
23910,0.009623,74.125.24.0-255,5738,133393,96,248030
23911,0.009631,172.31.47.0-255,66,133459,96,248030
23912,0.012147,74.125.24.0-255,5738,139197,96,248030
23913,0.012154,172.31.47.0-255,66,139263,96,248030
23914,0.014673,74.125.24.0-255,5738,145001,96,248030
23915,0.014683,172.31.47.0-255,66,145067,96,248030
23916,0.017244,74.125.24.0-255,5738,150805,96,248030
23917,0.017252,172.31.47.0-255,66,150871,96,248030
23918,0.019788,74.125.24.0-255,5738,156609,96,248030
23919,0.019796,172.31.47.0-255,66,156675,96,248030
23920,0.022356,74.125.24.0-255,5738,162413,96,248030
23921,0.022365,172.31.47.0-255,66,162479,96,248030
23922,0.024941,74.125.24.0-255,5738,168217,96,248030
23923,0.024955,172.31.47.0-255,66,168283,96,248030
23924,0.027407,172.31.47.0-255,172,168455,96,248030
23925,0.027439,172.31.47.0-255,1105,169560,96,248030
23926,0.027471,74.125.24.0-255,5738,175298,96,248030
23927,0.027475,172.31.47.0-255,66,175364,96,248030
23928,0.027694,172.31.47.0-255,1514,176878,96,248030
23929,0.027697,172.31.47.0-255,1306,178184,96,248030
23930,0.028958,104.244.42.0-255,66,178250,96,248030
23931,0.029033,104.244.42.0-255,66,178316,96,248030
23932,0.029313,104.244.42.0-255,66,178382,96,248030
23933,0.030005,74.125.24.0-255,5738,184120,96,248030
23934,0.030009,172.31.47.0-255,66,184186,96,248030
23935,0.032594,74.125.24.0-255,5738,189924,96,248030
23936,0.032601,172.31.47.0-255,66,189990,96,248030
23937,0.035148,74.125.24.0-255,5738,195728,96,248030
23938,0.035155,172.31.47.0-255,66,195794,96,248030
23939,0.0377,74.125.24.0-255,5738,201532,96,248030
23940,0.037707,172.31.47.0-255,66,201598,96,248030
23941,0.040256,74.125.24.0-255,5738,207336,96,248030
23942,0.040265,172.31.47.0-255,66,207402,96,248030
23943,0.042824,74.125.24.0-255,5738,213140,96,248030
23944,0.042829,172.31.47.0-255,66,213206,96,248030
23945,0.045352,74.125.24.0-255,5738,218944,96,248030
23946,0.045359,172.31.47.0-255,66,219010,96,248030
23947,0.0479,74.125.24.0-255,5738,224748,96,248030
23948,0.047907,172.31.47.0-255,66,224814,96,248030
23949,0.050439,74.125.24.0-255,5738,230552,96,248030
23950,0.050445,172.31.47.0-255,66,230618,96,248030
23951,0.052984,74.125.24.0-255,5738,236356,96,248030
23952,0.052991,172.31.47.0-255,66,236422,96,248030
23953,0.055548,74.125.24.0-255,5738,242160,96,248030
23954,0.055554,172.31.47.0-255,66,242226,96,248030
23955,0.05812,74.125.24.0-255,5738,247964,96,248030
23956,0.058125,172.31.47.0-255,66,248030,96,248030
23957,0.0,74.125.24.0-255,153,153,96,224914
23958,2.3e-05,172.31.47.0-255,66,219,96,224914
23959,2.9e-05,74.125.24.0-255,1484,1703,96,224914
23960,3.3e-05,172.31.47.0-255,66,1769,96,224914
23961,5.4e-05,74.125.24.0-255,2902,4671,96,224914
23962,5.7e-05,172.31.47.0-255,66,4737,96,224914
23963,6e-05,74.125.24.0-255,1484,6221,96,224914
23964,6.1e-05,172.31.47.0-255,66,6287,96,224914
23965,9.2e-05,74.125.24.0-255,5738,12025,96,224914
23966,9.5e-05,172.31.47.0-255,66,12091,96,224914
23967,9.8e-05,74.125.24.0-255,2081,14172,96,224914
23968,0.0001,172.31.47.0-255,66,14238,96,224914
23969,0.000217,74.125.24.0-255,1484,15722,96,224914
23970,0.000222,172.31.47.0-255,66,15788,96,224914
23971,0.000227,74.125.24.0-255,2902,18690,96,224914
23972,0.00023,172.31.47.0-255,66,18756,96,224914
23973,0.000259,74.125.24.0-255,5738,24494,96,224914
23974,0.000263,172.31.47.0-255,66,24560,96,224914
23975,0.000289,74.125.24.0-255,5738,30298,96,224914
23976,0.000292,172.31.47.0-255,66,30364,96,224914
23977,0.000328,172.31.47.0-255,66,30430,96,224914
23978,0.000339,172.31.47.0-255,66,30496,96,224914
23979,0.000342,74.125.24.0-255,1484,31980,96,224914
23980,0.000344,172.31.47.0-255,66,32046,96,224914
23981,0.000358,74.125.24.0-255,1484,33530,96,224914
23982,0.000361,172.31.47.0-255,66,33596,96,224914
23983,0.000373,74.125.24.0-255,4320,37916,96,224914
23984,0.000376,172.31.47.0-255,66,37982,96,224914
23985,0.000384,74.125.24.0-255,7156,45138,96,224914
23986,0.000387,172.31.47.0-255,66,45204,96,224914
23987,0.000414,74.125.24.0-255,1484,46688,96,224914
23988,0.000418,74.125.24.0-255,1397,48085,96,224914
23989,0.000421,172.31.47.0-255,66,48151,96,224914
23990,0.000461,74.125.24.0-255,382,48533,96,224914
23991,0.000596,74.125.24.0-255,1484,50017,96,224914
23992,0.0006,172.31.47.0-255,66,50083,96,224914
23993,0.000627,74.125.24.0-255,2902,52985,96,224914
23994,0.00063,172.31.47.0-255,66,53051,96,224914
23995,0.000636,74.125.24.0-255,5738,58789,96,224914
23996,0.000642,172.31.47.0-255,66,58855,96,224914
23997,0.000668,74.125.24.0-255,7156,66011,96,224914
23998,0.000671,172.31.47.0-255,66,66077,96,224914
23999,0.000701,74.125.24.0-255,6797,72874,96,224914
24000,0.000704,172.31.47.0-255,66,72940,96,224914
24001,0.000711,74.125.24.0-255,7156,80096,96,224914
24002,0.000713,172.31.47.0-255,66,80162,96,224914
24003,0.000738,74.125.24.0-255,2543,82705,96,224914
24004,0.000741,172.31.47.0-255,66,82771,96,224914
24005,0.000955,74.125.24.0-255,1484,84255,96,224914
24006,0.000959,74.125.24.0-255,1484,85739,96,224914
24007,0.000962,172.31.47.0-255,66,85805,96,224914
24008,0.000987,74.125.24.0-255,1484,87289,96,224914
24009,0.000992,74.125.24.0-255,4320,91609,96,224914
24010,0.000995,172.31.47.0-255,66,91675,96,224914
24011,0.001043,74.125.24.0-255,4320,95995,96,224914
24012,0.001043,172.31.47.0-255,66,96061,96,224914
24013,0.001047,172.31.47.0-255,66,96127,96,224914
24014,0.001077,74.125.24.0-255,5738,101865,96,224914
24015,0.001081,172.31.47.0-255,66,101931,96,224914
24016,0.001093,74.125.24.0-255,6438,108369,96,224914
24017,0.001096,172.31.47.0-255,66,108435,96,224914
24018,0.00116,74.125.24.0-255,1484,109919,96,224914
24019,0.00118,74.125.24.0-255,2902,112821,96,224914
24020,0.001185,172.31.47.0-255,66,112887,96,224914
24021,0.001222,74.125.24.0-255,4320,117207,96,224914
24022,0.001226,172.31.47.0-255,66,117273,96,224914
24023,0.001255,74.125.24.0-255,1484,118757,96,224914
24024,0.00127,172.31.47.0-255,66,118823,96,224914
24025,0.001276,74.125.24.0-255,7156,125979,96,224914
24026,0.001278,172.31.47.0-255,66,126045,96,224914
24027,0.00129,74.125.24.0-255,3602,129647,96,224914
24028,0.001292,172.31.47.0-255,66,129713,96,224914
24029,0.001611,74.125.24.0-255,1484,131197,96,224914
24030,0.001619,74.125.24.0-255,2902,134099,96,224914
24031,0.001623,172.31.47.0-255,66,134165,96,224914
24032,0.001651,74.125.24.0-255,5738,139903,96,224914
24033,0.001654,172.31.47.0-255,66,139969,96,224914
24034,0.001678,74.125.24.0-255,1484,141453,96,224914
24035,0.001699,74.125.24.0-255,7156,148609,96,224914
24036,0.001702,172.31.47.0-255,66,148675,96,224914
24037,0.001734,74.125.24.0-255,4320,152995,96,224914
24038,0.001737,172.31.47.0-255,66,153061,96,224914
24039,0.00175,172.31.47.0-255,66,153127,96,224914
24040,0.001794,74.125.24.0-255,1484,154611,96,224914
24041,0.001798,74.125.24.0-255,1484,156095,96,224914
24042,0.001801,172.31.47.0-255,66,156161,96,224914
24043,0.001824,74.125.24.0-255,1484,157645,96,224914
24044,0.00183,74.125.24.0-255,5738,163383,96,224914
24045,0.001833,172.31.47.0-255,66,163449,96,224914
24046,0.001841,74.125.24.0-255,7156,170605,96,224914
24047,0.001843,172.31.47.0-255,66,170671,96,224914
24048,0.001865,74.125.24.0-255,1484,172155,96,224914
24049,0.00187,74.125.24.0-255,2902,175057,96,224914
24050,0.001872,172.31.47.0-255,66,175123,96,224914
24051,0.001918,172.31.47.0-255,66,175189,96,224914
24052,0.001933,172.31.47.0-255,66,175255,96,224914
24053,0.001959,74.125.24.0-255,4320,179575,96,224914
24054,0.001963,172.31.47.0-255,66,179641,96,224914
24055,0.00197,74.125.24.0-255,7156,186797,96,224914
24056,0.001973,172.31.47.0-255,66,186863,96,224914
24057,0.002011,74.125.24.0-255,6438,193301,96,224914
24058,0.002014,172.31.47.0-255,66,193367,96,224914
24059,0.002047,74.125.24.0-255,1484,194851,96,224914
24060,0.002077,74.125.24.0-255,2902,197753,96,224914
24061,0.00208,172.31.47.0-255,66,197819,96,224914
24062,0.00211,74.125.24.0-255,2902,200721,96,224914
24063,0.002113,172.31.47.0-255,66,200787,96,224914
24064,0.002138,74.125.24.0-255,2902,203689,96,224914
24065,0.002141,172.31.47.0-255,66,203755,96,224914
24066,0.002174,74.125.24.0-255,1484,205239,96,224914
24067,0.00219,74.125.24.0-255,7156,212395,96,224914
24068,0.002194,172.31.47.0-255,66,212461,96,224914
24069,0.002199,74.125.24.0-255,4320,216781,96,224914
24070,0.002201,172.31.47.0-255,66,216847,96,224914
24071,0.002234,172.31.47.0-255,66,216913,96,224914
24072,0.002254,172.31.47.0-255,66,216979,96,224914
24073,0.00227,172.31.47.0-255,66,217045,96,224914
24074,0.002278,172.31.47.0-255,66,217111,96,224914
24075,0.002302,172.31.47.0-255,66,217177,96,224914
24076,0.002349,74.125.24.0-255,1484,218661,96,224914
24077,0.002399,172.31.47.0-255,66,218727,96,224914
24078,0.002402,74.125.24.0-255,1484,220211,96,224914
24079,0.002418,172.31.47.0-255,66,220277,96,224914
24080,0.002421,74.125.24.0-255,105,220382,96,224914
24081,0.003488,172.31.47.0-255,66,220448,96,224914
24082,0.00351,172.31.47.0-255,105,220553,96,224914
24083,0.006052,74.125.24.0-255,66,220619,96,224914
24084,0.026821,172.31.47.0-255,172,220791,96,224914
24085,0.026849,172.31.47.0-255,1110,221901,96,224914
24086,0.026882,172.31.47.0-255,1514,223415,96,224914
24087,0.026884,172.31.47.0-255,1301,224716,96,224914
24088,0.028344,104.244.42.0-255,66,224782,96,224914
24089,0.028368,104.244.42.0-255,66,224848,96,224914
24090,0.028446,104.244.42.0-255,66,224914,96,224914
24091,0.0,74.125.130.0-255,153,153,96,281920
24092,2.2e-05,172.31.47.0-255,66,219,96,281920
24093,4.1e-05,74.125.130.0-255,1484,1703,96,281920
24094,4.4e-05,172.31.47.0-255,66,1769,96,281920
24095,4.9e-05,74.125.130.0-255,2902,4671,96,281920
24096,5.2e-05,172.31.47.0-255,66,4737,96,281920
24097,7.3e-05,74.125.130.0-255,1484,6221,96,281920
24098,7.5e-05,172.31.47.0-255,66,6287,96,281920
24099,0.000101,74.125.130.0-255,4320,10607,96,281920
24100,0.000104,172.31.47.0-255,66,10673,96,281920
24101,0.000112,74.125.130.0-255,3557,14230,96,281920
24102,0.000115,172.31.47.0-255,66,14296,96,281920
24103,0.000215,74.125.130.0-255,1484,15780,96,281920
24104,0.000219,172.31.47.0-255,66,15846,96,281920
24105,0.000223,74.125.130.0-255,1484,17330,96,281920
24106,0.000224,172.31.47.0-255,66,17396,96,281920
24107,0.000254,74.125.130.0-255,1484,18880,96,281920
24108,0.000257,172.31.47.0-255,66,18946,96,281920
24109,0.000262,74.125.130.0-255,5738,24684,96,281920
24110,0.000265,172.31.47.0-255,66,24750,96,281920
24111,0.000268,74.125.130.0-255,2902,27652,96,281920
24112,0.000274,172.31.47.0-255,66,27718,96,281920
24113,0.0003,74.125.130.0-255,3961,31679,96,281920
24114,0.000307,172.31.47.0-255,66,31745,96,281920
24115,0.000361,74.125.130.0-255,1484,33229,96,281920
24116,0.000363,172.31.47.0-255,66,33295,96,281920
24117,0.000367,74.125.130.0-255,2902,36197,96,281920
24118,0.000369,172.31.47.0-255,66,36263,96,281920
24119,0.000403,74.125.130.0-255,5738,42001,96,281920
24120,0.000407,74.125.130.0-255,2902,44903,96,281920
24121,0.000408,172.31.47.0-255,66,44969,96,281920
24122,0.000411,172.31.47.0-255,66,45035,96,281920
24123,0.000419,74.125.130.0-255,3961,48996,96,281920
24124,0.000421,172.31.47.0-255,66,49062,96,281920
24125,0.001072,74.125.130.0-255,1484,50546,96,281920
24126,0.001113,74.125.130.0-255,2902,53448,96,281920
24127,0.001119,172.31.47.0-255,66,53514,96,281920
24128,0.001122,74.125.130.0-255,1484,54998,96,281920
24129,0.001149,74.125.130.0-255,2902,57900,96,281920
24130,0.001152,172.31.47.0-255,66,57966,96,281920
24131,0.001177,172.31.47.0-255,66,58032,96,281920
24132,0.001214,172.31.47.0-255,66,58098,96,281920
24133,0.001217,74.125.130.0-255,1484,59582,96,281920
24134,0.001249,74.125.130.0-255,6797,66379,96,281920
24135,0.001252,172.31.47.0-255,66,66445,96,281920
24136,0.001358,74.125.130.0-255,1484,67929,96,281920
24137,0.001362,74.125.130.0-255,1484,69413,96,281920
24138,0.001365,172.31.47.0-255,66,69479,96,281920
24139,0.001392,74.125.130.0-255,2902,72381,96,281920
24140,0.001395,172.31.47.0-255,66,72447,96,281920
24141,0.001427,74.125.130.0-255,1484,73931,96,281920
24142,0.001459,74.125.130.0-255,1484,75415,96,281920
24143,0.001462,172.31.47.0-255,66,75481,96,281920
24144,0.001487,74.125.130.0-255,1484,76965,96,281920
24145,0.001493,74.125.130.0-255,4320,81285,96,281920
24146,0.001495,172.31.47.0-255,66,81351,96,281920
24147,0.001519,74.125.130.0-255,1484,82835,96,281920
24148,0.001532,74.125.130.0-255,1704,84539,96,281920
24149,0.001535,172.31.47.0-255,66,84605,96,281920
24150,0.001698,74.125.130.0-255,1484,86089,96,281920
24151,0.001704,74.125.130.0-255,2902,88991,96,281920
24152,0.001707,172.31.47.0-255,66,89057,96,281920
24153,0.001736,74.125.130.0-255,2902,91959,96,281920
24154,0.001738,172.31.47.0-255,66,92025,96,281920
24155,0.001743,74.125.130.0-255,4320,96345,96,281920
24156,0.001745,172.31.47.0-255,66,96411,96,281920
24157,0.001776,74.125.130.0-255,7156,103567,96,281920
24158,0.001778,172.31.47.0-255,66,103633,96,281920
24159,0.001803,74.125.130.0-255,1981,105614,96,281920
24160,0.001805,172.31.47.0-255,66,105680,96,281920
24161,0.001809,74.125.130.0-255,2902,108582,96,281920
24162,0.001811,172.31.47.0-255,66,108648,96,281920
24163,0.001843,74.125.130.0-255,1484,110132,96,281920
24164,0.001879,172.31.47.0-255,66,110198,96,281920
24165,0.001883,74.125.130.0-255,4320,114518,96,281920
24166,0.001885,172.31.47.0-255,66,114584,96,281920
24167,0.001914,172.31.47.0-255,66,114650,96,281920
24168,0.003887,74.125.130.0-255,5738,120388,96,281920
24169,0.003892,172.31.47.0-255,66,120454,96,281920
24170,0.005883,74.125.130.0-255,5738,126192,96,281920
24171,0.005888,172.31.47.0-255,66,126258,96,281920
24172,0.007883,74.125.130.0-255,5738,131996,96,281920
24173,0.007891,172.31.47.0-255,66,132062,96,281920
24174,0.009879,74.125.130.0-255,5738,137800,96,281920
24175,0.009887,172.31.47.0-255,66,137866,96,281920
24176,0.011865,74.125.130.0-255,5738,143604,96,281920
24177,0.011873,172.31.47.0-255,66,143670,96,281920
24178,0.013862,74.125.130.0-255,5738,149408,96,281920
24179,0.013872,172.31.47.0-255,66,149474,96,281920
24180,0.015858,74.125.130.0-255,5738,155212,96,281920
24181,0.015867,172.31.47.0-255,66,155278,96,281920
24182,0.017843,74.125.130.0-255,5738,161016,96,281920
24183,0.017851,172.31.47.0-255,66,161082,96,281920
24184,0.01983,74.125.130.0-255,4320,165402,96,281920
24185,0.019839,172.31.47.0-255,66,165468,96,281920
24186,0.019874,74.125.130.0-255,1484,166952,96,281920
24187,0.02182,74.125.130.0-255,4320,171272,96,281920
24188,0.021826,172.31.47.0-255,66,171338,96,281920
24189,0.0235,172.31.47.0-255,172,171510,96,281920
24190,0.023528,172.31.47.0-255,1104,172614,96,281920
24191,0.023565,172.31.47.0-255,1514,174128,96,281920
24192,0.023567,172.31.47.0-255,1308,175436,96,281920
24193,0.023804,74.125.130.0-255,5738,181174,96,281920
24194,0.023814,172.31.47.0-255,66,181240,96,281920
24195,0.025018,104.244.42.0-255,66,181306,96,281920
24196,0.025051,104.244.42.0-255,66,181372,96,281920
24197,0.025111,104.244.42.0-255,66,181438,96,281920
24198,0.025787,74.125.130.0-255,1484,182922,96,281920
24199,0.025809,74.125.130.0-255,4320,187242,96,281920
24200,0.025814,172.31.47.0-255,66,187308,96,281920
24201,0.027808,74.125.130.0-255,5738,193046,96,281920
24202,0.027814,172.31.47.0-255,66,193112,96,281920
24203,0.02981,74.125.130.0-255,5738,198850,96,281920
24204,0.029822,172.31.47.0-255,66,198916,96,281920
24205,0.031805,74.125.130.0-255,5738,204654,96,281920
24206,0.031813,172.31.47.0-255,66,204720,96,281920
24207,0.033791,74.125.130.0-255,5738,210458,96,281920
24208,0.033799,172.31.47.0-255,66,210524,96,281920
24209,0.03577,74.125.130.0-255,4320,214844,96,281920
24210,0.035775,172.31.47.0-255,66,214910,96,281920
24211,0.035808,74.125.130.0-255,1484,216394,96,281920
24212,0.037778,74.125.130.0-255,4320,220714,96,281920
24213,0.037795,172.31.47.0-255,66,220780,96,281920
24214,0.039809,74.125.130.0-255,5738,226518,96,281920
24215,0.039822,172.31.47.0-255,66,226584,96,281920
24216,0.041813,74.125.130.0-255,5738,232322,96,281920
24217,0.041827,172.31.47.0-255,66,232388,96,281920
24218,0.043809,74.125.130.0-255,5738,238126,96,281920
24219,0.043817,172.31.47.0-255,66,238192,96,281920
24220,0.045842,74.125.130.0-255,5738,243930,96,281920
24221,0.045852,172.31.47.0-255,66,243996,96,281920
24222,0.047822,74.125.130.0-255,4320,248316,96,281920
24223,0.047828,172.31.47.0-255,66,248382,96,281920
24224,0.04786,74.125.130.0-255,1484,249866,96,281920
24225,0.049813,74.125.130.0-255,4320,254186,96,281920
24226,0.049818,172.31.47.0-255,66,254252,96,281920
24227,0.051804,74.125.130.0-255,4320,258572,96,281920
24228,0.051809,172.31.47.0-255,66,258638,96,281920
24229,0.051841,74.125.130.0-255,1484,260122,96,281920
24230,0.053795,74.125.130.0-255,4320,264442,96,281920
24231,0.053803,172.31.47.0-255,66,264508,96,281920
24232,0.055814,74.125.130.0-255,5738,270246,96,281920
24233,0.055821,172.31.47.0-255,66,270312,96,281920
24234,0.05781,74.125.130.0-255,5738,276050,96,281920
24235,0.057817,172.31.47.0-255,66,276116,96,281920
24236,0.059839,74.125.130.0-255,5738,281854,96,281920
24237,0.059846,172.31.47.0-255,66,281920,96,281920
24238,0.0,74.125.200.0-255,152,152,96,311315
24239,3.2e-05,172.31.47.0-255,66,218,96,311315
24240,3.8e-05,74.125.200.0-255,1484,1702,96,311315
24241,4.2e-05,172.31.47.0-255,66,1768,96,311315
24242,4.7e-05,74.125.200.0-255,2902,4670,96,311315
24243,4.9e-05,172.31.47.0-255,66,4736,96,311315
24244,5.5e-05,74.125.200.0-255,5738,10474,96,311315
24245,5.8e-05,172.31.47.0-255,66,10540,96,311315
24246,7.8e-05,74.125.200.0-255,3367,13907,96,311315
24247,8e-05,172.31.47.0-255,66,13973,96,311315
24248,0.000245,74.125.200.0-255,1484,15457,96,311315
24249,0.00025,172.31.47.0-255,66,15523,96,311315
24250,0.000254,74.125.200.0-255,2902,18425,96,311315
24251,0.000257,172.31.47.0-255,66,18491,96,311315
24252,0.000275,74.125.200.0-255,5738,24229,96,311315
24253,0.000278,172.31.47.0-255,66,24295,96,311315
24254,0.000281,74.125.200.0-255,2902,27197,96,311315
24255,0.000284,172.31.47.0-255,66,27263,96,311315
24256,0.000306,74.125.200.0-255,3961,31224,96,311315
24257,0.000309,172.31.47.0-255,66,31290,96,311315
24258,0.000312,74.125.200.0-255,1484,32774,96,311315
24259,0.000314,172.31.47.0-255,66,32840,96,311315
24260,0.000347,74.125.200.0-255,5738,38578,96,311315
24261,0.00035,172.31.47.0-255,66,38644,96,311315
24262,0.000363,74.125.200.0-255,1484,40128,96,311315
24263,0.000365,172.31.47.0-255,66,40194,96,311315
24264,0.00037,74.125.200.0-255,4320,44514,96,311315
24265,0.000372,172.31.47.0-255,66,44580,96,311315
24266,0.000382,172.31.47.0-255,66,44646,96,311315
24267,0.000406,74.125.200.0-255,4320,48966,96,311315
24268,0.000409,172.31.47.0-255,66,49032,96,311315
24269,0.000415,74.125.200.0-255,6438,55470,96,311315
24270,0.000422,172.31.47.0-255,66,55536,96,311315
24271,0.00044,74.125.200.0-255,396,55932,96,311315
24272,0.000444,74.125.200.0-255,110,56042,96,311315
24273,0.000467,74.125.200.0-255,334,56376,96,311315
24274,0.000684,74.125.200.0-255,1484,57860,96,311315
24275,0.000687,172.31.47.0-255,66,57926,96,311315
24276,0.000692,74.125.200.0-255,2902,60828,96,311315
24277,0.000694,172.31.47.0-255,66,60894,96,311315
24278,0.000709,74.125.200.0-255,1484,62378,96,311315
24279,0.000723,74.125.200.0-255,4320,66698,96,311315
24280,0.000725,172.31.47.0-255,66,66764,96,311315
24281,0.000753,172.31.47.0-255,66,66830,96,311315
24282,0.000779,74.125.200.0-255,2902,69732,96,311315
24283,0.000781,172.31.47.0-255,66,69798,96,311315
24284,0.000793,172.31.47.0-255,66,69864,96,311315
24285,0.001215,74.125.200.0-255,1484,71348,96,311315
24286,0.001225,74.125.200.0-255,1484,72832,96,311315
24287,0.001228,172.31.47.0-255,66,72898,96,311315
24288,0.001247,74.125.200.0-255,1484,74382,96,311315
24289,0.00125,74.125.200.0-255,1484,75866,96,311315
24290,0.001252,172.31.47.0-255,66,75932,96,311315
24291,0.001256,74.125.200.0-255,2902,78834,96,311315
24292,0.001257,172.31.47.0-255,66,78900,96,311315
24293,0.001287,74.125.200.0-255,5738,84638,96,311315
24294,0.001289,172.31.47.0-255,66,84704,96,311315
24295,0.001292,74.125.200.0-255,1484,86188,96,311315
24296,0.001319,172.31.47.0-255,66,86254,96,311315
24297,0.001361,172.31.47.0-255,66,86320,96,311315
24298,0.001601,74.125.200.0-255,1484,87804,96,311315
24299,0.001608,74.125.200.0-255,2902,90706,96,311315
24300,0.001611,172.31.47.0-255,66,90772,96,311315
24301,0.001635,74.125.200.0-255,5738,96510,96,311315
24302,0.001637,172.31.47.0-255,66,96576,96,311315
24303,0.001641,74.125.200.0-255,2902,99478,96,311315
24304,0.001642,172.31.47.0-255,66,99544,96,311315
24305,0.001665,74.125.200.0-255,1484,101028,96,311315
24306,0.00167,74.125.200.0-255,5738,106766,96,311315
24307,0.001673,172.31.47.0-255,66,106832,96,311315
24308,0.001696,74.125.200.0-255,5738,112570,96,311315
24309,0.0017,172.31.47.0-255,66,112636,96,311315
24310,0.001716,74.125.200.0-255,2902,115538,96,311315
24311,0.001718,172.31.47.0-255,66,115604,96,311315
24312,0.001739,74.125.200.0-255,4320,119924,96,311315
24313,0.001742,74.125.200.0-255,766,120690,96,311315
24314,0.001744,172.31.47.0-255,66,120756,96,311315
24315,0.001823,74.125.200.0-255,1484,122240,96,311315
24316,0.001827,172.31.47.0-255,66,122306,96,311315
24317,0.001846,74.125.200.0-255,2902,125208,96,311315
24318,0.001848,172.31.47.0-255,66,125274,96,311315
24319,0.001851,74.125.200.0-255,1484,126758,96,311315
24320,0.001855,74.125.200.0-255,2902,129660,96,311315
24321,0.001857,172.31.47.0-255,66,129726,96,311315
24322,0.001902,74.125.200.0-255,5738,135464,96,311315
24323,0.001905,172.31.47.0-255,66,135530,96,311315
24324,0.001911,74.125.200.0-255,5738,141268,96,311315
24325,0.001912,172.31.47.0-255,66,141334,96,311315
24326,0.001935,74.125.200.0-255,5738,147072,96,311315
24327,0.001937,172.31.47.0-255,66,147138,96,311315
24328,0.001956,74.125.200.0-255,1484,148622,96,311315
24329,0.00196,74.125.200.0-255,4320,152942,96,311315
24330,0.001962,172.31.47.0-255,66,153008,96,311315
24331,0.002005,74.125.200.0-255,2184,155192,96,311315
24332,0.002008,172.31.47.0-255,66,155258,96,311315
24333,0.002321,74.125.200.0-255,1484,156742,96,311315
24334,0.002336,74.125.200.0-255,2902,159644,96,311315
24335,0.002339,172.31.47.0-255,66,159710,96,311315
24336,0.002361,74.125.200.0-255,5738,165448,96,311315
24337,0.002363,172.31.47.0-255,66,165514,96,311315
24338,0.002385,74.125.200.0-255,7156,172670,96,311315
24339,0.002387,172.31.47.0-255,66,172736,96,311315
24340,0.00239,74.125.200.0-255,1484,174220,96,311315
24341,0.004739,74.125.200.0-255,4320,178540,96,311315
24342,0.004743,172.31.47.0-255,66,178606,96,311315
24343,0.007124,74.125.200.0-255,5738,184344,96,311315
24344,0.00714,172.31.47.0-255,66,184410,96,311315
24345,0.009513,74.125.200.0-255,5738,190148,96,311315
24346,0.009529,172.31.47.0-255,66,190214,96,311315
24347,0.011919,74.125.200.0-255,5738,195952,96,311315
24348,0.011931,172.31.47.0-255,66,196018,96,311315
24349,0.014317,74.125.200.0-255,5738,201756,96,311315
24350,0.014336,172.31.47.0-255,66,201822,96,311315
24351,0.016736,74.125.200.0-255,5738,207560,96,311315
24352,0.016748,172.31.47.0-255,66,207626,96,311315
24353,0.019137,74.125.200.0-255,5738,213364,96,311315
24354,0.019155,172.31.47.0-255,66,213430,96,311315
24355,0.02153,74.125.200.0-255,5738,219168,96,311315
24356,0.021547,172.31.47.0-255,66,219234,96,311315
24357,0.023908,74.125.200.0-255,1484,220718,96,311315
24358,0.023928,74.125.200.0-255,4320,225038,96,311315
24359,0.023934,172.31.47.0-255,66,225104,96,311315
24360,0.024645,172.31.47.0-255,172,225276,96,311315
24361,0.024676,172.31.47.0-255,1109,226385,96,311315
24362,0.024701,172.31.47.0-255,1514,227899,96,311315
24363,0.024702,172.31.47.0-255,1302,229201,96,311315
24364,0.026197,104.244.42.0-255,66,229267,96,311315
24365,0.026258,104.244.42.0-255,66,229333,96,311315
24366,0.026264,104.244.42.0-255,66,229399,96,311315
24367,0.026303,74.125.200.0-255,2902,232301,96,311315
24368,0.026313,172.31.47.0-255,66,232367,96,311315
24369,0.026339,74.125.200.0-255,2902,235269,96,311315
24370,0.026344,172.31.47.0-255,66,235335,96,311315
24371,0.028694,74.125.200.0-255,4320,239655,96,311315
24372,0.028708,172.31.47.0-255,66,239721,96,311315
24373,0.02873,74.125.200.0-255,1484,241205,96,311315
24374,0.031072,74.125.200.0-255,1484,242689,96,311315
24375,0.031081,172.31.47.0-255,66,242755,96,311315
24376,0.0311,74.125.200.0-255,2902,245657,96,311315
24377,0.031103,172.31.47.0-255,66,245723,96,311315
24378,0.03348,74.125.200.0-255,4320,250043,96,311315
24379,0.033491,172.31.47.0-255,66,250109,96,311315
24380,0.033506,74.125.200.0-255,1484,251593,96,311315
24381,0.035867,74.125.200.0-255,4320,255913,96,311315
24382,0.035878,172.31.47.0-255,66,255979,96,311315
24383,0.038251,74.125.200.0-255,4320,260299,96,311315
24384,0.038259,172.31.47.0-255,66,260365,96,311315
24385,0.038275,74.125.200.0-255,1484,261849,96,311315
24386,0.040626,74.125.200.0-255,4320,266169,96,311315
24387,0.040636,172.31.47.0-255,66,266235,96,311315
24388,0.043009,74.125.200.0-255,5738,271973,96,311315
24389,0.043018,172.31.47.0-255,66,272039,96,311315
24390,0.045401,74.125.200.0-255,5738,277777,96,311315
24391,0.045411,172.31.47.0-255,66,277843,96,311315
24392,0.047793,74.125.200.0-255,4320,282163,96,311315
24393,0.0478,172.31.47.0-255,66,282229,96,311315
24394,0.04782,74.125.200.0-255,1484,283713,96,311315
24395,0.050164,74.125.200.0-255,4320,288033,96,311315
24396,0.05017,172.31.47.0-255,66,288099,96,311315
24397,0.052546,74.125.200.0-255,5738,293837,96,311315
24398,0.052556,172.31.47.0-255,66,293903,96,311315
24399,0.054927,74.125.200.0-255,5738,299641,96,311315
24400,0.054935,172.31.47.0-255,66,299707,96,311315
24401,0.057311,74.125.200.0-255,5738,305445,96,311315
24402,0.057317,172.31.47.0-255,66,305511,96,311315
24403,0.059684,74.125.200.0-255,5738,311249,96,311315
24404,0.059697,172.31.47.0-255,66,311315,96,311315
24405,0.0,172.217.194.0-255,152,152,96,196718
24406,2.9e-05,172.31.47.0-255,66,218,96,196718
24407,3.6e-05,172.217.194.0-255,1484,1702,96,196718
24408,4e-05,172.31.47.0-255,66,1768,96,196718
24409,4.4e-05,172.217.194.0-255,2902,4670,96,196718
24410,4.6e-05,172.31.47.0-255,66,4736,96,196718
24411,6.1e-05,172.217.194.0-255,7156,11892,96,196718
24412,6.3e-05,172.31.47.0-255,66,11958,96,196718
24413,0.000106,172.217.194.0-255,4320,16278,96,196718
24414,0.000108,172.31.47.0-255,66,16344,96,196718
24415,0.000134,172.217.194.0-255,2219,18563,96,196718
24416,0.000137,172.31.47.0-255,66,18629,96,196718
24417,0.000143,172.217.194.0-255,7156,25785,96,196718
24418,0.000145,172.31.47.0-255,66,25851,96,196718
24419,0.000147,172.217.194.0-255,1484,27335,96,196718
24420,0.000149,172.31.47.0-255,66,27401,96,196718
24421,0.000178,172.217.194.0-255,3961,31362,96,196718
24422,0.000181,172.31.47.0-255,66,31428,96,196718
24423,0.000337,172.217.194.0-255,1484,32912,96,196718
24424,0.000341,172.31.47.0-255,66,32978,96,196718
24425,0.000344,172.217.194.0-255,1484,34462,96,196718
24426,0.000346,172.31.47.0-255,66,34528,96,196718
24427,0.000365,172.217.194.0-255,1484,36012,96,196718
24428,0.000374,172.217.194.0-255,5738,41750,96,196718
24429,0.000371,172.31.47.0-255,66,41816,96,196718
24430,0.000377,172.31.47.0-255,66,41882,96,196718
24431,0.000408,172.31.47.0-255,66,41948,96,196718
24432,0.000411,172.217.194.0-255,1484,43432,96,196718
24433,0.000412,172.31.47.0-255,66,43498,96,196718
24434,0.000453,172.31.47.0-255,66,43564,96,196718
24435,0.000456,172.217.194.0-255,408,43972,96,196718
24436,0.000521,172.217.194.0-255,1484,45456,96,196718
24437,0.000525,172.31.47.0-255,66,45522,96,196718
24438,0.000529,172.217.194.0-255,2902,48424,96,196718
24439,0.000531,172.31.47.0-255,66,48490,96,196718
24440,0.000534,172.217.194.0-255,1484,49974,96,196718
24441,0.00056,172.217.194.0-255,4320,54294,96,196718
24442,0.000563,172.31.47.0-255,66,54360,96,196718
24443,0.000598,172.31.47.0-255,66,54426,96,196718
24444,0.000648,172.31.47.0-255,66,54492,96,196718
24445,0.000698,172.217.194.0-255,1484,55976,96,196718
24446,0.000702,172.217.194.0-255,2902,58878,96,196718
24447,0.000705,172.31.47.0-255,66,58944,96,196718
24448,0.000731,172.217.194.0-255,5738,64682,96,196718
24449,0.000734,172.31.47.0-255,66,64748,96,196718
24450,0.00074,172.217.194.0-255,5738,70486,96,196718
24451,0.000741,172.31.47.0-255,66,70552,96,196718
24452,0.000773,172.217.194.0-255,7156,77708,96,196718
24453,0.000776,172.31.47.0-255,66,77774,96,196718
24454,0.000781,172.217.194.0-255,4320,82094,96,196718
24455,0.000783,172.31.47.0-255,66,82160,96,196718
24456,0.000804,172.217.194.0-255,6438,88598,96,196718
24457,0.000812,172.31.47.0-255,66,88664,96,196718
24458,0.001065,172.217.194.0-255,1484,90148,96,196718
24459,0.00107,172.217.194.0-255,2902,93050,96,196718
24460,0.001072,172.31.47.0-255,66,93116,96,196718
24461,0.001098,172.217.194.0-255,5738,98854,96,196718
24462,0.001101,172.31.47.0-255,66,98920,96,196718
24463,0.001125,172.217.194.0-255,4320,103240,96,196718
24464,0.001128,172.31.47.0-255,66,103306,96,196718
24465,0.001161,172.31.47.0-255,66,103372,96,196718
24466,0.001176,172.31.47.0-255,66,103438,96,196718
24467,0.001181,172.217.194.0-255,5738,109176,96,196718
24468,0.001183,172.31.47.0-255,66,109242,96,196718
24469,0.00123,172.31.47.0-255,66,109308,96,196718
24470,0.001239,172.31.47.0-255,66,109374,96,196718
24471,0.001417,172.217.194.0-255,1484,110858,96,196718
24472,0.001422,172.217.194.0-255,2902,113760,96,196718
24473,0.001424,172.31.47.0-255,66,113826,96,196718
24474,0.00145,172.217.194.0-255,5738,119564,96,196718
24475,0.001453,172.31.47.0-255,66,119630,96,196718
24476,0.001462,172.31.47.0-255,66,119696,96,196718
24477,0.001507,172.217.194.0-255,2902,122598,96,196718
24478,0.00151,172.31.47.0-255,66,122664,96,196718
24479,0.001541,172.31.47.0-255,66,122730,96,196718
24480,0.001757,172.217.194.0-255,1484,124214,96,196718
24481,0.001774,172.217.194.0-255,2902,127116,96,196718
24482,0.001778,172.217.194.0-255,2902,130018,96,196718
24483,0.001778,172.31.47.0-255,66,130084,96,196718
24484,0.001782,172.31.47.0-255,66,130150,96,196718
24485,0.001797,172.217.194.0-255,2902,133052,96,196718
24486,0.0018,172.31.47.0-255,66,133118,96,196718
24487,0.001803,172.217.194.0-255,1484,134602,96,196718
24488,0.001842,172.31.47.0-255,66,134668,96,196718
24489,0.001849,172.217.194.0-255,7156,141824,96,196718
24490,0.001851,172.31.47.0-255,66,141890,96,196718
24491,0.001882,172.217.194.0-255,6438,148328,96,196718
24492,0.001885,172.31.47.0-255,66,148394,96,196718
24493,0.001896,172.31.47.0-255,66,148460,96,196718
24494,0.001967,172.31.47.0-255,66,148526,96,196718
24495,0.001977,172.31.47.0-255,66,148592,96,196718
24496,0.001982,172.217.194.0-255,4320,152912,96,196718
24497,0.001983,172.31.47.0-255,66,152978,96,196718
24498,0.002015,172.217.194.0-255,5738,158716,96,196718
24499,0.002022,172.217.194.0-255,7156,165872,96,196718
24500,0.002022,172.31.47.0-255,66,165938,96,196718
24501,0.002025,172.31.47.0-255,66,166004,96,196718
24502,0.002059,172.31.47.0-255,66,166070,96,196718
24503,0.002064,172.217.194.0-255,4320,170390,96,196718
24504,0.002066,172.31.47.0-255,66,170456,96,196718
24505,0.002095,172.217.194.0-255,5738,176194,96,196718
24506,0.002098,172.31.47.0-255,66,176260,96,196718
24507,0.002113,172.31.47.0-255,66,176326,96,196718
24508,0.002116,172.217.194.0-255,2902,179228,96,196718
24509,0.002118,172.31.47.0-255,66,179294,96,196718
24510,0.002167,172.31.47.0-255,66,179360,96,196718
24511,0.002179,172.31.47.0-255,66,179426,96,196718
24512,0.002189,172.31.47.0-255,66,179492,96,196718
24513,0.002224,172.31.47.0-255,66,179558,96,196718
24514,0.00223,172.217.194.0-255,7156,186714,96,196718
24515,0.002232,172.31.47.0-255,66,186780,96,196718
24516,0.002262,172.217.194.0-255,5235,192015,96,196718
24517,0.002264,172.217.194.0-255,105,192120,96,196718
24518,0.002266,172.31.47.0-255,66,192186,96,196718
24519,0.003005,172.31.47.0-255,66,192252,96,196718
24520,0.003028,172.31.47.0-255,105,192357,96,196718
24521,0.005235,172.217.194.0-255,66,192423,96,196718
24522,0.031005,172.31.47.0-255,172,192595,96,196718
24523,0.031032,172.31.47.0-255,1105,193700,96,196718
24524,0.031062,172.31.47.0-255,1514,195214,96,196718
24525,0.031063,172.31.47.0-255,1306,196520,96,196718
24526,0.032542,104.244.42.0-255,66,196586,96,196718
24527,0.032593,104.244.42.0-255,66,196652,96,196718
24528,0.03264,104.244.42.0-255,66,196718,96,196718
24529,0.0,74.125.130.0-255,153,153,96,388918
24530,2.2e-05,172.31.47.0-255,66,219,96,388918
24531,4.4e-05,74.125.130.0-255,1484,1703,96,388918
24532,4.8e-05,172.31.47.0-255,66,1769,96,388918
24533,6.4e-05,74.125.130.0-255,1484,3253,96,388918
24534,6.7e-05,172.31.47.0-255,66,3319,96,388918
24535,7.1e-05,74.125.130.0-255,2902,6221,96,388918
24536,7.4e-05,172.31.47.0-255,66,6287,96,388918
24537,9.1e-05,74.125.130.0-255,2902,9189,96,388918
24538,9.3e-05,172.31.47.0-255,66,9255,96,388918
24539,0.000106,74.125.130.0-255,2902,12157,96,388918
24540,0.000108,172.31.47.0-255,66,12223,96,388918
24541,0.00011,74.125.130.0-255,1484,13707,96,388918
24542,0.000112,172.31.47.0-255,66,13773,96,388918
24543,0.000127,74.125.130.0-255,2093,15866,96,388918
24544,0.000129,172.31.47.0-255,66,15932,96,388918
24545,0.00015,74.125.130.0-255,1484,17416,96,388918
24546,0.000151,172.31.47.0-255,66,17482,96,388918
24547,0.000163,74.125.130.0-255,2902,20384,96,388918
24548,0.000165,172.31.47.0-255,66,20450,96,388918
24549,0.000176,74.125.130.0-255,1484,21934,96,388918
24550,0.000178,172.31.47.0-255,66,22000,96,388918
24551,0.000183,74.125.130.0-255,4320,26320,96,388918
24552,0.000185,172.31.47.0-255,66,26386,96,388918
24553,0.000196,74.125.130.0-255,2902,29288,96,388918
24554,0.000198,172.31.47.0-255,66,29354,96,388918
24555,0.000202,74.125.130.0-255,2543,31897,96,388918
24556,0.000204,172.31.47.0-255,66,31963,96,388918
24557,0.000426,74.125.130.0-255,1484,33447,96,388918
24558,0.000429,172.31.47.0-255,66,33513,96,388918
24559,0.000446,74.125.130.0-255,2902,36415,96,388918
24560,0.000448,172.31.47.0-255,66,36481,96,388918
24561,0.00047,74.125.130.0-255,4320,40801,96,388918
24562,0.000472,172.31.47.0-255,66,40867,96,388918
24563,0.000493,74.125.130.0-255,5738,46605,96,388918
24564,0.000495,172.31.47.0-255,66,46671,96,388918
24565,0.000511,74.125.130.0-255,2543,49214,96,388918
24566,0.000513,172.31.47.0-255,66,49280,96,388918
24567,0.000535,74.125.130.0-255,2902,52182,96,388918
24568,0.000537,172.31.47.0-255,66,52248,96,388918
24569,0.000572,74.125.130.0-255,7156,59404,96,388918
24570,0.000575,172.31.47.0-255,66,59470,96,388918
24571,0.000577,74.125.130.0-255,1484,60954,96,388918
24572,0.000581,74.125.130.0-255,2902,63856,96,388918
24573,0.000583,172.31.47.0-255,66,63922,96,388918
24574,0.000611,74.125.130.0-255,2543,66465,96,388918
24575,0.000614,172.31.47.0-255,66,66531,96,388918
24576,0.000653,74.125.130.0-255,646,67177,96,388918
24577,0.000686,172.31.47.0-255,66,67243,96,388918
24578,0.00085,74.125.130.0-255,1484,68727,96,388918
24579,0.000857,74.125.130.0-255,1484,70211,96,388918
24580,0.00086,172.31.47.0-255,66,70277,96,388918
24581,0.000879,74.125.130.0-255,1484,71761,96,388918
24582,0.000884,74.125.130.0-255,4320,76081,96,388918
24583,0.000886,172.31.47.0-255,66,76147,96,388918
24584,0.000903,74.125.130.0-255,2902,79049,96,388918
24585,0.000906,172.31.47.0-255,66,79115,96,388918
24586,0.000922,74.125.130.0-255,5738,84853,96,388918
24587,0.000924,172.31.47.0-255,66,84919,96,388918
24588,0.00093,74.125.130.0-255,7156,92075,96,388918
24589,0.000932,172.31.47.0-255,66,92141,96,388918
24590,0.000935,74.125.130.0-255,1484,93625,96,388918
24591,0.000955,74.125.130.0-255,7156,100781,96,388918
24592,0.000957,172.31.47.0-255,66,100847,96,388918
24593,0.000961,74.125.130.0-255,766,101613,96,388918
24594,0.001072,74.125.130.0-255,1484,103097,96,388918
24595,0.001076,172.31.47.0-255,66,103163,96,388918
24596,0.001081,74.125.130.0-255,2902,106065,96,388918
24597,0.001083,172.31.47.0-255,66,106131,96,388918
24598,0.001113,74.125.130.0-255,4320,110451,96,388918
24599,0.001115,172.31.47.0-255,66,110517,96,388918
24600,0.001131,74.125.130.0-255,1484,112001,96,388918
24601,0.001146,74.125.130.0-255,1484,113485,96,388918
24602,0.001148,172.31.47.0-255,66,113551,96,388918
24603,0.001164,74.125.130.0-255,5738,119289,96,388918
24604,0.001167,172.31.47.0-255,66,119355,96,388918
24605,0.00117,74.125.130.0-255,2902,122257,96,388918
24606,0.001173,172.31.47.0-255,66,122323,96,388918
24607,0.001187,74.125.130.0-255,4320,126643,96,388918
24608,0.001189,172.31.47.0-255,66,126709,96,388918
24609,0.001218,74.125.130.0-255,2902,129611,96,388918
24610,0.001221,172.31.47.0-255,66,129677,96,388918
24611,0.001239,74.125.130.0-255,4320,133997,96,388918
24612,0.001241,172.31.47.0-255,66,134063,96,388918
24613,0.001269,74.125.130.0-255,4320,138383,96,388918
24614,0.001271,172.31.47.0-255,66,138449,96,388918
24615,0.001288,74.125.130.0-255,3602,142051,96,388918
24616,0.00129,172.31.47.0-255,66,142117,96,388918
24617,0.001299,172.31.47.0-255,66,142183,96,388918
24618,0.00133,172.31.47.0-255,66,142249,96,388918
24619,0.001344,74.125.130.0-255,1484,143733,96,388918
24620,0.001367,74.125.130.0-255,2902,146635,96,388918
24621,0.001369,172.31.47.0-255,66,146701,96,388918
24622,0.001388,74.125.130.0-255,6438,153139,96,388918
24623,0.00139,172.31.47.0-255,66,153205,96,388918
24624,0.001529,74.125.130.0-255,1484,154689,96,388918
24625,0.001532,74.125.130.0-255,1484,156173,96,388918
24626,0.001533,172.31.47.0-255,66,156239,96,388918
24627,0.001549,74.125.130.0-255,1484,157723,96,388918
24628,0.001554,74.125.130.0-255,4320,162043,96,388918
24629,0.001556,172.31.47.0-255,66,162109,96,388918
24630,0.00157,74.125.130.0-255,1484,163593,96,388918
24631,0.001575,74.125.130.0-255,4320,167913,96,388918
24632,0.001577,172.31.47.0-255,66,167979,96,388918
24633,0.001593,74.125.130.0-255,1484,169463,96,388918
24634,0.001599,74.125.130.0-255,7156,176619,96,388918
24635,0.001601,172.31.47.0-255,66,176685,96,388918
24636,0.001634,172.31.47.0-255,66,176751,96,388918
24637,0.001649,74.125.130.0-255,2184,178935,96,388918
24638,0.001651,172.31.47.0-255,66,179001,96,388918
24639,0.00193,74.125.130.0-255,1484,180485,96,388918
24640,0.001943,74.125.130.0-255,2902,183387,96,388918
24641,0.001945,172.31.47.0-255,66,183453,96,388918
24642,0.001956,74.125.130.0-255,4320,187773,96,388918
24643,0.001958,172.31.47.0-255,66,187839,96,388918
24644,0.001979,74.125.130.0-255,1484,189323,96,388918
24645,0.001983,74.125.130.0-255,4320,193643,96,388918
24646,0.001984,172.31.47.0-255,66,193709,96,388918
24647,0.001989,74.125.130.0-255,4320,198029,96,388918
24648,0.00199,172.31.47.0-255,66,198095,96,388918
24649,0.002,74.125.130.0-255,1484,199579,96,388918
24650,0.002015,74.125.130.0-255,4320,203899,96,388918
24651,0.002017,172.31.47.0-255,66,203965,96,388918
24652,0.002038,74.125.130.0-255,7156,211121,96,388918
24653,0.002039,172.31.47.0-255,66,211187,96,388918
24654,0.002043,74.125.130.0-255,2184,213371,96,388918
24655,0.002044,172.31.47.0-255,66,213437,96,388918
24656,0.002167,74.125.130.0-255,1484,214921,96,388918
24657,0.002186,74.125.130.0-255,2902,217823,96,388918
24658,0.002188,172.31.47.0-255,66,217889,96,388918
24659,0.002212,74.125.130.0-255,2902,220791,96,388918
24660,0.002214,172.31.47.0-255,66,220857,96,388918
24661,0.00223,74.125.130.0-255,2902,223759,96,388918
24662,0.002232,172.31.47.0-255,66,223825,96,388918
24663,0.002238,74.125.130.0-255,1484,225309,96,388918
24664,0.002242,74.125.130.0-255,2902,228211,96,388918
24665,0.002244,172.31.47.0-255,66,228277,96,388918
24666,0.002263,74.125.130.0-255,1484,229761,96,388918
24667,0.002274,74.125.130.0-255,2902,232663,96,388918
24668,0.002276,172.31.47.0-255,66,232729,96,388918
24669,0.00229,74.125.130.0-255,1484,234213,96,388918
24670,0.0023,74.125.130.0-255,2902,237115,96,388918
24671,0.002301,172.31.47.0-255,66,237181,96,388918
24672,0.002318,74.125.130.0-255,4320,241501,96,388918
24673,0.00232,172.31.47.0-255,66,241567,96,388918
24674,0.002324,74.125.130.0-255,2902,244469,96,388918
24675,0.002325,172.31.47.0-255,66,244535,96,388918
24676,0.002329,74.125.130.0-255,2902,247437,96,388918
24677,0.002331,172.31.47.0-255,66,247503,96,388918
24678,0.004616,74.125.130.0-255,4320,251823,96,388918
24679,0.004623,172.31.47.0-255,66,251889,96,388918
24680,0.00464,74.125.130.0-255,1484,253373,96,388918
24681,0.006922,74.125.130.0-255,4320,257693,96,388918
24682,0.006927,172.31.47.0-255,66,257759,96,388918
24683,0.009237,74.125.130.0-255,4320,262079,96,388918
24684,0.009242,172.31.47.0-255,66,262145,96,388918
24685,0.009257,74.125.130.0-255,1484,263629,96,388918
24686,0.011547,74.125.130.0-255,4320,267949,96,388918
24687,0.011554,172.31.47.0-255,66,268015,96,388918
24688,0.01389,74.125.130.0-255,5738,273753,96,388918
24689,0.013897,172.31.47.0-255,66,273819,96,388918
24690,0.016203,74.125.130.0-255,5738,279557,96,388918
24691,0.016212,172.31.47.0-255,66,279623,96,388918
24692,0.018521,74.125.130.0-255,5738,285361,96,388918
24693,0.018528,172.31.47.0-255,66,285427,96,388918
24694,0.020829,74.125.130.0-255,5738,291165,96,388918
24695,0.020836,172.31.47.0-255,66,291231,96,388918
24696,0.023137,74.125.130.0-255,5738,296969,96,388918
24697,0.023144,172.31.47.0-255,66,297035,96,388918
24698,0.025453,74.125.130.0-255,5738,302773,96,388918
24699,0.025462,172.31.47.0-255,66,302839,96,388918
24700,0.027014,172.31.47.0-255,172,303011,96,388918
24701,0.027043,172.31.47.0-255,1110,304121,96,388918
24702,0.027084,172.31.47.0-255,1514,305635,96,388918
24703,0.027085,172.31.47.0-255,1301,306936,96,388918
24704,0.027767,74.125.130.0-255,5738,312674,96,388918
24705,0.027774,172.31.47.0-255,66,312740,96,388918
24706,0.028535,104.244.42.0-255,66,312806,96,388918
24707,0.028696,104.244.42.0-255,66,312872,96,388918
24708,0.028699,104.244.42.0-255,66,312938,96,388918
24709,0.030073,74.125.130.0-255,5738,318676,96,388918
24710,0.030079,172.31.47.0-255,66,318742,96,388918
24711,0.032386,74.125.130.0-255,5738,324480,96,388918
24712,0.032392,172.31.47.0-255,66,324546,96,388918
24713,0.034687,74.125.130.0-255,5738,330284,96,388918
24714,0.034694,172.31.47.0-255,66,330350,96,388918
24715,0.03701,74.125.130.0-255,5738,336088,96,388918
24716,0.037016,172.31.47.0-255,66,336154,96,388918
24717,0.039315,74.125.130.0-255,5738,341892,96,388918
24718,0.03932,172.31.47.0-255,66,341958,96,388918
24719,0.041627,74.125.130.0-255,5738,347696,96,388918
24720,0.041631,172.31.47.0-255,66,347762,96,388918
24721,0.043924,74.125.130.0-255,5738,353500,96,388918
24722,0.043928,172.31.47.0-255,66,353566,96,388918
24723,0.04622,74.125.130.0-255,5738,359304,96,388918
24724,0.046225,172.31.47.0-255,66,359370,96,388918
24725,0.048565,74.125.130.0-255,5738,365108,96,388918
24726,0.048582,172.31.47.0-255,66,365174,96,388918
24727,0.050881,74.125.130.0-255,2902,368076,96,388918
24728,0.050886,172.31.47.0-255,66,368142,96,388918
24729,0.05091,74.125.130.0-255,2902,371044,96,388918
24730,0.050912,172.31.47.0-255,66,371110,96,388918
24731,0.053199,74.125.130.0-255,2902,374012,96,388918
24732,0.053204,172.31.47.0-255,66,374078,96,388918
24733,0.053231,74.125.130.0-255,2902,376980,96,388918
24734,0.053234,172.31.47.0-255,66,377046,96,388918
24735,0.05549,74.125.130.0-255,2902,379948,96,388918
24736,0.055495,172.31.47.0-255,66,380014,96,388918
24737,0.055525,74.125.130.0-255,2902,382916,96,388918
24738,0.055528,172.31.47.0-255,66,382982,96,388918
24739,0.057793,74.125.130.0-255,2902,385884,96,388918
24740,0.057799,172.31.47.0-255,66,385950,96,388918
24741,0.057828,74.125.130.0-255,2902,388852,96,388918
24742,0.057831,172.31.47.0-255,66,388918,96,388918
24743,0.0,172.31.47.0-255,105,105,96,262968
24744,0.001864,157.240.13.0-255,105,210,96,262968
24745,0.001876,172.31.47.0-255,66,276,96,262968
24746,0.012498,172.217.194.0-255,146,422,96,262968
24747,0.012505,172.31.47.0-255,66,488,96,262968
24748,0.012523,172.217.194.0-255,1484,1972,96,262968
24749,0.012528,172.31.47.0-255,66,2038,96,262968
24750,0.012544,172.217.194.0-255,2902,4940,96,262968
24751,0.012546,172.31.47.0-255,66,5006,96,262968
24752,0.012575,172.217.194.0-255,7156,12162,96,262968
24753,0.012577,172.31.47.0-255,66,12228,96,262968
24754,0.012592,172.217.194.0-255,1959,14187,96,262968
24755,0.012594,172.31.47.0-255,66,14253,96,262968
24756,0.012707,172.217.194.0-255,1484,15737,96,262968
24757,0.012711,172.31.47.0-255,66,15803,96,262968
24758,0.012726,172.217.194.0-255,2902,18705,96,262968
24759,0.012728,172.31.47.0-255,66,18771,96,262968
24760,0.012732,172.217.194.0-255,2902,21673,96,262968
24761,0.012734,172.31.47.0-255,66,21739,96,262968
24762,0.01276,172.217.194.0-255,4320,26059,96,262968
24763,0.012763,172.31.47.0-255,66,26125,96,262968
24764,0.01278,172.217.194.0-255,1484,27609,96,262968
24765,0.012782,172.31.47.0-255,66,27675,96,262968
24766,0.012801,172.217.194.0-255,3961,31636,96,262968
24767,0.012803,172.31.47.0-255,66,31702,96,262968
24768,0.012824,172.217.194.0-255,5738,37440,96,262968
24769,0.012827,172.31.47.0-255,66,37506,96,262968
24770,0.012831,172.217.194.0-255,2902,40408,96,262968
24771,0.012833,172.31.47.0-255,66,40474,96,262968
24772,0.012847,172.217.194.0-255,2902,43376,96,262968
24773,0.012849,172.31.47.0-255,66,43442,96,262968
24774,0.012887,172.217.194.0-255,2902,46344,96,262968
24775,0.01289,172.31.47.0-255,66,46410,96,262968
24776,0.012904,172.217.194.0-255,2543,48953,96,262968
24777,0.012907,172.31.47.0-255,66,49019,96,262968
24778,0.013241,172.217.194.0-255,1484,50503,96,262968
24779,0.013246,172.31.47.0-255,66,50569,96,262968
24780,0.013253,172.217.194.0-255,2902,53471,96,262968
24781,0.013255,172.31.47.0-255,66,53537,96,262968
24782,0.013258,172.217.194.0-255,1484,55021,96,262968
24783,0.013259,172.31.47.0-255,66,55087,96,262968
24784,0.013287,172.217.194.0-255,4320,59407,96,262968
24785,0.013289,172.31.47.0-255,66,59473,96,262968
24786,0.013293,172.217.194.0-255,2902,62375,96,262968
24787,0.013294,172.31.47.0-255,66,62441,96,262968
24788,0.013309,172.217.194.0-255,3961,66402,96,262968
24789,0.013311,172.31.47.0-255,66,66468,96,262968
24790,0.01333,172.217.194.0-255,648,67116,96,262968
24791,0.013332,172.31.47.0-255,66,67182,96,262968
24792,0.013409,172.217.194.0-255,1484,68666,96,262968
24793,0.013412,172.31.47.0-255,66,68732,96,262968
24794,0.013417,172.217.194.0-255,2902,71634,96,262968
24795,0.013419,172.31.47.0-255,66,71700,96,262968
24796,0.01344,172.217.194.0-255,4320,76020,96,262968
24797,0.013442,172.31.47.0-255,66,76086,96,262968
24798,0.01346,172.217.194.0-255,1484,77570,96,262968
24799,0.013462,172.31.47.0-255,66,77636,96,262968
24800,0.013472,172.31.47.0-255,66,77702,96,262968
24801,0.013504,172.217.194.0-255,1484,79186,96,262968
24802,0.013506,172.31.47.0-255,66,79252,96,262968
24803,0.013541,172.31.47.0-255,66,79318,96,262968
24804,0.014011,172.217.194.0-255,1484,80802,96,262968
24805,0.014016,172.31.47.0-255,66,80868,96,262968
24806,0.014022,172.217.194.0-255,2902,83770,96,262968
24807,0.014024,172.31.47.0-255,66,83836,96,262968
24808,0.014027,172.217.194.0-255,1484,85320,96,262968
24809,0.014029,172.31.47.0-255,66,85386,96,262968
24810,0.01405,172.217.194.0-255,4320,89706,96,262968
24811,0.014052,172.31.47.0-255,66,89772,96,262968
24812,0.014056,172.217.194.0-255,2902,92674,96,262968
24813,0.014058,172.31.47.0-255,66,92740,96,262968
24814,0.014077,172.217.194.0-255,4320,97060,96,262968
24815,0.01408,172.31.47.0-255,66,97126,96,262968
24816,0.014085,172.217.194.0-255,4320,101446,96,262968
24817,0.014088,172.31.47.0-255,66,101512,96,262968
24818,0.014118,172.31.47.0-255,66,101578,96,262968
24819,0.014122,172.217.194.0-255,2184,103762,96,262968
24820,0.014124,172.31.47.0-255,66,103828,96,262968
24821,0.014299,172.217.194.0-255,1484,105312,96,262968
24822,0.014302,172.31.47.0-255,66,105378,96,262968
24823,0.014307,172.217.194.0-255,2902,108280,96,262968
24824,0.014309,172.31.47.0-255,66,108346,96,262968
24825,0.014311,172.217.194.0-255,1484,109830,96,262968
24826,0.014313,172.31.47.0-255,66,109896,96,262968
24827,0.014331,172.217.194.0-255,4320,114216,96,262968
24828,0.014333,172.31.47.0-255,66,114282,96,262968
24829,0.014335,172.217.194.0-255,1484,115766,96,262968
24830,0.014337,172.31.47.0-255,66,115832,96,262968
24831,0.01437,172.31.47.0-255,66,115898,96,262968
24832,0.01438,172.31.47.0-255,66,115964,96,262968
24833,0.014425,172.217.194.0-255,2184,118148,96,262968
24834,0.014427,172.31.47.0-255,66,118214,96,262968
24835,0.014431,172.217.194.0-255,2902,121116,96,262968
24836,0.014433,172.31.47.0-255,66,121182,96,262968
24837,0.014465,172.217.194.0-255,1484,122666,96,262968
24838,0.014467,172.31.47.0-255,66,122732,96,262968
24839,0.014471,172.217.194.0-255,2902,125634,96,262968
24840,0.014473,172.31.47.0-255,66,125700,96,262968
24841,0.014479,172.217.194.0-255,5738,131438,96,262968
24842,0.014481,172.31.47.0-255,66,131504,96,262968
24843,0.014515,172.217.194.0-255,2902,134406,96,262968
24844,0.014517,172.31.47.0-255,66,134472,96,262968
24845,0.014544,172.31.47.0-255,66,134538,96,262968
24846,0.014572,172.217.194.0-255,2902,137440,96,262968
24847,0.014575,172.31.47.0-255,66,137506,96,262968
24848,0.014596,172.217.194.0-255,5020,142526,96,262968
24849,0.014598,172.31.47.0-255,66,142592,96,262968
24850,0.016849,172.217.194.0-255,5738,148330,96,262968
24851,0.016855,172.31.47.0-255,66,148396,96,262968
24852,0.019098,172.217.194.0-255,5738,154134,96,262968
24853,0.019103,172.31.47.0-255,66,154200,96,262968
24854,0.02137,172.217.194.0-255,5738,159938,96,262968
24855,0.021376,172.31.47.0-255,66,160004,96,262968
24856,0.023625,172.217.194.0-255,5738,165742,96,262968
24857,0.023633,172.31.47.0-255,66,165808,96,262968
24858,0.0259,172.217.194.0-255,5738,171546,96,262968
24859,0.025908,172.31.47.0-255,66,171612,96,262968
24860,0.028151,172.217.194.0-255,5738,177350,96,262968
24861,0.02816,172.31.47.0-255,66,177416,96,262968
24862,0.030383,172.217.194.0-255,5738,183154,96,262968
24863,0.03039,172.31.47.0-255,66,183220,96,262968
24864,0.032661,172.217.194.0-255,5738,188958,96,262968
24865,0.032669,172.31.47.0-255,66,189024,96,262968
24866,0.034929,172.217.194.0-255,5738,194762,96,262968
24867,0.034936,172.31.47.0-255,66,194828,96,262968
24868,0.037185,172.217.194.0-255,5738,200566,96,262968
24869,0.037194,172.31.47.0-255,66,200632,96,262968
24870,0.037229,172.31.47.0-255,172,200804,96,262968
24871,0.037251,172.31.47.0-255,1110,201914,96,262968
24872,0.037363,172.31.47.0-255,1514,203428,96,262968
24873,0.037365,172.31.47.0-255,1302,204730,96,262968
24874,0.038793,104.244.42.0-255,66,204796,96,262968
24875,0.038828,104.244.42.0-255,66,204862,96,262968
24876,0.038948,104.244.42.0-255,66,204928,96,262968
24877,0.039433,172.217.194.0-255,5738,210666,96,262968
24878,0.039438,172.31.47.0-255,66,210732,96,262968
24879,0.041694,172.217.194.0-255,5738,216470,96,262968
24880,0.041699,172.31.47.0-255,66,216536,96,262968
24881,0.043966,172.217.194.0-255,5738,222274,96,262968
24882,0.043973,172.31.47.0-255,66,222340,96,262968
24883,0.046219,172.217.194.0-255,5738,228078,96,262968
24884,0.046236,172.31.47.0-255,66,228144,96,262968
24885,0.048476,172.217.194.0-255,5738,233882,96,262968
24886,0.048482,172.31.47.0-255,66,233948,96,262968
24887,0.050712,172.217.194.0-255,5738,239686,96,262968
24888,0.050717,172.31.47.0-255,66,239752,96,262968
24889,0.052975,172.217.194.0-255,5738,245490,96,262968
24890,0.052981,172.31.47.0-255,66,245556,96,262968
24891,0.055212,172.217.194.0-255,5738,251294,96,262968
24892,0.055217,172.31.47.0-255,66,251360,96,262968
24893,0.057488,172.217.194.0-255,5738,257098,96,262968
24894,0.057494,172.31.47.0-255,66,257164,96,262968
24895,0.059745,172.217.194.0-255,5738,262902,96,262968
24896,0.059751,172.31.47.0-255,66,262968,96,262968
24897,0.0,172.217.194.0-255,153,153,96,235334
24898,3.2e-05,172.31.47.0-255,66,219,96,235334
24899,4e-05,172.217.194.0-255,1484,1703,96,235334
24900,4.4e-05,172.31.47.0-255,66,1769,96,235334
24901,4.9e-05,172.217.194.0-255,2902,4671,96,235334
24902,5.1e-05,172.31.47.0-255,66,4737,96,235334
24903,6.6e-05,172.217.194.0-255,7156,11893,96,235334
24904,7e-05,172.31.47.0-255,66,11959,96,235334
24905,7.4e-05,172.217.194.0-255,2140,14099,96,235334
24906,7.6e-05,172.31.47.0-255,66,14165,96,235334
24907,0.000161,172.217.194.0-255,1484,15649,96,235334
24908,0.000165,172.31.47.0-255,66,15715,96,235334
24909,0.000171,172.217.194.0-255,2902,18617,96,235334
24910,0.000175,172.31.47.0-255,66,18683,96,235334
24911,0.000197,172.217.194.0-255,5738,24421,96,235334
24912,0.000208,172.31.47.0-255,66,24487,96,235334
24913,0.000215,172.217.194.0-255,4320,28807,96,235334
24914,0.000217,172.31.47.0-255,66,28873,96,235334
24915,0.000248,172.217.194.0-255,2543,31416,96,235334
24916,0.000251,172.31.47.0-255,66,31482,96,235334
24917,0.000353,172.217.194.0-255,1484,32966,96,235334
24918,0.000357,172.31.47.0-255,66,33032,96,235334
24919,0.000362,172.217.194.0-255,2902,35934,96,235334
24920,0.000365,172.31.47.0-255,66,36000,96,235334
24921,0.000377,172.217.194.0-255,5738,41738,96,235334
24922,0.00038,172.31.47.0-255,66,41804,96,235334
24923,0.000437,172.217.194.0-255,5738,47542,96,235334
24924,0.000437,172.31.47.0-255,66,47608,96,235334
24925,0.00044,172.31.47.0-255,66,47674,96,235334
24926,0.000463,172.217.194.0-255,2902,50576,96,235334
24927,0.000467,172.31.47.0-255,66,50642,96,235334
24928,0.000474,172.217.194.0-255,6797,57439,96,235334
24929,0.000477,172.31.47.0-255,66,57505,96,235334
24930,0.001018,172.217.194.0-255,648,58153,96,235334
24931,0.001207,172.217.194.0-255,1484,59637,96,235334
24932,0.001213,172.31.47.0-255,66,59703,96,235334
24933,0.001219,172.217.194.0-255,2902,62605,96,235334
24934,0.001221,172.31.47.0-255,66,62671,96,235334
24935,0.001234,172.217.194.0-255,5738,68409,96,235334
24936,0.001236,172.31.47.0-255,66,68475,96,235334
24937,0.001241,172.217.194.0-255,2902,71377,96,235334
24938,0.001242,172.31.47.0-255,66,71443,96,235334
24939,0.001274,172.217.194.0-255,2902,74345,96,235334
24940,0.001277,172.31.47.0-255,66,74411,96,235334
24941,0.001291,172.31.47.0-255,66,74477,96,235334
24942,0.001323,172.217.194.0-255,1484,75961,96,235334
24943,0.001348,172.217.194.0-255,3602,79563,96,235334
24944,0.001352,172.31.47.0-255,66,79629,96,235334
24945,0.001369,172.217.194.0-255,1484,81113,96,235334
24946,0.001375,172.217.194.0-255,2902,84015,96,235334
24947,0.001377,172.31.47.0-255,66,84081,96,235334
24948,0.001383,172.217.194.0-255,4320,88401,96,235334
24949,0.001385,172.31.47.0-255,66,88467,96,235334
24950,0.00142,172.217.194.0-255,1484,89951,96,235334
24951,0.001436,172.31.47.0-255,66,90017,96,235334
24952,0.00145,172.31.47.0-255,66,90083,96,235334
24953,0.001453,172.217.194.0-255,215,90298,96,235334
24954,0.001475,172.217.194.0-255,1484,91782,96,235334
24955,0.001478,172.31.47.0-255,66,91848,96,235334
24956,0.001483,172.217.194.0-255,4320,96168,96,235334
24957,0.001485,172.31.47.0-255,66,96234,96,235334
24958,0.001516,172.31.47.0-255,66,96300,96,235334
24959,0.001527,172.31.47.0-255,66,96366,96,235334
24960,0.001568,172.217.194.0-255,4320,100686,96,235334
24961,0.00157,172.31.47.0-255,66,100752,96,235334
24962,0.001602,172.217.194.0-255,6438,107190,96,235334
24963,0.001604,172.31.47.0-255,66,107256,96,235334
24964,0.001676,172.217.194.0-255,1484,108740,96,235334
24965,0.001679,172.217.194.0-255,1484,110224,96,235334
24966,0.001681,172.31.47.0-255,66,110290,96,235334
24967,0.001706,172.217.194.0-255,1484,111774,96,235334
24968,0.001712,172.217.194.0-255,5738,117512,96,235334
24969,0.001714,172.31.47.0-255,66,117578,96,235334
24970,0.001718,172.217.194.0-255,4320,121898,96,235334
24971,0.001721,172.31.47.0-255,66,121964,96,235334
24972,0.00176,172.31.47.0-255,66,122030,96,235334
24973,0.001775,172.31.47.0-255,66,122096,96,235334
24974,0.001818,172.31.47.0-255,66,122162,96,235334
24975,0.001837,172.217.194.0-255,4320,126482,96,235334
24976,0.001839,172.31.47.0-255,66,126548,96,235334
24977,0.001841,172.217.194.0-255,1484,128032,96,235334
24978,0.001848,172.217.194.0-255,6438,134470,96,235334
24979,0.00185,172.31.47.0-255,66,134536,96,235334
24980,0.002068,172.217.194.0-255,1484,136020,96,235334
24981,0.002079,172.217.194.0-255,2902,138922,96,235334
24982,0.002082,172.31.47.0-255,66,138988,96,235334
24983,0.002085,172.217.194.0-255,2902,141890,96,235334
24984,0.002087,172.31.47.0-255,66,141956,96,235334
24985,0.002105,172.217.194.0-255,2902,144858,96,235334
24986,0.002108,172.31.47.0-255,66,144924,96,235334
24987,0.002121,172.217.194.0-255,7156,152080,96,235334
24988,0.002129,172.31.47.0-255,66,152146,96,235334
24989,0.002159,172.217.194.0-255,5738,157884,96,235334
24990,0.002161,172.31.47.0-255,66,157950,96,235334
24991,0.002178,172.31.47.0-255,66,158016,96,235334
24992,0.002189,172.31.47.0-255,66,158082,96,235334
24993,0.002231,172.217.194.0-255,7156,165238,96,235334
24994,0.002233,172.31.47.0-255,66,165304,96,235334
24995,0.002265,172.217.194.0-255,2902,168206,96,235334
24996,0.002268,172.31.47.0-255,66,168272,96,235334
24997,0.00228,172.31.47.0-255,66,168338,96,235334
24998,0.002496,172.217.194.0-255,1484,169822,96,235334
24999,0.002516,172.217.194.0-255,2902,172724,96,235334
25000,0.002519,172.31.47.0-255,66,172790,96,235334
25001,0.002524,172.217.194.0-255,4320,177110,96,235334
25002,0.002526,172.31.47.0-255,66,177176,96,235334
25003,0.002561,172.217.194.0-255,1484,178660,96,235334
25004,0.002572,172.31.47.0-255,66,178726,96,235334
25005,0.002598,172.217.194.0-255,7156,185882,96,235334
25006,0.002601,172.31.47.0-255,66,185948,96,235334
25007,0.00263,172.217.194.0-255,6438,192386,96,235334
25008,0.002632,172.31.47.0-255,66,192452,96,235334
25009,0.002635,172.217.194.0-255,1484,193936,96,235334
25010,0.002647,172.31.47.0-255,66,194002,96,235334
25011,0.002678,172.217.194.0-255,4320,198322,96,235334
25012,0.00268,172.31.47.0-255,66,198388,96,235334
25013,0.00269,172.31.47.0-255,66,198454,96,235334
25014,0.002714,172.217.194.0-255,5020,203474,96,235334
25015,0.002717,172.31.47.0-255,66,203540,96,235334
25016,0.002719,172.217.194.0-255,1484,205024,96,235334
25017,0.002743,172.217.194.0-255,2902,207926,96,235334
25018,0.002745,172.31.47.0-255,66,207992,96,235334
25019,0.002751,172.217.194.0-255,5738,213730,96,235334
25020,0.002753,172.31.47.0-255,66,213796,96,235334
25021,0.0028,172.31.47.0-255,66,213862,96,235334
25022,0.002811,172.31.47.0-255,66,213928,96,235334
25023,0.002845,172.217.194.0-255,4320,218248,96,235334
25024,0.002847,172.31.47.0-255,66,218314,96,235334
25025,0.00286,172.217.194.0-255,7156,225470,96,235334
25026,0.002866,172.31.47.0-255,66,225536,96,235334
25027,0.002887,172.217.194.0-255,2123,227659,96,235334
25028,0.002889,172.31.47.0-255,66,227725,96,235334
25029,0.002892,172.217.194.0-255,97,227822,96,235334
25030,0.002894,172.217.194.0-255,105,227927,96,235334
25031,0.00763,172.31.47.0-255,66,227993,96,235334
25032,0.007659,172.31.47.0-255,105,228098,96,235334
25033,0.009887,172.217.194.0-255,66,228164,96,235334
25034,0.042039,172.31.47.0-255,172,228336,96,235334
25035,0.04209,172.31.47.0-255,1101,229437,96,235334
25036,0.042112,172.31.47.0-255,1514,230951,96,235334
25037,0.042114,172.31.47.0-255,1514,232465,96,235334
25038,0.042115,172.31.47.0-255,1514,233979,96,235334
25039,0.042116,172.31.47.0-255,1091,235070,96,235334
25040,0.043576,104.244.42.0-255,66,235136,96,235334
25041,0.04367,104.244.42.0-255,66,235202,96,235334
25042,0.043712,104.244.42.0-255,66,235268,96,235334
25043,0.043716,104.244.42.0-255,66,235334,96,235334
25044,0.0,172.217.194.0-255,153,153,96,236596
25045,2.2e-05,172.31.47.0-255,66,219,96,236596
25046,2.8e-05,172.217.194.0-255,1484,1703,96,236596
25047,3.2e-05,172.31.47.0-255,66,1769,96,236596
25048,3.9e-05,172.217.194.0-255,2902,4671,96,236596
25049,4.2e-05,172.31.47.0-255,66,4737,96,236596
25050,6.6e-05,172.217.194.0-255,7156,11893,96,236596
25051,7e-05,172.31.47.0-255,66,11959,96,236596
25052,7.3e-05,172.217.194.0-255,1484,13443,96,236596
25053,7.4e-05,172.31.47.0-255,66,13509,96,236596
25054,0.000102,172.217.194.0-255,576,14085,96,236596
25055,0.000104,172.31.47.0-255,66,14151,96,236596
25056,0.000135,172.217.194.0-255,1484,15635,96,236596
25057,0.000137,172.31.47.0-255,66,15701,96,236596
25058,0.000155,172.217.194.0-255,2902,18603,96,236596
25059,0.000158,172.31.47.0-255,66,18669,96,236596
25060,0.000174,172.217.194.0-255,1484,20153,96,236596
25061,0.000176,172.31.47.0-255,66,20219,96,236596
25062,0.000183,172.217.194.0-255,4320,24539,96,236596
25063,0.000185,172.31.47.0-255,66,24605,96,236596
25064,0.000211,172.217.194.0-255,4320,28925,96,236596
25065,0.000214,172.31.47.0-255,66,28991,96,236596
25066,0.00022,172.217.194.0-255,4320,33311,96,236596
25067,0.000223,172.31.47.0-255,66,33377,96,236596
25068,0.00025,172.31.47.0-255,66,33443,96,236596
25069,0.000267,172.217.194.0-255,3961,37404,96,236596
25070,0.00027,172.31.47.0-255,66,37470,96,236596
25071,0.000866,172.217.194.0-255,1484,38954,96,236596
25072,0.000872,172.31.47.0-255,66,39020,96,236596
25073,0.000878,172.217.194.0-255,2902,41922,96,236596
25074,0.000881,172.31.47.0-255,66,41988,96,236596
25075,0.000886,172.217.194.0-255,2902,44890,96,236596
25076,0.000889,172.31.47.0-255,66,44956,96,236596
25077,0.000916,172.217.194.0-255,2902,47858,96,236596
25078,0.000919,172.31.47.0-255,66,47924,96,236596
25079,0.000948,172.217.194.0-255,6797,54721,96,236596
25080,0.000955,172.217.194.0-255,7156,61877,96,236596
25081,0.000985,172.31.47.0-255,66,61943,96,236596
25082,0.000988,172.31.47.0-255,66,62009,96,236596
25083,0.001022,172.31.47.0-255,66,62075,96,236596
25084,0.001027,172.217.194.0-255,2902,64977,96,236596
25085,0.001029,172.31.47.0-255,66,65043,96,236596
25086,0.001067,172.31.47.0-255,66,65109,96,236596
25087,0.001098,172.217.194.0-255,5379,70488,96,236596
25088,0.001102,172.31.47.0-255,66,70554,96,236596
25089,0.001698,172.217.194.0-255,1484,72038,96,236596
25090,0.001716,172.217.194.0-255,2902,74940,96,236596
25091,0.00172,172.31.47.0-255,66,75006,96,236596
25092,0.001728,172.217.194.0-255,5738,80744,96,236596
25093,0.00173,172.31.47.0-255,66,80810,96,236596
25094,0.001732,172.217.194.0-255,1484,82294,96,236596
25095,0.001753,172.217.194.0-255,2902,85196,96,236596
25096,0.001755,172.31.47.0-255,66,85262,96,236596
25097,0.001781,172.31.47.0-255,66,85328,96,236596
25098,0.001789,172.217.194.0-255,7156,92484,96,236596
25099,0.00179,172.31.47.0-255,66,92550,96,236596
25100,0.00181,172.217.194.0-255,2184,94734,96,236596
25101,0.001812,172.31.47.0-255,66,94800,96,236596
25102,0.001831,172.217.194.0-255,4320,99120,96,236596
25103,0.001834,172.31.47.0-255,66,99186,96,236596
25104,0.001863,172.217.194.0-255,4320,103506,96,236596
25105,0.001865,172.31.47.0-255,66,103572,96,236596
25106,0.001877,172.31.47.0-255,66,103638,96,236596
25107,0.001882,172.217.194.0-255,4320,107958,96,236596
25108,0.001884,172.31.47.0-255,66,108024,96,236596
25109,0.001918,172.31.47.0-255,66,108090,96,236596
25110,0.001995,172.217.194.0-255,1484,109574,96,236596
25111,0.002018,172.217.194.0-255,2902,112476,96,236596
25112,0.002022,172.31.47.0-255,66,112542,96,236596
25113,0.002028,172.217.194.0-255,5738,118280,96,236596
25114,0.00203,172.31.47.0-255,66,118346,96,236596
25115,0.002035,172.217.194.0-255,4320,122666,96,236596
25116,0.002037,172.31.47.0-255,66,122732,96,236596
25117,0.002056,172.217.194.0-255,2902,125634,96,236596
25118,0.002058,172.31.47.0-255,66,125700,96,236596
25119,0.002072,172.31.47.0-255,66,125766,96,236596
25120,0.002076,172.217.194.0-255,2184,127950,96,236596
25121,0.002078,172.31.47.0-255,66,128016,96,236596
25122,0.002255,172.217.194.0-255,1484,129500,96,236596
25123,0.002263,172.217.194.0-255,2902,132402,96,236596
25124,0.002267,172.31.47.0-255,66,132468,96,236596
25125,0.00227,172.217.194.0-255,1484,133952,96,236596
25126,0.002291,172.217.194.0-255,4320,138272,96,236596
25127,0.002293,172.31.47.0-255,66,138338,96,236596
25128,0.002296,172.217.194.0-255,1484,139822,96,236596
25129,0.002319,172.31.47.0-255,66,139888,96,236596
25130,0.002339,172.217.194.0-255,1484,141372,96,236596
25131,0.002341,172.217.194.0-255,1484,142856,96,236596
25132,0.002343,172.31.47.0-255,66,142922,96,236596
25133,0.002355,172.31.47.0-255,66,142988,96,236596
25134,0.00238,172.217.194.0-255,2902,145890,96,236596
25135,0.002383,172.31.47.0-255,66,145956,96,236596
25136,0.002404,172.31.47.0-255,66,146022,96,236596
25137,0.002414,172.217.194.0-255,4320,150342,96,236596
25138,0.002416,172.31.47.0-255,66,150408,96,236596
25139,0.002442,172.217.194.0-255,7156,157564,96,236596
25140,0.002444,172.31.47.0-255,66,157630,96,236596
25141,0.002481,172.217.194.0-255,7156,164786,96,236596
25142,0.002483,172.31.47.0-255,66,164852,96,236596
25143,0.002505,172.217.194.0-255,3602,168454,96,236596
25144,0.002508,172.31.47.0-255,66,168520,96,236596
25145,0.002688,172.217.194.0-255,1484,170004,96,236596
25146,0.002694,172.217.194.0-255,2902,172906,96,236596
25147,0.002698,172.31.47.0-255,66,172972,96,236596
25148,0.002704,172.217.194.0-255,4320,177292,96,236596
25149,0.002706,172.31.47.0-255,66,177358,96,236596
25150,0.002718,172.217.194.0-255,1484,178842,96,236596
25151,0.002749,172.31.47.0-255,66,178908,96,236596
25152,0.002751,172.217.194.0-255,1484,180392,96,236596
25153,0.002769,172.217.194.0-255,5738,186130,96,236596
25154,0.002772,172.31.47.0-255,66,186196,96,236596
25155,0.002806,172.217.194.0-255,3602,189798,96,236596
25156,0.002808,172.31.47.0-255,66,189864,96,236596
25157,0.002822,172.31.47.0-255,66,189930,96,236596
25158,0.002832,172.31.47.0-255,66,189996,96,236596
25159,0.00288,172.31.47.0-255,66,190062,96,236596
25160,0.002898,172.217.194.0-255,2184,192246,96,236596
25161,0.0029,172.31.47.0-255,66,192312,96,236596
25162,0.002916,172.31.47.0-255,66,192378,96,236596
25163,0.002928,172.31.47.0-255,66,192444,96,236596
25164,0.002966,172.31.47.0-255,66,192510,96,236596
25165,0.003629,172.217.194.0-255,1484,193994,96,236596
25166,0.003648,172.217.194.0-255,2902,196896,96,236596
25167,0.00365,172.31.47.0-255,66,196962,96,236596
25168,0.003654,172.217.194.0-255,1484,198446,96,236596
25169,0.003672,172.217.194.0-255,4320,202766,96,236596
25170,0.003675,172.31.47.0-255,66,202832,96,236596
25171,0.003681,172.217.194.0-255,5738,208570,96,236596
25172,0.003683,172.31.47.0-255,66,208636,96,236596
25173,0.00371,172.31.47.0-255,66,208702,96,236596
25174,0.00374,172.217.194.0-255,1484,210186,96,236596
25175,0.003746,172.217.194.0-255,5020,215206,96,236596
25176,0.003749,172.31.47.0-255,66,215272,96,236596
25177,0.003755,172.217.194.0-255,4320,219592,96,236596
25178,0.003757,172.31.47.0-255,66,219658,96,236596
25179,0.003782,172.217.194.0-255,1484,221142,96,236596
25180,0.003789,172.217.194.0-255,5738,226880,96,236596
25181,0.003792,172.31.47.0-255,66,226946,96,236596
25182,0.003808,172.217.194.0-255,4850,231796,96,236596
25183,0.003811,172.31.47.0-255,66,231862,96,236596
25184,0.003825,172.217.194.0-255,97,231959,96,236596
25185,0.003871,172.217.194.0-255,105,232064,96,236596
25186,0.007052,172.31.47.0-255,66,232130,96,236596
25187,0.007085,172.31.47.0-255,105,232235,96,236596
25188,0.009151,172.217.194.0-255,66,232301,96,236596
25189,0.02979,172.31.47.0-255,172,232473,96,236596
25190,0.029821,172.31.47.0-255,1110,233583,96,236596
25191,0.029872,172.31.47.0-255,1514,235097,96,236596
25192,0.029874,172.31.47.0-255,1301,236398,96,236596
25193,0.031379,104.244.42.0-255,66,236464,96,236596
25194,0.031389,104.244.42.0-255,66,236530,96,236596
25195,0.031483,104.244.42.0-255,66,236596,96,236596
25196,0.0,172.217.160.0-255,153,153,96,338450
25197,3.2e-05,172.31.47.0-255,66,219,96,338450
25198,3.9e-05,172.217.160.0-255,1484,1703,96,338450
25199,4.2e-05,172.31.47.0-255,66,1769,96,338450
25200,4.6e-05,172.217.160.0-255,2902,4671,96,338450
25201,4.8e-05,172.31.47.0-255,66,4737,96,338450
25202,5.5e-05,172.217.160.0-255,7156,11893,96,338450
25203,5.7e-05,172.31.47.0-255,66,11959,96,338450
25204,8.6e-05,172.31.47.0-255,66,12025,96,338450
25205,0.000106,172.217.160.0-255,4823,16848,96,338450
25206,0.000108,172.31.47.0-255,66,16914,96,338450
25207,0.000112,172.217.160.0-255,2543,19457,96,338450
25208,0.000114,172.31.47.0-255,66,19523,96,338450
25209,0.000192,172.217.160.0-255,1484,21007,96,338450
25210,0.000195,172.31.47.0-255,66,21073,96,338450
25211,0.0002,172.217.160.0-255,2902,23975,96,338450
25212,0.000202,172.31.47.0-255,66,24041,96,338450
25213,0.000206,172.217.160.0-255,4320,28361,96,338450
25214,0.000208,172.31.47.0-255,66,28427,96,338450
25215,0.000218,172.217.160.0-255,1484,29911,96,338450
25216,0.00022,172.31.47.0-255,66,29977,96,338450
25217,0.000226,172.217.160.0-255,5738,35715,96,338450
25218,0.000228,172.31.47.0-255,66,35781,96,338450
25219,0.000258,172.217.160.0-255,1125,36906,96,338450
25220,0.00026,172.31.47.0-255,66,36972,96,338450
25221,0.00043,172.217.160.0-255,1484,38456,96,338450
25222,0.000434,172.31.47.0-255,66,38522,96,338450
25223,0.000439,172.217.160.0-255,2902,41424,96,338450
25224,0.00044,172.31.47.0-255,66,41490,96,338450
25225,0.000443,172.217.160.0-255,1484,42974,96,338450
25226,0.000445,172.31.47.0-255,66,43040,96,338450
25227,0.000469,172.217.160.0-255,4320,47360,96,338450
25228,0.000472,172.31.47.0-255,66,47426,96,338450
25229,0.000486,172.217.160.0-255,2902,50328,96,338450
25230,0.000489,172.31.47.0-255,66,50394,96,338450
25231,0.000511,172.217.160.0-255,4229,54623,96,338450
25232,0.000513,172.31.47.0-255,66,54689,96,338450
25233,0.000744,172.217.160.0-255,125,54814,96,338450
25234,0.000857,172.217.160.0-255,1484,56298,96,338450
25235,0.000861,172.31.47.0-255,66,56364,96,338450
25236,0.000867,172.217.160.0-255,2902,59266,96,338450
25237,0.000869,172.31.47.0-255,66,59332,96,338450
25238,0.000883,172.217.160.0-255,5738,65070,96,338450
25239,0.000886,172.31.47.0-255,66,65136,96,338450
25240,0.000918,172.217.160.0-255,2902,68038,96,338450
25241,0.000921,172.31.47.0-255,66,68104,96,338450
25242,0.000941,172.217.160.0-255,3961,72065,96,338450
25243,0.000944,172.31.47.0-255,66,72131,96,338450
25244,0.000954,172.31.47.0-255,66,72197,96,338450
25245,0.000997,172.217.160.0-255,5738,77935,96,338450
25246,0.001,172.31.47.0-255,66,78001,96,338450
25247,0.001016,172.217.160.0-255,2543,80544,96,338450
25248,0.001018,172.31.47.0-255,66,80610,96,338450
25249,0.001145,172.217.160.0-255,1484,82094,96,338450
25250,0.001151,172.217.160.0-255,2902,84996,96,338450
25251,0.001154,172.31.47.0-255,66,85062,96,338450
25252,0.001158,172.217.160.0-255,1484,86546,96,338450
25253,0.001175,172.217.160.0-255,4320,90866,96,338450
25254,0.001177,172.31.47.0-255,66,90932,96,338450
25255,0.001184,172.217.160.0-255,5738,96670,96,338450
25256,0.001186,172.31.47.0-255,66,96736,96,338450
25257,0.001203,172.217.160.0-255,7156,103892,96,338450
25258,0.001206,172.31.47.0-255,66,103958,96,338450
25259,0.001216,172.31.47.0-255,66,104024,96,338450
25260,0.001258,172.217.160.0-255,766,104790,96,338450
25261,0.001309,172.217.160.0-255,1484,106274,96,338450
25262,0.001314,172.31.47.0-255,66,106340,96,338450
25263,0.001319,172.217.160.0-255,2902,109242,96,338450
25264,0.001323,172.31.47.0-255,66,109308,96,338450
25265,0.001328,172.217.160.0-255,5738,115046,96,338450
25266,0.001329,172.31.47.0-255,66,115112,96,338450
25267,0.001349,172.217.160.0-255,1484,116596,96,338450
25268,0.00136,172.217.160.0-255,4320,120916,96,338450
25269,0.001362,172.31.47.0-255,66,120982,96,338450
25270,0.001382,172.217.160.0-255,7156,128138,96,338450
25271,0.001384,172.31.47.0-255,66,128204,96,338450
25272,0.001392,172.31.47.0-255,66,128270,96,338450
25273,0.001414,172.217.160.0-255,2184,130454,96,338450
25274,0.001415,172.31.47.0-255,66,130520,96,338450
25275,0.003032,172.217.160.0-255,2902,133422,96,338450
25276,0.003034,172.31.47.0-255,66,133488,96,338450
25277,0.003057,172.217.160.0-255,2902,136390,96,338450
25278,0.003059,172.31.47.0-255,66,136456,96,338450
25279,0.004681,172.217.160.0-255,2902,139358,96,338450
25280,0.004684,172.31.47.0-255,66,139424,96,338450
25281,0.0047,172.217.160.0-255,2902,142326,96,338450
25282,0.004703,172.31.47.0-255,66,142392,96,338450
25283,0.006351,172.217.160.0-255,2902,145294,96,338450
25284,0.006357,172.31.47.0-255,66,145360,96,338450
25285,0.006377,172.217.160.0-255,2902,148262,96,338450
25286,0.00638,172.31.47.0-255,66,148328,96,338450
25287,0.008009,172.217.160.0-255,2902,151230,96,338450
25288,0.008016,172.31.47.0-255,66,151296,96,338450
25289,0.008038,172.217.160.0-255,2902,154198,96,338450
25290,0.008041,172.31.47.0-255,66,154264,96,338450
25291,0.009673,172.217.160.0-255,2902,157166,96,338450
25292,0.00968,172.31.47.0-255,66,157232,96,338450
25293,0.009699,172.217.160.0-255,2902,160134,96,338450
25294,0.009702,172.31.47.0-255,66,160200,96,338450
25295,0.011333,172.217.160.0-255,2902,163102,96,338450
25296,0.01134,172.31.47.0-255,66,163168,96,338450
25297,0.01136,172.217.160.0-255,2902,166070,96,338450
25298,0.011363,172.31.47.0-255,66,166136,96,338450
25299,0.013042,172.217.160.0-255,5738,171874,96,338450
25300,0.013054,172.31.47.0-255,66,171940,96,338450
25301,0.014719,172.217.160.0-255,5738,177678,96,338450
25302,0.014727,172.31.47.0-255,66,177744,96,338450
25303,0.016385,172.217.160.0-255,5738,183482,96,338450
25304,0.016394,172.31.47.0-255,66,183548,96,338450
25305,0.018052,172.217.160.0-255,5738,189286,96,338450
25306,0.018059,172.31.47.0-255,66,189352,96,338450
25307,0.019711,172.217.160.0-255,5738,195090,96,338450
25308,0.019718,172.31.47.0-255,66,195156,96,338450
25309,0.021367,172.217.160.0-255,4320,199476,96,338450
25310,0.021373,172.31.47.0-255,66,199542,96,338450
25311,0.0214,172.217.160.0-255,1484,201026,96,338450
25312,0.023032,172.217.160.0-255,4320,205346,96,338450
25313,0.023039,172.31.47.0-255,66,205412,96,338450
25314,0.024696,172.217.160.0-255,5738,211150,96,338450
25315,0.024703,172.31.47.0-255,66,211216,96,338450
25316,0.026375,172.217.160.0-255,5738,216954,96,338450
25317,0.026382,172.31.47.0-255,66,217020,96,338450
25318,0.028032,172.217.160.0-255,5738,222758,96,338450
25319,0.028038,172.31.47.0-255,66,222824,96,338450
25320,0.028388,172.31.47.0-255,171,222995,96,338450
25321,0.028415,172.31.47.0-255,1133,224128,96,338450
25322,0.028448,172.31.47.0-255,1514,225642,96,338450
25323,0.028449,172.31.47.0-255,1278,226920,96,338450
25324,0.029701,172.217.160.0-255,5738,232658,96,338450
25325,0.029707,172.31.47.0-255,66,232724,96,338450
25326,0.02992,104.244.42.0-255,66,232790,96,338450
25327,0.029977,104.244.42.0-255,66,232856,96,338450
25328,0.030027,104.244.42.0-255,66,232922,96,338450
25329,0.031381,172.217.160.0-255,5738,238660,96,338450
25330,0.031386,172.31.47.0-255,66,238726,96,338450
25331,0.033049,172.217.160.0-255,5738,244464,96,338450
25332,0.033057,172.31.47.0-255,66,244530,96,338450
25333,0.034735,172.217.160.0-255,5738,250268,96,338450
25334,0.034741,172.31.47.0-255,66,250334,96,338450
25335,0.036396,172.217.160.0-255,5738,256072,96,338450
25336,0.036402,172.31.47.0-255,66,256138,96,338450
25337,0.038059,172.217.160.0-255,5738,261876,96,338450
25338,0.038067,172.31.47.0-255,66,261942,96,338450
25339,0.039721,172.217.160.0-255,5738,267680,96,338450
25340,0.039726,172.31.47.0-255,66,267746,96,338450
25341,0.041375,172.217.160.0-255,5738,273484,96,338450
25342,0.041379,172.31.47.0-255,66,273550,96,338450
25343,0.043035,172.217.160.0-255,5738,279288,96,338450
25344,0.043039,172.31.47.0-255,66,279354,96,338450
25345,0.044695,172.217.160.0-255,5738,285092,96,338450
25346,0.044698,172.31.47.0-255,66,285158,96,338450
25347,0.046354,172.217.160.0-255,5738,290896,96,338450
25348,0.04636,172.31.47.0-255,66,290962,96,338450
25349,0.048004,172.217.160.0-255,2902,293864,96,338450
25350,0.048008,172.31.47.0-255,66,293930,96,338450
25351,0.048037,172.217.160.0-255,2902,296832,96,338450
25352,0.04804,172.31.47.0-255,66,296898,96,338450
25353,0.049666,172.217.160.0-255,2902,299800,96,338450
25354,0.049672,172.31.47.0-255,66,299866,96,338450
25355,0.0497,172.217.160.0-255,2902,302768,96,338450
25356,0.049702,172.31.47.0-255,66,302834,96,338450
25357,0.051357,172.217.160.0-255,2902,305736,96,338450
25358,0.051362,172.31.47.0-255,66,305802,96,338450
25359,0.051384,172.217.160.0-255,2902,308704,96,338450
25360,0.051387,172.31.47.0-255,66,308770,96,338450
25361,0.053016,172.217.160.0-255,2902,311672,96,338450
25362,0.053021,172.31.47.0-255,66,311738,96,338450
25363,0.053047,172.217.160.0-255,2902,314640,96,338450
25364,0.053049,172.31.47.0-255,66,314706,96,338450
25365,0.054673,172.217.160.0-255,2902,317608,96,338450
25366,0.054678,172.31.47.0-255,66,317674,96,338450
25367,0.054708,172.217.160.0-255,2902,320576,96,338450
25368,0.054711,172.31.47.0-255,66,320642,96,338450
25369,0.056343,172.217.160.0-255,2902,323544,96,338450
25370,0.05635,172.31.47.0-255,66,323610,96,338450
25371,0.05637,172.217.160.0-255,2902,326512,96,338450
25372,0.056373,172.31.47.0-255,66,326578,96,338450
25373,0.058007,172.217.160.0-255,2902,329480,96,338450
25374,0.058015,172.31.47.0-255,66,329546,96,338450
25375,0.058052,172.217.160.0-255,2902,332448,96,338450
25376,0.058055,172.31.47.0-255,66,332514,96,338450
25377,0.059671,172.217.160.0-255,2902,335416,96,338450
25378,0.05968,172.31.47.0-255,66,335482,96,338450
25379,0.059701,172.217.160.0-255,2902,338384,96,338450
25380,0.059704,172.31.47.0-255,66,338450,96,338450
25381,0.0,74.125.24.0-255,153,153,96,335547
25382,3.2e-05,172.31.47.0-255,66,219,96,335547
25383,3.9e-05,74.125.24.0-255,1484,1703,96,335547
25384,4.3e-05,172.31.47.0-255,66,1769,96,335547
25385,4.8e-05,74.125.24.0-255,2902,4671,96,335547
25386,5.1e-05,172.31.47.0-255,66,4737,96,335547
25387,5.8e-05,74.125.24.0-255,7156,11893,96,335547
25388,6.1e-05,172.31.47.0-255,66,11959,96,335547
25389,8.6e-05,74.125.24.0-255,2208,14167,96,335547
25390,8.9e-05,172.31.47.0-255,66,14233,96,335547
25391,0.000142,74.125.24.0-255,1484,15717,96,335547
25392,0.000145,172.31.47.0-255,66,15783,96,335547
25393,0.000166,74.125.24.0-255,2902,18685,96,335547
25394,0.000171,172.31.47.0-255,66,18751,96,335547
25395,0.000177,74.125.24.0-255,5738,24489,96,335547
25396,0.000179,172.31.47.0-255,66,24555,96,335547
25397,0.000183,74.125.24.0-255,2902,27457,96,335547
25398,0.000185,172.31.47.0-255,66,27523,96,335547
25399,0.000205,74.125.24.0-255,3961,31484,96,335547
25400,0.000209,172.31.47.0-255,66,31550,96,335547
25401,0.000297,74.125.24.0-255,1484,33034,96,335547
25402,0.000301,172.31.47.0-255,66,33100,96,335547
25403,0.000307,74.125.24.0-255,2902,36002,96,335547
25404,0.000309,172.31.47.0-255,66,36068,96,335547
25405,0.000314,74.125.24.0-255,2902,38970,96,335547
25406,0.000316,172.31.47.0-255,66,39036,96,335547
25407,0.000347,74.125.24.0-255,2902,41938,96,335547
25408,0.00035,172.31.47.0-255,66,42004,96,335547
25409,0.000356,74.125.24.0-255,6797,48801,96,335547
25410,0.000359,172.31.47.0-255,66,48867,96,335547
25411,0.000364,74.125.24.0-255,4320,53187,96,335547
25412,0.000366,172.31.47.0-255,66,53253,96,335547
25413,0.000396,172.31.47.0-255,66,53319,96,335547
25414,0.000403,74.125.24.0-255,2543,55862,96,335547
25415,0.000405,172.31.47.0-255,66,55928,96,335547
25416,0.000911,74.125.24.0-255,397,56325,96,335547
25417,0.000947,74.125.24.0-255,1484,57809,96,335547
25418,0.000951,172.31.47.0-255,66,57875,96,335547
25419,0.000958,74.125.24.0-255,4320,62195,96,335547
25420,0.00096,172.31.47.0-255,66,62261,96,335547
25421,0.000973,74.125.24.0-255,1484,63745,96,335547
25422,0.000997,172.31.47.0-255,66,63811,96,335547
25423,0.001,74.125.24.0-255,1484,65295,96,335547
25424,0.001019,172.31.47.0-255,66,65361,96,335547
25425,0.001039,74.125.24.0-255,2902,68263,96,335547
25426,0.001041,172.31.47.0-255,66,68329,96,335547
25427,0.001046,74.125.24.0-255,3602,71931,96,335547
25428,0.001047,172.31.47.0-255,66,71997,96,335547
25429,0.001332,74.125.24.0-255,1484,73481,96,335547
25430,0.001347,74.125.24.0-255,2902,76383,96,335547
25431,0.00135,172.31.47.0-255,66,76449,96,335547
25432,0.001354,74.125.24.0-255,2902,79351,96,335547
25433,0.001355,172.31.47.0-255,66,79417,96,335547
25434,0.00137,74.125.24.0-255,2902,82319,96,335547
25435,0.001372,172.31.47.0-255,66,82385,96,335547
25436,0.001376,74.125.24.0-255,4320,86705,96,335547
25437,0.001378,172.31.47.0-255,66,86771,96,335547
25438,0.001403,172.31.47.0-255,66,86837,96,335547
25439,0.001413,172.31.47.0-255,66,86903,96,335547
25440,0.001453,74.125.24.0-255,2902,89805,96,335547
25441,0.001454,172.31.47.0-255,66,89871,96,335547
25442,0.001487,172.31.47.0-255,66,89937,96,335547
25443,0.001524,74.125.24.0-255,2902,92839,96,335547
25444,0.001525,172.31.47.0-255,66,92905,96,335547
25445,0.001547,74.125.24.0-255,6438,99343,96,335547
25446,0.001549,172.31.47.0-255,66,99409,96,335547
25447,0.001636,74.125.24.0-255,1484,100893,96,335547
25448,0.001661,74.125.24.0-255,2902,103795,96,335547
25449,0.001663,172.31.47.0-255,66,103861,96,335547
25450,0.001695,74.125.24.0-255,5738,109599,96,335547
25451,0.001697,172.31.47.0-255,66,109665,96,335547
25452,0.001724,74.125.24.0-255,1484,111149,96,335547
25453,0.001739,74.125.24.0-255,2902,114051,96,335547
25454,0.001741,172.31.47.0-255,66,114117,96,335547
25455,0.001755,74.125.24.0-255,1484,115601,96,335547
25456,0.001774,74.125.24.0-255,4320,119921,96,335547
25457,0.001776,172.31.47.0-255,66,119987,96,335547
25458,0.00178,74.125.24.0-255,4320,124307,96,335547
25459,0.001782,172.31.47.0-255,66,124373,96,335547
25460,0.001821,74.125.24.0-255,2902,127275,96,335547
25461,0.001822,172.31.47.0-255,66,127341,96,335547
25462,0.001841,74.125.24.0-255,6438,133779,96,335547
25463,0.001843,172.31.47.0-255,66,133845,96,335547
25464,0.001887,74.125.24.0-255,1484,135329,96,335547
25465,0.001902,74.125.24.0-255,2902,138231,96,335547
25466,0.001905,172.31.47.0-255,66,138297,96,335547
25467,0.001916,74.125.24.0-255,1484,139781,96,335547
25468,0.001931,74.125.24.0-255,2902,142683,96,335547
25469,0.001932,172.31.47.0-255,66,142749,96,335547
25470,0.001979,74.125.24.0-255,4320,147069,96,335547
25471,0.001982,172.31.47.0-255,66,147135,96,335547
25472,0.001993,74.125.24.0-255,4320,151455,96,335547
25473,0.001995,172.31.47.0-255,66,151521,96,335547
25474,0.001999,74.125.24.0-255,4320,155841,96,335547
25475,0.002,172.31.47.0-255,66,155907,96,335547
25476,0.002014,74.125.24.0-255,5738,161645,96,335547
25477,0.002016,172.31.47.0-255,66,161711,96,335547
25478,0.002025,74.125.24.0-255,1484,163195,96,335547
25479,0.002038,74.125.24.0-255,5020,168215,96,335547
25480,0.00204,172.31.47.0-255,66,168281,96,335547
25481,0.002166,74.125.24.0-255,1484,169765,96,335547
25482,0.002184,74.125.24.0-255,1484,171249,96,335547
25483,0.002186,172.31.47.0-255,66,171315,96,335547
25484,0.002196,74.125.24.0-255,1484,172799,96,335547
25485,0.0022,74.125.24.0-255,2902,175701,96,335547
25486,0.002202,172.31.47.0-255,66,175767,96,335547
25487,0.002214,74.125.24.0-255,2902,178669,96,335547
25488,0.002216,172.31.47.0-255,66,178735,96,335547
25489,0.002229,74.125.24.0-255,4320,183055,96,335547
25490,0.002235,172.31.47.0-255,66,183121,96,335547
25491,0.002261,74.125.24.0-255,5738,188859,96,335547
25492,0.002264,172.31.47.0-255,66,188925,96,335547
25493,0.002274,172.31.47.0-255,66,188991,96,335547
25494,0.002277,74.125.24.0-255,2184,191175,96,335547
25495,0.002279,172.31.47.0-255,66,191241,96,335547
25496,0.004565,74.125.24.0-255,5738,196979,96,335547
25497,0.004573,172.31.47.0-255,66,197045,96,335547
25498,0.00684,74.125.24.0-255,5738,202783,96,335547
25499,0.006845,172.31.47.0-255,66,202849,96,335547
25500,0.009138,74.125.24.0-255,5738,208587,96,335547
25501,0.009144,172.31.47.0-255,66,208653,96,335547
25502,0.011444,74.125.24.0-255,5738,214391,96,335547
25503,0.011451,172.31.47.0-255,66,214457,96,335547
25504,0.01372,74.125.24.0-255,5738,220195,96,335547
25505,0.013726,172.31.47.0-255,66,220261,96,335547
25506,0.016017,74.125.24.0-255,5738,225999,96,335547
25507,0.016025,172.31.47.0-255,66,226065,96,335547
25508,0.018309,74.125.24.0-255,5738,231803,96,335547
25509,0.018314,172.31.47.0-255,66,231869,96,335547
25510,0.020609,74.125.24.0-255,5738,237607,96,335547
25511,0.020616,172.31.47.0-255,66,237673,96,335547
25512,0.022132,172.31.47.0-255,172,237845,96,335547
25513,0.022159,172.31.47.0-255,1109,238954,96,335547
25514,0.022188,172.31.47.0-255,1514,240468,96,335547
25515,0.022189,172.31.47.0-255,335,240803,96,335547
25516,0.022909,74.125.24.0-255,5738,246541,96,335547
25517,0.022914,172.31.47.0-255,66,246607,96,335547
25518,0.023684,104.244.42.0-255,66,246673,96,335547
25519,0.023741,104.244.42.0-255,66,246739,96,335547
25520,0.023745,104.244.42.0-255,66,246805,96,335547
25521,0.025211,74.125.24.0-255,5738,252543,96,335547
25522,0.025216,172.31.47.0-255,66,252609,96,335547
25523,0.027499,74.125.24.0-255,4320,256929,96,335547
25524,0.027504,172.31.47.0-255,66,256995,96,335547
25525,0.02753,74.125.24.0-255,1484,258479,96,335547
25526,0.029776,74.125.24.0-255,2902,261381,96,335547
25527,0.029781,172.31.47.0-255,66,261447,96,335547
25528,0.032095,74.125.24.0-255,5738,267185,96,335547
25529,0.032101,172.31.47.0-255,66,267251,96,335547
25530,0.034427,74.125.24.0-255,5738,272989,96,335547
25531,0.034433,172.31.47.0-255,66,273055,96,335547
25532,0.036698,74.125.24.0-255,5738,278793,96,335547
25533,0.036703,172.31.47.0-255,66,278859,96,335547
25534,0.038966,74.125.24.0-255,4320,283179,96,335547
25535,0.03897,172.31.47.0-255,66,283245,96,335547
25536,0.038997,74.125.24.0-255,1484,284729,96,335547
25537,0.041253,74.125.24.0-255,4320,289049,96,335547
25538,0.041258,172.31.47.0-255,66,289115,96,335547
25539,0.043506,74.125.24.0-255,5738,294853,96,335547
25540,0.043511,172.31.47.0-255,66,294919,96,335547
25541,0.045777,74.125.24.0-255,5738,300657,96,335547
25542,0.045782,172.31.47.0-255,66,300723,96,335547
25543,0.048082,74.125.24.0-255,5738,306461,96,335547
25544,0.048087,172.31.47.0-255,66,306527,96,335547
25545,0.050354,74.125.24.0-255,5738,312265,96,335547
25546,0.050359,172.31.47.0-255,66,312331,96,335547
25547,0.05265,74.125.24.0-255,5738,318069,96,335547
25548,0.052655,172.31.47.0-255,66,318135,96,335547
25549,0.054946,74.125.24.0-255,5738,323873,96,335547
25550,0.054951,172.31.47.0-255,66,323939,96,335547
25551,0.057237,74.125.24.0-255,5738,329677,96,335547
25552,0.057241,172.31.47.0-255,66,329743,96,335547
25553,0.059503,74.125.24.0-255,5738,335481,96,335547
25554,0.059507,172.31.47.0-255,66,335547,96,335547
25555,0.0,74.125.24.0-255,152,152,96,264202
25556,2.8e-05,172.31.47.0-255,66,218,96,264202
25557,3.5e-05,74.125.24.0-255,1484,1702,96,264202
25558,3.9e-05,172.31.47.0-255,66,1768,96,264202
25559,4.4e-05,74.125.24.0-255,2902,4670,96,264202
25560,5.4e-05,172.31.47.0-255,66,4736,96,264202
25561,6e-05,74.125.24.0-255,5738,10474,96,264202
25562,6.2e-05,172.31.47.0-255,66,10540,96,264202
25563,9e-05,74.125.24.0-255,3628,14168,96,264202
25564,9.3e-05,172.31.47.0-255,66,14234,96,264202
25565,0.000266,74.125.24.0-255,1484,15718,96,264202
25566,0.000272,172.31.47.0-255,66,15784,96,264202
25567,0.000298,74.125.24.0-255,2902,18686,96,264202
25568,0.000303,172.31.47.0-255,66,18752,96,264202
25569,0.000309,74.125.24.0-255,5738,24490,96,264202
25570,0.000311,172.31.47.0-255,66,24556,96,264202
25571,0.000357,172.31.47.0-255,66,24622,96,264202
25572,0.000369,172.31.47.0-255,66,24688,96,264202
25573,0.000412,74.125.24.0-255,5738,30426,96,264202
25574,0.000415,172.31.47.0-255,66,30492,96,264202
25575,0.000446,172.31.47.0-255,66,30558,96,264202
25576,0.000449,74.125.24.0-255,709,31267,96,264202
25577,0.000451,172.31.47.0-255,66,31333,96,264202
25578,0.000614,74.125.24.0-255,1484,32817,96,264202
25579,0.000618,172.31.47.0-255,66,32883,96,264202
25580,0.000623,74.125.24.0-255,2902,35785,96,264202
25581,0.000625,172.31.47.0-255,66,35851,96,264202
25582,0.000631,74.125.24.0-255,5738,41589,96,264202
25583,0.000638,172.31.47.0-255,66,41655,96,264202
25584,0.000664,74.125.24.0-255,7156,48811,96,264202
25585,0.000669,172.31.47.0-255,66,48877,96,264202
25586,0.000693,74.125.24.0-255,1484,50361,96,264202
25587,0.000705,172.31.47.0-255,66,50427,96,264202
25588,0.000711,74.125.24.0-255,5020,55447,96,264202
25589,0.000714,172.31.47.0-255,66,55513,96,264202
25590,0.001184,74.125.24.0-255,1484,56997,96,264202
25591,0.001193,74.125.24.0-255,2902,59899,96,264202
25592,0.001196,172.31.47.0-255,66,59965,96,264202
25593,0.001222,74.125.24.0-255,5738,65703,96,264202
25594,0.001226,172.31.47.0-255,66,65769,96,264202
25595,0.001259,172.31.47.0-255,66,65835,96,264202
25596,0.001264,74.125.24.0-255,4320,70155,96,264202
25597,0.001266,172.31.47.0-255,66,70221,96,264202
25598,0.001298,74.125.24.0-255,6438,76659,96,264202
25599,0.001302,172.31.47.0-255,66,76725,96,264202
25600,0.001356,74.125.24.0-255,1484,78209,96,264202
25601,0.001361,74.125.24.0-255,2902,81111,96,264202
25602,0.001364,172.31.47.0-255,66,81177,96,264202
25603,0.001367,74.125.24.0-255,1484,82661,96,264202
25604,0.001393,74.125.24.0-255,4320,86981,96,264202
25605,0.001395,172.31.47.0-255,66,87047,96,264202
25606,0.00142,172.31.47.0-255,66,87113,96,264202
25607,0.001424,74.125.24.0-255,4320,91433,96,264202
25608,0.001426,172.31.47.0-255,66,91499,96,264202
25609,0.001458,172.31.47.0-255,66,91565,96,264202
25610,0.001483,74.125.24.0-255,1484,93049,96,264202
25611,0.001495,74.125.24.0-255,2902,95951,96,264202
25612,0.001498,172.31.47.0-255,66,96017,96,264202
25613,0.001507,74.125.24.0-255,1484,97501,96,264202
25614,0.001526,74.125.24.0-255,4320,101821,96,264202
25615,0.001529,172.31.47.0-255,66,101887,96,264202
25616,0.001532,74.125.24.0-255,1484,103371,96,264202
25617,0.001565,172.31.47.0-255,66,103437,96,264202
25618,0.00157,74.125.24.0-255,5738,109175,96,264202
25619,0.001572,172.31.47.0-255,66,109241,96,264202
25620,0.001604,74.125.24.0-255,5020,114261,96,264202
25621,0.001607,172.31.47.0-255,66,114327,96,264202
25622,0.002106,74.125.24.0-255,1484,115811,96,264202
25623,0.002119,74.125.24.0-255,2902,118713,96,264202
25624,0.002122,172.31.47.0-255,66,118779,96,264202
25625,0.002125,74.125.24.0-255,1484,120263,96,264202
25626,0.002144,74.125.24.0-255,4320,124583,96,264202
25627,0.002147,172.31.47.0-255,66,124649,96,264202
25628,0.002151,74.125.24.0-255,2902,127551,96,264202
25629,0.002152,172.31.47.0-255,66,127617,96,264202
25630,0.002197,172.31.47.0-255,66,127683,96,264202
25631,0.002206,172.31.47.0-255,66,127749,96,264202
25632,0.002308,74.125.24.0-255,1484,129233,96,264202
25633,0.002314,74.125.24.0-255,2902,132135,96,264202
25634,0.002317,172.31.47.0-255,66,132201,96,264202
25635,0.002343,74.125.24.0-255,5738,137939,96,264202
25636,0.002346,172.31.47.0-255,66,138005,96,264202
25637,0.002388,74.125.24.0-255,2902,140907,96,264202
25638,0.002391,172.31.47.0-255,66,140973,96,264202
25639,0.002428,172.31.47.0-255,66,141039,96,264202
25640,0.002441,172.31.47.0-255,66,141105,96,264202
25641,0.002454,172.31.47.0-255,66,141171,96,264202
25642,0.002489,172.31.47.0-255,66,141237,96,264202
25643,0.004876,74.125.24.0-255,5738,146975,96,264202
25644,0.004882,172.31.47.0-255,66,147041,96,264202
25645,0.007287,74.125.24.0-255,5738,152779,96,264202
25646,0.007292,172.31.47.0-255,66,152845,96,264202
25647,0.009682,74.125.24.0-255,5738,158583,96,264202
25648,0.00969,172.31.47.0-255,66,158649,96,264202
25649,0.012096,74.125.24.0-255,5738,164387,96,264202
25650,0.012103,172.31.47.0-255,66,164453,96,264202
25651,0.014503,74.125.24.0-255,5738,170191,96,264202
25652,0.014513,172.31.47.0-255,66,170257,96,264202
25653,0.016901,74.125.24.0-255,5738,175995,96,264202
25654,0.016908,172.31.47.0-255,66,176061,96,264202
25655,0.01931,74.125.24.0-255,5738,181799,96,264202
25656,0.019317,172.31.47.0-255,66,181865,96,264202
25657,0.021733,74.125.24.0-255,5738,187603,96,264202
25658,0.021739,172.31.47.0-255,66,187669,96,264202
25659,0.024156,74.125.24.0-255,5738,193407,96,264202
25660,0.024162,172.31.47.0-255,66,193473,96,264202
25661,0.024197,172.31.47.0-255,172,193645,96,264202
25662,0.02422,172.31.47.0-255,1109,194754,96,264202
25663,0.024258,172.31.47.0-255,1514,196268,96,264202
25664,0.02426,172.31.47.0-255,1302,197570,96,264202
25665,0.025762,104.244.42.0-255,66,197636,96,264202
25666,0.025769,104.244.42.0-255,66,197702,96,264202
25667,0.02579,104.244.42.0-255,66,197768,96,264202
25668,0.026556,74.125.24.0-255,4320,202088,96,264202
25669,0.02656,172.31.47.0-255,66,202154,96,264202
25670,0.026586,74.125.24.0-255,1484,203638,96,264202
25671,0.02893,74.125.24.0-255,4320,207958,96,264202
25672,0.028935,172.31.47.0-255,66,208024,96,264202
25673,0.031321,74.125.24.0-255,5738,213762,96,264202
25674,0.031326,172.31.47.0-255,66,213828,96,264202
25675,0.033712,74.125.24.0-255,2902,216730,96,264202
25676,0.033717,172.31.47.0-255,66,216796,96,264202
25677,0.033748,74.125.24.0-255,2902,219698,96,264202
25678,0.03375,172.31.47.0-255,66,219764,96,264202
25679,0.036115,74.125.24.0-255,2902,222666,96,264202
25680,0.036119,172.31.47.0-255,66,222732,96,264202
25681,0.036149,74.125.24.0-255,2902,225634,96,264202
25682,0.036152,172.31.47.0-255,66,225700,96,264202
25683,0.038507,74.125.24.0-255,2902,228602,96,264202
25684,0.038512,172.31.47.0-255,66,228668,96,264202
25685,0.038542,74.125.24.0-255,2902,231570,96,264202
25686,0.038545,172.31.47.0-255,66,231636,96,264202
25687,0.040916,74.125.24.0-255,2902,234538,96,264202
25688,0.04092,172.31.47.0-255,66,234604,96,264202
25689,0.040947,74.125.24.0-255,2902,237506,96,264202
25690,0.04095,172.31.47.0-255,66,237572,96,264202
25691,0.04332,74.125.24.0-255,2902,240474,96,264202
25692,0.043325,172.31.47.0-255,66,240540,96,264202
25693,0.043354,74.125.24.0-255,2902,243442,96,264202
25694,0.043356,172.31.47.0-255,66,243508,96,264202
25695,0.04571,74.125.24.0-255,2902,246410,96,264202
25696,0.045715,172.31.47.0-255,66,246476,96,264202
25697,0.045755,74.125.24.0-255,1484,247960,96,264202
25698,0.04577,74.125.24.0-255,1484,249444,96,264202
25699,0.045773,172.31.47.0-255,66,249510,96,264202
25700,0.048134,74.125.24.0-255,2902,252412,96,264202
25701,0.048139,172.31.47.0-255,66,252478,96,264202
25702,0.048158,74.125.24.0-255,2902,255380,96,264202
25703,0.04816,172.31.47.0-255,66,255446,96,264202
25704,0.050514,74.125.24.0-255,2902,258348,96,264202
25705,0.050521,172.31.47.0-255,66,258414,96,264202
25706,0.050551,74.125.24.0-255,2902,261316,96,264202
25707,0.050554,172.31.47.0-255,66,261382,96,264202
25708,0.052911,74.125.24.0-255,2583,263965,96,264202
25709,0.052916,172.31.47.0-255,66,264031,96,264202
25710,0.053058,172.31.47.0-255,105,264136,96,264202
25711,0.055442,74.125.24.0-255,66,264202,96,264202
25712,0.0,172.31.47.0-255,105,105,96,105
25713,0.0,74.125.68.0-255,153,153,96,286295
25714,2.6e-05,172.31.47.0-255,66,219,96,286295
25715,3.2e-05,74.125.68.0-255,1484,1703,96,286295
25716,3.7e-05,172.31.47.0-255,66,1769,96,286295
25717,4.3e-05,74.125.68.0-255,2902,4671,96,286295
25718,4.7e-05,172.31.47.0-255,66,4737,96,286295
25719,5e-05,74.125.68.0-255,1484,6221,96,286295
25720,5.4e-05,172.31.47.0-255,66,6287,96,286295
25721,7.9e-05,74.125.68.0-255,4320,10607,96,286295
25722,8.2e-05,172.31.47.0-255,66,10673,96,286295
25723,9.8e-05,74.125.68.0-255,1484,12157,96,286295
25724,0.0001,172.31.47.0-255,66,12223,96,286295
25725,0.000117,74.125.68.0-255,1946,14169,96,286295
25726,0.00012,172.31.47.0-255,66,14235,96,286295
25727,0.000259,74.125.68.0-255,1484,15719,96,286295
25728,0.000264,172.31.47.0-255,66,15785,96,286295
25729,0.000298,74.125.68.0-255,1484,17269,96,286295
25730,0.0003,172.31.47.0-255,66,17335,96,286295
25731,0.000314,74.125.68.0-255,2902,20237,96,286295
25732,0.000317,172.31.47.0-255,66,20303,96,286295
25733,0.000335,74.125.68.0-255,2902,23205,96,286295
25734,0.000337,172.31.47.0-255,66,23271,96,286295
25735,0.000362,74.125.68.0-255,2902,26173,96,286295
25736,0.000365,172.31.47.0-255,66,26239,96,286295
25737,0.000368,74.125.68.0-255,1484,27723,96,286295
25738,0.00037,172.31.47.0-255,66,27789,96,286295
25739,0.000374,74.125.68.0-255,2902,30691,96,286295
25740,0.000376,172.31.47.0-255,66,30757,96,286295
25741,0.000379,74.125.68.0-255,1125,31882,96,286295
25742,0.000381,172.31.47.0-255,66,31948,96,286295
25743,0.000443,74.125.68.0-255,1484,33432,96,286295
25744,0.000446,172.31.47.0-255,66,33498,96,286295
25745,0.000473,74.125.68.0-255,2902,36400,96,286295
25746,0.000476,172.31.47.0-255,66,36466,96,286295
25747,0.000494,74.125.68.0-255,1484,37950,96,286295
25748,0.00051,74.125.68.0-255,2902,40852,96,286295
25749,0.000513,172.31.47.0-255,66,40918,96,286295
25750,0.000536,74.125.68.0-255,5738,46656,96,286295
25751,0.00054,74.125.68.0-255,2543,49199,96,286295
25752,0.000544,172.31.47.0-255,66,49265,96,286295
25753,0.000547,172.31.47.0-255,66,49331,96,286295
25754,0.001404,74.125.68.0-255,1484,50815,96,286295
25755,0.001417,74.125.68.0-255,2902,53717,96,286295
25756,0.001421,172.31.47.0-255,66,53783,96,286295
25757,0.001447,74.125.68.0-255,1484,55267,96,286295
25758,0.001465,74.125.68.0-255,4320,59587,96,286295
25759,0.001468,172.31.47.0-255,66,59653,96,286295
25760,0.001474,74.125.68.0-255,5738,65391,96,286295
25761,0.001476,172.31.47.0-255,66,65457,96,286295
25762,0.001491,74.125.68.0-255,1125,66582,96,286295
25763,0.001769,74.125.68.0-255,1484,68066,96,286295
25764,0.001775,172.31.47.0-255,66,68132,96,286295
25765,0.001782,74.125.68.0-255,2902,71034,96,286295
25766,0.001784,172.31.47.0-255,66,71100,96,286295
25767,0.0018,74.125.68.0-255,4320,75420,96,286295
25768,0.001802,172.31.47.0-255,66,75486,96,286295
25769,0.001813,74.125.68.0-255,1484,76970,96,286295
25770,0.001817,74.125.68.0-255,2902,79872,96,286295
25771,0.00182,172.31.47.0-255,66,79938,96,286295
25772,0.001824,74.125.68.0-255,2902,82840,96,286295
25773,0.001826,172.31.47.0-255,66,82906,96,286295
25774,0.001852,74.125.68.0-255,7156,90062,96,286295
25775,0.001854,172.31.47.0-255,66,90128,96,286295
25776,0.00186,74.125.68.0-255,5738,95866,96,286295
25777,0.001862,172.31.47.0-255,66,95932,96,286295
25778,0.00188,74.125.68.0-255,4320,100252,96,286295
25779,0.001884,172.31.47.0-255,66,100318,96,286295
25780,0.001906,74.125.68.0-255,766,101084,96,286295
25781,0.001918,74.125.68.0-255,1484,102568,96,286295
25782,0.001921,172.31.47.0-255,66,102634,96,286295
25783,0.001933,74.125.68.0-255,1484,104118,96,286295
25784,0.001952,74.125.68.0-255,2902,107020,96,286295
25785,0.001954,172.31.47.0-255,66,107086,96,286295
25786,0.001958,74.125.68.0-255,2902,109988,96,286295
25787,0.001961,172.31.47.0-255,66,110054,96,286295
25788,0.00198,74.125.68.0-255,5738,115792,96,286295
25789,0.001983,172.31.47.0-255,66,115858,96,286295
25790,0.003913,74.125.68.0-255,2902,118760,96,286295
25791,0.003916,172.31.47.0-255,66,118826,96,286295
25792,0.003935,74.125.68.0-255,2902,121728,96,286295
25793,0.003938,172.31.47.0-255,66,121794,96,286295
25794,0.005846,74.125.68.0-255,2902,124696,96,286295
25795,0.005852,172.31.47.0-255,66,124762,96,286295
25796,0.005874,74.125.68.0-255,2902,127664,96,286295
25797,0.005876,172.31.47.0-255,66,127730,96,286295
25798,0.007781,74.125.68.0-255,2902,130632,96,286295
25799,0.007789,172.31.47.0-255,66,130698,96,286295
25800,0.00781,74.125.68.0-255,2902,133600,96,286295
25801,0.007813,172.31.47.0-255,66,133666,96,286295
25802,0.009723,74.125.68.0-255,2902,136568,96,286295
25803,0.009729,172.31.47.0-255,66,136634,96,286295
25804,0.009751,74.125.68.0-255,2902,139536,96,286295
25805,0.009754,172.31.47.0-255,66,139602,96,286295
25806,0.011661,74.125.68.0-255,4320,143922,96,286295
25807,0.011668,172.31.47.0-255,66,143988,96,286295
25808,0.011688,74.125.68.0-255,1484,145472,96,286295
25809,0.013607,74.125.68.0-255,4320,149792,96,286295
25810,0.013615,172.31.47.0-255,66,149858,96,286295
25811,0.015548,74.125.68.0-255,5738,155596,96,286295
25812,0.015555,172.31.47.0-255,66,155662,96,286295
25813,0.017488,74.125.68.0-255,5738,161400,96,286295
25814,0.017495,172.31.47.0-255,66,161466,96,286295
25815,0.019433,74.125.68.0-255,5738,167204,96,286295
25816,0.019439,172.31.47.0-255,66,167270,96,286295
25817,0.02138,74.125.68.0-255,5738,173008,96,286295
25818,0.021389,172.31.47.0-255,66,173074,96,286295
25819,0.02333,74.125.68.0-255,5738,178812,96,286295
25820,0.023338,172.31.47.0-255,66,178878,96,286295
25821,0.024619,172.31.47.0-255,172,179050,96,286295
25822,0.024646,172.31.47.0-255,1109,180159,96,286295
25823,0.024698,172.31.47.0-255,1514,181673,96,286295
25824,0.024699,172.31.47.0-255,1304,182977,96,286295
25825,0.025265,74.125.68.0-255,5738,188715,96,286295
25826,0.025272,172.31.47.0-255,66,188781,96,286295
25827,0.026103,104.244.42.0-255,66,188847,96,286295
25828,0.026282,104.244.42.0-255,66,188913,96,286295
25829,0.026286,104.244.42.0-255,66,188979,96,286295
25830,0.027202,74.125.68.0-255,5738,194717,96,286295
25831,0.027209,172.31.47.0-255,66,194783,96,286295
25832,0.029141,74.125.68.0-255,4320,199103,96,286295
25833,0.029146,172.31.47.0-255,66,199169,96,286295
25834,0.02916,74.125.68.0-255,1484,200653,96,286295
25835,0.031087,74.125.68.0-255,4320,204973,96,286295
25836,0.031093,172.31.47.0-255,66,205039,96,286295
25837,0.033034,74.125.68.0-255,5738,210777,96,286295
25838,0.03304,172.31.47.0-255,66,210843,96,286295
25839,0.034982,74.125.68.0-255,5738,216581,96,286295
25840,0.034987,172.31.47.0-255,66,216647,96,286295
25841,0.036923,74.125.68.0-255,5738,222385,96,286295
25842,0.036928,172.31.47.0-255,66,222451,96,286295
25843,0.038877,74.125.68.0-255,5738,228189,96,286295
25844,0.038882,172.31.47.0-255,66,228255,96,286295
25845,0.040827,74.125.68.0-255,5738,233993,96,286295
25846,0.040834,172.31.47.0-255,66,234059,96,286295
25847,0.042768,74.125.68.0-255,5738,239797,96,286295
25848,0.042774,172.31.47.0-255,66,239863,96,286295
25849,0.044755,74.125.68.0-255,5738,245601,96,286295
25850,0.044762,172.31.47.0-255,66,245667,96,286295
25851,0.046689,74.125.68.0-255,5738,251405,96,286295
25852,0.046694,172.31.47.0-255,66,251471,96,286295
25853,0.04863,74.125.68.0-255,5738,257209,96,286295
25854,0.048637,172.31.47.0-255,66,257275,96,286295
25855,0.050565,74.125.68.0-255,5738,263013,96,286295
25856,0.050571,172.31.47.0-255,66,263079,96,286295
25857,0.052506,74.125.68.0-255,5738,268817,96,286295
25858,0.052511,172.31.47.0-255,66,268883,96,286295
25859,0.054446,74.125.68.0-255,5738,274621,96,286295
25860,0.054452,172.31.47.0-255,66,274687,96,286295
25861,0.056399,74.125.68.0-255,5738,280425,96,286295
25862,0.056408,172.31.47.0-255,66,280491,96,286295
25863,0.058346,74.125.68.0-255,5738,286229,96,286295
25864,0.058353,172.31.47.0-255,66,286295,96,286295
25865,0.0,172.217.194.0-255,157,157,96,306609
25866,2.5e-05,172.31.47.0-255,66,223,96,306609
25867,3e-05,172.217.194.0-255,1484,1707,96,306609
25868,3.3e-05,172.31.47.0-255,66,1773,96,306609
25869,4.8e-05,172.217.194.0-255,2902,4675,96,306609
25870,5e-05,172.31.47.0-255,66,4741,96,306609
25871,7.7e-05,172.217.194.0-255,5738,10479,96,306609
25872,8e-05,172.31.47.0-255,66,10545,96,306609
25873,0.0001,172.217.194.0-255,5002,15547,96,306609
25874,0.000103,172.31.47.0-255,66,15613,96,306609
25875,0.000128,172.31.47.0-255,66,15679,96,306609
25876,0.000149,172.217.194.0-255,2902,18581,96,306609
25877,0.000151,172.31.47.0-255,66,18647,96,306609
25878,0.000155,172.217.194.0-255,2543,21190,96,306609
25879,0.000157,172.31.47.0-255,66,21256,96,306609
25880,0.00018,172.217.194.0-255,2902,24158,96,306609
25881,0.000183,172.31.47.0-255,66,24224,96,306609
25882,0.000197,172.217.194.0-255,1484,25708,96,306609
25883,0.000199,172.31.47.0-255,66,25774,96,306609
25884,0.000219,172.217.194.0-255,2902,28676,96,306609
25885,0.000222,172.31.47.0-255,66,28742,96,306609
25886,0.000231,172.31.47.0-255,66,28808,96,306609
25887,0.000261,172.217.194.0-255,1484,30292,96,306609
25888,0.000264,172.31.47.0-255,66,30358,96,306609
25889,0.00029,172.31.47.0-255,66,30424,96,306609
25890,0.000304,172.217.194.0-255,1484,31908,96,306609
25891,0.000307,172.31.47.0-255,66,31974,96,306609
25892,0.00032,172.217.194.0-255,5269,37243,96,306609
25893,0.000323,172.31.47.0-255,66,37309,96,306609
25894,0.000326,172.217.194.0-255,121,37430,96,306609
25895,0.000327,172.217.194.0-255,381,37811,96,306609
25896,0.000384,172.217.194.0-255,1484,39295,96,306609
25897,0.000389,172.31.47.0-255,66,39361,96,306609
25898,0.000398,172.217.194.0-255,2902,42263,96,306609
25899,0.0004,172.31.47.0-255,66,42329,96,306609
25900,0.000424,172.217.194.0-255,5738,48067,96,306609
25901,0.000427,172.31.47.0-255,66,48133,96,306609
25902,0.000452,172.217.194.0-255,4320,52453,96,306609
25903,0.000455,172.31.47.0-255,66,52519,96,306609
25904,0.000472,172.217.194.0-255,1995,54514,96,306609
25905,0.000475,172.31.47.0-255,66,54580,96,306609
25906,0.000684,172.217.194.0-255,1484,56064,96,306609
25907,0.000701,172.217.194.0-255,2902,58966,96,306609
25908,0.000704,172.31.47.0-255,66,59032,96,306609
25909,0.000724,172.217.194.0-255,4320,63352,96,306609
25910,0.000727,172.31.47.0-255,66,63418,96,306609
25911,0.000743,172.217.194.0-255,1484,64902,96,306609
25912,0.00075,172.217.194.0-255,7156,72058,96,306609
25913,0.000752,172.31.47.0-255,66,72124,96,306609
25914,0.000769,172.217.194.0-255,5738,77862,96,306609
25915,0.000772,172.31.47.0-255,66,77928,96,306609
25916,0.000783,172.31.47.0-255,66,77994,96,306609
25917,0.000868,172.217.194.0-255,1484,79478,96,306609
25918,0.000882,172.217.194.0-255,2902,82380,96,306609
25919,0.000885,172.31.47.0-255,66,82446,96,306609
25920,0.000888,172.217.194.0-255,1484,83930,96,306609
25921,0.000904,172.217.194.0-255,4320,88250,96,306609
25922,0.000907,172.31.47.0-255,66,88316,96,306609
25923,0.000928,172.217.194.0-255,6797,95113,96,306609
25924,0.000931,172.31.47.0-255,66,95179,96,306609
25925,0.001051,172.217.194.0-255,1484,96663,96,306609
25926,0.001064,172.217.194.0-255,2902,99565,96,306609
25927,0.001067,172.31.47.0-255,66,99631,96,306609
25928,0.00107,172.217.194.0-255,1484,101115,96,306609
25929,0.001088,172.217.194.0-255,4320,105435,96,306609
25930,0.001091,172.31.47.0-255,66,105501,96,306609
25931,0.001106,172.217.194.0-255,1484,106985,96,306609
25932,0.00113,172.31.47.0-255,66,107051,96,306609
25933,0.001139,172.31.47.0-255,66,107117,96,306609
25934,0.001162,172.217.194.0-255,2184,109301,96,306609
25935,0.001164,172.31.47.0-255,66,109367,96,306609
25936,0.001793,172.217.194.0-255,1484,110851,96,306609
25937,0.001804,172.217.194.0-255,2902,113753,96,306609
25938,0.001808,172.31.47.0-255,66,113819,96,306609
25939,0.001815,172.217.194.0-255,5738,119557,96,306609
25940,0.001817,172.31.47.0-255,66,119623,96,306609
25941,0.001819,172.217.194.0-255,1484,121107,96,306609
25942,0.001842,172.217.194.0-255,7156,128263,96,306609
25943,0.001844,172.31.47.0-255,66,128329,96,306609
25944,0.001883,172.217.194.0-255,7156,135485,96,306609
25945,0.001885,172.31.47.0-255,66,135551,96,306609
25946,0.001905,172.31.47.0-255,66,135617,96,306609
25947,0.001909,172.217.194.0-255,2902,138519,96,306609
25948,0.00191,172.31.47.0-255,66,138585,96,306609
25949,0.001941,172.31.47.0-255,66,138651,96,306609
25950,0.001946,172.217.194.0-255,5738,144389,96,306609
25951,0.001948,172.31.47.0-255,66,144455,96,306609
25952,0.001959,172.217.194.0-255,2902,147357,96,306609
25953,0.001961,172.31.47.0-255,66,147423,96,306609
25954,0.001997,172.31.47.0-255,66,147489,96,306609
25955,0.002246,172.217.194.0-255,1484,148973,96,306609
25956,0.002263,172.217.194.0-255,2902,151875,96,306609
25957,0.002264,172.31.47.0-255,66,151941,96,306609
25958,0.002268,172.217.194.0-255,2902,154843,96,306609
25959,0.002269,172.31.47.0-255,66,154909,96,306609
25960,0.002282,172.217.194.0-255,2902,157811,96,306609
25961,0.002284,172.31.47.0-255,66,157877,96,306609
25962,0.002288,172.217.194.0-255,4320,162197,96,306609
25963,0.00229,172.31.47.0-255,66,162263,96,306609
25964,0.002327,172.31.47.0-255,66,162329,96,306609
25965,0.002352,172.31.47.0-255,66,162395,96,306609
25966,0.00251,172.217.194.0-255,1484,163879,96,306609
25967,0.002525,172.217.194.0-255,2902,166781,96,306609
25968,0.002527,172.31.47.0-255,66,166847,96,306609
25969,0.002544,172.217.194.0-255,1484,168331,96,306609
25970,0.002546,172.217.194.0-255,1484,169815,96,306609
25971,0.002549,172.31.47.0-255,66,169881,96,306609
25972,0.002565,172.217.194.0-255,1484,171365,96,306609
25973,0.00257,172.217.194.0-255,4320,175685,96,306609
25974,0.002572,172.31.47.0-255,66,175751,96,306609
25975,0.002593,172.217.194.0-255,1484,177235,96,306609
25976,0.002602,172.31.47.0-255,66,177301,96,306609
25977,0.002606,172.217.194.0-255,4320,181621,96,306609
25978,0.002608,172.31.47.0-255,66,181687,96,306609
25979,0.002624,172.217.194.0-255,5738,187425,96,306609
25980,0.002626,172.31.47.0-255,66,187491,96,306609
25981,0.002628,172.217.194.0-255,766,188257,96,306609
25982,0.003746,172.31.47.0-255,66,188323,96,306609
25983,0.005211,172.217.194.0-255,4320,192643,96,306609
25984,0.005216,172.31.47.0-255,66,192709,96,306609
25985,0.006347,172.217.194.0-255,1484,194193,96,306609
25986,0.007825,172.217.194.0-255,4320,198513,96,306609
25987,0.007831,172.31.47.0-255,66,198579,96,306609
25988,0.010429,172.217.194.0-255,2902,201481,96,306609
25989,0.010437,172.31.47.0-255,66,201547,96,306609
25990,0.010457,172.217.194.0-255,2902,204449,96,306609
25991,0.01046,172.31.47.0-255,66,204515,96,306609
25992,0.013047,172.217.194.0-255,5738,210253,96,306609
25993,0.013057,172.31.47.0-255,66,210319,96,306609
25994,0.015649,172.217.194.0-255,5738,216057,96,306609
25995,0.015658,172.31.47.0-255,66,216123,96,306609
25996,0.018256,172.217.194.0-255,5738,221861,96,306609
25997,0.018262,172.31.47.0-255,66,221927,96,306609
25998,0.020859,172.217.194.0-255,5738,227665,96,306609
25999,0.020866,172.31.47.0-255,66,227731,96,306609
26000,0.023494,172.217.194.0-255,5738,233469,96,306609
26001,0.023503,172.31.47.0-255,66,233535,96,306609
26002,0.026121,172.217.194.0-255,5738,239273,96,306609
26003,0.026128,172.31.47.0-255,66,239339,96,306609
26004,0.027823,172.31.47.0-255,172,239511,96,306609
26005,0.027855,172.31.47.0-255,1109,240620,96,306609
26006,0.02789,172.31.47.0-255,1514,242134,96,306609
26007,0.027892,172.31.47.0-255,1302,243436,96,306609
26008,0.028766,172.217.194.0-255,5738,249174,96,306609
26009,0.028772,172.31.47.0-255,66,249240,96,306609
26010,0.029422,104.244.42.0-255,66,249306,96,306609
26011,0.02943,104.244.42.0-255,66,249372,96,306609
26012,0.029466,104.244.42.0-255,66,249438,96,306609
26013,0.03136,172.217.194.0-255,4320,253758,96,306609
26014,0.031365,172.31.47.0-255,66,253824,96,306609
26015,0.031389,172.217.194.0-255,1484,255308,96,306609
26016,0.033945,172.217.194.0-255,4320,259628,96,306609
26017,0.033949,172.31.47.0-255,66,259694,96,306609
26018,0.036549,172.217.194.0-255,5738,265432,96,306609
26019,0.036553,172.31.47.0-255,66,265498,96,306609
26020,0.039147,172.217.194.0-255,5738,271236,96,306609
26021,0.039153,172.31.47.0-255,66,271302,96,306609
26022,0.041782,172.217.194.0-255,5738,277040,96,306609
26023,0.041787,172.31.47.0-255,66,277106,96,306609
26024,0.044392,172.217.194.0-255,2902,280008,96,306609
26025,0.044396,172.31.47.0-255,66,280074,96,306609
26026,0.044421,172.217.194.0-255,2902,282976,96,306609
26027,0.044424,172.31.47.0-255,66,283042,96,306609
26028,0.04701,172.217.194.0-255,2902,285944,96,306609
26029,0.047014,172.31.47.0-255,66,286010,96,306609
26030,0.04705,172.217.194.0-255,2902,288912,96,306609
26031,0.047054,172.31.47.0-255,66,288978,96,306609
26032,0.049604,172.217.194.0-255,2902,291880,96,306609
26033,0.049609,172.31.47.0-255,66,291946,96,306609
26034,0.049639,172.217.194.0-255,2902,294848,96,306609
26035,0.049642,172.31.47.0-255,66,294914,96,306609
26036,0.052215,172.217.194.0-255,2902,297816,96,306609
26037,0.052219,172.31.47.0-255,66,297882,96,306609
26038,0.052267,172.217.194.0-255,2902,300784,96,306609
26039,0.052272,172.31.47.0-255,66,300850,96,306609
26040,0.054799,172.217.194.0-255,2902,303752,96,306609
26041,0.054803,172.31.47.0-255,66,303818,96,306609
26042,0.054871,172.217.194.0-255,2554,306372,96,306609
26043,0.054875,172.31.47.0-255,66,306438,96,306609
26044,0.054998,172.31.47.0-255,105,306543,96,306609
26045,0.057562,172.217.194.0-255,66,306609,96,306609
26046,0.0,74.125.24.0-255,297,297,96,189863
26047,3.4e-05,172.31.47.0-255,66,363,96,189863
26048,4.1e-05,74.125.24.0-255,1484,1847,96,189863
26049,4.4e-05,172.31.47.0-255,66,1913,96,189863
26050,5e-05,74.125.24.0-255,4320,6233,96,189863
26051,5.3e-05,172.31.47.0-255,66,6299,96,189863
26052,5.8e-05,74.125.24.0-255,4320,10619,96,189863
26053,6.1e-05,172.31.47.0-255,66,10685,96,189863
26054,8.2e-05,74.125.24.0-255,2902,13587,96,189863
26055,8.5e-05,172.31.47.0-255,66,13653,96,189863
26056,9.4e-05,172.31.47.0-255,66,13719,96,189863
26057,0.000123,172.31.47.0-255,66,13785,96,189863
26058,0.000205,74.125.24.0-255,1484,15269,96,189863
26059,0.000209,172.31.47.0-255,66,15335,96,189863
26060,0.00026,74.125.24.0-255,2902,18237,96,189863
26061,0.000262,172.31.47.0-255,66,18303,96,189863
26062,0.000268,74.125.24.0-255,5738,24041,96,189863
26063,0.000271,172.31.47.0-255,66,24107,96,189863
26064,0.000278,74.125.24.0-255,6797,30904,96,189863
26065,0.00028,172.31.47.0-255,66,30970,96,189863
26066,0.000287,74.125.24.0-255,7156,38126,96,189863
26067,0.00029,172.31.47.0-255,66,38192,96,189863
26068,0.000305,74.125.24.0-255,1484,39676,96,189863
26069,0.000307,172.31.47.0-255,66,39742,96,189863
26070,0.000339,172.31.47.0-255,66,39808,96,189863
26071,0.000547,74.125.24.0-255,110,39918,96,189863
26072,0.000551,172.31.47.0-255,66,39984,96,189863
26073,0.000583,74.125.24.0-255,1484,41468,96,189863
26074,0.000586,172.31.47.0-255,66,41534,96,189863
26075,0.00059,74.125.24.0-255,2902,44436,96,189863
26076,0.000597,172.31.47.0-255,66,44502,96,189863
26077,0.000624,74.125.24.0-255,5738,50240,96,189863
26078,0.000627,172.31.47.0-255,66,50306,96,189863
26079,0.00065,74.125.24.0-255,7156,57462,96,189863
26080,0.000654,172.31.47.0-255,66,57528,96,189863
26081,0.000655,74.125.24.0-255,4320,61848,96,189863
26082,0.000657,172.31.47.0-255,66,61914,96,189863
26083,0.00069,172.31.47.0-255,66,61980,96,189863
26084,0.000694,74.125.24.0-255,2184,64164,96,189863
26085,0.000696,172.31.47.0-255,66,64230,96,189863
26086,0.000843,74.125.24.0-255,1484,65714,96,189863
26087,0.000861,74.125.24.0-255,2902,68616,96,189863
26088,0.000865,172.31.47.0-255,66,68682,96,189863
26089,0.000869,74.125.24.0-255,1484,70166,96,189863
26090,0.000885,74.125.24.0-255,4320,74486,96,189863
26091,0.000888,172.31.47.0-255,66,74552,96,189863
26092,0.000909,74.125.24.0-255,7156,81708,96,189863
26093,0.000912,172.31.47.0-255,66,81774,96,189863
26094,0.000934,74.125.24.0-255,2902,84676,96,189863
26095,0.000937,172.31.47.0-255,66,84742,96,189863
26096,0.000941,74.125.24.0-255,2902,87644,96,189863
26097,0.000945,172.31.47.0-255,66,87710,96,189863
26098,0.000969,172.31.47.0-255,66,87776,96,189863
26099,0.000995,74.125.24.0-255,766,88542,96,189863
26100,0.001203,74.125.24.0-255,1484,90026,96,189863
26101,0.001209,172.31.47.0-255,66,90092,96,189863
26102,0.001214,74.125.24.0-255,2902,92994,96,189863
26103,0.001216,172.31.47.0-255,66,93060,96,189863
26104,0.001229,74.125.24.0-255,1484,94544,96,189863
26105,0.001245,74.125.24.0-255,2902,97446,96,189863
26106,0.001247,172.31.47.0-255,66,97512,96,189863
26107,0.001254,74.125.24.0-255,5738,103250,96,189863
26108,0.001256,172.31.47.0-255,66,103316,96,189863
26109,0.001294,172.31.47.0-255,66,103382,96,189863
26110,0.0013,74.125.24.0-255,7156,110538,96,189863
26111,0.001303,172.31.47.0-255,66,110604,96,189863
26112,0.001338,172.31.47.0-255,66,110670,96,189863
26113,0.001366,172.31.47.0-255,66,110736,96,189863
26114,0.00138,172.31.47.0-255,66,110802,96,189863
26115,0.001439,74.125.24.0-255,1484,112286,96,189863
26116,0.001457,74.125.24.0-255,2902,115188,96,189863
26117,0.00146,172.31.47.0-255,66,115254,96,189863
26118,0.001475,74.125.24.0-255,5738,120992,96,189863
26119,0.001478,172.31.47.0-255,66,121058,96,189863
26120,0.001546,74.125.24.0-255,7156,128214,96,189863
26121,0.001551,172.31.47.0-255,66,128280,96,189863
26122,0.001567,74.125.24.0-255,2902,131182,96,189863
26123,0.00157,172.31.47.0-255,66,131248,96,189863
26124,0.001583,172.31.47.0-255,66,131314,96,189863
26125,0.001586,74.125.24.0-255,2184,133498,96,189863
26126,0.001588,172.31.47.0-255,66,133564,96,189863
26127,0.001593,74.125.24.0-255,2902,136466,96,189863
26128,0.001595,172.31.47.0-255,66,136532,96,189863
26129,0.001602,74.125.24.0-255,7156,143688,96,189863
26130,0.001607,172.31.47.0-255,66,143754,96,189863
26131,0.001644,74.125.24.0-255,5738,149492,96,189863
26132,0.001649,172.31.47.0-255,66,149558,96,189863
26133,0.001667,74.125.24.0-255,5738,155296,96,189863
26134,0.00167,172.31.47.0-255,66,155362,96,189863
26135,0.001677,74.125.24.0-255,5738,161100,96,189863
26136,0.001679,172.31.47.0-255,66,161166,96,189863
26137,0.001715,74.125.24.0-255,4320,165486,96,189863
26138,0.001719,172.31.47.0-255,66,165552,96,189863
26139,0.001754,172.31.47.0-255,66,165618,96,189863
26140,0.001772,172.31.47.0-255,66,165684,96,189863
26141,0.001777,74.125.24.0-255,3602,169286,96,189863
26142,0.001779,172.31.47.0-255,66,169352,96,189863
26143,0.001819,74.125.24.0-255,2902,172254,96,189863
26144,0.001823,172.31.47.0-255,66,172320,96,189863
26145,0.001851,172.31.47.0-255,66,172386,96,189863
26146,0.001864,172.31.47.0-255,66,172452,96,189863
26147,0.00189,74.125.24.0-255,7156,179608,96,189863
26148,0.001892,172.31.47.0-255,66,179674,96,189863
26149,0.001897,74.125.24.0-255,3602,183276,96,189863
26150,0.001899,172.31.47.0-255,66,183342,96,189863
26151,0.00191,172.31.47.0-255,66,183408,96,189863
26152,0.001944,172.31.47.0-255,66,183474,96,189863
26153,0.001957,172.31.47.0-255,66,183540,96,189863
26154,0.001979,74.125.24.0-255,1484,185024,96,189863
26155,0.00201,172.31.47.0-255,66,185090,96,189863
26156,0.002044,172.31.47.0-255,66,185156,96,189863
26157,0.002058,172.31.47.0-255,66,185222,96,189863
26158,0.004041,74.125.24.0-255,105,185327,96,189863
26159,0.008413,172.31.47.0-255,66,185393,96,189863
26160,0.008441,172.31.47.0-255,105,185498,96,189863
26161,0.010433,74.125.24.0-255,66,185564,96,189863
26162,0.032925,172.31.47.0-255,176,185740,96,189863
26163,0.032957,172.31.47.0-255,1110,186850,96,189863
26164,0.033019,172.31.47.0-255,1514,188364,96,189863
26165,0.033026,172.31.47.0-255,1301,189665,96,189863
26166,0.034462,104.244.42.0-255,66,189731,96,189863
26167,0.034507,104.244.42.0-255,66,189797,96,189863
26168,0.034596,104.244.42.0-255,66,189863,96,189863
26169,0.0,172.217.194.0-255,153,153,96,256374
26170,1.5e-05,172.31.47.0-255,66,219,96,256374
26171,2.1e-05,172.217.194.0-255,1484,1703,96,256374
26172,2.5e-05,172.31.47.0-255,66,1769,96,256374
26173,3e-05,172.217.194.0-255,2902,4671,96,256374
26174,3.3e-05,172.31.47.0-255,66,4737,96,256374
26175,4.6e-05,172.217.194.0-255,7156,11893,96,256374
26176,4.9e-05,172.31.47.0-255,66,11959,96,256374
26177,5.3e-05,172.217.194.0-255,2014,13973,96,256374
26178,5.5e-05,172.31.47.0-255,66,14039,96,256374
26179,0.000124,172.31.47.0-255,66,14105,96,256374
26180,0.000129,172.217.194.0-255,2902,17007,96,256374
26181,0.00013,172.31.47.0-255,66,17073,96,256374
26182,0.000152,172.217.194.0-255,2543,19616,96,256374
26183,0.000155,172.31.47.0-255,66,19682,96,256374
26184,0.000176,172.217.194.0-255,1484,21166,96,256374
26185,0.000177,172.31.47.0-255,66,21232,96,256374
26186,0.000182,172.217.194.0-255,2902,24134,96,256374
26187,0.000183,172.31.47.0-255,66,24200,96,256374
26188,0.000186,172.217.194.0-255,1484,25684,96,256374
26189,0.000187,172.31.47.0-255,66,25750,96,256374
26190,0.000208,172.217.194.0-255,4320,30070,96,256374
26191,0.00021,172.31.47.0-255,66,30136,96,256374
26192,0.000218,172.217.194.0-255,2902,33038,96,256374
26193,0.00022,172.31.47.0-255,66,33104,96,256374
26194,0.000245,172.217.194.0-255,3961,37065,96,256374
26195,0.000247,172.31.47.0-255,66,37131,96,256374
26196,0.000278,172.217.194.0-255,7156,44287,96,256374
26197,0.00028,172.31.47.0-255,66,44353,96,256374
26198,0.000284,172.217.194.0-255,2902,47255,96,256374
26199,0.000285,172.31.47.0-255,66,47321,96,256374
26200,0.000313,172.217.194.0-255,2902,50223,96,256374
26201,0.000326,172.217.194.0-255,4287,54510,96,256374
26202,0.000396,172.217.194.0-255,383,54893,96,256374
26203,0.000493,172.31.47.0-255,66,54959,96,256374
26204,0.001075,172.217.194.0-255,1484,56443,96,256374
26205,0.001084,172.217.194.0-255,2902,59345,96,256374
26206,0.001088,172.31.47.0-255,66,59411,96,256374
26207,0.001121,172.217.194.0-255,5738,65149,96,256374
26208,0.001136,172.217.194.0-255,1484,66633,96,256374
26209,0.001191,172.217.194.0-255,2902,69535,96,256374
26210,0.001249,172.217.194.0-255,4320,73855,96,256374
26211,0.001275,172.217.194.0-255,766,74621,96,256374
26212,0.001368,172.217.194.0-255,1484,76105,96,256374
26213,0.001389,172.217.194.0-255,2902,79007,96,256374
26214,0.001393,172.217.194.0-255,2902,81909,96,256374
26215,0.00141,172.217.194.0-255,2902,84811,96,256374
26216,0.001417,172.217.194.0-255,5738,90549,96,256374
26217,0.001433,172.217.194.0-255,4320,94869,96,256374
26218,0.001458,172.217.194.0-255,5738,100607,96,256374
26219,0.002188,172.217.194.0-255,1484,102091,96,256374
26220,0.002197,172.217.194.0-255,2902,104993,96,256374
26221,0.002203,172.217.194.0-255,5738,110731,96,256374
26222,0.002219,172.217.194.0-255,4320,115051,96,256374
26223,0.002236,172.217.194.0-255,5738,120789,96,256374
26224,0.002282,172.217.194.0-255,4320,125109,96,256374
26225,0.00233,172.217.194.0-255,7156,132265,96,256374
26226,0.002343,172.217.194.0-255,2184,134449,96,256374
26227,0.002677,172.217.194.0-255,1484,135933,96,256374
26228,0.005914,172.31.47.0-255,66,135999,96,256374
26229,0.008546,172.217.194.0-255,5738,141737,96,256374
26230,0.008552,172.31.47.0-255,66,141803,96,256374
26231,0.011176,172.217.194.0-255,5738,147541,96,256374
26232,0.011184,172.31.47.0-255,66,147607,96,256374
26233,0.013823,172.217.194.0-255,5738,153345,96,256374
26234,0.013832,172.31.47.0-255,66,153411,96,256374
26235,0.016448,172.217.194.0-255,5738,159149,96,256374
26236,0.016457,172.31.47.0-255,66,159215,96,256374
26237,0.019074,172.217.194.0-255,5738,164953,96,256374
26238,0.019087,172.31.47.0-255,66,165019,96,256374
26239,0.021718,172.217.194.0-255,5738,170757,96,256374
26240,0.021728,172.31.47.0-255,66,170823,96,256374
26241,0.024334,172.217.194.0-255,5738,176561,96,256374
26242,0.024342,172.31.47.0-255,66,176627,96,256374
26243,0.025885,172.31.47.0-255,172,176799,96,256374
26244,0.025912,172.31.47.0-255,1111,177910,96,256374
26245,0.025962,172.31.47.0-255,1514,179424,96,256374
26246,0.02598,172.31.47.0-255,1300,180724,96,256374
26247,0.026958,172.217.194.0-255,5738,186462,96,256374
26248,0.026966,172.31.47.0-255,66,186528,96,256374
26249,0.027484,104.244.42.0-255,66,186594,96,256374
26250,0.027491,104.244.42.0-255,66,186660,96,256374
26251,0.027527,104.244.42.0-255,66,186726,96,256374
26252,0.029573,172.217.194.0-255,5738,192464,96,256374
26253,0.029579,172.31.47.0-255,66,192530,96,256374
26254,0.032199,172.217.194.0-255,5738,198268,96,256374
26255,0.032207,172.31.47.0-255,66,198334,96,256374
26256,0.034815,172.217.194.0-255,5738,204072,96,256374
26257,0.034821,172.31.47.0-255,66,204138,96,256374
26258,0.037429,172.217.194.0-255,5738,209876,96,256374
26259,0.037437,172.31.47.0-255,66,209942,96,256374
26260,0.040057,172.217.194.0-255,5738,215680,96,256374
26261,0.040064,172.31.47.0-255,66,215746,96,256374
26262,0.042672,172.217.194.0-255,5738,221484,96,256374
26263,0.042678,172.31.47.0-255,66,221550,96,256374
26264,0.045269,172.217.194.0-255,5738,227288,96,256374
26265,0.045275,172.31.47.0-255,66,227354,96,256374
26266,0.047886,172.217.194.0-255,5738,233092,96,256374
26267,0.047893,172.31.47.0-255,66,233158,96,256374
26268,0.050517,172.217.194.0-255,5738,238896,96,256374
26269,0.050524,172.31.47.0-255,66,238962,96,256374
26270,0.05315,172.217.194.0-255,5738,244700,96,256374
26271,0.053156,172.31.47.0-255,66,244766,96,256374
26272,0.055808,172.217.194.0-255,5738,250504,96,256374
26273,0.055814,172.31.47.0-255,66,250570,96,256374
26274,0.058455,172.217.194.0-255,5738,256308,96,256374
26275,0.058461,172.31.47.0-255,66,256374,96,256374
26276,0.0,172.31.47.0-255,105,105,96,276
26277,0.002122,157.240.13.0-255,105,210,96,276
26278,0.002133,172.31.47.0-255,66,276,96,276
26279,0.0,172.217.194.0-255,153,153,96,261730
26280,3.3e-05,172.31.47.0-255,66,219,96,261730
26281,4e-05,172.217.194.0-255,1484,1703,96,261730
26282,4.5e-05,172.31.47.0-255,66,1769,96,261730
26283,5e-05,172.217.194.0-255,2902,4671,96,261730
26284,5.3e-05,172.31.47.0-255,66,4737,96,261730
26285,5.8e-05,172.217.194.0-255,4320,9057,96,261730
26286,6.1e-05,172.31.47.0-255,66,9123,96,261730
26287,8.5e-05,172.217.194.0-255,1484,10607,96,261730
26288,8.9e-05,172.31.47.0-255,66,10673,96,261730
26289,0.000109,172.217.194.0-255,1484,12157,96,261730
26290,0.000112,172.31.47.0-255,66,12223,96,261730
26291,0.00013,172.217.194.0-255,2140,14363,96,261730
26292,0.000132,172.31.47.0-255,66,14429,96,261730
26293,0.00023,172.217.194.0-255,1484,15913,96,261730
26294,0.000234,172.31.47.0-255,66,15979,96,261730
26295,0.00024,172.217.194.0-255,2902,18881,96,261730
26296,0.000243,172.31.47.0-255,66,18947,96,261730
26297,0.000246,172.217.194.0-255,1484,20431,96,261730
26298,0.000248,172.31.47.0-255,66,20497,96,261730
26299,0.000272,172.217.194.0-255,4320,24817,96,261730
26300,0.000277,172.31.47.0-255,66,24883,96,261730
26301,0.000278,172.217.194.0-255,5738,30621,96,261730
26302,0.00028,172.31.47.0-255,66,30687,96,261730
26303,0.000293,172.217.194.0-255,1125,31812,96,261730
26304,0.000296,172.31.47.0-255,66,31878,96,261730
26305,0.000309,172.31.47.0-255,66,31944,96,261730
26306,0.000325,172.217.194.0-255,4320,36264,96,261730
26307,0.000328,172.31.47.0-255,66,36330,96,261730
26308,0.000338,172.31.47.0-255,66,36396,96,261730
26309,0.000362,172.217.194.0-255,5738,42134,96,261730
26310,0.000368,172.31.47.0-255,66,42200,96,261730
26311,0.000375,172.217.194.0-255,2902,45102,96,261730
26312,0.000382,172.31.47.0-255,66,45168,96,261730
26313,0.000388,172.217.194.0-255,2459,47627,96,261730
26314,0.000397,172.31.47.0-255,66,47693,96,261730
26315,0.000519,172.217.194.0-255,118,47811,96,261730
26316,0.000585,172.217.194.0-255,1484,49295,96,261730
26317,0.000589,172.31.47.0-255,66,49361,96,261730
26318,0.000594,172.217.194.0-255,2902,52263,96,261730
26319,0.000601,172.217.194.0-255,5738,58001,96,261730
26320,0.000604,172.31.47.0-255,66,58067,96,261730
26321,0.000609,172.31.47.0-255,66,58133,96,261730
26322,0.000619,172.217.194.0-255,1484,59617,96,261730
26323,0.000642,172.217.194.0-255,5674,65291,96,261730
26324,0.000647,172.31.47.0-255,66,65357,96,261730
26325,0.000915,172.217.194.0-255,1484,66841,96,261730
26326,0.00092,172.217.194.0-255,2902,69743,96,261730
26327,0.000923,172.31.47.0-255,66,69809,96,261730
26328,0.000945,172.217.194.0-255,5738,75547,96,261730
26329,0.000951,172.31.47.0-255,66,75613,96,261730
26330,0.000958,172.217.194.0-255,4320,79933,96,261730
26331,0.000963,172.31.47.0-255,66,79999,96,261730
26332,0.000992,172.31.47.0-255,66,80065,96,261730
26333,0.001037,172.217.194.0-255,4320,84385,96,261730
26334,0.00104,172.31.47.0-255,66,84451,96,261730
26335,0.001059,172.217.194.0-255,6438,90889,96,261730
26336,0.001068,172.31.47.0-255,66,90955,96,261730
26337,0.00107,172.217.194.0-255,2902,93857,96,261730
26338,0.001081,172.31.47.0-255,66,93923,96,261730
26339,0.001101,172.31.47.0-255,66,93989,96,261730
26340,0.001105,172.31.47.0-255,66,94055,96,261730
26341,0.00113,172.217.194.0-255,1484,95539,96,261730
26342,0.001154,172.31.47.0-255,66,95605,96,261730
26343,0.001177,172.31.47.0-255,66,95671,96,261730
26344,0.00119,172.31.47.0-255,66,95737,96,261730
26345,0.001468,172.217.194.0-255,1484,97221,96,261730
26346,0.001488,172.217.194.0-255,2902,100123,96,261730
26347,0.001491,172.31.47.0-255,66,100189,96,261730
26348,0.001497,172.217.194.0-255,5738,105927,96,261730
26349,0.0015,172.31.47.0-255,66,105993,96,261730
26350,0.001533,172.31.47.0-255,66,106059,96,261730
26351,0.001559,172.217.194.0-255,5738,111797,96,261730
26352,0.001563,172.31.47.0-255,66,111863,96,261730
26353,0.001582,172.31.47.0-255,66,111929,96,261730
26354,0.001646,172.217.194.0-255,1484,113413,96,261730
26355,0.00165,172.217.194.0-255,2902,116315,96,261730
26356,0.001653,172.31.47.0-255,66,116381,96,261730
26357,0.001661,172.217.194.0-255,1484,117865,96,261730
26358,0.001677,172.217.194.0-255,4320,122185,96,261730
26359,0.001681,172.217.194.0-255,2902,125087,96,261730
26360,0.001687,172.31.47.0-255,66,125153,96,261730
26361,0.001719,172.217.194.0-255,7156,132309,96,261730
26362,0.001718,172.31.47.0-255,66,132375,96,261730
26363,0.001721,172.31.47.0-255,66,132441,96,261730
26364,0.00174,172.217.194.0-255,3602,136043,96,261730
26365,0.001746,172.31.47.0-255,66,136109,96,261730
26366,0.001752,172.217.194.0-255,2902,139011,96,261730
26367,0.001758,172.31.47.0-255,66,139077,96,261730
26368,0.001781,172.31.47.0-255,66,139143,96,261730
26369,0.001784,172.31.47.0-255,66,139209,96,261730
26370,0.00183,172.217.194.0-255,4320,143529,96,261730
26371,0.001833,172.31.47.0-255,66,143595,96,261730
26372,0.001856,172.31.47.0-255,66,143661,96,261730
26373,0.001879,172.217.194.0-255,1484,145145,96,261730
26374,0.001894,172.217.194.0-255,2902,148047,96,261730
26375,0.001905,172.31.47.0-255,66,148113,96,261730
26376,0.001919,172.217.194.0-255,5738,153851,96,261730
26377,0.001922,172.217.194.0-255,1484,155335,96,261730
26378,0.001929,172.31.47.0-255,66,155401,96,261730
26379,0.001948,172.217.194.0-255,7156,162557,96,261730
26380,0.001958,172.31.47.0-255,66,162623,96,261730
26381,0.00197,172.31.47.0-255,66,162689,96,261730
26382,0.001998,172.217.194.0-255,5020,167709,96,261730
26383,0.002008,172.217.194.0-255,1484,169193,96,261730
26384,0.002009,172.31.47.0-255,66,169259,96,261730
26385,0.002023,172.217.194.0-255,1484,170743,96,261730
26386,0.002031,172.31.47.0-255,66,170809,96,261730
26387,0.002038,172.217.194.0-255,4320,175129,96,261730
26388,0.002043,172.31.47.0-255,66,175195,96,261730
26389,0.002079,172.31.47.0-255,66,175261,96,261730
26390,0.002086,172.217.194.0-255,1484,176745,96,261730
26391,0.002137,172.31.47.0-255,66,176811,96,261730
26392,0.004459,172.217.194.0-255,5738,182549,96,261730
26393,0.004478,172.31.47.0-255,66,182615,96,261730
26394,0.006762,172.217.194.0-255,5738,188353,96,261730
26395,0.009883,172.31.47.0-255,66,188419,96,261730
26396,0.012155,172.217.194.0-255,5738,194157,96,261730
26397,0.01217,172.31.47.0-255,66,194223,96,261730
26398,0.014499,172.217.194.0-255,5738,199961,96,261730
26399,0.014511,172.31.47.0-255,66,200027,96,261730
26400,0.016807,172.217.194.0-255,5738,205765,96,261730
26401,0.017626,172.31.47.0-255,66,205831,96,261730
26402,0.019927,172.217.194.0-255,5738,211569,96,261730
26403,0.019936,172.31.47.0-255,66,211635,96,261730
26404,0.022209,172.217.194.0-255,5738,217373,96,261730
26405,0.022217,172.31.47.0-255,66,217439,96,261730
26406,0.024515,172.217.194.0-255,5738,223177,96,261730
26407,0.024522,172.31.47.0-255,66,223243,96,261730
26408,0.026789,172.217.194.0-255,5738,228981,96,261730
26409,0.026799,172.31.47.0-255,66,229047,96,261730
26410,0.029116,172.217.194.0-255,5738,234785,96,261730
26411,0.029124,172.31.47.0-255,66,234851,96,261730
26412,0.031238,172.31.47.0-255,172,235023,96,261730
26413,0.031284,172.31.47.0-255,1104,236127,96,261730
26414,0.031348,172.31.47.0-255,1514,237641,96,261730
26415,0.03135,172.31.47.0-255,1307,238948,96,261730
26416,0.031407,172.217.194.0-255,5738,244686,96,261730
26417,0.031412,172.31.47.0-255,66,244752,96,261730
26418,0.032745,104.244.42.0-255,66,244818,96,261730
26419,0.032856,104.244.42.0-255,66,244884,96,261730
26420,0.032872,104.244.42.0-255,66,244950,96,261730
26421,0.0337,172.217.194.0-255,4320,249270,96,261730
26422,0.033704,172.31.47.0-255,66,249336,96,261730
26423,0.033731,172.217.194.0-255,1484,250820,96,261730
26424,0.035989,172.217.194.0-255,4320,255140,96,261730
26425,0.035994,172.31.47.0-255,66,255206,96,261730
26426,0.038295,172.217.194.0-255,5738,260944,96,261730
26427,0.03844,172.31.47.0-255,66,261010,96,261730
26428,0.040691,172.217.194.0-255,483,261493,96,261730
26429,0.040843,172.31.47.0-255,66,261559,96,261730
26430,0.04087,172.31.47.0-255,105,261664,96,261730
26431,0.043097,172.217.194.0-255,66,261730,96,261730
26432,0.0,74.125.24.0-255,152,152,96,221500
26433,3.4e-05,172.31.47.0-255,66,218,96,221500
26434,4.2e-05,74.125.24.0-255,1484,1702,96,221500
26435,4.6e-05,172.31.47.0-255,66,1768,96,221500
26436,5.9e-05,74.125.24.0-255,2902,4670,96,221500
26437,6.2e-05,172.31.47.0-255,66,4736,96,221500
26438,7.1e-05,74.125.24.0-255,7156,11892,96,221500
26439,7.4e-05,172.31.47.0-255,66,11958,96,221500
26440,7.7e-05,74.125.24.0-255,2160,14118,96,221500
26441,8e-05,172.31.47.0-255,66,14184,96,221500
26442,9.3e-05,172.31.47.0-255,66,14250,96,221500
26443,9.9e-05,74.125.24.0-255,5379,19629,96,221500
26444,0.000101,172.31.47.0-255,66,19695,96,221500
26445,0.000164,74.125.24.0-255,1484,21179,96,221500
26446,0.00017,172.31.47.0-255,66,21245,96,221500
26447,0.000174,74.125.24.0-255,2902,24147,96,221500
26448,0.000176,172.31.47.0-255,66,24213,96,221500
26449,0.000211,74.125.24.0-255,5738,29951,96,221500
26450,0.000215,172.31.47.0-255,66,30017,96,221500
26451,0.00023,74.125.24.0-255,6797,36814,96,221500
26452,0.000233,172.31.47.0-255,66,36880,96,221500
26453,0.000254,172.31.47.0-255,66,36946,96,221500
26454,0.000258,74.125.24.0-255,2818,39764,96,221500
26455,0.00026,172.31.47.0-255,66,39830,96,221500
26456,0.000264,74.125.24.0-255,129,39959,96,221500
26457,0.000266,172.31.47.0-255,66,40025,96,221500
26458,0.000367,74.125.24.0-255,1484,41509,96,221500
26459,0.000372,172.31.47.0-255,66,41575,96,221500
26460,0.000376,74.125.24.0-255,2902,44477,96,221500
26461,0.000379,172.31.47.0-255,66,44543,96,221500
26462,0.000417,74.125.24.0-255,5738,50281,96,221500
26463,0.000421,74.125.24.0-255,4320,54601,96,221500
26464,0.000422,172.31.47.0-255,66,54667,96,221500
26465,0.000426,172.31.47.0-255,66,54733,96,221500
26466,0.000437,74.125.24.0-255,5738,60471,96,221500
26467,0.000444,172.31.47.0-255,66,60537,96,221500
26468,0.000478,74.125.24.0-255,6797,67334,96,221500
26469,0.000482,172.31.47.0-255,66,67400,96,221500
26470,0.000484,74.125.24.0-255,6499,73899,96,221500
26471,0.000487,172.31.47.0-255,66,73965,96,221500
26472,0.000554,172.31.47.0-255,66,74031,96,221500
26473,0.00056,74.125.24.0-255,5379,79410,96,221500
26474,0.000563,172.31.47.0-255,66,79476,96,221500
26475,0.000718,74.125.24.0-255,1484,80960,96,221500
26476,0.000724,74.125.24.0-255,2902,83862,96,221500
26477,0.000727,172.31.47.0-255,66,83928,96,221500
26478,0.000759,74.125.24.0-255,5738,89666,96,221500
26479,0.000763,172.31.47.0-255,66,89732,96,221500
26480,0.00077,74.125.24.0-255,7156,96888,96,221500
26481,0.000772,172.31.47.0-255,66,96954,96,221500
26482,0.000785,74.125.24.0-255,7156,104110,96,221500
26483,0.000788,172.31.47.0-255,66,104176,96,221500
26484,0.000824,74.125.24.0-255,7156,111332,96,221500
26485,0.000827,172.31.47.0-255,66,111398,96,221500
26486,0.000831,74.125.24.0-255,2184,113582,96,221500
26487,0.000833,172.31.47.0-255,66,113648,96,221500
26488,0.000971,74.125.24.0-255,1484,115132,96,221500
26489,0.000976,74.125.24.0-255,1484,116616,96,221500
26490,0.000979,172.31.47.0-255,66,116682,96,221500
26491,0.000997,74.125.24.0-255,1484,118166,96,221500
26492,0.001003,74.125.24.0-255,5738,123904,96,221500
26493,0.001005,172.31.47.0-255,66,123970,96,221500
26494,0.00101,74.125.24.0-255,2902,126872,96,221500
26495,0.001012,172.31.47.0-255,66,126938,96,221500
26496,0.00104,74.125.24.0-255,7156,134094,96,221500
26497,0.001044,172.31.47.0-255,66,134160,96,221500
26498,0.001074,74.125.24.0-255,4320,138480,96,221500
26499,0.001077,172.31.47.0-255,66,138546,96,221500
26500,0.001113,172.31.47.0-255,66,138612,96,221500
26501,0.001125,172.31.47.0-255,66,138678,96,221500
26502,0.001158,74.125.24.0-255,4320,142998,96,221500
26503,0.001162,172.31.47.0-255,66,143064,96,221500
26504,0.001169,74.125.24.0-255,7156,150220,96,221500
26505,0.001171,172.31.47.0-255,66,150286,96,221500
26506,0.001184,74.125.24.0-255,7156,157442,96,221500
26507,0.001187,172.31.47.0-255,66,157508,96,221500
26508,0.001218,74.125.24.0-255,5020,162528,96,221500
26509,0.001222,172.31.47.0-255,66,162594,96,221500
26510,0.001348,74.125.24.0-255,1484,164078,96,221500
26511,0.001361,74.125.24.0-255,2902,166980,96,221500
26512,0.001364,172.31.47.0-255,66,167046,96,221500
26513,0.001393,74.125.24.0-255,5738,172784,96,221500
26514,0.001396,172.31.47.0-255,66,172850,96,221500
26515,0.001399,74.125.24.0-255,1484,174334,96,221500
26516,0.001416,172.31.47.0-255,66,174400,96,221500
26517,0.001453,172.31.47.0-255,66,174466,96,221500
26518,0.001477,74.125.24.0-255,2184,176650,96,221500
26519,0.00148,172.31.47.0-255,66,176716,96,221500
26520,0.001766,74.125.24.0-255,1484,178200,96,221500
26521,0.00179,74.125.24.0-255,2902,181102,96,221500
26522,0.001794,172.31.47.0-255,66,181168,96,221500
26523,0.0018,74.125.24.0-255,5738,186906,96,221500
26524,0.001802,172.31.47.0-255,66,186972,96,221500
26525,0.001846,172.31.47.0-255,66,187038,96,221500
26526,0.001854,74.125.24.0-255,7156,194194,96,221500
26527,0.001856,172.31.47.0-255,66,194260,96,221500
26528,0.001947,172.31.47.0-255,66,194326,96,221500
26529,0.001949,74.125.24.0-255,1484,195810,96,221500
26530,0.00196,172.31.47.0-255,66,195876,96,221500
26531,0.001974,74.125.24.0-255,2184,198060,96,221500
26532,0.001977,172.31.47.0-255,66,198126,96,221500
26533,0.001986,74.125.24.0-255,4320,202446,96,221500
26534,0.001988,172.31.47.0-255,66,202512,96,221500
26535,0.002027,172.31.47.0-255,66,202578,96,221500
26536,0.002037,172.31.47.0-255,66,202644,96,221500
26537,0.002068,172.31.47.0-255,66,202710,96,221500
26538,0.002081,74.125.24.0-255,5020,207730,96,221500
26539,0.002088,172.31.47.0-255,66,207796,96,221500
26540,0.002102,172.31.47.0-255,66,207862,96,221500
26541,0.002135,74.125.24.0-255,2902,210764,96,221500
26542,0.002138,172.31.47.0-255,66,210830,96,221500
26543,0.002149,172.31.47.0-255,66,210896,96,221500
26544,0.00216,74.125.24.0-255,5738,216634,96,221500
26545,0.002163,172.31.47.0-255,66,216700,96,221500
26546,0.002217,172.31.47.0-255,66,216766,96,221500
26547,0.002219,74.125.24.0-255,97,216863,96,221500
26548,0.002221,74.125.24.0-255,105,216968,96,221500
26549,0.003308,172.31.47.0-255,66,217034,96,221500
26550,0.003334,172.31.47.0-255,105,217139,96,221500
26551,0.005563,74.125.24.0-255,66,217205,96,221500
26552,0.03269,172.31.47.0-255,172,217377,96,221500
26553,0.032718,172.31.47.0-255,1109,218486,96,221500
26554,0.032753,172.31.47.0-255,1514,220000,96,221500
26555,0.032755,172.31.47.0-255,1302,221302,96,221500
26556,0.034217,104.244.42.0-255,66,221368,96,221500
26557,0.034383,104.244.42.0-255,66,221434,96,221500
26558,0.034407,104.244.42.0-255,66,221500,96,221500
26559,0.0,172.217.194.0-255,153,153,96,342773
26560,1.8e-05,172.31.47.0-255,66,219,96,342773
26561,2.3e-05,172.217.194.0-255,1484,1703,96,342773
26562,2.7e-05,172.31.47.0-255,66,1769,96,342773
26563,3.2e-05,172.217.194.0-255,2902,4671,96,342773
26564,3.4e-05,172.31.47.0-255,66,4737,96,342773
26565,4.7e-05,172.217.194.0-255,7156,11893,96,342773
26566,4.9e-05,172.31.47.0-255,66,11959,96,342773
26567,5.5e-05,172.217.194.0-255,5738,17697,96,342773
26568,5.7e-05,172.31.47.0-255,66,17763,96,342773
26569,8.5e-05,172.217.194.0-255,3565,21328,96,342773
26570,9.1e-05,172.31.47.0-255,66,21394,96,342773
26571,9.7e-05,172.217.194.0-255,7156,28550,96,342773
26572,9.9e-05,172.31.47.0-255,66,28616,96,342773
26573,0.000117,172.217.194.0-255,2543,31159,96,342773
26574,0.000119,172.31.47.0-255,66,31225,96,342773
26575,0.000175,172.217.194.0-255,1484,32709,96,342773
26576,0.000178,172.31.47.0-255,66,32775,96,342773
26577,0.0002,172.217.194.0-255,2902,35677,96,342773
26578,0.000202,172.31.47.0-255,66,35743,96,342773
26579,0.000206,172.217.194.0-255,2902,38645,96,342773
26580,0.000208,172.31.47.0-255,66,38711,96,342773
26581,0.00023,172.217.194.0-255,4320,43031,96,342773
26582,0.000232,172.31.47.0-255,66,43097,96,342773
26583,0.000235,172.217.194.0-255,1484,44581,96,342773
26584,0.000237,172.31.47.0-255,66,44647,96,342773
26585,0.000277,172.217.194.0-255,7156,51803,96,342773
26586,0.00028,172.31.47.0-255,66,51869,96,342773
26587,0.000289,172.31.47.0-255,66,51935,96,342773
26588,0.000315,172.217.194.0-255,3602,55537,96,342773
26589,0.000317,172.31.47.0-255,66,55603,96,342773
26590,0.000358,172.217.194.0-255,4642,60245,96,342773
26591,0.000361,172.31.47.0-255,66,60311,96,342773
26592,0.000366,172.217.194.0-255,2902,63213,96,342773
26593,0.000368,172.31.47.0-255,66,63279,96,342773
26594,0.000389,172.217.194.0-255,2902,66181,96,342773
26595,0.000391,172.31.47.0-255,66,66247,96,342773
26596,0.000461,172.31.47.0-255,66,66313,96,342773
26597,0.000479,172.31.47.0-255,66,66379,96,342773
26598,0.000483,172.217.194.0-255,2504,68883,96,342773
26599,0.000486,172.31.47.0-255,66,68949,96,342773
26600,0.00061,172.217.194.0-255,1484,70433,96,342773
26601,0.000625,172.217.194.0-255,2902,73335,96,342773
26602,0.000629,172.31.47.0-255,66,73401,96,342773
26603,0.000663,172.217.194.0-255,5738,79139,96,342773
26604,0.000667,172.31.47.0-255,66,79205,96,342773
26605,0.000673,172.217.194.0-255,5738,84943,96,342773
26606,0.000675,172.31.47.0-255,66,85009,96,342773
26607,0.000702,172.217.194.0-255,4320,89329,96,342773
26608,0.000704,172.31.47.0-255,66,89395,96,342773
26609,0.000735,172.31.47.0-255,66,89461,96,342773
26610,0.00074,172.217.194.0-255,5020,94481,96,342773
26611,0.000742,172.31.47.0-255,66,94547,96,342773
26612,0.000781,172.217.194.0-255,1484,96031,96,342773
26613,0.000796,172.217.194.0-255,2902,98933,96,342773
26614,0.000799,172.31.47.0-255,66,98999,96,342773
26615,0.000829,172.217.194.0-255,5738,104737,96,342773
26616,0.000832,172.31.47.0-255,66,104803,96,342773
26617,0.000839,172.217.194.0-255,7156,111959,96,342773
26618,0.000841,172.31.47.0-255,66,112025,96,342773
26619,0.000878,172.217.194.0-255,2184,114209,96,342773
26620,0.000882,172.31.47.0-255,66,114275,96,342773
26621,0.000885,172.31.47.0-255,66,114341,96,342773
26622,0.001494,172.217.194.0-255,1484,115825,96,342773
26623,0.001506,172.217.194.0-255,1484,117309,96,342773
26624,0.001514,172.31.47.0-255,66,117375,96,342773
26625,0.001518,172.217.194.0-255,1484,118859,96,342773
26626,0.001521,172.217.194.0-255,2902,121761,96,342773
26627,0.001523,172.31.47.0-255,66,121827,96,342773
26628,0.001547,172.217.194.0-255,2902,124729,96,342773
26629,0.001549,172.31.47.0-255,66,124795,96,342773
26630,0.001554,172.217.194.0-255,5738,130533,96,342773
26631,0.001556,172.31.47.0-255,66,130599,96,342773
26632,0.001592,172.217.194.0-255,1484,132083,96,342773
26633,0.001595,172.31.47.0-255,66,132149,96,342773
26634,0.00161,172.217.194.0-255,3602,135751,96,342773
26635,0.001611,172.31.47.0-255,66,135817,96,342773
26636,0.001656,172.217.194.0-255,1484,137301,96,342773
26637,0.001668,172.217.194.0-255,2902,140203,96,342773
26638,0.00167,172.31.47.0-255,66,140269,96,342773
26639,0.001689,172.217.194.0-255,2902,143171,96,342773
26640,0.001693,172.31.47.0-255,66,143237,96,342773
26641,0.001717,172.217.194.0-255,2902,146139,96,342773
26642,0.001719,172.217.194.0-255,1484,147623,96,342773
26643,0.001729,172.31.47.0-255,66,147689,96,342773
26644,0.001733,172.31.47.0-255,66,147755,96,342773
26645,0.001756,172.217.194.0-255,7156,154911,96,342773
26646,0.001761,172.31.47.0-255,66,154977,96,342773
26647,0.001787,172.217.194.0-255,6438,161415,96,342773
26648,0.001789,172.31.47.0-255,66,161481,96,342773
26649,0.001817,172.217.194.0-255,1484,162965,96,342773
26650,0.001834,172.217.194.0-255,2902,165867,96,342773
26651,0.001836,172.31.47.0-255,66,165933,96,342773
26652,0.001863,172.217.194.0-255,5738,171671,96,342773
26653,0.001865,172.31.47.0-255,66,171737,96,342773
26654,0.001898,172.217.194.0-255,5738,177475,96,342773
26655,0.001901,172.31.47.0-255,66,177541,96,342773
26656,0.001929,172.217.194.0-255,7156,184697,96,342773
26657,0.001932,172.31.47.0-255,66,184763,96,342773
26658,0.001937,172.217.194.0-255,5738,190501,96,342773
26659,0.001939,172.31.47.0-255,66,190567,96,342773
26660,0.001992,172.217.194.0-255,5020,195587,96,342773
26661,0.001994,172.31.47.0-255,66,195653,96,342773
26662,0.0023,172.217.194.0-255,1484,197137,96,342773
26663,0.002322,172.217.194.0-255,2902,200039,96,342773
26664,0.002326,172.31.47.0-255,66,200105,96,342773
26665,0.002331,172.217.194.0-255,5738,205843,96,342773
26666,0.002333,172.31.47.0-255,66,205909,96,342773
26667,0.002357,172.217.194.0-255,1484,207393,96,342773
26668,0.002375,172.217.194.0-255,5738,213131,96,342773
26669,0.002377,172.31.47.0-255,66,213197,96,342773
26670,0.002406,172.217.194.0-255,5738,218935,96,342773
26671,0.002409,172.31.47.0-255,66,219001,96,342773
26672,0.002434,172.217.194.0-255,5738,224739,96,342773
26673,0.002436,172.31.47.0-255,66,224805,96,342773
26674,0.002464,172.217.194.0-255,5020,229825,96,342773
26675,0.002466,172.31.47.0-255,66,229891,96,342773
26676,0.00254,172.217.194.0-255,1484,231375,96,342773
26677,0.002544,172.217.194.0-255,1484,232859,96,342773
26678,0.002546,172.31.47.0-255,66,232925,96,342773
26679,0.002569,172.217.194.0-255,1484,234409,96,342773
26680,0.002574,172.217.194.0-255,5738,240147,96,342773
26681,0.002576,172.31.47.0-255,66,240213,96,342773
26682,0.002616,172.217.194.0-255,2902,243115,96,342773
26683,0.002619,172.31.47.0-255,66,243181,96,342773
26684,0.002676,172.217.194.0-255,5738,248919,96,342773
26685,0.00268,172.31.47.0-255,66,248985,96,342773
26686,0.002684,172.217.194.0-255,1484,250469,96,342773
26687,0.002691,172.217.194.0-255,7156,257625,96,342773
26688,0.002698,172.31.47.0-255,66,257691,96,342773
26689,0.002701,172.217.194.0-255,1484,259175,96,342773
26690,0.002706,172.217.194.0-255,5020,264195,96,342773
26691,0.002709,172.31.47.0-255,66,264261,96,342773
26692,0.002853,172.217.194.0-255,1484,265745,96,342773
26693,0.002871,172.217.194.0-255,2902,268647,96,342773
26694,0.002874,172.31.47.0-255,66,268713,96,342773
26695,0.002878,172.217.194.0-255,1484,270197,96,342773
26696,0.002904,172.217.194.0-255,7156,277353,96,342773
26697,0.002907,172.31.47.0-255,66,277419,96,342773
26698,0.002932,172.217.194.0-255,1484,278903,96,342773
26699,0.002937,172.217.194.0-255,2902,281805,96,342773
26700,0.002939,172.31.47.0-255,66,281871,96,342773
26701,0.002942,172.217.194.0-255,1484,283355,96,342773
26702,0.002949,172.217.194.0-255,7156,290511,96,342773
26703,0.002955,172.31.47.0-255,66,290577,96,342773
26704,0.002983,172.217.194.0-255,1484,292061,96,342773
26705,0.002986,172.217.194.0-255,1484,293545,96,342773
26706,0.002989,172.31.47.0-255,66,293611,96,342773
26707,0.002994,172.217.194.0-255,4320,297931,96,342773
26708,0.002996,172.31.47.0-255,66,297997,96,342773
26709,0.002999,172.217.194.0-255,766,298763,96,342773
26710,0.003031,172.217.194.0-255,1484,300247,96,342773
26711,0.003034,172.31.47.0-255,66,300313,96,342773
26712,0.003038,172.217.194.0-255,2902,303215,96,342773
26713,0.00304,172.31.47.0-255,66,303281,96,342773
26714,0.003072,172.217.194.0-255,5738,309019,96,342773
26715,0.003076,172.31.47.0-255,66,309085,96,342773
26716,0.003081,172.217.194.0-255,4320,313405,96,342773
26717,0.003083,172.31.47.0-255,66,313471,96,342773
26718,0.003114,172.217.194.0-255,2902,316373,96,342773
26719,0.003117,172.31.47.0-255,66,316439,96,342773
26720,0.003128,172.31.47.0-255,66,316505,96,342773
26721,0.003152,172.217.194.0-255,5738,322243,96,342773
26722,0.003155,172.31.47.0-255,66,322309,96,342773
26723,0.003173,172.217.194.0-255,3602,325911,96,342773
26724,0.003176,172.31.47.0-255,66,325977,96,342773
26725,0.00318,172.217.194.0-255,2902,328879,96,342773
26726,0.003182,172.31.47.0-255,66,328945,96,342773
26727,0.003211,172.217.194.0-255,1484,330429,96,342773
26728,0.003219,172.217.194.0-255,7156,337585,96,342773
26729,0.003221,172.31.47.0-255,66,337651,96,342773
26730,0.003244,172.217.194.0-255,322,337973,96,342773
26731,0.003247,172.217.194.0-255,97,338070,96,342773
26732,0.00329,172.217.194.0-255,105,338175,96,342773
26733,0.00543,172.31.47.0-255,66,338241,96,342773
26734,0.005468,172.31.47.0-255,105,338346,96,342773
26735,0.008063,172.217.194.0-255,66,338412,96,342773
26736,0.050269,172.31.47.0-255,172,338584,96,342773
26737,0.050304,172.31.47.0-255,1101,339685,96,342773
26738,0.050367,172.31.47.0-255,1514,341199,96,342773
26739,0.050389,172.31.47.0-255,1310,342509,96,342773
26740,0.051802,104.244.42.0-255,66,342575,96,342773
26741,0.05183,104.244.42.0-255,66,342641,96,342773
26742,0.051884,104.244.42.0-255,66,342707,96,342773
26743,0.051936,104.244.42.0-255,66,342773,96,342773
26744,0.0,172.217.194.0-255,153,153,96,247076
26745,3.2e-05,172.31.47.0-255,66,219,96,247076
26746,3.9e-05,172.217.194.0-255,1484,1703,96,247076
26747,4.3e-05,172.31.47.0-255,66,1769,96,247076
26748,4.8e-05,172.217.194.0-255,2902,4671,96,247076
26749,5.1e-05,172.31.47.0-255,66,4737,96,247076
26750,6.6e-05,172.217.194.0-255,7156,11893,96,247076
26751,6.9e-05,172.31.47.0-255,66,11959,96,247076
26752,7.3e-05,172.217.194.0-255,2012,13971,96,247076
26753,7.5e-05,172.31.47.0-255,66,14037,96,247076
26754,0.000125,172.217.194.0-255,1484,15521,96,247076
26755,0.000128,172.31.47.0-255,66,15587,96,247076
26756,0.000133,172.217.194.0-255,2902,18489,96,247076
26757,0.000136,172.31.47.0-255,66,18555,96,247076
26758,0.000171,172.217.194.0-255,2902,21457,96,247076
26759,0.000173,172.31.47.0-255,66,21523,96,247076
26760,0.000197,172.217.194.0-255,2902,24425,96,247076
26761,0.000199,172.31.47.0-255,66,24491,96,247076
26762,0.000207,172.217.194.0-255,6797,31288,96,247076
26763,0.000209,172.31.47.0-255,66,31354,96,247076
26764,0.000237,172.217.194.0-255,1484,32838,96,247076
26765,0.00024,172.31.47.0-255,66,32904,96,247076
26766,0.000244,172.217.194.0-255,2902,35806,96,247076
26767,0.000246,172.31.47.0-255,66,35872,96,247076
26768,0.000252,172.217.194.0-255,5738,41610,96,247076
26769,0.000261,172.31.47.0-255,66,41676,96,247076
26770,0.000268,172.217.194.0-255,6797,48473,96,247076
26771,0.000271,172.31.47.0-255,66,48539,96,247076
26772,0.001259,172.217.194.0-255,1484,50023,96,247076
26773,0.001265,172.31.47.0-255,66,50089,96,247076
26774,0.001274,172.217.194.0-255,2902,52991,96,247076
26775,0.001275,172.31.47.0-255,66,53057,96,247076
26776,0.001285,172.217.194.0-255,5738,58795,96,247076
26777,0.001287,172.31.47.0-255,66,58861,96,247076
26778,0.001329,172.217.194.0-255,6797,65658,96,247076
26779,0.001331,172.31.47.0-255,66,65724,96,247076
26780,0.001531,172.217.194.0-255,1484,67208,96,247076
26781,0.001538,172.217.194.0-255,2902,70110,96,247076
26782,0.001541,172.31.47.0-255,66,70176,96,247076
26783,0.001569,172.217.194.0-255,5738,75914,96,247076
26784,0.001571,172.31.47.0-255,66,75980,96,247076
26785,0.001576,172.217.194.0-255,4320,80300,96,247076
26786,0.001578,172.31.47.0-255,66,80366,96,247076
26787,0.001619,172.31.47.0-255,66,80432,96,247076
26788,0.001628,172.31.47.0-255,66,80498,96,247076
26789,0.00358,172.217.194.0-255,5738,86236,96,247076
26790,0.003585,172.31.47.0-255,66,86302,96,247076
26791,0.005576,172.217.194.0-255,5738,92040,96,247076
26792,0.005582,172.31.47.0-255,66,92106,96,247076
26793,0.007531,172.217.194.0-255,5738,97844,96,247076
26794,0.007537,172.31.47.0-255,66,97910,96,247076
26795,0.009494,172.217.194.0-255,5738,103648,96,247076
26796,0.0095,172.31.47.0-255,66,103714,96,247076
26797,0.01147,172.217.194.0-255,5738,109452,96,247076
26798,0.011478,172.31.47.0-255,66,109518,96,247076
26799,0.013435,172.217.194.0-255,5738,115256,96,247076
26800,0.013442,172.31.47.0-255,66,115322,96,247076
26801,0.015413,172.217.194.0-255,5738,121060,96,247076
26802,0.01542,172.31.47.0-255,66,121126,96,247076
26803,0.017402,172.217.194.0-255,5738,126864,96,247076
26804,0.017408,172.31.47.0-255,66,126930,96,247076
26805,0.019049,172.31.47.0-255,172,127102,96,247076
26806,0.019091,172.31.47.0-255,1111,128213,96,247076
26807,0.019151,172.31.47.0-255,1514,129727,96,247076
26808,0.019152,172.31.47.0-255,1301,131028,96,247076
26809,0.019401,172.217.194.0-255,5738,136766,96,247076
26810,0.019406,172.31.47.0-255,66,136832,96,247076
26811,0.020567,104.244.42.0-255,66,136898,96,247076
26812,0.020655,104.244.42.0-255,66,136964,96,247076
26813,0.020707,104.244.42.0-255,66,137030,96,247076
26814,0.021363,172.217.194.0-255,5738,142768,96,247076
26815,0.021368,172.31.47.0-255,66,142834,96,247076
26816,0.023354,172.217.194.0-255,5738,148572,96,247076
26817,0.023359,172.31.47.0-255,66,148638,96,247076
26818,0.025323,172.217.194.0-255,4320,152958,96,247076
26819,0.025327,172.31.47.0-255,66,153024,96,247076
26820,0.025352,172.217.194.0-255,1484,154508,96,247076
26821,0.027284,172.217.194.0-255,4320,158828,96,247076
26822,0.027288,172.31.47.0-255,66,158894,96,247076
26823,0.029247,172.217.194.0-255,5738,164632,96,247076
26824,0.029251,172.31.47.0-255,66,164698,96,247076
26825,0.031207,172.217.194.0-255,5738,170436,96,247076
26826,0.031212,172.31.47.0-255,66,170502,96,247076
26827,0.03317,172.217.194.0-255,4320,174822,96,247076
26828,0.033175,172.31.47.0-255,66,174888,96,247076
26829,0.033202,172.217.194.0-255,1484,176372,96,247076
26830,0.035122,172.217.194.0-255,4320,180692,96,247076
26831,0.035126,172.31.47.0-255,66,180758,96,247076
26832,0.037074,172.217.194.0-255,4320,185078,96,247076
26833,0.037079,172.31.47.0-255,66,185144,96,247076
26834,0.037103,172.217.194.0-255,1484,186628,96,247076
26835,0.03908,172.217.194.0-255,4320,190948,96,247076
26836,0.039084,172.31.47.0-255,66,191014,96,247076
26837,0.041048,172.217.194.0-255,5738,196752,96,247076
26838,0.041053,172.31.47.0-255,66,196818,96,247076
26839,0.043027,172.217.194.0-255,5738,202556,96,247076
26840,0.043032,172.31.47.0-255,66,202622,96,247076
26841,0.044972,172.217.194.0-255,4320,206942,96,247076
26842,0.044976,172.31.47.0-255,66,207008,96,247076
26843,0.045003,172.217.194.0-255,1484,208492,96,247076
26844,0.046944,172.217.194.0-255,2902,211394,96,247076
26845,0.046949,172.31.47.0-255,66,211460,96,247076
26846,0.046979,172.217.194.0-255,1484,212944,96,247076
26847,0.048903,172.217.194.0-255,4320,217264,96,247076
26848,0.048907,172.31.47.0-255,66,217330,96,247076
26849,0.050853,172.217.194.0-255,2902,220232,96,247076
26850,0.050858,172.31.47.0-255,66,220298,96,247076
26851,0.050886,172.217.194.0-255,2902,223200,96,247076
26852,0.050888,172.31.47.0-255,66,223266,96,247076
26853,0.052815,172.217.194.0-255,2902,226168,96,247076
26854,0.052819,172.31.47.0-255,66,226234,96,247076
26855,0.052855,172.217.194.0-255,1484,227718,96,247076
26856,0.052872,172.217.194.0-255,1484,229202,96,247076
26857,0.052875,172.31.47.0-255,66,229268,96,247076
26858,0.054777,172.217.194.0-255,2902,232170,96,247076
26859,0.054782,172.31.47.0-255,66,232236,96,247076
26860,0.054832,172.217.194.0-255,2902,235138,96,247076
26861,0.054835,172.31.47.0-255,66,235204,96,247076
26862,0.056737,172.217.194.0-255,2902,238106,96,247076
26863,0.056741,172.31.47.0-255,66,238172,96,247076
26864,0.056776,172.217.194.0-255,2902,241074,96,247076
26865,0.05678,172.31.47.0-255,66,241140,96,247076
26866,0.05873,172.217.194.0-255,2902,244042,96,247076
26867,0.058735,172.31.47.0-255,66,244108,96,247076
26868,0.058762,172.217.194.0-255,2902,247010,96,247076
26869,0.058765,172.31.47.0-255,66,247076,96,247076
26870,0.0,74.125.24.0-255,152,152,96,325953
26871,2.7e-05,172.31.47.0-255,66,218,96,325953
26872,3.3e-05,74.125.24.0-255,1484,1702,96,325953
26873,3.7e-05,172.31.47.0-255,66,1768,96,325953
26874,4.1e-05,74.125.24.0-255,2902,4670,96,325953
26875,4.3e-05,172.31.47.0-255,66,4736,96,325953
26876,4.9e-05,74.125.24.0-255,7156,11892,96,325953
26877,5.1e-05,172.31.47.0-255,66,11958,96,325953
26878,7.1e-05,74.125.24.0-255,2216,14174,96,325953
26879,7.4e-05,172.31.47.0-255,66,14240,96,325953
26880,0.000161,74.125.24.0-255,1484,15724,96,325953
26881,0.000165,172.31.47.0-255,66,15790,96,325953
26882,0.000168,74.125.24.0-255,1484,17274,96,325953
26883,0.00017,172.31.47.0-255,66,17340,96,325953
26884,0.000187,74.125.24.0-255,1484,18824,96,325953
26885,0.000189,172.31.47.0-255,66,18890,96,325953
26886,0.000194,74.125.24.0-255,5738,24628,96,325953
26887,0.000196,172.31.47.0-255,66,24694,96,325953
26888,0.000241,74.125.24.0-255,6797,31491,96,325953
26889,0.000244,172.31.47.0-255,66,31557,96,325953
26890,0.000336,74.125.24.0-255,1484,33041,96,325953
26891,0.000339,172.31.47.0-255,66,33107,96,325953
26892,0.000344,74.125.24.0-255,2902,36009,96,325953
26893,0.000348,172.31.47.0-255,66,36075,96,325953
26894,0.000355,74.125.24.0-255,1484,37559,96,325953
26895,0.000357,172.31.47.0-255,66,37625,96,325953
26896,0.000378,74.125.24.0-255,4320,41945,96,325953
26897,0.000381,172.31.47.0-255,66,42011,96,325953
26898,0.000387,74.125.24.0-255,6797,48808,96,325953
26899,0.000389,172.31.47.0-255,66,48874,96,325953
26900,0.000467,74.125.24.0-255,1484,50358,96,325953
26901,0.00047,172.31.47.0-255,66,50424,96,325953
26902,0.000474,74.125.24.0-255,2902,53326,96,325953
26903,0.000476,172.31.47.0-255,66,53392,96,325953
26904,0.000489,74.125.24.0-255,1484,54876,96,325953
26905,0.000502,74.125.24.0-255,2902,57778,96,325953
26906,0.000505,172.31.47.0-255,66,57844,96,325953
26907,0.000523,74.125.24.0-255,2902,60746,96,325953
26908,0.000525,172.31.47.0-255,66,60812,96,325953
26909,0.000545,74.125.24.0-255,5712,66524,96,325953
26910,0.000549,172.31.47.0-255,66,66590,96,325953
26911,0.000564,74.125.24.0-255,376,66966,96,325953
26912,0.000699,172.31.47.0-255,66,67032,96,325953
26913,0.000939,74.125.24.0-255,1484,68516,96,325953
26914,0.000947,74.125.24.0-255,2902,71418,96,325953
26915,0.000951,172.31.47.0-255,66,71484,96,325953
26916,0.000956,74.125.24.0-255,2902,74386,96,325953
26917,0.000958,172.31.47.0-255,66,74452,96,325953
26918,0.000969,74.125.24.0-255,2902,77354,96,325953
26919,0.00097,172.31.47.0-255,66,77420,96,325953
26920,0.000986,74.125.24.0-255,1484,78904,96,325953
26921,0.001008,172.31.47.0-255,66,78970,96,325953
26922,0.001025,74.125.24.0-255,1484,80454,96,325953
26923,0.001049,74.125.24.0-255,4320,84774,96,325953
26924,0.001052,172.31.47.0-255,66,84840,96,325953
26925,0.001072,74.125.24.0-255,6438,91278,96,325953
26926,0.001074,172.31.47.0-255,66,91344,96,325953
26927,0.001625,74.125.24.0-255,1484,92828,96,325953
26928,0.001633,74.125.24.0-255,2902,95730,96,325953
26929,0.001636,172.31.47.0-255,66,95796,96,325953
26930,0.001642,74.125.24.0-255,5738,101534,96,325953
26931,0.001644,172.31.47.0-255,66,101600,96,325953
26932,0.001673,172.31.47.0-255,66,101666,96,325953
26933,0.001683,74.125.24.0-255,1484,103150,96,325953
26934,0.001718,172.31.47.0-255,66,103216,96,325953
26935,0.001734,74.125.24.0-255,766,103982,96,325953
26936,0.001823,74.125.24.0-255,1484,105466,96,325953
26937,0.001827,172.31.47.0-255,66,105532,96,325953
26938,0.001832,74.125.24.0-255,1484,107016,96,325953
26939,0.001844,74.125.24.0-255,1484,108500,96,325953
26940,0.001846,172.31.47.0-255,66,108566,96,325953
26941,0.001849,74.125.24.0-255,1484,110050,96,325953
26942,0.001865,74.125.24.0-255,4320,114370,96,325953
26943,0.001867,172.31.47.0-255,66,114436,96,325953
26944,0.001908,172.31.47.0-255,66,114502,96,325953
26945,0.001914,74.125.24.0-255,7156,121658,96,325953
26946,0.001916,172.31.47.0-255,66,121724,96,325953
26947,0.001963,74.125.24.0-255,3602,125326,96,325953
26948,0.001966,172.31.47.0-255,66,125392,96,325953
26949,0.002211,74.125.24.0-255,1484,126876,96,325953
26950,0.002237,74.125.24.0-255,2902,129778,96,325953
26951,0.002241,172.31.47.0-255,66,129844,96,325953
26952,0.002258,74.125.24.0-255,4320,134164,96,325953
26953,0.002261,172.31.47.0-255,66,134230,96,325953
26954,0.002277,74.125.24.0-255,1484,135714,96,325953
26955,0.00228,74.125.24.0-255,2902,138616,96,325953
26956,0.002282,172.31.47.0-255,66,138682,96,325953
26957,0.002285,74.125.24.0-255,1484,140166,96,325953
26958,0.002312,172.31.47.0-255,66,140232,96,325953
26959,0.002325,74.125.24.0-255,4320,144552,96,325953
26960,0.002327,172.31.47.0-255,66,144618,96,325953
26961,0.002344,74.125.24.0-255,6438,151056,96,325953
26962,0.002347,172.31.47.0-255,66,151122,96,325953
26963,0.002417,74.125.24.0-255,1484,152606,96,325953
26964,0.002421,74.125.24.0-255,1484,154090,96,325953
26965,0.002423,172.31.47.0-255,66,154156,96,325953
26966,0.002439,74.125.24.0-255,1484,155640,96,325953
26967,0.002444,74.125.24.0-255,5738,161378,96,325953
26968,0.002447,172.31.47.0-255,66,161444,96,325953
26969,0.002471,74.125.24.0-255,2902,164346,96,325953
26970,0.002473,172.31.47.0-255,66,164412,96,325953
26971,0.002498,172.31.47.0-255,66,164478,96,325953
26972,0.002531,74.125.24.0-255,7156,171634,96,325953
26973,0.002534,172.31.47.0-255,66,171700,96,325953
26974,0.002545,74.125.24.0-255,3602,175302,96,325953
26975,0.002547,172.31.47.0-255,66,175368,96,325953
26976,0.002596,74.125.24.0-255,1484,176852,96,325953
26977,0.002614,74.125.24.0-255,2902,179754,96,325953
26978,0.002617,172.31.47.0-255,66,179820,96,325953
26979,0.002623,74.125.24.0-255,5738,185558,96,325953
26980,0.002624,172.31.47.0-255,66,185624,96,325953
26981,0.002655,74.125.24.0-255,5738,191362,96,325953
26982,0.002658,172.31.47.0-255,66,191428,96,325953
26983,0.00269,74.125.24.0-255,7156,198584,96,325953
26984,0.002693,172.31.47.0-255,66,198650,96,325953
26985,0.002696,74.125.24.0-255,1484,200134,96,325953
26986,0.005316,74.125.24.0-255,4320,204454,96,325953
26987,0.005323,172.31.47.0-255,66,204520,96,325953
26988,0.007948,74.125.24.0-255,5738,210258,96,325953
26989,0.007954,172.31.47.0-255,66,210324,96,325953
26990,0.010596,74.125.24.0-255,5738,216062,96,325953
26991,0.010602,172.31.47.0-255,66,216128,96,325953
26992,0.013256,74.125.24.0-255,5738,221866,96,325953
26993,0.013263,172.31.47.0-255,66,221932,96,325953
26994,0.015901,74.125.24.0-255,5738,227670,96,325953
26995,0.015912,172.31.47.0-255,66,227736,96,325953
26996,0.018552,74.125.24.0-255,5738,233474,96,325953
26997,0.018558,172.31.47.0-255,66,233540,96,325953
26998,0.021208,74.125.24.0-255,5738,239278,96,325953
26999,0.021213,172.31.47.0-255,66,239344,96,325953
27000,0.023831,74.125.24.0-255,5738,245082,96,325953
27001,0.023837,172.31.47.0-255,66,245148,96,325953
27002,0.025173,172.31.47.0-255,172,245320,96,325953
27003,0.025194,172.31.47.0-255,1105,246425,96,325953
27004,0.025282,172.31.47.0-255,1514,247939,96,325953
27005,0.025284,172.31.47.0-255,1308,249247,96,325953
27006,0.026467,74.125.24.0-255,5738,254985,96,325953
27007,0.026472,172.31.47.0-255,66,255051,96,325953
27008,0.026657,104.244.42.0-255,66,255117,96,325953
27009,0.026682,104.244.42.0-255,66,255183,96,325953
27010,0.026788,104.244.42.0-255,66,255249,96,325953
27011,0.029085,74.125.24.0-255,5738,260987,96,325953
27012,0.02909,172.31.47.0-255,66,261053,96,325953
27013,0.031702,74.125.24.0-255,2902,263955,96,325953
27014,0.031706,172.31.47.0-255,66,264021,96,325953
27015,0.031737,74.125.24.0-255,2902,266923,96,325953
27016,0.03174,172.31.47.0-255,66,266989,96,325953
27017,0.034318,74.125.24.0-255,2902,269891,96,325953
27018,0.034322,172.31.47.0-255,66,269957,96,325953
27019,0.034346,74.125.24.0-255,2902,272859,96,325953
27020,0.034349,172.31.47.0-255,66,272925,96,325953
27021,0.036907,74.125.24.0-255,2902,275827,96,325953
27022,0.036911,172.31.47.0-255,66,275893,96,325953
27023,0.036982,74.125.24.0-255,2902,278795,96,325953
27024,0.036986,172.31.47.0-255,66,278861,96,325953
27025,0.039527,74.125.24.0-255,2902,281763,96,325953
27026,0.039531,172.31.47.0-255,66,281829,96,325953
27027,0.039602,74.125.24.0-255,2902,284731,96,325953
27028,0.039605,172.31.47.0-255,66,284797,96,325953
27029,0.042144,74.125.24.0-255,2902,287699,96,325953
27030,0.042149,172.31.47.0-255,66,287765,96,325953
27031,0.042228,74.125.24.0-255,2902,290667,96,325953
27032,0.042233,172.31.47.0-255,66,290733,96,325953
27033,0.044771,74.125.24.0-255,2902,293635,96,325953
27034,0.044789,172.31.47.0-255,66,293701,96,325953
27035,0.044843,74.125.24.0-255,2902,296603,96,325953
27036,0.044846,172.31.47.0-255,66,296669,96,325953
27037,0.047374,74.125.24.0-255,2902,299571,96,325953
27038,0.047379,172.31.47.0-255,66,299637,96,325953
27039,0.047449,74.125.24.0-255,2902,302539,96,325953
27040,0.047455,172.31.47.0-255,66,302605,96,325953
27041,0.049986,74.125.24.0-255,2902,305507,96,325953
27042,0.04999,172.31.47.0-255,66,305573,96,325953
27043,0.050022,74.125.24.0-255,2902,308475,96,325953
27044,0.050025,172.31.47.0-255,66,308541,96,325953
27045,0.052612,74.125.24.0-255,5738,314279,96,325953
27046,0.052617,172.31.47.0-255,66,314345,96,325953
27047,0.05522,74.125.24.0-255,5738,320083,96,325953
27048,0.055225,172.31.47.0-255,66,320149,96,325953
27049,0.057825,74.125.24.0-255,5738,325887,96,325953
27050,0.057831,172.31.47.0-255,66,325953,96,325953
27051,0.0,74.125.24.0-255,152,152,96,250130
27052,3.2e-05,172.31.47.0-255,66,218,96,250130
27053,3.9e-05,74.125.24.0-255,1484,1702,96,250130
27054,4.2e-05,172.31.47.0-255,66,1768,96,250130
27055,4.7e-05,74.125.24.0-255,2902,4670,96,250130
27056,5.6e-05,172.31.47.0-255,66,4736,96,250130
27057,6.2e-05,74.125.24.0-255,7156,11892,96,250130
27058,6.5e-05,172.31.47.0-255,66,11958,96,250130
27059,6.9e-05,74.125.24.0-255,4934,16892,96,250130
27060,7.2e-05,172.31.47.0-255,66,16958,96,250130
27061,8.4e-05,172.31.47.0-255,66,17024,96,250130
27062,0.000138,74.125.24.0-255,1484,18508,96,250130
27063,0.000143,172.31.47.0-255,66,18574,96,250130
27064,0.000147,74.125.24.0-255,2902,21476,96,250130
27065,0.000149,172.31.47.0-255,66,21542,96,250130
27066,0.000177,74.125.24.0-255,5738,27280,96,250130
27067,0.000181,172.31.47.0-255,66,27346,96,250130
27068,0.000187,74.125.24.0-255,5738,33084,96,250130
27069,0.000191,172.31.47.0-255,66,33150,96,250130
27070,0.000219,74.125.24.0-255,7156,40306,96,250130
27071,0.000221,172.31.47.0-255,66,40372,96,250130
27072,0.000244,74.125.24.0-255,6797,47169,96,250130
27073,0.000247,172.31.47.0-255,66,47235,96,250130
27074,0.00025,74.125.24.0-255,1484,48719,96,250130
27075,0.000252,172.31.47.0-255,66,48785,96,250130
27076,0.00028,74.125.24.0-255,2821,51606,96,250130
27077,0.000283,172.31.47.0-255,66,51672,96,250130
27078,0.000456,74.125.24.0-255,131,51803,96,250130
27079,0.00046,172.31.47.0-255,66,51869,96,250130
27080,0.000585,74.125.24.0-255,1484,53353,96,250130
27081,0.000588,172.31.47.0-255,66,53419,96,250130
27082,0.000594,74.125.24.0-255,2902,56321,96,250130
27083,0.000596,172.31.47.0-255,66,56387,96,250130
27084,0.000642,74.125.24.0-255,5738,62125,96,250130
27085,0.000645,172.31.47.0-255,66,62191,96,250130
27086,0.000654,172.31.47.0-255,66,62257,96,250130
27087,0.000681,74.125.24.0-255,5379,67636,96,250130
27088,0.000684,172.31.47.0-255,66,67702,96,250130
27089,0.000709,74.125.24.0-255,2902,70604,96,250130
27090,0.000712,172.31.47.0-255,66,70670,96,250130
27091,0.000738,74.125.24.0-255,6797,77467,96,250130
27092,0.000741,172.31.47.0-255,66,77533,96,250130
27093,0.000934,74.125.24.0-255,1484,79017,96,250130
27094,0.00094,74.125.24.0-255,2902,81919,96,250130
27095,0.000942,172.31.47.0-255,66,81985,96,250130
27096,0.000946,74.125.24.0-255,2902,84887,96,250130
27097,0.000948,172.31.47.0-255,66,84953,96,250130
27098,0.000967,74.125.24.0-255,2902,87855,96,250130
27099,0.000969,172.31.47.0-255,66,87921,96,250130
27100,0.000992,74.125.24.0-255,4320,92241,96,250130
27101,0.000995,172.31.47.0-255,66,92307,96,250130
27102,0.001025,172.31.47.0-255,66,92373,96,250130
27103,0.001028,74.125.24.0-255,1484,93857,96,250130
27104,0.001068,74.125.24.0-255,4320,98177,96,250130
27105,0.001071,172.31.47.0-255,66,98243,96,250130
27106,0.001094,74.125.24.0-255,5020,103263,96,250130
27107,0.001096,172.31.47.0-255,66,103329,96,250130
27108,0.001138,74.125.24.0-255,1484,104813,96,250130
27109,0.001142,74.125.24.0-255,2902,107715,96,250130
27110,0.001145,172.31.47.0-255,66,107781,96,250130
27111,0.001167,74.125.24.0-255,4320,112101,96,250130
27112,0.00117,172.31.47.0-255,66,112167,96,250130
27113,0.001187,74.125.24.0-255,1484,113651,96,250130
27114,0.001198,172.31.47.0-255,66,113717,96,250130
27115,0.001201,74.125.24.0-255,1484,115201,96,250130
27116,0.001233,172.31.47.0-255,66,115267,96,250130
27117,0.001266,74.125.24.0-255,3602,118869,96,250130
27118,0.001272,172.31.47.0-255,66,118935,96,250130
27119,0.00128,172.31.47.0-255,66,119001,96,250130
27120,0.001293,172.31.47.0-255,66,119067,96,250130
27121,0.001295,74.125.24.0-255,1484,120551,96,250130
27122,0.001299,74.125.24.0-255,2902,123453,96,250130
27123,0.001301,172.31.47.0-255,66,123519,96,250130
27124,0.001305,74.125.24.0-255,5738,129257,96,250130
27125,0.001308,172.31.47.0-255,66,129323,96,250130
27126,0.001319,172.31.47.0-255,66,129389,96,250130
27127,0.001324,74.125.24.0-255,5738,135127,96,250130
27128,0.001326,172.31.47.0-255,66,135193,96,250130
27129,0.001349,74.125.24.0-255,2902,138095,96,250130
27130,0.001352,172.31.47.0-255,66,138161,96,250130
27131,0.001356,74.125.24.0-255,2184,140345,96,250130
27132,0.001358,172.31.47.0-255,66,140411,96,250130
27133,0.001388,74.125.24.0-255,2902,143313,96,250130
27134,0.00139,172.31.47.0-255,66,143379,96,250130
27135,0.001395,74.125.24.0-255,2902,146281,96,250130
27136,0.001396,172.31.47.0-255,66,146347,96,250130
27137,0.001419,74.125.24.0-255,4320,150667,96,250130
27138,0.001421,172.31.47.0-255,66,150733,96,250130
27139,0.001473,172.31.47.0-255,66,150799,96,250130
27140,0.001513,74.125.24.0-255,1484,152283,96,250130
27141,0.001532,172.31.47.0-255,66,152349,96,250130
27142,0.001545,172.31.47.0-255,66,152415,96,250130
27143,0.001554,172.31.47.0-255,66,152481,96,250130
27144,0.001584,74.125.24.0-255,2902,155383,96,250130
27145,0.001586,172.31.47.0-255,66,155449,96,250130
27146,0.001617,74.125.24.0-255,6015,161464,96,250130
27147,0.00162,172.31.47.0-255,66,161530,96,250130
27148,0.001629,172.31.47.0-255,66,161596,96,250130
27149,0.001652,74.125.24.0-255,1484,163080,96,250130
27150,0.001659,74.125.24.0-255,7156,170236,96,250130
27151,0.001669,172.31.47.0-255,66,170302,96,250130
27152,0.001693,74.125.24.0-255,1484,171786,96,250130
27153,0.001714,74.125.24.0-255,6438,178224,96,250130
27154,0.00172,172.31.47.0-255,66,178290,96,250130
27155,0.001757,74.125.24.0-255,1484,179774,96,250130
27156,0.001769,74.125.24.0-255,2902,182676,96,250130
27157,0.001771,172.31.47.0-255,66,182742,96,250130
27158,0.001774,74.125.24.0-255,1484,184226,96,250130
27159,0.001795,74.125.24.0-255,4320,188546,96,250130
27160,0.001797,74.125.24.0-255,1484,190030,96,250130
27161,0.001799,172.31.47.0-255,66,190096,96,250130
27162,0.001799,74.125.24.0-255,1484,191580,96,250130
27163,0.001803,172.31.47.0-255,66,191646,96,250130
27164,0.001837,74.125.24.0-255,7156,198802,96,250130
27165,0.001844,172.31.47.0-255,66,198868,96,250130
27166,0.001851,74.125.24.0-255,1484,200352,96,250130
27167,0.001883,172.31.47.0-255,66,200418,96,250130
27168,0.003824,74.125.24.0-255,5738,206156,96,250130
27169,0.003831,172.31.47.0-255,66,206222,96,250130
27170,0.005795,74.125.24.0-255,5738,211960,96,250130
27171,0.005799,172.31.47.0-255,66,212026,96,250130
27172,0.007716,74.125.24.0-255,5738,217764,96,250130
27173,0.007721,172.31.47.0-255,66,217830,96,250130
27174,0.009693,74.125.24.0-255,2902,220732,96,250130
27175,0.009699,172.31.47.0-255,66,220798,96,250130
27176,0.009728,74.125.24.0-255,2902,223700,96,250130
27177,0.009731,172.31.47.0-255,66,223766,96,250130
27178,0.011654,74.125.24.0-255,2902,226668,96,250130
27179,0.011666,172.31.47.0-255,66,226734,96,250130
27180,0.011696,74.125.24.0-255,2902,229636,96,250130
27181,0.011699,172.31.47.0-255,66,229702,96,250130
27182,0.013578,74.125.24.0-255,2902,232604,96,250130
27183,0.013584,172.31.47.0-255,66,232670,96,250130
27184,0.013615,74.125.24.0-255,2902,235572,96,250130
27185,0.013619,172.31.47.0-255,66,235638,96,250130
27186,0.01551,74.125.24.0-255,2902,238540,96,250130
27187,0.015519,172.31.47.0-255,66,238606,96,250130
27188,0.015548,74.125.24.0-255,2902,241508,96,250130
27189,0.01555,172.31.47.0-255,66,241574,96,250130
27190,0.01746,74.125.24.0-255,4024,245598,96,250130
27191,0.017467,172.31.47.0-255,66,245664,96,250130
27192,0.017667,172.31.47.0-255,105,245769,96,250130
27193,0.019573,74.125.24.0-255,66,245835,96,250130
27194,0.029272,172.31.47.0-255,172,246007,96,250130
27195,0.029302,172.31.47.0-255,1105,247112,96,250130
27196,0.029332,172.31.47.0-255,1514,248626,96,250130
27197,0.029334,172.31.47.0-255,1306,249932,96,250130
27198,0.030828,104.244.42.0-255,66,249998,96,250130
27199,0.030872,104.244.42.0-255,66,250064,96,250130
27200,0.030876,104.244.42.0-255,66,250130,96,250130
27201,0.0,172.31.47.0-255,164,164,96,230
27202,0.005824,216.58.203.0-255,66,230,96,230
27203,0.0,172.217.24.0-255,153,153,96,327747
27204,2.5e-05,172.31.47.0-255,66,219,96,327747
27205,3.1e-05,172.217.24.0-255,1484,1703,96,327747
27206,3.5e-05,172.31.47.0-255,66,1769,96,327747
27207,3.9e-05,172.217.24.0-255,2902,4671,96,327747
27208,4.1e-05,172.31.47.0-255,66,4737,96,327747
27209,5.3e-05,172.217.24.0-255,7156,11893,96,327747
27210,5.6e-05,172.31.47.0-255,66,11959,96,327747
27211,5.9e-05,172.217.24.0-255,2103,14062,96,327747
27212,6.1e-05,172.31.47.0-255,66,14128,96,327747
27213,0.000205,172.217.24.0-255,1484,15612,96,327747
27214,0.00021,172.31.47.0-255,66,15678,96,327747
27215,0.000214,172.217.24.0-255,2902,18580,96,327747
27216,0.000216,172.31.47.0-255,66,18646,96,327747
27217,0.000245,172.217.24.0-255,5738,24384,96,327747
27218,0.000248,172.31.47.0-255,66,24450,96,327747
27219,0.000284,172.31.47.0-255,66,24516,96,327747
27220,0.000292,172.217.24.0-255,7156,31672,96,327747
27221,0.000294,172.31.47.0-255,66,31738,96,327747
27222,0.000322,172.217.24.0-255,2902,34640,96,327747
27223,0.000325,172.31.47.0-255,66,34706,96,327747
27224,0.000335,172.31.47.0-255,66,34772,96,327747
27225,0.000366,172.217.24.0-255,5738,40510,96,327747
27226,0.00037,172.31.47.0-255,66,40576,96,327747
27227,0.000371,172.217.24.0-255,6438,47014,96,327747
27228,0.000373,172.31.47.0-255,66,47080,96,327747
27229,0.000375,172.217.24.0-255,356,47436,96,327747
27230,0.000376,172.31.47.0-255,66,47502,96,327747
27231,0.001054,172.217.24.0-255,386,47888,96,327747
27232,0.001061,172.31.47.0-255,66,47954,96,327747
27233,0.001228,172.217.24.0-255,1484,49438,96,327747
27234,0.001234,172.217.24.0-255,2902,52340,96,327747
27235,0.001238,172.31.47.0-255,66,52406,96,327747
27236,0.001266,172.217.24.0-255,5738,58144,96,327747
27237,0.001269,172.31.47.0-255,66,58210,96,327747
27238,0.001285,172.217.24.0-255,2902,61112,96,327747
27239,0.001287,172.31.47.0-255,66,61178,96,327747
27240,0.001315,172.217.24.0-255,7156,68334,96,327747
27241,0.001317,172.31.47.0-255,66,68400,96,327747
27242,0.001327,172.31.47.0-255,66,68466,96,327747
27243,0.00133,172.217.24.0-255,2184,70650,96,327747
27244,0.001331,172.31.47.0-255,66,70716,96,327747
27245,0.001387,172.217.24.0-255,1484,72200,96,327747
27246,0.001396,172.217.24.0-255,2902,75102,96,327747
27247,0.001398,172.31.47.0-255,66,75168,96,327747
27248,0.001401,172.217.24.0-255,1484,76652,96,327747
27249,0.001424,172.217.24.0-255,4320,80972,96,327747
27250,0.001426,172.31.47.0-255,66,81038,96,327747
27251,0.001428,172.217.24.0-255,1484,82522,96,327747
27252,0.001445,172.217.24.0-255,2902,85424,96,327747
27253,0.001447,172.31.47.0-255,66,85490,96,327747
27254,0.001452,172.217.24.0-255,5738,91228,96,327747
27255,0.001453,172.31.47.0-255,66,91294,96,327747
27256,0.001486,172.217.24.0-255,7156,98450,96,327747
27257,0.001487,172.31.47.0-255,66,98516,96,327747
27258,0.001491,172.217.24.0-255,4320,102836,96,327747
27259,0.001493,172.31.47.0-255,66,102902,96,327747
27260,0.001543,172.217.24.0-255,2184,105086,96,327747
27261,0.001545,172.31.47.0-255,66,105152,96,327747
27262,0.00158,172.217.24.0-255,1484,106636,96,327747
27263,0.001589,172.217.24.0-255,1484,108120,96,327747
27264,0.001591,172.31.47.0-255,66,108186,96,327747
27265,0.001614,172.217.24.0-255,1484,109670,96,327747
27266,0.001618,172.217.24.0-255,5738,115408,96,327747
27267,0.00162,172.31.47.0-255,66,115474,96,327747
27268,0.00163,172.217.24.0-255,1484,116958,96,327747
27269,0.001665,172.31.47.0-255,66,117024,96,327747
27270,0.001689,172.217.24.0-255,4320,121344,96,327747
27271,0.001691,172.31.47.0-255,66,121410,96,327747
27272,0.001715,172.217.24.0-255,6438,127848,96,327747
27273,0.001717,172.31.47.0-255,66,127914,96,327747
27274,0.001739,172.217.24.0-255,5738,133652,96,327747
27275,0.001741,172.31.47.0-255,66,133718,96,327747
27276,0.001755,172.217.24.0-255,1484,135202,96,327747
27277,0.001767,172.31.47.0-255,66,135268,96,327747
27278,0.001802,172.31.47.0-255,66,135334,96,327747
27279,0.001805,172.217.24.0-255,766,136100,96,327747
27280,0.001846,172.217.24.0-255,1484,137584,96,327747
27281,0.001848,172.31.47.0-255,66,137650,96,327747
27282,0.001852,172.217.24.0-255,2902,140552,96,327747
27283,0.001853,172.31.47.0-255,66,140618,96,327747
27284,0.001855,172.217.24.0-255,1484,142102,96,327747
27285,0.001885,172.217.24.0-255,4320,146422,96,327747
27286,0.001887,172.31.47.0-255,66,146488,96,327747
27287,0.001893,172.217.24.0-255,7156,153644,96,327747
27288,0.001895,172.31.47.0-255,66,153710,96,327747
27289,0.001931,172.217.24.0-255,5738,159448,96,327747
27290,0.001933,172.31.47.0-255,66,159514,96,327747
27291,0.001942,172.31.47.0-255,66,159580,96,327747
27292,0.001944,172.217.24.0-255,766,160346,96,327747
27293,0.003855,172.217.24.0-255,2902,163248,96,327747
27294,0.003859,172.31.47.0-255,66,163314,96,327747
27295,0.003884,172.217.24.0-255,1484,164798,96,327747
27296,0.005795,172.217.24.0-255,4320,169118,96,327747
27297,0.005801,172.31.47.0-255,66,169184,96,327747
27298,0.007732,172.217.24.0-255,5738,174922,96,327747
27299,0.007737,172.31.47.0-255,66,174988,96,327747
27300,0.009687,172.217.24.0-255,5738,180726,96,327747
27301,0.009693,172.31.47.0-255,66,180792,96,327747
27302,0.011626,172.217.24.0-255,5738,186530,96,327747
27303,0.011632,172.31.47.0-255,66,186596,96,327747
27304,0.013564,172.217.24.0-255,5738,192334,96,327747
27305,0.01357,172.31.47.0-255,66,192400,96,327747
27306,0.015504,172.217.24.0-255,5738,198138,96,327747
27307,0.015511,172.31.47.0-255,66,198204,96,327747
27308,0.017447,172.217.24.0-255,5738,203942,96,327747
27309,0.017453,172.31.47.0-255,66,204008,96,327747
27310,0.019381,172.217.24.0-255,5738,209746,96,327747
27311,0.019388,172.31.47.0-255,66,209812,96,327747
27312,0.021329,172.217.24.0-255,5738,215550,96,327747
27313,0.021336,172.31.47.0-255,66,215616,96,327747
27314,0.023265,172.217.24.0-255,5738,221354,96,327747
27315,0.023271,172.31.47.0-255,66,221420,96,327747
27316,0.024526,172.31.47.0-255,172,221592,96,327747
27317,0.024557,172.31.47.0-255,1105,222697,96,327747
27318,0.0246,172.31.47.0-255,1514,224211,96,327747
27319,0.024602,172.31.47.0-255,1306,225517,96,327747
27320,0.025197,172.217.24.0-255,5738,231255,96,327747
27321,0.025203,172.31.47.0-255,66,231321,96,327747
27322,0.026091,104.244.42.0-255,66,231387,96,327747
27323,0.026098,104.244.42.0-255,66,231453,96,327747
27324,0.026158,104.244.42.0-255,66,231519,96,327747
27325,0.027132,172.217.24.0-255,5738,237257,96,327747
27326,0.027137,172.31.47.0-255,66,237323,96,327747
27327,0.029077,172.217.24.0-255,5738,243061,96,327747
27328,0.029084,172.31.47.0-255,66,243127,96,327747
27329,0.031041,172.217.24.0-255,5738,248865,96,327747
27330,0.031046,172.31.47.0-255,66,248931,96,327747
27331,0.032973,172.217.24.0-255,5738,254669,96,327747
27332,0.032978,172.31.47.0-255,66,254735,96,327747
27333,0.034913,172.217.24.0-255,5738,260473,96,327747
27334,0.034919,172.31.47.0-255,66,260539,96,327747
27335,0.036842,172.217.24.0-255,5738,266277,96,327747
27336,0.036847,172.31.47.0-255,66,266343,96,327747
27337,0.038782,172.217.24.0-255,4320,270663,96,327747
27338,0.038786,172.31.47.0-255,66,270729,96,327747
27339,0.038816,172.217.24.0-255,1484,272213,96,327747
27340,0.040712,172.217.24.0-255,4320,276533,96,327747
27341,0.040717,172.31.47.0-255,66,276599,96,327747
27342,0.04265,172.217.24.0-255,5738,282337,96,327747
27343,0.042654,172.31.47.0-255,66,282403,96,327747
27344,0.044591,172.217.24.0-255,5738,288141,96,327747
27345,0.044596,172.31.47.0-255,66,288207,96,327747
27346,0.046534,172.217.24.0-255,5738,293945,96,327747
27347,0.046542,172.31.47.0-255,66,294011,96,327747
27348,0.048473,172.217.24.0-255,5738,299749,96,327747
27349,0.048479,172.31.47.0-255,66,299815,96,327747
27350,0.050403,172.217.24.0-255,5738,305553,96,327747
27351,0.050407,172.31.47.0-255,66,305619,96,327747
27352,0.052337,172.217.24.0-255,4320,309939,96,327747
27353,0.052342,172.31.47.0-255,66,310005,96,327747
27354,0.052373,172.217.24.0-255,1484,311489,96,327747
27355,0.054285,172.217.24.0-255,4320,315809,96,327747
27356,0.054291,172.31.47.0-255,66,315875,96,327747
27357,0.056216,172.217.24.0-255,2902,318777,96,327747
27358,0.056221,172.31.47.0-255,66,318843,96,327747
27359,0.056256,172.217.24.0-255,2902,321745,96,327747
27360,0.05626,172.31.47.0-255,66,321811,96,327747
27361,0.058147,172.217.24.0-255,2902,324713,96,327747
27362,0.058151,172.31.47.0-255,66,324779,96,327747
27363,0.058182,172.217.24.0-255,2902,327681,96,327747
27364,0.058185,172.31.47.0-255,66,327747,96,327747
27365,0.0,172.31.47.0-255,105,105,96,105
27366,0.0,74.125.130.0-255,153,153,96,274472
27367,2.3e-05,172.31.47.0-255,66,219,96,274472
27368,2.8e-05,74.125.130.0-255,1484,1703,96,274472
27369,3.2e-05,172.31.47.0-255,66,1769,96,274472
27370,3.7e-05,74.125.130.0-255,2902,4671,96,274472
27371,4.5e-05,172.31.47.0-255,66,4737,96,274472
27372,4.9e-05,74.125.130.0-255,2902,7639,96,274472
27373,5.2e-05,172.31.47.0-255,66,7705,96,274472
27374,5.7e-05,74.125.130.0-255,4320,12025,96,274472
27375,5.9e-05,172.31.47.0-255,66,12091,96,274472
27376,9.3e-05,74.125.130.0-255,2046,14137,96,274472
27377,9.6e-05,172.31.47.0-255,66,14203,96,274472
27378,0.000118,74.125.130.0-255,2902,17105,96,274472
27379,0.000121,172.31.47.0-255,66,17171,96,274472
27380,0.00015,74.125.130.0-255,7156,24327,96,274472
27381,0.000154,172.31.47.0-255,66,24393,96,274472
27382,0.00016,74.125.130.0-255,6797,31190,96,274472
27383,0.000162,172.31.47.0-255,66,31256,96,274472
27384,0.000565,74.125.130.0-255,1484,32740,96,274472
27385,0.00057,172.31.47.0-255,66,32806,96,274472
27386,0.000578,74.125.130.0-255,2902,35708,96,274472
27387,0.000581,172.31.47.0-255,66,35774,96,274472
27388,0.000592,74.125.130.0-255,5738,41512,96,274472
27389,0.000595,172.31.47.0-255,66,41578,96,274472
27390,0.000624,74.125.130.0-255,6797,48375,96,274472
27391,0.000627,172.31.47.0-255,66,48441,96,274472
27392,0.000634,74.125.130.0-255,5738,54179,96,274472
27393,0.000636,172.31.47.0-255,66,54245,96,274472
27394,0.000664,74.125.130.0-255,1484,55729,96,274472
27395,0.000667,172.31.47.0-255,66,55795,96,274472
27396,0.000679,172.31.47.0-255,66,55861,96,274472
27397,0.000686,74.125.130.0-255,377,56238,96,274472
27398,0.000785,74.125.130.0-255,365,56603,96,274472
27399,0.000972,74.125.130.0-255,1484,58087,96,274472
27400,0.000977,172.31.47.0-255,66,58153,96,274472
27401,0.000982,74.125.130.0-255,2902,61055,96,274472
27402,0.000984,172.31.47.0-255,66,61121,96,274472
27403,0.001015,74.125.130.0-255,5738,66859,96,274472
27404,0.001018,172.31.47.0-255,66,66925,96,274472
27405,0.00102,74.125.130.0-255,1484,68409,96,274472
27406,0.00106,172.31.47.0-255,66,68475,96,274472
27407,0.001069,172.31.47.0-255,66,68541,96,274472
27408,0.001337,74.125.130.0-255,1484,70025,96,274472
27409,0.001342,74.125.130.0-255,1484,71509,96,274472
27410,0.001345,172.31.47.0-255,66,71575,96,274472
27411,0.001371,74.125.130.0-255,1484,73059,96,274472
27412,0.001376,74.125.130.0-255,5738,78797,96,274472
27413,0.001378,172.31.47.0-255,66,78863,96,274472
27414,0.001383,74.125.130.0-255,5738,84601,96,274472
27415,0.001385,172.31.47.0-255,66,84667,96,274472
27416,0.001415,74.125.130.0-255,7156,91823,96,274472
27417,0.001417,172.31.47.0-255,66,91889,96,274472
27418,0.001426,172.31.47.0-255,66,91955,96,274472
27419,0.001428,74.125.130.0-255,766,92721,96,274472
27420,0.001458,74.125.130.0-255,1484,94205,96,274472
27421,0.001461,172.31.47.0-255,66,94271,96,274472
27422,0.001486,74.125.130.0-255,4320,98591,96,274472
27423,0.001488,172.31.47.0-255,66,98657,96,274472
27424,0.00149,74.125.130.0-255,1484,100141,96,274472
27425,0.001518,172.31.47.0-255,66,100207,96,274472
27426,0.001527,172.31.47.0-255,66,100273,96,274472
27427,0.001557,74.125.130.0-255,4320,104593,96,274472
27428,0.001559,172.31.47.0-255,66,104659,96,274472
27429,0.001584,74.125.130.0-255,2184,106843,96,274472
27430,0.001586,172.31.47.0-255,66,106909,96,274472
27431,0.001663,74.125.130.0-255,1484,108393,96,274472
27432,0.001667,74.125.130.0-255,2902,111295,96,274472
27433,0.00167,172.31.47.0-255,66,111361,96,274472
27434,0.001696,74.125.130.0-255,5738,117099,96,274472
27435,0.001698,172.31.47.0-255,66,117165,96,274472
27436,0.001701,74.125.130.0-255,1484,118649,96,274472
27437,0.001731,172.31.47.0-255,66,118715,96,274472
27438,0.001736,74.125.130.0-255,7156,125871,96,274472
27439,0.001739,172.31.47.0-255,66,125937,96,274472
27440,0.001766,74.125.130.0-255,4320,130257,96,274472
27441,0.001768,172.31.47.0-255,66,130323,96,274472
27442,0.001771,74.125.130.0-255,2184,132507,96,274472
27443,0.001773,172.31.47.0-255,66,132573,96,274472
27444,0.001878,74.125.130.0-255,1484,134057,96,274472
27445,0.001893,74.125.130.0-255,2902,136959,96,274472
27446,0.001896,172.31.47.0-255,66,137025,96,274472
27447,0.001901,74.125.130.0-255,4320,141345,96,274472
27448,0.001902,172.31.47.0-255,66,141411,96,274472
27449,0.001905,74.125.130.0-255,1484,142895,96,274472
27450,0.001933,74.125.130.0-255,4320,147215,96,274472
27451,0.001935,172.31.47.0-255,66,147281,96,274472
27452,0.001938,74.125.130.0-255,1484,148765,96,274472
27453,0.001974,172.31.47.0-255,66,148831,96,274472
27454,0.001982,172.31.47.0-255,66,148897,96,274472
27455,0.002108,74.125.130.0-255,1484,150381,96,274472
27456,0.002111,74.125.130.0-255,1484,151865,96,274472
27457,0.002114,172.31.47.0-255,66,151931,96,274472
27458,0.002125,74.125.130.0-255,1484,153415,96,274472
27459,0.002134,74.125.130.0-255,5738,159153,96,274472
27460,0.002136,172.31.47.0-255,66,159219,96,274472
27461,0.0022,172.31.47.0-255,66,159285,96,274472
27462,0.002225,74.125.130.0-255,1484,160769,96,274472
27463,0.002237,172.31.47.0-255,66,160835,96,274472
27464,0.002247,172.31.47.0-255,66,160901,96,274472
27465,0.002261,172.31.47.0-255,66,160967,96,274472
27466,0.002267,74.125.130.0-255,6438,167405,96,274472
27467,0.002269,172.31.47.0-255,66,167471,96,274472
27468,0.00229,74.125.130.0-255,1484,168955,96,274472
27469,0.002315,74.125.130.0-255,5738,174693,96,274472
27470,0.002318,172.31.47.0-255,66,174759,96,274472
27471,0.002323,74.125.130.0-255,5738,180497,96,274472
27472,0.002324,172.31.47.0-255,66,180563,96,274472
27473,0.002364,172.31.47.0-255,66,180629,96,274472
27474,0.002369,74.125.130.0-255,6438,187067,96,274472
27475,0.002371,172.31.47.0-255,66,187133,96,274472
27476,0.004693,74.125.130.0-255,5738,192871,96,274472
27477,0.004697,172.31.47.0-255,66,192937,96,274472
27478,0.007035,74.125.130.0-255,5738,198675,96,274472
27479,0.007041,172.31.47.0-255,66,198741,96,274472
27480,0.009369,74.125.130.0-255,5738,204479,96,274472
27481,0.009375,172.31.47.0-255,66,204545,96,274472
27482,0.01171,74.125.130.0-255,5738,210283,96,274472
27483,0.011716,172.31.47.0-255,66,210349,96,274472
27484,0.014053,74.125.130.0-255,5738,216087,96,274472
27485,0.014061,172.31.47.0-255,66,216153,96,274472
27486,0.016406,74.125.130.0-255,5738,221891,96,274472
27487,0.016413,172.31.47.0-255,66,221957,96,274472
27488,0.018758,74.125.130.0-255,5738,227695,96,274472
27489,0.018766,172.31.47.0-255,66,227761,96,274472
27490,0.021132,74.125.130.0-255,5738,233499,96,274472
27491,0.021137,172.31.47.0-255,66,233565,96,274472
27492,0.02347,74.125.130.0-255,5738,239303,96,274472
27493,0.023478,172.31.47.0-255,66,239369,96,274472
27494,0.025815,74.125.130.0-255,5738,245107,96,274472
27495,0.025821,172.31.47.0-255,66,245173,96,274472
27496,0.028146,74.125.130.0-255,5738,250911,96,274472
27497,0.028152,172.31.47.0-255,66,250977,96,274472
27498,0.028487,172.31.47.0-255,172,251149,96,274472
27499,0.028544,172.31.47.0-255,1110,252259,96,274472
27500,0.028619,172.31.47.0-255,1514,253773,96,274472
27501,0.028622,172.31.47.0-255,1514,255287,96,274472
27502,0.028623,172.31.47.0-255,1514,256801,96,274472
27503,0.028624,172.31.47.0-255,1082,257883,96,274472
27504,0.03002,104.244.42.0-255,66,257949,96,274472
27505,0.030117,104.244.42.0-255,66,258015,96,274472
27506,0.030175,104.244.42.0-255,66,258081,96,274472
27507,0.030177,104.244.42.0-255,66,258147,96,274472
27508,0.030478,74.125.130.0-255,4320,262467,96,274472
27509,0.030482,172.31.47.0-255,66,262533,96,274472
27510,0.030515,74.125.130.0-255,1484,264017,96,274472
27511,0.032809,74.125.130.0-255,4320,268337,96,274472
27512,0.032814,172.31.47.0-255,66,268403,96,274472
27513,0.035135,74.125.130.0-255,2902,271305,96,274472
27514,0.035139,172.31.47.0-255,66,271371,96,274472
27515,0.035171,74.125.130.0-255,2864,274235,96,274472
27516,0.035173,172.31.47.0-255,66,274301,96,274472
27517,0.035296,172.31.47.0-255,105,274406,96,274472
27518,0.037594,74.125.130.0-255,66,274472,96,274472
27519,0.0,172.217.194.0-255,297,297,96,189372
27520,1.9e-05,172.31.47.0-255,66,363,96,189372
27521,2.3e-05,172.217.194.0-255,1484,1847,96,189372
27522,2.7e-05,172.31.47.0-255,66,1913,96,189372
27523,4.5e-05,172.217.194.0-255,4320,6233,96,189372
27524,4.7e-05,172.31.47.0-255,66,6299,96,189372
27525,5.9e-05,172.217.194.0-255,1484,7783,96,189372
27526,6.1e-05,172.31.47.0-255,66,7849,96,189372
27527,8.6e-05,172.217.194.0-255,6103,13952,96,189372
27528,8.9e-05,172.31.47.0-255,66,14018,96,189372
27529,9.5e-05,172.217.194.0-255,7156,21174,96,189372
27530,9.7e-05,172.31.47.0-255,66,21240,96,189372
27531,0.000116,172.217.194.0-255,7156,28396,96,189372
27532,0.000118,172.31.47.0-255,66,28462,96,189372
27533,0.000121,172.217.194.0-255,2543,31005,96,189372
27534,0.000123,172.31.47.0-255,66,31071,96,189372
27535,0.000155,172.217.194.0-255,1484,32555,96,189372
27536,0.000158,172.31.47.0-255,66,32621,96,189372
27537,0.000177,172.217.194.0-255,2902,35523,96,189372
27538,0.00018,172.31.47.0-255,66,35589,96,189372
27539,0.000185,172.217.194.0-255,5738,41327,96,189372
27540,0.000187,172.31.47.0-255,66,41393,96,189372
27541,0.000202,172.217.194.0-255,1484,42877,96,189372
27542,0.000204,172.31.47.0-255,66,42943,96,189372
27543,0.00023,172.31.47.0-255,66,43009,96,189372
27544,0.000236,172.217.194.0-255,7156,50165,96,189372
27545,0.000238,172.31.47.0-255,66,50231,96,189372
27546,0.000262,172.217.194.0-255,2833,53064,96,189372
27547,0.000265,172.31.47.0-255,66,53130,96,189372
27548,0.000267,172.217.194.0-255,99,53229,96,189372
27549,0.000269,172.31.47.0-255,66,53295,96,189372
27550,0.000464,172.217.194.0-255,363,53658,96,189372
27551,0.000652,172.217.194.0-255,1484,55142,96,189372
27552,0.000656,172.217.194.0-255,2902,58044,96,189372
27553,0.000657,172.31.47.0-255,66,58110,96,189372
27554,0.000661,172.31.47.0-255,66,58176,96,189372
27555,0.000675,172.217.194.0-255,5738,63914,96,189372
27556,0.000677,172.31.47.0-255,66,63980,96,189372
27557,0.00068,172.217.194.0-255,1484,65464,96,189372
27558,0.000708,172.217.194.0-255,4320,69784,96,189372
27559,0.000713,172.31.47.0-255,66,69850,96,189372
27560,0.000714,172.217.194.0-255,7156,77006,96,189372
27561,0.000716,172.31.47.0-255,66,77072,96,189372
27562,0.00073,172.217.194.0-255,1484,78556,96,189372
27563,0.00076,172.31.47.0-255,66,78622,96,189372
27564,0.001031,172.217.194.0-255,1484,80106,96,189372
27565,0.001039,172.217.194.0-255,2902,83008,96,189372
27566,0.001042,172.31.47.0-255,66,83074,96,189372
27567,0.001049,172.217.194.0-255,5738,88812,96,189372
27568,0.00105,172.31.47.0-255,66,88878,96,189372
27569,0.001082,172.31.47.0-255,66,88944,96,189372
27570,0.001103,172.217.194.0-255,4320,93264,96,189372
27571,0.001106,172.31.47.0-255,66,93330,96,189372
27572,0.001117,172.31.47.0-255,66,93396,96,189372
27573,0.001222,172.217.194.0-255,1484,94880,96,189372
27574,0.001227,172.217.194.0-255,1484,96364,96,189372
27575,0.00123,172.31.47.0-255,66,96430,96,189372
27576,0.001246,172.217.194.0-255,1484,97914,96,189372
27577,0.001252,172.217.194.0-255,5738,103652,96,189372
27578,0.001255,172.31.47.0-255,66,103718,96,189372
27579,0.001281,172.31.47.0-255,66,103784,96,189372
27580,0.001297,172.217.194.0-255,1484,105268,96,189372
27581,0.001322,172.31.47.0-255,66,105334,96,189372
27582,0.001352,172.217.194.0-255,2184,107518,96,189372
27583,0.001354,172.31.47.0-255,66,107584,96,189372
27584,0.001369,172.31.47.0-255,66,107650,96,189372
27585,0.001376,172.31.47.0-255,66,107716,96,189372
27586,0.001399,172.217.194.0-255,1484,109200,96,189372
27587,0.001413,172.217.194.0-255,2902,112102,96,189372
27588,0.001416,172.31.47.0-255,66,112168,96,189372
27589,0.001419,172.217.194.0-255,2902,115070,96,189372
27590,0.001421,172.31.47.0-255,66,115136,96,189372
27591,0.001437,172.217.194.0-255,2902,118038,96,189372
27592,0.001439,172.31.47.0-255,66,118104,96,189372
27593,0.001442,172.217.194.0-255,1484,119588,96,189372
27594,0.001463,172.31.47.0-255,66,119654,96,189372
27595,0.00149,172.217.194.0-255,2902,122556,96,189372
27596,0.001492,172.31.47.0-255,66,122622,96,189372
27597,0.001503,172.31.47.0-255,66,122688,96,189372
27598,0.001585,172.217.194.0-255,1484,124172,96,189372
27599,0.001598,172.217.194.0-255,2902,127074,96,189372
27600,0.001602,172.31.47.0-255,66,127140,96,189372
27601,0.001605,172.217.194.0-255,1484,128624,96,189372
27602,0.001623,172.217.194.0-255,4320,132944,96,189372
27603,0.001626,172.31.47.0-255,66,133010,96,189372
27604,0.001669,172.31.47.0-255,66,133076,96,189372
27605,0.001695,172.217.194.0-255,2902,135978,96,189372
27606,0.001698,172.31.47.0-255,66,136044,96,189372
27607,0.001717,172.31.47.0-255,66,136110,96,189372
27608,0.001731,172.31.47.0-255,66,136176,96,189372
27609,0.001741,172.31.47.0-255,66,136242,96,189372
27610,0.001846,172.217.194.0-255,1484,137726,96,189372
27611,0.001863,172.217.194.0-255,2902,140628,96,189372
27612,0.001866,172.31.47.0-255,66,140694,96,189372
27613,0.001871,172.217.194.0-255,5738,146432,96,189372
27614,0.001874,172.31.47.0-255,66,146498,96,189372
27615,0.001903,172.31.47.0-255,66,146564,96,189372
27616,0.001922,172.217.194.0-255,5738,152302,96,189372
27617,0.001924,172.31.47.0-255,66,152368,96,189372
27618,0.001941,172.217.194.0-255,5020,157388,96,189372
27619,0.001943,172.31.47.0-255,66,157454,96,189372
27620,0.001946,172.217.194.0-255,2902,160356,96,189372
27621,0.001947,172.31.47.0-255,66,160422,96,189372
27622,0.001977,172.31.47.0-255,66,160488,96,189372
27623,0.001986,172.31.47.0-255,66,160554,96,189372
27624,0.001999,172.217.194.0-255,5738,166292,96,189372
27625,0.002,172.31.47.0-255,66,166358,96,189372
27626,0.002015,172.217.194.0-255,1484,167842,96,189372
27627,0.002047,172.31.47.0-255,66,167908,96,189372
27628,0.002071,172.217.194.0-255,6438,174346,96,189372
27629,0.002073,172.31.47.0-255,66,174412,96,189372
27630,0.002077,172.217.194.0-255,4320,178732,96,189372
27631,0.002079,172.31.47.0-255,66,178798,96,189372
27632,0.002083,172.217.194.0-255,4320,183118,96,189372
27633,0.002085,172.31.47.0-255,66,183184,96,189372
27634,0.002087,172.217.194.0-255,1484,184668,96,189372
27635,0.002126,172.31.47.0-255,66,184734,96,189372
27636,0.002128,172.217.194.0-255,105,184839,96,189372
27637,0.007428,172.31.47.0-255,66,184905,96,189372
27638,0.007451,172.31.47.0-255,105,185010,96,189372
27639,0.009431,172.217.194.0-255,66,185076,96,189372
27640,0.034051,172.31.47.0-255,172,185248,96,189372
27641,0.034081,172.31.47.0-255,1110,186358,96,189372
27642,0.034123,172.31.47.0-255,1514,187872,96,189372
27643,0.034125,172.31.47.0-255,1302,189174,96,189372
27644,0.035604,104.244.42.0-255,66,189240,96,189372
27645,0.035655,104.244.42.0-255,66,189306,96,189372
27646,0.035709,104.244.42.0-255,66,189372,96,189372
27647,0.0,172.31.47.0-255,105,105,96,105
27648,0.0,74.125.24.0-255,153,153,96,259050
27649,4.6e-05,172.31.47.0-255,66,219,96,259050
27650,5.5e-05,74.125.24.0-255,1484,1703,96,259050
27651,6e-05,172.31.47.0-255,66,1769,96,259050
27652,6.5e-05,74.125.24.0-255,2902,4671,96,259050
27653,6.7e-05,172.31.47.0-255,66,4737,96,259050
27654,7.5e-05,74.125.24.0-255,7156,11893,96,259050
27655,7.7e-05,172.31.47.0-255,66,11959,96,259050
27656,8.2e-05,74.125.24.0-255,2098,14057,96,259050
27657,8.5e-05,172.31.47.0-255,66,14123,96,259050
27658,0.000559,74.125.24.0-255,1484,15607,96,259050
27659,0.000566,172.31.47.0-255,66,15673,96,259050
27660,0.000572,74.125.24.0-255,2902,18575,96,259050
27661,0.000576,172.31.47.0-255,66,18641,96,259050
27662,0.000583,74.125.24.0-255,5738,24379,96,259050
27663,0.000585,172.31.47.0-255,66,24445,96,259050
27664,0.000591,74.125.24.0-255,5738,30183,96,259050
27665,0.000593,172.31.47.0-255,66,30249,96,259050
27666,0.000616,74.125.24.0-255,1125,31374,96,259050
27667,0.000619,172.31.47.0-255,66,31440,96,259050
27668,0.000643,172.31.47.0-255,66,31506,96,259050
27669,0.000668,74.125.24.0-255,4320,35826,96,259050
27670,0.00067,172.31.47.0-255,66,35892,96,259050
27671,0.000675,74.125.24.0-255,2543,38435,96,259050
27672,0.000678,172.31.47.0-255,66,38501,96,259050
27673,0.00112,74.125.24.0-255,1484,39985,96,259050
27674,0.001126,172.31.47.0-255,66,40051,96,259050
27675,0.001136,74.125.24.0-255,2902,42953,96,259050
27676,0.001139,172.31.47.0-255,66,43019,96,259050
27677,0.001145,74.125.24.0-255,5738,48757,96,259050
27678,0.001147,172.31.47.0-255,66,48823,96,259050
27679,0.001174,172.31.47.0-255,66,48889,96,259050
27680,0.001274,74.125.24.0-255,1484,50373,96,259050
27681,0.001281,74.125.24.0-255,2902,53275,96,259050
27682,0.001284,172.31.47.0-255,66,53341,96,259050
27683,0.001292,74.125.24.0-255,5738,59079,96,259050
27684,0.001294,172.31.47.0-255,66,59145,96,259050
27685,0.001317,74.125.24.0-255,2902,62047,96,259050
27686,0.001319,172.31.47.0-255,66,62113,96,259050
27687,0.00136,172.31.47.0-255,66,62179,96,259050
27688,0.001367,74.125.24.0-255,5738,67917,96,259050
27689,0.001369,172.31.47.0-255,66,67983,96,259050
27690,0.001385,74.125.24.0-255,5379,73362,96,259050
27691,0.001389,172.31.47.0-255,66,73428,96,259050
27692,0.001788,74.125.24.0-255,1484,74912,96,259050
27693,0.001796,74.125.24.0-255,2902,77814,96,259050
27694,0.001799,172.31.47.0-255,66,77880,96,259050
27695,0.001819,74.125.24.0-255,4320,82200,96,259050
27696,0.001822,172.31.47.0-255,66,82266,96,259050
27697,0.001834,74.125.24.0-255,1484,83750,96,259050
27698,0.001837,74.125.24.0-255,1484,85234,96,259050
27699,0.001839,172.31.47.0-255,66,85300,96,259050
27700,0.001876,172.31.47.0-255,66,85366,96,259050
27701,0.001887,172.31.47.0-255,66,85432,96,259050
27702,0.00203,74.125.24.0-255,766,86198,96,259050
27703,0.003887,74.125.24.0-255,1484,87682,96,259050
27704,0.00389,172.31.47.0-255,66,87748,96,259050
27705,0.003906,74.125.24.0-255,2902,90650,96,259050
27706,0.003909,172.31.47.0-255,66,90716,96,259050
27707,0.005875,74.125.24.0-255,5738,96454,96,259050
27708,0.005884,172.31.47.0-255,66,96520,96,259050
27709,0.00787,74.125.24.0-255,5738,102258,96,259050
27710,0.007878,172.31.47.0-255,66,102324,96,259050
27711,0.009871,74.125.24.0-255,5738,108062,96,259050
27712,0.00988,172.31.47.0-255,66,108128,96,259050
27713,0.011868,74.125.24.0-255,5738,113866,96,259050
27714,0.011878,172.31.47.0-255,66,113932,96,259050
27715,0.013875,74.125.24.0-255,5738,119670,96,259050
27716,0.013892,172.31.47.0-255,66,119736,96,259050
27717,0.015905,74.125.24.0-255,5738,125474,96,259050
27718,0.015923,172.31.47.0-255,66,125540,96,259050
27719,0.017925,74.125.24.0-255,5738,131278,96,259050
27720,0.017942,172.31.47.0-255,66,131344,96,259050
27721,0.019944,74.125.24.0-255,5738,137082,96,259050
27722,0.019957,172.31.47.0-255,66,137148,96,259050
27723,0.02195,74.125.24.0-255,5738,142886,96,259050
27724,0.021966,172.31.47.0-255,66,142952,96,259050
27725,0.023953,74.125.24.0-255,5738,148690,96,259050
27726,0.023967,172.31.47.0-255,66,148756,96,259050
27727,0.025941,74.125.24.0-255,4320,153076,96,259050
27728,0.025955,172.31.47.0-255,66,153142,96,259050
27729,0.025978,74.125.24.0-255,1484,154626,96,259050
27730,0.027934,74.125.24.0-255,4320,158946,96,259050
27731,0.027948,172.31.47.0-255,66,159012,96,259050
27732,0.029959,74.125.24.0-255,5738,164750,96,259050
27733,0.029968,172.31.47.0-255,66,164816,96,259050
27734,0.031492,172.31.47.0-255,176,164992,96,259050
27735,0.031542,172.31.47.0-255,1105,166097,96,259050
27736,0.031619,172.31.47.0-255,1514,167611,96,259050
27737,0.031622,172.31.47.0-255,1514,169125,96,259050
27738,0.031627,172.31.47.0-255,1514,170639,96,259050
27739,0.031628,172.31.47.0-255,1087,171726,96,259050
27740,0.031977,74.125.24.0-255,5738,177464,96,259050
27741,0.031986,172.31.47.0-255,66,177530,96,259050
27742,0.033054,104.244.42.0-255,66,177596,96,259050
27743,0.033067,104.244.42.0-255,66,177662,96,259050
27744,0.033153,104.244.42.0-255,66,177728,96,259050
27745,0.033157,104.244.42.0-255,66,177794,96,259050
27746,0.033965,74.125.24.0-255,5738,183532,96,259050
27747,0.033974,172.31.47.0-255,66,183598,96,259050
27748,0.035967,74.125.24.0-255,5738,189336,96,259050
27749,0.035976,172.31.47.0-255,66,189402,96,259050
27750,0.037934,74.125.24.0-255,5738,195140,96,259050
27751,0.037946,172.31.47.0-255,66,195206,96,259050
27752,0.039941,74.125.24.0-255,5738,200944,96,259050
27753,0.039951,172.31.47.0-255,66,201010,96,259050
27754,0.041938,74.125.24.0-255,5738,206748,96,259050
27755,0.041946,172.31.47.0-255,66,206814,96,259050
27756,0.043943,74.125.24.0-255,5738,212552,96,259050
27757,0.043955,172.31.47.0-255,66,212618,96,259050
27758,0.045961,74.125.24.0-255,5738,218356,96,259050
27759,0.045974,172.31.47.0-255,66,218422,96,259050
27760,0.047969,74.125.24.0-255,5738,224160,96,259050
27761,0.047982,172.31.47.0-255,66,224226,96,259050
27762,0.04996,74.125.24.0-255,5738,229964,96,259050
27763,0.049975,172.31.47.0-255,66,230030,96,259050
27764,0.051961,74.125.24.0-255,5738,235768,96,259050
27765,0.051972,172.31.47.0-255,66,235834,96,259050
27766,0.053961,74.125.24.0-255,5738,241572,96,259050
27767,0.053968,172.31.47.0-255,66,241638,96,259050
27768,0.055934,74.125.24.0-255,5738,247376,96,259050
27769,0.055944,172.31.47.0-255,66,247442,96,259050
27770,0.057945,74.125.24.0-255,5738,253180,96,259050
27771,0.057951,172.31.47.0-255,66,253246,96,259050
27772,0.059931,74.125.24.0-255,5738,258984,96,259050
27773,0.059939,172.31.47.0-255,66,259050,96,259050
27774,0.0,74.125.24.0-255,153,153,96,163209
27775,2.8e-05,172.31.47.0-255,66,219,96,163209
27776,3.4e-05,74.125.24.0-255,1484,1703,96,163209
27777,3.7e-05,172.31.47.0-255,66,1769,96,163209
27778,4.3e-05,74.125.24.0-255,2902,4671,96,163209
27779,4.6e-05,172.31.47.0-255,66,4737,96,163209
27780,7e-05,74.125.24.0-255,5738,10475,96,163209
27781,7.3e-05,172.31.47.0-255,66,10541,96,163209
27782,0.0001,74.125.24.0-255,1484,12025,96,163209
27783,0.000102,172.31.47.0-255,66,12091,96,163209
27784,0.000138,74.125.24.0-255,5738,17829,96,163209
27785,0.000141,172.31.47.0-255,66,17895,96,163209
27786,0.000157,74.125.24.0-255,4835,22730,96,163209
27787,0.00016,172.31.47.0-255,66,22796,96,163209
27788,0.000257,74.125.24.0-255,5738,28534,96,163209
27789,0.000261,172.31.47.0-255,66,28600,96,163209
27790,0.000281,74.125.24.0-255,5738,34338,96,163209
27791,0.000284,172.31.47.0-255,66,34404,96,163209
27792,0.000387,74.125.24.0-255,4320,38724,96,163209
27793,0.00039,172.31.47.0-255,66,38790,96,163209
27794,0.000415,172.31.47.0-255,66,38856,96,163209
27795,0.000551,74.125.24.0-255,7156,46012,96,163209
27796,0.000554,172.31.47.0-255,66,46078,96,163209
27797,0.000567,74.125.24.0-255,4320,50398,96,163209
27798,0.00057,172.31.47.0-255,66,50464,96,163209
27799,0.000697,172.31.47.0-255,66,50530,96,163209
27800,0.000721,172.31.47.0-255,66,50596,96,163209
27801,0.000936,172.31.47.0-255,66,50662,96,163209
27802,0.000959,172.31.47.0-255,66,50728,96,163209
27803,0.001131,172.31.47.0-255,66,50794,96,163209
27804,0.001146,74.125.24.0-255,1484,52278,96,163209
27805,0.001304,74.125.24.0-255,2902,55180,96,163209
27806,0.001306,172.31.47.0-255,66,55246,96,163209
27807,0.001335,172.31.47.0-255,66,55312,96,163209
27808,0.001493,74.125.24.0-255,2902,58214,96,163209
27809,0.001495,172.31.47.0-255,66,58280,96,163209
27810,0.001522,172.31.47.0-255,66,58346,96,163209
27811,0.001556,172.31.47.0-255,66,58412,96,163209
27812,0.001882,172.31.47.0-255,66,58478,96,163209
27813,0.001945,172.31.47.0-255,66,58544,96,163209
27814,0.001967,74.125.24.0-255,5020,63564,96,163209
27815,0.001969,172.31.47.0-255,66,63630,96,163209
27816,0.002267,74.125.24.0-255,7156,70786,96,163209
27817,0.00227,172.31.47.0-255,66,70852,96,163209
27818,0.00229,172.31.47.0-255,66,70918,96,163209
27819,0.002327,172.31.47.0-255,66,70984,96,163209
27820,0.002373,172.31.47.0-255,66,71050,96,163209
27821,0.003011,74.125.24.0-255,5738,76788,96,163209
27822,0.003015,172.31.47.0-255,66,76854,96,163209
27823,0.003062,172.31.47.0-255,66,76920,96,163209
27824,0.006011,172.31.47.0-255,66,76986,96,163209
27825,0.008251,74.125.24.0-255,5738,82724,96,163209
27826,0.008257,172.31.47.0-255,66,82790,96,163209
27827,0.010497,74.125.24.0-255,5738,88528,96,163209
27828,0.010504,172.31.47.0-255,66,88594,96,163209
27829,0.012777,74.125.24.0-255,5738,94332,96,163209
27830,0.012785,172.31.47.0-255,66,94398,96,163209
27831,0.015074,74.125.24.0-255,5738,100136,96,163209
27832,0.015083,172.31.47.0-255,66,100202,96,163209
27833,0.017325,74.125.24.0-255,5738,105940,96,163209
27834,0.017333,172.31.47.0-255,66,106006,96,163209
27835,0.019574,74.125.24.0-255,5738,111744,96,163209
27836,0.019581,172.31.47.0-255,66,111810,96,163209
27837,0.021895,74.125.24.0-255,5738,117548,96,163209
27838,0.021907,172.31.47.0-255,66,117614,96,163209
27839,0.024172,74.125.24.0-255,5738,123352,96,163209
27840,0.024179,172.31.47.0-255,66,123418,96,163209
27841,0.026437,74.125.24.0-255,5738,129156,96,163209
27842,0.026443,172.31.47.0-255,66,129222,96,163209
27843,0.026941,172.31.47.0-255,172,129394,96,163209
27844,0.026976,172.31.47.0-255,1109,130503,96,163209
27845,0.027038,172.31.47.0-255,1514,132017,96,163209
27846,0.027039,172.31.47.0-255,1304,133321,96,163209
27847,0.028477,104.244.42.0-255,66,133387,96,163209
27848,0.028541,104.244.42.0-255,66,133453,96,163209
27849,0.028627,104.244.42.0-255,66,133519,96,163209
27850,0.028708,74.125.24.0-255,5738,139257,96,163209
27851,0.028712,172.31.47.0-255,66,139323,96,163209
27852,0.031017,74.125.24.0-255,5738,145061,96,163209
27853,0.031022,172.31.47.0-255,66,145127,96,163209
27854,0.033275,74.125.24.0-255,5738,150865,96,163209
27855,0.03328,172.31.47.0-255,66,150931,96,163209
27856,0.03552,74.125.24.0-255,2902,153833,96,163209
27857,0.035525,172.31.47.0-255,66,153899,96,163209
27858,0.035551,74.125.24.0-255,2902,156801,96,163209
27859,0.035554,172.31.47.0-255,66,156867,96,163209
27860,0.03781,74.125.24.0-255,5738,162605,96,163209
27861,0.037814,172.31.47.0-255,66,162671,96,163209
27862,0.040018,74.125.24.0-255,301,162972,96,163209
27863,0.04014,172.31.47.0-255,66,163038,96,163209
27864,0.040163,172.31.47.0-255,105,163143,96,163209
27865,0.042379,74.125.24.0-255,66,163209,96,163209
27866,0.0,74.125.24.0-255,152,152,96,246214
27867,2.7e-05,172.31.47.0-255,66,218,96,246214
27868,3.4e-05,74.125.24.0-255,1484,1702,96,246214
27869,3.8e-05,172.31.47.0-255,66,1768,96,246214
27870,4.3e-05,74.125.24.0-255,2902,4670,96,246214
27871,5.5e-05,172.31.47.0-255,66,4736,96,246214
27872,6.2e-05,74.125.24.0-255,4320,9056,96,246214
27873,6.4e-05,172.31.47.0-255,66,9122,96,246214
27874,7.6e-05,172.31.47.0-255,66,9188,96,246214
27875,0.000113,172.31.47.0-255,66,9254,96,246214
27876,0.000139,74.125.24.0-255,3961,13215,96,246214
27877,0.000142,172.31.47.0-255,66,13281,96,246214
27878,0.000199,74.125.24.0-255,1484,14765,96,246214
27879,0.000202,172.31.47.0-255,66,14831,96,246214
27880,0.000205,74.125.24.0-255,1484,16315,96,246214
27881,0.000208,172.31.47.0-255,66,16381,96,246214
27882,0.00024,74.125.24.0-255,1484,17865,96,246214
27883,0.000243,172.31.47.0-255,66,17931,96,246214
27884,0.00025,74.125.24.0-255,5738,23669,96,246214
27885,0.000252,172.31.47.0-255,66,23735,96,246214
27886,0.000259,74.125.24.0-255,6797,30532,96,246214
27887,0.000262,172.31.47.0-255,66,30598,96,246214
27888,0.000265,74.125.24.0-255,1484,32082,96,246214
27889,0.000267,172.31.47.0-255,66,32148,96,246214
27890,0.000305,74.125.24.0-255,7156,39304,96,246214
27891,0.000309,172.31.47.0-255,66,39370,96,246214
27892,0.000383,74.125.24.0-255,5738,45108,96,246214
27893,0.000387,172.31.47.0-255,66,45174,96,246214
27894,0.000392,74.125.24.0-255,2543,47717,96,246214
27895,0.000394,74.125.24.0-255,395,48112,96,246214
27896,0.000395,74.125.24.0-255,380,48492,96,246214
27897,0.000399,172.31.47.0-255,66,48558,96,246214
27898,0.00079,172.31.47.0-255,66,48624,96,246214
27899,0.001151,74.125.24.0-255,1484,50108,96,246214
27900,0.001161,74.125.24.0-255,2902,53010,96,246214
27901,0.001164,172.31.47.0-255,66,53076,96,246214
27902,0.001171,74.125.24.0-255,5738,58814,96,246214
27903,0.001173,172.31.47.0-255,66,58880,96,246214
27904,0.001194,74.125.24.0-255,7156,66036,96,246214
27905,0.001197,172.31.47.0-255,66,66102,96,246214
27906,0.001218,74.125.24.0-255,5738,71840,96,246214
27907,0.00122,172.31.47.0-255,66,71906,96,246214
27908,0.001231,172.31.47.0-255,66,71972,96,246214
27909,0.001233,74.125.24.0-255,766,72738,96,246214
27910,0.001713,172.31.47.0-255,66,72804,96,246214
27911,0.002059,74.125.24.0-255,1484,74288,96,246214
27912,0.002066,74.125.24.0-255,2902,77190,96,246214
27913,0.002069,172.31.47.0-255,66,77256,96,246214
27914,0.003744,74.125.24.0-255,1484,78740,96,246214
27915,0.004104,74.125.24.0-255,1484,80224,96,246214
27916,0.004106,172.31.47.0-255,66,80290,96,246214
27917,0.004128,74.125.24.0-255,2902,83192,96,246214
27918,0.00413,172.31.47.0-255,66,83258,96,246214
27919,0.006157,74.125.24.0-255,5738,88996,96,246214
27920,0.006165,172.31.47.0-255,66,89062,96,246214
27921,0.008234,74.125.24.0-255,5738,94800,96,246214
27922,0.008247,172.31.47.0-255,66,94866,96,246214
27923,0.01029,74.125.24.0-255,5738,100604,96,246214
27924,0.010296,172.31.47.0-255,66,100670,96,246214
27925,0.012351,74.125.24.0-255,5738,106408,96,246214
27926,0.012366,172.31.47.0-255,66,106474,96,246214
27927,0.014411,74.125.24.0-255,5738,112212,96,246214
27928,0.014422,172.31.47.0-255,66,112278,96,246214
27929,0.016467,74.125.24.0-255,5738,118016,96,246214
27930,0.016473,172.31.47.0-255,66,118082,96,246214
27931,0.018525,74.125.24.0-255,5738,123820,96,246214
27932,0.018531,172.31.47.0-255,66,123886,96,246214
27933,0.020549,74.125.24.0-255,5738,129624,96,246214
27934,0.020555,172.31.47.0-255,66,129690,96,246214
27935,0.021222,172.31.47.0-255,172,129862,96,246214
27936,0.021258,172.31.47.0-255,1110,130972,96,246214
27937,0.021328,172.31.47.0-255,1514,132486,96,246214
27938,0.021351,172.31.47.0-255,1514,134000,96,246214
27939,0.021355,172.31.47.0-255,1514,135514,96,246214
27940,0.021374,172.31.47.0-255,1082,136596,96,246214
27941,0.0226,74.125.24.0-255,4320,140916,96,246214
27942,0.022605,172.31.47.0-255,66,140982,96,246214
27943,0.022636,74.125.24.0-255,1484,142466,96,246214
27944,0.022789,104.244.42.0-255,66,142532,96,246214
27945,0.022828,104.244.42.0-255,66,142598,96,246214
27946,0.022931,104.244.42.0-255,66,142664,96,246214
27947,0.022935,104.244.42.0-255,66,142730,96,246214
27948,0.022937,104.244.42.0-255,66,142796,96,246214
27949,0.024646,74.125.24.0-255,4320,147116,96,246214
27950,0.024649,172.31.47.0-255,66,147182,96,246214
27951,0.02667,74.125.24.0-255,5738,152920,96,246214
27952,0.026675,172.31.47.0-255,66,152986,96,246214
27953,0.028719,74.125.24.0-255,4320,157306,96,246214
27954,0.028724,172.31.47.0-255,66,157372,96,246214
27955,0.028751,74.125.24.0-255,1484,158856,96,246214
27956,0.030753,74.125.24.0-255,4320,163176,96,246214
27957,0.030758,172.31.47.0-255,66,163242,96,246214
27958,0.032806,74.125.24.0-255,5738,168980,96,246214
27959,0.032811,172.31.47.0-255,66,169046,96,246214
27960,0.034879,74.125.24.0-255,2902,171948,96,246214
27961,0.034884,172.31.47.0-255,66,172014,96,246214
27962,0.034917,74.125.24.0-255,2902,174916,96,246214
27963,0.034919,172.31.47.0-255,66,174982,96,246214
27964,0.036938,74.125.24.0-255,2902,177884,96,246214
27965,0.036943,172.31.47.0-255,66,177950,96,246214
27966,0.036975,74.125.24.0-255,2902,180852,96,246214
27967,0.036978,172.31.47.0-255,66,180918,96,246214
27968,0.038975,74.125.24.0-255,2902,183820,96,246214
27969,0.03898,172.31.47.0-255,66,183886,96,246214
27970,0.039012,74.125.24.0-255,2902,186788,96,246214
27971,0.039015,172.31.47.0-255,66,186854,96,246214
27972,0.041003,74.125.24.0-255,2902,189756,96,246214
27973,0.041009,172.31.47.0-255,66,189822,96,246214
27974,0.04104,74.125.24.0-255,2902,192724,96,246214
27975,0.041043,172.31.47.0-255,66,192790,96,246214
27976,0.043033,74.125.24.0-255,2902,195692,96,246214
27977,0.043037,172.31.47.0-255,66,195758,96,246214
27978,0.043076,74.125.24.0-255,2902,198660,96,246214
27979,0.04308,172.31.47.0-255,66,198726,96,246214
27980,0.045062,74.125.24.0-255,2902,201628,96,246214
27981,0.045068,172.31.47.0-255,66,201694,96,246214
27982,0.0451,74.125.24.0-255,2902,204596,96,246214
27983,0.045103,172.31.47.0-255,66,204662,96,246214
27984,0.047145,74.125.24.0-255,2902,207564,96,246214
27985,0.04715,172.31.47.0-255,66,207630,96,246214
27986,0.047183,74.125.24.0-255,2902,210532,96,246214
27987,0.047186,172.31.47.0-255,66,210598,96,246214
27988,0.049174,74.125.24.0-255,2902,213500,96,246214
27989,0.049178,172.31.47.0-255,66,213566,96,246214
27990,0.049208,74.125.24.0-255,2902,216468,96,246214
27991,0.049211,172.31.47.0-255,66,216534,96,246214
27992,0.051221,74.125.24.0-255,2902,219436,96,246214
27993,0.051226,172.31.47.0-255,66,219502,96,246214
27994,0.051259,74.125.24.0-255,2902,222404,96,246214
27995,0.051263,172.31.47.0-255,66,222470,96,246214
27996,0.053283,74.125.24.0-255,2902,225372,96,246214
27997,0.053288,172.31.47.0-255,66,225438,96,246214
27998,0.053326,74.125.24.0-255,2902,228340,96,246214
27999,0.05333,172.31.47.0-255,66,228406,96,246214
28000,0.05532,74.125.24.0-255,2902,231308,96,246214
28001,0.055325,172.31.47.0-255,66,231374,96,246214
28002,0.055358,74.125.24.0-255,2902,234276,96,246214
28003,0.055361,172.31.47.0-255,66,234342,96,246214
28004,0.057339,74.125.24.0-255,2902,237244,96,246214
28005,0.057344,172.31.47.0-255,66,237310,96,246214
28006,0.057393,74.125.24.0-255,2902,240212,96,246214
28007,0.057398,172.31.47.0-255,66,240278,96,246214
28008,0.059373,74.125.24.0-255,2902,243180,96,246214
28009,0.059378,172.31.47.0-255,66,243246,96,246214
28010,0.059413,74.125.24.0-255,2902,246148,96,246214
28011,0.059417,172.31.47.0-255,66,246214,96,246214
28012,0.0,172.31.47.0-255,105,105,96,276
28013,0.00176,157.240.13.0-255,105,210,96,276
28014,0.001771,172.31.47.0-255,66,276,96,276
28015,0.0,172.31.47.0-255,105,105,96,105
28016,0.0,74.125.200.0-255,153,153,96,163300
28017,1.7e-05,172.31.47.0-255,66,219,96,163300
28018,2.4e-05,74.125.200.0-255,1484,1703,96,163300
28019,2.8e-05,172.31.47.0-255,66,1769,96,163300
28020,4.1e-05,74.125.200.0-255,2902,4671,96,163300
28021,4.6e-05,172.31.47.0-255,66,4737,96,163300
28022,8e-05,74.125.200.0-255,5738,10475,96,163300
28023,8.4e-05,172.31.47.0-255,66,10541,96,163300
28024,0.000107,74.125.200.0-255,1484,12025,96,163300
28025,0.000109,172.31.47.0-255,66,12091,96,163300
28026,0.000218,74.125.200.0-255,2174,14265,96,163300
28027,0.000222,172.31.47.0-255,66,14331,96,163300
28028,0.000267,172.31.47.0-255,66,14397,96,163300
28029,0.000292,74.125.200.0-255,2902,17299,96,163300
28030,0.000295,172.31.47.0-255,66,17365,96,163300
28031,0.000478,74.125.200.0-255,4320,21685,96,163300
28032,0.000484,172.31.47.0-255,66,21751,96,163300
28033,0.000568,74.125.200.0-255,5738,27489,96,163300
28034,0.000572,172.31.47.0-255,66,27555,96,163300
28035,0.000618,172.31.47.0-255,66,27621,96,163300
28036,0.001009,172.31.47.0-255,66,27687,96,163300
28037,0.001264,172.31.47.0-255,66,27753,96,163300
28038,0.001318,172.31.47.0-255,66,27819,96,163300
28039,0.001916,74.125.200.0-255,5738,33557,96,163300
28040,0.001921,172.31.47.0-255,66,33623,96,163300
28041,0.001976,172.31.47.0-255,66,33689,96,163300
28042,0.002578,74.125.200.0-255,4320,38009,96,163300
28043,0.003741,172.31.47.0-255,66,38075,96,163300
28044,0.006295,74.125.200.0-255,5738,43813,96,163300
28045,0.006302,172.31.47.0-255,66,43879,96,163300
28046,0.00885,74.125.200.0-255,5738,49617,96,163300
28047,0.008858,172.31.47.0-255,66,49683,96,163300
28048,0.011459,74.125.200.0-255,5738,55421,96,163300
28049,0.011468,172.31.47.0-255,66,55487,96,163300
28050,0.014026,74.125.200.0-255,2902,58389,96,163300
28051,0.014033,172.31.47.0-255,66,58455,96,163300
28052,0.014057,74.125.200.0-255,2902,61357,96,163300
28053,0.01406,172.31.47.0-255,66,61423,96,163300
28054,0.016578,74.125.200.0-255,2902,64325,96,163300
28055,0.016584,172.31.47.0-255,66,64391,96,163300
28056,0.016631,74.125.200.0-255,2902,67293,96,163300
28057,0.016634,172.31.47.0-255,66,67359,96,163300
28058,0.019131,74.125.200.0-255,2902,70261,96,163300
28059,0.01915,172.31.47.0-255,66,70327,96,163300
28060,0.019181,74.125.200.0-255,2902,73229,96,163300
28061,0.019184,172.31.47.0-255,66,73295,96,163300
28062,0.02172,74.125.200.0-255,5738,79033,96,163300
28063,0.021735,172.31.47.0-255,66,79099,96,163300
28064,0.02431,74.125.200.0-255,5738,84837,96,163300
28065,0.024326,172.31.47.0-255,66,84903,96,163300
28066,0.026903,74.125.200.0-255,5738,90641,96,163300
28067,0.026921,172.31.47.0-255,66,90707,96,163300
28068,0.029469,74.125.200.0-255,5738,96445,96,163300
28069,0.029476,172.31.47.0-255,66,96511,96,163300
28070,0.032045,74.125.200.0-255,5738,102249,96,163300
28071,0.032061,172.31.47.0-255,66,102315,96,163300
28072,0.034609,74.125.200.0-255,5738,108053,96,163300
28073,0.034615,172.31.47.0-255,66,108119,96,163300
28074,0.035495,172.31.47.0-255,172,108291,96,163300
28075,0.035523,172.31.47.0-255,1101,109392,96,163300
28076,0.035574,172.31.47.0-255,1514,110906,96,163300
28077,0.035576,172.31.47.0-255,1312,112218,96,163300
28078,0.037013,104.244.42.0-255,66,112284,96,163300
28079,0.037031,104.244.42.0-255,66,112350,96,163300
28080,0.037133,104.244.42.0-255,66,112416,96,163300
28081,0.037148,74.125.200.0-255,4320,116736,96,163300
28082,0.037153,172.31.47.0-255,66,116802,96,163300
28083,0.037172,74.125.200.0-255,1484,118286,96,163300
28084,0.039739,74.125.200.0-255,4320,122606,96,163300
28085,0.039757,172.31.47.0-255,66,122672,96,163300
28086,0.042313,74.125.200.0-255,5738,128410,96,163300
28087,0.042326,172.31.47.0-255,66,128476,96,163300
28088,0.044891,74.125.200.0-255,5738,134214,96,163300
28089,0.044909,172.31.47.0-255,66,134280,96,163300
28090,0.047476,74.125.200.0-255,5738,140018,96,163300
28091,0.047493,172.31.47.0-255,66,140084,96,163300
28092,0.050059,74.125.200.0-255,5738,145822,96,163300
28093,0.050076,172.31.47.0-255,66,145888,96,163300
28094,0.052665,74.125.200.0-255,5738,151626,96,163300
28095,0.052696,172.31.47.0-255,66,151692,96,163300
28096,0.055241,74.125.200.0-255,5738,157430,96,163300
28097,0.055247,172.31.47.0-255,66,157496,96,163300
28098,0.05779,74.125.200.0-255,5738,163234,96,163300
28099,0.057796,172.31.47.0-255,66,163300,96,163300
28100,0.0,74.125.24.0-255,153,153,96,242401
28101,2.4e-05,172.31.47.0-255,66,219,96,242401
28102,2.9e-05,74.125.24.0-255,1484,1703,96,242401
28103,3.3e-05,172.31.47.0-255,66,1769,96,242401
28104,3.7e-05,74.125.24.0-255,2902,4671,96,242401
28105,3.9e-05,172.31.47.0-255,66,4737,96,242401
28106,5.4e-05,74.125.24.0-255,7156,11893,96,242401
28107,5.7e-05,172.31.47.0-255,66,11959,96,242401
28108,9.1e-05,74.125.24.0-255,2175,14134,96,242401
28109,9.4e-05,172.31.47.0-255,66,14200,96,242401
28110,0.000133,74.125.24.0-255,1484,15684,96,242401
28111,0.000135,172.31.47.0-255,66,15750,96,242401
28112,0.00014,74.125.24.0-255,2902,18652,96,242401
28113,0.000142,172.31.47.0-255,66,18718,96,242401
28114,0.000146,74.125.24.0-255,2902,21620,96,242401
28115,0.000147,172.31.47.0-255,66,21686,96,242401
28116,0.000164,74.125.24.0-255,2902,24588,96,242401
28117,0.000167,172.31.47.0-255,66,24654,96,242401
28118,0.000179,74.125.24.0-255,2902,27556,96,242401
28119,0.000181,172.31.47.0-255,66,27622,96,242401
28120,0.000196,74.125.24.0-255,3961,31583,96,242401
28121,0.000202,172.31.47.0-255,66,31649,96,242401
28122,0.000208,74.125.24.0-255,7156,38805,96,242401
28123,0.000211,172.31.47.0-255,66,38871,96,242401
28124,0.000232,74.125.24.0-255,2902,41773,96,242401
28125,0.000235,172.31.47.0-255,66,41839,96,242401
28126,0.000258,74.125.24.0-255,6797,48636,96,242401
28127,0.000261,172.31.47.0-255,66,48702,96,242401
28128,0.000286,74.125.24.0-255,2902,51604,96,242401
28129,0.000289,172.31.47.0-255,66,51670,96,242401
28130,0.000293,74.125.24.0-255,4320,55990,96,242401
28131,0.000296,172.31.47.0-255,66,56056,96,242401
28132,0.0003,74.125.24.0-255,2902,58958,96,242401
28133,0.000306,172.31.47.0-255,66,59024,96,242401
28134,0.000321,74.125.24.0-255,5738,64762,96,242401
28135,0.000325,74.125.24.0-255,1125,65887,96,242401
28136,0.00033,172.31.47.0-255,66,65953,96,242401
28137,0.000523,74.125.24.0-255,358,66311,96,242401
28138,0.000553,74.125.24.0-255,136,66447,96,242401
28139,0.00062,74.125.24.0-255,1484,67931,96,242401
28140,0.000623,172.31.47.0-255,66,67997,96,242401
28141,0.000628,74.125.24.0-255,2902,70899,96,242401
28142,0.000635,172.31.47.0-255,66,70965,96,242401
28143,0.00065,74.125.24.0-255,5738,76703,96,242401
28144,0.00066,172.31.47.0-255,66,76769,96,242401
28145,0.000693,74.125.24.0-255,4320,81089,96,242401
28146,0.000694,172.31.47.0-255,66,81155,96,242401
28147,0.000716,172.31.47.0-255,66,81221,96,242401
28148,0.000724,74.125.24.0-255,6438,87659,96,242401
28149,0.000726,74.125.24.0-255,348,88007,96,242401
28150,0.000728,172.31.47.0-255,66,88073,96,242401
28151,0.000902,172.31.47.0-255,66,88139,96,242401
28152,0.000903,74.125.24.0-255,1484,89623,96,242401
28153,0.000916,74.125.24.0-255,2902,92525,96,242401
28154,0.000922,74.125.24.0-255,1484,94009,96,242401
28155,0.000924,172.31.47.0-255,66,94075,96,242401
28156,0.000951,74.125.24.0-255,4320,98395,96,242401
28157,0.000963,172.31.47.0-255,66,98461,96,242401
28158,0.000987,74.125.24.0-255,4320,102781,96,242401
28159,0.000993,172.31.47.0-255,66,102847,96,242401
28160,0.001017,74.125.24.0-255,6438,109285,96,242401
28161,0.001021,172.31.47.0-255,66,109351,96,242401
28162,0.001101,74.125.24.0-255,1484,110835,96,242401
28163,0.001104,74.125.24.0-255,1484,112319,96,242401
28164,0.001106,172.31.47.0-255,66,112385,96,242401
28165,0.001127,74.125.24.0-255,1484,113869,96,242401
28166,0.001132,74.125.24.0-255,5738,119607,96,242401
28167,0.001134,74.125.24.0-255,1484,121091,96,242401
28168,0.001143,172.31.47.0-255,66,121157,96,242401
28169,0.001153,74.125.24.0-255,7156,128313,96,242401
28170,0.001164,172.31.47.0-255,66,128379,96,242401
28171,0.001174,74.125.24.0-255,4320,132699,96,242401
28172,0.001182,74.125.24.0-255,7156,139855,96,242401
28173,0.001183,172.31.47.0-255,66,139921,96,242401
28174,0.001187,172.31.47.0-255,66,139987,96,242401
28175,0.001211,74.125.24.0-255,3602,143589,96,242401
28176,0.001215,172.31.47.0-255,66,143655,96,242401
28177,0.001322,74.125.24.0-255,1484,145139,96,242401
28178,0.001326,74.125.24.0-255,2902,148041,96,242401
28179,0.001329,172.31.47.0-255,66,148107,96,242401
28180,0.001382,74.125.24.0-255,5738,153845,96,242401
28181,0.001385,172.31.47.0-255,66,153911,96,242401
28182,0.001392,74.125.24.0-255,7156,161067,96,242401
28183,0.001396,172.31.47.0-255,66,161133,96,242401
28184,0.001408,172.31.47.0-255,66,161199,96,242401
28185,0.001416,74.125.24.0-255,2184,163383,96,242401
28186,0.001419,172.31.47.0-255,66,163449,96,242401
28187,0.001458,172.31.47.0-255,66,163515,96,242401
28188,0.001464,74.125.24.0-255,4320,167835,96,242401
28189,0.001469,172.31.47.0-255,66,167901,96,242401
28190,0.001492,74.125.24.0-255,5738,173639,96,242401
28191,0.001504,172.31.47.0-255,66,173705,96,242401
28192,0.001507,172.31.47.0-255,66,173771,96,242401
28193,0.001531,74.125.24.0-255,5020,178791,96,242401
28194,0.001537,172.31.47.0-255,66,178857,96,242401
28195,0.001556,74.125.24.0-255,1484,180341,96,242401
28196,0.001561,74.125.24.0-255,2902,183243,96,242401
28197,0.001564,74.125.24.0-255,2902,186145,96,242401
28198,0.001566,172.31.47.0-255,66,186211,96,242401
28199,0.00157,172.31.47.0-255,66,186277,96,242401
28200,0.001583,74.125.24.0-255,2902,189179,96,242401
28201,0.001587,74.125.24.0-255,2902,192081,96,242401
28202,0.00159,172.31.47.0-255,66,192147,96,242401
28203,0.001632,74.125.24.0-255,7156,199303,96,242401
28204,0.001642,172.31.47.0-255,66,199369,96,242401
28205,0.001663,74.125.24.0-255,3602,202971,96,242401
28206,0.001675,172.31.47.0-255,66,203037,96,242401
28207,0.001689,74.125.24.0-255,4320,207357,96,242401
28208,0.001696,74.125.24.0-255,1484,208841,96,242401
28209,0.001696,172.31.47.0-255,66,208907,96,242401
28210,0.001708,74.125.24.0-255,2902,211809,96,242401
28211,0.001711,172.31.47.0-255,66,211875,96,242401
28212,0.001728,74.125.24.0-255,5738,217613,96,242401
28213,0.001731,172.31.47.0-255,66,217679,96,242401
28214,0.001743,74.125.24.0-255,4320,221999,96,242401
28215,0.001753,172.31.47.0-255,66,222065,96,242401
28216,0.001756,74.125.24.0-255,1484,223549,96,242401
28217,0.001767,74.125.24.0-255,4320,227869,96,242401
28218,0.001777,172.31.47.0-255,66,227935,96,242401
28219,0.001793,172.31.47.0-255,66,228001,96,242401
28220,0.001808,74.125.24.0-255,5020,233021,96,242401
28221,0.001811,172.31.47.0-255,66,233087,96,242401
28222,0.001825,172.31.47.0-255,66,233153,96,242401
28223,0.001871,172.31.47.0-255,66,233219,96,242401
28224,0.001884,172.31.47.0-255,66,233285,96,242401
28225,0.001929,172.31.47.0-255,66,233351,96,242401
28226,0.001972,172.31.47.0-255,66,233417,96,242401
28227,0.002009,172.31.47.0-255,66,233483,96,242401
28228,0.00202,172.31.47.0-255,66,233549,96,242401
28229,0.002021,74.125.24.0-255,4149,237698,96,242401
28230,0.002035,172.31.47.0-255,66,237764,96,242401
28231,0.002045,74.125.24.0-255,105,237869,96,242401
28232,0.014763,172.31.47.0-255,66,237935,96,242401
28233,0.014791,172.31.47.0-255,105,238040,96,242401
28234,0.01709,74.125.24.0-255,66,238106,96,242401
28235,0.039524,172.31.47.0-255,172,238278,96,242401
28236,0.039551,172.31.47.0-255,1101,239379,96,242401
28237,0.039602,172.31.47.0-255,1514,240893,96,242401
28238,0.039603,172.31.47.0-255,1310,242203,96,242401
28239,0.041112,104.244.42.0-255,66,242269,96,242401
28240,0.041125,104.244.42.0-255,66,242335,96,242401
28241,0.041201,104.244.42.0-255,66,242401,96,242401
28242,0.0,74.125.24.0-255,297,297,96,241657
28243,2.9e-05,172.31.47.0-255,66,363,96,241657
28244,3.6e-05,74.125.24.0-255,1484,1847,96,241657
28245,3.9e-05,172.31.47.0-255,66,1913,96,241657
28246,4.5e-05,74.125.24.0-255,4320,6233,96,241657
28247,4.7e-05,172.31.47.0-255,66,6299,96,241657
28248,6.8e-05,74.125.24.0-255,1484,7783,96,241657
28249,7e-05,172.31.47.0-255,66,7849,96,241657
28250,8.8e-05,74.125.24.0-255,6014,13863,96,241657
28251,9e-05,172.31.47.0-255,66,13929,96,241657
28252,0.000113,74.125.24.0-255,1484,15413,96,241657
28253,0.000115,172.31.47.0-255,66,15479,96,241657
28254,0.00012,74.125.24.0-255,2902,18381,96,241657
28255,0.000122,172.31.47.0-255,66,18447,96,241657
28256,0.000137,74.125.24.0-255,5738,24185,96,241657
28257,0.00014,172.31.47.0-255,66,24251,96,241657
28258,0.000156,74.125.24.0-255,1484,25735,96,241657
28259,0.000158,172.31.47.0-255,66,25801,96,241657
28260,0.000171,74.125.24.0-255,5379,31180,96,241657
28261,0.000173,172.31.47.0-255,66,31246,96,241657
28262,0.000471,74.125.24.0-255,1484,32730,96,241657
28263,0.000476,172.31.47.0-255,66,32796,96,241657
28264,0.000482,74.125.24.0-255,2902,35698,96,241657
28265,0.000484,172.31.47.0-255,66,35764,96,241657
28266,0.000514,74.125.24.0-255,5738,41502,96,241657
28267,0.000518,172.31.47.0-255,66,41568,96,241657
28268,0.000525,74.125.24.0-255,6797,48365,96,241657
28269,0.000527,172.31.47.0-255,66,48431,96,241657
28270,0.00053,74.125.24.0-255,1484,49915,96,241657
28271,0.000533,172.31.47.0-255,66,49981,96,241657
28272,0.000568,172.31.47.0-255,66,50047,96,241657
28273,0.000572,74.125.24.0-255,2852,52899,96,241657
28274,0.000576,172.31.47.0-255,66,52965,96,241657
28275,0.000964,74.125.24.0-255,111,53076,96,241657
28276,0.001055,74.125.24.0-255,1484,54560,96,241657
28277,0.00106,172.31.47.0-255,66,54626,96,241657
28278,0.001065,74.125.24.0-255,2902,57528,96,241657
28279,0.001067,172.31.47.0-255,66,57594,96,241657
28280,0.001072,74.125.24.0-255,4320,61914,96,241657
28281,0.001074,172.31.47.0-255,66,61980,96,241657
28282,0.001092,74.125.24.0-255,1484,63464,96,241657
28283,0.001106,74.125.24.0-255,4320,67784,96,241657
28284,0.001109,172.31.47.0-255,66,67850,96,241657
28285,0.001126,74.125.24.0-255,2543,70393,96,241657
28286,0.001128,172.31.47.0-255,66,70459,96,241657
28287,0.001143,74.125.24.0-255,2902,73361,96,241657
28288,0.001145,172.31.47.0-255,66,73427,96,241657
28289,0.001164,74.125.24.0-255,4320,77747,96,241657
28290,0.001166,172.31.47.0-255,66,77813,96,241657
28291,0.001171,74.125.24.0-255,4320,82133,96,241657
28292,0.001173,172.31.47.0-255,66,82199,96,241657
28293,0.001201,74.125.24.0-255,2902,85101,96,241657
28294,0.001203,172.31.47.0-255,66,85167,96,241657
28295,0.001217,74.125.24.0-255,2543,87710,96,241657
28296,0.001219,172.31.47.0-255,66,87776,96,241657
28297,0.003409,74.125.24.0-255,5738,93514,96,241657
28298,0.003416,172.31.47.0-255,66,93580,96,241657
28299,0.005615,74.125.24.0-255,5738,99318,96,241657
28300,0.005619,172.31.47.0-255,66,99384,96,241657
28301,0.007831,74.125.24.0-255,4320,103704,96,241657
28302,0.007836,172.31.47.0-255,66,103770,96,241657
28303,0.007853,74.125.24.0-255,1484,105254,96,241657
28304,0.010051,74.125.24.0-255,4320,109574,96,241657
28305,0.010058,172.31.47.0-255,66,109640,96,241657
28306,0.012279,74.125.24.0-255,5738,115378,96,241657
28307,0.012287,172.31.47.0-255,66,115444,96,241657
28308,0.014478,74.125.24.0-255,5738,121182,96,241657
28309,0.014488,172.31.47.0-255,66,121248,96,241657
28310,0.016698,74.125.24.0-255,5738,126986,96,241657
28311,0.016705,172.31.47.0-255,66,127052,96,241657
28312,0.018915,74.125.24.0-255,5738,132790,96,241657
28313,0.018923,172.31.47.0-255,66,132856,96,241657
28314,0.021135,74.125.24.0-255,5738,138594,96,241657
28315,0.021143,172.31.47.0-255,66,138660,96,241657
28316,0.023343,74.125.24.0-255,5738,144398,96,241657
28317,0.02335,172.31.47.0-255,66,144464,96,241657
28318,0.024945,172.31.47.0-255,172,144636,96,241657
28319,0.024977,172.31.47.0-255,1110,145746,96,241657
28320,0.025019,172.31.47.0-255,1514,147260,96,241657
28321,0.025021,172.31.47.0-255,1301,148561,96,241657
28322,0.02556,74.125.24.0-255,5738,154299,96,241657
28323,0.025565,172.31.47.0-255,66,154365,96,241657
28324,0.026483,104.244.42.0-255,66,154431,96,241657
28325,0.026506,104.244.42.0-255,66,154497,96,241657
28326,0.026549,104.244.42.0-255,66,154563,96,241657
28327,0.027766,74.125.24.0-255,5738,160301,96,241657
28328,0.02777,172.31.47.0-255,66,160367,96,241657
28329,0.029956,74.125.24.0-255,4320,164687,96,241657
28330,0.029961,172.31.47.0-255,66,164753,96,241657
28331,0.029989,74.125.24.0-255,1484,166237,96,241657
28332,0.032166,74.125.24.0-255,4320,170557,96,241657
28333,0.032172,172.31.47.0-255,66,170623,96,241657
28334,0.034376,74.125.24.0-255,1484,172107,96,241657
28335,0.034406,74.125.24.0-255,4320,176427,96,241657
28336,0.03441,172.31.47.0-255,66,176493,96,241657
28337,0.036632,74.125.24.0-255,5738,182231,96,241657
28338,0.036638,172.31.47.0-255,66,182297,96,241657
28339,0.038843,74.125.24.0-255,5738,188035,96,241657
28340,0.038849,172.31.47.0-255,66,188101,96,241657
28341,0.041027,74.125.24.0-255,2902,191003,96,241657
28342,0.041032,172.31.47.0-255,66,191069,96,241657
28343,0.041063,74.125.24.0-255,2902,193971,96,241657
28344,0.041065,172.31.47.0-255,66,194037,96,241657
28345,0.043218,74.125.24.0-255,2902,196939,96,241657
28346,0.043223,172.31.47.0-255,66,197005,96,241657
28347,0.043258,74.125.24.0-255,2902,199907,96,241657
28348,0.04326,172.31.47.0-255,66,199973,96,241657
28349,0.045419,74.125.24.0-255,2902,202875,96,241657
28350,0.045424,172.31.47.0-255,66,202941,96,241657
28351,0.045497,74.125.24.0-255,2902,205843,96,241657
28352,0.045501,172.31.47.0-255,66,205909,96,241657
28353,0.04761,74.125.24.0-255,2902,208811,96,241657
28354,0.047614,172.31.47.0-255,66,208877,96,241657
28355,0.047695,74.125.24.0-255,2902,211779,96,241657
28356,0.047699,172.31.47.0-255,66,211845,96,241657
28357,0.049824,74.125.24.0-255,2902,214747,96,241657
28358,0.04983,172.31.47.0-255,66,214813,96,241657
28359,0.049888,74.125.24.0-255,2902,217715,96,241657
28360,0.049893,172.31.47.0-255,66,217781,96,241657
28361,0.052037,74.125.24.0-255,2902,220683,96,241657
28362,0.052041,172.31.47.0-255,66,220749,96,241657
28363,0.052071,74.125.24.0-255,1484,222233,96,241657
28364,0.052081,74.125.24.0-255,1484,223717,96,241657
28365,0.052085,172.31.47.0-255,66,223783,96,241657
28366,0.054219,74.125.24.0-255,2902,226685,96,241657
28367,0.054224,172.31.47.0-255,66,226751,96,241657
28368,0.054267,74.125.24.0-255,2902,229653,96,241657
28369,0.054271,172.31.47.0-255,66,229719,96,241657
28370,0.056397,74.125.24.0-255,2902,232621,96,241657
28371,0.056401,172.31.47.0-255,66,232687,96,241657
28372,0.056448,74.125.24.0-255,2902,235589,96,241657
28373,0.056451,172.31.47.0-255,66,235655,96,241657
28374,0.058599,74.125.24.0-255,2902,238557,96,241657
28375,0.058604,172.31.47.0-255,66,238623,96,241657
28376,0.058661,74.125.24.0-255,1484,240107,96,241657
28377,0.058674,74.125.24.0-255,1484,241591,96,241657
28378,0.058677,172.31.47.0-255,66,241657,96,241657
28379,0.0,172.217.194.0-255,157,157,96,200921
28380,2.2e-05,172.31.47.0-255,66,223,96,200921
28381,2.9e-05,172.217.194.0-255,1484,1707,96,200921
28382,3.3e-05,172.31.47.0-255,66,1773,96,200921
28383,3.7e-05,172.217.194.0-255,2902,4675,96,200921
28384,4e-05,172.31.47.0-255,66,4741,96,200921
28385,4.4e-05,172.217.194.0-255,2902,7643,96,200921
28386,4.5e-05,172.31.47.0-255,66,7709,96,200921
28387,7.3e-05,172.217.194.0-255,4320,12029,96,200921
28388,7.6e-05,172.31.47.0-255,66,12095,96,200921
28389,8e-05,172.217.194.0-255,2065,14160,96,200921
28390,8.2e-05,172.31.47.0-255,66,14226,96,200921
28391,0.000119,172.217.194.0-255,1484,15710,96,200921
28392,0.000121,172.31.47.0-255,66,15776,96,200921
28393,0.00014,172.217.194.0-255,2902,18678,96,200921
28394,0.000142,172.31.47.0-255,66,18744,96,200921
28395,0.000149,172.217.194.0-255,5738,24482,96,200921
28396,0.000151,172.31.47.0-255,66,24548,96,200921
28397,0.000179,172.217.194.0-255,6797,31345,96,200921
28398,0.000182,172.31.47.0-255,66,31411,96,200921
28399,0.000184,172.217.194.0-255,1484,32895,96,200921
28400,0.000186,172.31.47.0-255,66,32961,96,200921
28401,0.000212,172.31.47.0-255,66,33027,96,200921
28402,0.000236,172.217.194.0-255,1484,34511,96,200921
28403,0.000238,172.31.47.0-255,66,34577,96,200921
28404,0.000242,172.217.194.0-255,2543,37120,96,200921
28405,0.000243,172.31.47.0-255,66,37186,96,200921
28406,0.000281,172.217.194.0-255,7156,44342,96,200921
28407,0.000284,172.31.47.0-255,66,44408,96,200921
28408,0.000314,172.31.47.0-255,66,44474,96,200921
28409,0.000317,172.217.194.0-255,407,44881,96,200921
28410,0.000342,172.217.194.0-255,366,45247,96,200921
28411,0.000381,172.217.194.0-255,1484,46731,96,200921
28412,0.000383,172.31.47.0-255,66,46797,96,200921
28413,0.000411,172.217.194.0-255,4320,51117,96,200921
28414,0.000414,172.31.47.0-255,66,51183,96,200921
28415,0.000416,172.217.194.0-255,1484,52667,96,200921
28416,0.000433,172.217.194.0-255,2902,55569,96,200921
28417,0.000435,172.31.47.0-255,66,55635,96,200921
28418,0.000463,172.217.194.0-255,5738,61373,96,200921
28419,0.000465,172.31.47.0-255,66,61439,96,200921
28420,0.000491,172.217.194.0-255,5379,66818,96,200921
28421,0.000493,172.31.47.0-255,66,66884,96,200921
28422,0.000502,172.31.47.0-255,66,66950,96,200921
28423,0.000518,172.217.194.0-255,1484,68434,96,200921
28424,0.000531,172.217.194.0-255,2543,70977,96,200921
28425,0.000533,172.31.47.0-255,66,71043,96,200921
28426,0.000795,172.217.194.0-255,1484,72527,96,200921
28427,0.0008,172.217.194.0-255,2902,75429,96,200921
28428,0.000803,172.31.47.0-255,66,75495,96,200921
28429,0.000828,172.217.194.0-255,5738,81233,96,200921
28430,0.00083,172.31.47.0-255,66,81299,96,200921
28431,0.000833,172.217.194.0-255,1484,82783,96,200921
28432,0.000854,172.217.194.0-255,5738,88521,96,200921
28433,0.000856,172.31.47.0-255,66,88587,96,200921
28434,0.000887,172.31.47.0-255,66,88653,96,200921
28435,0.000891,172.217.194.0-255,2184,90837,96,200921
28436,0.000892,172.31.47.0-255,66,90903,96,200921
28437,0.001219,172.217.194.0-255,1484,92387,96,200921
28438,0.001224,172.217.194.0-255,2902,95289,96,200921
28439,0.001227,172.31.47.0-255,66,95355,96,200921
28440,0.001251,172.217.194.0-255,5738,101093,96,200921
28441,0.001253,172.31.47.0-255,66,101159,96,200921
28442,0.00128,172.217.194.0-255,1484,102643,96,200921
28443,0.001304,172.31.47.0-255,66,102709,96,200921
28444,0.001314,172.31.47.0-255,66,102775,96,200921
28445,0.001354,172.217.194.0-255,1484,104259,96,200921
28446,0.001358,172.217.194.0-255,2902,107161,96,200921
28447,0.001361,172.31.47.0-255,66,107227,96,200921
28448,0.001383,172.217.194.0-255,5738,112965,96,200921
28449,0.001385,172.31.47.0-255,66,113031,96,200921
28450,0.001392,172.217.194.0-255,7156,120187,96,200921
28451,0.001393,172.31.47.0-255,66,120253,96,200921
28452,0.001422,172.31.47.0-255,66,120319,96,200921
28453,0.001446,172.217.194.0-255,4320,124639,96,200921
28454,0.001448,172.31.47.0-255,66,124705,96,200921
28455,0.001452,172.217.194.0-255,2184,126889,96,200921
28456,0.001454,172.31.47.0-255,66,126955,96,200921
28457,0.001859,172.217.194.0-255,1484,128439,96,200921
28458,0.001877,172.217.194.0-255,2902,131341,96,200921
28459,0.001882,172.217.194.0-255,4320,135661,96,200921
28460,0.001885,172.31.47.0-255,66,135727,96,200921
28461,0.001888,172.31.47.0-255,66,135793,96,200921
28462,0.001899,172.217.194.0-255,1484,137277,96,200921
28463,0.001909,172.31.47.0-255,66,137343,96,200921
28464,0.001957,172.217.194.0-255,2902,140245,96,200921
28465,0.00196,172.31.47.0-255,66,140311,96,200921
28466,0.00198,172.31.47.0-255,66,140377,96,200921
28467,0.001998,172.217.194.0-255,766,141143,96,200921
28468,0.002021,172.217.194.0-255,1484,142627,96,200921
28469,0.002024,172.31.47.0-255,66,142693,96,200921
28470,0.002028,172.217.194.0-255,2902,145595,96,200921
28471,0.00203,172.31.47.0-255,66,145661,96,200921
28472,0.002035,172.217.194.0-255,5738,151399,96,200921
28473,0.002037,172.31.47.0-255,66,151465,96,200921
28474,0.00207,172.217.194.0-255,5738,157203,96,200921
28475,0.002073,172.31.47.0-255,66,157269,96,200921
28476,0.002103,172.217.194.0-255,5738,163007,96,200921
28477,0.002105,172.31.47.0-255,66,163073,96,200921
28478,0.002118,172.31.47.0-255,66,163139,96,200921
28479,0.002123,172.217.194.0-255,5738,168877,96,200921
28480,0.002125,172.31.47.0-255,66,168943,96,200921
28481,0.002159,172.31.47.0-255,66,169009,96,200921
28482,0.002164,172.217.194.0-255,4320,173329,96,200921
28483,0.002165,172.31.47.0-255,66,173395,96,200921
28484,0.00219,172.31.47.0-255,66,173461,96,200921
28485,0.002199,172.31.47.0-255,66,173527,96,200921
28486,0.002231,172.31.47.0-255,66,173593,96,200921
28487,0.002243,172.31.47.0-255,66,173659,96,200921
28488,0.002302,172.31.47.0-255,66,173725,96,200921
28489,0.002344,172.31.47.0-255,66,173791,96,200921
28490,0.00235,172.217.194.0-255,7156,180947,96,200921
28491,0.002352,172.31.47.0-255,66,181013,96,200921
28492,0.002375,172.31.47.0-255,66,181079,96,200921
28493,0.002399,172.31.47.0-255,66,181145,96,200921
28494,0.004662,172.217.194.0-255,5738,186883,96,200921
28495,0.00467,172.31.47.0-255,66,186949,96,200921
28496,0.006948,172.217.194.0-255,2902,189851,96,200921
28497,0.006952,172.31.47.0-255,66,189917,96,200921
28498,0.006969,172.217.194.0-255,2902,192819,96,200921
28499,0.00697,172.31.47.0-255,66,192885,96,200921
28500,0.009264,172.217.194.0-255,3504,196389,96,200921
28501,0.009271,172.31.47.0-255,66,196455,96,200921
28502,0.009656,172.31.47.0-255,105,196560,96,200921
28503,0.011923,172.217.194.0-255,66,196626,96,200921
28504,0.028593,172.31.47.0-255,172,196798,96,200921
28505,0.028623,172.31.47.0-255,1105,197903,96,200921
28506,0.028668,172.31.47.0-255,1514,199417,96,200921
28507,0.028669,172.31.47.0-255,1306,200723,96,200921
28508,0.030176,104.244.42.0-255,66,200789,96,200921
28509,0.030204,104.244.42.0-255,66,200855,96,200921
28510,0.030232,104.244.42.0-255,66,200921,96,200921
28511,0.0,172.31.47.0-255,105,105,96,459
28512,0.000284,172.31.47.0-255,90,195,96,459
28513,0.000293,172.31.47.0-255,66,261,96,459
28514,0.002494,74.125.130.0-255,66,327,96,459
28515,0.002518,74.125.130.0-255,66,393,96,459
28516,0.002528,172.31.47.0-255,66,459,96,459
28517,0.0,216.58.221.0-255,298,298,96,280525
28518,2.3e-05,172.31.47.0-255,66,364,96,280525
28519,2.9e-05,216.58.221.0-255,1484,1848,96,280525
28520,3.2e-05,172.31.47.0-255,66,1914,96,280525
28521,3.7e-05,216.58.221.0-255,2902,4816,96,280525
28522,4.6e-05,172.31.47.0-255,66,4882,96,280525
28523,5.2e-05,216.58.221.0-255,4320,9202,96,280525
28524,5.4e-05,172.31.47.0-255,66,9268,96,280525
28525,9.2e-05,172.31.47.0-255,66,9334,96,280525
28526,9.7e-05,216.58.221.0-255,4320,13654,96,280525
28527,9.8e-05,172.31.47.0-255,66,13720,96,280525
28528,0.000115,216.58.221.0-255,4320,18040,96,280525
28529,0.000117,172.31.47.0-255,66,18106,96,280525
28530,0.00014,216.58.221.0-255,1484,19590,96,280525
28531,0.000142,172.31.47.0-255,66,19656,96,280525
28532,0.000146,216.58.221.0-255,2543,22199,96,280525
28533,0.000148,172.31.47.0-255,66,22265,96,280525
28534,0.000262,216.58.221.0-255,1484,23749,96,280525
28535,0.000265,172.31.47.0-255,66,23815,96,280525
28536,0.00027,216.58.221.0-255,2902,26717,96,280525
28537,0.000272,172.31.47.0-255,66,26783,96,280525
28538,0.000277,216.58.221.0-255,5738,32521,96,280525
28539,0.000279,172.31.47.0-255,66,32587,96,280525
28540,0.000317,172.31.47.0-255,66,32653,96,280525
28541,0.000322,216.58.221.0-255,4320,36973,96,280525
28542,0.000324,172.31.47.0-255,66,37039,96,280525
28543,0.000343,216.58.221.0-255,4320,41359,96,280525
28544,0.000349,172.31.47.0-255,66,41425,96,280525
28545,0.000378,216.58.221.0-255,4320,45745,96,280525
28546,0.00038,172.31.47.0-255,66,45811,96,280525
28547,0.000391,216.58.221.0-255,2872,48683,96,280525
28548,0.000396,172.31.47.0-255,66,48749,96,280525
28549,0.001149,216.58.221.0-255,349,49098,96,280525
28550,0.001174,172.31.47.0-255,66,49164,96,280525
28551,0.001253,216.58.221.0-255,1484,50648,96,280525
28552,0.001261,216.58.221.0-255,2902,53550,96,280525
28553,0.001264,172.31.47.0-255,66,53616,96,280525
28554,0.00127,216.58.221.0-255,2902,56518,96,280525
28555,0.001271,172.31.47.0-255,66,56584,96,280525
28556,0.001296,216.58.221.0-255,2902,59486,96,280525
28557,0.001298,172.31.47.0-255,66,59552,96,280525
28558,0.001301,216.58.221.0-255,1484,61036,96,280525
28559,0.001324,216.58.221.0-255,5379,66415,96,280525
28560,0.001327,172.31.47.0-255,66,66481,96,280525
28561,0.001351,216.58.221.0-255,1484,67965,96,280525
28562,0.001368,216.58.221.0-255,1484,69449,96,280525
28563,0.001371,172.31.47.0-255,66,69515,96,280525
28564,0.001383,216.58.221.0-255,1484,70999,96,280525
28565,0.00139,216.58.221.0-255,2902,73901,96,280525
28566,0.001392,172.31.47.0-255,66,73967,96,280525
28567,0.001398,216.58.221.0-255,4320,78287,96,280525
28568,0.001399,172.31.47.0-255,66,78353,96,280525
28569,0.001405,216.58.221.0-255,5379,83732,96,280525
28570,0.001406,172.31.47.0-255,66,83798,96,280525
28571,0.001731,216.58.221.0-255,1484,85282,96,280525
28572,0.001754,216.58.221.0-255,2902,88184,96,280525
28573,0.001758,172.31.47.0-255,66,88250,96,280525
28574,0.001763,216.58.221.0-255,2902,91152,96,280525
28575,0.001764,172.31.47.0-255,66,91218,96,280525
28576,0.001788,216.58.221.0-255,2902,94120,96,280525
28577,0.00179,172.31.47.0-255,66,94186,96,280525
28578,0.001795,216.58.221.0-255,4320,98506,96,280525
28579,0.001797,172.31.47.0-255,66,98572,96,280525
28580,0.001825,216.58.221.0-255,2902,101474,96,280525
28581,0.001827,172.31.47.0-255,66,101540,96,280525
28582,0.001832,216.58.221.0-255,2902,104442,96,280525
28583,0.001833,172.31.47.0-255,66,104508,96,280525
28584,0.001877,172.31.47.0-255,66,104574,96,280525
28585,0.001881,216.58.221.0-255,2184,106758,96,280525
28586,0.001883,172.31.47.0-255,66,106824,96,280525
28587,0.003807,216.58.221.0-255,2902,109726,96,280525
28588,0.003812,172.31.47.0-255,66,109792,96,280525
28589,0.003841,216.58.221.0-255,2902,112694,96,280525
28590,0.003843,172.31.47.0-255,66,112760,96,280525
28591,0.005739,216.58.221.0-255,2902,115662,96,280525
28592,0.005744,172.31.47.0-255,66,115728,96,280525
28593,0.005777,216.58.221.0-255,2902,118630,96,280525
28594,0.00578,172.31.47.0-255,66,118696,96,280525
28595,0.007673,216.58.221.0-255,2902,121598,96,280525
28596,0.007678,172.31.47.0-255,66,121664,96,280525
28597,0.007707,216.58.221.0-255,2902,124566,96,280525
28598,0.00771,172.31.47.0-255,66,124632,96,280525
28599,0.009619,216.58.221.0-255,2902,127534,96,280525
28600,0.009625,172.31.47.0-255,66,127600,96,280525
28601,0.00965,216.58.221.0-255,2902,130502,96,280525
28602,0.009652,172.31.47.0-255,66,130568,96,280525
28603,0.011557,216.58.221.0-255,2902,133470,96,280525
28604,0.011563,172.31.47.0-255,66,133536,96,280525
28605,0.011591,216.58.221.0-255,2902,136438,96,280525
28606,0.011593,172.31.47.0-255,66,136504,96,280525
28607,0.013502,216.58.221.0-255,2902,139406,96,280525
28608,0.01351,172.31.47.0-255,66,139472,96,280525
28609,0.013536,216.58.221.0-255,2902,142374,96,280525
28610,0.013538,172.31.47.0-255,66,142440,96,280525
28611,0.015442,216.58.221.0-255,2902,145342,96,280525
28612,0.015449,172.31.47.0-255,66,145408,96,280525
28613,0.015476,216.58.221.0-255,2902,148310,96,280525
28614,0.015479,172.31.47.0-255,66,148376,96,280525
28615,0.017381,216.58.221.0-255,2902,151278,96,280525
28616,0.017387,172.31.47.0-255,66,151344,96,280525
28617,0.017421,216.58.221.0-255,2902,154246,96,280525
28618,0.017423,172.31.47.0-255,66,154312,96,280525
28619,0.01933,216.58.221.0-255,2902,157214,96,280525
28620,0.019339,172.31.47.0-255,66,157280,96,280525
28621,0.01937,216.58.221.0-255,2902,160182,96,280525
28622,0.019373,172.31.47.0-255,66,160248,96,280525
28623,0.021286,216.58.221.0-255,2902,163150,96,280525
28624,0.021294,172.31.47.0-255,66,163216,96,280525
28625,0.021326,216.58.221.0-255,2902,166118,96,280525
28626,0.021329,172.31.47.0-255,66,166184,96,280525
28627,0.023241,216.58.221.0-255,2902,169086,96,280525
28628,0.023247,172.31.47.0-255,66,169152,96,280525
28629,0.023275,216.58.221.0-255,2902,172054,96,280525
28630,0.023278,172.31.47.0-255,66,172120,96,280525
28631,0.025197,216.58.221.0-255,2902,175022,96,280525
28632,0.025205,172.31.47.0-255,66,175088,96,280525
28633,0.025237,216.58.221.0-255,2902,177990,96,280525
28634,0.02524,172.31.47.0-255,66,178056,96,280525
28635,0.027153,216.58.221.0-255,2902,180958,96,280525
28636,0.02716,172.31.47.0-255,66,181024,96,280525
28637,0.027191,216.58.221.0-255,2902,183926,96,280525
28638,0.027193,172.31.47.0-255,66,183992,96,280525
28639,0.029139,216.58.221.0-255,2902,186894,96,280525
28640,0.029145,172.31.47.0-255,66,186960,96,280525
28641,0.02917,216.58.221.0-255,2902,189862,96,280525
28642,0.029172,172.31.47.0-255,66,189928,96,280525
28643,0.031084,216.58.221.0-255,2902,192830,96,280525
28644,0.031089,172.31.47.0-255,66,192896,96,280525
28645,0.031114,216.58.221.0-255,2902,195798,96,280525
28646,0.031117,172.31.47.0-255,66,195864,96,280525
28647,0.031252,172.31.47.0-255,172,196036,96,280525
28648,0.031275,172.31.47.0-255,1105,197141,96,280525
28649,0.031339,172.31.47.0-255,1514,198655,96,280525
28650,0.031341,172.31.47.0-255,1306,199961,96,280525
28651,0.032786,104.244.42.0-255,66,200027,96,280525
28652,0.032828,104.244.42.0-255,66,200093,96,280525
28653,0.032882,104.244.42.0-255,66,200159,96,280525
28654,0.033014,216.58.221.0-255,2902,203061,96,280525
28655,0.033019,172.31.47.0-255,66,203127,96,280525
28656,0.033047,216.58.221.0-255,2902,206029,96,280525
28657,0.033049,172.31.47.0-255,66,206095,96,280525
28658,0.034949,216.58.221.0-255,2902,208997,96,280525
28659,0.034954,172.31.47.0-255,66,209063,96,280525
28660,0.034981,216.58.221.0-255,2902,211965,96,280525
28661,0.034984,172.31.47.0-255,66,212031,96,280525
28662,0.036897,216.58.221.0-255,2902,214933,96,280525
28663,0.036902,172.31.47.0-255,66,214999,96,280525
28664,0.036923,216.58.221.0-255,2902,217901,96,280525
28665,0.036926,172.31.47.0-255,66,217967,96,280525
28666,0.038853,216.58.221.0-255,4320,222287,96,280525
28667,0.03886,172.31.47.0-255,66,222353,96,280525
28668,0.038883,216.58.221.0-255,1484,223837,96,280525
28669,0.040841,216.58.221.0-255,4320,228157,96,280525
28670,0.040851,172.31.47.0-255,66,228223,96,280525
28671,0.042796,216.58.221.0-255,5738,233961,96,280525
28672,0.042806,172.31.47.0-255,66,234027,96,280525
28673,0.04477,216.58.221.0-255,5738,239765,96,280525
28674,0.044776,172.31.47.0-255,66,239831,96,280525
28675,0.046717,216.58.221.0-255,5738,245569,96,280525
28676,0.046724,172.31.47.0-255,66,245635,96,280525
28677,0.048678,216.58.221.0-255,5738,251373,96,280525
28678,0.048683,172.31.47.0-255,66,251439,96,280525
28679,0.050623,216.58.221.0-255,5738,257177,96,280525
28680,0.050628,172.31.47.0-255,66,257243,96,280525
28681,0.052583,216.58.221.0-255,5738,262981,96,280525
28682,0.052588,172.31.47.0-255,66,263047,96,280525
28683,0.054534,216.58.221.0-255,5738,268785,96,280525
28684,0.05454,172.31.47.0-255,66,268851,96,280525
28685,0.056479,216.58.221.0-255,5738,274589,96,280525
28686,0.056485,172.31.47.0-255,66,274655,96,280525
28687,0.058424,216.58.221.0-255,4320,278975,96,280525
28688,0.058429,172.31.47.0-255,66,279041,96,280525
28689,0.058455,216.58.221.0-255,1484,280525,96,280525
28690,0.0,74.125.24.0-255,153,153,96,271416
28691,2e-05,172.31.47.0-255,66,219,96,271416
28692,2.7e-05,74.125.24.0-255,1484,1703,96,271416
28693,3.2e-05,172.31.47.0-255,66,1769,96,271416
28694,3.7e-05,74.125.24.0-255,2902,4671,96,271416
28695,4e-05,172.31.47.0-255,66,4737,96,271416
28696,4.3e-05,74.125.24.0-255,1484,6221,96,271416
28697,4.5e-05,172.31.47.0-255,66,6287,96,271416
28698,7.1e-05,74.125.24.0-255,5738,12025,96,271416
28699,7.4e-05,172.31.47.0-255,66,12091,96,271416
28700,7.7e-05,74.125.24.0-255,1985,14076,96,271416
28701,7.9e-05,172.31.47.0-255,66,14142,96,271416
28702,0.000271,74.125.24.0-255,1484,15626,96,271416
28703,0.000277,172.31.47.0-255,66,15692,96,271416
28704,0.00028,74.125.24.0-255,1484,17176,96,271416
28705,0.000282,172.31.47.0-255,66,17242,96,271416
28706,0.000296,74.125.24.0-255,1484,18726,96,271416
28707,0.000298,172.31.47.0-255,66,18792,96,271416
28708,0.000304,74.125.24.0-255,5738,24530,96,271416
28709,0.000306,172.31.47.0-255,66,24596,96,271416
28710,0.00031,74.125.24.0-255,2902,27498,96,271416
28711,0.000311,172.31.47.0-255,66,27564,96,271416
28712,0.000361,74.125.24.0-255,3961,31525,96,271416
28713,0.000365,172.31.47.0-255,66,31591,96,271416
28714,0.00062,74.125.24.0-255,1484,33075,96,271416
28715,0.000624,172.31.47.0-255,66,33141,96,271416
28716,0.000631,74.125.24.0-255,2902,36043,96,271416
28717,0.000633,172.31.47.0-255,66,36109,96,271416
28718,0.000653,74.125.24.0-255,2902,39011,96,271416
28719,0.000656,172.31.47.0-255,66,39077,96,271416
28720,0.000686,74.125.24.0-255,2902,41979,96,271416
28721,0.000688,172.31.47.0-255,66,42045,96,271416
28722,0.000693,74.125.24.0-255,4320,46365,96,271416
28723,0.000695,172.31.47.0-255,66,46431,96,271416
28724,0.000718,74.125.24.0-255,2543,48974,96,271416
28725,0.00072,172.31.47.0-255,66,49040,96,271416
28726,0.001012,74.125.24.0-255,1484,50524,96,271416
28727,0.001019,74.125.24.0-255,2902,53426,96,271416
28728,0.001022,172.31.47.0-255,66,53492,96,271416
28729,0.001029,74.125.24.0-255,5738,59230,96,271416
28730,0.00103,172.31.47.0-255,66,59296,96,271416
28731,0.001081,74.125.24.0-255,2902,62198,96,271416
28732,0.001084,172.31.47.0-255,66,62264,96,271416
28733,0.001103,74.125.24.0-255,4291,66555,96,271416
28734,0.001106,172.31.47.0-255,66,66621,96,271416
28735,0.001148,74.125.24.0-255,1484,68105,96,271416
28736,0.001166,74.125.24.0-255,2902,71007,96,271416
28737,0.001168,172.31.47.0-255,66,71073,96,271416
28738,0.001171,74.125.24.0-255,1484,72557,96,271416
28739,0.001189,74.125.24.0-255,4320,76877,96,271416
28740,0.001192,172.31.47.0-255,66,76943,96,271416
28741,0.001215,74.125.24.0-255,1484,78427,96,271416
28742,0.001226,74.125.24.0-255,1484,79911,96,271416
28743,0.001228,172.31.47.0-255,66,79977,96,271416
28744,0.001248,74.125.24.0-255,3961,83938,96,271416
28745,0.00125,172.31.47.0-255,66,84004,96,271416
28746,0.001716,74.125.24.0-255,1484,85488,96,271416
28747,0.001722,74.125.24.0-255,2902,88390,96,271416
28748,0.001726,172.31.47.0-255,66,88456,96,271416
28749,0.001746,74.125.24.0-255,5738,94194,96,271416
28750,0.001749,172.31.47.0-255,66,94260,96,271416
28751,0.001779,74.125.24.0-255,2902,97162,96,271416
28752,0.001781,172.31.47.0-255,66,97228,96,271416
28753,0.001798,74.125.24.0-255,4242,101470,96,271416
28754,0.0018,172.31.47.0-255,66,101536,96,271416
28755,0.00376,74.125.24.0-255,1484,103020,96,271416
28756,0.003828,74.125.24.0-255,1484,104504,96,271416
28757,0.003838,172.31.47.0-255,66,104570,96,271416
28758,0.003855,74.125.24.0-255,2902,107472,96,271416
28759,0.003857,172.31.47.0-255,66,107538,96,271416
28760,0.005869,74.125.24.0-255,5738,113276,96,271416
28761,0.005875,172.31.47.0-255,66,113342,96,271416
28762,0.007906,74.125.24.0-255,5738,119080,96,271416
28763,0.007913,172.31.47.0-255,66,119146,96,271416
28764,0.009927,74.125.24.0-255,5738,124884,96,271416
28765,0.009934,172.31.47.0-255,66,124950,96,271416
28766,0.011973,74.125.24.0-255,5738,130688,96,271416
28767,0.01198,172.31.47.0-255,66,130754,96,271416
28768,0.013993,74.125.24.0-255,5738,136492,96,271416
28769,0.014002,172.31.47.0-255,66,136558,96,271416
28770,0.016013,74.125.24.0-255,5738,142296,96,271416
28771,0.01602,172.31.47.0-255,66,142362,96,271416
28772,0.018042,74.125.24.0-255,5738,148100,96,271416
28773,0.018049,172.31.47.0-255,66,148166,96,271416
28774,0.020088,74.125.24.0-255,5738,153904,96,271416
28775,0.0201,172.31.47.0-255,66,153970,96,271416
28776,0.022126,74.125.24.0-255,5738,159708,96,271416
28777,0.022135,172.31.47.0-255,66,159774,96,271416
28778,0.022576,172.31.47.0-255,172,159946,96,271416
28779,0.022611,172.31.47.0-255,1109,161055,96,271416
28780,0.022668,172.31.47.0-255,1514,162569,96,271416
28781,0.022669,172.31.47.0-255,1514,164083,96,271416
28782,0.022674,172.31.47.0-255,1514,165597,96,271416
28783,0.022675,172.31.47.0-255,1083,166680,96,271416
28784,0.024125,104.244.42.0-255,66,166746,96,271416
28785,0.02416,104.244.42.0-255,66,166812,96,271416
28786,0.024238,74.125.24.0-255,5738,172550,96,271416
28787,0.024244,172.31.47.0-255,66,172616,96,271416
28788,0.024259,104.244.42.0-255,66,172682,96,271416
28789,0.024267,104.244.42.0-255,66,172748,96,271416
28790,0.026238,74.125.24.0-255,5738,178486,96,271416
28791,0.026244,172.31.47.0-255,66,178552,96,271416
28792,0.02825,74.125.24.0-255,5738,184290,96,271416
28793,0.028256,172.31.47.0-255,66,184356,96,271416
28794,0.030273,74.125.24.0-255,5738,190094,96,271416
28795,0.030278,172.31.47.0-255,66,190160,96,271416
28796,0.032302,74.125.24.0-255,5738,195898,96,271416
28797,0.032307,172.31.47.0-255,66,195964,96,271416
28798,0.034339,74.125.24.0-255,5738,201702,96,271416
28799,0.034346,172.31.47.0-255,66,201768,96,271416
28800,0.036366,74.125.24.0-255,5738,207506,96,271416
28801,0.036372,172.31.47.0-255,66,207572,96,271416
28802,0.038423,74.125.24.0-255,5738,213310,96,271416
28803,0.038429,172.31.47.0-255,66,213376,96,271416
28804,0.040445,74.125.24.0-255,5738,219114,96,271416
28805,0.040451,172.31.47.0-255,66,219180,96,271416
28806,0.042443,74.125.24.0-255,5738,224918,96,271416
28807,0.042449,172.31.47.0-255,66,224984,96,271416
28808,0.044505,74.125.24.0-255,5738,230722,96,271416
28809,0.044514,172.31.47.0-255,66,230788,96,271416
28810,0.046535,74.125.24.0-255,5738,236526,96,271416
28811,0.046543,172.31.47.0-255,66,236592,96,271416
28812,0.048588,74.125.24.0-255,5738,242330,96,271416
28813,0.048595,172.31.47.0-255,66,242396,96,271416
28814,0.05061,74.125.24.0-255,5738,248134,96,271416
28815,0.050616,172.31.47.0-255,66,248200,96,271416
28816,0.052656,74.125.24.0-255,5738,253938,96,271416
28817,0.052662,172.31.47.0-255,66,254004,96,271416
28818,0.054735,74.125.24.0-255,5738,259742,96,271416
28819,0.054742,172.31.47.0-255,66,259808,96,271416
28820,0.05675,74.125.24.0-255,5738,265546,96,271416
28821,0.056755,172.31.47.0-255,66,265612,96,271416
28822,0.05877,74.125.24.0-255,5738,271350,96,271416
28823,0.058776,172.31.47.0-255,66,271416,96,271416
28824,0.0,74.125.24.0-255,152,152,96,243783
28825,2.5e-05,172.31.47.0-255,66,218,96,243783
28826,4.9e-05,74.125.24.0-255,1484,1702,96,243783
28827,5.4e-05,172.31.47.0-255,66,1768,96,243783
28828,6e-05,74.125.24.0-255,2902,4670,96,243783
28829,6.3e-05,172.31.47.0-255,66,4736,96,243783
28830,6.6e-05,74.125.24.0-255,1484,6220,96,243783
28831,6.8e-05,172.31.47.0-255,66,6286,96,243783
28832,0.000102,74.125.24.0-255,2902,9188,96,243783
28833,0.000105,172.31.47.0-255,66,9254,96,243783
28834,0.000136,74.125.24.0-255,4924,14178,96,243783
28835,0.00014,172.31.47.0-255,66,14244,96,243783
28836,0.000176,74.125.24.0-255,1484,15728,96,243783
28837,0.000179,172.31.47.0-255,66,15794,96,243783
28838,0.000196,74.125.24.0-255,2902,18696,96,243783
28839,0.000198,172.31.47.0-255,66,18762,96,243783
28840,0.00023,74.125.24.0-255,1484,20246,96,243783
28841,0.000233,172.31.47.0-255,66,20312,96,243783
28842,0.000264,74.125.24.0-255,2902,23214,96,243783
28843,0.000268,172.31.47.0-255,66,23280,96,243783
28844,0.000274,74.125.24.0-255,5738,29018,96,243783
28845,0.000276,172.31.47.0-255,66,29084,96,243783
28846,0.000281,74.125.24.0-255,2543,31627,96,243783
28847,0.000283,172.31.47.0-255,66,31693,96,243783
28848,0.000425,74.125.24.0-255,1484,33177,96,243783
28849,0.00043,172.31.47.0-255,66,33243,96,243783
28850,0.000435,74.125.24.0-255,2902,36145,96,243783
28851,0.000438,172.31.47.0-255,66,36211,96,243783
28852,0.000469,74.125.24.0-255,5738,41949,96,243783
28853,0.000474,172.31.47.0-255,66,42015,96,243783
28854,0.000478,74.125.24.0-255,2902,44917,96,243783
28855,0.000481,172.31.47.0-255,66,44983,96,243783
28856,0.000518,172.31.47.0-255,66,45049,96,243783
28857,0.000548,74.125.24.0-255,2543,47592,96,243783
28858,0.000551,172.31.47.0-255,66,47658,96,243783
28859,0.000565,172.31.47.0-255,66,47724,96,243783
28860,0.000916,74.125.24.0-255,377,48101,96,243783
28861,0.00093,172.31.47.0-255,66,48167,96,243783
28862,0.001094,74.125.24.0-255,1484,49651,96,243783
28863,0.001099,172.31.47.0-255,66,49717,96,243783
28864,0.001105,74.125.24.0-255,2902,52619,96,243783
28865,0.001107,172.31.47.0-255,66,52685,96,243783
28866,0.001141,74.125.24.0-255,5738,58423,96,243783
28867,0.001144,172.31.47.0-255,66,58489,96,243783
28868,0.001148,74.125.24.0-255,4320,62809,96,243783
28869,0.001151,172.31.47.0-255,66,62875,96,243783
28870,0.001155,74.125.24.0-255,2902,65777,96,243783
28871,0.001157,172.31.47.0-255,66,65843,96,243783
28872,0.001206,172.31.47.0-255,66,65909,96,243783
28873,0.001213,74.125.24.0-255,6797,72706,96,243783
28874,0.001216,172.31.47.0-255,66,72772,96,243783
28875,0.001732,74.125.24.0-255,1484,74256,96,243783
28876,0.001736,172.31.47.0-255,66,74322,96,243783
28877,0.001741,74.125.24.0-255,1484,75806,96,243783
28878,0.001742,172.31.47.0-255,66,75872,96,243783
28879,0.001772,74.125.24.0-255,1484,77356,96,243783
28880,0.001774,172.31.47.0-255,66,77422,96,243783
28881,0.00178,74.125.24.0-255,5738,83160,96,243783
28882,0.001782,172.31.47.0-255,66,83226,96,243783
28883,0.001785,74.125.24.0-255,1484,84710,96,243783
28884,0.001787,172.31.47.0-255,66,84776,96,243783
28885,0.001826,172.31.47.0-255,66,84842,96,243783
28886,0.001829,74.125.24.0-255,1484,86326,96,243783
28887,0.00183,172.31.47.0-255,66,86392,96,243783
28888,0.001866,172.31.47.0-255,66,86458,96,243783
28889,0.002117,74.125.24.0-255,1484,87942,96,243783
28890,0.002142,74.125.24.0-255,1484,89426,96,243783
28891,0.002158,74.125.24.0-255,2902,92328,96,243783
28892,0.00217,74.125.24.0-255,4320,96648,96,243783
28893,0.00218,74.125.24.0-255,1484,98132,96,243783
28894,0.002197,74.125.24.0-255,2902,101034,96,243783
28895,0.002219,74.125.24.0-255,1484,102518,96,243783
28896,0.002258,74.125.24.0-255,4320,106838,96,243783
28897,0.00228,74.125.24.0-255,5020,111858,96,243783
28898,0.002351,74.125.24.0-255,766,112624,96,243783
28899,0.00417,172.31.47.0-255,66,112690,96,243783
28900,0.006568,74.125.24.0-255,4320,117010,96,243783
28901,0.006573,172.31.47.0-255,66,117076,96,243783
28902,0.006603,74.125.24.0-255,1484,118560,96,243783
28903,0.006605,172.31.47.0-255,66,118626,96,243783
28904,0.008946,74.125.24.0-255,4320,122946,96,243783
28905,0.008951,172.31.47.0-255,66,123012,96,243783
28906,0.008983,74.125.24.0-255,1484,124496,96,243783
28907,0.008985,172.31.47.0-255,66,124562,96,243783
28908,0.011347,74.125.24.0-255,4320,128882,96,243783
28909,0.011355,172.31.47.0-255,66,128948,96,243783
28910,0.011386,74.125.24.0-255,1484,130432,96,243783
28911,0.011389,172.31.47.0-255,66,130498,96,243783
28912,0.013741,74.125.24.0-255,4320,134818,96,243783
28913,0.013778,74.125.24.0-255,1484,136302,96,243783
28914,0.015522,172.31.47.0-255,66,136368,96,243783
28915,0.017935,74.125.24.0-255,4320,140688,96,243783
28916,0.017942,172.31.47.0-255,66,140754,96,243783
28917,0.017972,74.125.24.0-255,1484,142238,96,243783
28918,0.02036,74.125.24.0-255,4320,146558,96,243783
28919,0.020367,172.31.47.0-255,66,146624,96,243783
28920,0.022738,74.125.24.0-255,5738,152362,96,243783
28921,0.022791,172.31.47.0-255,66,152428,96,243783
28922,0.025218,74.125.24.0-255,5738,158166,96,243783
28923,0.025227,172.31.47.0-255,66,158232,96,243783
28924,0.027638,74.125.24.0-255,5738,163970,96,243783
28925,0.027647,172.31.47.0-255,66,164036,96,243783
28926,0.030041,74.125.24.0-255,5738,169774,96,243783
28927,0.030049,172.31.47.0-255,66,169840,96,243783
28928,0.032459,74.125.24.0-255,5738,175578,96,243783
28929,0.032467,172.31.47.0-255,66,175644,96,243783
28930,0.032951,172.31.47.0-255,172,175816,96,243783
28931,0.032974,172.31.47.0-255,1110,176926,96,243783
28932,0.033027,172.31.47.0-255,1514,178440,96,243783
28933,0.033047,172.31.47.0-255,1301,179741,96,243783
28934,0.034487,104.244.42.0-255,66,179807,96,243783
28935,0.034529,104.244.42.0-255,66,179873,96,243783
28936,0.034572,104.244.42.0-255,66,179939,96,243783
28937,0.034891,74.125.24.0-255,5738,185677,96,243783
28938,0.034897,172.31.47.0-255,66,185743,96,243783
28939,0.037291,74.125.24.0-255,5738,191481,96,243783
28940,0.037297,172.31.47.0-255,66,191547,96,243783
28941,0.039714,74.125.24.0-255,5738,197285,96,243783
28942,0.039722,172.31.47.0-255,66,197351,96,243783
28943,0.04211,74.125.24.0-255,5738,203089,96,243783
28944,0.042117,172.31.47.0-255,66,203155,96,243783
28945,0.044521,74.125.24.0-255,5738,208893,96,243783
28946,0.044528,172.31.47.0-255,66,208959,96,243783
28947,0.046947,74.125.24.0-255,5738,214697,96,243783
28948,0.046954,172.31.47.0-255,66,214763,96,243783
28949,0.049345,74.125.24.0-255,5738,220501,96,243783
28950,0.049352,172.31.47.0-255,66,220567,96,243783
28951,0.05175,74.125.24.0-255,5738,226305,96,243783
28952,0.051757,172.31.47.0-255,66,226371,96,243783
28953,0.054167,74.125.24.0-255,5738,232109,96,243783
28954,0.054174,172.31.47.0-255,66,232175,96,243783
28955,0.056622,74.125.24.0-255,5738,237913,96,243783
28956,0.056628,172.31.47.0-255,66,237979,96,243783
28957,0.059039,74.125.24.0-255,5738,243717,96,243783
28958,0.059046,172.31.47.0-255,66,243783,96,243783
28959,0.0,172.217.194.0-255,146,146,96,288430
28960,3.4e-05,172.31.47.0-255,66,212,96,288430
28961,4.1e-05,172.217.194.0-255,1484,1696,96,288430
28962,4.5e-05,172.31.47.0-255,66,1762,96,288430
28963,5.1e-05,172.217.194.0-255,2902,4664,96,288430
28964,5.4e-05,172.31.47.0-255,66,4730,96,288430
28965,6.2e-05,172.217.194.0-255,7156,11886,96,288430
28966,6.5e-05,172.31.47.0-255,66,11952,96,288430
28967,6.8e-05,172.217.194.0-255,2037,13989,96,288430
28968,7.1e-05,172.31.47.0-255,66,14055,96,288430
28969,0.000213,172.217.194.0-255,1484,15539,96,288430
28970,0.000218,172.31.47.0-255,66,15605,96,288430
28971,0.000223,172.217.194.0-255,2902,18507,96,288430
28972,0.000226,172.31.47.0-255,66,18573,96,288430
28973,0.00023,172.217.194.0-255,2902,21475,96,288430
28974,0.000233,172.31.47.0-255,66,21541,96,288430
28975,0.000253,172.217.194.0-255,2902,24443,96,288430
28976,0.000256,172.31.47.0-255,66,24509,96,288430
28977,0.00029,172.217.194.0-255,4320,28829,96,288430
28978,0.000294,172.31.47.0-255,66,28895,96,288430
28979,0.00031,172.217.194.0-255,2543,31438,96,288430
28980,0.000313,172.31.47.0-255,66,31504,96,288430
28981,0.000364,172.217.194.0-255,1484,32988,96,288430
28982,0.000367,172.31.47.0-255,66,33054,96,288430
28983,0.000371,172.217.194.0-255,2902,35956,96,288430
28984,0.000375,172.31.47.0-255,66,36022,96,288430
28985,0.000381,172.217.194.0-255,5738,41760,96,288430
28986,0.000383,172.31.47.0-255,66,41826,96,288430
28987,0.000417,172.217.194.0-255,7156,48982,96,288430
28988,0.000421,172.31.47.0-255,66,49048,96,288430
28989,0.000447,172.217.194.0-255,6797,55845,96,288430
28990,0.00045,172.31.47.0-255,66,55911,96,288430
28991,0.000461,172.31.47.0-255,66,55977,96,288430
28992,0.000464,172.217.194.0-255,1428,57405,96,288430
28993,0.000529,172.217.194.0-255,377,57782,96,288430
28994,0.000532,172.31.47.0-255,66,57848,96,288430
28995,0.000926,172.217.194.0-255,1484,59332,96,288430
28996,0.000936,172.217.194.0-255,2902,62234,96,288430
28997,0.00094,172.31.47.0-255,66,62300,96,288430
28998,0.000945,172.217.194.0-255,2902,65202,96,288430
28999,0.000947,172.31.47.0-255,66,65268,96,288430
29000,0.000967,172.217.194.0-255,2902,68170,96,288430
29001,0.00097,172.31.47.0-255,66,68236,96,288430
29002,0.000983,172.31.47.0-255,66,68302,96,288430
29003,0.001024,172.31.47.0-255,66,68368,96,288430
29004,0.001257,172.217.194.0-255,1484,69852,96,288430
29005,0.001264,172.217.194.0-255,2902,72754,96,288430
29006,0.001268,172.31.47.0-255,66,72820,96,288430
29007,0.001274,172.217.194.0-255,5738,78558,96,288430
29008,0.001276,172.31.47.0-255,66,78624,96,288430
29009,0.001293,172.217.194.0-255,2902,81526,96,288430
29010,0.001296,172.31.47.0-255,66,81592,96,288430
29011,0.001301,172.217.194.0-255,4320,85912,96,288430
29012,0.001302,172.31.47.0-255,66,85978,96,288430
29013,0.001332,172.31.47.0-255,66,86044,96,288430
29014,0.001336,172.217.194.0-255,1484,87528,96,288430
29015,0.001356,172.217.194.0-255,6438,93966,96,288430
29016,0.00136,172.31.47.0-255,66,94032,96,288430
29017,0.001407,172.217.194.0-255,1484,95516,96,288430
29018,0.001413,172.217.194.0-255,2902,98418,96,288430
29019,0.001416,172.31.47.0-255,66,98484,96,288430
29020,0.001439,172.217.194.0-255,5738,104222,96,288430
29021,0.001442,172.31.47.0-255,66,104288,96,288430
29022,0.00145,172.217.194.0-255,7156,111444,96,288430
29023,0.001453,172.31.47.0-255,66,111510,96,288430
29024,0.001479,172.217.194.0-255,2902,114412,96,288430
29025,0.001482,172.31.47.0-255,66,114478,96,288430
29026,0.001517,172.31.47.0-255,66,114544,96,288430
29027,0.001521,172.217.194.0-255,2184,116728,96,288430
29028,0.001523,172.31.47.0-255,66,116794,96,288430
29029,0.001562,172.217.194.0-255,1484,118278,96,288430
29030,0.001596,172.217.194.0-255,2902,121180,96,288430
29031,0.001603,172.217.194.0-255,5738,126918,96,288430
29032,0.001608,172.217.194.0-255,5738,132656,96,288430
29033,0.001614,172.31.47.0-255,66,132722,96,288430
29034,0.001624,172.31.47.0-255,66,132788,96,288430
29035,0.001627,172.31.47.0-255,66,132854,96,288430
29036,0.001642,172.31.47.0-255,66,132920,96,288430
29037,0.001647,172.217.194.0-255,2902,135822,96,288430
29038,0.00165,172.31.47.0-255,66,135888,96,288430
29039,0.001669,172.217.194.0-255,2184,138072,96,288430
29040,0.001672,172.31.47.0-255,66,138138,96,288430
29041,0.001728,172.217.194.0-255,1484,139622,96,288430
29042,0.001732,172.217.194.0-255,1484,141106,96,288430
29043,0.001735,172.31.47.0-255,66,141172,96,288430
29044,0.001751,172.217.194.0-255,1484,142656,96,288430
29045,0.001756,172.217.194.0-255,4320,146976,96,288430
29046,0.00176,172.31.47.0-255,66,147042,96,288430
29047,0.00177,172.31.47.0-255,66,147108,96,288430
29048,0.001847,172.31.47.0-255,66,147174,96,288430
29049,0.001851,172.217.194.0-255,766,147940,96,288430
29050,0.001866,172.217.194.0-255,1484,149424,96,288430
29051,0.001868,172.31.47.0-255,66,149490,96,288430
29052,0.001874,172.217.194.0-255,4320,153810,96,288430
29053,0.001876,172.31.47.0-255,66,153876,96,288430
29054,0.001913,172.31.47.0-255,66,153942,96,288430
29055,0.001923,172.217.194.0-255,2902,156844,96,288430
29056,0.001925,172.31.47.0-255,66,156910,96,288430
29057,0.001951,172.217.194.0-255,7156,164066,96,288430
29058,0.001955,172.31.47.0-255,66,164132,96,288430
29059,0.001967,172.31.47.0-255,66,164198,96,288430
29060,0.001995,172.217.194.0-255,2184,166382,96,288430
29061,0.002008,172.217.194.0-255,1484,167866,96,288430
29062,0.002012,172.31.47.0-255,66,167932,96,288430
29063,0.002016,172.31.47.0-255,66,167998,96,288430
29064,0.002046,172.31.47.0-255,66,168064,96,288430
29065,0.004022,172.217.194.0-255,5738,173802,96,288430
29066,0.004028,172.31.47.0-255,66,173868,96,288430
29067,0.006025,172.217.194.0-255,4320,178188,96,288430
29068,0.006029,172.31.47.0-255,66,178254,96,288430
29069,0.006041,172.217.194.0-255,1484,179738,96,288430
29070,0.008023,172.217.194.0-255,4320,184058,96,288430
29071,0.008027,172.31.47.0-255,66,184124,96,288430
29072,0.010001,172.217.194.0-255,5738,189862,96,288430
29073,0.010009,172.31.47.0-255,66,189928,96,288430
29074,0.01199,172.217.194.0-255,5738,195666,96,288430
29075,0.011997,172.31.47.0-255,66,195732,96,288430
29076,0.013989,172.217.194.0-255,5738,201470,96,288430
29077,0.013995,172.31.47.0-255,66,201536,96,288430
29078,0.015977,172.217.194.0-255,5738,207274,96,288430
29079,0.015985,172.31.47.0-255,66,207340,96,288430
29080,0.017985,172.217.194.0-255,5738,213078,96,288430
29081,0.017993,172.31.47.0-255,66,213144,96,288430
29082,0.019967,172.217.194.0-255,5738,218882,96,288430
29083,0.019975,172.31.47.0-255,66,218948,96,288430
29084,0.021972,172.217.194.0-255,5738,224686,96,288430
29085,0.021979,172.31.47.0-255,66,224752,96,288430
29086,0.023971,172.217.194.0-255,5738,230490,96,288430
29087,0.023979,172.31.47.0-255,66,230556,96,288430
29088,0.025706,172.31.47.0-255,172,230728,96,288430
29089,0.025732,172.31.47.0-255,1110,231838,96,288430
29090,0.025783,172.31.47.0-255,1514,233352,96,288430
29091,0.025785,172.31.47.0-255,1303,234655,96,288430
29092,0.025981,172.217.194.0-255,5738,240393,96,288430
29093,0.025986,172.31.47.0-255,66,240459,96,288430
29094,0.027245,104.244.42.0-255,66,240525,96,288430
29095,0.027297,104.244.42.0-255,66,240591,96,288430
29096,0.027342,104.244.42.0-255,66,240657,96,288430
29097,0.027986,172.217.194.0-255,5738,246395,96,288430
29098,0.027992,172.31.47.0-255,66,246461,96,288430
29099,0.029991,172.217.194.0-255,5738,252199,96,288430
29100,0.029998,172.31.47.0-255,66,252265,96,288430
29101,0.03198,172.217.194.0-255,5738,258003,96,288430
29102,0.03199,172.31.47.0-255,66,258069,96,288430
29103,0.033978,172.217.194.0-255,5738,263807,96,288430
29104,0.033984,172.31.47.0-255,66,263873,96,288430
29105,0.035973,172.217.194.0-255,5738,269611,96,288430
29106,0.035978,172.31.47.0-255,66,269677,96,288430
29107,0.037993,172.217.194.0-255,5738,275415,96,288430
29108,0.037998,172.31.47.0-255,66,275481,96,288430
29109,0.039994,172.217.194.0-255,5738,281219,96,288430
29110,0.039999,172.31.47.0-255,66,281285,96,288430
29111,0.041999,172.217.194.0-255,5738,287023,96,288430
29112,0.042004,172.31.47.0-255,66,287089,96,288430
29113,0.043974,172.217.194.0-255,1104,288193,96,288430
29114,0.044111,172.31.47.0-255,66,288259,96,288430
29115,0.044134,172.31.47.0-255,105,288364,96,288430
29116,0.046103,172.217.194.0-255,66,288430,96,288430
29117,0.0,172.31.47.0-255,105,105,96,459
29118,0.000273,172.31.47.0-255,90,195,96,459
29119,0.000281,172.31.47.0-255,66,261,96,459
29120,0.002356,74.125.24.0-255,66,327,96,459
29121,0.002368,74.125.24.0-255,66,393,96,459
29122,0.002377,172.31.47.0-255,66,459,96,459
29123,0.0,74.125.24.0-255,298,298,96,274454
29124,3.3e-05,172.31.47.0-255,66,364,96,274454
29125,3.9e-05,74.125.24.0-255,1484,1848,96,274454
29126,4.4e-05,172.31.47.0-255,66,1914,96,274454
29127,5.6e-05,74.125.24.0-255,4320,6234,96,274454
29128,5.9e-05,172.31.47.0-255,66,6300,96,274454
29129,7.1e-05,172.31.47.0-255,66,6366,96,274454
29130,0.000111,172.31.47.0-255,66,6432,96,274454
29131,0.000143,74.125.24.0-255,3961,10393,96,274454
29132,0.000146,172.31.47.0-255,66,10459,96,274454
29133,0.000152,74.125.24.0-255,4320,14779,96,274454
29134,0.000154,172.31.47.0-255,66,14845,96,274454
29135,0.000161,74.125.24.0-255,7156,22001,96,274454
29136,0.000164,172.31.47.0-255,66,22067,96,274454
29137,0.000186,74.125.24.0-255,2902,24969,96,274454
29138,0.000189,172.31.47.0-255,66,25035,96,274454
29139,0.000194,74.125.24.0-255,2543,27578,96,274454
29140,0.000196,172.31.47.0-255,66,27644,96,274454
29141,0.000667,74.125.24.0-255,1484,29128,96,274454
29142,0.000673,172.31.47.0-255,66,29194,96,274454
29143,0.000698,74.125.24.0-255,1484,30678,96,274454
29144,0.000703,172.31.47.0-255,66,30744,96,274454
29145,0.000731,74.125.24.0-255,2902,33646,96,274454
29146,0.000734,172.31.47.0-255,66,33712,96,274454
29147,0.000741,74.125.24.0-255,5738,39450,96,274454
29148,0.000744,172.31.47.0-255,66,39516,96,274454
29149,0.000751,74.125.24.0-255,5379,44895,96,274454
29150,0.000754,172.31.47.0-255,66,44961,96,274454
29151,0.000793,74.125.24.0-255,1484,46445,96,274454
29152,0.000796,172.31.47.0-255,66,46511,96,274454
29153,0.000801,74.125.24.0-255,2902,49413,96,274454
29154,0.000807,74.125.24.0-255,4320,53733,96,274454
29155,0.000811,172.31.47.0-255,66,53799,96,274454
29156,0.00083,74.125.24.0-255,1484,55283,96,274454
29157,0.000851,74.125.24.0-255,4320,59603,96,274454
29158,0.000856,172.31.47.0-255,66,59669,96,274454
29159,0.000867,74.125.24.0-255,3123,62792,96,274454
29160,0.000878,172.31.47.0-255,66,62858,96,274454
29161,0.001111,74.125.24.0-255,1484,64342,96,274454
29162,0.00112,74.125.24.0-255,2902,67244,96,274454
29163,0.001125,172.31.47.0-255,66,67310,96,274454
29164,0.001132,74.125.24.0-255,5738,73048,96,274454
29165,0.001157,74.125.24.0-255,5738,78786,96,274454
29166,0.001164,74.125.24.0-255,5738,84524,96,274454
29167,0.001183,74.125.24.0-255,7156,91680,96,274454
29168,0.001187,74.125.24.0-255,2902,94582,96,274454
29169,0.001202,74.125.24.0-255,1621,96203,96,274454
29170,0.001327,74.125.24.0-255,1484,97687,96,274454
29171,0.001332,74.125.24.0-255,1484,99171,96,274454
29172,0.001346,74.125.24.0-255,1484,100655,96,274454
29173,0.001368,74.125.24.0-255,5738,106393,96,274454
29174,0.001372,74.125.24.0-255,2902,109295,96,274454
29175,0.001388,74.125.24.0-255,4320,113615,96,274454
29176,0.001401,74.125.24.0-255,4320,117935,96,274454
29177,0.001428,74.125.24.0-255,2184,120119,96,274454
29178,0.002006,74.125.24.0-255,1484,121603,96,274454
29179,0.00201,74.125.24.0-255,1484,123087,96,274454
29180,0.002028,74.125.24.0-255,1484,124571,96,274454
29181,0.002033,74.125.24.0-255,5738,130309,96,274454
29182,0.002051,74.125.24.0-255,1484,131793,96,274454
29183,0.002297,74.125.24.0-255,1484,133277,96,274454
29184,0.002311,74.125.24.0-255,2902,136179,96,274454
29185,0.002314,74.125.24.0-255,1484,137663,96,274454
29186,0.005787,172.31.47.0-255,66,137729,96,274454
29187,0.008107,74.125.24.0-255,5738,143467,96,274454
29188,0.008113,172.31.47.0-255,66,143533,96,274454
29189,0.010404,74.125.24.0-255,5738,149271,96,274454
29190,0.010412,172.31.47.0-255,66,149337,96,274454
29191,0.012577,172.31.47.0-255,101,149438,96,274454
29192,0.012672,74.125.24.0-255,2902,152340,96,274454
29193,0.012689,74.125.24.0-255,2902,155242,96,274454
29194,0.014409,172.31.47.0-255,66,155308,96,274454
29195,0.014841,74.125.24.0-255,66,155374,96,274454
29196,0.016695,74.125.24.0-255,2902,158276,96,274454
29197,0.016701,172.31.47.0-255,66,158342,96,274454
29198,0.016735,74.125.24.0-255,2902,161244,96,274454
29199,0.016749,172.31.47.0-255,66,161310,96,274454
29200,0.018975,74.125.24.0-255,2902,164212,96,274454
29201,0.018981,172.31.47.0-255,66,164278,96,274454
29202,0.019007,74.125.24.0-255,2902,167180,96,274454
29203,0.019233,172.31.47.0-255,66,167246,96,274454
29204,0.021276,74.125.24.0-255,2902,170148,96,274454
29205,0.021283,172.31.47.0-255,66,170214,96,274454
29206,0.021517,74.125.24.0-255,2902,173116,96,274454
29207,0.021523,172.31.47.0-255,66,173182,96,274454
29208,0.022789,172.31.47.0-255,172,173354,96,274454
29209,0.022815,172.31.47.0-255,1109,174463,96,274454
29210,0.022848,172.31.47.0-255,1514,175977,96,274454
29211,0.02285,172.31.47.0-255,335,176312,96,274454
29212,0.023564,74.125.24.0-255,2902,179214,96,274454
29213,0.023569,172.31.47.0-255,66,179280,96,274454
29214,0.023794,74.125.24.0-255,2902,182182,96,274454
29215,0.023799,172.31.47.0-255,66,182248,96,274454
29216,0.024353,104.244.42.0-255,66,182314,96,274454
29217,0.024359,104.244.42.0-255,66,182380,96,274454
29218,0.024403,104.244.42.0-255,66,182446,96,274454
29219,0.025851,74.125.24.0-255,2902,185348,96,274454
29220,0.025855,172.31.47.0-255,66,185414,96,274454
29221,0.026077,74.125.24.0-255,2902,188316,96,274454
29222,0.026082,172.31.47.0-255,66,188382,96,274454
29223,0.028121,74.125.24.0-255,2902,191284,96,274454
29224,0.028125,172.31.47.0-255,66,191350,96,274454
29225,0.028382,74.125.24.0-255,2902,194252,96,274454
29226,0.028387,172.31.47.0-255,66,194318,96,274454
29227,0.030387,74.125.24.0-255,2902,197220,96,274454
29228,0.030393,172.31.47.0-255,66,197286,96,274454
29229,0.030683,74.125.24.0-255,2902,200188,96,274454
29230,0.030688,172.31.47.0-255,66,200254,96,274454
29231,0.032647,74.125.24.0-255,2902,203156,96,274454
29232,0.032652,172.31.47.0-255,66,203222,96,274454
29233,0.032974,74.125.24.0-255,2902,206124,96,274454
29234,0.032978,172.31.47.0-255,66,206190,96,274454
29235,0.034916,74.125.24.0-255,2902,209092,96,274454
29236,0.034922,172.31.47.0-255,66,209158,96,274454
29237,0.035258,74.125.24.0-255,2902,212060,96,274454
29238,0.035263,172.31.47.0-255,66,212126,96,274454
29239,0.037183,74.125.24.0-255,2902,215028,96,274454
29240,0.037189,172.31.47.0-255,66,215094,96,274454
29241,0.037531,74.125.24.0-255,2902,217996,96,274454
29242,0.037536,172.31.47.0-255,66,218062,96,274454
29243,0.039475,74.125.24.0-255,2902,220964,96,274454
29244,0.03948,172.31.47.0-255,66,221030,96,274454
29245,0.039817,74.125.24.0-255,2902,223932,96,274454
29246,0.039822,172.31.47.0-255,66,223998,96,274454
29247,0.041736,74.125.24.0-255,2902,226900,96,274454
29248,0.041741,172.31.47.0-255,66,226966,96,274454
29249,0.042104,74.125.24.0-255,2902,229868,96,274454
29250,0.042109,172.31.47.0-255,66,229934,96,274454
29251,0.044018,74.125.24.0-255,2902,232836,96,274454
29252,0.044023,172.31.47.0-255,66,232902,96,274454
29253,0.04439,74.125.24.0-255,2902,235804,96,274454
29254,0.044396,172.31.47.0-255,66,235870,96,274454
29255,0.046307,74.125.24.0-255,2902,238772,96,274454
29256,0.046313,172.31.47.0-255,66,238838,96,274454
29257,0.046677,74.125.24.0-255,2902,241740,96,274454
29258,0.046682,172.31.47.0-255,66,241806,96,274454
29259,0.048607,74.125.24.0-255,2902,244708,96,274454
29260,0.048612,172.31.47.0-255,66,244774,96,274454
29261,0.048955,74.125.24.0-255,2902,247676,96,274454
29262,0.04896,172.31.47.0-255,66,247742,96,274454
29263,0.050873,74.125.24.0-255,2902,250644,96,274454
29264,0.050878,172.31.47.0-255,66,250710,96,274454
29265,0.051229,74.125.24.0-255,2902,253612,96,274454
29266,0.051234,172.31.47.0-255,66,253678,96,274454
29267,0.053131,74.125.24.0-255,2902,256580,96,274454
29268,0.053136,172.31.47.0-255,66,256646,96,274454
29269,0.053534,74.125.24.0-255,2902,259548,96,274454
29270,0.053539,172.31.47.0-255,66,259614,96,274454
29271,0.055435,74.125.24.0-255,2902,262516,96,274454
29272,0.05544,172.31.47.0-255,66,262582,96,274454
29273,0.055803,74.125.24.0-255,2902,265484,96,274454
29274,0.055807,172.31.47.0-255,66,265550,96,274454
29275,0.057694,74.125.24.0-255,2902,268452,96,274454
29276,0.057711,172.31.47.0-255,66,268518,96,274454
29277,0.058068,74.125.24.0-255,2902,271420,96,274454
29278,0.058073,172.31.47.0-255,66,271486,96,274454
29279,0.059974,74.125.24.0-255,2902,274388,96,274454
29280,0.059979,172.31.47.0-255,66,274454,96,274454
29281,0.0,74.125.24.0-255,145,145,96,269892
29282,1.5e-05,172.31.47.0-255,66,211,96,269892
29283,2.2e-05,74.125.24.0-255,1484,1695,96,269892
29284,2.6e-05,172.31.47.0-255,66,1761,96,269892
29285,3.2e-05,74.125.24.0-255,2902,4663,96,269892
29286,3.5e-05,172.31.47.0-255,66,4729,96,269892
29287,3.9e-05,74.125.24.0-255,1484,6213,96,269892
29288,4.7e-05,172.31.47.0-255,66,6279,96,269892
29289,5.5e-05,74.125.24.0-255,5738,12017,96,269892
29290,5.7e-05,172.31.47.0-255,66,12083,96,269892
29291,7.3e-05,74.125.24.0-255,2161,14244,96,269892
29292,8.1e-05,172.31.47.0-255,66,14310,96,269892
29293,0.000302,74.125.24.0-255,1484,15794,96,269892
29294,0.000308,172.31.47.0-255,66,15860,96,269892
29295,0.000314,74.125.24.0-255,2902,18762,96,269892
29296,0.000316,172.31.47.0-255,66,18828,96,269892
29297,0.000351,74.125.24.0-255,5738,24566,96,269892
29298,0.000354,172.31.47.0-255,66,24632,96,269892
29299,0.000362,74.125.24.0-255,6797,31429,96,269892
29300,0.000364,172.31.47.0-255,66,31495,96,269892
29301,0.000391,74.125.24.0-255,5738,37233,96,269892
29302,0.000393,172.31.47.0-255,66,37299,96,269892
29303,0.000431,172.31.47.0-255,66,37365,96,269892
29304,0.000436,74.125.24.0-255,2543,39908,96,269892
29305,0.000438,172.31.47.0-255,66,39974,96,269892
29306,0.000476,172.31.47.0-255,66,40040,96,269892
29307,0.000516,74.125.24.0-255,5738,45778,96,269892
29308,0.000521,172.31.47.0-255,66,45844,96,269892
29309,0.000526,74.125.24.0-255,2837,48681,96,269892
29310,0.000528,172.31.47.0-255,66,48747,96,269892
29311,0.000531,74.125.24.0-255,135,48882,96,269892
29312,0.000539,172.31.47.0-255,66,48948,96,269892
29313,0.000648,74.125.24.0-255,344,49292,96,269892
29314,0.000652,172.31.47.0-255,66,49358,96,269892
29315,0.000906,74.125.24.0-255,1484,50842,96,269892
29316,0.000912,172.31.47.0-255,66,50908,96,269892
29317,0.000918,74.125.24.0-255,2902,53810,96,269892
29318,0.00092,172.31.47.0-255,66,53876,96,269892
29319,0.000932,74.125.24.0-255,5738,59614,96,269892
29320,0.000934,172.31.47.0-255,66,59680,96,269892
29321,0.000969,74.125.24.0-255,6797,66477,96,269892
29322,0.000972,172.31.47.0-255,66,66543,96,269892
29323,0.001474,74.125.24.0-255,1484,68027,96,269892
29324,0.001478,172.31.47.0-255,66,68093,96,269892
29325,0.001483,74.125.24.0-255,2902,70995,96,269892
29326,0.001485,172.31.47.0-255,66,71061,96,269892
29327,0.001516,74.125.24.0-255,5738,76799,96,269892
29328,0.001518,172.31.47.0-255,66,76865,96,269892
29329,0.001531,74.125.24.0-255,4320,81185,96,269892
29330,0.001537,172.31.47.0-255,66,81251,96,269892
29331,0.001553,74.125.24.0-255,2543,83794,96,269892
29332,0.001555,172.31.47.0-255,66,83860,96,269892
29333,0.002237,74.125.24.0-255,1484,85344,96,269892
29334,0.002247,74.125.24.0-255,2902,88246,96,269892
29335,0.002251,172.31.47.0-255,66,88312,96,269892
29336,0.002256,74.125.24.0-255,1484,89796,96,269892
29337,0.002278,74.125.24.0-255,4320,94116,96,269892
29338,0.00228,172.31.47.0-255,66,94182,96,269892
29339,0.002286,74.125.24.0-255,5738,99920,96,269892
29340,0.002288,172.31.47.0-255,66,99986,96,269892
29341,0.002299,74.125.24.0-255,7156,107142,96,269892
29342,0.002301,172.31.47.0-255,66,107208,96,269892
29343,0.00234,172.31.47.0-255,66,107274,96,269892
29344,0.002473,74.125.24.0-255,1484,108758,96,269892
29345,0.002485,74.125.24.0-255,2902,111660,96,269892
29346,0.002487,172.31.47.0-255,66,111726,96,269892
29347,0.002513,74.125.24.0-255,5738,117464,96,269892
29348,0.002515,172.31.47.0-255,66,117530,96,269892
29349,0.00252,74.125.24.0-255,4320,121850,96,269892
29350,0.002522,172.31.47.0-255,66,121916,96,269892
29351,0.002558,172.31.47.0-255,66,121982,96,269892
29352,0.002567,172.31.47.0-255,66,122048,96,269892
29353,0.002573,74.125.24.0-255,1484,123532,96,269892
29354,0.002575,74.125.24.0-255,766,124298,96,269892
29355,0.002577,172.31.47.0-255,66,124364,96,269892
29356,0.003003,74.125.24.0-255,1484,125848,96,269892
29357,0.003006,74.125.24.0-255,1484,127332,96,269892
29358,0.003008,172.31.47.0-255,66,127398,96,269892
29359,0.003038,74.125.24.0-255,1484,128882,96,269892
29360,0.003045,74.125.24.0-255,5738,134620,96,269892
29361,0.003049,74.125.24.0-255,2902,137522,96,269892
29362,0.003079,74.125.24.0-255,1484,139006,96,269892
29363,0.003103,74.125.24.0-255,2902,141908,96,269892
29364,0.003117,74.125.24.0-255,6438,148346,96,269892
29365,0.003412,74.125.24.0-255,1484,149830,96,269892
29366,0.003428,74.125.24.0-255,2902,152732,96,269892
29367,0.003449,74.125.24.0-255,5738,158470,96,269892
29368,0.003476,74.125.24.0-255,2902,161372,96,269892
29369,0.003533,74.125.24.0-255,2902,164274,96,269892
29370,0.003859,74.125.24.0-255,1484,165758,96,269892
29371,0.003869,74.125.24.0-255,1484,167242,96,269892
29372,0.00388,74.125.24.0-255,1484,168726,96,269892
29373,0.003895,74.125.24.0-255,5738,174464,96,269892
29374,0.003957,74.125.24.0-255,1484,175948,96,269892
29375,0.004013,74.125.24.0-255,1484,177432,96,269892
29376,0.004032,74.125.24.0-255,2902,180334,96,269892
29377,0.004038,74.125.24.0-255,5738,186072,96,269892
29378,0.004049,74.125.24.0-255,1484,187556,96,269892
29379,0.004099,74.125.24.0-255,4320,191876,96,269892
29380,0.004116,74.125.24.0-255,6438,198314,96,269892
29381,0.004151,74.125.24.0-255,1484,199798,96,269892
29382,0.004153,74.125.24.0-255,1484,201282,96,269892
29383,0.004166,74.125.24.0-255,1484,202766,96,269892
29384,0.004179,74.125.24.0-255,5738,208504,96,269892
29385,0.004198,74.125.24.0-255,2902,211406,96,269892
29386,0.00423,74.125.24.0-255,2902,214308,96,269892
29387,0.004447,74.125.24.0-255,1484,215792,96,269892
29388,0.004461,74.125.24.0-255,2902,218694,96,269892
29389,0.004483,74.125.24.0-255,5738,224432,96,269892
29390,0.004495,74.125.24.0-255,4320,228752,96,269892
29391,0.004546,74.125.24.0-255,4320,233072,96,269892
29392,0.004549,74.125.24.0-255,1484,234556,96,269892
29393,0.004566,74.125.24.0-255,5020,239576,96,269892
29394,0.004582,74.125.24.0-255,2902,242478,96,269892
29395,0.004605,74.125.24.0-255,2902,245380,96,269892
29396,0.004611,74.125.24.0-255,5738,251118,96,269892
29397,0.004616,74.125.24.0-255,5738,256856,96,269892
29398,0.00464,74.125.24.0-255,2902,259758,96,269892
29399,0.00468,74.125.24.0-255,5431,265189,96,269892
29400,0.004698,172.31.47.0-255,66,265255,96,269892
29401,0.004714,74.125.24.0-255,105,265360,96,269892
29402,0.006867,172.31.47.0-255,66,265426,96,269892
29403,0.0069,172.31.47.0-255,105,265531,96,269892
29404,0.009129,74.125.24.0-255,66,265597,96,269892
29405,0.032125,172.31.47.0-255,172,265769,96,269892
29406,0.03216,172.31.47.0-255,1109,266878,96,269892
29407,0.03222,172.31.47.0-255,1514,268392,96,269892
29408,0.032222,172.31.47.0-255,1302,269694,96,269892
29409,0.033667,104.244.42.0-255,66,269760,96,269892
29410,0.033712,104.244.42.0-255,66,269826,96,269892
29411,0.033761,104.244.42.0-255,66,269892,96,269892
29412,0.0,172.253.118.0-255,160,160,96,273005
29413,3.1e-05,172.31.47.0-255,66,226,96,273005
29414,6.2e-05,172.253.118.0-255,1484,1710,96,273005
29415,6.6e-05,172.31.47.0-255,66,1776,96,273005
29416,6.9e-05,172.253.118.0-255,1484,3260,96,273005
29417,7.2e-05,172.31.47.0-255,66,3326,96,273005
29418,7.8e-05,172.253.118.0-255,4320,7646,96,273005
29419,8.1e-05,172.31.47.0-255,66,7712,96,273005
29420,0.000116,172.253.118.0-255,6428,14140,96,273005
29421,0.000119,172.31.47.0-255,66,14206,96,273005
29422,0.000251,172.253.118.0-255,1484,15690,96,273005
29423,0.000255,172.31.47.0-255,66,15756,96,273005
29424,0.00026,172.253.118.0-255,2902,18658,96,273005
29425,0.000263,172.31.47.0-255,66,18724,96,273005
29426,0.000284,172.253.118.0-255,5738,24462,96,273005
29427,0.000287,172.31.47.0-255,66,24528,96,273005
29428,0.000326,172.31.47.0-255,66,24594,96,273005
29429,0.000362,172.31.47.0-255,66,24660,96,273005
29430,0.000364,172.253.118.0-255,1484,26144,96,273005
29431,0.000368,172.31.47.0-255,66,26210,96,273005
29432,0.000402,172.31.47.0-255,66,26276,96,273005
29433,0.000428,172.253.118.0-255,3602,29878,96,273005
29434,0.000431,172.31.47.0-255,66,29944,96,273005
29435,0.000736,172.253.118.0-255,400,30344,96,273005
29436,0.000741,172.31.47.0-255,66,30410,96,273005
29437,0.000793,172.253.118.0-255,110,30520,96,273005
29438,0.000796,172.31.47.0-255,66,30586,96,273005
29439,0.000892,172.253.118.0-255,1484,32070,96,273005
29440,0.000896,172.31.47.0-255,66,32136,96,273005
29441,0.000903,172.253.118.0-255,2902,35038,96,273005
29442,0.000905,172.31.47.0-255,66,35104,96,273005
29443,0.000917,172.253.118.0-255,5738,40842,96,273005
29444,0.000919,172.31.47.0-255,66,40908,96,273005
29445,0.000921,172.253.118.0-255,1484,42392,96,273005
29446,0.000944,172.253.118.0-255,2902,45294,96,273005
29447,0.000946,172.31.47.0-255,66,45360,96,273005
29448,0.000952,172.253.118.0-255,7156,52516,96,273005
29449,0.000954,172.31.47.0-255,66,52582,96,273005
29450,0.000977,172.253.118.0-255,4320,56902,96,273005
29451,0.00098,172.31.47.0-255,66,56968,96,273005
29452,0.00099,172.31.47.0-255,66,57034,96,273005
29453,0.001034,172.253.118.0-255,332,57366,96,273005
29454,0.001314,172.253.118.0-255,1484,58850,96,273005
29455,0.00132,172.31.47.0-255,66,58916,96,273005
29456,0.001326,172.253.118.0-255,2902,61818,96,273005
29457,0.001328,172.31.47.0-255,66,61884,96,273005
29458,0.001334,172.253.118.0-255,5738,67622,96,273005
29459,0.001342,172.31.47.0-255,66,67688,96,273005
29460,0.001349,172.253.118.0-255,7156,74844,96,273005
29461,0.001351,172.31.47.0-255,66,74910,96,273005
29462,0.001389,172.31.47.0-255,66,74976,96,273005
29463,0.001413,172.253.118.0-255,2902,77878,96,273005
29464,0.001416,172.31.47.0-255,66,77944,96,273005
29465,0.001435,172.253.118.0-255,2184,80128,96,273005
29466,0.001437,172.31.47.0-255,66,80194,96,273005
29467,0.001472,172.253.118.0-255,2902,83096,96,273005
29468,0.001474,172.31.47.0-255,66,83162,96,273005
29469,0.001494,172.253.118.0-255,2902,86064,96,273005
29470,0.001496,172.31.47.0-255,66,86130,96,273005
29471,0.001522,172.253.118.0-255,7156,93286,96,273005
29472,0.001524,172.31.47.0-255,66,93352,96,273005
29473,0.001545,172.31.47.0-255,66,93418,96,273005
29474,0.001563,172.253.118.0-255,5738,99156,96,273005
29475,0.001565,172.31.47.0-255,66,99222,96,273005
29476,0.001587,172.253.118.0-255,5738,104960,96,273005
29477,0.001589,172.31.47.0-255,66,105026,96,273005
29478,0.001609,172.253.118.0-255,766,105792,96,273005
29479,0.001633,172.253.118.0-255,1484,107276,96,273005
29480,0.001635,172.31.47.0-255,66,107342,96,273005
29481,0.001652,172.253.118.0-255,2902,110244,96,273005
29482,0.001654,172.31.47.0-255,66,110310,96,273005
29483,0.001659,172.253.118.0-255,5738,116048,96,273005
29484,0.001661,172.31.47.0-255,66,116114,96,273005
29485,0.001663,172.253.118.0-255,1484,117598,96,273005
29486,0.001706,172.31.47.0-255,66,117664,96,273005
29487,0.001711,172.253.118.0-255,4320,121984,96,273005
29488,0.001713,172.31.47.0-255,66,122050,96,273005
29489,0.001758,172.31.47.0-255,66,122116,96,273005
29490,0.00179,172.253.118.0-255,1484,123600,96,273005
29491,0.0018,172.253.118.0-255,2902,126502,96,273005
29492,0.001802,172.31.47.0-255,66,126568,96,273005
29493,0.001804,172.253.118.0-255,1484,128052,96,273005
29494,0.001821,172.253.118.0-255,4320,132372,96,273005
29495,0.001823,172.31.47.0-255,66,132438,96,273005
29496,0.001844,172.253.118.0-255,2902,135340,96,273005
29497,0.001845,172.31.47.0-255,66,135406,96,273005
29498,0.00185,172.253.118.0-255,4320,139726,96,273005
29499,0.001852,172.31.47.0-255,66,139792,96,273005
29500,0.00188,172.31.47.0-255,66,139858,96,273005
29501,0.001915,172.31.47.0-255,66,139924,96,273005
29502,0.001976,172.253.118.0-255,1484,141408,96,273005
29503,0.001979,172.253.118.0-255,1484,142892,96,273005
29504,0.001981,172.31.47.0-255,66,142958,96,273005
29505,0.001995,172.253.118.0-255,1484,144442,96,273005
29506,0.002001,172.253.118.0-255,5738,150180,96,273005
29507,0.002003,172.31.47.0-255,66,150246,96,273005
29508,0.002062,172.31.47.0-255,66,150312,96,273005
29509,0.002077,172.31.47.0-255,66,150378,96,273005
29510,0.002114,172.253.118.0-255,1484,151862,96,273005
29511,0.002125,172.253.118.0-255,2902,154764,96,273005
29512,0.002127,172.31.47.0-255,66,154830,96,273005
29513,0.002138,172.253.118.0-255,1484,156314,96,273005
29514,0.002159,172.253.118.0-255,4320,160634,96,273005
29515,0.002161,172.31.47.0-255,66,160700,96,273005
29516,0.002167,172.253.118.0-255,7156,167856,96,273005
29517,0.002168,172.31.47.0-255,66,167922,96,273005
29518,0.002231,172.31.47.0-255,66,167988,96,273005
29519,0.002234,172.253.118.0-255,2184,170172,96,273005
29520,0.002236,172.31.47.0-255,66,170238,96,273005
29521,0.002531,172.253.118.0-255,1484,171722,96,273005
29522,0.002543,172.253.118.0-255,1484,173206,96,273005
29523,0.002545,172.31.47.0-255,66,173272,96,273005
29524,0.002567,172.253.118.0-255,1484,174756,96,273005
29525,0.002572,172.253.118.0-255,5738,180494,96,273005
29526,0.002574,172.31.47.0-255,66,180560,96,273005
29527,0.002604,172.31.47.0-255,66,180626,96,273005
29528,0.002607,172.253.118.0-255,1484,182110,96,273005
29529,0.005159,172.253.118.0-255,4320,186430,96,273005
29530,0.005165,172.31.47.0-255,66,186496,96,273005
29531,0.007722,172.253.118.0-255,4320,190816,96,273005
29532,0.007727,172.31.47.0-255,66,190882,96,273005
29533,0.007746,172.253.118.0-255,1484,192366,96,273005
29534,0.010281,172.253.118.0-255,4320,196686,96,273005
29535,0.010293,172.31.47.0-255,66,196752,96,273005
29536,0.012863,172.253.118.0-255,5738,202490,96,273005
29537,0.012871,172.31.47.0-255,66,202556,96,273005
29538,0.015427,172.253.118.0-255,5738,208294,96,273005
29539,0.015436,172.31.47.0-255,66,208360,96,273005
29540,0.018011,172.253.118.0-255,5738,214098,96,273005
29541,0.018017,172.31.47.0-255,66,214164,96,273005
29542,0.020578,172.253.118.0-255,5738,219902,96,273005
29543,0.020583,172.31.47.0-255,66,219968,96,273005
29544,0.022766,172.31.47.0-255,172,220140,96,273005
29545,0.022795,172.31.47.0-255,1109,221249,96,273005
29546,0.02283,172.31.47.0-255,1514,222763,96,273005
29547,0.022831,172.31.47.0-255,335,223098,96,273005
29548,0.023135,172.253.118.0-255,5738,228836,96,273005
29549,0.023141,172.31.47.0-255,66,228902,96,273005
29550,0.024237,104.244.42.0-255,66,228968,96,273005
29551,0.024264,104.244.42.0-255,66,229034,96,273005
29552,0.024311,104.244.42.0-255,66,229100,96,273005
29553,0.025704,172.253.118.0-255,5738,234838,96,273005
29554,0.025711,172.31.47.0-255,66,234904,96,273005
29555,0.028271,172.253.118.0-255,5738,240642,96,273005
29556,0.028276,172.31.47.0-255,66,240708,96,273005
29557,0.030845,172.253.118.0-255,5738,246446,96,273005
29558,0.03085,172.31.47.0-255,66,246512,96,273005
29559,0.033402,172.253.118.0-255,5738,252250,96,273005
29560,0.033409,172.31.47.0-255,66,252316,96,273005
29561,0.035964,172.253.118.0-255,5738,258054,96,273005
29562,0.035969,172.31.47.0-255,66,258120,96,273005
29563,0.038518,172.253.118.0-255,5738,263858,96,273005
29564,0.038524,172.31.47.0-255,66,263924,96,273005
29565,0.041086,172.253.118.0-255,5738,269662,96,273005
29566,0.041091,172.31.47.0-255,66,269728,96,273005
29567,0.043639,172.253.118.0-255,3040,272768,96,273005
29568,0.043645,172.31.47.0-255,66,272834,96,273005
29569,0.043832,172.31.47.0-255,105,272939,96,273005
29570,0.046364,172.253.118.0-255,66,273005,96,273005
29571,0.0,74.125.200.0-255,297,297,96,345426
29572,2.7e-05,172.31.47.0-255,66,363,96,345426
29573,3.3e-05,74.125.200.0-255,1484,1847,96,345426
29574,3.6e-05,172.31.47.0-255,66,1913,96,345426
29575,4e-05,74.125.200.0-255,2902,4815,96,345426
29576,4.3e-05,172.31.47.0-255,66,4881,96,345426
29577,5.4e-05,74.125.200.0-255,5738,10619,96,345426
29578,5.6e-05,172.31.47.0-255,66,10685,96,345426
29579,5.8e-05,74.125.200.0-255,1484,12169,96,345426
29580,5.9e-05,172.31.47.0-255,66,12235,96,345426
29581,8.2e-05,74.125.200.0-255,1484,13719,96,345426
29582,8.7e-05,172.31.47.0-255,66,13785,96,345426
29583,0.000109,74.125.200.0-255,531,14316,96,345426
29584,0.00011,172.31.47.0-255,66,14382,96,345426
29585,0.000231,74.125.200.0-255,1484,15866,96,345426
29586,0.000236,172.31.47.0-255,66,15932,96,345426
29587,0.000241,74.125.200.0-255,2902,18834,96,345426
29588,0.000243,172.31.47.0-255,66,18900,96,345426
29589,0.00029,74.125.200.0-255,1484,20384,96,345426
29590,0.000292,172.31.47.0-255,66,20450,96,345426
29591,0.000319,74.125.200.0-255,4320,24770,96,345426
29592,0.000322,172.31.47.0-255,66,24836,96,345426
29593,0.000329,74.125.200.0-255,6797,31633,96,345426
29594,0.000331,172.31.47.0-255,66,31699,96,345426
29595,0.000406,74.125.200.0-255,1484,33183,96,345426
29596,0.00041,172.31.47.0-255,66,33249,96,345426
29597,0.000414,74.125.200.0-255,1484,34733,96,345426
29598,0.000415,172.31.47.0-255,66,34799,96,345426
29599,0.000458,74.125.200.0-255,2902,37701,96,345426
29600,0.000462,172.31.47.0-255,66,37767,96,345426
29601,0.000468,74.125.200.0-255,5738,43505,96,345426
29602,0.00047,172.31.47.0-255,66,43571,96,345426
29603,0.000475,74.125.200.0-255,5379,48950,96,345426
29604,0.000477,172.31.47.0-255,66,49016,96,345426
29605,0.001198,74.125.200.0-255,1484,50500,96,345426
29606,0.001206,74.125.200.0-255,2902,53402,96,345426
29607,0.001209,172.31.47.0-255,66,53468,96,345426
29608,0.001215,74.125.200.0-255,2902,56370,96,345426
29609,0.001217,172.31.47.0-255,66,56436,96,345426
29610,0.001241,74.125.200.0-255,1484,57920,96,345426
29611,0.001251,74.125.200.0-255,5738,63658,96,345426
29612,0.001253,172.31.47.0-255,66,63724,96,345426
29613,0.001283,74.125.200.0-255,3124,66848,96,345426
29614,0.001286,172.31.47.0-255,66,66914,96,345426
29615,0.001353,74.125.200.0-255,1484,68398,96,345426
29616,0.001369,74.125.200.0-255,2902,71300,96,345426
29617,0.001372,172.31.47.0-255,66,71366,96,345426
29618,0.001376,74.125.200.0-255,2902,74268,96,345426
29619,0.001378,172.31.47.0-255,66,74334,96,345426
29620,0.001396,74.125.200.0-255,1484,75818,96,345426
29621,0.001441,74.125.200.0-255,4320,80138,96,345426
29622,0.001445,172.31.47.0-255,66,80204,96,345426
29623,0.001476,74.125.200.0-255,3961,84165,96,345426
29624,0.001479,172.31.47.0-255,66,84231,96,345426
29625,0.001538,74.125.200.0-255,1484,85715,96,345426
29626,0.001575,74.125.200.0-255,2902,88617,96,345426
29627,0.00158,172.31.47.0-255,66,88683,96,345426
29628,0.001606,74.125.200.0-255,4320,93003,96,345426
29629,0.001609,172.31.47.0-255,66,93069,96,345426
29630,0.001638,74.125.200.0-255,7156,100225,96,345426
29631,0.001641,172.31.47.0-255,66,100291,96,345426
29632,0.001665,74.125.200.0-255,1125,101416,96,345426
29633,0.001924,74.125.200.0-255,1484,102900,96,345426
29634,0.001929,172.31.47.0-255,66,102966,96,345426
29635,0.001934,74.125.200.0-255,2902,105868,96,345426
29636,0.001937,172.31.47.0-255,66,105934,96,345426
29637,0.001941,74.125.200.0-255,2902,108836,96,345426
29638,0.001943,172.31.47.0-255,66,108902,96,345426
29639,0.001966,74.125.200.0-255,2902,111804,96,345426
29640,0.001978,172.31.47.0-255,66,111870,96,345426
29641,0.001985,74.125.200.0-255,5738,117608,96,345426
29642,0.001987,172.31.47.0-255,66,117674,96,345426
29643,0.002017,74.125.200.0-255,2902,120576,96,345426
29644,0.002019,172.31.47.0-255,66,120642,96,345426
29645,0.002029,172.31.47.0-255,66,120708,96,345426
29646,0.002039,74.125.200.0-255,5020,125728,96,345426
29647,0.002041,172.31.47.0-255,66,125794,96,345426
29648,0.002366,74.125.200.0-255,1484,127278,96,345426
29649,0.002371,74.125.200.0-255,2902,130180,96,345426
29650,0.002374,172.31.47.0-255,66,130246,96,345426
29651,0.002403,74.125.200.0-255,5738,135984,96,345426
29652,0.002406,172.31.47.0-255,66,136050,96,345426
29653,0.002408,74.125.200.0-255,1484,137534,96,345426
29654,0.002434,74.125.200.0-255,7156,144690,96,345426
29655,0.002436,172.31.47.0-255,66,144756,96,345426
29656,0.002463,74.125.200.0-255,4320,149076,96,345426
29657,0.002465,172.31.47.0-255,66,149142,96,345426
29658,0.002474,172.31.47.0-255,66,149208,96,345426
29659,0.002476,74.125.200.0-255,766,149974,96,345426
29660,0.002683,74.125.200.0-255,1484,151458,96,345426
29661,0.002687,172.31.47.0-255,66,151524,96,345426
29662,0.002691,74.125.200.0-255,1484,153008,96,345426
29663,0.002711,74.125.200.0-255,1484,154492,96,345426
29664,0.002713,172.31.47.0-255,66,154558,96,345426
29665,0.002719,74.125.200.0-255,5738,160296,96,345426
29666,0.00272,172.31.47.0-255,66,160362,96,345426
29667,0.002747,172.31.47.0-255,66,160428,96,345426
29668,0.002771,74.125.200.0-255,7156,167584,96,345426
29669,0.002773,172.31.47.0-255,66,167650,96,345426
29670,0.002796,74.125.200.0-255,2902,170552,96,345426
29671,0.002798,172.31.47.0-255,66,170618,96,345426
29672,0.002803,74.125.200.0-255,5020,175638,96,345426
29673,0.002805,172.31.47.0-255,66,175704,96,345426
29674,0.00299,74.125.200.0-255,1484,177188,96,345426
29675,0.003009,74.125.200.0-255,2902,180090,96,345426
29676,0.003012,172.31.47.0-255,66,180156,96,345426
29677,0.003018,74.125.200.0-255,5738,185894,96,345426
29678,0.003019,172.31.47.0-255,66,185960,96,345426
29679,0.003047,74.125.200.0-255,5738,191698,96,345426
29680,0.003049,172.31.47.0-255,66,191764,96,345426
29681,0.003055,74.125.200.0-255,7156,198920,96,345426
29682,0.003057,172.31.47.0-255,66,198986,96,345426
29683,0.003084,74.125.200.0-255,2902,201888,96,345426
29684,0.003086,172.31.47.0-255,66,201954,96,345426
29685,0.003117,172.31.47.0-255,66,202020,96,345426
29686,0.003459,74.125.200.0-255,1484,203504,96,345426
29687,0.003477,74.125.200.0-255,2902,206406,96,345426
29688,0.00348,172.31.47.0-255,66,206472,96,345426
29689,0.003507,74.125.200.0-255,5738,212210,96,345426
29690,0.003509,172.31.47.0-255,66,212276,96,345426
29691,0.003518,74.125.200.0-255,4320,216596,96,345426
29692,0.003519,172.31.47.0-255,66,216662,96,345426
29693,0.003528,74.125.200.0-255,5738,222400,96,345426
29694,0.00353,172.31.47.0-255,66,222466,96,345426
29695,0.003566,172.31.47.0-255,66,222532,96,345426
29696,0.003569,74.125.200.0-255,2184,224716,96,345426
29697,0.00357,172.31.47.0-255,66,224782,96,345426
29698,0.003793,74.125.200.0-255,1484,226266,96,345426
29699,0.003797,74.125.200.0-255,1484,227750,96,345426
29700,0.0038,172.31.47.0-255,66,227816,96,345426
29701,0.003817,74.125.200.0-255,2902,230718,96,345426
29702,0.003819,172.31.47.0-255,66,230784,96,345426
29703,0.003822,74.125.200.0-255,1484,232268,96,345426
29704,0.003846,74.125.200.0-255,4320,236588,96,345426
29705,0.003848,172.31.47.0-255,66,236654,96,345426
29706,0.00386,74.125.200.0-255,4320,240974,96,345426
29707,0.003865,172.31.47.0-255,66,241040,96,345426
29708,0.003891,74.125.200.0-255,5738,246778,96,345426
29709,0.003894,172.31.47.0-255,66,246844,96,345426
29710,0.003903,172.31.47.0-255,66,246910,96,345426
29711,0.00392,74.125.200.0-255,2902,249812,96,345426
29712,0.003922,172.31.47.0-255,66,249878,96,345426
29713,0.003924,74.125.200.0-255,766,250644,96,345426
29714,0.004328,74.125.200.0-255,1484,252128,96,345426
29715,0.004333,172.31.47.0-255,66,252194,96,345426
29716,0.004338,74.125.200.0-255,2902,255096,96,345426
29717,0.00434,172.31.47.0-255,66,255162,96,345426
29718,0.004344,74.125.200.0-255,1484,256646,96,345426
29719,0.004367,74.125.200.0-255,2902,259548,96,345426
29720,0.004369,172.31.47.0-255,66,259614,96,345426
29721,0.004399,74.125.200.0-255,5738,265352,96,345426
29722,0.004402,172.31.47.0-255,66,265418,96,345426
29723,0.004427,172.31.47.0-255,66,265484,96,345426
29724,0.00443,74.125.200.0-255,1484,266968,96,345426
29725,0.004472,74.125.200.0-255,7156,274124,96,345426
29726,0.004476,172.31.47.0-255,66,274190,96,345426
29727,0.0045,74.125.200.0-255,2184,276374,96,345426
29728,0.004502,172.31.47.0-255,66,276440,96,345426
29729,0.004779,74.125.200.0-255,1484,277924,96,345426
29730,0.0048,74.125.200.0-255,2902,280826,96,345426
29731,0.004802,172.31.47.0-255,66,280892,96,345426
29732,0.004805,74.125.200.0-255,1484,282376,96,345426
29733,0.004831,74.125.200.0-255,2902,285278,96,345426
29734,0.004833,172.31.47.0-255,66,285344,96,345426
29735,0.004839,74.125.200.0-255,5738,291082,96,345426
29736,0.004841,172.31.47.0-255,66,291148,96,345426
29737,0.004856,74.125.200.0-255,2902,294050,96,345426
29738,0.004858,172.31.47.0-255,66,294116,96,345426
29739,0.004896,172.31.47.0-255,66,294182,96,345426
29740,0.004901,74.125.200.0-255,4320,298502,96,345426
29741,0.004903,172.31.47.0-255,66,298568,96,345426
29742,0.00493,74.125.200.0-255,3602,302170,96,345426
29743,0.004932,172.31.47.0-255,66,302236,96,345426
29744,0.005291,74.125.200.0-255,1484,303720,96,345426
29745,0.005297,74.125.200.0-255,2902,306622,96,345426
29746,0.0053,172.31.47.0-255,66,306688,96,345426
29747,0.005322,74.125.200.0-255,4320,311008,96,345426
29748,0.005325,172.31.47.0-255,66,311074,96,345426
29749,0.005337,74.125.200.0-255,1484,312558,96,345426
29750,0.005346,74.125.200.0-255,4320,316878,96,345426
29751,0.00535,172.31.47.0-255,66,316944,96,345426
29752,0.005386,74.125.200.0-255,4320,321264,96,345426
29753,0.00539,172.31.47.0-255,66,321330,96,345426
29754,0.005422,74.125.200.0-255,1484,322814,96,345426
29755,0.005435,172.31.47.0-255,66,322880,96,345426
29756,0.005438,74.125.200.0-255,2184,325064,96,345426
29757,0.00544,172.31.47.0-255,66,325130,96,345426
29758,0.005566,74.125.200.0-255,1484,326614,96,345426
29759,0.005572,74.125.200.0-255,1484,328098,96,345426
29760,0.005577,172.31.47.0-255,66,328164,96,345426
29761,0.005608,74.125.200.0-255,2902,331066,96,345426
29762,0.005611,172.31.47.0-255,66,331132,96,345426
29763,0.005617,74.125.200.0-255,5738,336870,96,345426
29764,0.005619,172.31.47.0-255,66,336936,96,345426
29765,0.005649,74.125.200.0-255,3495,340431,96,345426
29766,0.005651,172.31.47.0-255,66,340497,96,345426
29767,0.005713,74.125.200.0-255,105,340602,96,345426
29768,0.018001,172.31.47.0-255,105,340707,96,345426
29769,0.018232,172.31.47.0-255,90,340797,96,345426
29770,0.018245,172.31.47.0-255,66,340863,96,345426
29771,0.020006,74.125.200.0-255,66,340929,96,345426
29772,0.020196,74.125.200.0-255,66,340995,96,345426
29773,0.020228,74.125.200.0-255,66,341061,96,345426
29774,0.020242,172.31.47.0-255,66,341127,96,345426
29775,0.042551,172.31.47.0-255,176,341303,96,345426
29776,0.04258,172.31.47.0-255,1101,342404,96,345426
29777,0.042639,172.31.47.0-255,1514,343918,96,345426
29778,0.042641,172.31.47.0-255,1310,345228,96,345426
29779,0.044087,104.244.42.0-255,66,345294,96,345426
29780,0.044096,104.244.42.0-255,66,345360,96,345426
29781,0.044168,104.244.42.0-255,66,345426,96,345426
29782,0.0,172.217.194.0-255,153,153,96,207787
29783,1.2e-05,172.31.47.0-255,66,219,96,207787
29784,1.8e-05,172.217.194.0-255,1484,1703,96,207787
29785,2.2e-05,172.31.47.0-255,66,1769,96,207787
29786,5.1e-05,172.217.194.0-255,2902,4671,96,207787
29787,5.4e-05,172.31.47.0-255,66,4737,96,207787
29788,6e-05,172.217.194.0-255,4320,9057,96,207787
29789,6.2e-05,172.31.47.0-255,66,9123,96,207787
29790,0.000108,172.217.194.0-255,5047,14170,96,207787
29791,0.00011,172.31.47.0-255,66,14236,96,207787
29792,0.000134,172.217.194.0-255,5738,19974,96,207787
29793,0.000137,172.31.47.0-255,66,20040,96,207787
29794,0.000155,172.217.194.0-255,5738,25778,96,207787
29795,0.000157,172.31.47.0-255,66,25844,96,207787
29796,0.000209,172.217.194.0-255,1484,27328,96,207787
29797,0.000211,172.31.47.0-255,66,27394,96,207787
29798,0.000238,172.217.194.0-255,3961,31355,96,207787
29799,0.00024,172.31.47.0-255,66,31421,96,207787
29800,0.000258,172.217.194.0-255,1484,32905,96,207787
29801,0.00026,172.31.47.0-255,66,32971,96,207787
29802,0.000264,172.217.194.0-255,2902,35873,96,207787
29803,0.000266,172.31.47.0-255,66,35939,96,207787
29804,0.000271,172.217.194.0-255,4320,40259,96,207787
29805,0.000273,172.31.47.0-255,66,40325,96,207787
29806,0.000298,172.217.194.0-255,1484,41809,96,207787
29807,0.000301,172.31.47.0-255,66,41875,96,207787
29808,0.000307,172.217.194.0-255,5738,47613,96,207787
29809,0.000309,172.31.47.0-255,66,47679,96,207787
29810,0.000337,172.31.47.0-255,66,47745,96,207787
29811,0.00036,172.217.194.0-255,2902,50647,96,207787
29812,0.000362,172.31.47.0-255,66,50713,96,207787
29813,0.000388,172.217.194.0-255,7091,57804,96,207787
29814,0.00039,172.31.47.0-255,66,57870,96,207787
29815,0.000393,172.217.194.0-255,383,58253,96,207787
29816,0.000553,172.217.194.0-255,1484,59737,96,207787
29817,0.000557,172.31.47.0-255,66,59803,96,207787
29818,0.000562,172.217.194.0-255,2902,62705,96,207787
29819,0.000564,172.31.47.0-255,66,62771,96,207787
29820,0.000586,172.217.194.0-255,5738,68509,96,207787
29821,0.000588,172.31.47.0-255,66,68575,96,207787
29822,0.000627,172.31.47.0-255,66,68641,96,207787
29823,0.000637,172.31.47.0-255,66,68707,96,207787
29824,0.00068,172.217.194.0-255,2184,70891,96,207787
29825,0.000682,172.31.47.0-255,66,70957,96,207787
29826,0.000702,172.217.194.0-255,2902,73859,96,207787
29827,0.000704,172.31.47.0-255,66,73925,96,207787
29828,0.000707,172.217.194.0-255,1484,75409,96,207787
29829,0.000729,172.217.194.0-255,2902,78311,96,207787
29830,0.000732,172.31.47.0-255,66,78377,96,207787
29831,0.000741,172.31.47.0-255,66,78443,96,207787
29832,0.000787,172.31.47.0-255,66,78509,96,207787
29833,0.000827,172.217.194.0-255,5738,84247,96,207787
29834,0.00083,172.31.47.0-255,66,84313,96,207787
29835,0.000863,172.217.194.0-255,766,85079,96,207787
29836,0.000872,172.217.194.0-255,7156,92235,96,207787
29837,0.000874,172.31.47.0-255,66,92301,96,207787
29838,0.00088,172.217.194.0-255,5738,98039,96,207787
29839,0.000882,172.31.47.0-255,66,98105,96,207787
29840,0.000886,172.217.194.0-255,2902,101007,96,207787
29841,0.000888,172.31.47.0-255,66,101073,96,207787
29842,0.000927,172.31.47.0-255,66,101139,96,207787
29843,0.000935,172.217.194.0-255,6438,107577,96,207787
29844,0.000937,172.31.47.0-255,66,107643,96,207787
29845,0.000965,172.217.194.0-255,7156,114799,96,207787
29846,0.00097,172.31.47.0-255,66,114865,96,207787
29847,0.000984,172.217.194.0-255,1484,116349,96,207787
29848,0.001019,172.217.194.0-255,7156,123505,96,207787
29849,0.001022,172.31.47.0-255,66,123571,96,207787
29850,0.00103,172.217.194.0-255,7156,130727,96,207787
29851,0.001032,172.31.47.0-255,66,130793,96,207787
29852,0.001072,172.31.47.0-255,66,130859,96,207787
29853,0.001076,172.217.194.0-255,2184,133043,96,207787
29854,0.001078,172.31.47.0-255,66,133109,96,207787
29855,0.001104,172.217.194.0-255,2902,136011,96,207787
29856,0.001108,172.217.194.0-255,2902,138913,96,207787
29857,0.001118,172.31.47.0-255,66,138979,96,207787
29858,0.001126,172.31.47.0-255,66,139045,96,207787
29859,0.001132,172.217.194.0-255,4320,143365,96,207787
29860,0.001134,172.31.47.0-255,66,143431,96,207787
29861,0.001139,172.217.194.0-255,4320,147751,96,207787
29862,0.001141,172.31.47.0-255,66,147817,96,207787
29863,0.001172,172.217.194.0-255,4320,152137,96,207787
29864,0.001174,172.31.47.0-255,66,152203,96,207787
29865,0.001179,172.217.194.0-255,2902,155105,96,207787
29866,0.001181,172.31.47.0-255,66,155171,96,207787
29867,0.001228,172.31.47.0-255,66,155237,96,207787
29868,0.001259,172.217.194.0-255,1484,156721,96,207787
29869,0.001264,172.217.194.0-255,2902,159623,96,207787
29870,0.001266,172.31.47.0-255,66,159689,96,207787
29871,0.001292,172.217.194.0-255,5738,165427,96,207787
29872,0.001295,172.31.47.0-255,66,165493,96,207787
29873,0.0013,172.217.194.0-255,2902,168395,96,207787
29874,0.001302,172.31.47.0-255,66,168461,96,207787
29875,0.001345,172.31.47.0-255,66,168527,96,207787
29876,0.001359,172.31.47.0-255,66,168593,96,207787
29877,0.001394,172.217.194.0-255,1484,170077,96,207787
29878,0.0014,172.217.194.0-255,2902,172979,96,207787
29879,0.001402,172.31.47.0-255,66,173045,96,207787
29880,0.001436,172.217.194.0-255,5738,178783,96,207787
29881,0.001439,172.31.47.0-255,66,178849,96,207787
29882,0.00145,172.31.47.0-255,66,178915,96,207787
29883,0.001518,172.31.47.0-255,66,178981,96,207787
29884,0.001524,172.217.194.0-255,5738,184719,96,207787
29885,0.001526,172.31.47.0-255,66,184785,96,207787
29886,0.001557,172.31.47.0-255,66,184851,96,207787
29887,0.001568,172.31.47.0-255,66,184917,96,207787
29888,0.001625,172.31.47.0-255,66,184983,96,207787
29889,0.00168,172.217.194.0-255,2902,187885,96,207787
29890,0.001686,172.31.47.0-255,66,187951,96,207787
29891,0.001698,172.217.194.0-255,1484,189435,96,207787
29892,0.001709,172.217.194.0-255,5738,195173,96,207787
29893,0.001714,172.217.194.0-255,2902,198075,96,207787
29894,0.001762,172.217.194.0-255,2184,200259,96,207787
29895,0.00177,172.31.47.0-255,66,200325,96,207787
29896,0.001818,172.217.194.0-255,913,201238,96,207787
29897,0.001841,172.217.194.0-255,105,201343,96,207787
29898,0.001851,172.31.47.0-255,66,201409,96,207787
29899,0.009337,172.31.47.0-255,105,201514,96,207787
29900,0.011938,172.217.194.0-255,66,201580,96,207787
29901,0.025656,172.31.47.0-255,172,201752,96,207787
29902,0.02569,172.31.47.0-255,1109,202861,96,207787
29903,0.025756,172.31.47.0-255,1514,204375,96,207787
29904,0.025758,172.31.47.0-255,1514,205889,96,207787
29905,0.025759,172.31.47.0-255,1514,207403,96,207787
29906,0.02576,172.31.47.0-255,120,207523,96,207787
29907,0.027222,104.244.42.0-255,66,207589,96,207787
29908,0.027247,104.244.42.0-255,66,207655,96,207787
29909,0.027298,104.244.42.0-255,66,207721,96,207787
29910,0.027309,104.244.42.0-255,66,207787,96,207787
29911,0.0,74.125.24.0-255,152,152,96,152997
29912,3.6e-05,172.31.47.0-255,66,218,96,152997
29913,4.3e-05,74.125.24.0-255,1484,1702,96,152997
29914,4.8e-05,172.31.47.0-255,66,1768,96,152997
29915,6e-05,74.125.24.0-255,2902,4670,96,152997
29916,6.2e-05,172.31.47.0-255,66,4736,96,152997
29917,7e-05,74.125.24.0-255,7156,11892,96,152997
29918,7.2e-05,172.31.47.0-255,66,11958,96,152997
29919,7.6e-05,74.125.24.0-255,2201,14159,96,152997
29920,7.9e-05,172.31.47.0-255,66,14225,96,152997
29921,9.2e-05,172.31.47.0-255,66,14291,96,152997
29922,0.000113,74.125.24.0-255,1484,15775,96,152997
29923,0.000116,172.31.47.0-255,66,15841,96,152997
29924,0.000148,74.125.24.0-255,3961,19802,96,152997
29925,0.000152,172.31.47.0-255,66,19868,96,152997
29926,0.000156,74.125.24.0-255,2902,22770,96,152997
29927,0.000159,172.31.47.0-255,66,22836,96,152997
29928,0.000164,74.125.24.0-255,4320,27156,96,152997
29929,0.000166,172.31.47.0-255,66,27222,96,152997
29930,0.000171,74.125.24.0-255,5738,32960,96,152997
29931,0.000173,172.31.47.0-255,66,33026,96,152997
29932,0.000196,74.125.24.0-255,2902,35928,96,152997
29933,0.000199,172.31.47.0-255,66,35994,96,152997
29934,0.000206,74.125.24.0-255,5738,41732,96,152997
29935,0.000208,172.31.47.0-255,66,41798,96,152997
29936,0.000253,172.31.47.0-255,66,41864,96,152997
29937,0.000256,74.125.24.0-255,365,42229,96,152997
29938,0.000258,172.31.47.0-255,66,42295,96,152997
29939,0.000294,74.125.24.0-255,131,42426,96,152997
29940,0.000298,172.31.47.0-255,66,42492,96,152997
29941,0.000424,74.125.24.0-255,1484,43976,96,152997
29942,0.000429,74.125.24.0-255,2902,46878,96,152997
29943,0.000433,172.31.47.0-255,66,46944,96,152997
29944,0.000462,74.125.24.0-255,5738,52682,96,152997
29945,0.000465,172.31.47.0-255,66,52748,96,152997
29946,0.000473,74.125.24.0-255,7156,59904,96,152997
29947,0.000476,172.31.47.0-255,66,59970,96,152997
29948,0.0005,74.125.24.0-255,2902,62872,96,152997
29949,0.000503,74.125.24.0-255,1484,64356,96,152997
29950,0.000505,172.31.47.0-255,66,64422,96,152997
29951,0.000545,172.31.47.0-255,66,64488,96,152997
29952,0.000573,74.125.24.0-255,1484,65972,96,152997
29953,0.000578,74.125.24.0-255,2902,68874,96,152997
29954,0.000581,172.31.47.0-255,66,68940,96,152997
29955,0.000588,74.125.24.0-255,5738,74678,96,152997
29956,0.00059,172.31.47.0-255,66,74744,96,152997
29957,0.000598,74.125.24.0-255,1484,76228,96,152997
29958,0.000644,172.31.47.0-255,66,76294,96,152997
29959,0.000648,172.31.47.0-255,66,76360,96,152997
29960,0.000686,74.125.24.0-255,2184,78544,96,152997
29961,0.00069,172.31.47.0-255,66,78610,96,152997
29962,0.000703,172.31.47.0-255,66,78676,96,152997
29963,0.000708,74.125.24.0-255,2902,81578,96,152997
29964,0.00071,172.31.47.0-255,66,81644,96,152997
29965,0.000757,172.31.47.0-255,66,81710,96,152997
29966,0.000771,172.31.47.0-255,66,81776,96,152997
29967,0.000803,74.125.24.0-255,4320,86096,96,152997
29968,0.000808,172.31.47.0-255,66,86162,96,152997
29969,0.000815,172.31.47.0-255,66,86228,96,152997
29970,0.00082,74.125.24.0-255,4320,90548,96,152997
29971,0.000822,172.31.47.0-255,66,90614,96,152997
29972,0.000872,172.31.47.0-255,66,90680,96,152997
29973,0.000883,172.31.47.0-255,66,90746,96,152997
29974,0.000954,74.125.24.0-255,2902,93648,96,152997
29975,0.000958,172.31.47.0-255,66,93714,96,152997
29976,0.000964,74.125.24.0-255,4320,98034,96,152997
29977,0.000966,172.31.47.0-255,66,98100,96,152997
29978,0.000976,172.31.47.0-255,66,98166,96,152997
29979,0.000992,172.31.47.0-255,66,98232,96,152997
29980,0.001028,172.31.47.0-255,66,98298,96,152997
29981,0.00103,74.125.24.0-255,1484,99782,96,152997
29982,0.001035,74.125.24.0-255,2902,102684,96,152997
29983,0.001037,172.31.47.0-255,66,102750,96,152997
29984,0.001043,74.125.24.0-255,5738,108488,96,152997
29985,0.001045,172.31.47.0-255,66,108554,96,152997
29986,0.001092,172.31.47.0-255,66,108620,96,152997
29987,0.001099,74.125.24.0-255,7156,115776,96,152997
29988,0.001101,172.31.47.0-255,66,115842,96,152997
29989,0.001142,172.31.47.0-255,66,115908,96,152997
29990,0.001166,172.31.47.0-255,66,115974,96,152997
29991,0.001169,74.125.24.0-255,1484,117458,96,152997
29992,0.001211,172.31.47.0-255,66,117524,96,152997
29993,0.001267,74.125.24.0-255,1484,119008,96,152997
29994,0.001284,74.125.24.0-255,2902,121910,96,152997
29995,0.001287,172.31.47.0-255,66,121976,96,152997
29996,0.001293,74.125.24.0-255,5738,127714,96,152997
29997,0.001296,172.31.47.0-255,66,127780,96,152997
29998,0.001326,74.125.24.0-255,7156,134936,96,152997
29999,0.001329,172.31.47.0-255,66,135002,96,152997
30000,0.001358,74.125.24.0-255,5738,140740,96,152997
30001,0.001361,172.31.47.0-255,66,140806,96,152997
30002,0.001367,74.125.24.0-255,7156,147962,96,152997
30003,0.00137,172.31.47.0-255,66,148028,96,152997
30004,0.001391,172.31.47.0-255,66,148094,96,152997
30005,0.001433,172.31.47.0-255,66,148160,96,152997
30006,0.001444,172.31.47.0-255,66,148226,96,152997
30007,0.001455,172.31.47.0-255,66,148292,96,152997
30008,0.001494,172.31.47.0-255,66,148358,96,152997
30009,0.001498,74.125.24.0-255,105,148463,96,152997
30010,0.003277,172.31.47.0-255,66,148529,96,152997
30011,0.003301,172.31.47.0-255,105,148634,96,152997
30012,0.005568,74.125.24.0-255,66,148700,96,152997
30013,0.030397,172.31.47.0-255,172,148872,96,152997
30014,0.030429,172.31.47.0-255,1109,149981,96,152997
30015,0.030468,172.31.47.0-255,1514,151495,96,152997
30016,0.030498,172.31.47.0-255,1304,152799,96,152997
30017,0.031934,104.244.42.0-255,66,152865,96,152997
30018,0.031944,104.244.42.0-255,66,152931,96,152997
30019,0.032028,104.244.42.0-255,66,152997,96,152997
30020,0.0,74.125.24.0-255,153,153,96,323104
30021,2.4e-05,172.31.47.0-255,66,219,96,323104
30022,3e-05,74.125.24.0-255,1484,1703,96,323104
30023,3.4e-05,172.31.47.0-255,66,1769,96,323104
30024,3.8e-05,74.125.24.0-255,2902,4671,96,323104
30025,4.8e-05,172.31.47.0-255,66,4737,96,323104
30026,5.4e-05,74.125.24.0-255,5738,10475,96,323104
30027,5.7e-05,172.31.47.0-255,66,10541,96,323104
30028,7.8e-05,74.125.24.0-255,1484,12025,96,323104
30029,8.1e-05,172.31.47.0-255,66,12091,96,323104
30030,8.5e-05,74.125.24.0-255,2902,14993,96,323104
30031,8.7e-05,172.31.47.0-255,66,15059,96,323104
30032,0.00013,172.31.47.0-255,66,15125,96,323104
30033,0.000136,74.125.24.0-255,5379,20504,96,323104
30034,0.000138,172.31.47.0-255,66,20570,96,323104
30035,0.000174,74.125.24.0-255,1484,22054,96,323104
30036,0.000177,172.31.47.0-255,66,22120,96,323104
30037,0.000202,74.125.24.0-255,2902,25022,96,323104
30038,0.000205,172.31.47.0-255,66,25088,96,323104
30039,0.00021,74.125.24.0-255,5738,30826,96,323104
30040,0.000212,172.31.47.0-255,66,30892,96,323104
30041,0.000263,172.31.47.0-255,66,30958,96,323104
30042,0.000269,74.125.24.0-255,4320,35278,96,323104
30043,0.00027,172.31.47.0-255,66,35344,96,323104
30044,0.000291,74.125.24.0-255,2902,38246,96,323104
30045,0.000294,172.31.47.0-255,66,38312,96,323104
30046,0.000297,74.125.24.0-255,1484,39796,96,323104
30047,0.000299,172.31.47.0-255,66,39862,96,323104
30048,0.000325,74.125.24.0-255,1392,41254,96,323104
30049,0.00033,172.31.47.0-255,66,41320,96,323104
30050,0.000449,74.125.24.0-255,135,41455,96,323104
30051,0.000452,172.31.47.0-255,66,41521,96,323104
30052,0.000625,74.125.24.0-255,1484,43005,96,323104
30053,0.000638,74.125.24.0-255,2902,45907,96,323104
30054,0.000641,172.31.47.0-255,66,45973,96,323104
30055,0.000668,74.125.24.0-255,5738,51711,96,323104
30056,0.000671,172.31.47.0-255,66,51777,96,323104
30057,0.000676,74.125.24.0-255,5738,57515,96,323104
30058,0.00068,172.31.47.0-255,66,57581,96,323104
30059,0.000683,74.125.24.0-255,6797,64378,96,323104
30060,0.000691,172.31.47.0-255,66,64444,96,323104
30061,0.000717,74.125.24.0-255,4320,68764,96,323104
30062,0.000732,172.31.47.0-255,66,68830,96,323104
30063,0.000741,74.125.24.0-255,6797,75627,96,323104
30064,0.000748,172.31.47.0-255,66,75693,96,323104
30065,0.000803,74.125.24.0-255,1484,77177,96,323104
30066,0.000817,74.125.24.0-255,2902,80079,96,323104
30067,0.00083,74.125.24.0-255,2902,82981,96,323104
30068,0.000831,172.31.47.0-255,66,83047,96,323104
30069,0.000835,172.31.47.0-255,66,83113,96,323104
30070,0.000855,74.125.24.0-255,2902,86015,96,323104
30071,0.000858,172.31.47.0-255,66,86081,96,323104
30072,0.000859,74.125.24.0-255,4320,90401,96,323104
30073,0.000872,172.31.47.0-255,66,90467,96,323104
30074,0.000902,74.125.24.0-255,7156,97623,96,323104
30075,0.000904,172.31.47.0-255,66,97689,96,323104
30076,0.000908,172.31.47.0-255,66,97755,96,323104
30077,0.000934,74.125.24.0-255,3602,101357,96,323104
30078,0.000938,172.31.47.0-255,66,101423,96,323104
30079,0.001342,74.125.24.0-255,1484,102907,96,323104
30080,0.001347,172.31.47.0-255,66,102973,96,323104
30081,0.001353,74.125.24.0-255,2902,105875,96,323104
30082,0.001377,74.125.24.0-255,5738,111613,96,323104
30083,0.001383,74.125.24.0-255,5738,117351,96,323104
30084,0.0014,74.125.24.0-255,4320,121671,96,323104
30085,0.001447,74.125.24.0-255,4320,125991,96,323104
30086,0.001533,74.125.24.0-255,1484,127475,96,323104
30087,0.001536,74.125.24.0-255,1484,128959,96,323104
30088,0.001546,74.125.24.0-255,1484,130443,96,323104
30089,0.001557,74.125.24.0-255,1484,131927,96,323104
30090,0.00158,74.125.24.0-255,4320,136247,96,323104
30091,0.001587,74.125.24.0-255,6501,142748,96,323104
30092,0.001602,74.125.24.0-255,2902,145650,96,323104
30093,0.001625,74.125.24.0-255,1484,147134,96,323104
30094,0.001642,74.125.24.0-255,4320,151454,96,323104
30095,0.001682,74.125.24.0-255,2902,154356,96,323104
30096,0.001773,74.125.24.0-255,1484,155840,96,323104
30097,0.001777,74.125.24.0-255,1484,157324,96,323104
30098,0.001789,74.125.24.0-255,1484,158808,96,323104
30099,0.001826,74.125.24.0-255,2902,161710,96,323104
30100,0.001848,74.125.24.0-255,2902,164612,96,323104
30101,0.001882,74.125.24.0-255,2184,166796,96,323104
30102,0.002085,74.125.24.0-255,1484,168280,96,323104
30103,0.002091,74.125.24.0-255,2902,171182,96,323104
30104,0.002095,74.125.24.0-255,1484,172666,96,323104
30105,0.002116,74.125.24.0-255,4320,176986,96,323104
30106,0.00213,74.125.24.0-255,1484,178470,96,323104
30107,0.002147,74.125.24.0-255,5738,184208,96,323104
30108,0.002167,74.125.24.0-255,5738,189946,96,323104
30109,0.002185,74.125.24.0-255,4320,194266,96,323104
30110,0.002205,74.125.24.0-255,4320,198586,96,323104
30111,0.002232,74.125.24.0-255,1484,200070,96,323104
30112,0.002245,74.125.24.0-255,4320,204390,96,323104
30113,0.002288,74.125.24.0-255,6438,210828,96,323104
30114,0.002307,74.125.24.0-255,5738,216566,96,323104
30115,0.002322,74.125.24.0-255,6438,223004,96,323104
30116,0.002338,74.125.24.0-255,1484,224488,96,323104
30117,0.002343,74.125.24.0-255,2902,227390,96,323104
30118,0.002355,74.125.24.0-255,2902,230292,96,323104
30119,0.002368,74.125.24.0-255,2902,233194,96,323104
30120,0.002372,74.125.24.0-255,4320,237514,96,323104
30121,0.002385,74.125.24.0-255,7156,244670,96,323104
30122,0.006708,172.31.47.0-255,66,244736,96,323104
30123,0.009018,74.125.24.0-255,5738,250474,96,323104
30124,0.009024,172.31.47.0-255,66,250540,96,323104
30125,0.011359,74.125.24.0-255,5738,256278,96,323104
30126,0.011366,172.31.47.0-255,66,256344,96,323104
30127,0.013677,74.125.24.0-255,5738,262082,96,323104
30128,0.01414,172.31.47.0-255,66,262148,96,323104
30129,0.016437,74.125.24.0-255,5738,267886,96,323104
30130,0.016444,172.31.47.0-255,66,267952,96,323104
30131,0.018759,74.125.24.0-255,5738,273690,96,323104
30132,0.018766,172.31.47.0-255,66,273756,96,323104
30133,0.021049,74.125.24.0-255,5738,279494,96,323104
30134,0.021055,172.31.47.0-255,66,279560,96,323104
30135,0.023376,74.125.24.0-255,5738,285298,96,323104
30136,0.023383,172.31.47.0-255,66,285364,96,323104
30137,0.025703,74.125.24.0-255,5738,291102,96,323104
30138,0.025709,172.31.47.0-255,66,291168,96,323104
30139,0.028023,74.125.24.0-255,5738,296906,96,323104
30140,0.028029,172.31.47.0-255,66,296972,96,323104
30141,0.030347,74.125.24.0-255,5738,302710,96,323104
30142,0.030353,172.31.47.0-255,66,302776,96,323104
30143,0.030704,172.31.47.0-255,172,302948,96,323104
30144,0.030731,172.31.47.0-255,1109,304057,96,323104
30145,0.030774,172.31.47.0-255,1514,305571,96,323104
30146,0.030776,172.31.47.0-255,1302,306873,96,323104
30147,0.032254,104.244.42.0-255,66,306939,96,323104
30148,0.032425,104.244.42.0-255,66,307005,96,323104
30149,0.032427,104.244.42.0-255,66,307071,96,323104
30150,0.03267,74.125.24.0-255,1484,308555,96,323104
30151,0.032674,172.31.47.0-255,66,308621,96,323104
30152,0.032711,74.125.24.0-255,4320,312941,96,323104
30153,0.032734,172.31.47.0-255,66,313007,96,323104
30154,0.03498,74.125.24.0-255,1484,314491,96,323104
30155,0.035062,74.125.24.0-255,4320,318811,96,323104
30156,0.035525,172.31.47.0-255,66,318877,96,323104
30157,0.037809,74.125.24.0-255,3990,322867,96,323104
30158,0.037814,172.31.47.0-255,66,322933,96,323104
30159,0.038014,172.31.47.0-255,105,323038,96,323104
30160,0.040288,74.125.24.0-255,66,323104,96,323104
30161,0.0,74.125.200.0-255,153,153,96,338879
30162,3e-05,172.31.47.0-255,66,219,96,338879
30163,3.6e-05,74.125.200.0-255,1484,1703,96,338879
30164,4e-05,172.31.47.0-255,66,1769,96,338879
30165,7.4e-05,74.125.200.0-255,2902,4671,96,338879
30166,7.7e-05,172.31.47.0-255,66,4737,96,338879
30167,8e-05,74.125.200.0-255,1484,6221,96,338879
30168,8.2e-05,172.31.47.0-255,66,6287,96,338879
30169,0.000102,74.125.200.0-255,5738,12025,96,338879
30170,0.000104,172.31.47.0-255,66,12091,96,338879
30171,0.000107,74.125.200.0-255,2064,14155,96,338879
30172,0.000114,172.31.47.0-255,66,14221,96,338879
30173,0.000184,74.125.200.0-255,1484,15705,96,338879
30174,0.000188,172.31.47.0-255,66,15771,96,338879
30175,0.000213,74.125.200.0-255,2902,18673,96,338879
30176,0.000215,172.31.47.0-255,66,18739,96,338879
30177,0.00024,74.125.200.0-255,4320,23059,96,338879
30178,0.000244,172.31.47.0-255,66,23125,96,338879
30179,0.000268,74.125.200.0-255,4320,27445,96,338879
30180,0.000271,172.31.47.0-255,66,27511,96,338879
30181,0.00029,74.125.200.0-255,2902,30413,96,338879
30182,0.000293,172.31.47.0-255,66,30479,96,338879
30183,0.00031,74.125.200.0-255,1125,31604,96,338879
30184,0.000312,172.31.47.0-255,66,31670,96,338879
30185,0.000391,74.125.200.0-255,1484,33154,96,338879
30186,0.000394,172.31.47.0-255,66,33220,96,338879
30187,0.000398,74.125.200.0-255,1484,34704,96,338879
30188,0.0004,172.31.47.0-255,66,34770,96,338879
30189,0.000419,74.125.200.0-255,1484,36254,96,338879
30190,0.000421,172.31.47.0-255,66,36320,96,338879
30191,0.00044,74.125.200.0-255,4320,40640,96,338879
30192,0.000442,172.31.47.0-255,66,40706,96,338879
30193,0.000445,74.125.200.0-255,1484,42190,96,338879
30194,0.000459,74.125.200.0-255,4320,46510,96,338879
30195,0.000461,172.31.47.0-255,66,46576,96,338879
30196,0.000469,74.125.200.0-255,1484,48060,96,338879
30197,0.00049,74.125.200.0-255,1125,49185,96,338879
30198,0.000493,172.31.47.0-255,66,49251,96,338879
30199,0.000637,74.125.200.0-255,1484,50735,96,338879
30200,0.000657,74.125.200.0-255,1484,52219,96,338879
30201,0.00066,172.31.47.0-255,66,52285,96,338879
30202,0.000672,74.125.200.0-255,1484,53769,96,338879
30203,0.000682,74.125.200.0-255,4320,58089,96,338879
30204,0.000684,172.31.47.0-255,66,58155,96,338879
30205,0.000689,74.125.200.0-255,4320,62475,96,338879
30206,0.000691,172.31.47.0-255,66,62541,96,338879
30207,0.000714,74.125.200.0-255,1484,64025,96,338879
30208,0.000732,74.125.200.0-255,2877,66902,96,338879
30209,0.000736,172.31.47.0-255,66,66968,96,338879
30210,0.00084,74.125.200.0-255,110,67078,96,338879
30211,0.000852,74.125.200.0-255,329,67407,96,338879
30212,0.001219,74.125.200.0-255,1484,68891,96,338879
30213,0.001224,172.31.47.0-255,66,68957,96,338879
30214,0.001249,74.125.200.0-255,2902,71859,96,338879
30215,0.00125,172.31.47.0-255,66,71925,96,338879
30216,0.001256,74.125.200.0-255,4320,76245,96,338879
30217,0.001257,172.31.47.0-255,66,76311,96,338879
30218,0.001281,74.125.200.0-255,1484,77795,96,338879
30219,0.001294,74.125.200.0-255,2902,80697,96,338879
30220,0.001295,172.31.47.0-255,66,80763,96,338879
30221,0.001319,74.125.200.0-255,3961,84724,96,338879
30222,0.001321,172.31.47.0-255,66,84790,96,338879
30223,0.001484,74.125.200.0-255,1484,86274,96,338879
30224,0.001512,74.125.200.0-255,2902,89176,96,338879
30225,0.001514,172.31.47.0-255,66,89242,96,338879
30226,0.001516,74.125.200.0-255,1484,90726,96,338879
30227,0.001536,74.125.200.0-255,1484,92210,96,338879
30228,0.001538,172.31.47.0-255,66,92276,96,338879
30229,0.001562,74.125.200.0-255,5738,98014,96,338879
30230,0.001564,172.31.47.0-255,66,98080,96,338879
30231,0.001583,74.125.200.0-255,1484,99564,96,338879
30232,0.001595,74.125.200.0-255,1484,101048,96,338879
30233,0.001596,172.31.47.0-255,66,101114,96,338879
30234,0.001609,74.125.200.0-255,5738,106852,96,338879
30235,0.001611,172.31.47.0-255,66,106918,96,338879
30236,0.001652,172.31.47.0-255,66,106984,96,338879
30237,0.001656,74.125.200.0-255,3602,110586,96,338879
30238,0.001658,172.31.47.0-255,66,110652,96,338879
30239,0.001675,74.125.200.0-255,1484,112136,96,338879
30240,0.001697,74.125.200.0-255,2902,115038,96,338879
30241,0.001699,172.31.47.0-255,66,115104,96,338879
30242,0.001718,74.125.200.0-255,1484,116588,96,338879
30243,0.001732,74.125.200.0-255,2902,119490,96,338879
30244,0.001734,172.31.47.0-255,66,119556,96,338879
30245,0.001785,74.125.200.0-255,2902,122458,96,338879
30246,0.001787,172.31.47.0-255,66,122524,96,338879
30247,0.001807,74.125.200.0-255,2902,125426,96,338879
30248,0.001809,172.31.47.0-255,66,125492,96,338879
30249,0.001814,74.125.200.0-255,5738,131230,96,338879
30250,0.001816,172.31.47.0-255,66,131296,96,338879
30251,0.001836,74.125.200.0-255,4320,135616,96,338879
30252,0.001838,172.31.47.0-255,66,135682,96,338879
30253,0.001842,74.125.200.0-255,2902,138584,96,338879
30254,0.001843,172.31.47.0-255,66,138650,96,338879
30255,0.001876,74.125.200.0-255,6438,145088,96,338879
30256,0.001878,172.31.47.0-255,66,145154,96,338879
30257,0.001898,74.125.200.0-255,1484,146638,96,338879
30258,0.001912,74.125.200.0-255,2902,149540,96,338879
30259,0.001914,172.31.47.0-255,66,149606,96,338879
30260,0.00194,74.125.200.0-255,2902,152508,96,338879
30261,0.001942,172.31.47.0-255,66,152574,96,338879
30262,0.001967,74.125.200.0-255,2902,155476,96,338879
30263,0.001969,172.31.47.0-255,66,155542,96,338879
30264,0.001983,74.125.200.0-255,7156,162698,96,338879
30265,0.001985,172.31.47.0-255,66,162764,96,338879
30266,0.001993,74.125.200.0-255,5738,168502,96,338879
30267,0.001995,172.31.47.0-255,66,168568,96,338879
30268,0.001998,74.125.200.0-255,2902,171470,96,338879
30269,0.002,172.31.47.0-255,66,171536,96,338879
30270,0.002028,74.125.200.0-255,4320,175856,96,338879
30271,0.00203,172.31.47.0-255,66,175922,96,338879
30272,0.002034,74.125.200.0-255,3602,179524,96,338879
30273,0.002036,172.31.47.0-255,66,179590,96,338879
30274,0.004009,74.125.200.0-255,1484,181074,96,338879
30275,0.004022,74.125.200.0-255,2902,183976,96,338879
30276,0.004025,172.31.47.0-255,66,184042,96,338879
30277,0.004047,74.125.200.0-255,1484,185526,96,338879
30278,0.006023,74.125.200.0-255,4320,189846,96,338879
30279,0.00603,172.31.47.0-255,66,189912,96,338879
30280,0.008037,74.125.200.0-255,5738,195650,96,338879
30281,0.008043,172.31.47.0-255,66,195716,96,338879
30282,0.01005,74.125.200.0-255,5738,201454,96,338879
30283,0.010057,172.31.47.0-255,66,201520,96,338879
30284,0.012063,74.125.200.0-255,5738,207258,96,338879
30285,0.01207,172.31.47.0-255,66,207324,96,338879
30286,0.014079,74.125.200.0-255,5738,213062,96,338879
30287,0.014086,172.31.47.0-255,66,213128,96,338879
30288,0.016079,74.125.200.0-255,4320,217448,96,338879
30289,0.016085,172.31.47.0-255,66,217514,96,338879
30290,0.016109,74.125.200.0-255,1484,218998,96,338879
30291,0.018086,74.125.200.0-255,4320,223318,96,338879
30292,0.018092,172.31.47.0-255,66,223384,96,338879
30293,0.020094,74.125.200.0-255,5738,229122,96,338879
30294,0.0201,172.31.47.0-255,66,229188,96,338879
30295,0.022106,74.125.200.0-255,5738,234926,96,338879
30296,0.022113,172.31.47.0-255,66,234992,96,338879
30297,0.024125,74.125.200.0-255,5738,240730,96,338879
30298,0.024137,172.31.47.0-255,66,240796,96,338879
30299,0.026151,74.125.200.0-255,5738,246534,96,338879
30300,0.026156,172.31.47.0-255,66,246600,96,338879
30301,0.027632,172.31.47.0-255,172,246772,96,338879
30302,0.027663,172.31.47.0-255,1105,247877,96,338879
30303,0.027689,172.31.47.0-255,1514,249391,96,338879
30304,0.02769,172.31.47.0-255,1306,250697,96,338879
30305,0.028155,74.125.200.0-255,5738,256435,96,338879
30306,0.028161,172.31.47.0-255,66,256501,96,338879
30307,0.029197,104.244.42.0-255,66,256567,96,338879
30308,0.029237,104.244.42.0-255,66,256633,96,338879
30309,0.02924,104.244.42.0-255,66,256699,96,338879
30310,0.030161,74.125.200.0-255,5738,262437,96,338879
30311,0.030165,172.31.47.0-255,66,262503,96,338879
30312,0.032184,74.125.200.0-255,5738,268241,96,338879
30313,0.032195,172.31.47.0-255,66,268307,96,338879
30314,0.034209,74.125.200.0-255,5738,274045,96,338879
30315,0.034219,172.31.47.0-255,66,274111,96,338879
30316,0.036233,74.125.200.0-255,5738,279849,96,338879
30317,0.036243,172.31.47.0-255,66,279915,96,338879
30318,0.038251,74.125.200.0-255,4320,284235,96,338879
30319,0.038263,172.31.47.0-255,66,284301,96,338879
30320,0.038297,74.125.200.0-255,1484,285785,96,338879
30321,0.040256,74.125.200.0-255,4320,290105,96,338879
30322,0.04026,172.31.47.0-255,66,290171,96,338879
30323,0.042267,74.125.200.0-255,4320,294491,96,338879
30324,0.042271,172.31.47.0-255,66,294557,96,338879
30325,0.042298,74.125.200.0-255,1484,296041,96,338879
30326,0.044278,74.125.200.0-255,4320,300361,96,338879
30327,0.044282,172.31.47.0-255,66,300427,96,338879
30328,0.046282,74.125.200.0-255,4320,304747,96,338879
30329,0.046286,172.31.47.0-255,66,304813,96,338879
30330,0.046315,74.125.200.0-255,1484,306297,96,338879
30331,0.048288,74.125.200.0-255,2902,309199,96,338879
30332,0.048293,172.31.47.0-255,66,309265,96,338879
30333,0.048322,74.125.200.0-255,1484,310749,96,338879
30334,0.050308,74.125.200.0-255,4320,315069,96,338879
30335,0.050312,172.31.47.0-255,66,315135,96,338879
30336,0.05231,74.125.200.0-255,2902,318037,96,338879
30337,0.052315,172.31.47.0-255,66,318103,96,338879
30338,0.052344,74.125.200.0-255,2902,321005,96,338879
30339,0.052347,172.31.47.0-255,66,321071,96,338879
30340,0.054317,74.125.200.0-255,2902,323973,96,338879
30341,0.054321,172.31.47.0-255,66,324039,96,338879
30342,0.054352,74.125.200.0-255,2902,326941,96,338879
30343,0.054355,172.31.47.0-255,66,327007,96,338879
30344,0.056316,74.125.200.0-255,2902,329909,96,338879
30345,0.05632,172.31.47.0-255,66,329975,96,338879
30346,0.056356,74.125.200.0-255,2902,332877,96,338879
30347,0.05636,172.31.47.0-255,66,332943,96,338879
30348,0.058319,74.125.200.0-255,2902,335845,96,338879
30349,0.058324,172.31.47.0-255,66,335911,96,338879
30350,0.058355,74.125.200.0-255,2902,338813,96,338879
30351,0.058358,172.31.47.0-255,66,338879,96,338879
30352,0.0,74.125.130.0-255,152,152,96,266534
30353,1.9e-05,172.31.47.0-255,66,218,96,266534
30354,2.7e-05,74.125.130.0-255,1484,1702,96,266534
30355,3.2e-05,172.31.47.0-255,66,1768,96,266534
30356,3.5e-05,74.125.130.0-255,1484,3252,96,266534
30357,3.8e-05,172.31.47.0-255,66,3318,96,266534
30358,7.5e-05,74.125.130.0-255,2902,6220,96,266534
30359,7.8e-05,172.31.47.0-255,66,6286,96,266534
30360,9e-05,74.125.130.0-255,5738,12024,96,266534
30361,9.2e-05,172.31.47.0-255,66,12090,96,266534
30362,9.6e-05,74.125.130.0-255,1484,13574,96,266534
30363,9.8e-05,172.31.47.0-255,66,13640,96,266534
30364,0.000133,74.125.130.0-255,2252,15892,96,266534
30365,0.000137,172.31.47.0-255,66,15958,96,266534
30366,0.000143,74.125.130.0-255,5738,21696,96,266534
30367,0.000145,172.31.47.0-255,66,21762,96,266534
30368,0.000148,74.125.130.0-255,2902,24664,96,266534
30369,0.00015,172.31.47.0-255,66,24730,96,266534
30370,0.000179,74.125.130.0-255,4320,29050,96,266534
30371,0.000187,172.31.47.0-255,66,29116,96,266534
30372,0.000213,74.125.130.0-255,2543,31659,96,266534
30373,0.000216,172.31.47.0-255,66,31725,96,266534
30374,0.000381,74.125.130.0-255,1484,33209,96,266534
30375,0.000388,172.31.47.0-255,66,33275,96,266534
30376,0.000394,74.125.130.0-255,2902,36177,96,266534
30377,0.000396,172.31.47.0-255,66,36243,96,266534
30378,0.000407,74.125.130.0-255,5738,41981,96,266534
30379,0.00041,172.31.47.0-255,66,42047,96,266534
30380,0.000439,74.125.130.0-255,6797,48844,96,266534
30381,0.000442,172.31.47.0-255,66,48910,96,266534
30382,0.0006,74.125.130.0-255,1484,50394,96,266534
30383,0.000606,172.31.47.0-255,66,50460,96,266534
30384,0.000613,74.125.130.0-255,2902,53362,96,266534
30385,0.000615,172.31.47.0-255,66,53428,96,266534
30386,0.000627,74.125.130.0-255,2902,56330,96,266534
30387,0.00063,172.31.47.0-255,66,56396,96,266534
30388,0.000663,74.125.130.0-255,2902,59298,96,266534
30389,0.000667,172.31.47.0-255,66,59364,96,266534
30390,0.000675,74.125.130.0-255,6797,66161,96,266534
30391,0.000677,172.31.47.0-255,66,66227,96,266534
30392,0.000825,74.125.130.0-255,646,66873,96,266534
30393,0.001158,172.31.47.0-255,66,66939,96,266534
30394,0.001258,74.125.130.0-255,1484,68423,96,266534
30395,0.001264,74.125.130.0-255,1484,69907,96,266534
30396,0.001267,172.31.47.0-255,66,69973,96,266534
30397,0.001293,74.125.130.0-255,1484,71457,96,266534
30398,0.001296,74.125.130.0-255,1484,72941,96,266534
30399,0.001297,172.31.47.0-255,66,73007,96,266534
30400,0.001323,74.125.130.0-255,4320,77327,96,266534
30401,0.001325,172.31.47.0-255,66,77393,96,266534
30402,0.001328,74.125.130.0-255,1484,78877,96,266534
30403,0.001331,74.125.130.0-255,2902,81779,96,266534
30404,0.001332,172.31.47.0-255,66,81845,96,266534
30405,0.001358,74.125.130.0-255,4320,86165,96,266534
30406,0.00136,172.31.47.0-255,66,86231,96,266534
30407,0.001369,74.125.130.0-255,1484,87715,96,266534
30408,0.001398,74.125.130.0-255,2902,90617,96,266534
30409,0.0014,172.31.47.0-255,66,90683,96,266534
30410,0.001425,74.125.130.0-255,4320,95003,96,266534
30411,0.001427,172.31.47.0-255,66,95069,96,266534
30412,0.001433,74.125.130.0-255,6438,101507,96,266534
30413,0.001434,172.31.47.0-255,66,101573,96,266534
30414,0.002155,74.125.130.0-255,1484,103057,96,266534
30415,0.002186,74.125.130.0-255,1484,104541,96,266534
30416,0.002189,172.31.47.0-255,66,104607,96,266534
30417,0.002211,74.125.130.0-255,2902,107509,96,266534
30418,0.002213,172.31.47.0-255,66,107575,96,266534
30419,0.002234,74.125.130.0-255,1484,109059,96,266534
30420,0.002252,74.125.130.0-255,1484,110543,96,266534
30421,0.002254,172.31.47.0-255,66,110609,96,266534
30422,0.002273,74.125.130.0-255,1484,112093,96,266534
30423,0.002297,74.125.130.0-255,2902,114995,96,266534
30424,0.002299,172.31.47.0-255,66,115061,96,266534
30425,0.00231,74.125.130.0-255,2902,117963,96,266534
30426,0.002315,172.31.47.0-255,66,118029,96,266534
30427,0.002349,74.125.130.0-255,5738,123767,96,266534
30428,0.002352,172.31.47.0-255,66,123833,96,266534
30429,0.004652,74.125.130.0-255,5738,129571,96,266534
30430,0.004657,172.31.47.0-255,66,129637,96,266534
30431,0.006971,74.125.130.0-255,5738,135375,96,266534
30432,0.006977,172.31.47.0-255,66,135441,96,266534
30433,0.0093,74.125.130.0-255,5738,141179,96,266534
30434,0.009307,172.31.47.0-255,66,141245,96,266534
30435,0.011634,74.125.130.0-255,5738,146983,96,266534
30436,0.011644,172.31.47.0-255,66,147049,96,266534
30437,0.013941,74.125.130.0-255,5738,152787,96,266534
30438,0.013952,172.31.47.0-255,66,152853,96,266534
30439,0.016254,74.125.130.0-255,5738,158591,96,266534
30440,0.016262,172.31.47.0-255,66,158657,96,266534
30441,0.018569,74.125.130.0-255,4320,162977,96,266534
30442,0.018576,172.31.47.0-255,66,163043,96,266534
30443,0.018602,74.125.130.0-255,1484,164527,96,266534
30444,0.02096,74.125.130.0-255,4320,168847,96,266534
30445,0.020967,172.31.47.0-255,66,168913,96,266534
30446,0.023255,74.125.130.0-255,5738,174651,96,266534
30447,0.023262,172.31.47.0-255,66,174717,96,266534
30448,0.024801,172.31.47.0-255,172,174889,96,266534
30449,0.024829,172.31.47.0-255,1105,175994,96,266534
30450,0.024861,172.31.47.0-255,1514,177508,96,266534
30451,0.024863,172.31.47.0-255,1306,178814,96,266534
30452,0.025551,74.125.130.0-255,5738,184552,96,266534
30453,0.025556,172.31.47.0-255,66,184618,96,266534
30454,0.026335,104.244.42.0-255,66,184684,96,266534
30455,0.026369,104.244.42.0-255,66,184750,96,266534
30456,0.026421,104.244.42.0-255,66,184816,96,266534
30457,0.02784,74.125.130.0-255,5738,190554,96,266534
30458,0.027846,172.31.47.0-255,66,190620,96,266534
30459,0.030127,74.125.130.0-255,2902,193522,96,266534
30460,0.030132,172.31.47.0-255,66,193588,96,266534
30461,0.030161,74.125.130.0-255,2902,196490,96,266534
30462,0.030165,172.31.47.0-255,66,196556,96,266534
30463,0.032435,74.125.130.0-255,5738,202294,96,266534
30464,0.03244,172.31.47.0-255,66,202360,96,266534
30465,0.034721,74.125.130.0-255,5738,208098,96,266534
30466,0.034726,172.31.47.0-255,66,208164,96,266534
30467,0.03701,74.125.130.0-255,5738,213902,96,266534
30468,0.037014,172.31.47.0-255,66,213968,96,266534
30469,0.039313,74.125.130.0-255,5738,219706,96,266534
30470,0.039318,172.31.47.0-255,66,219772,96,266534
30471,0.041604,74.125.130.0-255,5738,225510,96,266534
30472,0.04161,172.31.47.0-255,66,225576,96,266534
30473,0.043909,74.125.130.0-255,2902,228478,96,266534
30474,0.043915,172.31.47.0-255,66,228544,96,266534
30475,0.043959,74.125.130.0-255,2902,231446,96,266534
30476,0.043963,172.31.47.0-255,66,231512,96,266534
30477,0.046221,74.125.130.0-255,2902,234414,96,266534
30478,0.046225,172.31.47.0-255,66,234480,96,266534
30479,0.046254,74.125.130.0-255,2902,237382,96,266534
30480,0.046256,172.31.47.0-255,66,237448,96,266534
30481,0.048523,74.125.130.0-255,1484,238932,96,266534
30482,0.048552,74.125.130.0-255,4320,243252,96,266534
30483,0.048556,172.31.47.0-255,66,243318,96,266534
30484,0.050849,74.125.130.0-255,5738,249056,96,266534
30485,0.050854,172.31.47.0-255,66,249122,96,266534
30486,0.053179,74.125.130.0-255,5738,254860,96,266534
30487,0.053186,172.31.47.0-255,66,254926,96,266534
30488,0.055489,74.125.130.0-255,5738,260664,96,266534
30489,0.055499,172.31.47.0-255,66,260730,96,266534
30490,0.057802,74.125.130.0-255,5738,266468,96,266534
30491,0.057809,172.31.47.0-255,66,266534,96,266534
30492,0.0,172.217.24.0-255,152,152,96,296662
30493,1.5e-05,172.31.47.0-255,66,218,96,296662
30494,2.2e-05,172.217.24.0-255,1484,1702,96,296662
30495,2.7e-05,172.31.47.0-255,66,1768,96,296662
30496,4e-05,172.217.24.0-255,2902,4670,96,296662
30497,4.3e-05,172.31.47.0-255,66,4736,96,296662
30498,5.1e-05,172.217.24.0-255,7156,11892,96,296662
30499,5.4e-05,172.31.47.0-255,66,11958,96,296662
30500,9.6e-05,172.31.47.0-255,66,12024,96,296662
30501,0.000127,172.217.24.0-255,2127,14151,96,296662
30502,0.00013,172.31.47.0-255,66,14217,96,296662
30503,0.000135,172.217.24.0-255,3961,18178,96,296662
30504,0.000138,172.31.47.0-255,66,18244,96,296662
30505,0.000141,172.217.24.0-255,1484,19728,96,296662
30506,0.000148,172.31.47.0-255,66,19794,96,296662
30507,0.000184,172.217.24.0-255,2902,22696,96,296662
30508,0.000186,172.31.47.0-255,66,22762,96,296662
30509,0.000194,172.217.24.0-255,5738,28500,96,296662
30510,0.000197,172.31.47.0-255,66,28566,96,296662
30511,0.000208,172.217.24.0-255,6797,35363,96,296662
30512,0.000211,172.31.47.0-255,66,35429,96,296662
30513,0.000429,172.217.24.0-255,1484,36913,96,296662
30514,0.000433,172.31.47.0-255,66,36979,96,296662
30515,0.000439,172.217.24.0-255,2902,39881,96,296662
30516,0.000442,172.31.47.0-255,66,39947,96,296662
30517,0.000462,172.217.24.0-255,5738,45685,96,296662
30518,0.000465,172.31.47.0-255,66,45751,96,296662
30519,0.000471,172.217.24.0-255,6797,52548,96,296662
30520,0.000473,172.31.47.0-255,66,52614,96,296662
30521,0.000494,172.217.24.0-255,392,53006,96,296662
30522,0.000497,172.31.47.0-255,66,53072,96,296662
30523,0.000844,172.217.24.0-255,351,53423,96,296662
30524,0.000934,172.31.47.0-255,66,53489,96,296662
30525,0.001061,172.217.24.0-255,1484,54973,96,296662
30526,0.00107,172.217.24.0-255,2902,57875,96,296662
30527,0.001073,172.31.47.0-255,66,57941,96,296662
30528,0.00108,172.217.24.0-255,5738,63679,96,296662
30529,0.001082,172.31.47.0-255,66,63745,96,296662
30530,0.001113,172.31.47.0-255,66,63811,96,296662
30531,0.001143,172.217.24.0-255,5379,69190,96,296662
30532,0.001146,172.31.47.0-255,66,69256,96,296662
30533,0.001155,172.31.47.0-255,66,69322,96,296662
30534,0.001161,172.217.24.0-255,1125,70447,96,296662
30535,0.001404,172.217.24.0-255,1484,71931,96,296662
30536,0.001409,172.31.47.0-255,66,71997,96,296662
30537,0.001415,172.217.24.0-255,2902,74899,96,296662
30538,0.001417,172.31.47.0-255,66,74965,96,296662
30539,0.001422,172.217.24.0-255,4320,79285,96,296662
30540,0.001423,172.31.47.0-255,66,79351,96,296662
30541,0.001465,172.31.47.0-255,66,79417,96,296662
30542,0.00147,172.217.24.0-255,4320,83737,96,296662
30543,0.001472,172.31.47.0-255,66,83803,96,296662
30544,0.001511,172.31.47.0-255,66,83869,96,296662
30545,0.001531,172.217.24.0-255,1484,85353,96,296662
30546,0.001535,172.217.24.0-255,2902,88255,96,296662
30547,0.001538,172.31.47.0-255,66,88321,96,296662
30548,0.001567,172.217.24.0-255,5738,94059,96,296662
30549,0.001569,172.31.47.0-255,66,94125,96,296662
30550,0.001579,172.31.47.0-255,66,94191,96,296662
30551,0.001605,172.217.24.0-255,4320,98511,96,296662
30552,0.001623,172.217.24.0-255,4320,102831,96,296662
30553,0.001644,172.217.24.0-255,6438,109269,96,296662
30554,0.001789,172.217.24.0-255,1484,110753,96,296662
30555,0.001796,172.217.24.0-255,2902,113655,96,296662
30556,0.0018,172.217.24.0-255,2902,116557,96,296662
30557,0.001814,172.217.24.0-255,2902,119459,96,296662
30558,0.001827,172.217.24.0-255,5738,125197,96,296662
30559,0.001852,172.217.24.0-255,4320,129517,96,296662
30560,0.001872,172.217.24.0-255,2184,131701,96,296662
30561,0.004991,172.31.47.0-255,66,131767,96,296662
30562,0.006928,172.217.24.0-255,5738,137505,96,296662
30563,0.006933,172.31.47.0-255,66,137571,96,296662
30564,0.008839,172.217.24.0-255,5738,143309,96,296662
30565,0.008846,172.31.47.0-255,66,143375,96,296662
30566,0.010741,172.217.24.0-255,5738,149113,96,296662
30567,0.01075,172.31.47.0-255,66,149179,96,296662
30568,0.012666,172.217.24.0-255,5738,154917,96,296662
30569,0.012679,172.31.47.0-255,66,154983,96,296662
30570,0.014592,172.217.24.0-255,5738,160721,96,296662
30571,0.014607,172.31.47.0-255,66,160787,96,296662
30572,0.01651,172.217.24.0-255,2902,163689,96,296662
30573,0.01652,172.31.47.0-255,66,163755,96,296662
30574,0.016547,172.217.24.0-255,2902,166657,96,296662
30575,0.01655,172.31.47.0-255,66,166723,96,296662
30576,0.01842,172.217.24.0-255,2902,169625,96,296662
30577,0.018432,172.31.47.0-255,66,169691,96,296662
30578,0.018466,172.217.24.0-255,2902,172593,96,296662
30579,0.018469,172.31.47.0-255,66,172659,96,296662
30580,0.020334,172.217.24.0-255,2902,175561,96,296662
30581,0.020341,172.31.47.0-255,66,175627,96,296662
30582,0.020371,172.217.24.0-255,2902,178529,96,296662
30583,0.020374,172.31.47.0-255,66,178595,96,296662
30584,0.02224,172.217.24.0-255,2902,181497,96,296662
30585,0.022246,172.31.47.0-255,66,181563,96,296662
30586,0.02228,172.217.24.0-255,2902,184465,96,296662
30587,0.022283,172.31.47.0-255,66,184531,96,296662
30588,0.024144,172.217.24.0-255,2902,187433,96,296662
30589,0.024153,172.31.47.0-255,66,187499,96,296662
30590,0.024189,172.217.24.0-255,2902,190401,96,296662
30591,0.024192,172.31.47.0-255,66,190467,96,296662
30592,0.026053,172.217.24.0-255,2902,193369,96,296662
30593,0.02606,172.31.47.0-255,66,193435,96,296662
30594,0.026091,172.217.24.0-255,2902,196337,96,296662
30595,0.026094,172.31.47.0-255,66,196403,96,296662
30596,0.02751,172.31.47.0-255,172,196575,96,296662
30597,0.027542,172.31.47.0-255,1109,197684,96,296662
30598,0.0276,172.31.47.0-255,1514,199198,96,296662
30599,0.027602,172.31.47.0-255,1302,200500,96,296662
30600,0.028,172.217.24.0-255,4320,204820,96,296662
30601,0.028007,172.31.47.0-255,66,204886,96,296662
30602,0.028035,172.217.24.0-255,1484,206370,96,296662
30603,0.029058,104.244.42.0-255,66,206436,96,296662
30604,0.029093,104.244.42.0-255,66,206502,96,296662
30605,0.029141,104.244.42.0-255,66,206568,96,296662
30606,0.029899,172.217.24.0-255,4320,210888,96,296662
30607,0.029905,172.31.47.0-255,66,210954,96,296662
30608,0.031803,172.217.24.0-255,5738,216692,96,296662
30609,0.03181,172.31.47.0-255,66,216758,96,296662
30610,0.033725,172.217.24.0-255,5738,222496,96,296662
30611,0.033732,172.31.47.0-255,66,222562,96,296662
30612,0.035621,172.217.24.0-255,5738,228300,96,296662
30613,0.035627,172.31.47.0-255,66,228366,96,296662
30614,0.037574,172.217.24.0-255,5738,234104,96,296662
30615,0.037579,172.31.47.0-255,66,234170,96,296662
30616,0.039482,172.217.24.0-255,5738,239908,96,296662
30617,0.03949,172.31.47.0-255,66,239974,96,296662
30618,0.041391,172.217.24.0-255,5738,245712,96,296662
30619,0.041396,172.31.47.0-255,66,245778,96,296662
30620,0.04331,172.217.24.0-255,5738,251516,96,296662
30621,0.043316,172.31.47.0-255,66,251582,96,296662
30622,0.045223,172.217.24.0-255,4320,255902,96,296662
30623,0.045229,172.31.47.0-255,66,255968,96,296662
30624,0.045255,172.217.24.0-255,1484,257452,96,296662
30625,0.047121,172.217.24.0-255,4320,261772,96,296662
30626,0.047127,172.31.47.0-255,66,261838,96,296662
30627,0.049026,172.217.24.0-255,5738,267576,96,296662
30628,0.049032,172.31.47.0-255,66,267642,96,296662
30629,0.050926,172.217.24.0-255,5738,273380,96,296662
30630,0.050932,172.31.47.0-255,66,273446,96,296662
30631,0.052826,172.217.24.0-255,5738,279184,96,296662
30632,0.052833,172.31.47.0-255,66,279250,96,296662
30633,0.054748,172.217.24.0-255,5738,284988,96,296662
30634,0.054753,172.31.47.0-255,66,285054,96,296662
30635,0.056653,172.217.24.0-255,5738,290792,96,296662
30636,0.056659,172.31.47.0-255,66,290858,96,296662
30637,0.058558,172.217.24.0-255,5738,296596,96,296662
30638,0.058563,172.31.47.0-255,66,296662,96,296662
30639,0.0,74.125.200.0-255,153,153,96,252595
30640,1.6e-05,172.31.47.0-255,66,219,96,252595
30641,2.2e-05,74.125.200.0-255,1484,1703,96,252595
30642,2.7e-05,172.31.47.0-255,66,1769,96,252595
30643,3.9e-05,74.125.200.0-255,2902,4671,96,252595
30644,4.2e-05,172.31.47.0-255,66,4737,96,252595
30645,4.7e-05,74.125.200.0-255,4320,9057,96,252595
30646,5e-05,172.31.47.0-255,66,9123,96,252595
30647,7.8e-05,74.125.200.0-255,1484,10607,96,252595
30648,8.1e-05,172.31.47.0-255,66,10673,96,252595
30649,0.000105,74.125.200.0-255,3420,14093,96,252595
30650,0.000107,172.31.47.0-255,66,14159,96,252595
30651,0.000132,74.125.200.0-255,4320,18479,96,252595
30652,0.000134,172.31.47.0-255,66,18545,96,252595
30653,0.000137,74.125.200.0-255,1484,20029,96,252595
30654,0.000139,172.31.47.0-255,66,20095,96,252595
30655,0.00016,74.125.200.0-255,4320,24415,96,252595
30656,0.000162,172.31.47.0-255,66,24481,96,252595
30657,0.000167,74.125.200.0-255,4320,28801,96,252595
30658,0.000169,172.31.47.0-255,66,28867,96,252595
30659,0.00019,74.125.200.0-255,2543,31410,96,252595
30660,0.000192,172.31.47.0-255,66,31476,96,252595
30661,0.000277,74.125.200.0-255,1484,32960,96,252595
30662,0.000281,172.31.47.0-255,66,33026,96,252595
30663,0.000298,74.125.200.0-255,2902,35928,96,252595
30664,0.000301,172.31.47.0-255,66,35994,96,252595
30665,0.000326,74.125.200.0-255,4320,40314,96,252595
30666,0.000328,172.31.47.0-255,66,40380,96,252595
30667,0.000352,74.125.200.0-255,5738,46118,96,252595
30668,0.000355,172.31.47.0-255,66,46184,96,252595
30669,0.000378,74.125.200.0-255,2543,48727,96,252595
30670,0.00038,172.31.47.0-255,66,48793,96,252595
30671,0.000385,74.125.200.0-255,4320,53113,96,252595
30672,0.000387,172.31.47.0-255,66,53179,96,252595
30673,0.000416,74.125.200.0-255,4320,57499,96,252595
30674,0.000419,172.31.47.0-255,66,57565,96,252595
30675,0.000429,172.31.47.0-255,66,57631,96,252595
30676,0.000435,74.125.200.0-255,405,58036,96,252595
30677,0.000484,74.125.200.0-255,340,58376,96,252595
30678,0.000703,74.125.200.0-255,1484,59860,96,252595
30679,0.000707,172.31.47.0-255,66,59926,96,252595
30680,0.000712,74.125.200.0-255,2902,62828,96,252595
30681,0.000714,172.31.47.0-255,66,62894,96,252595
30682,0.000749,74.125.200.0-255,5738,68632,96,252595
30683,0.000753,172.31.47.0-255,66,68698,96,252595
30684,0.000786,172.31.47.0-255,66,68764,96,252595
30685,0.000798,172.31.47.0-255,66,68830,96,252595
30686,0.000805,74.125.200.0-255,2184,71014,96,252595
30687,0.000808,172.31.47.0-255,66,71080,96,252595
30688,0.001578,74.125.200.0-255,1484,72564,96,252595
30689,0.001586,74.125.200.0-255,2902,75466,96,252595
30690,0.00159,172.31.47.0-255,66,75532,96,252595
30691,0.001607,74.125.200.0-255,2902,78434,96,252595
30692,0.001609,172.31.47.0-255,66,78500,96,252595
30693,0.001643,74.125.200.0-255,2902,81402,96,252595
30694,0.001646,172.31.47.0-255,66,81468,96,252595
30695,0.001653,74.125.200.0-255,7156,88624,96,252595
30696,0.001654,172.31.47.0-255,66,88690,96,252595
30697,0.001677,172.31.47.0-255,66,88756,96,252595
30698,0.0017,74.125.200.0-255,2902,91658,96,252595
30699,0.001702,172.31.47.0-255,66,91724,96,252595
30700,0.001706,74.125.200.0-255,2902,94626,96,252595
30701,0.001708,172.31.47.0-255,66,94692,96,252595
30702,0.001729,74.125.200.0-255,766,95458,96,252595
30703,0.001757,74.125.200.0-255,4320,99778,96,252595
30704,0.001759,172.31.47.0-255,66,99844,96,252595
30705,0.001784,74.125.200.0-255,5738,105582,96,252595
30706,0.001786,172.31.47.0-255,66,105648,96,252595
30707,0.001796,74.125.200.0-255,1484,107132,96,252595
30708,0.001829,172.31.47.0-255,66,107198,96,252595
30709,0.001835,74.125.200.0-255,4320,111518,96,252595
30710,0.001837,172.31.47.0-255,66,111584,96,252595
30711,0.001864,74.125.200.0-255,2902,114486,96,252595
30712,0.001866,172.31.47.0-255,66,114552,96,252595
30713,0.001892,74.125.200.0-255,5020,119572,96,252595
30714,0.001894,172.31.47.0-255,66,119638,96,252595
30715,0.001955,74.125.200.0-255,1484,121122,96,252595
30716,0.001987,74.125.200.0-255,2902,124024,96,252595
30717,0.00199,172.31.47.0-255,66,124090,96,252595
30718,0.001996,74.125.200.0-255,5738,129828,96,252595
30719,0.001998,172.31.47.0-255,66,129894,96,252595
30720,0.002014,74.125.200.0-255,2902,132796,96,252595
30721,0.002016,172.31.47.0-255,66,132862,96,252595
30722,0.00205,172.31.47.0-255,66,132928,96,252595
30723,0.002053,74.125.200.0-255,1484,134412,96,252595
30724,0.002091,172.31.47.0-255,66,134478,96,252595
30725,0.002178,74.125.200.0-255,1484,135962,96,252595
30726,0.002185,74.125.200.0-255,2902,138864,96,252595
30727,0.002188,172.31.47.0-255,66,138930,96,252595
30728,0.002217,74.125.200.0-255,5738,144668,96,252595
30729,0.00222,172.31.47.0-255,66,144734,96,252595
30730,0.002223,74.125.200.0-255,1484,146218,96,252595
30731,0.002256,172.31.47.0-255,66,146284,96,252595
30732,0.002285,74.125.200.0-255,4320,150604,96,252595
30733,0.002287,172.31.47.0-255,66,150670,96,252595
30734,0.002294,74.125.200.0-255,5738,156408,96,252595
30735,0.002297,172.31.47.0-255,66,156474,96,252595
30736,0.002333,172.31.47.0-255,66,156540,96,252595
30737,0.002372,172.31.47.0-255,66,156606,96,252595
30738,0.002432,172.31.47.0-255,66,156672,96,252595
30739,0.00245,172.31.47.0-255,66,156738,96,252595
30740,0.002453,74.125.200.0-255,1484,158222,96,252595
30741,0.002484,172.31.47.0-255,66,158288,96,252595
30742,0.0025,74.125.200.0-255,1484,159772,96,252595
30743,0.002507,74.125.200.0-255,5738,165510,96,252595
30744,0.00251,172.31.47.0-255,66,165576,96,252595
30745,0.002543,172.31.47.0-255,66,165642,96,252595
30746,0.002582,172.31.47.0-255,66,165708,96,252595
30747,0.002593,172.31.47.0-255,66,165774,96,252595
30748,0.002601,74.125.200.0-255,2184,167958,96,252595
30749,0.002603,172.31.47.0-255,66,168024,96,252595
30750,0.00515,74.125.200.0-255,4320,172344,96,252595
30751,0.005154,172.31.47.0-255,66,172410,96,252595
30752,0.005177,74.125.200.0-255,1484,173894,96,252595
30753,0.007724,74.125.200.0-255,4320,178214,96,252595
30754,0.007735,172.31.47.0-255,66,178280,96,252595
30755,0.010318,74.125.200.0-255,5738,184018,96,252595
30756,0.010325,172.31.47.0-255,66,184084,96,252595
30757,0.012901,74.125.200.0-255,5738,189822,96,252595
30758,0.012909,172.31.47.0-255,66,189888,96,252595
30759,0.015486,74.125.200.0-255,5738,195626,96,252595
30760,0.015495,172.31.47.0-255,66,195692,96,252595
30761,0.01808,74.125.200.0-255,5738,201430,96,252595
30762,0.01809,172.31.47.0-255,66,201496,96,252595
30763,0.020658,74.125.200.0-255,5738,207234,96,252595
30764,0.020665,172.31.47.0-255,66,207300,96,252595
30765,0.023251,74.125.200.0-255,5738,213038,96,252595
30766,0.023258,172.31.47.0-255,66,213104,96,252595
30767,0.025829,74.125.200.0-255,5738,218842,96,252595
30768,0.025837,172.31.47.0-255,66,218908,96,252595
30769,0.028272,172.31.47.0-255,171,219079,96,252595
30770,0.028299,172.31.47.0-255,1134,220213,96,252595
30771,0.028353,172.31.47.0-255,1514,221727,96,252595
30772,0.028354,172.31.47.0-255,1277,223004,96,252595
30773,0.028403,74.125.200.0-255,4320,227324,96,252595
30774,0.028407,172.31.47.0-255,66,227390,96,252595
30775,0.028434,74.125.200.0-255,1484,228874,96,252595
30776,0.029829,104.244.42.0-255,66,228940,96,252595
30777,0.029852,104.244.42.0-255,66,229006,96,252595
30778,0.029886,104.244.42.0-255,66,229072,96,252595
30779,0.030974,74.125.200.0-255,4320,233392,96,252595
30780,0.030979,172.31.47.0-255,66,233458,96,252595
30781,0.033551,74.125.200.0-255,5738,239196,96,252595
30782,0.033558,172.31.47.0-255,66,239262,96,252595
30783,0.036136,74.125.200.0-255,5738,245000,96,252595
30784,0.036143,172.31.47.0-255,66,245066,96,252595
30785,0.038708,74.125.200.0-255,5738,250804,96,252595
30786,0.038715,172.31.47.0-255,66,250870,96,252595
30787,0.041292,74.125.200.0-255,1488,252358,96,252595
30788,0.041298,172.31.47.0-255,66,252424,96,252595
30789,0.041451,172.31.47.0-255,105,252529,96,252595
30790,0.043984,74.125.200.0-255,66,252595,96,252595
30791,0.0,74.125.24.0-255,152,152,96,329218
30792,2.1e-05,172.31.47.0-255,66,218,96,329218
30793,2.7e-05,74.125.24.0-255,1484,1702,96,329218
30794,3.1e-05,172.31.47.0-255,66,1768,96,329218
30795,3.5e-05,74.125.24.0-255,2902,4670,96,329218
30796,3.8e-05,172.31.47.0-255,66,4736,96,329218
30797,4.9e-05,74.125.24.0-255,4320,9056,96,329218
30798,5.2e-05,172.31.47.0-255,66,9122,96,329218
30799,8.6e-05,74.125.24.0-255,4320,13442,96,329218
30800,9.2e-05,172.31.47.0-255,66,13508,96,329218
30801,0.000115,74.125.24.0-255,711,14219,96,329218
30802,0.000117,172.31.47.0-255,66,14285,96,329218
30803,0.000122,74.125.24.0-255,5738,20023,96,329218
30804,0.000124,172.31.47.0-255,66,20089,96,329218
30805,0.000161,74.125.24.0-255,7156,27245,96,329218
30806,0.000163,172.31.47.0-255,66,27311,96,329218
30807,0.000187,74.125.24.0-255,3961,31272,96,329218
30808,0.000188,172.31.47.0-255,66,31338,96,329218
30809,0.000292,74.125.24.0-255,1484,32822,96,329218
30810,0.000296,172.31.47.0-255,66,32888,96,329218
30811,0.0003,74.125.24.0-255,2902,35790,96,329218
30812,0.000302,172.31.47.0-255,66,35856,96,329218
30813,0.000334,74.125.24.0-255,5738,41594,96,329218
30814,0.000336,172.31.47.0-255,66,41660,96,329218
30815,0.000369,172.31.47.0-255,66,41726,96,329218
30816,0.000374,74.125.24.0-255,7156,48882,96,329218
30817,0.000376,172.31.47.0-255,66,48948,96,329218
30818,0.000397,74.125.24.0-255,1484,50432,96,329218
30819,0.000398,172.31.47.0-255,66,50498,96,329218
30820,0.000405,74.125.24.0-255,7110,57608,96,329218
30821,0.000406,172.31.47.0-255,66,57674,96,329218
30822,0.000427,74.125.24.0-255,375,58049,96,329218
30823,0.000624,74.125.24.0-255,1484,59533,96,329218
30824,0.000629,74.125.24.0-255,2902,62435,96,329218
30825,0.000645,74.125.24.0-255,5738,68173,96,329218
30826,0.00065,172.31.47.0-255,66,68239,96,329218
30827,0.000668,74.125.24.0-255,5738,73977,96,329218
30828,0.000676,172.31.47.0-255,66,74043,96,329218
30829,0.000685,74.125.24.0-255,7156,81199,96,329218
30830,0.000693,172.31.47.0-255,66,81265,96,329218
30831,0.000724,172.31.47.0-255,66,81331,96,329218
30832,0.000926,74.125.24.0-255,1484,82815,96,329218
30833,0.000931,74.125.24.0-255,2902,85717,96,329218
30834,0.000933,172.31.47.0-255,66,85783,96,329218
30835,0.000962,74.125.24.0-255,5738,91521,96,329218
30836,0.000973,74.125.24.0-255,4320,95841,96,329218
30837,0.000975,172.31.47.0-255,66,95907,96,329218
30838,0.000979,172.31.47.0-255,66,95973,96,329218
30839,0.001029,172.31.47.0-255,66,96039,96,329218
30840,0.001176,74.125.24.0-255,1484,97523,96,329218
30841,0.00119,74.125.24.0-255,2902,100425,96,329218
30842,0.001193,172.31.47.0-255,66,100491,96,329218
30843,0.001198,74.125.24.0-255,5738,106229,96,329218
30844,0.001221,74.125.24.0-255,5738,111967,96,329218
30845,0.001224,172.31.47.0-255,66,112033,96,329218
30846,0.001227,172.31.47.0-255,66,112099,96,329218
30847,0.001255,74.125.24.0-255,7156,119255,96,329218
30848,0.001268,172.31.47.0-255,66,119321,96,329218
30849,0.001333,74.125.24.0-255,1484,120805,96,329218
30850,0.001338,74.125.24.0-255,2902,123707,96,329218
30851,0.00134,172.31.47.0-255,66,123773,96,329218
30852,0.001365,74.125.24.0-255,5738,129511,96,329218
30853,0.001369,172.31.47.0-255,66,129577,96,329218
30854,0.001379,74.125.24.0-255,7156,136733,96,329218
30855,0.001401,74.125.24.0-255,5738,142471,96,329218
30856,0.00143,172.31.47.0-255,66,142537,96,329218
30857,0.001459,172.31.47.0-255,66,142603,96,329218
30858,0.001723,74.125.24.0-255,1484,144087,96,329218
30859,0.001742,74.125.24.0-255,2902,146989,96,329218
30860,0.001745,172.31.47.0-255,66,147055,96,329218
30861,0.00175,74.125.24.0-255,4320,151375,96,329218
30862,0.001753,172.31.47.0-255,66,151441,96,329218
30863,0.001769,74.125.24.0-255,1484,152925,96,329218
30864,0.001773,74.125.24.0-255,2902,155827,96,329218
30865,0.001797,74.125.24.0-255,7156,162983,96,329218
30866,0.001807,172.31.47.0-255,66,163049,96,329218
30867,0.001811,74.125.24.0-255,4320,167369,96,329218
30868,0.001815,172.31.47.0-255,66,167435,96,329218
30869,0.001849,172.31.47.0-255,66,167501,96,329218
30870,0.00201,74.125.24.0-255,1484,168985,96,329218
30871,0.002013,74.125.24.0-255,1484,170469,96,329218
30872,0.002016,172.31.47.0-255,66,170535,96,329218
30873,0.002136,74.125.24.0-255,1484,172019,96,329218
30874,0.002142,74.125.24.0-255,5738,177757,96,329218
30875,0.002144,172.31.47.0-255,66,177823,96,329218
30876,0.002148,74.125.24.0-255,4320,182143,96,329218
30877,0.00217,74.125.24.0-255,5738,187881,96,329218
30878,0.002183,74.125.24.0-255,2184,190065,96,329218
30879,0.002202,172.31.47.0-255,66,190131,96,329218
30880,0.002229,74.125.24.0-255,1484,191615,96,329218
30881,0.002234,74.125.24.0-255,2902,194517,96,329218
30882,0.002261,74.125.24.0-255,5738,200255,96,329218
30883,0.002268,74.125.24.0-255,7156,207411,96,329218
30884,0.002289,172.31.47.0-255,66,207477,96,329218
30885,0.002314,74.125.24.0-255,2184,209661,96,329218
30886,0.002327,172.31.47.0-255,66,209727,96,329218
30887,0.004625,74.125.24.0-255,5738,215465,96,329218
30888,0.004631,172.31.47.0-255,66,215531,96,329218
30889,0.006936,74.125.24.0-255,5738,221269,96,329218
30890,0.013243,172.31.47.0-255,66,221335,96,329218
30891,0.014671,74.125.24.0-255,1484,222819,96,329218
30892,0.015542,74.125.24.0-255,4320,227139,96,329218
30893,0.015549,172.31.47.0-255,66,227205,96,329218
30894,0.017842,74.125.24.0-255,5738,232943,96,329218
30895,0.018632,172.31.47.0-255,66,233009,96,329218
30896,0.020932,74.125.24.0-255,5738,238747,96,329218
30897,0.020941,172.31.47.0-255,66,238813,96,329218
30898,0.023239,74.125.24.0-255,5738,244551,96,329218
30899,0.023248,172.31.47.0-255,66,244617,96,329218
30900,0.025547,74.125.24.0-255,5738,250355,96,329218
30901,0.025555,172.31.47.0-255,66,250421,96,329218
30902,0.027846,74.125.24.0-255,5738,256159,96,329218
30903,0.027851,172.31.47.0-255,66,256225,96,329218
30904,0.03015,74.125.24.0-255,5738,261963,96,329218
30905,0.030155,172.31.47.0-255,66,262029,96,329218
30906,0.032255,172.31.47.0-255,171,262200,96,329218
30907,0.032283,172.31.47.0-255,1133,263333,96,329218
30908,0.032326,172.31.47.0-255,1514,264847,96,329218
30909,0.032328,172.31.47.0-255,1280,266127,96,329218
30910,0.032455,74.125.24.0-255,5738,271865,96,329218
30911,0.032461,172.31.47.0-255,66,271931,96,329218
30912,0.033733,104.244.42.0-255,66,271997,96,329218
30913,0.033918,104.244.42.0-255,66,272063,96,329218
30914,0.033922,104.244.42.0-255,66,272129,96,329218
30915,0.034748,74.125.24.0-255,5738,277867,96,329218
30916,0.034754,172.31.47.0-255,66,277933,96,329218
30917,0.03709,74.125.24.0-255,5738,283671,96,329218
30918,0.037095,172.31.47.0-255,66,283737,96,329218
30919,0.03937,74.125.24.0-255,5738,289475,96,329218
30920,0.039376,172.31.47.0-255,66,289541,96,329218
30921,0.041671,74.125.24.0-255,5738,295279,96,329218
30922,0.041677,172.31.47.0-255,66,295345,96,329218
30923,0.043987,74.125.24.0-255,5738,301083,96,329218
30924,0.043993,172.31.47.0-255,66,301149,96,329218
30925,0.046289,74.125.24.0-255,5738,306887,96,329218
30926,0.046294,172.31.47.0-255,66,306953,96,329218
30927,0.04859,74.125.24.0-255,2902,309855,96,329218
30928,0.048595,172.31.47.0-255,66,309921,96,329218
30929,0.048625,74.125.24.0-255,2902,312823,96,329218
30930,0.048631,172.31.47.0-255,66,312889,96,329218
30931,0.050885,74.125.24.0-255,2902,315791,96,329218
30932,0.05089,172.31.47.0-255,66,315857,96,329218
30933,0.050931,74.125.24.0-255,2902,318759,96,329218
30934,0.050947,172.31.47.0-255,66,318825,96,329218
30935,0.053198,74.125.24.0-255,2902,321727,96,329218
30936,0.05321,172.31.47.0-255,66,321793,96,329218
30937,0.05325,74.125.24.0-255,2902,324695,96,329218
30938,0.053324,172.31.47.0-255,66,324761,96,329218
30939,0.055523,74.125.24.0-255,2902,327663,96,329218
30940,0.055528,172.31.47.0-255,66,327729,96,329218
30941,0.055613,74.125.24.0-255,1252,328981,96,329218
30942,0.055705,172.31.47.0-255,66,329047,96,329218
30943,0.055728,172.31.47.0-255,105,329152,96,329218
30944,0.05798,74.125.24.0-255,66,329218,96,329218
30945,0.0,74.125.24.0-255,153,153,96,337043
30946,3.2e-05,172.31.47.0-255,66,219,96,337043
30947,3.9e-05,74.125.24.0-255,1484,1703,96,337043
30948,4.5e-05,172.31.47.0-255,66,1769,96,337043
30949,4.9e-05,74.125.24.0-255,2902,4671,96,337043
30950,5.9e-05,172.31.47.0-255,66,4737,96,337043
30951,6.5e-05,74.125.24.0-255,5738,10475,96,337043
30952,6.8e-05,172.31.47.0-255,66,10541,96,337043
30953,9.3e-05,74.125.24.0-255,3393,13934,96,337043
30954,9.6e-05,172.31.47.0-255,66,14000,96,337043
30955,0.000154,74.125.24.0-255,1484,15484,96,337043
30956,0.000158,172.31.47.0-255,66,15550,96,337043
30957,0.000164,74.125.24.0-255,2902,18452,96,337043
30958,0.000166,172.31.47.0-255,66,18518,96,337043
30959,0.000171,74.125.24.0-255,5738,24256,96,337043
30960,0.000174,172.31.47.0-255,66,24322,96,337043
30961,0.000184,74.125.24.0-255,1484,25806,96,337043
30962,0.000188,172.31.47.0-255,66,25872,96,337043
30963,0.000222,74.125.24.0-255,4320,30192,96,337043
30964,0.000227,172.31.47.0-255,66,30258,96,337043
30965,0.00023,74.125.24.0-255,1125,31383,96,337043
30966,0.000232,172.31.47.0-255,66,31449,96,337043
30967,0.000352,74.125.24.0-255,1484,32933,96,337043
30968,0.000356,172.31.47.0-255,66,32999,96,337043
30969,0.000361,74.125.24.0-255,1484,34483,96,337043
30970,0.000363,172.31.47.0-255,66,34549,96,337043
30971,0.00039,74.125.24.0-255,1484,36033,96,337043
30972,0.000393,172.31.47.0-255,66,36099,96,337043
30973,0.0004,74.125.24.0-255,5738,41837,96,337043
30974,0.000403,172.31.47.0-255,66,41903,96,337043
30975,0.000439,74.125.24.0-255,5738,47641,96,337043
30976,0.000443,172.31.47.0-255,66,47707,96,337043
30977,0.000466,74.125.24.0-255,1125,48832,96,337043
30978,0.000501,74.125.24.0-255,1484,50316,96,337043
30979,0.000504,172.31.47.0-255,66,50382,96,337043
30980,0.000509,74.125.24.0-255,2902,53284,96,337043
30981,0.000511,172.31.47.0-255,66,53350,96,337043
30982,0.000532,74.125.24.0-255,4320,57670,96,337043
30983,0.000535,172.31.47.0-255,66,57736,96,337043
30984,0.00056,74.125.24.0-255,1484,59220,96,337043
30985,0.000566,74.125.24.0-255,4320,63540,96,337043
30986,0.00057,172.31.47.0-255,66,63606,96,337043
30987,0.000594,74.125.24.0-255,2889,66495,96,337043
30988,0.000597,172.31.47.0-255,66,66561,96,337043
30989,0.000662,74.125.24.0-255,332,66893,96,337043
30990,0.000784,172.31.47.0-255,66,66959,96,337043
30991,0.000906,74.125.24.0-255,1484,68443,96,337043
30992,0.000913,74.125.24.0-255,2902,71345,96,337043
30993,0.000916,172.31.47.0-255,66,71411,96,337043
30994,0.000949,74.125.24.0-255,5738,77149,96,337043
30995,0.000952,172.31.47.0-255,66,77215,96,337043
30996,0.000976,74.125.24.0-255,2902,80117,96,337043
30997,0.000978,172.31.47.0-255,66,80183,96,337043
30998,0.001004,74.125.24.0-255,3961,84144,96,337043
30999,0.001007,172.31.47.0-255,66,84210,96,337043
31000,0.001028,74.125.24.0-255,1484,85694,96,337043
31001,0.001043,74.125.24.0-255,2902,88596,96,337043
31002,0.001046,172.31.47.0-255,66,88662,96,337043
31003,0.001067,74.125.24.0-255,1484,90146,96,337043
31004,0.001087,74.125.24.0-255,4320,94466,96,337043
31005,0.001091,172.31.47.0-255,66,94532,96,337043
31006,0.001096,74.125.24.0-255,2902,97434,96,337043
31007,0.001098,172.31.47.0-255,66,97500,96,337043
31008,0.001121,74.125.24.0-255,3961,101461,96,337043
31009,0.001123,172.31.47.0-255,66,101527,96,337043
31010,0.001416,74.125.24.0-255,1484,103011,96,337043
31011,0.001423,74.125.24.0-255,2902,105913,96,337043
31012,0.001427,172.31.47.0-255,66,105979,96,337043
31013,0.001431,74.125.24.0-255,1484,107463,96,337043
31014,0.001456,74.125.24.0-255,4320,111783,96,337043
31015,0.001458,172.31.47.0-255,66,111849,96,337043
31016,0.001462,74.125.24.0-255,2902,114751,96,337043
31017,0.001464,172.31.47.0-255,66,114817,96,337043
31018,0.001504,172.31.47.0-255,66,114883,96,337043
31019,0.001509,74.125.24.0-255,5738,120621,96,337043
31020,0.001511,172.31.47.0-255,66,120687,96,337043
31021,0.001538,74.125.24.0-255,5020,125707,96,337043
31022,0.001541,172.31.47.0-255,66,125773,96,337043
31023,0.001587,74.125.24.0-255,1484,127257,96,337043
31024,0.001591,74.125.24.0-255,2902,130159,96,337043
31025,0.001594,172.31.47.0-255,66,130225,96,337043
31026,0.001618,74.125.24.0-255,4320,134545,96,337043
31027,0.001621,172.31.47.0-255,66,134611,96,337043
31028,0.001643,74.125.24.0-255,1484,136095,96,337043
31029,0.001649,74.125.24.0-255,7156,143251,96,337043
31030,0.001651,172.31.47.0-255,66,143317,96,337043
31031,0.001678,74.125.24.0-255,4320,147637,96,337043
31032,0.001681,172.31.47.0-255,66,147703,96,337043
31033,0.001716,172.31.47.0-255,66,147769,96,337043
31034,0.001718,74.125.24.0-255,1484,149253,96,337043
31035,0.001721,74.125.24.0-255,766,150019,96,337043
31036,0.001723,172.31.47.0-255,66,150085,96,337043
31037,0.001864,74.125.24.0-255,1484,151569,96,337043
31038,0.001868,74.125.24.0-255,2902,154471,96,337043
31039,0.00187,172.31.47.0-255,66,154537,96,337043
31040,0.001873,74.125.24.0-255,1484,156021,96,337043
31041,0.001898,74.125.24.0-255,4320,160341,96,337043
31042,0.0019,172.31.47.0-255,66,160407,96,337043
31043,0.001904,74.125.24.0-255,2902,163309,96,337043
31044,0.001906,172.31.47.0-255,66,163375,96,337043
31045,0.001945,172.31.47.0-255,66,163441,96,337043
31046,0.001957,172.31.47.0-255,66,163507,96,337043
31047,0.002022,74.125.24.0-255,1484,164991,96,337043
31048,0.002026,74.125.24.0-255,2902,167893,96,337043
31049,0.002028,172.31.47.0-255,66,167959,96,337043
31050,0.002034,74.125.24.0-255,5738,173697,96,337043
31051,0.002036,172.31.47.0-255,66,173763,96,337043
31052,0.002054,172.31.47.0-255,66,173829,96,337043
31053,0.002065,172.31.47.0-255,66,173895,96,337043
31054,0.004101,74.125.24.0-255,5738,179633,96,337043
31055,0.004107,172.31.47.0-255,66,179699,96,337043
31056,0.006109,74.125.24.0-255,5738,185437,96,337043
31057,0.006129,172.31.47.0-255,66,185503,96,337043
31058,0.008127,74.125.24.0-255,5738,191241,96,337043
31059,0.008132,172.31.47.0-255,66,191307,96,337043
31060,0.010156,74.125.24.0-255,5738,197045,96,337043
31061,0.010163,172.31.47.0-255,66,197111,96,337043
31062,0.012175,74.125.24.0-255,5738,202849,96,337043
31063,0.012182,172.31.47.0-255,66,202915,96,337043
31064,0.0142,74.125.24.0-255,5738,208653,96,337043
31065,0.014207,172.31.47.0-255,66,208719,96,337043
31066,0.016208,74.125.24.0-255,5738,214457,96,337043
31067,0.016221,172.31.47.0-255,66,214523,96,337043
31068,0.018246,74.125.24.0-255,4320,218843,96,337043
31069,0.018252,172.31.47.0-255,66,218909,96,337043
31070,0.01828,74.125.24.0-255,1484,220393,96,337043
31071,0.020262,74.125.24.0-255,4320,224713,96,337043
31072,0.020268,172.31.47.0-255,66,224779,96,337043
31073,0.022285,74.125.24.0-255,5738,230517,96,337043
31074,0.022295,172.31.47.0-255,66,230583,96,337043
31075,0.024307,74.125.24.0-255,5738,236321,96,337043
31076,0.024316,172.31.47.0-255,66,236387,96,337043
31077,0.026311,74.125.24.0-255,5738,242125,96,337043
31078,0.026318,172.31.47.0-255,66,242191,96,337043
31079,0.027184,172.31.47.0-255,172,242363,96,337043
31080,0.027209,172.31.47.0-255,1111,243474,96,337043
31081,0.027244,172.31.47.0-255,1514,244988,96,337043
31082,0.027245,172.31.47.0-255,1301,246289,96,337043
31083,0.028329,74.125.24.0-255,5738,252027,96,337043
31084,0.028334,172.31.47.0-255,66,252093,96,337043
31085,0.028757,104.244.42.0-255,66,252159,96,337043
31086,0.028764,104.244.42.0-255,66,252225,96,337043
31087,0.028793,104.244.42.0-255,66,252291,96,337043
31088,0.030349,74.125.24.0-255,5738,258029,96,337043
31089,0.030354,172.31.47.0-255,66,258095,96,337043
31090,0.032364,74.125.24.0-255,5738,263833,96,337043
31091,0.032371,172.31.47.0-255,66,263899,96,337043
31092,0.03437,74.125.24.0-255,4320,268219,96,337043
31093,0.034374,172.31.47.0-255,66,268285,96,337043
31094,0.034397,74.125.24.0-255,1484,269769,96,337043
31095,0.036417,74.125.24.0-255,4320,274089,96,337043
31096,0.036423,172.31.47.0-255,66,274155,96,337043
31097,0.038438,74.125.24.0-255,5738,279893,96,337043
31098,0.038443,172.31.47.0-255,66,279959,96,337043
31099,0.040444,74.125.24.0-255,5738,285697,96,337043
31100,0.040448,172.31.47.0-255,66,285763,96,337043
31101,0.042443,74.125.24.0-255,5738,291501,96,337043
31102,0.042448,172.31.47.0-255,66,291567,96,337043
31103,0.044454,74.125.24.0-255,5738,297305,96,337043
31104,0.044459,172.31.47.0-255,66,297371,96,337043
31105,0.046467,74.125.24.0-255,5738,303109,96,337043
31106,0.046474,172.31.47.0-255,66,303175,96,337043
31107,0.048485,74.125.24.0-255,5738,308913,96,337043
31108,0.048492,172.31.47.0-255,66,308979,96,337043
31109,0.050482,74.125.24.0-255,5738,314717,96,337043
31110,0.050486,172.31.47.0-255,66,314783,96,337043
31111,0.052483,74.125.24.0-255,4320,319103,96,337043
31112,0.052488,172.31.47.0-255,66,319169,96,337043
31113,0.052519,74.125.24.0-255,1484,320653,96,337043
31114,0.054506,74.125.24.0-255,1484,322137,96,337043
31115,0.054511,172.31.47.0-255,66,322203,96,337043
31116,0.054541,74.125.24.0-255,2902,325105,96,337043
31117,0.054544,172.31.47.0-255,66,325171,96,337043
31118,0.05654,74.125.24.0-255,2902,328073,96,337043
31119,0.056546,172.31.47.0-255,66,328139,96,337043
31120,0.056582,74.125.24.0-255,2902,331041,96,337043
31121,0.056586,172.31.47.0-255,66,331107,96,337043
31122,0.058542,74.125.24.0-255,2902,334009,96,337043
31123,0.058547,172.31.47.0-255,66,334075,96,337043
31124,0.058594,74.125.24.0-255,2902,336977,96,337043
31125,0.058597,172.31.47.0-255,66,337043,96,337043
31126,0.0,172.217.194.0-255,153,153,96,320374
31127,2.7e-05,172.31.47.0-255,66,219,96,320374
31128,3.3e-05,172.217.194.0-255,1484,1703,96,320374
31129,3.7e-05,172.31.47.0-255,66,1769,96,320374
31130,4.2e-05,172.217.194.0-255,2902,4671,96,320374
31131,4.4e-05,172.31.47.0-255,66,4737,96,320374
31132,5.2e-05,172.217.194.0-255,7156,11893,96,320374
31133,5.5e-05,172.31.47.0-255,66,11959,96,320374
31134,5.9e-05,172.217.194.0-255,2031,13990,96,320374
31135,6.1e-05,172.31.47.0-255,66,14056,96,320374
31136,0.000109,172.217.194.0-255,1484,15540,96,320374
31137,0.000112,172.31.47.0-255,66,15606,96,320374
31138,0.000133,172.217.194.0-255,2902,18508,96,320374
31139,0.000136,172.31.47.0-255,66,18574,96,320374
31140,0.000143,172.217.194.0-255,5738,24312,96,320374
31141,0.000145,172.31.47.0-255,66,24378,96,320374
31142,0.000168,172.217.194.0-255,6797,31175,96,320374
31143,0.000172,172.31.47.0-255,66,31241,96,320374
31144,0.000179,172.217.194.0-255,7156,38397,96,320374
31145,0.000181,172.31.47.0-255,66,38463,96,320374
31146,0.000212,172.217.194.0-255,7156,45619,96,320374
31147,0.000214,172.31.47.0-255,66,45685,96,320374
31148,0.000233,172.217.194.0-255,2543,48228,96,320374
31149,0.000235,172.31.47.0-255,66,48294,96,320374
31150,0.000249,172.217.194.0-255,1484,49778,96,320374
31151,0.000252,172.31.47.0-255,66,49844,96,320374
31152,0.000256,172.217.194.0-255,2902,52746,96,320374
31153,0.000258,172.31.47.0-255,66,52812,96,320374
31154,0.000286,172.217.194.0-255,5738,58550,96,320374
31155,0.000289,172.31.47.0-255,66,58616,96,320374
31156,0.00031,172.217.194.0-255,6797,65413,96,320374
31157,0.000316,172.31.47.0-255,66,65479,96,320374
31158,0.000345,172.217.194.0-255,377,65856,96,320374
31159,0.00037,172.217.194.0-255,1484,67340,96,320374
31160,0.000373,172.31.47.0-255,66,67406,96,320374
31161,0.000392,172.217.194.0-255,4320,71726,96,320374
31162,0.000397,172.31.47.0-255,66,71792,96,320374
31163,0.00043,172.31.47.0-255,66,71858,96,320374
31164,0.000433,172.217.194.0-255,845,72703,96,320374
31165,0.000727,172.217.194.0-255,1484,74187,96,320374
31166,0.000731,172.31.47.0-255,66,74253,96,320374
31167,0.000737,172.217.194.0-255,2902,77155,96,320374
31168,0.000739,172.31.47.0-255,66,77221,96,320374
31169,0.000746,172.217.194.0-255,5738,82959,96,320374
31170,0.000748,172.31.47.0-255,66,83025,96,320374
31171,0.000772,172.217.194.0-255,4320,87345,96,320374
31172,0.000775,172.31.47.0-255,66,87411,96,320374
31173,0.000796,172.217.194.0-255,5379,92790,96,320374
31174,0.000799,172.31.47.0-255,66,92856,96,320374
31175,0.000811,172.31.47.0-255,66,92922,96,320374
31176,0.000835,172.217.194.0-255,2902,95824,96,320374
31177,0.000841,172.31.47.0-255,66,95890,96,320374
31178,0.00086,172.31.47.0-255,66,95956,96,320374
31179,0.00088,172.217.194.0-255,2184,98140,96,320374
31180,0.000883,172.31.47.0-255,66,98206,96,320374
31181,0.001219,172.217.194.0-255,1484,99690,96,320374
31182,0.001223,172.217.194.0-255,1484,101174,96,320374
31183,0.001227,172.31.47.0-255,66,101240,96,320374
31184,0.00125,172.217.194.0-255,1484,102724,96,320374
31185,0.001257,172.217.194.0-255,5738,108462,96,320374
31186,0.001259,172.31.47.0-255,66,108528,96,320374
31187,0.001266,172.217.194.0-255,5738,114266,96,320374
31188,0.001269,172.31.47.0-255,66,114332,96,320374
31189,0.001298,172.217.194.0-255,7156,121488,96,320374
31190,0.001301,172.31.47.0-255,66,121554,96,320374
31191,0.001304,172.217.194.0-255,1484,123038,96,320374
31192,0.001336,172.31.47.0-255,66,123104,96,320374
31193,0.00182,172.217.194.0-255,1484,124588,96,320374
31194,0.00183,172.217.194.0-255,2902,127490,96,320374
31195,0.001834,172.31.47.0-255,66,127556,96,320374
31196,0.001841,172.217.194.0-255,5738,133294,96,320374
31197,0.001843,172.31.47.0-255,66,133360,96,320374
31198,0.00185,172.217.194.0-255,5738,139098,96,320374
31199,0.001852,172.31.47.0-255,66,139164,96,320374
31200,0.001884,172.217.194.0-255,7156,146320,96,320374
31201,0.001887,172.31.47.0-255,66,146386,96,320374
31202,0.0019,172.31.47.0-255,66,146452,96,320374
31203,0.00192,172.217.194.0-255,1484,147936,96,320374
31204,0.001924,172.217.194.0-255,1484,149420,96,320374
31205,0.001926,172.31.47.0-255,66,149486,96,320374
31206,0.001945,172.217.194.0-255,1484,150970,96,320374
31207,0.00195,172.217.194.0-255,5738,156708,96,320374
31208,0.001953,172.31.47.0-255,66,156774,96,320374
31209,0.001957,172.217.194.0-255,2902,159676,96,320374
31210,0.001959,172.31.47.0-255,66,159742,96,320374
31211,0.001983,172.31.47.0-255,66,159808,96,320374
31212,0.001996,172.31.47.0-255,66,159874,96,320374
31213,0.004017,172.217.194.0-255,5738,165612,96,320374
31214,0.004022,172.31.47.0-255,66,165678,96,320374
31215,0.006045,172.217.194.0-255,5738,171416,96,320374
31216,0.006047,172.31.47.0-255,66,171482,96,320374
31217,0.00805,172.217.194.0-255,5738,177220,96,320374
31218,0.008056,172.31.47.0-255,66,177286,96,320374
31219,0.010061,172.217.194.0-255,5738,183024,96,320374
31220,0.010067,172.31.47.0-255,66,183090,96,320374
31221,0.012095,172.217.194.0-255,5738,188828,96,320374
31222,0.012102,172.31.47.0-255,66,188894,96,320374
31223,0.014128,172.217.194.0-255,5738,194632,96,320374
31224,0.014134,172.31.47.0-255,66,194698,96,320374
31225,0.016154,172.217.194.0-255,5738,200436,96,320374
31226,0.016161,172.31.47.0-255,66,200502,96,320374
31227,0.018147,172.217.194.0-255,5738,206240,96,320374
31228,0.018152,172.31.47.0-255,66,206306,96,320374
31229,0.020173,172.217.194.0-255,5738,212044,96,320374
31230,0.020178,172.31.47.0-255,66,212110,96,320374
31231,0.022188,172.217.194.0-255,5738,217848,96,320374
31232,0.022195,172.31.47.0-255,66,217914,96,320374
31233,0.022564,172.31.47.0-255,172,218086,96,320374
31234,0.022594,172.31.47.0-255,1105,219191,96,320374
31235,0.022632,172.31.47.0-255,1514,220705,96,320374
31236,0.022633,172.31.47.0-255,341,221046,96,320374
31237,0.02407,104.244.42.0-255,66,221112,96,320374
31238,0.024078,104.244.42.0-255,66,221178,96,320374
31239,0.024156,104.244.42.0-255,66,221244,96,320374
31240,0.024199,172.217.194.0-255,4320,225564,96,320374
31241,0.024203,172.31.47.0-255,66,225630,96,320374
31242,0.024236,172.217.194.0-255,1484,227114,96,320374
31243,0.026214,172.217.194.0-255,2902,230016,96,320374
31244,0.026221,172.31.47.0-255,66,230082,96,320374
31245,0.028237,172.217.194.0-255,4320,234402,96,320374
31246,0.028243,172.31.47.0-255,66,234468,96,320374
31247,0.028271,172.217.194.0-255,1484,235952,96,320374
31248,0.030252,172.217.194.0-255,4320,240272,96,320374
31249,0.030256,172.31.47.0-255,66,240338,96,320374
31250,0.032244,172.217.194.0-255,4320,244658,96,320374
31251,0.03225,172.31.47.0-255,66,244724,96,320374
31252,0.032282,172.217.194.0-255,1484,246208,96,320374
31253,0.034243,172.217.194.0-255,4320,250528,96,320374
31254,0.034247,172.31.47.0-255,66,250594,96,320374
31255,0.036236,172.217.194.0-255,5738,256332,96,320374
31256,0.03624,172.31.47.0-255,66,256398,96,320374
31257,0.038238,172.217.194.0-255,5738,262136,96,320374
31258,0.038245,172.31.47.0-255,66,262202,96,320374
31259,0.040241,172.217.194.0-255,5738,267940,96,320374
31260,0.040247,172.31.47.0-255,66,268006,96,320374
31261,0.042239,172.217.194.0-255,5738,273744,96,320374
31262,0.042245,172.31.47.0-255,66,273810,96,320374
31263,0.044226,172.217.194.0-255,2902,276712,96,320374
31264,0.044232,172.31.47.0-255,66,276778,96,320374
31265,0.044256,172.217.194.0-255,2902,279680,96,320374
31266,0.044259,172.31.47.0-255,66,279746,96,320374
31267,0.046255,172.217.194.0-255,5738,285484,96,320374
31268,0.046261,172.31.47.0-255,66,285550,96,320374
31269,0.048282,172.217.194.0-255,5738,291288,96,320374
31270,0.048287,172.31.47.0-255,66,291354,96,320374
31271,0.050297,172.217.194.0-255,5738,297092,96,320374
31272,0.050304,172.31.47.0-255,66,297158,96,320374
31273,0.052316,172.217.194.0-255,5738,302896,96,320374
31274,0.052321,172.31.47.0-255,66,302962,96,320374
31275,0.054322,172.217.194.0-255,5738,308700,96,320374
31276,0.054327,172.31.47.0-255,66,308766,96,320374
31277,0.056348,172.217.194.0-255,5738,314504,96,320374
31278,0.056353,172.31.47.0-255,66,314570,96,320374
31279,0.058366,172.217.194.0-255,5738,320308,96,320374
31280,0.058371,172.31.47.0-255,66,320374,96,320374
31281,0.0,172.217.194.0-255,153,153,96,221609
31282,1.9e-05,172.31.47.0-255,66,219,96,221609
31283,3.7e-05,172.217.194.0-255,1484,1703,96,221609
31284,4.1e-05,172.31.47.0-255,66,1769,96,221609
31285,4.6e-05,172.217.194.0-255,2902,4671,96,221609
31286,4.9e-05,172.31.47.0-255,66,4737,96,221609
31287,5.2e-05,172.217.194.0-255,1484,6221,96,221609
31288,5.4e-05,172.31.47.0-255,66,6287,96,221609
31289,7.9e-05,172.217.194.0-255,5738,12025,96,221609
31290,8.1e-05,172.31.47.0-255,66,12091,96,221609
31291,0.00011,172.217.194.0-255,7156,19247,96,221609
31292,0.000112,172.31.47.0-255,66,19313,96,221609
31293,0.000127,172.217.194.0-255,2149,21462,96,221609
31294,0.000129,172.31.47.0-255,66,21528,96,221609
31295,0.000142,172.31.47.0-255,66,21594,96,221609
31296,0.000879,172.217.194.0-255,1484,23078,96,221609
31297,0.000885,172.31.47.0-255,66,23144,96,221609
31298,0.000893,172.217.194.0-255,1484,24628,96,221609
31299,0.000894,172.31.47.0-255,66,24694,96,221609
31300,0.000909,172.217.194.0-255,1484,26178,96,221609
31301,0.000912,172.31.47.0-255,66,26244,96,221609
31302,0.000933,172.217.194.0-255,2902,29146,96,221609
31303,0.000936,172.31.47.0-255,66,29212,96,221609
31304,0.000947,172.217.194.0-255,2902,32114,96,221609
31305,0.00095,172.31.47.0-255,66,32180,96,221609
31306,0.000953,172.217.194.0-255,1484,33664,96,221609
31307,0.000955,172.31.47.0-255,66,33730,96,221609
31308,0.000995,172.217.194.0-255,5379,39109,96,221609
31309,0.000999,172.31.47.0-255,66,39175,96,221609
31310,0.001006,172.217.194.0-255,5738,44913,96,221609
31311,0.001007,172.31.47.0-255,66,44979,96,221609
31312,0.001019,172.217.194.0-255,1484,46463,96,221609
31313,0.001049,172.217.194.0-255,7156,53619,96,221609
31314,0.001052,172.31.47.0-255,66,53685,96,221609
31315,0.001071,172.217.194.0-255,2837,56522,96,221609
31316,0.001074,172.31.47.0-255,66,56588,96,221609
31317,0.001744,172.217.194.0-255,382,56970,96,221609
31318,0.00188,172.217.194.0-255,1484,58454,96,221609
31319,0.001883,172.31.47.0-255,66,58520,96,221609
31320,0.001895,172.217.194.0-255,2902,61422,96,221609
31321,0.001898,172.31.47.0-255,66,61488,96,221609
31322,0.001923,172.217.194.0-255,4320,65808,96,221609
31323,0.001925,172.31.47.0-255,66,65874,96,221609
31324,0.00194,172.217.194.0-255,1484,67358,96,221609
31325,0.001947,172.217.194.0-255,7156,74514,96,221609
31326,0.001949,172.31.47.0-255,66,74580,96,221609
31327,0.00196,172.217.194.0-255,2902,77482,96,221609
31328,0.001962,172.31.47.0-255,66,77548,96,221609
31329,0.001995,172.31.47.0-255,66,77614,96,221609
31330,0.001998,172.217.194.0-255,2184,79798,96,221609
31331,0.002001,172.31.47.0-255,66,79864,96,221609
31332,0.00438,172.217.194.0-255,5738,85602,96,221609
31333,0.004389,172.31.47.0-255,66,85668,96,221609
31334,0.006739,172.217.194.0-255,5738,91406,96,221609
31335,0.00675,172.31.47.0-255,66,91472,96,221609
31336,0.009104,172.217.194.0-255,5738,97210,96,221609
31337,0.009109,172.31.47.0-255,66,97276,96,221609
31338,0.011494,172.217.194.0-255,5738,103014,96,221609
31339,0.011502,172.31.47.0-255,66,103080,96,221609
31340,0.013851,172.217.194.0-255,5738,108818,96,221609
31341,0.013858,172.31.47.0-255,66,108884,96,221609
31342,0.016228,172.217.194.0-255,5738,114622,96,221609
31343,0.016235,172.31.47.0-255,66,114688,96,221609
31344,0.01863,172.217.194.0-255,5738,120426,96,221609
31345,0.018639,172.31.47.0-255,66,120492,96,221609
31346,0.021027,172.217.194.0-255,5738,126230,96,221609
31347,0.021036,172.31.47.0-255,66,126296,96,221609
31348,0.023386,172.217.194.0-255,5738,132034,96,221609
31349,0.023394,172.31.47.0-255,66,132100,96,221609
31350,0.025789,172.217.194.0-255,5738,137838,96,221609
31351,0.025794,172.31.47.0-255,66,137904,96,221609
31352,0.028135,172.217.194.0-255,4320,142224,96,221609
31353,0.028141,172.31.47.0-255,66,142290,96,221609
31354,0.028168,172.217.194.0-255,1484,143774,96,221609
31355,0.030499,172.217.194.0-255,2902,146676,96,221609
31356,0.030506,172.31.47.0-255,66,146742,96,221609
31357,0.031079,172.31.47.0-255,172,146914,96,221609
31358,0.03111,172.31.47.0-255,1104,148018,96,221609
31359,0.031146,172.31.47.0-255,1514,149532,96,221609
31360,0.031148,172.31.47.0-255,1307,150839,96,221609
31361,0.032629,104.244.42.0-255,66,150905,96,221609
31362,0.032673,104.244.42.0-255,66,150971,96,221609
31363,0.032717,104.244.42.0-255,66,151037,96,221609
31364,0.032913,172.217.194.0-255,5738,156775,96,221609
31365,0.032917,172.31.47.0-255,66,156841,96,221609
31366,0.03527,172.217.194.0-255,5738,162579,96,221609
31367,0.035276,172.31.47.0-255,66,162645,96,221609
31368,0.037663,172.217.194.0-255,5738,168383,96,221609
31369,0.037669,172.31.47.0-255,66,168449,96,221609
31370,0.040042,172.217.194.0-255,5738,174187,96,221609
31371,0.040047,172.31.47.0-255,66,174253,96,221609
31372,0.042394,172.217.194.0-255,5738,179991,96,221609
31373,0.042399,172.31.47.0-255,66,180057,96,221609
31374,0.044736,172.217.194.0-255,2902,182959,96,221609
31375,0.04474,172.31.47.0-255,66,183025,96,221609
31376,0.044766,172.217.194.0-255,2902,185927,96,221609
31377,0.044769,172.31.47.0-255,66,185993,96,221609
31378,0.047083,172.217.194.0-255,2902,188895,96,221609
31379,0.047089,172.31.47.0-255,66,188961,96,221609
31380,0.047153,172.217.194.0-255,2902,191863,96,221609
31381,0.047158,172.31.47.0-255,66,191929,96,221609
31382,0.04943,172.217.194.0-255,2902,194831,96,221609
31383,0.049434,172.31.47.0-255,66,194897,96,221609
31384,0.049521,172.217.194.0-255,2902,197799,96,221609
31385,0.049525,172.31.47.0-255,66,197865,96,221609
31386,0.051813,172.217.194.0-255,2902,200767,96,221609
31387,0.051819,172.31.47.0-255,66,200833,96,221609
31388,0.051893,172.217.194.0-255,2902,203735,96,221609
31389,0.051898,172.31.47.0-255,66,203801,96,221609
31390,0.054184,172.217.194.0-255,2902,206703,96,221609
31391,0.054189,172.31.47.0-255,66,206769,96,221609
31392,0.054242,172.217.194.0-255,2902,209671,96,221609
31393,0.054246,172.31.47.0-255,66,209737,96,221609
31394,0.056536,172.217.194.0-255,2902,212639,96,221609
31395,0.056542,172.31.47.0-255,66,212705,96,221609
31396,0.056594,172.217.194.0-255,2902,215607,96,221609
31397,0.056598,172.31.47.0-255,66,215673,96,221609
31398,0.058885,172.217.194.0-255,2902,218575,96,221609
31399,0.058889,172.31.47.0-255,66,218641,96,221609
31400,0.058932,172.217.194.0-255,2902,221543,96,221609
31401,0.058936,172.31.47.0-255,66,221609,96,221609
31402,0.0,74.125.68.0-255,297,297,96,317978
31403,3e-05,172.31.47.0-255,66,363,96,317978
31404,3.6e-05,74.125.68.0-255,1484,1847,96,317978
31405,4e-05,172.31.47.0-255,66,1913,96,317978
31406,4.5e-05,74.125.68.0-255,4320,6233,96,317978
31407,4.8e-05,172.31.47.0-255,66,6299,96,317978
31408,5.9e-05,74.125.68.0-255,4320,10619,96,317978
31409,6.2e-05,172.31.47.0-255,66,10685,96,317978
31410,6.4e-05,74.125.68.0-255,1484,12169,96,317978
31411,6.6e-05,172.31.47.0-255,66,12235,96,317978
31412,9.7e-05,74.125.68.0-255,3368,15603,96,317978
31413,0.0001,172.31.47.0-255,66,15669,96,317978
31414,0.000108,172.31.47.0-255,66,15735,96,317978
31415,0.000154,74.125.68.0-255,2902,18637,96,317978
31416,0.000157,172.31.47.0-255,66,18703,96,317978
31417,0.000189,74.125.68.0-255,3961,22664,96,317978
31418,0.000192,172.31.47.0-255,66,22730,96,317978
31419,0.000269,74.125.68.0-255,1484,24214,96,317978
31420,0.000272,172.31.47.0-255,66,24280,96,317978
31421,0.000296,74.125.68.0-255,2902,27182,96,317978
31422,0.000298,74.125.68.0-255,1484,28666,96,317978
31423,0.0003,172.31.47.0-255,66,28732,96,317978
31424,0.000306,172.31.47.0-255,66,28798,96,317978
31425,0.000329,74.125.68.0-255,2902,31700,96,317978
31426,0.000336,172.31.47.0-255,66,31766,96,317978
31427,0.000341,74.125.68.0-255,5738,37504,96,317978
31428,0.000344,172.31.47.0-255,66,37570,96,317978
31429,0.000349,74.125.68.0-255,2902,40472,96,317978
31430,0.000351,172.31.47.0-255,66,40538,96,317978
31431,0.000376,74.125.68.0-255,4320,44858,96,317978
31432,0.00038,172.31.47.0-255,66,44924,96,317978
31433,0.000393,172.31.47.0-255,66,44990,96,317978
31434,0.000397,74.125.68.0-255,3602,48592,96,317978
31435,0.000398,172.31.47.0-255,66,48658,96,317978
31436,0.000439,74.125.68.0-255,357,49015,96,317978
31437,0.000595,74.125.68.0-255,130,49145,96,317978
31438,0.000763,172.31.47.0-255,66,49211,96,317978
31439,0.000884,74.125.68.0-255,1484,50695,96,317978
31440,0.000888,172.31.47.0-255,66,50761,96,317978
31441,0.000896,74.125.68.0-255,2902,53663,96,317978
31442,0.000899,172.31.47.0-255,66,53729,96,317978
31443,0.000926,74.125.68.0-255,5738,59467,96,317978
31444,0.000931,74.125.68.0-255,2902,62369,96,317978
31445,0.000947,74.125.68.0-255,2902,65271,96,317978
31446,0.000957,74.125.68.0-255,1484,66755,96,317978
31447,0.000966,172.31.47.0-255,66,66821,96,317978
31448,0.000977,74.125.68.0-255,2902,69723,96,317978
31449,0.001,74.125.68.0-255,4320,74043,96,317978
31450,0.001012,74.125.68.0-255,1484,75527,96,317978
31451,0.001026,74.125.68.0-255,7156,82683,96,317978
31452,0.001044,74.125.68.0-255,766,83449,96,317978
31453,0.001053,172.31.47.0-255,66,83515,96,317978
31454,0.001711,74.125.68.0-255,1484,84999,96,317978
31455,0.001716,172.31.47.0-255,66,85065,96,317978
31456,0.001724,74.125.68.0-255,2902,87967,96,317978
31457,0.001727,74.125.68.0-255,1484,89451,96,317978
31458,0.001746,74.125.68.0-255,2902,92353,96,317978
31459,0.001759,74.125.68.0-255,2902,95255,96,317978
31460,0.001772,172.31.47.0-255,66,95321,96,317978
31461,0.001783,74.125.68.0-255,5738,101059,96,317978
31462,0.001789,74.125.68.0-255,5738,106797,96,317978
31463,0.001824,74.125.68.0-255,5738,112535,96,317978
31464,0.001831,172.31.47.0-255,66,112601,96,317978
31465,0.001858,74.125.68.0-255,1484,114085,96,317978
31466,0.001863,74.125.68.0-255,3602,117687,96,317978
31467,0.001883,172.31.47.0-255,66,117753,96,317978
31468,0.001961,74.125.68.0-255,1484,119237,96,317978
31469,0.001965,74.125.68.0-255,1484,120721,96,317978
31470,0.001976,74.125.68.0-255,1484,122205,96,317978
31471,0.00199,74.125.68.0-255,5738,127943,96,317978
31472,0.001996,172.31.47.0-255,66,128009,96,317978
31473,0.002016,74.125.68.0-255,4320,132329,96,317978
31474,0.002031,172.31.47.0-255,66,132395,96,317978
31475,0.002051,74.125.68.0-255,5738,138133,96,317978
31476,0.002059,74.125.68.0-255,7156,145289,96,317978
31477,0.002081,74.125.68.0-255,4320,149609,96,317978
31478,0.002085,74.125.68.0-255,2184,151793,96,317978
31479,0.002089,74.125.68.0-255,1484,153277,96,317978
31480,0.002094,172.31.47.0-255,66,153343,96,317978
31481,0.002103,74.125.68.0-255,1484,154827,96,317978
31482,0.002119,74.125.68.0-255,2902,157729,96,317978
31483,0.002132,74.125.68.0-255,2902,160631,96,317978
31484,0.002146,74.125.68.0-255,1484,162115,96,317978
31485,0.002154,172.31.47.0-255,66,162181,96,317978
31486,0.002166,74.125.68.0-255,4320,166501,96,317978
31487,0.002191,74.125.68.0-255,2902,169403,96,317978
31488,0.002205,172.31.47.0-255,66,169469,96,317978
31489,0.002271,172.31.47.0-255,66,169535,96,317978
31490,0.00452,74.125.68.0-255,5738,175273,96,317978
31491,0.004524,172.31.47.0-255,66,175339,96,317978
31492,0.006781,74.125.68.0-255,5738,181077,96,317978
31493,0.006786,172.31.47.0-255,66,181143,96,317978
31494,0.009057,74.125.68.0-255,5738,186881,96,317978
31495,0.009063,172.31.47.0-255,66,186947,96,317978
31496,0.011323,74.125.68.0-255,5738,192685,96,317978
31497,0.01133,172.31.47.0-255,66,192751,96,317978
31498,0.013621,74.125.68.0-255,5738,198489,96,317978
31499,0.01363,172.31.47.0-255,66,198555,96,317978
31500,0.015884,74.125.68.0-255,5738,204293,96,317978
31501,0.015892,172.31.47.0-255,66,204359,96,317978
31502,0.018149,74.125.68.0-255,4320,208679,96,317978
31503,0.018154,172.31.47.0-255,66,208745,96,317978
31504,0.018179,74.125.68.0-255,1484,210229,96,317978
31505,0.020409,74.125.68.0-255,4320,214549,96,317978
31506,0.020415,172.31.47.0-255,66,214615,96,317978
31507,0.022688,74.125.68.0-255,5738,220353,96,317978
31508,0.022728,172.31.47.0-255,66,220419,96,317978
31509,0.025004,74.125.68.0-255,5738,226157,96,317978
31510,0.025023,172.31.47.0-255,66,226223,96,317978
31511,0.027302,74.125.68.0-255,5738,231961,96,317978
31512,0.02732,172.31.47.0-255,66,232027,96,317978
31513,0.02958,74.125.68.0-255,5738,237765,96,317978
31514,0.029622,172.31.47.0-255,66,237831,96,317978
31515,0.031888,74.125.68.0-255,5738,243569,96,317978
31516,0.031907,172.31.47.0-255,66,243635,96,317978
31517,0.034153,74.125.68.0-255,5738,249373,96,317978
31518,0.03416,172.31.47.0-255,66,249439,96,317978
31519,0.03662,74.125.68.0-255,5738,255177,96,317978
31520,0.036627,172.31.47.0-255,66,255243,96,317978
31521,0.03842,172.31.47.0-255,176,255419,96,317978
31522,0.038464,172.31.47.0-255,1101,256520,96,317978
31523,0.038542,172.31.47.0-255,1514,258034,96,317978
31524,0.038544,172.31.47.0-255,1310,259344,96,317978
31525,0.038883,74.125.68.0-255,5738,265082,96,317978
31526,0.038893,172.31.47.0-255,66,265148,96,317978
31527,0.039961,104.244.42.0-255,66,265214,96,317978
31528,0.040008,104.244.42.0-255,66,265280,96,317978
31529,0.040104,104.244.42.0-255,66,265346,96,317978
31530,0.041158,74.125.68.0-255,5738,271084,96,317978
31531,0.041171,172.31.47.0-255,66,271150,96,317978
31532,0.043442,74.125.68.0-255,5738,276888,96,317978
31533,0.043456,172.31.47.0-255,66,276954,96,317978
31534,0.045804,74.125.68.0-255,5738,282692,96,317978
31535,0.045821,172.31.47.0-255,66,282758,96,317978
31536,0.048107,74.125.68.0-255,5738,288496,96,317978
31537,0.048125,172.31.47.0-255,66,288562,96,317978
31538,0.050388,74.125.68.0-255,5738,294300,96,317978
31539,0.050403,172.31.47.0-255,66,294366,96,317978
31540,0.052652,74.125.68.0-255,5738,300104,96,317978
31541,0.052657,172.31.47.0-255,66,300170,96,317978
31542,0.054888,74.125.68.0-255,2902,303072,96,317978
31543,0.054893,172.31.47.0-255,66,303138,96,317978
31544,0.054925,74.125.68.0-255,2902,306040,96,317978
31545,0.054933,172.31.47.0-255,66,306106,96,317978
31546,0.057148,74.125.68.0-255,2902,309008,96,317978
31547,0.057154,172.31.47.0-255,66,309074,96,317978
31548,0.057189,74.125.68.0-255,2902,311976,96,317978
31549,0.057203,172.31.47.0-255,66,312042,96,317978
31550,0.059403,74.125.68.0-255,2902,314944,96,317978
31551,0.059408,172.31.47.0-255,66,315010,96,317978
31552,0.059443,74.125.68.0-255,2902,317912,96,317978
31553,0.05945,172.31.47.0-255,66,317978,96,317978
31554,0.0,172.31.47.0-255,105,105,96,276
31555,0.001804,157.240.7.0-255,105,210,96,276
31556,0.001819,172.31.47.0-255,66,276,96,276
31557,0.0,74.125.130.0-255,152,152,96,300405
31558,4e-05,172.31.47.0-255,66,218,96,300405
31559,4.6e-05,74.125.130.0-255,1484,1702,96,300405
31560,5.1e-05,172.31.47.0-255,66,1768,96,300405
31561,5.4e-05,74.125.130.0-255,1484,3252,96,300405
31562,6.4e-05,172.31.47.0-255,66,3318,96,300405
31563,9.1e-05,74.125.130.0-255,1484,4802,96,300405
31564,9.4e-05,172.31.47.0-255,66,4868,96,300405
31565,0.000103,74.125.130.0-255,4320,9188,96,300405
31566,0.000106,172.31.47.0-255,66,9254,96,300405
31567,0.000116,74.125.130.0-255,4938,14192,96,300405
31568,0.000118,172.31.47.0-255,66,14258,96,300405
31569,0.000149,74.125.130.0-255,1484,15742,96,300405
31570,0.000152,172.31.47.0-255,66,15808,96,300405
31571,0.000182,74.125.130.0-255,2902,18710,96,300405
31572,0.000185,172.31.47.0-255,66,18776,96,300405
31573,0.000188,74.125.130.0-255,1484,20260,96,300405
31574,0.00019,172.31.47.0-255,66,20326,96,300405
31575,0.000194,74.125.130.0-255,2902,23228,96,300405
31576,0.000196,172.31.47.0-255,66,23294,96,300405
31577,0.000232,74.125.130.0-255,5738,29032,96,300405
31578,0.000235,172.31.47.0-255,66,29098,96,300405
31579,0.000238,74.125.130.0-255,1484,30582,96,300405
31580,0.00024,172.31.47.0-255,66,30648,96,300405
31581,0.000259,74.125.130.0-255,2902,33550,96,300405
31582,0.000266,172.31.47.0-255,66,33616,96,300405
31583,0.000284,74.125.130.0-255,4320,37936,96,300405
31584,0.000288,172.31.47.0-255,66,38002,96,300405
31585,0.000298,74.125.130.0-255,1484,39486,96,300405
31586,0.000305,172.31.47.0-255,66,39552,96,300405
31587,0.000315,74.125.130.0-255,1484,41036,96,300405
31588,0.000322,172.31.47.0-255,66,41102,96,300405
31589,0.000342,74.125.130.0-255,5738,46840,96,300405
31590,0.000346,172.31.47.0-255,66,46906,96,300405
31591,0.00035,74.125.130.0-255,2184,49090,96,300405
31592,0.000352,172.31.47.0-255,66,49156,96,300405
31593,0.000545,74.125.130.0-255,1484,50640,96,300405
31594,0.00055,74.125.130.0-255,1484,52124,96,300405
31595,0.000553,172.31.47.0-255,66,52190,96,300405
31596,0.000578,74.125.130.0-255,1484,53674,96,300405
31597,0.000584,74.125.130.0-255,5738,59412,96,300405
31598,0.000587,172.31.47.0-255,66,59478,96,300405
31599,0.000592,74.125.130.0-255,2902,62380,96,300405
31600,0.000593,172.31.47.0-255,66,62446,96,300405
31601,0.000596,74.125.130.0-255,1484,63930,96,300405
31602,0.000621,74.125.130.0-255,2831,66761,96,300405
31603,0.000623,172.31.47.0-255,66,66827,96,300405
31604,0.000626,74.125.130.0-255,99,66926,96,300405
31605,0.000794,172.31.47.0-255,66,66992,96,300405
31606,0.000997,74.125.130.0-255,1484,68476,96,300405
31607,0.001008,74.125.130.0-255,2902,71378,96,300405
31608,0.001012,172.31.47.0-255,66,71444,96,300405
31609,0.001049,74.125.130.0-255,5738,77182,96,300405
31610,0.001053,172.31.47.0-255,66,77248,96,300405
31611,0.001058,74.125.130.0-255,4320,81568,96,300405
31612,0.00106,172.31.47.0-255,66,81634,96,300405
31613,0.001071,74.125.130.0-255,4320,85954,96,300405
31614,0.001074,172.31.47.0-255,66,86020,96,300405
31615,0.001105,74.125.130.0-255,1484,87504,96,300405
31616,0.001119,172.31.47.0-255,66,87570,96,300405
31617,0.001165,74.125.130.0-255,2184,89754,96,300405
31618,0.001168,172.31.47.0-255,66,89820,96,300405
31619,0.001234,74.125.130.0-255,1484,91304,96,300405
31620,0.001257,74.125.130.0-255,2902,94206,96,300405
31621,0.001261,172.31.47.0-255,66,94272,96,300405
31622,0.001266,74.125.130.0-255,2902,97174,96,300405
31623,0.001267,172.31.47.0-255,66,97240,96,300405
31624,0.001302,74.125.130.0-255,2902,100142,96,300405
31625,0.001306,172.31.47.0-255,66,100208,96,300405
31626,0.001323,172.31.47.0-255,66,100274,96,300405
31627,0.00133,74.125.130.0-255,7156,107430,96,300405
31628,0.001333,172.31.47.0-255,66,107496,96,300405
31629,0.001358,74.125.130.0-255,4320,111816,96,300405
31630,0.001363,172.31.47.0-255,66,111882,96,300405
31631,0.001372,74.125.130.0-255,2184,114066,96,300405
31632,0.001374,172.31.47.0-255,66,114132,96,300405
31633,0.001379,74.125.130.0-255,2902,117034,96,300405
31634,0.001381,172.31.47.0-255,66,117100,96,300405
31635,0.001383,74.125.130.0-255,1484,118584,96,300405
31636,0.001424,74.125.130.0-255,5738,124322,96,300405
31637,0.001427,74.125.130.0-255,1484,125806,96,300405
31638,0.001431,74.125.130.0-255,2902,128708,96,300405
31639,0.001435,172.31.47.0-255,66,128774,96,300405
31640,0.001438,172.31.47.0-255,66,128840,96,300405
31641,0.001448,74.125.130.0-255,4320,133160,96,300405
31642,0.00145,172.31.47.0-255,66,133226,96,300405
31643,0.00147,74.125.130.0-255,1484,134710,96,300405
31644,0.001478,74.125.130.0-255,4320,139030,96,300405
31645,0.00148,172.31.47.0-255,66,139096,96,300405
31646,0.001499,74.125.130.0-255,2902,141998,96,300405
31647,0.001501,172.31.47.0-255,66,142064,96,300405
31648,0.001505,74.125.130.0-255,4320,146384,96,300405
31649,0.001507,172.31.47.0-255,66,146450,96,300405
31650,0.001546,74.125.130.0-255,2184,148634,96,300405
31651,0.001548,172.31.47.0-255,66,148700,96,300405
31652,0.003783,74.125.130.0-255,2902,151602,96,300405
31653,0.003787,172.31.47.0-255,66,151668,96,300405
31654,0.003837,74.125.130.0-255,2902,154570,96,300405
31655,0.00384,172.31.47.0-255,66,154636,96,300405
31656,0.006081,74.125.130.0-255,2902,157538,96,300405
31657,0.006086,172.31.47.0-255,66,157604,96,300405
31658,0.00612,74.125.130.0-255,2902,160506,96,300405
31659,0.006123,172.31.47.0-255,66,160572,96,300405
31660,0.008381,74.125.130.0-255,2902,163474,96,300405
31661,0.00839,172.31.47.0-255,66,163540,96,300405
31662,0.008424,74.125.130.0-255,2902,166442,96,300405
31663,0.008427,172.31.47.0-255,66,166508,96,300405
31664,0.010703,74.125.130.0-255,2902,169410,96,300405
31665,0.010713,172.31.47.0-255,66,169476,96,300405
31666,0.010748,74.125.130.0-255,2902,172378,96,300405
31667,0.010751,172.31.47.0-255,66,172444,96,300405
31668,0.013013,74.125.130.0-255,2902,175346,96,300405
31669,0.013023,172.31.47.0-255,66,175412,96,300405
31670,0.013058,74.125.130.0-255,2902,178314,96,300405
31671,0.013062,172.31.47.0-255,66,178380,96,300405
31672,0.015318,74.125.130.0-255,2902,181282,96,300405
31673,0.015332,172.31.47.0-255,66,181348,96,300405
31674,0.015373,74.125.130.0-255,2902,184250,96,300405
31675,0.015378,172.31.47.0-255,66,184316,96,300405
31676,0.017627,74.125.130.0-255,2902,187218,96,300405
31677,0.017634,172.31.47.0-255,66,187284,96,300405
31678,0.017658,74.125.130.0-255,2902,190186,96,300405
31679,0.01766,172.31.47.0-255,66,190252,96,300405
31680,0.019926,74.125.130.0-255,2902,193154,96,300405
31681,0.019933,172.31.47.0-255,66,193220,96,300405
31682,0.019965,74.125.130.0-255,2902,196122,96,300405
31683,0.019969,172.31.47.0-255,66,196188,96,300405
31684,0.022233,74.125.130.0-255,2902,199090,96,300405
31685,0.02224,172.31.47.0-255,66,199156,96,300405
31686,0.022285,74.125.130.0-255,2902,202058,96,300405
31687,0.022288,172.31.47.0-255,66,202124,96,300405
31688,0.024547,74.125.130.0-255,2902,205026,96,300405
31689,0.024558,172.31.47.0-255,66,205092,96,300405
31690,0.024594,74.125.130.0-255,2902,207994,96,300405
31691,0.024597,172.31.47.0-255,66,208060,96,300405
31692,0.02666,172.31.47.0-255,172,208232,96,300405
31693,0.026713,172.31.47.0-255,1104,209336,96,300405
31694,0.026786,172.31.47.0-255,1514,210850,96,300405
31695,0.026789,172.31.47.0-255,1307,212157,96,300405
31696,0.026862,74.125.130.0-255,2902,215059,96,300405
31697,0.026868,172.31.47.0-255,66,215125,96,300405
31698,0.026905,74.125.130.0-255,2902,218027,96,300405
31699,0.026909,172.31.47.0-255,66,218093,96,300405
31700,0.028227,104.244.42.0-255,66,218159,96,300405
31701,0.028337,104.244.42.0-255,66,218225,96,300405
31702,0.028341,104.244.42.0-255,66,218291,96,300405
31703,0.02917,74.125.130.0-255,2902,221193,96,300405
31704,0.029177,172.31.47.0-255,66,221259,96,300405
31705,0.029211,74.125.130.0-255,2902,224161,96,300405
31706,0.029214,172.31.47.0-255,66,224227,96,300405
31707,0.031483,74.125.130.0-255,2902,227129,96,300405
31708,0.031494,172.31.47.0-255,66,227195,96,300405
31709,0.031527,74.125.130.0-255,2902,230097,96,300405
31710,0.031531,172.31.47.0-255,66,230163,96,300405
31711,0.0338,74.125.130.0-255,2902,233065,96,300405
31712,0.033815,172.31.47.0-255,66,233131,96,300405
31713,0.033865,74.125.130.0-255,2902,236033,96,300405
31714,0.033869,172.31.47.0-255,66,236099,96,300405
31715,0.036112,74.125.130.0-255,2902,239001,96,300405
31716,0.036121,172.31.47.0-255,66,239067,96,300405
31717,0.036156,74.125.130.0-255,2902,241969,96,300405
31718,0.03616,172.31.47.0-255,66,242035,96,300405
31719,0.038432,74.125.130.0-255,2902,244937,96,300405
31720,0.038447,172.31.47.0-255,66,245003,96,300405
31721,0.038481,74.125.130.0-255,2902,247905,96,300405
31722,0.038485,172.31.47.0-255,66,247971,96,300405
31723,0.040729,74.125.130.0-255,1484,249455,96,300405
31724,0.040761,74.125.130.0-255,1484,250939,96,300405
31725,0.040765,172.31.47.0-255,66,251005,96,300405
31726,0.040769,74.125.130.0-255,2902,253907,96,300405
31727,0.040771,172.31.47.0-255,66,253973,96,300405
31728,0.043052,74.125.130.0-255,5738,259711,96,300405
31729,0.043057,172.31.47.0-255,66,259777,96,300405
31730,0.045373,74.125.130.0-255,5738,265515,96,300405
31731,0.045378,172.31.47.0-255,66,265581,96,300405
31732,0.047672,74.125.130.0-255,5738,271319,96,300405
31733,0.047678,172.31.47.0-255,66,271385,96,300405
31734,0.049969,74.125.130.0-255,5738,277123,96,300405
31735,0.049975,172.31.47.0-255,66,277189,96,300405
31736,0.052276,74.125.130.0-255,5738,282927,96,300405
31737,0.052281,172.31.47.0-255,66,282993,96,300405
31738,0.054588,74.125.130.0-255,5738,288731,96,300405
31739,0.054594,172.31.47.0-255,66,288797,96,300405
31740,0.056896,74.125.130.0-255,5738,294535,96,300405
31741,0.056901,172.31.47.0-255,66,294601,96,300405
31742,0.059196,74.125.130.0-255,5738,300339,96,300405
31743,0.059201,172.31.47.0-255,66,300405,96,300405
31744,0.0,74.125.24.0-255,153,153,96,244816
31745,3e-05,172.31.47.0-255,66,219,96,244816
31746,3.7e-05,74.125.24.0-255,1484,1703,96,244816
31747,4e-05,172.31.47.0-255,66,1769,96,244816
31748,4.5e-05,74.125.24.0-255,2902,4671,96,244816
31749,4.7e-05,172.31.47.0-255,66,4737,96,244816
31750,5.3e-05,74.125.24.0-255,7156,11893,96,244816
31751,5.6e-05,172.31.47.0-255,66,11959,96,244816
31752,6.1e-05,74.125.24.0-255,4901,16860,96,244816
31753,6.3e-05,172.31.47.0-255,66,16926,96,244816
31754,0.000105,172.31.47.0-255,66,16992,96,244816
31755,0.00016,74.125.24.0-255,1484,18476,96,244816
31756,0.000164,172.31.47.0-255,66,18542,96,244816
31757,0.000183,74.125.24.0-255,2902,21444,96,244816
31758,0.000185,172.31.47.0-255,66,21510,96,244816
31759,0.000192,74.125.24.0-255,5738,27248,96,244816
31760,0.000194,172.31.47.0-255,66,27314,96,244816
31761,0.000237,74.125.24.0-255,7156,34470,96,244816
31762,0.00024,172.31.47.0-255,66,34536,96,244816
31763,0.000259,74.125.24.0-255,6797,41333,96,244816
31764,0.000261,172.31.47.0-255,66,41399,96,244816
31765,0.000265,74.125.24.0-255,2902,44301,96,244816
31766,0.000267,172.31.47.0-255,66,44367,96,244816
31767,0.000273,74.125.24.0-255,7108,51475,96,244816
31768,0.000275,172.31.47.0-255,66,51541,96,244816
31769,0.000323,74.125.24.0-255,109,51650,96,244816
31770,0.000326,172.31.47.0-255,66,51716,96,244816
31771,0.000329,74.125.24.0-255,332,52048,96,244816
31772,0.000331,172.31.47.0-255,66,52114,96,244816
31773,0.000777,74.125.24.0-255,1484,53598,96,244816
31774,0.000782,172.31.47.0-255,66,53664,96,244816
31775,0.00079,74.125.24.0-255,2902,56566,96,244816
31776,0.000793,74.125.24.0-255,1484,58050,96,244816
31777,0.00081,74.125.24.0-255,4320,62370,96,244816
31778,0.000829,74.125.24.0-255,5738,68108,96,244816
31779,0.000845,74.125.24.0-255,4320,72428,96,244816
31780,0.000855,172.31.47.0-255,66,72494,96,244816
31781,0.000874,74.125.24.0-255,5020,77514,96,244816
31782,0.000909,74.125.24.0-255,1484,78998,96,244816
31783,0.000913,74.125.24.0-255,1484,80482,96,244816
31784,0.000922,172.31.47.0-255,66,80548,96,244816
31785,0.000931,74.125.24.0-255,1484,82032,96,244816
31786,0.000935,74.125.24.0-255,2902,84934,96,244816
31787,0.000945,172.31.47.0-255,66,85000,96,244816
31788,0.000949,74.125.24.0-255,2902,87902,96,244816
31789,0.000951,74.125.24.0-255,1484,89386,96,244816
31790,0.000979,74.125.24.0-255,4320,93706,96,244816
31791,0.000994,74.125.24.0-255,1484,95190,96,244816
31792,0.001021,74.125.24.0-255,5020,100210,96,244816
31793,0.001034,172.31.47.0-255,66,100276,96,244816
31794,0.001086,74.125.24.0-255,1484,101760,96,244816
31795,0.001091,74.125.24.0-255,2902,104662,96,244816
31796,0.001108,74.125.24.0-255,5738,110400,96,244816
31797,0.001146,172.31.47.0-255,66,110466,96,244816
31798,0.001179,74.125.24.0-255,7156,117622,96,244816
31799,0.001214,172.31.47.0-255,66,117688,96,244816
31800,0.001219,172.31.47.0-255,66,117754,96,244816
31801,0.001233,74.125.24.0-255,1484,119238,96,244816
31802,0.001248,74.125.24.0-255,2902,122140,96,244816
31803,0.001252,74.125.24.0-255,1484,123624,96,244816
31804,0.001261,172.31.47.0-255,66,123690,96,244816
31805,0.00127,74.125.24.0-255,4320,128010,96,244816
31806,0.001274,74.125.24.0-255,4320,132330,96,244816
31807,0.001286,74.125.24.0-255,7156,139486,96,244816
31808,0.001288,172.31.47.0-255,66,139552,96,244816
31809,0.001297,74.125.24.0-255,1484,141036,96,244816
31810,0.001313,172.31.47.0-255,66,141102,96,244816
31811,0.001322,74.125.24.0-255,2902,144004,96,244816
31812,0.001348,172.31.47.0-255,66,144070,96,244816
31813,0.001362,74.125.24.0-255,6438,150508,96,244816
31814,0.001369,74.125.24.0-255,7156,157664,96,244816
31815,0.001383,74.125.24.0-255,7156,164820,96,244816
31816,0.001403,172.31.47.0-255,66,164886,96,244816
31817,0.001442,74.125.24.0-255,7156,172042,96,244816
31818,0.001446,172.31.47.0-255,66,172108,96,244816
31819,0.001498,74.125.24.0-255,1484,173592,96,244816
31820,0.001513,172.31.47.0-255,66,173658,96,244816
31821,0.001525,172.31.47.0-255,66,173724,96,244816
31822,0.001556,172.31.47.0-255,66,173790,96,244816
31823,0.001574,74.125.24.0-255,4320,178110,96,244816
31824,0.001579,172.31.47.0-255,66,178176,96,244816
31825,0.001612,74.125.24.0-255,1484,179660,96,244816
31826,0.001616,172.31.47.0-255,66,179726,96,244816
31827,0.001653,74.125.24.0-255,766,180492,96,244816
31828,0.001664,172.31.47.0-255,66,180558,96,244816
31829,0.001687,74.125.24.0-255,1484,182042,96,244816
31830,0.001701,74.125.24.0-255,2902,184944,96,244816
31831,0.001717,74.125.24.0-255,2902,187846,96,244816
31832,0.00172,172.31.47.0-255,66,187912,96,244816
31833,0.001724,172.31.47.0-255,66,187978,96,244816
31834,0.001734,74.125.24.0-255,2902,190880,96,244816
31835,0.001739,74.125.24.0-255,5738,196618,96,244816
31836,0.001748,74.125.24.0-255,1484,198102,96,244816
31837,0.00176,74.125.24.0-255,2902,201004,96,244816
31838,0.001765,172.31.47.0-255,66,201070,96,244816
31839,0.001782,74.125.24.0-255,5020,206090,96,244816
31840,0.001807,172.31.47.0-255,66,206156,96,244816
31841,0.001852,74.125.24.0-255,1484,207640,96,244816
31842,0.001872,74.125.24.0-255,2902,210542,96,244816
31843,0.001876,172.31.47.0-255,66,210608,96,244816
31844,0.001903,74.125.24.0-255,5738,216346,96,244816
31845,0.001909,74.125.24.0-255,7156,223502,96,244816
31846,0.001912,172.31.47.0-255,66,223568,96,244816
31847,0.001947,172.31.47.0-255,66,223634,96,244816
31848,0.001951,74.125.24.0-255,4320,227954,96,244816
31849,0.001954,74.125.24.0-255,2184,230138,96,244816
31850,0.001962,172.31.47.0-255,66,230204,96,244816
31851,0.001999,74.125.24.0-255,7156,237360,96,244816
31852,0.002014,74.125.24.0-255,2753,240113,96,244816
31853,0.002016,74.125.24.0-255,105,240218,96,244816
31854,0.002043,172.31.47.0-255,66,240284,96,244816
31855,0.002052,172.31.47.0-255,66,240350,96,244816
31856,0.003887,172.31.47.0-255,105,240455,96,244816
31857,0.006215,74.125.24.0-255,66,240521,96,244816
31858,0.025851,172.31.47.0-255,172,240693,96,244816
31859,0.025896,172.31.47.0-255,1105,241798,96,244816
31860,0.025957,172.31.47.0-255,1514,243312,96,244816
31861,0.025958,172.31.47.0-255,1306,244618,96,244816
31862,0.027416,104.244.42.0-255,66,244684,96,244816
31863,0.027455,104.244.42.0-255,66,244750,96,244816
31864,0.027494,104.244.42.0-255,66,244816,96,244816
31865,0.0,172.217.27.0-255,153,153,96,328184
31866,1.3e-05,172.31.47.0-255,66,219,96,328184
31867,1.9e-05,172.217.27.0-255,1484,1703,96,328184
31868,2.4e-05,172.31.47.0-255,66,1769,96,328184
31869,3.1e-05,172.217.27.0-255,2902,4671,96,328184
31870,3.4e-05,172.31.47.0-255,66,4737,96,328184
31871,3.9e-05,172.217.27.0-255,4320,9057,96,328184
31872,4.1e-05,172.31.47.0-255,66,9123,96,328184
31873,7.2e-05,172.217.27.0-255,2902,12025,96,328184
31874,7.4e-05,172.31.47.0-255,66,12091,96,328184
31875,7.9e-05,172.217.27.0-255,3552,15643,96,328184
31876,8.1e-05,172.31.47.0-255,66,15709,96,328184
31877,8.6e-05,172.217.27.0-255,4320,20029,96,328184
31878,8.8e-05,172.31.47.0-255,66,20095,96,328184
31879,9.9e-05,172.31.47.0-255,66,20161,96,328184
31880,0.000102,172.217.27.0-255,1125,21286,96,328184
31881,0.000104,172.31.47.0-255,66,21352,96,328184
31882,0.000203,172.217.27.0-255,1484,22836,96,328184
31883,0.000207,172.31.47.0-255,66,22902,96,328184
31884,0.000212,172.217.27.0-255,2902,25804,96,328184
31885,0.000214,172.31.47.0-255,66,25870,96,328184
31886,0.000232,172.217.27.0-255,5738,31608,96,328184
31887,0.000235,172.31.47.0-255,66,31674,96,328184
31888,0.000257,172.217.27.0-255,2902,34576,96,328184
31889,0.00026,172.31.47.0-255,66,34642,96,328184
31890,0.000279,172.217.27.0-255,3961,38603,96,328184
31891,0.000281,172.31.47.0-255,66,38669,96,328184
31892,0.000287,172.217.27.0-255,7156,45825,96,328184
31893,0.000289,172.31.47.0-255,66,45891,96,328184
31894,0.000326,172.31.47.0-255,66,45957,96,328184
31895,0.000807,172.217.27.0-255,382,46339,96,328184
31896,0.0009,172.31.47.0-255,66,46405,96,328184
31897,0.001013,172.217.27.0-255,1484,47889,96,328184
31898,0.001021,172.217.27.0-255,2902,50791,96,328184
31899,0.001024,172.31.47.0-255,66,50857,96,328184
31900,0.001028,172.217.27.0-255,2902,53759,96,328184
31901,0.001029,172.31.47.0-255,66,53825,96,328184
31902,0.001044,172.217.27.0-255,2902,56727,96,328184
31903,0.001046,172.31.47.0-255,66,56793,96,328184
31904,0.001071,172.217.27.0-255,6797,63590,96,328184
31905,0.001073,172.31.47.0-255,66,63656,96,328184
31906,0.001078,172.217.27.0-255,5738,69394,96,328184
31907,0.00108,172.31.47.0-255,66,69460,96,328184
31908,0.001091,172.217.27.0-255,1484,70944,96,328184
31909,0.00112,172.31.47.0-255,66,71010,96,328184
31910,0.001163,172.217.27.0-255,1484,72494,96,328184
31911,0.001175,172.217.27.0-255,2902,75396,96,328184
31912,0.001177,172.31.47.0-255,66,75462,96,328184
31913,0.001181,172.217.27.0-255,1484,76946,96,328184
31914,0.0012,172.217.27.0-255,4320,81266,96,328184
31915,0.001204,172.217.27.0-255,4320,85586,96,328184
31916,0.001209,172.217.27.0-255,5738,91324,96,328184
31917,0.001212,172.31.47.0-255,66,91390,96,328184
31918,0.001218,172.31.47.0-255,66,91456,96,328184
31919,0.00122,172.31.47.0-255,66,91522,96,328184
31920,0.001222,172.217.27.0-255,1484,93006,96,328184
31921,0.001253,172.31.47.0-255,66,93072,96,328184
31922,0.001256,172.217.27.0-255,2184,95256,96,328184
31923,0.001258,172.31.47.0-255,66,95322,96,328184
31924,0.001306,172.217.27.0-255,1484,96806,96,328184
31925,0.00131,172.217.27.0-255,2902,99708,96,328184
31926,0.001312,172.31.47.0-255,66,99774,96,328184
31927,0.001332,172.217.27.0-255,5738,105512,96,328184
31928,0.001334,172.31.47.0-255,66,105578,96,328184
31929,0.001367,172.31.47.0-255,66,105644,96,328184
31930,0.001376,172.31.47.0-255,66,105710,96,328184
31931,0.00142,172.217.27.0-255,2184,107894,96,328184
31932,0.001422,172.31.47.0-255,66,107960,96,328184
31933,0.001437,172.217.27.0-255,2902,110862,96,328184
31934,0.001441,172.31.47.0-255,66,110928,96,328184
31935,0.001459,172.217.27.0-255,4320,115248,96,328184
31936,0.001461,172.31.47.0-255,66,115314,96,328184
31937,0.001487,172.217.27.0-255,2902,118216,96,328184
31938,0.00149,172.31.47.0-255,66,118282,96,328184
31939,0.001498,172.31.47.0-255,66,118348,96,328184
31940,0.001518,172.217.27.0-255,5738,124086,96,328184
31941,0.00152,172.31.47.0-255,66,124152,96,328184
31942,0.001548,172.31.47.0-255,66,124218,96,328184
31943,0.001569,172.217.27.0-255,4320,128538,96,328184
31944,0.001571,172.31.47.0-255,66,128604,96,328184
31945,0.001576,172.217.27.0-255,5738,134342,96,328184
31946,0.001578,172.31.47.0-255,66,134408,96,328184
31947,0.001589,172.217.27.0-255,1484,135892,96,328184
31948,0.00162,172.31.47.0-255,66,135958,96,328184
31949,0.00163,172.31.47.0-255,66,136024,96,328184
31950,0.001639,172.217.27.0-255,766,136790,96,328184
31951,0.002398,172.31.47.0-255,66,136856,96,328184
31952,0.003241,172.217.27.0-255,4320,141176,96,328184
31953,0.003245,172.31.47.0-255,66,141242,96,328184
31954,0.004017,172.217.27.0-255,1484,142726,96,328184
31955,0.004853,172.217.27.0-255,4320,147046,96,328184
31956,0.004857,172.31.47.0-255,66,147112,96,328184
31957,0.006478,172.217.27.0-255,5738,152850,96,328184
31958,0.00649,172.31.47.0-255,66,152916,96,328184
31959,0.008113,172.217.27.0-255,5738,158654,96,328184
31960,0.008119,172.31.47.0-255,66,158720,96,328184
31961,0.00975,172.217.27.0-255,5738,164458,96,328184
31962,0.009762,172.31.47.0-255,66,164524,96,328184
31963,0.011397,172.217.27.0-255,5738,170262,96,328184
31964,0.011414,172.31.47.0-255,66,170328,96,328184
31965,0.013051,172.217.27.0-255,5738,176066,96,328184
31966,0.013063,172.31.47.0-255,66,176132,96,328184
31967,0.014682,172.217.27.0-255,5738,181870,96,328184
31968,0.014693,172.31.47.0-255,66,181936,96,328184
31969,0.016324,172.217.27.0-255,5738,187674,96,328184
31970,0.016331,172.31.47.0-255,66,187740,96,328184
31971,0.017955,172.217.27.0-255,5738,193478,96,328184
31972,0.017963,172.31.47.0-255,66,193544,96,328184
31973,0.019589,172.217.27.0-255,5738,199282,96,328184
31974,0.019596,172.31.47.0-255,66,199348,96,328184
31975,0.02123,172.217.27.0-255,5738,205086,96,328184
31976,0.021244,172.31.47.0-255,66,205152,96,328184
31977,0.022876,172.217.27.0-255,5738,210890,96,328184
31978,0.022888,172.31.47.0-255,66,210956,96,328184
31979,0.024522,172.217.27.0-255,5738,216694,96,328184
31980,0.024536,172.31.47.0-255,66,216760,96,328184
31981,0.026161,172.217.27.0-255,5738,222498,96,328184
31982,0.026169,172.31.47.0-255,66,222564,96,328184
31983,0.0278,172.217.27.0-255,5738,228302,96,328184
31984,0.027805,172.31.47.0-255,66,228368,96,328184
31985,0.029433,172.217.27.0-255,5738,234106,96,328184
31986,0.029438,172.31.47.0-255,66,234172,96,328184
31987,0.03105,172.217.27.0-255,5738,239910,96,328184
31988,0.031056,172.31.47.0-255,66,239976,96,328184
31989,0.032677,172.217.27.0-255,5738,245714,96,328184
31990,0.032686,172.31.47.0-255,66,245780,96,328184
31991,0.034332,172.217.27.0-255,5738,251518,96,328184
31992,0.034338,172.31.47.0-255,66,251584,96,328184
31993,0.035968,172.217.27.0-255,5738,257322,96,328184
31994,0.035974,172.31.47.0-255,66,257388,96,328184
31995,0.036559,172.31.47.0-255,172,257560,96,328184
31996,0.0366,172.31.47.0-255,1101,258661,96,328184
31997,0.036667,172.31.47.0-255,1514,260175,96,328184
31998,0.03667,172.31.47.0-255,1310,261485,96,328184
31999,0.037602,172.217.27.0-255,5738,267223,96,328184
32000,0.03761,172.31.47.0-255,66,267289,96,328184
32001,0.038097,104.244.42.0-255,66,267355,96,328184
32002,0.038153,104.244.42.0-255,66,267421,96,328184
32003,0.038201,104.244.42.0-255,66,267487,96,328184
32004,0.039226,172.217.27.0-255,5738,273225,96,328184
32005,0.039234,172.31.47.0-255,66,273291,96,328184
32006,0.04088,172.217.27.0-255,5738,279029,96,328184
32007,0.040891,172.31.47.0-255,66,279095,96,328184
32008,0.042526,172.217.27.0-255,5738,284833,96,328184
32009,0.042534,172.31.47.0-255,66,284899,96,328184
32010,0.044148,172.217.27.0-255,5738,290637,96,328184
32011,0.044155,172.31.47.0-255,66,290703,96,328184
32012,0.045779,172.217.27.0-255,5738,296441,96,328184
32013,0.045784,172.31.47.0-255,66,296507,96,328184
32014,0.047406,172.217.27.0-255,5738,302245,96,328184
32015,0.047415,172.31.47.0-255,66,302311,96,328184
32016,0.049031,172.217.27.0-255,5738,308049,96,328184
32017,0.049038,172.31.47.0-255,66,308115,96,328184
32018,0.050664,172.217.27.0-255,5738,313853,96,328184
32019,0.05067,172.31.47.0-255,66,313919,96,328184
32020,0.052289,172.217.27.0-255,5738,319657,96,328184
32021,0.052293,172.31.47.0-255,66,319723,96,328184
32022,0.053926,172.217.27.0-255,5738,325461,96,328184
32023,0.053931,172.31.47.0-255,66,325527,96,328184
32024,0.055541,172.217.27.0-255,2066,327593,96,328184
32025,0.055546,172.31.47.0-255,66,327659,96,328184
32026,0.056234,172.31.47.0-255,105,327764,96,328184
32027,0.056482,172.31.47.0-255,90,327854,96,328184
32028,0.056491,172.31.47.0-255,66,327920,96,328184
32029,0.057822,172.217.27.0-255,66,327986,96,328184
32030,0.058055,172.217.27.0-255,66,328052,96,328184
32031,0.058085,172.217.27.0-255,66,328118,96,328184
32032,0.05809,172.31.47.0-255,66,328184,96,328184
32033,0.0,74.125.24.0-255,152,152,96,295629
32034,3.3e-05,172.31.47.0-255,66,218,96,295629
32035,4e-05,74.125.24.0-255,1484,1702,96,295629
32036,4.3e-05,172.31.47.0-255,66,1768,96,295629
32037,4.8e-05,74.125.24.0-255,2902,4670,96,295629
32038,5.2e-05,172.31.47.0-255,66,4736,96,295629
32039,5.9e-05,74.125.24.0-255,7156,11892,96,295629
32040,6.2e-05,172.31.47.0-255,66,11958,96,295629
32041,6.7e-05,74.125.24.0-255,4320,16278,96,295629
32042,7e-05,172.31.47.0-255,66,16344,96,295629
32043,0.000109,172.31.47.0-255,66,16410,96,295629
32044,0.000113,74.125.24.0-255,2543,18953,96,295629
32045,0.000116,172.31.47.0-255,66,19019,96,295629
32046,0.000299,74.125.24.0-255,1484,20503,96,295629
32047,0.000304,172.31.47.0-255,66,20569,96,295629
32048,0.000309,74.125.24.0-255,2902,23471,96,295629
32049,0.000312,172.31.47.0-255,66,23537,96,295629
32050,0.000337,74.125.24.0-255,5738,29275,96,295629
32051,0.000341,172.31.47.0-255,66,29341,96,295629
32052,0.000377,74.125.24.0-255,6797,36138,96,295629
32053,0.00038,172.31.47.0-255,66,36204,96,295629
32054,0.000384,74.125.24.0-255,2902,39106,96,295629
32055,0.000387,172.31.47.0-255,66,39172,96,295629
32056,0.000402,74.125.24.0-255,4320,43492,96,295629
32057,0.000404,172.31.47.0-255,66,43558,96,295629
32058,0.00044,172.31.47.0-255,66,43624,96,295629
32059,0.000832,74.125.24.0-255,646,44270,96,295629
32060,0.000837,172.31.47.0-255,66,44336,96,295629
32061,0.000865,74.125.24.0-255,1484,45820,96,295629
32062,0.000867,172.31.47.0-255,66,45886,96,295629
32063,0.000872,74.125.24.0-255,2902,48788,96,295629
32064,0.000874,172.31.47.0-255,66,48854,96,295629
32065,0.000885,74.125.24.0-255,1484,50338,96,295629
32066,0.000935,172.31.47.0-255,66,50404,96,295629
32067,0.000941,74.125.24.0-255,5738,56142,96,295629
32068,0.000943,172.31.47.0-255,66,56208,96,295629
32069,0.000972,74.125.24.0-255,5738,61946,96,295629
32070,0.000975,172.31.47.0-255,66,62012,96,295629
32071,0.000989,74.125.24.0-255,6438,68450,96,295629
32072,0.000992,172.31.47.0-255,66,68516,96,295629
32073,0.001086,74.125.24.0-255,1484,70000,96,295629
32074,0.001092,74.125.24.0-255,2902,72902,96,295629
32075,0.001094,172.31.47.0-255,66,72968,96,295629
32076,0.001098,74.125.24.0-255,1484,74452,96,295629
32077,0.00111,74.125.24.0-255,4320,78772,96,295629
32078,0.001112,172.31.47.0-255,66,78838,96,295629
32079,0.001117,74.125.24.0-255,4320,83158,96,295629
32080,0.001119,172.31.47.0-255,66,83224,96,295629
32081,0.001146,172.31.47.0-255,66,83290,96,295629
32082,0.001163,74.125.24.0-255,2902,86192,96,295629
32083,0.001165,172.31.47.0-255,66,86258,96,295629
32084,0.00117,74.125.24.0-255,4320,90578,96,295629
32085,0.001172,172.31.47.0-255,66,90644,96,295629
32086,0.001183,74.125.24.0-255,3602,94246,96,295629
32087,0.001185,172.31.47.0-255,66,94312,96,295629
32088,0.002081,74.125.24.0-255,1484,95796,96,295629
32089,0.002087,74.125.24.0-255,2902,98698,96,295629
32090,0.002091,172.31.47.0-255,66,98764,96,295629
32091,0.002113,74.125.24.0-255,5738,104502,96,295629
32092,0.002116,172.31.47.0-255,66,104568,96,295629
32093,0.002118,74.125.24.0-255,1484,106052,96,295629
32094,0.002139,172.31.47.0-255,66,106118,96,295629
32095,0.002158,74.125.24.0-255,2902,109020,96,295629
32096,0.00216,172.31.47.0-255,66,109086,96,295629
32097,0.002166,74.125.24.0-255,7156,116242,96,295629
32098,0.002168,172.31.47.0-255,66,116308,96,295629
32099,0.002188,74.125.24.0-255,3602,119910,96,295629
32100,0.00219,172.31.47.0-255,66,119976,96,295629
32101,0.002192,74.125.24.0-255,1484,121460,96,295629
32102,0.002228,74.125.24.0-255,2902,124362,96,295629
32103,0.00223,172.31.47.0-255,66,124428,96,295629
32104,0.002239,172.31.47.0-255,66,124494,96,295629
32105,0.002243,74.125.24.0-255,4320,128814,96,295629
32106,0.002244,172.31.47.0-255,66,128880,96,295629
32107,0.002266,74.125.24.0-255,7156,136036,96,295629
32108,0.002268,172.31.47.0-255,66,136102,96,295629
32109,0.002272,74.125.24.0-255,4320,140422,96,295629
32110,0.002274,172.31.47.0-255,66,140488,96,295629
32111,0.002303,172.31.47.0-255,66,140554,96,295629
32112,0.002313,172.31.47.0-255,66,140620,96,295629
32113,0.002347,74.125.24.0-255,7156,147776,96,295629
32114,0.002349,172.31.47.0-255,66,147842,96,295629
32115,0.002374,172.31.47.0-255,66,147908,96,295629
32116,0.002378,74.125.24.0-255,4320,152228,96,295629
32117,0.002379,172.31.47.0-255,66,152294,96,295629
32118,0.002405,172.31.47.0-255,66,152360,96,295629
32119,0.002414,172.31.47.0-255,66,152426,96,295629
32120,0.002461,74.125.24.0-255,6438,158864,96,295629
32121,0.002463,172.31.47.0-255,66,158930,96,295629
32122,0.004866,74.125.24.0-255,2902,161832,96,295629
32123,0.004869,172.31.47.0-255,66,161898,96,295629
32124,0.004886,74.125.24.0-255,2902,164800,96,295629
32125,0.004888,172.31.47.0-255,66,164866,96,295629
32126,0.007316,74.125.24.0-255,5738,170604,96,295629
32127,0.007325,172.31.47.0-255,66,170670,96,295629
32128,0.009733,74.125.24.0-255,5738,176408,96,295629
32129,0.009741,172.31.47.0-255,66,176474,96,295629
32130,0.012088,74.125.24.0-255,5738,182212,96,295629
32131,0.012095,172.31.47.0-255,66,182278,96,295629
32132,0.014454,74.125.24.0-255,5738,188016,96,295629
32133,0.01446,172.31.47.0-255,66,188082,96,295629
32134,0.016883,74.125.24.0-255,5738,193820,96,295629
32135,0.016891,172.31.47.0-255,66,193886,96,295629
32136,0.01931,74.125.24.0-255,5738,199624,96,295629
32137,0.019317,172.31.47.0-255,66,199690,96,295629
32138,0.021697,74.125.24.0-255,5738,205428,96,295629
32139,0.021721,172.31.47.0-255,66,205494,96,295629
32140,0.024091,74.125.24.0-255,5738,211232,96,295629
32141,0.024102,172.31.47.0-255,66,211298,96,295629
32142,0.02651,74.125.24.0-255,5738,217036,96,295629
32143,0.026515,172.31.47.0-255,66,217102,96,295629
32144,0.028919,74.125.24.0-255,5738,222840,96,295629
32145,0.028927,172.31.47.0-255,66,222906,96,295629
32146,0.031324,74.125.24.0-255,5738,228644,96,295629
32147,0.031332,172.31.47.0-255,66,228710,96,295629
32148,0.033728,74.125.24.0-255,5738,234448,96,295629
32149,0.033734,172.31.47.0-255,66,234514,96,295629
32150,0.034284,172.31.47.0-255,172,234686,96,295629
32151,0.034312,172.31.47.0-255,1105,235791,96,295629
32152,0.03434,172.31.47.0-255,1514,237305,96,295629
32153,0.034341,172.31.47.0-255,1306,238611,96,295629
32154,0.03583,104.244.42.0-255,66,238677,96,295629
32155,0.035863,104.244.42.0-255,66,238743,96,295629
32156,0.035908,104.244.42.0-255,66,238809,96,295629
32157,0.036097,74.125.24.0-255,5738,244547,96,295629
32158,0.036101,172.31.47.0-255,66,244613,96,295629
32159,0.038438,74.125.24.0-255,4320,248933,96,295629
32160,0.038442,172.31.47.0-255,66,248999,96,295629
32161,0.038465,74.125.24.0-255,1484,250483,96,295629
32162,0.040839,74.125.24.0-255,4320,254803,96,295629
32163,0.040844,172.31.47.0-255,66,254869,96,295629
32164,0.04321,74.125.24.0-255,2902,257771,96,295629
32165,0.043239,172.31.47.0-255,66,257837,96,295629
32166,0.043258,74.125.24.0-255,2902,260739,96,295629
32167,0.043261,172.31.47.0-255,66,260805,96,295629
32168,0.045653,74.125.24.0-255,5738,266543,96,295629
32169,0.045658,172.31.47.0-255,66,266609,96,295629
32170,0.048079,74.125.24.0-255,5738,272347,96,295629
32171,0.048084,172.31.47.0-255,66,272413,96,295629
32172,0.05046,74.125.24.0-255,5738,278151,96,295629
32173,0.050465,172.31.47.0-255,66,278217,96,295629
32174,0.052852,74.125.24.0-255,5738,283955,96,295629
32175,0.052856,172.31.47.0-255,66,284021,96,295629
32176,0.05529,74.125.24.0-255,5738,289759,96,295629
32177,0.055298,172.31.47.0-255,66,289825,96,295629
32178,0.057653,74.125.24.0-255,5738,295563,96,295629
32179,0.057658,172.31.47.0-255,66,295629,96,295629
32180,0.0,172.217.194.0-255,157,157,96,197632
32181,2.5e-05,172.31.47.0-255,66,223,96,197632
32182,3.1e-05,172.217.194.0-255,1484,1707,96,197632
32183,3.5e-05,172.31.47.0-255,66,1773,96,197632
32184,3.9e-05,172.217.194.0-255,2902,4675,96,197632
32185,4.1e-05,172.31.47.0-255,66,4741,96,197632
32186,4.4e-05,172.217.194.0-255,1484,6225,96,197632
32187,4.6e-05,172.31.47.0-255,66,6291,96,197632
32188,6.7e-05,172.217.194.0-255,2902,9193,96,197632
32189,6.9e-05,172.31.47.0-255,66,9259,96,197632
32190,7.5e-05,172.217.194.0-255,7156,16415,96,197632
32191,7.7e-05,172.31.47.0-255,66,16481,96,197632
32192,9.3e-05,172.217.194.0-255,2064,18545,96,197632
32193,9.5e-05,172.31.47.0-255,66,18611,96,197632
32194,0.0001,172.217.194.0-255,4320,22931,96,197632
32195,0.000102,172.31.47.0-255,66,22997,96,197632
32196,0.000131,172.31.47.0-255,66,23063,96,197632
32197,0.000257,172.217.194.0-255,1484,24547,96,197632
32198,0.000261,172.31.47.0-255,66,24613,96,197632
32199,0.000281,172.217.194.0-255,2902,27515,96,197632
32200,0.000283,172.31.47.0-255,66,27581,96,197632
32201,0.000288,172.217.194.0-255,5738,33319,96,197632
32202,0.00029,172.31.47.0-255,66,33385,96,197632
32203,0.000293,172.217.194.0-255,1484,34869,96,197632
32204,0.000295,172.31.47.0-255,66,34935,96,197632
32205,0.000322,172.217.194.0-255,5379,40314,96,197632
32206,0.000325,172.31.47.0-255,66,40380,96,197632
32207,0.000329,172.217.194.0-255,2902,43282,96,197632
32208,0.000333,172.31.47.0-255,66,43348,96,197632
32209,0.000354,172.31.47.0-255,66,43414,96,197632
32210,0.000357,172.217.194.0-255,2834,46248,96,197632
32211,0.000361,172.31.47.0-255,66,46314,96,197632
32212,0.000383,172.217.194.0-255,395,46709,96,197632
32213,0.000543,172.217.194.0-255,1484,48193,96,197632
32214,0.000547,172.31.47.0-255,66,48259,96,197632
32215,0.00055,172.217.194.0-255,1484,49743,96,197632
32216,0.000562,172.217.194.0-255,1484,51227,96,197632
32217,0.000564,172.31.47.0-255,66,51293,96,197632
32218,0.00057,172.217.194.0-255,5738,57031,96,197632
32219,0.000572,172.31.47.0-255,66,57097,96,197632
32220,0.000605,172.31.47.0-255,66,57163,96,197632
32221,0.000632,172.31.47.0-255,66,57229,96,197632
32222,0.000727,172.217.194.0-255,1484,58713,96,197632
32223,0.000732,172.217.194.0-255,2902,61615,96,197632
32224,0.000734,172.31.47.0-255,66,61681,96,197632
32225,0.000755,172.217.194.0-255,5738,67419,96,197632
32226,0.000758,172.31.47.0-255,66,67485,96,197632
32227,0.00076,172.217.194.0-255,1484,68969,96,197632
32228,0.000784,172.31.47.0-255,66,69035,96,197632
32229,0.000811,172.217.194.0-255,2902,71937,96,197632
32230,0.000813,172.31.47.0-255,66,72003,96,197632
32231,0.000839,172.31.47.0-255,66,72069,96,197632
32232,0.000842,172.217.194.0-255,2184,74253,96,197632
32233,0.000844,172.31.47.0-255,66,74319,96,197632
32234,0.000866,172.217.194.0-255,1484,75803,96,197632
32235,0.000882,172.217.194.0-255,4320,80123,96,197632
32236,0.000885,172.31.47.0-255,66,80189,96,197632
32237,0.00091,172.31.47.0-255,66,80255,96,197632
32238,0.000921,172.31.47.0-255,66,80321,96,197632
32239,0.000947,172.217.194.0-255,7156,87477,96,197632
32240,0.000949,172.31.47.0-255,66,87543,96,197632
32241,0.000952,172.217.194.0-255,766,88309,96,197632
32242,0.001285,172.31.47.0-255,66,88375,96,197632
32243,0.00181,172.217.194.0-255,1484,89859,96,197632
32244,0.001822,172.217.194.0-255,2902,92761,96,197632
32245,0.001829,172.31.47.0-255,66,92827,96,197632
32246,0.001838,172.217.194.0-255,5738,98565,96,197632
32247,0.00184,172.31.47.0-255,66,98631,96,197632
32248,0.001845,172.217.194.0-255,4320,102951,96,197632
32249,0.001847,172.31.47.0-255,66,103017,96,197632
32250,0.001888,172.31.47.0-255,66,103083,96,197632
32251,0.001901,172.31.47.0-255,66,103149,96,197632
32252,0.001927,172.217.194.0-255,1484,104633,96,197632
32253,0.001951,172.217.194.0-255,1484,106117,96,197632
32254,0.001953,172.31.47.0-255,66,106183,96,197632
32255,0.001969,172.217.194.0-255,1484,107667,96,197632
32256,0.001979,172.217.194.0-255,1484,109151,96,197632
32257,0.001996,172.31.47.0-255,66,109217,96,197632
32258,0.002015,172.217.194.0-255,4320,113537,96,197632
32259,0.002017,172.31.47.0-255,66,113603,96,197632
32260,0.002027,172.31.47.0-255,66,113669,96,197632
32261,0.002054,172.217.194.0-255,2902,116571,96,197632
32262,0.002056,172.31.47.0-255,66,116637,96,197632
32263,0.002077,172.217.194.0-255,7156,123793,96,197632
32264,0.002079,172.31.47.0-255,66,123859,96,197632
32265,0.002096,172.217.194.0-255,5020,128879,96,197632
32266,0.002098,172.31.47.0-255,66,128945,96,197632
32267,0.002141,172.217.194.0-255,1484,130429,96,197632
32268,0.002144,172.217.194.0-255,1484,131913,96,197632
32269,0.002146,172.31.47.0-255,66,131979,96,197632
32270,0.002161,172.217.194.0-255,1484,133463,96,197632
32271,0.002167,172.217.194.0-255,5738,139201,96,197632
32272,0.002169,172.31.47.0-255,66,139267,96,197632
32273,0.002191,172.217.194.0-255,7156,146423,96,197632
32274,0.002194,172.31.47.0-255,66,146489,96,197632
32275,0.002217,172.217.194.0-255,5738,152227,96,197632
32276,0.00222,172.31.47.0-255,66,152293,96,197632
32277,0.002229,172.31.47.0-255,66,152359,96,197632
32278,0.002245,172.217.194.0-255,2184,154543,96,197632
32279,0.002247,172.31.47.0-255,66,154609,96,197632
32280,0.00229,172.217.194.0-255,2902,157511,96,197632
32281,0.002292,172.31.47.0-255,66,157577,96,197632
32282,0.002311,172.217.194.0-255,4320,161897,96,197632
32283,0.002313,172.31.47.0-255,66,161963,96,197632
32284,0.002318,172.217.194.0-255,4320,166283,96,197632
32285,0.002321,172.31.47.0-255,66,166349,96,197632
32286,0.002337,172.217.194.0-255,4320,170669,96,197632
32287,0.002339,172.31.47.0-255,66,170735,96,197632
32288,0.002384,172.31.47.0-255,66,170801,96,197632
32289,0.002423,172.217.194.0-255,7156,177957,96,197632
32290,0.002425,172.31.47.0-255,66,178023,96,197632
32291,0.00245,172.31.47.0-255,66,178089,96,197632
32292,0.002462,172.31.47.0-255,66,178155,96,197632
32293,0.002472,172.31.47.0-255,66,178221,96,197632
32294,0.00251,172.31.47.0-255,66,178287,96,197632
32295,0.002532,172.217.194.0-255,7156,185443,96,197632
32296,0.002534,172.31.47.0-255,66,185509,96,197632
32297,0.002555,172.31.47.0-255,66,185575,96,197632
32298,0.002566,172.31.47.0-255,66,185641,96,197632
32299,0.002597,172.217.194.0-255,7156,192797,96,197632
32300,0.002599,172.31.47.0-255,66,192863,96,197632
32301,0.002609,172.31.47.0-255,66,192929,96,197632
32302,0.002619,172.31.47.0-255,66,192995,96,197632
32303,0.002622,172.217.194.0-255,105,193100,96,197632
32304,0.008803,172.31.47.0-255,66,193166,96,197632
32305,0.008833,172.31.47.0-255,105,193271,96,197632
32306,0.011369,172.217.194.0-255,66,193337,96,197632
32307,0.026958,172.31.47.0-255,172,193509,96,197632
32308,0.026988,172.31.47.0-255,1105,194614,96,197632
32309,0.027016,172.31.47.0-255,1514,196128,96,197632
32310,0.027018,172.31.47.0-255,1306,197434,96,197632
32311,0.028532,104.244.42.0-255,66,197500,96,197632
32312,0.02854,104.244.42.0-255,66,197566,96,197632
32313,0.028568,104.244.42.0-255,66,197632,96,197632
32314,0.0,74.125.24.0-255,153,153,96,266712
32315,2.2e-05,172.31.47.0-255,66,219,96,266712
32316,5.9e-05,74.125.24.0-255,1484,1703,96,266712
32317,6.3e-05,172.31.47.0-255,66,1769,96,266712
32318,6.9e-05,74.125.24.0-255,2902,4671,96,266712
32319,7.2e-05,172.31.47.0-255,66,4737,96,266712
32320,8.4e-05,74.125.24.0-255,5738,10475,96,266712
32321,8.7e-05,172.31.47.0-255,66,10541,96,266712
32322,9.2e-05,74.125.24.0-255,3486,14027,96,266712
32323,9.5e-05,172.31.47.0-255,66,14093,96,266712
32324,0.000135,172.31.47.0-255,66,14159,96,266712
32325,0.000163,74.125.24.0-255,5379,19538,96,266712
32326,0.000166,172.31.47.0-255,66,19604,96,266712
32327,0.000214,74.125.24.0-255,1484,21088,96,266712
32328,0.000217,172.31.47.0-255,66,21154,96,266712
32329,0.000222,74.125.24.0-255,2902,24056,96,266712
32330,0.000224,172.31.47.0-255,66,24122,96,266712
32331,0.000258,74.125.24.0-255,5738,29860,96,266712
32332,0.000261,172.31.47.0-255,66,29926,96,266712
32333,0.000266,74.125.24.0-255,2902,32828,96,266712
32334,0.000268,172.31.47.0-255,66,32894,96,266712
32335,0.000312,172.31.47.0-255,66,32960,96,266712
32336,0.000339,74.125.24.0-255,7156,40116,96,266712
32337,0.000342,172.31.47.0-255,66,40182,96,266712
32338,0.000366,74.125.24.0-255,3895,44077,96,266712
32339,0.000369,172.31.47.0-255,66,44143,96,266712
32340,0.0004,74.125.24.0-255,383,44526,96,266712
32341,0.000403,172.31.47.0-255,66,44592,96,266712
32342,0.000578,74.125.24.0-255,1484,46076,96,266712
32343,0.000582,172.31.47.0-255,66,46142,96,266712
32344,0.000608,74.125.24.0-255,1484,47626,96,266712
32345,0.000626,74.125.24.0-255,1484,49110,96,266712
32346,0.000633,74.125.24.0-255,5738,54848,96,266712
32347,0.000654,172.31.47.0-255,66,54914,96,266712
32348,0.00067,74.125.24.0-255,4320,59234,96,266712
32349,0.000673,74.125.24.0-255,1484,60718,96,266712
32350,0.00068,74.125.24.0-255,7156,67874,96,266712
32351,0.000693,74.125.24.0-255,2184,70058,96,266712
32352,0.000705,172.31.47.0-255,66,70124,96,266712
32353,0.000759,74.125.24.0-255,1484,71608,96,266712
32354,0.000772,74.125.24.0-255,2902,74510,96,266712
32355,0.000794,74.125.24.0-255,1484,75994,96,266712
32356,0.000808,74.125.24.0-255,1484,77478,96,266712
32357,0.000813,172.31.47.0-255,66,77544,96,266712
32358,0.000823,74.125.24.0-255,4320,81864,96,266712
32359,0.000842,172.31.47.0-255,66,81930,96,266712
32360,0.000847,74.125.24.0-255,1484,83414,96,266712
32361,0.000868,74.125.24.0-255,4320,87734,96,266712
32362,0.000893,172.31.47.0-255,66,87800,96,266712
32363,0.000898,74.125.24.0-255,2902,90702,96,266712
32364,0.000904,172.31.47.0-255,66,90768,96,266712
32365,0.000923,74.125.24.0-255,5738,96506,96,266712
32366,0.00094,74.125.24.0-255,2902,99408,96,266712
32367,0.000966,74.125.24.0-255,4472,103880,96,266712
32368,0.000978,74.125.24.0-255,2902,106782,96,266712
32369,0.000981,172.31.47.0-255,66,106848,96,266712
32370,0.000987,172.31.47.0-255,66,106914,96,266712
32371,0.00101,74.125.24.0-255,7156,114070,96,266712
32372,0.001022,74.125.24.0-255,7156,121226,96,266712
32373,0.001038,74.125.24.0-255,7156,128382,96,266712
32374,0.001049,74.125.24.0-255,1484,129866,96,266712
32375,0.001056,74.125.24.0-255,7156,137022,96,266712
32376,0.00107,172.31.47.0-255,66,137088,96,266712
32377,0.001114,172.31.47.0-255,66,137154,96,266712
32378,0.001121,74.125.24.0-255,1484,138638,96,266712
32379,0.001143,74.125.24.0-255,2184,140822,96,266712
32380,0.001158,172.31.47.0-255,66,140888,96,266712
32381,0.001526,74.125.24.0-255,1484,142372,96,266712
32382,0.001532,74.125.24.0-255,1484,143856,96,266712
32383,0.001543,74.125.24.0-255,1484,145340,96,266712
32384,0.001554,172.31.47.0-255,66,145406,96,266712
32385,0.001588,74.125.24.0-255,5738,151144,96,266712
32386,0.0016,172.31.47.0-255,66,151210,96,266712
32387,0.001677,74.125.24.0-255,1484,152694,96,266712
32388,0.001698,172.31.47.0-255,66,152760,96,266712
32389,0.00176,74.125.24.0-255,1484,154244,96,266712
32390,0.001777,74.125.24.0-255,2902,157146,96,266712
32391,0.001794,172.31.47.0-255,66,157212,96,266712
32392,0.001805,74.125.24.0-255,2902,160114,96,266712
32393,0.001821,74.125.24.0-255,2902,163016,96,266712
32394,0.001823,172.31.47.0-255,66,163082,96,266712
32395,0.001862,74.125.24.0-255,1484,164566,96,266712
32396,0.001871,172.31.47.0-255,66,164632,96,266712
32397,0.001922,172.31.47.0-255,66,164698,96,266712
32398,0.001965,74.125.24.0-255,1484,166182,96,266712
32399,0.00197,74.125.24.0-255,2902,169084,96,266712
32400,0.001974,74.125.24.0-255,2902,171986,96,266712
32401,0.001983,172.31.47.0-255,66,172052,96,266712
32402,0.002005,74.125.24.0-255,2902,174954,96,266712
32403,0.002009,74.125.24.0-255,1484,176438,96,266712
32404,0.002024,74.125.24.0-255,7156,183594,96,266712
32405,0.002035,172.31.47.0-255,66,183660,96,266712
32406,0.002042,74.125.24.0-255,6438,190098,96,266712
32407,0.002062,172.31.47.0-255,66,190164,96,266712
32408,0.002175,74.125.24.0-255,1484,191648,96,266712
32409,0.002182,74.125.24.0-255,2902,194550,96,266712
32410,0.002188,74.125.24.0-255,5738,200288,96,266712
32411,0.002224,172.31.47.0-255,66,200354,96,266712
32412,0.002244,74.125.24.0-255,4320,204674,96,266712
32413,0.00227,172.31.47.0-255,66,204740,96,266712
32414,0.002279,74.125.24.0-255,4320,209060,96,266712
32415,0.002284,172.31.47.0-255,66,209126,96,266712
32416,0.002341,74.125.24.0-255,5020,214146,96,266712
32417,0.002353,172.31.47.0-255,66,214212,96,266712
32418,0.004664,74.125.24.0-255,5738,219950,96,266712
32419,0.00467,172.31.47.0-255,66,220016,96,266712
32420,0.007048,74.125.24.0-255,4320,224336,96,266712
32421,0.007065,74.125.24.0-255,1484,225820,96,266712
32422,0.010308,172.31.47.0-255,66,225886,96,266712
32423,0.012625,74.125.24.0-255,5738,231624,96,266712
32424,0.012634,172.31.47.0-255,66,231690,96,266712
32425,0.01497,74.125.24.0-255,5738,237428,96,266712
32426,0.017618,172.31.47.0-255,66,237494,96,266712
32427,0.019938,74.125.24.0-255,5738,243232,96,266712
32428,0.019947,172.31.47.0-255,66,243298,96,266712
32429,0.022294,74.125.24.0-255,5738,249036,96,266712
32430,0.022302,172.31.47.0-255,66,249102,96,266712
32431,0.024624,74.125.24.0-255,5738,254840,96,266712
32432,0.024631,172.31.47.0-255,66,254906,96,266712
32433,0.026945,74.125.24.0-255,5364,260270,96,266712
32434,0.026951,172.31.47.0-255,66,260336,96,266712
32435,0.028943,172.31.47.0-255,105,260441,96,266712
32436,0.030603,172.31.47.0-255,172,260613,96,266712
32437,0.030635,172.31.47.0-255,1105,261718,96,266712
32438,0.030696,172.31.47.0-255,1514,263232,96,266712
32439,0.030698,172.31.47.0-255,1514,264746,96,266712
32440,0.030699,172.31.47.0-255,1514,266260,96,266712
32441,0.0307,172.31.47.0-255,122,266382,96,266712
32442,0.031244,74.125.24.0-255,66,266448,96,266712
32443,0.03217,104.244.42.0-255,66,266514,96,266712
32444,0.032198,104.244.42.0-255,66,266580,96,266712
32445,0.03224,104.244.42.0-255,66,266646,96,266712
32446,0.032253,104.244.42.0-255,66,266712,96,266712
32447,0.0,172.31.47.0-255,105,105,96,105
32448,0.0,172.217.194.0-255,153,153,96,249924
32449,3.1e-05,172.31.47.0-255,66,219,96,249924
32450,3.7e-05,172.217.194.0-255,1484,1703,96,249924
32451,4.1e-05,172.31.47.0-255,66,1769,96,249924
32452,4.6e-05,172.217.194.0-255,2902,4671,96,249924
32453,4.8e-05,172.31.47.0-255,66,4737,96,249924
32454,6.2e-05,172.217.194.0-255,7156,11893,96,249924
32455,6.5e-05,172.31.47.0-255,66,11959,96,249924
32456,0.000117,172.31.47.0-255,66,12025,96,249924
32457,0.00012,172.217.194.0-255,1484,13509,96,249924
32458,0.000122,172.31.47.0-255,66,13575,96,249924
32459,0.000151,172.217.194.0-255,6797,20372,96,249924
32460,0.000159,172.31.47.0-255,66,20438,96,249924
32461,0.000227,172.217.194.0-255,1484,21922,96,249924
32462,0.00023,172.31.47.0-255,66,21988,96,249924
32463,0.000256,172.217.194.0-255,2902,24890,96,249924
32464,0.000258,172.31.47.0-255,66,24956,96,249924
32465,0.000263,172.217.194.0-255,5738,30694,96,249924
32466,0.000265,172.31.47.0-255,66,30760,96,249924
32467,0.000291,172.217.194.0-255,7156,37916,96,249924
32468,0.000294,172.31.47.0-255,66,37982,96,249924
32469,0.000314,172.217.194.0-255,5379,43361,96,249924
32470,0.000316,172.31.47.0-255,66,43427,96,249924
32471,0.000321,172.217.194.0-255,2902,46329,96,249924
32472,0.000324,172.31.47.0-255,66,46395,96,249924
32473,0.000361,172.217.194.0-255,398,46793,96,249924
32474,0.000364,172.31.47.0-255,66,46859,96,249924
32475,0.000367,172.31.47.0-255,66,46925,96,249924
32476,0.00042,172.217.194.0-255,1484,48409,96,249924
32477,0.000424,172.31.47.0-255,66,48475,96,249924
32478,0.000428,172.217.194.0-255,2902,51377,96,249924
32479,0.00043,172.31.47.0-255,66,51443,96,249924
32480,0.000433,172.217.194.0-255,1484,52927,96,249924
32481,0.000435,172.31.47.0-255,66,52993,96,249924
32482,0.000461,172.217.194.0-255,4320,57313,96,249924
32483,0.000468,172.31.47.0-255,66,57379,96,249924
32484,0.000469,172.217.194.0-255,7156,64535,96,249924
32485,0.000474,172.31.47.0-255,66,64601,96,249924
32486,0.000509,172.217.194.0-255,5738,70339,96,249924
32487,0.000512,172.31.47.0-255,66,70405,96,249924
32488,0.000529,172.31.47.0-255,66,70471,96,249924
32489,0.001022,172.217.194.0-255,1484,71955,96,249924
32490,0.001031,172.217.194.0-255,2902,74857,96,249924
32491,0.001034,172.31.47.0-255,66,74923,96,249924
32492,0.001039,172.217.194.0-255,5738,80661,96,249924
32493,0.001041,172.31.47.0-255,66,80727,96,249924
32494,0.001071,172.31.47.0-255,66,80793,96,249924
32495,0.001109,172.31.47.0-255,66,80859,96,249924
32496,0.001851,172.217.194.0-255,1484,82343,96,249924
32497,0.001859,172.217.194.0-255,2902,85245,96,249924
32498,0.001863,172.31.47.0-255,66,85311,96,249924
32499,0.001867,172.217.194.0-255,1484,86795,96,249924
32500,0.001891,172.217.194.0-255,4320,91115,96,249924
32501,0.001893,172.31.47.0-255,66,91181,96,249924
32502,0.001904,172.31.47.0-255,66,91247,96,249924
32503,0.001933,172.217.194.0-255,2902,94149,96,249924
32504,0.001936,172.31.47.0-255,66,94215,96,249924
32505,0.001948,172.31.47.0-255,66,94281,96,249924
32506,0.002011,172.217.194.0-255,4320,98601,96,249924
32507,0.002114,172.217.194.0-255,3602,102203,96,249924
32508,0.002131,172.217.194.0-255,4320,106523,96,249924
32509,0.002145,172.217.194.0-255,4320,110843,96,249924
32510,0.002162,172.217.194.0-255,5738,116581,96,249924
32511,0.002193,172.217.194.0-255,2902,119483,96,249924
32512,0.002219,172.217.194.0-255,6438,125921,96,249924
32513,0.002257,172.217.194.0-255,5738,131659,96,249924
32514,0.002277,172.217.194.0-255,1484,133143,96,249924
32515,0.002284,172.217.194.0-255,7156,140299,96,249924
32516,0.002288,172.217.194.0-255,2902,143201,96,249924
32517,0.002323,172.217.194.0-255,5738,148939,96,249924
32518,0.002352,172.217.194.0-255,2184,151123,96,249924
32519,0.009722,172.31.47.0-255,66,151189,96,249924
32520,0.011559,172.217.194.0-255,1484,152673,96,249924
32521,0.012064,172.217.194.0-255,4320,156993,96,249924
32522,0.012071,172.31.47.0-255,66,157059,96,249924
32523,0.014403,172.217.194.0-255,5738,162797,96,249924
32524,0.014419,172.31.47.0-255,66,162863,96,249924
32525,0.016735,172.217.194.0-255,5738,168601,96,249924
32526,0.016754,172.31.47.0-255,66,168667,96,249924
32527,0.019052,172.217.194.0-255,5738,174405,96,249924
32528,0.01906,172.31.47.0-255,66,174471,96,249924
32529,0.021384,172.217.194.0-255,5738,180209,96,249924
32530,0.021391,172.31.47.0-255,66,180275,96,249924
32531,0.023718,172.217.194.0-255,5738,186013,96,249924
32532,0.023729,172.31.47.0-255,66,186079,96,249924
32533,0.026048,172.217.194.0-255,5738,191817,96,249924
32534,0.026057,172.31.47.0-255,66,191883,96,249924
32535,0.028362,172.217.194.0-255,5738,197621,96,249924
32536,0.02837,172.31.47.0-255,66,197687,96,249924
32537,0.030673,172.217.194.0-255,5738,203425,96,249924
32538,0.03069,172.31.47.0-255,66,203491,96,249924
32539,0.032997,172.217.194.0-255,5738,209229,96,249924
32540,0.033008,172.31.47.0-255,66,209295,96,249924
32541,0.035418,172.217.194.0-255,5738,215033,96,249924
32542,0.035441,172.31.47.0-255,66,215099,96,249924
32543,0.037753,172.217.194.0-255,5738,220837,96,249924
32544,0.037761,172.31.47.0-255,66,220903,96,249924
32545,0.040079,172.217.194.0-255,5738,226641,96,249924
32546,0.040088,172.31.47.0-255,66,226707,96,249924
32547,0.042395,172.217.194.0-255,5738,232445,96,249924
32548,0.042405,172.31.47.0-255,66,232511,96,249924
32549,0.044711,172.217.194.0-255,5738,238249,96,249924
32550,0.04472,172.31.47.0-255,66,238315,96,249924
32551,0.047058,172.217.194.0-255,5738,244053,96,249924
32552,0.047075,172.31.47.0-255,66,244119,96,249924
32553,0.049386,172.217.194.0-255,1267,245386,96,249924
32554,0.049539,172.31.47.0-255,66,245452,96,249924
32555,0.049568,172.31.47.0-255,105,245557,96,249924
32556,0.050385,172.31.47.0-255,176,245733,96,249924
32557,0.050416,172.31.47.0-255,1101,246834,96,249924
32558,0.05045,172.31.47.0-255,1514,248348,96,249924
32559,0.050469,172.31.47.0-255,1312,249660,96,249924
32560,0.051867,172.217.194.0-255,66,249726,96,249924
32561,0.051909,104.244.42.0-255,66,249792,96,249924
32562,0.052081,104.244.42.0-255,66,249858,96,249924
32563,0.052135,104.244.42.0-255,66,249924,96,249924
32564,0.0,74.125.24.0-255,153,153,96,286991
32565,3.1e-05,172.31.47.0-255,66,219,96,286991
32566,3.7e-05,74.125.24.0-255,1484,1703,96,286991
32567,4.1e-05,172.31.47.0-255,66,1769,96,286991
32568,4.6e-05,74.125.24.0-255,2902,4671,96,286991
32569,5.5e-05,172.31.47.0-255,66,4737,96,286991
32570,6.1e-05,74.125.24.0-255,5738,10475,96,286991
32571,6.4e-05,172.31.47.0-255,66,10541,96,286991
32572,0.000108,74.125.24.0-255,3404,13945,96,286991
32573,0.000111,172.31.47.0-255,66,14011,96,286991
32574,0.000203,74.125.24.0-255,1484,15495,96,286991
32575,0.000208,172.31.47.0-255,66,15561,96,286991
32576,0.000213,74.125.24.0-255,2902,18463,96,286991
32577,0.000215,172.31.47.0-255,66,18529,96,286991
32578,0.000218,74.125.24.0-255,1484,20013,96,286991
32579,0.000226,172.31.47.0-255,66,20079,96,286991
32580,0.000258,74.125.24.0-255,4320,24399,96,286991
32581,0.000261,172.31.47.0-255,66,24465,96,286991
32582,0.000269,74.125.24.0-255,6797,31262,96,286991
32583,0.000271,172.31.47.0-255,66,31328,96,286991
32584,0.000474,74.125.24.0-255,1484,32812,96,286991
32585,0.000478,172.31.47.0-255,66,32878,96,286991
32586,0.000483,74.125.24.0-255,2902,35780,96,286991
32587,0.000486,172.31.47.0-255,66,35846,96,286991
32588,0.000522,74.125.24.0-255,5738,41584,96,286991
32589,0.000525,172.31.47.0-255,66,41650,96,286991
32590,0.000528,74.125.24.0-255,1484,43134,96,286991
32591,0.00053,172.31.47.0-255,66,43200,96,286991
32592,0.000556,74.125.24.0-255,5379,48579,96,286991
32593,0.000565,172.31.47.0-255,66,48645,96,286991
32594,0.00095,74.125.24.0-255,1484,50129,96,286991
32595,0.000957,172.31.47.0-255,66,50195,96,286991
32596,0.000966,74.125.24.0-255,2902,53097,96,286991
32597,0.00097,172.31.47.0-255,66,53163,96,286991
32598,0.000983,74.125.24.0-255,5738,58901,96,286991
32599,0.000986,172.31.47.0-255,66,58967,96,286991
32600,0.001036,74.125.24.0-255,6797,65764,96,286991
32601,0.00104,172.31.47.0-255,66,65830,96,286991
32602,0.001113,74.125.24.0-255,1484,67314,96,286991
32603,0.00112,74.125.24.0-255,2902,70216,96,286991
32604,0.001123,172.31.47.0-255,66,70282,96,286991
32605,0.001155,74.125.24.0-255,5738,76020,96,286991
32606,0.001158,172.31.47.0-255,66,76086,96,286991
32607,0.001193,172.31.47.0-255,66,76152,96,286991
32608,0.001633,74.125.24.0-255,1484,77636,96,286991
32609,0.001642,74.125.24.0-255,2902,80538,96,286991
32610,0.001646,172.31.47.0-255,66,80604,96,286991
32611,0.001652,74.125.24.0-255,2902,83506,96,286991
32612,0.001653,172.31.47.0-255,66,83572,96,286991
32613,0.001689,74.125.24.0-255,2902,86474,96,286991
32614,0.001692,172.31.47.0-255,66,86540,96,286991
32615,0.001703,172.31.47.0-255,66,86606,96,286991
32616,0.001715,172.31.47.0-255,66,86672,96,286991
32617,0.001803,74.125.24.0-255,1484,88156,96,286991
32618,0.001807,74.125.24.0-255,2902,91058,96,286991
32619,0.001813,172.31.47.0-255,66,91124,96,286991
32620,0.00183,74.125.24.0-255,4320,95444,96,286991
32621,0.001832,172.31.47.0-255,66,95510,96,286991
32622,0.001855,74.125.24.0-255,1484,96994,96,286991
32623,0.001858,74.125.24.0-255,1484,98478,96,286991
32624,0.00186,172.31.47.0-255,66,98544,96,286991
32625,0.001889,74.125.24.0-255,5379,103923,96,286991
32626,0.001892,172.31.47.0-255,66,103989,96,286991
32627,0.001928,74.125.24.0-255,1484,105473,96,286991
32628,0.001945,74.125.24.0-255,2902,108375,96,286991
32629,0.001947,172.31.47.0-255,66,108441,96,286991
32630,0.001952,74.125.24.0-255,2902,111343,96,286991
32631,0.001954,172.31.47.0-255,66,111409,96,286991
32632,0.001979,74.125.24.0-255,2902,114311,96,286991
32633,0.001985,172.31.47.0-255,66,114377,96,286991
32634,0.001995,172.31.47.0-255,66,114443,96,286991
32635,0.002014,74.125.24.0-255,1484,115927,96,286991
32636,0.002048,172.31.47.0-255,66,115993,96,286991
32637,0.002661,74.125.24.0-255,1484,117477,96,286991
32638,0.002669,74.125.24.0-255,2902,120379,96,286991
32639,0.002673,172.31.47.0-255,66,120445,96,286991
32640,0.00268,74.125.24.0-255,5738,126183,96,286991
32641,0.002682,172.31.47.0-255,66,126249,96,286991
32642,0.002692,74.125.24.0-255,5738,131987,96,286991
32643,0.002694,172.31.47.0-255,66,132053,96,286991
32644,0.002697,74.125.24.0-255,1484,133537,96,286991
32645,0.002728,172.31.47.0-255,66,133603,96,286991
32646,0.002734,74.125.24.0-255,5020,138623,96,286991
32647,0.002735,172.31.47.0-255,66,138689,96,286991
32648,0.002778,74.125.24.0-255,1484,140173,96,286991
32649,0.002791,74.125.24.0-255,1484,141657,96,286991
32650,0.002793,172.31.47.0-255,66,141723,96,286991
32651,0.002804,74.125.24.0-255,1484,143207,96,286991
32652,0.002811,74.125.24.0-255,1484,144691,96,286991
32653,0.002813,172.31.47.0-255,66,144757,96,286991
32654,0.002818,74.125.24.0-255,2902,147659,96,286991
32655,0.002819,172.31.47.0-255,66,147725,96,286991
32656,0.002843,74.125.24.0-255,5738,153463,96,286991
32657,0.002847,172.31.47.0-255,66,153529,96,286991
32658,0.002851,74.125.24.0-255,2902,156431,96,286991
32659,0.002853,172.31.47.0-255,66,156497,96,286991
32660,0.002916,172.31.47.0-255,66,156563,96,286991
32661,0.002942,74.125.24.0-255,1484,158047,96,286991
32662,0.002947,74.125.24.0-255,3602,161649,96,286991
32663,0.002949,172.31.47.0-255,66,161715,96,286991
32664,0.002952,74.125.24.0-255,1484,163199,96,286991
32665,0.002955,74.125.24.0-255,2902,166101,96,286991
32666,0.002957,172.31.47.0-255,66,166167,96,286991
32667,0.002962,74.125.24.0-255,4320,170487,96,286991
32668,0.002964,172.31.47.0-255,66,170553,96,286991
32669,0.00299,74.125.24.0-255,1484,172037,96,286991
32670,0.00302,172.31.47.0-255,66,172103,96,286991
32671,0.003047,74.125.24.0-255,2902,175005,96,286991
32672,0.00305,172.31.47.0-255,66,175071,96,286991
32673,0.003084,172.31.47.0-255,66,175137,96,286991
32674,0.003222,74.125.24.0-255,1484,176621,96,286991
32675,0.003237,74.125.24.0-255,2902,179523,96,286991
32676,0.003246,172.31.47.0-255,66,179589,96,286991
32677,0.003265,74.125.24.0-255,4320,183909,96,286991
32678,0.003268,172.31.47.0-255,66,183975,96,286991
32679,0.003272,74.125.24.0-255,1484,185459,96,286991
32680,0.003299,74.125.24.0-255,7156,192615,96,286991
32681,0.003303,172.31.47.0-255,66,192681,96,286991
32682,0.003318,172.31.47.0-255,66,192747,96,286991
32683,0.003346,74.125.24.0-255,2902,195649,96,286991
32684,0.00335,172.31.47.0-255,66,195715,96,286991
32685,0.00338,74.125.24.0-255,5020,200735,96,286991
32686,0.003383,172.31.47.0-255,66,200801,96,286991
32687,0.003477,74.125.24.0-255,1484,202285,96,286991
32688,0.00348,74.125.24.0-255,1484,203769,96,286991
32689,0.003484,172.31.47.0-255,66,203835,96,286991
32690,0.003506,74.125.24.0-255,1484,205319,96,286991
32691,0.003508,74.125.24.0-255,1484,206803,96,286991
32692,0.003511,172.31.47.0-255,66,206869,96,286991
32693,0.003532,74.125.24.0-255,1484,208353,96,286991
32694,0.003546,74.125.24.0-255,2902,211255,96,286991
32695,0.003549,172.31.47.0-255,66,211321,96,286991
32696,0.003574,74.125.24.0-255,1484,212805,96,286991
32697,0.003587,172.31.47.0-255,66,212871,96,286991
32698,0.003591,74.125.24.0-255,4320,217191,96,286991
32699,0.003594,172.31.47.0-255,66,217257,96,286991
32700,0.003623,74.125.24.0-255,5020,222277,96,286991
32701,0.003626,172.31.47.0-255,66,222343,96,286991
32702,0.004186,74.125.24.0-255,1484,223827,96,286991
32703,0.004207,74.125.24.0-255,2902,226729,96,286991
32704,0.004211,172.31.47.0-255,66,226795,96,286991
32705,0.004234,74.125.24.0-255,4320,231115,96,286991
32706,0.004238,172.31.47.0-255,66,231181,96,286991
32707,0.004245,74.125.24.0-255,1484,232665,96,286991
32708,0.004266,74.125.24.0-255,4320,236985,96,286991
32709,0.004269,74.125.24.0-255,2902,239887,96,286991
32710,0.00427,74.125.24.0-255,1484,241371,96,286991
32711,0.004273,172.31.47.0-255,66,241437,96,286991
32712,0.004275,172.31.47.0-255,66,241503,96,286991
32713,0.004311,74.125.24.0-255,4320,245823,96,286991
32714,0.004314,172.31.47.0-255,66,245889,96,286991
32715,0.00435,172.31.47.0-255,66,245955,96,286991
32716,0.004409,74.125.24.0-255,1484,247439,96,286991
32717,0.004423,74.125.24.0-255,2902,250341,96,286991
32718,0.004425,172.31.47.0-255,66,250407,96,286991
32719,0.004451,74.125.24.0-255,5738,256145,96,286991
32720,0.004453,172.31.47.0-255,66,256211,96,286991
32721,0.004458,74.125.24.0-255,4320,260531,96,286991
32722,0.004459,172.31.47.0-255,66,260597,96,286991
32723,0.00448,74.125.24.0-255,7156,267753,96,286991
32724,0.004484,172.31.47.0-255,66,267819,96,286991
32725,0.004487,74.125.24.0-255,1484,269303,96,286991
32726,0.004506,74.125.24.0-255,2902,272205,96,286991
32727,0.004508,172.31.47.0-255,66,272271,96,286991
32728,0.004539,172.31.47.0-255,66,272337,96,286991
32729,0.004668,74.125.24.0-255,1484,273821,96,286991
32730,0.004686,74.125.24.0-255,2902,276723,96,286991
32731,0.004689,172.31.47.0-255,66,276789,96,286991
32732,0.004734,74.125.24.0-255,2902,279691,96,286991
32733,0.004736,172.31.47.0-255,66,279757,96,286991
32734,0.004762,74.125.24.0-255,2531,282288,96,286991
32735,0.004764,172.31.47.0-255,66,282354,96,286991
32736,0.004767,74.125.24.0-255,105,282459,96,286991
32737,0.005282,172.31.47.0-255,66,282525,96,286991
32738,0.005314,172.31.47.0-255,105,282630,96,286991
32739,0.007841,74.125.24.0-255,66,282696,96,286991
32740,0.027055,172.31.47.0-255,172,282868,96,286991
32741,0.027109,172.31.47.0-255,1109,283977,96,286991
32742,0.027179,172.31.47.0-255,1514,285491,96,286991
32743,0.027181,172.31.47.0-255,1302,286793,96,286991
32744,0.028602,104.244.42.0-255,66,286859,96,286991
32745,0.02865,104.244.42.0-255,66,286925,96,286991
32746,0.028755,104.244.42.0-255,66,286991,96,286991
32747,0.0,74.125.68.0-255,153,153,96,333544
32748,2.4e-05,172.31.47.0-255,66,219,96,333544
32749,3e-05,74.125.68.0-255,1484,1703,96,333544
32750,3.4e-05,172.31.47.0-255,66,1769,96,333544
32751,3.8e-05,74.125.68.0-255,2902,4671,96,333544
32752,3.9e-05,172.31.47.0-255,66,4737,96,333544
32753,5.6e-05,74.125.68.0-255,1484,6221,96,333544
32754,5.8e-05,172.31.47.0-255,66,6287,96,333544
32755,7.8e-05,74.125.68.0-255,5738,12025,96,333544
32756,8e-05,172.31.47.0-255,66,12091,96,333544
32757,8.4e-05,74.125.68.0-255,2003,14094,96,333544
32758,8.6e-05,172.31.47.0-255,66,14160,96,333544
32759,9e-05,74.125.68.0-255,2902,17062,96,333544
32760,9.2e-05,172.31.47.0-255,66,17128,96,333544
32761,0.00011,74.125.68.0-255,2902,20030,96,333544
32762,0.000113,172.31.47.0-255,66,20096,96,333544
32763,0.000128,74.125.68.0-255,4320,24416,96,333544
32764,0.00013,172.31.47.0-255,66,24482,96,333544
32765,0.000134,74.125.68.0-255,4320,28802,96,333544
32766,0.000135,172.31.47.0-255,66,28868,96,333544
32767,0.000173,74.125.68.0-255,2543,31411,96,333544
32768,0.000176,172.31.47.0-255,66,31477,96,333544
32769,0.000213,74.125.68.0-255,2902,34379,96,333544
32770,0.000216,172.31.47.0-255,66,34445,96,333544
32771,0.000234,74.125.68.0-255,2902,37347,96,333544
32772,0.000236,172.31.47.0-255,66,37413,96,333544
32773,0.000249,74.125.68.0-255,2902,40315,96,333544
32774,0.000252,172.31.47.0-255,66,40381,96,333544
32775,0.000258,74.125.68.0-255,7156,47537,96,333544
32776,0.00026,172.31.47.0-255,66,47603,96,333544
32777,0.00028,74.125.68.0-255,1125,48728,96,333544
32778,0.000283,172.31.47.0-255,66,48794,96,333544
32779,0.000508,74.125.68.0-255,1484,50278,96,333544
32780,0.000512,74.125.68.0-255,1484,51762,96,333544
32781,0.000515,172.31.47.0-255,66,51828,96,333544
32782,0.000533,74.125.68.0-255,1484,53312,96,333544
32783,0.000537,74.125.68.0-255,1484,54796,96,333544
32784,0.000539,172.31.47.0-255,66,54862,96,333544
32785,0.000542,74.125.68.0-255,2902,57764,96,333544
32786,0.000544,172.31.47.0-255,66,57830,96,333544
32787,0.000563,74.125.68.0-255,2902,60732,96,333544
32788,0.000565,172.31.47.0-255,66,60798,96,333544
32789,0.000586,74.125.68.0-255,2902,63700,96,333544
32790,0.000588,172.31.47.0-255,66,63766,96,333544
32791,0.000592,74.125.68.0-255,2543,66309,96,333544
32792,0.000593,172.31.47.0-255,66,66375,96,333544
32793,0.00086,74.125.68.0-255,646,67021,96,333544
32794,0.000893,74.125.68.0-255,1484,68505,96,333544
32795,0.000897,172.31.47.0-255,66,68571,96,333544
32796,0.00092,74.125.68.0-255,4320,72891,96,333544
32797,0.000922,172.31.47.0-255,66,72957,96,333544
32798,0.000962,74.125.68.0-255,4320,77277,96,333544
32799,0.000966,172.31.47.0-255,66,77343,96,333544
32800,0.000979,74.125.68.0-255,1484,78827,96,333544
32801,0.000995,74.125.68.0-255,4320,83147,96,333544
32802,0.000997,172.31.47.0-255,66,83213,96,333544
32803,0.001001,74.125.68.0-255,2902,86115,96,333544
32804,0.001002,172.31.47.0-255,66,86181,96,333544
32805,0.001019,74.125.68.0-255,4320,90501,96,333544
32806,0.001021,172.31.47.0-255,66,90567,96,333544
32807,0.001024,74.125.68.0-255,1484,92051,96,333544
32808,0.001046,74.125.68.0-255,7156,99207,96,333544
32809,0.001048,172.31.47.0-255,66,99273,96,333544
32810,0.001051,74.125.68.0-255,2184,101457,96,333544
32811,0.001053,172.31.47.0-255,66,101523,96,333544
32812,0.001089,74.125.68.0-255,1484,103007,96,333544
32813,0.001101,74.125.68.0-255,2902,105909,96,333544
32814,0.001103,172.31.47.0-255,66,105975,96,333544
32815,0.00113,74.125.68.0-255,5738,111713,96,333544
32816,0.001132,172.31.47.0-255,66,111779,96,333544
32817,0.001135,74.125.68.0-255,1484,113263,96,333544
32818,0.001151,74.125.68.0-255,7156,120419,96,333544
32819,0.001154,172.31.47.0-255,66,120485,96,333544
32820,0.001183,172.31.47.0-255,66,120551,96,333544
32821,0.001197,74.125.68.0-255,1484,122035,96,333544
32822,0.001202,74.125.68.0-255,5020,127055,96,333544
32823,0.001205,172.31.47.0-255,66,127121,96,333544
32824,0.001247,74.125.68.0-255,1484,128605,96,333544
32825,0.001252,74.125.68.0-255,2902,131507,96,333544
32826,0.001255,172.31.47.0-255,66,131573,96,333544
32827,0.001275,74.125.68.0-255,5738,137311,96,333544
32828,0.001278,172.31.47.0-255,66,137377,96,333544
32829,0.001289,74.125.68.0-255,4320,141697,96,333544
32830,0.001292,172.31.47.0-255,66,141763,96,333544
32831,0.001308,74.125.68.0-255,5738,147501,96,333544
32832,0.00131,172.31.47.0-255,66,147567,96,333544
32833,0.001314,74.125.68.0-255,2902,150469,96,333544
32834,0.001315,172.31.47.0-255,66,150535,96,333544
32835,0.00135,172.31.47.0-255,66,150601,96,333544
32836,0.001353,74.125.68.0-255,2184,152785,96,333544
32837,0.001355,172.31.47.0-255,66,152851,96,333544
32838,0.001839,74.125.68.0-255,1484,154335,96,333544
32839,0.001877,74.125.68.0-255,2902,157237,96,333544
32840,0.00188,172.31.47.0-255,66,157303,96,333544
32841,0.001923,74.125.68.0-255,1484,158787,96,333544
32842,0.001943,74.125.68.0-255,1484,160271,96,333544
32843,0.001945,172.31.47.0-255,66,160337,96,333544
32844,0.001962,74.125.68.0-255,1484,161821,96,333544
32845,0.00201,74.125.68.0-255,2902,164723,96,333544
32846,0.002012,172.31.47.0-255,66,164789,96,333544
32847,0.002042,74.125.68.0-255,1484,166273,96,333544
32848,0.002056,74.125.68.0-255,2902,169175,96,333544
32849,0.002059,172.31.47.0-255,66,169241,96,333544
32850,0.004063,74.125.68.0-255,1484,170725,96,333544
32851,0.004104,74.125.68.0-255,2902,173627,96,333544
32852,0.004106,172.31.47.0-255,66,173693,96,333544
32853,0.004126,74.125.68.0-255,1484,175177,96,333544
32854,0.006163,74.125.68.0-255,1484,176661,96,333544
32855,0.006168,172.31.47.0-255,66,176727,96,333544
32856,0.006198,74.125.68.0-255,2902,179629,96,333544
32857,0.006201,172.31.47.0-255,66,179695,96,333544
32858,0.008232,74.125.68.0-255,4320,184015,96,333544
32859,0.008238,172.31.47.0-255,66,184081,96,333544
32860,0.008257,74.125.68.0-255,1484,185565,96,333544
32861,0.010307,74.125.68.0-255,4320,189885,96,333544
32862,0.010313,172.31.47.0-255,66,189951,96,333544
32863,0.012383,74.125.68.0-255,5738,195689,96,333544
32864,0.012394,172.31.47.0-255,66,195755,96,333544
32865,0.014445,74.125.68.0-255,5738,201493,96,333544
32866,0.014451,172.31.47.0-255,66,201559,96,333544
32867,0.016513,74.125.68.0-255,5738,207297,96,333544
32868,0.016519,172.31.47.0-255,66,207363,96,333544
32869,0.018571,74.125.68.0-255,2902,210265,96,333544
32870,0.018576,172.31.47.0-255,66,210331,96,333544
32871,0.018603,74.125.68.0-255,2902,213233,96,333544
32872,0.018606,172.31.47.0-255,66,213299,96,333544
32873,0.020624,74.125.68.0-255,2902,216201,96,333544
32874,0.020631,172.31.47.0-255,66,216267,96,333544
32875,0.020662,74.125.68.0-255,2902,219169,96,333544
32876,0.020665,172.31.47.0-255,66,219235,96,333544
32877,0.021667,172.31.47.0-255,172,219407,96,333544
32878,0.021697,172.31.47.0-255,1110,220517,96,333544
32879,0.021725,172.31.47.0-255,1514,222031,96,333544
32880,0.021727,172.31.47.0-255,1301,223332,96,333544
32881,0.02269,74.125.68.0-255,2902,226234,96,333544
32882,0.022695,172.31.47.0-255,66,226300,96,333544
32883,0.022725,74.125.68.0-255,2902,229202,96,333544
32884,0.022727,172.31.47.0-255,66,229268,96,333544
32885,0.023203,104.244.42.0-255,66,229334,96,333544
32886,0.023256,104.244.42.0-255,66,229400,96,333544
32887,0.023258,104.244.42.0-255,66,229466,96,333544
32888,0.024751,74.125.68.0-255,2902,232368,96,333544
32889,0.024756,172.31.47.0-255,66,232434,96,333544
32890,0.024807,74.125.68.0-255,2902,235336,96,333544
32891,0.02481,172.31.47.0-255,66,235402,96,333544
32892,0.026811,74.125.68.0-255,2902,238304,96,333544
32893,0.026817,172.31.47.0-255,66,238370,96,333544
32894,0.026857,74.125.68.0-255,2902,241272,96,333544
32895,0.026861,172.31.47.0-255,66,241338,96,333544
32896,0.028872,74.125.68.0-255,2902,244240,96,333544
32897,0.028877,172.31.47.0-255,66,244306,96,333544
32898,0.028899,74.125.68.0-255,1484,245790,96,333544
32899,0.028909,74.125.68.0-255,1484,247274,96,333544
32900,0.028912,172.31.47.0-255,66,247340,96,333544
32901,0.030933,74.125.68.0-255,2902,250242,96,333544
32902,0.030939,172.31.47.0-255,66,250308,96,333544
32903,0.030971,74.125.68.0-255,2902,253210,96,333544
32904,0.030974,172.31.47.0-255,66,253276,96,333544
32905,0.032995,74.125.68.0-255,2902,256178,96,333544
32906,0.033001,172.31.47.0-255,66,256244,96,333544
32907,0.033029,74.125.68.0-255,2902,259146,96,333544
32908,0.033032,172.31.47.0-255,66,259212,96,333544
32909,0.035067,74.125.68.0-255,2902,262114,96,333544
32910,0.035072,172.31.47.0-255,66,262180,96,333544
32911,0.035098,74.125.68.0-255,2902,265082,96,333544
32912,0.0351,172.31.47.0-255,66,265148,96,333544
32913,0.03712,74.125.68.0-255,2902,268050,96,333544
32914,0.037125,172.31.47.0-255,66,268116,96,333544
32915,0.037154,74.125.68.0-255,2902,271018,96,333544
32916,0.037157,172.31.47.0-255,66,271084,96,333544
32917,0.039171,74.125.68.0-255,2902,273986,96,333544
32918,0.039175,172.31.47.0-255,66,274052,96,333544
32919,0.039204,74.125.68.0-255,1484,275536,96,333544
32920,0.039215,74.125.68.0-255,1484,277020,96,333544
32921,0.039219,172.31.47.0-255,66,277086,96,333544
32922,0.041236,74.125.68.0-255,2902,279988,96,333544
32923,0.041241,172.31.47.0-255,66,280054,96,333544
32924,0.041274,74.125.68.0-255,2902,282956,96,333544
32925,0.041277,172.31.47.0-255,66,283022,96,333544
32926,0.043288,74.125.68.0-255,2902,285924,96,333544
32927,0.043293,172.31.47.0-255,66,285990,96,333544
32928,0.043325,74.125.68.0-255,2902,288892,96,333544
32929,0.043328,172.31.47.0-255,66,288958,96,333544
32930,0.045364,74.125.68.0-255,2902,291860,96,333544
32931,0.04537,172.31.47.0-255,66,291926,96,333544
32932,0.045399,74.125.68.0-255,2902,294828,96,333544
32933,0.045402,172.31.47.0-255,66,294894,96,333544
32934,0.047412,74.125.68.0-255,2902,297796,96,333544
32935,0.047418,172.31.47.0-255,66,297862,96,333544
32936,0.047446,74.125.68.0-255,1484,299346,96,333544
32937,0.047464,74.125.68.0-255,1484,300830,96,333544
32938,0.047467,172.31.47.0-255,66,300896,96,333544
32939,0.049467,74.125.68.0-255,2902,303798,96,333544
32940,0.049472,172.31.47.0-255,66,303864,96,333544
32941,0.049504,74.125.68.0-255,1484,305348,96,333544
32942,0.049521,74.125.68.0-255,1484,306832,96,333544
32943,0.049525,172.31.47.0-255,66,306898,96,333544
32944,0.051522,74.125.68.0-255,2902,309800,96,333544
32945,0.051528,172.31.47.0-255,66,309866,96,333544
32946,0.051568,74.125.68.0-255,2902,312768,96,333544
32947,0.051571,172.31.47.0-255,66,312834,96,333544
32948,0.053592,74.125.68.0-255,2902,315736,96,333544
32949,0.053597,172.31.47.0-255,66,315802,96,333544
32950,0.053629,74.125.68.0-255,2902,318704,96,333544
32951,0.053632,172.31.47.0-255,66,318770,96,333544
32952,0.055666,74.125.68.0-255,4320,323090,96,333544
32953,0.055671,172.31.47.0-255,66,323156,96,333544
32954,0.055702,74.125.68.0-255,1484,324640,96,333544
32955,0.05772,74.125.68.0-255,2902,327542,96,333544
32956,0.057725,172.31.47.0-255,66,327608,96,333544
32957,0.057756,74.125.68.0-255,1484,329092,96,333544
32958,0.05978,74.125.68.0-255,2902,331994,96,333544
32959,0.059784,172.31.47.0-255,66,332060,96,333544
32960,0.059812,74.125.68.0-255,1484,333544,96,333544
32961,0.0,172.217.194.0-255,153,153,96,249933
32962,2.8e-05,172.31.47.0-255,66,219,96,249933
32963,3.5e-05,172.217.194.0-255,1484,1703,96,249933
32964,3.9e-05,172.31.47.0-255,66,1769,96,249933
32965,4.4e-05,172.217.194.0-255,2902,4671,96,249933
32966,4.6e-05,172.31.47.0-255,66,4737,96,249933
32967,5.3e-05,172.217.194.0-255,5738,10475,96,249933
32968,5.6e-05,172.31.47.0-255,66,10541,96,249933
32969,8.4e-05,172.217.194.0-255,6263,16804,96,249933
32970,8.7e-05,172.31.47.0-255,66,16870,96,249933
32971,0.00011,172.217.194.0-255,5738,22608,96,249933
32972,0.000112,172.31.47.0-255,66,22674,96,249933
32973,0.000135,172.31.47.0-255,66,22740,96,249933
32974,0.000186,172.217.194.0-255,1484,24224,96,249933
32975,0.000189,172.31.47.0-255,66,24290,96,249933
32976,0.000194,172.217.194.0-255,2902,27192,96,249933
32977,0.000196,172.31.47.0-255,66,27258,96,249933
32978,0.000211,172.217.194.0-255,4320,31578,96,249933
32979,0.000214,172.31.47.0-255,66,31644,96,249933
32980,0.000229,172.217.194.0-255,1484,33128,96,249933
32981,0.000232,172.31.47.0-255,66,33194,96,249933
32982,0.000259,172.217.194.0-255,4320,37514,96,249933
32983,0.000264,172.31.47.0-255,66,37580,96,249933
32984,0.000276,172.217.194.0-255,5379,42959,96,249933
32985,0.000279,172.31.47.0-255,66,43025,96,249933
32986,0.000283,172.217.194.0-255,2902,45927,96,249933
32987,0.000286,172.31.47.0-255,66,45993,96,249933
32988,0.000314,172.217.194.0-255,7156,53149,96,249933
32989,0.000317,172.31.47.0-255,66,53215,96,249933
32990,0.000322,172.217.194.0-255,3961,57176,96,249933
32991,0.000326,172.31.47.0-255,66,57242,96,249933
32992,0.001309,172.217.194.0-255,646,57888,96,249933
32993,0.001554,172.217.194.0-255,1484,59372,96,249933
32994,0.00156,172.31.47.0-255,66,59438,96,249933
32995,0.001579,172.217.194.0-255,2902,62340,96,249933
32996,0.001581,172.31.47.0-255,66,62406,96,249933
32997,0.001585,172.217.194.0-255,1484,63890,96,249933
32998,0.001605,172.217.194.0-255,4320,68210,96,249933
32999,0.001607,172.31.47.0-255,66,68276,96,249933
33000,0.001644,172.31.47.0-255,66,68342,96,249933
33001,0.001666,172.217.194.0-255,4320,72662,96,249933
33002,0.001668,172.31.47.0-255,66,72728,96,249933
33003,0.001681,172.31.47.0-255,66,72794,96,249933
33004,0.00199,172.217.194.0-255,1484,74278,96,249933
33005,0.002007,172.217.194.0-255,2902,77180,96,249933
33006,0.002009,172.31.47.0-255,66,77246,96,249933
33007,0.002028,172.217.194.0-255,5738,82984,96,249933
33008,0.00203,172.31.47.0-255,66,83050,96,249933
33009,0.00205,172.217.194.0-255,1484,84534,96,249933
33010,0.002077,172.31.47.0-255,66,84600,96,249933
33011,0.002084,172.217.194.0-255,7156,91756,96,249933
33012,0.002085,172.31.47.0-255,66,91822,96,249933
33013,0.002119,172.217.194.0-255,2902,94724,96,249933
33014,0.002121,172.31.47.0-255,66,94790,96,249933
33015,0.002134,172.217.194.0-255,766,95556,96,249933
33016,0.002268,172.217.194.0-255,1484,97040,96,249933
33017,0.002271,172.31.47.0-255,66,97106,96,249933
33018,0.004393,172.217.194.0-255,2902,100008,96,249933
33019,0.004399,172.31.47.0-255,66,100074,96,249933
33020,0.004556,172.217.194.0-255,2902,102976,96,249933
33021,0.004559,172.31.47.0-255,66,103042,96,249933
33022,0.006629,172.217.194.0-255,2902,105944,96,249933
33023,0.006635,172.31.47.0-255,66,106010,96,249933
33024,0.006815,172.217.194.0-255,2902,108912,96,249933
33025,0.00682,172.31.47.0-255,66,108978,96,249933
33026,0.00887,172.217.194.0-255,2902,111880,96,249933
33027,0.008876,172.31.47.0-255,66,111946,96,249933
33028,0.009072,172.217.194.0-255,2902,114848,96,249933
33029,0.009078,172.31.47.0-255,66,114914,96,249933
33030,0.011124,172.217.194.0-255,2902,117816,96,249933
33031,0.011134,172.31.47.0-255,66,117882,96,249933
33032,0.01131,172.217.194.0-255,2902,120784,96,249933
33033,0.011316,172.31.47.0-255,66,120850,96,249933
33034,0.013413,172.217.194.0-255,2902,123752,96,249933
33035,0.013423,172.31.47.0-255,66,123818,96,249933
33036,0.013566,172.217.194.0-255,2902,126720,96,249933
33037,0.013572,172.31.47.0-255,66,126786,96,249933
33038,0.015681,172.217.194.0-255,2902,129688,96,249933
33039,0.015687,172.31.47.0-255,66,129754,96,249933
33040,0.015811,172.217.194.0-255,2902,132656,96,249933
33041,0.015813,172.31.47.0-255,66,132722,96,249933
33042,0.017946,172.217.194.0-255,2902,135624,96,249933
33043,0.017953,172.31.47.0-255,66,135690,96,249933
33044,0.018073,172.217.194.0-255,2902,138592,96,249933
33045,0.018079,172.31.47.0-255,66,138658,96,249933
33046,0.020207,172.217.194.0-255,2902,141560,96,249933
33047,0.020213,172.31.47.0-255,66,141626,96,249933
33048,0.02035,172.217.194.0-255,2902,144528,96,249933
33049,0.020355,172.31.47.0-255,66,144594,96,249933
33050,0.022448,172.217.194.0-255,2902,147496,96,249933
33051,0.022455,172.31.47.0-255,66,147562,96,249933
33052,0.022616,172.217.194.0-255,2902,150464,96,249933
33053,0.022621,172.31.47.0-255,66,150530,96,249933
33054,0.024744,172.217.194.0-255,2902,153432,96,249933
33055,0.02475,172.31.47.0-255,66,153498,96,249933
33056,0.024869,172.217.194.0-255,2902,156400,96,249933
33057,0.024873,172.31.47.0-255,66,156466,96,249933
33058,0.026995,172.217.194.0-255,2902,159368,96,249933
33059,0.027001,172.31.47.0-255,66,159434,96,249933
33060,0.027152,172.217.194.0-255,2902,162336,96,249933
33061,0.027156,172.31.47.0-255,66,162402,96,249933
33062,0.029234,172.217.194.0-255,2902,165304,96,249933
33063,0.029241,172.31.47.0-255,66,165370,96,249933
33064,0.029404,172.217.194.0-255,2902,168272,96,249933
33065,0.029409,172.31.47.0-255,66,168338,96,249933
33066,0.030898,172.31.47.0-255,172,168510,96,249933
33067,0.030925,172.31.47.0-255,1111,169621,96,249933
33068,0.030956,172.31.47.0-255,1514,171135,96,249933
33069,0.030958,172.31.47.0-255,1300,172435,96,249933
33070,0.031482,172.217.194.0-255,2902,175337,96,249933
33071,0.031489,172.31.47.0-255,66,175403,96,249933
33072,0.031652,172.217.194.0-255,2902,178305,96,249933
33073,0.031656,172.31.47.0-255,66,178371,96,249933
33074,0.032441,104.244.42.0-255,66,178437,96,249933
33075,0.032475,104.244.42.0-255,66,178503,96,249933
33076,0.032539,104.244.42.0-255,66,178569,96,249933
33077,0.033717,172.217.194.0-255,2902,181471,96,249933
33078,0.033724,172.31.47.0-255,66,181537,96,249933
33079,0.033894,172.217.194.0-255,2902,184439,96,249933
33080,0.033897,172.31.47.0-255,66,184505,96,249933
33081,0.035974,172.217.194.0-255,2902,187407,96,249933
33082,0.035979,172.31.47.0-255,66,187473,96,249933
33083,0.036153,172.217.194.0-255,2902,190375,96,249933
33084,0.036158,172.31.47.0-255,66,190441,96,249933
33085,0.038223,172.217.194.0-255,2902,193343,96,249933
33086,0.038228,172.31.47.0-255,66,193409,96,249933
33087,0.038399,172.217.194.0-255,2902,196311,96,249933
33088,0.038405,172.31.47.0-255,66,196377,96,249933
33089,0.040473,172.217.194.0-255,2902,199279,96,249933
33090,0.040478,172.31.47.0-255,66,199345,96,249933
33091,0.040625,172.217.194.0-255,2902,202247,96,249933
33092,0.04063,172.31.47.0-255,66,202313,96,249933
33093,0.04273,172.217.194.0-255,2902,205215,96,249933
33094,0.042749,172.31.47.0-255,66,205281,96,249933
33095,0.042867,172.217.194.0-255,2902,208183,96,249933
33096,0.042873,172.31.47.0-255,66,208249,96,249933
33097,0.044992,172.217.194.0-255,2902,211151,96,249933
33098,0.044997,172.31.47.0-255,66,211217,96,249933
33099,0.045117,172.217.194.0-255,2902,214119,96,249933
33100,0.045122,172.31.47.0-255,66,214185,96,249933
33101,0.047244,172.217.194.0-255,2902,217087,96,249933
33102,0.047249,172.31.47.0-255,66,217153,96,249933
33103,0.047356,172.217.194.0-255,2902,220055,96,249933
33104,0.047359,172.31.47.0-255,66,220121,96,249933
33105,0.0495,172.217.194.0-255,2902,223023,96,249933
33106,0.049507,172.31.47.0-255,66,223089,96,249933
33107,0.049578,172.217.194.0-255,1484,224573,96,249933
33108,0.049591,172.217.194.0-255,1484,226057,96,249933
33109,0.049594,172.31.47.0-255,66,226123,96,249933
33110,0.051773,172.217.194.0-255,2902,229025,96,249933
33111,0.051779,172.31.47.0-255,66,229091,96,249933
33112,0.05184,172.217.194.0-255,1484,230575,96,249933
33113,0.05189,172.217.194.0-255,1484,232059,96,249933
33114,0.051894,172.31.47.0-255,66,232125,96,249933
33115,0.054036,172.217.194.0-255,2902,235027,96,249933
33116,0.054041,172.31.47.0-255,66,235093,96,249933
33117,0.054151,172.217.194.0-255,2902,237995,96,249933
33118,0.054155,172.31.47.0-255,66,238061,96,249933
33119,0.056285,172.217.194.0-255,2902,240963,96,249933
33120,0.056289,172.31.47.0-255,66,241029,96,249933
33121,0.056393,172.217.194.0-255,2902,243931,96,249933
33122,0.056397,172.31.47.0-255,66,243997,96,249933
33123,0.058563,172.217.194.0-255,2902,246899,96,249933
33124,0.058567,172.31.47.0-255,66,246965,96,249933
33125,0.058633,172.217.194.0-255,2902,249867,96,249933
33126,0.058637,172.31.47.0-255,66,249933,96,249933
33127,0.0,172.217.194.0-255,304,304,96,241149
33128,2.5e-05,172.31.47.0-255,66,370,96,241149
33129,3.2e-05,172.217.194.0-255,1484,1854,96,241149
33130,3.6e-05,172.31.47.0-255,66,1920,96,241149
33131,4.3e-05,172.217.194.0-255,4320,6240,96,241149
33132,5.4e-05,172.31.47.0-255,66,6306,96,241149
33133,6.8e-05,172.31.47.0-255,66,6372,96,241149
33134,0.000109,172.217.194.0-255,5738,12110,96,241149
33135,0.000112,172.31.47.0-255,66,12176,96,241149
33136,0.000145,172.31.47.0-255,66,12242,96,241149
33137,0.00016,172.31.47.0-255,66,12308,96,241149
33138,0.000193,172.31.47.0-255,66,12374,96,241149
33139,0.0002,172.217.194.0-255,5738,18112,96,241149
33140,0.000202,172.31.47.0-255,66,18178,96,241149
33141,0.000227,172.217.194.0-255,4320,22498,96,241149
33142,0.00023,172.31.47.0-255,66,22564,96,241149
33143,0.000235,172.217.194.0-255,3961,26525,96,241149
33144,0.000238,172.31.47.0-255,66,26591,96,241149
33145,0.000271,172.217.194.0-255,4320,30911,96,241149
33146,0.000274,172.31.47.0-255,66,30977,96,241149
33147,0.000286,172.31.47.0-255,66,31043,96,241149
33148,0.000289,172.217.194.0-255,1484,32527,96,241149
33149,0.000291,172.31.47.0-255,66,32593,96,241149
33150,0.000341,172.217.194.0-255,7156,39749,96,241149
33151,0.000345,172.31.47.0-255,66,39815,96,241149
33152,0.000373,172.31.47.0-255,66,39881,96,241149
33153,0.000527,172.217.194.0-255,1484,41365,96,241149
33154,0.000535,172.217.194.0-255,2902,44267,96,241149
33155,0.000566,172.217.194.0-255,5738,50005,96,241149
33156,0.000578,172.217.194.0-255,1484,51489,96,241149
33157,0.000642,172.217.194.0-255,4320,55809,96,241149
33158,0.000661,172.217.194.0-255,6438,62247,96,241149
33159,0.000761,172.31.47.0-255,66,62313,96,241149
33160,0.000861,172.217.194.0-255,1484,63797,96,241149
33161,0.000876,172.217.194.0-255,2902,66699,96,241149
33162,0.000888,172.217.194.0-255,2902,69601,96,241149
33163,0.000917,172.217.194.0-255,7156,76757,96,241149
33164,0.000943,172.217.194.0-255,2902,79659,96,241149
33165,0.000982,172.217.194.0-255,4320,83979,96,241149
33166,0.000984,172.217.194.0-255,1484,85463,96,241149
33167,0.000987,172.217.194.0-255,1138,86601,96,241149
33168,0.00099,172.217.194.0-255,1484,88085,96,241149
33169,0.001012,172.217.194.0-255,4320,92405,96,241149
33170,0.001094,172.217.194.0-255,4320,96725,96,241149
33171,0.001106,172.217.194.0-255,766,97491,96,241149
33172,0.001156,172.31.47.0-255,66,97557,96,241149
33173,0.003454,172.217.194.0-255,5738,103295,96,241149
33174,0.003461,172.31.47.0-255,66,103361,96,241149
33175,0.005757,172.217.194.0-255,5738,109099,96,241149
33176,0.00768,172.31.47.0-255,66,109165,96,241149
33177,0.009964,172.217.194.0-255,5738,114903,96,241149
33178,0.009971,172.31.47.0-255,66,114969,96,241149
33179,0.012244,172.217.194.0-255,5738,120707,96,241149
33180,0.012264,172.31.47.0-255,66,120773,96,241149
33181,0.014535,172.217.194.0-255,5738,126511,96,241149
33182,0.014543,172.31.47.0-255,66,126577,96,241149
33183,0.016836,172.217.194.0-255,5738,132315,96,241149
33184,0.016844,172.31.47.0-255,66,132381,96,241149
33185,0.019115,172.217.194.0-255,5738,138119,96,241149
33186,0.019138,172.31.47.0-255,66,138185,96,241149
33187,0.021434,172.217.194.0-255,5738,143923,96,241149
33188,0.021441,172.31.47.0-255,66,143989,96,241149
33189,0.023718,172.217.194.0-255,5738,149727,96,241149
33190,0.023726,172.31.47.0-255,66,149793,96,241149
33191,0.026012,172.217.194.0-255,5738,155531,96,241149
33192,0.026018,172.31.47.0-255,66,155597,96,241149
33193,0.027083,172.31.47.0-255,172,155769,96,241149
33194,0.027113,172.31.47.0-255,1105,156874,96,241149
33195,0.027161,172.31.47.0-255,1514,158388,96,241149
33196,0.027162,172.31.47.0-255,1307,159695,96,241149
33197,0.028309,172.217.194.0-255,5738,165433,96,241149
33198,0.028316,172.31.47.0-255,66,165499,96,241149
33199,0.028619,104.244.42.0-255,66,165565,96,241149
33200,0.028682,104.244.42.0-255,66,165631,96,241149
33201,0.028699,104.244.42.0-255,66,165697,96,241149
33202,0.030613,172.217.194.0-255,5738,171435,96,241149
33203,0.030618,172.31.47.0-255,66,171501,96,241149
33204,0.032918,172.217.194.0-255,5738,177239,96,241149
33205,0.032925,172.31.47.0-255,66,177305,96,241149
33206,0.035223,172.217.194.0-255,5738,183043,96,241149
33207,0.035233,172.31.47.0-255,66,183109,96,241149
33208,0.037521,172.217.194.0-255,5738,188847,96,241149
33209,0.037528,172.31.47.0-255,66,188913,96,241149
33210,0.039824,172.217.194.0-255,5738,194651,96,241149
33211,0.039835,172.31.47.0-255,66,194717,96,241149
33212,0.04214,172.217.194.0-255,5738,200455,96,241149
33213,0.042146,172.31.47.0-255,66,200521,96,241149
33214,0.044453,172.217.194.0-255,5738,206259,96,241149
33215,0.044458,172.31.47.0-255,66,206325,96,241149
33216,0.046749,172.217.194.0-255,5738,212063,96,241149
33217,0.046754,172.31.47.0-255,66,212129,96,241149
33218,0.04905,172.217.194.0-255,5738,217867,96,241149
33219,0.049056,172.31.47.0-255,66,217933,96,241149
33220,0.051335,172.217.194.0-255,5738,223671,96,241149
33221,0.051345,172.31.47.0-255,66,223737,96,241149
33222,0.053649,172.217.194.0-255,5738,229475,96,241149
33223,0.053658,172.31.47.0-255,66,229541,96,241149
33224,0.055937,172.217.194.0-255,5738,235279,96,241149
33225,0.055944,172.31.47.0-255,66,235345,96,241149
33226,0.058245,172.217.194.0-255,5738,241083,96,241149
33227,0.058254,172.31.47.0-255,66,241149,96,241149
33228,0.0,172.217.194.0-255,297,297,96,133278
33229,2.4e-05,172.31.47.0-255,66,363,96,133278
33230,3e-05,172.217.194.0-255,1484,1847,96,133278
33231,3.3e-05,172.31.47.0-255,66,1913,96,133278
33232,4e-05,172.217.194.0-255,4320,6233,96,133278
33233,4.2e-05,172.31.47.0-255,66,6299,96,133278
33234,4.5e-05,172.217.194.0-255,1484,7783,96,133278
33235,4.7e-05,172.31.47.0-255,66,7849,96,133278
33236,8.2e-05,172.31.47.0-255,66,7915,96,133278
33237,9.5e-05,172.31.47.0-255,66,7981,96,133278
33238,0.000122,172.217.194.0-255,2543,10524,96,133278
33239,0.000124,172.31.47.0-255,66,10590,96,133278
33240,0.000128,172.217.194.0-255,2902,13492,96,133278
33241,0.000129,172.31.47.0-255,66,13558,96,133278
33242,0.000147,172.217.194.0-255,7156,20714,96,133278
33243,0.00015,172.31.47.0-255,66,20780,96,133278
33244,0.000181,172.31.47.0-255,66,20846,96,133278
33245,0.00019,172.31.47.0-255,66,20912,96,133278
33246,0.000207,172.217.194.0-255,646,21558,96,133278
33247,0.000211,172.31.47.0-255,66,21624,96,133278
33248,0.000539,172.217.194.0-255,1484,23108,96,133278
33249,0.000544,172.217.194.0-255,2902,26010,96,133278
33250,0.000549,172.31.47.0-255,66,26076,96,133278
33251,0.000552,172.31.47.0-255,66,26142,96,133278
33252,0.000563,172.217.194.0-255,5738,31880,96,133278
33253,0.000565,172.31.47.0-255,66,31946,96,133278
33254,0.000584,172.217.194.0-255,2902,34848,96,133278
33255,0.000586,172.31.47.0-255,66,34914,96,133278
33256,0.000615,172.31.47.0-255,66,34980,96,133278
33257,0.000618,172.217.194.0-255,1484,36464,96,133278
33258,0.000673,172.31.47.0-255,66,36530,96,133278
33259,0.001041,172.217.194.0-255,1484,38014,96,133278
33260,0.00105,172.217.194.0-255,2902,40916,96,133278
33261,0.001054,172.31.47.0-255,66,40982,96,133278
33262,0.001062,172.217.194.0-255,5738,46720,96,133278
33263,0.001065,172.31.47.0-255,66,46786,96,133278
33264,0.001069,172.217.194.0-255,1484,48270,96,133278
33265,0.001103,172.31.47.0-255,66,48336,96,133278
33266,0.00112,172.31.47.0-255,66,48402,96,133278
33267,0.001215,172.217.194.0-255,1484,49886,96,133278
33268,0.001224,172.217.194.0-255,2902,52788,96,133278
33269,0.001227,172.31.47.0-255,66,52854,96,133278
33270,0.001236,172.217.194.0-255,5738,58592,96,133278
33271,0.00124,172.31.47.0-255,66,58658,96,133278
33272,0.001249,172.217.194.0-255,7156,65814,96,133278
33273,0.001252,172.31.47.0-255,66,65880,96,133278
33274,0.001285,172.217.194.0-255,5738,71618,96,133278
33275,0.001288,172.31.47.0-255,66,71684,96,133278
33276,0.001305,172.31.47.0-255,66,71750,96,133278
33277,0.001398,172.217.194.0-255,1484,73234,96,133278
33278,0.001418,172.217.194.0-255,2902,76136,96,133278
33279,0.001423,172.31.47.0-255,66,76202,96,133278
33280,0.00143,172.217.194.0-255,5738,81940,96,133278
33281,0.001434,172.31.47.0-255,66,82006,96,133278
33282,0.001483,172.31.47.0-255,66,82072,96,133278
33283,0.001523,172.31.47.0-255,66,82138,96,133278
33284,0.001545,172.217.194.0-255,2184,84322,96,133278
33285,0.001548,172.31.47.0-255,66,84388,96,133278
33286,0.001573,172.217.194.0-255,5738,90126,96,133278
33287,0.001581,172.217.194.0-255,7156,97282,96,133278
33288,0.001587,172.31.47.0-255,66,97348,96,133278
33289,0.001597,172.31.47.0-255,66,97414,96,133278
33290,0.001616,172.31.47.0-255,66,97480,96,133278
33291,0.001624,172.217.194.0-255,6438,103918,96,133278
33292,0.001627,172.31.47.0-255,66,103984,96,133278
33293,0.001682,172.31.47.0-255,66,104050,96,133278
33294,0.001808,172.217.194.0-255,1484,105534,96,133278
33295,0.001823,172.31.47.0-255,66,105600,96,133278
33296,0.001827,172.31.47.0-255,66,105666,96,133278
33297,0.00183,172.31.47.0-255,66,105732,96,133278
33298,0.001841,172.31.47.0-255,66,105798,96,133278
33299,0.001853,172.31.47.0-255,66,105864,96,133278
33300,0.001865,172.31.47.0-255,66,105930,96,133278
33301,0.00187,172.217.194.0-255,2902,108832,96,133278
33302,0.001873,172.31.47.0-255,66,108898,96,133278
33303,0.001897,172.31.47.0-255,66,108964,96,133278
33304,0.001921,172.217.194.0-255,2902,111866,96,133278
33305,0.001925,172.31.47.0-255,66,111932,96,133278
33306,0.001956,172.31.47.0-255,66,111998,96,133278
33307,0.001959,172.217.194.0-255,1484,113482,96,133278
33308,0.001991,172.217.194.0-255,4320,117802,96,133278
33309,0.001997,172.217.194.0-255,3602,121404,96,133278
33310,0.002008,172.31.47.0-255,66,121470,96,133278
33311,0.002032,172.217.194.0-255,7156,128626,96,133278
33312,0.002047,172.31.47.0-255,66,128692,96,133278
33313,0.00208,172.217.194.0-255,1484,130176,96,133278
33314,0.002121,172.217.194.0-255,2694,132870,96,133278
33315,0.002157,172.217.194.0-255,105,132975,96,133278
33316,0.00216,172.31.47.0-255,66,133041,96,133278
33317,0.02956,172.31.47.0-255,66,133107,96,133278
33318,0.029624,172.31.47.0-255,105,133212,96,133278
33319,0.031874,172.217.194.0-255,66,133278,96,133278
33320,0.0,74.125.24.0-255,153,153,96,204628
33321,2.5e-05,172.31.47.0-255,66,219,96,204628
33322,3.1e-05,74.125.24.0-255,1484,1703,96,204628
33323,3.5e-05,172.31.47.0-255,66,1769,96,204628
33324,3.9e-05,74.125.24.0-255,2902,4671,96,204628
33325,4.1e-05,172.31.47.0-255,66,4737,96,204628
33326,4.7e-05,74.125.24.0-255,7156,11893,96,204628
33327,5e-05,172.31.47.0-255,66,11959,96,204628
33328,5.3e-05,74.125.24.0-255,2015,13974,96,204628
33329,5.5e-05,172.31.47.0-255,66,14040,96,204628
33330,5.8e-05,74.125.24.0-255,1484,15524,96,204628
33331,5.9e-05,172.31.47.0-255,66,15590,96,204628
33332,8.8e-05,172.31.47.0-255,66,15656,96,204628
33333,0.000113,74.125.24.0-255,5379,21035,96,204628
33334,0.000115,172.31.47.0-255,66,21101,96,204628
33335,0.000149,74.125.24.0-255,1484,22585,96,204628
33336,0.000151,172.31.47.0-255,66,22651,96,204628
33337,0.000155,74.125.24.0-255,1484,24135,96,204628
33338,0.000157,172.31.47.0-255,66,24201,96,204628
33339,0.00017,74.125.24.0-255,1484,25685,96,204628
33340,0.000172,172.31.47.0-255,66,25751,96,204628
33341,0.000178,74.125.24.0-255,5738,31489,96,204628
33342,0.00018,172.31.47.0-255,66,31555,96,204628
33343,0.000192,74.125.24.0-255,2902,34457,96,204628
33344,0.000194,172.31.47.0-255,66,34523,96,204628
33345,0.00021,74.125.24.0-255,6797,41320,96,204628
33346,0.000213,172.31.47.0-255,66,41386,96,204628
33347,0.000217,74.125.24.0-255,2902,44288,96,204628
33348,0.000219,172.31.47.0-255,66,44354,96,204628
33349,0.000246,74.125.24.0-255,7156,51510,96,204628
33350,0.000249,172.31.47.0-255,66,51576,96,204628
33351,0.000254,74.125.24.0-255,4234,55810,96,204628
33352,0.000256,172.31.47.0-255,66,55876,96,204628
33353,0.000446,74.125.24.0-255,132,56008,96,204628
33354,0.000542,74.125.24.0-255,1484,57492,96,204628
33355,0.000546,172.31.47.0-255,66,57558,96,204628
33356,0.00055,74.125.24.0-255,2902,60460,96,204628
33357,0.000552,172.31.47.0-255,66,60526,96,204628
33358,0.000564,74.125.24.0-255,1484,62010,96,204628
33359,0.000584,74.125.24.0-255,4320,66330,96,204628
33360,0.000586,172.31.47.0-255,66,66396,96,204628
33361,0.000615,172.31.47.0-255,66,66462,96,204628
33362,0.000651,74.125.24.0-255,5738,72200,96,204628
33363,0.000654,172.31.47.0-255,66,72266,96,204628
33364,0.000666,74.125.24.0-255,1484,73750,96,204628
33365,0.000669,74.125.24.0-255,2804,76554,96,204628
33366,0.000671,172.31.47.0-255,66,76620,96,204628
33367,0.000675,74.125.24.0-255,2902,79522,96,204628
33368,0.000677,172.31.47.0-255,66,79588,96,204628
33369,0.000682,74.125.24.0-255,7156,86744,96,204628
33370,0.000685,172.31.47.0-255,66,86810,96,204628
33371,0.0007,74.125.24.0-255,1484,88294,96,204628
33372,0.000713,74.125.24.0-255,2902,91196,96,204628
33373,0.000716,172.31.47.0-255,66,91262,96,204628
33374,0.000746,172.31.47.0-255,66,91328,96,204628
33375,0.000756,172.31.47.0-255,66,91394,96,204628
33376,0.000916,74.125.24.0-255,1484,92878,96,204628
33377,0.00092,74.125.24.0-255,2902,95780,96,204628
33378,0.000923,172.31.47.0-255,66,95846,96,204628
33379,0.000926,74.125.24.0-255,1484,97330,96,204628
33380,0.000945,74.125.24.0-255,4320,101650,96,204628
33381,0.000947,172.31.47.0-255,66,101716,96,204628
33382,0.000952,74.125.24.0-255,2902,104618,96,204628
33383,0.000954,172.31.47.0-255,66,104684,96,204628
33384,0.000995,172.31.47.0-255,66,104750,96,204628
33385,0.001001,74.125.24.0-255,7156,111906,96,204628
33386,0.001004,172.31.47.0-255,66,111972,96,204628
33387,0.001009,74.125.24.0-255,5738,117710,96,204628
33388,0.001011,172.31.47.0-255,66,117776,96,204628
33389,0.00106,172.31.47.0-255,66,117842,96,204628
33390,0.001071,172.31.47.0-255,66,117908,96,204628
33391,0.001101,172.31.47.0-255,66,117974,96,204628
33392,0.001135,172.31.47.0-255,66,118040,96,204628
33393,0.001158,74.125.24.0-255,5020,123060,96,204628
33394,0.001161,172.31.47.0-255,66,123126,96,204628
33395,0.001165,74.125.24.0-255,2184,125310,96,204628
33396,0.001167,172.31.47.0-255,66,125376,96,204628
33397,0.00117,74.125.24.0-255,2902,128278,96,204628
33398,0.001174,172.31.47.0-255,66,128344,96,204628
33399,0.001181,74.125.24.0-255,7156,135500,96,204628
33400,0.001184,172.31.47.0-255,66,135566,96,204628
33401,0.0012,172.31.47.0-255,66,135632,96,204628
33402,0.001252,172.31.47.0-255,66,135698,96,204628
33403,0.0013,172.31.47.0-255,66,135764,96,204628
33404,0.001322,74.125.24.0-255,7156,142920,96,204628
33405,0.001325,172.31.47.0-255,66,142986,96,204628
33406,0.00134,172.31.47.0-255,66,143052,96,204628
33407,0.001343,74.125.24.0-255,1484,144536,96,204628
33408,0.001348,74.125.24.0-255,2902,147438,96,204628
33409,0.00135,172.31.47.0-255,66,147504,96,204628
33410,0.001357,74.125.24.0-255,5738,153242,96,204628
33411,0.001359,172.31.47.0-255,66,153308,96,204628
33412,0.001382,172.31.47.0-255,66,153374,96,204628
33413,0.0014,74.125.24.0-255,4320,157694,96,204628
33414,0.001403,172.31.47.0-255,66,157760,96,204628
33415,0.001409,74.125.24.0-255,7156,164916,96,204628
33416,0.001412,172.31.47.0-255,66,164982,96,204628
33417,0.001429,74.125.24.0-255,3602,168584,96,204628
33418,0.001433,172.31.47.0-255,66,168650,96,204628
33419,0.001475,74.125.24.0-255,2902,171552,96,204628
33420,0.001478,172.31.47.0-255,66,171618,96,204628
33421,0.001484,74.125.24.0-255,4320,175938,96,204628
33422,0.001486,172.31.47.0-255,66,176004,96,204628
33423,0.001522,172.31.47.0-255,66,176070,96,204628
33424,0.001525,74.125.24.0-255,1484,177554,96,204628
33425,0.001552,172.31.47.0-255,66,177620,96,204628
33426,0.001592,172.31.47.0-255,66,177686,96,204628
33427,0.001606,74.125.24.0-255,1484,179170,96,204628
33428,0.001623,74.125.24.0-255,7156,186326,96,204628
33429,0.001626,172.31.47.0-255,66,186392,96,204628
33430,0.001633,74.125.24.0-255,5738,192130,96,204628
33431,0.001635,172.31.47.0-255,66,192196,96,204628
33432,0.00165,74.125.24.0-255,2902,195098,96,204628
33433,0.001653,172.31.47.0-255,66,195164,96,204628
33434,0.001683,74.125.24.0-255,2902,198066,96,204628
33435,0.001689,172.31.47.0-255,66,198132,96,204628
33436,0.001722,172.31.47.0-255,66,198198,96,204628
33437,0.001733,172.31.47.0-255,66,198264,96,204628
33438,0.001756,74.125.24.0-255,1661,199925,96,204628
33439,0.00176,172.31.47.0-255,66,199991,96,204628
33440,0.001763,74.125.24.0-255,105,200096,96,204628
33441,0.003458,172.31.47.0-255,66,200162,96,204628
33442,0.003484,172.31.47.0-255,105,200267,96,204628
33443,0.005995,74.125.24.0-255,66,200333,96,204628
33444,0.030321,172.31.47.0-255,172,200505,96,204628
33445,0.03035,172.31.47.0-255,1110,201615,96,204628
33446,0.030394,172.31.47.0-255,1514,203129,96,204628
33447,0.030396,172.31.47.0-255,1301,204430,96,204628
33448,0.031856,104.244.42.0-255,66,204496,96,204628
33449,0.032033,104.244.42.0-255,66,204562,96,204628
33450,0.032036,104.244.42.0-255,66,204628,96,204628
33451,0.0,172.31.47.0-255,66,66,96,66
33452,0.0,74.125.24.0-255,153,153,96,258487
33453,2.6e-05,172.31.47.0-255,66,219,96,258487
33454,3.2e-05,74.125.24.0-255,1484,1703,96,258487
33455,3.6e-05,172.31.47.0-255,66,1769,96,258487
33456,4.1e-05,74.125.24.0-255,2902,4671,96,258487
33457,4.3e-05,172.31.47.0-255,66,4737,96,258487
33458,4.6e-05,74.125.24.0-255,1484,6221,96,258487
33459,4.8e-05,172.31.47.0-255,66,6287,96,258487
33460,7.6e-05,74.125.24.0-255,5738,12025,96,258487
33461,7.9e-05,74.125.24.0-255,2206,14231,96,258487
33462,8e-05,172.31.47.0-255,66,14297,96,258487
33463,8.4e-05,172.31.47.0-255,66,14363,96,258487
33464,0.00011,74.125.24.0-255,2902,17265,96,258487
33465,0.000114,172.31.47.0-255,66,17331,96,258487
33466,0.000137,172.31.47.0-255,66,17397,96,258487
33467,0.000144,74.125.24.0-255,5379,22776,96,258487
33468,0.000146,172.31.47.0-255,66,22842,96,258487
33469,0.000181,74.125.24.0-255,1484,24326,96,258487
33470,0.000184,172.31.47.0-255,66,24392,96,258487
33471,0.000188,74.125.24.0-255,1484,25876,96,258487
33472,0.000189,172.31.47.0-255,66,25942,96,258487
33473,0.000203,74.125.24.0-255,1484,27426,96,258487
33474,0.000205,172.31.47.0-255,66,27492,96,258487
33475,0.000212,74.125.24.0-255,5738,33230,96,258487
33476,0.000215,172.31.47.0-255,66,33296,96,258487
33477,0.000218,74.125.24.0-255,1484,34780,96,258487
33478,0.000219,172.31.47.0-255,66,34846,96,258487
33479,0.000246,74.125.24.0-255,5379,40225,96,258487
33480,0.000249,172.31.47.0-255,66,40291,96,258487
33481,0.000543,74.125.24.0-255,1484,41775,96,258487
33482,0.000548,172.31.47.0-255,66,41841,96,258487
33483,0.000563,74.125.24.0-255,2902,44743,96,258487
33484,0.000566,172.31.47.0-255,66,44809,96,258487
33485,0.000571,74.125.24.0-255,2902,47711,96,258487
33486,0.000573,172.31.47.0-255,66,47777,96,258487
33487,0.000591,74.125.24.0-255,2902,50679,96,258487
33488,0.000594,74.125.24.0-255,1484,52163,96,258487
33489,0.000596,172.31.47.0-255,66,52229,96,258487
33490,0.000631,74.125.24.0-255,5379,57608,96,258487
33491,0.000635,172.31.47.0-255,66,57674,96,258487
33492,0.000658,74.125.24.0-255,5738,63412,96,258487
33493,0.000662,172.31.47.0-255,66,63478,96,258487
33494,0.000704,172.31.47.0-255,66,63544,96,258487
33495,0.000738,74.125.24.0-255,2902,66446,96,258487
33496,0.000741,172.31.47.0-255,66,66512,96,258487
33497,0.000775,172.31.47.0-255,66,66578,96,258487
33498,0.00078,74.125.24.0-255,2902,69480,96,258487
33499,0.000782,172.31.47.0-255,66,69546,96,258487
33500,0.000786,74.125.24.0-255,4320,73866,96,258487
33501,0.000789,172.31.47.0-255,66,73932,96,258487
33502,0.000792,74.125.24.0-255,1484,75416,96,258487
33503,0.000809,74.125.24.0-255,7156,82572,96,258487
33504,0.000814,172.31.47.0-255,66,82638,96,258487
33505,0.000867,172.31.47.0-255,66,82704,96,258487
33506,0.000906,74.125.24.0-255,3602,86306,96,258487
33507,0.000909,172.31.47.0-255,66,86372,96,258487
33508,0.000955,74.125.24.0-255,2902,89274,96,258487
33509,0.000959,172.31.47.0-255,66,89340,96,258487
33510,0.000982,74.125.24.0-255,1484,90824,96,258487
33511,0.000994,172.31.47.0-255,66,90890,96,258487
33512,0.001004,172.31.47.0-255,66,90956,96,258487
33513,0.001045,74.125.24.0-255,7156,98112,96,258487
33514,0.001049,172.31.47.0-255,66,98178,96,258487
33515,0.001066,74.125.24.0-255,3602,101780,96,258487
33516,0.001069,172.31.47.0-255,66,101846,96,258487
33517,0.00154,74.125.24.0-255,1484,103330,96,258487
33518,0.001547,74.125.24.0-255,2902,106232,96,258487
33519,0.001551,172.31.47.0-255,66,106298,96,258487
33520,0.001557,74.125.24.0-255,5738,112036,96,258487
33521,0.001559,172.31.47.0-255,66,112102,96,258487
33522,0.001577,74.125.24.0-255,2902,115004,96,258487
33523,0.00158,172.31.47.0-255,66,115070,96,258487
33524,0.001613,172.31.47.0-255,66,115136,96,258487
33525,0.001626,172.31.47.0-255,66,115202,96,258487
33526,0.002301,74.125.24.0-255,1484,116686,96,258487
33527,0.002313,74.125.24.0-255,2902,119588,96,258487
33528,0.002317,172.31.47.0-255,66,119654,96,258487
33529,0.002325,74.125.24.0-255,5738,125392,96,258487
33530,0.002327,172.31.47.0-255,66,125458,96,258487
33531,0.002363,172.31.47.0-255,66,125524,96,258487
33532,0.002382,74.125.24.0-255,1484,127008,96,258487
33533,0.002415,172.31.47.0-255,66,127074,96,258487
33534,0.004939,74.125.24.0-255,5738,132812,96,258487
33535,0.004943,172.31.47.0-255,66,132878,96,258487
33536,0.007499,74.125.24.0-255,5738,138616,96,258487
33537,0.007504,172.31.47.0-255,66,138682,96,258487
33538,0.010058,74.125.24.0-255,5738,144420,96,258487
33539,0.010089,172.31.47.0-255,66,144486,96,258487
33540,0.012638,74.125.24.0-255,5738,150224,96,258487
33541,0.012646,172.31.47.0-255,66,150290,96,258487
33542,0.015183,74.125.24.0-255,5738,156028,96,258487
33543,0.015191,172.31.47.0-255,66,156094,96,258487
33544,0.017733,74.125.24.0-255,5738,161832,96,258487
33545,0.017739,172.31.47.0-255,66,161898,96,258487
33546,0.020341,74.125.24.0-255,5738,167636,96,258487
33547,0.020348,172.31.47.0-255,66,167702,96,258487
33548,0.021938,172.31.47.0-255,172,167874,96,258487
33549,0.02197,172.31.47.0-255,1109,168983,96,258487
33550,0.022006,172.31.47.0-255,1514,170497,96,258487
33551,0.022008,172.31.47.0-255,336,170833,96,258487
33552,0.022906,74.125.24.0-255,5738,176571,96,258487
33553,0.022913,172.31.47.0-255,66,176637,96,258487
33554,0.02347,104.244.42.0-255,66,176703,96,258487
33555,0.023659,104.244.42.0-255,66,176769,96,258487
33556,0.023661,104.244.42.0-255,66,176835,96,258487
33557,0.025446,74.125.24.0-255,2902,179737,96,258487
33558,0.025449,172.31.47.0-255,66,179803,96,258487
33559,0.025476,74.125.24.0-255,2902,182705,96,258487
33560,0.025478,172.31.47.0-255,66,182771,96,258487
33561,0.028005,74.125.24.0-255,5738,188509,96,258487
33562,0.02801,172.31.47.0-255,66,188575,96,258487
33563,0.030572,74.125.24.0-255,5738,194313,96,258487
33564,0.030576,172.31.47.0-255,66,194379,96,258487
33565,0.03311,74.125.24.0-255,2902,197281,96,258487
33566,0.033115,172.31.47.0-255,66,197347,96,258487
33567,0.033145,74.125.24.0-255,2902,200249,96,258487
33568,0.033148,172.31.47.0-255,66,200315,96,258487
33569,0.035648,74.125.24.0-255,2902,203217,96,258487
33570,0.035653,172.31.47.0-255,66,203283,96,258487
33571,0.035681,74.125.24.0-255,2902,206185,96,258487
33572,0.035683,172.31.47.0-255,66,206251,96,258487
33573,0.03821,74.125.24.0-255,5738,211989,96,258487
33574,0.038214,172.31.47.0-255,66,212055,96,258487
33575,0.040772,74.125.24.0-255,5738,217793,96,258487
33576,0.040793,172.31.47.0-255,66,217859,96,258487
33577,0.043341,74.125.24.0-255,5738,223597,96,258487
33578,0.043347,172.31.47.0-255,66,223663,96,258487
33579,0.045873,74.125.24.0-255,5738,229401,96,258487
33580,0.045877,172.31.47.0-255,66,229467,96,258487
33581,0.048404,74.125.24.0-255,5738,235205,96,258487
33582,0.048409,172.31.47.0-255,66,235271,96,258487
33583,0.050948,74.125.24.0-255,5738,241009,96,258487
33584,0.050953,172.31.47.0-255,66,241075,96,258487
33585,0.053474,74.125.24.0-255,5738,246813,96,258487
33586,0.053477,172.31.47.0-255,66,246879,96,258487
33587,0.05601,74.125.24.0-255,5738,252617,96,258487
33588,0.056014,172.31.47.0-255,66,252683,96,258487
33589,0.058568,74.125.24.0-255,5738,258421,96,258487
33590,0.058573,172.31.47.0-255,66,258487,96,258487
33591,0.0,74.125.24.0-255,153,153,96,275635
33592,1.6e-05,172.31.47.0-255,66,219,96,275635
33593,2.2e-05,74.125.24.0-255,1484,1703,96,275635
33594,2.6e-05,172.31.47.0-255,66,1769,96,275635
33595,3.2e-05,74.125.24.0-255,2902,4671,96,275635
33596,3.6e-05,172.31.47.0-255,66,4737,96,275635
33597,4.2e-05,74.125.24.0-255,4320,9057,96,275635
33598,4.5e-05,172.31.47.0-255,66,9123,96,275635
33599,7.8e-05,74.125.24.0-255,4867,13990,96,275635
33600,8.2e-05,172.31.47.0-255,66,14056,96,275635
33601,0.000105,74.125.24.0-255,5738,19794,96,275635
33602,0.000108,172.31.47.0-255,66,19860,96,275635
33603,0.000121,74.125.24.0-255,1484,21344,96,275635
33604,0.000124,172.31.47.0-255,66,21410,96,275635
33605,0.000152,172.31.47.0-255,66,21476,96,275635
33606,0.000172,74.125.24.0-255,1125,22601,96,275635
33607,0.000174,172.31.47.0-255,66,22667,96,275635
33608,0.000215,74.125.24.0-255,1484,24151,96,275635
33609,0.000218,172.31.47.0-255,66,24217,96,275635
33610,0.000223,74.125.24.0-255,2902,27119,96,275635
33611,0.000225,172.31.47.0-255,66,27185,96,275635
33612,0.000237,74.125.24.0-255,2902,30087,96,275635
33613,0.000239,172.31.47.0-255,66,30153,96,275635
33614,0.000258,74.125.24.0-255,2902,33055,96,275635
33615,0.00026,172.31.47.0-255,66,33121,96,275635
33616,0.000295,172.31.47.0-255,66,33187,96,275635
33617,0.000315,74.125.24.0-255,5379,38566,96,275635
33618,0.000318,172.31.47.0-255,66,38632,96,275635
33619,0.000333,74.125.24.0-255,4320,42952,96,275635
33620,0.000336,172.31.47.0-255,66,43018,96,275635
33621,0.000353,74.125.24.0-255,5379,48397,96,275635
33622,0.000356,172.31.47.0-255,66,48463,96,275635
33623,0.000508,74.125.24.0-255,647,49110,96,275635
33624,0.000892,74.125.24.0-255,1484,50594,96,275635
33625,0.000897,172.31.47.0-255,66,50660,96,275635
33626,0.000903,74.125.24.0-255,2902,53562,96,275635
33627,0.000905,172.31.47.0-255,66,53628,96,275635
33628,0.000911,74.125.24.0-255,4320,57948,96,275635
33629,0.000913,172.31.47.0-255,66,58014,96,275635
33630,0.00093,74.125.24.0-255,1484,59498,96,275635
33631,0.000934,74.125.24.0-255,2902,62400,96,275635
33632,0.000937,172.31.47.0-255,66,62466,96,275635
33633,0.000972,172.31.47.0-255,66,62532,96,275635
33634,0.000975,74.125.24.0-255,1484,64016,96,275635
33635,0.001001,172.31.47.0-255,66,64082,96,275635
33636,0.001251,74.125.24.0-255,1484,65566,96,275635
33637,0.001257,74.125.24.0-255,2902,68468,96,275635
33638,0.00126,172.31.47.0-255,66,68534,96,275635
33639,0.001265,74.125.24.0-255,1484,70018,96,275635
33640,0.001284,74.125.24.0-255,4320,74338,96,275635
33641,0.001287,172.31.47.0-255,66,74404,96,275635
33642,0.001297,172.31.47.0-255,66,74470,96,275635
33643,0.001312,74.125.24.0-255,2902,77372,96,275635
33644,0.001315,172.31.47.0-255,66,77438,96,275635
33645,0.001344,74.125.24.0-255,4320,81758,96,275635
33646,0.001347,172.31.47.0-255,66,81824,96,275635
33647,0.001373,172.31.47.0-255,66,81890,96,275635
33648,0.001384,74.125.24.0-255,1484,83374,96,275635
33649,0.001397,74.125.24.0-255,2902,86276,96,275635
33650,0.001399,172.31.47.0-255,66,86342,96,275635
33651,0.001402,74.125.24.0-255,1484,87826,96,275635
33652,0.001422,74.125.24.0-255,4320,92146,96,275635
33653,0.001425,172.31.47.0-255,66,92212,96,275635
33654,0.001437,172.31.47.0-255,66,92278,96,275635
33655,0.001459,74.125.24.0-255,1484,93762,96,275635
33656,0.001471,172.31.47.0-255,66,93828,96,275635
33657,0.001507,74.125.24.0-255,3602,97430,96,275635
33658,0.001511,172.31.47.0-255,66,97496,96,275635
33659,0.001516,74.125.24.0-255,4320,101816,96,275635
33660,0.001518,172.31.47.0-255,66,101882,96,275635
33661,0.001521,74.125.24.0-255,1484,103366,96,275635
33662,0.001548,172.31.47.0-255,66,103432,96,275635
33663,0.001555,74.125.24.0-255,7156,110588,96,275635
33664,0.001558,172.31.47.0-255,66,110654,96,275635
33665,0.001627,172.31.47.0-255,66,110720,96,275635
33666,0.001643,74.125.24.0-255,1484,112204,96,275635
33667,0.001661,74.125.24.0-255,2902,115106,96,275635
33668,0.001663,172.31.47.0-255,66,115172,96,275635
33669,0.001669,74.125.24.0-255,5738,120910,96,275635
33670,0.001671,172.31.47.0-255,66,120976,96,275635
33671,0.001704,172.31.47.0-255,66,121042,96,275635
33672,0.001728,74.125.24.0-255,4320,125362,96,275635
33673,0.001731,172.31.47.0-255,66,125428,96,275635
33674,0.001743,172.31.47.0-255,66,125494,96,275635
33675,0.001746,74.125.24.0-255,766,126260,96,275635
33676,0.001888,74.125.24.0-255,1484,127744,96,275635
33677,0.001895,172.31.47.0-255,66,127810,96,275635
33678,0.001899,74.125.24.0-255,1484,129294,96,275635
33679,0.001913,74.125.24.0-255,1484,130778,96,275635
33680,0.001915,172.31.47.0-255,66,130844,96,275635
33681,0.001922,74.125.24.0-255,5738,136582,96,275635
33682,0.001925,172.31.47.0-255,66,136648,96,275635
33683,0.001948,74.125.24.0-255,1484,138132,96,275635
33684,0.001974,172.31.47.0-255,66,138198,96,275635
33685,0.001992,74.125.24.0-255,1484,139682,96,275635
33686,0.001995,74.125.24.0-255,1484,141166,96,275635
33687,0.001998,172.31.47.0-255,66,141232,96,275635
33688,0.00204,74.125.24.0-255,4320,145552,96,275635
33689,0.002044,172.31.47.0-255,66,145618,96,275635
33690,0.002067,74.125.24.0-255,5020,150638,96,275635
33691,0.002071,172.31.47.0-255,66,150704,96,275635
33692,0.002103,172.31.47.0-255,66,150770,96,275635
33693,0.002122,74.125.24.0-255,1484,152254,96,275635
33694,0.002128,74.125.24.0-255,5738,157992,96,275635
33695,0.002132,172.31.47.0-255,66,158058,96,275635
33696,0.002142,172.31.47.0-255,66,158124,96,275635
33697,0.002162,172.31.47.0-255,66,158190,96,275635
33698,0.002165,74.125.24.0-255,766,158956,96,275635
33699,0.00469,74.125.24.0-255,4320,163276,96,275635
33700,0.004698,172.31.47.0-255,66,163342,96,275635
33701,0.007253,74.125.24.0-255,5738,169080,96,275635
33702,0.00726,172.31.47.0-255,66,169146,96,275635
33703,0.009824,74.125.24.0-255,5738,174884,96,275635
33704,0.009831,172.31.47.0-255,66,174950,96,275635
33705,0.012375,74.125.24.0-255,5738,180688,96,275635
33706,0.012388,172.31.47.0-255,66,180754,96,275635
33707,0.014945,74.125.24.0-255,5738,186492,96,275635
33708,0.014953,172.31.47.0-255,66,186558,96,275635
33709,0.017497,74.125.24.0-255,5738,192296,96,275635
33710,0.017504,172.31.47.0-255,66,192362,96,275635
33711,0.020035,74.125.24.0-255,5738,198100,96,275635
33712,0.020043,172.31.47.0-255,66,198166,96,275635
33713,0.022587,74.125.24.0-255,5738,203904,96,275635
33714,0.022594,172.31.47.0-255,66,203970,96,275635
33715,0.02515,74.125.24.0-255,5738,209708,96,275635
33716,0.025157,172.31.47.0-255,66,209774,96,275635
33717,0.0277,74.125.24.0-255,5738,215512,96,275635
33718,0.027707,172.31.47.0-255,66,215578,96,275635
33719,0.02824,172.31.47.0-255,172,215750,96,275635
33720,0.028268,172.31.47.0-255,1105,216855,96,275635
33721,0.028317,172.31.47.0-255,1514,218369,96,275635
33722,0.028318,172.31.47.0-255,339,218708,96,275635
33723,0.029813,104.244.42.0-255,66,218774,96,275635
33724,0.02982,104.244.42.0-255,66,218840,96,275635
33725,0.029868,104.244.42.0-255,66,218906,96,275635
33726,0.030217,74.125.24.0-255,5738,224644,96,275635
33727,0.030223,172.31.47.0-255,66,224710,96,275635
33728,0.032787,74.125.24.0-255,5738,230448,96,275635
33729,0.032799,172.31.47.0-255,66,230514,96,275635
33730,0.035335,74.125.24.0-255,5738,236252,96,275635
33731,0.035343,172.31.47.0-255,66,236318,96,275635
33732,0.037893,74.125.24.0-255,5738,242056,96,275635
33733,0.0379,172.31.47.0-255,66,242122,96,275635
33734,0.040429,74.125.24.0-255,5738,247860,96,275635
33735,0.040436,172.31.47.0-255,66,247926,96,275635
33736,0.042966,74.125.24.0-255,5738,253664,96,275635
33737,0.042974,172.31.47.0-255,66,253730,96,275635
33738,0.045508,74.125.24.0-255,5738,259468,96,275635
33739,0.045514,172.31.47.0-255,66,259534,96,275635
33740,0.048063,74.125.24.0-255,5738,265272,96,275635
33741,0.048073,172.31.47.0-255,66,265338,96,275635
33742,0.05064,74.125.24.0-255,5738,271076,96,275635
33743,0.050646,172.31.47.0-255,66,271142,96,275635
33744,0.053198,74.125.24.0-255,4256,275398,96,275635
33745,0.053205,172.31.47.0-255,66,275464,96,275635
33746,0.053393,172.31.47.0-255,105,275569,96,275635
33747,0.055897,74.125.24.0-255,66,275635,96,275635
33748,0.0,172.217.194.0-255,152,152,96,199026
33749,3.1e-05,172.31.47.0-255,66,218,96,199026
33750,3.8e-05,172.217.194.0-255,1484,1702,96,199026
33751,4.1e-05,172.31.47.0-255,66,1768,96,199026
33752,4.6e-05,172.217.194.0-255,2902,4670,96,199026
33753,4.9e-05,172.31.47.0-255,66,4736,96,199026
33754,0.00012,172.217.194.0-255,4320,9056,96,199026
33755,0.000123,172.31.47.0-255,66,9122,96,199026
33756,0.00023,172.217.194.0-255,4933,14055,96,199026
33757,0.000235,172.31.47.0-255,66,14121,96,199026
33758,0.000333,172.217.194.0-255,5738,19859,96,199026
33759,0.000338,172.31.47.0-255,66,19925,96,199026
33760,0.00046,172.217.194.0-255,5738,25663,96,199026
33761,0.000464,172.31.47.0-255,66,25729,96,199026
33762,0.000486,172.217.194.0-255,6797,32526,96,199026
33763,0.000489,172.31.47.0-255,66,32592,96,199026
33764,0.000766,172.31.47.0-255,66,32658,96,199026
33765,0.000802,172.31.47.0-255,66,32724,96,199026
33766,0.001358,172.217.194.0-255,7079,39803,96,199026
33767,0.001365,172.31.47.0-255,66,39869,96,199026
33768,0.001536,172.31.47.0-255,66,39935,96,199026
33769,0.001575,172.31.47.0-255,66,40001,96,199026
33770,0.002297,172.217.194.0-255,1484,41485,96,199026
33771,0.002301,172.31.47.0-255,66,41551,96,199026
33772,0.002341,172.217.194.0-255,2902,44453,96,199026
33773,0.002344,172.31.47.0-255,66,44519,96,199026
33774,0.002405,172.217.194.0-255,4320,48839,96,199026
33775,0.002409,172.31.47.0-255,66,48905,96,199026
33776,0.002423,172.217.194.0-255,1484,50389,96,199026
33777,0.002535,172.217.194.0-255,2902,53291,96,199026
33778,0.002538,172.31.47.0-255,66,53357,96,199026
33779,0.002579,172.31.47.0-255,66,53423,96,199026
33780,0.002838,172.217.194.0-255,4320,57743,96,199026
33781,0.002841,172.31.47.0-255,66,57809,96,199026
33782,0.002886,172.31.47.0-255,66,57875,96,199026
33783,0.003483,172.217.194.0-255,1484,59359,96,199026
33784,0.003534,172.31.47.0-255,66,59425,96,199026
33785,0.003579,172.31.47.0-255,66,59491,96,199026
33786,0.005894,172.217.194.0-255,5738,65229,96,199026
33787,0.005901,172.31.47.0-255,66,65295,96,199026
33788,0.00823,172.217.194.0-255,4320,69615,96,199026
33789,0.008245,172.31.47.0-255,66,69681,96,199026
33790,0.008271,172.217.194.0-255,1484,71165,96,199026
33791,0.01056,172.217.194.0-255,4320,75485,96,199026
33792,0.010573,172.31.47.0-255,66,75551,96,199026
33793,0.012909,172.217.194.0-255,5738,81289,96,199026
33794,0.012966,172.31.47.0-255,66,81355,96,199026
33795,0.015322,172.217.194.0-255,5738,87093,96,199026
33796,0.015337,172.31.47.0-255,66,87159,96,199026
33797,0.017634,172.217.194.0-255,5738,92897,96,199026
33798,0.017645,172.31.47.0-255,66,92963,96,199026
33799,0.019938,172.217.194.0-255,5738,98701,96,199026
33800,0.019947,172.31.47.0-255,66,98767,96,199026
33801,0.022243,172.217.194.0-255,5738,104505,96,199026
33802,0.022254,172.31.47.0-255,66,104571,96,199026
33803,0.024544,172.217.194.0-255,5738,110309,96,199026
33804,0.024556,172.31.47.0-255,66,110375,96,199026
33805,0.026561,172.31.47.0-255,172,110547,96,199026
33806,0.026615,172.31.47.0-255,1105,111652,96,199026
33807,0.026686,172.31.47.0-255,1514,113166,96,199026
33808,0.026688,172.31.47.0-255,1306,114472,96,199026
33809,0.026905,172.217.194.0-255,5738,120210,96,199026
33810,0.026913,172.31.47.0-255,66,120276,96,199026
33811,0.028105,104.244.42.0-255,66,120342,96,199026
33812,0.028162,104.244.42.0-255,66,120408,96,199026
33813,0.028268,104.244.42.0-255,66,120474,96,199026
33814,0.029269,172.217.194.0-255,4320,124794,96,199026
33815,0.029276,172.31.47.0-255,66,124860,96,199026
33816,0.029291,172.217.194.0-255,1484,126344,96,199026
33817,0.031567,172.217.194.0-255,4320,130664,96,199026
33818,0.031573,172.31.47.0-255,66,130730,96,199026
33819,0.033942,172.217.194.0-255,5738,136468,96,199026
33820,0.033995,172.31.47.0-255,66,136534,96,199026
33821,0.036292,172.217.194.0-255,4320,140854,96,199026
33822,0.036298,172.31.47.0-255,66,140920,96,199026
33823,0.036331,172.217.194.0-255,1484,142404,96,199026
33824,0.038602,172.217.194.0-255,4320,146724,96,199026
33825,0.038608,172.31.47.0-255,66,146790,96,199026
33826,0.040896,172.217.194.0-255,5738,152528,96,199026
33827,0.040949,172.31.47.0-255,66,152594,96,199026
33828,0.043272,172.217.194.0-255,5738,158332,96,199026
33829,0.043277,172.31.47.0-255,66,158398,96,199026
33830,0.045609,172.217.194.0-255,5738,164136,96,199026
33831,0.045615,172.31.47.0-255,66,164202,96,199026
33832,0.047974,172.217.194.0-255,5738,169940,96,199026
33833,0.04798,172.31.47.0-255,66,170006,96,199026
33834,0.050327,172.217.194.0-255,5738,175744,96,199026
33835,0.050332,172.31.47.0-255,66,175810,96,199026
33836,0.052656,172.217.194.0-255,5738,181548,96,199026
33837,0.052663,172.31.47.0-255,66,181614,96,199026
33838,0.055016,172.217.194.0-255,5738,187352,96,199026
33839,0.055022,172.31.47.0-255,66,187418,96,199026
33840,0.057314,172.217.194.0-255,5738,193156,96,199026
33841,0.05732,172.31.47.0-255,66,193222,96,199026
33842,0.059675,172.217.194.0-255,5738,198960,96,199026
33843,0.059681,172.31.47.0-255,66,199026,96,199026
33844,0.0,74.125.24.0-255,153,153,96,254356
33845,1.3e-05,172.31.47.0-255,66,219,96,254356
33846,1.8e-05,74.125.24.0-255,1484,1703,96,254356
33847,2.2e-05,172.31.47.0-255,66,1769,96,254356
33848,2.7e-05,74.125.24.0-255,2902,4671,96,254356
33849,2.9e-05,172.31.47.0-255,66,4737,96,254356
33850,3.4e-05,74.125.24.0-255,4320,9057,96,254356
33851,3.6e-05,172.31.47.0-255,66,9123,96,254356
33852,6.1e-05,74.125.24.0-255,2902,12025,96,254356
33853,6.3e-05,172.31.47.0-255,66,12091,96,254356
33854,6.7e-05,74.125.24.0-255,2181,14272,96,254356
33855,6.9e-05,172.31.47.0-255,66,14338,96,254356
33856,0.000635,74.125.24.0-255,1484,15822,96,254356
33857,0.000641,172.31.47.0-255,66,15888,96,254356
33858,0.000647,74.125.24.0-255,2902,18790,96,254356
33859,0.000649,172.31.47.0-255,66,18856,96,254356
33860,0.000655,74.125.24.0-255,5738,24594,96,254356
33861,0.000657,172.31.47.0-255,66,24660,96,254356
33862,0.000661,74.125.24.0-255,4320,28980,96,254356
33863,0.000663,172.31.47.0-255,66,29046,96,254356
33864,0.000697,74.125.24.0-255,5738,34784,96,254356
33865,0.0007,172.31.47.0-255,66,34850,96,254356
33866,0.000716,74.125.24.0-255,6797,41647,96,254356
33867,0.000718,172.31.47.0-255,66,41713,96,254356
33868,0.000742,74.125.24.0-255,1484,43197,96,254356
33869,0.000744,172.31.47.0-255,66,43263,96,254356
33870,0.000764,74.125.24.0-255,5379,48642,96,254356
33871,0.000767,172.31.47.0-255,66,48708,96,254356
33872,0.000873,74.125.24.0-255,1484,50192,96,254356
33873,0.000877,172.31.47.0-255,66,50258,96,254356
33874,0.000882,74.125.24.0-255,2902,53160,96,254356
33875,0.000883,172.31.47.0-255,66,53226,96,254356
33876,0.000886,74.125.24.0-255,1484,54710,96,254356
33877,0.000913,74.125.24.0-255,4320,59030,96,254356
33878,0.000916,172.31.47.0-255,66,59096,96,254356
33879,0.00092,74.125.24.0-255,4320,63416,96,254356
33880,0.000922,172.31.47.0-255,66,63482,96,254356
33881,0.000948,74.125.24.0-255,3123,66605,96,254356
33882,0.000951,172.31.47.0-255,66,66671,96,254356
33883,0.000998,74.125.24.0-255,1484,68155,96,254356
33884,0.001016,74.125.24.0-255,2902,71057,96,254356
33885,0.001018,172.31.47.0-255,66,71123,96,254356
33886,0.001024,74.125.24.0-255,4320,75443,96,254356
33887,0.001026,172.31.47.0-255,66,75509,96,254356
33888,0.001037,74.125.24.0-255,1484,76993,96,254356
33889,0.001053,74.125.24.0-255,4320,81313,96,254356
33890,0.001055,172.31.47.0-255,66,81379,96,254356
33891,0.001085,172.31.47.0-255,66,81445,96,254356
33892,0.001108,74.125.24.0-255,5738,87183,96,254356
33893,0.00111,172.31.47.0-255,66,87249,96,254356
33894,0.001129,74.125.24.0-255,3961,91210,96,254356
33895,0.001131,172.31.47.0-255,66,91276,96,254356
33896,0.001393,74.125.24.0-255,1484,92760,96,254356
33897,0.001405,74.125.24.0-255,2902,95662,96,254356
33898,0.001407,172.31.47.0-255,66,95728,96,254356
33899,0.001412,74.125.24.0-255,4320,100048,96,254356
33900,0.001415,172.31.47.0-255,66,100114,96,254356
33901,0.001428,74.125.24.0-255,1484,101598,96,254356
33902,0.00144,74.125.24.0-255,2902,104500,96,254356
33903,0.001443,172.31.47.0-255,66,104566,96,254356
33904,0.001464,172.31.47.0-255,66,104632,96,254356
33905,0.001506,172.31.47.0-255,66,104698,96,254356
33906,0.003781,74.125.24.0-255,5738,110436,96,254356
33907,0.003787,172.31.47.0-255,66,110502,96,254356
33908,0.006067,74.125.24.0-255,5738,116240,96,254356
33909,0.006074,172.31.47.0-255,66,116306,96,254356
33910,0.008366,74.125.24.0-255,5738,122044,96,254356
33911,0.008373,172.31.47.0-255,66,122110,96,254356
33912,0.010642,74.125.24.0-255,5738,127848,96,254356
33913,0.01065,172.31.47.0-255,66,127914,96,254356
33914,0.012913,74.125.24.0-255,5738,133652,96,254356
33915,0.012919,172.31.47.0-255,66,133718,96,254356
33916,0.015231,74.125.24.0-255,5738,139456,96,254356
33917,0.01524,172.31.47.0-255,66,139522,96,254356
33918,0.017533,74.125.24.0-255,5738,145260,96,254356
33919,0.01754,172.31.47.0-255,66,145326,96,254356
33920,0.019815,74.125.24.0-255,5738,151064,96,254356
33921,0.019821,172.31.47.0-255,66,151130,96,254356
33922,0.020466,172.31.47.0-255,171,151301,96,254356
33923,0.020497,172.31.47.0-255,1133,152434,96,254356
33924,0.020556,172.31.47.0-255,1514,153948,96,254356
33925,0.020558,172.31.47.0-255,1278,155226,96,254356
33926,0.021995,104.244.42.0-255,66,155292,96,254356
33927,0.022074,104.244.42.0-255,66,155358,96,254356
33928,0.022082,74.125.24.0-255,2902,158260,96,254356
33929,0.022087,172.31.47.0-255,66,158326,96,254356
33930,0.022107,74.125.24.0-255,2902,161228,96,254356
33931,0.02211,172.31.47.0-255,66,161294,96,254356
33932,0.022126,104.244.42.0-255,66,161360,96,254356
33933,0.024344,74.125.24.0-255,2902,164262,96,254356
33934,0.02435,172.31.47.0-255,66,164328,96,254356
33935,0.024374,74.125.24.0-255,2902,167230,96,254356
33936,0.024376,172.31.47.0-255,66,167296,96,254356
33937,0.026641,74.125.24.0-255,5738,173034,96,254356
33938,0.026646,172.31.47.0-255,66,173100,96,254356
33939,0.028897,74.125.24.0-255,5738,178838,96,254356
33940,0.028904,172.31.47.0-255,66,178904,96,254356
33941,0.031171,74.125.24.0-255,5738,184642,96,254356
33942,0.031177,172.31.47.0-255,66,184708,96,254356
33943,0.033458,74.125.24.0-255,5738,190446,96,254356
33944,0.033463,172.31.47.0-255,66,190512,96,254356
33945,0.035718,74.125.24.0-255,5738,196250,96,254356
33946,0.035724,172.31.47.0-255,66,196316,96,254356
33947,0.038006,74.125.24.0-255,5738,202054,96,254356
33948,0.038012,172.31.47.0-255,66,202120,96,254356
33949,0.040278,74.125.24.0-255,5738,207858,96,254356
33950,0.040286,172.31.47.0-255,66,207924,96,254356
33951,0.042568,74.125.24.0-255,5738,213662,96,254356
33952,0.042575,172.31.47.0-255,66,213728,96,254356
33953,0.04487,74.125.24.0-255,5738,219466,96,254356
33954,0.044876,172.31.47.0-255,66,219532,96,254356
33955,0.047149,74.125.24.0-255,5738,225270,96,254356
33956,0.047154,172.31.47.0-255,66,225336,96,254356
33957,0.049444,74.125.24.0-255,5738,231074,96,254356
33958,0.04945,172.31.47.0-255,66,231140,96,254356
33959,0.051716,74.125.24.0-255,5738,236878,96,254356
33960,0.051721,172.31.47.0-255,66,236944,96,254356
33961,0.054014,74.125.24.0-255,5738,242682,96,254356
33962,0.054019,172.31.47.0-255,66,242748,96,254356
33963,0.056297,74.125.24.0-255,5738,248486,96,254356
33964,0.056303,172.31.47.0-255,66,248552,96,254356
33965,0.05859,74.125.24.0-255,5738,254290,96,254356
33966,0.058595,172.31.47.0-255,66,254356,96,254356
33967,0.0,172.253.118.0-255,157,157,96,340462
33968,1.7e-05,172.31.47.0-255,66,223,96,340462
33969,2.2e-05,172.253.118.0-255,1484,1707,96,340462
33970,2.6e-05,172.31.47.0-255,66,1773,96,340462
33971,3.7e-05,172.253.118.0-255,2902,4675,96,340462
33972,4.1e-05,172.31.47.0-255,66,4741,96,340462
33973,4.6e-05,172.253.118.0-255,5738,10479,96,340462
33974,4.9e-05,172.31.47.0-255,66,10545,96,340462
33975,7.5e-05,172.253.118.0-255,2902,13447,96,340462
33976,7.7e-05,172.31.47.0-255,66,13513,96,340462
33977,0.000108,172.31.47.0-255,66,13579,96,340462
33978,0.000112,172.253.118.0-255,2902,16481,96,340462
33979,0.000114,172.31.47.0-255,66,16547,96,340462
33980,0.000183,172.253.118.0-255,3961,20508,96,340462
33981,0.000187,172.31.47.0-255,66,20574,96,340462
33982,0.000203,172.253.118.0-255,1484,22058,96,340462
33983,0.000205,172.31.47.0-255,66,22124,96,340462
33984,0.000209,172.253.118.0-255,2902,25026,96,340462
33985,0.000211,172.31.47.0-255,66,25092,96,340462
33986,0.000214,172.253.118.0-255,1484,26576,96,340462
33987,0.000216,172.31.47.0-255,66,26642,96,340462
33988,0.000244,172.253.118.0-255,4320,30962,96,340462
33989,0.000247,172.31.47.0-255,66,31028,96,340462
33990,0.000254,172.253.118.0-255,6797,37825,96,340462
33991,0.000256,172.31.47.0-255,66,37891,96,340462
33992,0.000386,172.253.118.0-255,1484,39375,96,340462
33993,0.000389,172.31.47.0-255,66,39441,96,340462
33994,0.000395,172.253.118.0-255,2902,42343,96,340462
33995,0.000397,172.31.47.0-255,66,42409,96,340462
33996,0.000402,172.253.118.0-255,2902,45311,96,340462
33997,0.000404,172.31.47.0-255,66,45377,96,340462
33998,0.000429,172.253.118.0-255,2902,48279,96,340462
33999,0.000432,172.31.47.0-255,66,48345,96,340462
34000,0.000446,172.253.118.0-255,4320,52665,96,340462
34001,0.000452,172.31.47.0-255,66,52731,96,340462
34002,0.000471,172.253.118.0-255,2877,55608,96,340462
34003,0.000473,172.31.47.0-255,66,55674,96,340462
34004,0.000523,172.253.118.0-255,343,56017,96,340462
34005,0.00075,172.253.118.0-255,1484,57501,96,340462
34006,0.000754,172.31.47.0-255,66,57567,96,340462
34007,0.00076,172.253.118.0-255,2902,60469,96,340462
34008,0.000761,172.31.47.0-255,66,60535,96,340462
34009,0.000788,172.253.118.0-255,5738,66273,96,340462
34010,0.00079,172.31.47.0-255,66,66339,96,340462
34011,0.000794,172.253.118.0-255,2902,69241,96,340462
34012,0.000796,172.31.47.0-255,66,69307,96,340462
34013,0.000822,172.253.118.0-255,3961,73268,96,340462
34014,0.000825,172.31.47.0-255,66,73334,96,340462
34015,0.000868,172.253.118.0-255,1484,74818,96,340462
34016,0.000873,172.253.118.0-255,2902,77720,96,340462
34017,0.000875,172.31.47.0-255,66,77786,96,340462
34018,0.000881,172.253.118.0-255,5738,83524,96,340462
34019,0.000883,172.31.47.0-255,66,83590,96,340462
34020,0.000903,172.253.118.0-255,6797,90387,96,340462
34021,0.000905,172.31.47.0-255,66,90453,96,340462
34022,0.001319,172.253.118.0-255,1484,91937,96,340462
34023,0.001325,172.253.118.0-255,2902,94839,96,340462
34024,0.001328,172.31.47.0-255,66,94905,96,340462
34025,0.001332,172.253.118.0-255,1484,96389,96,340462
34026,0.001355,172.253.118.0-255,4320,100709,96,340462
34027,0.001357,172.31.47.0-255,66,100775,96,340462
34028,0.001362,172.253.118.0-255,4320,105095,96,340462
34029,0.001364,172.31.47.0-255,66,105161,96,340462
34030,0.001367,172.253.118.0-255,1484,106645,96,340462
34031,0.001403,172.253.118.0-255,5738,112383,96,340462
34032,0.001407,172.31.47.0-255,66,112449,96,340462
34033,0.00141,172.31.47.0-255,66,112515,96,340462
34034,0.001429,172.253.118.0-255,2184,114699,96,340462
34035,0.001431,172.31.47.0-255,66,114765,96,340462
34036,0.001523,172.253.118.0-255,1484,116249,96,340462
34037,0.001528,172.253.118.0-255,2902,119151,96,340462
34038,0.00153,172.31.47.0-255,66,119217,96,340462
34039,0.001533,172.253.118.0-255,1484,120701,96,340462
34040,0.001555,172.253.118.0-255,4320,125021,96,340462
34041,0.001557,172.31.47.0-255,66,125087,96,340462
34042,0.00156,172.253.118.0-255,1484,126571,96,340462
34043,0.001579,172.253.118.0-255,2902,129473,96,340462
34044,0.001581,172.31.47.0-255,66,129539,96,340462
34045,0.001613,172.253.118.0-255,5738,135277,96,340462
34046,0.001615,172.31.47.0-255,66,135343,96,340462
34047,0.001625,172.31.47.0-255,66,135409,96,340462
34048,0.001649,172.253.118.0-255,1484,136893,96,340462
34049,0.001663,172.253.118.0-255,2184,139077,96,340462
34050,0.001665,172.31.47.0-255,66,139143,96,340462
34051,0.001677,172.253.118.0-255,1484,140627,96,340462
34052,0.001693,172.253.118.0-255,2902,143529,96,340462
34053,0.001695,172.253.118.0-255,1484,145013,96,340462
34054,0.001698,172.31.47.0-255,66,145079,96,340462
34055,0.001735,172.31.47.0-255,66,145145,96,340462
34056,0.001746,172.31.47.0-255,66,145211,96,340462
34057,0.001765,172.253.118.0-255,1484,146695,96,340462
34058,0.001794,172.253.118.0-255,6438,153133,96,340462
34059,0.001798,172.31.47.0-255,66,153199,96,340462
34060,0.001965,172.253.118.0-255,1484,154683,96,340462
34061,0.001996,172.253.118.0-255,2902,157585,96,340462
34062,0.001999,172.31.47.0-255,66,157651,96,340462
34063,0.002027,172.253.118.0-255,4320,161971,96,340462
34064,0.002029,172.31.47.0-255,66,162037,96,340462
34065,0.002055,172.31.47.0-255,66,162103,96,340462
34066,0.002082,172.253.118.0-255,7156,169259,96,340462
34067,0.002084,172.31.47.0-255,66,169325,96,340462
34068,0.002117,172.253.118.0-255,2902,172227,96,340462
34069,0.002119,172.31.47.0-255,66,172293,96,340462
34070,0.002126,172.253.118.0-255,6438,178731,96,340462
34071,0.002128,172.31.47.0-255,66,178797,96,340462
34072,0.004224,172.253.118.0-255,5738,184535,96,340462
34073,0.004233,172.31.47.0-255,66,184601,96,340462
34074,0.006341,172.253.118.0-255,2902,187503,96,340462
34075,0.006344,172.31.47.0-255,66,187569,96,340462
34076,0.006362,172.253.118.0-255,2902,190471,96,340462
34077,0.006364,172.31.47.0-255,66,190537,96,340462
34078,0.008452,172.253.118.0-255,2902,193439,96,340462
34079,0.00846,172.31.47.0-255,66,193505,96,340462
34080,0.008489,172.253.118.0-255,2902,196407,96,340462
34081,0.008492,172.31.47.0-255,66,196473,96,340462
34082,0.01056,172.253.118.0-255,2902,199375,96,340462
34083,0.010567,172.31.47.0-255,66,199441,96,340462
34084,0.010594,172.253.118.0-255,2902,202343,96,340462
34085,0.010597,172.31.47.0-255,66,202409,96,340462
34086,0.012664,172.253.118.0-255,2902,205311,96,340462
34087,0.012678,172.31.47.0-255,66,205377,96,340462
34088,0.012708,172.253.118.0-255,2902,208279,96,340462
34089,0.012712,172.31.47.0-255,66,208345,96,340462
34090,0.014811,172.253.118.0-255,2902,211247,96,340462
34091,0.014818,172.31.47.0-255,66,211313,96,340462
34092,0.014841,172.253.118.0-255,2902,214215,96,340462
34093,0.014844,172.31.47.0-255,66,214281,96,340462
34094,0.016924,172.253.118.0-255,5738,220019,96,340462
34095,0.016931,172.31.47.0-255,66,220085,96,340462
34096,0.019053,172.253.118.0-255,5738,225823,96,340462
34097,0.019061,172.31.47.0-255,66,225889,96,340462
34098,0.021171,172.253.118.0-255,5738,231627,96,340462
34099,0.021179,172.31.47.0-255,66,231693,96,340462
34100,0.023292,172.253.118.0-255,5738,237431,96,340462
34101,0.023298,172.31.47.0-255,66,237497,96,340462
34102,0.025398,172.253.118.0-255,5738,243235,96,340462
34103,0.025405,172.31.47.0-255,66,243301,96,340462
34104,0.027499,172.253.118.0-255,5738,249039,96,340462
34105,0.027505,172.31.47.0-255,66,249105,96,340462
34106,0.029614,172.253.118.0-255,5738,254843,96,340462
34107,0.029624,172.31.47.0-255,66,254909,96,340462
34108,0.031724,172.253.118.0-255,5738,260647,96,340462
34109,0.031731,172.31.47.0-255,66,260713,96,340462
34110,0.033833,172.253.118.0-255,5738,266451,96,340462
34111,0.033837,172.31.47.0-255,66,266517,96,340462
34112,0.034856,172.31.47.0-255,172,266689,96,340462
34113,0.034885,172.31.47.0-255,1109,267798,96,340462
34114,0.034935,172.31.47.0-255,1514,269312,96,340462
34115,0.034936,172.31.47.0-255,1304,270616,96,340462
34116,0.035918,172.253.118.0-255,5738,276354,96,340462
34117,0.035925,172.31.47.0-255,66,276420,96,340462
34118,0.036378,104.244.42.0-255,66,276486,96,340462
34119,0.036408,104.244.42.0-255,66,276552,96,340462
34120,0.036467,104.244.42.0-255,66,276618,96,340462
34121,0.038026,172.253.118.0-255,5738,282356,96,340462
34122,0.038033,172.31.47.0-255,66,282422,96,340462
34123,0.040133,172.253.118.0-255,5738,288160,96,340462
34124,0.040142,172.31.47.0-255,66,288226,96,340462
34125,0.042247,172.253.118.0-255,5738,293964,96,340462
34126,0.042254,172.31.47.0-255,66,294030,96,340462
34127,0.044354,172.253.118.0-255,5738,299768,96,340462
34128,0.044361,172.31.47.0-255,66,299834,96,340462
34129,0.046455,172.253.118.0-255,5738,305572,96,340462
34130,0.046462,172.31.47.0-255,66,305638,96,340462
34131,0.048562,172.253.118.0-255,5738,311376,96,340462
34132,0.048569,172.31.47.0-255,66,311442,96,340462
34133,0.050664,172.253.118.0-255,5738,317180,96,340462
34134,0.05067,172.31.47.0-255,66,317246,96,340462
34135,0.052793,172.253.118.0-255,5738,322984,96,340462
34136,0.052798,172.31.47.0-255,66,323050,96,340462
34137,0.054897,172.253.118.0-255,5738,328788,96,340462
34138,0.054903,172.31.47.0-255,66,328854,96,340462
34139,0.05701,172.253.118.0-255,5738,334592,96,340462
34140,0.057016,172.31.47.0-255,66,334658,96,340462
34141,0.059118,172.253.118.0-255,5738,340396,96,340462
34142,0.059127,172.31.47.0-255,66,340462,96,340462
34143,0.0,172.217.194.0-255,153,153,96,218556
34144,1.6e-05,172.31.47.0-255,66,219,96,218556
34145,2.2e-05,172.217.194.0-255,1484,1703,96,218556
34146,2.5e-05,172.31.47.0-255,66,1769,96,218556
34147,2.9e-05,172.217.194.0-255,2902,4671,96,218556
34148,3.1e-05,172.31.47.0-255,66,4737,96,218556
34149,3.3e-05,172.217.194.0-255,1484,6221,96,218556
34150,4.1e-05,172.31.47.0-255,66,6287,96,218556
34151,6.7e-05,172.217.194.0-255,5738,12025,96,218556
34152,6.9e-05,172.31.47.0-255,66,12091,96,218556
34153,7.2e-05,172.217.194.0-255,1990,14081,96,218556
34154,7.3e-05,172.31.47.0-255,66,14147,96,218556
34155,0.000225,172.217.194.0-255,1484,15631,96,218556
34156,0.000231,172.31.47.0-255,66,15697,96,218556
34157,0.000236,172.217.194.0-255,2902,18599,96,218556
34158,0.000237,172.31.47.0-255,66,18665,96,218556
34159,0.00027,172.217.194.0-255,5738,24403,96,218556
34160,0.000273,172.31.47.0-255,66,24469,96,218556
34161,0.000305,172.217.194.0-255,5738,30207,96,218556
34162,0.000307,172.31.47.0-255,66,30273,96,218556
34163,0.000333,172.217.194.0-255,1125,31398,96,218556
34164,0.000335,172.31.47.0-255,66,31464,96,218556
34165,0.000342,172.217.194.0-255,7156,38620,96,218556
34166,0.000344,172.31.47.0-255,66,38686,96,218556
34167,0.000383,172.31.47.0-255,66,38752,96,218556
34168,0.002013,172.217.194.0-255,1484,40236,96,218556
34169,0.002017,172.31.47.0-255,66,40302,96,218556
34170,0.002024,172.217.194.0-255,2902,43204,96,218556
34171,0.002026,172.31.47.0-255,66,43270,96,218556
34172,0.00203,172.217.194.0-255,2902,46172,96,218556
34173,0.002031,172.31.47.0-255,66,46238,96,218556
34174,0.002061,172.217.194.0-255,2902,49140,96,218556
34175,0.002065,172.217.194.0-255,2902,52042,96,218556
34176,0.002077,172.217.194.0-255,5738,57780,96,218556
34177,0.002092,172.217.194.0-255,5379,63159,96,218556
34178,0.00213,172.217.194.0-255,2902,66061,96,218556
34179,0.002151,172.217.194.0-255,5738,71799,96,218556
34180,0.006015,172.31.47.0-255,66,71865,96,218556
34181,0.008146,172.217.194.0-255,5738,77603,96,218556
34182,0.008156,172.31.47.0-255,66,77669,96,218556
34183,0.010273,172.217.194.0-255,5738,83407,96,218556
34184,0.010287,172.31.47.0-255,66,83473,96,218556
34185,0.012381,172.217.194.0-255,5738,89211,96,218556
34186,0.012908,172.31.47.0-255,66,89277,96,218556
34187,0.014995,172.217.194.0-255,5738,95015,96,218556
34188,0.015003,172.31.47.0-255,66,95081,96,218556
34189,0.017125,172.217.194.0-255,5738,100819,96,218556
34190,0.017136,172.31.47.0-255,66,100885,96,218556
34191,0.019252,172.217.194.0-255,5738,106623,96,218556
34192,0.019258,172.31.47.0-255,66,106689,96,218556
34193,0.019994,172.31.47.0-255,172,106861,96,218556
34194,0.020019,172.31.47.0-255,1109,107970,96,218556
34195,0.020069,172.31.47.0-255,1514,109484,96,218556
34196,0.020071,172.31.47.0-255,1302,110786,96,218556
34197,0.021376,172.217.194.0-255,5738,116524,96,218556
34198,0.021384,172.31.47.0-255,66,116590,96,218556
34199,0.02154,104.244.42.0-255,66,116656,96,218556
34200,0.021569,104.244.42.0-255,66,116722,96,218556
34201,0.021591,104.244.42.0-255,66,116788,96,218556
34202,0.023491,172.217.194.0-255,5738,122526,96,218556
34203,0.023497,172.31.47.0-255,66,122592,96,218556
34204,0.025616,172.217.194.0-255,5738,128330,96,218556
34205,0.025622,172.31.47.0-255,66,128396,96,218556
34206,0.027721,172.217.194.0-255,5738,134134,96,218556
34207,0.027725,172.31.47.0-255,66,134200,96,218556
34208,0.029849,172.217.194.0-255,5738,139938,96,218556
34209,0.029855,172.31.47.0-255,66,140004,96,218556
34210,0.031948,172.217.194.0-255,5738,145742,96,218556
34211,0.031954,172.31.47.0-255,66,145808,96,218556
34212,0.034055,172.217.194.0-255,4320,150128,96,218556
34213,0.034061,172.31.47.0-255,66,150194,96,218556
34214,0.034087,172.217.194.0-255,1484,151678,96,218556
34215,0.036166,172.217.194.0-255,4320,155998,96,218556
34216,0.036173,172.31.47.0-255,66,156064,96,218556
34217,0.03826,172.217.194.0-255,5738,161802,96,218556
34218,0.038299,172.31.47.0-255,66,161868,96,218556
34219,0.040416,172.217.194.0-255,5738,167606,96,218556
34220,0.040425,172.31.47.0-255,66,167672,96,218556
34221,0.042536,172.217.194.0-255,5738,173410,96,218556
34222,0.042541,172.31.47.0-255,66,173476,96,218556
34223,0.044652,172.217.194.0-255,5738,179214,96,218556
34224,0.044657,172.31.47.0-255,66,179280,96,218556
34225,0.046773,172.217.194.0-255,5738,185018,96,218556
34226,0.046779,172.31.47.0-255,66,185084,96,218556
34227,0.048902,172.217.194.0-255,5738,190822,96,218556
34228,0.048909,172.31.47.0-255,66,190888,96,218556
34229,0.051023,172.217.194.0-255,5738,196626,96,218556
34230,0.051031,172.31.47.0-255,66,196692,96,218556
34231,0.05313,172.217.194.0-255,5738,202430,96,218556
34232,0.053135,172.31.47.0-255,66,202496,96,218556
34233,0.055264,172.217.194.0-255,5738,208234,96,218556
34234,0.055271,172.31.47.0-255,66,208300,96,218556
34235,0.057373,172.217.194.0-255,4320,212620,96,218556
34236,0.057378,172.31.47.0-255,66,212686,96,218556
34237,0.057404,172.217.194.0-255,1484,214170,96,218556
34238,0.059477,172.217.194.0-255,4320,218490,96,218556
34239,0.059483,172.31.47.0-255,66,218556,96,218556
34240,0.0,216.58.221.0-255,146,146,96,267510
34241,2.8e-05,172.31.47.0-255,66,212,96,267510
34242,3.5e-05,216.58.221.0-255,1484,1696,96,267510
34243,3.9e-05,172.31.47.0-255,66,1762,96,267510
34244,4.4e-05,216.58.221.0-255,2902,4664,96,267510
34245,5.6e-05,172.31.47.0-255,66,4730,96,267510
34246,8.5e-05,216.58.221.0-255,5738,10468,96,267510
34247,8.8e-05,172.31.47.0-255,66,10534,96,267510
34248,0.000163,216.58.221.0-255,1484,12018,96,267510
34249,0.000166,172.31.47.0-255,66,12084,96,267510
34250,0.000204,172.31.47.0-255,66,12150,96,267510
34251,0.000404,216.58.221.0-255,6797,18947,96,267510
34252,0.000409,172.31.47.0-255,66,19013,96,267510
34253,0.000512,216.58.221.0-255,4320,23333,96,267510
34254,0.000516,172.31.47.0-255,66,23399,96,267510
34255,0.000534,216.58.221.0-255,2902,26301,96,267510
34256,0.000536,172.31.47.0-255,66,26367,96,267510
34257,0.000637,216.58.221.0-255,5738,32105,96,267510
34258,0.000641,172.31.47.0-255,66,32171,96,267510
34259,0.000681,172.31.47.0-255,66,32237,96,267510
34260,0.0009,216.58.221.0-255,4320,36557,96,267510
34261,0.000904,172.31.47.0-255,66,36623,96,267510
34262,0.000939,216.58.221.0-255,6767,43390,96,267510
34263,0.000943,172.31.47.0-255,66,43456,96,267510
34264,0.00134,216.58.221.0-255,112,43568,96,267510
34265,0.001345,172.31.47.0-255,66,43634,96,267510
34266,0.001382,216.58.221.0-255,1484,45118,96,267510
34267,0.001385,172.31.47.0-255,66,45184,96,267510
34268,0.001389,216.58.221.0-255,2902,48086,96,267510
34269,0.00139,172.31.47.0-255,66,48152,96,267510
34270,0.001437,216.58.221.0-255,5738,53890,96,267510
34271,0.001452,172.31.47.0-255,66,53956,96,267510
34272,0.00154,216.58.221.0-255,4320,58276,96,267510
34273,0.001544,172.31.47.0-255,66,58342,96,267510
34274,0.001576,172.31.47.0-255,66,58408,96,267510
34275,0.001754,216.58.221.0-255,1484,59892,96,267510
34276,0.001757,172.31.47.0-255,66,59958,96,267510
34277,0.001785,216.58.221.0-255,5738,65696,96,267510
34278,0.001787,172.31.47.0-255,66,65762,96,267510
34279,0.001876,216.58.221.0-255,3602,69364,96,267510
34280,0.001879,172.31.47.0-255,66,69430,96,267510
34281,0.001933,216.58.221.0-255,4320,73750,96,267510
34282,0.001936,172.31.47.0-255,66,73816,96,267510
34283,0.002018,216.58.221.0-255,5738,79554,96,267510
34284,0.002021,172.31.47.0-255,66,79620,96,267510
34285,0.002048,216.58.221.0-255,4320,83940,96,267510
34286,0.002056,172.31.47.0-255,66,84006,96,267510
34287,0.002176,216.58.221.0-255,2902,86908,96,267510
34288,0.002179,172.31.47.0-255,66,86974,96,267510
34289,0.002216,172.31.47.0-255,66,87040,96,267510
34290,0.002372,216.58.221.0-255,7156,94196,96,267510
34291,0.002376,172.31.47.0-255,66,94262,96,267510
34292,0.002396,216.58.221.0-255,766,95028,96,267510
34293,0.002452,172.31.47.0-255,66,95094,96,267510
34294,0.004293,216.58.221.0-255,1484,96578,96,267510
34295,0.004313,216.58.221.0-255,2902,99480,96,267510
34296,0.00432,172.31.47.0-255,66,99546,96,267510
34297,0.004372,216.58.221.0-255,1484,101030,96,267510
34298,0.006256,216.58.221.0-255,4320,105350,96,267510
34299,0.006262,172.31.47.0-255,66,105416,96,267510
34300,0.008192,216.58.221.0-255,5738,111154,96,267510
34301,0.008229,172.31.47.0-255,66,111220,96,267510
34302,0.010177,216.58.221.0-255,5738,116958,96,267510
34303,0.010191,172.31.47.0-255,66,117024,96,267510
34304,0.012132,216.58.221.0-255,5738,122762,96,267510
34305,0.01214,172.31.47.0-255,66,122828,96,267510
34306,0.014075,216.58.221.0-255,5738,128566,96,267510
34307,0.014082,172.31.47.0-255,66,128632,96,267510
34308,0.016017,216.58.221.0-255,4320,132952,96,267510
34309,0.016023,172.31.47.0-255,66,133018,96,267510
34310,0.016048,216.58.221.0-255,1484,134502,96,267510
34311,0.01796,216.58.221.0-255,4320,138822,96,267510
34312,0.017968,172.31.47.0-255,66,138888,96,267510
34313,0.019901,216.58.221.0-255,5738,144626,96,267510
34314,0.019947,172.31.47.0-255,66,144692,96,267510
34315,0.020607,172.31.47.0-255,172,144864,96,267510
34316,0.020642,172.31.47.0-255,1110,145974,96,267510
34317,0.020704,172.31.47.0-255,1514,147488,96,267510
34318,0.020706,172.31.47.0-255,1302,148790,96,267510
34319,0.021892,216.58.221.0-255,5738,154528,96,267510
34320,0.021899,172.31.47.0-255,66,154594,96,267510
34321,0.022149,104.244.42.0-255,66,154660,96,267510
34322,0.022209,104.244.42.0-255,66,154726,96,267510
34323,0.022249,104.244.42.0-255,66,154792,96,267510
34324,0.023833,216.58.221.0-255,5738,160530,96,267510
34325,0.023838,172.31.47.0-255,66,160596,96,267510
34326,0.025764,216.58.221.0-255,2902,163498,96,267510
34327,0.025769,172.31.47.0-255,66,163564,96,267510
34328,0.025786,216.58.221.0-255,2902,166466,96,267510
34329,0.025807,172.31.47.0-255,66,166532,96,267510
34330,0.02771,216.58.221.0-255,2902,169434,96,267510
34331,0.027715,172.31.47.0-255,66,169500,96,267510
34332,0.027739,216.58.221.0-255,2902,172402,96,267510
34333,0.027755,172.31.47.0-255,66,172468,96,267510
34334,0.029647,216.58.221.0-255,2902,175370,96,267510
34335,0.029654,172.31.47.0-255,66,175436,96,267510
34336,0.029682,216.58.221.0-255,2902,178338,96,267510
34337,0.029709,172.31.47.0-255,66,178404,96,267510
34338,0.031589,216.58.221.0-255,2902,181306,96,267510
34339,0.031594,172.31.47.0-255,66,181372,96,267510
34340,0.031628,216.58.221.0-255,2902,184274,96,267510
34341,0.031641,172.31.47.0-255,66,184340,96,267510
34342,0.033525,216.58.221.0-255,2902,187242,96,267510
34343,0.033531,172.31.47.0-255,66,187308,96,267510
34344,0.033576,216.58.221.0-255,2902,190210,96,267510
34345,0.033596,172.31.47.0-255,66,190276,96,267510
34346,0.035468,216.58.221.0-255,2902,193178,96,267510
34347,0.035474,172.31.47.0-255,66,193244,96,267510
34348,0.035517,216.58.221.0-255,2902,196146,96,267510
34349,0.035536,172.31.47.0-255,66,196212,96,267510
34350,0.037416,216.58.221.0-255,2902,199114,96,267510
34351,0.037422,172.31.47.0-255,66,199180,96,267510
34352,0.03749,216.58.221.0-255,2902,202082,96,267510
34353,0.037501,172.31.47.0-255,66,202148,96,267510
34354,0.039351,216.58.221.0-255,2902,205050,96,267510
34355,0.039357,172.31.47.0-255,66,205116,96,267510
34356,0.039424,216.58.221.0-255,2902,208018,96,267510
34357,0.039612,172.31.47.0-255,66,208084,96,267510
34358,0.041326,216.58.221.0-255,2902,210986,96,267510
34359,0.04133,172.31.47.0-255,66,211052,96,267510
34360,0.041537,216.58.221.0-255,2902,213954,96,267510
34361,0.041541,172.31.47.0-255,66,214020,96,267510
34362,0.043256,216.58.221.0-255,2902,216922,96,267510
34363,0.04326,172.31.47.0-255,66,216988,96,267510
34364,0.043473,216.58.221.0-255,2902,219890,96,267510
34365,0.043477,172.31.47.0-255,66,219956,96,267510
34366,0.045209,216.58.221.0-255,2902,222858,96,267510
34367,0.045213,172.31.47.0-255,66,222924,96,267510
34368,0.045469,216.58.221.0-255,2902,225826,96,267510
34369,0.046213,172.31.47.0-255,66,225892,96,267510
34370,0.047134,216.58.221.0-255,2902,228794,96,267510
34371,0.047139,172.31.47.0-255,66,228860,96,267510
34372,0.048146,216.58.221.0-255,2902,231762,96,267510
34373,0.048151,172.31.47.0-255,66,231828,96,267510
34374,0.049068,216.58.221.0-255,2902,234730,96,267510
34375,0.049072,172.31.47.0-255,66,234796,96,267510
34376,0.050109,216.58.221.0-255,2902,237698,96,267510
34377,0.050114,172.31.47.0-255,66,237764,96,267510
34378,0.051016,216.58.221.0-255,2902,240666,96,267510
34379,0.05102,172.31.47.0-255,66,240732,96,267510
34380,0.052038,216.58.221.0-255,2902,243634,96,267510
34381,0.052043,172.31.47.0-255,66,243700,96,267510
34382,0.052952,216.58.221.0-255,1484,245184,96,267510
34383,0.052964,216.58.221.0-255,1484,246668,96,267510
34384,0.053492,172.31.47.0-255,66,246734,96,267510
34385,0.053968,216.58.221.0-255,2902,249636,96,267510
34386,0.053973,172.31.47.0-255,66,249702,96,267510
34387,0.055455,216.58.221.0-255,2902,252604,96,267510
34388,0.055459,172.31.47.0-255,66,252670,96,267510
34389,0.055904,216.58.221.0-255,2902,255572,96,267510
34390,0.05591,172.31.47.0-255,66,255638,96,267510
34391,0.057493,216.58.221.0-255,2902,258540,96,267510
34392,0.057499,172.31.47.0-255,66,258606,96,267510
34393,0.057847,216.58.221.0-255,2902,261508,96,267510
34394,0.057852,172.31.47.0-255,66,261574,96,267510
34395,0.059427,216.58.221.0-255,2902,264476,96,267510
34396,0.059434,172.31.47.0-255,66,264542,96,267510
34397,0.059777,216.58.221.0-255,2902,267444,96,267510
34398,0.059783,172.31.47.0-255,66,267510,96,267510
34399,0.0,74.125.24.0-255,152,152,96,231174
34400,2.6e-05,172.31.47.0-255,66,218,96,231174
34401,3.2e-05,74.125.24.0-255,1484,1702,96,231174
34402,3.6e-05,172.31.47.0-255,66,1768,96,231174
34403,3.9e-05,74.125.24.0-255,1484,3252,96,231174
34404,4.2e-05,172.31.47.0-255,66,3318,96,231174
34405,5.6e-05,74.125.24.0-255,1484,4802,96,231174
34406,5.8e-05,172.31.47.0-255,66,4868,96,231174
34407,6.5e-05,74.125.24.0-255,5738,10606,96,231174
34408,6.7e-05,172.31.47.0-255,66,10672,96,231174
34409,9.3e-05,74.125.24.0-255,2902,13574,96,231174
34410,9.6e-05,172.31.47.0-255,66,13640,96,231174
34411,0.000125,172.31.47.0-255,66,13706,96,231174
34412,0.000127,74.125.24.0-255,1484,15190,96,231174
34413,0.00013,172.31.47.0-255,66,15256,96,231174
34414,0.000151,74.125.24.0-255,5379,20635,96,231174
34415,0.000154,172.31.47.0-255,66,20701,96,231174
34416,0.000247,74.125.24.0-255,1484,22185,96,231174
34417,0.00025,172.31.47.0-255,66,22251,96,231174
34418,0.000272,74.125.24.0-255,2902,25153,96,231174
34419,0.000277,74.125.24.0-255,5738,30891,96,231174
34420,0.000278,172.31.47.0-255,66,30957,96,231174
34421,0.000282,172.31.47.0-255,66,31023,96,231174
34422,0.000319,172.31.47.0-255,66,31089,96,231174
34423,0.00034,74.125.24.0-255,1484,32573,96,231174
34424,0.000342,172.31.47.0-255,66,32639,96,231174
34425,0.000355,172.31.47.0-255,66,32705,96,231174
34426,0.000359,74.125.24.0-255,2184,34889,96,231174
34427,0.000363,172.31.47.0-255,66,34955,96,231174
34428,0.000683,74.125.24.0-255,363,35318,96,231174
34429,0.000755,172.31.47.0-255,66,35384,96,231174
34430,0.001386,74.125.24.0-255,127,35511,96,231174
34431,0.001427,74.125.24.0-255,1484,36995,96,231174
34432,0.001431,172.31.47.0-255,66,37061,96,231174
34433,0.00145,74.125.24.0-255,2902,39963,96,231174
34434,0.001452,172.31.47.0-255,66,40029,96,231174
34435,0.001456,74.125.24.0-255,1484,41513,96,231174
34436,0.001476,74.125.24.0-255,5738,47251,96,231174
34437,0.001478,172.31.47.0-255,66,47317,96,231174
34438,0.001483,74.125.24.0-255,5738,53055,96,231174
34439,0.001485,172.31.47.0-255,66,53121,96,231174
34440,0.001496,74.125.24.0-255,1484,54605,96,231174
34441,0.00153,74.125.24.0-255,4320,58925,96,231174
34442,0.001532,172.31.47.0-255,66,58991,96,231174
34443,0.001556,172.31.47.0-255,66,59057,96,231174
34444,0.003541,74.125.24.0-255,5738,64795,96,231174
34445,0.003545,172.31.47.0-255,66,64861,96,231174
34446,0.005561,74.125.24.0-255,5738,70599,96,231174
34447,0.005567,172.31.47.0-255,66,70665,96,231174
34448,0.007574,74.125.24.0-255,5738,76403,96,231174
34449,0.00758,172.31.47.0-255,66,76469,96,231174
34450,0.009606,74.125.24.0-255,5738,82207,96,231174
34451,0.009616,172.31.47.0-255,66,82273,96,231174
34452,0.011602,74.125.24.0-255,5738,88011,96,231174
34453,0.011609,172.31.47.0-255,66,88077,96,231174
34454,0.01362,74.125.24.0-255,5738,93815,96,231174
34455,0.013633,172.31.47.0-255,66,93881,96,231174
34456,0.015632,74.125.24.0-255,5738,99619,96,231174
34457,0.015641,172.31.47.0-255,66,99685,96,231174
34458,0.017676,74.125.24.0-255,5738,105423,96,231174
34459,0.017683,172.31.47.0-255,66,105489,96,231174
34460,0.019675,74.125.24.0-255,5738,111227,96,231174
34461,0.019686,172.31.47.0-255,66,111293,96,231174
34462,0.021703,74.125.24.0-255,5738,117031,96,231174
34463,0.02171,172.31.47.0-255,66,117097,96,231174
34464,0.023193,172.31.47.0-255,172,117269,96,231174
34465,0.023231,172.31.47.0-255,1109,118378,96,231174
34466,0.023289,172.31.47.0-255,1514,119892,96,231174
34467,0.023291,172.31.47.0-255,1302,121194,96,231174
34468,0.023712,74.125.24.0-255,5738,126932,96,231174
34469,0.023716,172.31.47.0-255,66,126998,96,231174
34470,0.024729,104.244.42.0-255,66,127064,96,231174
34471,0.024968,104.244.42.0-255,66,127130,96,231174
34472,0.02497,104.244.42.0-255,66,127196,96,231174
34473,0.025723,74.125.24.0-255,1484,128680,96,231174
34474,0.02575,74.125.24.0-255,4320,133000,96,231174
34475,0.025754,172.31.47.0-255,66,133066,96,231174
34476,0.02773,74.125.24.0-255,5738,138804,96,231174
34477,0.027734,172.31.47.0-255,66,138870,96,231174
34478,0.029754,74.125.24.0-255,5738,144608,96,231174
34479,0.029759,172.31.47.0-255,66,144674,96,231174
34480,0.031761,74.125.24.0-255,5738,150412,96,231174
34481,0.031766,172.31.47.0-255,66,150478,96,231174
34482,0.033765,74.125.24.0-255,4320,154798,96,231174
34483,0.033769,172.31.47.0-255,66,154864,96,231174
34484,0.033797,74.125.24.0-255,1484,156348,96,231174
34485,0.035753,74.125.24.0-255,4320,160668,96,231174
34486,0.035757,172.31.47.0-255,66,160734,96,231174
34487,0.037746,74.125.24.0-255,2902,163636,96,231174
34488,0.037751,172.31.47.0-255,66,163702,96,231174
34489,0.037777,74.125.24.0-255,2902,166604,96,231174
34490,0.03778,172.31.47.0-255,66,166670,96,231174
34491,0.039717,74.125.24.0-255,2902,169572,96,231174
34492,0.039723,172.31.47.0-255,66,169638,96,231174
34493,0.039756,74.125.24.0-255,2902,172540,96,231174
34494,0.039759,172.31.47.0-255,66,172606,96,231174
34495,0.041713,74.125.24.0-255,2902,175508,96,231174
34496,0.041717,172.31.47.0-255,66,175574,96,231174
34497,0.041757,74.125.24.0-255,2902,178476,96,231174
34498,0.041761,172.31.47.0-255,66,178542,96,231174
34499,0.043702,74.125.24.0-255,2902,181444,96,231174
34500,0.043707,172.31.47.0-255,66,181510,96,231174
34501,0.043744,74.125.24.0-255,2902,184412,96,231174
34502,0.043747,172.31.47.0-255,66,184478,96,231174
34503,0.045704,74.125.24.0-255,2902,187380,96,231174
34504,0.04571,172.31.47.0-255,66,187446,96,231174
34505,0.04574,74.125.24.0-255,2902,190348,96,231174
34506,0.045744,172.31.47.0-255,66,190414,96,231174
34507,0.047704,74.125.24.0-255,2902,193316,96,231174
34508,0.047713,172.31.47.0-255,66,193382,96,231174
34509,0.047748,74.125.24.0-255,2902,196284,96,231174
34510,0.047751,172.31.47.0-255,66,196350,96,231174
34511,0.049735,74.125.24.0-255,5738,202088,96,231174
34512,0.049743,172.31.47.0-255,66,202154,96,231174
34513,0.051732,74.125.24.0-255,5738,207892,96,231174
34514,0.051738,172.31.47.0-255,66,207958,96,231174
34515,0.053743,74.125.24.0-255,5738,213696,96,231174
34516,0.05375,172.31.47.0-255,66,213762,96,231174
34517,0.055759,74.125.24.0-255,5738,219500,96,231174
34518,0.055765,172.31.47.0-255,66,219566,96,231174
34519,0.057784,74.125.24.0-255,5738,225304,96,231174
34520,0.05779,172.31.47.0-255,66,225370,96,231174
34521,0.059785,74.125.24.0-255,5738,231108,96,231174
34522,0.059791,172.31.47.0-255,66,231174,96,231174
34523,0.0,172.217.194.0-255,153,153,96,220899
34524,3.2e-05,172.31.47.0-255,66,219,96,220899
34525,4e-05,172.217.194.0-255,1484,1703,96,220899
34526,4.4e-05,172.31.47.0-255,66,1769,96,220899
34527,5.5e-05,172.217.194.0-255,2902,4671,96,220899
34528,5.9e-05,172.31.47.0-255,66,4737,96,220899
34529,6.5e-05,172.217.194.0-255,4320,9057,96,220899
34530,6.7e-05,172.31.47.0-255,66,9123,96,220899
34531,0.000115,172.31.47.0-255,66,9189,96,220899
34532,0.000148,172.31.47.0-255,66,9255,96,220899
34533,0.000349,172.217.194.0-255,1484,10739,96,220899
34534,0.000355,172.31.47.0-255,66,10805,96,220899
34535,0.000361,172.217.194.0-255,2902,13707,96,220899
34536,0.000363,172.31.47.0-255,66,13773,96,220899
34537,0.000376,172.217.194.0-255,4320,18093,96,220899
34538,0.000379,172.31.47.0-255,66,18159,96,220899
34539,0.000382,172.217.194.0-255,1484,19643,96,220899
34540,0.000384,172.31.47.0-255,66,19709,96,220899
34541,0.00043,172.31.47.0-255,66,19775,96,220899
34542,0.000442,172.31.47.0-255,66,19841,96,220899
34543,0.000474,172.217.194.0-255,5960,25801,96,220899
34544,0.000477,172.31.47.0-255,66,25867,96,220899
34545,0.00051,172.217.194.0-255,1484,27351,96,220899
34546,0.000514,172.31.47.0-255,66,27417,96,220899
34547,0.000519,172.217.194.0-255,2902,30319,96,220899
34548,0.000521,172.31.47.0-255,66,30385,96,220899
34549,0.000558,172.217.194.0-255,5738,36123,96,220899
34550,0.000562,172.31.47.0-255,66,36189,96,220899
34551,0.000582,172.31.47.0-255,66,36255,96,220899
34552,0.000596,172.31.47.0-255,66,36321,96,220899
34553,0.001133,172.217.194.0-255,1484,37805,96,220899
34554,0.001144,172.217.194.0-255,2902,40707,96,220899
34555,0.001147,172.31.47.0-255,66,40773,96,220899
34556,0.001155,172.217.194.0-255,5738,46511,96,220899
34557,0.001157,172.31.47.0-255,66,46577,96,220899
34558,0.001205,172.31.47.0-255,66,46643,96,220899
34559,0.001211,172.217.194.0-255,4320,50963,96,220899
34560,0.001213,172.31.47.0-255,66,51029,96,220899
34561,0.001263,172.217.194.0-255,6438,57467,96,220899
34562,0.001268,172.31.47.0-255,66,57533,96,220899
34563,0.001275,172.217.194.0-255,7156,64689,96,220899
34564,0.001277,172.31.47.0-255,66,64755,96,220899
34565,0.001301,172.217.194.0-255,7156,71911,96,220899
34566,0.001304,172.31.47.0-255,66,71977,96,220899
34567,0.001335,172.217.194.0-255,5738,77715,96,220899
34568,0.001341,172.217.194.0-255,5738,83453,96,220899
34569,0.001346,172.31.47.0-255,66,83519,96,220899
34570,0.001349,172.31.47.0-255,66,83585,96,220899
34571,0.001379,172.31.47.0-255,66,83651,96,220899
34572,0.001393,172.31.47.0-255,66,83717,96,220899
34573,0.001397,172.217.194.0-255,2902,86619,96,220899
34574,0.001399,172.31.47.0-255,66,86685,96,220899
34575,0.001459,172.217.194.0-255,7156,93841,96,220899
34576,0.001465,172.31.47.0-255,66,93907,96,220899
34577,0.001507,172.31.47.0-255,66,93973,96,220899
34578,0.001528,172.31.47.0-255,66,94039,96,220899
34579,0.001585,172.31.47.0-255,66,94105,96,220899
34580,0.001615,172.217.194.0-255,766,94871,96,220899
34581,0.001742,172.217.194.0-255,1484,96355,96,220899
34582,0.001748,172.31.47.0-255,66,96421,96,220899
34583,0.001753,172.217.194.0-255,2902,99323,96,220899
34584,0.001755,172.31.47.0-255,66,99389,96,220899
34585,0.001783,172.217.194.0-255,4320,103709,96,220899
34586,0.001787,172.31.47.0-255,66,103775,96,220899
34587,0.001794,172.217.194.0-255,1484,105259,96,220899
34588,0.001798,172.217.194.0-255,2902,108161,96,220899
34589,0.001805,172.31.47.0-255,66,108227,96,220899
34590,0.001829,172.217.194.0-255,2902,111129,96,220899
34591,0.001832,172.31.47.0-255,66,111195,96,220899
34592,0.001844,172.217.194.0-255,7156,118351,96,220899
34593,0.001846,172.31.47.0-255,66,118417,96,220899
34594,0.001882,172.31.47.0-255,66,118483,96,220899
34595,0.00201,172.217.194.0-255,1484,119967,96,220899
34596,0.002029,172.217.194.0-255,2902,122869,96,220899
34597,0.002032,172.31.47.0-255,66,122935,96,220899
34598,0.002055,172.217.194.0-255,5738,128673,96,220899
34599,0.002057,172.31.47.0-255,66,128739,96,220899
34600,0.00206,172.217.194.0-255,1484,130223,96,220899
34601,0.002088,172.31.47.0-255,66,130289,96,220899
34602,0.002111,172.217.194.0-255,2902,133191,96,220899
34603,0.002114,172.31.47.0-255,66,133257,96,220899
34604,0.00214,172.31.47.0-255,66,133323,96,220899
34605,0.002195,172.31.47.0-255,66,133389,96,220899
34606,0.002212,172.31.47.0-255,66,133455,96,220899
34607,0.00444,172.217.194.0-255,5738,139193,96,220899
34608,0.004445,172.31.47.0-255,66,139259,96,220899
34609,0.006683,172.217.194.0-255,5738,144997,96,220899
34610,0.006697,172.31.47.0-255,66,145063,96,220899
34611,0.008955,172.217.194.0-255,5738,150801,96,220899
34612,0.008963,172.31.47.0-255,66,150867,96,220899
34613,0.011227,172.217.194.0-255,5738,156605,96,220899
34614,0.011241,172.31.47.0-255,66,156671,96,220899
34615,0.013504,172.217.194.0-255,5738,162409,96,220899
34616,0.013521,172.31.47.0-255,66,162475,96,220899
34617,0.015771,172.217.194.0-255,5738,168213,96,220899
34618,0.015782,172.31.47.0-255,66,168279,96,220899
34619,0.01806,172.217.194.0-255,5738,174017,96,220899
34620,0.018071,172.31.47.0-255,66,174083,96,220899
34621,0.020303,172.217.194.0-255,5738,179821,96,220899
34622,0.020311,172.31.47.0-255,66,179887,96,220899
34623,0.022562,172.217.194.0-255,5738,185625,96,220899
34624,0.02257,172.31.47.0-255,66,185691,96,220899
34625,0.02483,172.217.194.0-255,5738,191429,96,220899
34626,0.024838,172.31.47.0-255,66,191495,96,220899
34627,0.027093,172.217.194.0-255,5738,197233,96,220899
34628,0.027104,172.31.47.0-255,66,197299,96,220899
34629,0.029364,172.217.194.0-255,5738,203037,96,220899
34630,0.029373,172.31.47.0-255,66,203103,96,220899
34631,0.030215,172.31.47.0-255,172,203275,96,220899
34632,0.030244,172.31.47.0-255,1109,204384,96,220899
34633,0.03031,172.31.47.0-255,1514,205898,96,220899
34634,0.030312,172.31.47.0-255,1514,207412,96,220899
34635,0.030317,172.31.47.0-255,1514,208926,96,220899
34636,0.030318,172.31.47.0-255,1083,210009,96,220899
34637,0.031599,172.217.194.0-255,5738,215747,96,220899
34638,0.031607,172.31.47.0-255,66,215813,96,220899
34639,0.031736,104.244.42.0-255,66,215879,96,220899
34640,0.031891,104.244.42.0-255,66,215945,96,220899
34641,0.031896,104.244.42.0-255,66,216011,96,220899
34642,0.032031,104.244.42.0-255,66,216077,96,220899
34643,0.033861,172.217.194.0-255,4585,220662,96,220899
34644,0.033867,172.31.47.0-255,66,220728,96,220899
34645,0.034063,172.31.47.0-255,105,220833,96,220899
34646,0.036259,172.217.194.0-255,66,220899,96,220899
34647,0.0,172.31.47.0-255,105,105,96,276
34648,0.002089,157.240.13.0-255,105,210,96,276
34649,0.041836,172.31.47.0-255,66,276,96,276
34650,0.0,172.31.47.0-255,105,105,96,105
34651,0.0,74.125.24.0-255,226,226,96,172545
34652,2.5e-05,172.31.47.0-255,66,292,96,172545
34653,3.1e-05,74.125.24.0-255,1484,1776,96,172545
34654,3.6e-05,172.31.47.0-255,66,1842,96,172545
34655,7e-05,74.125.24.0-255,4320,6162,96,172545
34656,7.5e-05,172.31.47.0-255,66,6228,96,172545
34657,0.000259,74.125.24.0-255,5738,11966,96,172545
34658,0.000264,172.31.47.0-255,66,12032,96,172545
34659,0.000277,74.125.24.0-255,1975,14007,96,172545
34660,0.000284,172.31.47.0-255,66,14073,96,172545
34661,0.000597,74.125.24.0-255,1484,15557,96,172545
34662,0.000602,172.31.47.0-255,66,15623,96,172545
34663,0.000662,74.125.24.0-255,2902,18525,96,172545
34664,0.000666,172.31.47.0-255,66,18591,96,172545
34665,0.000788,74.125.24.0-255,5738,24329,96,172545
34666,0.000792,172.31.47.0-255,66,24395,96,172545
34667,0.001043,74.125.24.0-255,4320,28715,96,172545
34668,0.001048,172.31.47.0-255,66,28781,96,172545
34669,0.00107,74.125.24.0-255,2809,31590,96,172545
34670,0.001073,172.31.47.0-255,66,31656,96,172545
34671,0.00356,74.125.24.0-255,2902,34558,96,172545
34672,0.003571,172.31.47.0-255,66,34624,96,172545
34673,0.003608,74.125.24.0-255,2902,37526,96,172545
34674,0.003612,172.31.47.0-255,66,37592,96,172545
34675,0.006099,74.125.24.0-255,2902,40494,96,172545
34676,0.00611,172.31.47.0-255,66,40560,96,172545
34677,0.006144,74.125.24.0-255,2902,43462,96,172545
34678,0.006149,172.31.47.0-255,66,43528,96,172545
34679,0.008624,74.125.24.0-255,2902,46430,96,172545
34680,0.008633,172.31.47.0-255,66,46496,96,172545
34681,0.008674,74.125.24.0-255,2902,49398,96,172545
34682,0.008679,172.31.47.0-255,66,49464,96,172545
34683,0.011149,74.125.24.0-255,2902,52366,96,172545
34684,0.011155,172.31.47.0-255,66,52432,96,172545
34685,0.011199,74.125.24.0-255,2902,55334,96,172545
34686,0.011201,172.31.47.0-255,66,55400,96,172545
34687,0.01368,74.125.24.0-255,2902,58302,96,172545
34688,0.013685,172.31.47.0-255,66,58368,96,172545
34689,0.01373,74.125.24.0-255,2902,61270,96,172545
34690,0.013733,172.31.47.0-255,66,61336,96,172545
34691,0.016206,74.125.24.0-255,2902,64238,96,172545
34692,0.016217,172.31.47.0-255,66,64304,96,172545
34693,0.016257,74.125.24.0-255,2902,67206,96,172545
34694,0.01626,172.31.47.0-255,66,67272,96,172545
34695,0.018731,74.125.24.0-255,2902,70174,96,172545
34696,0.018743,172.31.47.0-255,66,70240,96,172545
34697,0.018782,74.125.24.0-255,2902,73142,96,172545
34698,0.018785,172.31.47.0-255,66,73208,96,172545
34699,0.021273,74.125.24.0-255,2902,76110,96,172545
34700,0.021281,172.31.47.0-255,66,76176,96,172545
34701,0.021315,74.125.24.0-255,2902,79078,96,172545
34702,0.021319,172.31.47.0-255,66,79144,96,172545
34703,0.023818,74.125.24.0-255,2902,82046,96,172545
34704,0.023826,172.31.47.0-255,66,82112,96,172545
34705,0.023873,74.125.24.0-255,2902,85014,96,172545
34706,0.023878,172.31.47.0-255,66,85080,96,172545
34707,0.024293,172.31.47.0-255,172,85252,96,172545
34708,0.024323,172.31.47.0-255,1111,86363,96,172545
34709,0.024361,172.31.47.0-255,1514,87877,96,172545
34710,0.024363,172.31.47.0-255,1300,89177,96,172545
34711,0.025843,104.244.42.0-255,66,89243,96,172545
34712,0.025875,104.244.42.0-255,66,89309,96,172545
34713,0.025903,104.244.42.0-255,66,89375,96,172545
34714,0.026367,74.125.24.0-255,1484,90859,96,172545
34715,0.02637,172.31.47.0-255,66,90925,96,172545
34716,0.026401,74.125.24.0-255,1484,92409,96,172545
34717,0.026404,172.31.47.0-255,66,92475,96,172545
34718,0.02643,74.125.24.0-255,2902,95377,96,172545
34719,0.026434,172.31.47.0-255,66,95443,96,172545
34720,0.028892,74.125.24.0-255,1484,96927,96,172545
34721,0.028921,74.125.24.0-255,4320,101247,96,172545
34722,0.028925,172.31.47.0-255,66,101313,96,172545
34723,0.031459,74.125.24.0-255,5738,107051,96,172545
34724,0.031465,172.31.47.0-255,66,107117,96,172545
34725,0.034007,74.125.24.0-255,2902,110019,96,172545
34726,0.034015,172.31.47.0-255,66,110085,96,172545
34727,0.03408,74.125.24.0-255,2902,112987,96,172545
34728,0.034084,172.31.47.0-255,66,113053,96,172545
34729,0.036536,74.125.24.0-255,2902,115955,96,172545
34730,0.036541,172.31.47.0-255,66,116021,96,172545
34731,0.036605,74.125.24.0-255,2902,118923,96,172545
34732,0.036608,172.31.47.0-255,66,118989,96,172545
34733,0.039077,74.125.24.0-255,2902,121891,96,172545
34734,0.039082,172.31.47.0-255,66,121957,96,172545
34735,0.03912,74.125.24.0-255,2902,124859,96,172545
34736,0.039122,172.31.47.0-255,66,124925,96,172545
34737,0.041604,74.125.24.0-255,2902,127827,96,172545
34738,0.041609,172.31.47.0-255,66,127893,96,172545
34739,0.041658,74.125.24.0-255,2902,130795,96,172545
34740,0.041661,172.31.47.0-255,66,130861,96,172545
34741,0.044123,74.125.24.0-255,2902,133763,96,172545
34742,0.044128,172.31.47.0-255,66,133829,96,172545
34743,0.044175,74.125.24.0-255,2902,136731,96,172545
34744,0.044178,172.31.47.0-255,66,136797,96,172545
34745,0.046643,74.125.24.0-255,2902,139699,96,172545
34746,0.046648,172.31.47.0-255,66,139765,96,172545
34747,0.046681,74.125.24.0-255,1484,141249,96,172545
34748,0.046684,172.31.47.0-255,66,141315,96,172545
34749,0.046703,74.125.24.0-255,1484,142799,96,172545
34750,0.046705,172.31.47.0-255,66,142865,96,172545
34751,0.04918,74.125.24.0-255,2902,145767,96,172545
34752,0.049185,172.31.47.0-255,66,145833,96,172545
34753,0.049219,74.125.24.0-255,2902,148735,96,172545
34754,0.049222,172.31.47.0-255,66,148801,96,172545
34755,0.0517,74.125.24.0-255,2902,151703,96,172545
34756,0.051705,172.31.47.0-255,66,151769,96,172545
34757,0.051751,74.125.24.0-255,2902,154671,96,172545
34758,0.051754,172.31.47.0-255,66,154737,96,172545
34759,0.054238,74.125.24.0-255,2902,157639,96,172545
34760,0.054243,172.31.47.0-255,66,157705,96,172545
34761,0.054281,74.125.24.0-255,2902,160607,96,172545
34762,0.054283,172.31.47.0-255,66,160673,96,172545
34763,0.056811,74.125.24.0-255,2902,163575,96,172545
34764,0.056817,172.31.47.0-255,66,163641,96,172545
34765,0.056851,74.125.24.0-255,2902,166543,96,172545
34766,0.056854,172.31.47.0-255,66,166609,96,172545
34767,0.059344,74.125.24.0-255,2902,169511,96,172545
34768,0.05935,172.31.47.0-255,66,169577,96,172545
34769,0.05938,74.125.24.0-255,2902,172479,96,172545
34770,0.059382,172.31.47.0-255,66,172545,96,172545
34771,0.0,172.31.47.0-255,105,105,96,105
34772,0.0,172.217.194.0-255,152,152,96,158259
34773,3.4e-05,172.31.47.0-255,66,218,96,158259
34774,4.1e-05,172.217.194.0-255,1484,1702,96,158259
34775,4.6e-05,172.31.47.0-255,66,1768,96,158259
34776,5e-05,172.217.194.0-255,2902,4670,96,158259
34777,5.3e-05,172.31.47.0-255,66,4736,96,158259
34778,5.9e-05,172.217.194.0-255,7156,11892,96,158259
34779,6.2e-05,172.31.47.0-255,66,11958,96,158259
34780,0.000124,172.217.194.0-255,1484,13442,96,158259
34781,0.000128,172.31.47.0-255,66,13508,96,158259
34782,0.000148,172.217.194.0-255,4320,17828,96,158259
34783,0.000152,172.31.47.0-255,66,17894,96,158259
34784,0.000184,172.31.47.0-255,66,17960,96,158259
34785,0.000307,172.217.194.0-255,2543,20503,96,158259
34786,0.000312,172.31.47.0-255,66,20569,96,158259
34787,0.000332,172.217.194.0-255,2902,23471,96,158259
34788,0.000335,172.31.47.0-255,66,23537,96,158259
34789,0.000368,172.217.194.0-255,4320,27857,96,158259
34790,0.000372,172.31.47.0-255,66,27923,96,158259
34791,0.000391,172.217.194.0-255,2902,30825,96,158259
34792,0.000394,172.31.47.0-255,66,30891,96,158259
34793,0.000446,172.31.47.0-255,66,30957,96,158259
34794,0.000467,172.217.194.0-255,7156,38113,96,158259
34795,0.00047,172.31.47.0-255,66,38179,96,158259
34796,0.000623,172.217.194.0-255,5738,43917,96,158259
34797,0.000627,172.31.47.0-255,66,43983,96,158259
34798,0.00064,172.217.194.0-255,2531,46514,96,158259
34799,0.000643,172.31.47.0-255,66,46580,96,158259
34800,0.000708,172.217.194.0-255,2902,49482,96,158259
34801,0.000711,172.31.47.0-255,66,49548,96,158259
34802,0.000752,172.31.47.0-255,66,49614,96,158259
34803,0.000999,172.31.47.0-255,66,49680,96,158259
34804,0.001019,172.217.194.0-255,5020,54700,96,158259
34805,0.00103,172.31.47.0-255,66,54766,96,158259
34806,0.001143,172.217.194.0-255,2902,57668,96,158259
34807,0.001147,172.31.47.0-255,66,57734,96,158259
34808,0.001191,172.217.194.0-255,7156,64890,96,158259
34809,0.001192,172.31.47.0-255,66,64956,96,158259
34810,0.001197,172.31.47.0-255,66,65022,96,158259
34811,0.001213,172.217.194.0-255,3317,68339,96,158259
34812,0.001219,172.31.47.0-255,66,68405,96,158259
34813,0.001444,172.217.194.0-255,4320,72725,96,158259
34814,0.001448,172.31.47.0-255,66,72791,96,158259
34815,0.001832,172.217.194.0-255,1484,74275,96,158259
34816,0.00218,172.217.194.0-255,7156,81431,96,158259
34817,0.00257,172.217.194.0-255,4320,85751,96,158259
34818,0.002704,172.217.194.0-255,7156,92907,96,158259
34819,0.003284,172.217.194.0-255,5738,98645,96,158259
34820,0.003389,172.217.194.0-255,7156,105801,96,158259
34821,0.003397,172.217.194.0-255,1484,107285,96,158259
34822,0.00426,172.31.47.0-255,66,107351,96,158259
34823,0.006228,172.217.194.0-255,5738,113089,96,158259
34824,0.006234,172.31.47.0-255,66,113155,96,158259
34825,0.008247,172.217.194.0-255,4320,117475,96,158259
34826,0.008255,172.31.47.0-255,66,117541,96,158259
34827,0.008263,172.217.194.0-255,1484,119025,96,158259
34828,0.01027,172.217.194.0-255,4320,123345,96,158259
34829,0.010278,172.31.47.0-255,66,123411,96,158259
34830,0.01229,172.217.194.0-255,5738,129149,96,158259
34831,0.012887,172.31.47.0-255,66,129215,96,158259
34832,0.014885,172.217.194.0-255,5738,134953,96,158259
34833,0.014893,172.31.47.0-255,66,135019,96,158259
34834,0.01688,172.217.194.0-255,5738,140757,96,158259
34835,0.016959,172.31.47.0-255,66,140823,96,158259
34836,0.018951,172.217.194.0-255,5738,146561,96,158259
34837,0.018958,172.31.47.0-255,66,146627,96,158259
34838,0.020937,172.217.194.0-255,5738,152365,96,158259
34839,0.020943,172.31.47.0-255,66,152431,96,158259
34840,0.022939,172.217.194.0-255,1296,153727,96,158259
34841,0.02306,172.31.47.0-255,66,153793,96,158259
34842,0.023084,172.31.47.0-255,105,153898,96,158259
34843,0.025024,172.217.194.0-255,66,153964,96,158259
34844,0.027275,172.31.47.0-255,172,154136,96,158259
34845,0.027302,172.31.47.0-255,1105,155241,96,158259
34846,0.027329,172.31.47.0-255,1514,156755,96,158259
34847,0.02733,172.31.47.0-255,1306,158061,96,158259
34848,0.02885,104.244.42.0-255,66,158127,96,158259
34849,0.028856,104.244.42.0-255,66,158193,96,158259
34850,0.028858,104.244.42.0-255,66,158259,96,158259
34851,0.0,172.31.47.0-255,105,105,96,276
34852,0.001793,157.240.13.0-255,105,210,96,276
34853,0.001802,172.31.47.0-255,66,276,96,276
34854,0.0,74.125.200.0-255,152,152,96,268158
34855,1.4e-05,172.31.47.0-255,66,218,96,268158
34856,2e-05,74.125.200.0-255,1484,1702,96,268158
34857,2.4e-05,172.31.47.0-255,66,1768,96,268158
34858,3.7e-05,74.125.200.0-255,2902,4670,96,268158
34859,4e-05,172.31.47.0-255,66,4736,96,268158
34860,4.6e-05,74.125.200.0-255,5738,10474,96,268158
34861,4.8e-05,172.31.47.0-255,66,10540,96,268158
34862,8.1e-05,74.125.200.0-255,3510,14050,96,268158
34863,8.3e-05,172.31.47.0-255,66,14116,96,268158
34864,0.000197,74.125.200.0-255,1484,15600,96,268158
34865,0.000201,172.31.47.0-255,66,15666,96,268158
34866,0.000219,74.125.200.0-255,2902,18568,96,268158
34867,0.000221,172.31.47.0-255,66,18634,96,268158
34868,0.000248,74.125.200.0-255,4320,22954,96,268158
34869,0.00025,172.31.47.0-255,66,23020,96,268158
34870,0.000299,172.31.47.0-255,66,23086,96,268158
34871,0.000399,74.125.200.0-255,1484,24570,96,268158
34872,0.000402,172.31.47.0-255,66,24636,96,268158
34873,0.000434,74.125.200.0-255,2902,27538,96,268158
34874,0.000437,172.31.47.0-255,66,27604,96,268158
34875,0.000441,74.125.200.0-255,2902,30506,96,268158
34876,0.000443,172.31.47.0-255,66,30572,96,268158
34877,0.000448,74.125.200.0-255,4320,34892,96,268158
34878,0.000453,172.31.47.0-255,66,34958,96,268158
34879,0.000492,74.125.200.0-255,5379,40337,96,268158
34880,0.000495,172.31.47.0-255,66,40403,96,268158
34881,0.001295,74.125.200.0-255,1484,41887,96,268158
34882,0.001301,172.31.47.0-255,66,41953,96,268158
34883,0.001309,74.125.200.0-255,2902,44855,96,268158
34884,0.001311,172.31.47.0-255,66,44921,96,268158
34885,0.001319,74.125.200.0-255,1484,46405,96,268158
34886,0.001344,74.125.200.0-255,4320,50725,96,268158
34887,0.001346,172.31.47.0-255,66,50791,96,268158
34888,0.001353,74.125.200.0-255,6797,57588,96,268158
34889,0.001354,172.31.47.0-255,66,57654,96,268158
34890,0.001361,74.125.200.0-255,645,58299,96,268158
34891,0.001413,74.125.200.0-255,1484,59783,96,268158
34892,0.001416,172.31.47.0-255,66,59849,96,268158
34893,0.001419,74.125.200.0-255,1484,61333,96,268158
34894,0.001444,74.125.200.0-255,2902,64235,96,268158
34895,0.001446,172.31.47.0-255,66,64301,96,268158
34896,0.001452,74.125.200.0-255,5738,70039,96,268158
34897,0.001454,172.31.47.0-255,66,70105,96,268158
34898,0.001479,74.125.200.0-255,4320,74425,96,268158
34899,0.001481,172.31.47.0-255,66,74491,96,268158
34900,0.001502,74.125.200.0-255,1125,75616,96,268158
34901,0.001521,74.125.200.0-255,2902,78518,96,268158
34902,0.001524,172.31.47.0-255,66,78584,96,268158
34903,0.001552,74.125.200.0-255,2902,81486,96,268158
34904,0.001554,172.31.47.0-255,66,81552,96,268158
34905,0.001558,74.125.200.0-255,2902,84454,96,268158
34906,0.001559,172.31.47.0-255,66,84520,96,268158
34907,0.001594,74.125.200.0-255,5738,90258,96,268158
34908,0.001596,172.31.47.0-255,66,90324,96,268158
34909,0.00162,74.125.200.0-255,2543,92867,96,268158
34910,0.001622,172.31.47.0-255,66,92933,96,268158
34911,0.002042,74.125.200.0-255,1484,94417,96,268158
34912,0.002064,74.125.200.0-255,1484,95901,96,268158
34913,0.002068,172.31.47.0-255,66,95967,96,268158
34914,0.002083,74.125.200.0-255,1484,97451,96,268158
34915,0.002106,74.125.200.0-255,5738,103189,96,268158
34916,0.002109,172.31.47.0-255,66,103255,96,268158
34917,0.002112,74.125.200.0-255,2902,106157,96,268158
34918,0.002114,172.31.47.0-255,66,106223,96,268158
34919,0.002136,74.125.200.0-255,7156,113379,96,268158
34920,0.002143,172.31.47.0-255,66,113445,96,268158
34921,0.002168,74.125.200.0-255,2902,116347,96,268158
34922,0.00217,172.31.47.0-255,66,116413,96,268158
34923,0.002181,172.31.47.0-255,66,116479,96,268158
34924,0.002183,74.125.200.0-255,766,117245,96,268158
34925,0.002295,74.125.200.0-255,1484,118729,96,268158
34926,0.002297,172.31.47.0-255,66,118795,96,268158
34927,0.004467,74.125.200.0-255,2902,121697,96,268158
34928,0.00447,172.31.47.0-255,66,121763,96,268158
34929,0.00458,74.125.200.0-255,2902,124665,96,268158
34930,0.004583,172.31.47.0-255,66,124731,96,268158
34931,0.006762,74.125.200.0-255,2902,127633,96,268158
34932,0.006769,172.31.47.0-255,66,127699,96,268158
34933,0.006872,74.125.200.0-255,2902,130601,96,268158
34934,0.006876,172.31.47.0-255,66,130667,96,268158
34935,0.009077,74.125.200.0-255,2902,133569,96,268158
34936,0.009083,172.31.47.0-255,66,133635,96,268158
34937,0.009153,74.125.200.0-255,2902,136537,96,268158
34938,0.009158,172.31.47.0-255,66,136603,96,268158
34939,0.01138,74.125.200.0-255,2902,139505,96,268158
34940,0.011387,172.31.47.0-255,66,139571,96,268158
34941,0.011431,74.125.200.0-255,2902,142473,96,268158
34942,0.011433,172.31.47.0-255,66,142539,96,268158
34943,0.013682,74.125.200.0-255,2902,145441,96,268158
34944,0.013692,172.31.47.0-255,66,145507,96,268158
34945,0.013724,74.125.200.0-255,2902,148409,96,268158
34946,0.013727,172.31.47.0-255,66,148475,96,268158
34947,0.015981,74.125.200.0-255,2902,151377,96,268158
34948,0.015989,172.31.47.0-255,66,151443,96,268158
34949,0.016025,74.125.200.0-255,2902,154345,96,268158
34950,0.016028,172.31.47.0-255,66,154411,96,268158
34951,0.018289,74.125.200.0-255,2902,157313,96,268158
34952,0.018299,172.31.47.0-255,66,157379,96,268158
34953,0.01833,74.125.200.0-255,2902,160281,96,268158
34954,0.018333,172.31.47.0-255,66,160347,96,268158
34955,0.020585,74.125.200.0-255,2902,163249,96,268158
34956,0.020592,172.31.47.0-255,66,163315,96,268158
34957,0.020617,74.125.200.0-255,2902,166217,96,268158
34958,0.02062,172.31.47.0-255,66,166283,96,268158
34959,0.02289,74.125.200.0-255,4320,170603,96,268158
34960,0.022897,172.31.47.0-255,66,170669,96,268158
34961,0.02292,74.125.200.0-255,1484,172153,96,268158
34962,0.025189,74.125.200.0-255,4320,176473,96,268158
34963,0.025195,172.31.47.0-255,66,176539,96,268158
34964,0.026192,172.31.47.0-255,172,176711,96,268158
34965,0.026219,172.31.47.0-255,1110,177821,96,268158
34966,0.026265,172.31.47.0-255,1514,179335,96,268158
34967,0.026267,172.31.47.0-255,1301,180636,96,268158
34968,0.027489,74.125.200.0-255,5738,186374,96,268158
34969,0.027494,172.31.47.0-255,66,186440,96,268158
34970,0.027728,104.244.42.0-255,66,186506,96,268158
34971,0.027735,104.244.42.0-255,66,186572,96,268158
34972,0.027812,104.244.42.0-255,66,186638,96,268158
34973,0.029804,74.125.200.0-255,2902,189540,96,268158
34974,0.029809,172.31.47.0-255,66,189606,96,268158
34975,0.029834,74.125.200.0-255,2902,192508,96,268158
34976,0.029836,172.31.47.0-255,66,192574,96,268158
34977,0.0321,74.125.200.0-255,2902,195476,96,268158
34978,0.032108,172.31.47.0-255,66,195542,96,268158
34979,0.032138,74.125.200.0-255,2902,198444,96,268158
34980,0.03214,172.31.47.0-255,66,198510,96,268158
34981,0.034452,74.125.200.0-255,5738,204248,96,268158
34982,0.03446,172.31.47.0-255,66,204314,96,268158
34983,0.036754,74.125.200.0-255,5738,210052,96,268158
34984,0.03676,172.31.47.0-255,66,210118,96,268158
34985,0.039045,74.125.200.0-255,5738,215856,96,268158
34986,0.039051,172.31.47.0-255,66,215922,96,268158
34987,0.041349,74.125.200.0-255,5738,221660,96,268158
34988,0.041356,172.31.47.0-255,66,221726,96,268158
34989,0.04366,74.125.200.0-255,5738,227464,96,268158
34990,0.043667,172.31.47.0-255,66,227530,96,268158
34991,0.045967,74.125.200.0-255,5738,233268,96,268158
34992,0.045974,172.31.47.0-255,66,233334,96,268158
34993,0.048269,74.125.200.0-255,5738,239072,96,268158
34994,0.048275,172.31.47.0-255,66,239138,96,268158
34995,0.050569,74.125.200.0-255,5738,244876,96,268158
34996,0.050575,172.31.47.0-255,66,244942,96,268158
34997,0.052884,74.125.200.0-255,5738,250680,96,268158
34998,0.05289,172.31.47.0-255,66,250746,96,268158
34999,0.055176,74.125.200.0-255,5738,256484,96,268158
35000,0.055182,172.31.47.0-255,66,256550,96,268158
35001,0.05748,74.125.200.0-255,5738,262288,96,268158
35002,0.057486,172.31.47.0-255,66,262354,96,268158
35003,0.059788,74.125.200.0-255,5738,268092,96,268158
35004,0.059793,172.31.47.0-255,66,268158,96,268158
35005,0.0,172.217.160.0-255,153,153,96,277630
35006,1.4e-05,172.31.47.0-255,66,219,96,277630
35007,2.9e-05,172.217.160.0-255,1484,1703,96,277630
35008,3.3e-05,172.31.47.0-255,66,1769,96,277630
35009,3.8e-05,172.217.160.0-255,2902,4671,96,277630
35010,4.1e-05,172.31.47.0-255,66,4737,96,277630
35011,6.6e-05,172.217.160.0-255,5738,10475,96,277630
35012,6.9e-05,172.31.47.0-255,66,10541,96,277630
35013,7.4e-05,172.217.160.0-255,2902,13443,96,277630
35014,7.6e-05,172.31.47.0-255,66,13509,96,277630
35015,0.000105,172.217.160.0-255,803,14312,96,277630
35016,0.000107,172.31.47.0-255,66,14378,96,277630
35017,0.000142,172.217.160.0-255,1484,15862,96,277630
35018,0.000145,172.31.47.0-255,66,15928,96,277630
35019,0.000166,172.217.160.0-255,4320,20248,96,277630
35020,0.000169,172.31.47.0-255,66,20314,96,277630
35021,0.000173,172.217.160.0-255,4320,24634,96,277630
35022,0.000175,172.31.47.0-255,66,24700,96,277630
35023,0.00023,172.217.160.0-255,5738,30438,96,277630
35024,0.000233,172.31.47.0-255,66,30504,96,277630
35025,0.000262,172.217.160.0-255,5379,35883,96,277630
35026,0.000264,172.31.47.0-255,66,35949,96,277630
35027,0.000282,172.217.160.0-255,7156,43105,96,277630
35028,0.000285,172.31.47.0-255,66,43171,96,277630
35029,0.00029,172.217.160.0-255,5379,48550,96,277630
35030,0.000292,172.31.47.0-255,66,48616,96,277630
35031,0.0009,172.217.160.0-255,1484,50100,96,277630
35032,0.000905,172.31.47.0-255,66,50166,96,277630
35033,0.000911,172.217.160.0-255,2902,53068,96,277630
35034,0.000913,172.31.47.0-255,66,53134,96,277630
35035,0.000917,172.217.160.0-255,2902,56036,96,277630
35036,0.000918,172.31.47.0-255,66,56102,96,277630
35037,0.000944,172.217.160.0-255,2902,59004,96,277630
35038,0.000947,172.31.47.0-255,66,59070,96,277630
35039,0.000971,172.217.160.0-255,1484,60554,96,277630
35040,0.000992,172.217.160.0-255,5379,65933,96,277630
35041,0.000996,172.31.47.0-255,66,65999,96,277630
35042,0.001105,172.217.160.0-255,1484,67483,96,277630
35043,0.00111,172.217.160.0-255,2902,70385,96,277630
35044,0.001113,172.217.160.0-255,2902,73287,96,277630
35045,0.001118,172.31.47.0-255,66,73353,96,277630
35046,0.00112,172.31.47.0-255,66,73419,96,277630
35047,0.001129,172.217.160.0-255,2902,76321,96,277630
35048,0.001131,172.31.47.0-255,66,76387,96,277630
35049,0.001146,172.217.160.0-255,4320,80707,96,277630
35050,0.001149,172.31.47.0-255,66,80773,96,277630
35051,0.001167,172.217.160.0-255,2543,83316,96,277630
35052,0.001169,172.31.47.0-255,66,83382,96,277630
35053,0.001202,172.217.160.0-255,1484,84866,96,277630
35054,0.00122,172.217.160.0-255,2902,87768,96,277630
35055,0.001222,172.31.47.0-255,66,87834,96,277630
35056,0.001225,172.217.160.0-255,1484,89318,96,277630
35057,0.001242,172.217.160.0-255,4320,93638,96,277630
35058,0.001245,172.31.47.0-255,66,93704,96,277630
35059,0.001265,172.217.160.0-255,6797,100501,96,277630
35060,0.001267,172.31.47.0-255,66,100567,96,277630
35061,0.003166,172.217.160.0-255,5738,106305,96,277630
35062,0.00317,172.31.47.0-255,66,106371,96,277630
35063,0.005066,172.217.160.0-255,5738,112109,96,277630
35064,0.005073,172.31.47.0-255,66,112175,96,277630
35065,0.006966,172.217.160.0-255,5738,117913,96,277630
35066,0.006973,172.31.47.0-255,66,117979,96,277630
35067,0.008873,172.217.160.0-255,5738,123717,96,277630
35068,0.00888,172.31.47.0-255,66,123783,96,277630
35069,0.010798,172.217.160.0-255,5738,129521,96,277630
35070,0.010807,172.31.47.0-255,66,129587,96,277630
35071,0.012706,172.217.160.0-255,5738,135325,96,277630
35072,0.012712,172.31.47.0-255,66,135391,96,277630
35073,0.01461,172.217.160.0-255,5738,141129,96,277630
35074,0.014616,172.31.47.0-255,66,141195,96,277630
35075,0.016511,172.217.160.0-255,5738,146933,96,277630
35076,0.016518,172.31.47.0-255,66,146999,96,277630
35077,0.018428,172.217.160.0-255,5738,152737,96,277630
35078,0.018434,172.31.47.0-255,66,152803,96,277630
35079,0.020328,172.217.160.0-255,5738,158541,96,277630
35080,0.020334,172.31.47.0-255,66,158607,96,277630
35081,0.021548,172.31.47.0-255,172,158779,96,277630
35082,0.02158,172.31.47.0-255,1109,159888,96,277630
35083,0.02163,172.31.47.0-255,1514,161402,96,277630
35084,0.021632,172.31.47.0-255,1302,162704,96,277630
35085,0.022229,172.217.160.0-255,5738,168442,96,277630
35086,0.022235,172.31.47.0-255,66,168508,96,277630
35087,0.023085,104.244.42.0-255,66,168574,96,277630
35088,0.023114,104.244.42.0-255,66,168640,96,277630
35089,0.023147,104.244.42.0-255,66,168706,96,277630
35090,0.024125,172.217.160.0-255,5738,174444,96,277630
35091,0.024129,172.31.47.0-255,66,174510,96,277630
35092,0.026034,172.217.160.0-255,5738,180248,96,277630
35093,0.02604,172.31.47.0-255,66,180314,96,277630
35094,0.027956,172.217.160.0-255,5738,186052,96,277630
35095,0.027962,172.31.47.0-255,66,186118,96,277630
35096,0.029871,172.217.160.0-255,5738,191856,96,277630
35097,0.029877,172.31.47.0-255,66,191922,96,277630
35098,0.031778,172.217.160.0-255,5738,197660,96,277630
35099,0.031783,172.31.47.0-255,66,197726,96,277630
35100,0.033678,172.217.160.0-255,5738,203464,96,277630
35101,0.033684,172.31.47.0-255,66,203530,96,277630
35102,0.035583,172.217.160.0-255,4320,207850,96,277630
35103,0.035589,172.31.47.0-255,66,207916,96,277630
35104,0.035625,172.217.160.0-255,1484,209400,96,277630
35105,0.037494,172.217.160.0-255,4320,213720,96,277630
35106,0.037499,172.31.47.0-255,66,213786,96,277630
35107,0.039459,172.217.160.0-255,5738,219524,96,277630
35108,0.039466,172.31.47.0-255,66,219590,96,277630
35109,0.041359,172.217.160.0-255,5738,225328,96,277630
35110,0.041365,172.31.47.0-255,66,225394,96,277630
35111,0.043258,172.217.160.0-255,5738,231132,96,277630
35112,0.043265,172.31.47.0-255,66,231198,96,277630
35113,0.045157,172.217.160.0-255,5738,236936,96,277630
35114,0.045162,172.31.47.0-255,66,237002,96,277630
35115,0.047056,172.217.160.0-255,5738,242740,96,277630
35116,0.047062,172.31.47.0-255,66,242806,96,277630
35117,0.048972,172.217.160.0-255,5738,248544,96,277630
35118,0.048978,172.31.47.0-255,66,248610,96,277630
35119,0.050885,172.217.160.0-255,5738,254348,96,277630
35120,0.05089,172.31.47.0-255,66,254414,96,277630
35121,0.052792,172.217.160.0-255,5738,260152,96,277630
35122,0.052798,172.31.47.0-255,66,260218,96,277630
35123,0.05472,172.217.160.0-255,5738,265956,96,277630
35124,0.054725,172.31.47.0-255,66,266022,96,277630
35125,0.056631,172.217.160.0-255,5738,271760,96,277630
35126,0.056637,172.31.47.0-255,66,271826,96,277630
35127,0.05854,172.217.160.0-255,5738,277564,96,277630
35128,0.058546,172.31.47.0-255,66,277630,96,277630
35129,0.0,172.217.27.0-255,153,153,96,331962
35130,2.2e-05,172.31.47.0-255,66,219,96,331962
35131,2.9e-05,172.217.27.0-255,1484,1703,96,331962
35132,3.2e-05,172.31.47.0-255,66,1769,96,331962
35133,3.7e-05,172.217.27.0-255,2902,4671,96,331962
35134,3.9e-05,172.31.47.0-255,66,4737,96,331962
35135,4.4e-05,172.217.27.0-255,4320,9057,96,331962
35136,4.6e-05,172.31.47.0-255,66,9123,96,331962
35137,8.1e-05,172.217.27.0-255,4320,13443,96,331962
35138,8.4e-05,172.31.47.0-255,66,13509,96,331962
35139,9.8e-05,172.217.27.0-255,790,14299,96,331962
35140,0.000101,172.31.47.0-255,66,14365,96,331962
35141,0.000148,172.217.27.0-255,1484,15849,96,331962
35142,0.000151,172.31.47.0-255,66,15915,96,331962
35143,0.000156,172.217.27.0-255,2902,18817,96,331962
35144,0.000157,172.31.47.0-255,66,18883,96,331962
35145,0.000171,172.217.27.0-255,4320,23203,96,331962
35146,0.000174,172.31.47.0-255,66,23269,96,331962
35147,0.000195,172.217.27.0-255,1484,24753,96,331962
35148,0.000197,172.31.47.0-255,66,24819,96,331962
35149,0.000203,172.217.27.0-255,6797,31616,96,331962
35150,0.000205,172.31.47.0-255,66,31682,96,331962
35151,0.00025,172.217.27.0-255,7156,38838,96,331962
35152,0.000253,172.31.47.0-255,66,38904,96,331962
35153,0.000259,172.217.27.0-255,5738,44642,96,331962
35154,0.000261,172.31.47.0-255,66,44708,96,331962
35155,0.000287,172.217.27.0-255,3961,48669,96,331962
35156,0.000289,172.31.47.0-255,66,48735,96,331962
35157,0.000666,172.217.27.0-255,1484,50219,96,331962
35158,0.00067,172.31.47.0-255,66,50285,96,331962
35159,0.000678,172.217.27.0-255,2902,53187,96,331962
35160,0.00068,172.31.47.0-255,66,53253,96,331962
35161,0.000686,172.217.27.0-255,5738,58991,96,331962
35162,0.000689,172.217.27.0-255,1484,60475,96,331962
35163,0.00071,172.217.27.0-255,2902,63377,96,331962
35164,0.000738,172.217.27.0-255,2543,65920,96,331962
35165,0.000747,172.217.27.0-255,1484,67404,96,331962
35166,0.000758,172.217.27.0-255,1484,68888,96,331962
35167,0.000769,172.217.27.0-255,4320,73208,96,331962
35168,0.00078,172.217.27.0-255,2902,76110,96,331962
35169,0.000791,172.217.27.0-255,5738,81848,96,331962
35170,0.000801,172.217.27.0-255,1125,82973,96,331962
35171,0.000993,172.217.27.0-255,1484,84457,96,331962
35172,0.001011,172.217.27.0-255,2902,87359,96,331962
35173,0.001031,172.217.27.0-255,5738,93097,96,331962
35174,0.001055,172.217.27.0-255,6797,99894,96,331962
35175,0.001061,172.217.27.0-255,7156,107050,96,331962
35176,0.001096,172.217.27.0-255,4320,111370,96,331962
35177,0.00111,172.217.27.0-255,5267,116637,96,331962
35178,0.00137,172.217.27.0-255,209,116846,96,331962
35179,0.00141,172.217.27.0-255,1484,118330,96,331962
35180,0.001429,172.217.27.0-255,2902,121232,96,331962
35181,0.001437,172.217.27.0-255,1484,122716,96,331962
35182,0.001455,172.217.27.0-255,2902,125618,96,331962
35183,0.00147,172.217.27.0-255,5738,131356,96,331962
35184,0.001486,172.217.27.0-255,1484,132840,96,331962
35185,0.001512,172.217.27.0-255,4320,137160,96,331962
35186,0.001562,172.217.27.0-255,1484,138644,96,331962
35187,0.001579,172.217.27.0-255,3602,142246,96,331962
35188,0.003499,172.31.47.0-255,66,142312,96,331962
35189,0.005135,172.217.27.0-255,5738,148050,96,331962
35190,0.00514,172.31.47.0-255,66,148116,96,331962
35191,0.006756,172.217.27.0-255,5738,153854,96,331962
35192,0.006761,172.31.47.0-255,66,153920,96,331962
35193,0.008384,172.217.27.0-255,5738,159658,96,331962
35194,0.00839,172.31.47.0-255,66,159724,96,331962
35195,0.01002,172.217.27.0-255,5738,165462,96,331962
35196,0.011583,172.31.47.0-255,66,165528,96,331962
35197,0.013198,172.217.27.0-255,5738,171266,96,331962
35198,0.013205,172.31.47.0-255,66,171332,96,331962
35199,0.014824,172.217.27.0-255,5738,177070,96,331962
35200,0.014831,172.31.47.0-255,66,177136,96,331962
35201,0.016446,172.217.27.0-255,5738,182874,96,331962
35202,0.016451,172.31.47.0-255,66,182940,96,331962
35203,0.018063,172.217.27.0-255,5738,188678,96,331962
35204,0.018068,172.31.47.0-255,66,188744,96,331962
35205,0.019685,172.217.27.0-255,5738,194482,96,331962
35206,0.019691,172.31.47.0-255,66,194548,96,331962
35207,0.019694,172.31.47.0-255,172,194720,96,331962
35208,0.019722,172.31.47.0-255,1109,195829,96,331962
35209,0.019749,172.31.47.0-255,1514,197343,96,331962
35210,0.019751,172.31.47.0-255,335,197678,96,331962
35211,0.021268,104.244.42.0-255,66,197744,96,331962
35212,0.021274,104.244.42.0-255,66,197810,96,331962
35213,0.021292,104.244.42.0-255,66,197876,96,331962
35214,0.021303,172.217.27.0-255,1484,199360,96,331962
35215,0.02133,172.217.27.0-255,4320,203680,96,331962
35216,0.021334,172.31.47.0-255,66,203746,96,331962
35217,0.023057,172.217.27.0-255,5738,209484,96,331962
35218,0.023062,172.31.47.0-255,66,209550,96,331962
35219,0.024677,172.217.27.0-255,5738,215288,96,331962
35220,0.024683,172.31.47.0-255,66,215354,96,331962
35221,0.026298,172.217.27.0-255,5738,221092,96,331962
35222,0.026303,172.31.47.0-255,66,221158,96,331962
35223,0.027923,172.217.27.0-255,4320,225478,96,331962
35224,0.027927,172.31.47.0-255,66,225544,96,331962
35225,0.027951,172.217.27.0-255,1484,227028,96,331962
35226,0.029543,172.217.27.0-255,4320,231348,96,331962
35227,0.029547,172.31.47.0-255,66,231414,96,331962
35228,0.031157,172.217.27.0-255,5738,237152,96,331962
35229,0.031202,172.31.47.0-255,66,237218,96,331962
35230,0.032814,172.217.27.0-255,5738,242956,96,331962
35231,0.03282,172.31.47.0-255,66,243022,96,331962
35232,0.034454,172.217.27.0-255,5738,248760,96,331962
35233,0.034461,172.31.47.0-255,66,248826,96,331962
35234,0.036078,172.217.27.0-255,5738,254564,96,331962
35235,0.036083,172.31.47.0-255,66,254630,96,331962
35236,0.037696,172.217.27.0-255,5738,260368,96,331962
35237,0.037701,172.31.47.0-255,66,260434,96,331962
35238,0.039309,172.217.27.0-255,5738,266172,96,331962
35239,0.039314,172.31.47.0-255,66,266238,96,331962
35240,0.040956,172.217.27.0-255,5738,271976,96,331962
35241,0.040962,172.31.47.0-255,66,272042,96,331962
35242,0.042571,172.217.27.0-255,5738,277780,96,331962
35243,0.042577,172.31.47.0-255,66,277846,96,331962
35244,0.04419,172.217.27.0-255,5738,283584,96,331962
35245,0.044196,172.31.47.0-255,66,283650,96,331962
35246,0.045812,172.217.27.0-255,5738,289388,96,331962
35247,0.045816,172.31.47.0-255,66,289454,96,331962
35248,0.047429,172.217.27.0-255,5738,295192,96,331962
35249,0.047433,172.31.47.0-255,66,295258,96,331962
35250,0.049071,172.217.27.0-255,5738,300996,96,331962
35251,0.049077,172.31.47.0-255,66,301062,96,331962
35252,0.050703,172.217.27.0-255,4320,305382,96,331962
35253,0.050707,172.31.47.0-255,66,305448,96,331962
35254,0.050733,172.217.27.0-255,1484,306932,96,331962
35255,0.052325,172.217.27.0-255,2902,309834,96,331962
35256,0.052331,172.31.47.0-255,66,309900,96,331962
35257,0.052356,172.217.27.0-255,1484,311384,96,331962
35258,0.053953,172.217.27.0-255,4320,315704,96,331962
35259,0.054007,172.31.47.0-255,66,315770,96,331962
35260,0.055623,172.217.27.0-255,4320,320090,96,331962
35261,0.055628,172.31.47.0-255,66,320156,96,331962
35262,0.055653,172.217.27.0-255,1484,321640,96,331962
35263,0.057236,172.217.27.0-255,4320,325960,96,331962
35264,0.057241,172.31.47.0-255,66,326026,96,331962
35265,0.058851,172.217.27.0-255,2902,328928,96,331962
35266,0.058855,172.31.47.0-255,66,328994,96,331962
35267,0.058885,172.217.27.0-255,2902,331896,96,331962
35268,0.058903,172.31.47.0-255,66,331962,96,331962
35269,0.0,74.125.24.0-255,153,153,96,182523
35270,2.7e-05,172.31.47.0-255,66,219,96,182523
35271,3.3e-05,74.125.24.0-255,1484,1703,96,182523
35272,3.8e-05,172.31.47.0-255,66,1769,96,182523
35273,4.2e-05,74.125.24.0-255,2902,4671,96,182523
35274,4.5e-05,172.31.47.0-255,66,4737,96,182523
35275,5.8e-05,74.125.24.0-255,7156,11893,96,182523
35276,6.1e-05,172.31.47.0-255,66,11959,96,182523
35277,6.7e-05,74.125.24.0-255,6267,18226,96,182523
35278,6.9e-05,172.31.47.0-255,66,18292,96,182523
35279,0.000115,172.31.47.0-255,66,18358,96,182523
35280,0.000141,74.125.24.0-255,3961,22319,96,182523
35281,0.000144,172.31.47.0-255,66,22385,96,182523
35282,0.000156,74.125.24.0-255,1484,23869,96,182523
35283,0.000163,172.31.47.0-255,66,23935,96,182523
35284,0.000197,172.31.47.0-255,66,24001,96,182523
35285,0.000231,74.125.24.0-255,1484,25485,96,182523
35286,0.000234,172.31.47.0-255,66,25551,96,182523
35287,0.00026,74.125.24.0-255,6797,32348,96,182523
35288,0.000263,172.31.47.0-255,66,32414,96,182523
35289,0.000279,172.31.47.0-255,66,32480,96,182523
35290,0.000285,74.125.24.0-255,5379,37859,96,182523
35291,0.000287,172.31.47.0-255,66,37925,96,182523
35292,0.000313,74.125.24.0-255,646,38571,96,182523
35293,0.000315,172.31.47.0-255,66,38637,96,182523
35294,0.000464,74.125.24.0-255,1484,40121,96,182523
35295,0.000467,172.31.47.0-255,66,40187,96,182523
35296,0.000472,74.125.24.0-255,2902,43089,96,182523
35297,0.000473,172.31.47.0-255,66,43155,96,182523
35298,0.000504,74.125.24.0-255,5738,48893,96,182523
35299,0.000507,172.31.47.0-255,66,48959,96,182523
35300,0.000513,74.125.24.0-255,4320,53279,96,182523
35301,0.000516,172.31.47.0-255,66,53345,96,182523
35302,0.000534,74.125.24.0-255,1994,55339,96,182523
35303,0.00054,172.31.47.0-255,66,55405,96,182523
35304,0.000969,74.125.24.0-255,1484,56889,96,182523
35305,0.000974,172.31.47.0-255,66,56955,96,182523
35306,0.000983,74.125.24.0-255,2902,59857,96,182523
35307,0.000986,172.31.47.0-255,66,59923,96,182523
35308,0.000998,74.125.24.0-255,5738,65661,96,182523
35309,0.001,172.31.47.0-255,66,65727,96,182523
35310,0.001003,74.125.24.0-255,1484,67211,96,182523
35311,0.001049,172.31.47.0-255,66,67277,96,182523
35312,0.001055,74.125.24.0-255,7156,74433,96,182523
35313,0.001057,172.31.47.0-255,66,74499,96,182523
35314,0.00109,74.125.24.0-255,3602,78101,96,182523
35315,0.001095,172.31.47.0-255,66,78167,96,182523
35316,0.001873,74.125.24.0-255,1484,79651,96,182523
35317,0.001883,74.125.24.0-255,2902,82553,96,182523
35318,0.001888,172.31.47.0-255,66,82619,96,182523
35319,0.001895,74.125.24.0-255,5738,88357,96,182523
35320,0.001897,172.31.47.0-255,66,88423,96,182523
35321,0.001938,172.31.47.0-255,66,88489,96,182523
35322,0.001949,172.31.47.0-255,66,88555,96,182523
35323,0.002571,74.125.24.0-255,1484,90039,96,182523
35324,0.002579,74.125.24.0-255,2902,92941,96,182523
35325,0.002583,172.31.47.0-255,66,93007,96,182523
35326,0.002588,74.125.24.0-255,2902,95909,96,182523
35327,0.00259,172.31.47.0-255,66,95975,96,182523
35328,0.002608,74.125.24.0-255,2902,98877,96,182523
35329,0.00261,172.31.47.0-255,66,98943,96,182523
35330,0.00262,74.125.24.0-255,4320,103263,96,182523
35331,0.002622,172.31.47.0-255,66,103329,96,182523
35332,0.002662,172.31.47.0-255,66,103395,96,182523
35333,0.002672,172.31.47.0-255,66,103461,96,182523
35334,0.0027,74.125.24.0-255,2184,105645,96,182523
35335,0.002702,172.31.47.0-255,66,105711,96,182523
35336,0.004001,74.125.24.0-255,1484,107195,96,182523
35337,0.004023,74.125.24.0-255,2902,110097,96,182523
35338,0.004027,172.31.47.0-255,66,110163,96,182523
35339,0.004034,74.125.24.0-255,5738,115901,96,182523
35340,0.004035,172.31.47.0-255,66,115967,96,182523
35341,0.004076,172.31.47.0-255,66,116033,96,182523
35342,0.004086,172.31.47.0-255,66,116099,96,182523
35343,0.004111,74.125.24.0-255,2184,118283,96,182523
35344,0.004114,172.31.47.0-255,66,118349,96,182523
35345,0.004298,74.125.24.0-255,1484,119833,96,182523
35346,0.004304,74.125.24.0-255,2902,122735,96,182523
35347,0.004307,172.31.47.0-255,66,122801,96,182523
35348,0.004344,74.125.24.0-255,5738,128539,96,182523
35349,0.004346,172.31.47.0-255,66,128605,96,182523
35350,0.004391,172.31.47.0-255,66,128671,96,182523
35351,0.004419,74.125.24.0-255,4320,132991,96,182523
35352,0.004422,172.31.47.0-255,66,133057,96,182523
35353,0.004433,172.31.47.0-255,66,133123,96,182523
35354,0.004461,172.31.47.0-255,66,133189,96,182523
35355,0.004466,74.125.24.0-255,4320,137509,96,182523
35356,0.004515,74.125.24.0-255,7156,144665,96,182523
35357,0.00454,74.125.24.0-255,3602,148267,96,182523
35358,0.004592,74.125.24.0-255,1484,149751,96,182523
35359,0.004596,74.125.24.0-255,2902,152653,96,182523
35360,0.004617,74.125.24.0-255,5738,158391,96,182523
35361,0.004647,74.125.24.0-255,7156,165547,96,182523
35362,0.00469,74.125.24.0-255,2184,167731,96,182523
35363,0.004703,74.125.24.0-255,4320,172051,96,182523
35364,0.004728,74.125.24.0-255,5738,177789,96,182523
35365,0.004812,74.125.24.0-255,97,177886,96,182523
35366,0.004859,74.125.24.0-255,105,177991,96,182523
35367,0.00506,172.31.47.0-255,66,178057,96,182523
35368,0.006565,172.31.47.0-255,105,178162,96,182523
35369,0.008777,74.125.24.0-255,66,178228,96,182523
35370,0.023069,172.31.47.0-255,172,178400,96,182523
35371,0.023118,172.31.47.0-255,1111,179511,96,182523
35372,0.023181,172.31.47.0-255,1514,181025,96,182523
35373,0.023182,172.31.47.0-255,1300,182325,96,182523
35374,0.024613,104.244.42.0-255,66,182391,96,182523
35375,0.024656,104.244.42.0-255,66,182457,96,182523
35376,0.024752,104.244.42.0-255,66,182523,96,182523
35377,0.0,74.125.24.0-255,297,297,96,283734
35378,2.2e-05,172.31.47.0-255,66,363,96,283734
35379,2.8e-05,74.125.24.0-255,1484,1847,96,283734
35380,3.1e-05,172.31.47.0-255,66,1913,96,283734
35381,3.7e-05,74.125.24.0-255,4320,6233,96,283734
35382,3.8e-05,172.31.47.0-255,66,6299,96,283734
35383,4.1e-05,74.125.24.0-255,1484,7783,96,283734
35384,4.3e-05,172.31.47.0-255,66,7849,96,283734
35385,6.6e-05,74.125.24.0-255,4320,12169,96,283734
35386,6.8e-05,172.31.47.0-255,66,12235,96,283734
35387,7.1e-05,74.125.24.0-255,1484,13719,96,283734
35388,7.4e-05,172.31.47.0-255,66,13785,96,283734
35389,9.5e-05,172.31.47.0-255,66,13851,96,283734
35390,0.000101,74.125.24.0-255,6797,20648,96,283734
35391,0.000103,172.31.47.0-255,66,20714,96,283734
35392,0.000257,74.125.24.0-255,1484,22198,96,283734
35393,0.000261,172.31.47.0-255,66,22264,96,283734
35394,0.000266,74.125.24.0-255,2902,25166,96,283734
35395,0.000268,172.31.47.0-255,66,25232,96,283734
35396,0.000288,74.125.24.0-255,2902,28134,96,283734
35397,0.000292,172.31.47.0-255,66,28200,96,283734
35398,0.000309,74.125.24.0-255,2902,31102,96,283734
35399,0.000312,172.31.47.0-255,66,31168,96,283734
35400,0.000318,74.125.24.0-255,6797,37965,96,283734
35401,0.000321,172.31.47.0-255,66,38031,96,283734
35402,0.000336,74.125.24.0-255,1484,39515,96,283734
35403,0.000339,172.31.47.0-255,66,39581,96,283734
35404,0.000365,74.125.24.0-255,2902,42483,96,283734
35405,0.000368,172.31.47.0-255,66,42549,96,283734
35406,0.000374,74.125.24.0-255,5738,48287,96,283734
35407,0.000376,172.31.47.0-255,66,48353,96,283734
35408,0.000395,74.125.24.0-255,4320,52673,96,283734
35409,0.000398,172.31.47.0-255,66,52739,96,283734
35410,0.000409,74.125.24.0-255,2543,55282,96,283734
35411,0.000411,172.31.47.0-255,66,55348,96,283734
35412,0.000422,74.125.24.0-255,398,55746,96,283734
35413,0.000465,74.125.24.0-255,112,55858,96,283734
35414,0.000559,74.125.24.0-255,1484,57342,96,283734
35415,0.000563,172.31.47.0-255,66,57408,96,283734
35416,0.000567,74.125.24.0-255,2902,60310,96,283734
35417,0.000569,172.31.47.0-255,66,60376,96,283734
35418,0.000596,74.125.24.0-255,5738,66114,96,283734
35419,0.000598,172.31.47.0-255,66,66180,96,283734
35420,0.000605,74.125.24.0-255,6797,72977,96,283734
35421,0.000607,172.31.47.0-255,66,73043,96,283734
35422,0.000621,74.125.24.0-255,332,73375,96,283734
35423,0.000676,74.125.24.0-255,1484,74859,96,283734
35424,0.000679,172.31.47.0-255,66,74925,96,283734
35425,0.000692,74.125.24.0-255,4320,79245,96,283734
35426,0.000695,172.31.47.0-255,66,79311,96,283734
35427,0.000698,74.125.24.0-255,2902,82213,96,283734
35428,0.0007,172.31.47.0-255,66,82279,96,283734
35429,0.00072,74.125.24.0-255,1484,83763,96,283734
35430,0.000754,74.125.24.0-255,4320,88083,96,283734
35431,0.000757,172.31.47.0-255,66,88149,96,283734
35432,0.000773,74.125.24.0-255,2543,90692,96,283734
35433,0.000776,172.31.47.0-255,66,90758,96,283734
35434,0.00145,74.125.24.0-255,1484,92242,96,283734
35435,0.001459,74.125.24.0-255,2902,95144,96,283734
35436,0.001463,172.31.47.0-255,66,95210,96,283734
35437,0.001469,74.125.24.0-255,4320,99530,96,283734
35438,0.00147,172.31.47.0-255,66,99596,96,283734
35439,0.001482,74.125.24.0-255,1484,101080,96,283734
35440,0.001495,74.125.24.0-255,5738,106818,96,283734
35441,0.001498,172.31.47.0-255,66,106884,96,283734
35442,0.00152,74.125.24.0-255,7156,114040,96,283734
35443,0.001522,172.31.47.0-255,66,114106,96,283734
35444,0.001531,172.31.47.0-255,66,114172,96,283734
35445,0.001862,74.125.24.0-255,1484,115656,96,283734
35446,0.001869,74.125.24.0-255,2902,118558,96,283734
35447,0.001872,172.31.47.0-255,66,118624,96,283734
35448,0.001892,74.125.24.0-255,5738,124362,96,283734
35449,0.001894,172.31.47.0-255,66,124428,96,283734
35450,0.001916,74.125.24.0-255,1484,125912,96,283734
35451,0.001936,172.31.47.0-255,66,125978,96,283734
35452,0.001953,74.125.24.0-255,1484,127462,96,283734
35453,0.001964,172.31.47.0-255,66,127528,96,283734
35454,0.002157,74.125.24.0-255,1484,129012,96,283734
35455,0.002161,74.125.24.0-255,2902,131914,96,283734
35456,0.002164,172.31.47.0-255,66,131980,96,283734
35457,0.002168,74.125.24.0-255,2902,134882,96,283734
35458,0.002171,172.31.47.0-255,66,134948,96,283734
35459,0.002184,74.125.24.0-255,2902,137850,96,283734
35460,0.002186,172.31.47.0-255,66,137916,96,283734
35461,0.002218,172.31.47.0-255,66,137982,96,283734
35462,0.002223,74.125.24.0-255,5738,143720,96,283734
35463,0.002226,172.31.47.0-255,66,143786,96,283734
35464,0.002255,74.125.24.0-255,5020,148806,96,283734
35465,0.002257,172.31.47.0-255,66,148872,96,283734
35466,0.004849,74.125.24.0-255,5738,154610,96,283734
35467,0.004855,172.31.47.0-255,66,154676,96,283734
35468,0.007457,74.125.24.0-255,5738,160414,96,283734
35469,0.007463,172.31.47.0-255,66,160480,96,283734
35470,0.010069,74.125.24.0-255,5738,166218,96,283734
35471,0.010075,172.31.47.0-255,66,166284,96,283734
35472,0.012638,74.125.24.0-255,5738,172022,96,283734
35473,0.012645,172.31.47.0-255,66,172088,96,283734
35474,0.015219,74.125.24.0-255,5738,177826,96,283734
35475,0.015228,172.31.47.0-255,66,177892,96,283734
35476,0.017788,74.125.24.0-255,5738,183630,96,283734
35477,0.017795,172.31.47.0-255,66,183696,96,283734
35478,0.02034,74.125.24.0-255,5738,189434,96,283734
35479,0.020347,172.31.47.0-255,66,189500,96,283734
35480,0.022913,74.125.24.0-255,5738,195238,96,283734
35481,0.02292,172.31.47.0-255,66,195304,96,283734
35482,0.024447,172.31.47.0-255,172,195476,96,283734
35483,0.024485,172.31.47.0-255,1101,196577,96,283734
35484,0.024556,172.31.47.0-255,1514,198091,96,283734
35485,0.024558,172.31.47.0-255,1514,199605,96,283734
35486,0.024559,172.31.47.0-255,1514,201119,96,283734
35487,0.024559,172.31.47.0-255,1095,202214,96,283734
35488,0.025488,74.125.24.0-255,5738,207952,96,283734
35489,0.025496,172.31.47.0-255,66,208018,96,283734
35490,0.025926,104.244.42.0-255,66,208084,96,283734
35491,0.025962,104.244.42.0-255,66,208150,96,283734
35492,0.026056,104.244.42.0-255,66,208216,96,283734
35493,0.02606,104.244.42.0-255,66,208282,96,283734
35494,0.028076,74.125.24.0-255,5738,214020,96,283734
35495,0.028092,172.31.47.0-255,66,214086,96,283734
35496,0.03069,74.125.24.0-255,5738,219824,96,283734
35497,0.030708,172.31.47.0-255,66,219890,96,283734
35498,0.033293,74.125.24.0-255,5738,225628,96,283734
35499,0.033312,172.31.47.0-255,66,225694,96,283734
35500,0.035903,74.125.24.0-255,5738,231432,96,283734
35501,0.035916,172.31.47.0-255,66,231498,96,283734
35502,0.038494,74.125.24.0-255,5738,237236,96,283734
35503,0.038516,172.31.47.0-255,66,237302,96,283734
35504,0.041097,74.125.24.0-255,5738,243040,96,283734
35505,0.041118,172.31.47.0-255,66,243106,96,283734
35506,0.04371,74.125.24.0-255,5738,248844,96,283734
35507,0.043729,172.31.47.0-255,66,248910,96,283734
35508,0.046312,74.125.24.0-255,5738,254648,96,283734
35509,0.046332,172.31.47.0-255,66,254714,96,283734
35510,0.048914,74.125.24.0-255,5738,260452,96,283734
35511,0.048924,172.31.47.0-255,66,260518,96,283734
35512,0.051494,74.125.24.0-255,5738,266256,96,283734
35513,0.051499,172.31.47.0-255,66,266322,96,283734
35514,0.054082,74.125.24.0-255,5738,272060,96,283734
35515,0.054086,172.31.47.0-255,66,272126,96,283734
35516,0.056641,74.125.24.0-255,5738,277864,96,283734
35517,0.056647,172.31.47.0-255,66,277930,96,283734
35518,0.059196,74.125.24.0-255,5738,283668,96,283734
35519,0.0592,172.31.47.0-255,66,283734,96,283734
35520,0.0,172.31.47.0-255,66,66,96,66
35521,0.0,172.217.24.0-255,153,153,96,312423
35522,1.8e-05,172.31.47.0-255,66,219,96,312423
35523,2.4e-05,172.217.24.0-255,1484,1703,96,312423
35524,2.9e-05,172.31.47.0-255,66,1769,96,312423
35525,3.5e-05,172.217.24.0-255,2902,4671,96,312423
35526,3.8e-05,172.31.47.0-255,66,4737,96,312423
35527,7.4e-05,172.217.24.0-255,7156,11893,96,312423
35528,7.7e-05,172.31.47.0-255,66,11959,96,312423
35529,0.000152,172.217.24.0-255,2064,14023,96,312423
35530,0.000157,172.31.47.0-255,66,14089,96,312423
35531,0.000233,172.217.24.0-255,1484,15573,96,312423
35532,0.000237,172.31.47.0-255,66,15639,96,312423
35533,0.000244,172.217.24.0-255,2902,18541,96,312423
35534,0.000247,172.31.47.0-255,66,18607,96,312423
35535,0.000276,172.217.24.0-255,1484,20091,96,312423
35536,0.00028,172.31.47.0-255,66,20157,96,312423
35537,0.000299,172.217.24.0-255,2902,23059,96,312423
35538,0.000302,172.31.47.0-255,66,23125,96,312423
35539,0.00035,172.217.24.0-255,2902,26027,96,312423
35540,0.000354,172.31.47.0-255,66,26093,96,312423
35541,0.000377,172.217.24.0-255,2902,28995,96,312423
35542,0.00038,172.31.47.0-255,66,29061,96,312423
35543,0.000411,172.217.24.0-255,2543,31604,96,312423
35544,0.000414,172.31.47.0-255,66,31670,96,312423
35545,0.000455,172.217.24.0-255,2902,34572,96,312423
35546,0.000458,172.31.47.0-255,66,34638,96,312423
35547,0.000478,172.217.24.0-255,2902,37540,96,312423
35548,0.00048,172.31.47.0-255,66,37606,96,312423
35549,0.0005,172.217.24.0-255,4320,41926,96,312423
35550,0.000503,172.31.47.0-255,66,41992,96,312423
35551,0.000586,172.217.24.0-255,6797,48789,96,312423
35552,0.000592,172.31.47.0-255,66,48855,96,312423
35553,0.00068,172.217.24.0-255,7156,56011,96,312423
35554,0.000706,172.31.47.0-255,66,56077,96,312423
35555,0.000773,172.217.24.0-255,5738,61815,96,312423
35556,0.000792,172.217.24.0-255,4290,66105,96,312423
35557,0.000802,172.31.47.0-255,66,66171,96,312423
35558,0.0012,172.217.24.0-255,114,66285,96,312423
35559,0.001275,172.217.24.0-255,1484,67769,96,312423
35560,0.001281,172.31.47.0-255,66,67835,96,312423
35561,0.001287,172.217.24.0-255,2902,70737,96,312423
35562,0.001321,172.217.24.0-255,5738,76475,96,312423
35563,0.001327,172.31.47.0-255,66,76541,96,312423
35564,0.001338,172.31.47.0-255,66,76607,96,312423
35565,0.001392,172.217.24.0-255,4320,80927,96,312423
35566,0.0014,172.31.47.0-255,66,80993,96,312423
35567,0.001416,172.217.24.0-255,2543,83536,96,312423
35568,0.001429,172.31.47.0-255,66,83602,96,312423
35569,0.001485,172.217.24.0-255,5738,89340,96,312423
35570,0.001488,172.31.47.0-255,66,89406,96,312423
35571,0.001512,172.217.24.0-255,7156,96562,96,312423
35572,0.001517,172.31.47.0-255,66,96628,96,312423
35573,0.001665,172.217.24.0-255,3961,100589,96,312423
35574,0.001681,172.31.47.0-255,66,100655,96,312423
35575,0.001742,172.217.24.0-255,1484,102139,96,312423
35576,0.001746,172.217.24.0-255,2902,105041,96,312423
35577,0.001749,172.31.47.0-255,66,105107,96,312423
35578,0.00178,172.217.24.0-255,1484,106591,96,312423
35579,0.001797,172.217.24.0-255,4320,110911,96,312423
35580,0.001801,172.31.47.0-255,66,110977,96,312423
35581,0.001853,172.217.24.0-255,2902,113879,96,312423
35582,0.001859,172.31.47.0-255,66,113945,96,312423
35583,0.001869,172.217.24.0-255,1484,115429,96,312423
35584,0.001916,172.217.24.0-255,4320,119749,96,312423
35585,0.001925,172.31.47.0-255,66,119815,96,312423
35586,0.001944,172.217.24.0-255,7156,126971,96,312423
35587,0.001951,172.31.47.0-255,66,127037,96,312423
35588,0.00208,172.31.47.0-255,66,127103,96,312423
35589,0.003971,172.217.24.0-255,2902,130005,96,312423
35590,0.003975,172.31.47.0-255,66,130071,96,312423
35591,0.003996,172.217.24.0-255,2902,132973,96,312423
35592,0.00401,172.31.47.0-255,66,133039,96,312423
35593,0.005861,172.217.24.0-255,2902,135941,96,312423
35594,0.005867,172.31.47.0-255,66,136007,96,312423
35595,0.005888,172.217.24.0-255,2902,138909,96,312423
35596,0.00592,172.31.47.0-255,66,138975,96,312423
35597,0.007772,172.217.24.0-255,2902,141877,96,312423
35598,0.00778,172.31.47.0-255,66,141943,96,312423
35599,0.007805,172.217.24.0-255,2902,144845,96,312423
35600,0.007834,172.31.47.0-255,66,144911,96,312423
35601,0.009673,172.217.24.0-255,2902,147813,96,312423
35602,0.009685,172.31.47.0-255,66,147879,96,312423
35603,0.009714,172.217.24.0-255,2902,150781,96,312423
35604,0.009769,172.31.47.0-255,66,150847,96,312423
35605,0.011595,172.217.24.0-255,2902,153749,96,312423
35606,0.011608,172.31.47.0-255,66,153815,96,312423
35607,0.011666,172.217.24.0-255,2902,156717,96,312423
35608,0.011697,172.31.47.0-255,66,156783,96,312423
35609,0.013492,172.217.24.0-255,2902,159685,96,312423
35610,0.013499,172.31.47.0-255,66,159751,96,312423
35611,0.013572,172.217.24.0-255,2902,162653,96,312423
35612,0.013586,172.31.47.0-255,66,162719,96,312423
35613,0.015395,172.217.24.0-255,2902,165621,96,312423
35614,0.015403,172.31.47.0-255,66,165687,96,312423
35615,0.015459,172.217.24.0-255,2902,168589,96,312423
35616,0.015475,172.31.47.0-255,66,168655,96,312423
35617,0.017298,172.217.24.0-255,2902,171557,96,312423
35618,0.017305,172.31.47.0-255,66,171623,96,312423
35619,0.017337,172.217.24.0-255,1484,173107,96,312423
35620,0.017353,172.217.24.0-255,1484,174591,96,312423
35621,0.018204,172.31.47.0-255,66,174657,96,312423
35622,0.019214,172.217.24.0-255,2902,177559,96,312423
35623,0.019221,172.31.47.0-255,66,177625,96,312423
35624,0.020097,172.217.24.0-255,2902,180527,96,312423
35625,0.020104,172.31.47.0-255,66,180593,96,312423
35626,0.021097,172.217.24.0-255,2902,183495,96,312423
35627,0.021102,172.31.47.0-255,66,183561,96,312423
35628,0.021999,172.217.24.0-255,2902,186463,96,312423
35629,0.022006,172.31.47.0-255,66,186529,96,312423
35630,0.022999,172.217.24.0-255,2902,189431,96,312423
35631,0.023006,172.31.47.0-255,66,189497,96,312423
35632,0.023912,172.217.24.0-255,2902,192399,96,312423
35633,0.023917,172.31.47.0-255,66,192465,96,312423
35634,0.024893,172.217.24.0-255,2902,195367,96,312423
35635,0.024899,172.31.47.0-255,66,195433,96,312423
35636,0.025813,172.217.24.0-255,2902,198335,96,312423
35637,0.025819,172.31.47.0-255,66,198401,96,312423
35638,0.026362,172.31.47.0-255,176,198577,96,312423
35639,0.026389,172.31.47.0-255,1105,199682,96,312423
35640,0.02643,172.31.47.0-255,1514,201196,96,312423
35641,0.026432,172.31.47.0-255,1514,202710,96,312423
35642,0.026433,172.31.47.0-255,1514,204224,96,312423
35643,0.026434,172.31.47.0-255,1087,205311,96,312423
35644,0.026826,172.217.24.0-255,2902,208213,96,312423
35645,0.026832,172.31.47.0-255,66,208279,96,312423
35646,0.027714,172.217.24.0-255,2902,211181,96,312423
35647,0.02772,172.31.47.0-255,66,211247,96,312423
35648,0.027906,104.244.42.0-255,66,211313,96,312423
35649,0.027939,104.244.42.0-255,66,211379,96,312423
35650,0.027992,104.244.42.0-255,66,211445,96,312423
35651,0.027996,104.244.42.0-255,66,211511,96,312423
35652,0.028731,172.217.24.0-255,2902,214413,96,312423
35653,0.028737,172.31.47.0-255,66,214479,96,312423
35654,0.029607,172.217.24.0-255,2902,217381,96,312423
35655,0.02962,172.31.47.0-255,66,217447,96,312423
35656,0.030619,172.217.24.0-255,2902,220349,96,312423
35657,0.030626,172.31.47.0-255,66,220415,96,312423
35658,0.031515,172.217.24.0-255,2902,223317,96,312423
35659,0.031521,172.31.47.0-255,66,223383,96,312423
35660,0.032507,172.217.24.0-255,2902,226285,96,312423
35661,0.032512,172.31.47.0-255,66,226351,96,312423
35662,0.033406,172.217.24.0-255,2902,229253,96,312423
35663,0.033411,172.31.47.0-255,66,229319,96,312423
35664,0.03441,172.217.24.0-255,2902,232221,96,312423
35665,0.034417,172.31.47.0-255,66,232287,96,312423
35666,0.035295,172.217.24.0-255,2902,235189,96,312423
35667,0.035302,172.31.47.0-255,66,235255,96,312423
35668,0.036296,172.217.24.0-255,2902,238157,96,312423
35669,0.036302,172.31.47.0-255,66,238223,96,312423
35670,0.037198,172.217.24.0-255,2902,241125,96,312423
35671,0.037204,172.31.47.0-255,66,241191,96,312423
35672,0.038188,172.217.24.0-255,2902,244093,96,312423
35673,0.038195,172.31.47.0-255,66,244159,96,312423
35674,0.039088,172.217.24.0-255,2902,247061,96,312423
35675,0.039095,172.31.47.0-255,66,247127,96,312423
35676,0.040098,172.217.24.0-255,2902,250029,96,312423
35677,0.040104,172.31.47.0-255,66,250095,96,312423
35678,0.040982,172.217.24.0-255,2902,252997,96,312423
35679,0.040988,172.31.47.0-255,66,253063,96,312423
35680,0.041993,172.217.24.0-255,2902,255965,96,312423
35681,0.042,172.31.47.0-255,66,256031,96,312423
35682,0.04287,172.217.24.0-255,2902,258933,96,312423
35683,0.042875,172.31.47.0-255,66,258999,96,312423
35684,0.043897,172.217.24.0-255,2902,261901,96,312423
35685,0.043903,172.31.47.0-255,66,261967,96,312423
35686,0.044754,172.217.24.0-255,2902,264869,96,312423
35687,0.04476,172.31.47.0-255,66,264935,96,312423
35688,0.045796,172.217.24.0-255,2902,267837,96,312423
35689,0.045805,172.31.47.0-255,66,267903,96,312423
35690,0.046641,172.217.24.0-255,2902,270805,96,312423
35691,0.046649,172.31.47.0-255,66,270871,96,312423
35692,0.047685,172.217.24.0-255,2902,273773,96,312423
35693,0.04769,172.31.47.0-255,66,273839,96,312423
35694,0.04853,172.217.24.0-255,2902,276741,96,312423
35695,0.048535,172.31.47.0-255,66,276807,96,312423
35696,0.049574,172.217.24.0-255,2902,279709,96,312423
35697,0.049579,172.31.47.0-255,66,279775,96,312423
35698,0.050414,172.217.24.0-255,2902,282677,96,312423
35699,0.050418,172.31.47.0-255,66,282743,96,312423
35700,0.05148,172.217.24.0-255,2902,285645,96,312423
35701,0.051486,172.31.47.0-255,66,285711,96,312423
35702,0.052304,172.217.24.0-255,2902,288613,96,312423
35703,0.05231,172.31.47.0-255,66,288679,96,312423
35704,0.05337,172.217.24.0-255,2902,291581,96,312423
35705,0.053377,172.31.47.0-255,66,291647,96,312423
35706,0.054205,172.217.24.0-255,2902,294549,96,312423
35707,0.05421,172.31.47.0-255,66,294615,96,312423
35708,0.055272,172.217.24.0-255,2902,297517,96,312423
35709,0.055276,172.31.47.0-255,66,297583,96,312423
35710,0.056088,172.217.24.0-255,2902,300485,96,312423
35711,0.056104,172.31.47.0-255,66,300551,96,312423
35712,0.057152,172.217.24.0-255,2902,303453,96,312423
35713,0.057159,172.31.47.0-255,66,303519,96,312423
35714,0.057986,172.217.24.0-255,2902,306421,96,312423
35715,0.058002,172.31.47.0-255,66,306487,96,312423
35716,0.059042,172.217.24.0-255,2902,309389,96,312423
35717,0.059048,172.31.47.0-255,66,309455,96,312423
35718,0.059905,172.217.24.0-255,2902,312357,96,312423
35719,0.059912,172.31.47.0-255,66,312423,96,312423
35720,0.0,172.217.194.0-255,152,152,96,347147
35721,2.6e-05,172.31.47.0-255,66,218,96,347147
35722,3.3e-05,172.217.194.0-255,1484,1702,96,347147
35723,3.7e-05,172.31.47.0-255,66,1768,96,347147
35724,4.2e-05,172.217.194.0-255,2902,4670,96,347147
35725,4.5e-05,172.31.47.0-255,66,4736,96,347147
35726,6.8e-05,172.217.194.0-255,1484,6220,96,347147
35727,7.1e-05,172.31.47.0-255,66,6286,96,347147
35728,9.6e-05,172.217.194.0-255,4320,10606,96,347147
35729,9.8e-05,172.31.47.0-255,66,10672,96,347147
35730,0.000105,172.217.194.0-255,6357,17029,96,347147
35731,0.000107,172.31.47.0-255,66,17095,96,347147
35732,0.000129,172.217.194.0-255,2902,19997,96,347147
35733,0.000132,172.31.47.0-255,66,20063,96,347147
35734,0.00015,172.31.47.0-255,66,20129,96,347147
35735,0.000169,172.217.194.0-255,2543,22672,96,347147
35736,0.000171,172.31.47.0-255,66,22738,96,347147
35737,0.000204,172.217.194.0-255,1484,24222,96,347147
35738,0.000208,172.31.47.0-255,66,24288,96,347147
35739,0.000226,172.217.194.0-255,2902,27190,96,347147
35740,0.000228,172.31.47.0-255,66,27256,96,347147
35741,0.000232,172.217.194.0-255,1484,28740,96,347147
35742,0.000234,172.31.47.0-255,66,28806,96,347147
35743,0.000261,172.217.194.0-255,4320,33126,96,347147
35744,0.000264,172.31.47.0-255,66,33192,96,347147
35745,0.000289,172.217.194.0-255,6797,39989,96,347147
35746,0.000292,172.31.47.0-255,66,40055,96,347147
35747,0.000298,172.217.194.0-255,7156,47211,96,347147
35748,0.0003,172.31.47.0-255,66,47277,96,347147
35749,0.000334,172.31.47.0-255,66,47343,96,347147
35750,0.000371,172.217.194.0-255,1484,48827,96,347147
35751,0.000395,172.217.194.0-255,4353,53180,96,347147
35752,0.000402,172.31.47.0-255,66,53246,96,347147
35753,0.000403,172.217.194.0-255,7156,60402,96,347147
35754,0.00041,172.31.47.0-255,66,60468,96,347147
35755,0.000422,172.217.194.0-255,3961,64429,96,347147
35756,0.000435,172.31.47.0-255,66,64495,96,347147
35757,0.000468,172.217.194.0-255,2902,67397,96,347147
35758,0.000474,172.31.47.0-255,66,67463,96,347147
35759,0.000479,172.217.194.0-255,1484,68947,96,347147
35760,0.000482,172.217.194.0-255,1484,70431,96,347147
35761,0.00049,172.31.47.0-255,66,70497,96,347147
35762,0.000495,172.217.194.0-255,4320,74817,96,347147
35763,0.000525,172.31.47.0-255,66,74883,96,347147
35764,0.000527,172.217.194.0-255,2902,77785,96,347147
35765,0.00054,172.31.47.0-255,66,77851,96,347147
35766,0.000547,172.217.194.0-255,4259,82110,96,347147
35767,0.000558,172.31.47.0-255,66,82176,96,347147
35768,0.001054,172.217.194.0-255,1484,83660,96,347147
35769,0.001068,172.217.194.0-255,2902,86562,96,347147
35770,0.001072,172.31.47.0-255,66,86628,96,347147
35771,0.001097,172.217.194.0-255,1484,88112,96,347147
35772,0.001113,172.217.194.0-255,2902,91014,96,347147
35773,0.001117,172.31.47.0-255,66,91080,96,347147
35774,0.001138,172.217.194.0-255,5738,96818,96,347147
35775,0.001141,172.217.194.0-255,1484,98302,96,347147
35776,0.001142,172.31.47.0-255,66,98368,96,347147
35777,0.001163,172.217.194.0-255,5738,104106,96,347147
35778,0.001166,172.31.47.0-255,66,104172,96,347147
35779,0.001198,172.217.194.0-255,5738,109910,96,347147
35780,0.001209,172.31.47.0-255,66,109976,96,347147
35781,0.001226,172.31.47.0-255,66,110042,96,347147
35782,0.001245,172.31.47.0-255,66,110108,96,347147
35783,0.001255,172.217.194.0-255,5738,115846,96,347147
35784,0.001259,172.31.47.0-255,66,115912,96,347147
35785,0.001322,172.31.47.0-255,66,115978,96,347147
35786,0.001342,172.217.194.0-255,2902,118880,96,347147
35787,0.001347,172.31.47.0-255,66,118946,96,347147
35788,0.001348,172.217.194.0-255,3602,122548,96,347147
35789,0.001351,172.31.47.0-255,66,122614,96,347147
35790,0.001476,172.217.194.0-255,1484,124098,96,347147
35791,0.001482,172.217.194.0-255,2902,127000,96,347147
35792,0.001492,172.31.47.0-255,66,127066,96,347147
35793,0.001512,172.217.194.0-255,4320,131386,96,347147
35794,0.001515,172.217.194.0-255,1484,132870,96,347147
35795,0.001521,172.31.47.0-255,66,132936,96,347147
35796,0.00154,172.217.194.0-255,7156,140092,96,347147
35797,0.001543,172.217.194.0-255,1484,141576,96,347147
35798,0.001546,172.31.47.0-255,66,141642,96,347147
35799,0.001559,172.217.194.0-255,2902,144544,96,347147
35800,0.001568,172.31.47.0-255,66,144610,96,347147
35801,0.001573,172.217.194.0-255,4320,148930,96,347147
35802,0.001585,172.31.47.0-255,66,148996,96,347147
35803,0.001597,172.31.47.0-255,66,149062,96,347147
35804,0.001644,172.217.194.0-255,1484,150546,96,347147
35805,0.001659,172.217.194.0-255,2902,153448,96,347147
35806,0.001671,172.31.47.0-255,66,153514,96,347147
35807,0.001678,172.217.194.0-255,4320,157834,96,347147
35808,0.00169,172.217.194.0-255,1484,159318,96,347147
35809,0.001695,172.31.47.0-255,66,159384,96,347147
35810,0.001744,172.217.194.0-255,7156,166540,96,347147
35811,0.001747,172.31.47.0-255,66,166606,96,347147
35812,0.001753,172.217.194.0-255,4320,170926,96,347147
35813,0.001763,172.31.47.0-255,66,170992,96,347147
35814,0.001778,172.217.194.0-255,4320,175312,96,347147
35815,0.001783,172.217.194.0-255,4320,179632,96,347147
35816,0.001788,172.31.47.0-255,66,179698,96,347147
35817,0.001807,172.217.194.0-255,3602,183300,96,347147
35818,0.001812,172.31.47.0-255,66,183366,96,347147
35819,0.001849,172.217.194.0-255,1484,184850,96,347147
35820,0.001871,172.217.194.0-255,2902,187752,96,347147
35821,0.00188,172.31.47.0-255,66,187818,96,347147
35822,0.001888,172.217.194.0-255,4320,192138,96,347147
35823,0.001891,172.31.47.0-255,66,192204,96,347147
35824,0.001915,172.217.194.0-255,1484,193688,96,347147
35825,0.001926,172.217.194.0-255,5738,199426,96,347147
35826,0.001931,172.217.194.0-255,2902,202328,96,347147
35827,0.001935,172.31.47.0-255,66,202394,96,347147
35828,0.001971,172.217.194.0-255,5020,207414,96,347147
35829,0.001971,172.31.47.0-255,66,207480,96,347147
35830,0.001976,172.31.47.0-255,66,207546,96,347147
35831,0.002182,172.217.194.0-255,1484,209030,96,347147
35832,0.002201,172.217.194.0-255,2902,211932,96,347147
35833,0.002204,172.31.47.0-255,66,211998,96,347147
35834,0.002245,172.217.194.0-255,5738,217736,96,347147
35835,0.002249,172.31.47.0-255,66,217802,96,347147
35836,0.002267,172.217.194.0-255,5738,223540,96,347147
35837,0.002272,172.31.47.0-255,66,223606,96,347147
35838,0.002292,172.217.194.0-255,7156,230762,96,347147
35839,0.002296,172.31.47.0-255,66,230828,96,347147
35840,0.002321,172.31.47.0-255,66,230894,96,347147
35841,0.002327,172.217.194.0-255,2184,233078,96,347147
35842,0.002331,172.217.194.0-255,2902,235980,96,347147
35843,0.002334,172.31.47.0-255,66,236046,96,347147
35844,0.002338,172.31.47.0-255,66,236112,96,347147
35845,0.002363,172.217.194.0-255,7156,243268,96,347147
35846,0.002376,172.31.47.0-255,66,243334,96,347147
35847,0.00466,172.217.194.0-255,5738,249072,96,347147
35848,0.004667,172.31.47.0-255,66,249138,96,347147
35849,0.006982,172.217.194.0-255,5738,254876,96,347147
35850,0.006987,172.31.47.0-255,66,254942,96,347147
35851,0.009371,172.217.194.0-255,5738,260680,96,347147
35852,0.009387,172.31.47.0-255,66,260746,96,347147
35853,0.011683,172.217.194.0-255,5738,266484,96,347147
35854,0.011697,172.31.47.0-255,66,266550,96,347147
35855,0.013958,172.217.194.0-255,5738,272288,96,347147
35856,0.013965,172.31.47.0-255,66,272354,96,347147
35857,0.016276,172.217.194.0-255,5738,278092,96,347147
35858,0.016284,172.31.47.0-255,66,278158,96,347147
35859,0.018612,172.217.194.0-255,5738,283896,96,347147
35860,0.01862,172.31.47.0-255,66,283962,96,347147
35861,0.020945,172.217.194.0-255,5738,289700,96,347147
35862,0.020951,172.31.47.0-255,66,289766,96,347147
35863,0.023288,172.217.194.0-255,5738,295504,96,347147
35864,0.023296,172.31.47.0-255,66,295570,96,347147
35865,0.025596,172.217.194.0-255,5738,301308,96,347147
35866,0.025602,172.31.47.0-255,66,301374,96,347147
35867,0.027895,172.217.194.0-255,5738,307112,96,347147
35868,0.027912,172.31.47.0-255,66,307178,96,347147
35869,0.030179,172.217.194.0-255,5738,312916,96,347147
35870,0.030192,172.31.47.0-255,66,312982,96,347147
35871,0.032509,172.217.194.0-255,5738,318720,96,347147
35872,0.032524,172.31.47.0-255,66,318786,96,347147
35873,0.033335,172.31.47.0-255,172,318958,96,347147
35874,0.03337,172.31.47.0-255,1104,320062,96,347147
35875,0.033431,172.31.47.0-255,1514,321576,96,347147
35876,0.033433,172.31.47.0-255,1307,322883,96,347147
35877,0.034792,172.217.194.0-255,5738,328621,96,347147
35878,0.034798,172.31.47.0-255,66,328687,96,347147
35879,0.034903,104.244.42.0-255,66,328753,96,347147
35880,0.034977,104.244.42.0-255,66,328819,96,347147
35881,0.035069,104.244.42.0-255,66,328885,96,347147
35882,0.03707,172.217.194.0-255,5738,334623,96,347147
35883,0.037077,172.31.47.0-255,66,334689,96,347147
35884,0.039395,172.217.194.0-255,5738,340427,96,347147
35885,0.039416,172.31.47.0-255,66,340493,96,347147
35886,0.0417,172.217.194.0-255,5738,346231,96,347147
35887,0.041706,172.31.47.0-255,66,346297,96,347147
35888,0.043981,172.217.194.0-255,613,346910,96,347147
35889,0.04412,172.31.47.0-255,66,346976,96,347147
35890,0.044149,172.31.47.0-255,105,347081,96,347147
35891,0.046408,172.217.194.0-255,66,347147,96,347147
35892,0.0,74.125.24.0-255,153,153,96,269500
35893,1.4e-05,172.31.47.0-255,66,219,96,269500
35894,2e-05,74.125.24.0-255,1484,1703,96,269500
35895,2.4e-05,172.31.47.0-255,66,1769,96,269500
35896,2.9e-05,74.125.24.0-255,2902,4671,96,269500
35897,3.1e-05,172.31.47.0-255,66,4737,96,269500
35898,3.6e-05,74.125.24.0-255,4320,9057,96,269500
35899,3.9e-05,172.31.47.0-255,66,9123,96,269500
35900,8.6e-05,74.125.24.0-255,5010,14133,96,269500
35901,8.9e-05,172.31.47.0-255,66,14199,96,269500
35902,0.000801,74.125.24.0-255,1484,15683,96,269500
35903,0.000808,172.31.47.0-255,66,15749,96,269500
35904,0.000816,74.125.24.0-255,2902,18651,96,269500
35905,0.000818,172.31.47.0-255,66,18717,96,269500
35906,0.000822,74.125.24.0-255,1484,20201,96,269500
35907,0.000824,172.31.47.0-255,66,20267,96,269500
35908,0.000847,74.125.24.0-255,2902,23169,96,269500
35909,0.000849,172.31.47.0-255,66,23235,96,269500
35910,0.000867,74.125.24.0-255,5738,28973,96,269500
35911,0.000869,172.31.47.0-255,66,29039,96,269500
35912,0.000895,74.125.24.0-255,3961,33000,96,269500
35913,0.000898,172.31.47.0-255,66,33066,96,269500
35914,0.000904,74.125.24.0-255,7156,40222,96,269500
35915,0.000906,172.31.47.0-255,66,40288,96,269500
35916,0.000917,172.31.47.0-255,66,40354,96,269500
35917,0.000948,74.125.24.0-255,7156,47510,96,269500
35918,0.000954,74.125.24.0-255,6438,53948,96,269500
35919,0.000957,172.31.47.0-255,66,54014,96,269500
35920,0.000964,172.31.47.0-255,66,54080,96,269500
35921,0.000967,74.125.24.0-255,360,54440,96,269500
35922,0.000969,172.31.47.0-255,66,54506,96,269500
35923,0.000992,74.125.24.0-255,130,54636,96,269500
35924,0.001143,74.125.24.0-255,1484,56120,96,269500
35925,0.001147,172.31.47.0-255,66,56186,96,269500
35926,0.001151,74.125.24.0-255,2902,59088,96,269500
35927,0.001153,172.31.47.0-255,66,59154,96,269500
35928,0.001172,74.125.24.0-255,5738,64892,96,269500
35929,0.001174,172.31.47.0-255,66,64958,96,269500
35930,0.001196,74.125.24.0-255,5738,70696,96,269500
35931,0.001199,172.31.47.0-255,66,70762,96,269500
35932,0.001213,74.125.24.0-255,2902,73664,96,269500
35933,0.001215,172.31.47.0-255,66,73730,96,269500
35934,0.001237,74.125.24.0-255,1484,75214,96,269500
35935,0.001269,172.31.47.0-255,66,75280,96,269500
35936,0.001714,74.125.24.0-255,1484,76764,96,269500
35937,0.001722,74.125.24.0-255,2902,79666,96,269500
35938,0.001725,172.31.47.0-255,66,79732,96,269500
35939,0.001732,74.125.24.0-255,5738,85470,96,269500
35940,0.001734,172.31.47.0-255,66,85536,96,269500
35941,0.001752,74.125.24.0-255,1484,87020,96,269500
35942,0.001772,172.31.47.0-255,66,87086,96,269500
35943,0.001796,74.125.24.0-255,4320,91406,96,269500
35944,0.001798,172.31.47.0-255,66,91472,96,269500
35945,0.001824,172.31.47.0-255,66,91538,96,269500
35946,0.002259,74.125.24.0-255,1484,93022,96,269500
35947,0.002266,74.125.24.0-255,1484,94506,96,269500
35948,0.002269,172.31.47.0-255,66,94572,96,269500
35949,0.002283,74.125.24.0-255,1484,96056,96,269500
35950,0.002289,74.125.24.0-255,5738,101794,96,269500
35951,0.002291,172.31.47.0-255,66,101860,96,269500
35952,0.002295,74.125.24.0-255,2902,104762,96,269500
35953,0.002297,172.31.47.0-255,66,104828,96,269500
35954,0.002328,74.125.24.0-255,2902,107730,96,269500
35955,0.002331,172.31.47.0-255,66,107796,96,269500
35956,0.002337,74.125.24.0-255,7156,114952,96,269500
35957,0.002339,172.31.47.0-255,66,115018,96,269500
35958,0.002361,74.125.24.0-255,4320,119338,96,269500
35959,0.002363,172.31.47.0-255,66,119404,96,269500
35960,0.002385,74.125.24.0-255,6438,125842,96,269500
35961,0.002387,172.31.47.0-255,66,125908,96,269500
35962,0.00474,74.125.24.0-255,5738,131646,96,269500
35963,0.004744,172.31.47.0-255,66,131712,96,269500
35964,0.007101,74.125.24.0-255,5738,137450,96,269500
35965,0.007107,172.31.47.0-255,66,137516,96,269500
35966,0.009441,74.125.24.0-255,5738,143254,96,269500
35967,0.009449,172.31.47.0-255,66,143320,96,269500
35968,0.011788,74.125.24.0-255,5738,149058,96,269500
35969,0.011797,172.31.47.0-255,66,149124,96,269500
35970,0.014159,74.125.24.0-255,5738,154862,96,269500
35971,0.014168,172.31.47.0-255,66,154928,96,269500
35972,0.016527,74.125.24.0-255,5738,160666,96,269500
35973,0.016534,172.31.47.0-255,66,160732,96,269500
35974,0.018911,74.125.24.0-255,5738,166470,96,269500
35975,0.018919,172.31.47.0-255,66,166536,96,269500
35976,0.021239,74.125.24.0-255,5738,172274,96,269500
35977,0.021247,172.31.47.0-255,66,172340,96,269500
35978,0.022778,172.31.47.0-255,172,172512,96,269500
35979,0.02281,172.31.47.0-255,1101,173613,96,269500
35980,0.022895,172.31.47.0-255,1514,175127,96,269500
35981,0.022897,172.31.47.0-255,1311,176438,96,269500
35982,0.02363,74.125.24.0-255,5738,182176,96,269500
35983,0.023635,172.31.47.0-255,66,182242,96,269500
35984,0.024349,104.244.42.0-255,66,182308,96,269500
35985,0.024379,104.244.42.0-255,66,182374,96,269500
35986,0.024434,104.244.42.0-255,66,182440,96,269500
35987,0.025992,74.125.24.0-255,5738,188178,96,269500
35988,0.025997,172.31.47.0-255,66,188244,96,269500
35989,0.028353,74.125.24.0-255,5738,193982,96,269500
35990,0.028359,172.31.47.0-255,66,194048,96,269500
35991,0.030726,74.125.24.0-255,5738,199786,96,269500
35992,0.030732,172.31.47.0-255,66,199852,96,269500
35993,0.033055,74.125.24.0-255,5738,205590,96,269500
35994,0.033061,172.31.47.0-255,66,205656,96,269500
35995,0.035418,74.125.24.0-255,5738,211394,96,269500
35996,0.035424,172.31.47.0-255,66,211460,96,269500
35997,0.037769,74.125.24.0-255,5738,217198,96,269500
35998,0.037787,172.31.47.0-255,66,217264,96,269500
35999,0.040161,74.125.24.0-255,5738,223002,96,269500
36000,0.04018,172.31.47.0-255,66,223068,96,269500
36001,0.042578,74.125.24.0-255,5738,228806,96,269500
36002,0.042594,172.31.47.0-255,66,228872,96,269500
36003,0.044969,74.125.24.0-255,5738,234610,96,269500
36004,0.044986,172.31.47.0-255,66,234676,96,269500
36005,0.047352,74.125.24.0-255,5738,240414,96,269500
36006,0.047367,172.31.47.0-255,66,240480,96,269500
36007,0.049726,74.125.24.0-255,5738,246218,96,269500
36008,0.049735,172.31.47.0-255,66,246284,96,269500
36009,0.052098,74.125.24.0-255,5738,252022,96,269500
36010,0.052116,172.31.47.0-255,66,252088,96,269500
36011,0.05449,74.125.24.0-255,5738,257826,96,269500
36012,0.054507,172.31.47.0-255,66,257892,96,269500
36013,0.056854,74.125.24.0-255,5738,263630,96,269500
36014,0.05687,172.31.47.0-255,66,263696,96,269500
36015,0.059259,74.125.24.0-255,5738,269434,96,269500
36016,0.059278,172.31.47.0-255,66,269500,96,269500
36017,0.0,172.217.194.0-255,146,146,96,253742
36018,1.4e-05,172.31.47.0-255,66,212,96,253742
36019,2e-05,172.217.194.0-255,1484,1696,96,253742
36020,2.4e-05,172.31.47.0-255,66,1762,96,253742
36021,2.9e-05,172.217.194.0-255,2902,4664,96,253742
36022,3.2e-05,172.31.47.0-255,66,4730,96,253742
36023,7.7e-05,172.217.194.0-255,7156,11886,96,253742
36024,7.9e-05,172.31.47.0-255,66,11952,96,253742
36025,8.3e-05,172.217.194.0-255,2254,14206,96,253742
36026,8.5e-05,172.31.47.0-255,66,14272,96,253742
36027,9.9e-05,172.217.194.0-255,2902,17174,96,253742
36028,0.000101,172.31.47.0-255,66,17240,96,253742
36029,0.000134,172.217.194.0-255,2902,20142,96,253742
36030,0.000136,172.31.47.0-255,66,20208,96,253742
36031,0.000147,172.217.194.0-255,2902,23110,96,253742
36032,0.000149,172.31.47.0-255,66,23176,96,253742
36033,0.000152,172.217.194.0-255,1484,24660,96,253742
36034,0.000153,172.31.47.0-255,66,24726,96,253742
36035,0.000182,172.217.194.0-255,5738,30464,96,253742
36036,0.000185,172.217.194.0-255,1125,31589,96,253742
36037,0.000188,172.31.47.0-255,66,31655,96,253742
36038,0.000191,172.31.47.0-255,66,31721,96,253742
36039,0.000201,172.217.194.0-255,1484,33205,96,253742
36040,0.000203,172.31.47.0-255,66,33271,96,253742
36041,0.000226,172.217.194.0-255,4320,37591,96,253742
36042,0.000228,172.31.47.0-255,66,37657,96,253742
36043,0.000238,172.31.47.0-255,66,37723,96,253742
36044,0.000247,172.217.194.0-255,1484,39207,96,253742
36045,0.000249,172.31.47.0-255,66,39273,96,253742
36046,0.000268,172.217.194.0-255,5738,45011,96,253742
36047,0.00027,172.31.47.0-255,66,45077,96,253742
36048,0.000305,172.31.47.0-255,66,45143,96,253742
36049,0.000308,172.217.194.0-255,1422,46565,96,253742
36050,0.00031,172.31.47.0-255,66,46631,96,253742
36051,0.000593,172.217.194.0-255,381,47012,96,253742
36052,0.000598,172.31.47.0-255,66,47078,96,253742
36053,0.000777,172.217.194.0-255,1484,48562,96,253742
36054,0.000782,172.31.47.0-255,66,48628,96,253742
36055,0.000787,172.217.194.0-255,2902,51530,96,253742
36056,0.00079,172.31.47.0-255,66,51596,96,253742
36057,0.000793,172.217.194.0-255,1484,53080,96,253742
36058,0.000795,172.31.47.0-255,66,53146,96,253742
36059,0.000812,172.217.194.0-255,4320,57466,96,253742
36060,0.000834,172.31.47.0-255,66,57532,96,253742
36061,0.000853,172.217.194.0-255,5738,63270,96,253742
36062,0.000879,172.31.47.0-255,66,63336,96,253742
36063,0.000884,172.31.47.0-255,66,63402,96,253742
36064,0.001319,172.217.194.0-255,1484,64886,96,253742
36065,0.001324,172.217.194.0-255,2902,67788,96,253742
36066,0.001329,172.31.47.0-255,66,67854,96,253742
36067,0.001332,172.31.47.0-255,66,67920,96,253742
36068,0.001353,172.217.194.0-255,5738,73658,96,253742
36069,0.001356,172.31.47.0-255,66,73724,96,253742
36070,0.001382,172.31.47.0-255,66,73790,96,253742
36071,0.001403,172.217.194.0-255,4320,78110,96,253742
36072,0.00141,172.31.47.0-255,66,78176,96,253742
36073,0.001428,172.31.47.0-255,66,78242,96,253742
36074,0.001576,172.217.194.0-255,1484,79726,96,253742
36075,0.001592,172.217.194.0-255,2902,82628,96,253742
36076,0.001595,172.31.47.0-255,66,82694,96,253742
36077,0.001601,172.217.194.0-255,2902,85596,96,253742
36078,0.001605,172.31.47.0-255,66,85662,96,253742
36079,0.001614,172.217.194.0-255,2902,88564,96,253742
36080,0.001632,172.217.194.0-255,4320,92884,96,253742
36081,0.001643,172.31.47.0-255,66,92950,96,253742
36082,0.001665,172.217.194.0-255,4320,97270,96,253742
36083,0.001691,172.31.47.0-255,66,97336,96,253742
36084,0.00171,172.217.194.0-255,3602,100938,96,253742
36085,0.001725,172.217.194.0-255,4320,105258,96,253742
36086,0.001732,172.31.47.0-255,66,105324,96,253742
36087,0.001794,172.217.194.0-255,4320,109644,96,253742
36088,0.001801,172.31.47.0-255,66,109710,96,253742
36089,0.001845,172.31.47.0-255,66,109776,96,253742
36090,0.001858,172.217.194.0-255,2184,111960,96,253742
36091,0.001878,172.217.194.0-255,6438,118398,96,253742
36092,0.001884,172.217.194.0-255,5738,124136,96,253742
36093,0.0019,172.217.194.0-255,1484,125620,96,253742
36094,0.001903,172.31.47.0-255,66,125686,96,253742
36095,0.001918,172.217.194.0-255,4320,130006,96,253742
36096,0.001962,172.217.194.0-255,2902,132908,96,253742
36097,0.001969,172.31.47.0-255,66,132974,96,253742
36098,0.002003,172.31.47.0-255,66,133040,96,253742
36099,0.002041,172.217.194.0-255,1484,134524,96,253742
36100,0.002044,172.217.194.0-255,1484,136008,96,253742
36101,0.002058,172.217.194.0-255,1484,137492,96,253742
36102,0.002064,172.217.194.0-255,5738,143230,96,253742
36103,0.00208,172.31.47.0-255,66,143296,96,253742
36104,0.002094,172.217.194.0-255,5738,149034,96,253742
36105,0.002106,172.31.47.0-255,66,149100,96,253742
36106,0.002156,172.217.194.0-255,7156,156256,96,253742
36107,0.002215,172.217.194.0-255,1484,157740,96,253742
36108,0.00222,172.217.194.0-255,2902,160642,96,253742
36109,0.002226,172.217.194.0-255,5738,166380,96,253742
36110,0.002256,172.217.194.0-255,4320,170700,96,253742
36111,0.007432,172.31.47.0-255,66,170766,96,253742
36112,0.009705,172.217.194.0-255,5738,176504,96,253742
36113,0.009714,172.31.47.0-255,66,176570,96,253742
36114,0.011989,172.217.194.0-255,5738,182308,96,253742
36115,0.011995,172.31.47.0-255,66,182374,96,253742
36116,0.014252,172.217.194.0-255,5738,188112,96,253742
36117,0.01426,172.31.47.0-255,66,188178,96,253742
36118,0.01654,172.217.194.0-255,5738,193916,96,253742
36119,0.017346,172.31.47.0-255,66,193982,96,253742
36120,0.019618,172.217.194.0-255,5738,199720,96,253742
36121,0.019627,172.31.47.0-255,66,199786,96,253742
36122,0.021903,172.217.194.0-255,5738,205524,96,253742
36123,0.023341,172.31.47.0-255,66,205590,96,253742
36124,0.025567,172.217.194.0-255,5738,211328,96,253742
36125,0.025577,172.31.47.0-255,66,211394,96,253742
36126,0.027826,172.217.194.0-255,5738,217132,96,253742
36127,0.027833,172.31.47.0-255,66,217198,96,253742
36128,0.030074,172.217.194.0-255,5738,222936,96,253742
36129,0.03008,172.31.47.0-255,66,223002,96,253742
36130,0.032331,172.217.194.0-255,5738,228740,96,253742
36131,0.032335,172.31.47.0-255,66,228806,96,253742
36132,0.033253,172.31.47.0-255,172,228978,96,253742
36133,0.033284,172.31.47.0-255,1105,230083,96,253742
36134,0.033331,172.31.47.0-255,1514,231597,96,253742
36135,0.033333,172.31.47.0-255,1306,232903,96,253742
36136,0.034577,172.217.194.0-255,5738,238641,96,253742
36137,0.034584,172.31.47.0-255,66,238707,96,253742
36138,0.034757,104.244.42.0-255,66,238773,96,253742
36139,0.034813,104.244.42.0-255,66,238839,96,253742
36140,0.034849,104.244.42.0-255,66,238905,96,253742
36141,0.036844,172.217.194.0-255,5738,244643,96,253742
36142,0.03685,172.31.47.0-255,66,244709,96,253742
36143,0.039075,172.217.194.0-255,5738,250447,96,253742
36144,0.039081,172.31.47.0-255,66,250513,96,253742
36145,0.041363,172.217.194.0-255,2992,253505,96,253742
36146,0.041369,172.31.47.0-255,66,253571,96,253742
36147,0.041505,172.31.47.0-255,105,253676,96,253742
36148,0.043731,172.217.194.0-255,66,253742,96,253742
36149,0.0,74.125.24.0-255,146,146,96,201444
36150,2.4e-05,172.31.47.0-255,66,212,96,201444
36151,3.1e-05,74.125.24.0-255,1484,1696,96,201444
36152,3.6e-05,172.31.47.0-255,66,1762,96,201444
36153,4.8e-05,74.125.24.0-255,2902,4664,96,201444
36154,5.1e-05,172.31.47.0-255,66,4730,96,201444
36155,9.7e-05,74.125.24.0-255,7156,11886,96,201444
36156,0.0001,172.31.47.0-255,66,11952,96,201444
36157,0.000261,74.125.24.0-255,6419,18371,96,201444
36158,0.000266,172.31.47.0-255,66,18437,96,201444
36159,0.000397,74.125.24.0-255,7156,25593,96,201444
36160,0.000401,172.31.47.0-255,66,25659,96,201444
36161,0.00043,74.125.24.0-255,5379,31038,96,201444
36162,0.000432,172.31.47.0-255,66,31104,96,201444
36163,0.000684,74.125.24.0-255,7156,38260,96,201444
36164,0.000688,172.31.47.0-255,66,38326,96,201444
36165,0.000732,172.31.47.0-255,66,38392,96,201444
36166,0.00118,74.125.24.0-255,5738,44130,96,201444
36167,0.001185,172.31.47.0-255,66,44196,96,201444
36168,0.001215,74.125.24.0-255,6797,50993,96,201444
36169,0.001217,172.31.47.0-255,66,51059,96,201444
36170,0.001474,172.31.47.0-255,66,51125,96,201444
36171,0.001522,172.31.47.0-255,66,51191,96,201444
36172,0.002222,74.125.24.0-255,7156,58347,96,201444
36173,0.002227,172.31.47.0-255,66,58413,96,201444
36174,0.002269,172.31.47.0-255,66,58479,96,201444
36175,0.002305,172.31.47.0-255,66,58545,96,201444
36176,0.003189,74.125.24.0-255,1484,60029,96,201444
36177,0.003192,172.31.47.0-255,66,60095,96,201444
36178,0.003251,172.31.47.0-255,66,60161,96,201444
36179,0.005476,74.125.24.0-255,2902,63063,96,201444
36180,0.005479,172.31.47.0-255,66,63129,96,201444
36181,0.005506,74.125.24.0-255,2902,66031,96,201444
36182,0.005508,172.31.47.0-255,66,66097,96,201444
36183,0.00775,74.125.24.0-255,2902,68999,96,201444
36184,0.007758,172.31.47.0-255,66,69065,96,201444
36185,0.007785,74.125.24.0-255,2902,71967,96,201444
36186,0.007787,172.31.47.0-255,66,72033,96,201444
36187,0.01004,74.125.24.0-255,2902,74935,96,201444
36188,0.010059,74.125.24.0-255,2902,77837,96,201444
36189,0.011531,172.31.47.0-255,66,77903,96,201444
36190,0.013827,74.125.24.0-255,4320,82223,96,201444
36191,0.01384,172.31.47.0-255,66,82289,96,201444
36192,0.01387,74.125.24.0-255,1484,83773,96,201444
36193,0.016105,74.125.24.0-255,4320,88093,96,201444
36194,0.016118,172.31.47.0-255,66,88159,96,201444
36195,0.018401,74.125.24.0-255,5738,93897,96,201444
36196,0.018482,172.31.47.0-255,66,93963,96,201444
36197,0.020781,74.125.24.0-255,5738,99701,96,201444
36198,0.02079,172.31.47.0-255,66,99767,96,201444
36199,0.023056,74.125.24.0-255,5738,105505,96,201444
36200,0.023064,172.31.47.0-255,66,105571,96,201444
36201,0.024139,172.31.47.0-255,172,105743,96,201444
36202,0.024165,172.31.47.0-255,1109,106852,96,201444
36203,0.024215,172.31.47.0-255,1514,108366,96,201444
36204,0.024217,172.31.47.0-255,1302,109668,96,201444
36205,0.025347,74.125.24.0-255,5738,115406,96,201444
36206,0.025353,172.31.47.0-255,66,115472,96,201444
36207,0.025663,104.244.42.0-255,66,115538,96,201444
36208,0.025733,104.244.42.0-255,66,115604,96,201444
36209,0.025806,104.244.42.0-255,66,115670,96,201444
36210,0.02762,74.125.24.0-255,5738,121408,96,201444
36211,0.027629,172.31.47.0-255,66,121474,96,201444
36212,0.02992,74.125.24.0-255,5738,127212,96,201444
36213,0.029937,172.31.47.0-255,66,127278,96,201444
36214,0.032179,74.125.24.0-255,4320,131598,96,201444
36215,0.032187,172.31.47.0-255,66,131664,96,201444
36216,0.032218,74.125.24.0-255,1484,133148,96,201444
36217,0.034465,74.125.24.0-255,4320,137468,96,201444
36218,0.034472,172.31.47.0-255,66,137534,96,201444
36219,0.036749,74.125.24.0-255,5738,143272,96,201444
36220,0.036805,172.31.47.0-255,66,143338,96,201444
36221,0.039075,74.125.24.0-255,5738,149076,96,201444
36222,0.039083,172.31.47.0-255,66,149142,96,201444
36223,0.04132,74.125.24.0-255,5738,154880,96,201444
36224,0.041326,172.31.47.0-255,66,154946,96,201444
36225,0.043676,74.125.24.0-255,5738,160684,96,201444
36226,0.043682,172.31.47.0-255,66,160750,96,201444
36227,0.045983,74.125.24.0-255,5738,166488,96,201444
36228,0.045988,172.31.47.0-255,66,166554,96,201444
36229,0.048235,74.125.24.0-255,5738,172292,96,201444
36230,0.048241,172.31.47.0-255,66,172358,96,201444
36231,0.05052,74.125.24.0-255,5738,178096,96,201444
36232,0.050526,172.31.47.0-255,66,178162,96,201444
36233,0.052831,74.125.24.0-255,5738,183900,96,201444
36234,0.052837,172.31.47.0-255,66,183966,96,201444
36235,0.055095,74.125.24.0-255,5738,189704,96,201444
36236,0.055101,172.31.47.0-255,66,189770,96,201444
36237,0.057364,74.125.24.0-255,5738,195508,96,201444
36238,0.057371,172.31.47.0-255,66,195574,96,201444
36239,0.059652,74.125.24.0-255,4320,199894,96,201444
36240,0.059659,172.31.47.0-255,66,199960,96,201444
36241,0.059685,74.125.24.0-255,1484,201444,96,201444
36242,0.0,172.217.194.0-255,153,153,96,203934
36243,2.7e-05,172.31.47.0-255,66,219,96,203934
36244,3.4e-05,172.217.194.0-255,1484,1703,96,203934
36245,3.8e-05,172.31.47.0-255,66,1769,96,203934
36246,4.3e-05,172.217.194.0-255,2902,4671,96,203934
36247,4.6e-05,172.31.47.0-255,66,4737,96,203934
36248,5.1e-05,172.217.194.0-255,2902,7639,96,203934
36249,5.3e-05,172.31.47.0-255,66,7705,96,203934
36250,8.1e-05,172.217.194.0-255,2902,10607,96,203934
36251,8.3e-05,172.31.47.0-255,66,10673,96,203934
36252,8.8e-05,172.217.194.0-255,4320,14993,96,203934
36253,9e-05,172.31.47.0-255,66,15059,96,203934
36254,0.000116,172.31.47.0-255,66,15125,96,203934
36255,0.000122,172.217.194.0-255,6797,21922,96,203934
36256,0.000124,172.31.47.0-255,66,21988,96,203934
36257,0.000213,172.217.194.0-255,1484,23472,96,203934
36258,0.000215,172.31.47.0-255,66,23538,96,203934
36259,0.00022,172.217.194.0-255,2902,26440,96,203934
36260,0.000221,172.31.47.0-255,66,26506,96,203934
36261,0.00024,172.217.194.0-255,5738,32244,96,203934
36262,0.000243,172.31.47.0-255,66,32310,96,203934
36263,0.000267,172.217.194.0-255,6797,39107,96,203934
36264,0.000269,172.31.47.0-255,66,39173,96,203934
36265,0.000273,172.217.194.0-255,2902,42075,96,203934
36266,0.000275,172.31.47.0-255,66,42141,96,203934
36267,0.000301,172.31.47.0-255,66,42207,96,203934
36268,0.000304,172.217.194.0-255,2543,44750,96,203934
36269,0.000307,172.31.47.0-255,66,44816,96,203934
36270,0.000341,172.217.194.0-255,645,45461,96,203934
36271,0.000344,172.31.47.0-255,66,45527,96,203934
36272,0.000665,172.217.194.0-255,1484,47011,96,203934
36273,0.00067,172.31.47.0-255,66,47077,96,203934
36274,0.000675,172.217.194.0-255,2902,49979,96,203934
36275,0.000677,172.31.47.0-255,66,50045,96,203934
36276,0.000681,172.217.194.0-255,2902,52947,96,203934
36277,0.000683,172.31.47.0-255,66,53013,96,203934
36278,0.000697,172.217.194.0-255,2902,55915,96,203934
36279,0.000699,172.31.47.0-255,66,55981,96,203934
36280,0.000738,172.217.194.0-255,5738,61719,96,203934
36281,0.00074,172.31.47.0-255,66,61785,96,203934
36282,0.000764,172.217.194.0-255,5379,67164,96,203934
36283,0.000766,172.31.47.0-255,66,67230,96,203934
36284,0.000776,172.31.47.0-255,66,67296,96,203934
36285,0.000778,172.217.194.0-255,1125,68421,96,203934
36286,0.00078,172.31.47.0-255,66,68487,96,203934
36287,0.001294,172.217.194.0-255,1484,69971,96,203934
36288,0.001303,172.31.47.0-255,66,70037,96,203934
36289,0.001309,172.217.194.0-255,2902,72939,96,203934
36290,0.001311,172.31.47.0-255,66,73005,96,203934
36291,0.001318,172.217.194.0-255,5738,78743,96,203934
36292,0.00132,172.31.47.0-255,66,78809,96,203934
36293,0.001325,172.217.194.0-255,4320,83129,96,203934
36294,0.001327,172.31.47.0-255,66,83195,96,203934
36295,0.001364,172.31.47.0-255,66,83261,96,203934
36296,0.001368,172.217.194.0-255,2902,86163,96,203934
36297,0.001425,172.217.194.0-255,5020,91183,96,203934
36298,0.001432,172.217.194.0-255,4320,95503,96,203934
36299,0.001444,172.217.194.0-255,1484,96987,96,203934
36300,0.001481,172.217.194.0-255,2902,99889,96,203934
36301,0.001488,172.217.194.0-255,7156,107045,96,203934
36302,0.001512,172.217.194.0-255,7156,114201,96,203934
36303,0.001515,172.217.194.0-255,766,114967,96,203934
36304,0.001595,172.217.194.0-255,1484,116451,96,203934
36305,0.001599,172.217.194.0-255,2902,119353,96,203934
36306,0.001623,172.217.194.0-255,5738,125091,96,203934
36307,0.001689,172.217.194.0-255,4320,129411,96,203934
36308,0.001771,172.217.194.0-255,1484,130895,96,203934
36309,0.001776,172.217.194.0-255,2902,133797,96,203934
36310,0.001808,172.217.194.0-255,5738,139535,96,203934
36311,0.001813,172.217.194.0-255,2902,142437,96,203934
36312,0.001842,172.217.194.0-255,5738,148175,96,203934
36313,0.001864,172.217.194.0-255,5020,153195,96,203934
36314,0.001884,172.217.194.0-255,2902,156097,96,203934
36315,0.001889,172.217.194.0-255,2902,158999,96,203934
36316,0.001903,172.217.194.0-255,1484,160483,96,203934
36317,0.001917,172.217.194.0-255,5738,166221,96,203934
36318,0.001934,172.217.194.0-255,2902,169123,96,203934
36319,0.001944,172.217.194.0-255,4320,173443,96,203934
36320,0.002046,172.217.194.0-255,7156,180599,96,203934
36321,0.002099,172.217.194.0-255,4320,184919,96,203934
36322,0.002166,172.217.194.0-255,5738,190657,96,203934
36323,0.00222,172.217.194.0-255,5738,196395,96,203934
36324,0.002251,172.217.194.0-255,2902,199297,96,203934
36325,0.002303,172.217.194.0-255,105,199402,96,203934
36326,0.005308,172.31.47.0-255,66,199468,96,203934
36327,0.00801,172.31.47.0-255,105,199573,96,203934
36328,0.010526,172.217.194.0-255,66,199639,96,203934
36329,0.03434,172.31.47.0-255,172,199811,96,203934
36330,0.034377,172.31.47.0-255,1105,200916,96,203934
36331,0.034416,172.31.47.0-255,1514,202430,96,203934
36332,0.034418,172.31.47.0-255,1306,203736,96,203934
36333,0.035872,104.244.42.0-255,66,203802,96,203934
36334,0.03593,104.244.42.0-255,66,203868,96,203934
36335,0.035946,104.244.42.0-255,66,203934,96,203934
36336,0.0,172.31.47.0-255,105,105,96,276
36337,0.001521,157.240.13.0-255,105,210,96,276
36338,0.001536,172.31.47.0-255,66,276,96,276
36339,0.0,172.253.118.0-255,153,153,96,238953
36340,2.8e-05,172.31.47.0-255,66,219,96,238953
36341,3.6e-05,172.253.118.0-255,1484,1703,96,238953
36342,4.1e-05,172.31.47.0-255,66,1769,96,238953
36343,5e-05,172.253.118.0-255,2902,4671,96,238953
36344,5.6e-05,172.31.47.0-255,66,4737,96,238953
36345,6.8e-05,172.253.118.0-255,7156,11893,96,238953
36346,7.1e-05,172.31.47.0-255,66,11959,96,238953
36347,7.6e-05,172.253.118.0-255,2128,14087,96,238953
36348,7.9e-05,172.31.47.0-255,66,14153,96,238953
36349,0.000332,172.253.118.0-255,1484,15637,96,238953
36350,0.000339,172.31.47.0-255,66,15703,96,238953
36351,0.000347,172.253.118.0-255,2902,18605,96,238953
36352,0.000351,172.31.47.0-255,66,18671,96,238953
36353,0.00036,172.253.118.0-255,5738,24409,96,238953
36354,0.000364,172.31.47.0-255,66,24475,96,238953
36355,0.000386,172.253.118.0-255,6797,31272,96,238953
36356,0.00039,172.31.47.0-255,66,31338,96,238953
36357,0.000526,172.253.118.0-255,1484,32822,96,238953
36358,0.000532,172.31.47.0-255,66,32888,96,238953
36359,0.000538,172.253.118.0-255,2902,35790,96,238953
36360,0.000541,172.31.47.0-255,66,35856,96,238953
36361,0.00055,172.253.118.0-255,5738,41594,96,238953
36362,0.000554,172.31.47.0-255,66,41660,96,238953
36363,0.000596,172.253.118.0-255,6797,48457,96,238953
36364,0.000601,172.31.47.0-255,66,48523,96,238953
36365,0.000663,172.253.118.0-255,1484,50007,96,238953
36366,0.000669,172.31.47.0-255,66,50073,96,238953
36367,0.000685,172.253.118.0-255,2902,52975,96,238953
36368,0.000689,172.31.47.0-255,66,53041,96,238953
36369,0.000697,172.253.118.0-255,5738,58779,96,238953
36370,0.0007,172.31.47.0-255,66,58845,96,238953
36371,0.000764,172.31.47.0-255,66,58911,96,238953
36372,0.001431,172.253.118.0-255,331,59242,96,238953
36373,0.001497,172.31.47.0-255,66,59308,96,238953
36374,0.001876,172.253.118.0-255,1484,60792,96,238953
36375,0.001893,172.253.118.0-255,2902,63694,96,238953
36376,0.001898,172.31.47.0-255,66,63760,96,238953
36377,0.001907,172.253.118.0-255,5738,69498,96,238953
36378,0.00191,172.31.47.0-255,66,69564,96,238953
36379,0.001922,172.253.118.0-255,7156,76720,96,238953
36380,0.001927,172.31.47.0-255,66,76786,96,238953
36381,0.001948,172.31.47.0-255,66,76852,96,238953
36382,0.001952,172.253.118.0-255,2184,79036,96,238953
36383,0.001955,172.31.47.0-255,66,79102,96,238953
36384,0.004027,172.253.118.0-255,4320,83422,96,238953
36385,0.004034,172.31.47.0-255,66,83488,96,238953
36386,0.004053,172.253.118.0-255,1484,84972,96,238953
36387,0.006093,172.253.118.0-255,4320,89292,96,238953
36388,0.006097,172.31.47.0-255,66,89358,96,238953
36389,0.008182,172.253.118.0-255,5738,95096,96,238953
36390,0.008188,172.31.47.0-255,66,95162,96,238953
36391,0.010266,172.253.118.0-255,5738,100900,96,238953
36392,0.010274,172.31.47.0-255,66,100966,96,238953
36393,0.012347,172.253.118.0-255,5738,106704,96,238953
36394,0.012353,172.31.47.0-255,66,106770,96,238953
36395,0.014456,172.253.118.0-255,5738,112508,96,238953
36396,0.014466,172.31.47.0-255,66,112574,96,238953
36397,0.016536,172.253.118.0-255,5738,118312,96,238953
36398,0.016542,172.31.47.0-255,66,118378,96,238953
36399,0.018628,172.253.118.0-255,5738,124116,96,238953
36400,0.018632,172.31.47.0-255,66,124182,96,238953
36401,0.020701,172.253.118.0-255,5738,129920,96,238953
36402,0.020707,172.31.47.0-255,66,129986,96,238953
36403,0.022762,172.253.118.0-255,5738,135724,96,238953
36404,0.022769,172.31.47.0-255,66,135790,96,238953
36405,0.023715,172.31.47.0-255,172,135962,96,238953
36406,0.023747,172.31.47.0-255,1101,137063,96,238953
36407,0.023803,172.31.47.0-255,1514,138577,96,238953
36408,0.023805,172.31.47.0-255,1312,139889,96,238953
36409,0.024838,172.253.118.0-255,5738,145627,96,238953
36410,0.024848,172.31.47.0-255,66,145693,96,238953
36411,0.025238,104.244.42.0-255,66,145759,96,238953
36412,0.0253,104.244.42.0-255,66,145825,96,238953
36413,0.025304,104.244.42.0-255,66,145891,96,238953
36414,0.026905,172.253.118.0-255,5738,151629,96,238953
36415,0.026909,172.31.47.0-255,66,151695,96,238953
36416,0.028988,172.253.118.0-255,5738,157433,96,238953
36417,0.028993,172.31.47.0-255,66,157499,96,238953
36418,0.031067,172.253.118.0-255,5738,163237,96,238953
36419,0.031072,172.31.47.0-255,66,163303,96,238953
36420,0.033152,172.253.118.0-255,5738,169041,96,238953
36421,0.033158,172.31.47.0-255,66,169107,96,238953
36422,0.035198,172.253.118.0-255,5738,174845,96,238953
36423,0.035204,172.31.47.0-255,66,174911,96,238953
36424,0.037276,172.253.118.0-255,5738,180649,96,238953
36425,0.037281,172.31.47.0-255,66,180715,96,238953
36426,0.039346,172.253.118.0-255,5738,186453,96,238953
36427,0.039351,172.31.47.0-255,66,186519,96,238953
36428,0.041414,172.253.118.0-255,5738,192257,96,238953
36429,0.041435,172.31.47.0-255,66,192323,96,238953
36430,0.04351,172.253.118.0-255,5738,198061,96,238953
36431,0.043515,172.31.47.0-255,66,198127,96,238953
36432,0.045584,172.253.118.0-255,5738,203865,96,238953
36433,0.045589,172.31.47.0-255,66,203931,96,238953
36434,0.047655,172.253.118.0-255,5738,209669,96,238953
36435,0.047661,172.31.47.0-255,66,209735,96,238953
36436,0.049727,172.253.118.0-255,2902,212637,96,238953
36437,0.049732,172.31.47.0-255,66,212703,96,238953
36438,0.049765,172.253.118.0-255,2902,215605,96,238953
36439,0.049769,172.31.47.0-255,66,215671,96,238953
36440,0.051795,172.253.118.0-255,1484,217155,96,238953
36441,0.051826,172.253.118.0-255,4320,221475,96,238953
36442,0.051831,172.31.47.0-255,66,221541,96,238953
36443,0.053922,172.253.118.0-255,5738,227279,96,238953
36444,0.053926,172.31.47.0-255,66,227345,96,238953
36445,0.056025,172.253.118.0-255,5738,233083,96,238953
36446,0.05603,172.31.47.0-255,66,233149,96,238953
36447,0.058104,172.253.118.0-255,5738,238887,96,238953
36448,0.058119,172.31.47.0-255,66,238953,96,238953
36449,0.0,172.31.47.0-255,105,105,96,105
36450,0.0,74.125.68.0-255,158,158,96,382493
36451,1.5e-05,172.31.47.0-255,66,224,96,382493
36452,2e-05,74.125.68.0-255,1484,1708,96,382493
36453,2.5e-05,172.31.47.0-255,66,1774,96,382493
36454,5e-05,74.125.68.0-255,2902,4676,96,382493
36455,5.3e-05,172.31.47.0-255,66,4742,96,382493
36456,5.6e-05,74.125.68.0-255,1484,6226,96,382493
36457,5.8e-05,172.31.47.0-255,66,6292,96,382493
36458,7.4e-05,74.125.68.0-255,2902,9194,96,382493
36459,7.6e-05,172.31.47.0-255,66,9260,96,382493
36460,9.2e-05,74.125.68.0-255,1484,10744,96,382493
36461,9.4e-05,172.31.47.0-255,66,10810,96,382493
36462,0.000114,74.125.68.0-255,4837,15647,96,382493
36463,0.000117,172.31.47.0-255,66,15713,96,382493
36464,0.000122,74.125.68.0-255,5738,21451,96,382493
36465,0.000124,172.31.47.0-255,66,21517,96,382493
36466,0.000128,74.125.68.0-255,2902,24419,96,382493
36467,0.000129,172.31.47.0-255,66,24485,96,382493
36468,0.000148,74.125.68.0-255,4320,28805,96,382493
36469,0.00015,172.31.47.0-255,66,28871,96,382493
36470,0.000161,74.125.68.0-255,2543,31414,96,382493
36471,0.000163,172.31.47.0-255,66,31480,96,382493
36472,0.000417,74.125.68.0-255,1484,32964,96,382493
36473,0.000422,172.31.47.0-255,66,33030,96,382493
36474,0.000427,74.125.68.0-255,2902,35932,96,382493
36475,0.000429,172.31.47.0-255,66,35998,96,382493
36476,0.000458,74.125.68.0-255,5738,41736,96,382493
36477,0.000461,172.31.47.0-255,66,41802,96,382493
36478,0.000465,74.125.68.0-255,2902,44704,96,382493
36479,0.000467,172.31.47.0-255,66,44770,96,382493
36480,0.000479,74.125.68.0-255,3961,48731,96,382493
36481,0.000481,172.31.47.0-255,66,48797,96,382493
36482,0.000514,74.125.68.0-255,1484,50281,96,382493
36483,0.000539,74.125.68.0-255,2902,53183,96,382493
36484,0.000542,172.31.47.0-255,66,53249,96,382493
36485,0.000566,74.125.68.0-255,5738,58987,96,382493
36486,0.000568,172.31.47.0-255,66,59053,96,382493
36487,0.000594,74.125.68.0-255,7071,66124,96,382493
36488,0.000598,172.31.47.0-255,66,66190,96,382493
36489,0.000613,74.125.68.0-255,134,66324,96,382493
36490,0.000688,74.125.68.0-255,1484,67808,96,382493
36491,0.000692,172.31.47.0-255,66,67874,96,382493
36492,0.000714,74.125.68.0-255,2902,70776,96,382493
36493,0.000717,172.31.47.0-255,66,70842,96,382493
36494,0.00072,74.125.68.0-255,1484,72326,96,382493
36495,0.000724,74.125.68.0-255,2902,75228,96,382493
36496,0.000725,172.31.47.0-255,66,75294,96,382493
36497,0.000728,74.125.68.0-255,1484,76778,96,382493
36498,0.000743,74.125.68.0-255,4320,81098,96,382493
36499,0.000746,172.31.47.0-255,66,81164,96,382493
36500,0.000772,74.125.68.0-255,5738,86902,96,382493
36501,0.000775,172.31.47.0-255,66,86968,96,382493
36502,0.00079,74.125.68.0-255,5738,92706,96,382493
36503,0.000793,172.31.47.0-255,66,92772,96,382493
36504,0.00083,74.125.68.0-255,7156,99928,96,382493
36505,0.000833,172.31.47.0-255,66,99994,96,382493
36506,0.000855,74.125.68.0-255,766,100760,96,382493
36507,0.000885,74.125.68.0-255,1484,102244,96,382493
36508,0.000888,172.31.47.0-255,66,102310,96,382493
36509,0.000925,74.125.68.0-255,2902,105212,96,382493
36510,0.000928,172.31.47.0-255,66,105278,96,382493
36511,0.000938,74.125.68.0-255,1484,106762,96,382493
36512,0.000954,74.125.68.0-255,2902,109664,96,382493
36513,0.000956,172.31.47.0-255,66,109730,96,382493
36514,0.000982,172.31.47.0-255,66,109796,96,382493
36515,0.001031,172.31.47.0-255,66,109862,96,382493
36516,0.001038,74.125.68.0-255,6438,116300,96,382493
36517,0.001039,172.31.47.0-255,66,116366,96,382493
36518,0.001076,74.125.68.0-255,1484,117850,96,382493
36519,0.00108,74.125.68.0-255,1484,119334,96,382493
36520,0.001082,172.31.47.0-255,66,119400,96,382493
36521,0.001098,74.125.68.0-255,1484,120884,96,382493
36522,0.00111,74.125.68.0-255,4320,125204,96,382493
36523,0.001112,172.31.47.0-255,66,125270,96,382493
36524,0.00113,74.125.68.0-255,1484,126754,96,382493
36525,0.001147,74.125.68.0-255,4320,131074,96,382493
36526,0.001149,172.31.47.0-255,66,131140,96,382493
36527,0.001169,74.125.68.0-255,4320,135460,96,382493
36528,0.001171,172.31.47.0-255,66,135526,96,382493
36529,0.001185,74.125.68.0-255,1484,137010,96,382493
36530,0.001223,74.125.68.0-255,4320,141330,96,382493
36531,0.001225,172.31.47.0-255,66,141396,96,382493
36532,0.001243,74.125.68.0-255,2902,144298,96,382493
36533,0.001245,172.31.47.0-255,66,144364,96,382493
36534,0.00126,74.125.68.0-255,2902,147266,96,382493
36535,0.001262,172.31.47.0-255,66,147332,96,382493
36536,0.001279,74.125.68.0-255,2902,150234,96,382493
36537,0.001282,172.31.47.0-255,66,150300,96,382493
36538,0.001314,74.125.68.0-255,766,151066,96,382493
36539,0.001609,74.125.68.0-255,1484,152550,96,382493
36540,0.001615,172.31.47.0-255,66,152616,96,382493
36541,0.00162,74.125.68.0-255,2902,155518,96,382493
36542,0.001623,172.31.47.0-255,66,155584,96,382493
36543,0.001625,74.125.68.0-255,1484,157068,96,382493
36544,0.001647,74.125.68.0-255,2902,159970,96,382493
36545,0.00165,172.31.47.0-255,66,160036,96,382493
36546,0.001653,74.125.68.0-255,2902,162938,96,382493
36547,0.001655,172.31.47.0-255,66,163004,96,382493
36548,0.001669,74.125.68.0-255,2902,165906,96,382493
36549,0.001671,172.31.47.0-255,66,165972,96,382493
36550,0.001703,172.31.47.0-255,66,166038,96,382493
36551,0.001738,74.125.68.0-255,5738,171776,96,382493
36552,0.00174,172.31.47.0-255,66,171842,96,382493
36553,0.001757,74.125.68.0-255,3602,175444,96,382493
36554,0.001759,172.31.47.0-255,66,175510,96,382493
36555,0.001806,74.125.68.0-255,1484,176994,96,382493
36556,0.001824,74.125.68.0-255,2902,179896,96,382493
36557,0.001826,172.31.47.0-255,66,179962,96,382493
36558,0.001841,74.125.68.0-255,1484,181446,96,382493
36559,0.001854,74.125.68.0-255,2902,184348,96,382493
36560,0.001856,172.31.47.0-255,66,184414,96,382493
36561,0.001875,74.125.68.0-255,7156,191570,96,382493
36562,0.001877,172.31.47.0-255,66,191636,96,382493
36563,0.001892,74.125.68.0-255,1484,193120,96,382493
36564,0.001896,74.125.68.0-255,4320,197440,96,382493
36565,0.001898,172.31.47.0-255,66,197506,96,382493
36566,0.001944,74.125.68.0-255,5738,203244,96,382493
36567,0.001947,172.31.47.0-255,66,203310,96,382493
36568,0.001966,74.125.68.0-255,6438,209748,96,382493
36569,0.001968,172.31.47.0-255,66,209814,96,382493
36570,0.001983,74.125.68.0-255,1484,211298,96,382493
36571,0.003947,74.125.68.0-255,4320,215618,96,382493
36572,0.00395,172.31.47.0-255,66,215684,96,382493
36573,0.005939,74.125.68.0-255,5738,221422,96,382493
36574,0.005947,172.31.47.0-255,66,221488,96,382493
36575,0.007941,74.125.68.0-255,5738,227226,96,382493
36576,0.007946,172.31.47.0-255,66,227292,96,382493
36577,0.009938,74.125.68.0-255,5738,233030,96,382493
36578,0.009944,172.31.47.0-255,66,233096,96,382493
36579,0.011929,74.125.68.0-255,5738,238834,96,382493
36580,0.011936,172.31.47.0-255,66,238900,96,382493
36581,0.013939,74.125.68.0-255,5738,244638,96,382493
36582,0.013948,172.31.47.0-255,66,244704,96,382493
36583,0.015946,74.125.68.0-255,5738,250442,96,382493
36584,0.01596,172.31.47.0-255,66,250508,96,382493
36585,0.017948,74.125.68.0-255,5738,256246,96,382493
36586,0.017955,172.31.47.0-255,66,256312,96,382493
36587,0.019948,74.125.68.0-255,5738,262050,96,382493
36588,0.019958,172.31.47.0-255,66,262116,96,382493
36589,0.021944,74.125.68.0-255,5738,267854,96,382493
36590,0.02195,172.31.47.0-255,66,267920,96,382493
36591,0.023944,74.125.68.0-255,5738,273658,96,382493
36592,0.023951,172.31.47.0-255,66,273724,96,382493
36593,0.02597,74.125.68.0-255,5738,279462,96,382493
36594,0.025976,172.31.47.0-255,66,279528,96,382493
36595,0.027974,74.125.68.0-255,5738,285266,96,382493
36596,0.027981,172.31.47.0-255,66,285332,96,382493
36597,0.02997,74.125.68.0-255,5738,291070,96,382493
36598,0.029976,172.31.47.0-255,66,291136,96,382493
36599,0.031887,172.31.47.0-255,172,291308,96,382493
36600,0.031918,172.31.47.0-255,1109,292417,96,382493
36601,0.031961,74.125.68.0-255,5738,298155,96,382493
36602,0.031966,172.31.47.0-255,66,298221,96,382493
36603,0.032009,172.31.47.0-255,1514,299735,96,382493
36604,0.032011,172.31.47.0-255,1304,301039,96,382493
36605,0.033402,104.244.42.0-255,66,301105,96,382493
36606,0.033431,104.244.42.0-255,66,301171,96,382493
36607,0.033539,104.244.42.0-255,66,301237,96,382493
36608,0.033953,74.125.68.0-255,5738,306975,96,382493
36609,0.033957,172.31.47.0-255,66,307041,96,382493
36610,0.035938,74.125.68.0-255,5738,312779,96,382493
36611,0.035943,172.31.47.0-255,66,312845,96,382493
36612,0.037938,74.125.68.0-255,5738,318583,96,382493
36613,0.037943,172.31.47.0-255,66,318649,96,382493
36614,0.03994,74.125.68.0-255,5738,324387,96,382493
36615,0.039946,172.31.47.0-255,66,324453,96,382493
36616,0.041939,74.125.68.0-255,5738,330191,96,382493
36617,0.041946,172.31.47.0-255,66,330257,96,382493
36618,0.043934,74.125.68.0-255,5738,335995,96,382493
36619,0.04394,172.31.47.0-255,66,336061,96,382493
36620,0.045933,74.125.68.0-255,5738,341799,96,382493
36621,0.045939,172.31.47.0-255,66,341865,96,382493
36622,0.047939,74.125.68.0-255,5738,347603,96,382493
36623,0.047945,172.31.47.0-255,66,347669,96,382493
36624,0.049939,74.125.68.0-255,5738,353407,96,382493
36625,0.049944,172.31.47.0-255,66,353473,96,382493
36626,0.051936,74.125.68.0-255,5738,359211,96,382493
36627,0.051942,172.31.47.0-255,66,359277,96,382493
36628,0.053938,74.125.68.0-255,5738,365015,96,382493
36629,0.053946,172.31.47.0-255,66,365081,96,382493
36630,0.055944,74.125.68.0-255,5738,370819,96,382493
36631,0.055951,172.31.47.0-255,66,370885,96,382493
36632,0.057939,74.125.68.0-255,5738,376623,96,382493
36633,0.057945,172.31.47.0-255,66,376689,96,382493
36634,0.059942,74.125.68.0-255,5738,382427,96,382493
36635,0.059948,172.31.47.0-255,66,382493,96,382493
36636,0.0,74.125.24.0-255,153,153,96,335346
36637,2.3e-05,172.31.47.0-255,66,219,96,335346
36638,3e-05,74.125.24.0-255,1484,1703,96,335346
36639,3.4e-05,172.31.47.0-255,66,1769,96,335346
36640,4e-05,74.125.24.0-255,2902,4671,96,335346
36641,4.3e-05,172.31.47.0-255,66,4737,96,335346
36642,5.1e-05,74.125.24.0-255,7156,11893,96,335346
36643,5.3e-05,172.31.47.0-255,66,11959,96,335346
36644,5.7e-05,74.125.24.0-255,2209,14168,96,335346
36645,6.1e-05,172.31.47.0-255,66,14234,96,335346
36646,0.000116,74.125.24.0-255,1484,15718,96,335346
36647,0.000119,172.31.47.0-255,66,15784,96,335346
36648,0.000124,74.125.24.0-255,2902,18686,96,335346
36649,0.000126,172.31.47.0-255,66,18752,96,335346
36650,0.000128,74.125.24.0-255,1484,20236,96,335346
36651,0.00013,172.31.47.0-255,66,20302,96,335346
36652,0.000145,74.125.24.0-255,4320,24622,96,335346
36653,0.000147,172.31.47.0-255,66,24688,96,335346
36654,0.000185,74.125.24.0-255,6797,31485,96,335346
36655,0.000188,172.31.47.0-255,66,31551,96,335346
36656,0.000196,74.125.24.0-255,7156,38707,96,335346
36657,0.000198,172.31.47.0-255,66,38773,96,335346
36658,0.000219,74.125.24.0-255,7156,45929,96,335346
36659,0.000222,172.31.47.0-255,66,45995,96,335346
36660,0.00024,74.125.24.0-255,2543,48538,96,335346
36661,0.000242,172.31.47.0-255,66,48604,96,335346
36662,0.000398,74.125.24.0-255,1484,50088,96,335346
36663,0.000405,172.31.47.0-255,66,50154,96,335346
36664,0.000411,74.125.24.0-255,2902,53056,96,335346
36665,0.000415,172.31.47.0-255,66,53122,96,335346
36666,0.00042,74.125.24.0-255,4320,57442,96,335346
36667,0.000423,172.31.47.0-255,66,57508,96,335346
36668,0.000446,74.125.24.0-255,1484,58992,96,335346
36669,0.000449,172.31.47.0-255,66,59058,96,335346
36670,0.000463,74.125.24.0-255,2902,61960,96,335346
36671,0.000465,172.31.47.0-255,66,62026,96,335346
36672,0.000489,74.125.24.0-255,3961,65987,96,335346
36673,0.000493,172.31.47.0-255,66,66053,96,335346
36674,0.000519,74.125.24.0-255,1484,67537,96,335346
36675,0.000522,172.31.47.0-255,66,67603,96,335346
36676,0.000528,74.125.24.0-255,2902,70505,96,335346
36677,0.00053,172.31.47.0-255,66,70571,96,335346
36678,0.000533,74.125.24.0-255,1484,72055,96,335346
36679,0.000535,172.31.47.0-255,66,72121,96,335346
36680,0.00056,74.125.24.0-255,4320,76441,96,335346
36681,0.000563,172.31.47.0-255,66,76507,96,335346
36682,0.000568,74.125.24.0-255,7156,83663,96,335346
36683,0.00057,172.31.47.0-255,66,83729,96,335346
36684,0.000585,74.125.24.0-255,3961,87690,96,335346
36685,0.000587,172.31.47.0-255,66,87756,96,335346
36686,0.000619,74.125.24.0-255,7156,94912,96,335346
36687,0.000622,172.31.47.0-255,66,94978,96,335346
36688,0.000634,74.125.24.0-255,5379,100357,96,335346
36689,0.000688,172.31.47.0-255,66,100423,96,335346
36690,0.000991,74.125.24.0-255,1484,101907,96,335346
36691,0.000997,74.125.24.0-255,1484,103391,96,335346
36692,0.001002,172.31.47.0-255,66,103457,96,335346
36693,0.001022,74.125.24.0-255,1484,104941,96,335346
36694,0.001029,74.125.24.0-255,5738,110679,96,335346
36695,0.001044,74.125.24.0-255,1484,112163,96,335346
36696,0.001061,74.125.24.0-255,6783,118946,96,335346
36697,0.001073,172.31.47.0-255,66,119012,96,335346
36698,0.001103,74.125.24.0-255,1533,120545,96,335346
36699,0.001119,74.125.24.0-255,7156,127701,96,335346
36700,0.001143,74.125.24.0-255,1125,128826,96,335346
36701,0.00116,172.31.47.0-255,66,128892,96,335346
36702,0.001314,74.125.24.0-255,1484,130376,96,335346
36703,0.00132,74.125.24.0-255,2902,133278,96,335346
36704,0.001327,74.125.24.0-255,5738,139016,96,335346
36705,0.001351,74.125.24.0-255,7156,146172,96,335346
36706,0.001366,74.125.24.0-255,5738,151910,96,335346
36707,0.001372,172.31.47.0-255,66,151976,96,335346
36708,0.001389,172.31.47.0-255,66,152042,96,335346
36709,0.001412,74.125.24.0-255,2184,154226,96,335346
36710,0.001419,172.31.47.0-255,66,154292,96,335346
36711,0.001474,74.125.24.0-255,1484,155776,96,335346
36712,0.001479,74.125.24.0-255,2902,158678,96,335346
36713,0.001498,74.125.24.0-255,5738,164416,96,335346
36714,0.001502,172.31.47.0-255,66,164482,96,335346
36715,0.001511,172.31.47.0-255,66,164548,96,335346
36716,0.001513,74.125.24.0-255,1484,166032,96,335346
36717,0.001549,74.125.24.0-255,5738,171770,96,335346
36718,0.001569,74.125.24.0-255,5020,176790,96,335346
36719,0.001574,172.31.47.0-255,66,176856,96,335346
36720,0.001592,74.125.24.0-255,1484,178340,96,335346
36721,0.001604,74.125.24.0-255,2902,181242,96,335346
36722,0.001607,74.125.24.0-255,2902,184144,96,335346
36723,0.001624,74.125.24.0-255,2902,187046,96,335346
36724,0.001659,74.125.24.0-255,2902,189948,96,335346
36725,0.001666,172.31.47.0-255,66,190014,96,335346
36726,0.001688,74.125.24.0-255,766,190780,96,335346
36727,0.001698,172.31.47.0-255,66,190846,96,335346
36728,0.001718,74.125.24.0-255,1484,192330,96,335346
36729,0.001734,74.125.24.0-255,2902,195232,96,335346
36730,0.001746,74.125.24.0-255,1484,196716,96,335346
36731,0.001751,74.125.24.0-255,5738,202454,96,335346
36732,0.001766,74.125.24.0-255,4320,206774,96,335346
36733,0.001783,74.125.24.0-255,7156,213930,96,335346
36734,0.001806,74.125.24.0-255,7156,221086,96,335346
36735,0.00182,74.125.24.0-255,3602,224688,96,335346
36736,0.002067,74.125.24.0-255,1484,226172,96,335346
36737,0.002071,74.125.24.0-255,1484,227656,96,335346
36738,0.002082,74.125.24.0-255,1484,229140,96,335346
36739,0.002086,74.125.24.0-255,2902,232042,96,335346
36740,0.002089,172.31.47.0-255,66,232108,96,335346
36741,0.002096,74.125.24.0-255,2902,235010,96,335346
36742,0.002107,74.125.24.0-255,2902,237912,96,335346
36743,0.002108,172.31.47.0-255,66,237978,96,335346
36744,0.002121,74.125.24.0-255,2902,240880,96,335346
36745,0.002137,74.125.24.0-255,4320,245200,96,335346
36746,0.002145,172.31.47.0-255,66,245266,96,335346
36747,0.002168,74.125.24.0-255,5020,250286,96,335346
36748,0.002178,172.31.47.0-255,66,250352,96,335346
36749,0.002216,74.125.24.0-255,2902,253254,96,335346
36750,0.00222,172.31.47.0-255,66,253320,96,335346
36751,0.002245,74.125.24.0-255,1484,254804,96,335346
36752,0.002249,172.31.47.0-255,66,254870,96,335346
36753,0.002255,74.125.24.0-255,1484,256354,96,335346
36754,0.002268,74.125.24.0-255,2902,259256,96,335346
36755,0.002282,74.125.24.0-255,2902,262158,96,335346
36756,0.002289,172.31.47.0-255,66,262224,96,335346
36757,0.002305,74.125.24.0-255,4320,266544,96,335346
36758,0.002316,172.31.47.0-255,66,266610,96,335346
36759,0.002336,74.125.24.0-255,4320,270930,96,335346
36760,0.002354,74.125.24.0-255,5738,276668,96,335346
36761,0.00236,172.31.47.0-255,66,276734,96,335346
36762,0.002369,74.125.24.0-255,1484,278218,96,335346
36763,0.004617,74.125.24.0-255,4320,282538,96,335346
36764,0.004621,172.31.47.0-255,66,282604,96,335346
36765,0.007151,74.125.24.0-255,5738,288342,96,335346
36766,0.007158,172.31.47.0-255,66,288408,96,335346
36767,0.009426,74.125.24.0-255,5738,294146,96,335346
36768,0.009433,172.31.47.0-255,66,294212,96,335346
36769,0.011707,74.125.24.0-255,5738,299950,96,335346
36770,0.011717,172.31.47.0-255,66,300016,96,335346
36771,0.014013,74.125.24.0-255,5738,305754,96,335346
36772,0.014019,172.31.47.0-255,66,305820,96,335346
36773,0.016285,74.125.24.0-255,5738,311558,96,335346
36774,0.016291,172.31.47.0-255,66,311624,96,335346
36775,0.018543,74.125.24.0-255,5738,317362,96,335346
36776,0.018548,172.31.47.0-255,66,317428,96,335346
36777,0.020854,74.125.24.0-255,5738,323166,96,335346
36778,0.020861,172.31.47.0-255,66,323232,96,335346
36779,0.023179,74.125.24.0-255,5738,328970,96,335346
36780,0.023185,172.31.47.0-255,66,329036,96,335346
36781,0.025444,74.125.24.0-255,1778,330814,96,335346
36782,0.02545,172.31.47.0-255,66,330880,96,335346
36783,0.025476,172.31.47.0-255,172,331052,96,335346
36784,0.025498,172.31.47.0-255,1109,332161,96,335346
36785,0.025539,172.31.47.0-255,1514,333675,96,335346
36786,0.025541,172.31.47.0-255,1302,334977,96,335346
36787,0.02564,172.31.47.0-255,105,335082,96,335346
36788,0.027054,104.244.42.0-255,66,335148,96,335346
36789,0.027063,104.244.42.0-255,66,335214,96,335346
36790,0.027081,104.244.42.0-255,66,335280,96,335346
36791,0.027892,74.125.24.0-255,66,335346,96,335346
36792,0.0,74.125.24.0-255,152,152,96,190298
36793,2e-05,172.31.47.0-255,66,218,96,190298
36794,2.7e-05,74.125.24.0-255,1484,1702,96,190298
36795,3.1e-05,172.31.47.0-255,66,1768,96,190298
36796,3.6e-05,74.125.24.0-255,2902,4670,96,190298
36797,4.5e-05,172.31.47.0-255,66,4736,96,190298
36798,5.2e-05,74.125.24.0-255,7156,11892,96,190298
36799,5.5e-05,172.31.47.0-255,66,11958,96,190298
36800,5.9e-05,74.125.24.0-255,2902,14860,96,190298
36801,6.1e-05,172.31.47.0-255,66,14926,96,190298
36802,8.3e-05,74.125.24.0-255,6415,21341,96,190298
36803,8.5e-05,172.31.47.0-255,66,21407,96,190298
36804,9.9e-05,172.31.47.0-255,66,21473,96,190298
36805,0.000118,74.125.24.0-255,1125,22598,96,190298
36806,0.00012,172.31.47.0-255,66,22664,96,190298
36807,0.000231,74.125.24.0-255,1484,24148,96,190298
36808,0.000235,172.31.47.0-255,66,24214,96,190298
36809,0.00024,74.125.24.0-255,2902,27116,96,190298
36810,0.000242,172.31.47.0-255,66,27182,96,190298
36811,0.000268,74.125.24.0-255,5738,32920,96,190298
36812,0.000271,172.31.47.0-255,66,32986,96,190298
36813,0.000295,74.125.24.0-255,4320,37306,96,190298
36814,0.000297,172.31.47.0-255,66,37372,96,190298
36815,0.000329,172.31.47.0-255,66,37438,96,190298
36816,0.00034,172.31.47.0-255,66,37504,96,190298
36817,0.000603,74.125.24.0-255,132,37636,96,190298
36818,0.000608,172.31.47.0-255,66,37702,96,190298
36819,0.000636,74.125.24.0-255,1484,39186,96,190298
36820,0.000639,172.31.47.0-255,66,39252,96,190298
36821,0.000651,74.125.24.0-255,2902,42154,96,190298
36822,0.000657,172.31.47.0-255,66,42220,96,190298
36823,0.000661,74.125.24.0-255,2902,45122,96,190298
36824,0.000663,172.31.47.0-255,66,45188,96,190298
36825,0.000703,172.31.47.0-255,66,45254,96,190298
36826,0.000747,172.31.47.0-255,66,45320,96,190298
36827,0.000749,74.125.24.0-255,341,45661,96,190298
36828,0.000966,74.125.24.0-255,1484,47145,96,190298
36829,0.00097,172.31.47.0-255,66,47211,96,190298
36830,0.000974,74.125.24.0-255,2902,50113,96,190298
36831,0.000976,172.31.47.0-255,66,50179,96,190298
36832,0.000998,74.125.24.0-255,5738,55917,96,190298
36833,0.001004,172.31.47.0-255,66,55983,96,190298
36834,0.001029,172.31.47.0-255,66,56049,96,190298
36835,0.001038,74.125.24.0-255,4320,60369,96,190298
36836,0.00104,172.31.47.0-255,66,60435,96,190298
36837,0.001054,172.31.47.0-255,66,60501,96,190298
36838,0.00145,74.125.24.0-255,1484,61985,96,190298
36839,0.001456,74.125.24.0-255,2902,64887,96,190298
36840,0.001459,172.31.47.0-255,66,64953,96,190298
36841,0.001482,74.125.24.0-255,1484,66437,96,190298
36842,0.001486,74.125.24.0-255,2902,69339,96,190298
36843,0.001488,172.31.47.0-255,66,69405,96,190298
36844,0.001491,74.125.24.0-255,1484,70889,96,190298
36845,0.001516,74.125.24.0-255,4320,75209,96,190298
36846,0.001518,172.31.47.0-255,66,75275,96,190298
36847,0.001548,172.31.47.0-255,66,75341,96,190298
36848,0.001569,74.125.24.0-255,1484,76825,96,190298
36849,0.001574,74.125.24.0-255,4320,81145,96,190298
36850,0.001576,172.31.47.0-255,66,81211,96,190298
36851,0.00158,74.125.24.0-255,2184,83395,96,190298
36852,0.001582,172.31.47.0-255,66,83461,96,190298
36853,0.00162,74.125.24.0-255,2902,86363,96,190298
36854,0.001622,172.31.47.0-255,66,86429,96,190298
36855,0.001652,74.125.24.0-255,7156,93585,96,190298
36856,0.001655,172.31.47.0-255,66,93651,96,190298
36857,0.001678,74.125.24.0-255,1484,95135,96,190298
36858,0.001682,74.125.24.0-255,2902,98037,96,190298
36859,0.001684,172.31.47.0-255,66,98103,96,190298
36860,0.00169,74.125.24.0-255,5738,103841,96,190298
36861,0.001692,172.31.47.0-255,66,103907,96,190298
36862,0.001694,74.125.24.0-255,1484,105391,96,190298
36863,0.001713,74.125.24.0-255,2902,108293,96,190298
36864,0.001714,172.31.47.0-255,66,108359,96,190298
36865,0.001741,74.125.24.0-255,5738,114097,96,190298
36866,0.001745,74.125.24.0-255,3602,117699,96,190298
36867,0.001749,172.31.47.0-255,66,117765,96,190298
36868,0.001752,172.31.47.0-255,66,117831,96,190298
36869,0.001911,74.125.24.0-255,1484,119315,96,190298
36870,0.001916,74.125.24.0-255,2902,122217,96,190298
36871,0.001919,172.31.47.0-255,66,122283,96,190298
36872,0.001941,74.125.24.0-255,5738,128021,96,190298
36873,0.001943,172.31.47.0-255,66,128087,96,190298
36874,0.001949,74.125.24.0-255,5738,133825,96,190298
36875,0.00195,172.31.47.0-255,66,133891,96,190298
36876,0.001983,172.31.47.0-255,66,133957,96,190298
36877,0.002017,74.125.24.0-255,5020,138977,96,190298
36878,0.002022,172.31.47.0-255,66,139043,96,190298
36879,0.002097,74.125.24.0-255,1484,140527,96,190298
36880,0.00211,74.125.24.0-255,2902,143429,96,190298
36881,0.002114,172.31.47.0-255,66,143495,96,190298
36882,0.002121,74.125.24.0-255,5738,149233,96,190298
36883,0.002123,172.31.47.0-255,66,149299,96,190298
36884,0.002191,172.31.47.0-255,66,149365,96,190298
36885,0.002204,172.31.47.0-255,66,149431,96,190298
36886,0.00221,74.125.24.0-255,7156,156587,96,190298
36887,0.002212,172.31.47.0-255,66,156653,96,190298
36888,0.002248,74.125.24.0-255,7156,163809,96,190298
36889,0.00225,172.31.47.0-255,66,163875,96,190298
36890,0.002266,172.31.47.0-255,66,163941,96,190298
36891,0.002271,74.125.24.0-255,3602,167543,96,190298
36892,0.002278,172.31.47.0-255,66,167609,96,190298
36893,0.002309,74.125.24.0-255,4320,171929,96,190298
36894,0.002312,172.31.47.0-255,66,171995,96,190298
36895,0.002355,74.125.24.0-255,2902,174897,96,190298
36896,0.002391,74.125.24.0-255,5020,179917,96,190298
36897,0.00246,74.125.24.0-255,4320,184237,96,190298
36898,0.002521,74.125.24.0-255,1422,185659,96,190298
36899,0.002524,74.125.24.0-255,105,185764,96,190298
36900,0.006741,172.31.47.0-255,66,185830,96,190298
36901,0.008398,172.31.47.0-255,105,185935,96,190298
36902,0.010906,74.125.24.0-255,66,186001,96,190298
36903,0.02755,172.31.47.0-255,172,186173,96,190298
36904,0.027581,172.31.47.0-255,1109,187282,96,190298
36905,0.027632,172.31.47.0-255,1514,188796,96,190298
36906,0.027651,172.31.47.0-255,1304,190100,96,190298
36907,0.029033,104.244.42.0-255,66,190166,96,190298
36908,0.029065,104.244.42.0-255,66,190232,96,190298
36909,0.029132,104.244.42.0-255,66,190298,96,190298
36910,0.0,172.217.194.0-255,153,153,96,223379
36911,3.3e-05,172.31.47.0-255,66,219,96,223379
36912,4e-05,172.217.194.0-255,1484,1703,96,223379
36913,4.5e-05,172.31.47.0-255,66,1769,96,223379
36914,5e-05,172.217.194.0-255,2902,4671,96,223379
36915,5.4e-05,172.31.47.0-255,66,4737,96,223379
36916,6.2e-05,172.217.194.0-255,7156,11893,96,223379
36917,6.5e-05,172.31.47.0-255,66,11959,96,223379
36918,7e-05,172.217.194.0-255,3536,15495,96,223379
36919,7.2e-05,172.31.47.0-255,66,15561,96,223379
36920,8.6e-05,172.31.47.0-255,66,15627,96,223379
36921,8.9e-05,172.217.194.0-255,2543,18170,96,223379
36922,9.2e-05,172.31.47.0-255,66,18236,96,223379
36923,0.000138,172.217.194.0-255,1484,19720,96,223379
36924,0.000141,172.31.47.0-255,66,19786,96,223379
36925,0.000147,172.217.194.0-255,2902,22688,96,223379
36926,0.00015,172.31.47.0-255,66,22754,96,223379
36927,0.000154,172.217.194.0-255,1484,24238,96,223379
36928,0.000155,172.31.47.0-255,66,24304,96,223379
36929,0.000183,172.217.194.0-255,4320,28624,96,223379
36930,0.000186,172.31.47.0-255,66,28690,96,223379
36931,0.000195,172.217.194.0-255,7156,35846,96,223379
36932,0.000197,172.31.47.0-255,66,35912,96,223379
36933,0.00023,172.217.194.0-255,6797,42709,96,223379
36934,0.000232,172.31.47.0-255,66,42775,96,223379
36935,0.000243,172.31.47.0-255,66,42841,96,223379
36936,0.000246,172.217.194.0-255,1417,44258,96,223379
36937,0.000249,172.31.47.0-255,66,44324,96,223379
36938,0.000513,172.217.194.0-255,365,44689,96,223379
36939,0.000517,172.31.47.0-255,66,44755,96,223379
36940,0.000756,172.217.194.0-255,1484,46239,96,223379
36941,0.000762,172.217.194.0-255,2902,49141,96,223379
36942,0.000765,172.31.47.0-255,66,49207,96,223379
36943,0.00077,172.217.194.0-255,2902,52109,96,223379
36944,0.000781,172.31.47.0-255,66,52175,96,223379
36945,0.000783,172.217.194.0-255,2902,55077,96,223379
36946,0.000786,172.217.194.0-255,1484,56561,96,223379
36947,0.000803,172.31.47.0-255,66,56627,96,223379
36948,0.000827,172.217.194.0-255,7156,63783,96,223379
36949,0.000831,172.31.47.0-255,66,63849,96,223379
36950,0.000845,172.217.194.0-255,4320,68169,96,223379
36951,0.00085,172.31.47.0-255,66,68235,96,223379
36952,0.000856,172.217.194.0-255,2184,70419,96,223379
36953,0.000856,172.31.47.0-255,66,70485,96,223379
36954,0.000871,172.31.47.0-255,66,70551,96,223379
36955,0.001081,172.217.194.0-255,1484,72035,96,223379
36956,0.001089,172.217.194.0-255,2902,74937,96,223379
36957,0.001092,172.31.47.0-255,66,75003,96,223379
36958,0.001112,172.217.194.0-255,5738,80741,96,223379
36959,0.001205,172.217.194.0-255,4320,85061,96,223379
36960,0.001222,172.217.194.0-255,6438,91499,96,223379
36961,0.001251,172.217.194.0-255,1484,92983,96,223379
36962,0.001278,172.217.194.0-255,1484,94467,96,223379
36963,0.001304,172.217.194.0-255,4320,98787,96,223379
36964,0.001334,172.217.194.0-255,6438,105225,96,223379
36965,0.001379,172.217.194.0-255,4320,109545,96,223379
36966,0.001443,172.217.194.0-255,5020,114565,96,223379
36967,0.001501,172.217.194.0-255,1484,116049,96,223379
36968,0.001514,172.217.194.0-255,2902,118951,96,223379
36969,0.001537,172.217.194.0-255,5738,124689,96,223379
36970,0.001551,172.217.194.0-255,1484,126173,96,223379
36971,0.001627,172.217.194.0-255,1484,127657,96,223379
36972,0.001629,172.217.194.0-255,1484,129141,96,223379
36973,0.001641,172.217.194.0-255,1484,130625,96,223379
36974,0.001655,172.217.194.0-255,2902,133527,96,223379
36975,0.001669,172.217.194.0-255,2902,136429,96,223379
36976,0.001671,172.217.194.0-255,1484,137913,96,223379
36977,0.001685,172.217.194.0-255,7156,145069,96,223379
36978,0.001731,172.217.194.0-255,1484,146553,96,223379
36979,0.001848,172.217.194.0-255,1484,148037,96,223379
36980,0.001863,172.217.194.0-255,2902,150939,96,223379
36981,0.001888,172.217.194.0-255,5738,156677,96,223379
36982,0.001892,172.217.194.0-255,4320,160997,96,223379
36983,0.001906,172.217.194.0-255,5738,166735,96,223379
36984,0.001919,172.217.194.0-255,5738,172473,96,223379
36985,0.001938,172.217.194.0-255,5738,178211,96,223379
36986,0.001948,172.217.194.0-255,2184,180395,96,223379
36987,0.001983,172.217.194.0-255,1484,181879,96,223379
36988,0.001986,172.217.194.0-255,1484,183363,96,223379
36989,0.001994,172.217.194.0-255,1484,184847,96,223379
36990,0.002007,172.217.194.0-255,5738,190585,96,223379
36991,0.00204,172.217.194.0-255,4320,194905,96,223379
36992,0.002057,172.217.194.0-255,5738,200643,96,223379
36993,0.002097,172.217.194.0-255,7156,207799,96,223379
36994,0.002129,172.217.194.0-255,2902,210701,96,223379
36995,0.002178,172.217.194.0-255,3602,214303,96,223379
36996,0.002209,172.217.194.0-255,4320,218623,96,223379
36997,0.002241,172.217.194.0-255,105,218728,96,223379
36998,0.009928,172.217.194.0-255,105,218833,96,223379
36999,0.009954,172.31.47.0-255,78,218911,96,223379
37000,0.014261,172.31.47.0-255,105,219016,96,223379
37001,0.016491,172.217.194.0-255,66,219082,96,223379
37002,0.046176,172.31.47.0-255,172,219254,96,223379
37003,0.046209,172.31.47.0-255,1101,220355,96,223379
37004,0.046237,172.31.47.0-255,1514,221869,96,223379
37005,0.046238,172.31.47.0-255,1312,223181,96,223379
37006,0.047751,104.244.42.0-255,66,223247,96,223379
37007,0.047869,104.244.42.0-255,66,223313,96,223379
37008,0.047875,104.244.42.0-255,66,223379,96,223379
37009,0.0,172.217.27.0-255,153,153,96,295473
37010,2.2e-05,172.31.47.0-255,66,219,96,295473
37011,2.9e-05,172.217.27.0-255,1484,1703,96,295473
37012,3.4e-05,172.31.47.0-255,66,1769,96,295473
37013,3.9e-05,172.217.27.0-255,2902,4671,96,295473
37014,4.1e-05,172.31.47.0-255,66,4737,96,295473
37015,4.9e-05,172.217.27.0-255,7156,11893,96,295473
37016,5.3e-05,172.31.47.0-255,66,11959,96,295473
37017,5.7e-05,172.217.27.0-255,2097,14056,96,295473
37018,5.9e-05,172.31.47.0-255,66,14122,96,295473
37019,0.000154,172.217.27.0-255,1484,15606,96,295473
37020,0.000157,172.31.47.0-255,66,15672,96,295473
37021,0.000162,172.217.27.0-255,2902,18574,96,295473
37022,0.000165,172.31.47.0-255,66,18640,96,295473
37023,0.000168,172.217.27.0-255,1484,20124,96,295473
37024,0.00017,172.31.47.0-255,66,20190,96,295473
37025,0.000185,172.217.27.0-255,2902,23092,96,295473
37026,0.000188,172.31.47.0-255,66,23158,96,295473
37027,0.000194,172.217.27.0-255,5738,28896,96,295473
37028,0.000197,172.31.47.0-255,66,28962,96,295473
37029,0.000233,172.217.27.0-255,2902,31864,96,295473
37030,0.000236,172.31.47.0-255,66,31930,96,295473
37031,0.000258,172.217.27.0-255,5379,37309,96,295473
37032,0.000261,172.31.47.0-255,66,37375,96,295473
37033,0.000272,172.31.47.0-255,66,37441,96,295473
37034,0.000295,172.217.27.0-255,2543,39984,96,295473
37035,0.000298,172.31.47.0-255,66,40050,96,295473
37036,0.000328,172.217.27.0-255,1484,41534,96,295473
37037,0.000331,172.31.47.0-255,66,41600,96,295473
37038,0.000356,172.217.27.0-255,2902,44502,96,295473
37039,0.000359,172.31.47.0-255,66,44568,96,295473
37040,0.000365,172.217.27.0-255,5738,50306,96,295473
37041,0.000368,172.31.47.0-255,66,50372,96,295473
37042,0.000371,172.217.27.0-255,1484,51856,96,295473
37043,0.000373,172.31.47.0-255,66,51922,96,295473
37044,0.000378,172.217.27.0-255,2902,54824,96,295473
37045,0.000405,172.217.27.0-255,2543,57367,96,295473
37046,0.000488,172.31.47.0-255,66,57433,96,295473
37047,0.000721,172.217.27.0-255,646,58079,96,295473
37048,0.001197,172.217.27.0-255,1484,59563,96,295473
37049,0.001201,172.31.47.0-255,66,59629,96,295473
37050,0.001207,172.217.27.0-255,2902,62531,96,295473
37051,0.00121,172.217.27.0-255,1484,64015,96,295473
37052,0.001216,172.31.47.0-255,66,64081,96,295473
37053,0.001225,172.217.27.0-255,4320,68401,96,295473
37054,0.001228,172.217.27.0-255,1484,69885,96,295473
37055,0.00123,172.31.47.0-255,66,69951,96,295473
37056,0.001257,172.217.27.0-255,5738,75689,96,295473
37057,0.00126,172.217.27.0-255,1484,77173,96,295473
37058,0.001263,172.31.47.0-255,66,77239,96,295473
37059,0.001271,172.217.27.0-255,2902,80141,96,295473
37060,0.00128,172.31.47.0-255,66,80207,96,295473
37061,0.001294,172.217.27.0-255,2184,82391,96,295473
37062,0.001305,172.31.47.0-255,66,82457,96,295473
37063,0.001519,172.217.27.0-255,1484,83941,96,295473
37064,0.001524,172.31.47.0-255,66,84007,96,295473
37065,0.001529,172.217.27.0-255,2902,86909,96,295473
37066,0.001531,172.31.47.0-255,66,86975,96,295473
37067,0.001535,172.217.27.0-255,1484,88459,96,295473
37068,0.001537,172.31.47.0-255,66,88525,96,295473
37069,0.00156,172.217.27.0-255,4320,92845,96,295473
37070,0.001565,172.217.27.0-255,2902,95747,96,295473
37071,0.001569,172.31.47.0-255,66,95813,96,295473
37072,0.001601,172.31.47.0-255,66,95879,96,295473
37073,0.001614,172.31.47.0-255,66,95945,96,295473
37074,0.001622,172.217.27.0-255,2184,98129,96,295473
37075,0.001627,172.31.47.0-255,66,98195,96,295473
37076,0.003232,172.217.27.0-255,5738,103933,96,295473
37077,0.003239,172.31.47.0-255,66,103999,96,295473
37078,0.004845,172.217.27.0-255,4320,108319,96,295473
37079,0.004856,172.217.27.0-255,1484,109803,96,295473
37080,0.007511,172.31.47.0-255,66,109869,96,295473
37081,0.00913,172.217.27.0-255,5738,115607,96,295473
37082,0.009137,172.31.47.0-255,66,115673,96,295473
37083,0.01077,172.217.27.0-255,5738,121411,96,295473
37084,0.010776,172.31.47.0-255,66,121477,96,295473
37085,0.012409,172.217.27.0-255,5738,127215,96,295473
37086,0.012415,172.31.47.0-255,66,127281,96,295473
37087,0.014043,172.217.27.0-255,5738,133019,96,295473
37088,0.014051,172.31.47.0-255,66,133085,96,295473
37089,0.015702,172.217.27.0-255,5738,138823,96,295473
37090,0.015707,172.31.47.0-255,66,138889,96,295473
37091,0.017334,172.217.27.0-255,5738,144627,96,295473
37092,0.017343,172.31.47.0-255,66,144693,96,295473
37093,0.01897,172.217.27.0-255,5738,150431,96,295473
37094,0.018977,172.31.47.0-255,66,150497,96,295473
37095,0.02059,172.217.27.0-255,5738,156235,96,295473
37096,0.020596,172.31.47.0-255,66,156301,96,295473
37097,0.022209,172.217.27.0-255,5738,162039,96,295473
37098,0.022215,172.31.47.0-255,66,162105,96,295473
37099,0.023843,172.217.27.0-255,5738,167843,96,295473
37100,0.023849,172.31.47.0-255,66,167909,96,295473
37101,0.025465,172.217.27.0-255,5738,173647,96,295473
37102,0.02547,172.31.47.0-255,66,173713,96,295473
37103,0.027095,172.217.27.0-255,4320,178033,96,295473
37104,0.027096,172.31.47.0-255,171,178204,96,295473
37105,0.027099,172.31.47.0-255,66,178270,96,295473
37106,0.027115,172.217.27.0-255,1484,179754,96,295473
37107,0.027118,172.31.47.0-255,1129,180883,96,295473
37108,0.02717,172.31.47.0-255,1514,182397,96,295473
37109,0.027172,172.31.47.0-255,1282,183679,96,295473
37110,0.028647,104.244.42.0-255,66,183745,96,295473
37111,0.028681,104.244.42.0-255,66,183811,96,295473
37112,0.028715,172.217.27.0-255,4320,188131,96,295473
37113,0.028721,172.31.47.0-255,66,188197,96,295473
37114,0.02874,104.244.42.0-255,66,188263,96,295473
37115,0.030336,172.217.27.0-255,4320,192583,96,295473
37116,0.030342,172.31.47.0-255,66,192649,96,295473
37117,0.030377,172.217.27.0-255,1484,194133,96,295473
37118,0.03195,172.217.27.0-255,2902,197035,96,295473
37119,0.031955,172.31.47.0-255,66,197101,96,295473
37120,0.031982,172.217.27.0-255,1484,198585,96,295473
37121,0.033561,172.217.27.0-255,4320,202905,96,295473
37122,0.033606,172.31.47.0-255,66,202971,96,295473
37123,0.03522,172.217.27.0-255,5738,208709,96,295473
37124,0.035272,172.31.47.0-255,66,208775,96,295473
37125,0.036906,172.217.27.0-255,5738,214513,96,295473
37126,0.036911,172.31.47.0-255,66,214579,96,295473
37127,0.038537,172.217.27.0-255,5738,220317,96,295473
37128,0.038541,172.31.47.0-255,66,220383,96,295473
37129,0.040153,172.217.27.0-255,5738,226121,96,295473
37130,0.040159,172.31.47.0-255,66,226187,96,295473
37131,0.041786,172.217.27.0-255,5738,231925,96,295473
37132,0.041791,172.31.47.0-255,66,231991,96,295473
37133,0.043416,172.217.27.0-255,4320,236311,96,295473
37134,0.043421,172.31.47.0-255,66,236377,96,295473
37135,0.043443,172.217.27.0-255,1484,237861,96,295473
37136,0.045034,172.217.27.0-255,4320,242181,96,295473
37137,0.04504,172.31.47.0-255,66,242247,96,295473
37138,0.046652,172.217.27.0-255,5738,247985,96,295473
37139,0.0467,172.31.47.0-255,66,248051,96,295473
37140,0.048306,172.217.27.0-255,1484,249535,96,295473
37141,0.048311,172.31.47.0-255,66,249601,96,295473
37142,0.048339,172.217.27.0-255,4320,253921,96,295473
37143,0.048354,172.31.47.0-255,66,253987,96,295473
37144,0.049925,172.217.27.0-255,1484,255471,96,295473
37145,0.049958,172.217.27.0-255,4320,259791,96,295473
37146,0.049984,172.31.47.0-255,66,259857,96,295473
37147,0.051596,172.217.27.0-255,2902,262759,96,295473
37148,0.051601,172.31.47.0-255,66,262825,96,295473
37149,0.05163,172.217.27.0-255,2902,265727,96,295473
37150,0.051649,172.31.47.0-255,66,265793,96,295473
37151,0.053207,172.217.27.0-255,2902,268695,96,295473
37152,0.053212,172.31.47.0-255,66,268761,96,295473
37153,0.05325,172.217.27.0-255,2902,271663,96,295473
37154,0.053256,172.31.47.0-255,66,271729,96,295473
37155,0.054831,172.217.27.0-255,2902,274631,96,295473
37156,0.054842,172.31.47.0-255,66,274697,96,295473
37157,0.05486,172.217.27.0-255,2902,277599,96,295473
37158,0.054902,172.31.47.0-255,66,277665,96,295473
37159,0.056465,172.217.27.0-255,2902,280567,96,295473
37160,0.05647,172.31.47.0-255,66,280633,96,295473
37161,0.056503,172.217.27.0-255,2902,283535,96,295473
37162,0.056522,172.31.47.0-255,66,283601,96,295473
37163,0.058083,172.217.27.0-255,2902,286503,96,295473
37164,0.058089,172.31.47.0-255,66,286569,96,295473
37165,0.058125,172.217.27.0-255,2902,289471,96,295473
37166,0.058139,172.31.47.0-255,66,289537,96,295473
37167,0.059701,172.217.27.0-255,2902,292439,96,295473
37168,0.059707,172.31.47.0-255,66,292505,96,295473
37169,0.059747,172.217.27.0-255,2902,295407,96,295473
37170,0.059771,172.31.47.0-255,66,295473,96,295473
37171,0.0,216.58.203.0-255,153,153,96,276011
37172,2.4e-05,172.31.47.0-255,66,219,96,276011
37173,3e-05,216.58.203.0-255,1484,1703,96,276011
37174,3.3e-05,172.31.47.0-255,66,1769,96,276011
37175,3.8e-05,216.58.203.0-255,2902,4671,96,276011
37176,4e-05,172.31.47.0-255,66,4737,96,276011
37177,7.2e-05,216.58.203.0-255,5738,10475,96,276011
37178,7.4e-05,172.31.47.0-255,66,10541,96,276011
37179,8.5e-05,216.58.203.0-255,1484,12025,96,276011
37180,8.7e-05,172.31.47.0-255,66,12091,96,276011
37181,0.000195,216.58.203.0-255,1973,14064,96,276011
37182,0.000198,172.31.47.0-255,66,14130,96,276011
37183,0.000226,216.58.203.0-255,1484,15614,96,276011
37184,0.000229,172.31.47.0-255,66,15680,96,276011
37185,0.000263,216.58.203.0-255,5738,21418,96,276011
37186,0.000267,172.31.47.0-255,66,21484,96,276011
37187,0.000349,216.58.203.0-255,2902,24386,96,276011
37188,0.000353,172.31.47.0-255,66,24452,96,276011
37189,0.000373,216.58.203.0-255,6797,31249,96,276011
37190,0.000376,172.31.47.0-255,66,31315,96,276011
37191,0.000522,216.58.203.0-255,1484,32799,96,276011
37192,0.000526,172.31.47.0-255,66,32865,96,276011
37193,0.000556,216.58.203.0-255,2902,35767,96,276011
37194,0.00056,172.31.47.0-255,66,35833,96,276011
37195,0.000598,216.58.203.0-255,2902,38735,96,276011
37196,0.000601,172.31.47.0-255,66,38801,96,276011
37197,0.000618,216.58.203.0-255,2902,41703,96,276011
37198,0.000621,172.31.47.0-255,66,41769,96,276011
37199,0.000709,216.58.203.0-255,5738,47507,96,276011
37200,0.000713,172.31.47.0-255,66,47573,96,276011
37201,0.000732,172.31.47.0-255,66,47639,96,276011
37202,0.000945,216.58.203.0-255,5738,53377,96,276011
37203,0.000949,172.31.47.0-255,66,53443,96,276011
37204,0.00097,216.58.203.0-255,4270,57713,96,276011
37205,0.00129,216.58.203.0-255,1484,59197,96,276011
37206,0.001324,216.58.203.0-255,2543,61740,96,276011
37207,0.001515,216.58.203.0-255,4320,66060,96,276011
37208,0.001936,216.58.203.0-255,2902,68962,96,276011
37209,0.001956,216.58.203.0-255,7156,76118,96,276011
37210,0.00211,216.58.203.0-255,4320,80438,96,276011
37211,0.002126,216.58.203.0-255,5738,86176,96,276011
37212,0.002136,216.58.203.0-255,2184,88360,96,276011
37213,0.002335,216.58.203.0-255,4320,92680,96,276011
37214,0.003128,172.31.47.0-255,66,92746,96,276011
37215,0.004786,216.58.203.0-255,4320,97066,96,276011
37216,0.004791,172.31.47.0-255,66,97132,96,276011
37217,0.004806,216.58.203.0-255,1484,98616,96,276011
37218,0.006449,216.58.203.0-255,4320,102936,96,276011
37219,0.006456,172.31.47.0-255,66,103002,96,276011
37220,0.00811,216.58.203.0-255,5738,108740,96,276011
37221,0.011256,172.31.47.0-255,66,108806,96,276011
37222,0.012928,216.58.203.0-255,5738,114544,96,276011
37223,0.01294,172.31.47.0-255,66,114610,96,276011
37224,0.014592,216.58.203.0-255,4320,118930,96,276011
37225,0.014597,172.31.47.0-255,66,118996,96,276011
37226,0.014628,216.58.203.0-255,1484,120480,96,276011
37227,0.016257,216.58.203.0-255,4320,124800,96,276011
37228,0.016264,172.31.47.0-255,66,124866,96,276011
37229,0.017917,216.58.203.0-255,5738,130604,96,276011
37230,0.01796,172.31.47.0-255,66,130670,96,276011
37231,0.019645,216.58.203.0-255,5738,136408,96,276011
37232,0.019652,172.31.47.0-255,66,136474,96,276011
37233,0.021323,216.58.203.0-255,5738,142212,96,276011
37234,0.02133,172.31.47.0-255,66,142278,96,276011
37235,0.02299,216.58.203.0-255,5738,148016,96,276011
37236,0.022997,172.31.47.0-255,66,148082,96,276011
37237,0.024669,216.58.203.0-255,5738,153820,96,276011
37238,0.024676,172.31.47.0-255,66,153886,96,276011
37239,0.026243,172.31.47.0-255,172,154058,96,276011
37240,0.026271,172.31.47.0-255,1111,155169,96,276011
37241,0.026314,172.31.47.0-255,1514,156683,96,276011
37242,0.026315,172.31.47.0-255,1302,157985,96,276011
37243,0.026335,216.58.203.0-255,5738,163723,96,276011
37244,0.026339,172.31.47.0-255,66,163789,96,276011
37245,0.027765,104.244.42.0-255,66,163855,96,276011
37246,0.027804,104.244.42.0-255,66,163921,96,276011
37247,0.027852,104.244.42.0-255,66,163987,96,276011
37248,0.027983,216.58.203.0-255,5738,169725,96,276011
37249,0.027987,172.31.47.0-255,66,169791,96,276011
37250,0.029644,216.58.203.0-255,5738,175529,96,276011
37251,0.029649,172.31.47.0-255,66,175595,96,276011
37252,0.031305,216.58.203.0-255,5738,181333,96,276011
37253,0.03131,172.31.47.0-255,66,181399,96,276011
37254,0.032968,216.58.203.0-255,5738,187137,96,276011
37255,0.032973,172.31.47.0-255,66,187203,96,276011
37256,0.03462,216.58.203.0-255,5738,192941,96,276011
37257,0.034625,172.31.47.0-255,66,193007,96,276011
37258,0.036284,216.58.203.0-255,5738,198745,96,276011
37259,0.03629,172.31.47.0-255,66,198811,96,276011
37260,0.037943,216.58.203.0-255,5738,204549,96,276011
37261,0.037948,172.31.47.0-255,66,204615,96,276011
37262,0.039599,216.58.203.0-255,5738,210353,96,276011
37263,0.039603,172.31.47.0-255,66,210419,96,276011
37264,0.041257,216.58.203.0-255,5738,216157,96,276011
37265,0.041262,172.31.47.0-255,66,216223,96,276011
37266,0.042917,216.58.203.0-255,5738,221961,96,276011
37267,0.042922,172.31.47.0-255,66,222027,96,276011
37268,0.044574,216.58.203.0-255,4320,226347,96,276011
37269,0.044578,172.31.47.0-255,66,226413,96,276011
37270,0.044601,216.58.203.0-255,1484,227897,96,276011
37271,0.046238,216.58.203.0-255,4320,232217,96,276011
37272,0.046243,172.31.47.0-255,66,232283,96,276011
37273,0.04789,216.58.203.0-255,4320,236603,96,276011
37274,0.047894,172.31.47.0-255,66,236669,96,276011
37275,0.047917,216.58.203.0-255,1484,238153,96,276011
37276,0.049541,216.58.203.0-255,4320,242473,96,276011
37277,0.049546,172.31.47.0-255,66,242539,96,276011
37278,0.051199,216.58.203.0-255,5738,248277,96,276011
37279,0.051239,172.31.47.0-255,66,248343,96,276011
37280,0.052896,216.58.203.0-255,4320,252663,96,276011
37281,0.052901,172.31.47.0-255,66,252729,96,276011
37282,0.052927,216.58.203.0-255,1484,254213,96,276011
37283,0.054553,216.58.203.0-255,4320,258533,96,276011
37284,0.054558,172.31.47.0-255,66,258599,96,276011
37285,0.056207,216.58.203.0-255,5738,264337,96,276011
37286,0.056248,172.31.47.0-255,66,264403,96,276011
37287,0.057907,216.58.203.0-255,5738,270141,96,276011
37288,0.057912,172.31.47.0-255,66,270207,96,276011
37289,0.059568,216.58.203.0-255,5738,275945,96,276011
37290,0.059574,172.31.47.0-255,66,276011,96,276011
37291,0.0,74.125.68.0-255,153,153,96,277888
37292,1.8e-05,172.31.47.0-255,66,219,96,277888
37293,2.5e-05,74.125.68.0-255,1484,1703,96,277888
37294,3e-05,172.31.47.0-255,66,1769,96,277888
37295,9.9e-05,74.125.68.0-255,2902,4671,96,277888
37296,0.000103,172.31.47.0-255,66,4737,96,277888
37297,0.000109,74.125.68.0-255,5738,10475,96,277888
37298,0.000111,172.31.47.0-255,66,10541,96,277888
37299,0.000152,74.125.68.0-255,3554,14095,96,277888
37300,0.000156,172.31.47.0-255,66,14161,96,277888
37301,0.000376,74.125.68.0-255,1484,15645,96,277888
37302,0.000383,172.31.47.0-255,66,15711,96,277888
37303,0.000389,74.125.68.0-255,2902,18613,96,277888
37304,0.000393,172.31.47.0-255,66,18679,96,277888
37305,0.000421,74.125.68.0-255,5738,24417,96,277888
37306,0.000425,172.31.47.0-255,66,24483,96,277888
37307,0.000452,74.125.68.0-255,1484,25967,96,277888
37308,0.000455,172.31.47.0-255,66,26033,96,277888
37309,0.000484,74.125.68.0-255,5379,31412,96,277888
37310,0.000487,172.31.47.0-255,66,31478,96,277888
37311,0.00065,74.125.68.0-255,1484,32962,96,277888
37312,0.000655,172.31.47.0-255,66,33028,96,277888
37313,0.000664,74.125.68.0-255,2902,35930,96,277888
37314,0.000666,172.31.47.0-255,66,35996,96,277888
37315,0.000705,74.125.68.0-255,5738,41734,96,277888
37316,0.000708,172.31.47.0-255,66,41800,96,277888
37317,0.000713,74.125.68.0-255,2902,44702,96,277888
37318,0.000716,172.31.47.0-255,66,44768,96,277888
37319,0.000747,74.125.68.0-255,4320,49088,96,277888
37320,0.00075,172.31.47.0-255,66,49154,96,277888
37321,0.000784,74.125.68.0-255,6797,55951,96,277888
37322,0.000787,172.31.47.0-255,66,56017,96,277888
37323,0.000816,172.31.47.0-255,66,56083,96,277888
37324,0.001197,74.125.68.0-255,415,56498,96,277888
37325,0.001462,74.125.68.0-255,328,56826,96,277888
37326,0.001484,74.125.68.0-255,1484,58310,96,277888
37327,0.001488,172.31.47.0-255,66,58376,96,277888
37328,0.001494,74.125.68.0-255,2902,61278,96,277888
37329,0.001497,172.31.47.0-255,66,61344,96,277888
37330,0.00152,74.125.68.0-255,1484,62828,96,277888
37331,0.001525,74.125.68.0-255,2902,65730,96,277888
37332,0.001527,172.31.47.0-255,66,65796,96,277888
37333,0.001531,74.125.68.0-255,2902,68698,96,277888
37334,0.001533,172.31.47.0-255,66,68764,96,277888
37335,0.001565,74.125.68.0-255,5738,74502,96,277888
37336,0.001569,172.31.47.0-255,66,74568,96,277888
37337,0.001585,172.31.47.0-255,66,74634,96,277888
37338,0.001609,74.125.68.0-255,5020,79654,96,277888
37339,0.001611,172.31.47.0-255,66,79720,96,277888
37340,0.00243,74.125.68.0-255,1484,81204,96,277888
37341,0.002468,74.125.68.0-255,2902,84106,96,277888
37342,0.00247,172.31.47.0-255,66,84172,96,277888
37343,0.002526,74.125.68.0-255,2902,87074,96,277888
37344,0.002541,172.31.47.0-255,66,87140,96,277888
37345,0.002565,74.125.68.0-255,4320,91460,96,277888
37346,0.002569,172.31.47.0-255,66,91526,96,277888
37347,0.002572,74.125.68.0-255,1484,93010,96,277888
37348,0.002621,74.125.68.0-255,2902,95912,96,277888
37349,0.002624,172.31.47.0-255,66,95978,96,277888
37350,0.00266,74.125.68.0-255,1484,97462,96,277888
37351,0.002671,74.125.68.0-255,2902,100364,96,277888
37352,0.002674,172.31.47.0-255,66,100430,96,277888
37353,0.002701,74.125.68.0-255,4320,104750,96,277888
37354,0.002704,172.31.47.0-255,66,104816,96,277888
37355,0.00274,172.31.47.0-255,66,104882,96,277888
37356,0.002742,74.125.68.0-255,766,105648,96,277888
37357,0.003057,74.125.68.0-255,1484,107132,96,277888
37358,0.00306,172.31.47.0-255,66,107198,96,277888
37359,0.003065,74.125.68.0-255,2902,110100,96,277888
37360,0.003067,172.31.47.0-255,66,110166,96,277888
37361,0.0031,74.125.68.0-255,1484,111650,96,277888
37362,0.003111,74.125.68.0-255,2902,114552,96,277888
37363,0.003114,172.31.47.0-255,66,114618,96,277888
37364,0.003138,74.125.68.0-255,5738,120356,96,277888
37365,0.00314,172.31.47.0-255,66,120422,96,277888
37366,0.003172,74.125.68.0-255,7156,127578,96,277888
37367,0.003174,172.31.47.0-255,66,127644,96,277888
37368,0.003192,74.125.68.0-255,4320,131964,96,277888
37369,0.003194,172.31.47.0-255,66,132030,96,277888
37370,0.003222,172.31.47.0-255,66,132096,96,277888
37371,0.003433,74.125.68.0-255,1484,133580,96,277888
37372,0.003451,74.125.68.0-255,2902,136482,96,277888
37373,0.003454,172.31.47.0-255,66,136548,96,277888
37374,0.003487,74.125.68.0-255,5738,142286,96,277888
37375,0.00349,172.31.47.0-255,66,142352,96,277888
37376,0.0035,172.31.47.0-255,66,142418,96,277888
37377,0.003567,172.31.47.0-255,66,142484,96,277888
37378,0.003571,74.125.68.0-255,2184,144668,96,277888
37379,0.003572,172.31.47.0-255,66,144734,96,277888
37380,0.00446,74.125.68.0-255,1484,146218,96,277888
37381,0.004468,74.125.68.0-255,2902,149120,96,277888
37382,0.00447,172.31.47.0-255,66,149186,96,277888
37383,0.004496,74.125.68.0-255,5738,154924,96,277888
37384,0.004498,172.31.47.0-255,66,154990,96,277888
37385,0.004501,74.125.68.0-255,2902,157892,96,277888
37386,0.004503,172.31.47.0-255,66,157958,96,277888
37387,0.004505,74.125.68.0-255,1484,159442,96,277888
37388,0.004537,74.125.68.0-255,2902,162344,96,277888
37389,0.004539,172.31.47.0-255,66,162410,96,277888
37390,0.004547,172.31.47.0-255,66,162476,96,277888
37391,0.004554,74.125.68.0-255,2902,165378,96,277888
37392,0.004556,172.31.47.0-255,66,165444,96,277888
37393,0.004579,74.125.68.0-255,2902,168346,96,277888
37394,0.004581,172.31.47.0-255,66,168412,96,277888
37395,0.004604,74.125.68.0-255,5020,173432,96,277888
37396,0.004606,172.31.47.0-255,66,173498,96,277888
37397,0.00461,74.125.68.0-255,2902,176400,96,277888
37398,0.004611,172.31.47.0-255,66,176466,96,277888
37399,0.004633,74.125.68.0-255,2902,179368,96,277888
37400,0.004634,172.31.47.0-255,66,179434,96,277888
37401,0.00467,74.125.68.0-255,7156,186590,96,277888
37402,0.004672,172.31.47.0-255,66,186656,96,277888
37403,0.004688,74.125.68.0-255,5738,192394,96,277888
37404,0.00469,172.31.47.0-255,66,192460,96,277888
37405,0.004707,74.125.68.0-255,4320,196780,96,277888
37406,0.004708,172.31.47.0-255,66,196846,96,277888
37407,0.00474,172.31.47.0-255,66,196912,96,277888
37408,0.004903,74.125.68.0-255,1484,198396,96,277888
37409,0.004916,74.125.68.0-255,2902,201298,96,277888
37410,0.004919,172.31.47.0-255,66,201364,96,277888
37411,0.004932,74.125.68.0-255,2902,204266,96,277888
37412,0.004938,172.31.47.0-255,66,204332,96,277888
37413,0.004965,74.125.68.0-255,2902,207234,96,277888
37414,0.004967,172.31.47.0-255,66,207300,96,277888
37415,0.004973,74.125.68.0-255,5738,213038,96,277888
37416,0.004974,172.31.47.0-255,66,213104,96,277888
37417,0.004985,74.125.68.0-255,7156,220260,96,277888
37418,0.004988,172.31.47.0-255,66,220326,96,277888
37419,0.00503,172.31.47.0-255,66,220392,96,277888
37420,0.005051,74.125.68.0-255,2184,222576,96,277888
37421,0.005053,172.31.47.0-255,66,222642,96,277888
37422,0.005131,74.125.68.0-255,1484,224126,96,277888
37423,0.00514,74.125.68.0-255,2902,227028,96,277888
37424,0.005144,172.31.47.0-255,66,227094,96,277888
37425,0.005154,74.125.68.0-255,5738,232832,96,277888
37426,0.005168,172.31.47.0-255,66,232898,96,277888
37427,0.005174,74.125.68.0-255,2902,235800,96,277888
37428,0.005177,172.31.47.0-255,66,235866,96,277888
37429,0.005239,172.31.47.0-255,66,235932,96,277888
37430,0.005246,74.125.68.0-255,2902,238834,96,277888
37431,0.00525,172.31.47.0-255,66,238900,96,277888
37432,0.005319,172.31.47.0-255,66,238966,96,277888
37433,0.005344,172.31.47.0-255,66,239032,96,277888
37434,0.005351,74.125.68.0-255,4320,243352,96,277888
37435,0.005355,172.31.47.0-255,66,243418,96,277888
37436,0.005359,74.125.68.0-255,1484,244902,96,277888
37437,0.005403,74.125.68.0-255,5738,250640,96,277888
37438,0.005407,172.31.47.0-255,66,250706,96,277888
37439,0.005412,74.125.68.0-255,3602,254308,96,277888
37440,0.005415,172.31.47.0-255,66,254374,96,277888
37441,0.005418,74.125.68.0-255,1484,255858,96,277888
37442,0.005518,74.125.68.0-255,7156,263014,96,277888
37443,0.005522,172.31.47.0-255,66,263080,96,277888
37444,0.005551,172.31.47.0-255,66,263146,96,277888
37445,0.005567,172.31.47.0-255,66,263212,96,277888
37446,0.00557,74.125.68.0-255,766,263978,96,277888
37447,0.005923,74.125.68.0-255,1484,265462,96,277888
37448,0.005926,172.31.47.0-255,66,265528,96,277888
37449,0.005932,74.125.68.0-255,2902,268430,96,277888
37450,0.005934,172.31.47.0-255,66,268496,96,277888
37451,0.005979,74.125.68.0-255,2902,271398,96,277888
37452,0.005983,172.31.47.0-255,66,271464,96,277888
37453,0.006013,74.125.68.0-255,1720,273184,96,277888
37454,0.006016,172.31.47.0-255,66,273250,96,277888
37455,0.006036,74.125.68.0-255,105,273355,96,277888
37456,0.011928,172.31.47.0-255,66,273421,96,277888
37457,0.011957,172.31.47.0-255,105,273526,96,277888
37458,0.014581,74.125.68.0-255,66,273592,96,277888
37459,0.042588,172.31.47.0-255,172,273764,96,277888
37460,0.042615,172.31.47.0-255,1101,274865,96,277888
37461,0.042652,172.31.47.0-255,1514,276379,96,277888
37462,0.042654,172.31.47.0-255,1311,277690,96,277888
37463,0.044128,104.244.42.0-255,66,277756,96,277888
37464,0.044143,104.244.42.0-255,66,277822,96,277888
37465,0.0442,104.244.42.0-255,66,277888,96,277888
37466,0.0,74.125.200.0-255,153,153,96,317334
37467,3.2e-05,172.31.47.0-255,66,219,96,317334
37468,3.9e-05,74.125.200.0-255,1484,1703,96,317334
37469,4.4e-05,172.31.47.0-255,66,1769,96,317334
37470,4.6e-05,74.125.200.0-255,1484,3253,96,317334
37471,4.9e-05,172.31.47.0-255,66,3319,96,317334
37472,5.4e-05,74.125.200.0-255,2902,6221,96,317334
37473,5.7e-05,172.31.47.0-255,66,6287,96,317334
37474,6.3e-05,74.125.200.0-255,5738,12025,96,317334
37475,6.5e-05,172.31.47.0-255,66,12091,96,317334
37476,8.8e-05,74.125.200.0-255,2170,14261,96,317334
37477,9.3e-05,172.31.47.0-255,66,14327,96,317334
37478,0.000131,74.125.200.0-255,2902,17229,96,317334
37479,0.000134,172.31.47.0-255,66,17295,96,317334
37480,0.000156,74.125.200.0-255,4320,21615,96,317334
37481,0.000158,172.31.47.0-255,66,21681,96,317334
37482,0.000184,74.125.200.0-255,4320,26001,96,317334
37483,0.000186,172.31.47.0-255,66,26067,96,317334
37484,0.000203,74.125.200.0-255,2902,28969,96,317334
37485,0.000206,172.31.47.0-255,66,29035,96,317334
37486,0.000244,74.125.200.0-255,2543,31578,96,317334
37487,0.000246,172.31.47.0-255,66,31644,96,317334
37488,0.000369,74.125.200.0-255,1484,33128,96,317334
37489,0.000373,172.31.47.0-255,66,33194,96,317334
37490,0.000392,74.125.200.0-255,2902,36096,96,317334
37491,0.000396,172.31.47.0-255,66,36162,96,317334
37492,0.000421,74.125.200.0-255,4320,40482,96,317334
37493,0.000424,172.31.47.0-255,66,40548,96,317334
37494,0.00044,74.125.200.0-255,4320,44868,96,317334
37495,0.000443,172.31.47.0-255,66,44934,96,317334
37496,0.000467,74.125.200.0-255,3961,48895,96,317334
37497,0.00047,172.31.47.0-255,66,48961,96,317334
37498,0.000481,172.31.47.0-255,66,49027,96,317334
37499,0.000484,74.125.200.0-255,1484,50511,96,317334
37500,0.000486,172.31.47.0-255,66,50577,96,317334
37501,0.00051,74.125.200.0-255,7075,57652,96,317334
37502,0.000512,172.31.47.0-255,66,57718,96,317334
37503,0.000515,74.125.200.0-255,130,57848,96,317334
37504,0.000517,74.125.200.0-255,345,58193,96,317334
37505,0.00083,172.31.47.0-255,66,58259,96,317334
37506,0.000833,74.125.200.0-255,1484,59743,96,317334
37507,0.000851,74.125.200.0-255,2902,62645,96,317334
37508,0.000854,172.31.47.0-255,66,62711,96,317334
37509,0.000874,74.125.200.0-255,5738,68449,96,317334
37510,0.000877,172.31.47.0-255,66,68515,96,317334
37511,0.00093,172.31.47.0-255,66,68581,96,317334
37512,0.000951,74.125.200.0-255,4320,72901,96,317334
37513,0.000955,172.31.47.0-255,66,72967,96,317334
37514,0.000976,74.125.200.0-255,6438,79405,96,317334
37515,0.000978,172.31.47.0-255,66,79471,96,317334
37516,0.001282,74.125.200.0-255,1484,80955,96,317334
37517,0.001292,74.125.200.0-255,2902,83857,96,317334
37518,0.001296,172.31.47.0-255,66,83923,96,317334
37519,0.0013,74.125.200.0-255,1484,85407,96,317334
37520,0.001315,74.125.200.0-255,1484,86891,96,317334
37521,0.001317,172.31.47.0-255,66,86957,96,317334
37522,0.001324,74.125.200.0-255,4320,91277,96,317334
37523,0.001326,172.31.47.0-255,66,91343,96,317334
37524,0.001359,172.31.47.0-255,66,91409,96,317334
37525,0.001364,74.125.200.0-255,2902,94311,96,317334
37526,0.001367,172.31.47.0-255,66,94377,96,317334
37527,0.00137,74.125.200.0-255,1484,95861,96,317334
37528,0.001392,74.125.200.0-255,2902,98763,96,317334
37529,0.001394,172.31.47.0-255,66,98829,96,317334
37530,0.001411,74.125.200.0-255,6438,105267,96,317334
37531,0.001414,172.31.47.0-255,66,105333,96,317334
37532,0.001728,74.125.200.0-255,1484,106817,96,317334
37533,0.001735,74.125.200.0-255,1484,108301,96,317334
37534,0.001739,172.31.47.0-255,66,108367,96,317334
37535,0.00176,74.125.200.0-255,1484,109851,96,317334
37536,0.001766,74.125.200.0-255,5738,115589,96,317334
37537,0.001768,172.31.47.0-255,66,115655,96,317334
37538,0.001772,74.125.200.0-255,2902,118557,96,317334
37539,0.001774,172.31.47.0-255,66,118623,96,317334
37540,0.001781,74.125.200.0-255,4320,122943,96,317334
37541,0.001784,172.31.47.0-255,66,123009,96,317334
37542,0.001788,74.125.200.0-255,4320,127329,96,317334
37543,0.001791,172.31.47.0-255,66,127395,96,317334
37544,0.001814,74.125.200.0-255,4320,131715,96,317334
37545,0.001822,74.125.200.0-255,7156,138871,96,317334
37546,0.001838,74.125.200.0-255,766,139637,96,317334
37547,0.001934,74.125.200.0-255,1484,141121,96,317334
37548,0.001949,74.125.200.0-255,2902,144023,96,317334
37549,0.001975,74.125.200.0-255,2902,146925,96,317334
37550,0.001986,74.125.200.0-255,1484,148409,96,317334
37551,0.001992,74.125.200.0-255,5738,154147,96,317334
37552,0.002032,74.125.200.0-255,2902,157049,96,317334
37553,0.002046,74.125.200.0-255,5020,162069,96,317334
37554,0.004901,172.31.47.0-255,66,162135,96,317334
37555,0.006922,74.125.200.0-255,5738,167873,96,317334
37556,0.00695,172.31.47.0-255,66,167939,96,317334
37557,0.00897,74.125.200.0-255,5738,173677,96,317334
37558,0.008978,172.31.47.0-255,66,173743,96,317334
37559,0.010993,74.125.200.0-255,5738,179481,96,317334
37560,0.011001,172.31.47.0-255,66,179547,96,317334
37561,0.013025,74.125.200.0-255,5738,185285,96,317334
37562,0.013035,172.31.47.0-255,66,185351,96,317334
37563,0.015073,74.125.200.0-255,5738,191089,96,317334
37564,0.015088,172.31.47.0-255,66,191155,96,317334
37565,0.017113,74.125.200.0-255,5738,196893,96,317334
37566,0.017126,172.31.47.0-255,66,196959,96,317334
37567,0.019159,74.125.200.0-255,5738,202697,96,317334
37568,0.019169,172.31.47.0-255,66,202763,96,317334
37569,0.021187,74.125.200.0-255,5738,208501,96,317334
37570,0.021195,172.31.47.0-255,66,208567,96,317334
37571,0.02324,74.125.200.0-255,5738,214305,96,317334
37572,0.023252,172.31.47.0-255,66,214371,96,317334
37573,0.025365,74.125.200.0-255,5738,220109,96,317334
37574,0.025383,172.31.47.0-255,66,220175,96,317334
37575,0.027422,74.125.200.0-255,5738,225913,96,317334
37576,0.027441,172.31.47.0-255,66,225979,96,317334
37577,0.029482,74.125.200.0-255,5738,231717,96,317334
37578,0.029497,172.31.47.0-255,66,231783,96,317334
37579,0.031525,74.125.200.0-255,5738,237521,96,317334
37580,0.031537,172.31.47.0-255,66,237587,96,317334
37581,0.033565,74.125.200.0-255,5738,243325,96,317334
37582,0.033572,172.31.47.0-255,66,243391,96,317334
37583,0.035601,74.125.200.0-255,5738,249129,96,317334
37584,0.035618,172.31.47.0-255,66,249195,96,317334
37585,0.037654,74.125.200.0-255,5738,254933,96,317334
37586,0.037673,172.31.47.0-255,66,254999,96,317334
37587,0.039702,74.125.200.0-255,5738,260737,96,317334
37588,0.039728,172.31.47.0-255,66,260803,96,317334
37589,0.041748,74.125.200.0-255,5738,266541,96,317334
37590,0.041754,172.31.47.0-255,66,266607,96,317334
37591,0.043779,74.125.200.0-255,5738,272345,96,317334
37592,0.043788,172.31.47.0-255,66,272411,96,317334
37593,0.045817,74.125.200.0-255,5738,278149,96,317334
37594,0.045828,172.31.47.0-255,66,278215,96,317334
37595,0.046261,172.31.47.0-255,172,278387,96,317334
37596,0.046288,172.31.47.0-255,1101,279488,96,317334
37597,0.046332,172.31.47.0-255,1514,281002,96,317334
37598,0.046334,172.31.47.0-255,1310,282312,96,317334
37599,0.047789,104.244.42.0-255,66,282378,96,317334
37600,0.047839,74.125.200.0-255,5738,288116,96,317334
37601,0.047847,172.31.47.0-255,66,288182,96,317334
37602,0.047951,104.244.42.0-255,66,288248,96,317334
37603,0.047988,104.244.42.0-255,66,288314,96,317334
37604,0.049892,74.125.200.0-255,5738,294052,96,317334
37605,0.04991,172.31.47.0-255,66,294118,96,317334
37606,0.051944,74.125.200.0-255,5738,299856,96,317334
37607,0.05196,172.31.47.0-255,66,299922,96,317334
37608,0.05398,74.125.200.0-255,5738,305660,96,317334
37609,0.053987,172.31.47.0-255,66,305726,96,317334
37610,0.055995,74.125.200.0-255,5738,311464,96,317334
37611,0.056001,172.31.47.0-255,66,311530,96,317334
37612,0.058053,74.125.200.0-255,5738,317268,96,317334
37613,0.05806,172.31.47.0-255,66,317334,96,317334
37614,0.0,172.31.47.0-255,66,66,96,66
37615,0.0,172.217.194.0-255,146,146,96,236649
37616,2.8e-05,172.31.47.0-255,66,212,96,236649
37617,3.5e-05,172.217.194.0-255,1484,1696,96,236649
37618,3.9e-05,172.31.47.0-255,66,1762,96,236649
37619,4.3e-05,172.217.194.0-255,2902,4664,96,236649
37620,4.5e-05,172.31.47.0-255,66,4730,96,236649
37621,5.8e-05,172.217.194.0-255,7156,11886,96,236649
37622,6e-05,172.31.47.0-255,66,11952,96,236649
37623,8.6e-05,172.217.194.0-255,1987,13939,96,236649
37624,8.8e-05,172.31.47.0-255,66,14005,96,236649
37625,0.000254,172.217.194.0-255,1484,15489,96,236649
37626,0.000259,172.31.47.0-255,66,15555,96,236649
37627,0.000264,172.217.194.0-255,2902,18457,96,236649
37628,0.000266,172.31.47.0-255,66,18523,96,236649
37629,0.00027,172.217.194.0-255,2902,21425,96,236649
37630,0.000277,172.31.47.0-255,66,21491,96,236649
37631,0.000289,172.217.194.0-255,2902,24393,96,236649
37632,0.000291,172.31.47.0-255,66,24459,96,236649
37633,0.000298,172.217.194.0-255,1484,25943,96,236649
37634,0.000301,172.31.47.0-255,66,26009,96,236649
37635,0.00033,172.217.194.0-255,4320,30329,96,236649
37636,0.000333,172.31.47.0-255,66,30395,96,236649
37637,0.000364,172.217.194.0-255,5379,35774,96,236649
37638,0.000367,172.31.47.0-255,66,35840,96,236649
37639,0.000378,172.31.47.0-255,66,35906,96,236649
37640,0.000407,172.217.194.0-255,2543,38449,96,236649
37641,0.00041,172.31.47.0-255,66,38515,96,236649
37642,0.000798,172.217.194.0-255,1484,39999,96,236649
37643,0.000803,172.31.47.0-255,66,40065,96,236649
37644,0.000811,172.217.194.0-255,2902,42967,96,236649
37645,0.000814,172.31.47.0-255,66,43033,96,236649
37646,0.000825,172.217.194.0-255,5738,48771,96,236649
37647,0.000828,172.31.47.0-255,66,48837,96,236649
37648,0.000851,172.217.194.0-255,5738,54575,96,236649
37649,0.000854,172.31.47.0-255,66,54641,96,236649
37650,0.000876,172.217.194.0-255,1708,56349,96,236649
37651,0.000878,172.31.47.0-255,66,56415,96,236649
37652,0.000897,172.217.194.0-255,1484,57899,96,236649
37653,0.000899,172.31.47.0-255,66,57965,96,236649
37654,0.000903,172.217.194.0-255,1484,59449,96,236649
37655,0.000905,172.31.47.0-255,66,59515,96,236649
37656,0.000935,172.217.194.0-255,1484,60999,96,236649
37657,0.000937,172.31.47.0-255,66,61065,96,236649
37658,0.000944,172.217.194.0-255,5738,66803,96,236649
37659,0.000946,172.31.47.0-255,66,66869,96,236649
37660,0.000951,172.217.194.0-255,4320,71189,96,236649
37661,0.000955,172.31.47.0-255,66,71255,96,236649
37662,0.000974,172.217.194.0-255,2543,73798,96,236649
37663,0.000976,172.31.47.0-255,66,73864,96,236649
37664,0.000984,172.217.194.0-255,7156,81020,96,236649
37665,0.000988,172.31.47.0-255,66,81086,96,236649
37666,0.001021,172.31.47.0-255,66,81152,96,236649
37667,0.002052,172.217.194.0-255,1484,82636,96,236649
37668,0.002057,172.31.47.0-255,66,82702,96,236649
37669,0.002062,172.217.194.0-255,2902,85604,96,236649
37670,0.002064,172.31.47.0-255,66,85670,96,236649
37671,0.002089,172.217.194.0-255,5738,91408,96,236649
37672,0.002091,172.31.47.0-255,66,91474,96,236649
37673,0.002128,172.217.194.0-255,2902,94376,96,236649
37674,0.00213,172.31.47.0-255,66,94442,96,236649
37675,0.00215,172.31.47.0-255,66,94508,96,236649
37676,0.002153,172.217.194.0-255,2902,97410,96,236649
37677,0.002156,172.31.47.0-255,66,97476,96,236649
37678,0.004396,172.31.47.0-255,66,97542,96,236649
37679,0.006729,172.217.194.0-255,5738,103280,96,236649
37680,0.006735,172.31.47.0-255,66,103346,96,236649
37681,0.009065,172.217.194.0-255,5738,109084,96,236649
37682,0.009071,172.31.47.0-255,66,109150,96,236649
37683,0.011375,172.217.194.0-255,5738,114888,96,236649
37684,0.011382,172.31.47.0-255,66,114954,96,236649
37685,0.013716,172.217.194.0-255,1484,116438,96,236649
37686,0.013721,172.31.47.0-255,66,116504,96,236649
37687,0.013745,172.217.194.0-255,4320,120824,96,236649
37688,0.014266,172.31.47.0-255,66,120890,96,236649
37689,0.016037,172.217.194.0-255,1484,122374,96,236649
37690,0.016044,172.31.47.0-255,66,122440,96,236649
37691,0.016575,172.217.194.0-255,4320,126760,96,236649
37692,0.016631,172.31.47.0-255,66,126826,96,236649
37693,0.018359,172.217.194.0-255,1484,128310,96,236649
37694,0.01837,172.31.47.0-255,66,128376,96,236649
37695,0.018925,172.217.194.0-255,4320,132696,96,236649
37696,0.018965,172.31.47.0-255,66,132762,96,236649
37697,0.020714,172.217.194.0-255,1484,134246,96,236649
37698,0.021299,172.217.194.0-255,4320,138566,96,236649
37699,0.021304,172.31.47.0-255,66,138632,96,236649
37700,0.023631,172.217.194.0-255,5738,144370,96,236649
37701,0.023685,172.31.47.0-255,66,144436,96,236649
37702,0.026007,172.217.194.0-255,5738,150174,96,236649
37703,0.026013,172.31.47.0-255,66,150240,96,236649
37704,0.028339,172.217.194.0-255,5738,155978,96,236649
37705,0.028346,172.31.47.0-255,66,156044,96,236649
37706,0.029582,172.31.47.0-255,172,156216,96,236649
37707,0.029611,172.31.47.0-255,1109,157325,96,236649
37708,0.029642,172.31.47.0-255,1514,158839,96,236649
37709,0.029663,172.31.47.0-255,1302,160141,96,236649
37710,0.03066,172.217.194.0-255,5738,165879,96,236649
37711,0.030666,172.31.47.0-255,66,165945,96,236649
37712,0.03113,104.244.42.0-255,66,166011,96,236649
37713,0.031163,104.244.42.0-255,66,166077,96,236649
37714,0.031212,104.244.42.0-255,66,166143,96,236649
37715,0.031214,104.244.42.0-255,66,166209,96,236649
37716,0.032953,172.217.194.0-255,5738,171947,96,236649
37717,0.032958,172.31.47.0-255,66,172013,96,236649
37718,0.03531,172.217.194.0-255,5738,177751,96,236649
37719,0.035326,172.31.47.0-255,66,177817,96,236649
37720,0.03766,172.217.194.0-255,5738,183555,96,236649
37721,0.037679,172.31.47.0-255,66,183621,96,236649
37722,0.039994,172.217.194.0-255,5738,189359,96,236649
37723,0.040009,172.31.47.0-255,66,189425,96,236649
37724,0.04233,172.217.194.0-255,5738,195163,96,236649
37725,0.042344,172.31.47.0-255,66,195229,96,236649
37726,0.044697,172.217.194.0-255,5738,200967,96,236649
37727,0.044707,172.31.47.0-255,66,201033,96,236649
37728,0.047024,172.217.194.0-255,2902,203935,96,236649
37729,0.047029,172.31.47.0-255,66,204001,96,236649
37730,0.047061,172.217.194.0-255,2902,206903,96,236649
37731,0.047075,172.31.47.0-255,66,206969,96,236649
37732,0.049343,172.217.194.0-255,2902,209871,96,236649
37733,0.049348,172.31.47.0-255,66,209937,96,236649
37734,0.049382,172.217.194.0-255,2902,212839,96,236649
37735,0.049388,172.31.47.0-255,66,212905,96,236649
37736,0.051642,172.217.194.0-255,2902,215807,96,236649
37737,0.051647,172.31.47.0-255,66,215873,96,236649
37738,0.05168,172.217.194.0-255,2902,218775,96,236649
37739,0.052094,172.31.47.0-255,66,218841,96,236649
37740,0.053991,172.217.194.0-255,2902,221743,96,236649
37741,0.053998,172.31.47.0-255,66,221809,96,236649
37742,0.054401,172.217.194.0-255,2902,224711,96,236649
37743,0.054406,172.31.47.0-255,66,224777,96,236649
37744,0.056313,172.217.194.0-255,2902,227679,96,236649
37745,0.056318,172.31.47.0-255,66,227745,96,236649
37746,0.056743,172.217.194.0-255,2902,230647,96,236649
37747,0.056748,172.31.47.0-255,66,230713,96,236649
37748,0.05862,172.217.194.0-255,2902,233615,96,236649
37749,0.058624,172.31.47.0-255,66,233681,96,236649
37750,0.059067,172.217.194.0-255,2902,236583,96,236649
37751,0.059071,172.31.47.0-255,66,236649,96,236649
37752,0.0,172.217.194.0-255,153,153,96,270287
37753,2.9e-05,172.31.47.0-255,66,219,96,270287
37754,3.9e-05,172.217.194.0-255,1484,1703,96,270287
37755,4.6e-05,172.31.47.0-255,66,1769,96,270287
37756,5.3e-05,172.217.194.0-255,2902,4671,96,270287
37757,5.7e-05,172.31.47.0-255,66,4737,96,270287
37758,6.6e-05,172.217.194.0-255,7156,11893,96,270287
37759,7e-05,172.31.47.0-255,66,11959,96,270287
37760,8.6e-05,172.31.47.0-255,66,12025,96,270287
37761,0.000119,172.217.194.0-255,4320,16345,96,270287
37762,0.000122,172.31.47.0-255,66,16411,96,270287
37763,0.000146,172.217.194.0-255,5379,21790,96,270287
37764,0.000149,172.31.47.0-255,66,21856,96,270287
37765,0.000413,172.217.194.0-255,1484,23340,96,270287
37766,0.000418,172.31.47.0-255,66,23406,96,270287
37767,0.000425,172.217.194.0-255,2902,26308,96,270287
37768,0.000427,172.31.47.0-255,66,26374,96,270287
37769,0.000457,172.217.194.0-255,5738,32112,96,270287
37770,0.000459,172.31.47.0-255,66,32178,96,270287
37771,0.000468,172.217.194.0-255,6797,38975,96,270287
37772,0.00047,172.31.47.0-255,66,39041,96,270287
37773,0.000473,172.217.194.0-255,1484,40525,96,270287
37774,0.000476,172.31.47.0-255,66,40591,96,270287
37775,0.000539,172.31.47.0-255,66,40657,96,270287
37776,0.000543,172.217.194.0-255,2794,43451,96,270287
37777,0.000545,172.31.47.0-255,66,43517,96,270287
37778,0.000616,172.217.194.0-255,119,43636,96,270287
37779,0.000619,172.31.47.0-255,66,43702,96,270287
37780,0.000708,172.217.194.0-255,1484,45186,96,270287
37781,0.000712,172.31.47.0-255,66,45252,96,270287
37782,0.000718,172.217.194.0-255,2902,48154,96,270287
37783,0.000721,172.31.47.0-255,66,48220,96,270287
37784,0.000726,172.217.194.0-255,2902,51122,96,270287
37785,0.000728,172.31.47.0-255,66,51188,96,270287
37786,0.000745,172.217.194.0-255,2902,54090,96,270287
37787,0.000748,172.31.47.0-255,66,54156,96,270287
37788,0.000752,172.217.194.0-255,1484,55640,96,270287
37789,0.000773,172.217.194.0-255,5379,61019,96,270287
37790,0.000776,172.31.47.0-255,66,61085,96,270287
37791,0.000782,172.217.194.0-255,4320,65405,96,270287
37792,0.000785,172.31.47.0-255,66,65471,96,270287
37793,0.000798,172.217.194.0-255,2902,68373,96,270287
37794,0.0008,172.31.47.0-255,66,68439,96,270287
37795,0.000805,172.217.194.0-255,2902,71341,96,270287
37796,0.000808,172.31.47.0-255,66,71407,96,270287
37797,0.000832,172.217.194.0-255,6797,78204,96,270287
37798,0.000835,172.31.47.0-255,66,78270,96,270287
37799,0.001961,172.217.194.0-255,1484,79754,96,270287
37800,0.001974,172.217.194.0-255,2902,82656,96,270287
37801,0.00198,172.31.47.0-255,66,82722,96,270287
37802,0.001988,172.217.194.0-255,5738,88460,96,270287
37803,0.00199,172.31.47.0-255,66,88526,96,270287
37804,0.002017,172.217.194.0-255,5738,94264,96,270287
37805,0.00202,172.31.47.0-255,66,94330,96,270287
37806,0.002046,172.217.194.0-255,7156,101486,96,270287
37807,0.002048,172.31.47.0-255,66,101552,96,270287
37808,0.002059,172.31.47.0-255,66,101618,96,270287
37809,0.002084,172.217.194.0-255,2184,103802,96,270287
37810,0.002087,172.31.47.0-255,66,103868,96,270287
37811,0.00209,172.217.194.0-255,1484,105352,96,270287
37812,0.002105,172.217.194.0-255,1484,106836,96,270287
37813,0.002107,172.31.47.0-255,66,106902,96,270287
37814,0.002116,172.217.194.0-255,4320,111222,96,270287
37815,0.002117,172.31.47.0-255,66,111288,96,270287
37816,0.002144,172.217.194.0-255,2902,114190,96,270287
37817,0.002147,172.31.47.0-255,66,114256,96,270287
37818,0.002156,172.217.194.0-255,7156,121412,96,270287
37819,0.002157,172.31.47.0-255,66,121478,96,270287
37820,0.002164,172.217.194.0-255,5738,127216,96,270287
37821,0.002167,172.31.47.0-255,66,127282,96,270287
37822,0.002196,172.31.47.0-255,66,127348,96,270287
37823,0.002199,172.217.194.0-255,766,128114,96,270287
37824,0.004551,172.217.194.0-255,4320,132434,96,270287
37825,0.004569,172.31.47.0-255,66,132500,96,270287
37826,0.006918,172.217.194.0-255,5738,138238,96,270287
37827,0.006932,172.31.47.0-255,66,138304,96,270287
37828,0.009229,172.217.194.0-255,5738,144042,96,270287
37829,0.009241,172.31.47.0-255,66,144108,96,270287
37830,0.01158,172.217.194.0-255,5738,149846,96,270287
37831,0.011606,172.31.47.0-255,66,149912,96,270287
37832,0.013924,172.217.194.0-255,5738,155650,96,270287
37833,0.013947,172.31.47.0-255,66,155716,96,270287
37834,0.016292,172.217.194.0-255,5738,161454,96,270287
37835,0.016314,172.31.47.0-255,66,161520,96,270287
37836,0.018625,172.217.194.0-255,5738,167258,96,270287
37837,0.018644,172.31.47.0-255,66,167324,96,270287
37838,0.020962,172.217.194.0-255,5738,173062,96,270287
37839,0.020978,172.31.47.0-255,66,173128,96,270287
37840,0.023308,172.217.194.0-255,5738,178866,96,270287
37841,0.023319,172.31.47.0-255,66,178932,96,270287
37842,0.025658,172.217.194.0-255,5738,184670,96,270287
37843,0.025675,172.31.47.0-255,66,184736,96,270287
37844,0.027968,172.217.194.0-255,5738,190474,96,270287
37845,0.02798,172.31.47.0-255,66,190540,96,270287
37846,0.030264,172.31.47.0-255,172,190712,96,270287
37847,0.0303,172.217.194.0-255,5738,196450,96,270287
37848,0.030305,172.31.47.0-255,66,196516,96,270287
37849,0.030311,172.31.47.0-255,1105,197621,96,270287
37850,0.03038,172.31.47.0-255,1514,199135,96,270287
37851,0.030381,172.31.47.0-255,1306,200441,96,270287
37852,0.031806,104.244.42.0-255,66,200507,96,270287
37853,0.031846,104.244.42.0-255,66,200573,96,270287
37854,0.031938,104.244.42.0-255,66,200639,96,270287
37855,0.032624,172.217.194.0-255,5738,206377,96,270287
37856,0.032631,172.31.47.0-255,66,206443,96,270287
37857,0.03495,172.217.194.0-255,5738,212181,96,270287
37858,0.034958,172.31.47.0-255,66,212247,96,270287
37859,0.037266,172.217.194.0-255,5738,217985,96,270287
37860,0.037273,172.31.47.0-255,66,218051,96,270287
37861,0.039591,172.217.194.0-255,5738,223789,96,270287
37862,0.039599,172.31.47.0-255,66,223855,96,270287
37863,0.041918,172.217.194.0-255,5738,229593,96,270287
37864,0.041928,172.31.47.0-255,66,229659,96,270287
37865,0.044269,172.217.194.0-255,5738,235397,96,270287
37866,0.044276,172.31.47.0-255,66,235463,96,270287
37867,0.046569,172.217.194.0-255,5738,241201,96,270287
37868,0.046574,172.31.47.0-255,66,241267,96,270287
37869,0.048867,172.217.194.0-255,5738,247005,96,270287
37870,0.048874,172.31.47.0-255,66,247071,96,270287
37871,0.051188,172.217.194.0-255,5738,252809,96,270287
37872,0.051194,172.31.47.0-255,66,252875,96,270287
37873,0.053507,172.217.194.0-255,5738,258613,96,270287
37874,0.053514,172.31.47.0-255,66,258679,96,270287
37875,0.055782,172.217.194.0-255,5738,264417,96,270287
37876,0.05579,172.31.47.0-255,66,264483,96,270287
37877,0.058069,172.217.194.0-255,5738,270221,96,270287
37878,0.058078,172.31.47.0-255,66,270287,96,270287
37879,0.0,74.125.200.0-255,146,146,96,273363
37880,2.6e-05,172.31.47.0-255,66,212,96,273363
37881,3.2e-05,74.125.200.0-255,1484,1696,96,273363
37882,3.6e-05,172.31.47.0-255,66,1762,96,273363
37883,3.9e-05,74.125.200.0-255,1484,3246,96,273363
37884,4.2e-05,172.31.47.0-255,66,3312,96,273363
37885,6.3e-05,74.125.200.0-255,1484,4796,96,273363
37886,6.6e-05,172.31.47.0-255,66,4862,96,273363
37887,7.2e-05,74.125.200.0-255,4320,9182,96,273363
37888,7.4e-05,172.31.47.0-255,66,9248,96,273363
37889,8.7e-05,74.125.200.0-255,2902,12150,96,273363
37890,8.9e-05,172.31.47.0-255,66,12216,96,273363
37891,9.2e-05,74.125.200.0-255,2201,14417,96,273363
37892,9.5e-05,172.31.47.0-255,66,14483,96,273363
37893,0.000179,74.125.200.0-255,1484,15967,96,273363
37894,0.000182,172.31.47.0-255,66,16033,96,273363
37895,0.000201,74.125.200.0-255,2902,18935,96,273363
37896,0.000203,172.31.47.0-255,66,19001,96,273363
37897,0.000209,74.125.200.0-255,5738,24739,96,273363
37898,0.000211,172.31.47.0-255,66,24805,96,273363
37899,0.000237,74.125.200.0-255,6797,31602,96,273363
37900,0.000239,172.31.47.0-255,66,31668,96,273363
37901,0.000259,74.125.200.0-255,7156,38824,96,273363
37902,0.000262,172.31.47.0-255,66,38890,96,273363
37903,0.000291,172.31.47.0-255,66,38956,96,273363
37904,0.000294,74.125.200.0-255,1484,40440,96,273363
37905,0.000296,172.31.47.0-255,66,40506,96,273363
37906,0.000321,172.31.47.0-255,66,40572,96,273363
37907,0.000324,74.125.200.0-255,1484,42056,96,273363
37908,0.000325,172.31.47.0-255,66,42122,96,273363
37909,0.000344,74.125.200.0-255,3602,45724,96,273363
37910,0.000347,172.31.47.0-255,66,45790,96,273363
37911,0.000361,74.125.200.0-255,398,46188,96,273363
37912,0.000364,172.31.47.0-255,66,46254,96,273363
37913,0.000401,74.125.200.0-255,346,46600,96,273363
37914,0.000404,172.31.47.0-255,66,46666,96,273363
37915,0.000586,74.125.200.0-255,1484,48150,96,273363
37916,0.00059,172.31.47.0-255,66,48216,96,273363
37917,0.000602,74.125.200.0-255,2902,51118,96,273363
37918,0.000605,74.125.200.0-255,1484,52602,96,273363
37919,0.000606,172.31.47.0-255,66,52668,96,273363
37920,0.000621,74.125.200.0-255,4320,56988,96,273363
37921,0.000624,74.125.200.0-255,1484,58472,96,273363
37922,0.000625,172.31.47.0-255,66,58538,96,273363
37923,0.00065,74.125.200.0-255,5738,64276,96,273363
37924,0.000655,74.125.200.0-255,4320,68596,96,273363
37925,0.000656,172.31.47.0-255,66,68662,96,273363
37926,0.000661,172.31.47.0-255,66,68728,96,273363
37927,0.000675,74.125.200.0-255,4320,73048,96,273363
37928,0.000681,172.31.47.0-255,66,73114,96,273363
37929,0.000695,172.31.47.0-255,66,73180,96,273363
37930,0.000791,74.125.200.0-255,1484,74664,96,273363
37931,0.000808,74.125.200.0-255,1484,76148,96,273363
37932,0.000811,172.31.47.0-255,66,76214,96,273363
37933,0.000828,74.125.200.0-255,1484,77698,96,273363
37934,0.000833,74.125.200.0-255,5738,83436,96,273363
37935,0.000836,74.125.200.0-255,2902,86338,96,273363
37936,0.00084,172.31.47.0-255,66,86404,96,273363
37937,0.000873,74.125.200.0-255,4320,90724,96,273363
37938,0.000876,172.31.47.0-255,66,90790,96,273363
37939,0.000893,74.125.200.0-255,5738,96528,96,273363
37940,0.000896,172.31.47.0-255,66,96594,96,273363
37941,0.000898,74.125.200.0-255,5738,102332,96,273363
37942,0.000907,172.31.47.0-255,66,102398,96,273363
37943,0.000945,74.125.200.0-255,5020,107418,96,273363
37944,0.000951,172.31.47.0-255,66,107484,96,273363
37945,0.000967,74.125.200.0-255,1484,108968,96,273363
37946,0.000988,74.125.200.0-255,4320,113288,96,273363
37947,0.000992,74.125.200.0-255,2902,116190,96,273363
37948,0.000995,172.31.47.0-255,66,116256,96,273363
37949,0.000995,74.125.200.0-255,2902,119158,96,273363
37950,0.000999,172.31.47.0-255,66,119224,96,273363
37951,0.001007,74.125.200.0-255,1484,120708,96,273363
37952,0.001034,172.31.47.0-255,66,120774,96,273363
37953,0.001038,74.125.200.0-255,2902,123676,96,273363
37954,0.00105,172.31.47.0-255,66,123742,96,273363
37955,0.001054,74.125.200.0-255,5738,129480,96,273363
37956,0.001065,172.31.47.0-255,66,129546,96,273363
37957,0.001097,74.125.200.0-255,3602,133148,96,273363
37958,0.001101,172.31.47.0-255,66,133214,96,273363
37959,0.001115,74.125.200.0-255,4320,137534,96,273363
37960,0.001121,172.31.47.0-255,66,137600,96,273363
37961,0.001166,172.31.47.0-255,66,137666,96,273363
37962,0.001177,172.31.47.0-255,66,137732,96,273363
37963,0.0012,74.125.200.0-255,5738,143470,96,273363
37964,0.001203,172.31.47.0-255,66,143536,96,273363
37965,0.001223,74.125.200.0-255,5020,148556,96,273363
37966,0.001232,172.31.47.0-255,66,148622,96,273363
37967,0.001292,74.125.200.0-255,1484,150106,96,273363
37968,0.001304,74.125.200.0-255,2902,153008,96,273363
37969,0.001313,172.31.47.0-255,66,153074,96,273363
37970,0.001325,74.125.200.0-255,5738,158812,96,273363
37971,0.001331,172.31.47.0-255,66,158878,96,273363
37972,0.001345,74.125.200.0-255,4320,163198,96,273363
37973,0.001348,172.31.47.0-255,66,163264,96,273363
37974,0.001365,74.125.200.0-255,4320,167584,96,273363
37975,0.001367,74.125.200.0-255,1484,169068,96,273363
37976,0.00137,172.31.47.0-255,66,169134,96,273363
37977,0.001399,74.125.200.0-255,5020,174154,96,273363
37978,0.001399,172.31.47.0-255,66,174220,96,273363
37979,0.001403,172.31.47.0-255,66,174286,96,273363
37980,0.001525,74.125.200.0-255,1484,175770,96,273363
37981,0.001541,74.125.200.0-255,2902,178672,96,273363
37982,0.001544,172.31.47.0-255,66,178738,96,273363
37983,0.001549,74.125.200.0-255,2902,181640,96,273363
37984,0.001556,172.31.47.0-255,66,181706,96,273363
37985,0.001562,74.125.200.0-255,1484,183190,96,273363
37986,0.001588,74.125.200.0-255,2902,186092,96,273363
37987,0.001593,172.31.47.0-255,66,186158,96,273363
37988,0.001613,74.125.200.0-255,5738,191896,96,273363
37989,0.00162,172.31.47.0-255,66,191962,96,273363
37990,0.001644,74.125.200.0-255,2902,194864,96,273363
37991,0.001647,172.31.47.0-255,66,194930,96,273363
37992,0.00167,74.125.200.0-255,5020,199950,96,273363
37993,0.001674,172.31.47.0-255,66,200016,96,273363
37994,0.001764,74.125.200.0-255,1484,201500,96,273363
37995,0.001769,74.125.200.0-255,2902,204402,96,273363
37996,0.001772,172.31.47.0-255,66,204468,96,273363
37997,0.001793,74.125.200.0-255,5738,210206,96,273363
37998,0.001797,74.125.200.0-255,2902,213108,96,273363
37999,0.0018,172.31.47.0-255,66,213174,96,273363
38000,0.001825,74.125.200.0-255,4320,217494,96,273363
38001,0.001832,172.31.47.0-255,66,217560,96,273363
38002,0.001842,74.125.200.0-255,5738,223298,96,273363
38003,0.001845,74.125.200.0-255,1484,224782,96,273363
38004,0.001845,172.31.47.0-255,66,224848,96,273363
38005,0.001891,172.31.47.0-255,66,224914,96,273363
38006,0.001933,172.31.47.0-255,66,224980,96,273363
38007,0.001938,74.125.200.0-255,4320,229300,96,273363
38008,0.001949,172.31.47.0-255,66,229366,96,273363
38009,0.001953,74.125.200.0-255,5738,235104,96,273363
38010,0.001961,172.31.47.0-255,66,235170,96,273363
38011,0.001982,74.125.200.0-255,766,235936,96,273363
38012,0.001983,172.31.47.0-255,66,236002,96,273363
38013,0.002015,74.125.200.0-255,2902,238904,96,273363
38014,0.002027,172.31.47.0-255,66,238970,96,273363
38015,0.002038,172.31.47.0-255,66,239036,96,273363
38016,0.002052,74.125.200.0-255,5738,244774,96,273363
38017,0.00206,172.31.47.0-255,66,244840,96,273363
38018,0.002091,172.31.47.0-255,66,244906,96,273363
38019,0.002098,74.125.200.0-255,2902,247808,96,273363
38020,0.002103,172.31.47.0-255,66,247874,96,273363
38021,0.002121,74.125.200.0-255,2902,250776,96,273363
38022,0.002127,172.31.47.0-255,66,250842,96,273363
38023,0.002135,74.125.200.0-255,2902,253744,96,273363
38024,0.002141,172.31.47.0-255,66,253810,96,273363
38025,0.002164,74.125.200.0-255,2902,256712,96,273363
38026,0.00217,172.31.47.0-255,66,256778,96,273363
38027,0.002192,172.31.47.0-255,66,256844,96,273363
38028,0.002201,74.125.200.0-255,6438,263282,96,273363
38029,0.002205,172.31.47.0-255,66,263348,96,273363
38030,0.002205,74.125.200.0-255,2433,265781,96,273363
38031,0.002208,172.31.47.0-255,66,265847,96,273363
38032,0.002225,74.125.200.0-255,105,265952,96,273363
38033,0.007161,172.31.47.0-255,66,266018,96,273363
38034,0.007185,172.31.47.0-255,105,266123,96,273363
38035,0.009473,74.125.200.0-255,66,266189,96,273363
38036,0.024386,172.31.47.0-255,172,266361,96,273363
38037,0.024414,172.31.47.0-255,1109,267470,96,273363
38038,0.024451,172.31.47.0-255,1514,268984,96,273363
38039,0.024453,172.31.47.0-255,1514,270498,96,273363
38040,0.024454,172.31.47.0-255,1514,272012,96,273363
38041,0.024455,172.31.47.0-255,1087,273099,96,273363
38042,0.025898,104.244.42.0-255,66,273165,96,273363
38043,0.02595,104.244.42.0-255,66,273231,96,273363
38044,0.026002,104.244.42.0-255,66,273297,96,273363
38045,0.026005,104.244.42.0-255,66,273363,96,273363
38046,0.0,172.217.194.0-255,153,153,96,214631
38047,2.4e-05,172.31.47.0-255,66,219,96,214631
38048,3.2e-05,172.217.194.0-255,1484,1703,96,214631
38049,3.5e-05,172.31.47.0-255,66,1769,96,214631
38050,4e-05,172.217.194.0-255,2902,4671,96,214631
38051,4.8e-05,172.31.47.0-255,66,4737,96,214631
38052,5.3e-05,172.217.194.0-255,4320,9057,96,214631
38053,5.6e-05,172.31.47.0-255,66,9123,96,214631
38054,0.000115,172.31.47.0-255,66,9189,96,214631
38055,0.000122,172.217.194.0-255,7156,16345,96,214631
38056,0.000124,172.31.47.0-255,66,16411,96,214631
38057,0.000145,172.217.194.0-255,1484,17895,96,214631
38058,0.000148,172.31.47.0-255,66,17961,96,214631
38059,0.000154,172.217.194.0-255,5379,23340,96,214631
38060,0.000161,172.31.47.0-255,66,23406,96,214631
38061,0.000187,172.217.194.0-255,5738,29144,96,214631
38062,0.000195,172.31.47.0-255,66,29210,96,214631
38063,0.00023,172.31.47.0-255,66,29276,96,214631
38064,0.000323,172.217.194.0-255,1484,30760,96,214631
38065,0.000327,172.31.47.0-255,66,30826,96,214631
38066,0.000332,172.217.194.0-255,2902,33728,96,214631
38067,0.000335,172.31.47.0-255,66,33794,96,214631
38068,0.000339,172.217.194.0-255,2902,36696,96,214631
38069,0.000348,172.31.47.0-255,66,36762,96,214631
38070,0.00038,172.217.194.0-255,2902,39664,96,214631
38071,0.000383,172.31.47.0-255,66,39730,96,214631
38072,0.00039,172.217.194.0-255,6797,46527,96,214631
38073,0.000392,172.31.47.0-255,66,46593,96,214631
38074,0.000395,172.217.194.0-255,361,46954,96,214631
38075,0.000403,172.31.47.0-255,66,47020,96,214631
38076,0.00067,172.217.194.0-255,382,47402,96,214631
38077,0.000802,172.31.47.0-255,66,47468,96,214631
38078,0.000881,172.217.194.0-255,1484,48952,96,214631
38079,0.00089,172.217.194.0-255,2902,51854,96,214631
38080,0.000893,172.31.47.0-255,66,51920,96,214631
38081,0.0009,172.217.194.0-255,5738,57658,96,214631
38082,0.000902,172.31.47.0-255,66,57724,96,214631
38083,0.000927,172.217.194.0-255,6797,64521,96,214631
38084,0.000935,172.31.47.0-255,66,64587,96,214631
38085,0.000976,172.31.47.0-255,66,64653,96,214631
38086,0.00098,172.217.194.0-255,2543,67196,96,214631
38087,0.000982,172.31.47.0-255,66,67262,96,214631
38088,0.001392,172.217.194.0-255,1484,68746,96,214631
38089,0.001402,172.217.194.0-255,2902,71648,96,214631
38090,0.001406,172.31.47.0-255,66,71714,96,214631
38091,0.001413,172.217.194.0-255,5738,77452,96,214631
38092,0.001415,172.31.47.0-255,66,77518,96,214631
38093,0.001459,172.31.47.0-255,66,77584,96,214631
38094,0.001525,172.31.47.0-255,66,77650,96,214631
38095,0.001538,172.217.194.0-255,2184,79834,96,214631
38096,0.00154,172.31.47.0-255,66,79900,96,214631
38097,0.001555,172.31.47.0-255,66,79966,96,214631
38098,0.001565,172.31.47.0-255,66,80032,96,214631
38099,0.001591,172.217.194.0-255,7156,87188,96,214631
38100,0.001593,172.31.47.0-255,66,87254,96,214631
38101,0.001618,172.217.194.0-255,3602,90856,96,214631
38102,0.001625,172.31.47.0-255,66,90922,96,214631
38103,0.001647,172.217.194.0-255,1484,92406,96,214631
38104,0.001675,172.217.194.0-255,2902,95308,96,214631
38105,0.001678,172.31.47.0-255,66,95374,96,214631
38106,0.001681,172.217.194.0-255,1484,96858,96,214631
38107,0.001704,172.217.194.0-255,4320,101178,96,214631
38108,0.001707,172.31.47.0-255,66,101244,96,214631
38109,0.001712,172.217.194.0-255,5738,106982,96,214631
38110,0.001715,172.31.47.0-255,66,107048,96,214631
38111,0.001721,172.217.194.0-255,1484,108532,96,214631
38112,0.001756,172.31.47.0-255,66,108598,96,214631
38113,0.001762,172.217.194.0-255,5020,113618,96,214631
38114,0.001764,172.31.47.0-255,66,113684,96,214631
38115,0.001785,172.217.194.0-255,5738,119422,96,214631
38116,0.001791,172.31.47.0-255,66,119488,96,214631
38117,0.001794,172.217.194.0-255,1484,120972,96,214631
38118,0.00183,172.31.47.0-255,66,121038,96,214631
38119,0.001849,172.31.47.0-255,66,121104,96,214631
38120,0.001854,172.217.194.0-255,3602,124706,96,214631
38121,0.001856,172.31.47.0-255,66,124772,96,214631
38122,0.001889,172.217.194.0-255,4320,129092,96,214631
38123,0.001893,172.31.47.0-255,66,129158,96,214631
38124,0.001903,172.31.47.0-255,66,129224,96,214631
38125,0.001924,172.31.47.0-255,66,129290,96,214631
38126,0.001946,172.217.194.0-255,1484,130774,96,214631
38127,0.001973,172.217.194.0-255,6438,137212,96,214631
38128,0.001976,172.31.47.0-255,66,137278,96,214631
38129,0.001983,172.217.194.0-255,7156,144434,96,214631
38130,0.001985,172.31.47.0-255,66,144500,96,214631
38131,0.002008,172.217.194.0-255,1484,145984,96,214631
38132,0.002011,172.217.194.0-255,1484,147468,96,214631
38133,0.002013,172.31.47.0-255,66,147534,96,214631
38134,0.002052,172.31.47.0-255,66,147600,96,214631
38135,0.002057,172.217.194.0-255,4320,151920,96,214631
38136,0.002059,172.31.47.0-255,66,151986,96,214631
38137,0.002086,172.217.194.0-255,3602,155588,96,214631
38138,0.002088,172.31.47.0-255,66,155654,96,214631
38139,0.002098,172.31.47.0-255,66,155720,96,214631
38140,0.002146,172.31.47.0-255,66,155786,96,214631
38141,0.002172,172.217.194.0-255,7156,162942,96,214631
38142,0.002174,172.31.47.0-255,66,163008,96,214631
38143,0.002181,172.217.194.0-255,6438,169446,96,214631
38144,0.002183,172.31.47.0-255,66,169512,96,214631
38145,0.002202,172.31.47.0-255,66,169578,96,214631
38146,0.002244,172.31.47.0-255,66,169644,96,214631
38147,0.004598,172.217.194.0-255,5738,175382,96,214631
38148,0.004603,172.31.47.0-255,66,175448,96,214631
38149,0.006957,172.217.194.0-255,5738,181186,96,214631
38150,0.006962,172.31.47.0-255,66,181252,96,214631
38151,0.009316,172.217.194.0-255,5738,186990,96,214631
38152,0.009322,172.31.47.0-255,66,187056,96,214631
38153,0.01168,172.217.194.0-255,4320,191376,96,214631
38154,0.011687,172.31.47.0-255,66,191442,96,214631
38155,0.011715,172.217.194.0-255,1484,192926,96,214631
38156,0.014057,172.217.194.0-255,4320,197246,96,214631
38157,0.014066,172.31.47.0-255,66,197312,96,214631
38158,0.016415,172.217.194.0-255,5738,203050,96,214631
38159,0.01642,172.31.47.0-255,66,203116,96,214631
38160,0.018761,172.217.194.0-255,5738,208854,96,214631
38161,0.018766,172.31.47.0-255,66,208920,96,214631
38162,0.02114,172.217.194.0-255,4511,213431,96,214631
38163,0.021149,172.31.47.0-255,66,213497,96,214631
38164,0.021404,172.31.47.0-255,105,213602,96,214631
38165,0.021817,172.31.47.0-255,172,213774,96,214631
38166,0.02185,172.31.47.0-255,659,214433,96,214631
38167,0.023372,104.244.42.0-255,66,214499,96,214631
38168,0.023377,104.244.42.0-255,66,214565,96,214631
38169,0.023714,172.217.194.0-255,66,214631,96,214631
38170,0.0,172.31.47.0-255,105,105,96,105
38171,0.0,172.217.160.0-255,152,152,96,169014
38172,2.1e-05,172.31.47.0-255,66,218,96,169014
38173,2.7e-05,172.217.160.0-255,1484,1702,96,169014
38174,3.1e-05,172.31.47.0-255,66,1768,96,169014
38175,3.7e-05,172.217.160.0-255,2902,4670,96,169014
38176,4e-05,172.31.47.0-255,66,4736,96,169014
38177,4.7e-05,172.217.160.0-255,7156,11892,96,169014
38178,4.9e-05,172.31.47.0-255,66,11958,96,169014
38179,7.7e-05,172.31.47.0-255,66,12024,96,169014
38180,9.6e-05,172.217.160.0-255,5738,17762,96,169014
38181,9.8e-05,172.31.47.0-255,66,17828,96,169014
38182,0.000117,172.217.160.0-255,5379,23207,96,169014
38183,0.00012,172.31.47.0-255,66,23273,96,169014
38184,0.000202,172.217.160.0-255,1484,24757,96,169014
38185,0.000205,172.31.47.0-255,66,24823,96,169014
38186,0.000211,172.217.160.0-255,2902,27725,96,169014
38187,0.000213,172.31.47.0-255,66,27791,96,169014
38188,0.000236,172.217.160.0-255,5738,33529,96,169014
38189,0.000239,172.31.47.0-255,66,33595,96,169014
38190,0.000256,172.217.160.0-255,1484,35079,96,169014
38191,0.000258,172.31.47.0-255,66,35145,96,169014
38192,0.000276,172.217.160.0-255,4320,39465,96,169014
38193,0.000278,172.31.47.0-255,66,39531,96,169014
38194,0.000295,172.217.160.0-255,5379,44910,96,169014
38195,0.000297,172.31.47.0-255,66,44976,96,169014
38196,0.000309,172.31.47.0-255,66,45042,96,169014
38197,0.000327,172.217.160.0-255,375,45417,96,169014
38198,0.000329,172.31.47.0-255,66,45483,96,169014
38199,0.000531,172.217.160.0-255,101,45584,96,169014
38200,0.000534,172.31.47.0-255,66,45650,96,169014
38201,0.00066,172.217.160.0-255,1484,47134,96,169014
38202,0.000667,172.217.160.0-255,2902,50036,96,169014
38203,0.00067,172.31.47.0-255,66,50102,96,169014
38204,0.000676,172.217.160.0-255,4320,54422,96,169014
38205,0.000679,172.31.47.0-255,66,54488,96,169014
38206,0.000691,172.217.160.0-255,1484,55972,96,169014
38207,0.000702,172.217.160.0-255,1484,57456,96,169014
38208,0.000705,172.31.47.0-255,66,57522,96,169014
38209,0.000752,172.31.47.0-255,66,57588,96,169014
38210,0.000756,172.31.47.0-255,66,57654,96,169014
38211,0.000778,172.217.160.0-255,1484,59138,96,169014
38212,0.000784,172.217.160.0-255,2902,62040,96,169014
38213,0.000786,172.31.47.0-255,66,62106,96,169014
38214,0.000815,172.217.160.0-255,5738,67844,96,169014
38215,0.000818,172.31.47.0-255,66,67910,96,169014
38216,0.000821,172.217.160.0-255,1484,69394,96,169014
38217,0.000851,172.31.47.0-255,66,69460,96,169014
38218,0.000859,172.217.160.0-255,7156,76616,96,169014
38219,0.000862,172.31.47.0-255,66,76682,96,169014
38220,0.000885,172.217.160.0-255,1484,78166,96,169014
38221,0.000896,172.31.47.0-255,66,78232,96,169014
38222,0.000921,172.217.160.0-255,766,78998,96,169014
38223,0.000934,172.31.47.0-255,66,79064,96,169014
38224,0.000977,172.217.160.0-255,7156,86220,96,169014
38225,0.00098,172.31.47.0-255,66,86286,96,169014
38226,0.001003,172.31.47.0-255,66,86352,96,169014
38227,0.001018,172.31.47.0-255,66,86418,96,169014
38228,0.001034,172.31.47.0-255,66,86484,96,169014
38229,0.001037,172.217.160.0-255,766,87250,96,169014
38230,0.001083,172.217.160.0-255,5738,92988,96,169014
38231,0.001086,172.31.47.0-255,66,93054,96,169014
38232,0.001121,172.31.47.0-255,66,93120,96,169014
38233,0.001162,172.31.47.0-255,66,93186,96,169014
38234,0.001172,172.217.160.0-255,1902,95088,96,169014
38235,0.001174,172.31.47.0-255,66,95154,96,169014
38236,0.001181,172.217.160.0-255,5738,100892,96,169014
38237,0.001183,172.31.47.0-255,66,100958,96,169014
38238,0.001219,172.31.47.0-255,66,101024,96,169014
38239,0.00125,172.31.47.0-255,66,101090,96,169014
38240,0.001256,172.217.160.0-255,3602,104692,96,169014
38241,0.001257,172.31.47.0-255,66,104758,96,169014
38242,0.001262,172.217.160.0-255,4320,109078,96,169014
38243,0.001264,172.31.47.0-255,66,109144,96,169014
38244,0.00127,172.217.160.0-255,7156,116300,96,169014
38245,0.001272,172.31.47.0-255,66,116366,96,169014
38246,0.001308,172.217.160.0-255,2902,119268,96,169014
38247,0.001312,172.31.47.0-255,66,119334,96,169014
38248,0.001324,172.31.47.0-255,66,119400,96,169014
38249,0.001328,172.217.160.0-255,2902,122302,96,169014
38250,0.00133,172.31.47.0-255,66,122368,96,169014
38251,0.001352,172.217.160.0-255,5020,127388,96,169014
38252,0.001355,172.31.47.0-255,66,127454,96,169014
38253,0.001365,172.31.47.0-255,66,127520,96,169014
38254,0.001408,172.31.47.0-255,66,127586,96,169014
38255,0.001414,172.217.160.0-255,5020,132606,96,169014
38256,0.001416,172.31.47.0-255,66,132672,96,169014
38257,0.001444,172.217.160.0-255,1484,134156,96,169014
38258,0.001449,172.217.160.0-255,2902,137058,96,169014
38259,0.001452,172.31.47.0-255,66,137124,96,169014
38260,0.001459,172.217.160.0-255,5738,142862,96,169014
38261,0.001461,172.31.47.0-255,66,142928,96,169014
38262,0.001537,172.31.47.0-255,66,142994,96,169014
38263,0.001548,172.31.47.0-255,66,143060,96,169014
38264,0.001553,172.217.160.0-255,3602,146662,96,169014
38265,0.001555,172.31.47.0-255,66,146728,96,169014
38266,0.00156,172.217.160.0-255,4320,151048,96,169014
38267,0.001562,172.31.47.0-255,66,151114,96,169014
38268,0.001573,172.31.47.0-255,66,151180,96,169014
38269,0.001593,172.217.160.0-255,1484,152664,96,169014
38270,0.001601,172.217.160.0-255,7156,159820,96,169014
38271,0.001604,172.31.47.0-255,66,159886,96,169014
38272,0.001632,172.31.47.0-255,66,159952,96,169014
38273,0.001635,172.217.160.0-255,1484,161436,96,169014
38274,0.00166,172.31.47.0-255,66,161502,96,169014
38275,0.003277,172.217.160.0-255,105,161607,96,169014
38276,0.004536,172.31.47.0-255,66,161673,96,169014
38277,0.004573,172.31.47.0-255,105,161778,96,169014
38278,0.006183,172.217.160.0-255,66,161844,96,169014
38279,0.028725,172.31.47.0-255,172,162016,96,169014
38280,0.028768,172.31.47.0-255,1109,163125,96,169014
38281,0.028824,172.31.47.0-255,1514,164639,96,169014
38282,0.028826,172.31.47.0-255,1514,166153,96,169014
38283,0.028827,172.31.47.0-255,1514,167667,96,169014
38284,0.028828,172.31.47.0-255,1083,168750,96,169014
38285,0.030302,104.244.42.0-255,66,168816,96,169014
38286,0.030398,104.244.42.0-255,66,168882,96,169014
38287,0.030419,104.244.42.0-255,66,168948,96,169014
38288,0.03043,104.244.42.0-255,66,169014,96,169014
38289,0.0,172.217.194.0-255,153,153,96,303452
38290,2.5e-05,172.31.47.0-255,66,219,96,303452
38291,3.2e-05,172.217.194.0-255,1484,1703,96,303452
38292,3.6e-05,172.31.47.0-255,66,1769,96,303452
38293,4e-05,172.217.194.0-255,2902,4671,96,303452
38294,4.2e-05,172.31.47.0-255,66,4737,96,303452
38295,4.6e-05,172.217.194.0-255,2902,7639,96,303452
38296,4.8e-05,172.31.47.0-255,66,7705,96,303452
38297,7.2e-05,172.217.194.0-255,4320,12025,96,303452
38298,7.4e-05,172.31.47.0-255,66,12091,96,303452
38299,7.7e-05,172.217.194.0-255,2144,14235,96,303452
38300,7.9e-05,172.31.47.0-255,66,14301,96,303452
38301,8.3e-05,172.217.194.0-255,2902,17203,96,303452
38302,8.4e-05,172.31.47.0-255,66,17269,96,303452
38303,8.8e-05,172.217.194.0-255,4320,21589,96,303452
38304,9.1e-05,172.31.47.0-255,66,21655,96,303452
38305,0.000107,172.217.194.0-255,2902,24557,96,303452
38306,0.000109,172.31.47.0-255,66,24623,96,303452
38307,0.000128,172.217.194.0-255,6797,31420,96,303452
38308,0.000131,172.31.47.0-255,66,31486,96,303452
38309,0.000213,172.217.194.0-255,1484,32970,96,303452
38310,0.000216,172.31.47.0-255,66,33036,96,303452
38311,0.000232,172.217.194.0-255,2902,35938,96,303452
38312,0.000235,172.31.47.0-255,66,36004,96,303452
38313,0.000261,172.217.194.0-255,5738,41742,96,303452
38314,0.000264,172.31.47.0-255,66,41808,96,303452
38315,0.000276,172.217.194.0-255,4320,46128,96,303452
38316,0.000279,172.31.47.0-255,66,46194,96,303452
38317,0.000303,172.217.194.0-255,2543,48737,96,303452
38318,0.000306,172.31.47.0-255,66,48803,96,303452
38319,0.000312,172.217.194.0-255,7156,55959,96,303452
38320,0.000314,172.31.47.0-255,66,56025,96,303452
38321,0.000368,172.217.194.0-255,117,56142,96,303452
38322,0.000369,172.217.194.0-255,377,56519,96,303452
38323,0.00037,172.31.47.0-255,66,56585,96,303452
38324,0.000687,172.31.47.0-255,66,56651,96,303452
38325,0.00076,172.217.194.0-255,1484,58135,96,303452
38326,0.000768,172.217.194.0-255,2902,61037,96,303452
38327,0.000772,172.31.47.0-255,66,61103,96,303452
38328,0.000788,172.217.194.0-255,5738,66841,96,303452
38329,0.000791,172.31.47.0-255,66,66907,96,303452
38330,0.000817,172.217.194.0-255,5738,72645,96,303452
38331,0.00082,172.31.47.0-255,66,72711,96,303452
38332,0.000845,172.217.194.0-255,7156,79867,96,303452
38333,0.000848,172.31.47.0-255,66,79933,96,303452
38334,0.00086,172.31.47.0-255,66,79999,96,303452
38335,0.000929,172.217.194.0-255,1484,81483,96,303452
38336,0.000934,172.217.194.0-255,1484,82967,96,303452
38337,0.000937,172.31.47.0-255,66,83033,96,303452
38338,0.00096,172.217.194.0-255,1484,84517,96,303452
38339,0.000967,172.217.194.0-255,5738,90255,96,303452
38340,0.000969,172.31.47.0-255,66,90321,96,303452
38341,0.000973,172.217.194.0-255,2902,93223,96,303452
38342,0.000975,172.31.47.0-255,66,93289,96,303452
38343,0.001007,172.31.47.0-255,66,93355,96,303452
38344,0.001024,172.217.194.0-255,1484,94839,96,303452
38345,0.001057,172.31.47.0-255,66,94905,96,303452
38346,0.001654,172.217.194.0-255,1484,96389,96,303452
38347,0.001661,172.217.194.0-255,1484,97873,96,303452
38348,0.001665,172.31.47.0-255,66,97939,96,303452
38349,0.001697,172.217.194.0-255,1484,99423,96,303452
38350,0.001704,172.217.194.0-255,5738,105161,96,303452
38351,0.001707,172.31.47.0-255,66,105227,96,303452
38352,0.001711,172.217.194.0-255,4320,109547,96,303452
38353,0.001713,172.31.47.0-255,66,109613,96,303452
38354,0.001717,172.217.194.0-255,4320,113933,96,303452
38355,0.001718,172.31.47.0-255,66,113999,96,303452
38356,0.001735,172.217.194.0-255,7156,121155,96,303452
38357,0.001738,172.31.47.0-255,66,121221,96,303452
38358,0.001769,172.217.194.0-255,1484,122705,96,303452
38359,0.001787,172.217.194.0-255,6438,129143,96,303452
38360,0.00179,172.31.47.0-255,66,129209,96,303452
38361,0.002116,172.217.194.0-255,1484,130693,96,303452
38362,0.002121,172.217.194.0-255,1484,132177,96,303452
38363,0.002123,172.31.47.0-255,66,132243,96,303452
38364,0.00214,172.217.194.0-255,1484,133727,96,303452
38365,0.00219,172.217.194.0-255,5738,139465,96,303452
38366,0.002193,172.31.47.0-255,66,139531,96,303452
38367,0.002196,172.217.194.0-255,1484,141015,96,303452
38368,0.002199,172.217.194.0-255,2902,143917,96,303452
38369,0.002201,172.31.47.0-255,66,143983,96,303452
38370,0.00222,172.217.194.0-255,5738,149721,96,303452
38371,0.002221,172.31.47.0-255,66,149787,96,303452
38372,0.00223,172.31.47.0-255,66,149853,96,303452
38373,0.002251,172.217.194.0-255,3602,153455,96,303452
38374,0.002253,172.31.47.0-255,66,153521,96,303452
38375,0.002256,172.217.194.0-255,1484,155005,96,303452
38376,0.002283,172.31.47.0-255,66,155071,96,303452
38377,0.002286,172.217.194.0-255,2902,157973,96,303452
38378,0.002287,172.31.47.0-255,66,158039,96,303452
38379,0.00229,172.217.194.0-255,1484,159523,96,303452
38380,0.002321,172.31.47.0-255,66,159589,96,303452
38381,0.002323,172.217.194.0-255,766,160355,96,303452
38382,0.00266,172.31.47.0-255,66,160421,96,303452
38383,0.00456,172.217.194.0-255,4320,164741,96,303452
38384,0.004564,172.31.47.0-255,66,164807,96,303452
38385,0.004908,172.217.194.0-255,1484,166291,96,303452
38386,0.00681,172.217.194.0-255,2902,169193,96,303452
38387,0.006815,172.31.47.0-255,66,169259,96,303452
38388,0.006831,172.217.194.0-255,1484,170743,96,303452
38389,0.009072,172.217.194.0-255,4320,175063,96,303452
38390,0.00908,172.31.47.0-255,66,175129,96,303452
38391,0.011365,172.217.194.0-255,5738,180867,96,303452
38392,0.011379,172.31.47.0-255,66,180933,96,303452
38393,0.013707,172.217.194.0-255,5738,186671,96,303452
38394,0.013726,172.31.47.0-255,66,186737,96,303452
38395,0.01602,172.217.194.0-255,5738,192475,96,303452
38396,0.01604,172.31.47.0-255,66,192541,96,303452
38397,0.018315,172.217.194.0-255,5738,198279,96,303452
38398,0.018333,172.31.47.0-255,66,198345,96,303452
38399,0.020626,172.217.194.0-255,5738,204083,96,303452
38400,0.020635,172.31.47.0-255,66,204149,96,303452
38401,0.022903,172.217.194.0-255,5738,209887,96,303452
38402,0.02291,172.31.47.0-255,66,209953,96,303452
38403,0.025165,172.217.194.0-255,5738,215691,96,303452
38404,0.025171,172.31.47.0-255,66,215757,96,303452
38405,0.027437,172.217.194.0-255,5738,221495,96,303452
38406,0.027445,172.31.47.0-255,66,221561,96,303452
38407,0.028535,172.31.47.0-255,172,221733,96,303452
38408,0.028577,172.31.47.0-255,1104,222837,96,303452
38409,0.028639,172.31.47.0-255,1514,224351,96,303452
38410,0.02864,172.31.47.0-255,1307,225658,96,303452
38411,0.029711,172.217.194.0-255,5738,231396,96,303452
38412,0.029718,172.31.47.0-255,66,231462,96,303452
38413,0.030111,104.244.42.0-255,66,231528,96,303452
38414,0.030298,104.244.42.0-255,66,231594,96,303452
38415,0.030354,104.244.42.0-255,66,231660,96,303452
38416,0.031973,172.217.194.0-255,4320,235980,96,303452
38417,0.031976,172.31.47.0-255,66,236046,96,303452
38418,0.032006,172.217.194.0-255,1484,237530,96,303452
38419,0.034241,172.217.194.0-255,4320,241850,96,303452
38420,0.034248,172.31.47.0-255,66,241916,96,303452
38421,0.0365,172.217.194.0-255,5738,247654,96,303452
38422,0.036506,172.31.47.0-255,66,247720,96,303452
38423,0.038737,172.217.194.0-255,5738,253458,96,303452
38424,0.038742,172.31.47.0-255,66,253524,96,303452
38425,0.04099,172.217.194.0-255,5738,259262,96,303452
38426,0.040995,172.31.47.0-255,66,259328,96,303452
38427,0.043265,172.217.194.0-255,5738,265066,96,303452
38428,0.043271,172.31.47.0-255,66,265132,96,303452
38429,0.045515,172.217.194.0-255,5738,270870,96,303452
38430,0.045521,172.31.47.0-255,66,270936,96,303452
38431,0.047769,172.217.194.0-255,5738,276674,96,303452
38432,0.047775,172.31.47.0-255,66,276740,96,303452
38433,0.05001,172.217.194.0-255,4320,281060,96,303452
38434,0.050014,172.31.47.0-255,66,281126,96,303452
38435,0.050042,172.217.194.0-255,1484,282610,96,303452
38436,0.052301,172.217.194.0-255,2902,285512,96,303452
38437,0.052307,172.31.47.0-255,66,285578,96,303452
38438,0.052336,172.217.194.0-255,1484,287062,96,303452
38439,0.054567,172.217.194.0-255,1484,288546,96,303452
38440,0.054571,172.31.47.0-255,66,288612,96,303452
38441,0.054601,172.217.194.0-255,2902,291514,96,303452
38442,0.054604,172.31.47.0-255,66,291580,96,303452
38443,0.056829,172.217.194.0-255,2902,294482,96,303452
38444,0.056834,172.31.47.0-255,66,294548,96,303452
38445,0.056854,172.217.194.0-255,2902,297450,96,303452
38446,0.056856,172.31.47.0-255,66,297516,96,303452
38447,0.059056,172.217.194.0-255,1484,299000,96,303452
38448,0.05908,172.217.194.0-255,2902,301902,96,303452
38449,0.059085,172.31.47.0-255,66,301968,96,303452
38450,0.059103,172.217.194.0-255,1484,303452,96,303452
38451,0.0,74.125.24.0-255,156,156,96,346294
38452,1.6e-05,172.31.47.0-255,66,222,96,346294
38453,2.1e-05,74.125.24.0-255,1484,1706,96,346294
38454,2.4e-05,172.31.47.0-255,66,1772,96,346294
38455,5.4e-05,74.125.24.0-255,2902,4674,96,346294
38456,5.8e-05,172.31.47.0-255,66,4740,96,346294
38457,7.3e-05,74.125.24.0-255,7156,11896,96,346294
38458,7.6e-05,172.31.47.0-255,66,11962,96,346294
38459,7.9e-05,74.125.24.0-255,1975,13937,96,346294
38460,8.1e-05,172.31.47.0-255,66,14003,96,346294
38461,0.00011,74.125.24.0-255,4320,18323,96,346294
38462,0.000113,172.31.47.0-255,66,18389,96,346294
38463,0.000131,74.125.24.0-255,1484,19873,96,346294
38464,0.000137,74.125.24.0-255,7156,27029,96,346294
38465,0.00014,172.31.47.0-255,66,27095,96,346294
38466,0.000142,172.31.47.0-255,66,27161,96,346294
38467,0.000158,74.125.24.0-255,3961,31122,96,346294
38468,0.00016,172.31.47.0-255,66,31188,96,346294
38469,0.00019,74.125.24.0-255,4320,35508,96,346294
38470,0.000192,172.31.47.0-255,66,35574,96,346294
38471,0.000208,74.125.24.0-255,1484,37058,96,346294
38472,0.00021,172.31.47.0-255,66,37124,96,346294
38473,0.000234,74.125.24.0-255,7156,44280,96,346294
38474,0.000236,172.31.47.0-255,66,44346,96,346294
38475,0.000273,74.125.24.0-255,3961,48307,96,346294
38476,0.000275,172.31.47.0-255,66,48373,96,346294
38477,0.000322,74.125.24.0-255,1484,49857,96,346294
38478,0.000324,172.31.47.0-255,66,49923,96,346294
38479,0.000328,74.125.24.0-255,1484,51407,96,346294
38480,0.000329,172.31.47.0-255,66,51473,96,346294
38481,0.000339,74.125.24.0-255,1484,52957,96,346294
38482,0.000341,172.31.47.0-255,66,53023,96,346294
38483,0.000361,74.125.24.0-255,5738,58761,96,346294
38484,0.000364,172.31.47.0-255,66,58827,96,346294
38485,0.000367,74.125.24.0-255,2902,61729,96,346294
38486,0.000369,172.31.47.0-255,66,61795,96,346294
38487,0.000416,74.125.24.0-255,4572,66367,96,346294
38488,0.000419,172.31.47.0-255,66,66433,96,346294
38489,0.000487,74.125.24.0-255,1484,67917,96,346294
38490,0.000492,74.125.24.0-255,2902,70819,96,346294
38491,0.000496,172.31.47.0-255,66,70885,96,346294
38492,0.00052,74.125.24.0-255,5738,76623,96,346294
38493,0.000524,172.31.47.0-255,66,76689,96,346294
38494,0.000528,74.125.24.0-255,4320,81009,96,346294
38495,0.000531,172.31.47.0-255,66,81075,96,346294
38496,0.000562,74.125.24.0-255,2543,83618,96,346294
38497,0.000566,172.31.47.0-255,66,83684,96,346294
38498,0.00057,74.125.24.0-255,2902,86586,96,346294
38499,0.000572,172.31.47.0-255,66,86652,96,346294
38500,0.000588,74.125.24.0-255,5738,92390,96,346294
38501,0.000591,172.31.47.0-255,66,92456,96,346294
38502,0.000613,74.125.24.0-255,1484,93940,96,346294
38503,0.00062,74.125.24.0-255,5738,99678,96,346294
38504,0.000624,172.31.47.0-255,66,99744,96,346294
38505,0.000643,74.125.24.0-255,1125,100869,96,346294
38506,0.001137,74.125.24.0-255,1484,102353,96,346294
38507,0.001142,172.31.47.0-255,66,102419,96,346294
38508,0.001147,74.125.24.0-255,2902,105321,96,346294
38509,0.001149,172.31.47.0-255,66,105387,96,346294
38510,0.001151,74.125.24.0-255,1484,106871,96,346294
38511,0.001166,74.125.24.0-255,4320,111191,96,346294
38512,0.001167,172.31.47.0-255,66,111257,96,346294
38513,0.001171,74.125.24.0-255,2902,114159,96,346294
38514,0.001173,172.31.47.0-255,66,114225,96,346294
38515,0.001191,74.125.24.0-255,4320,118545,96,346294
38516,0.001193,172.31.47.0-255,66,118611,96,346294
38517,0.001199,74.125.24.0-255,7156,125767,96,346294
38518,0.001201,172.31.47.0-255,66,125833,96,346294
38519,0.001216,74.125.24.0-255,7156,132989,96,346294
38520,0.001218,172.31.47.0-255,66,133055,96,346294
38521,0.001222,74.125.24.0-255,2184,135239,96,346294
38522,0.001223,172.31.47.0-255,66,135305,96,346294
38523,0.00125,74.125.24.0-255,2902,138207,96,346294
38524,0.001252,172.31.47.0-255,66,138273,96,346294
38525,0.00127,74.125.24.0-255,4320,142593,96,346294
38526,0.001272,172.31.47.0-255,66,142659,96,346294
38527,0.001288,74.125.24.0-255,2902,145561,96,346294
38528,0.00129,172.31.47.0-255,66,145627,96,346294
38529,0.001292,74.125.24.0-255,1484,147111,96,346294
38530,0.001296,74.125.24.0-255,2902,150013,96,346294
38531,0.001298,172.31.47.0-255,66,150079,96,346294
38532,0.00133,172.31.47.0-255,66,150145,96,346294
38533,0.001338,172.31.47.0-255,66,150211,96,346294
38534,0.001709,74.125.24.0-255,1484,151695,96,346294
38535,0.001714,74.125.24.0-255,1484,153179,96,346294
38536,0.001717,172.31.47.0-255,66,153245,96,346294
38537,0.001737,74.125.24.0-255,1484,154729,96,346294
38538,0.001743,74.125.24.0-255,5738,160467,96,346294
38539,0.001745,172.31.47.0-255,66,160533,96,346294
38540,0.001751,74.125.24.0-255,5738,166271,96,346294
38541,0.001753,172.31.47.0-255,66,166337,96,346294
38542,0.001769,74.125.24.0-255,7156,173493,96,346294
38543,0.001771,172.31.47.0-255,66,173559,96,346294
38544,0.001808,172.31.47.0-255,66,173625,96,346294
38545,0.001867,74.125.24.0-255,1484,175109,96,346294
38546,0.001872,74.125.24.0-255,2902,178011,96,346294
38547,0.001875,172.31.47.0-255,66,178077,96,346294
38548,0.001896,74.125.24.0-255,5738,183815,96,346294
38549,0.001898,172.31.47.0-255,66,183881,96,346294
38550,0.001927,172.31.47.0-255,66,183947,96,346294
38551,0.001948,74.125.24.0-255,4320,188267,96,346294
38552,0.001951,172.31.47.0-255,66,188333,96,346294
38553,0.001962,172.31.47.0-255,66,188399,96,346294
38554,0.001973,172.31.47.0-255,66,188465,96,346294
38555,0.002027,172.31.47.0-255,66,188531,96,346294
38556,0.002032,74.125.24.0-255,3602,192133,96,346294
38557,0.002035,172.31.47.0-255,66,192199,96,346294
38558,0.002096,74.125.24.0-255,1484,193683,96,346294
38559,0.002101,74.125.24.0-255,2902,196585,96,346294
38560,0.002104,172.31.47.0-255,66,196651,96,346294
38561,0.002122,74.125.24.0-255,5738,202389,96,346294
38562,0.002124,172.31.47.0-255,66,202455,96,346294
38563,0.002127,74.125.24.0-255,1484,203939,96,346294
38564,0.00215,74.125.24.0-255,4320,208259,96,346294
38565,0.002156,74.125.24.0-255,5738,213997,96,346294
38566,0.002164,172.31.47.0-255,66,214063,96,346294
38567,0.002172,172.31.47.0-255,66,214129,96,346294
38568,0.002179,74.125.24.0-255,7156,221285,96,346294
38569,0.002181,172.31.47.0-255,66,221351,96,346294
38570,0.002185,74.125.24.0-255,2902,224253,96,346294
38571,0.002187,172.31.47.0-255,66,224319,96,346294
38572,0.002207,74.125.24.0-255,2184,226503,96,346294
38573,0.002211,172.31.47.0-255,66,226569,96,346294
38574,0.00446,74.125.24.0-255,2902,229471,96,346294
38575,0.004466,172.31.47.0-255,66,229537,96,346294
38576,0.004507,74.125.24.0-255,2902,232439,96,346294
38577,0.00451,172.31.47.0-255,66,232505,96,346294
38578,0.006777,74.125.24.0-255,2902,235407,96,346294
38579,0.006782,172.31.47.0-255,66,235473,96,346294
38580,0.006807,74.125.24.0-255,2902,238375,96,346294
38581,0.00681,172.31.47.0-255,66,238441,96,346294
38582,0.009073,74.125.24.0-255,2902,241343,96,346294
38583,0.009081,172.31.47.0-255,66,241409,96,346294
38584,0.009122,74.125.24.0-255,2902,244311,96,346294
38585,0.009126,172.31.47.0-255,66,244377,96,346294
38586,0.011446,74.125.24.0-255,5738,250115,96,346294
38587,0.011458,172.31.47.0-255,66,250181,96,346294
38588,0.013776,74.125.24.0-255,5738,255919,96,346294
38589,0.013784,172.31.47.0-255,66,255985,96,346294
38590,0.016077,74.125.24.0-255,5738,261723,96,346294
38591,0.016083,172.31.47.0-255,66,261789,96,346294
38592,0.018393,74.125.24.0-255,5738,267527,96,346294
38593,0.018399,172.31.47.0-255,66,267593,96,346294
38594,0.020703,74.125.24.0-255,5738,273331,96,346294
38595,0.020715,172.31.47.0-255,66,273397,96,346294
38596,0.023022,74.125.24.0-255,5738,279135,96,346294
38597,0.023029,172.31.47.0-255,66,279201,96,346294
38598,0.023496,172.31.47.0-255,172,279373,96,346294
38599,0.023536,172.31.47.0-255,1111,280484,96,346294
38600,0.023607,172.31.47.0-255,1514,281998,96,346294
38601,0.023609,172.31.47.0-255,1300,283298,96,346294
38602,0.025041,104.244.42.0-255,66,283364,96,346294
38603,0.025092,104.244.42.0-255,66,283430,96,346294
38604,0.025184,104.244.42.0-255,66,283496,96,346294
38605,0.025324,74.125.24.0-255,5738,289234,96,346294
38606,0.025327,172.31.47.0-255,66,289300,96,346294
38607,0.027645,74.125.24.0-255,5738,295038,96,346294
38608,0.027649,172.31.47.0-255,66,295104,96,346294
38609,0.02993,74.125.24.0-255,4320,299424,96,346294
38610,0.029934,172.31.47.0-255,66,299490,96,346294
38611,0.029967,74.125.24.0-255,1484,300974,96,346294
38612,0.032267,74.125.24.0-255,4320,305294,96,346294
38613,0.032273,172.31.47.0-255,66,305360,96,346294
38614,0.034609,74.125.24.0-255,5738,311098,96,346294
38615,0.034614,172.31.47.0-255,66,311164,96,346294
38616,0.036943,74.125.24.0-255,5738,316902,96,346294
38617,0.036948,172.31.47.0-255,66,316968,96,346294
38618,0.0393,74.125.24.0-255,5738,322706,96,346294
38619,0.039304,172.31.47.0-255,66,322772,96,346294
38620,0.041621,74.125.24.0-255,4320,327092,96,346294
38621,0.041627,172.31.47.0-255,66,327158,96,346294
38622,0.04169,74.125.24.0-255,1484,328642,96,346294
38623,0.043913,74.125.24.0-255,2902,331544,96,346294
38624,0.043918,172.31.47.0-255,66,331610,96,346294
38625,0.043942,74.125.24.0-255,1484,333094,96,346294
38626,0.046272,74.125.24.0-255,4320,337414,96,346294
38627,0.046278,172.31.47.0-255,66,337480,96,346294
38628,0.04859,74.125.24.0-255,5738,343218,96,346294
38629,0.048597,172.31.47.0-255,66,343284,96,346294
38630,0.050879,74.125.24.0-255,2773,346057,96,346294
38631,0.050884,172.31.47.0-255,66,346123,96,346294
38632,0.05107,172.31.47.0-255,105,346228,96,346294
38633,0.053353,74.125.24.0-255,66,346294,96,346294
38634,0.0,172.31.47.0-255,105,105,96,342
38635,0.001712,157.240.13.0-255,66,171,96,342
38636,0.001735,157.240.13.0-255,105,276,96,342
38637,0.001737,172.31.47.0-255,66,342,96,342
38638,0.0,172.31.47.0-255,105,105,96,276
38639,0.001458,157.240.13.0-255,105,210,96,276
38640,0.001467,172.31.47.0-255,66,276,96,276
38641,0.0,74.125.24.0-255,152,152,96,268028
38642,2.2e-05,172.31.47.0-255,66,218,96,268028
38643,3.6e-05,74.125.24.0-255,1484,1702,96,268028
38644,4e-05,172.31.47.0-255,66,1768,96,268028
38645,5.1e-05,74.125.24.0-255,2902,4670,96,268028
38646,5.3e-05,172.31.47.0-255,66,4736,96,268028
38647,8.5e-05,74.125.24.0-255,2902,7638,96,268028
38648,8.8e-05,172.31.47.0-255,66,7704,96,268028
38649,0.000117,74.125.24.0-255,4320,12024,96,268028
38650,0.00012,172.31.47.0-255,66,12090,96,268028
38651,0.000142,74.125.24.0-255,2055,14145,96,268028
38652,0.000145,172.31.47.0-255,66,14211,96,268028
38653,0.00028,74.125.24.0-255,1484,15695,96,268028
38654,0.000284,172.31.47.0-255,66,15761,96,268028
38655,0.000289,74.125.24.0-255,2902,18663,96,268028
38656,0.000292,172.31.47.0-255,66,18729,96,268028
38657,0.000322,74.125.24.0-255,5738,24467,96,268028
38658,0.000325,172.31.47.0-255,66,24533,96,268028
38659,0.000331,74.125.24.0-255,5738,30271,96,268028
38660,0.000334,172.31.47.0-255,66,30337,96,268028
38661,0.000346,74.125.24.0-255,1484,31821,96,268028
38662,0.000348,172.31.47.0-255,66,31887,96,268028
38663,0.000385,172.31.47.0-255,66,31953,96,268028
38664,0.000389,74.125.24.0-255,2902,34855,96,268028
38665,0.000392,172.31.47.0-255,66,34921,96,268028
38666,0.00042,74.125.24.0-255,1484,36405,96,268028
38667,0.000423,172.31.47.0-255,66,36471,96,268028
38668,0.000467,172.31.47.0-255,66,36537,96,268028
38669,0.00047,74.125.24.0-255,441,36978,96,268028
38670,0.000472,172.31.47.0-255,66,37044,96,268028
38671,0.001286,74.125.24.0-255,332,37376,96,268028
38672,0.001292,172.31.47.0-255,66,37442,96,268028
38673,0.001754,74.125.24.0-255,1484,38926,96,268028
38674,0.00176,172.31.47.0-255,66,38992,96,268028
38675,0.001767,74.125.24.0-255,2902,41894,96,268028
38676,0.001769,172.31.47.0-255,66,41960,96,268028
38677,0.001782,74.125.24.0-255,5738,47698,96,268028
38678,0.001784,172.31.47.0-255,66,47764,96,268028
38679,0.001787,74.125.24.0-255,1484,49248,96,268028
38680,0.001789,172.31.47.0-255,66,49314,96,268028
38681,0.001825,172.31.47.0-255,66,49380,96,268028
38682,0.001862,74.125.24.0-255,5738,55118,96,268028
38683,0.001865,172.31.47.0-255,66,55184,96,268028
38684,0.001895,74.125.24.0-255,5020,60204,96,268028
38685,0.001897,172.31.47.0-255,66,60270,96,268028
38686,0.002652,74.125.24.0-255,1484,61754,96,268028
38687,0.002659,74.125.24.0-255,1484,63238,96,268028
38688,0.002662,172.31.47.0-255,66,63304,96,268028
38689,0.002687,74.125.24.0-255,1484,64788,96,268028
38690,0.002693,74.125.24.0-255,5738,70526,96,268028
38691,0.002695,172.31.47.0-255,66,70592,96,268028
38692,0.002708,74.125.24.0-255,4320,74912,96,268028
38693,0.00271,172.31.47.0-255,66,74978,96,268028
38694,0.00274,74.125.24.0-255,5738,80716,96,268028
38695,0.002742,172.31.47.0-255,66,80782,96,268028
38696,0.002747,74.125.24.0-255,4320,85102,96,268028
38697,0.002749,172.31.47.0-255,66,85168,96,268028
38698,0.002808,172.31.47.0-255,66,85234,96,268028
38699,0.002844,74.125.24.0-255,1484,86718,96,268028
38700,0.002848,74.125.24.0-255,2902,89620,96,268028
38701,0.00285,172.31.47.0-255,66,89686,96,268028
38702,0.002854,74.125.24.0-255,2902,92588,96,268028
38703,0.002856,172.31.47.0-255,66,92654,96,268028
38704,0.002885,74.125.24.0-255,2902,95556,96,268028
38705,0.002887,172.31.47.0-255,66,95622,96,268028
38706,0.002891,74.125.24.0-255,2902,98524,96,268028
38707,0.002893,172.31.47.0-255,66,98590,96,268028
38708,0.002935,172.31.47.0-255,66,98656,96,268028
38709,0.002946,172.31.47.0-255,66,98722,96,268028
38710,0.003034,74.125.24.0-255,1484,100206,96,268028
38711,0.00305,74.125.24.0-255,2902,103108,96,268028
38712,0.003052,172.31.47.0-255,66,103174,96,268028
38713,0.003058,74.125.24.0-255,4320,107494,96,268028
38714,0.00306,172.31.47.0-255,66,107560,96,268028
38715,0.003079,74.125.24.0-255,1484,109044,96,268028
38716,0.003086,74.125.24.0-255,5738,114782,96,268028
38717,0.003088,172.31.47.0-255,66,114848,96,268028
38718,0.003115,74.125.24.0-255,7156,122004,96,268028
38719,0.003118,172.31.47.0-255,66,122070,96,268028
38720,0.003129,172.31.47.0-255,66,122136,96,268028
38721,0.003485,74.125.24.0-255,1484,123620,96,268028
38722,0.003492,74.125.24.0-255,2902,126522,96,268028
38723,0.003496,172.31.47.0-255,66,126588,96,268028
38724,0.003523,74.125.24.0-255,5738,132326,96,268028
38725,0.003527,74.125.24.0-255,2902,135228,96,268028
38726,0.003531,172.31.47.0-255,66,135294,96,268028
38727,0.003538,172.31.47.0-255,66,135360,96,268028
38728,0.003541,74.125.24.0-255,1484,136844,96,268028
38729,0.003562,74.125.24.0-255,5738,142582,96,268028
38730,0.003564,172.31.47.0-255,66,142648,96,268028
38731,0.003588,74.125.24.0-255,5738,148386,96,268028
38732,0.00359,172.31.47.0-255,66,148452,96,268028
38733,0.003599,172.31.47.0-255,66,148518,96,268028
38734,0.003628,74.125.24.0-255,1484,150002,96,268028
38735,0.003631,74.125.24.0-255,1484,151486,96,268028
38736,0.003633,172.31.47.0-255,66,151552,96,268028
38737,0.003656,74.125.24.0-255,1484,153036,96,268028
38738,0.003662,74.125.24.0-255,5738,158774,96,268028
38739,0.003664,172.31.47.0-255,66,158840,96,268028
38740,0.003695,74.125.24.0-255,5738,164578,96,268028
38741,0.003698,172.31.47.0-255,66,164644,96,268028
38742,0.003721,74.125.24.0-255,1484,166128,96,268028
38743,0.003732,172.31.47.0-255,66,166194,96,268028
38744,0.003737,74.125.24.0-255,4320,170514,96,268028
38745,0.003739,172.31.47.0-255,66,170580,96,268028
38746,0.003784,74.125.24.0-255,3602,174182,96,268028
38747,0.003787,172.31.47.0-255,66,174248,96,268028
38748,0.003885,74.125.24.0-255,1484,175732,96,268028
38749,0.0039,74.125.24.0-255,2902,178634,96,268028
38750,0.003903,172.31.47.0-255,66,178700,96,268028
38751,0.003909,74.125.24.0-255,4320,183020,96,268028
38752,0.003911,172.31.47.0-255,66,183086,96,268028
38753,0.003939,74.125.24.0-255,1484,184570,96,268028
38754,0.003951,172.31.47.0-255,66,184636,96,268028
38755,0.003964,74.125.24.0-255,4320,188956,96,268028
38756,0.00397,172.31.47.0-255,66,189022,96,268028
38757,0.003988,74.125.24.0-255,5738,194760,96,268028
38758,0.00399,172.31.47.0-255,66,194826,96,268028
38759,0.003996,74.125.24.0-255,5020,199846,96,268028
38760,0.003998,172.31.47.0-255,66,199912,96,268028
38761,0.004293,74.125.24.0-255,1484,201396,96,268028
38762,0.004299,74.125.24.0-255,2902,204298,96,268028
38763,0.004303,172.31.47.0-255,66,204364,96,268028
38764,0.004348,74.125.24.0-255,4320,208684,96,268028
38765,0.00435,172.31.47.0-255,66,208750,96,268028
38766,0.004377,74.125.24.0-255,1484,210234,96,268028
38767,0.00439,172.31.47.0-255,66,210300,96,268028
38768,0.004401,172.31.47.0-255,66,210366,96,268028
38769,0.00441,172.31.47.0-255,66,210432,96,268028
38770,0.004413,74.125.24.0-255,1484,211916,96,268028
38771,0.00444,74.125.24.0-255,5738,217654,96,268028
38772,0.004442,172.31.47.0-255,66,217720,96,268028
38773,0.004474,74.125.24.0-255,5738,223458,96,268028
38774,0.004477,172.31.47.0-255,66,223524,96,268028
38775,0.004481,74.125.24.0-255,4320,227844,96,268028
38776,0.004483,172.31.47.0-255,66,227910,96,268028
38777,0.004486,74.125.24.0-255,1484,229394,96,268028
38778,0.004497,74.125.24.0-255,7156,236550,96,268028
38779,0.004499,172.31.47.0-255,66,236616,96,268028
38780,0.004502,74.125.24.0-255,766,237382,96,268028
38781,0.004594,74.125.24.0-255,1484,238866,96,268028
38782,0.004598,172.31.47.0-255,66,238932,96,268028
38783,0.004603,74.125.24.0-255,2902,241834,96,268028
38784,0.004605,172.31.47.0-255,66,241900,96,268028
38785,0.004608,74.125.24.0-255,1484,243384,96,268028
38786,0.004637,74.125.24.0-255,4320,247704,96,268028
38787,0.004639,172.31.47.0-255,66,247770,96,268028
38788,0.004645,74.125.24.0-255,5738,253508,96,268028
38789,0.004647,172.31.47.0-255,66,253574,96,268028
38790,0.004682,74.125.24.0-255,7156,260730,96,268028
38791,0.004685,172.31.47.0-255,66,260796,96,268028
38792,0.004695,172.31.47.0-255,66,260862,96,268028
38793,0.004702,74.125.24.0-255,1484,262346,96,268028
38794,0.004734,172.31.47.0-255,66,262412,96,268028
38795,0.004736,74.125.24.0-255,979,263391,96,268028
38796,0.004781,74.125.24.0-255,105,263496,96,268028
38797,0.006403,172.31.47.0-255,66,263562,96,268028
38798,0.006449,172.31.47.0-255,105,263667,96,268028
38799,0.009004,74.125.24.0-255,66,263733,96,268028
38800,0.028726,172.31.47.0-255,172,263905,96,268028
38801,0.028771,172.31.47.0-255,1105,265010,96,268028
38802,0.028834,172.31.47.0-255,1514,266524,96,268028
38803,0.028836,172.31.47.0-255,1306,267830,96,268028
38804,0.030295,104.244.42.0-255,66,267896,96,268028
38805,0.03034,104.244.42.0-255,66,267962,96,268028
38806,0.030389,104.244.42.0-255,66,268028,96,268028
38807,0.0,74.125.24.0-255,158,158,96,192883
38808,1.7e-05,172.31.47.0-255,66,224,96,192883
38809,2.3e-05,74.125.24.0-255,1484,1708,96,192883
38810,2.6e-05,172.31.47.0-255,66,1774,96,192883
38811,3e-05,74.125.24.0-255,2902,4676,96,192883
38812,3.2e-05,172.31.47.0-255,66,4742,96,192883
38813,4.4e-05,74.125.24.0-255,7156,11898,96,192883
38814,4.7e-05,172.31.47.0-255,66,11964,96,192883
38815,5e-05,74.125.24.0-255,2014,13978,96,192883
38816,5.2e-05,172.31.47.0-255,66,14044,96,192883
38817,0.000262,74.125.24.0-255,1484,15528,96,192883
38818,0.000267,172.31.47.0-255,66,15594,96,192883
38819,0.000272,74.125.24.0-255,2902,18496,96,192883
38820,0.000275,172.31.47.0-255,66,18562,96,192883
38821,0.00028,74.125.24.0-255,5738,24300,96,192883
38822,0.000287,172.31.47.0-255,66,24366,96,192883
38823,0.000308,74.125.24.0-255,1484,25850,96,192883
38824,0.00031,172.31.47.0-255,66,25916,96,192883
38825,0.000331,74.125.24.0-255,5379,31295,96,192883
38826,0.000333,172.31.47.0-255,66,31361,96,192883
38827,0.000387,74.125.24.0-255,1484,32845,96,192883
38828,0.00039,172.31.47.0-255,66,32911,96,192883
38829,0.000395,74.125.24.0-255,2902,35813,96,192883
38830,0.000397,172.31.47.0-255,66,35879,96,192883
38831,0.000425,74.125.24.0-255,5738,41617,96,192883
38832,0.000428,172.31.47.0-255,66,41683,96,192883
38833,0.000454,74.125.24.0-255,5738,47421,96,192883
38834,0.000456,172.31.47.0-255,66,47487,96,192883
38835,0.000495,172.31.47.0-255,66,47553,96,192883
38836,0.000504,172.31.47.0-255,66,47619,96,192883
38837,0.000517,74.125.24.0-255,1396,49015,96,192883
38838,0.000554,74.125.24.0-255,417,49432,96,192883
38839,0.000557,172.31.47.0-255,66,49498,96,192883
38840,0.000715,74.125.24.0-255,1484,50982,96,192883
38841,0.00072,74.125.24.0-255,2902,53884,96,192883
38842,0.00073,172.31.47.0-255,66,53950,96,192883
38843,0.000736,74.125.24.0-255,5738,59688,96,192883
38844,0.000739,172.31.47.0-255,66,59754,96,192883
38845,0.000764,74.125.24.0-255,4320,64074,96,192883
38846,0.000767,172.31.47.0-255,66,64140,96,192883
38847,0.000805,172.31.47.0-255,66,64206,96,192883
38848,0.000812,74.125.24.0-255,7156,71362,96,192883
38849,0.000814,172.31.47.0-255,66,71428,96,192883
38850,0.000823,74.125.24.0-255,3602,75030,96,192883
38851,0.000825,172.31.47.0-255,66,75096,96,192883
38852,0.000854,74.125.24.0-255,4320,79416,96,192883
38853,0.000858,172.31.47.0-255,66,79482,96,192883
38854,0.000861,74.125.24.0-255,1484,80966,96,192883
38855,0.000889,74.125.24.0-255,7156,88122,96,192883
38856,0.000892,172.31.47.0-255,66,88188,96,192883
38857,0.000897,74.125.24.0-255,4320,92508,96,192883
38858,0.000899,172.31.47.0-255,66,92574,96,192883
38859,0.000926,172.31.47.0-255,66,92640,96,192883
38860,0.000936,74.125.24.0-255,6438,99078,96,192883
38861,0.000939,172.31.47.0-255,66,99144,96,192883
38862,0.000973,74.125.24.0-255,7156,106300,96,192883
38863,0.000978,74.125.24.0-255,4320,110620,96,192883
38864,0.000989,172.31.47.0-255,66,110686,96,192883
38865,0.000992,172.31.47.0-255,66,110752,96,192883
38866,0.000997,74.125.24.0-255,5738,116490,96,192883
38867,0.000999,172.31.47.0-255,66,116556,96,192883
38868,0.001037,74.125.24.0-255,7156,123712,96,192883
38869,0.001041,172.31.47.0-255,66,123778,96,192883
38870,0.001052,172.31.47.0-255,66,123844,96,192883
38871,0.001116,74.125.24.0-255,1484,125328,96,192883
38872,0.001126,74.125.24.0-255,1484,126812,96,192883
38873,0.001129,172.31.47.0-255,66,126878,96,192883
38874,0.001153,74.125.24.0-255,1484,128362,96,192883
38875,0.001158,74.125.24.0-255,5738,134100,96,192883
38876,0.00116,172.31.47.0-255,66,134166,96,192883
38877,0.001171,172.31.47.0-255,66,134232,96,192883
38878,0.001194,74.125.24.0-255,1484,135716,96,192883
38879,0.001204,172.31.47.0-255,66,135782,96,192883
38880,0.001272,172.31.47.0-255,66,135848,96,192883
38881,0.001275,74.125.24.0-255,2902,138750,96,192883
38882,0.001277,172.31.47.0-255,66,138816,96,192883
38883,0.001304,172.31.47.0-255,66,138882,96,192883
38884,0.00132,172.31.47.0-255,66,138948,96,192883
38885,0.001329,74.125.24.0-255,4320,143268,96,192883
38886,0.00133,172.31.47.0-255,66,143334,96,192883
38887,0.001369,172.31.47.0-255,66,143400,96,192883
38888,0.001374,74.125.24.0-255,3602,147002,96,192883
38889,0.001375,172.31.47.0-255,66,147068,96,192883
38890,0.00138,74.125.24.0-255,4320,151388,96,192883
38891,0.001381,172.31.47.0-255,66,151454,96,192883
38892,0.001384,74.125.24.0-255,1484,152938,96,192883
38893,0.001429,74.125.24.0-255,4320,157258,96,192883
38894,0.001433,172.31.47.0-255,66,157324,96,192883
38895,0.001437,172.31.47.0-255,66,157390,96,192883
38896,0.001472,172.31.47.0-255,66,157456,96,192883
38897,0.001508,74.125.24.0-255,1484,158940,96,192883
38898,0.001523,74.125.24.0-255,2902,161842,96,192883
38899,0.001533,74.125.24.0-255,2902,164744,96,192883
38900,0.00154,172.31.47.0-255,66,164810,96,192883
38901,0.00157,74.125.24.0-255,2902,167712,96,192883
38902,0.001597,74.125.24.0-255,2184,169896,96,192883
38903,0.001602,172.31.47.0-255,66,169962,96,192883
38904,0.001656,172.31.47.0-255,66,170028,96,192883
38905,0.00169,172.31.47.0-255,66,170094,96,192883
38906,0.001704,74.125.24.0-255,766,170860,96,192883
38907,0.001718,74.125.24.0-255,2902,173762,96,192883
38908,0.001728,172.31.47.0-255,66,173828,96,192883
38909,0.001754,74.125.24.0-255,7156,180984,96,192883
38910,0.001791,172.31.47.0-255,66,181050,96,192883
38911,0.001833,74.125.24.0-255,4251,185301,96,192883
38912,0.001846,172.31.47.0-255,66,185367,96,192883
38913,0.001848,74.125.24.0-255,105,185472,96,192883
38914,0.004125,172.31.47.0-255,66,185538,96,192883
38915,0.004161,172.31.47.0-255,105,185643,96,192883
38916,0.006476,74.125.24.0-255,66,185709,96,192883
38917,0.022013,172.31.47.0-255,172,185881,96,192883
38918,0.022055,172.31.47.0-255,1111,186992,96,192883
38919,0.022136,172.31.47.0-255,1514,188506,96,192883
38920,0.022138,172.31.47.0-255,1514,190020,96,192883
38921,0.022142,172.31.47.0-255,1514,191534,96,192883
38922,0.022143,172.31.47.0-255,1085,192619,96,192883
38923,0.023571,104.244.42.0-255,66,192685,96,192883
38924,0.023611,104.244.42.0-255,66,192751,96,192883
38925,0.023669,104.244.42.0-255,66,192817,96,192883
38926,0.023672,104.244.42.0-255,66,192883,96,192883
38927,0.0,74.125.24.0-255,152,152,96,267683
38928,2e-05,172.31.47.0-255,66,218,96,267683
38929,2.6e-05,74.125.24.0-255,1484,1702,96,267683
38930,3e-05,172.31.47.0-255,66,1768,96,267683
38931,3.5e-05,74.125.24.0-255,2902,4670,96,267683
38932,3.7e-05,172.31.47.0-255,66,4736,96,267683
38933,4.4e-05,74.125.24.0-255,7156,11892,96,267683
38934,4.8e-05,172.31.47.0-255,66,11958,96,267683
38935,9.8e-05,74.125.24.0-255,7156,19114,96,267683
38936,0.000103,172.31.47.0-255,66,19180,96,267683
38937,0.000133,172.31.47.0-255,66,19246,96,267683
38938,0.000136,74.125.24.0-255,2543,21789,96,267683
38939,0.000138,172.31.47.0-255,66,21855,96,267683
38940,0.000141,74.125.24.0-255,1484,23339,96,267683
38941,0.000143,172.31.47.0-255,66,23405,96,267683
38942,0.000157,74.125.24.0-255,1484,24889,96,267683
38943,0.000159,172.31.47.0-255,66,24955,96,267683
38944,0.000165,74.125.24.0-255,5738,30693,96,267683
38945,0.000168,172.31.47.0-255,66,30759,96,267683
38946,0.000186,74.125.24.0-255,1484,32243,96,267683
38947,0.000189,172.31.47.0-255,66,32309,96,267683
38948,0.000194,74.125.24.0-255,4320,36629,96,267683
38949,0.000196,172.31.47.0-255,66,36695,96,267683
38950,0.000232,74.125.24.0-255,2543,39238,96,267683
38951,0.000236,172.31.47.0-255,66,39304,96,267683
38952,0.00024,74.125.24.0-255,2902,42206,96,267683
38953,0.000242,172.31.47.0-255,66,42272,96,267683
38954,0.000248,74.125.24.0-255,5738,48010,96,267683
38955,0.00025,172.31.47.0-255,66,48076,96,267683
38956,0.000283,74.125.24.0-255,1484,49560,96,267683
38957,0.000285,172.31.47.0-255,66,49626,96,267683
38958,0.000292,74.125.24.0-255,6797,56423,96,267683
38959,0.000312,74.125.24.0-255,648,57071,96,267683
38960,0.000475,172.31.47.0-255,66,57137,96,267683
38961,0.000506,74.125.24.0-255,1484,58621,96,267683
38962,0.000512,74.125.24.0-255,2902,61523,96,267683
38963,0.000541,74.125.24.0-255,5738,67261,96,267683
38964,0.000549,172.31.47.0-255,66,67327,96,267683
38965,0.000587,74.125.24.0-255,6246,73573,96,267683
38966,0.000604,172.31.47.0-255,66,73639,96,267683
38967,0.000788,74.125.24.0-255,1484,75123,96,267683
38968,0.000794,74.125.24.0-255,2902,78025,96,267683
38969,0.000796,74.125.24.0-255,1484,79509,96,267683
38970,0.000816,74.125.24.0-255,4320,83829,96,267683
38971,0.000842,172.31.47.0-255,66,83895,96,267683
38972,0.000849,74.125.24.0-255,1484,85379,96,267683
38973,0.000854,74.125.24.0-255,5738,91117,96,267683
38974,0.000867,172.31.47.0-255,66,91183,96,267683
38975,0.000888,74.125.24.0-255,5020,96203,96,267683
38976,0.000911,74.125.24.0-255,5738,101941,96,267683
38977,0.000917,172.31.47.0-255,66,102007,96,267683
38978,0.000937,74.125.24.0-255,5738,107745,96,267683
38979,0.000961,74.125.24.0-255,7156,114901,96,267683
38980,0.000965,74.125.24.0-255,2902,117803,96,267683
38981,0.000971,172.31.47.0-255,66,117869,96,267683
38982,0.000982,74.125.24.0-255,2902,120771,96,267683
38983,0.000985,74.125.24.0-255,1484,122255,96,267683
38984,0.001002,172.31.47.0-255,66,122321,96,267683
38985,0.001026,172.31.47.0-255,66,122387,96,267683
38986,0.001039,74.125.24.0-255,1484,123871,96,267683
38987,0.001044,74.125.24.0-255,2902,126773,96,267683
38988,0.001066,74.125.24.0-255,4320,131093,96,267683
38989,0.001082,74.125.24.0-255,1484,132577,96,267683
38990,0.001086,74.125.24.0-255,4320,136897,96,267683
38991,0.001093,172.31.47.0-255,66,136963,96,267683
38992,0.001124,74.125.24.0-255,7156,144119,96,267683
38993,0.001137,74.125.24.0-255,1484,145603,96,267683
38994,0.001148,172.31.47.0-255,66,145669,96,267683
38995,0.001151,74.125.24.0-255,2184,147853,96,267683
38996,0.001156,172.31.47.0-255,66,147919,96,267683
38997,0.001242,74.125.24.0-255,1484,149403,96,267683
38998,0.001274,74.125.24.0-255,2902,152305,96,267683
38999,0.001291,172.31.47.0-255,66,152371,96,267683
39000,0.001309,74.125.24.0-255,1484,153855,96,267683
39001,0.00132,74.125.24.0-255,2902,156757,96,267683
39002,0.001327,172.31.47.0-255,66,156823,96,267683
39003,0.001351,74.125.24.0-255,5738,162561,96,267683
39004,0.001353,74.125.24.0-255,1484,164045,96,267683
39005,0.001395,74.125.24.0-255,1484,165529,96,267683
39006,0.001408,172.31.47.0-255,66,165595,96,267683
39007,0.001427,172.31.47.0-255,66,165661,96,267683
39008,0.001519,74.125.24.0-255,1484,167145,96,267683
39009,0.001536,74.125.24.0-255,2902,170047,96,267683
39010,0.001552,74.125.24.0-255,4320,174367,96,267683
39011,0.001555,172.31.47.0-255,66,174433,96,267683
39012,0.001565,172.31.47.0-255,66,174499,96,267683
39013,0.001604,74.125.24.0-255,4320,178819,96,267683
39014,0.001611,172.31.47.0-255,66,178885,96,267683
39015,0.001641,172.31.47.0-255,66,178951,96,267683
39016,0.001701,74.125.24.0-255,1484,180435,96,267683
39017,0.001705,74.125.24.0-255,1484,181919,96,267683
39018,0.001722,74.125.24.0-255,1484,183403,96,267683
39019,0.001728,74.125.24.0-255,5738,189141,96,267683
39020,0.001739,74.125.24.0-255,2902,192043,96,267683
39021,0.001743,172.31.47.0-255,66,192109,96,267683
39022,0.001767,74.125.24.0-255,7156,199265,96,267683
39023,0.001803,74.125.24.0-255,3602,202867,96,267683
39024,0.001814,172.31.47.0-255,66,202933,96,267683
39025,0.001963,74.125.24.0-255,1484,204417,96,267683
39026,0.001967,74.125.24.0-255,1484,205901,96,267683
39027,0.001972,172.31.47.0-255,66,205967,96,267683
39028,0.001979,74.125.24.0-255,1484,207451,96,267683
39029,0.001999,74.125.24.0-255,5738,213189,96,267683
39030,0.002005,172.31.47.0-255,66,213255,96,267683
39031,0.002041,172.31.47.0-255,66,213321,96,267683
39032,0.002049,74.125.24.0-255,4320,217641,96,267683
39033,0.002053,172.31.47.0-255,66,217707,96,267683
39034,0.002097,172.31.47.0-255,66,217773,96,267683
39035,0.002123,172.31.47.0-255,66,217839,96,267683
39036,0.002171,172.31.47.0-255,66,217905,96,267683
39037,0.002246,74.125.24.0-255,1484,219389,96,267683
39038,0.002251,74.125.24.0-255,2902,222291,96,267683
39039,0.002255,172.31.47.0-255,66,222357,96,267683
39040,0.002264,74.125.24.0-255,1484,223841,96,267683
39041,0.002277,74.125.24.0-255,4320,228161,96,267683
39042,0.002291,74.125.24.0-255,4320,232481,96,267683
39043,0.002311,74.125.24.0-255,2902,235383,96,267683
39044,0.002316,172.31.47.0-255,66,235449,96,267683
39045,0.00238,172.31.47.0-255,66,235515,96,267683
39046,0.004664,74.125.24.0-255,5738,241253,96,267683
39047,0.004673,172.31.47.0-255,66,241319,96,267683
39048,0.006966,74.125.24.0-255,5738,247057,96,267683
39049,0.008523,172.31.47.0-255,66,247123,96,267683
39050,0.010846,74.125.24.0-255,5738,252861,96,267683
39051,0.010856,172.31.47.0-255,66,252927,96,267683
39052,0.013146,74.125.24.0-255,5738,258665,96,267683
39053,0.013155,172.31.47.0-255,66,258731,96,267683
39054,0.015447,74.125.24.0-255,4420,263151,96,267683
39055,0.015455,172.31.47.0-255,66,263217,96,267683
39056,0.017702,172.31.47.0-255,105,263322,96,267683
39057,0.019943,74.125.24.0-255,66,263388,96,267683
39058,0.02618,172.31.47.0-255,172,263560,96,267683
39059,0.026208,172.31.47.0-255,1110,264670,96,267683
39060,0.026256,172.31.47.0-255,1514,266184,96,267683
39061,0.026258,172.31.47.0-255,1301,267485,96,267683
39062,0.027687,104.244.42.0-255,66,267551,96,267683
39063,0.02775,104.244.42.0-255,66,267617,96,267683
39064,0.027798,104.244.42.0-255,66,267683,96,267683
39065,0.0,172.217.194.0-255,298,298,96,277603
39066,3.1e-05,172.31.47.0-255,66,364,96,277603
39067,3.7e-05,172.217.194.0-255,1484,1848,96,277603
39068,4.2e-05,172.31.47.0-255,66,1914,96,277603
39069,4.7e-05,172.217.194.0-255,4320,6234,96,277603
39070,5e-05,172.31.47.0-255,66,6300,96,277603
39071,5.5e-05,172.217.194.0-255,5738,12038,96,277603
39072,5.8e-05,172.31.47.0-255,66,12104,96,277603
39073,9.2e-05,172.217.194.0-255,1812,13916,96,277603
39074,9.5e-05,172.31.47.0-255,66,13982,96,277603
39075,0.000336,172.217.194.0-255,1484,15466,96,277603
39076,0.000341,172.31.47.0-255,66,15532,96,277603
39077,0.000347,172.217.194.0-255,2902,18434,96,277603
39078,0.00035,172.31.47.0-255,66,18500,96,277603
39079,0.000353,172.217.194.0-255,1484,19984,96,277603
39080,0.000355,172.31.47.0-255,66,20050,96,277603
39081,0.000383,172.217.194.0-255,4320,24370,96,277603
39082,0.000386,172.31.47.0-255,66,24436,96,277603
39083,0.000394,172.217.194.0-255,6797,31233,96,277603
39084,0.000397,172.31.47.0-255,66,31299,96,277603
39085,0.000534,172.217.194.0-255,1484,32783,96,277603
39086,0.000538,172.31.47.0-255,66,32849,96,277603
39087,0.000559,172.217.194.0-255,2902,35751,96,277603
39088,0.000561,172.31.47.0-255,66,35817,96,277603
39089,0.000567,172.217.194.0-255,5738,41555,96,277603
39090,0.000569,172.31.47.0-255,66,41621,96,277603
39091,0.000607,172.31.47.0-255,66,41687,96,277603
39092,0.00062,172.31.47.0-255,66,41753,96,277603
39093,0.00065,172.217.194.0-255,4219,45972,96,277603
39094,0.000653,172.31.47.0-255,66,46038,96,277603
39095,0.000691,172.217.194.0-255,117,46155,96,277603
39096,0.000695,172.217.194.0-255,377,46532,96,277603
39097,0.000837,172.31.47.0-255,66,46598,96,277603
39098,0.000915,172.217.194.0-255,1484,48082,96,277603
39099,0.000933,172.217.194.0-255,2902,50984,96,277603
39100,0.000937,172.31.47.0-255,66,51050,96,277603
39101,0.000943,172.217.194.0-255,5738,56788,96,277603
39102,0.000945,172.31.47.0-255,66,56854,96,277603
39103,0.000962,172.217.194.0-255,7156,64010,96,277603
39104,0.000964,172.31.47.0-255,66,64076,96,277603
39105,0.000979,172.217.194.0-255,5738,69814,96,277603
39106,0.000981,172.31.47.0-255,66,69880,96,277603
39107,0.001005,172.217.194.0-255,5738,75618,96,277603
39108,0.001008,172.31.47.0-255,66,75684,96,277603
39109,0.001022,172.217.194.0-255,5020,80704,96,277603
39110,0.001024,172.31.47.0-255,66,80770,96,277603
39111,0.001692,172.217.194.0-255,1484,82254,96,277603
39112,0.001702,172.217.194.0-255,2902,85156,96,277603
39113,0.001705,172.31.47.0-255,66,85222,96,277603
39114,0.001712,172.217.194.0-255,5738,90960,96,277603
39115,0.001713,172.31.47.0-255,66,91026,96,277603
39116,0.001739,172.217.194.0-255,7156,98182,96,277603
39117,0.001741,172.31.47.0-255,66,98248,96,277603
39118,0.001764,172.217.194.0-255,5738,103986,96,277603
39119,0.001767,172.31.47.0-255,66,104052,96,277603
39120,0.001777,172.31.47.0-255,66,104118,96,277603
39121,0.001801,172.217.194.0-255,766,104884,96,277603
39122,0.00202,172.31.47.0-255,66,104950,96,277603
39123,0.002044,172.217.194.0-255,1484,106434,96,277603
39124,0.002049,172.217.194.0-255,2902,109336,96,277603
39125,0.002051,172.31.47.0-255,66,109402,96,277603
39126,0.002057,172.217.194.0-255,5738,115140,96,277603
39127,0.002059,172.31.47.0-255,66,115206,96,277603
39128,0.002099,172.31.47.0-255,66,115272,96,277603
39129,0.002121,172.217.194.0-255,2902,118174,96,277603
39130,0.002124,172.31.47.0-255,66,118240,96,277603
39131,0.00213,172.217.194.0-255,7156,125396,96,277603
39132,0.002132,172.31.47.0-255,66,125462,96,277603
39133,0.002156,172.217.194.0-255,3602,129064,96,277603
39134,0.002159,172.31.47.0-255,66,129130,96,277603
39135,0.004391,172.217.194.0-255,1484,130614,96,277603
39136,0.004419,172.217.194.0-255,1484,132098,96,277603
39137,0.004424,172.31.47.0-255,66,132164,96,277603
39138,0.00444,172.217.194.0-255,2902,135066,96,277603
39139,0.004442,172.31.47.0-255,66,135132,96,277603
39140,0.006717,172.217.194.0-255,5738,140870,96,277603
39141,0.006723,172.31.47.0-255,66,140936,96,277603
39142,0.009006,172.217.194.0-255,5738,146674,96,277603
39143,0.009012,172.31.47.0-255,66,146740,96,277603
39144,0.011276,172.217.194.0-255,5738,152478,96,277603
39145,0.011283,172.31.47.0-255,66,152544,96,277603
39146,0.013574,172.217.194.0-255,5738,158282,96,277603
39147,0.013582,172.31.47.0-255,66,158348,96,277603
39148,0.015875,172.217.194.0-255,5738,164086,96,277603
39149,0.015884,172.31.47.0-255,66,164152,96,277603
39150,0.018173,172.217.194.0-255,5738,169890,96,277603
39151,0.01818,172.31.47.0-255,66,169956,96,277603
39152,0.020452,172.217.194.0-255,5738,175694,96,277603
39153,0.020458,172.31.47.0-255,66,175760,96,277603
39154,0.02063,172.31.47.0-255,172,175932,96,277603
39155,0.020672,172.31.47.0-255,1111,177043,96,277603
39156,0.020732,172.31.47.0-255,1514,178557,96,277603
39157,0.020734,172.31.47.0-255,1300,179857,96,277603
39158,0.022174,104.244.42.0-255,66,179923,96,277603
39159,0.022218,104.244.42.0-255,66,179989,96,277603
39160,0.022257,104.244.42.0-255,66,180055,96,277603
39161,0.022727,172.217.194.0-255,2902,182957,96,277603
39162,0.022731,172.31.47.0-255,66,183023,96,277603
39163,0.022757,172.217.194.0-255,2902,185925,96,277603
39164,0.02276,172.31.47.0-255,66,185991,96,277603
39165,0.024979,172.217.194.0-255,2902,188893,96,277603
39166,0.024983,172.31.47.0-255,66,188959,96,277603
39167,0.025015,172.217.194.0-255,2902,191861,96,277603
39168,0.025018,172.31.47.0-255,66,191927,96,277603
39169,0.027287,172.217.194.0-255,4320,196247,96,277603
39170,0.027292,172.31.47.0-255,66,196313,96,277603
39171,0.027314,172.217.194.0-255,1484,197797,96,277603
39172,0.029573,172.217.194.0-255,2902,200699,96,277603
39173,0.029577,172.31.47.0-255,66,200765,96,277603
39174,0.031876,172.217.194.0-255,5738,206503,96,277603
39175,0.031882,172.31.47.0-255,66,206569,96,277603
39176,0.034187,172.217.194.0-255,5738,212307,96,277603
39177,0.034209,172.31.47.0-255,66,212373,96,277603
39178,0.036483,172.217.194.0-255,5738,218111,96,277603
39179,0.036487,172.31.47.0-255,66,218177,96,277603
39180,0.038738,172.217.194.0-255,2902,221079,96,277603
39181,0.038743,172.31.47.0-255,66,221145,96,277603
39182,0.038769,172.217.194.0-255,2902,224047,96,277603
39183,0.038772,172.31.47.0-255,66,224113,96,277603
39184,0.040986,172.217.194.0-255,2902,227015,96,277603
39185,0.04099,172.31.47.0-255,66,227081,96,277603
39186,0.041065,172.217.194.0-255,2902,229983,96,277603
39187,0.041069,172.31.47.0-255,66,230049,96,277603
39188,0.043257,172.217.194.0-255,2902,232951,96,277603
39189,0.043262,172.31.47.0-255,66,233017,96,277603
39190,0.043333,172.217.194.0-255,2902,235919,96,277603
39191,0.043337,172.31.47.0-255,66,235985,96,277603
39192,0.045525,172.217.194.0-255,2902,238887,96,277603
39193,0.04553,172.31.47.0-255,66,238953,96,277603
39194,0.045598,172.217.194.0-255,2902,241855,96,277603
39195,0.045602,172.31.47.0-255,66,241921,96,277603
39196,0.047774,172.217.194.0-255,2902,244823,96,277603
39197,0.047779,172.31.47.0-255,66,244889,96,277603
39198,0.047866,172.217.194.0-255,2902,247791,96,277603
39199,0.04787,172.31.47.0-255,66,247857,96,277603
39200,0.050037,172.217.194.0-255,2902,250759,96,277603
39201,0.050043,172.31.47.0-255,66,250825,96,277603
39202,0.050121,172.217.194.0-255,2902,253727,96,277603
39203,0.050126,172.31.47.0-255,66,253793,96,277603
39204,0.052328,172.217.194.0-255,2902,256695,96,277603
39205,0.052332,172.31.47.0-255,66,256761,96,277603
39206,0.052359,172.217.194.0-255,1484,258245,96,277603
39207,0.052369,172.217.194.0-255,1484,259729,96,277603
39208,0.052371,172.31.47.0-255,66,259795,96,277603
39209,0.054603,172.217.194.0-255,2902,262697,96,277603
39210,0.054612,172.31.47.0-255,66,262763,96,277603
39211,0.054646,172.217.194.0-255,2902,265665,96,277603
39212,0.054649,172.31.47.0-255,66,265731,96,277603
39213,0.056888,172.217.194.0-255,2902,268633,96,277603
39214,0.056894,172.31.47.0-255,66,268699,96,277603
39215,0.056926,172.217.194.0-255,2902,271601,96,277603
39216,0.056929,172.31.47.0-255,66,271667,96,277603
39217,0.059173,172.217.194.0-255,2902,274569,96,277603
39218,0.059177,172.31.47.0-255,66,274635,96,277603
39219,0.059206,172.217.194.0-255,2902,277537,96,277603
39220,0.059208,172.31.47.0-255,66,277603,96,277603
39221,0.0,74.125.130.0-255,159,159,96,236512
39222,2.9e-05,172.31.47.0-255,66,225,96,236512
39223,3.5e-05,74.125.130.0-255,1484,1709,96,236512
39224,3.9e-05,172.31.47.0-255,66,1775,96,236512
39225,6.2e-05,74.125.130.0-255,2902,4677,96,236512
39226,6.8e-05,172.31.47.0-255,66,4743,96,236512
39227,7.8e-05,74.125.130.0-255,1484,6227,96,236512
39228,8.3e-05,172.31.47.0-255,66,6293,96,236512
39229,0.00011,74.125.130.0-255,4320,10613,96,236512
39230,0.000113,172.31.47.0-255,66,10679,96,236512
39231,0.000116,74.125.130.0-255,1484,12163,96,236512
39232,0.000118,172.31.47.0-255,66,12229,96,236512
39233,0.000122,74.125.130.0-255,2125,14354,96,236512
39234,0.000124,172.31.47.0-255,66,14420,96,236512
39235,0.000232,74.125.130.0-255,1484,15904,96,236512
39236,0.000236,172.31.47.0-255,66,15970,96,236512
39237,0.000259,74.125.130.0-255,2902,18872,96,236512
39238,0.000262,172.31.47.0-255,66,18938,96,236512
39239,0.000317,74.125.130.0-255,1484,20422,96,236512
39240,0.00032,172.31.47.0-255,66,20488,96,236512
39241,0.000336,74.125.130.0-255,1484,21972,96,236512
39242,0.000338,172.31.47.0-255,66,22038,96,236512
39243,0.000366,74.125.130.0-255,2902,24940,96,236512
39244,0.00037,172.31.47.0-255,66,25006,96,236512
39245,0.000376,74.125.130.0-255,5738,30744,96,236512
39246,0.000378,172.31.47.0-255,66,30810,96,236512
39247,0.000381,74.125.130.0-255,1125,31935,96,236512
39248,0.000388,172.31.47.0-255,66,32001,96,236512
39249,0.000746,74.125.130.0-255,1484,33485,96,236512
39250,0.000752,172.31.47.0-255,66,33551,96,236512
39251,0.000762,74.125.130.0-255,2902,36453,96,236512
39252,0.000771,172.31.47.0-255,66,36519,96,236512
39253,0.000778,74.125.130.0-255,5738,42257,96,236512
39254,0.000779,172.31.47.0-255,66,42323,96,236512
39255,0.000828,74.125.130.0-255,6797,49120,96,236512
39256,0.000832,172.31.47.0-255,66,49186,96,236512
39257,0.00084,74.125.130.0-255,7156,56342,96,236512
39258,0.000848,172.31.47.0-255,66,56408,96,236512
39259,0.000856,74.125.130.0-255,7156,63564,96,236512
39260,0.000859,172.31.47.0-255,66,63630,96,236512
39261,0.0009,74.125.130.0-255,2832,66462,96,236512
39262,0.000905,172.31.47.0-255,66,66528,96,236512
39263,0.001021,74.125.130.0-255,100,66628,96,236512
39264,0.001134,74.125.130.0-255,362,66990,96,236512
39265,0.001615,172.31.47.0-255,66,67056,96,236512
39266,0.001633,74.125.130.0-255,1484,68540,96,236512
39267,0.00165,74.125.130.0-255,2902,71442,96,236512
39268,0.001653,172.31.47.0-255,66,71508,96,236512
39269,0.001684,74.125.130.0-255,4320,75828,96,236512
39270,0.001688,172.31.47.0-255,66,75894,96,236512
39271,0.001716,74.125.130.0-255,5738,81632,96,236512
39272,0.001719,172.31.47.0-255,66,81698,96,236512
39273,0.001747,74.125.130.0-255,2902,84600,96,236512
39274,0.00175,172.31.47.0-255,66,84666,96,236512
39275,0.001753,74.125.130.0-255,1484,86150,96,236512
39276,0.001777,74.125.130.0-255,2902,89052,96,236512
39277,0.00178,172.31.47.0-255,66,89118,96,236512
39278,0.001783,74.125.130.0-255,1484,90602,96,236512
39279,0.001805,74.125.130.0-255,2902,93504,96,236512
39280,0.001808,172.31.47.0-255,66,93570,96,236512
39281,0.001839,74.125.130.0-255,5738,99308,96,236512
39282,0.001842,172.31.47.0-255,66,99374,96,236512
39283,0.001877,74.125.130.0-255,2184,101558,96,236512
39284,0.00188,172.31.47.0-255,66,101624,96,236512
39285,0.004373,74.125.130.0-255,2902,104526,96,236512
39286,0.004376,172.31.47.0-255,66,104592,96,236512
39287,0.004407,74.125.130.0-255,2902,107494,96,236512
39288,0.00441,172.31.47.0-255,66,107560,96,236512
39289,0.006904,74.125.130.0-255,2902,110462,96,236512
39290,0.006912,172.31.47.0-255,66,110528,96,236512
39291,0.006942,74.125.130.0-255,2902,113430,96,236512
39292,0.006945,172.31.47.0-255,66,113496,96,236512
39293,0.009439,74.125.130.0-255,2902,116398,96,236512
39294,0.009447,172.31.47.0-255,66,116464,96,236512
39295,0.00948,74.125.130.0-255,2902,119366,96,236512
39296,0.009483,172.31.47.0-255,66,119432,96,236512
39297,0.011977,74.125.130.0-255,2902,122334,96,236512
39298,0.011985,172.31.47.0-255,66,122400,96,236512
39299,0.012022,74.125.130.0-255,2902,125302,96,236512
39300,0.012026,172.31.47.0-255,66,125368,96,236512
39301,0.014523,74.125.130.0-255,2902,128270,96,236512
39302,0.014539,172.31.47.0-255,66,128336,96,236512
39303,0.014579,74.125.130.0-255,2902,131238,96,236512
39304,0.014582,172.31.47.0-255,66,131304,96,236512
39305,0.017069,74.125.130.0-255,2902,134206,96,236512
39306,0.017075,172.31.47.0-255,66,134272,96,236512
39307,0.017109,74.125.130.0-255,2902,137174,96,236512
39308,0.017113,172.31.47.0-255,66,137240,96,236512
39309,0.019608,74.125.130.0-255,2902,140142,96,236512
39310,0.019612,172.31.47.0-255,66,140208,96,236512
39311,0.019645,74.125.130.0-255,2902,143110,96,236512
39312,0.019648,172.31.47.0-255,66,143176,96,236512
39313,0.022149,74.125.130.0-255,2902,146078,96,236512
39314,0.022157,172.31.47.0-255,66,146144,96,236512
39315,0.022194,74.125.130.0-255,2902,149046,96,236512
39316,0.022199,172.31.47.0-255,66,149112,96,236512
39317,0.024698,74.125.130.0-255,2902,152014,96,236512
39318,0.024704,172.31.47.0-255,66,152080,96,236512
39319,0.024727,74.125.130.0-255,2902,154982,96,236512
39320,0.024731,172.31.47.0-255,66,155048,96,236512
39321,0.025128,172.31.47.0-255,172,155220,96,236512
39322,0.025157,172.31.47.0-255,1109,156329,96,236512
39323,0.025185,172.31.47.0-255,1514,157843,96,236512
39324,0.025187,172.31.47.0-255,1303,159146,96,236512
39325,0.026706,104.244.42.0-255,66,159212,96,236512
39326,0.026714,104.244.42.0-255,66,159278,96,236512
39327,0.02674,104.244.42.0-255,66,159344,96,236512
39328,0.027288,74.125.130.0-255,2902,162246,96,236512
39329,0.027295,172.31.47.0-255,66,162312,96,236512
39330,0.02733,74.125.130.0-255,2902,165214,96,236512
39331,0.027334,172.31.47.0-255,66,165280,96,236512
39332,0.029842,74.125.130.0-255,2902,168182,96,236512
39333,0.02985,172.31.47.0-255,66,168248,96,236512
39334,0.029903,74.125.130.0-255,2902,171150,96,236512
39335,0.029906,172.31.47.0-255,66,171216,96,236512
39336,0.032379,74.125.130.0-255,2902,174118,96,236512
39337,0.032384,172.31.47.0-255,66,174184,96,236512
39338,0.032431,74.125.130.0-255,2902,177086,96,236512
39339,0.032435,172.31.47.0-255,66,177152,96,236512
39340,0.034903,74.125.130.0-255,2902,180054,96,236512
39341,0.034908,172.31.47.0-255,66,180120,96,236512
39342,0.03496,74.125.130.0-255,2902,183022,96,236512
39343,0.034965,172.31.47.0-255,66,183088,96,236512
39344,0.037432,74.125.130.0-255,2902,185990,96,236512
39345,0.037438,172.31.47.0-255,66,186056,96,236512
39346,0.037488,74.125.130.0-255,2902,188958,96,236512
39347,0.037493,172.31.47.0-255,66,189024,96,236512
39348,0.039966,74.125.130.0-255,2902,191926,96,236512
39349,0.039974,172.31.47.0-255,66,191992,96,236512
39350,0.040011,74.125.130.0-255,2902,194894,96,236512
39351,0.040014,172.31.47.0-255,66,194960,96,236512
39352,0.04251,74.125.130.0-255,2902,197862,96,236512
39353,0.042535,172.31.47.0-255,66,197928,96,236512
39354,0.042563,74.125.130.0-255,2902,200830,96,236512
39355,0.042567,172.31.47.0-255,66,200896,96,236512
39356,0.045069,74.125.130.0-255,2902,203798,96,236512
39357,0.045078,172.31.47.0-255,66,203864,96,236512
39358,0.045103,74.125.130.0-255,2902,206766,96,236512
39359,0.045107,172.31.47.0-255,66,206832,96,236512
39360,0.047618,74.125.130.0-255,2902,209734,96,236512
39361,0.047626,172.31.47.0-255,66,209800,96,236512
39362,0.047665,74.125.130.0-255,2902,212702,96,236512
39363,0.047669,172.31.47.0-255,66,212768,96,236512
39364,0.050162,74.125.130.0-255,2902,215670,96,236512
39365,0.050167,172.31.47.0-255,66,215736,96,236512
39366,0.050202,74.125.130.0-255,2902,218638,96,236512
39367,0.050205,172.31.47.0-255,66,218704,96,236512
39368,0.05271,74.125.130.0-255,2902,221606,96,236512
39369,0.052715,172.31.47.0-255,66,221672,96,236512
39370,0.052751,74.125.130.0-255,2902,224574,96,236512
39371,0.052754,172.31.47.0-255,66,224640,96,236512
39372,0.055235,74.125.130.0-255,2902,227542,96,236512
39373,0.05524,172.31.47.0-255,66,227608,96,236512
39374,0.05531,74.125.130.0-255,2902,230510,96,236512
39375,0.055314,172.31.47.0-255,66,230576,96,236512
39376,0.05778,74.125.130.0-255,2902,233478,96,236512
39377,0.057787,172.31.47.0-255,66,233544,96,236512
39378,0.057835,74.125.130.0-255,2902,236446,96,236512
39379,0.057839,172.31.47.0-255,66,236512,96,236512
39380,0.0,74.125.24.0-255,153,153,96,287816
39381,3e-05,172.31.47.0-255,66,219,96,287816
39382,3.6e-05,74.125.24.0-255,1484,1703,96,287816
39383,4e-05,172.31.47.0-255,66,1769,96,287816
39384,4.4e-05,74.125.24.0-255,2902,4671,96,287816
39385,4.7e-05,172.31.47.0-255,66,4737,96,287816
39386,5.3e-05,74.125.24.0-255,7156,11893,96,287816
39387,5.5e-05,172.31.47.0-255,66,11959,96,287816
39388,5.8e-05,74.125.24.0-255,1484,13443,96,287816
39389,6e-05,172.31.47.0-255,66,13509,96,287816
39390,8.8e-05,74.125.24.0-255,4972,18481,96,287816
39391,9e-05,172.31.47.0-255,66,18547,96,287816
39392,0.000108,74.125.24.0-255,2902,21449,96,287816
39393,0.000111,172.31.47.0-255,66,21515,96,287816
39394,0.000137,172.31.47.0-255,66,21581,96,287816
39395,0.000498,74.125.24.0-255,1484,23065,96,287816
39396,0.000504,172.31.47.0-255,66,23131,96,287816
39397,0.00051,74.125.24.0-255,2902,26033,96,287816
39398,0.000513,172.31.47.0-255,66,26099,96,287816
39399,0.000518,74.125.24.0-255,4320,30419,96,287816
39400,0.00052,172.31.47.0-255,66,30485,96,287816
39401,0.000526,74.125.24.0-255,5738,36223,96,287816
39402,0.000528,172.31.47.0-255,66,36289,96,287816
39403,0.000563,74.125.24.0-255,4320,40609,96,287816
39404,0.000566,172.31.47.0-255,66,40675,96,287816
39405,0.000596,172.31.47.0-255,66,40741,96,287816
39406,0.0006,74.125.24.0-255,4320,45061,96,287816
39407,0.000602,172.31.47.0-255,66,45127,96,287816
39408,0.000618,74.125.24.0-255,2543,47670,96,287816
39409,0.000621,172.31.47.0-255,66,47736,96,287816
39410,0.000655,74.125.24.0-255,415,48151,96,287816
39411,0.000813,172.31.47.0-255,66,48217,96,287816
39412,0.001101,74.125.24.0-255,329,48546,96,287816
39413,0.001286,74.125.24.0-255,1484,50030,96,287816
39414,0.001292,172.31.47.0-255,66,50096,96,287816
39415,0.0013,74.125.24.0-255,2902,52998,96,287816
39416,0.001301,172.31.47.0-255,66,53064,96,287816
39417,0.001335,74.125.24.0-255,2902,55966,96,287816
39418,0.001338,172.31.47.0-255,66,56032,96,287816
39419,0.001356,74.125.24.0-255,2902,58934,96,287816
39420,0.001359,172.31.47.0-255,66,59000,96,287816
39421,0.00137,172.31.47.0-255,66,59066,96,287816
39422,0.001381,172.31.47.0-255,66,59132,96,287816
39423,0.001387,74.125.24.0-255,3961,63093,96,287816
39424,0.001389,172.31.47.0-255,66,63159,96,287816
39425,0.00163,74.125.24.0-255,1484,64643,96,287816
39426,0.001644,74.125.24.0-255,2902,67545,96,287816
39427,0.001647,172.31.47.0-255,66,67611,96,287816
39428,0.001662,74.125.24.0-255,5738,73349,96,287816
39429,0.001664,172.31.47.0-255,66,73415,96,287816
39430,0.001683,74.125.24.0-255,1484,74899,96,287816
39431,0.001699,74.125.24.0-255,5738,80637,96,287816
39432,0.001701,172.31.47.0-255,66,80703,96,287816
39433,0.00172,74.125.24.0-255,5738,86441,96,287816
39434,0.001722,172.31.47.0-255,66,86507,96,287816
39435,0.001753,74.125.24.0-255,4320,90827,96,287816
39436,0.001755,172.31.47.0-255,66,90893,96,287816
39437,0.001775,74.125.24.0-255,6438,97331,96,287816
39438,0.001777,172.31.47.0-255,66,97397,96,287816
39439,0.001904,74.125.24.0-255,1484,98881,96,287816
39440,0.001916,74.125.24.0-255,2902,101783,96,287816
39441,0.001918,172.31.47.0-255,66,101849,96,287816
39442,0.00194,74.125.24.0-255,5738,107587,96,287816
39443,0.001942,172.31.47.0-255,66,107653,96,287816
39444,0.001946,74.125.24.0-255,4320,111973,96,287816
39445,0.001947,172.31.47.0-255,66,112039,96,287816
39446,0.001966,74.125.24.0-255,7156,119195,96,287816
39447,0.001968,172.31.47.0-255,66,119261,96,287816
39448,0.001985,74.125.24.0-255,4320,123581,96,287816
39449,0.001987,172.31.47.0-255,66,123647,96,287816
39450,0.002014,172.31.47.0-255,66,123713,96,287816
39451,0.004023,74.125.24.0-255,4320,128033,96,287816
39452,0.004027,172.31.47.0-255,66,128099,96,287816
39453,0.004043,74.125.24.0-255,1484,129583,96,287816
39454,0.006026,74.125.24.0-255,4320,133903,96,287816
39455,0.006033,172.31.47.0-255,66,133969,96,287816
39456,0.008047,74.125.24.0-255,5738,139707,96,287816
39457,0.008054,172.31.47.0-255,66,139773,96,287816
39458,0.010066,74.125.24.0-255,5738,145511,96,287816
39459,0.010073,172.31.47.0-255,66,145577,96,287816
39460,0.012067,74.125.24.0-255,5738,151315,96,287816
39461,0.012075,172.31.47.0-255,66,151381,96,287816
39462,0.014084,74.125.24.0-255,4320,155701,96,287816
39463,0.01409,172.31.47.0-255,66,155767,96,287816
39464,0.014111,74.125.24.0-255,1484,157251,96,287816
39465,0.016118,74.125.24.0-255,4320,161571,96,287816
39466,0.016126,172.31.47.0-255,66,161637,96,287816
39467,0.01813,74.125.24.0-255,5738,167375,96,287816
39468,0.018138,172.31.47.0-255,66,167441,96,287816
39469,0.020139,74.125.24.0-255,5738,173179,96,287816
39470,0.020145,172.31.47.0-255,66,173245,96,287816
39471,0.02215,74.125.24.0-255,5738,178983,96,287816
39472,0.022156,172.31.47.0-255,66,179049,96,287816
39473,0.022952,172.31.47.0-255,172,179221,96,287816
39474,0.022991,172.31.47.0-255,1101,180322,96,287816
39475,0.02306,172.31.47.0-255,1514,181836,96,287816
39476,0.023061,172.31.47.0-255,1310,183146,96,287816
39477,0.024181,74.125.24.0-255,5738,188884,96,287816
39478,0.024186,172.31.47.0-255,66,188950,96,287816
39479,0.024533,104.244.42.0-255,66,189016,96,287816
39480,0.02456,104.244.42.0-255,66,189082,96,287816
39481,0.024625,104.244.42.0-255,66,189148,96,287816
39482,0.026202,74.125.24.0-255,5738,194886,96,287816
39483,0.026208,172.31.47.0-255,66,194952,96,287816
39484,0.028223,74.125.24.0-255,5738,200690,96,287816
39485,0.028229,172.31.47.0-255,66,200756,96,287816
39486,0.030264,74.125.24.0-255,5738,206494,96,287816
39487,0.03027,172.31.47.0-255,66,206560,96,287816
39488,0.032279,74.125.24.0-255,5738,212298,96,287816
39489,0.032285,172.31.47.0-255,66,212364,96,287816
39490,0.034367,74.125.24.0-255,5738,218102,96,287816
39491,0.034387,172.31.47.0-255,66,218168,96,287816
39492,0.036427,74.125.24.0-255,5738,223906,96,287816
39493,0.036445,172.31.47.0-255,66,223972,96,287816
39494,0.038475,74.125.24.0-255,5738,229710,96,287816
39495,0.038493,172.31.47.0-255,66,229776,96,287816
39496,0.040522,74.125.24.0-255,5738,235514,96,287816
39497,0.04054,172.31.47.0-255,66,235580,96,287816
39498,0.042575,74.125.24.0-255,5738,241318,96,287816
39499,0.042587,172.31.47.0-255,66,241384,96,287816
39500,0.044621,74.125.24.0-255,5738,247122,96,287816
39501,0.044638,172.31.47.0-255,66,247188,96,287816
39502,0.046668,74.125.24.0-255,5738,252926,96,287816
39503,0.046688,172.31.47.0-255,66,252992,96,287816
39504,0.048716,74.125.24.0-255,5738,258730,96,287816
39505,0.048733,172.31.47.0-255,66,258796,96,287816
39506,0.050749,74.125.24.0-255,5738,264534,96,287816
39507,0.050767,172.31.47.0-255,66,264600,96,287816
39508,0.052796,74.125.24.0-255,5738,270338,96,287816
39509,0.052814,172.31.47.0-255,66,270404,96,287816
39510,0.05482,74.125.24.0-255,5738,276142,96,287816
39511,0.054855,172.31.47.0-255,66,276208,96,287816
39512,0.056857,74.125.24.0-255,5738,281946,96,287816
39513,0.056863,172.31.47.0-255,66,282012,96,287816
39514,0.058907,74.125.24.0-255,5738,287750,96,287816
39515,0.058911,172.31.47.0-255,66,287816,96,287816
39516,0.0,74.125.24.0-255,153,153,96,179003
39517,1.6e-05,172.31.47.0-255,66,219,96,179003
39518,2.3e-05,74.125.24.0-255,1484,1703,96,179003
39519,2.7e-05,172.31.47.0-255,66,1769,96,179003
39520,3.3e-05,74.125.24.0-255,2902,4671,96,179003
39521,3.7e-05,172.31.47.0-255,66,4737,96,179003
39522,7e-05,74.125.24.0-255,5738,10475,96,179003
39523,7.3e-05,172.31.47.0-255,66,10541,96,179003
39524,8.7e-05,74.125.24.0-255,1484,12025,96,179003
39525,8.9e-05,172.31.47.0-255,66,12091,96,179003
39526,0.00012,74.125.24.0-255,2182,14273,96,179003
39527,0.000123,172.31.47.0-255,66,14339,96,179003
39528,0.000141,74.125.24.0-255,2902,17241,96,179003
39529,0.000144,172.31.47.0-255,66,17307,96,179003
39530,0.000166,74.125.24.0-255,7156,24463,96,179003
39531,0.000168,172.31.47.0-255,66,24529,96,179003
39532,0.000192,74.125.24.0-255,6797,31326,96,179003
39533,0.000194,172.31.47.0-255,66,31392,96,179003
39534,0.000314,74.125.24.0-255,1484,32876,96,179003
39535,0.000319,172.31.47.0-255,66,32942,96,179003
39536,0.000339,74.125.24.0-255,2902,35844,96,179003
39537,0.000341,172.31.47.0-255,66,35910,96,179003
39538,0.000366,74.125.24.0-255,5738,41648,96,179003
39539,0.00037,172.31.47.0-255,66,41714,96,179003
39540,0.000385,74.125.24.0-255,5738,47452,96,179003
39541,0.000388,172.31.47.0-255,66,47518,96,179003
39542,0.000406,74.125.24.0-255,2902,50420,96,179003
39543,0.000408,172.31.47.0-255,66,50486,96,179003
39544,0.000426,74.125.24.0-255,3961,54447,96,179003
39545,0.000429,172.31.47.0-255,66,54513,96,179003
39546,0.000436,74.125.24.0-255,7156,61669,96,179003
39547,0.000439,172.31.47.0-255,66,61735,96,179003
39548,0.000477,74.125.24.0-255,4292,66027,96,179003
39549,0.00048,172.31.47.0-255,66,66093,96,179003
39550,0.002145,74.125.24.0-255,110,66203,96,179003
39551,0.002191,74.125.24.0-255,1484,67687,96,179003
39552,0.002197,172.31.47.0-255,66,67753,96,179003
39553,0.002204,74.125.24.0-255,2902,70655,96,179003
39554,0.002206,172.31.47.0-255,66,70721,96,179003
39555,0.002234,74.125.24.0-255,1484,72205,96,179003
39556,0.002239,74.125.24.0-255,2902,75107,96,179003
39557,0.002241,172.31.47.0-255,66,75173,96,179003
39558,0.002248,74.125.24.0-255,5738,80911,96,179003
39559,0.00225,172.31.47.0-255,66,80977,96,179003
39560,0.002279,172.31.47.0-255,66,81043,96,179003
39561,0.002282,74.125.24.0-255,1484,82527,96,179003
39562,0.002323,74.125.24.0-255,5020,87547,96,179003
39563,0.002325,172.31.47.0-255,66,87613,96,179003
39564,0.002507,74.125.24.0-255,1484,89097,96,179003
39565,0.002523,74.125.24.0-255,2902,91999,96,179003
39566,0.002525,172.31.47.0-255,66,92065,96,179003
39567,0.002532,74.125.24.0-255,5738,97803,96,179003
39568,0.002534,172.31.47.0-255,66,97869,96,179003
39569,0.002556,74.125.24.0-255,5738,103607,96,179003
39570,0.002558,172.31.47.0-255,66,103673,96,179003
39571,0.002585,74.125.24.0-255,7156,110829,96,179003
39572,0.002587,172.31.47.0-255,66,110895,96,179003
39573,0.002599,172.31.47.0-255,66,110961,96,179003
39574,0.002637,172.31.47.0-255,66,111027,96,179003
39575,0.002655,74.125.24.0-255,2902,113929,96,179003
39576,0.002657,172.31.47.0-255,66,113995,96,179003
39577,0.00266,74.125.24.0-255,1484,115479,96,179003
39578,0.002675,74.125.24.0-255,4320,119799,96,179003
39579,0.002678,172.31.47.0-255,66,119865,96,179003
39580,0.00272,172.31.47.0-255,66,119931,96,179003
39581,0.002735,172.31.47.0-255,66,119997,96,179003
39582,0.002742,74.125.24.0-255,7156,127153,96,179003
39583,0.002745,172.31.47.0-255,66,127219,96,179003
39584,0.002782,172.31.47.0-255,66,127285,96,179003
39585,0.002788,74.125.24.0-255,5738,133023,96,179003
39586,0.00279,172.31.47.0-255,66,133089,96,179003
39587,0.002808,172.31.47.0-255,66,133155,96,179003
39588,0.002833,74.125.24.0-255,2902,136057,96,179003
39589,0.002835,172.31.47.0-255,66,136123,96,179003
39590,0.002841,74.125.24.0-255,4320,140443,96,179003
39591,0.002843,172.31.47.0-255,66,140509,96,179003
39592,0.002846,74.125.24.0-255,1484,141993,96,179003
39593,0.002857,172.31.47.0-255,66,142059,96,179003
39594,0.002888,172.31.47.0-255,66,142125,96,179003
39595,0.002903,74.125.24.0-255,2184,144309,96,179003
39596,0.002906,172.31.47.0-255,66,144375,96,179003
39597,0.002917,172.31.47.0-255,66,144441,96,179003
39598,0.002996,172.31.47.0-255,66,144507,96,179003
39599,0.003016,74.125.24.0-255,2184,146691,96,179003
39600,0.003018,172.31.47.0-255,66,146757,96,179003
39601,0.003033,172.31.47.0-255,66,146823,96,179003
39602,0.003049,172.31.47.0-255,66,146889,96,179003
39603,0.003061,172.31.47.0-255,66,146955,96,179003
39604,0.003092,74.125.24.0-255,7156,154111,96,179003
39605,0.003094,172.31.47.0-255,66,154177,96,179003
39606,0.003098,74.125.24.0-255,1484,155661,96,179003
39607,0.003117,172.31.47.0-255,66,155727,96,179003
39608,0.003123,74.125.24.0-255,5738,161465,96,179003
39609,0.003126,172.31.47.0-255,66,161531,96,179003
39610,0.00314,74.125.24.0-255,4320,165851,96,179003
39611,0.003143,172.31.47.0-255,66,165917,96,179003
39612,0.003147,74.125.24.0-255,1484,167401,96,179003
39613,0.003149,74.125.24.0-255,1484,168885,96,179003
39614,0.003151,172.31.47.0-255,66,168951,96,179003
39615,0.003155,74.125.24.0-255,1484,170435,96,179003
39616,0.003171,172.31.47.0-255,66,170501,96,179003
39617,0.00322,172.31.47.0-255,66,170567,96,179003
39618,0.003223,74.125.24.0-255,1484,172051,96,179003
39619,0.003237,74.125.24.0-255,2184,174235,96,179003
39620,0.00324,172.31.47.0-255,66,174301,96,179003
39621,0.003251,172.31.47.0-255,66,174367,96,179003
39622,0.003275,74.125.24.0-255,105,174472,96,179003
39623,0.008169,172.31.47.0-255,66,174538,96,179003
39624,0.008207,172.31.47.0-255,105,174643,96,179003
39625,0.010782,74.125.24.0-255,66,174709,96,179003
39626,0.030771,172.31.47.0-255,171,174880,96,179003
39627,0.030805,172.31.47.0-255,1133,176013,96,179003
39628,0.030866,172.31.47.0-255,1514,177527,96,179003
39629,0.030868,172.31.47.0-255,1278,178805,96,179003
39630,0.032351,104.244.42.0-255,66,178871,96,179003
39631,0.03236,104.244.42.0-255,66,178937,96,179003
39632,0.032442,104.244.42.0-255,66,179003,96,179003
39633,0.0,74.125.200.0-255,306,306,96,318671
39634,2.5e-05,172.31.47.0-255,66,372,96,318671
39635,3.3e-05,74.125.200.0-255,1484,1856,96,318671
39636,3.7e-05,172.31.47.0-255,66,1922,96,318671
39637,4.4e-05,74.125.200.0-255,4320,6242,96,318671
39638,4.6e-05,172.31.47.0-255,66,6308,96,318671
39639,5.2e-05,74.125.200.0-255,5738,12046,96,318671
39640,5.5e-05,172.31.47.0-255,66,12112,96,318671
39641,7.8e-05,74.125.200.0-255,1484,13596,96,318671
39642,8.1e-05,172.31.47.0-255,66,13662,96,318671
39643,0.000104,74.125.200.0-255,4787,18449,96,318671
39644,0.000107,172.31.47.0-255,66,18515,96,318671
39645,0.000114,74.125.200.0-255,5738,24253,96,318671
39646,0.000116,172.31.47.0-255,66,24319,96,318671
39647,0.000138,74.125.200.0-255,1484,25803,96,318671
39648,0.00014,172.31.47.0-255,66,25869,96,318671
39649,0.000146,74.125.200.0-255,4320,30189,96,318671
39650,0.000148,172.31.47.0-255,66,30255,96,318671
39651,0.000183,74.125.200.0-255,1125,31380,96,318671
39652,0.000186,172.31.47.0-255,66,31446,96,318671
39653,0.000304,74.125.200.0-255,1484,32930,96,318671
39654,0.000308,172.31.47.0-255,66,32996,96,318671
39655,0.000322,74.125.200.0-255,2902,35898,96,318671
39656,0.000325,172.31.47.0-255,66,35964,96,318671
39657,0.000331,74.125.200.0-255,4320,40284,96,318671
39658,0.000333,172.31.47.0-255,66,40350,96,318671
39659,0.000356,74.125.200.0-255,1484,41834,96,318671
39660,0.000358,172.31.47.0-255,66,41900,96,318671
39661,0.000363,74.125.200.0-255,2902,44802,96,318671
39662,0.000366,172.31.47.0-255,66,44868,96,318671
39663,0.000371,74.125.200.0-255,4320,49188,96,318671
39664,0.000373,172.31.47.0-255,66,49254,96,318671
39665,0.0004,74.125.200.0-255,4320,53574,96,318671
39666,0.000403,172.31.47.0-255,66,53640,96,318671
39667,0.000432,74.125.200.0-255,4320,57960,96,318671
39668,0.000435,172.31.47.0-255,66,58026,96,318671
39669,0.000442,74.125.200.0-255,7156,65182,96,318671
39670,0.000445,172.31.47.0-255,66,65248,96,318671
39671,0.000447,74.125.200.0-255,1060,66308,96,318671
39672,0.000775,74.125.200.0-255,1484,67792,96,318671
39673,0.00078,172.31.47.0-255,66,67858,96,318671
39674,0.000785,74.125.200.0-255,1484,69342,96,318671
39675,0.0008,74.125.200.0-255,1484,70826,96,318671
39676,0.000802,172.31.47.0-255,66,70892,96,318671
39677,0.000809,74.125.200.0-255,4320,75212,96,318671
39678,0.000811,172.31.47.0-255,66,75278,96,318671
39679,0.000835,74.125.200.0-255,7156,82434,96,318671
39680,0.000838,172.31.47.0-255,66,82500,96,318671
39681,0.000855,74.125.200.0-255,1484,83984,96,318671
39682,0.00086,74.125.200.0-255,2902,86886,96,318671
39683,0.000862,172.31.47.0-255,66,86952,96,318671
39684,0.000865,74.125.200.0-255,1484,88436,96,318671
39685,0.000887,74.125.200.0-255,2902,91338,96,318671
39686,0.00089,172.31.47.0-255,66,91404,96,318671
39687,0.000912,172.31.47.0-255,66,91470,96,318671
39688,0.00094,74.125.200.0-255,5738,97208,96,318671
39689,0.000943,172.31.47.0-255,66,97274,96,318671
39690,0.000957,74.125.200.0-255,3339,100613,96,318671
39691,0.000959,172.31.47.0-255,66,100679,96,318671
39692,0.000962,74.125.200.0-255,1484,102163,96,318671
39693,0.001007,74.125.200.0-255,2902,105065,96,318671
39694,0.001011,172.31.47.0-255,66,105131,96,318671
39695,0.001024,74.125.200.0-255,7156,112287,96,318671
39696,0.001027,172.31.47.0-255,66,112353,96,318671
39697,0.00103,74.125.200.0-255,1484,113837,96,318671
39698,0.001065,172.31.47.0-255,66,113903,96,318671
39699,0.001071,74.125.200.0-255,2184,116087,96,318671
39700,0.001073,172.31.47.0-255,66,116153,96,318671
39701,0.00122,74.125.200.0-255,1484,117637,96,318671
39702,0.001237,74.125.200.0-255,2902,120539,96,318671
39703,0.00124,172.31.47.0-255,66,120605,96,318671
39704,0.001269,74.125.200.0-255,4320,124925,96,318671
39705,0.001272,172.31.47.0-255,66,124991,96,318671
39706,0.001288,74.125.200.0-255,1484,126475,96,318671
39707,0.001301,74.125.200.0-255,4320,130795,96,318671
39708,0.001303,172.31.47.0-255,66,130861,96,318671
39709,0.001326,74.125.200.0-255,5738,136599,96,318671
39710,0.001328,172.31.47.0-255,66,136665,96,318671
39711,0.001353,74.125.200.0-255,7156,143821,96,318671
39712,0.001356,172.31.47.0-255,66,143887,96,318671
39713,0.001374,74.125.200.0-255,4320,148207,96,318671
39714,0.001377,172.31.47.0-255,66,148273,96,318671
39715,0.00138,74.125.200.0-255,1484,149757,96,318671
39716,0.001395,74.125.200.0-255,766,150523,96,318671
39717,0.001398,172.31.47.0-255,66,150589,96,318671
39718,0.001525,74.125.200.0-255,1484,152073,96,318671
39719,0.001531,74.125.200.0-255,2902,154975,96,318671
39720,0.001534,172.31.47.0-255,66,155041,96,318671
39721,0.001541,74.125.200.0-255,5738,160779,96,318671
39722,0.001543,172.31.47.0-255,66,160845,96,318671
39723,0.001557,74.125.200.0-255,1484,162329,96,318671
39724,0.001584,74.125.200.0-255,1484,163813,96,318671
39725,0.001587,172.31.47.0-255,66,163879,96,318671
39726,0.001604,74.125.200.0-255,1484,165363,96,318671
39727,0.001611,74.125.200.0-255,5738,171101,96,318671
39728,0.001613,172.31.47.0-255,66,171167,96,318671
39729,0.001628,74.125.200.0-255,2902,174069,96,318671
39730,0.00163,172.31.47.0-255,66,174135,96,318671
39731,0.001646,74.125.200.0-255,4320,178455,96,318671
39732,0.00165,172.31.47.0-255,66,178521,96,318671
39733,0.00168,74.125.200.0-255,4320,182841,96,318671
39734,0.001684,172.31.47.0-255,66,182907,96,318671
39735,0.001692,172.31.47.0-255,66,182973,96,318671
39736,0.001697,74.125.200.0-255,4320,187293,96,318671
39737,0.0017,172.31.47.0-255,66,187359,96,318671
39738,0.001734,172.31.47.0-255,66,187425,96,318671
39739,0.001764,74.125.200.0-255,2902,190327,96,318671
39740,0.001767,172.31.47.0-255,66,190393,96,318671
39741,0.00179,74.125.200.0-255,6438,196831,96,318671
39742,0.001793,172.31.47.0-255,66,196897,96,318671
39743,0.001831,74.125.200.0-255,2902,199799,96,318671
39744,0.001834,172.31.47.0-255,66,199865,96,318671
39745,0.001862,74.125.200.0-255,7156,207021,96,318671
39746,0.001865,172.31.47.0-255,66,207087,96,318671
39747,0.001876,74.125.200.0-255,4320,211407,96,318671
39748,0.001878,172.31.47.0-255,66,211473,96,318671
39749,0.001894,172.31.47.0-255,66,211539,96,318671
39750,0.001899,74.125.200.0-255,3602,215141,96,318671
39751,0.001901,172.31.47.0-255,66,215207,96,318671
39752,0.001924,74.125.200.0-255,1484,216691,96,318671
39753,0.001955,172.31.47.0-255,66,216757,96,318671
39754,0.001985,172.31.47.0-255,66,216823,96,318671
39755,0.001989,74.125.200.0-255,2902,219725,96,318671
39756,0.001992,172.31.47.0-255,66,219791,96,318671
39757,0.002034,74.125.200.0-255,4320,224111,96,318671
39758,0.002038,172.31.47.0-255,66,224177,96,318671
39759,0.002071,74.125.200.0-255,1484,225661,96,318671
39760,0.002077,172.31.47.0-255,66,225727,96,318671
39761,0.002098,172.31.47.0-255,66,225793,96,318671
39762,0.00212,74.125.200.0-255,1484,227277,96,318671
39763,0.004131,74.125.200.0-255,4320,231597,96,318671
39764,0.004147,172.31.47.0-255,66,231663,96,318671
39765,0.006244,74.125.200.0-255,5738,237401,96,318671
39766,0.006265,172.31.47.0-255,66,237467,96,318671
39767,0.008304,74.125.200.0-255,2902,240369,96,318671
39768,0.008312,172.31.47.0-255,66,240435,96,318671
39769,0.008332,74.125.200.0-255,2902,243337,96,318671
39770,0.008334,172.31.47.0-255,66,243403,96,318671
39771,0.010331,74.125.200.0-255,2902,246305,96,318671
39772,0.010339,172.31.47.0-255,66,246371,96,318671
39773,0.01036,74.125.200.0-255,2902,249273,96,318671
39774,0.010363,172.31.47.0-255,66,249339,96,318671
39775,0.012357,74.125.200.0-255,2902,252241,96,318671
39776,0.012361,172.31.47.0-255,66,252307,96,318671
39777,0.012377,74.125.200.0-255,2902,255209,96,318671
39778,0.01238,172.31.47.0-255,66,255275,96,318671
39779,0.014383,74.125.200.0-255,2902,258177,96,318671
39780,0.01439,172.31.47.0-255,66,258243,96,318671
39781,0.014411,74.125.200.0-255,2902,261145,96,318671
39782,0.014413,172.31.47.0-255,66,261211,96,318671
39783,0.016428,74.125.200.0-255,2902,264113,96,318671
39784,0.016444,172.31.47.0-255,66,264179,96,318671
39785,0.016473,74.125.200.0-255,2902,267081,96,318671
39786,0.016476,172.31.47.0-255,66,267147,96,318671
39787,0.018475,74.125.200.0-255,2902,270049,96,318671
39788,0.01849,172.31.47.0-255,66,270115,96,318671
39789,0.018512,74.125.200.0-255,2902,273017,96,318671
39790,0.018515,172.31.47.0-255,66,273083,96,318671
39791,0.020529,74.125.200.0-255,5738,278821,96,318671
39792,0.020537,172.31.47.0-255,66,278887,96,318671
39793,0.022577,74.125.200.0-255,5738,284625,96,318671
39794,0.022585,172.31.47.0-255,66,284691,96,318671
39795,0.024626,74.125.200.0-255,5738,290429,96,318671
39796,0.024633,172.31.47.0-255,66,290495,96,318671
39797,0.026648,74.125.200.0-255,4320,294815,96,318671
39798,0.026655,172.31.47.0-255,66,294881,96,318671
39799,0.026674,74.125.200.0-255,1484,296365,96,318671
39800,0.028684,74.125.200.0-255,4320,300685,96,318671
39801,0.02869,172.31.47.0-255,66,300751,96,318671
39802,0.030714,74.125.200.0-255,5738,306489,96,318671
39803,0.030726,172.31.47.0-255,66,306555,96,318671
39804,0.032756,74.125.200.0-255,5738,312293,96,318671
39805,0.032762,172.31.47.0-255,66,312359,96,318671
39806,0.034832,74.125.200.0-255,1780,314139,96,318671
39807,0.034843,172.31.47.0-255,66,314205,96,318671
39808,0.035032,172.31.47.0-255,105,314310,96,318671
39809,0.037049,74.125.200.0-255,66,314376,96,318671
39810,0.039214,172.31.47.0-255,172,314548,96,318671
39811,0.039244,172.31.47.0-255,1104,315652,96,318671
39812,0.039303,172.31.47.0-255,1514,317166,96,318671
39813,0.039304,172.31.47.0-255,1307,318473,96,318671
39814,0.040749,104.244.42.0-255,66,318539,96,318671
39815,0.040796,104.244.42.0-255,66,318605,96,318671
39816,0.040889,104.244.42.0-255,66,318671,96,318671
39817,0.0,172.217.27.0-255,153,153,96,291092
39818,3.5e-05,172.31.47.0-255,66,219,96,291092
39819,4.1e-05,172.217.27.0-255,1484,1703,96,291092
39820,4.5e-05,172.31.47.0-255,66,1769,96,291092
39821,4.8e-05,172.217.27.0-255,1484,3253,96,291092
39822,5.1e-05,172.31.47.0-255,66,3319,96,291092
39823,5.5e-05,172.217.27.0-255,2902,6221,96,291092
39824,5.8e-05,172.31.47.0-255,66,6287,96,291092
39825,6.4e-05,172.217.27.0-255,5738,12025,96,291092
39826,6.8e-05,172.31.47.0-255,66,12091,96,291092
39827,7.1e-05,172.217.27.0-255,2046,14137,96,291092
39828,7.4e-05,172.31.47.0-255,66,14203,96,291092
39829,0.000131,172.217.27.0-255,1484,15687,96,291092
39830,0.000135,172.31.47.0-255,66,15753,96,291092
39831,0.000141,172.217.27.0-255,2902,18655,96,291092
39832,0.000145,172.31.47.0-255,66,18721,96,291092
39833,0.00015,172.217.27.0-255,5738,24459,96,291092
39834,0.000154,172.31.47.0-255,66,24525,96,291092
39835,0.000188,172.217.27.0-255,6797,31322,96,291092
39836,0.000192,172.31.47.0-255,66,31388,96,291092
39837,0.000195,172.217.27.0-255,1484,32872,96,291092
39838,0.000196,172.31.47.0-255,66,32938,96,291092
39839,0.000216,172.217.27.0-255,5738,38676,96,291092
39840,0.00022,172.31.47.0-255,66,38742,96,291092
39841,0.000231,172.31.47.0-255,66,38808,96,291092
39842,0.000251,172.217.27.0-255,1125,39933,96,291092
39843,0.000253,172.31.47.0-255,66,39999,96,291092
39844,0.000817,172.217.27.0-255,1484,41483,96,291092
39845,0.000822,172.31.47.0-255,66,41549,96,291092
39846,0.00083,172.217.27.0-255,2902,44451,96,291092
39847,0.000832,172.31.47.0-255,66,44517,96,291092
39848,0.000837,172.217.27.0-255,2902,47419,96,291092
39849,0.000839,172.31.47.0-255,66,47485,96,291092
39850,0.00087,172.217.27.0-255,1484,48969,96,291092
39851,0.000882,172.31.47.0-255,66,49035,96,291092
39852,0.00097,172.217.27.0-255,350,49385,96,291092
39853,0.001068,172.31.47.0-255,66,49451,96,291092
39854,0.001082,172.217.27.0-255,1484,50935,96,291092
39855,0.001087,172.217.27.0-255,2902,53837,96,291092
39856,0.001089,172.31.47.0-255,66,53903,96,291092
39857,0.001092,172.217.27.0-255,1484,55387,96,291092
39858,0.001113,172.217.27.0-255,4320,59707,96,291092
39859,0.001115,172.31.47.0-255,66,59773,96,291092
39860,0.001126,172.217.27.0-255,1484,61257,96,291092
39861,0.001146,172.217.27.0-255,5379,66636,96,291092
39862,0.00115,172.31.47.0-255,66,66702,96,291092
39863,0.001182,172.217.27.0-255,4320,71022,96,291092
39864,0.001185,172.31.47.0-255,66,71088,96,291092
39865,0.001203,172.217.27.0-255,2902,73990,96,291092
39866,0.001205,172.31.47.0-255,66,74056,96,291092
39867,0.00121,172.217.27.0-255,4320,78376,96,291092
39868,0.001211,172.31.47.0-255,66,78442,96,291092
39869,0.001235,172.217.27.0-255,5379,83821,96,291092
39870,0.001238,172.31.47.0-255,66,83887,96,291092
39871,0.002879,172.217.27.0-255,5738,89625,96,291092
39872,0.002892,172.31.47.0-255,66,89691,96,291092
39873,0.004528,172.217.27.0-255,5738,95429,96,291092
39874,0.004535,172.31.47.0-255,66,95495,96,291092
39875,0.006173,172.217.27.0-255,5738,101233,96,291092
39876,0.006179,172.31.47.0-255,66,101299,96,291092
39877,0.007806,172.217.27.0-255,5738,107037,96,291092
39878,0.007811,172.31.47.0-255,66,107103,96,291092
39879,0.009439,172.217.27.0-255,5738,112841,96,291092
39880,0.009446,172.31.47.0-255,66,112907,96,291092
39881,0.011102,172.217.27.0-255,5738,118645,96,291092
39882,0.011108,172.31.47.0-255,66,118711,96,291092
39883,0.012748,172.217.27.0-255,5738,124449,96,291092
39884,0.012757,172.31.47.0-255,66,124515,96,291092
39885,0.014411,172.217.27.0-255,5738,130253,96,291092
39886,0.01442,172.31.47.0-255,66,130319,96,291092
39887,0.01606,172.217.27.0-255,5738,136057,96,291092
39888,0.016067,172.31.47.0-255,66,136123,96,291092
39889,0.017697,172.217.27.0-255,5738,141861,96,291092
39890,0.017703,172.31.47.0-255,66,141927,96,291092
39891,0.019329,172.217.27.0-255,5738,147665,96,291092
39892,0.019333,172.31.47.0-255,66,147731,96,291092
39893,0.020954,172.217.27.0-255,5738,153469,96,291092
39894,0.020959,172.31.47.0-255,66,153535,96,291092
39895,0.022446,172.31.47.0-255,172,153707,96,291092
39896,0.022474,172.31.47.0-255,1110,154817,96,291092
39897,0.022526,172.31.47.0-255,1514,156331,96,291092
39898,0.022527,172.31.47.0-255,1301,157632,96,291092
39899,0.022593,172.217.27.0-255,5738,163370,96,291092
39900,0.022597,172.31.47.0-255,66,163436,96,291092
39901,0.024048,104.244.42.0-255,66,163502,96,291092
39902,0.024066,104.244.42.0-255,66,163568,96,291092
39903,0.024084,104.244.42.0-255,66,163634,96,291092
39904,0.024239,172.217.27.0-255,5738,169372,96,291092
39905,0.024244,172.31.47.0-255,66,169438,96,291092
39906,0.025872,172.217.27.0-255,5738,175176,96,291092
39907,0.025881,172.31.47.0-255,66,175242,96,291092
39908,0.027504,172.217.27.0-255,5738,180980,96,291092
39909,0.027509,172.31.47.0-255,66,181046,96,291092
39910,0.029126,172.217.27.0-255,2902,183948,96,291092
39911,0.029131,172.31.47.0-255,66,184014,96,291092
39912,0.029155,172.217.27.0-255,2902,186916,96,291092
39913,0.029157,172.31.47.0-255,66,186982,96,291092
39914,0.030757,172.217.27.0-255,2902,189884,96,291092
39915,0.030761,172.31.47.0-255,66,189950,96,291092
39916,0.030787,172.217.27.0-255,2902,192852,96,291092
39917,0.03079,172.31.47.0-255,66,192918,96,291092
39918,0.03238,172.217.27.0-255,2902,195820,96,291092
39919,0.032384,172.31.47.0-255,66,195886,96,291092
39920,0.032411,172.217.27.0-255,2902,198788,96,291092
39921,0.032414,172.31.47.0-255,66,198854,96,291092
39922,0.03401,172.217.27.0-255,2902,201756,96,291092
39923,0.034016,172.31.47.0-255,66,201822,96,291092
39924,0.034044,172.217.27.0-255,2902,204724,96,291092
39925,0.034046,172.31.47.0-255,66,204790,96,291092
39926,0.035646,172.217.27.0-255,2902,207692,96,291092
39927,0.035651,172.31.47.0-255,66,207758,96,291092
39928,0.035679,172.217.27.0-255,2902,210660,96,291092
39929,0.035682,172.31.47.0-255,66,210726,96,291092
39930,0.037273,172.217.27.0-255,2902,213628,96,291092
39931,0.037279,172.31.47.0-255,66,213694,96,291092
39932,0.037308,172.217.27.0-255,2902,216596,96,291092
39933,0.037311,172.31.47.0-255,66,216662,96,291092
39934,0.038904,172.217.27.0-255,2902,219564,96,291092
39935,0.038909,172.31.47.0-255,66,219630,96,291092
39936,0.038934,172.217.27.0-255,2902,222532,96,291092
39937,0.038936,172.31.47.0-255,66,222598,96,291092
39938,0.040553,172.217.27.0-255,5738,228336,96,291092
39939,0.040561,172.31.47.0-255,66,228402,96,291092
39940,0.042197,172.217.27.0-255,5738,234140,96,291092
39941,0.042202,172.31.47.0-255,66,234206,96,291092
39942,0.043831,172.217.27.0-255,5738,239944,96,291092
39943,0.043837,172.31.47.0-255,66,240010,96,291092
39944,0.045472,172.217.27.0-255,5738,245748,96,291092
39945,0.045477,172.31.47.0-255,66,245814,96,291092
39946,0.04711,172.217.27.0-255,5738,251552,96,291092
39947,0.047116,172.31.47.0-255,66,251618,96,291092
39948,0.048738,172.217.27.0-255,4320,255938,96,291092
39949,0.048743,172.31.47.0-255,66,256004,96,291092
39950,0.048769,172.217.27.0-255,1484,257488,96,291092
39951,0.050371,172.217.27.0-255,4320,261808,96,291092
39952,0.050375,172.31.47.0-255,66,261874,96,291092
39953,0.051997,172.217.27.0-255,5738,267612,96,291092
39954,0.052002,172.31.47.0-255,66,267678,96,291092
39955,0.053633,172.217.27.0-255,5738,273416,96,291092
39956,0.053638,172.31.47.0-255,66,273482,96,291092
39957,0.055289,172.217.27.0-255,5738,279220,96,291092
39958,0.055294,172.31.47.0-255,66,279286,96,291092
39959,0.056921,172.217.27.0-255,2902,282188,96,291092
39960,0.056927,172.31.47.0-255,66,282254,96,291092
39961,0.056952,172.217.27.0-255,2902,285156,96,291092
39962,0.056955,172.31.47.0-255,66,285222,96,291092
39963,0.058546,172.217.27.0-255,1484,286706,96,291092
39964,0.058584,172.217.27.0-255,4320,291026,96,291092
39965,0.058589,172.31.47.0-255,66,291092,96,291092
39966,0.0,74.125.68.0-255,153,153,96,397639
39967,2.9e-05,172.31.47.0-255,66,219,96,397639
39968,6e-05,74.125.68.0-255,1484,1703,96,397639
39969,6.5e-05,172.31.47.0-255,66,1769,96,397639
39970,7e-05,74.125.68.0-255,2902,4671,96,397639
39971,7.3e-05,172.31.47.0-255,66,4737,96,397639
39972,8.3e-05,74.125.68.0-255,5738,10475,96,397639
39973,8.6e-05,172.31.47.0-255,66,10541,96,397639
39974,9.2e-05,74.125.68.0-255,4919,15460,96,397639
39975,9.5e-05,172.31.47.0-255,66,15526,96,397639
39976,9.8e-05,74.125.68.0-255,2902,18428,96,397639
39977,0.000101,172.31.47.0-255,66,18494,96,397639
39978,0.000125,74.125.68.0-255,2902,21396,96,397639
39979,0.000133,172.31.47.0-255,66,21462,96,397639
39980,0.000138,74.125.68.0-255,2902,24364,96,397639
39981,0.00014,172.31.47.0-255,66,24430,96,397639
39982,0.000175,74.125.68.0-255,6797,31227,96,397639
39983,0.000178,172.31.47.0-255,66,31293,96,397639
39984,0.000201,74.125.68.0-255,1484,32777,96,397639
39985,0.000204,172.31.47.0-255,66,32843,96,397639
39986,0.000209,74.125.68.0-255,2902,35745,96,397639
39987,0.000211,172.31.47.0-255,66,35811,96,397639
39988,0.000214,74.125.68.0-255,1484,37295,96,397639
39989,0.00022,172.31.47.0-255,66,37361,96,397639
39990,0.00025,74.125.68.0-255,4320,41681,96,397639
39991,0.000253,172.31.47.0-255,66,41747,96,397639
39992,0.000259,74.125.68.0-255,4320,46067,96,397639
39993,0.000261,172.31.47.0-255,66,46133,96,397639
39994,0.000296,74.125.68.0-255,2543,48676,96,397639
39995,0.000299,172.31.47.0-255,66,48742,96,397639
39996,0.000334,74.125.68.0-255,1484,50226,96,397639
39997,0.000337,172.31.47.0-255,66,50292,96,397639
39998,0.000363,74.125.68.0-255,2902,53194,96,397639
39999,0.000368,172.31.47.0-255,66,53260,96,397639
40000,0.000396,74.125.68.0-255,5738,58998,96,397639
40001,0.0004,74.125.68.0-255,2902,61900,96,397639
40002,0.000402,172.31.47.0-255,66,61966,96,397639
40003,0.000406,172.31.47.0-255,66,62032,96,397639
40004,0.000431,74.125.68.0-255,1484,63516,96,397639
40005,0.000459,74.125.68.0-255,2543,66059,96,397639
40006,0.000464,172.31.47.0-255,66,66125,96,397639
40007,0.000467,74.125.68.0-255,359,66484,96,397639
40008,0.000499,74.125.68.0-255,1484,67968,96,397639
40009,0.000502,172.31.47.0-255,66,68034,96,397639
40010,0.00052,74.125.68.0-255,2902,70936,96,397639
40011,0.000523,172.31.47.0-255,66,71002,96,397639
40012,0.000553,74.125.68.0-255,5738,76740,96,397639
40013,0.000557,172.31.47.0-255,66,76806,96,397639
40014,0.000561,74.125.68.0-255,2902,79708,96,397639
40015,0.000563,172.31.47.0-255,66,79774,96,397639
40016,0.000599,74.125.68.0-255,1484,81258,96,397639
40017,0.000601,172.31.47.0-255,66,81324,96,397639
40018,0.000629,74.125.68.0-255,5738,87062,96,397639
40019,0.000633,172.31.47.0-255,66,87128,96,397639
40020,0.000661,74.125.68.0-255,2543,89671,96,397639
40021,0.000664,172.31.47.0-255,66,89737,96,397639
40022,0.000744,74.125.68.0-255,1484,91221,96,397639
40023,0.000764,74.125.68.0-255,2902,94123,96,397639
40024,0.000768,172.31.47.0-255,66,94189,96,397639
40025,0.000773,74.125.68.0-255,4320,98509,96,397639
40026,0.000775,172.31.47.0-255,66,98575,96,397639
40027,0.000794,74.125.68.0-255,1484,100059,96,397639
40028,0.000819,74.125.68.0-255,5738,105797,96,397639
40029,0.000822,172.31.47.0-255,66,105863,96,397639
40030,0.000849,74.125.68.0-255,2902,108765,96,397639
40031,0.000852,172.31.47.0-255,66,108831,96,397639
40032,0.000878,74.125.68.0-255,2529,111360,96,397639
40033,0.000882,172.31.47.0-255,66,111426,96,397639
40034,0.000888,74.125.68.0-255,5738,117164,96,397639
40035,0.00089,172.31.47.0-255,66,117230,96,397639
40036,0.000923,74.125.68.0-255,5787,123017,96,397639
40037,0.000927,172.31.47.0-255,66,123083,96,397639
40038,0.001221,74.125.68.0-255,1484,124567,96,397639
40039,0.001224,74.125.68.0-255,1484,126051,96,397639
40040,0.001227,172.31.47.0-255,66,126117,96,397639
40041,0.001252,74.125.68.0-255,1484,127601,96,397639
40042,0.001254,74.125.68.0-255,1484,129085,96,397639
40043,0.001256,172.31.47.0-255,66,129151,96,397639
40044,0.00126,74.125.68.0-255,2902,132053,96,397639
40045,0.001262,172.31.47.0-255,66,132119,96,397639
40046,0.001267,74.125.68.0-255,5738,137857,96,397639
40047,0.001274,172.31.47.0-255,66,137923,96,397639
40048,0.001277,74.125.68.0-255,1484,139407,96,397639
40049,0.00131,74.125.68.0-255,2543,141950,96,397639
40050,0.001313,172.31.47.0-255,66,142016,96,397639
40051,0.001318,74.125.68.0-255,4320,146336,96,397639
40052,0.001319,172.31.47.0-255,66,146402,96,397639
40053,0.001323,74.125.68.0-255,2902,149304,96,397639
40054,0.001325,172.31.47.0-255,66,149370,96,397639
40055,0.001361,74.125.68.0-255,7156,156526,96,397639
40056,0.001365,74.125.68.0-255,4320,160846,96,397639
40057,0.001365,172.31.47.0-255,66,160912,96,397639
40058,0.001368,172.31.47.0-255,66,160978,96,397639
40059,0.0014,172.31.47.0-255,66,161044,96,397639
40060,0.001425,74.125.68.0-255,5020,166064,96,397639
40061,0.001427,172.31.47.0-255,66,166130,96,397639
40062,0.001513,74.125.68.0-255,1484,167614,96,397639
40063,0.00153,74.125.68.0-255,2902,170516,96,397639
40064,0.001533,172.31.47.0-255,66,170582,96,397639
40065,0.001548,74.125.68.0-255,1484,172066,96,397639
40066,0.00156,74.125.68.0-255,2902,174968,96,397639
40067,0.001562,172.31.47.0-255,66,175034,96,397639
40068,0.001583,74.125.68.0-255,2902,177936,96,397639
40069,0.001586,172.31.47.0-255,66,178002,96,397639
40070,0.001609,74.125.68.0-255,2902,180904,96,397639
40071,0.001612,172.31.47.0-255,66,180970,96,397639
40072,0.001617,74.125.68.0-255,5738,186708,96,397639
40073,0.001619,172.31.47.0-255,66,186774,96,397639
40074,0.00164,74.125.68.0-255,1484,188258,96,397639
40075,0.001643,74.125.68.0-255,2902,191160,96,397639
40076,0.001645,172.31.47.0-255,66,191226,96,397639
40077,0.001669,74.125.68.0-255,4320,195546,96,397639
40078,0.001671,172.31.47.0-255,66,195612,96,397639
40079,0.001707,74.125.68.0-255,1484,197096,96,397639
40080,0.001725,74.125.68.0-255,3602,200698,96,397639
40081,0.001727,172.31.47.0-255,66,200764,96,397639
40082,0.001821,74.125.68.0-255,1484,202248,96,397639
40083,0.001834,74.125.68.0-255,1484,203732,96,397639
40084,0.001837,172.31.47.0-255,66,203798,96,397639
40085,0.001842,74.125.68.0-255,2902,206700,96,397639
40086,0.001843,172.31.47.0-255,66,206766,96,397639
40087,0.001846,74.125.68.0-255,1484,208250,96,397639
40088,0.001874,74.125.68.0-255,4320,212570,96,397639
40089,0.001876,172.31.47.0-255,66,212636,96,397639
40090,0.0019,74.125.68.0-255,5379,218015,96,397639
40091,0.001903,172.31.47.0-255,66,218081,96,397639
40092,0.001929,74.125.68.0-255,5738,223819,96,397639
40093,0.001932,172.31.47.0-255,66,223885,96,397639
40094,0.001935,74.125.68.0-255,1484,225369,96,397639
40095,0.001955,74.125.68.0-255,4320,229689,96,397639
40096,0.001957,172.31.47.0-255,66,229755,96,397639
40097,0.002006,74.125.68.0-255,5738,235493,96,397639
40098,0.002009,172.31.47.0-255,66,235559,96,397639
40099,0.002034,74.125.68.0-255,1484,237043,96,397639
40100,0.002047,172.31.47.0-255,66,237109,96,397639
40101,0.002052,74.125.68.0-255,3602,240711,96,397639
40102,0.002053,172.31.47.0-255,66,240777,96,397639
40103,0.002233,74.125.68.0-255,1484,242261,96,397639
40104,0.002248,74.125.68.0-255,2902,245163,96,397639
40105,0.002251,172.31.47.0-255,66,245229,96,397639
40106,0.002279,74.125.68.0-255,5738,250967,96,397639
40107,0.002282,172.31.47.0-255,66,251033,96,397639
40108,0.002288,74.125.68.0-255,4320,255353,96,397639
40109,0.00229,172.31.47.0-255,66,255419,96,397639
40110,0.002311,74.125.68.0-255,2902,258321,96,397639
40111,0.002312,172.31.47.0-255,66,258387,96,397639
40112,0.002334,74.125.68.0-255,2902,261289,96,397639
40113,0.002336,172.31.47.0-255,66,261355,96,397639
40114,0.002342,74.125.68.0-255,5738,267093,96,397639
40115,0.002343,172.31.47.0-255,66,267159,96,397639
40116,0.002378,74.125.68.0-255,7156,274315,96,397639
40117,0.002381,172.31.47.0-255,66,274381,96,397639
40118,0.002383,74.125.68.0-255,766,275147,96,397639
40119,0.002408,74.125.68.0-255,1484,276631,96,397639
40120,0.00241,172.31.47.0-255,66,276697,96,397639
40121,0.002452,74.125.68.0-255,4320,281017,96,397639
40122,0.002455,172.31.47.0-255,66,281083,96,397639
40123,0.002457,74.125.68.0-255,1484,282567,96,397639
40124,0.002461,74.125.68.0-255,2902,285469,96,397639
40125,0.002462,172.31.47.0-255,66,285535,96,397639
40126,0.002466,74.125.68.0-255,2902,288437,96,397639
40127,0.002472,172.31.47.0-255,66,288503,96,397639
40128,0.002488,74.125.68.0-255,2902,291405,96,397639
40129,0.002489,172.31.47.0-255,66,291471,96,397639
40130,0.002495,74.125.68.0-255,5738,297209,96,397639
40131,0.002501,172.31.47.0-255,66,297275,96,397639
40132,0.002522,74.125.68.0-255,5738,303013,96,397639
40133,0.002525,172.31.47.0-255,66,303079,96,397639
40134,0.002545,74.125.68.0-255,1484,304563,96,397639
40135,0.00255,74.125.68.0-255,5020,309583,96,397639
40136,0.002553,172.31.47.0-255,66,309649,96,397639
40137,0.002595,74.125.68.0-255,1484,311133,96,397639
40138,0.002606,74.125.68.0-255,2902,314035,96,397639
40139,0.002608,172.31.47.0-255,66,314101,96,397639
40140,0.002616,74.125.68.0-255,1484,315585,96,397639
40141,0.005149,74.125.68.0-255,4320,319905,96,397639
40142,0.005154,172.31.47.0-255,66,319971,96,397639
40143,0.007702,74.125.68.0-255,5738,325709,96,397639
40144,0.007708,172.31.47.0-255,66,325775,96,397639
40145,0.010252,74.125.68.0-255,5738,331513,96,397639
40146,0.010259,172.31.47.0-255,66,331579,96,397639
40147,0.012818,74.125.68.0-255,5738,337317,96,397639
40148,0.012824,172.31.47.0-255,66,337383,96,397639
40149,0.01537,74.125.68.0-255,5738,343121,96,397639
40150,0.015375,172.31.47.0-255,66,343187,96,397639
40151,0.017926,74.125.68.0-255,5738,348925,96,397639
40152,0.017934,172.31.47.0-255,66,348991,96,397639
40153,0.020503,74.125.68.0-255,5738,354729,96,397639
40154,0.020512,172.31.47.0-255,66,354795,96,397639
40155,0.023075,74.125.68.0-255,5738,360533,96,397639
40156,0.023082,172.31.47.0-255,66,360599,96,397639
40157,0.025645,74.125.68.0-255,4320,364919,96,397639
40158,0.025651,172.31.47.0-255,66,364985,96,397639
40159,0.025685,74.125.68.0-255,1484,366469,96,397639
40160,0.028233,74.125.68.0-255,4320,370789,96,397639
40161,0.028241,172.31.47.0-255,66,370855,96,397639
40162,0.030792,74.125.68.0-255,5738,376593,96,397639
40163,0.030797,172.31.47.0-255,66,376659,96,397639
40164,0.032015,172.31.47.0-255,172,376831,96,397639
40165,0.032043,172.31.47.0-255,1110,377941,96,397639
40166,0.032072,172.31.47.0-255,1514,379455,96,397639
40167,0.032074,172.31.47.0-255,1301,380756,96,397639
40168,0.033343,74.125.68.0-255,5738,386494,96,397639
40169,0.033351,172.31.47.0-255,66,386560,96,397639
40170,0.033547,104.244.42.0-255,66,386626,96,397639
40171,0.033593,104.244.42.0-255,66,386692,96,397639
40172,0.033635,104.244.42.0-255,66,386758,96,397639
40173,0.0359,74.125.68.0-255,5738,392496,96,397639
40174,0.035905,172.31.47.0-255,66,392562,96,397639
40175,0.03847,74.125.68.0-255,4840,397402,96,397639
40176,0.038476,172.31.47.0-255,66,397468,96,397639
40177,0.03865,172.31.47.0-255,105,397573,96,397639
40178,0.041173,74.125.68.0-255,66,397639,96,397639
40179,0.0,172.217.194.0-255,153,153,96,248605
40180,2.2e-05,172.31.47.0-255,66,219,96,248605
40181,2.9e-05,172.217.194.0-255,1484,1703,96,248605
40182,3.3e-05,172.31.47.0-255,66,1769,96,248605
40183,3.9e-05,172.217.194.0-255,2902,4671,96,248605
40184,4.9e-05,172.31.47.0-255,66,4737,96,248605
40185,5.6e-05,172.217.194.0-255,7156,11893,96,248605
40186,5.9e-05,172.31.47.0-255,66,11959,96,248605
40187,9.5e-05,172.31.47.0-255,66,12025,96,248605
40188,0.000107,172.31.47.0-255,66,12091,96,248605
40189,0.000272,172.217.194.0-255,1484,13575,96,248605
40190,0.000277,172.31.47.0-255,66,13641,96,248605
40191,0.000282,172.217.194.0-255,2902,16543,96,248605
40192,0.000284,172.31.47.0-255,66,16609,96,248605
40193,0.000314,172.217.194.0-255,5738,22347,96,248605
40194,0.000317,172.31.47.0-255,66,22413,96,248605
40195,0.000323,172.217.194.0-255,4320,26733,96,248605
40196,0.000325,172.31.47.0-255,66,26799,96,248605
40197,0.000347,172.217.194.0-255,2543,29342,96,248605
40198,0.000349,172.31.47.0-255,66,29408,96,248605
40199,0.000356,172.217.194.0-255,7156,36564,96,248605
40200,0.000359,172.31.47.0-255,66,36630,96,248605
40201,0.000393,172.31.47.0-255,66,36696,96,248605
40202,0.000396,172.217.194.0-255,364,37060,96,248605
40203,0.000398,172.31.47.0-255,66,37126,96,248605
40204,0.000499,172.217.194.0-255,1484,38610,96,248605
40205,0.000503,172.31.47.0-255,66,38676,96,248605
40206,0.000521,172.217.194.0-255,2902,41578,96,248605
40207,0.000523,172.31.47.0-255,66,41644,96,248605
40208,0.000548,172.217.194.0-255,5738,47382,96,248605
40209,0.000551,172.31.47.0-255,66,47448,96,248605
40210,0.000586,172.31.47.0-255,66,47514,96,248605
40211,0.000613,172.217.194.0-255,2543,50057,96,248605
40212,0.000615,172.31.47.0-255,66,50123,96,248605
40213,0.000628,172.31.47.0-255,66,50189,96,248605
40214,0.00063,172.217.194.0-255,1484,51673,96,248605
40215,0.000633,172.31.47.0-255,66,51739,96,248605
40216,0.000638,172.217.194.0-255,2902,54641,96,248605
40217,0.00064,172.31.47.0-255,66,54707,96,248605
40218,0.000676,172.217.194.0-255,5738,60445,96,248605
40219,0.000679,172.31.47.0-255,66,60511,96,248605
40220,0.000715,172.217.194.0-255,1484,61995,96,248605
40221,0.000738,172.217.194.0-255,2902,64897,96,248605
40222,0.000756,172.217.194.0-255,5020,69917,96,248605
40223,0.000778,172.217.194.0-255,4320,74237,96,248605
40224,0.00081,172.217.194.0-255,2902,77139,96,248605
40225,0.000831,172.217.194.0-255,2902,80041,96,248605
40226,0.000834,172.217.194.0-255,766,80807,96,248605
40227,0.000843,172.31.47.0-255,66,80873,96,248605
40228,0.000869,172.31.47.0-255,66,80939,96,248605
40229,0.000893,172.217.194.0-255,1484,82423,96,248605
40230,0.000895,172.217.194.0-255,1484,83907,96,248605
40231,0.000991,172.31.47.0-255,66,83973,96,248605
40232,0.00102,172.31.47.0-255,66,84039,96,248605
40233,0.001563,172.217.194.0-255,1484,85523,96,248605
40234,0.001569,172.217.194.0-255,2902,88425,96,248605
40235,0.001597,172.217.194.0-255,5738,94163,96,248605
40236,0.001603,172.217.194.0-255,5738,99901,96,248605
40237,0.00162,172.217.194.0-255,4320,104221,96,248605
40238,0.001624,172.31.47.0-255,66,104287,96,248605
40239,0.001648,172.217.194.0-255,7156,111443,96,248605
40240,0.001659,172.217.194.0-255,1484,112927,96,248605
40241,0.001665,172.217.194.0-255,5020,117947,96,248605
40242,0.001668,172.31.47.0-255,66,118013,96,248605
40243,0.001694,172.31.47.0-255,66,118079,96,248605
40244,0.00183,172.217.194.0-255,1484,119563,96,248605
40245,0.001836,172.217.194.0-255,2902,122465,96,248605
40246,0.001848,172.31.47.0-255,66,122531,96,248605
40247,0.00186,172.217.194.0-255,5738,128269,96,248605
40248,0.001869,172.217.194.0-255,4320,132589,96,248605
40249,0.001911,172.217.194.0-255,2902,135491,96,248605
40250,0.001925,172.217.194.0-255,4320,139811,96,248605
40251,0.001938,172.217.194.0-255,3602,143413,96,248605
40252,0.001999,172.217.194.0-255,1484,144897,96,248605
40253,0.002004,172.217.194.0-255,2902,147799,96,248605
40254,0.002019,172.217.194.0-255,2902,150701,96,248605
40255,0.002031,172.217.194.0-255,2902,153603,96,248605
40256,0.002044,172.217.194.0-255,5738,159341,96,248605
40257,0.002069,172.217.194.0-255,7156,166497,96,248605
40258,0.002076,172.217.194.0-255,7156,173653,96,248605
40259,0.00209,172.217.194.0-255,3602,177255,96,248605
40260,0.002251,172.217.194.0-255,1484,178739,96,248605
40261,0.002257,172.217.194.0-255,2902,181641,96,248605
40262,0.002276,172.217.194.0-255,4320,185961,96,248605
40263,0.002287,172.217.194.0-255,1484,187445,96,248605
40264,0.002324,172.217.194.0-255,5738,193183,96,248605
40265,0.00234,172.217.194.0-255,5020,198203,96,248605
40266,0.005664,172.31.47.0-255,66,198269,96,248605
40267,0.008008,172.217.194.0-255,5738,204007,96,248605
40268,0.008017,172.31.47.0-255,66,204073,96,248605
40269,0.010368,172.217.194.0-255,5738,209811,96,248605
40270,0.010374,172.31.47.0-255,66,209877,96,248605
40271,0.012704,172.217.194.0-255,5738,215615,96,248605
40272,0.012712,172.31.47.0-255,66,215681,96,248605
40273,0.015025,172.217.194.0-255,5738,221419,96,248605
40274,0.015034,172.31.47.0-255,66,221485,96,248605
40275,0.017421,172.217.194.0-255,4320,225805,96,248605
40276,0.01743,172.31.47.0-255,66,225871,96,248605
40277,0.017461,172.217.194.0-255,1484,227355,96,248605
40278,0.017465,172.31.47.0-255,66,227421,96,248605
40279,0.019814,172.217.194.0-255,5738,233159,96,248605
40280,0.019826,172.31.47.0-255,66,233225,96,248605
40281,0.02218,172.217.194.0-255,5738,238963,96,248605
40282,0.022188,172.31.47.0-255,66,239029,96,248605
40283,0.024528,172.217.194.0-255,5044,244073,96,248605
40284,0.024535,172.31.47.0-255,66,244139,96,248605
40285,0.02473,172.31.47.0-255,105,244244,96,248605
40286,0.027009,172.217.194.0-255,66,244310,96,248605
40287,0.033124,172.31.47.0-255,172,244482,96,248605
40288,0.033157,172.31.47.0-255,1105,245587,96,248605
40289,0.033269,172.31.47.0-255,1514,247101,96,248605
40290,0.033272,172.31.47.0-255,1306,248407,96,248605
40291,0.034683,104.244.42.0-255,66,248473,96,248605
40292,0.034718,104.244.42.0-255,66,248539,96,248605
40293,0.034821,104.244.42.0-255,66,248605,96,248605
40294,0.0,74.125.24.0-255,153,153,96,298541
40295,2.3e-05,172.31.47.0-255,66,219,96,298541
40296,2.9e-05,74.125.24.0-255,1484,1703,96,298541
40297,3.3e-05,172.31.47.0-255,66,1769,96,298541
40298,3.8e-05,74.125.24.0-255,2902,4671,96,298541
40299,4.1e-05,172.31.47.0-255,66,4737,96,298541
40300,4.8e-05,74.125.24.0-255,7156,11893,96,298541
40301,5e-05,172.31.47.0-255,66,11959,96,298541
40302,6.7e-05,74.125.24.0-255,2175,14134,96,298541
40303,6.9e-05,172.31.47.0-255,66,14200,96,298541
40304,0.000109,74.125.24.0-255,2902,17102,96,298541
40305,0.000112,172.31.47.0-255,66,17168,96,298541
40306,0.000116,74.125.24.0-255,2902,20070,96,298541
40307,0.000118,172.31.47.0-255,66,20136,96,298541
40308,0.000128,74.125.24.0-255,1484,21620,96,298541
40309,0.000131,172.31.47.0-255,66,21686,96,298541
40310,0.000154,74.125.24.0-255,5738,27424,96,298541
40311,0.000157,172.31.47.0-255,66,27490,96,298541
40312,0.000202,74.125.24.0-255,3961,31451,96,298541
40313,0.000204,172.31.47.0-255,66,31517,96,298541
40314,0.000237,74.125.24.0-255,4320,35837,96,298541
40315,0.00024,172.31.47.0-255,66,35903,96,298541
40316,0.000242,74.125.24.0-255,1484,37387,96,298541
40317,0.000244,172.31.47.0-255,66,37453,96,298541
40318,0.000262,74.125.24.0-255,4320,41773,96,298541
40319,0.000264,172.31.47.0-255,66,41839,96,298541
40320,0.000281,74.125.24.0-255,4320,46159,96,298541
40321,0.000284,172.31.47.0-255,66,46225,96,298541
40322,0.000312,172.31.47.0-255,66,46291,96,298541
40323,0.000321,172.31.47.0-255,66,46357,96,298541
40324,0.000345,74.125.24.0-255,2839,49196,96,298541
40325,0.000348,172.31.47.0-255,66,49262,96,298541
40326,0.000364,74.125.24.0-255,127,49389,96,298541
40327,0.000627,172.31.47.0-255,66,49455,96,298541
40328,0.000805,74.125.24.0-255,352,49807,96,298541
40329,0.000834,172.31.47.0-255,66,49873,96,298541
40330,0.001145,74.125.24.0-255,1484,51357,96,298541
40331,0.001154,74.125.24.0-255,2902,54259,96,298541
40332,0.001157,172.31.47.0-255,66,54325,96,298541
40333,0.001163,74.125.24.0-255,2902,57227,96,298541
40334,0.001164,172.31.47.0-255,66,57293,96,298541
40335,0.001177,74.125.24.0-255,2902,60195,96,298541
40336,0.001179,172.31.47.0-255,66,60261,96,298541
40337,0.001182,74.125.24.0-255,2902,63163,96,298541
40338,0.001184,172.31.47.0-255,66,63229,96,298541
40339,0.001196,74.125.24.0-255,4320,67549,96,298541
40340,0.001198,172.31.47.0-255,66,67615,96,298541
40341,0.00123,74.125.24.0-255,5738,73353,96,298541
40342,0.001232,172.31.47.0-255,66,73419,96,298541
40343,0.001242,172.31.47.0-255,66,73485,96,298541
40344,0.001244,74.125.24.0-255,1484,74969,96,298541
40345,0.001268,74.125.24.0-255,2902,77871,96,298541
40346,0.00127,172.31.47.0-255,66,77937,96,298541
40347,0.001275,74.125.24.0-255,4320,82257,96,298541
40348,0.001276,172.31.47.0-255,66,82323,96,298541
40349,0.001288,74.125.24.0-255,1484,83807,96,298541
40350,0.001292,74.125.24.0-255,2902,86709,96,298541
40351,0.001293,172.31.47.0-255,66,86775,96,298541
40352,0.001321,172.31.47.0-255,66,86841,96,298541
40353,0.00133,172.31.47.0-255,66,86907,96,298541
40354,0.001374,74.125.24.0-255,766,87673,96,298541
40355,0.001454,74.125.24.0-255,1484,89157,96,298541
40356,0.001457,172.31.47.0-255,66,89223,96,298541
40357,0.001462,74.125.24.0-255,2902,92125,96,298541
40358,0.001464,172.31.47.0-255,66,92191,96,298541
40359,0.001466,74.125.24.0-255,1484,93675,96,298541
40360,0.001485,74.125.24.0-255,4320,97995,96,298541
40361,0.001487,172.31.47.0-255,66,98061,96,298541
40362,0.001491,74.125.24.0-255,2902,100963,96,298541
40363,0.001492,172.31.47.0-255,66,101029,96,298541
40364,0.001524,172.31.47.0-255,66,101095,96,298541
40365,0.001529,74.125.24.0-255,7156,108251,96,298541
40366,0.001531,172.31.47.0-255,66,108317,96,298541
40367,0.001551,74.125.24.0-255,1484,109801,96,298541
40368,0.001573,172.31.47.0-255,66,109867,96,298541
40369,0.001607,172.31.47.0-255,66,109933,96,298541
40370,0.001613,172.31.47.0-255,66,109999,96,298541
40371,0.001618,74.125.24.0-255,5020,115019,96,298541
40372,0.00162,172.31.47.0-255,66,115085,96,298541
40373,0.001673,74.125.24.0-255,1484,116569,96,298541
40374,0.001677,74.125.24.0-255,2902,119471,96,298541
40375,0.00168,172.31.47.0-255,66,119537,96,298541
40376,0.001701,74.125.24.0-255,5738,125275,96,298541
40377,0.001704,172.31.47.0-255,66,125341,96,298541
40378,0.001719,74.125.24.0-255,5738,131079,96,298541
40379,0.001721,172.31.47.0-255,66,131145,96,298541
40380,0.001745,74.125.24.0-255,7156,138301,96,298541
40381,0.001748,172.31.47.0-255,66,138367,96,298541
40382,0.001752,74.125.24.0-255,4320,142687,96,298541
40383,0.001754,172.31.47.0-255,66,142753,96,298541
40384,0.001779,74.125.24.0-255,4320,147073,96,298541
40385,0.001781,172.31.47.0-255,66,147139,96,298541
40386,0.001793,74.125.24.0-255,2184,149323,96,298541
40387,0.001795,172.31.47.0-255,66,149389,96,298541
40388,0.001826,74.125.24.0-255,2902,152291,96,298541
40389,0.00183,172.31.47.0-255,66,152357,96,298541
40390,0.001848,74.125.24.0-255,2902,155259,96,298541
40391,0.00185,172.31.47.0-255,66,155325,96,298541
40392,0.001856,74.125.24.0-255,7156,162481,96,298541
40393,0.001857,172.31.47.0-255,66,162547,96,298541
40394,0.001904,172.31.47.0-255,66,162613,96,298541
40395,0.001919,74.125.24.0-255,4320,166933,96,298541
40396,0.001921,172.31.47.0-255,66,166999,96,298541
40397,0.001924,74.125.24.0-255,2902,169901,96,298541
40398,0.001926,172.31.47.0-255,66,169967,96,298541
40399,0.00195,74.125.24.0-255,3602,173569,96,298541
40400,0.001953,172.31.47.0-255,66,173635,96,298541
40401,0.001976,74.125.24.0-255,1484,175119,96,298541
40402,0.00199,74.125.24.0-255,2902,178021,96,298541
40403,0.001992,172.31.47.0-255,66,178087,96,298541
40404,0.002011,74.125.24.0-255,5738,183825,96,298541
40405,0.002014,172.31.47.0-255,66,183891,96,298541
40406,0.002037,172.31.47.0-255,66,183957,96,298541
40407,0.002054,74.125.24.0-255,1484,185441,96,298541
40408,0.002077,74.125.24.0-255,1484,186925,96,298541
40409,0.002079,172.31.47.0-255,66,186991,96,298541
40410,0.002093,74.125.24.0-255,5738,192729,96,298541
40411,0.002096,172.31.47.0-255,66,192795,96,298541
40412,0.002113,74.125.24.0-255,6438,199233,96,298541
40413,0.002115,172.31.47.0-255,66,199299,96,298541
40414,0.002221,74.125.24.0-255,1484,200783,96,298541
40415,0.002225,74.125.24.0-255,1484,202267,96,298541
40416,0.002227,172.31.47.0-255,66,202333,96,298541
40417,0.002245,74.125.24.0-255,1484,203817,96,298541
40418,0.002262,74.125.24.0-255,5738,209555,96,298541
40419,0.002264,172.31.47.0-255,66,209621,96,298541
40420,0.002309,74.125.24.0-255,2902,212523,96,298541
40421,0.002312,172.31.47.0-255,66,212589,96,298541
40422,0.002333,172.31.47.0-255,66,212655,96,298541
40423,0.002335,74.125.24.0-255,1484,214139,96,298541
40424,0.00234,74.125.24.0-255,4320,218459,96,298541
40425,0.002341,172.31.47.0-255,66,218525,96,298541
40426,0.002358,74.125.24.0-255,6438,224963,96,298541
40427,0.00236,172.31.47.0-255,66,225029,96,298541
40428,0.002428,74.125.24.0-255,1484,226513,96,298541
40429,0.002441,74.125.24.0-255,1484,227997,96,298541
40430,0.002443,172.31.47.0-255,66,228063,96,298541
40431,0.002462,74.125.24.0-255,4320,232383,96,298541
40432,0.002464,172.31.47.0-255,66,232449,96,298541
40433,0.002484,74.125.24.0-255,5738,238187,96,298541
40434,0.002486,172.31.47.0-255,66,238253,96,298541
40435,0.002506,74.125.24.0-255,4320,242573,96,298541
40436,0.002508,172.31.47.0-255,66,242639,96,298541
40437,0.002514,74.125.24.0-255,7156,249795,96,298541
40438,0.002515,172.31.47.0-255,66,249861,96,298541
40439,0.002525,172.31.47.0-255,66,249927,96,298541
40440,0.002527,74.125.24.0-255,1484,251411,96,298541
40441,0.002542,74.125.24.0-255,7156,258567,96,298541
40442,0.002546,172.31.47.0-255,66,258633,96,298541
40443,0.002558,74.125.24.0-255,2902,261535,96,298541
40444,0.00256,172.31.47.0-255,66,261601,96,298541
40445,0.002562,74.125.24.0-255,1484,263085,96,298541
40446,0.002564,74.125.24.0-255,1484,264569,96,298541
40447,0.002566,172.31.47.0-255,66,264635,96,298541
40448,0.002568,74.125.24.0-255,1484,266119,96,298541
40449,0.002592,74.125.24.0-255,2902,269021,96,298541
40450,0.002594,172.31.47.0-255,66,269087,96,298541
40451,0.002606,74.125.24.0-255,4320,273407,96,298541
40452,0.002608,172.31.47.0-255,66,273473,96,298541
40453,0.002626,74.125.24.0-255,5738,279211,96,298541
40454,0.002633,172.31.47.0-255,66,279277,96,298541
40455,0.002636,74.125.24.0-255,1484,280761,96,298541
40456,0.002653,74.125.24.0-255,3602,284363,96,298541
40457,0.002655,172.31.47.0-255,66,284429,96,298541
40458,0.002659,74.125.24.0-255,4320,288749,96,298541
40459,0.002661,172.31.47.0-255,66,288815,96,298541
40460,0.002676,74.125.24.0-255,1484,290299,96,298541
40461,0.00268,74.125.24.0-255,3539,293838,96,298541
40462,0.002682,172.31.47.0-255,66,293904,96,298541
40463,0.002684,74.125.24.0-255,105,294009,96,298541
40464,0.00463,172.31.47.0-255,66,294075,96,298541
40465,0.004685,172.31.47.0-255,105,294180,96,298541
40466,0.006879,74.125.24.0-255,66,294246,96,298541
40467,0.037863,172.31.47.0-255,172,294418,96,298541
40468,0.037896,172.31.47.0-255,1101,295519,96,298541
40469,0.037947,172.31.47.0-255,1514,297033,96,298541
40470,0.037949,172.31.47.0-255,1310,298343,96,298541
40471,0.039386,104.244.42.0-255,66,298409,96,298541
40472,0.039431,104.244.42.0-255,66,298475,96,298541
40473,0.039525,104.244.42.0-255,66,298541,96,298541
40474,0.0,172.217.194.0-255,146,146,96,268408
40475,2.9e-05,172.31.47.0-255,66,212,96,268408
40476,3.5e-05,172.217.194.0-255,1484,1696,96,268408
40477,3.8e-05,172.31.47.0-255,66,1762,96,268408
40478,4.2e-05,172.217.194.0-255,2902,4664,96,268408
40479,4.5e-05,172.31.47.0-255,66,4730,96,268408
40480,5.7e-05,172.217.194.0-255,1484,6214,96,268408
40481,5.9e-05,172.31.47.0-255,66,6280,96,268408
40482,7.3e-05,172.217.194.0-255,1484,7764,96,268408
40483,7.5e-05,172.31.47.0-255,66,7830,96,268408
40484,8.8e-05,172.217.194.0-255,1484,9314,96,268408
40485,9e-05,172.31.47.0-255,66,9380,96,268408
40486,0.000108,172.217.194.0-255,2902,12282,96,268408
40487,0.000111,172.31.47.0-255,66,12348,96,268408
40488,0.000127,172.217.194.0-255,2103,14451,96,268408
40489,0.000129,172.31.47.0-255,66,14517,96,268408
40490,0.000133,172.217.194.0-255,2902,17419,96,268408
40491,0.000135,172.31.47.0-255,66,17485,96,268408
40492,0.000155,172.217.194.0-255,2902,20387,96,268408
40493,0.000158,172.31.47.0-255,66,20453,96,268408
40494,0.000186,172.217.194.0-255,4320,24773,96,268408
40495,0.000188,172.31.47.0-255,66,24839,96,268408
40496,0.00021,172.217.194.0-255,6797,31636,96,268408
40497,0.000212,172.31.47.0-255,66,31702,96,268408
40498,0.000362,172.217.194.0-255,1484,33186,96,268408
40499,0.000366,172.31.47.0-255,66,33252,96,268408
40500,0.00037,172.217.194.0-255,2902,36154,96,268408
40501,0.000378,172.31.47.0-255,66,36220,96,268408
40502,0.000386,172.217.194.0-255,5738,41958,96,268408
40503,0.000389,172.31.47.0-255,66,42024,96,268408
40504,0.000417,172.217.194.0-255,4320,46344,96,268408
40505,0.00042,172.31.47.0-255,66,46410,96,268408
40506,0.000447,172.31.47.0-255,66,46476,96,268408
40507,0.000464,172.217.194.0-255,2902,49378,96,268408
40508,0.000466,172.31.47.0-255,66,49444,96,268408
40509,0.000494,172.217.194.0-255,7102,56546,96,268408
40510,0.000497,172.31.47.0-255,66,56612,96,268408
40511,0.0005,172.217.194.0-255,382,56994,96,268408
40512,0.000502,172.31.47.0-255,66,57060,96,268408
40513,0.00075,172.217.194.0-255,1484,58544,96,268408
40514,0.000754,172.31.47.0-255,66,58610,96,268408
40515,0.000761,172.217.194.0-255,2902,61512,96,268408
40516,0.000763,172.31.47.0-255,66,61578,96,268408
40517,0.000766,172.217.194.0-255,1484,63062,96,268408
40518,0.000767,172.31.47.0-255,66,63128,96,268408
40519,0.000793,172.217.194.0-255,4320,67448,96,268408
40520,0.000797,172.31.47.0-255,66,67514,96,268408
40521,0.000805,172.31.47.0-255,66,67580,96,268408
40522,0.000824,172.217.194.0-255,4320,71900,96,268408
40523,0.000827,172.31.47.0-255,66,71966,96,268408
40524,0.000837,172.31.47.0-255,66,72032,96,268408
40525,0.001135,172.217.194.0-255,1484,73516,96,268408
40526,0.00114,172.31.47.0-255,66,73582,96,268408
40527,0.001147,172.217.194.0-255,2902,76484,96,268408
40528,0.001149,172.31.47.0-255,66,76550,96,268408
40529,0.001153,172.217.194.0-255,4320,80870,96,268408
40530,0.001171,172.217.194.0-255,1484,82354,96,268408
40531,0.001175,172.217.194.0-255,4320,86674,96,268408
40532,0.001186,172.31.47.0-255,66,86740,96,268408
40533,0.001204,172.217.194.0-255,1484,88224,96,268408
40534,0.00121,172.217.194.0-255,7156,95380,96,268408
40535,0.001226,172.217.194.0-255,2902,98282,96,268408
40536,0.001263,172.217.194.0-255,2902,101184,96,268408
40537,0.001266,172.31.47.0-255,66,101250,96,268408
40538,0.00127,172.31.47.0-255,66,101316,96,268408
40539,0.001336,172.31.47.0-255,66,101382,96,268408
40540,0.001352,172.217.194.0-255,4320,105702,96,268408
40541,0.001368,172.31.47.0-255,66,105768,96,268408
40542,0.001398,172.217.194.0-255,7156,112924,96,268408
40543,0.001416,172.217.194.0-255,7156,120080,96,268408
40544,0.00142,172.31.47.0-255,66,120146,96,268408
40545,0.001439,172.217.194.0-255,4320,124466,96,268408
40546,0.001445,172.31.47.0-255,66,124532,96,268408
40547,0.001454,172.217.194.0-255,5738,130270,96,268408
40548,0.001457,172.31.47.0-255,66,130336,96,268408
40549,0.001463,172.217.194.0-255,766,131102,96,268408
40550,0.001559,172.217.194.0-255,1484,132586,96,268408
40551,0.001563,172.217.194.0-255,2902,135488,96,268408
40552,0.001596,172.31.47.0-255,66,135554,96,268408
40553,0.001618,172.217.194.0-255,5738,141292,96,268408
40554,0.001624,172.217.194.0-255,7156,148448,96,268408
40555,0.001634,172.31.47.0-255,66,148514,96,268408
40556,0.001644,172.217.194.0-255,5738,154252,96,268408
40557,0.001647,172.31.47.0-255,66,154318,96,268408
40558,0.00167,172.217.194.0-255,2184,156502,96,268408
40559,0.001684,172.31.47.0-255,66,156568,96,268408
40560,0.001718,172.217.194.0-255,1484,158052,96,268408
40561,0.00172,172.217.194.0-255,1484,159536,96,268408
40562,0.001725,172.31.47.0-255,66,159602,96,268408
40563,0.001739,172.217.194.0-255,1484,161086,96,268408
40564,0.001754,172.217.194.0-255,5738,166824,96,268408
40565,0.001757,172.217.194.0-255,2902,169726,96,268408
40566,0.001767,172.31.47.0-255,66,169792,96,268408
40567,0.001787,172.217.194.0-255,4320,174112,96,268408
40568,0.001792,172.217.194.0-255,4320,178432,96,268408
40569,0.001804,172.31.47.0-255,66,178498,96,268408
40570,0.001815,172.31.47.0-255,66,178564,96,268408
40571,0.001822,172.217.194.0-255,2184,180748,96,268408
40572,0.001848,172.31.47.0-255,66,180814,96,268408
40573,0.001877,172.31.47.0-255,66,180880,96,268408
40574,0.001885,172.217.194.0-255,2902,183782,96,268408
40575,0.001887,172.217.194.0-255,1484,185266,96,268408
40576,0.00191,172.31.47.0-255,66,185332,96,268408
40577,0.001914,172.31.47.0-255,66,185398,96,268408
40578,0.001939,172.31.47.0-255,66,185464,96,268408
40579,0.001957,172.217.194.0-255,5738,191202,96,268408
40580,0.001969,172.217.194.0-255,1484,192686,96,268408
40581,0.001976,172.217.194.0-255,7156,199842,96,268408
40582,0.001979,172.31.47.0-255,66,199908,96,268408
40583,0.001985,172.217.194.0-255,1484,201392,96,268408
40584,0.001995,172.217.194.0-255,2902,204294,96,268408
40585,0.002019,172.31.47.0-255,66,204360,96,268408
40586,0.002039,172.217.194.0-255,5738,210098,96,268408
40587,0.002053,172.217.194.0-255,2902,213000,96,268408
40588,0.002055,172.31.47.0-255,66,213066,96,268408
40589,0.002058,172.31.47.0-255,66,213132,96,268408
40590,0.002077,172.217.194.0-255,5020,218152,96,268408
40591,0.002079,172.217.194.0-255,1484,219636,96,268408
40592,0.002082,172.31.47.0-255,66,219702,96,268408
40593,0.002128,172.217.194.0-255,4320,224022,96,268408
40594,0.002132,172.31.47.0-255,66,224088,96,268408
40595,0.002145,172.217.194.0-255,3602,227690,96,268408
40596,0.002161,172.31.47.0-255,66,227756,96,268408
40597,0.002186,172.217.194.0-255,1484,229240,96,268408
40598,0.002191,172.217.194.0-255,2902,232142,96,268408
40599,0.002194,172.31.47.0-255,66,232208,96,268408
40600,0.002215,172.217.194.0-255,5738,237946,96,268408
40601,0.002218,172.217.194.0-255,2902,240848,96,268408
40602,0.002222,172.31.47.0-255,66,240914,96,268408
40603,0.002241,172.217.194.0-255,5738,246652,96,268408
40604,0.00228,172.31.47.0-255,66,246718,96,268408
40605,0.002287,172.217.194.0-255,2902,249620,96,268408
40606,0.002291,172.31.47.0-255,66,249686,96,268408
40607,0.002321,172.217.194.0-255,3602,253288,96,268408
40608,0.002325,172.31.47.0-255,66,253354,96,268408
40609,0.002411,172.217.194.0-255,1484,254838,96,268408
40610,0.002434,172.217.194.0-255,2902,257740,96,268408
40611,0.002438,172.217.194.0-255,4320,262060,96,268408
40612,0.002442,172.31.47.0-255,66,262126,96,268408
40613,0.002457,172.217.194.0-255,1482,263608,96,268408
40614,0.00246,172.217.194.0-255,97,263705,96,268408
40615,0.002478,172.31.47.0-255,66,263771,96,268408
40616,0.002509,172.217.194.0-255,105,263876,96,268408
40617,0.003863,172.31.47.0-255,66,263942,96,268408
40618,0.003894,172.31.47.0-255,105,264047,96,268408
40619,0.006365,172.217.194.0-255,66,264113,96,268408
40620,0.023942,172.31.47.0-255,172,264285,96,268408
40621,0.023977,172.31.47.0-255,1105,265390,96,268408
40622,0.024032,172.31.47.0-255,1514,266904,96,268408
40623,0.024034,172.31.47.0-255,1306,268210,96,268408
40624,0.02549,104.244.42.0-255,66,268276,96,268408
40625,0.025525,104.244.42.0-255,66,268342,96,268408
40626,0.025588,104.244.42.0-255,66,268408,96,268408
40627,0.0,74.125.24.0-255,298,298,96,290475
40628,1.7e-05,172.31.47.0-255,66,364,96,290475
40629,2.3e-05,74.125.24.0-255,1484,1848,96,290475
40630,2.7e-05,172.31.47.0-255,66,1914,96,290475
40631,3.3e-05,74.125.24.0-255,4320,6234,96,290475
40632,3.6e-05,172.31.47.0-255,66,6300,96,290475
40633,4.4e-05,74.125.24.0-255,7156,13456,96,290475
40634,4.7e-05,172.31.47.0-255,66,13522,96,290475
40635,6.9e-05,74.125.24.0-255,1846,15368,96,290475
40636,7.1e-05,172.31.47.0-255,66,15434,96,290475
40637,8.2e-05,172.31.47.0-255,66,15500,96,290475
40638,8.5e-05,74.125.24.0-255,2902,18402,96,290475
40639,8.7e-05,172.31.47.0-255,66,18468,96,290475
40640,0.00011,74.125.24.0-255,2543,21011,96,290475
40641,0.000113,172.31.47.0-255,66,21077,96,290475
40642,0.000152,74.125.24.0-255,1484,22561,96,290475
40643,0.000155,172.31.47.0-255,66,22627,96,290475
40644,0.000159,74.125.24.0-255,2902,25529,96,290475
40645,0.000161,172.31.47.0-255,66,25595,96,290475
40646,0.000178,74.125.24.0-255,5738,31333,96,290475
40647,0.00018,172.31.47.0-255,66,31399,96,290475
40648,0.000182,74.125.24.0-255,1484,32883,96,290475
40649,0.000184,172.31.47.0-255,66,32949,96,290475
40650,0.000207,74.125.24.0-255,4320,37269,96,290475
40651,0.000209,172.31.47.0-255,66,37335,96,290475
40652,0.000212,74.125.24.0-255,1484,38819,96,290475
40653,0.000213,172.31.47.0-255,66,38885,96,290475
40654,0.000232,74.125.24.0-255,7156,46041,96,290475
40655,0.000234,172.31.47.0-255,66,46107,96,290475
40656,0.000264,74.125.24.0-255,5379,51486,96,290475
40657,0.000267,172.31.47.0-255,66,51552,96,290475
40658,0.000271,74.125.24.0-255,3961,55513,96,290475
40659,0.000273,172.31.47.0-255,66,55579,96,290475
40660,0.000305,74.125.24.0-255,646,56225,96,290475
40661,0.000445,74.125.24.0-255,1484,57709,96,290475
40662,0.000449,172.31.47.0-255,66,57775,96,290475
40663,0.000455,74.125.24.0-255,2902,60677,96,290475
40664,0.000458,172.31.47.0-255,66,60743,96,290475
40665,0.000463,74.125.24.0-255,4320,65063,96,290475
40666,0.000465,172.31.47.0-255,66,65129,96,290475
40667,0.00048,74.125.24.0-255,1484,66613,96,290475
40668,0.000491,172.31.47.0-255,66,66679,96,290475
40669,0.000506,74.125.24.0-255,1484,68163,96,290475
40670,0.000533,172.31.47.0-255,66,68229,96,290475
40671,0.001004,74.125.24.0-255,1484,69713,96,290475
40672,0.001011,74.125.24.0-255,2902,72615,96,290475
40673,0.001015,172.31.47.0-255,66,72681,96,290475
40674,0.001021,74.125.24.0-255,2902,75583,96,290475
40675,0.001023,172.31.47.0-255,66,75649,96,290475
40676,0.001041,74.125.24.0-255,2902,78551,96,290475
40677,0.001044,172.31.47.0-255,66,78617,96,290475
40678,0.00105,74.125.24.0-255,5738,84355,96,290475
40679,0.001052,172.31.47.0-255,66,84421,96,290475
40680,0.001057,74.125.24.0-255,2902,87323,96,290475
40681,0.001059,172.31.47.0-255,66,87389,96,290475
40682,0.001096,74.125.24.0-255,4471,91860,96,290475
40683,0.001106,172.31.47.0-255,66,91926,96,290475
40684,0.001109,172.31.47.0-255,66,91992,96,290475
40685,0.001361,74.125.24.0-255,1484,93476,96,290475
40686,0.001367,74.125.24.0-255,2902,96378,96,290475
40687,0.001371,172.31.47.0-255,66,96444,96,290475
40688,0.001378,74.125.24.0-255,5738,102182,96,290475
40689,0.001381,172.31.47.0-255,66,102248,96,290475
40690,0.001413,74.125.24.0-255,7156,109404,96,290475
40691,0.001433,172.31.47.0-255,66,109470,96,290475
40692,0.001439,74.125.24.0-255,4320,113790,96,290475
40693,0.001443,74.125.24.0-255,2184,115974,96,290475
40694,0.001636,74.125.24.0-255,1484,117458,96,290475
40695,0.001641,74.125.24.0-255,2902,120360,96,290475
40696,0.001653,74.125.24.0-255,1484,121844,96,290475
40697,0.001666,74.125.24.0-255,4320,126164,96,290475
40698,0.001693,74.125.24.0-255,1484,127648,96,290475
40699,0.002196,74.125.24.0-255,1484,129132,96,290475
40700,0.002203,74.125.24.0-255,2902,132034,96,290475
40701,0.002207,74.125.24.0-255,4320,136354,96,290475
40702,0.002219,74.125.24.0-255,1484,137838,96,290475
40703,0.002225,74.125.24.0-255,4320,142158,96,290475
40704,0.002251,74.125.24.0-255,1484,143642,96,290475
40705,0.002305,74.125.24.0-255,1484,145126,96,290475
40706,0.002322,74.125.24.0-255,2902,148028,96,290475
40707,0.002324,74.125.24.0-255,1484,149512,96,290475
40708,0.002342,74.125.24.0-255,4320,153832,96,290475
40709,0.00238,74.125.24.0-255,4320,158152,96,290475
40710,0.002409,74.125.24.0-255,5738,163890,96,290475
40711,0.002428,74.125.24.0-255,5020,168910,96,290475
40712,0.006161,172.31.47.0-255,66,168976,96,290475
40713,0.006167,172.31.47.0-255,66,169042,96,290475
40714,0.00617,172.31.47.0-255,66,169108,96,290475
40715,0.006184,172.31.47.0-255,66,169174,96,290475
40716,0.006188,172.31.47.0-255,66,169240,96,290475
40717,0.006193,172.31.47.0-255,66,169306,96,290475
40718,0.006197,172.31.47.0-255,66,169372,96,290475
40719,0.0062,172.31.47.0-255,66,169438,96,290475
40720,0.006203,172.31.47.0-255,66,169504,96,290475
40721,0.006206,172.31.47.0-255,66,169570,96,290475
40722,0.006209,172.31.47.0-255,66,169636,96,290475
40723,0.006212,172.31.47.0-255,66,169702,96,290475
40724,0.006215,172.31.47.0-255,66,169768,96,290475
40725,0.006219,172.31.47.0-255,66,169834,96,290475
40726,0.006222,172.31.47.0-255,66,169900,96,290475
40727,0.006224,172.31.47.0-255,66,169966,96,290475
40728,0.006227,172.31.47.0-255,66,170032,96,290475
40729,0.00623,172.31.47.0-255,66,170098,96,290475
40730,0.008806,74.125.24.0-255,5738,175836,96,290475
40731,0.008813,172.31.47.0-255,66,175902,96,290475
40732,0.011386,74.125.24.0-255,5738,181640,96,290475
40733,0.011395,172.31.47.0-255,66,181706,96,290475
40734,0.013955,74.125.24.0-255,5738,187444,96,290475
40735,0.013963,172.31.47.0-255,66,187510,96,290475
40736,0.016527,74.125.24.0-255,5738,193248,96,290475
40737,0.016535,172.31.47.0-255,66,193314,96,290475
40738,0.019101,74.125.24.0-255,5738,199052,96,290475
40739,0.019112,172.31.47.0-255,66,199118,96,290475
40740,0.021702,74.125.24.0-255,5738,204856,96,290475
40741,0.021709,172.31.47.0-255,66,204922,96,290475
40742,0.024249,74.125.24.0-255,5738,210660,96,290475
40743,0.024257,172.31.47.0-255,66,210726,96,290475
40744,0.026451,172.31.47.0-255,172,210898,96,290475
40745,0.026477,172.31.47.0-255,1110,212008,96,290475
40746,0.026526,172.31.47.0-255,1514,213522,96,290475
40747,0.026527,172.31.47.0-255,1303,214825,96,290475
40748,0.026814,74.125.24.0-255,5738,220563,96,290475
40749,0.026822,172.31.47.0-255,66,220629,96,290475
40750,0.027937,104.244.42.0-255,66,220695,96,290475
40751,0.027962,104.244.42.0-255,66,220761,96,290475
40752,0.028028,104.244.42.0-255,66,220827,96,290475
40753,0.029387,74.125.24.0-255,5738,226565,96,290475
40754,0.029392,172.31.47.0-255,66,226631,96,290475
40755,0.03199,74.125.24.0-255,5738,232369,96,290475
40756,0.031997,172.31.47.0-255,66,232435,96,290475
40757,0.034567,74.125.24.0-255,5738,238173,96,290475
40758,0.034573,172.31.47.0-255,66,238239,96,290475
40759,0.037164,74.125.24.0-255,5738,243977,96,290475
40760,0.03717,172.31.47.0-255,66,244043,96,290475
40761,0.039748,74.125.24.0-255,5738,249781,96,290475
40762,0.039754,172.31.47.0-255,66,249847,96,290475
40763,0.042325,74.125.24.0-255,5738,255585,96,290475
40764,0.04233,172.31.47.0-255,66,255651,96,290475
40765,0.044889,74.125.24.0-255,5738,261389,96,290475
40766,0.044895,172.31.47.0-255,66,261455,96,290475
40767,0.047456,74.125.24.0-255,5738,267193,96,290475
40768,0.047464,172.31.47.0-255,66,267259,96,290475
40769,0.050024,74.125.24.0-255,5738,272997,96,290475
40770,0.05003,172.31.47.0-255,66,273063,96,290475
40771,0.052627,74.125.24.0-255,5738,278801,96,290475
40772,0.052634,172.31.47.0-255,66,278867,96,290475
40773,0.055202,74.125.24.0-255,5738,284605,96,290475
40774,0.055208,172.31.47.0-255,66,284671,96,290475
40775,0.057795,74.125.24.0-255,5738,290409,96,290475
40776,0.057802,172.31.47.0-255,66,290475,96,290475
40777,0.0,172.31.47.0-255,105,105,96,276
40778,0.00149,157.240.13.0-255,105,210,96,276
40779,0.0015,172.31.47.0-255,66,276,96,276
40780,0.0,172.253.118.0-255,145,145,96,309552
40781,2.7e-05,172.31.47.0-255,66,211,96,309552
40782,3.4e-05,172.253.118.0-255,1484,1695,96,309552
40783,3.9e-05,172.31.47.0-255,66,1761,96,309552
40784,4.5e-05,172.253.118.0-255,2902,4663,96,309552
40785,4.9e-05,172.31.47.0-255,66,4729,96,309552
40786,5.4e-05,172.253.118.0-255,4320,9049,96,309552
40787,5.8e-05,172.31.47.0-255,66,9115,96,309552
40788,6.3e-05,172.253.118.0-255,4919,14034,96,309552
40789,6.7e-05,172.31.47.0-255,66,14100,96,309552
40790,0.00011,172.253.118.0-255,7156,21256,96,309552
40791,0.000114,172.31.47.0-255,66,21322,96,309552
40792,0.000125,172.31.47.0-255,66,21388,96,309552
40793,0.000128,172.253.118.0-255,1484,22872,96,309552
40794,0.00013,172.31.47.0-255,66,22938,96,309552
40795,0.00016,172.31.47.0-255,66,23004,96,309552
40796,0.000163,172.253.118.0-255,766,23770,96,309552
40797,0.000165,172.31.47.0-255,66,23836,96,309552
40798,0.000191,172.253.118.0-255,1484,25320,96,309552
40799,0.000193,172.31.47.0-255,66,25386,96,309552
40800,0.000198,172.253.118.0-255,2902,28288,96,309552
40801,0.0002,172.31.47.0-255,66,28354,96,309552
40802,0.000218,172.253.118.0-255,2902,31256,96,309552
40803,0.00022,172.31.47.0-255,66,31322,96,309552
40804,0.000242,172.253.118.0-255,2902,34224,96,309552
40805,0.000244,172.31.47.0-255,66,34290,96,309552
40806,0.000263,172.253.118.0-255,4320,38610,96,309552
40807,0.000265,172.31.47.0-255,66,38676,96,309552
40808,0.000282,172.253.118.0-255,2543,41219,96,309552
40809,0.000285,172.31.47.0-255,66,41285,96,309552
40810,0.000287,172.253.118.0-255,363,41648,96,309552
40811,0.000289,172.31.47.0-255,66,41714,96,309552
40812,0.000648,172.253.118.0-255,379,42093,96,309552
40813,0.000657,172.31.47.0-255,66,42159,96,309552
40814,0.0008,172.253.118.0-255,1484,43643,96,309552
40815,0.000805,172.31.47.0-255,66,43709,96,309552
40816,0.000809,172.253.118.0-255,1484,45193,96,309552
40817,0.000811,172.31.47.0-255,66,45259,96,309552
40818,0.000827,172.253.118.0-255,1484,46743,96,309552
40819,0.00083,172.31.47.0-255,66,46809,96,309552
40820,0.000837,172.253.118.0-255,5738,52547,96,309552
40821,0.000839,172.31.47.0-255,66,52613,96,309552
40822,0.000874,172.31.47.0-255,66,52679,96,309552
40823,0.000896,172.253.118.0-255,5379,58058,96,309552
40824,0.000902,172.31.47.0-255,66,58124,96,309552
40825,0.000915,172.253.118.0-255,7156,65280,96,309552
40826,0.00093,172.253.118.0-255,2543,67823,96,309552
40827,0.00094,172.31.47.0-255,66,67889,96,309552
40828,0.001107,172.253.118.0-255,1484,69373,96,309552
40829,0.001123,172.253.118.0-255,2902,72275,96,309552
40830,0.001126,172.31.47.0-255,66,72341,96,309552
40831,0.00113,172.253.118.0-255,1484,73825,96,309552
40832,0.001146,172.253.118.0-255,4320,78145,96,309552
40833,0.001162,172.31.47.0-255,66,78211,96,309552
40834,0.001174,172.253.118.0-255,2902,81113,96,309552
40835,0.001195,172.31.47.0-255,66,81179,96,309552
40836,0.001211,172.253.118.0-255,5738,86917,96,309552
40837,0.001217,172.31.47.0-255,66,86983,96,309552
40838,0.001228,172.253.118.0-255,5020,92003,96,309552
40839,0.001249,172.31.47.0-255,66,92069,96,309552
40840,0.001277,172.253.118.0-255,1484,93553,96,309552
40841,0.001281,172.253.118.0-255,1484,95037,96,309552
40842,0.001294,172.253.118.0-255,1484,96521,96,309552
40843,0.001298,172.31.47.0-255,66,96587,96,309552
40844,0.001307,172.253.118.0-255,2902,99489,96,309552
40845,0.001312,172.31.47.0-255,66,99555,96,309552
40846,0.001321,172.253.118.0-255,2902,102457,96,309552
40847,0.001337,172.253.118.0-255,5738,108195,96,309552
40848,0.001355,172.253.118.0-255,4320,112515,96,309552
40849,0.001358,172.253.118.0-255,1484,113999,96,309552
40850,0.001363,172.31.47.0-255,66,114065,96,309552
40851,0.001399,172.31.47.0-255,66,114131,96,309552
40852,0.00141,172.253.118.0-255,3602,117733,96,309552
40853,0.001428,172.31.47.0-255,66,117799,96,309552
40854,0.001657,172.253.118.0-255,1484,119283,96,309552
40855,0.001676,172.253.118.0-255,2902,122185,96,309552
40856,0.00168,172.31.47.0-255,66,122251,96,309552
40857,0.001685,172.253.118.0-255,2902,125153,96,309552
40858,0.001692,172.31.47.0-255,66,125219,96,309552
40859,0.001703,172.253.118.0-255,2902,128121,96,309552
40860,0.001718,172.253.118.0-255,4320,132441,96,309552
40861,0.001728,172.31.47.0-255,66,132507,96,309552
40862,0.001743,172.253.118.0-255,4320,136827,96,309552
40863,0.001802,172.253.118.0-255,5020,141847,96,309552
40864,0.001811,172.31.47.0-255,66,141913,96,309552
40865,0.002006,172.253.118.0-255,1484,143397,96,309552
40866,0.002021,172.253.118.0-255,2902,146299,96,309552
40867,0.002025,172.31.47.0-255,66,146365,96,309552
40868,0.002045,172.253.118.0-255,5738,152103,96,309552
40869,0.002069,172.253.118.0-255,4320,156423,96,309552
40870,0.002074,172.31.47.0-255,66,156489,96,309552
40871,0.002086,172.253.118.0-255,5738,162227,96,309552
40872,0.002088,172.253.118.0-255,1484,163711,96,309552
40873,0.002104,172.31.47.0-255,66,163777,96,309552
40874,0.002126,172.253.118.0-255,2184,165961,96,309552
40875,0.002146,172.31.47.0-255,66,166027,96,309552
40876,0.002457,172.253.118.0-255,1484,167511,96,309552
40877,0.002464,172.253.118.0-255,2902,170413,96,309552
40878,0.002467,172.31.47.0-255,66,170479,96,309552
40879,0.002492,172.253.118.0-255,5738,176217,96,309552
40880,0.002514,172.253.118.0-255,5738,181955,96,309552
40881,0.00254,172.253.118.0-255,7156,189111,96,309552
40882,0.00848,172.31.47.0-255,66,189177,96,309552
40883,0.011017,172.253.118.0-255,5738,194915,96,309552
40884,0.011024,172.31.47.0-255,66,194981,96,309552
40885,0.013561,172.253.118.0-255,5738,200719,96,309552
40886,0.01357,172.31.47.0-255,66,200785,96,309552
40887,0.016116,172.253.118.0-255,5738,206523,96,309552
40888,0.016128,172.31.47.0-255,66,206589,96,309552
40889,0.018677,172.253.118.0-255,5738,212327,96,309552
40890,0.018687,172.31.47.0-255,66,212393,96,309552
40891,0.021198,172.253.118.0-255,5738,218131,96,309552
40892,0.021207,172.31.47.0-255,66,218197,96,309552
40893,0.023751,172.253.118.0-255,5738,223935,96,309552
40894,0.023759,172.31.47.0-255,66,224001,96,309552
40895,0.026311,172.253.118.0-255,5738,229739,96,309552
40896,0.026324,172.31.47.0-255,66,229805,96,309552
40897,0.028824,172.253.118.0-255,5738,235543,96,309552
40898,0.028834,172.31.47.0-255,66,235609,96,309552
40899,0.029519,172.31.47.0-255,172,235781,96,309552
40900,0.02955,172.31.47.0-255,1110,236891,96,309552
40901,0.029596,172.31.47.0-255,1514,238405,96,309552
40902,0.029598,172.31.47.0-255,1301,239706,96,309552
40903,0.031079,104.244.42.0-255,66,239772,96,309552
40904,0.031111,104.244.42.0-255,66,239838,96,309552
40905,0.031146,104.244.42.0-255,66,239904,96,309552
40906,0.031349,172.253.118.0-255,5738,245642,96,309552
40907,0.031357,172.31.47.0-255,66,245708,96,309552
40908,0.033921,172.253.118.0-255,5738,251446,96,309552
40909,0.033938,172.31.47.0-255,66,251512,96,309552
40910,0.03648,172.253.118.0-255,5738,257250,96,309552
40911,0.036487,172.31.47.0-255,66,257316,96,309552
40912,0.039011,172.253.118.0-255,5738,263054,96,309552
40913,0.039016,172.31.47.0-255,66,263120,96,309552
40914,0.041535,172.253.118.0-255,5738,268858,96,309552
40915,0.041543,172.31.47.0-255,66,268924,96,309552
40916,0.044084,172.253.118.0-255,5738,274662,96,309552
40917,0.044091,172.31.47.0-255,66,274728,96,309552
40918,0.046629,172.253.118.0-255,5738,280466,96,309552
40919,0.046636,172.31.47.0-255,66,280532,96,309552
40920,0.049149,172.253.118.0-255,5738,286270,96,309552
40921,0.049155,172.31.47.0-255,66,286336,96,309552
40922,0.051667,172.253.118.0-255,5738,292074,96,309552
40923,0.051675,172.31.47.0-255,66,292140,96,309552
40924,0.054201,172.253.118.0-255,5738,297878,96,309552
40925,0.054208,172.31.47.0-255,66,297944,96,309552
40926,0.056768,172.253.118.0-255,5738,303682,96,309552
40927,0.056775,172.31.47.0-255,66,303748,96,309552
40928,0.059303,172.253.118.0-255,5738,309486,96,309552
40929,0.059308,172.31.47.0-255,66,309552,96,309552
40930,0.0,172.31.47.0-255,105,105,96,105
40931,0.0,74.125.200.0-255,297,297,96,325632
40932,3.1e-05,172.31.47.0-255,66,363,96,325632
40933,3.7e-05,74.125.200.0-255,1484,1847,96,325632
40934,4.1e-05,172.31.47.0-255,66,1913,96,325632
40935,4.4e-05,74.125.200.0-255,2902,4815,96,325632
40936,5.3e-05,172.31.47.0-255,66,4881,96,325632
40937,5.8e-05,74.125.200.0-255,4320,9201,96,325632
40938,6e-05,172.31.47.0-255,66,9267,96,325632
40939,8.7e-05,74.125.200.0-255,1484,10751,96,325632
40940,8.9e-05,172.31.47.0-255,66,10817,96,325632
40941,0.000101,74.125.200.0-255,2902,13719,96,325632
40942,0.000106,172.31.47.0-255,66,13785,96,325632
40943,0.000126,74.125.200.0-255,604,14389,96,325632
40944,0.000129,172.31.47.0-255,66,14455,96,325632
40945,0.000268,74.125.200.0-255,1484,15939,96,325632
40946,0.000272,172.31.47.0-255,66,16005,96,325632
40947,0.000276,74.125.200.0-255,1484,17489,96,325632
40948,0.000278,172.31.47.0-255,66,17555,96,325632
40949,0.000295,74.125.200.0-255,1484,19039,96,325632
40950,0.000297,172.31.47.0-255,66,19105,96,325632
40951,0.000302,74.125.200.0-255,4320,23425,96,325632
40952,0.000309,172.31.47.0-255,66,23491,96,325632
40953,0.000349,74.125.200.0-255,7156,30647,96,325632
40954,0.000352,172.31.47.0-255,66,30713,96,325632
40955,0.000376,74.125.200.0-255,2543,33256,96,325632
40956,0.000379,172.31.47.0-255,66,33322,96,325632
40957,0.00039,172.31.47.0-255,66,33388,96,325632
40958,0.000429,74.125.200.0-255,5738,39126,96,325632
40959,0.000431,172.31.47.0-255,66,39192,96,325632
40960,0.000459,74.125.200.0-255,4320,43512,96,325632
40961,0.000462,172.31.47.0-255,66,43578,96,325632
40962,0.000478,172.31.47.0-255,66,43644,96,325632
40963,0.000481,74.125.200.0-255,766,44410,96,325632
40964,0.000555,74.125.200.0-255,392,44802,96,325632
40965,0.00059,74.125.200.0-255,116,44918,96,325632
40966,0.000647,74.125.200.0-255,333,45251,96,325632
40967,0.000705,172.31.47.0-255,66,45317,96,325632
40968,0.000857,74.125.200.0-255,1484,46801,96,325632
40969,0.000866,74.125.200.0-255,2902,49703,96,325632
40970,0.000869,172.31.47.0-255,66,49769,96,325632
40971,0.000899,74.125.200.0-255,5738,55507,96,325632
40972,0.000902,172.31.47.0-255,66,55573,96,325632
40973,0.000907,74.125.200.0-255,4320,59893,96,325632
40974,0.000909,172.31.47.0-255,66,59959,96,325632
40975,0.000914,74.125.200.0-255,5738,65697,96,325632
40976,0.000921,172.31.47.0-255,66,65763,96,325632
40977,0.000957,172.31.47.0-255,66,65829,96,325632
40978,0.000961,74.125.200.0-255,2184,68013,96,325632
40979,0.000963,172.31.47.0-255,66,68079,96,325632
40980,0.001191,74.125.200.0-255,1484,69563,96,325632
40981,0.001198,74.125.200.0-255,2902,72465,96,325632
40982,0.001201,172.31.47.0-255,66,72531,96,325632
40983,0.001208,74.125.200.0-255,5738,78269,96,325632
40984,0.001209,172.31.47.0-255,66,78335,96,325632
40985,0.001212,74.125.200.0-255,1484,79819,96,325632
40986,0.001242,74.125.200.0-255,5738,85557,96,325632
40987,0.001248,172.31.47.0-255,66,85623,96,325632
40988,0.001253,74.125.200.0-255,4320,89943,96,325632
40989,0.001255,172.31.47.0-255,66,90009,96,325632
40990,0.001295,172.31.47.0-255,66,90075,96,325632
40991,0.001299,74.125.200.0-255,2184,92259,96,325632
40992,0.001301,172.31.47.0-255,66,92325,96,325632
40993,0.001357,74.125.200.0-255,2902,95227,96,325632
40994,0.001361,172.31.47.0-255,66,95293,96,325632
40995,0.001366,74.125.200.0-255,4320,99613,96,325632
40996,0.001368,172.31.47.0-255,66,99679,96,325632
40997,0.001399,172.31.47.0-255,66,99745,96,325632
40998,0.001405,74.125.200.0-255,5738,105483,96,325632
40999,0.001406,172.31.47.0-255,66,105549,96,325632
41000,0.001439,74.125.200.0-255,7156,112705,96,325632
41001,0.001442,172.31.47.0-255,66,112771,96,325632
41002,0.001446,74.125.200.0-255,1484,114255,96,325632
41003,0.001471,74.125.200.0-255,3602,117857,96,325632
41004,0.001473,172.31.47.0-255,66,117923,96,325632
41005,0.00168,74.125.200.0-255,1484,119407,96,325632
41006,0.001695,74.125.200.0-255,2902,122309,96,325632
41007,0.001698,172.31.47.0-255,66,122375,96,325632
41008,0.001704,74.125.200.0-255,4320,126695,96,325632
41009,0.001706,172.31.47.0-255,66,126761,96,325632
41010,0.001732,74.125.200.0-255,1484,128245,96,325632
41011,0.001744,172.31.47.0-255,66,128311,96,325632
41012,0.001747,74.125.200.0-255,1484,129795,96,325632
41013,0.001776,172.31.47.0-255,66,129861,96,325632
41014,0.001781,74.125.200.0-255,5020,134881,96,325632
41015,0.001782,172.31.47.0-255,66,134947,96,325632
41016,0.001934,74.125.200.0-255,1484,136431,96,325632
41017,0.00195,74.125.200.0-255,2902,139333,96,325632
41018,0.001953,172.31.47.0-255,66,139399,96,325632
41019,0.001974,74.125.200.0-255,5738,145137,96,325632
41020,0.001976,172.31.47.0-255,66,145203,96,325632
41021,0.001981,74.125.200.0-255,5738,150941,96,325632
41022,0.001983,172.31.47.0-255,66,151007,96,325632
41023,0.002014,74.125.200.0-255,7156,158163,96,325632
41024,0.002017,172.31.47.0-255,66,158229,96,325632
41025,0.002048,172.31.47.0-255,66,158295,96,325632
41026,0.002101,74.125.200.0-255,2902,161197,96,325632
41027,0.002104,172.31.47.0-255,66,161263,96,325632
41028,0.002106,172.31.47.0-255,66,161329,96,325632
41029,0.004164,74.125.200.0-255,5738,167067,96,325632
41030,0.004168,172.31.47.0-255,66,167133,96,325632
41031,0.006224,74.125.200.0-255,5738,172871,96,325632
41032,0.006235,172.31.47.0-255,66,172937,96,325632
41033,0.008275,74.125.200.0-255,5738,178675,96,325632
41034,0.008282,172.31.47.0-255,66,178741,96,325632
41035,0.010349,74.125.200.0-255,5738,184479,96,325632
41036,0.010359,172.31.47.0-255,66,184545,96,325632
41037,0.012429,74.125.200.0-255,5738,190283,96,325632
41038,0.012441,172.31.47.0-255,66,190349,96,325632
41039,0.014497,74.125.200.0-255,5738,196087,96,325632
41040,0.014512,172.31.47.0-255,66,196153,96,325632
41041,0.016564,74.125.200.0-255,5738,201891,96,325632
41042,0.016575,172.31.47.0-255,66,201957,96,325632
41043,0.018632,74.125.200.0-255,5738,207695,96,325632
41044,0.018645,172.31.47.0-255,66,207761,96,325632
41045,0.020701,74.125.200.0-255,5738,213499,96,325632
41046,0.020709,172.31.47.0-255,66,213565,96,325632
41047,0.022754,74.125.200.0-255,5738,219303,96,325632
41048,0.022763,172.31.47.0-255,66,219369,96,325632
41049,0.024809,74.125.200.0-255,5738,225107,96,325632
41050,0.024819,172.31.47.0-255,66,225173,96,325632
41051,0.026788,172.31.47.0-255,172,225345,96,325632
41052,0.026835,172.31.47.0-255,1105,226450,96,325632
41053,0.026861,74.125.200.0-255,4320,230770,96,325632
41054,0.026867,172.31.47.0-255,66,230836,96,325632
41055,0.026885,74.125.200.0-255,1484,232320,96,325632
41056,0.02693,172.31.47.0-255,1514,233834,96,325632
41057,0.026931,172.31.47.0-255,1308,235142,96,325632
41058,0.028335,104.244.42.0-255,66,235208,96,325632
41059,0.028377,104.244.42.0-255,66,235274,96,325632
41060,0.028466,104.244.42.0-255,66,235340,96,325632
41061,0.028921,74.125.200.0-255,4320,239660,96,325632
41062,0.028925,172.31.47.0-255,66,239726,96,325632
41063,0.030971,74.125.200.0-255,5738,245464,96,325632
41064,0.030976,172.31.47.0-255,66,245530,96,325632
41065,0.033015,74.125.200.0-255,5738,251268,96,325632
41066,0.033019,172.31.47.0-255,66,251334,96,325632
41067,0.035068,74.125.200.0-255,5738,257072,96,325632
41068,0.035074,172.31.47.0-255,66,257138,96,325632
41069,0.037131,74.125.200.0-255,5738,262876,96,325632
41070,0.037136,172.31.47.0-255,66,262942,96,325632
41071,0.039179,74.125.200.0-255,4320,267262,96,325632
41072,0.039184,172.31.47.0-255,66,267328,96,325632
41073,0.039214,74.125.200.0-255,1484,268812,96,325632
41074,0.041217,74.125.200.0-255,4320,273132,96,325632
41075,0.041222,172.31.47.0-255,66,273198,96,325632
41076,0.043267,74.125.200.0-255,5738,278936,96,325632
41077,0.043273,172.31.47.0-255,66,279002,96,325632
41078,0.045318,74.125.200.0-255,5738,284740,96,325632
41079,0.045325,172.31.47.0-255,66,284806,96,325632
41080,0.047366,74.125.200.0-255,5738,290544,96,325632
41081,0.047371,172.31.47.0-255,66,290610,96,325632
41082,0.049408,74.125.200.0-255,2902,293512,96,325632
41083,0.049413,172.31.47.0-255,66,293578,96,325632
41084,0.049446,74.125.200.0-255,2902,296480,96,325632
41085,0.049449,172.31.47.0-255,66,296546,96,325632
41086,0.051484,74.125.200.0-255,5738,302284,96,325632
41087,0.051489,172.31.47.0-255,66,302350,96,325632
41088,0.053525,74.125.200.0-255,5738,308088,96,325632
41089,0.053529,172.31.47.0-255,66,308154,96,325632
41090,0.055577,74.125.200.0-255,5738,313892,96,325632
41091,0.055588,172.31.47.0-255,66,313958,96,325632
41092,0.057661,74.125.200.0-255,5738,319696,96,325632
41093,0.057668,172.31.47.0-255,66,319762,96,325632
41094,0.059729,74.125.200.0-255,4320,324082,96,325632
41095,0.059735,172.31.47.0-255,66,324148,96,325632
41096,0.05977,74.125.200.0-255,1484,325632,96,325632
41097,0.0,172.31.47.0-255,105,105,96,276
41098,0.001767,157.240.13.0-255,105,210,96,276
41099,0.001781,172.31.47.0-255,66,276,96,276
41100,0.0,74.125.24.0-255,153,153,96,261534
41101,1.7e-05,172.31.47.0-255,66,219,96,261534
41102,4.1e-05,74.125.24.0-255,1484,1703,96,261534
41103,4.6e-05,172.31.47.0-255,66,1769,96,261534
41104,5.2e-05,74.125.24.0-255,2902,4671,96,261534
41105,5.4e-05,172.31.47.0-255,66,4737,96,261534
41106,6.3e-05,74.125.24.0-255,5738,10475,96,261534
41107,6.6e-05,172.31.47.0-255,66,10541,96,261534
41108,0.000103,172.31.47.0-255,66,10607,96,261534
41109,0.000111,74.125.24.0-255,6797,17404,96,261534
41110,0.000113,172.31.47.0-255,66,17470,96,261534
41111,0.000211,74.125.24.0-255,1484,18954,96,261534
41112,0.000215,172.31.47.0-255,66,19020,96,261534
41113,0.00022,74.125.24.0-255,2902,21922,96,261534
41114,0.000223,172.31.47.0-255,66,21988,96,261534
41115,0.000228,74.125.24.0-255,2902,24890,96,261534
41116,0.00023,172.31.47.0-255,66,24956,96,261534
41117,0.000254,74.125.24.0-255,2902,27858,96,261534
41118,0.000257,172.31.47.0-255,66,27924,96,261534
41119,0.000264,74.125.24.0-255,6797,34721,96,261534
41120,0.000266,172.31.47.0-255,66,34787,96,261534
41121,0.000271,74.125.24.0-255,2902,37689,96,261534
41122,0.000273,172.31.47.0-255,66,37755,96,261534
41123,0.000305,172.31.47.0-255,66,37821,96,261534
41124,0.000309,74.125.24.0-255,2815,40636,96,261534
41125,0.000311,172.31.47.0-255,66,40702,96,261534
41126,0.000313,74.125.24.0-255,128,40830,96,261534
41127,0.000316,172.31.47.0-255,66,40896,96,261534
41128,0.001245,74.125.24.0-255,1484,42380,96,261534
41129,0.001252,172.31.47.0-255,66,42446,96,261534
41130,0.001261,74.125.24.0-255,2902,45348,96,261534
41131,0.001263,172.31.47.0-255,66,45414,96,261534
41132,0.00127,74.125.24.0-255,5738,51152,96,261534
41133,0.001272,172.31.47.0-255,66,51218,96,261534
41134,0.001295,74.125.24.0-255,7156,58374,96,261534
41135,0.001297,172.31.47.0-255,66,58440,96,261534
41136,0.001321,74.125.24.0-255,3961,62401,96,261534
41137,0.001324,172.31.47.0-255,66,62467,96,261534
41138,0.001338,172.31.47.0-255,66,62533,96,261534
41139,0.001369,74.125.24.0-255,2902,65435,96,261534
41140,0.001371,172.31.47.0-255,66,65501,96,261534
41141,0.001398,172.31.47.0-255,66,65567,96,261534
41142,0.001663,74.125.24.0-255,1484,67051,96,261534
41143,0.001672,74.125.24.0-255,2902,69953,96,261534
41144,0.001677,172.31.47.0-255,66,70019,96,261534
41145,0.001684,74.125.24.0-255,5738,75757,96,261534
41146,0.001686,172.31.47.0-255,66,75823,96,261534
41147,0.00169,74.125.24.0-255,2902,78725,96,261534
41148,0.001692,172.31.47.0-255,66,78791,96,261534
41149,0.001715,172.31.47.0-255,66,78857,96,261534
41150,0.001735,74.125.24.0-255,1484,80341,96,261534
41151,0.001748,172.31.47.0-255,66,80407,96,261534
41152,0.001758,74.125.24.0-255,1484,81891,96,261534
41153,0.001783,172.31.47.0-255,66,81957,96,261534
41154,0.001813,172.31.47.0-255,66,82023,96,261534
41155,0.001831,74.125.24.0-255,2902,84925,96,261534
41156,0.001834,172.31.47.0-255,66,84991,96,261534
41157,0.001852,74.125.24.0-255,4320,89311,96,261534
41158,0.001855,172.31.47.0-255,66,89377,96,261534
41159,0.001873,74.125.24.0-255,2902,92279,96,261534
41160,0.001875,172.31.47.0-255,66,92345,96,261534
41161,0.001893,74.125.24.0-255,2184,94529,96,261534
41162,0.001895,172.31.47.0-255,66,94595,96,261534
41163,0.003922,74.125.24.0-255,2902,97497,96,261534
41164,0.003927,172.31.47.0-255,66,97563,96,261534
41165,0.003964,74.125.24.0-255,2902,100465,96,261534
41166,0.003967,172.31.47.0-255,66,100531,96,261534
41167,0.005996,74.125.24.0-255,5738,106269,96,261534
41168,0.006,172.31.47.0-255,66,106335,96,261534
41169,0.008068,74.125.24.0-255,5738,112073,96,261534
41170,0.008075,172.31.47.0-255,66,112139,96,261534
41171,0.010122,74.125.24.0-255,5738,117877,96,261534
41172,0.010129,172.31.47.0-255,66,117943,96,261534
41173,0.012217,74.125.24.0-255,5738,123681,96,261534
41174,0.012225,172.31.47.0-255,66,123747,96,261534
41175,0.014276,74.125.24.0-255,5738,129485,96,261534
41176,0.014282,172.31.47.0-255,66,129551,96,261534
41177,0.0163,74.125.24.0-255,5738,135289,96,261534
41178,0.016306,172.31.47.0-255,66,135355,96,261534
41179,0.018378,74.125.24.0-255,5738,141093,96,261534
41180,0.018386,172.31.47.0-255,66,141159,96,261534
41181,0.02047,74.125.24.0-255,5738,146897,96,261534
41182,0.020478,172.31.47.0-255,66,146963,96,261534
41183,0.02254,74.125.24.0-255,5738,152701,96,261534
41184,0.022549,172.31.47.0-255,66,152767,96,261534
41185,0.024589,74.125.24.0-255,5738,158505,96,261534
41186,0.024597,172.31.47.0-255,66,158571,96,261534
41187,0.024697,172.31.47.0-255,172,158743,96,261534
41188,0.024725,172.31.47.0-255,1105,159848,96,261534
41189,0.024779,172.31.47.0-255,1514,161362,96,261534
41190,0.024781,172.31.47.0-255,1306,162668,96,261534
41191,0.026243,104.244.42.0-255,66,162734,96,261534
41192,0.02625,104.244.42.0-255,66,162800,96,261534
41193,0.026325,104.244.42.0-255,66,162866,96,261534
41194,0.02667,74.125.24.0-255,5738,168604,96,261534
41195,0.026676,172.31.47.0-255,66,168670,96,261534
41196,0.028763,74.125.24.0-255,5738,174408,96,261534
41197,0.028772,172.31.47.0-255,66,174474,96,261534
41198,0.030856,74.125.24.0-255,5738,180212,96,261534
41199,0.030862,172.31.47.0-255,66,180278,96,261534
41200,0.03297,74.125.24.0-255,5738,186016,96,261534
41201,0.032977,172.31.47.0-255,66,186082,96,261534
41202,0.035049,74.125.24.0-255,5738,191820,96,261534
41203,0.035055,172.31.47.0-255,66,191886,96,261534
41204,0.037158,74.125.24.0-255,5738,197624,96,261534
41205,0.037164,172.31.47.0-255,66,197690,96,261534
41206,0.039229,74.125.24.0-255,5738,203428,96,261534
41207,0.039237,172.31.47.0-255,66,203494,96,261534
41208,0.041309,74.125.24.0-255,5738,209232,96,261534
41209,0.041317,172.31.47.0-255,66,209298,96,261534
41210,0.043395,74.125.24.0-255,5738,215036,96,261534
41211,0.0434,172.31.47.0-255,66,215102,96,261534
41212,0.04549,74.125.24.0-255,5738,220840,96,261534
41213,0.045495,172.31.47.0-255,66,220906,96,261534
41214,0.047546,74.125.24.0-255,5738,226644,96,261534
41215,0.047551,172.31.47.0-255,66,226710,96,261534
41216,0.049651,74.125.24.0-255,5738,232448,96,261534
41217,0.049656,172.31.47.0-255,66,232514,96,261534
41218,0.051691,74.125.24.0-255,5738,238252,96,261534
41219,0.051696,172.31.47.0-255,66,238318,96,261534
41220,0.053773,74.125.24.0-255,5738,244056,96,261534
41221,0.05378,172.31.47.0-255,66,244122,96,261534
41222,0.055838,74.125.24.0-255,5738,249860,96,261534
41223,0.055845,172.31.47.0-255,66,249926,96,261534
41224,0.0579,74.125.24.0-255,5738,255664,96,261534
41225,0.057907,172.31.47.0-255,66,255730,96,261534
41226,0.059957,74.125.24.0-255,5738,261468,96,261534
41227,0.059964,172.31.47.0-255,66,261534,96,261534
41228,0.0,172.31.47.0-255,66,66,96,66
41229,0.0,74.125.24.0-255,297,297,96,216922
41230,2.4e-05,172.31.47.0-255,66,363,96,216922
41231,3e-05,74.125.24.0-255,1484,1847,96,216922
41232,3.4e-05,172.31.47.0-255,66,1913,96,216922
41233,6.2e-05,74.125.24.0-255,1484,3397,96,216922
41234,6.4e-05,172.31.47.0-255,66,3463,96,216922
41235,8.2e-05,74.125.24.0-255,1484,4947,96,216922
41236,8.5e-05,172.31.47.0-255,66,5013,96,216922
41237,9.1e-05,74.125.24.0-255,4320,9333,96,216922
41238,9.4e-05,172.31.47.0-255,66,9399,96,216922
41239,0.00012,74.125.24.0-255,1484,10883,96,216922
41240,0.000122,172.31.47.0-255,66,10949,96,216922
41241,0.00015,74.125.24.0-255,3356,14305,96,216922
41242,0.000152,172.31.47.0-255,66,14371,96,216922
41243,0.000158,74.125.24.0-255,5738,20109,96,216922
41244,0.00016,172.31.47.0-255,66,20175,96,216922
41245,0.000178,74.125.24.0-255,1484,21659,96,216922
41246,0.00018,172.31.47.0-255,66,21725,96,216922
41247,0.000214,172.31.47.0-255,66,21791,96,216922
41248,0.000925,74.125.24.0-255,1484,23275,96,216922
41249,0.000932,172.31.47.0-255,66,23341,96,216922
41250,0.000939,74.125.24.0-255,2902,26243,96,216922
41251,0.000941,172.31.47.0-255,66,26309,96,216922
41252,0.000952,74.125.24.0-255,5738,32047,96,216922
41253,0.000954,172.31.47.0-255,66,32113,96,216922
41254,0.000986,172.31.47.0-255,66,32179,96,216922
41255,0.001018,74.125.24.0-255,7156,39335,96,216922
41256,0.001021,172.31.47.0-255,66,39401,96,216922
41257,0.001044,74.125.24.0-255,2902,42303,96,216922
41258,0.001046,172.31.47.0-255,66,42369,96,216922
41259,0.001051,74.125.24.0-255,5020,47389,96,216922
41260,0.001053,172.31.47.0-255,66,47455,96,216922
41261,0.001078,74.125.24.0-255,399,47854,96,216922
41262,0.001584,74.125.24.0-255,109,47963,96,216922
41263,0.0019,74.125.24.0-255,1484,49447,96,216922
41264,0.001904,172.31.47.0-255,66,49513,96,216922
41265,0.001921,74.125.24.0-255,2902,52415,96,216922
41266,0.001924,172.31.47.0-255,66,52481,96,216922
41267,0.001952,74.125.24.0-255,2902,55383,96,216922
41268,0.001954,172.31.47.0-255,66,55449,96,216922
41269,0.001985,74.125.24.0-255,2902,58351,96,216922
41270,0.001988,172.31.47.0-255,66,58417,96,216922
41271,0.001992,74.125.24.0-255,2902,61319,96,216922
41272,0.001994,172.31.47.0-255,66,61385,96,216922
41273,0.002009,172.31.47.0-255,66,61451,96,216922
41274,0.002019,172.31.47.0-255,66,61517,96,216922
41275,0.002045,74.125.24.0-255,2184,63701,96,216922
41276,0.002048,172.31.47.0-255,66,63767,96,216922
41277,0.004105,74.125.24.0-255,4320,68087,96,216922
41278,0.00411,172.31.47.0-255,66,68153,96,216922
41279,0.00412,74.125.24.0-255,1484,69637,96,216922
41280,0.006215,74.125.24.0-255,4320,73957,96,216922
41281,0.006221,172.31.47.0-255,66,74023,96,216922
41282,0.008304,74.125.24.0-255,5738,79761,96,216922
41283,0.008311,172.31.47.0-255,66,79827,96,216922
41284,0.010375,74.125.24.0-255,5738,85565,96,216922
41285,0.010382,172.31.47.0-255,66,85631,96,216922
41286,0.012443,74.125.24.0-255,5738,91369,96,216922
41287,0.01245,172.31.47.0-255,66,91435,96,216922
41288,0.014552,74.125.24.0-255,5738,97173,96,216922
41289,0.014558,172.31.47.0-255,66,97239,96,216922
41290,0.016617,74.125.24.0-255,4320,101559,96,216922
41291,0.016623,172.31.47.0-255,66,101625,96,216922
41292,0.01665,74.125.24.0-255,1484,103109,96,216922
41293,0.018701,74.125.24.0-255,4320,107429,96,216922
41294,0.018707,172.31.47.0-255,66,107495,96,216922
41295,0.020749,172.31.47.0-255,172,107667,96,216922
41296,0.020778,172.31.47.0-255,1101,108768,96,216922
41297,0.020808,74.125.24.0-255,5738,114506,96,216922
41298,0.02081,172.31.47.0-255,1514,116020,96,216922
41299,0.020812,172.31.47.0-255,1310,117330,96,216922
41300,0.020813,172.31.47.0-255,66,117396,96,216922
41301,0.022293,104.244.42.0-255,66,117462,96,216922
41302,0.022333,104.244.42.0-255,66,117528,96,216922
41303,0.022335,104.244.42.0-255,66,117594,96,216922
41304,0.022899,74.125.24.0-255,2902,120496,96,216922
41305,0.022904,172.31.47.0-255,66,120562,96,216922
41306,0.022938,74.125.24.0-255,2902,123464,96,216922
41307,0.022942,172.31.47.0-255,66,123530,96,216922
41308,0.024963,74.125.24.0-255,2902,126432,96,216922
41309,0.024968,172.31.47.0-255,66,126498,96,216922
41310,0.025001,74.125.24.0-255,2902,129400,96,216922
41311,0.025004,172.31.47.0-255,66,129466,96,216922
41312,0.027067,74.125.24.0-255,4320,133786,96,216922
41313,0.027072,172.31.47.0-255,66,133852,96,216922
41314,0.027103,74.125.24.0-255,1484,135336,96,216922
41315,0.02915,74.125.24.0-255,4320,139656,96,216922
41316,0.029156,172.31.47.0-255,66,139722,96,216922
41317,0.031199,74.125.24.0-255,5738,145460,96,216922
41318,0.031205,172.31.47.0-255,66,145526,96,216922
41319,0.033307,74.125.24.0-255,4320,149846,96,216922
41320,0.033312,172.31.47.0-255,66,149912,96,216922
41321,0.033338,74.125.24.0-255,1484,151396,96,216922
41322,0.035386,74.125.24.0-255,4320,155716,96,216922
41323,0.035391,172.31.47.0-255,66,155782,96,216922
41324,0.037508,74.125.24.0-255,5738,161520,96,216922
41325,0.037513,172.31.47.0-255,66,161586,96,216922
41326,0.039599,74.125.24.0-255,5738,167324,96,216922
41327,0.039604,172.31.47.0-255,66,167390,96,216922
41328,0.041684,74.125.24.0-255,4320,171710,96,216922
41329,0.041688,172.31.47.0-255,66,171776,96,216922
41330,0.041719,74.125.24.0-255,1484,173260,96,216922
41331,0.043762,74.125.24.0-255,4320,177580,96,216922
41332,0.043768,172.31.47.0-255,66,177646,96,216922
41333,0.04585,74.125.24.0-255,5738,183384,96,216922
41334,0.045855,172.31.47.0-255,66,183450,96,216922
41335,0.047945,74.125.24.0-255,5738,189188,96,216922
41336,0.04795,172.31.47.0-255,66,189254,96,216922
41337,0.049994,74.125.24.0-255,4320,193574,96,216922
41338,0.049999,172.31.47.0-255,66,193640,96,216922
41339,0.050028,74.125.24.0-255,1484,195124,96,216922
41340,0.052064,74.125.24.0-255,4320,199444,96,216922
41341,0.052069,172.31.47.0-255,66,199510,96,216922
41342,0.054181,74.125.24.0-255,5738,205248,96,216922
41343,0.054187,172.31.47.0-255,66,205314,96,216922
41344,0.05628,74.125.24.0-255,5738,211052,96,216922
41345,0.056286,172.31.47.0-255,66,211118,96,216922
41346,0.058374,74.125.24.0-255,5738,216856,96,216922
41347,0.058379,172.31.47.0-255,66,216922,96,216922
41348,0.0,172.217.160.0-255,153,153,96,342554
41349,3.3e-05,172.31.47.0-255,66,219,96,342554
41350,3.9e-05,172.217.160.0-255,1484,1703,96,342554
41351,4.2e-05,172.31.47.0-255,66,1769,96,342554
41352,4.6e-05,172.217.160.0-255,2902,4671,96,342554
41353,4.9e-05,172.31.47.0-255,66,4737,96,342554
41354,6.4e-05,172.217.160.0-255,7156,11893,96,342554
41355,6.6e-05,172.31.47.0-255,66,11959,96,342554
41356,7e-05,172.217.160.0-255,2143,14102,96,342554
41357,7.2e-05,172.31.47.0-255,66,14168,96,342554
41358,0.000228,172.217.160.0-255,1484,15652,96,342554
41359,0.000233,172.31.47.0-255,66,15718,96,342554
41360,0.000239,172.217.160.0-255,2902,18620,96,342554
41361,0.000241,172.31.47.0-255,66,18686,96,342554
41362,0.000244,172.217.160.0-255,1484,20170,96,342554
41363,0.000246,172.31.47.0-255,66,20236,96,342554
41364,0.000282,172.217.160.0-255,4320,24556,96,342554
41365,0.000285,172.31.47.0-255,66,24622,96,342554
41366,0.000291,172.217.160.0-255,6797,31419,96,342554
41367,0.000293,172.31.47.0-255,66,31485,96,342554
41368,0.000331,172.217.160.0-255,7156,38641,96,342554
41369,0.000335,172.31.47.0-255,66,38707,96,342554
41370,0.000337,172.217.160.0-255,1484,40191,96,342554
41371,0.000341,172.31.47.0-255,66,40257,96,342554
41372,0.000391,172.217.160.0-255,2902,43159,96,342554
41373,0.000394,172.31.47.0-255,66,43225,96,342554
41374,0.000419,172.217.160.0-255,5379,48604,96,342554
41375,0.000423,172.31.47.0-255,66,48670,96,342554
41376,0.00059,172.217.160.0-255,1484,50154,96,342554
41377,0.000594,172.31.47.0-255,66,50220,96,342554
41378,0.000599,172.217.160.0-255,2902,53122,96,342554
41379,0.000601,172.31.47.0-255,66,53188,96,342554
41380,0.000607,172.217.160.0-255,2902,56090,96,342554
41381,0.000615,172.31.47.0-255,66,56156,96,342554
41382,0.000625,172.217.160.0-255,2902,59058,96,342554
41383,0.000627,172.31.47.0-255,66,59124,96,342554
41384,0.000652,172.217.160.0-255,5738,64862,96,342554
41385,0.000655,172.31.47.0-255,66,64928,96,342554
41386,0.000682,172.217.160.0-255,1399,66327,96,342554
41387,0.000744,172.31.47.0-255,66,66393,96,342554
41388,0.001146,172.217.160.0-255,403,66796,96,342554
41389,0.001176,172.31.47.0-255,66,66862,96,342554
41390,0.00121,172.217.160.0-255,1484,68346,96,342554
41391,0.001246,172.217.160.0-255,2902,71248,96,342554
41392,0.001249,172.31.47.0-255,66,71314,96,342554
41393,0.001255,172.217.160.0-255,5738,77052,96,342554
41394,0.001257,172.31.47.0-255,66,77118,96,342554
41395,0.001284,172.217.160.0-255,6797,83915,96,342554
41396,0.001286,172.31.47.0-255,66,83981,96,342554
41397,0.00129,172.217.160.0-255,2902,86883,96,342554
41398,0.001292,172.31.47.0-255,66,86949,96,342554
41399,0.00132,172.217.160.0-255,4320,91269,96,342554
41400,0.001323,172.31.47.0-255,66,91335,96,342554
41401,0.001332,172.31.47.0-255,66,91401,96,342554
41402,0.001484,172.217.160.0-255,1484,92885,96,342554
41403,0.001488,172.217.160.0-255,1484,94369,96,342554
41404,0.00149,172.31.47.0-255,66,94435,96,342554
41405,0.001512,172.217.160.0-255,1484,95919,96,342554
41406,0.001518,172.217.160.0-255,5738,101657,96,342554
41407,0.00152,172.31.47.0-255,66,101723,96,342554
41408,0.001525,172.217.160.0-255,5738,107461,96,342554
41409,0.001528,172.31.47.0-255,66,107527,96,342554
41410,0.001576,172.31.47.0-255,66,107593,96,342554
41411,0.001581,172.217.160.0-255,5020,112613,96,342554
41412,0.001583,172.31.47.0-255,66,112679,96,342554
41413,0.001635,172.217.160.0-255,1484,114163,96,342554
41414,0.00164,172.217.160.0-255,2902,117065,96,342554
41415,0.001642,172.31.47.0-255,66,117131,96,342554
41416,0.001685,172.217.160.0-255,5738,122869,96,342554
41417,0.001687,172.31.47.0-255,66,122935,96,342554
41418,0.001692,172.217.160.0-255,5738,128673,96,342554
41419,0.001693,172.31.47.0-255,66,128739,96,342554
41420,0.001699,172.217.160.0-255,7156,135895,96,342554
41421,0.001701,172.31.47.0-255,66,135961,96,342554
41422,0.001734,172.217.160.0-255,5738,141699,96,342554
41423,0.001736,172.31.47.0-255,66,141765,96,342554
41424,0.001741,172.217.160.0-255,5020,146785,96,342554
41425,0.001743,172.31.47.0-255,66,146851,96,342554
41426,0.001873,172.217.160.0-255,1484,148335,96,342554
41427,0.001877,172.217.160.0-255,1484,149819,96,342554
41428,0.001879,172.31.47.0-255,66,149885,96,342554
41429,0.001889,172.217.160.0-255,1484,151369,96,342554
41430,0.001893,172.217.160.0-255,2902,154271,96,342554
41431,0.001894,172.31.47.0-255,66,154337,96,342554
41432,0.001913,172.217.160.0-255,2902,157239,96,342554
41433,0.001915,172.31.47.0-255,66,157305,96,342554
41434,0.001921,172.217.160.0-255,7156,164461,96,342554
41435,0.001923,172.31.47.0-255,66,164527,96,342554
41436,0.00196,172.217.160.0-255,5738,170265,96,342554
41437,0.001963,172.31.47.0-255,66,170331,96,342554
41438,0.001973,172.31.47.0-255,66,170397,96,342554
41439,0.001976,172.217.160.0-255,2184,172581,96,342554
41440,0.001978,172.31.47.0-255,66,172647,96,342554
41441,0.0039,172.217.160.0-255,5738,178385,96,342554
41442,0.003907,172.31.47.0-255,66,178451,96,342554
41443,0.005852,172.217.160.0-255,5738,184189,96,342554
41444,0.00586,172.31.47.0-255,66,184255,96,342554
41445,0.007798,172.217.160.0-255,5738,189993,96,342554
41446,0.007806,172.31.47.0-255,66,190059,96,342554
41447,0.009757,172.217.160.0-255,5738,195797,96,342554
41448,0.009775,172.31.47.0-255,66,195863,96,342554
41449,0.01172,172.217.160.0-255,5738,201601,96,342554
41450,0.011729,172.31.47.0-255,66,201667,96,342554
41451,0.013679,172.217.160.0-255,5738,207405,96,342554
41452,0.013692,172.31.47.0-255,66,207471,96,342554
41453,0.015635,172.217.160.0-255,5738,213209,96,342554
41454,0.015647,172.31.47.0-255,66,213275,96,342554
41455,0.017606,172.217.160.0-255,5738,219013,96,342554
41456,0.017623,172.31.47.0-255,66,219079,96,342554
41457,0.019569,172.217.160.0-255,5738,224817,96,342554
41458,0.019576,172.31.47.0-255,66,224883,96,342554
41459,0.021514,172.217.160.0-255,5738,230621,96,342554
41460,0.021528,172.31.47.0-255,66,230687,96,342554
41461,0.023474,172.217.160.0-255,5738,236425,96,342554
41462,0.023483,172.31.47.0-255,66,236491,96,342554
41463,0.025418,172.217.160.0-255,5738,242229,96,342554
41464,0.025427,172.31.47.0-255,66,242295,96,342554
41465,0.027379,172.217.160.0-255,5738,248033,96,342554
41466,0.027393,172.31.47.0-255,66,248099,96,342554
41467,0.029337,172.217.160.0-255,5738,253837,96,342554
41468,0.029348,172.31.47.0-255,66,253903,96,342554
41469,0.031277,172.217.160.0-255,4320,258223,96,342554
41470,0.031282,172.31.47.0-255,66,258289,96,342554
41471,0.031304,172.217.160.0-255,1484,259773,96,342554
41472,0.033233,172.217.160.0-255,4320,264093,96,342554
41473,0.033247,172.31.47.0-255,66,264159,96,342554
41474,0.03518,172.217.160.0-255,5738,269897,96,342554
41475,0.035187,172.31.47.0-255,66,269963,96,342554
41476,0.037133,172.217.160.0-255,5738,275701,96,342554
41477,0.037143,172.31.47.0-255,66,275767,96,342554
41478,0.039082,172.217.160.0-255,5738,281505,96,342554
41479,0.039089,172.31.47.0-255,66,281571,96,342554
41480,0.041035,172.217.160.0-255,5738,287309,96,342554
41481,0.041048,172.31.47.0-255,66,287375,96,342554
41482,0.043017,172.217.160.0-255,5738,293113,96,342554
41483,0.043031,172.31.47.0-255,66,293179,96,342554
41484,0.045015,172.217.160.0-255,5738,298917,96,342554
41485,0.045023,172.31.47.0-255,66,298983,96,342554
41486,0.046953,172.217.160.0-255,4320,303303,96,342554
41487,0.046958,172.31.47.0-255,66,303369,96,342554
41488,0.046962,172.31.47.0-255,172,303541,96,342554
41489,0.046971,172.217.160.0-255,1484,305025,96,342554
41490,0.046999,172.31.47.0-255,1101,306126,96,342554
41491,0.047049,172.31.47.0-255,1514,307640,96,342554
41492,0.047051,172.31.47.0-255,1310,308950,96,342554
41493,0.048558,104.244.42.0-255,66,309016,96,342554
41494,0.048566,104.244.42.0-255,66,309082,96,342554
41495,0.048592,104.244.42.0-255,66,309148,96,342554
41496,0.048887,172.217.160.0-255,4320,313468,96,342554
41497,0.048895,172.31.47.0-255,66,313534,96,342554
41498,0.05085,172.217.160.0-255,5738,319272,96,342554
41499,0.050865,172.31.47.0-255,66,319338,96,342554
41500,0.052827,172.217.160.0-255,5738,325076,96,342554
41501,0.052841,172.31.47.0-255,66,325142,96,342554
41502,0.054791,172.217.160.0-255,5738,330880,96,342554
41503,0.054807,172.31.47.0-255,66,330946,96,342554
41504,0.056751,172.217.160.0-255,5738,336684,96,342554
41505,0.056765,172.31.47.0-255,66,336750,96,342554
41506,0.05872,172.217.160.0-255,5738,342488,96,342554
41507,0.058738,172.31.47.0-255,66,342554,96,342554
41508,0.0,172.31.47.0-255,105,105,96,105
41509,0.0,74.125.130.0-255,153,153,96,320376
41510,2.9e-05,172.31.47.0-255,66,219,96,320376
41511,3.5e-05,74.125.130.0-255,1484,1703,96,320376
41512,3.8e-05,172.31.47.0-255,66,1769,96,320376
41513,4.3e-05,74.125.130.0-255,2902,4671,96,320376
41514,4.5e-05,172.31.47.0-255,66,4737,96,320376
41515,7.6e-05,74.125.130.0-255,5738,10475,96,320376
41516,7.9e-05,172.31.47.0-255,66,10541,96,320376
41517,8.1e-05,74.125.130.0-255,1484,12025,96,320376
41518,8.4e-05,172.31.47.0-255,66,12091,96,320376
41519,9.9e-05,74.125.130.0-255,2054,14145,96,320376
41520,0.000101,172.31.47.0-255,66,14211,96,320376
41521,0.000141,74.125.130.0-255,1484,15695,96,320376
41522,0.000144,172.31.47.0-255,66,15761,96,320376
41523,0.000169,74.125.130.0-255,2902,18663,96,320376
41524,0.000172,172.31.47.0-255,66,18729,96,320376
41525,0.000175,74.125.130.0-255,1484,20213,96,320376
41526,0.000176,172.31.47.0-255,66,20279,96,320376
41527,0.000195,74.125.130.0-255,2902,23181,96,320376
41528,0.000198,172.31.47.0-255,66,23247,96,320376
41529,0.000201,74.125.130.0-255,2902,26149,96,320376
41530,0.000203,172.31.47.0-255,66,26215,96,320376
41531,0.000221,74.125.130.0-255,2902,29117,96,320376
41532,0.000223,172.31.47.0-255,66,29183,96,320376
41533,0.000227,74.125.130.0-255,2543,31726,96,320376
41534,0.000229,172.31.47.0-255,66,31792,96,320376
41535,0.00036,74.125.130.0-255,1484,33276,96,320376
41536,0.000364,172.31.47.0-255,66,33342,96,320376
41537,0.000377,74.125.130.0-255,2902,36244,96,320376
41538,0.000379,172.31.47.0-255,66,36310,96,320376
41539,0.000382,74.125.130.0-255,1484,37794,96,320376
41540,0.000384,172.31.47.0-255,66,37860,96,320376
41541,0.000403,74.125.130.0-255,2902,40762,96,320376
41542,0.000405,172.31.47.0-255,66,40828,96,320376
41543,0.00041,74.125.130.0-255,4320,45148,96,320376
41544,0.000412,172.31.47.0-255,66,45214,96,320376
41545,0.000428,74.125.130.0-255,1484,46698,96,320376
41546,0.000435,74.125.130.0-255,5379,52077,96,320376
41547,0.000437,172.31.47.0-255,66,52143,96,320376
41548,0.000458,74.125.130.0-255,5738,57881,96,320376
41549,0.000462,172.31.47.0-255,66,57947,96,320376
41550,0.000483,74.125.130.0-255,2902,60849,96,320376
41551,0.000485,172.31.47.0-255,66,60915,96,320376
41552,0.0005,74.125.130.0-255,5669,66584,96,320376
41553,0.000503,172.31.47.0-255,66,66650,96,320376
41554,0.000506,74.125.130.0-255,98,66748,96,320376
41555,0.000658,74.125.130.0-255,363,67111,96,320376
41556,0.000682,172.31.47.0-255,66,67177,96,320376
41557,0.001022,74.125.130.0-255,1484,68661,96,320376
41558,0.00104,74.125.130.0-255,2902,71563,96,320376
41559,0.001044,172.31.47.0-255,66,71629,96,320376
41560,0.001048,74.125.130.0-255,1484,73113,96,320376
41561,0.001068,74.125.130.0-255,4320,77433,96,320376
41562,0.001071,172.31.47.0-255,66,77499,96,320376
41563,0.001075,74.125.130.0-255,4320,81819,96,320376
41564,0.001077,172.31.47.0-255,66,81885,96,320376
41565,0.00108,74.125.130.0-255,2902,84787,96,320376
41566,0.001082,172.31.47.0-255,66,84853,96,320376
41567,0.001102,74.125.130.0-255,2902,87755,96,320376
41568,0.001105,172.31.47.0-255,66,87821,96,320376
41569,0.001115,74.125.130.0-255,1484,89305,96,320376
41570,0.00113,74.125.130.0-255,7156,96461,96,320376
41571,0.001132,172.31.47.0-255,66,96527,96,320376
41572,0.001149,74.125.130.0-255,2902,99429,96,320376
41573,0.001152,172.31.47.0-255,66,99495,96,320376
41574,0.001154,74.125.130.0-255,1484,100979,96,320376
41575,0.001156,74.125.130.0-255,766,101745,96,320376
41576,0.001158,172.31.47.0-255,66,101811,96,320376
41577,0.001512,74.125.130.0-255,1484,103295,96,320376
41578,0.001535,74.125.130.0-255,2902,106197,96,320376
41579,0.00154,172.31.47.0-255,66,106263,96,320376
41580,0.001548,74.125.130.0-255,5738,112001,96,320376
41581,0.00155,172.31.47.0-255,66,112067,96,320376
41582,0.001579,74.125.130.0-255,7156,119223,96,320376
41583,0.001582,172.31.47.0-255,66,119289,96,320376
41584,0.001602,74.125.130.0-255,4320,123609,96,320376
41585,0.001605,172.31.47.0-255,66,123675,96,320376
41586,0.001619,172.31.47.0-255,66,123741,96,320376
41587,0.001685,74.125.130.0-255,1484,125225,96,320376
41588,0.00169,74.125.130.0-255,2902,128127,96,320376
41589,0.001693,172.31.47.0-255,66,128193,96,320376
41590,0.00173,74.125.130.0-255,4320,132513,96,320376
41591,0.001733,172.31.47.0-255,66,132579,96,320376
41592,0.001739,74.125.130.0-255,5738,138317,96,320376
41593,0.001741,172.31.47.0-255,66,138383,96,320376
41594,0.001811,172.31.47.0-255,66,138449,96,320376
41595,0.001816,74.125.130.0-255,4320,142769,96,320376
41596,0.001818,172.31.47.0-255,66,142835,96,320376
41597,0.001834,74.125.130.0-255,3602,146437,96,320376
41598,0.001838,172.31.47.0-255,66,146503,96,320376
41599,0.001894,74.125.130.0-255,1484,147987,96,320376
41600,0.001908,74.125.130.0-255,2902,150889,96,320376
41601,0.001911,172.31.47.0-255,66,150955,96,320376
41602,0.001915,74.125.130.0-255,1484,152439,96,320376
41603,0.001932,74.125.130.0-255,4320,156759,96,320376
41604,0.001934,172.31.47.0-255,66,156825,96,320376
41605,0.001938,74.125.130.0-255,2902,159727,96,320376
41606,0.00194,172.31.47.0-255,66,159793,96,320376
41607,0.001945,74.125.130.0-255,2902,162695,96,320376
41608,0.001948,172.31.47.0-255,66,162761,96,320376
41609,0.001957,74.125.130.0-255,1484,164245,96,320376
41610,0.001983,172.31.47.0-255,66,164311,96,320376
41611,0.001988,74.125.130.0-255,5738,170049,96,320376
41612,0.001991,172.31.47.0-255,66,170115,96,320376
41613,0.002074,74.125.130.0-255,2184,172299,96,320376
41614,0.002078,172.31.47.0-255,66,172365,96,320376
41615,0.004222,74.125.130.0-255,2902,175267,96,320376
41616,0.004228,172.31.47.0-255,66,175333,96,320376
41617,0.004316,74.125.130.0-255,2902,178235,96,320376
41618,0.00432,172.31.47.0-255,66,178301,96,320376
41619,0.006474,74.125.130.0-255,2902,181203,96,320376
41620,0.00648,172.31.47.0-255,66,181269,96,320376
41621,0.006549,74.125.130.0-255,2902,184171,96,320376
41622,0.006552,172.31.47.0-255,66,184237,96,320376
41623,0.008709,74.125.130.0-255,2902,187139,96,320376
41624,0.008717,172.31.47.0-255,66,187205,96,320376
41625,0.008775,74.125.130.0-255,2902,190107,96,320376
41626,0.008779,172.31.47.0-255,66,190173,96,320376
41627,0.010944,74.125.130.0-255,2902,193075,96,320376
41628,0.01095,172.31.47.0-255,66,193141,96,320376
41629,0.010998,74.125.130.0-255,2902,196043,96,320376
41630,0.011003,172.31.47.0-255,66,196109,96,320376
41631,0.013173,74.125.130.0-255,2902,199011,96,320376
41632,0.013179,172.31.47.0-255,66,199077,96,320376
41633,0.013218,74.125.130.0-255,2902,201979,96,320376
41634,0.013221,172.31.47.0-255,66,202045,96,320376
41635,0.015404,74.125.130.0-255,2902,204947,96,320376
41636,0.015411,172.31.47.0-255,66,205013,96,320376
41637,0.015438,74.125.130.0-255,2902,207915,96,320376
41638,0.015441,172.31.47.0-255,66,207981,96,320376
41639,0.017637,74.125.130.0-255,2902,210883,96,320376
41640,0.017645,172.31.47.0-255,66,210949,96,320376
41641,0.017665,74.125.130.0-255,2902,213851,96,320376
41642,0.017668,172.31.47.0-255,66,213917,96,320376
41643,0.019887,74.125.130.0-255,5738,219655,96,320376
41644,0.019893,172.31.47.0-255,66,219721,96,320376
41645,0.022133,74.125.130.0-255,5738,225459,96,320376
41646,0.02214,172.31.47.0-255,66,225525,96,320376
41647,0.024372,74.125.130.0-255,5738,231263,96,320376
41648,0.024383,172.31.47.0-255,66,231329,96,320376
41649,0.026613,74.125.130.0-255,5738,237067,96,320376
41650,0.026621,172.31.47.0-255,66,237133,96,320376
41651,0.028856,74.125.130.0-255,5738,242871,96,320376
41652,0.028864,172.31.47.0-255,66,242937,96,320376
41653,0.031106,74.125.130.0-255,5738,248675,96,320376
41654,0.031115,172.31.47.0-255,66,248741,96,320376
41655,0.032425,172.31.47.0-255,172,248913,96,320376
41656,0.032454,172.31.47.0-255,1110,250023,96,320376
41657,0.032492,172.31.47.0-255,1514,251537,96,320376
41658,0.032494,172.31.47.0-255,1301,252838,96,320376
41659,0.033351,74.125.130.0-255,5738,258576,96,320376
41660,0.033356,172.31.47.0-255,66,258642,96,320376
41661,0.033962,104.244.42.0-255,66,258708,96,320376
41662,0.033995,104.244.42.0-255,66,258774,96,320376
41663,0.034065,104.244.42.0-255,66,258840,96,320376
41664,0.035584,74.125.130.0-255,5738,264578,96,320376
41665,0.035589,172.31.47.0-255,66,264644,96,320376
41666,0.037816,74.125.130.0-255,4320,268964,96,320376
41667,0.03782,172.31.47.0-255,66,269030,96,320376
41668,0.037849,74.125.130.0-255,1484,270514,96,320376
41669,0.040054,74.125.130.0-255,4320,274834,96,320376
41670,0.040058,172.31.47.0-255,66,274900,96,320376
41671,0.042285,74.125.130.0-255,5738,280638,96,320376
41672,0.042291,172.31.47.0-255,66,280704,96,320376
41673,0.044516,74.125.130.0-255,4320,285024,96,320376
41674,0.04452,172.31.47.0-255,66,285090,96,320376
41675,0.044549,74.125.130.0-255,1484,286574,96,320376
41676,0.046738,74.125.130.0-255,4320,290894,96,320376
41677,0.046742,172.31.47.0-255,66,290960,96,320376
41678,0.048966,74.125.130.0-255,5738,296698,96,320376
41679,0.048972,172.31.47.0-255,66,296764,96,320376
41680,0.051195,74.125.130.0-255,5738,302502,96,320376
41681,0.0512,172.31.47.0-255,66,302568,96,320376
41682,0.053413,74.125.130.0-255,2902,305470,96,320376
41683,0.053417,172.31.47.0-255,66,305536,96,320376
41684,0.053472,74.125.130.0-255,2902,308438,96,320376
41685,0.053477,172.31.47.0-255,66,308504,96,320376
41686,0.055647,74.125.130.0-255,2902,311406,96,320376
41687,0.055651,172.31.47.0-255,66,311472,96,320376
41688,0.055697,74.125.130.0-255,2902,314374,96,320376
41689,0.0557,172.31.47.0-255,66,314440,96,320376
41690,0.057877,74.125.130.0-255,2902,317342,96,320376
41691,0.057882,172.31.47.0-255,66,317408,96,320376
41692,0.057933,74.125.130.0-255,2902,320310,96,320376
41693,0.057937,172.31.47.0-255,66,320376,96,320376
41694,0.0,172.217.194.0-255,159,159,96,204858
41695,2.9e-05,172.31.47.0-255,66,225,96,204858
41696,3.6e-05,172.217.194.0-255,1484,1709,96,204858
41697,4.1e-05,172.31.47.0-255,66,1775,96,204858
41698,5.2e-05,172.217.194.0-255,2902,4677,96,204858
41699,5.4e-05,172.31.47.0-255,66,4743,96,204858
41700,5.9e-05,172.217.194.0-255,4320,9063,96,204858
41701,6.2e-05,172.31.47.0-255,66,9129,96,204858
41702,0.000109,172.217.194.0-255,4964,14093,96,204858
41703,0.000113,172.31.47.0-255,66,14159,96,204858
41704,0.000223,172.217.194.0-255,1484,15643,96,204858
41705,0.000228,172.31.47.0-255,66,15709,96,204858
41706,0.000234,172.217.194.0-255,2902,18611,96,204858
41707,0.000235,172.31.47.0-255,66,18677,96,204858
41708,0.00024,172.217.194.0-255,2902,21579,96,204858
41709,0.000248,172.31.47.0-255,66,21645,96,204858
41710,0.00028,172.217.194.0-255,2902,24547,96,204858
41711,0.000283,172.31.47.0-255,66,24613,96,204858
41712,0.000313,172.217.194.0-255,6797,31410,96,204858
41713,0.000317,172.31.47.0-255,66,31476,96,204858
41714,0.000378,172.217.194.0-255,1484,32960,96,204858
41715,0.000382,172.31.47.0-255,66,33026,96,204858
41716,0.000386,172.217.194.0-255,2902,35928,96,204858
41717,0.000389,172.31.47.0-255,66,35994,96,204858
41718,0.000425,172.217.194.0-255,5738,41732,96,204858
41719,0.00043,172.31.47.0-255,66,41798,96,204858
41720,0.000475,172.31.47.0-255,66,41864,96,204858
41721,0.000499,172.31.47.0-255,66,41930,96,204858
41722,0.000502,172.217.194.0-255,378,42308,96,204858
41723,0.000505,172.31.47.0-255,66,42374,96,204858
41724,0.000533,172.217.194.0-255,396,42770,96,204858
41725,0.000626,172.217.194.0-255,1484,44254,96,204858
41726,0.00063,172.31.47.0-255,66,44320,96,204858
41727,0.000633,172.217.194.0-255,1484,45804,96,204858
41728,0.000648,172.217.194.0-255,1484,47288,96,204858
41729,0.000651,172.31.47.0-255,66,47354,96,204858
41730,0.000658,172.217.194.0-255,5738,53092,96,204858
41731,0.00066,172.31.47.0-255,66,53158,96,204858
41732,0.000709,172.217.194.0-255,5738,58896,96,204858
41733,0.000712,172.31.47.0-255,66,58962,96,204858
41734,0.000737,172.217.194.0-255,576,59538,96,204858
41735,0.000875,172.217.194.0-255,1484,61022,96,204858
41736,0.000879,172.31.47.0-255,66,61088,96,204858
41737,0.000885,172.217.194.0-255,2902,63990,96,204858
41738,0.000887,172.31.47.0-255,66,64056,96,204858
41739,0.000892,172.217.194.0-255,5738,69794,96,204858
41740,0.0009,172.31.47.0-255,66,69860,96,204858
41741,0.000908,172.217.194.0-255,7156,77016,96,204858
41742,0.00091,172.31.47.0-255,66,77082,96,204858
41743,0.000944,172.217.194.0-255,5738,82820,96,204858
41744,0.000949,172.217.194.0-255,4320,87140,96,204858
41745,0.000948,172.31.47.0-255,66,87206,96,204858
41746,0.000953,172.31.47.0-255,66,87272,96,204858
41747,0.000973,172.217.194.0-255,6438,93710,96,204858
41748,0.000977,172.31.47.0-255,66,93776,96,204858
41749,0.001192,172.217.194.0-255,1484,95260,96,204858
41750,0.001206,172.217.194.0-255,2902,98162,96,204858
41751,0.001209,172.31.47.0-255,66,98228,96,204858
41752,0.001215,172.217.194.0-255,5738,103966,96,204858
41753,0.001217,172.31.47.0-255,66,104032,96,204858
41754,0.001221,172.217.194.0-255,2902,106934,96,204858
41755,0.001225,172.31.47.0-255,66,107000,96,204858
41756,0.00125,172.217.194.0-255,2902,109902,96,204858
41757,0.001258,172.31.47.0-255,66,109968,96,204858
41758,0.001271,172.31.47.0-255,66,110034,96,204858
41759,0.001276,172.217.194.0-255,5020,115054,96,204858
41760,0.001278,172.31.47.0-255,66,115120,96,204858
41761,0.001316,172.217.194.0-255,5738,120858,96,204858
41762,0.001319,172.31.47.0-255,66,120924,96,204858
41763,0.001333,172.31.47.0-255,66,120990,96,204858
41764,0.00135,172.31.47.0-255,66,121056,96,204858
41765,0.001375,172.217.194.0-255,1484,122540,96,204858
41766,0.001379,172.217.194.0-255,1484,124024,96,204858
41767,0.001382,172.31.47.0-255,66,124090,96,204858
41768,0.001416,172.31.47.0-255,66,124156,96,204858
41769,0.001422,172.217.194.0-255,5738,129894,96,204858
41770,0.001424,172.31.47.0-255,66,129960,96,204858
41771,0.001454,172.217.194.0-255,5738,135698,96,204858
41772,0.001457,172.31.47.0-255,66,135764,96,204858
41773,0.001471,172.31.47.0-255,66,135830,96,204858
41774,0.001495,172.217.194.0-255,5020,140850,96,204858
41775,0.001507,172.31.47.0-255,66,140916,96,204858
41776,0.001508,172.217.194.0-255,7156,148072,96,204858
41777,0.001511,172.31.47.0-255,66,148138,96,204858
41778,0.001523,172.217.194.0-255,5738,153876,96,204858
41779,0.001527,172.31.47.0-255,66,153942,96,204858
41780,0.001563,172.217.194.0-255,1484,155426,96,204858
41781,0.001579,172.31.47.0-255,66,155492,96,204858
41782,0.001584,172.217.194.0-255,3602,159094,96,204858
41783,0.001588,172.31.47.0-255,66,159160,96,204858
41784,0.001609,172.31.47.0-255,66,159226,96,204858
41785,0.001661,172.31.47.0-255,66,159292,96,204858
41786,0.001668,172.217.194.0-255,1484,160776,96,204858
41787,0.001672,172.217.194.0-255,2902,163678,96,204858
41788,0.001675,172.31.47.0-255,66,163744,96,204858
41789,0.001684,172.217.194.0-255,5738,169482,96,204858
41790,0.001688,172.31.47.0-255,66,169548,96,204858
41791,0.001757,172.31.47.0-255,66,169614,96,204858
41792,0.00177,172.217.194.0-255,1484,171098,96,204858
41793,0.001787,172.217.194.0-255,766,171864,96,204858
41794,0.001801,172.31.47.0-255,66,171930,96,204858
41795,0.002571,172.217.194.0-255,1484,173414,96,204858
41796,0.002578,172.217.194.0-255,2902,176316,96,204858
41797,0.002582,172.31.47.0-255,66,176382,96,204858
41798,0.002586,172.217.194.0-255,1484,177866,96,204858
41799,0.002622,172.217.194.0-255,4320,182186,96,204858
41800,0.002622,172.31.47.0-255,66,182252,96,204858
41801,0.002626,172.31.47.0-255,66,182318,96,204858
41802,0.002662,172.217.194.0-255,7156,189474,96,204858
41803,0.002665,172.31.47.0-255,66,189540,96,204858
41804,0.002681,172.31.47.0-255,66,189606,96,204858
41805,0.002715,172.217.194.0-255,2184,191790,96,204858
41806,0.002718,172.31.47.0-255,66,191856,96,204858
41807,0.002745,172.31.47.0-255,66,191922,96,204858
41808,0.00276,172.217.194.0-255,1484,193406,96,204858
41809,0.002766,172.217.194.0-255,6683,200089,96,204858
41810,0.002767,172.31.47.0-255,66,200155,96,204858
41811,0.002772,172.31.47.0-255,66,200221,96,204858
41812,0.002827,172.217.194.0-255,105,200326,96,204858
41813,0.003629,172.31.47.0-255,66,200392,96,204858
41814,0.003657,172.31.47.0-255,105,200497,96,204858
41815,0.005682,172.217.194.0-255,66,200563,96,204858
41816,0.02763,172.31.47.0-255,172,200735,96,204858
41817,0.027657,172.31.47.0-255,1109,201844,96,204858
41818,0.027686,172.31.47.0-255,1514,203358,96,204858
41819,0.027688,172.31.47.0-255,1302,204660,96,204858
41820,0.029164,104.244.42.0-255,66,204726,96,204858
41821,0.029194,104.244.42.0-255,66,204792,96,204858
41822,0.029242,104.244.42.0-255,66,204858,96,204858
41823,0.0,74.125.24.0-255,153,153,96,303342
41824,2.6e-05,172.31.47.0-255,66,219,96,303342
41825,3.3e-05,74.125.24.0-255,1484,1703,96,303342
41826,3.7e-05,172.31.47.0-255,66,1769,96,303342
41827,4.2e-05,74.125.24.0-255,2902,4671,96,303342
41828,4.4e-05,172.31.47.0-255,66,4737,96,303342
41829,4.8e-05,74.125.24.0-255,2902,7639,96,303342
41830,5e-05,172.31.47.0-255,66,7705,96,303342
41831,6.9e-05,74.125.24.0-255,5738,13443,96,303342
41832,7.2e-05,172.31.47.0-255,66,13509,96,303342
41833,0.000102,74.125.24.0-255,5044,18553,96,303342
41834,0.000105,172.31.47.0-255,66,18619,96,303342
41835,0.00011,74.125.24.0-255,5738,24357,96,303342
41836,0.000112,172.31.47.0-255,66,24423,96,303342
41837,0.000127,74.125.24.0-255,2902,27325,96,303342
41838,0.00013,172.31.47.0-255,66,27391,96,303342
41839,0.000171,172.31.47.0-255,66,27457,96,303342
41840,0.000178,74.125.24.0-255,5020,32477,96,303342
41841,0.000181,172.31.47.0-255,66,32543,96,303342
41842,0.000198,74.125.24.0-255,2902,35445,96,303342
41843,0.0002,172.31.47.0-255,66,35511,96,303342
41844,0.000225,74.125.24.0-255,5738,41249,96,303342
41845,0.000228,172.31.47.0-255,66,41315,96,303342
41846,0.000272,172.31.47.0-255,66,41381,96,303342
41847,0.000301,74.125.24.0-255,1484,42865,96,303342
41848,0.000304,172.31.47.0-255,66,42931,96,303342
41849,0.000309,74.125.24.0-255,1484,44415,96,303342
41850,0.000313,172.31.47.0-255,66,44481,96,303342
41851,0.000323,74.125.24.0-255,1484,45965,96,303342
41852,0.000325,172.31.47.0-255,66,46031,96,303342
41853,0.000331,74.125.24.0-255,4320,50351,96,303342
41854,0.000334,172.31.47.0-255,66,50417,96,303342
41855,0.000356,74.125.24.0-255,1484,51901,96,303342
41856,0.000366,74.125.24.0-255,7156,59057,96,303342
41857,0.000369,172.31.47.0-255,66,59123,96,303342
41858,0.000398,172.31.47.0-255,66,59189,96,303342
41859,0.00042,74.125.24.0-255,4320,63509,96,303342
41860,0.000423,172.31.47.0-255,66,63575,96,303342
41861,0.000426,74.125.24.0-255,2184,65759,96,303342
41862,0.000429,172.31.47.0-255,66,65825,96,303342
41863,0.000731,74.125.24.0-255,1484,67309,96,303342
41864,0.000736,74.125.24.0-255,2902,70211,96,303342
41865,0.000739,172.31.47.0-255,66,70277,96,303342
41866,0.000746,74.125.24.0-255,5738,76015,96,303342
41867,0.000748,172.31.47.0-255,66,76081,96,303342
41868,0.000776,74.125.24.0-255,6497,82578,96,303342
41869,0.00078,172.31.47.0-255,66,82644,96,303342
41870,0.000891,74.125.24.0-255,1484,84128,96,303342
41871,0.000895,74.125.24.0-255,1484,85612,96,303342
41872,0.000898,172.31.47.0-255,66,85678,96,303342
41873,0.00092,74.125.24.0-255,1484,87162,96,303342
41874,0.000926,74.125.24.0-255,5738,92900,96,303342
41875,0.000929,172.31.47.0-255,66,92966,96,303342
41876,0.000935,74.125.24.0-255,5738,98704,96,303342
41877,0.000937,172.31.47.0-255,66,98770,96,303342
41878,0.00096,74.125.24.0-255,1484,100254,96,303342
41879,0.00097,172.31.47.0-255,66,100320,96,303342
41880,0.00099,74.125.24.0-255,4320,104640,96,303342
41881,0.000992,172.31.47.0-255,66,104706,96,303342
41882,0.000995,74.125.24.0-255,2184,106890,96,303342
41883,0.000997,172.31.47.0-255,66,106956,96,303342
41884,0.001174,74.125.24.0-255,1484,108440,96,303342
41885,0.001192,74.125.24.0-255,2902,111342,96,303342
41886,0.001195,172.31.47.0-255,66,111408,96,303342
41887,0.001227,74.125.24.0-255,2902,114310,96,303342
41888,0.001229,172.31.47.0-255,66,114376,96,303342
41889,0.001252,74.125.24.0-255,2902,117278,96,303342
41890,0.001255,172.31.47.0-255,66,117344,96,303342
41891,0.001264,172.31.47.0-255,66,117410,96,303342
41892,0.00127,74.125.24.0-255,5738,123148,96,303342
41893,0.001271,172.31.47.0-255,66,123214,96,303342
41894,0.001296,74.125.24.0-255,5738,128952,96,303342
41895,0.001299,172.31.47.0-255,66,129018,96,303342
41896,0.001302,74.125.24.0-255,2184,131202,96,303342
41897,0.001304,172.31.47.0-255,66,131268,96,303342
41898,0.001731,74.125.24.0-255,1484,132752,96,303342
41899,0.00174,74.125.24.0-255,2902,135654,96,303342
41900,0.001743,172.31.47.0-255,66,135720,96,303342
41901,0.001747,74.125.24.0-255,2902,138622,96,303342
41902,0.001749,172.31.47.0-255,66,138688,96,303342
41903,0.001766,74.125.24.0-255,2902,141590,96,303342
41904,0.001769,172.31.47.0-255,66,141656,96,303342
41905,0.001785,74.125.24.0-255,2902,144558,96,303342
41906,0.001788,172.31.47.0-255,66,144624,96,303342
41907,0.001823,172.31.47.0-255,66,144690,96,303342
41908,0.001827,74.125.24.0-255,2902,147592,96,303342
41909,0.001828,172.31.47.0-255,66,147658,96,303342
41910,0.001865,172.31.47.0-255,66,147724,96,303342
41911,0.002289,74.125.24.0-255,1484,149208,96,303342
41912,0.002297,74.125.24.0-255,2902,152110,96,303342
41913,0.002301,172.31.47.0-255,66,152176,96,303342
41914,0.002308,74.125.24.0-255,5738,157914,96,303342
41915,0.00231,172.31.47.0-255,66,157980,96,303342
41916,0.002314,74.125.24.0-255,1484,159464,96,303342
41917,0.002338,74.125.24.0-255,2902,162366,96,303342
41918,0.00234,172.31.47.0-255,66,162432,96,303342
41919,0.00237,172.31.47.0-255,66,162498,96,303342
41920,0.004688,74.125.24.0-255,5738,168236,96,303342
41921,0.004692,172.31.47.0-255,66,168302,96,303342
41922,0.007008,74.125.24.0-255,5738,174040,96,303342
41923,0.007015,172.31.47.0-255,66,174106,96,303342
41924,0.009374,74.125.24.0-255,5738,179844,96,303342
41925,0.009383,172.31.47.0-255,66,179910,96,303342
41926,0.01169,74.125.24.0-255,5738,185648,96,303342
41927,0.011696,172.31.47.0-255,66,185714,96,303342
41928,0.014041,74.125.24.0-255,5738,191452,96,303342
41929,0.014048,172.31.47.0-255,66,191518,96,303342
41930,0.016424,74.125.24.0-255,5738,197256,96,303342
41931,0.016433,172.31.47.0-255,66,197322,96,303342
41932,0.018745,74.125.24.0-255,5738,203060,96,303342
41933,0.018751,172.31.47.0-255,66,203126,96,303342
41934,0.02122,74.125.24.0-255,5738,208864,96,303342
41935,0.021227,172.31.47.0-255,66,208930,96,303342
41936,0.022278,172.31.47.0-255,172,209102,96,303342
41937,0.022304,172.31.47.0-255,1109,210211,96,303342
41938,0.022337,172.31.47.0-255,1514,211725,96,303342
41939,0.022338,172.31.47.0-255,335,212060,96,303342
41940,0.023561,74.125.24.0-255,5738,217798,96,303342
41941,0.023565,172.31.47.0-255,66,217864,96,303342
41942,0.023802,104.244.42.0-255,66,217930,96,303342
41943,0.023874,104.244.42.0-255,66,217996,96,303342
41944,0.023879,104.244.42.0-255,66,218062,96,303342
41945,0.025901,74.125.24.0-255,4320,222382,96,303342
41946,0.025905,172.31.47.0-255,66,222448,96,303342
41947,0.025933,74.125.24.0-255,1484,223932,96,303342
41948,0.028246,74.125.24.0-255,4320,228252,96,303342
41949,0.02825,172.31.47.0-255,66,228318,96,303342
41950,0.030573,74.125.24.0-255,5738,234056,96,303342
41951,0.030578,172.31.47.0-255,66,234122,96,303342
41952,0.032912,74.125.24.0-255,5738,239860,96,303342
41953,0.032916,172.31.47.0-255,66,239926,96,303342
41954,0.03524,74.125.24.0-255,5738,245664,96,303342
41955,0.035244,172.31.47.0-255,66,245730,96,303342
41956,0.037584,74.125.24.0-255,5738,251468,96,303342
41957,0.037588,172.31.47.0-255,66,251534,96,303342
41958,0.03992,74.125.24.0-255,4320,255854,96,303342
41959,0.039925,172.31.47.0-255,66,255920,96,303342
41960,0.03995,74.125.24.0-255,1484,257404,96,303342
41961,0.042232,74.125.24.0-255,4320,261724,96,303342
41962,0.042237,172.31.47.0-255,66,261790,96,303342
41963,0.044613,74.125.24.0-255,5738,267528,96,303342
41964,0.044618,172.31.47.0-255,66,267594,96,303342
41965,0.046968,74.125.24.0-255,2902,270496,96,303342
41966,0.046972,172.31.47.0-255,66,270562,96,303342
41967,0.046999,74.125.24.0-255,2902,273464,96,303342
41968,0.047002,172.31.47.0-255,66,273530,96,303342
41969,0.049285,74.125.24.0-255,2902,276432,96,303342
41970,0.04929,172.31.47.0-255,66,276498,96,303342
41971,0.049318,74.125.24.0-255,2902,279400,96,303342
41972,0.04932,172.31.47.0-255,66,279466,96,303342
41973,0.051635,74.125.24.0-255,2902,282368,96,303342
41974,0.051639,172.31.47.0-255,66,282434,96,303342
41975,0.051668,74.125.24.0-255,1484,283918,96,303342
41976,0.051679,74.125.24.0-255,1484,285402,96,303342
41977,0.051682,172.31.47.0-255,66,285468,96,303342
41978,0.053966,74.125.24.0-255,2902,288370,96,303342
41979,0.05397,172.31.47.0-255,66,288436,96,303342
41980,0.054027,74.125.24.0-255,2902,291338,96,303342
41981,0.054031,172.31.47.0-255,66,291404,96,303342
41982,0.056283,74.125.24.0-255,2902,294306,96,303342
41983,0.056287,172.31.47.0-255,66,294372,96,303342
41984,0.056345,74.125.24.0-255,1484,295856,96,303342
41985,0.056362,74.125.24.0-255,1484,297340,96,303342
41986,0.056365,172.31.47.0-255,66,297406,96,303342
41987,0.058579,74.125.24.0-255,2902,300308,96,303342
41988,0.058585,172.31.47.0-255,66,300374,96,303342
41989,0.058686,74.125.24.0-255,2902,303276,96,303342
41990,0.058691,172.31.47.0-255,66,303342,96,303342
41991,0.0,74.125.24.0-255,153,153,96,284405
41992,3.1e-05,172.31.47.0-255,66,219,96,284405
41993,3.7e-05,74.125.24.0-255,1484,1703,96,284405
41994,4.2e-05,172.31.47.0-255,66,1769,96,284405
41995,4.6e-05,74.125.24.0-255,2902,4671,96,284405
41996,4.9e-05,172.31.47.0-255,66,4737,96,284405
41997,5.3e-05,74.125.24.0-255,2902,7639,96,284405
41998,5.5e-05,172.31.47.0-255,66,7705,96,284405
41999,0.0001,74.125.24.0-255,4320,12025,96,284405
42000,0.000103,172.31.47.0-255,66,12091,96,284405
42001,0.000119,74.125.24.0-255,1974,14065,96,284405
42002,0.000122,172.31.47.0-255,66,14131,96,284405
42003,0.000539,74.125.24.0-255,1484,15615,96,284405
42004,0.000544,172.31.47.0-255,66,15681,96,284405
42005,0.000552,74.125.24.0-255,1484,17165,96,284405
42006,0.000555,172.31.47.0-255,66,17231,96,284405
42007,0.000579,74.125.24.0-255,1484,18715,96,284405
42008,0.000582,172.31.47.0-255,66,18781,96,284405
42009,0.000589,74.125.24.0-255,5738,24519,96,284405
42010,0.000591,172.31.47.0-255,66,24585,96,284405
42011,0.000595,74.125.24.0-255,1484,26069,96,284405
42012,0.000596,172.31.47.0-255,66,26135,96,284405
42013,0.000627,172.31.47.0-255,66,26201,96,284405
42014,0.000691,172.31.47.0-255,66,26267,96,284405
42015,0.000703,172.31.47.0-255,66,26333,96,284405
42016,0.000706,74.125.24.0-255,766,27099,96,284405
42017,0.000708,172.31.47.0-255,66,27165,96,284405
42018,0.000726,74.125.24.0-255,399,27564,96,284405
42019,0.000728,172.31.47.0-255,66,27630,96,284405
42020,0.000929,74.125.24.0-255,109,27739,96,284405
42021,0.001111,74.125.24.0-255,1484,29223,96,284405
42022,0.001117,74.125.24.0-255,2902,32125,96,284405
42023,0.00112,74.125.24.0-255,1484,33609,96,284405
42024,0.001133,74.125.24.0-255,2902,36511,96,284405
42025,0.001155,74.125.24.0-255,1484,37995,96,284405
42026,0.001172,74.125.24.0-255,5738,43733,96,284405
42027,0.001183,74.125.24.0-255,4320,48053,96,284405
42028,0.001195,74.125.24.0-255,766,48819,96,284405
42029,0.001442,74.125.24.0-255,1484,50303,96,284405
42030,0.001455,74.125.24.0-255,1484,51787,96,284405
42031,0.00147,74.125.24.0-255,1484,53271,96,284405
42032,0.001473,74.125.24.0-255,1484,54755,96,284405
42033,0.001492,74.125.24.0-255,4320,59075,96,284405
42034,0.001502,74.125.24.0-255,2902,61977,96,284405
42035,0.00152,74.125.24.0-255,5738,67715,96,284405
42036,0.001532,74.125.24.0-255,4320,72035,96,284405
42037,0.001535,74.125.24.0-255,1484,73519,96,284405
42038,0.001537,74.125.24.0-255,1484,75003,96,284405
42039,0.00155,74.125.24.0-255,1484,76487,96,284405
42040,0.001563,74.125.24.0-255,5738,82225,96,284405
42041,0.001565,74.125.24.0-255,766,82991,96,284405
42042,0.001673,74.125.24.0-255,1484,84475,96,284405
42043,0.001686,74.125.24.0-255,1484,85959,96,284405
42044,0.001697,74.125.24.0-255,1484,87443,96,284405
42045,0.001699,74.125.24.0-255,1484,88927,96,284405
42046,0.001713,74.125.24.0-255,4320,93247,96,284405
42047,0.001732,74.125.24.0-255,2902,96149,96,284405
42048,0.001749,74.125.24.0-255,7156,103305,96,284405
42049,0.001759,74.125.24.0-255,1484,104789,96,284405
42050,0.001777,74.125.24.0-255,1484,106273,96,284405
42051,0.001801,74.125.24.0-255,2902,109175,96,284405
42052,0.002238,74.125.24.0-255,1484,110659,96,284405
42053,0.002242,74.125.24.0-255,2902,113561,96,284405
42054,0.002252,74.125.24.0-255,1484,115045,96,284405
42055,0.002276,74.125.24.0-255,4320,119365,96,284405
42056,0.002281,74.125.24.0-255,4320,123685,96,284405
42057,0.002297,74.125.24.0-255,4320,128005,96,284405
42058,0.002311,74.125.24.0-255,4320,132325,96,284405
42059,0.002314,74.125.24.0-255,1484,133809,96,284405
42060,0.00236,74.125.24.0-255,4320,138129,96,284405
42061,0.002378,74.125.24.0-255,2902,141031,96,284405
42062,0.002388,74.125.24.0-255,2184,143215,96,284405
42063,0.002573,172.31.47.0-255,66,143281,96,284405
42064,0.004986,74.125.24.0-255,5738,149019,96,284405
42065,0.004991,172.31.47.0-255,66,149085,96,284405
42066,0.00734,74.125.24.0-255,5738,154823,96,284405
42067,0.007348,172.31.47.0-255,66,154889,96,284405
42068,0.009747,74.125.24.0-255,5738,160627,96,284405
42069,0.009754,172.31.47.0-255,66,160693,96,284405
42070,0.012109,74.125.24.0-255,5738,166431,96,284405
42071,0.012116,172.31.47.0-255,66,166497,96,284405
42072,0.014485,74.125.24.0-255,5738,172235,96,284405
42073,0.014496,172.31.47.0-255,66,172301,96,284405
42074,0.016847,74.125.24.0-255,5738,178039,96,284405
42075,0.016854,172.31.47.0-255,66,178105,96,284405
42076,0.019208,74.125.24.0-255,5738,183843,96,284405
42077,0.019216,172.31.47.0-255,66,183909,96,284405
42078,0.020594,172.31.47.0-255,172,184081,96,284405
42079,0.020625,172.31.47.0-255,1111,185192,96,284405
42080,0.020658,172.31.47.0-255,1514,186706,96,284405
42081,0.02066,172.31.47.0-255,1514,188220,96,284405
42082,0.020664,172.31.47.0-255,1514,189734,96,284405
42083,0.020665,172.31.47.0-255,1081,190815,96,284405
42084,0.021597,74.125.24.0-255,5738,196553,96,284405
42085,0.021604,172.31.47.0-255,66,196619,96,284405
42086,0.022168,104.244.42.0-255,66,196685,96,284405
42087,0.022226,104.244.42.0-255,66,196751,96,284405
42088,0.022267,104.244.42.0-255,66,196817,96,284405
42089,0.022272,104.244.42.0-255,66,196883,96,284405
42090,0.023972,74.125.24.0-255,4320,201203,96,284405
42091,0.023979,172.31.47.0-255,66,201269,96,284405
42092,0.024013,74.125.24.0-255,1484,202753,96,284405
42093,0.026356,74.125.24.0-255,4320,207073,96,284405
42094,0.026362,172.31.47.0-255,66,207139,96,284405
42095,0.02871,74.125.24.0-255,5738,212877,96,284405
42096,0.028751,172.31.47.0-255,66,212943,96,284405
42097,0.03112,74.125.24.0-255,5738,218681,96,284405
42098,0.031129,172.31.47.0-255,66,218747,96,284405
42099,0.033487,74.125.24.0-255,5738,224485,96,284405
42100,0.033492,172.31.47.0-255,66,224551,96,284405
42101,0.035862,74.125.24.0-255,5738,230289,96,284405
42102,0.035867,172.31.47.0-255,66,230355,96,284405
42103,0.038228,74.125.24.0-255,4320,234675,96,284405
42104,0.038233,172.31.47.0-255,66,234741,96,284405
42105,0.038247,74.125.24.0-255,1484,236225,96,284405
42106,0.04059,74.125.24.0-255,2902,239127,96,284405
42107,0.040595,172.31.47.0-255,66,239193,96,284405
42108,0.040614,74.125.24.0-255,1484,240677,96,284405
42109,0.042953,74.125.24.0-255,2902,243579,96,284405
42110,0.042958,172.31.47.0-255,66,243645,96,284405
42111,0.042976,74.125.24.0-255,1484,245129,96,284405
42112,0.045294,74.125.24.0-255,4320,249449,96,284405
42113,0.045358,172.31.47.0-255,66,249515,96,284405
42114,0.04774,74.125.24.0-255,5738,255253,96,284405
42115,0.047808,172.31.47.0-255,66,255319,96,284405
42116,0.050152,74.125.24.0-255,5738,261057,96,284405
42117,0.050159,172.31.47.0-255,66,261123,96,284405
42118,0.052519,74.125.24.0-255,5738,266861,96,284405
42119,0.052525,172.31.47.0-255,66,266927,96,284405
42120,0.054883,74.125.24.0-255,5738,272665,96,284405
42121,0.054888,172.31.47.0-255,66,272731,96,284405
42122,0.057256,74.125.24.0-255,5738,278469,96,284405
42123,0.057262,172.31.47.0-255,66,278535,96,284405
42124,0.059589,74.125.24.0-255,4320,282855,96,284405
42125,0.059595,172.31.47.0-255,66,282921,96,284405
42126,0.059625,74.125.24.0-255,1484,284405,96,284405
42127,0.0,74.125.24.0-255,153,153,96,303667
42128,2.1e-05,172.31.47.0-255,66,219,96,303667
42129,2.8e-05,74.125.24.0-255,1484,1703,96,303667
42130,3.2e-05,172.31.47.0-255,66,1769,96,303667
42131,3.7e-05,74.125.24.0-255,2902,4671,96,303667
42132,4e-05,172.31.47.0-255,66,4737,96,303667
42133,4.5e-05,74.125.24.0-255,4320,9057,96,303667
42134,4.8e-05,172.31.47.0-255,66,9123,96,303667
42135,7.6e-05,74.125.24.0-255,2902,12025,96,303667
42136,8.1e-05,172.31.47.0-255,66,12091,96,303667
42137,8.7e-05,74.125.24.0-255,4320,16411,96,303667
42138,9e-05,172.31.47.0-255,66,16477,96,303667
42139,0.000122,172.31.47.0-255,66,16543,96,303667
42140,0.000162,172.31.47.0-255,66,16609,96,303667
42141,0.00021,74.125.24.0-255,4320,20929,96,303667
42142,0.000213,172.31.47.0-255,66,20995,96,303667
42143,0.000234,74.125.24.0-255,3602,24597,96,303667
42144,0.000238,172.31.47.0-255,66,24663,96,303667
42145,0.003702,74.125.24.0-255,1484,26147,96,303667
42146,0.003708,172.31.47.0-255,66,26213,96,303667
42147,0.003717,74.125.24.0-255,2902,29115,96,303667
42148,0.003719,172.31.47.0-255,66,29181,96,303667
42149,0.003726,74.125.24.0-255,5738,34919,96,303667
42150,0.003728,172.31.47.0-255,66,34985,96,303667
42151,0.003733,74.125.24.0-255,4320,39305,96,303667
42152,0.003735,172.31.47.0-255,66,39371,96,303667
42153,0.003753,74.125.24.0-255,1484,40855,96,303667
42154,0.003754,172.31.47.0-255,66,40921,96,303667
42155,0.003779,74.125.24.0-255,1481,42402,96,303667
42156,0.003781,172.31.47.0-255,66,42468,96,303667
42157,0.010311,74.125.24.0-255,1484,43952,96,303667
42158,0.010325,74.125.24.0-255,2902,46854,96,303667
42159,0.010332,172.31.47.0-255,66,46920,96,303667
42160,0.01034,74.125.24.0-255,4320,51240,96,303667
42161,0.010343,74.125.24.0-255,1484,52724,96,303667
42162,0.010364,74.125.24.0-255,7156,59880,96,303667
42163,0.010384,74.125.24.0-255,4320,64200,96,303667
42164,0.0104,74.125.24.0-255,1484,65684,96,303667
42165,0.010423,172.31.47.0-255,66,65750,96,303667
42166,0.010434,74.125.24.0-255,2902,68652,96,303667
42167,0.010441,172.31.47.0-255,66,68718,96,303667
42168,0.010511,172.31.47.0-255,66,68784,96,303667
42169,0.015668,74.125.24.0-255,1484,70268,96,303667
42170,0.015682,74.125.24.0-255,2902,73170,96,303667
42171,0.015691,172.31.47.0-255,66,73236,96,303667
42172,0.0157,74.125.24.0-255,5738,78974,96,303667
42173,0.015707,74.125.24.0-255,7156,86130,96,303667
42174,0.015725,74.125.24.0-255,2902,89032,96,303667
42175,0.015753,74.125.24.0-255,7156,96188,96,303667
42176,0.015772,74.125.24.0-255,6438,102626,96,303667
42177,0.0158,172.31.47.0-255,66,102692,96,303667
42178,0.015821,74.125.24.0-255,4320,107012,96,303667
42179,0.015897,74.125.24.0-255,7156,114168,96,303667
42180,0.015901,172.31.47.0-255,66,114234,96,303667
42181,0.015914,74.125.24.0-255,7156,121390,96,303667
42182,0.01593,74.125.24.0-255,5020,126410,96,303667
42183,0.015974,172.31.47.0-255,66,126476,96,303667
42184,0.017944,74.125.24.0-255,1484,127960,96,303667
42185,0.017951,74.125.24.0-255,2902,130862,96,303667
42186,0.017955,172.31.47.0-255,66,130928,96,303667
42187,0.017961,74.125.24.0-255,4320,135248,96,303667
42188,0.017977,74.125.24.0-255,1484,136732,96,303667
42189,0.017979,74.125.24.0-255,1484,138216,96,303667
42190,0.018003,74.125.24.0-255,5738,143954,96,303667
42191,0.018009,172.31.47.0-255,66,144020,96,303667
42192,0.018062,172.31.47.0-255,66,144086,96,303667
42193,0.01809,74.125.24.0-255,2184,146270,96,303667
42194,0.018096,172.31.47.0-255,66,146336,96,303667
42195,0.020491,172.31.47.0-255,171,146507,96,303667
42196,0.020522,172.31.47.0-255,1134,147641,96,303667
42197,0.020554,172.31.47.0-255,1514,149155,96,303667
42198,0.020556,172.31.47.0-255,1277,150432,96,303667
42199,0.020913,74.125.24.0-255,1484,151916,96,303667
42200,0.020937,74.125.24.0-255,2902,154818,96,303667
42201,0.020942,172.31.47.0-255,66,154884,96,303667
42202,0.020949,74.125.24.0-255,5738,160622,96,303667
42203,0.020952,74.125.24.0-255,1484,162106,96,303667
42204,0.020959,172.31.47.0-255,66,162172,96,303667
42205,0.020992,172.31.47.0-255,66,162238,96,303667
42206,0.02103,74.125.24.0-255,4320,166558,96,303667
42207,0.021035,172.31.47.0-255,66,166624,96,303667
42208,0.021043,74.125.24.0-255,4320,170944,96,303667
42209,0.021049,172.31.47.0-255,66,171010,96,303667
42210,0.021064,74.125.24.0-255,1484,172494,96,303667
42211,0.021091,172.31.47.0-255,66,172560,96,303667
42212,0.02118,74.125.24.0-255,5738,178298,96,303667
42213,0.021495,172.31.47.0-255,66,178364,96,303667
42214,0.022048,104.244.42.0-255,66,178430,96,303667
42215,0.022071,74.125.24.0-255,1484,179914,96,303667
42216,0.02209,74.125.24.0-255,2902,182816,96,303667
42217,0.022095,172.31.47.0-255,66,182882,96,303667
42218,0.022098,104.244.42.0-255,66,182948,96,303667
42219,0.022106,74.125.24.0-255,5738,188686,96,303667
42220,0.022111,172.31.47.0-255,66,188752,96,303667
42221,0.022129,104.244.42.0-255,66,188818,96,303667
42222,0.022138,74.125.24.0-255,7156,195974,96,303667
42223,0.022148,172.31.47.0-255,66,196040,96,303667
42224,0.022159,74.125.24.0-255,5738,201778,96,303667
42225,0.022163,172.31.47.0-255,66,201844,96,303667
42226,0.022178,74.125.24.0-255,7156,209000,96,303667
42227,0.022187,172.31.47.0-255,66,209066,96,303667
42228,0.02222,74.125.24.0-255,3602,212668,96,303667
42229,0.022225,172.31.47.0-255,66,212734,96,303667
42230,0.023137,74.125.24.0-255,1484,214218,96,303667
42231,0.023154,74.125.24.0-255,2902,217120,96,303667
42232,0.023158,172.31.47.0-255,66,217186,96,303667
42233,0.023165,74.125.24.0-255,5738,222924,96,303667
42234,0.023177,74.125.24.0-255,2902,225826,96,303667
42235,0.023188,74.125.24.0-255,5738,231564,96,303667
42236,0.023201,74.125.24.0-255,4320,235884,96,303667
42237,0.023204,172.31.47.0-255,66,235950,96,303667
42238,0.023209,172.31.47.0-255,66,236016,96,303667
42239,0.023242,74.125.24.0-255,4320,240336,96,303667
42240,0.023248,172.31.47.0-255,66,240402,96,303667
42241,0.023269,74.125.24.0-255,5738,246140,96,303667
42242,0.023278,172.31.47.0-255,66,246206,96,303667
42243,0.023308,74.125.24.0-255,2902,249108,96,303667
42244,0.023313,172.31.47.0-255,66,249174,96,303667
42245,0.023367,172.31.47.0-255,66,249240,96,303667
42246,0.023369,74.125.24.0-255,766,250006,96,303667
42247,0.02338,74.125.24.0-255,4320,254326,96,303667
42248,0.023382,172.31.47.0-255,66,254392,96,303667
42249,0.023402,74.125.24.0-255,7156,261548,96,303667
42250,0.023412,172.31.47.0-255,66,261614,96,303667
42251,0.023427,74.125.24.0-255,6438,268052,96,303667
42252,0.023432,172.31.47.0-255,66,268118,96,303667
42253,0.023933,74.125.24.0-255,1484,269602,96,303667
42254,0.023941,74.125.24.0-255,2902,272504,96,303667
42255,0.023944,172.31.47.0-255,66,272570,96,303667
42256,0.023961,74.125.24.0-255,2902,275472,96,303667
42257,0.023975,74.125.24.0-255,2902,278374,96,303667
42258,0.023978,74.125.24.0-255,1484,279858,96,303667
42259,0.023982,74.125.24.0-255,4320,284178,96,303667
42260,0.023999,74.125.24.0-255,4320,288498,96,303667
42261,0.024022,74.125.24.0-255,2902,291400,96,303667
42262,0.024027,172.31.47.0-255,66,291466,96,303667
42263,0.024061,172.31.47.0-255,66,291532,96,303667
42264,0.024186,74.125.24.0-255,1484,293016,96,303667
42265,0.024204,74.125.24.0-255,2902,295918,96,303667
42266,0.024207,172.31.47.0-255,66,295984,96,303667
42267,0.024213,74.125.24.0-255,4320,300304,96,303667
42268,0.024221,172.31.47.0-255,66,300370,96,303667
42269,0.024226,74.125.24.0-255,1484,301854,96,303667
42270,0.024257,74.125.24.0-255,1405,303259,96,303667
42271,0.024261,172.31.47.0-255,66,303325,96,303667
42272,0.024276,74.125.24.0-255,105,303430,96,303667
42273,0.024352,172.31.47.0-255,66,303496,96,303667
42274,0.024372,172.31.47.0-255,105,303601,96,303667
42275,0.026932,74.125.24.0-255,66,303667,96,303667
42276,0.0,74.125.130.0-255,302,302,96,296602
42277,1.7e-05,172.31.47.0-255,66,368,96,296602
42278,2.3e-05,74.125.130.0-255,1484,1852,96,296602
42279,2.7e-05,172.31.47.0-255,66,1918,96,296602
42280,3.4e-05,74.125.130.0-255,4320,6238,96,296602
42281,3.7e-05,172.31.47.0-255,66,6304,96,296602
42282,4e-05,74.125.130.0-255,1484,7788,96,296602
42283,4.2e-05,172.31.47.0-255,66,7854,96,296602
42284,7.1e-05,74.125.130.0-255,1484,9338,96,296602
42285,7.3e-05,172.31.47.0-255,66,9404,96,296602
42286,7.8e-05,74.125.130.0-255,4320,13724,96,296602
42287,8.1e-05,172.31.47.0-255,66,13790,96,296602
42288,8.3e-05,74.125.130.0-255,359,14149,96,296602
42289,8.5e-05,172.31.47.0-255,66,14215,96,296602
42290,0.000231,74.125.130.0-255,1484,15699,96,296602
42291,0.000236,172.31.47.0-255,66,15765,96,296602
42292,0.000257,74.125.130.0-255,2902,18667,96,296602
42293,0.00026,172.31.47.0-255,66,18733,96,296602
42294,0.000287,74.125.130.0-255,5738,24471,96,296602
42295,0.00029,172.31.47.0-255,66,24537,96,296602
42296,0.000304,74.125.130.0-255,2902,27439,96,296602
42297,0.000305,172.31.47.0-255,66,27505,96,296602
42298,0.000318,74.125.130.0-255,1484,28989,96,296602
42299,0.00032,172.31.47.0-255,66,29055,96,296602
42300,0.00037,74.125.130.0-255,2543,31598,96,296602
42301,0.000373,172.31.47.0-255,66,31664,96,296602
42302,0.000435,74.125.130.0-255,1484,33148,96,296602
42303,0.000439,172.31.47.0-255,66,33214,96,296602
42304,0.000444,74.125.130.0-255,2902,36116,96,296602
42305,0.000446,172.31.47.0-255,66,36182,96,296602
42306,0.000458,74.125.130.0-255,1484,37666,96,296602
42307,0.00046,172.31.47.0-255,66,37732,96,296602
42308,0.000482,74.125.130.0-255,1484,39216,96,296602
42309,0.000488,74.125.130.0-255,4320,43536,96,296602
42310,0.000491,172.31.47.0-255,66,43602,96,296602
42311,0.00051,74.125.130.0-255,1484,45086,96,296602
42312,0.000519,74.125.130.0-255,1484,46570,96,296602
42313,0.000521,172.31.47.0-255,66,46636,96,296602
42314,0.000536,74.125.130.0-255,2543,49179,96,296602
42315,0.000539,172.31.47.0-255,66,49245,96,296602
42316,0.000594,74.125.130.0-255,1484,50729,96,296602
42317,0.000599,74.125.130.0-255,2902,53631,96,296602
42318,0.000601,172.31.47.0-255,66,53697,96,296602
42319,0.000604,74.125.130.0-255,1484,55181,96,296602
42320,0.000627,74.125.130.0-255,2902,58083,96,296602
42321,0.00063,172.31.47.0-255,66,58149,96,296602
42322,0.000633,74.125.130.0-255,1484,59633,96,296602
42323,0.000655,74.125.130.0-255,4320,63953,96,296602
42324,0.000659,172.31.47.0-255,66,64019,96,296602
42325,0.000662,74.125.130.0-255,2543,66562,96,296602
42326,0.000665,172.31.47.0-255,66,66628,96,296602
42327,0.000686,74.125.130.0-255,377,67005,96,296602
42328,0.000797,74.125.130.0-255,367,67372,96,296602
42329,0.001036,74.125.130.0-255,1484,68856,96,296602
42330,0.001042,172.31.47.0-255,66,68922,96,296602
42331,0.00106,74.125.130.0-255,2902,71824,96,296602
42332,0.001062,172.31.47.0-255,66,71890,96,296602
42333,0.001065,74.125.130.0-255,1484,73374,96,296602
42334,0.001081,74.125.130.0-255,2902,76276,96,296602
42335,0.001083,74.125.130.0-255,1484,77760,96,296602
42336,0.00109,172.31.47.0-255,66,77826,96,296602
42337,0.001096,74.125.130.0-255,4320,82146,96,296602
42338,0.001098,172.31.47.0-255,66,82212,96,296602
42339,0.001111,74.125.130.0-255,2902,85114,96,296602
42340,0.001113,172.31.47.0-255,66,85180,96,296602
42341,0.001135,74.125.130.0-255,1125,86305,96,296602
42342,0.00114,74.125.130.0-255,4320,90625,96,296602
42343,0.001142,172.31.47.0-255,66,90691,96,296602
42344,0.001184,172.31.47.0-255,66,90757,96,296602
42345,0.001201,74.125.130.0-255,1125,91882,96,296602
42346,0.001492,172.31.47.0-255,66,91948,96,296602
42347,0.001749,74.125.130.0-255,1484,93432,96,296602
42348,0.001768,74.125.130.0-255,2902,96334,96,296602
42349,0.001771,172.31.47.0-255,66,96400,96,296602
42350,0.001777,74.125.130.0-255,2902,99302,96,296602
42351,0.001779,172.31.47.0-255,66,99368,96,296602
42352,0.001791,74.125.130.0-255,1484,100852,96,296602
42353,0.001803,74.125.130.0-255,2902,103754,96,296602
42354,0.001805,172.31.47.0-255,66,103820,96,296602
42355,0.001828,74.125.130.0-255,5738,109558,96,296602
42356,0.00183,172.31.47.0-255,66,109624,96,296602
42357,0.001834,74.125.130.0-255,2902,112526,96,296602
42358,0.001835,172.31.47.0-255,66,112592,96,296602
42359,0.001867,74.125.130.0-255,2902,115494,96,296602
42360,0.001869,172.31.47.0-255,66,115560,96,296602
42361,0.001898,172.31.47.0-255,66,115626,96,296602
42362,0.001901,74.125.130.0-255,766,116392,96,296602
42363,0.002042,74.125.130.0-255,1484,117876,96,296602
42364,0.002045,172.31.47.0-255,66,117942,96,296602
42365,0.002058,74.125.130.0-255,2902,120844,96,296602
42366,0.00206,172.31.47.0-255,66,120910,96,296602
42367,0.002076,74.125.130.0-255,1484,122394,96,296602
42368,0.002088,74.125.130.0-255,2902,125296,96,296602
42369,0.00209,172.31.47.0-255,66,125362,96,296602
42370,0.002123,74.125.130.0-255,2902,128264,96,296602
42371,0.002125,172.31.47.0-255,66,128330,96,296602
42372,0.002145,74.125.130.0-255,4320,132650,96,296602
42373,0.002147,172.31.47.0-255,66,132716,96,296602
42374,0.002181,172.31.47.0-255,66,132782,96,296602
42375,0.002185,74.125.130.0-255,2902,135684,96,296602
42376,0.002187,172.31.47.0-255,66,135750,96,296602
42377,0.002192,74.125.130.0-255,4320,140070,96,296602
42378,0.002193,172.31.47.0-255,66,140136,96,296602
42379,0.002223,74.125.130.0-255,2184,142320,96,296602
42380,0.002226,172.31.47.0-255,66,142386,96,296602
42381,0.002418,74.125.130.0-255,1484,143870,96,296602
42382,0.002435,74.125.130.0-255,2902,146772,96,296602
42383,0.002438,172.31.47.0-255,66,146838,96,296602
42384,0.002467,74.125.130.0-255,4320,151158,96,296602
42385,0.00247,172.31.47.0-255,66,151224,96,296602
42386,0.002487,74.125.130.0-255,1484,152708,96,296602
42387,0.00249,74.125.130.0-255,1484,154192,96,296602
42388,0.002492,172.31.47.0-255,66,154258,96,296602
42389,0.002496,74.125.130.0-255,2902,157160,96,296602
42390,0.002498,172.31.47.0-255,66,157226,96,296602
42391,0.002532,74.125.130.0-255,1484,158710,96,296602
42392,0.00255,74.125.130.0-255,2902,161612,96,296602
42393,0.002552,172.31.47.0-255,66,161678,96,296602
42394,0.005013,74.125.130.0-255,1484,163162,96,296602
42395,0.00507,74.125.130.0-255,4320,167482,96,296602
42396,0.005079,172.31.47.0-255,66,167548,96,296602
42397,0.007586,74.125.130.0-255,5738,173286,96,296602
42398,0.007596,172.31.47.0-255,66,173352,96,296602
42399,0.010114,74.125.130.0-255,5738,179090,96,296602
42400,0.010131,172.31.47.0-255,66,179156,96,296602
42401,0.012688,74.125.130.0-255,5738,184894,96,296602
42402,0.012705,172.31.47.0-255,66,184960,96,296602
42403,0.015222,74.125.130.0-255,5738,190698,96,296602
42404,0.015239,172.31.47.0-255,66,190764,96,296602
42405,0.017768,74.125.130.0-255,5738,196502,96,296602
42406,0.017785,172.31.47.0-255,66,196568,96,296602
42407,0.020299,74.125.130.0-255,5738,202306,96,296602
42408,0.020313,172.31.47.0-255,66,202372,96,296602
42409,0.022829,74.125.130.0-255,5738,208110,96,296602
42410,0.022844,172.31.47.0-255,66,208176,96,296602
42411,0.024276,172.31.47.0-255,172,208348,96,296602
42412,0.024326,172.31.47.0-255,1111,209459,96,296602
42413,0.02439,172.31.47.0-255,1514,210973,96,296602
42414,0.024392,172.31.47.0-255,1514,212487,96,296602
42415,0.024396,172.31.47.0-255,1514,214001,96,296602
42416,0.024397,172.31.47.0-255,1081,215082,96,296602
42417,0.025356,74.125.130.0-255,5738,220820,96,296602
42418,0.025364,172.31.47.0-255,66,220886,96,296602
42419,0.025831,104.244.42.0-255,66,220952,96,296602
42420,0.025933,104.244.42.0-255,66,221018,96,296602
42421,0.026007,104.244.42.0-255,66,221084,96,296602
42422,0.026012,104.244.42.0-255,66,221150,96,296602
42423,0.02788,74.125.130.0-255,5738,226888,96,296602
42424,0.027886,172.31.47.0-255,66,226954,96,296602
42425,0.030404,74.125.130.0-255,5738,232692,96,296602
42426,0.03041,172.31.47.0-255,66,232758,96,296602
42427,0.032924,74.125.130.0-255,5738,238496,96,296602
42428,0.032936,172.31.47.0-255,66,238562,96,296602
42429,0.035452,74.125.130.0-255,5738,244300,96,296602
42430,0.035461,172.31.47.0-255,66,244366,96,296602
42431,0.037984,74.125.130.0-255,5738,250104,96,296602
42432,0.037998,172.31.47.0-255,66,250170,96,296602
42433,0.040526,74.125.130.0-255,5738,255908,96,296602
42434,0.040543,172.31.47.0-255,66,255974,96,296602
42435,0.043072,74.125.130.0-255,5738,261712,96,296602
42436,0.043085,172.31.47.0-255,66,261778,96,296602
42437,0.045616,74.125.130.0-255,5738,267516,96,296602
42438,0.04563,172.31.47.0-255,66,267582,96,296602
42439,0.048151,74.125.130.0-255,5738,273320,96,296602
42440,0.048163,172.31.47.0-255,66,273386,96,296602
42441,0.050677,74.125.130.0-255,5738,279124,96,296602
42442,0.050686,172.31.47.0-255,66,279190,96,296602
42443,0.053212,74.125.130.0-255,5738,284928,96,296602
42444,0.053223,172.31.47.0-255,66,284994,96,296602
42445,0.055747,74.125.130.0-255,5738,290732,96,296602
42446,0.055758,172.31.47.0-255,66,290798,96,296602
42447,0.05827,74.125.130.0-255,5738,296536,96,296602
42448,0.058282,172.31.47.0-255,66,296602,96,296602
42449,0.0,172.31.47.0-255,105,105,96,276
42450,0.001501,157.240.13.0-255,105,210,96,276
42451,0.001514,172.31.47.0-255,66,276,96,276
42452,0.0,74.125.24.0-255,153,153,96,253499
42453,1.9e-05,172.31.47.0-255,66,219,96,253499
42454,2.5e-05,74.125.24.0-255,1484,1703,96,253499
42455,3e-05,172.31.47.0-255,66,1769,96,253499
42456,4.5e-05,74.125.24.0-255,2902,4671,96,253499
42457,4.8e-05,172.31.47.0-255,66,4737,96,253499
42458,5.6e-05,74.125.24.0-255,7156,11893,96,253499
42459,6e-05,172.31.47.0-255,66,11959,96,253499
42460,0.000101,172.31.47.0-255,66,12025,96,253499
42461,0.000149,172.31.47.0-255,66,12091,96,253499
42462,0.000598,74.125.24.0-255,1484,13575,96,253499
42463,0.000604,172.31.47.0-255,66,13641,96,253499
42464,0.00061,74.125.24.0-255,2902,16543,96,253499
42465,0.000612,172.31.47.0-255,66,16609,96,253499
42466,0.000652,74.125.24.0-255,5738,22347,96,253499
42467,0.000657,172.31.47.0-255,66,22413,96,253499
42468,0.000663,74.125.24.0-255,5738,28151,96,253499
42469,0.000665,172.31.47.0-255,66,28217,96,253499
42470,0.000681,172.31.47.0-255,66,28283,96,253499
42471,0.000709,74.125.24.0-255,5379,33662,96,253499
42472,0.000716,172.31.47.0-255,66,33728,96,253499
42473,0.000723,74.125.24.0-255,4276,38004,96,253499
42474,0.000726,172.31.47.0-255,66,38070,96,253499
42475,0.000835,74.125.24.0-255,108,38178,96,253499
42476,0.000839,172.31.47.0-255,66,38244,96,253499
42477,0.001012,74.125.24.0-255,1484,39728,96,253499
42478,0.001016,172.31.47.0-255,66,39794,96,253499
42479,0.001021,74.125.24.0-255,2902,42696,96,253499
42480,0.001024,172.31.47.0-255,66,42762,96,253499
42481,0.00104,74.125.24.0-255,2902,45664,96,253499
42482,0.001043,172.31.47.0-255,66,45730,96,253499
42483,0.001063,74.125.24.0-255,1484,47214,96,253499
42484,0.001069,74.125.24.0-255,4320,51534,96,253499
42485,0.001072,172.31.47.0-255,66,51600,96,253499
42486,0.001104,74.125.24.0-255,5379,56979,96,253499
42487,0.001108,172.31.47.0-255,66,57045,96,253499
42488,0.001125,172.31.47.0-255,66,57111,96,253499
42489,0.001157,74.125.24.0-255,3961,61072,96,253499
42490,0.00116,172.31.47.0-255,66,61138,96,253499
42491,0.00153,74.125.24.0-255,1484,62622,96,253499
42492,0.001537,74.125.24.0-255,2902,65524,96,253499
42493,0.001541,172.31.47.0-255,66,65590,96,253499
42494,0.001544,74.125.24.0-255,1484,67074,96,253499
42495,0.001566,74.125.24.0-255,2902,69976,96,253499
42496,0.001568,172.31.47.0-255,66,70042,96,253499
42497,0.001573,74.125.24.0-255,4320,74362,96,253499
42498,0.001575,172.31.47.0-255,66,74428,96,253499
42499,0.0016,74.125.24.0-255,1484,75912,96,253499
42500,0.001611,172.31.47.0-255,66,75978,96,253499
42501,0.001617,74.125.24.0-255,5738,81716,96,253499
42502,0.001619,172.31.47.0-255,66,81782,96,253499
42503,0.001651,74.125.24.0-255,4320,86102,96,253499
42504,0.001654,172.31.47.0-255,66,86168,96,253499
42505,0.001658,74.125.24.0-255,766,86934,96,253499
42506,0.001828,74.125.24.0-255,1484,88418,96,253499
42507,0.001833,172.31.47.0-255,66,88484,96,253499
42508,0.001837,74.125.24.0-255,2902,91386,96,253499
42509,0.00184,172.31.47.0-255,66,91452,96,253499
42510,0.001845,74.125.24.0-255,5738,97190,96,253499
42511,0.001847,172.31.47.0-255,66,97256,96,253499
42512,0.00189,172.31.47.0-255,66,97322,96,253499
42513,0.001893,74.125.24.0-255,1484,98806,96,253499
42514,0.001934,172.31.47.0-255,66,98872,96,253499
42515,0.001946,172.31.47.0-255,66,98938,96,253499
42516,0.001979,74.125.24.0-255,4320,103258,96,253499
42517,0.001981,172.31.47.0-255,66,103324,96,253499
42518,0.001997,172.31.47.0-255,66,103390,96,253499
42519,0.002099,74.125.24.0-255,1484,104874,96,253499
42520,0.002104,74.125.24.0-255,2902,107776,96,253499
42521,0.002108,172.31.47.0-255,66,107842,96,253499
42522,0.002111,74.125.24.0-255,1484,109326,96,253499
42523,0.002136,74.125.24.0-255,4320,113646,96,253499
42524,0.002139,172.31.47.0-255,66,113712,96,253499
42525,0.002145,74.125.24.0-255,7156,120868,96,253499
42526,0.002147,172.31.47.0-255,66,120934,96,253499
42527,0.002177,74.125.24.0-255,5738,126672,96,253499
42528,0.00218,172.31.47.0-255,66,126738,96,253499
42529,0.002211,172.31.47.0-255,66,126804,96,253499
42530,0.002244,74.125.24.0-255,1484,128288,96,253499
42531,0.002248,74.125.24.0-255,2902,131190,96,253499
42532,0.002251,172.31.47.0-255,66,131256,96,253499
42533,0.002285,74.125.24.0-255,5738,136994,96,253499
42534,0.002288,172.31.47.0-255,66,137060,96,253499
42535,0.002328,74.125.24.0-255,5738,142798,96,253499
42536,0.002331,172.31.47.0-255,66,142864,96,253499
42537,0.002354,74.125.24.0-255,7156,150020,96,253499
42538,0.002357,172.31.47.0-255,66,150086,96,253499
42539,0.002363,74.125.24.0-255,7156,157242,96,253499
42540,0.002365,172.31.47.0-255,66,157308,96,253499
42541,0.002379,172.31.47.0-255,66,157374,96,253499
42542,0.002418,74.125.24.0-255,5020,162394,96,253499
42543,0.002421,172.31.47.0-255,66,162460,96,253499
42544,0.002435,172.31.47.0-255,66,162526,96,253499
42545,0.002444,74.125.24.0-255,3602,166128,96,253499
42546,0.002446,172.31.47.0-255,66,166194,96,253499
42547,0.00245,74.125.24.0-255,4320,170514,96,253499
42548,0.002452,172.31.47.0-255,66,170580,96,253499
42549,0.002465,74.125.24.0-255,2902,173482,96,253499
42550,0.002509,74.125.24.0-255,3602,177084,96,253499
42551,0.002511,172.31.47.0-255,66,177150,96,253499
42552,0.002514,74.125.24.0-255,7156,184306,96,253499
42553,0.002516,172.31.47.0-255,66,184372,96,253499
42554,0.002539,172.31.47.0-255,66,184438,96,253499
42555,0.002552,172.31.47.0-255,66,184504,96,253499
42556,0.005047,74.125.24.0-255,5738,190242,96,253499
42557,0.005053,172.31.47.0-255,66,190308,96,253499
42558,0.007563,74.125.24.0-255,5738,196046,96,253499
42559,0.007571,172.31.47.0-255,66,196112,96,253499
42560,0.010082,74.125.24.0-255,4320,200432,96,253499
42561,0.010084,172.31.47.0-255,66,200498,96,253499
42562,0.010106,74.125.24.0-255,1484,201982,96,253499
42563,0.012631,74.125.24.0-255,4320,206302,96,253499
42564,0.012649,172.31.47.0-255,66,206368,96,253499
42565,0.015142,74.125.24.0-255,5738,212106,96,253499
42566,0.015149,172.31.47.0-255,66,212172,96,253499
42567,0.017645,74.125.24.0-255,5738,217910,96,253499
42568,0.017659,172.31.47.0-255,66,217976,96,253499
42569,0.020213,74.125.24.0-255,5738,223714,96,253499
42570,0.020219,172.31.47.0-255,66,223780,96,253499
42571,0.0227,74.125.24.0-255,5738,229518,96,253499
42572,0.022707,172.31.47.0-255,66,229584,96,253499
42573,0.025227,74.125.24.0-255,5738,235322,96,253499
42574,0.025234,172.31.47.0-255,66,235388,96,253499
42575,0.027757,74.125.24.0-255,5738,241126,96,253499
42576,0.027768,172.31.47.0-255,66,241192,96,253499
42577,0.030257,74.125.24.0-255,4320,245512,96,253499
42578,0.030263,172.31.47.0-255,66,245578,96,253499
42579,0.030289,74.125.24.0-255,1484,247062,96,253499
42580,0.03275,74.125.24.0-255,1905,248967,96,253499
42581,0.03277,172.31.47.0-255,66,249033,96,253499
42582,0.033047,172.31.47.0-255,105,249138,96,253499
42583,0.035548,74.125.24.0-255,66,249204,96,253499
42584,0.043145,172.31.47.0-255,172,249376,96,253499
42585,0.043176,172.31.47.0-255,1101,250477,96,253499
42586,0.043227,172.31.47.0-255,1514,251991,96,253499
42587,0.043248,172.31.47.0-255,1310,253301,96,253499
42588,0.044762,104.244.42.0-255,66,253367,96,253499
42589,0.044777,104.244.42.0-255,66,253433,96,253499
42590,0.044797,104.244.42.0-255,66,253499,96,253499
42591,0.0,172.31.47.0-255,66,66,96,66
42592,0.0,172.31.47.0-255,105,105,96,105
42593,0.0,74.125.130.0-255,153,153,96,243910
42594,2.9e-05,172.31.47.0-255,66,219,96,243910
42595,3.6e-05,74.125.130.0-255,1484,1703,96,243910
42596,4.1e-05,172.31.47.0-255,66,1769,96,243910
42597,4.5e-05,74.125.130.0-255,2902,4671,96,243910
42598,4.8e-05,172.31.47.0-255,66,4737,96,243910
42599,7.2e-05,74.125.130.0-255,4320,9057,96,243910
42600,7.5e-05,172.31.47.0-255,66,9123,96,243910
42601,0.000106,74.125.130.0-255,4814,13937,96,243910
42602,0.00011,172.31.47.0-255,66,14003,96,243910
42603,0.000123,74.125.130.0-255,2902,16905,96,243910
42604,0.000125,172.31.47.0-255,66,16971,96,243910
42605,0.000143,74.125.130.0-255,1484,18455,96,243910
42606,0.000145,172.31.47.0-255,66,18521,96,243910
42607,0.000166,74.125.130.0-255,2902,21423,96,243910
42608,0.000169,172.31.47.0-255,66,21489,96,243910
42609,0.000171,74.125.130.0-255,1484,22973,96,243910
42610,0.000173,172.31.47.0-255,66,23039,96,243910
42611,0.000194,74.125.130.0-255,4320,27359,96,243910
42612,0.000197,172.31.47.0-255,66,27425,96,243910
42613,0.000219,74.125.130.0-255,3961,31386,96,243910
42614,0.000223,172.31.47.0-255,66,31452,96,243910
42615,0.000569,74.125.130.0-255,1484,32936,96,243910
42616,0.000573,172.31.47.0-255,66,33002,96,243910
42617,0.000581,74.125.130.0-255,1484,34486,96,243910
42618,0.000583,172.31.47.0-255,66,34552,96,243910
42619,0.000605,74.125.130.0-255,2902,37454,96,243910
42620,0.000608,172.31.47.0-255,66,37520,96,243910
42621,0.000652,74.125.130.0-255,2902,40422,96,243910
42622,0.000655,172.31.47.0-255,66,40488,96,243910
42623,0.000675,74.125.130.0-255,2902,43390,96,243910
42624,0.000678,172.31.47.0-255,66,43456,96,243910
42625,0.000683,74.125.130.0-255,5379,48835,96,243910
42626,0.000685,172.31.47.0-255,66,48901,96,243910
42627,0.000708,74.125.130.0-255,1484,50385,96,243910
42628,0.000727,74.125.130.0-255,4320,54705,96,243910
42629,0.00073,172.31.47.0-255,66,54771,96,243910
42630,0.000735,74.125.130.0-255,4320,59091,96,243910
42631,0.000737,172.31.47.0-255,66,59157,96,243910
42632,0.000739,74.125.130.0-255,1484,60641,96,243910
42633,0.000766,74.125.130.0-255,4320,64961,96,243910
42634,0.000769,172.31.47.0-255,66,65027,96,243910
42635,0.000787,74.125.130.0-255,1414,66441,96,243910
42636,0.000801,74.125.130.0-255,98,66539,96,243910
42637,0.000895,74.125.130.0-255,1484,68023,96,243910
42638,0.0009,172.31.47.0-255,66,68089,96,243910
42639,0.000914,74.125.130.0-255,2902,70991,96,243910
42640,0.000917,172.31.47.0-255,66,71057,96,243910
42641,0.000932,74.125.130.0-255,2902,73959,96,243910
42642,0.000935,172.31.47.0-255,66,74025,96,243910
42643,0.000959,74.125.130.0-255,4320,78345,96,243910
42644,0.000963,172.31.47.0-255,66,78411,96,243910
42645,0.000968,74.125.130.0-255,4320,82731,96,243910
42646,0.00097,172.31.47.0-255,66,82797,96,243910
42647,0.000985,74.125.130.0-255,4320,87117,96,243910
42648,0.000988,172.31.47.0-255,66,87183,96,243910
42649,0.000993,74.125.130.0-255,4320,91503,96,243910
42650,0.000995,172.31.47.0-255,66,91569,96,243910
42651,0.000999,74.125.130.0-255,5738,97307,96,243910
42652,0.001001,172.31.47.0-255,66,97373,96,243910
42653,0.001044,74.125.130.0-255,3902,101275,96,243910
42654,0.001049,172.31.47.0-255,66,101341,96,243910
42655,0.004436,74.125.130.0-255,1484,102825,96,243910
42656,0.004453,74.125.130.0-255,2902,105727,96,243910
42657,0.004457,172.31.47.0-255,66,105793,96,243910
42658,0.004469,74.125.130.0-255,1484,107277,96,243910
42659,0.006793,74.125.130.0-255,4320,111597,96,243910
42660,0.006799,172.31.47.0-255,66,111663,96,243910
42661,0.009113,74.125.130.0-255,5738,117401,96,243910
42662,0.00912,172.31.47.0-255,66,117467,96,243910
42663,0.01142,74.125.130.0-255,5738,123205,96,243910
42664,0.011427,172.31.47.0-255,66,123271,96,243910
42665,0.013731,74.125.130.0-255,5738,129009,96,243910
42666,0.013739,172.31.47.0-255,66,129075,96,243910
42667,0.01604,74.125.130.0-255,5738,134813,96,243910
42668,0.016048,172.31.47.0-255,66,134879,96,243910
42669,0.018366,74.125.130.0-255,2902,137781,96,243910
42670,0.018374,172.31.47.0-255,66,137847,96,243910
42671,0.018395,74.125.130.0-255,2902,140749,96,243910
42672,0.018398,172.31.47.0-255,66,140815,96,243910
42673,0.01871,172.31.47.0-255,172,140987,96,243910
42674,0.018742,172.31.47.0-255,1110,142097,96,243910
42675,0.018781,172.31.47.0-255,1514,143611,96,243910
42676,0.018783,172.31.47.0-255,1301,144912,96,243910
42677,0.020275,104.244.42.0-255,66,144978,96,243910
42678,0.02032,104.244.42.0-255,66,145044,96,243910
42679,0.020372,104.244.42.0-255,66,145110,96,243910
42680,0.020671,74.125.130.0-255,2902,148012,96,243910
42681,0.020677,172.31.47.0-255,66,148078,96,243910
42682,0.020701,74.125.130.0-255,2902,150980,96,243910
42683,0.020704,172.31.47.0-255,66,151046,96,243910
42684,0.022987,74.125.130.0-255,5738,156784,96,243910
42685,0.022992,172.31.47.0-255,66,156850,96,243910
42686,0.025296,74.125.130.0-255,5738,162588,96,243910
42687,0.025303,172.31.47.0-255,66,162654,96,243910
42688,0.027616,74.125.130.0-255,5738,168392,96,243910
42689,0.027623,172.31.47.0-255,66,168458,96,243910
42690,0.029943,74.125.130.0-255,5738,174196,96,243910
42691,0.029951,172.31.47.0-255,66,174262,96,243910
42692,0.032255,74.125.130.0-255,5738,180000,96,243910
42693,0.032261,172.31.47.0-255,66,180066,96,243910
42694,0.03458,74.125.130.0-255,5738,185804,96,243910
42695,0.034587,172.31.47.0-255,66,185870,96,243910
42696,0.036895,74.125.130.0-255,5738,191608,96,243910
42697,0.036902,172.31.47.0-255,66,191674,96,243910
42698,0.039212,74.125.130.0-255,5738,197412,96,243910
42699,0.039217,172.31.47.0-255,66,197478,96,243910
42700,0.041527,74.125.130.0-255,5738,203216,96,243910
42701,0.041532,172.31.47.0-255,66,203282,96,243910
42702,0.043851,74.125.130.0-255,5738,209020,96,243910
42703,0.043857,172.31.47.0-255,66,209086,96,243910
42704,0.046178,74.125.130.0-255,5738,214824,96,243910
42705,0.046187,172.31.47.0-255,66,214890,96,243910
42706,0.048501,74.125.130.0-255,5738,220628,96,243910
42707,0.048509,172.31.47.0-255,66,220694,96,243910
42708,0.050822,74.125.130.0-255,5738,226432,96,243910
42709,0.050829,172.31.47.0-255,66,226498,96,243910
42710,0.053128,74.125.130.0-255,5738,232236,96,243910
42711,0.053134,172.31.47.0-255,66,232302,96,243910
42712,0.055443,74.125.130.0-255,5738,238040,96,243910
42713,0.055448,172.31.47.0-255,66,238106,96,243910
42714,0.057744,74.125.130.0-255,5738,243844,96,243910
42715,0.057749,172.31.47.0-255,66,243910,96,243910
42716,0.0,74.125.200.0-255,153,153,96,324986
42717,3.3e-05,172.31.47.0-255,66,219,96,324986
42718,3.9e-05,74.125.200.0-255,1484,1703,96,324986
42719,4.3e-05,172.31.47.0-255,66,1769,96,324986
42720,4.8e-05,74.125.200.0-255,2902,4671,96,324986
42721,5.1e-05,172.31.47.0-255,66,4737,96,324986
42722,5.7e-05,74.125.200.0-255,5738,10475,96,324986
42723,6e-05,172.31.47.0-255,66,10541,96,324986
42724,8.1e-05,74.125.200.0-255,3584,14125,96,324986
42725,8.4e-05,172.31.47.0-255,66,14191,96,324986
42726,0.000113,74.125.200.0-255,4320,18511,96,324986
42727,0.000117,172.31.47.0-255,66,18577,96,324986
42728,0.000147,74.125.200.0-255,5738,24315,96,324986
42729,0.000151,172.31.47.0-255,66,24381,96,324986
42730,0.000173,74.125.200.0-255,2902,27283,96,324986
42731,0.000175,172.31.47.0-255,66,27349,96,324986
42732,0.000188,172.31.47.0-255,66,27415,96,324986
42733,0.000195,74.125.200.0-255,7156,34571,96,324986
42734,0.000198,172.31.47.0-255,66,34637,96,324986
42735,0.000229,74.125.200.0-255,1484,36121,96,324986
42736,0.000232,172.31.47.0-255,66,36187,96,324986
42737,0.000251,74.125.200.0-255,2184,38371,96,324986
42738,0.000254,172.31.47.0-255,66,38437,96,324986
42739,0.000714,74.125.200.0-255,1484,39921,96,324986
42740,0.00072,172.31.47.0-255,66,39987,96,324986
42741,0.000728,74.125.200.0-255,2902,42889,96,324986
42742,0.00073,172.31.47.0-255,66,42955,96,324986
42743,0.000761,74.125.200.0-255,5738,48693,96,324986
42744,0.000765,172.31.47.0-255,66,48759,96,324986
42745,0.000771,74.125.200.0-255,7070,55829,96,324986
42746,0.000773,172.31.47.0-255,66,55895,96,324986
42747,0.000776,74.125.200.0-255,132,56027,96,324986
42748,0.001157,74.125.200.0-255,1484,57511,96,324986
42749,0.001163,172.31.47.0-255,66,57577,96,324986
42750,0.001168,74.125.200.0-255,2902,60479,96,324986
42751,0.00117,172.31.47.0-255,66,60545,96,324986
42752,0.001199,74.125.200.0-255,5738,66283,96,324986
42753,0.001201,172.31.47.0-255,66,66349,96,324986
42754,0.001205,74.125.200.0-255,4320,70669,96,324986
42755,0.001207,172.31.47.0-255,66,70735,96,324986
42756,0.001212,74.125.200.0-255,4320,75055,96,324986
42757,0.001213,172.31.47.0-255,66,75121,96,324986
42758,0.001235,74.125.200.0-255,1484,76605,96,324986
42759,0.001265,172.31.47.0-255,66,76671,96,324986
42760,0.0013,74.125.200.0-255,2184,78855,96,324986
42761,0.001303,172.31.47.0-255,66,78921,96,324986
42762,0.001406,74.125.200.0-255,1484,80405,96,324986
42763,0.001417,74.125.200.0-255,2902,83307,96,324986
42764,0.001419,172.31.47.0-255,66,83373,96,324986
42765,0.00145,74.125.200.0-255,4320,87693,96,324986
42766,0.001452,172.31.47.0-255,66,87759,96,324986
42767,0.001506,74.125.200.0-255,2902,90661,96,324986
42768,0.001508,172.31.47.0-255,66,90727,96,324986
42769,0.001523,74.125.200.0-255,4320,95047,96,324986
42770,0.001526,172.31.47.0-255,66,95113,96,324986
42771,0.001558,172.31.47.0-255,66,95179,96,324986
42772,0.001561,74.125.200.0-255,2902,98081,96,324986
42773,0.001563,172.31.47.0-255,66,98147,96,324986
42774,0.001599,74.125.200.0-255,4320,102467,96,324986
42775,0.001602,172.31.47.0-255,66,102533,96,324986
42776,0.001632,172.31.47.0-255,66,102599,96,324986
42777,0.001636,74.125.200.0-255,4320,106919,96,324986
42778,0.001638,172.31.47.0-255,66,106985,96,324986
42779,0.001708,172.31.47.0-255,66,107051,96,324986
42780,0.001712,74.125.200.0-255,2184,109235,96,324986
42781,0.001713,172.31.47.0-255,66,109301,96,324986
42782,0.001725,74.125.200.0-255,1484,110785,96,324986
42783,0.001742,74.125.200.0-255,2902,113687,96,324986
42784,0.001744,172.31.47.0-255,66,113753,96,324986
42785,0.001772,74.125.200.0-255,4320,118073,96,324986
42786,0.001774,172.31.47.0-255,66,118139,96,324986
42787,0.001778,74.125.200.0-255,2902,121041,96,324986
42788,0.00178,172.31.47.0-255,66,121107,96,324986
42789,0.001794,74.125.200.0-255,2902,124009,96,324986
42790,0.001796,172.31.47.0-255,66,124075,96,324986
42791,0.001808,74.125.200.0-255,2902,126977,96,324986
42792,0.001809,172.31.47.0-255,66,127043,96,324986
42793,0.001827,172.31.47.0-255,66,127109,96,324986
42794,0.001831,74.125.200.0-255,4320,131429,96,324986
42795,0.001832,172.31.47.0-255,66,131495,96,324986
42796,0.001881,74.125.200.0-255,3602,135097,96,324986
42797,0.001883,172.31.47.0-255,66,135163,96,324986
42798,0.001904,74.125.200.0-255,1484,136647,96,324986
42799,0.001916,74.125.200.0-255,2902,139549,96,324986
42800,0.001918,172.31.47.0-255,66,139615,96,324986
42801,0.00194,74.125.200.0-255,5738,145353,96,324986
42802,0.001942,172.31.47.0-255,66,145419,96,324986
42803,0.001948,74.125.200.0-255,7156,152575,96,324986
42804,0.001949,172.31.47.0-255,66,152641,96,324986
42805,0.001967,74.125.200.0-255,1484,154125,96,324986
42806,0.001983,74.125.200.0-255,7156,161281,96,324986
42807,0.001985,172.31.47.0-255,66,161347,96,324986
42808,0.002005,74.125.200.0-255,5738,167085,96,324986
42809,0.002007,172.31.47.0-255,66,167151,96,324986
42810,0.002037,74.125.200.0-255,5738,172889,96,324986
42811,0.00204,172.31.47.0-255,66,172955,96,324986
42812,0.002067,172.31.47.0-255,66,173021,96,324986
42813,0.002098,74.125.200.0-255,4320,177341,96,324986
42814,0.002103,74.125.200.0-255,4320,181661,96,324986
42815,0.002133,74.125.200.0-255,2184,183845,96,324986
42816,0.002137,74.125.200.0-255,2902,186747,96,324986
42817,0.002164,74.125.200.0-255,7156,193903,96,324986
42818,0.002193,74.125.200.0-255,5738,199641,96,324986
42819,0.002198,74.125.200.0-255,4320,203961,96,324986
42820,0.002214,74.125.200.0-255,2902,206863,96,324986
42821,0.00223,74.125.200.0-255,4320,211183,96,324986
42822,0.002243,74.125.200.0-255,1484,212667,96,324986
42823,0.002256,74.125.200.0-255,3602,216269,96,324986
42824,0.002311,74.125.200.0-255,1484,217753,96,324986
42825,0.002316,74.125.200.0-255,2902,220655,96,324986
42826,0.002319,74.125.200.0-255,1484,222139,96,324986
42827,0.002334,74.125.200.0-255,2902,225041,96,324986
42828,0.002362,74.125.200.0-255,5738,230779,96,324986
42829,0.002381,74.125.200.0-255,5738,236517,96,324986
42830,0.002403,74.125.200.0-255,7156,243673,96,324986
42831,0.002459,74.125.200.0-255,6438,250111,96,324986
42832,0.002465,74.125.200.0-255,5738,255849,96,324986
42833,0.00248,74.125.200.0-255,1484,257333,96,324986
42834,0.002514,74.125.200.0-255,5738,263071,96,324986
42835,0.002526,74.125.200.0-255,4320,267391,96,324986
42836,0.002529,74.125.200.0-255,1484,268875,96,324986
42837,0.002549,74.125.200.0-255,6438,275313,96,324986
42838,0.006302,172.31.47.0-255,66,275379,96,324986
42839,0.008865,74.125.200.0-255,5738,281117,96,324986
42840,0.008871,172.31.47.0-255,66,281183,96,324986
42841,0.011427,74.125.200.0-255,4320,285503,96,324986
42842,0.011435,172.31.47.0-255,66,285569,96,324986
42843,0.011456,74.125.200.0-255,1484,287053,96,324986
42844,0.013975,74.125.200.0-255,4320,291373,96,324986
42845,0.013981,172.31.47.0-255,66,291439,96,324986
42846,0.016526,74.125.200.0-255,5738,297177,96,324986
42847,0.016533,172.31.47.0-255,66,297243,96,324986
42848,0.01907,74.125.200.0-255,4320,301563,96,324986
42849,0.019076,172.31.47.0-255,66,301629,96,324986
42850,0.019093,74.125.200.0-255,1484,303113,96,324986
42851,0.021622,74.125.200.0-255,4320,307433,96,324986
42852,0.021633,172.31.47.0-255,66,307499,96,324986
42853,0.024183,74.125.200.0-255,5738,313237,96,324986
42854,0.024196,172.31.47.0-255,66,313303,96,324986
42855,0.026758,74.125.200.0-255,5738,319041,96,324986
42856,0.026771,172.31.47.0-255,66,319107,96,324986
42857,0.029308,74.125.200.0-255,1347,320454,96,324986
42858,0.029452,172.31.47.0-255,66,320520,96,324986
42859,0.029487,172.31.47.0-255,105,320625,96,324986
42860,0.03199,74.125.200.0-255,66,320691,96,324986
42861,0.03225,172.31.47.0-255,172,320863,96,324986
42862,0.032276,172.31.47.0-255,1109,321972,96,324986
42863,0.032339,172.31.47.0-255,1514,323486,96,324986
42864,0.03234,172.31.47.0-255,1302,324788,96,324986
42865,0.033769,104.244.42.0-255,66,324854,96,324986
42866,0.033794,104.244.42.0-255,66,324920,96,324986
42867,0.033858,104.244.42.0-255,66,324986,96,324986
42868,0.0,172.31.47.0-255,105,105,96,276
42869,0.002077,157.240.13.0-255,105,210,96,276
42870,0.002089,172.31.47.0-255,66,276,96,276
42871,0.0,172.31.47.0-255,105,105,96,105
42872,0.0,172.31.47.0-255,105,105,96,276
42873,0.001539,157.240.13.0-255,105,210,96,276
42874,0.039061,172.31.47.0-255,66,276,96,276
42875,0.0,74.125.68.0-255,153,153,96,323096
42876,3.4e-05,172.31.47.0-255,66,219,96,323096
42877,4.1e-05,74.125.68.0-255,1484,1703,96,323096
42878,4.5e-05,172.31.47.0-255,66,1769,96,323096
42879,4.9e-05,74.125.68.0-255,2902,4671,96,323096
42880,5.1e-05,172.31.47.0-255,66,4737,96,323096
42881,7.3e-05,74.125.68.0-255,1484,6221,96,323096
42882,7.5e-05,172.31.47.0-255,66,6287,96,323096
42883,0.000111,74.125.68.0-255,4320,10607,96,323096
42884,0.000114,172.31.47.0-255,66,10673,96,323096
42885,0.000119,74.125.68.0-255,4976,15649,96,323096
42886,0.000121,172.31.47.0-255,66,15715,96,323096
42887,0.000149,74.125.68.0-255,5738,21453,96,323096
42888,0.000153,172.31.47.0-255,66,21519,96,323096
42889,0.000163,172.31.47.0-255,66,21585,96,323096
42890,0.000386,74.125.68.0-255,1484,23069,96,323096
42891,0.000391,172.31.47.0-255,66,23135,96,323096
42892,0.000395,74.125.68.0-255,1484,24619,96,323096
42893,0.000396,172.31.47.0-255,66,24685,96,323096
42894,0.000401,74.125.68.0-255,2902,27587,96,323096
42895,0.000411,172.31.47.0-255,66,27653,96,323096
42896,0.000448,74.125.68.0-255,5738,33391,96,323096
42897,0.00045,172.31.47.0-255,66,33457,96,323096
42898,0.000454,74.125.68.0-255,2902,36359,96,323096
42899,0.000456,172.31.47.0-255,66,36425,96,323096
42900,0.000459,74.125.68.0-255,1484,37909,96,323096
42901,0.00046,172.31.47.0-255,66,37975,96,323096
42902,0.000497,74.125.68.0-255,2543,40518,96,323096
42903,0.0005,172.31.47.0-255,66,40584,96,323096
42904,0.000507,74.125.68.0-255,7156,47740,96,323096
42905,0.000509,172.31.47.0-255,66,47806,96,323096
42906,0.000544,172.31.47.0-255,66,47872,96,323096
42907,0.000546,74.125.68.0-255,135,48007,96,323096
42908,0.000548,172.31.47.0-255,66,48073,96,323096
42909,0.000571,74.125.68.0-255,348,48421,96,323096
42910,0.000573,172.31.47.0-255,66,48487,96,323096
42911,0.000736,74.125.68.0-255,1484,49971,96,323096
42912,0.00074,172.31.47.0-255,66,50037,96,323096
42913,0.000762,74.125.68.0-255,2902,52939,96,323096
42914,0.000765,172.31.47.0-255,66,53005,96,323096
42915,0.000768,74.125.68.0-255,1484,54489,96,323096
42916,0.00077,172.31.47.0-255,66,54555,96,323096
42917,0.000791,74.125.68.0-255,2902,57457,96,323096
42918,0.000793,172.31.47.0-255,66,57523,96,323096
42919,0.000795,74.125.68.0-255,1484,59007,96,323096
42920,0.000799,172.31.47.0-255,66,59073,96,323096
42921,0.000828,74.125.68.0-255,7156,66229,96,323096
42922,0.00083,172.31.47.0-255,66,66295,96,323096
42923,0.000838,74.125.68.0-255,2902,69197,96,323096
42924,0.00084,172.31.47.0-255,66,69263,96,323096
42925,0.000859,74.125.68.0-255,4320,73583,96,323096
42926,0.000864,172.31.47.0-255,66,73649,96,323096
42927,0.000891,74.125.68.0-255,5738,79387,96,323096
42928,0.000899,172.31.47.0-255,66,79453,96,323096
42929,0.00091,74.125.68.0-255,3602,83055,96,323096
42930,0.000913,172.31.47.0-255,66,83121,96,323096
42931,0.001723,74.125.68.0-255,1484,84605,96,323096
42932,0.00173,172.31.47.0-255,66,84671,96,323096
42933,0.001758,74.125.68.0-255,1484,86155,96,323096
42934,0.00176,172.31.47.0-255,66,86221,96,323096
42935,0.001766,74.125.68.0-255,2902,89123,96,323096
42936,0.001771,74.125.68.0-255,2902,92025,96,323096
42937,0.001786,74.125.68.0-255,2902,94927,96,323096
42938,0.00179,74.125.68.0-255,2902,97829,96,323096
42939,0.001793,74.125.68.0-255,1484,99313,96,323096
42940,0.001811,74.125.68.0-255,2902,102215,96,323096
42941,0.001836,74.125.68.0-255,4320,106535,96,323096
42942,0.001853,74.125.68.0-255,4320,110855,96,323096
42943,0.00188,74.125.68.0-255,1484,112339,96,323096
42944,0.001897,74.125.68.0-255,5020,117359,96,323096
42945,0.001935,74.125.68.0-255,2902,120261,96,323096
42946,0.001945,74.125.68.0-255,2902,123163,96,323096
42947,0.001982,74.125.68.0-255,1484,124647,96,323096
42948,0.002,74.125.68.0-255,2902,127549,96,323096
42949,0.002021,74.125.68.0-255,5738,133287,96,323096
42950,0.00204,74.125.68.0-255,4320,137607,96,323096
42951,0.00207,74.125.68.0-255,5738,143345,96,323096
42952,0.002086,74.125.68.0-255,1484,144829,96,323096
42953,0.002105,74.125.68.0-255,2902,147731,96,323096
42954,0.002131,74.125.68.0-255,5738,153469,96,323096
42955,0.002141,74.125.68.0-255,766,154235,96,323096
42956,0.002145,74.125.68.0-255,2902,157137,96,323096
42957,0.002149,74.125.68.0-255,4320,161457,96,323096
42958,0.002174,74.125.68.0-255,5738,167195,96,323096
42959,0.00219,74.125.68.0-255,2902,170097,96,323096
42960,0.002196,74.125.68.0-255,5738,175835,96,323096
42961,0.002207,74.125.68.0-255,1484,177319,96,323096
42962,0.002226,74.125.68.0-255,5738,183057,96,323096
42963,0.002237,74.125.68.0-255,2184,185241,96,323096
42964,0.003963,172.31.47.0-255,66,185307,96,323096
42965,0.006304,74.125.68.0-255,2902,188209,96,323096
42966,0.006309,172.31.47.0-255,66,188275,96,323096
42967,0.00634,74.125.68.0-255,2902,191177,96,323096
42968,0.006355,172.31.47.0-255,66,191243,96,323096
42969,0.008622,74.125.68.0-255,1484,192727,96,323096
42970,0.008629,172.31.47.0-255,66,192793,96,323096
42971,0.008697,74.125.68.0-255,4320,197113,96,323096
42972,0.009291,172.31.47.0-255,66,197179,96,323096
42973,0.010955,74.125.68.0-255,1484,198663,96,323096
42974,0.011603,74.125.68.0-255,4320,202983,96,323096
42975,0.011608,172.31.47.0-255,66,203049,96,323096
42976,0.013928,74.125.68.0-255,5738,208787,96,323096
42977,0.014055,172.31.47.0-255,66,208853,96,323096
42978,0.016378,74.125.68.0-255,2902,211755,96,323096
42979,0.016385,172.31.47.0-255,66,211821,96,323096
42980,0.016419,74.125.68.0-255,2902,214723,96,323096
42981,0.016437,172.31.47.0-255,66,214789,96,323096
42982,0.018697,74.125.68.0-255,2902,217691,96,323096
42983,0.018704,172.31.47.0-255,66,217757,96,323096
42984,0.018748,74.125.68.0-255,2902,220659,96,323096
42985,0.018758,172.31.47.0-255,66,220725,96,323096
42986,0.021024,74.125.68.0-255,2902,223627,96,323096
42987,0.021032,172.31.47.0-255,66,223693,96,323096
42988,0.021075,74.125.68.0-255,2902,226595,96,323096
42989,0.02109,172.31.47.0-255,66,226661,96,323096
42990,0.02304,172.31.47.0-255,172,226833,96,323096
42991,0.023069,172.31.47.0-255,1104,227937,96,323096
42992,0.02311,172.31.47.0-255,1514,229451,96,323096
42993,0.023112,172.31.47.0-255,1307,230758,96,323096
42994,0.023345,74.125.68.0-255,2902,233660,96,323096
42995,0.023352,172.31.47.0-255,66,233726,96,323096
42996,0.023382,74.125.68.0-255,1484,235210,96,323096
42997,0.023396,74.125.68.0-255,1484,236694,96,323096
42998,0.024608,104.244.42.0-255,66,236760,96,323096
42999,0.024634,104.244.42.0-255,66,236826,96,323096
43000,0.024687,104.244.42.0-255,66,236892,96,323096
43001,0.025399,172.31.47.0-255,66,236958,96,323096
43002,0.025666,74.125.68.0-255,2902,239860,96,323096
43003,0.025673,172.31.47.0-255,66,239926,96,323096
43004,0.027713,74.125.68.0-255,2902,242828,96,323096
43005,0.027729,172.31.47.0-255,66,242894,96,323096
43006,0.027984,74.125.68.0-255,2902,245796,96,323096
43007,0.02799,172.31.47.0-255,66,245862,96,323096
43008,0.030055,74.125.68.0-255,2902,248764,96,323096
43009,0.030072,172.31.47.0-255,66,248830,96,323096
43010,0.030297,74.125.68.0-255,2902,251732,96,323096
43011,0.030301,172.31.47.0-255,66,251798,96,323096
43012,0.032386,74.125.68.0-255,2902,254700,96,323096
43013,0.032402,172.31.47.0-255,66,254766,96,323096
43014,0.032602,74.125.68.0-255,2902,257668,96,323096
43015,0.032607,172.31.47.0-255,66,257734,96,323096
43016,0.034725,74.125.68.0-255,2902,260636,96,323096
43017,0.034731,172.31.47.0-255,66,260702,96,323096
43018,0.034918,74.125.68.0-255,2902,263604,96,323096
43019,0.034923,172.31.47.0-255,66,263670,96,323096
43020,0.037041,74.125.68.0-255,1484,265154,96,323096
43021,0.037072,74.125.68.0-255,1484,266638,96,323096
43022,0.037076,172.31.47.0-255,66,266704,96,323096
43023,0.037222,74.125.68.0-255,2902,269606,96,323096
43024,0.037228,172.31.47.0-255,66,269672,96,323096
43025,0.039387,74.125.68.0-255,2902,272574,96,323096
43026,0.039393,172.31.47.0-255,66,272640,96,323096
43027,0.039531,74.125.68.0-255,2902,275542,96,323096
43028,0.039536,172.31.47.0-255,66,275608,96,323096
43029,0.041717,74.125.68.0-255,2902,278510,96,323096
43030,0.041722,172.31.47.0-255,66,278576,96,323096
43031,0.041845,74.125.68.0-255,2902,281478,96,323096
43032,0.04185,172.31.47.0-255,66,281544,96,323096
43033,0.04405,74.125.68.0-255,2902,284446,96,323096
43034,0.044064,172.31.47.0-255,66,284512,96,323096
43035,0.044156,74.125.68.0-255,2902,287414,96,323096
43036,0.0442,172.31.47.0-255,66,287480,96,323096
43037,0.046371,74.125.68.0-255,2902,290382,96,323096
43038,0.046377,172.31.47.0-255,66,290448,96,323096
43039,0.046509,74.125.68.0-255,2902,293350,96,323096
43040,0.046513,172.31.47.0-255,66,293416,96,323096
43041,0.048693,74.125.68.0-255,2902,296318,96,323096
43042,0.048704,172.31.47.0-255,66,296384,96,323096
43043,0.048817,74.125.68.0-255,2902,299286,96,323096
43044,0.048851,172.31.47.0-255,66,299352,96,323096
43045,0.051024,74.125.68.0-255,2902,302254,96,323096
43046,0.051034,172.31.47.0-255,66,302320,96,323096
43047,0.051175,74.125.68.0-255,2902,305222,96,323096
43048,0.05118,172.31.47.0-255,66,305288,96,323096
43049,0.053358,74.125.68.0-255,2902,308190,96,323096
43050,0.053364,172.31.47.0-255,66,308256,96,323096
43051,0.053485,74.125.68.0-255,2902,311158,96,323096
43052,0.05349,172.31.47.0-255,66,311224,96,323096
43053,0.055672,74.125.68.0-255,2902,314126,96,323096
43054,0.055677,172.31.47.0-255,66,314192,96,323096
43055,0.055815,74.125.68.0-255,2902,317094,96,323096
43056,0.05582,172.31.47.0-255,66,317160,96,323096
43057,0.057988,74.125.68.0-255,2902,320062,96,323096
43058,0.057993,172.31.47.0-255,66,320128,96,323096
43059,0.058117,74.125.68.0-255,2902,323030,96,323096
43060,0.058121,172.31.47.0-255,66,323096,96,323096
43061,0.0,172.31.47.0-255,66,66,96,66
43062,0.0,172.217.194.0-255,153,153,96,281420
43063,1.4e-05,172.31.47.0-255,66,219,96,281420
43064,2e-05,172.217.194.0-255,1484,1703,96,281420
43065,2.4e-05,172.31.47.0-255,66,1769,96,281420
43066,2.9e-05,172.217.194.0-255,2902,4671,96,281420
43067,3.1e-05,172.31.47.0-255,66,4737,96,281420
43068,3.7e-05,172.217.194.0-255,5738,10475,96,281420
43069,3.9e-05,172.31.47.0-255,66,10541,96,281420
43070,6e-05,172.217.194.0-255,1484,12025,96,281420
43071,6.3e-05,172.31.47.0-255,66,12091,96,281420
43072,6.8e-05,172.217.194.0-255,2097,14188,96,281420
43073,7e-05,172.31.47.0-255,66,14254,96,281420
43074,8.7e-05,172.217.194.0-255,5738,19992,96,281420
43075,9e-05,172.31.47.0-255,66,20058,96,281420
43076,0.000117,172.217.194.0-255,5738,25796,96,281420
43077,0.000119,172.31.47.0-255,66,25862,96,281420
43078,0.000129,172.31.47.0-255,66,25928,96,281420
43079,0.000164,172.217.194.0-255,4320,30248,96,281420
43080,0.000166,172.31.47.0-255,66,30314,96,281420
43081,0.00019,172.31.47.0-255,66,30380,96,281420
43082,0.000247,172.31.47.0-255,66,30446,96,281420
43083,0.000762,172.217.194.0-255,646,31092,96,281420
43084,0.000768,172.31.47.0-255,66,31158,96,281420
43085,0.000809,172.217.194.0-255,1484,32642,96,281420
43086,0.000813,172.31.47.0-255,66,32708,96,281420
43087,0.000818,172.217.194.0-255,2902,35610,96,281420
43088,0.00082,172.31.47.0-255,66,35676,96,281420
43089,0.000839,172.217.194.0-255,5738,41414,96,281420
43090,0.000841,172.31.47.0-255,66,41480,96,281420
43091,0.000873,172.217.194.0-255,2902,44382,96,281420
43092,0.000876,172.31.47.0-255,66,44448,96,281420
43093,0.000879,172.31.47.0-255,66,44514,96,281420
43094,0.000887,172.217.194.0-255,1484,45998,96,281420
43095,0.000917,172.217.194.0-255,4320,50318,96,281420
43096,0.000919,172.31.47.0-255,66,50384,96,281420
43097,0.000938,172.217.194.0-255,2184,52568,96,281420
43098,0.00094,172.31.47.0-255,66,52634,96,281420
43099,0.000943,172.217.194.0-255,1484,54118,96,281420
43100,0.000967,172.217.194.0-255,5738,59856,96,281420
43101,0.00097,172.31.47.0-255,66,59922,96,281420
43102,0.000977,172.217.194.0-255,7156,67078,96,281420
43103,0.00098,172.31.47.0-255,66,67144,96,281420
43104,0.000999,172.217.194.0-255,4320,71464,96,281420
43105,0.001001,172.31.47.0-255,66,71530,96,281420
43106,0.001019,172.217.194.0-255,2902,74432,96,281420
43107,0.001022,172.31.47.0-255,66,74498,96,281420
43108,0.001049,172.31.47.0-255,66,74564,96,281420
43109,0.001055,172.217.194.0-255,4320,78884,96,281420
43110,0.001058,172.31.47.0-255,66,78950,96,281420
43111,0.001083,172.31.47.0-255,66,79016,96,281420
43112,0.001095,172.31.47.0-255,66,79082,96,281420
43113,0.001115,172.217.194.0-255,5738,84820,96,281420
43114,0.001118,172.31.47.0-255,66,84886,96,281420
43115,0.001122,172.217.194.0-255,2184,87070,96,281420
43116,0.001124,172.31.47.0-255,66,87136,96,281420
43117,0.001335,172.217.194.0-255,1484,88620,96,281420
43118,0.001341,172.217.194.0-255,2902,91522,96,281420
43119,0.001345,172.31.47.0-255,66,91588,96,281420
43120,0.001352,172.217.194.0-255,5738,97326,96,281420
43121,0.001354,172.31.47.0-255,66,97392,96,281420
43122,0.001397,172.217.194.0-255,4320,101712,96,281420
43123,0.001408,172.31.47.0-255,66,101778,96,281420
43124,0.001411,172.31.47.0-255,66,101844,96,281420
43125,0.001429,172.217.194.0-255,4320,106164,96,281420
43126,0.001432,172.31.47.0-255,66,106230,96,281420
43127,0.001446,172.217.194.0-255,2184,108414,96,281420
43128,0.001449,172.31.47.0-255,66,108480,96,281420
43129,0.001949,172.217.194.0-255,1484,109964,96,281420
43130,0.001954,172.217.194.0-255,1484,111448,96,281420
43131,0.001957,172.31.47.0-255,66,111514,96,281420
43132,0.001979,172.217.194.0-255,1484,112998,96,281420
43133,0.001986,172.217.194.0-255,5738,118736,96,281420
43134,0.001988,172.31.47.0-255,66,118802,96,281420
43135,0.001991,172.217.194.0-255,1484,120286,96,281420
43136,0.00202,172.31.47.0-255,66,120352,96,281420
43137,0.002074,172.31.47.0-255,66,120418,96,281420
43138,0.004141,172.217.194.0-255,5738,126156,96,281420
43139,0.004149,172.31.47.0-255,66,126222,96,281420
43140,0.006193,172.217.194.0-255,5738,131960,96,281420
43141,0.006199,172.31.47.0-255,66,132026,96,281420
43142,0.00825,172.217.194.0-255,5738,137764,96,281420
43143,0.008257,172.31.47.0-255,66,137830,96,281420
43144,0.010361,172.217.194.0-255,5738,143568,96,281420
43145,0.010368,172.31.47.0-255,66,143634,96,281420
43146,0.012454,172.217.194.0-255,5738,149372,96,281420
43147,0.012471,172.31.47.0-255,66,149438,96,281420
43148,0.014541,172.217.194.0-255,5738,155176,96,281420
43149,0.014555,172.31.47.0-255,66,155242,96,281420
43150,0.016626,172.217.194.0-255,5738,160980,96,281420
43151,0.016641,172.31.47.0-255,66,161046,96,281420
43152,0.018724,172.217.194.0-255,5738,166784,96,281420
43153,0.018738,172.31.47.0-255,66,166850,96,281420
43154,0.020791,172.217.194.0-255,5738,172588,96,281420
43155,0.0208,172.31.47.0-255,66,172654,96,281420
43156,0.022859,172.217.194.0-255,5738,178392,96,281420
43157,0.022866,172.31.47.0-255,66,178458,96,281420
43158,0.024963,172.217.194.0-255,5738,184196,96,281420
43159,0.024973,172.31.47.0-255,66,184262,96,281420
43160,0.027033,172.217.194.0-255,5738,190000,96,281420
43161,0.027042,172.31.47.0-255,66,190066,96,281420
43162,0.029112,172.217.194.0-255,5738,195804,96,281420
43163,0.029119,172.31.47.0-255,66,195870,96,281420
43164,0.031224,172.217.194.0-255,5738,201608,96,281420
43165,0.031234,172.31.47.0-255,66,201674,96,281420
43166,0.033301,172.217.194.0-255,5738,207412,96,281420
43167,0.033309,172.31.47.0-255,66,207478,96,281420
43168,0.035381,172.217.194.0-255,5738,213216,96,281420
43169,0.035396,172.31.47.0-255,66,213282,96,281420
43170,0.037454,172.217.194.0-255,5738,219020,96,281420
43171,0.037462,172.31.47.0-255,66,219086,96,281420
43172,0.039521,172.217.194.0-255,5738,224824,96,281420
43173,0.039531,172.31.47.0-255,66,224890,96,281420
43174,0.041611,172.217.194.0-255,5738,230628,96,281420
43175,0.041628,172.31.47.0-255,66,230694,96,281420
43176,0.043685,172.217.194.0-255,5738,236432,96,281420
43177,0.043692,172.31.47.0-255,66,236498,96,281420
43178,0.045754,172.217.194.0-255,5738,242236,96,281420
43179,0.045761,172.31.47.0-255,66,242302,96,281420
43180,0.04785,172.217.194.0-255,5738,248040,96,281420
43181,0.047867,172.31.47.0-255,66,248106,96,281420
43182,0.049954,172.217.194.0-255,5738,253844,96,281420
43183,0.049969,172.31.47.0-255,66,253910,96,281420
43184,0.052031,172.217.194.0-255,5738,259648,96,281420
43185,0.052038,172.31.47.0-255,66,259714,96,281420
43186,0.054079,172.217.194.0-255,5738,265452,96,281420
43187,0.054086,172.31.47.0-255,66,265518,96,281420
43188,0.055945,172.31.47.0-255,171,265689,96,281420
43189,0.055974,172.31.47.0-255,1125,266814,96,281420
43190,0.056034,172.31.47.0-255,1514,268328,96,281420
43191,0.056036,172.31.47.0-255,1286,269614,96,281420
43192,0.056141,172.217.194.0-255,5738,275352,96,281420
43193,0.056146,172.31.47.0-255,66,275418,96,281420
43194,0.05751,104.244.42.0-255,66,275484,96,281420
43195,0.057518,104.244.42.0-255,66,275550,96,281420
43196,0.057621,104.244.42.0-255,66,275616,96,281420
43197,0.058241,172.217.194.0-255,5738,281354,96,281420
43198,0.058247,172.31.47.0-255,66,281420,96,281420
43199,0.0,74.125.24.0-255,153,153,96,219165
43200,2.8e-05,172.31.47.0-255,66,219,96,219165
43201,3.4e-05,74.125.24.0-255,1484,1703,96,219165
43202,3.8e-05,172.31.47.0-255,66,1769,96,219165
43203,4.2e-05,74.125.24.0-255,2902,4671,96,219165
43204,4.4e-05,172.31.47.0-255,66,4737,96,219165
43205,7.1e-05,74.125.24.0-255,5738,10475,96,219165
43206,7.3e-05,172.31.47.0-255,66,10541,96,219165
43207,8.8e-05,74.125.24.0-255,5738,16279,96,219165
43208,9.1e-05,172.31.47.0-255,66,16345,96,219165
43209,0.000109,172.31.47.0-255,66,16411,96,219165
43210,0.000143,74.125.24.0-255,2902,19313,96,219165
43211,0.000145,172.31.47.0-255,66,19379,96,219165
43212,0.000164,74.125.24.0-255,3961,23340,96,219165
43213,0.000166,172.31.47.0-255,66,23406,96,219165
43214,0.000206,74.125.24.0-255,1484,24890,96,219165
43215,0.000209,172.31.47.0-255,66,24956,96,219165
43216,0.000224,74.125.24.0-255,2902,27858,96,219165
43217,0.000226,172.31.47.0-255,66,27924,96,219165
43218,0.000229,74.125.24.0-255,1484,29408,96,219165
43219,0.00023,172.31.47.0-255,66,29474,96,219165
43220,0.000249,74.125.24.0-255,2902,32376,96,219165
43221,0.000251,172.31.47.0-255,66,32442,96,219165
43222,0.000269,74.125.24.0-255,2902,35344,96,219165
43223,0.000272,172.31.47.0-255,66,35410,96,219165
43224,0.000293,74.125.24.0-255,5738,41148,96,219165
43225,0.000295,172.31.47.0-255,66,41214,96,219165
43226,0.000304,172.31.47.0-255,66,41280,96,219165
43227,0.000343,74.125.24.0-255,5738,47018,96,219165
43228,0.000347,172.31.47.0-255,66,47084,96,219165
43229,0.000361,74.125.24.0-255,2561,49645,96,219165
43230,0.000363,172.31.47.0-255,66,49711,96,219165
43231,0.000478,74.125.24.0-255,1484,51195,96,219165
43232,0.000483,74.125.24.0-255,1484,52679,96,219165
43233,0.000485,172.31.47.0-255,66,52745,96,219165
43234,0.000505,74.125.24.0-255,1484,54229,96,219165
43235,0.000511,74.125.24.0-255,5738,59967,96,219165
43236,0.000513,172.31.47.0-255,66,60033,96,219165
43237,0.000532,172.31.47.0-255,66,60099,96,219165
43238,0.000544,74.125.24.0-255,2902,63001,96,219165
43239,0.000546,172.31.47.0-255,66,63067,96,219165
43240,0.000553,74.125.24.0-255,7156,70223,96,219165
43241,0.000555,172.31.47.0-255,66,70289,96,219165
43242,0.000567,74.125.24.0-255,3602,73891,96,219165
43243,0.000569,172.31.47.0-255,66,73957,96,219165
43244,0.000571,74.125.24.0-255,332,74289,96,219165
43245,0.000617,74.125.24.0-255,1484,75773,96,219165
43246,0.000619,172.31.47.0-255,66,75839,96,219165
43247,0.000636,74.125.24.0-255,4320,80159,96,219165
43248,0.000639,172.31.47.0-255,66,80225,96,219165
43249,0.000643,74.125.24.0-255,5738,85963,96,219165
43250,0.000645,172.31.47.0-255,66,86029,96,219165
43251,0.000665,74.125.24.0-255,1484,87513,96,219165
43252,0.000703,74.125.24.0-255,7156,94669,96,219165
43253,0.000708,172.31.47.0-255,66,94735,96,219165
43254,0.000725,74.125.24.0-255,2902,97637,96,219165
43255,0.000727,172.31.47.0-255,66,97703,96,219165
43256,0.000738,172.31.47.0-255,66,97769,96,219165
43257,0.000743,74.125.24.0-255,2902,100671,96,219165
43258,0.000745,172.31.47.0-255,66,100737,96,219165
43259,0.000768,74.125.24.0-255,4320,105057,96,219165
43260,0.00077,172.31.47.0-255,66,105123,96,219165
43261,0.000779,172.31.47.0-255,66,105189,96,219165
43262,0.000783,74.125.24.0-255,2902,108091,96,219165
43263,0.000784,172.31.47.0-255,66,108157,96,219165
43264,0.000819,172.31.47.0-255,66,108223,96,219165
43265,0.000822,74.125.24.0-255,766,108989,96,219165
43266,0.001025,74.125.24.0-255,1484,110473,96,219165
43267,0.001029,172.31.47.0-255,66,110539,96,219165
43268,0.001033,74.125.24.0-255,2902,113441,96,219165
43269,0.001035,172.31.47.0-255,66,113507,96,219165
43270,0.001038,74.125.24.0-255,1484,114991,96,219165
43271,0.001057,74.125.24.0-255,4320,119311,96,219165
43272,0.00106,172.31.47.0-255,66,119377,96,219165
43273,0.001062,74.125.24.0-255,5738,125115,96,219165
43274,0.001064,172.31.47.0-255,66,125181,96,219165
43275,0.001082,74.125.24.0-255,1484,126665,96,219165
43276,0.001087,74.125.24.0-255,4320,130985,96,219165
43277,0.001089,172.31.47.0-255,66,131051,96,219165
43278,0.001117,172.31.47.0-255,66,131117,96,219165
43279,0.001121,74.125.24.0-255,2184,133301,96,219165
43280,0.001123,172.31.47.0-255,66,133367,96,219165
43281,0.001166,74.125.24.0-255,1484,134851,96,219165
43282,0.001182,74.125.24.0-255,2902,137753,96,219165
43283,0.001185,172.31.47.0-255,66,137819,96,219165
43284,0.001196,74.125.24.0-255,2902,140721,96,219165
43285,0.001198,172.31.47.0-255,66,140787,96,219165
43286,0.001221,74.125.24.0-255,2902,143689,96,219165
43287,0.001223,172.31.47.0-255,66,143755,96,219165
43288,0.001229,74.125.24.0-255,7156,150911,96,219165
43289,0.001231,172.31.47.0-255,66,150977,96,219165
43290,0.001233,74.125.24.0-255,1484,152461,96,219165
43291,0.001271,172.31.47.0-255,66,152527,96,219165
43292,0.001275,74.125.24.0-255,2184,154711,96,219165
43293,0.001277,172.31.47.0-255,66,154777,96,219165
43294,0.001353,74.125.24.0-255,1484,156261,96,219165
43295,0.001371,74.125.24.0-255,2902,159163,96,219165
43296,0.001374,172.31.47.0-255,66,159229,96,219165
43297,0.00138,74.125.24.0-255,5738,164967,96,219165
43298,0.001382,172.31.47.0-255,66,165033,96,219165
43299,0.001427,172.31.47.0-255,66,165099,96,219165
43300,0.001434,74.125.24.0-255,7156,172255,96,219165
43301,0.001435,172.31.47.0-255,66,172321,96,219165
43302,0.001459,74.125.24.0-255,3602,175923,96,219165
43303,0.001462,172.31.47.0-255,66,175989,96,219165
43304,0.001587,74.125.24.0-255,1484,177473,96,219165
43305,0.001592,74.125.24.0-255,2902,180375,96,219165
43306,0.001595,172.31.47.0-255,66,180441,96,219165
43307,0.0016,74.125.24.0-255,5738,186179,96,219165
43308,0.001602,172.31.47.0-255,66,186245,96,219165
43309,0.001612,74.125.24.0-255,1484,187729,96,219165
43310,0.001644,172.31.47.0-255,66,187795,96,219165
43311,0.001655,172.31.47.0-255,66,187861,96,219165
43312,0.001717,172.31.47.0-255,66,187927,96,219165
43313,0.001749,172.31.47.0-255,66,187993,96,219165
43314,0.001751,74.125.24.0-255,7156,195149,96,219165
43315,0.001752,172.31.47.0-255,66,195215,96,219165
43316,0.001771,74.125.24.0-255,3602,198817,96,219165
43317,0.001774,172.31.47.0-255,66,198883,96,219165
43318,0.001785,172.31.47.0-255,66,198949,96,219165
43319,0.001795,172.31.47.0-255,66,199015,96,219165
43320,0.001821,74.125.24.0-255,3602,202617,96,219165
43321,0.001825,172.31.47.0-255,66,202683,96,219165
43322,0.001839,172.31.47.0-255,66,202749,96,219165
43323,0.001844,74.125.24.0-255,5738,208487,96,219165
43324,0.001846,172.31.47.0-255,66,208553,96,219165
43325,0.001876,172.31.47.0-255,66,208619,96,219165
43326,0.00188,74.125.24.0-255,2902,211521,96,219165
43327,0.001881,172.31.47.0-255,66,211587,96,219165
43328,0.001904,172.31.47.0-255,66,211653,96,219165
43329,0.001906,74.125.24.0-255,105,211758,96,219165
43330,0.002961,172.31.47.0-255,66,211824,96,219165
43331,0.002984,172.31.47.0-255,105,211929,96,219165
43332,0.005448,74.125.24.0-255,66,211995,96,219165
43333,0.026045,172.31.47.0-255,172,212167,96,219165
43334,0.026075,172.31.47.0-255,1105,213272,96,219165
43335,0.026108,172.31.47.0-255,1514,214786,96,219165
43336,0.02611,172.31.47.0-255,1514,216300,96,219165
43337,0.026111,172.31.47.0-255,1514,217814,96,219165
43338,0.026112,172.31.47.0-255,1087,218901,96,219165
43339,0.027525,104.244.42.0-255,66,218967,96,219165
43340,0.027555,104.244.42.0-255,66,219033,96,219165
43341,0.027612,104.244.42.0-255,66,219099,96,219165
43342,0.027615,104.244.42.0-255,66,219165,96,219165
43343,0.0,74.125.68.0-255,146,146,96,329953
43344,2.7e-05,172.31.47.0-255,66,212,96,329953
43345,3.3e-05,74.125.68.0-255,1484,1696,96,329953
43346,3.7e-05,172.31.47.0-255,66,1762,96,329953
43347,3.9e-05,74.125.68.0-255,1484,3246,96,329953
43348,4.1e-05,172.31.47.0-255,66,3312,96,329953
43349,5.8e-05,74.125.68.0-255,1484,4796,96,329953
43350,6.1e-05,172.31.47.0-255,66,4862,96,329953
43351,6.5e-05,74.125.68.0-255,2902,7764,96,329953
43352,6.7e-05,172.31.47.0-255,66,7830,96,329953
43353,8.8e-05,74.125.68.0-255,4320,12150,96,329953
43354,9e-05,172.31.47.0-255,66,12216,96,329953
43355,9.2e-05,74.125.68.0-255,1484,13700,96,329953
43356,9.4e-05,172.31.47.0-255,66,13766,96,329953
43357,0.000116,74.125.68.0-255,6396,20162,96,329953
43358,0.000119,172.31.47.0-255,66,20228,96,329953
43359,0.000124,74.125.68.0-255,5738,25966,96,329953
43360,0.000125,172.31.47.0-255,66,26032,96,329953
43361,0.000143,74.125.68.0-255,4320,30352,96,329953
43362,0.000145,172.31.47.0-255,66,30418,96,329953
43363,0.000167,74.125.68.0-255,2902,33320,96,329953
43364,0.000169,172.31.47.0-255,66,33386,96,329953
43365,0.000196,172.31.47.0-255,66,33452,96,329953
43366,0.00022,74.125.68.0-255,5020,38472,96,329953
43367,0.000222,172.31.47.0-255,66,38538,96,329953
43368,0.000238,74.125.68.0-255,5738,44276,96,329953
43369,0.00024,172.31.47.0-255,66,44342,96,329953
43370,0.00027,74.125.68.0-255,4320,48662,96,329953
43371,0.000273,172.31.47.0-255,66,48728,96,329953
43372,0.000292,74.125.68.0-255,4304,53032,96,329953
43373,0.000295,172.31.47.0-255,66,53098,96,329953
43374,0.000334,74.125.68.0-255,1484,54582,96,329953
43375,0.000337,172.31.47.0-255,66,54648,96,329953
43376,0.000348,74.125.68.0-255,2902,57550,96,329953
43377,0.00035,172.31.47.0-255,66,57616,96,329953
43378,0.000366,74.125.68.0-255,2902,60518,96,329953
43379,0.000369,172.31.47.0-255,66,60584,96,329953
43380,0.000389,74.125.68.0-255,2902,63486,96,329953
43381,0.000392,172.31.47.0-255,66,63552,96,329953
43382,0.000394,74.125.68.0-255,1484,65036,96,329953
43383,0.000396,172.31.47.0-255,66,65102,96,329953
43384,0.000413,74.125.68.0-255,5738,70840,96,329953
43385,0.000416,172.31.47.0-255,66,70906,96,329953
43386,0.000419,74.125.68.0-255,2902,73808,96,329953
43387,0.000421,172.31.47.0-255,66,73874,96,329953
43388,0.000454,172.31.47.0-255,66,73940,96,329953
43389,0.000477,74.125.68.0-255,2902,76842,96,329953
43390,0.00048,172.31.47.0-255,66,76908,96,329953
43391,0.000491,74.125.68.0-255,1043,77951,96,329953
43392,0.000494,172.31.47.0-255,66,78017,96,329953
43393,0.000769,74.125.68.0-255,1484,79501,96,329953
43394,0.000823,74.125.68.0-255,2902,82403,96,329953
43395,0.000827,74.125.68.0-255,2902,85305,96,329953
43396,0.00083,74.125.68.0-255,4320,89625,96,329953
43397,0.000835,74.125.68.0-255,4320,93945,96,329953
43398,0.000853,74.125.68.0-255,4320,98265,96,329953
43399,0.000857,74.125.68.0-255,4320,102585,96,329953
43400,0.00086,74.125.68.0-255,1484,104069,96,329953
43401,0.000874,74.125.68.0-255,4320,108389,96,329953
43402,0.000895,74.125.68.0-255,3602,111991,96,329953
43403,0.001894,74.125.68.0-255,1484,113475,96,329953
43404,0.00191,74.125.68.0-255,2902,116377,96,329953
43405,0.001927,74.125.68.0-255,5738,122115,96,329953
43406,0.001963,74.125.68.0-255,4320,126435,96,329953
43407,0.002033,74.125.68.0-255,1484,127919,96,329953
43408,0.002055,74.125.68.0-255,2902,130821,96,329953
43409,0.002058,74.125.68.0-255,1484,132305,96,329953
43410,0.002077,74.125.68.0-255,1484,133789,96,329953
43411,0.00208,74.125.68.0-255,1484,135273,96,329953
43412,0.002102,74.125.68.0-255,2184,137457,96,329953
43413,0.002181,74.125.68.0-255,1484,138941,96,329953
43414,0.002196,74.125.68.0-255,2902,141843,96,329953
43415,0.002208,74.125.68.0-255,2902,144745,96,329953
43416,0.002228,74.125.68.0-255,4320,149065,96,329953
43417,0.002265,74.125.68.0-255,1484,150549,96,329953
43418,0.002268,74.125.68.0-255,1484,152033,96,329953
43419,0.002282,74.125.68.0-255,1484,153517,96,329953
43420,0.002285,74.125.68.0-255,1484,155001,96,329953
43421,0.002313,74.125.68.0-255,2902,157903,96,329953
43422,0.002315,74.125.68.0-255,1484,159387,96,329953
43423,0.002334,74.125.68.0-255,2902,162289,96,329953
43424,0.002336,74.125.68.0-255,1484,163773,96,329953
43425,0.002338,74.125.68.0-255,1484,165257,96,329953
43426,0.002359,74.125.68.0-255,2902,168159,96,329953
43427,0.002371,74.125.68.0-255,3602,171761,96,329953
43428,0.002513,74.125.68.0-255,1484,173245,96,329953
43429,0.002532,74.125.68.0-255,2902,176147,96,329953
43430,0.002584,74.125.68.0-255,1484,177631,96,329953
43431,0.002616,74.125.68.0-255,1484,179115,96,329953
43432,0.002663,74.125.68.0-255,1484,180599,96,329953
43433,0.002686,74.125.68.0-255,2902,183501,96,329953
43434,0.002714,74.125.68.0-255,1484,184985,96,329953
43435,0.002727,74.125.68.0-255,2902,187887,96,329953
43436,0.002755,74.125.68.0-255,2902,190789,96,329953
43437,0.002769,74.125.68.0-255,2902,193691,96,329953
43438,0.002786,74.125.68.0-255,1484,195175,96,329953
43439,0.002813,74.125.68.0-255,2902,198077,96,329953
43440,0.002835,74.125.68.0-255,2902,200979,96,329953
43441,0.00285,74.125.68.0-255,1484,202463,96,329953
43442,0.002869,74.125.68.0-255,3602,206065,96,329953
43443,0.003385,74.125.68.0-255,1484,207549,96,329953
43444,0.003403,74.125.68.0-255,2902,210451,96,329953
43445,0.003412,74.125.68.0-255,2902,213353,96,329953
43446,0.003425,74.125.68.0-255,2902,216255,96,329953
43447,0.003427,74.125.68.0-255,1484,217739,96,329953
43448,0.003431,74.125.68.0-255,2902,220641,96,329953
43449,0.003463,74.125.68.0-255,4320,224961,96,329953
43450,0.003478,74.125.68.0-255,1484,226445,96,329953
43451,0.003481,74.125.68.0-255,2902,229347,96,329953
43452,0.003483,74.125.68.0-255,1484,230831,96,329953
43453,0.003497,74.125.68.0-255,2902,233733,96,329953
43454,0.00353,74.125.68.0-255,2902,236635,96,329953
43455,0.003548,74.125.68.0-255,3602,240237,96,329953
43456,0.003569,74.125.68.0-255,1484,241721,96,329953
43457,0.003591,74.125.68.0-255,5738,247459,96,329953
43458,0.003677,74.125.68.0-255,2902,250361,96,329953
43459,0.00369,74.125.68.0-255,4320,254681,96,329953
43460,0.003705,74.125.68.0-255,766,255447,96,329953
43461,0.00374,74.125.68.0-255,1484,256931,96,329953
43462,0.003755,74.125.68.0-255,4320,261251,96,329953
43463,0.003783,74.125.68.0-255,4320,265571,96,329953
43464,0.003796,74.125.68.0-255,4320,269891,96,329953
43465,0.003824,74.125.68.0-255,1484,271375,96,329953
43466,0.003827,74.125.68.0-255,2902,274277,96,329953
43467,0.003841,74.125.68.0-255,6438,280715,96,329953
43468,0.004219,74.125.68.0-255,1484,282199,96,329953
43469,0.004233,74.125.68.0-255,2902,285101,96,329953
43470,0.004236,74.125.68.0-255,1484,286585,96,329953
43471,0.004252,74.125.68.0-255,2902,289487,96,329953
43472,0.004332,74.125.68.0-255,1484,290971,96,329953
43473,0.004356,74.125.68.0-255,5020,295991,96,329953
43474,0.004395,74.125.68.0-255,5738,301729,96,329953
43475,0.004416,74.125.68.0-255,7156,308885,96,329953
43476,0.004443,74.125.68.0-255,5738,314623,96,329953
43477,0.004467,74.125.68.0-255,5738,320361,96,329953
43478,0.004539,74.125.68.0-255,2902,323263,96,329953
43479,0.004555,74.125.68.0-255,2053,325316,96,329953
43480,0.004614,74.125.68.0-255,105,325421,96,329953
43481,0.007623,172.31.47.0-255,66,325487,96,329953
43482,0.01021,172.31.47.0-255,105,325592,96,329953
43483,0.012133,74.125.68.0-255,66,325658,96,329953
43484,0.046544,172.31.47.0-255,172,325830,96,329953
43485,0.046573,172.31.47.0-255,1101,326931,96,329953
43486,0.046606,172.31.47.0-255,1514,328445,96,329953
43487,0.046608,172.31.47.0-255,1310,329755,96,329953
43488,0.048107,104.244.42.0-255,66,329821,96,329953
43489,0.048141,104.244.42.0-255,66,329887,96,329953
43490,0.048144,104.244.42.0-255,66,329953,96,329953
43491,0.0,172.217.194.0-255,153,153,96,277870
43492,2.2e-05,172.31.47.0-255,66,219,96,277870
43493,2.8e-05,172.217.194.0-255,1484,1703,96,277870
43494,3.2e-05,172.31.47.0-255,66,1769,96,277870
43495,3.6e-05,172.217.194.0-255,2902,4671,96,277870
43496,4e-05,172.31.47.0-255,66,4737,96,277870
43497,4.4e-05,172.217.194.0-255,4320,9057,96,277870
43498,4.7e-05,172.31.47.0-255,66,9123,96,277870
43499,8e-05,172.217.194.0-255,2902,12025,96,277870
43500,8.2e-05,172.31.47.0-255,66,12091,96,277870
43501,8.6e-05,172.217.194.0-255,2044,14135,96,277870
43502,8.8e-05,172.31.47.0-255,66,14201,96,277870
43503,0.000483,172.217.194.0-255,1484,15685,96,277870
43504,0.000488,172.31.47.0-255,66,15751,96,277870
43505,0.000497,172.217.194.0-255,2902,18653,96,277870
43506,0.000499,172.31.47.0-255,66,18719,96,277870
43507,0.000511,172.217.194.0-255,5738,24457,96,277870
43508,0.000513,172.31.47.0-255,66,24523,96,277870
43509,0.000535,172.217.194.0-255,1484,26007,96,277870
43510,0.000542,172.31.47.0-255,66,26073,96,277870
43511,0.000583,172.31.47.0-255,66,26139,96,277870
43512,0.000612,172.217.194.0-255,5738,31877,96,277870
43513,0.000614,172.31.47.0-255,66,31943,96,277870
43514,0.00064,172.217.194.0-255,5379,37322,96,277870
43515,0.000643,172.31.47.0-255,66,37388,96,277870
43516,0.000646,172.217.194.0-255,1484,38872,96,277870
43517,0.000648,172.31.47.0-255,66,38938,96,277870
43518,0.000651,172.217.194.0-255,2902,41840,96,277870
43519,0.000653,172.31.47.0-255,66,41906,96,277870
43520,0.000661,172.217.194.0-255,2902,44808,96,277870
43521,0.000665,172.31.47.0-255,66,44874,96,277870
43522,0.000689,172.217.194.0-255,2902,47776,96,277870
43523,0.000693,172.31.47.0-255,66,47842,96,277870
43524,0.000703,172.217.194.0-255,6797,54639,96,277870
43525,0.000705,172.31.47.0-255,66,54705,96,277870
43526,0.000723,172.217.194.0-255,378,55083,96,277870
43527,0.001056,172.31.47.0-255,66,55149,96,277870
43528,0.001189,172.217.194.0-255,364,55513,96,277870
43529,0.00121,172.31.47.0-255,66,55579,96,277870
43530,0.001318,172.217.194.0-255,1484,57063,96,277870
43531,0.001322,172.217.194.0-255,1484,58547,96,277870
43532,0.001325,172.31.47.0-255,66,58613,96,277870
43533,0.001339,172.217.194.0-255,1484,60097,96,277870
43534,0.001348,172.217.194.0-255,5738,65835,96,277870
43535,0.00135,172.31.47.0-255,66,65901,96,277870
43536,0.001355,172.217.194.0-255,5738,71639,96,277870
43537,0.001357,172.31.47.0-255,66,71705,96,277870
43538,0.001375,172.217.194.0-255,1125,72830,96,277870
43539,0.001377,172.217.194.0-255,1484,74314,96,277870
43540,0.001379,172.31.47.0-255,66,74380,96,277870
43541,0.001408,172.31.47.0-255,66,74446,96,277870
43542,0.001412,172.217.194.0-255,2543,76989,96,277870
43543,0.001413,172.31.47.0-255,66,77055,96,277870
43544,0.001912,172.217.194.0-255,1484,78539,96,277870
43545,0.001929,172.217.194.0-255,1484,80023,96,277870
43546,0.001933,172.31.47.0-255,66,80089,96,277870
43547,0.001962,172.217.194.0-255,1484,81573,96,277870
43548,0.001968,172.217.194.0-255,5738,87311,96,277870
43549,0.001969,172.31.47.0-255,66,87377,96,277870
43550,0.001976,172.217.194.0-255,7156,94533,96,277870
43551,0.001977,172.31.47.0-255,66,94599,96,277870
43552,0.001997,172.217.194.0-255,5738,100337,96,277870
43553,0.002003,172.31.47.0-255,66,100403,96,277870
43554,0.002015,172.217.194.0-255,2902,103305,96,277870
43555,0.002021,172.31.47.0-255,66,103371,96,277870
43556,0.002056,172.31.47.0-255,66,103437,96,277870
43557,0.002131,172.217.194.0-255,1484,104921,96,277870
43558,0.002136,172.217.194.0-255,2902,107823,96,277870
43559,0.002139,172.31.47.0-255,66,107889,96,277870
43560,0.002159,172.217.194.0-255,5738,113627,96,277870
43561,0.002161,172.31.47.0-255,66,113693,96,277870
43562,0.002191,172.31.47.0-255,66,113759,96,277870
43563,0.002239,172.31.47.0-255,66,113825,96,277870
43564,0.002271,172.217.194.0-255,5020,118845,96,277870
43565,0.002273,172.31.47.0-255,66,118911,96,277870
43566,0.002283,172.31.47.0-255,66,118977,96,277870
43567,0.002309,172.217.194.0-255,7156,126133,96,277870
43568,0.002312,172.31.47.0-255,66,126199,96,277870
43569,0.002316,172.217.194.0-255,4320,130519,96,277870
43570,0.002318,172.31.47.0-255,66,130585,96,277870
43571,0.002358,172.31.47.0-255,66,130651,96,277870
43572,0.004645,172.217.194.0-255,5738,136389,96,277870
43573,0.004653,172.31.47.0-255,66,136455,96,277870
43574,0.006934,172.217.194.0-255,5738,142193,96,277870
43575,0.006941,172.31.47.0-255,66,142259,96,277870
43576,0.009241,172.217.194.0-255,5738,147997,96,277870
43577,0.009249,172.31.47.0-255,66,148063,96,277870
43578,0.011586,172.217.194.0-255,5738,153801,96,277870
43579,0.011592,172.31.47.0-255,66,153867,96,277870
43580,0.013904,172.217.194.0-255,5738,159605,96,277870
43581,0.013913,172.31.47.0-255,66,159671,96,277870
43582,0.016198,172.217.194.0-255,5738,165409,96,277870
43583,0.016205,172.31.47.0-255,66,165475,96,277870
43584,0.017535,172.31.47.0-255,172,165647,96,277870
43585,0.017572,172.31.47.0-255,1110,166757,96,277870
43586,0.017625,172.31.47.0-255,1514,168271,96,277870
43587,0.017627,172.31.47.0-255,1301,169572,96,277870
43588,0.018486,172.217.194.0-255,5738,175310,96,277870
43589,0.018491,172.31.47.0-255,66,175376,96,277870
43590,0.019118,104.244.42.0-255,66,175442,96,277870
43591,0.019125,104.244.42.0-255,66,175508,96,277870
43592,0.019204,104.244.42.0-255,66,175574,96,277870
43593,0.020743,172.217.194.0-255,4320,179894,96,277870
43594,0.020754,172.31.47.0-255,66,179960,96,277870
43595,0.020785,172.217.194.0-255,1484,181444,96,277870
43596,0.023016,172.217.194.0-255,4320,185764,96,277870
43597,0.023023,172.31.47.0-255,66,185830,96,277870
43598,0.025303,172.217.194.0-255,5738,191568,96,277870
43599,0.025308,172.31.47.0-255,66,191634,96,277870
43600,0.027569,172.217.194.0-255,5738,197372,96,277870
43601,0.027574,172.31.47.0-255,66,197438,96,277870
43602,0.029832,172.217.194.0-255,4320,201758,96,277870
43603,0.029837,172.31.47.0-255,66,201824,96,277870
43604,0.029866,172.217.194.0-255,1484,203308,96,277870
43605,0.032097,172.217.194.0-255,4320,207628,96,277870
43606,0.032103,172.31.47.0-255,66,207694,96,277870
43607,0.034358,172.217.194.0-255,5738,213432,96,277870
43608,0.034363,172.31.47.0-255,66,213498,96,277870
43609,0.036621,172.217.194.0-255,5738,219236,96,277870
43610,0.036628,172.31.47.0-255,66,219302,96,277870
43611,0.038906,172.217.194.0-255,5738,225040,96,277870
43612,0.038911,172.31.47.0-255,66,225106,96,277870
43613,0.041205,172.217.194.0-255,5738,230844,96,277870
43614,0.041211,172.31.47.0-255,66,230910,96,277870
43615,0.04349,172.217.194.0-255,5738,236648,96,277870
43616,0.043495,172.31.47.0-255,66,236714,96,277870
43617,0.045791,172.217.194.0-255,5738,242452,96,277870
43618,0.045796,172.31.47.0-255,66,242518,96,277870
43619,0.048057,172.217.194.0-255,5738,248256,96,277870
43620,0.048063,172.31.47.0-255,66,248322,96,277870
43621,0.050324,172.217.194.0-255,5738,254060,96,277870
43622,0.050329,172.31.47.0-255,66,254126,96,277870
43623,0.05261,172.217.194.0-255,2902,257028,96,277870
43624,0.052614,172.31.47.0-255,66,257094,96,277870
43625,0.052644,172.217.194.0-255,2902,259996,96,277870
43626,0.052646,172.31.47.0-255,66,260062,96,277870
43627,0.054884,172.217.194.0-255,2902,262964,96,277870
43628,0.05489,172.31.47.0-255,66,263030,96,277870
43629,0.054926,172.217.194.0-255,2902,265932,96,277870
43630,0.054929,172.31.47.0-255,66,265998,96,277870
43631,0.05714,172.217.194.0-255,2902,268900,96,277870
43632,0.057145,172.31.47.0-255,66,268966,96,277870
43633,0.057174,172.217.194.0-255,2902,271868,96,277870
43634,0.057177,172.31.47.0-255,66,271934,96,277870
43635,0.059426,172.217.194.0-255,2902,274836,96,277870
43636,0.059431,172.31.47.0-255,66,274902,96,277870
43637,0.059467,172.217.194.0-255,2902,277804,96,277870
43638,0.05947,172.31.47.0-255,66,277870,96,277870
43639,0.0,172.31.47.0-255,66,66,96,66
