,TIME,SRC,PACKET_SIZE,CUMULATIVE_PACKET_SIZE,PAGE_NUMBER,TOTAL_PACKET_SIZE
0,0.0,74.125.130.0-255,151,151,35,348331
1,2.3e-05,172.31.33.0-255,66,217,35,348331
2,2.9e-05,74.125.130.0-255,1484,1701,35,348331
3,3.5e-05,172.31.33.0-255,66,1767,35,348331
4,5.6e-05,74.125.130.0-255,2902,4669,35,348331
5,6e-05,172.31.33.0-255,66,4735,35,348331
6,9.1e-05,74.125.130.0-255,5738,10473,35,348331
7,9.4e-05,172.31.33.0-255,66,10539,35,348331
8,9.9e-05,74.125.130.0-255,3527,14066,35,348331
9,0.000102,172.31.33.0-255,66,14132,35,348331
10,0.000118,74.125.130.0-255,4320,18452,35,348331
11,0.000121,172.31.33.0-255,66,18518,35,348331
12,0.000143,74.125.130.0-255,4320,22838,35,348331
13,0.000145,172.31.33.0-255,66,22904,35,348331
14,0.00015,74.125.130.0-255,2902,25806,35,348331
15,0.000153,172.31.33.0-255,66,25872,35,348331
16,0.000172,74.125.130.0-255,2902,28774,35,348331
17,0.000174,172.31.33.0-255,66,28840,35,348331
18,0.000179,74.125.130.0-255,2543,31383,35,348331
19,0.000181,172.31.33.0-255,66,31449,35,348331
20,0.000348,74.125.130.0-255,1484,32933,35,348331
21,0.000353,172.31.33.0-255,66,32999,35,348331
22,0.000358,74.125.130.0-255,2902,35901,35,348331
23,0.000361,172.31.33.0-255,66,35967,35,348331
24,0.000387,74.125.130.0-255,2902,38869,35,348331
25,0.000389,172.31.33.0-255,66,38935,35,348331
26,0.000394,74.125.130.0-255,2902,41837,35,348331
27,0.000396,172.31.33.0-255,66,41903,35,348331
28,0.000407,74.125.130.0-255,1484,43387,35,348331
29,0.00041,172.31.33.0-255,66,43453,35,348331
30,0.00043,74.125.130.0-255,4320,47773,35,348331
31,0.000434,172.31.33.0-255,66,47839,35,348331
32,0.000458,74.125.130.0-255,4320,52159,35,348331
33,0.000461,172.31.33.0-255,66,52225,35,348331
34,0.000466,74.125.130.0-255,2902,55127,35,348331
35,0.000469,172.31.33.0-255,66,55193,35,348331
36,0.000474,74.125.130.0-255,4320,59513,35,348331
37,0.000476,172.31.33.0-255,66,59579,35,348331
38,0.00048,74.125.130.0-255,1484,61063,35,348331
39,0.000515,74.125.130.0-255,5020,66083,35,348331
40,0.000518,172.31.33.0-255,66,66149,35,348331
41,0.000521,74.125.130.0-255,677,66826,35,348331
42,0.000653,74.125.130.0-255,1484,68310,35,348331
43,0.000659,172.31.33.0-255,66,68376,35,348331
44,0.000665,74.125.130.0-255,2902,71278,35,348331
45,0.000667,172.31.33.0-255,66,71344,35,348331
46,0.00067,74.125.130.0-255,1484,72828,35,348331
47,0.000693,74.125.130.0-255,4320,77148,35,348331
48,0.000697,172.31.33.0-255,66,77214,35,348331
49,0.000702,74.125.130.0-255,4320,81534,35,348331
50,0.000704,172.31.33.0-255,66,81600,35,348331
51,0.000725,74.125.130.0-255,5738,87338,35,348331
52,0.000728,172.31.33.0-255,66,87404,35,348331
53,0.000739,74.125.130.0-255,1484,88888,35,348331
54,0.000755,74.125.130.0-255,7156,96044,35,348331
55,0.000758,172.31.33.0-255,66,96110,35,348331
56,0.000796,74.125.130.0-255,4320,100430,35,348331
57,0.000799,172.31.33.0-255,66,100496,35,348331
58,0.000813,74.125.130.0-255,217,100713,35,348331
59,0.001216,74.125.130.0-255,1484,102197,35,348331
60,0.001223,172.31.33.0-255,66,102263,35,348331
61,0.001229,74.125.130.0-255,2902,105165,35,348331
62,0.001231,172.31.33.0-255,66,105231,35,348331
63,0.001235,74.125.130.0-255,1484,106715,35,348331
64,0.001261,74.125.130.0-255,2902,109617,35,348331
65,0.001264,172.31.33.0-255,66,109683,35,348331
66,0.001271,74.125.130.0-255,5738,115421,35,348331
67,0.001273,172.31.33.0-255,66,115487,35,348331
68,0.001292,74.125.130.0-255,2902,118389,35,348331
69,0.001295,172.31.33.0-255,66,118455,35,348331
70,0.001329,172.31.33.0-255,66,118521,35,348331
71,0.001334,74.125.130.0-255,4320,122841,35,348331
72,0.001336,172.31.33.0-255,66,122907,35,348331
73,0.001365,74.125.130.0-255,3602,126509,35,348331
74,0.001368,172.31.33.0-255,66,126575,35,348331
75,0.002003,74.125.130.0-255,1484,128059,35,348331
76,0.002021,74.125.130.0-255,2902,130961,35,348331
77,0.002025,172.31.33.0-255,66,131027,35,348331
78,0.002054,74.125.130.0-255,5738,136765,35,348331
79,0.002057,172.31.33.0-255,66,136831,35,348331
80,0.002062,74.125.130.0-255,4320,141151,35,348331
81,0.002064,172.31.33.0-255,66,141217,35,348331
82,0.00209,74.125.130.0-255,2902,144119,35,348331
83,0.002094,172.31.33.0-255,66,144185,35,348331
84,0.0021,74.125.130.0-255,4320,148505,35,348331
85,0.002102,172.31.33.0-255,66,148571,35,348331
86,0.002105,74.125.130.0-255,1484,150055,35,348331
87,0.002128,74.125.130.0-255,4320,154375,35,348331
88,0.002131,172.31.33.0-255,66,154441,35,348331
89,0.002136,74.125.130.0-255,4320,158761,35,348331
90,0.002137,172.31.33.0-255,66,158827,35,348331
91,0.002141,74.125.130.0-255,1484,160311,35,348331
92,0.002144,74.125.130.0-255,766,161077,35,348331
93,0.002146,172.31.33.0-255,66,161143,35,348331
94,0.002197,74.125.130.0-255,1484,162627,35,348331
95,0.002203,74.125.130.0-255,4320,166947,35,348331
96,0.002205,172.31.33.0-255,66,167013,35,348331
97,0.00221,74.125.130.0-255,2902,169915,35,348331
98,0.002212,172.31.33.0-255,66,169981,35,348331
99,0.002216,74.125.130.0-255,2902,172883,35,348331
100,0.002218,172.31.33.0-255,66,172949,35,348331
101,0.002232,74.125.130.0-255,1484,174433,35,348331
102,0.002236,74.125.130.0-255,2902,177335,35,348331
103,0.002238,172.31.33.0-255,66,177401,35,348331
104,0.002265,74.125.130.0-255,5738,183139,35,348331
105,0.002268,172.31.33.0-255,66,183205,35,348331
106,0.002274,74.125.130.0-255,5738,188943,35,348331
107,0.002276,172.31.33.0-255,66,189009,35,348331
108,0.002283,74.125.130.0-255,6438,195447,35,348331
109,0.002285,172.31.33.0-255,66,195513,35,348331
110,0.002309,74.125.130.0-255,1484,196997,35,348331
111,0.002327,74.125.130.0-255,2902,199899,35,348331
112,0.00233,172.31.33.0-255,66,199965,35,348331
113,0.002333,74.125.130.0-255,1484,201449,35,348331
114,0.002353,74.125.130.0-255,4320,205769,35,348331
115,0.002355,172.31.33.0-255,66,205835,35,348331
116,0.00236,74.125.130.0-255,4320,210155,35,348331
117,0.002362,172.31.33.0-255,66,210221,35,348331
118,0.002364,74.125.130.0-255,1484,211705,35,348331
119,0.002369,74.125.130.0-255,2902,214607,35,348331
120,0.002371,172.31.33.0-255,66,214673,35,348331
121,0.002374,74.125.130.0-255,1484,216157,35,348331
122,0.002403,74.125.130.0-255,4320,220477,35,348331
123,0.002406,172.31.33.0-255,66,220543,35,348331
124,0.002412,74.125.130.0-255,4320,224863,35,348331
125,0.002414,172.31.33.0-255,66,224929,35,348331
126,0.002416,74.125.130.0-255,1484,226413,35,348331
127,0.002422,74.125.130.0-255,3602,230015,35,348331
128,0.002424,172.31.33.0-255,66,230081,35,348331
129,0.002447,74.125.130.0-255,1484,231565,35,348331
130,0.002457,74.125.130.0-255,1484,233049,35,348331
131,0.00246,172.31.33.0-255,66,233115,35,348331
132,0.002463,74.125.130.0-255,1484,234599,35,348331
133,0.00248,74.125.130.0-255,4320,238919,35,348331
134,0.002483,172.31.33.0-255,66,238985,35,348331
135,0.002506,74.125.130.0-255,1484,240469,35,348331
136,0.002516,74.125.130.0-255,4320,244789,35,348331
137,0.002519,172.31.33.0-255,66,244855,35,348331
138,0.002524,74.125.130.0-255,4320,249175,35,348331
139,0.002527,172.31.33.0-255,66,249241,35,348331
140,0.002529,74.125.130.0-255,1484,250725,35,348331
141,0.002534,74.125.130.0-255,4320,255045,35,348331
142,0.002536,172.31.33.0-255,66,255111,35,348331
143,0.002553,74.125.130.0-255,2902,258013,35,348331
144,0.002556,172.31.33.0-255,66,258079,35,348331
145,0.00256,74.125.130.0-255,2902,260981,35,348331
146,0.002562,172.31.33.0-255,66,261047,35,348331
147,0.002581,74.125.130.0-255,3602,264649,35,348331
148,0.002584,172.31.33.0-255,66,264715,35,348331
149,0.002597,74.125.130.0-255,1484,266199,35,348331
150,0.002611,74.125.130.0-255,4320,270519,35,348331
151,0.002613,172.31.33.0-255,66,270585,35,348331
152,0.002646,74.125.130.0-255,7156,277741,35,348331
153,0.002649,172.31.33.0-255,66,277807,35,348331
154,0.002652,74.125.130.0-255,1484,279291,35,348331
155,0.002681,172.31.33.0-255,66,279357,35,348331
156,0.002683,74.125.130.0-255,1484,280841,35,348331
157,0.002688,74.125.130.0-255,4320,285161,35,348331
158,0.002691,172.31.33.0-255,66,285227,35,348331
159,0.002694,74.125.130.0-255,1484,286711,35,348331
160,0.002697,74.125.130.0-255,1484,288195,35,348331
161,0.002698,172.31.33.0-255,66,288261,35,348331
162,0.002712,74.125.130.0-255,2184,290445,35,348331
163,0.002715,172.31.33.0-255,66,290511,35,348331
164,0.002737,74.125.130.0-255,4320,294831,35,348331
165,0.00274,172.31.33.0-255,66,294897,35,348331
166,0.002772,74.125.130.0-255,7156,302053,35,348331
167,0.002775,172.31.33.0-255,66,302119,35,348331
168,0.002779,74.125.130.0-255,2902,305021,35,348331
169,0.002781,172.31.33.0-255,66,305087,35,348331
170,0.0028,74.125.130.0-255,5738,310825,35,348331
171,0.002803,172.31.33.0-255,66,310891,35,348331
172,0.002815,74.125.130.0-255,2902,313793,35,348331
173,0.002818,172.31.33.0-255,66,313859,35,348331
174,0.002851,172.31.33.0-255,66,313925,35,348331
175,0.002853,74.125.130.0-255,766,314691,35,348331
176,0.002956,74.125.130.0-255,1484,316175,35,348331
177,0.00296,172.31.33.0-255,66,316241,35,348331
178,0.00298,74.125.130.0-255,2902,319143,35,348331
179,0.002983,172.31.33.0-255,66,319209,35,348331
180,0.002989,74.125.130.0-255,5738,324947,35,348331
181,0.002992,172.31.33.0-255,66,325013,35,348331
182,0.003064,74.125.130.0-255,7156,332169,35,348331
183,0.003068,172.31.33.0-255,66,332235,35,348331
184,0.003084,74.125.130.0-255,1484,333719,35,348331
185,0.003096,172.31.33.0-255,66,333785,35,348331
186,0.003102,74.125.130.0-255,5020,338805,35,348331
187,0.003104,172.31.33.0-255,66,338871,35,348331
188,0.00311,74.125.130.0-255,5738,344609,35,348331
189,0.003112,172.31.33.0-255,66,344675,35,348331
190,0.003149,172.31.33.0-255,66,344741,35,348331
191,0.003153,74.125.130.0-255,2902,347643,35,348331
192,0.003155,172.31.33.0-255,66,347709,35,348331
193,0.003177,172.31.33.0-255,66,347775,35,348331
194,0.00318,74.125.130.0-255,97,347872,35,348331
195,0.00323,74.125.130.0-255,105,347977,35,348331
196,0.012649,74.125.130.0-255,105,348082,35,348331
197,0.012667,172.31.33.0-255,78,348160,35,348331
198,0.013614,172.31.33.0-255,105,348265,35,348331
199,0.015585,74.125.130.0-255,66,348331,35,348331
200,0.0,172.217.194.0-255,155,155,35,297552
201,1.6e-05,172.31.33.0-255,66,221,35,297552
202,3.8e-05,172.217.194.0-255,1484,1705,35,297552
203,4.2e-05,172.31.33.0-255,66,1771,35,297552
204,4.8e-05,172.217.194.0-255,2902,4673,35,297552
205,5e-05,172.31.33.0-255,66,4739,35,297552
206,8.9e-05,172.217.194.0-255,7156,11895,35,297552
207,9.3e-05,172.31.33.0-255,66,11961,35,297552
208,0.000103,172.31.33.0-255,66,12027,35,297552
209,0.000149,172.217.194.0-255,7156,19183,35,297552
210,0.000152,172.31.33.0-255,66,19249,35,297552
211,0.000177,172.217.194.0-255,3961,23210,35,297552
212,0.00018,172.31.33.0-255,66,23276,35,297552
213,0.000183,172.217.194.0-255,1484,24760,35,297552
214,0.000185,172.31.33.0-255,66,24826,35,297552
215,0.000189,172.217.194.0-255,2902,27728,35,297552
216,0.000197,172.31.33.0-255,66,27794,35,297552
217,0.000203,172.217.194.0-255,5738,33532,35,297552
218,0.000207,172.31.33.0-255,66,33598,35,297552
219,0.000259,172.31.33.0-255,66,33664,35,297552
220,0.000275,172.31.33.0-255,66,33730,35,297552
221,0.000278,172.217.194.0-255,375,34105,35,297552
222,0.00028,172.31.33.0-255,66,34171,35,297552
223,0.000896,172.217.194.0-255,367,34538,35,297552
224,0.000904,172.31.33.0-255,66,34604,35,297552
225,0.001194,172.217.194.0-255,1484,36088,35,297552
226,0.0012,172.31.33.0-255,66,36154,35,297552
227,0.001209,172.217.194.0-255,2902,39056,35,297552
228,0.001211,172.31.33.0-255,66,39122,35,297552
229,0.001223,172.217.194.0-255,5738,44860,35,297552
230,0.001226,172.31.33.0-255,66,44926,35,297552
231,0.001232,172.217.194.0-255,4320,49246,35,297552
232,0.001238,172.31.33.0-255,66,49312,35,297552
233,0.00128,172.31.33.0-255,66,49378,35,297552
234,0.001287,172.217.194.0-255,5738,55116,35,297552
235,0.001289,172.31.33.0-255,66,55182,35,297552
236,0.001317,172.217.194.0-255,1636,56818,35,297552
237,0.00132,172.31.33.0-255,66,56884,35,297552
238,0.001343,172.217.194.0-255,1484,58368,35,297552
239,0.001348,172.217.194.0-255,1484,59852,35,297552
240,0.00135,172.31.33.0-255,66,59918,35,297552
241,0.001367,172.217.194.0-255,1484,61402,35,297552
242,0.001374,172.217.194.0-255,5738,67140,35,297552
243,0.001376,172.31.33.0-255,66,67206,35,297552
244,0.001381,172.217.194.0-255,2902,70108,35,297552
245,0.001421,172.217.194.0-255,1484,71592,35,297552
246,0.001425,172.217.194.0-255,1484,73076,35,297552
247,0.001441,172.217.194.0-255,4320,77396,35,297552
248,0.001456,172.217.194.0-255,5020,82416,35,297552
249,0.001857,172.217.194.0-255,1484,83900,35,297552
250,0.001881,172.217.194.0-255,2902,86802,35,297552
251,0.001887,172.217.194.0-255,5738,92540,35,297552
252,0.001969,172.217.194.0-255,6438,98978,35,297552
253,0.001992,172.217.194.0-255,1484,100462,35,297552
254,0.002003,172.217.194.0-255,2902,103364,35,297552
255,0.002016,172.217.194.0-255,5738,109102,35,297552
256,0.002039,172.217.194.0-255,2902,112004,35,297552
257,0.002092,172.217.194.0-255,2902,114906,35,297552
258,0.002191,172.217.194.0-255,1484,116390,35,297552
259,0.002212,172.217.194.0-255,2902,119292,35,297552
260,0.002218,172.217.194.0-255,5738,125030,35,297552
261,0.002232,172.217.194.0-255,5738,130768,35,297552
262,0.002249,172.217.194.0-255,7156,137924,35,297552
263,0.002282,172.217.194.0-255,4320,142244,35,297552
264,0.002297,172.217.194.0-255,6438,148682,35,297552
265,0.002303,172.217.194.0-255,5738,154420,35,297552
266,0.002313,172.217.194.0-255,1484,155904,35,297552
267,0.002317,172.217.194.0-255,2902,158806,35,297552
268,0.00233,172.217.194.0-255,5738,164544,35,297552
269,0.002366,172.217.194.0-255,766,165310,35,297552
270,0.00391,172.31.33.0-255,66,165376,35,297552
271,0.006227,172.217.194.0-255,5738,171114,35,297552
272,0.006232,172.31.33.0-255,66,171180,35,297552
273,0.00851,172.217.194.0-255,5738,176918,35,297552
274,0.008515,172.31.33.0-255,66,176984,35,297552
275,0.010805,172.217.194.0-255,5738,182722,35,297552
276,0.010812,172.31.33.0-255,66,182788,35,297552
277,0.013104,172.217.194.0-255,5738,188526,35,297552
278,0.013111,172.31.33.0-255,66,188592,35,297552
279,0.01541,172.217.194.0-255,5738,194330,35,297552
280,0.015419,172.31.33.0-255,66,194396,35,297552
281,0.017731,172.217.194.0-255,5738,200134,35,297552
282,0.01774,172.31.33.0-255,66,200200,35,297552
283,0.020035,172.217.194.0-255,5738,205938,35,297552
284,0.020042,172.31.33.0-255,66,206004,35,297552
285,0.022354,172.217.194.0-255,5738,211742,35,297552
286,0.022361,172.31.33.0-255,66,211808,35,297552
287,0.024687,172.217.194.0-255,5738,217546,35,297552
288,0.024694,172.31.33.0-255,66,217612,35,297552
289,0.027028,172.217.194.0-255,5738,223350,35,297552
290,0.027037,172.31.33.0-255,66,223416,35,297552
291,0.02935,172.217.194.0-255,5738,229154,35,297552
292,0.029356,172.31.33.0-255,66,229220,35,297552
293,0.031656,172.217.194.0-255,4320,233540,35,297552
294,0.031665,172.31.33.0-255,66,233606,35,297552
295,0.031699,172.217.194.0-255,1484,235090,35,297552
296,0.033973,172.217.194.0-255,4320,239410,35,297552
297,0.033978,172.31.33.0-255,66,239476,35,297552
298,0.036295,172.217.194.0-255,5738,245214,35,297552
299,0.036303,172.31.33.0-255,66,245280,35,297552
300,0.038618,172.217.194.0-255,5738,251018,35,297552
301,0.038626,172.31.33.0-255,66,251084,35,297552
302,0.039868,172.31.33.0-255,172,251256,35,297552
303,0.039894,172.31.33.0-255,1108,252364,35,297552
304,0.039941,172.31.33.0-255,1398,253762,35,297552
305,0.040961,172.217.194.0-255,5738,259500,35,297552
306,0.040968,172.31.33.0-255,66,259566,35,297552
307,0.041441,104.244.42.0-255,66,259632,35,297552
308,0.04148,104.244.42.0-255,66,259698,35,297552
309,0.041548,104.244.42.0-255,66,259764,35,297552
310,0.043292,172.217.194.0-255,5738,265502,35,297552
311,0.043298,172.31.33.0-255,66,265568,35,297552
312,0.045605,172.217.194.0-255,5738,271306,35,297552
313,0.04561,172.31.33.0-255,66,271372,35,297552
314,0.047902,172.217.194.0-255,5738,277110,35,297552
315,0.047909,172.31.33.0-255,66,277176,35,297552
316,0.050208,172.217.194.0-255,5738,282914,35,297552
317,0.050214,172.31.33.0-255,66,282980,35,297552
318,0.052518,172.217.194.0-255,4320,287300,35,297552
319,0.052525,172.31.33.0-255,66,287366,35,297552
320,0.052555,172.217.194.0-255,1484,288850,35,297552
321,0.054812,172.217.194.0-255,4320,293170,35,297552
322,0.054819,172.31.33.0-255,66,293236,35,297552
323,0.05712,172.217.194.0-255,4079,297315,35,297552
324,0.057125,172.31.33.0-255,66,297381,35,297552
325,0.057282,172.31.33.0-255,105,297486,35,297552
326,0.059554,172.217.194.0-255,66,297552,35,297552
327,0.0,172.31.33.0-255,105,105,35,276
328,0.002063,157.240.7.0-255,105,210,35,276
329,0.002074,172.31.33.0-255,66,276,35,276
330,0.0,172.31.33.0-255,105,105,35,276
331,0.001766,157.240.7.0-255,105,210,35,276
332,0.001777,172.31.33.0-255,66,276,35,276
333,0.0,74.125.130.0-255,153,153,35,343104
334,2.5e-05,172.31.33.0-255,66,219,35,343104
335,3.2e-05,74.125.130.0-255,1484,1703,35,343104
336,3.6e-05,172.31.33.0-255,66,1769,35,343104
337,4e-05,74.125.130.0-255,2902,4671,35,343104
338,4.3e-05,172.31.33.0-255,66,4737,35,343104
339,4.8e-05,74.125.130.0-255,4320,9057,35,343104
340,5.1e-05,172.31.33.0-255,66,9123,35,343104
341,7.2e-05,74.125.130.0-255,1484,10607,35,343104
342,7.4e-05,172.31.33.0-255,66,10673,35,343104
343,7.9e-05,74.125.130.0-255,3438,14111,35,343104
344,8.2e-05,172.31.33.0-255,66,14177,35,343104
345,8.5e-05,74.125.130.0-255,2902,17079,35,343104
346,8.7e-05,172.31.33.0-255,66,17145,35,343104
347,0.000103,74.125.130.0-255,1484,18629,35,343104
348,0.000105,172.31.33.0-255,66,18695,35,343104
349,0.000108,74.125.130.0-255,2902,21597,35,343104
350,0.000111,172.31.33.0-255,66,21663,35,343104
351,0.000143,74.125.130.0-255,7156,28819,35,343104
352,0.000147,172.31.33.0-255,66,28885,35,343104
353,0.00015,74.125.130.0-255,2543,31428,35,343104
354,0.000152,172.31.33.0-255,66,31494,35,343104
355,0.00026,74.125.130.0-255,1484,32978,35,343104
356,0.000265,172.31.33.0-255,66,33044,35,343104
357,0.000268,74.125.130.0-255,1484,34528,35,343104
358,0.00027,172.31.33.0-255,66,34594,35,343104
359,0.000282,74.125.130.0-255,1484,36078,35,343104
360,0.000285,172.31.33.0-255,66,36144,35,343104
361,0.000309,74.125.130.0-255,1484,37628,35,343104
362,0.000311,172.31.33.0-255,66,37694,35,343104
363,0.000317,74.125.130.0-255,5738,43432,35,343104
364,0.00032,172.31.33.0-255,66,43498,35,343104
365,0.00035,74.125.130.0-255,5379,48877,35,343104
366,0.000353,172.31.33.0-255,66,48943,35,343104
367,0.000358,74.125.130.0-255,5738,54681,35,343104
368,0.00036,172.31.33.0-255,66,54747,35,343104
369,0.000395,172.31.33.0-255,66,54813,35,343104
370,0.000411,74.125.130.0-255,366,55179,35,343104
371,0.000507,74.125.130.0-255,1484,56663,35,343104
372,0.00051,172.31.33.0-255,66,56729,35,343104
373,0.000513,74.125.130.0-255,1484,58213,35,343104
374,0.000527,74.125.130.0-255,1484,59697,35,343104
375,0.00053,172.31.33.0-255,66,59763,35,343104
376,0.000533,74.125.130.0-255,1484,61247,35,343104
377,0.000535,74.125.130.0-255,1484,62731,35,343104
378,0.000537,172.31.33.0-255,66,62797,35,343104
379,0.000549,74.125.130.0-255,1484,64281,35,343104
380,0.000555,74.125.130.0-255,5738,70019,35,343104
381,0.000558,172.31.33.0-255,66,70085,35,343104
382,0.000581,74.125.130.0-255,4320,74405,35,343104
383,0.000583,172.31.33.0-255,66,74471,35,343104
384,0.000601,74.125.130.0-255,5738,80209,35,343104
385,0.000603,172.31.33.0-255,66,80275,35,343104
386,0.000636,74.125.130.0-255,4320,84595,35,343104
387,0.000639,172.31.33.0-255,66,84661,35,343104
388,0.000653,74.125.130.0-255,5020,89681,35,343104
389,0.000656,172.31.33.0-255,66,89747,35,343104
390,0.000984,74.125.130.0-255,1484,91231,35,343104
391,0.001,74.125.130.0-255,2902,94133,35,343104
392,0.001005,172.31.33.0-255,66,94199,35,343104
393,0.001012,74.125.130.0-255,5738,99937,35,343104
394,0.001016,172.31.33.0-255,66,100003,35,343104
395,0.001038,74.125.130.0-255,1484,101487,35,343104
396,0.001053,74.125.130.0-255,7156,108643,35,343104
397,0.001056,172.31.33.0-255,66,108709,35,343104
398,0.001095,74.125.130.0-255,4320,113029,35,343104
399,0.001098,172.31.33.0-255,66,113095,35,343104
400,0.001124,74.125.130.0-255,5738,118833,35,343104
401,0.001127,172.31.33.0-255,66,118899,35,343104
402,0.001132,74.125.130.0-255,5020,123919,35,343104
403,0.001134,172.31.33.0-255,66,123985,35,343104
404,0.001174,74.125.130.0-255,1484,125469,35,343104
405,0.001189,74.125.130.0-255,2902,128371,35,343104
406,0.001193,172.31.33.0-255,66,128437,35,343104
407,0.001199,74.125.130.0-255,4320,132757,35,343104
408,0.001201,172.31.33.0-255,66,132823,35,343104
409,0.001215,74.125.130.0-255,1484,134307,35,343104
410,0.00124,74.125.130.0-255,4320,138627,35,343104
411,0.001243,172.31.33.0-255,66,138693,35,343104
412,0.00127,172.31.33.0-255,66,138759,35,343104
413,0.001313,172.31.33.0-255,66,138825,35,343104
414,0.00154,74.125.130.0-255,1484,140309,35,343104
415,0.001552,74.125.130.0-255,2902,143211,35,343104
416,0.001555,172.31.33.0-255,66,143277,35,343104
417,0.001569,74.125.130.0-255,4320,147597,35,343104
418,0.001572,172.31.33.0-255,66,147663,35,343104
419,0.001586,74.125.130.0-255,1484,149147,35,343104
420,0.001592,74.125.130.0-255,2902,152049,35,343104
421,0.001595,172.31.33.0-255,66,152115,35,343104
422,0.001614,74.125.130.0-255,4320,156435,35,343104
423,0.001617,172.31.33.0-255,66,156501,35,343104
424,0.001627,172.31.33.0-255,66,156567,35,343104
425,0.001643,74.125.130.0-255,4320,160887,35,343104
426,0.001647,172.31.33.0-255,66,160953,35,343104
427,0.001659,74.125.130.0-255,3602,164555,35,343104
428,0.001662,172.31.33.0-255,66,164621,35,343104
429,0.001792,74.125.130.0-255,1484,166105,35,343104
430,0.001807,74.125.130.0-255,2902,169007,35,343104
431,0.001811,172.31.33.0-255,66,169073,35,343104
432,0.001816,74.125.130.0-255,2902,171975,35,343104
433,0.001818,172.31.33.0-255,66,172041,35,343104
434,0.001843,74.125.130.0-255,2902,174943,35,343104
435,0.001846,172.31.33.0-255,66,175009,35,343104
436,0.001852,74.125.130.0-255,7156,182165,35,343104
437,0.001856,172.31.33.0-255,66,182231,35,343104
438,0.001868,74.125.130.0-255,7156,189387,35,343104
439,0.001872,172.31.33.0-255,66,189453,35,343104
440,0.001884,74.125.130.0-255,1484,190937,35,343104
441,0.001896,74.125.130.0-255,4320,195257,35,343104
442,0.001899,172.31.33.0-255,66,195323,35,343104
443,0.001911,74.125.130.0-255,3602,198925,35,343104
444,0.001913,172.31.33.0-255,66,198991,35,343104
445,0.002209,74.125.130.0-255,1484,200475,35,343104
446,0.002229,74.125.130.0-255,2902,203377,35,343104
447,0.002232,172.31.33.0-255,66,203443,35,343104
448,0.002238,74.125.130.0-255,5738,209181,35,343104
449,0.002241,172.31.33.0-255,66,209247,35,343104
450,0.002247,74.125.130.0-255,2902,212149,35,343104
451,0.002249,172.31.33.0-255,66,212215,35,343104
452,0.00226,74.125.130.0-255,1484,213699,35,343104
453,0.002263,74.125.130.0-255,1484,215183,35,343104
454,0.002265,172.31.33.0-255,66,215249,35,343104
455,0.002275,74.125.130.0-255,1484,216733,35,343104
456,0.002278,74.125.130.0-255,1484,218217,35,343104
457,0.002279,172.31.33.0-255,66,218283,35,343104
458,0.002301,74.125.130.0-255,2902,221185,35,343104
459,0.002304,172.31.33.0-255,66,221251,35,343104
460,0.002328,74.125.130.0-255,4320,225571,35,343104
461,0.002331,172.31.33.0-255,66,225637,35,343104
462,0.002336,74.125.130.0-255,4320,229957,35,343104
463,0.002338,172.31.33.0-255,66,230023,35,343104
464,0.00234,74.125.130.0-255,1484,231507,35,343104
465,0.002361,74.125.130.0-255,2184,233691,35,343104
466,0.002363,172.31.33.0-255,66,233757,35,343104
467,0.002502,74.125.130.0-255,1484,235241,35,343104
468,0.002507,74.125.130.0-255,1484,236725,35,343104
469,0.00251,172.31.33.0-255,66,236791,35,343104
470,0.002523,74.125.130.0-255,1484,238275,35,343104
471,0.002545,74.125.130.0-255,5738,244013,35,343104
472,0.002547,172.31.33.0-255,66,244079,35,343104
473,0.002566,74.125.130.0-255,5738,249817,35,343104
474,0.002568,172.31.33.0-255,66,249883,35,343104
475,0.002595,74.125.130.0-255,5738,255621,35,343104
476,0.002597,172.31.33.0-255,66,255687,35,343104
477,0.0026,74.125.130.0-255,1484,257171,35,343104
478,0.002604,74.125.130.0-255,2902,260073,35,343104
479,0.002605,172.31.33.0-255,66,260139,35,343104
480,0.002608,74.125.130.0-255,1484,261623,35,343104
481,0.00261,74.125.130.0-255,1484,263107,35,343104
482,0.002611,172.31.33.0-255,66,263173,35,343104
483,0.002614,74.125.130.0-255,1484,264657,35,343104
484,0.00263,74.125.130.0-255,3602,268259,35,343104
485,0.002632,172.31.33.0-255,66,268325,35,343104
486,0.002739,74.125.130.0-255,1484,269809,35,343104
487,0.002779,74.125.130.0-255,2902,272711,35,343104
488,0.002783,172.31.33.0-255,66,272777,35,343104
489,0.002788,74.125.130.0-255,4320,277097,35,343104
490,0.00279,172.31.33.0-255,66,277163,35,343104
491,0.002798,172.31.33.0-255,66,277229,35,343104
492,0.002801,74.125.130.0-255,1484,278713,35,343104
493,0.002817,74.125.130.0-255,2902,281615,35,343104
494,0.002818,172.31.33.0-255,66,281681,35,343104
495,0.002823,74.125.130.0-255,5738,287419,35,343104
496,0.002825,172.31.33.0-255,66,287485,35,343104
497,0.002827,74.125.130.0-255,1484,288969,35,343104
498,0.002843,74.125.130.0-255,1484,290453,35,343104
499,0.002845,172.31.33.0-255,66,290519,35,343104
500,0.002857,74.125.130.0-255,3602,294121,35,343104
501,0.002859,172.31.33.0-255,66,294187,35,343104
502,0.002871,74.125.130.0-255,2902,297089,35,343104
503,0.002873,172.31.33.0-255,66,297155,35,343104
504,0.002881,74.125.130.0-255,1484,298639,35,343104
505,0.002904,74.125.130.0-255,2902,301541,35,343104
506,0.002906,172.31.33.0-255,66,301607,35,343104
507,0.002929,172.31.33.0-255,66,301673,35,343104
508,0.002934,74.125.130.0-255,5738,307411,35,343104
509,0.002935,172.31.33.0-255,66,307477,35,343104
510,0.002955,74.125.130.0-255,1484,308961,35,343104
511,0.002968,74.125.130.0-255,4320,313281,35,343104
512,0.00297,172.31.33.0-255,66,313347,35,343104
513,0.002984,74.125.130.0-255,6438,319785,35,343104
514,0.002986,172.31.33.0-255,66,319851,35,343104
515,0.002989,74.125.130.0-255,1484,321335,35,343104
516,0.003016,74.125.130.0-255,5738,327073,35,343104
517,0.003018,172.31.33.0-255,66,327139,35,343104
518,0.003039,172.31.33.0-255,66,327205,35,343104
519,0.003042,74.125.130.0-255,2902,330107,35,343104
520,0.003044,172.31.33.0-255,66,330173,35,343104
521,0.003065,74.125.130.0-255,2902,333075,35,343104
522,0.003067,172.31.33.0-255,66,333141,35,343104
523,0.00307,74.125.130.0-255,3337,336478,35,343104
524,0.003072,172.31.33.0-255,66,336544,35,343104
525,0.003088,74.125.130.0-255,105,336649,35,343104
526,0.007819,172.31.33.0-255,66,336715,35,343104
527,0.007842,172.31.33.0-255,105,336820,35,343104
528,0.010041,74.125.130.0-255,66,336886,35,343104
529,0.035104,172.31.33.0-255,172,337058,35,343104
530,0.035128,172.31.33.0-255,1108,338166,35,343104
531,0.035193,172.31.33.0-255,1514,339680,35,343104
532,0.035194,172.31.33.0-255,1514,341194,35,343104
533,0.035195,172.31.33.0-255,1514,342708,35,343104
534,0.035196,172.31.33.0-255,132,342840,35,343104
535,0.036653,104.244.42.0-255,66,342906,35,343104
536,0.036836,104.244.42.0-255,66,342972,35,343104
537,0.03685,104.244.42.0-255,66,343038,35,343104
538,0.036852,104.244.42.0-255,66,343104,35,343104
539,0.0,172.31.33.0-255,105,105,35,276
540,0.001788,157.240.7.0-255,105,210,35,276
541,0.0018,172.31.33.0-255,66,276,35,276
542,0.0,74.125.24.0-255,153,153,35,256037
543,2.9e-05,172.31.33.0-255,66,219,35,256037
544,3.5e-05,74.125.24.0-255,1484,1703,35,256037
545,3.9e-05,172.31.33.0-255,66,1769,35,256037
546,4.3e-05,74.125.24.0-255,2902,4671,35,256037
547,4.6e-05,172.31.33.0-255,66,4737,35,256037
548,7.7e-05,74.125.24.0-255,7156,11893,35,256037
549,8.2e-05,172.31.33.0-255,66,11959,35,256037
550,9.3e-05,74.125.24.0-255,1985,13944,35,256037
551,9.6e-05,172.31.33.0-255,66,14010,35,256037
552,0.000128,74.125.24.0-255,2902,16912,35,256037
553,0.000131,172.31.33.0-255,66,16978,35,256037
554,0.000149,74.125.24.0-255,4320,21298,35,256037
555,0.000151,172.31.33.0-255,66,21364,35,256037
556,0.000165,74.125.24.0-255,2902,24266,35,256037
557,0.000167,172.31.33.0-255,66,24332,35,256037
558,0.000196,74.125.24.0-255,1484,25816,35,256037
559,0.000199,172.31.33.0-255,66,25882,35,256037
560,0.000219,74.125.24.0-255,5379,31261,35,256037
561,0.000222,172.31.33.0-255,66,31327,35,256037
562,0.000295,74.125.24.0-255,1484,32811,35,256037
563,0.000298,172.31.33.0-255,66,32877,35,256037
564,0.000304,74.125.24.0-255,2902,35779,35,256037
565,0.000306,172.31.33.0-255,66,35845,35,256037
566,0.000328,74.125.24.0-255,5738,41583,35,256037
567,0.000331,172.31.33.0-255,66,41649,35,256037
568,0.000359,74.125.24.0-255,6797,48446,35,256037
569,0.000362,172.31.33.0-255,66,48512,35,256037
570,0.000384,74.125.24.0-255,1484,49996,35,256037
571,0.000387,172.31.33.0-255,66,50062,35,256037
572,0.000404,74.125.24.0-255,5738,55800,35,256037
573,0.000408,172.31.33.0-255,66,55866,35,256037
574,0.000417,172.31.33.0-255,66,55932,35,256037
575,0.000432,74.125.24.0-255,442,56374,35,256037
576,0.000487,74.125.24.0-255,333,56707,35,256037
577,0.000742,172.31.33.0-255,66,56773,35,256037
578,0.001738,74.125.24.0-255,1484,58257,35,256037
579,0.001747,74.125.24.0-255,2902,61159,35,256037
580,0.00175,172.31.33.0-255,66,61225,35,256037
581,0.001755,74.125.24.0-255,2902,64127,35,256037
582,0.001757,172.31.33.0-255,66,64193,35,256037
583,0.00177,74.125.24.0-255,2902,67095,35,256037
584,0.001771,172.31.33.0-255,66,67161,35,256037
585,0.001775,74.125.24.0-255,2902,70063,35,256037
586,0.001777,172.31.33.0-255,66,70129,35,256037
587,0.001805,172.31.33.0-255,66,70195,35,256037
588,0.001813,172.31.33.0-255,66,70261,35,256037
589,0.001843,74.125.24.0-255,2184,72445,35,256037
590,0.001845,172.31.33.0-255,66,72511,35,256037
591,0.002553,74.125.24.0-255,1484,73995,35,256037
592,0.002557,74.125.24.0-255,1484,75479,35,256037
593,0.002559,172.31.33.0-255,66,75545,35,256037
594,0.002571,74.125.24.0-255,1484,77029,35,256037
595,0.002576,74.125.24.0-255,5738,82767,35,256037
596,0.002578,172.31.33.0-255,66,82833,35,256037
597,0.002603,74.125.24.0-255,4320,87153,35,256037
598,0.002605,172.31.33.0-255,66,87219,35,256037
599,0.002632,172.31.33.0-255,66,87285,35,256037
600,0.002637,74.125.24.0-255,5738,93023,35,256037
601,0.002638,172.31.33.0-255,66,93089,35,256037
602,0.002641,74.125.24.0-255,1484,94573,35,256037
603,0.002645,74.125.24.0-255,3602,98175,35,256037
604,0.002646,172.31.33.0-255,66,98241,35,256037
605,0.002679,74.125.24.0-255,4320,102561,35,256037
606,0.002681,172.31.33.0-255,66,102627,35,256037
607,0.002697,74.125.24.0-255,1484,104111,35,256037
608,0.002703,74.125.24.0-255,7156,111267,35,256037
609,0.002705,172.31.33.0-255,66,111333,35,256037
610,0.002708,74.125.24.0-255,1484,112817,35,256037
611,0.002743,172.31.33.0-255,66,112883,35,256037
612,0.002767,74.125.24.0-255,2902,115785,35,256037
613,0.002769,172.31.33.0-255,66,115851,35,256037
614,0.002788,74.125.24.0-255,5020,120871,35,256037
615,0.00279,172.31.33.0-255,66,120937,35,256037
616,0.002803,74.125.24.0-255,2902,123839,35,256037
617,0.002805,172.31.33.0-255,66,123905,35,256037
618,0.002832,74.125.24.0-255,5738,129643,35,256037
619,0.002834,172.31.33.0-255,66,129709,35,256037
620,0.002839,74.125.24.0-255,7156,136865,35,256037
621,0.002841,172.31.33.0-255,66,136931,35,256037
622,0.002868,172.31.33.0-255,66,136997,35,256037
623,0.002881,74.125.24.0-255,1484,138481,35,256037
624,0.002883,74.125.24.0-255,766,139247,35,256037
625,0.002885,172.31.33.0-255,66,139313,35,256037
626,0.002916,74.125.24.0-255,1484,140797,35,256037
627,0.002919,74.125.24.0-255,1484,142281,35,256037
628,0.00292,172.31.33.0-255,66,142347,35,256037
629,0.002936,74.125.24.0-255,1484,143831,35,256037
630,0.00294,74.125.24.0-255,2902,146733,35,256037
631,0.002942,172.31.33.0-255,66,146799,35,256037
632,0.002952,74.125.24.0-255,2902,149701,35,256037
633,0.002954,172.31.33.0-255,66,149767,35,256037
634,0.002959,74.125.24.0-255,5738,155505,35,256037
635,0.002961,172.31.33.0-255,66,155571,35,256037
636,0.002978,74.125.24.0-255,7156,162727,35,256037
637,0.00298,172.31.33.0-255,66,162793,35,256037
638,0.002986,74.125.24.0-255,7156,169949,35,256037
639,0.002987,172.31.33.0-255,66,170015,35,256037
640,0.003006,74.125.24.0-255,2902,172917,35,256037
641,0.003008,172.31.33.0-255,66,172983,35,256037
642,0.00301,74.125.24.0-255,766,173749,35,256037
643,0.003081,74.125.24.0-255,1484,175233,35,256037
644,0.003082,172.31.33.0-255,66,175299,35,256037
645,0.0031,74.125.24.0-255,2902,178201,35,256037
646,0.003102,172.31.33.0-255,66,178267,35,256037
647,0.003107,74.125.24.0-255,5738,184005,35,256037
648,0.003109,172.31.33.0-255,66,184071,35,256037
649,0.003135,74.125.24.0-255,4320,188391,35,256037
650,0.003137,172.31.33.0-255,66,188457,35,256037
651,0.003158,74.125.24.0-255,7156,195613,35,256037
652,0.003161,172.31.33.0-255,66,195679,35,256037
653,0.003167,74.125.24.0-255,7156,202835,35,256037
654,0.003169,172.31.33.0-255,66,202901,35,256037
655,0.003191,172.31.33.0-255,66,202967,35,256037
656,0.003204,172.31.33.0-255,66,203033,35,256037
657,0.003261,172.31.33.0-255,66,203099,35,256037
658,0.003277,74.125.24.0-255,4320,207419,35,256037
659,0.003279,172.31.33.0-255,66,207485,35,256037
660,0.003306,172.31.33.0-255,66,207551,35,256037
661,0.003312,74.125.24.0-255,7156,214707,35,256037
662,0.003314,172.31.33.0-255,66,214773,35,256037
663,0.003335,172.31.33.0-255,66,214839,35,256037
664,0.003339,74.125.24.0-255,3602,218441,35,256037
665,0.003342,172.31.33.0-255,66,218507,35,256037
666,0.003376,74.125.24.0-255,1484,219991,35,256037
667,0.003386,74.125.24.0-255,1484,221475,35,256037
668,0.003389,172.31.33.0-255,66,221541,35,256037
669,0.0034,74.125.24.0-255,1484,223025,35,256037
670,0.003406,74.125.24.0-255,5738,228763,35,256037
671,0.003409,172.31.33.0-255,66,228829,35,256037
672,0.003431,74.125.24.0-255,1484,230313,35,256037
673,0.003457,74.125.24.0-255,4320,234633,35,256037
674,0.003475,74.125.24.0-255,7156,241789,35,256037
675,0.00348,74.125.24.0-255,4320,246109,35,256037
676,0.00349,74.125.24.0-255,766,246875,35,256037
677,0.003563,74.125.24.0-255,5843,252718,35,256037
678,0.003566,74.125.24.0-255,97,252815,35,256037
679,0.003593,74.125.24.0-255,105,252920,35,256037
680,0.006189,172.31.33.0-255,66,252986,35,256037
681,0.008688,172.31.33.0-255,105,253091,35,256037
682,0.010968,74.125.24.0-255,66,253157,35,256037
683,0.055574,172.31.33.0-255,176,253333,35,256037
684,0.055604,172.31.33.0-255,1107,254440,35,256037
685,0.055656,172.31.33.0-255,1399,255839,35,256037
686,0.057128,104.244.42.0-255,66,255905,35,256037
687,0.057143,104.244.42.0-255,66,255971,35,256037
688,0.057197,104.244.42.0-255,66,256037,35,256037
689,0.0,172.31.33.0-255,105,105,35,276
690,0.001771,157.240.7.0-255,105,210,35,276
691,0.001781,172.31.33.0-255,66,276,35,276
692,0.0,172.31.33.0-255,105,105,35,276
693,0.00157,157.240.7.0-255,105,210,35,276
694,0.001578,172.31.33.0-255,66,276,35,276
695,0.0,74.125.200.0-255,143,143,35,351881
696,2.5e-05,172.31.33.0-255,66,209,35,351881
697,3.1e-05,74.125.200.0-255,1484,1693,35,351881
698,3.5e-05,172.31.33.0-255,66,1759,35,351881
699,6.2e-05,74.125.200.0-255,2902,4661,35,351881
700,6.5e-05,172.31.33.0-255,66,4727,35,351881
701,7.5e-05,74.125.200.0-255,2902,7629,35,351881
702,7.7e-05,172.31.33.0-255,66,7695,35,351881
703,0.0001,74.125.200.0-255,2902,10597,35,351881
704,0.000102,172.31.33.0-255,66,10663,35,351881
705,0.000107,74.125.200.0-255,3545,14208,35,351881
706,0.000109,172.31.33.0-255,66,14274,35,351881
707,0.000113,74.125.200.0-255,4320,18594,35,351881
708,0.000115,172.31.33.0-255,66,18660,35,351881
709,0.000144,172.31.33.0-255,66,18726,35,351881
710,0.000148,74.125.200.0-255,2543,21269,35,351881
711,0.000149,172.31.33.0-255,66,21335,35,351881
712,0.000224,74.125.200.0-255,1484,22819,35,351881
713,0.000227,172.31.33.0-255,66,22885,35,351881
714,0.000256,74.125.200.0-255,1484,24369,35,351881
715,0.000258,172.31.33.0-255,66,24435,35,351881
716,0.000269,74.125.200.0-255,2902,27337,35,351881
717,0.000272,172.31.33.0-255,66,27403,35,351881
718,0.000288,74.125.200.0-255,2902,30305,35,351881
719,0.000291,172.31.33.0-255,66,30371,35,351881
720,0.000317,74.125.200.0-255,2902,33273,35,351881
721,0.00032,172.31.33.0-255,66,33339,35,351881
722,0.000324,74.125.200.0-255,2902,36241,35,351881
723,0.000327,172.31.33.0-255,66,36307,35,351881
724,0.000331,74.125.200.0-255,4320,40627,35,351881
725,0.000333,172.31.33.0-255,66,40693,35,351881
726,0.000364,172.31.33.0-255,66,40759,35,351881
727,0.000367,74.125.200.0-255,2902,43661,35,351881
728,0.000373,172.31.33.0-255,66,43727,35,351881
729,0.000401,74.125.200.0-255,3602,47329,35,351881
730,0.000403,172.31.33.0-255,66,47395,35,351881
731,0.000434,74.125.200.0-255,444,47839,35,351881
732,0.000615,74.125.200.0-255,332,48171,35,351881
733,0.000729,172.31.33.0-255,66,48237,35,351881
734,0.00086,74.125.200.0-255,1484,49721,35,351881
735,0.000866,74.125.200.0-255,1484,51205,35,351881
736,0.000868,172.31.33.0-255,66,51271,35,351881
737,0.000883,74.125.200.0-255,1484,52755,35,351881
738,0.000888,74.125.200.0-255,4320,57075,35,351881
739,0.00089,172.31.33.0-255,66,57141,35,351881
740,0.000912,74.125.200.0-255,1484,58625,35,351881
741,0.000918,74.125.200.0-255,5738,64363,35,351881
742,0.00092,172.31.33.0-255,66,64429,35,351881
743,0.000959,74.125.200.0-255,1484,65913,35,351881
744,0.000982,74.125.200.0-255,5379,71292,35,351881
745,0.000985,172.31.33.0-255,66,71358,35,351881
746,0.000992,74.125.200.0-255,7156,78514,35,351881
747,0.000994,172.31.33.0-255,66,78580,35,351881
748,0.001008,74.125.200.0-255,3961,82541,35,351881
749,0.00101,172.31.33.0-255,66,82607,35,351881
750,0.001557,74.125.200.0-255,1484,84091,35,351881
751,0.001565,74.125.200.0-255,2902,86993,35,351881
752,0.001569,172.31.33.0-255,66,87059,35,351881
753,0.001593,74.125.200.0-255,5738,92797,35,351881
754,0.001595,172.31.33.0-255,66,92863,35,351881
755,0.00165,172.31.33.0-255,66,92929,35,351881
756,0.001656,74.125.200.0-255,5738,98667,35,351881
757,0.001657,172.31.33.0-255,66,98733,35,351881
758,0.001676,74.125.200.0-255,2902,101635,35,351881
759,0.001678,172.31.33.0-255,66,101701,35,351881
760,0.00169,74.125.200.0-255,2184,103885,35,351881
761,0.001692,172.31.33.0-255,66,103951,35,351881
762,0.001737,74.125.200.0-255,2902,106853,35,351881
763,0.001739,172.31.33.0-255,66,106919,35,351881
764,0.00176,74.125.200.0-255,2902,109821,35,351881
765,0.001762,172.31.33.0-255,66,109887,35,351881
766,0.001766,74.125.200.0-255,2902,112789,35,351881
767,0.001768,172.31.33.0-255,66,112855,35,351881
768,0.001772,74.125.200.0-255,4320,117175,35,351881
769,0.001773,172.31.33.0-255,66,117241,35,351881
770,0.001798,74.125.200.0-255,4320,121561,35,351881
771,0.001801,172.31.33.0-255,66,121627,35,351881
772,0.001818,74.125.200.0-255,4320,125947,35,351881
773,0.00182,172.31.33.0-255,66,126013,35,351881
774,0.001849,172.31.33.0-255,66,126079,35,351881
775,0.001868,74.125.200.0-255,1484,127563,35,351881
776,0.001881,74.125.200.0-255,2184,129747,35,351881
777,0.001883,172.31.33.0-255,66,129813,35,351881
778,0.001896,74.125.200.0-255,1484,131297,35,351881
779,0.001913,74.125.200.0-255,2902,134199,35,351881
780,0.001915,172.31.33.0-255,66,134265,35,351881
781,0.001931,74.125.200.0-255,1484,135749,35,351881
782,0.001945,74.125.200.0-255,1484,137233,35,351881
783,0.001947,172.31.33.0-255,66,137299,35,351881
784,0.001957,74.125.200.0-255,1484,138783,35,351881
785,0.001969,74.125.200.0-255,2902,141685,35,351881
786,0.001971,172.31.33.0-255,66,141751,35,351881
787,0.001981,74.125.200.0-255,2902,144653,35,351881
788,0.001983,172.31.33.0-255,66,144719,35,351881
789,0.001987,74.125.200.0-255,4320,149039,35,351881
790,0.001989,172.31.33.0-255,66,149105,35,351881
791,0.001991,74.125.200.0-255,1484,150589,35,351881
792,0.002006,74.125.200.0-255,4320,154909,35,351881
793,0.002008,172.31.33.0-255,66,154975,35,351881
794,0.002036,74.125.200.0-255,1484,156459,35,351881
795,0.002045,74.125.200.0-255,2902,159361,35,351881
796,0.002047,172.31.33.0-255,66,159427,35,351881
797,0.002066,74.125.200.0-255,5020,164447,35,351881
798,0.002068,172.31.33.0-255,66,164513,35,351881
799,0.002079,74.125.200.0-255,1484,165997,35,351881
800,0.002099,74.125.200.0-255,4320,170317,35,351881
801,0.002101,172.31.33.0-255,66,170383,35,351881
802,0.002105,74.125.200.0-255,2902,173285,35,351881
803,0.002106,172.31.33.0-255,66,173351,35,351881
804,0.002121,74.125.200.0-255,4320,177671,35,351881
805,0.002123,172.31.33.0-255,66,177737,35,351881
806,0.002144,74.125.200.0-255,5738,183475,35,351881
807,0.002146,172.31.33.0-255,66,183541,35,351881
808,0.002165,74.125.200.0-255,7156,190697,35,351881
809,0.002167,172.31.33.0-255,66,190763,35,351881
810,0.002184,74.125.200.0-255,1484,192247,35,351881
811,0.002199,74.125.200.0-255,6438,198685,35,351881
812,0.002201,172.31.33.0-255,66,198751,35,351881
813,0.002233,74.125.200.0-255,2902,201653,35,351881
814,0.002235,172.31.33.0-255,66,201719,35,351881
815,0.002245,74.125.200.0-255,1484,203203,35,351881
816,0.002256,74.125.200.0-255,2902,206105,35,351881
817,0.002258,172.31.33.0-255,66,206171,35,351881
818,0.002272,74.125.200.0-255,2902,209073,35,351881
819,0.002273,172.31.33.0-255,66,209139,35,351881
820,0.00229,74.125.200.0-255,4320,213459,35,351881
821,0.002292,172.31.33.0-255,66,213525,35,351881
822,0.002319,74.125.200.0-255,7156,220681,35,351881
823,0.002322,172.31.33.0-255,66,220747,35,351881
824,0.002326,74.125.200.0-255,4320,225067,35,351881
825,0.002327,172.31.33.0-255,66,225133,35,351881
826,0.002358,74.125.200.0-255,2902,228035,35,351881
827,0.002361,172.31.33.0-255,66,228101,35,351881
828,0.002377,74.125.200.0-255,5020,233121,35,351881
829,0.00238,172.31.33.0-255,66,233187,35,351881
830,0.00241,74.125.200.0-255,2902,236089,35,351881
831,0.002413,172.31.33.0-255,66,236155,35,351881
832,0.002431,74.125.200.0-255,4320,240475,35,351881
833,0.002433,172.31.33.0-255,66,240541,35,351881
834,0.002437,74.125.200.0-255,2902,243443,35,351881
835,0.002438,172.31.33.0-255,66,243509,35,351881
836,0.002462,74.125.200.0-255,5738,249247,35,351881
837,0.002464,172.31.33.0-255,66,249313,35,351881
838,0.002474,74.125.200.0-255,1484,250797,35,351881
839,0.002504,172.31.33.0-255,66,250863,35,351881
840,0.002508,74.125.200.0-255,3602,254465,35,351881
841,0.00251,172.31.33.0-255,66,254531,35,351881
842,0.002552,74.125.200.0-255,2902,257433,35,351881
843,0.002554,172.31.33.0-255,66,257499,35,351881
844,0.00257,74.125.200.0-255,1484,258983,35,351881
845,0.002584,74.125.200.0-255,2902,261885,35,351881
846,0.002586,172.31.33.0-255,66,261951,35,351881
847,0.002589,74.125.200.0-255,1484,263435,35,351881
848,0.002606,74.125.200.0-255,5738,269173,35,351881
849,0.002608,172.31.33.0-255,66,269239,35,351881
850,0.002622,74.125.200.0-255,1484,270723,35,351881
851,0.002626,74.125.200.0-255,4320,275043,35,351881
852,0.002628,172.31.33.0-255,66,275109,35,351881
853,0.002632,74.125.200.0-255,4320,279429,35,351881
854,0.002634,172.31.33.0-255,66,279495,35,351881
855,0.002657,74.125.200.0-255,2902,282397,35,351881
856,0.002659,172.31.33.0-255,66,282463,35,351881
857,0.002662,74.125.200.0-255,1484,283947,35,351881
858,0.002664,74.125.200.0-255,1484,285431,35,351881
859,0.002665,172.31.33.0-255,66,285497,35,351881
860,0.002668,74.125.200.0-255,1484,286981,35,351881
861,0.00267,74.125.200.0-255,1484,288465,35,351881
862,0.002672,172.31.33.0-255,66,288531,35,351881
863,0.002674,74.125.200.0-255,766,289297,35,351881
864,0.002734,74.125.200.0-255,1484,290781,35,351881
865,0.002737,172.31.33.0-255,66,290847,35,351881
866,0.002775,74.125.200.0-255,1484,292331,35,351881
867,0.002786,74.125.200.0-255,2902,295233,35,351881
868,0.002789,172.31.33.0-255,66,295299,35,351881
869,0.002791,74.125.200.0-255,1484,296783,35,351881
870,0.002809,74.125.200.0-255,4320,301103,35,351881
871,0.002812,172.31.33.0-255,66,301169,35,351881
872,0.002828,74.125.200.0-255,5738,306907,35,351881
873,0.00283,172.31.33.0-255,66,306973,35,351881
874,0.00285,74.125.200.0-255,1484,308457,35,351881
875,0.002868,74.125.200.0-255,7156,315613,35,351881
876,0.00287,172.31.33.0-255,66,315679,35,351881
877,0.002887,74.125.200.0-255,1484,317163,35,351881
878,0.002889,74.125.200.0-255,1484,318647,35,351881
879,0.002891,172.31.33.0-255,66,318713,35,351881
880,0.002913,74.125.200.0-255,5020,323733,35,351881
881,0.002915,172.31.33.0-255,66,323799,35,351881
882,0.002953,74.125.200.0-255,2902,326701,35,351881
883,0.002956,172.31.33.0-255,66,326767,35,351881
884,0.002978,74.125.200.0-255,2902,329669,35,351881
885,0.00298,172.31.33.0-255,66,329735,35,351881
886,0.002985,74.125.200.0-255,4320,334055,35,351881
887,0.002987,172.31.33.0-255,66,334121,35,351881
888,0.002993,74.125.200.0-255,7156,341277,35,351881
889,0.002995,172.31.33.0-255,66,341343,35,351881
890,0.002997,74.125.200.0-255,1484,342827,35,351881
891,0.003015,74.125.200.0-255,2902,345729,35,351881
892,0.003017,172.31.33.0-255,66,345795,35,351881
893,0.003022,74.125.200.0-255,4671,350466,35,351881
894,0.003024,172.31.33.0-255,66,350532,35,351881
895,0.003026,74.125.200.0-255,97,350629,35,351881
896,0.003066,74.125.200.0-255,105,350734,35,351881
897,0.006234,172.31.33.0-255,66,350800,35,351881
898,0.006258,172.31.33.0-255,105,350905,35,351881
899,0.008833,74.125.200.0-255,66,350971,35,351881
900,0.047554,172.31.33.0-255,215,351186,35,351881
901,0.047603,172.31.33.0-255,563,351749,35,351881
902,0.049079,104.244.42.0-255,66,351815,35,351881
903,0.049102,104.244.42.0-255,66,351881,35,351881
904,0.0,172.31.33.0-255,105,105,35,276
905,0.001474,157.240.7.0-255,105,210,35,276
906,0.001482,172.31.33.0-255,66,276,35,276
907,0.0,172.217.194.0-255,143,143,35,226019
908,2.3e-05,172.31.33.0-255,66,209,35,226019
909,2.9e-05,172.217.194.0-255,1484,1693,35,226019
910,3.3e-05,172.31.33.0-255,66,1759,35,226019
911,3.8e-05,172.217.194.0-255,2902,4661,35,226019
912,4.2e-05,172.31.33.0-255,66,4727,35,226019
913,4.8e-05,172.217.194.0-255,4320,9047,35,226019
914,5.1e-05,172.31.33.0-255,66,9113,35,226019
915,6.7e-05,172.217.194.0-255,2902,12015,35,226019
916,6.9e-05,172.31.33.0-255,66,12081,35,226019
917,7.3e-05,172.217.194.0-255,1484,13565,35,226019
918,7.4e-05,172.31.33.0-255,66,13631,35,226019
919,0.000103,172.31.33.0-255,66,13697,35,226019
920,0.000107,172.217.194.0-255,2902,16599,35,226019
921,0.000109,172.31.33.0-255,66,16665,35,226019
922,0.000136,172.217.194.0-255,3961,20626,35,226019
923,0.000138,172.31.33.0-255,66,20692,35,226019
924,0.002793,172.217.194.0-255,1484,22176,35,226019
925,0.002799,172.31.33.0-255,66,22242,35,226019
926,0.002809,172.217.194.0-255,2902,25144,35,226019
927,0.002811,172.31.33.0-255,66,25210,35,226019
928,0.002833,172.217.194.0-255,5738,30948,35,226019
929,0.002835,172.31.33.0-255,66,31014,35,226019
930,0.002856,172.217.194.0-255,4320,35334,35,226019
931,0.002858,172.31.33.0-255,66,35400,35,226019
932,0.002885,172.31.33.0-255,66,35466,35,226019
933,0.002888,172.217.194.0-255,1484,36950,35,226019
934,0.00289,172.31.33.0-255,66,37016,35,226019
935,0.002903,172.217.194.0-255,1484,38500,35,226019
936,0.002905,172.31.33.0-255,66,38566,35,226019
937,0.002998,172.31.33.0-255,66,38632,35,226019
938,0.003196,172.217.194.0-255,647,39279,35,226019
939,0.003227,172.217.194.0-255,1484,40763,35,226019
940,0.00323,172.31.33.0-255,66,40829,35,226019
941,0.003248,172.217.194.0-255,4320,45149,35,226019
942,0.003254,172.31.33.0-255,66,45215,35,226019
943,0.003261,172.217.194.0-255,1484,46699,35,226019
944,0.00328,172.217.194.0-255,4320,51019,35,226019
945,0.003285,172.31.33.0-255,66,51085,35,226019
946,0.003294,172.217.194.0-255,5738,56823,35,226019
947,0.003299,172.31.33.0-255,66,56889,35,226019
948,0.00331,172.217.194.0-255,5738,62627,35,226019
949,0.003314,172.217.194.0-255,4320,66947,35,226019
950,0.003326,172.31.33.0-255,66,67013,35,226019
951,0.003336,172.217.194.0-255,5738,72751,35,226019
952,0.003341,172.31.33.0-255,66,72817,35,226019
953,0.00337,172.217.194.0-255,766,73583,35,226019
954,0.003594,172.31.33.0-255,66,73649,35,226019
955,0.00371,172.217.194.0-255,1484,75133,35,226019
956,0.003728,172.217.194.0-255,2902,78035,35,226019
957,0.003748,172.217.194.0-255,5738,83773,35,226019
958,0.003763,172.217.194.0-255,2902,86675,35,226019
959,0.003783,172.217.194.0-255,4320,90995,35,226019
960,0.003799,172.217.194.0-255,2902,93897,35,226019
961,0.003835,172.217.194.0-255,2902,96799,35,226019
962,0.003851,172.217.194.0-255,6438,103237,35,226019
963,0.003854,172.217.194.0-255,2902,106139,35,226019
964,0.003874,172.217.194.0-255,7156,113295,35,226019
965,0.003902,172.217.194.0-255,1484,114779,35,226019
966,0.003943,172.217.194.0-255,6438,121217,35,226019
967,0.004191,172.217.194.0-255,1484,122701,35,226019
968,0.004204,172.217.194.0-255,2902,125603,35,226019
969,0.004217,172.217.194.0-255,1484,127087,35,226019
970,0.004235,172.217.194.0-255,4320,131407,35,226019
971,0.00426,172.217.194.0-255,2902,134309,35,226019
972,0.004276,172.217.194.0-255,4320,138629,35,226019
973,0.004312,172.217.194.0-255,2902,141531,35,226019
974,0.004316,172.217.194.0-255,2184,143715,35,226019
975,0.004724,172.31.33.0-255,66,143781,35,226019
976,0.004758,172.217.194.0-255,1484,145265,35,226019
977,0.004765,172.217.194.0-255,2902,148167,35,226019
978,0.004783,172.217.194.0-255,2902,151069,35,226019
979,0.004787,172.31.33.0-255,66,151135,35,226019
980,0.004791,172.31.33.0-255,66,151201,35,226019
981,0.004798,172.217.194.0-255,2902,154103,35,226019
982,0.004829,172.217.194.0-255,1484,155587,35,226019
983,0.004861,172.31.33.0-255,66,155653,35,226019
984,0.004896,172.217.194.0-255,4320,159973,35,226019
985,0.00491,172.31.33.0-255,66,160039,35,226019
986,0.00496,172.31.33.0-255,66,160105,35,226019
987,0.004979,172.217.194.0-255,5738,165843,35,226019
988,0.004984,172.31.33.0-255,66,165909,35,226019
989,0.005006,172.217.194.0-255,4320,170229,35,226019
990,0.005021,172.31.33.0-255,66,170295,35,226019
991,0.00503,172.217.194.0-255,2902,173197,35,226019
992,0.005047,172.31.33.0-255,66,173263,35,226019
993,0.005064,172.31.33.0-255,66,173329,35,226019
994,0.005102,172.217.194.0-255,7156,180485,35,226019
995,0.005109,172.31.33.0-255,66,180551,35,226019
996,0.005148,172.217.194.0-255,5738,186289,35,226019
997,0.005152,172.31.33.0-255,66,186355,35,226019
998,0.005173,172.217.194.0-255,5020,191375,35,226019
999,0.005176,172.217.194.0-255,1484,192859,35,226019
1000,0.005216,172.31.33.0-255,66,192925,35,226019
1001,0.005236,172.217.194.0-255,1484,194409,35,226019
1002,0.005249,172.217.194.0-255,1484,195893,35,226019
1003,0.005253,172.31.33.0-255,66,195959,35,226019
1004,0.005279,172.31.33.0-255,66,196025,35,226019
1005,0.005296,172.217.194.0-255,2902,198927,35,226019
1006,0.005302,172.217.194.0-255,4320,203247,35,226019
1007,0.005311,172.31.33.0-255,66,203313,35,226019
1008,0.005313,172.217.194.0-255,1484,204797,35,226019
1009,0.005332,172.217.194.0-255,7156,211953,35,226019
1010,0.005357,172.217.194.0-255,4320,216273,35,226019
1011,0.005363,172.31.33.0-255,66,216339,35,226019
1012,0.005386,172.217.194.0-255,7119,223458,35,226019
1013,0.00539,172.217.194.0-255,97,223555,35,226019
1014,0.005395,172.31.33.0-255,66,223621,35,226019
1015,0.005432,172.217.194.0-255,105,223726,35,226019
1016,0.007316,172.31.33.0-255,66,223792,35,226019
1017,0.007349,172.31.33.0-255,105,223897,35,226019
1018,0.009599,172.217.194.0-255,66,223963,35,226019
1019,0.048368,172.31.33.0-255,172,224135,35,226019
1020,0.0484,172.31.33.0-255,1107,225242,35,226019
1021,0.048448,172.31.33.0-255,579,225821,35,226019
1022,0.049899,104.244.42.0-255,66,225887,35,226019
1023,0.049962,104.244.42.0-255,66,225953,35,226019
1024,0.050004,104.244.42.0-255,66,226019,35,226019
1025,0.0,172.217.194.0-255,153,153,35,199996
1026,3.3e-05,172.31.33.0-255,66,219,35,199996
1027,4e-05,172.217.194.0-255,1484,1703,35,199996
1028,4.5e-05,172.31.33.0-255,66,1769,35,199996
1029,5e-05,172.217.194.0-255,2902,4671,35,199996
1030,5.3e-05,172.31.33.0-255,66,4737,35,199996
1031,5.9e-05,172.217.194.0-255,7156,11893,35,199996
1032,6.2e-05,172.31.33.0-255,66,11959,35,199996
1033,6.6e-05,172.217.194.0-255,2148,14107,35,199996
1034,6.9e-05,172.31.33.0-255,66,14173,35,199996
1035,0.000118,172.217.194.0-255,2902,17075,35,199996
1036,0.000122,172.31.33.0-255,66,17141,35,199996
1037,0.000145,172.217.194.0-255,4320,21461,35,199996
1038,0.000148,172.31.33.0-255,66,21527,35,199996
1039,0.000158,172.31.33.0-255,66,21593,35,199996
1040,0.000182,172.217.194.0-255,1125,22718,35,199996
1041,0.000187,172.31.33.0-255,66,22784,35,199996
1042,0.000215,172.217.194.0-255,1484,24268,35,199996
1043,0.000217,172.31.33.0-255,66,24334,35,199996
1044,0.000223,172.217.194.0-255,2902,27236,35,199996
1045,0.000225,172.31.33.0-255,66,27302,35,199996
1046,0.000227,172.217.194.0-255,1484,28786,35,199996
1047,0.00023,172.31.33.0-255,66,28852,35,199996
1048,0.000246,172.217.194.0-255,4320,33172,35,199996
1049,0.000248,172.31.33.0-255,66,33238,35,199996
1050,0.000252,172.217.194.0-255,1484,34722,35,199996
1051,0.000253,172.31.33.0-255,66,34788,35,199996
1052,0.000288,172.31.33.0-255,66,34854,35,199996
1053,0.000294,172.217.194.0-255,5738,40592,35,199996
1054,0.000296,172.31.33.0-255,66,40658,35,199996
1055,0.000309,172.217.194.0-255,3961,44619,35,199996
1056,0.000313,172.31.33.0-255,66,44685,35,199996
1057,0.000427,172.217.194.0-255,361,45046,35,199996
1058,0.00044,172.217.194.0-255,382,45428,35,199996
1059,0.000752,172.31.33.0-255,66,45494,35,199996
1060,0.000791,172.217.194.0-255,1484,46978,35,199996
1061,0.000797,172.217.194.0-255,2902,49880,35,199996
1062,0.0008,172.31.33.0-255,66,49946,35,199996
1063,0.000803,172.217.194.0-255,1484,51430,35,199996
1064,0.000822,172.217.194.0-255,4320,55750,35,199996
1065,0.000824,172.31.33.0-255,66,55816,35,199996
1066,0.000867,172.31.33.0-255,66,55882,35,199996
1067,0.000897,172.217.194.0-255,7156,63038,35,199996
1068,0.0009,172.31.33.0-255,66,63104,35,199996
1069,0.000921,172.217.194.0-255,5020,68124,35,199996
1070,0.000924,172.31.33.0-255,66,68190,35,199996
1071,0.001597,172.217.194.0-255,1484,69674,35,199996
1072,0.001607,172.217.194.0-255,2902,72576,35,199996
1073,0.001612,172.31.33.0-255,66,72642,35,199996
1074,0.00162,172.217.194.0-255,5738,78380,35,199996
1075,0.001621,172.31.33.0-255,66,78446,35,199996
1076,0.001673,172.31.33.0-255,66,78512,35,199996
1077,0.001684,172.31.33.0-255,66,78578,35,199996
1078,0.002065,172.217.194.0-255,1484,80062,35,199996
1079,0.00207,172.217.194.0-255,2902,82964,35,199996
1080,0.002072,172.31.33.0-255,66,83030,35,199996
1081,0.002076,172.217.194.0-255,2902,85932,35,199996
1082,0.002078,172.31.33.0-255,66,85998,35,199996
1083,0.002091,172.217.194.0-255,2902,88900,35,199996
1084,0.002094,172.31.33.0-255,66,88966,35,199996
1085,0.002097,172.217.194.0-255,1484,90450,35,199996
1086,0.002125,172.31.33.0-255,66,90516,35,199996
1087,0.002128,172.217.194.0-255,1484,92000,35,199996
1088,0.002167,172.217.194.0-255,2902,94902,35,199996
1089,0.002171,172.31.33.0-255,66,94968,35,199996
1090,0.002177,172.217.194.0-255,6438,101406,35,199996
1091,0.002179,172.31.33.0-255,66,101472,35,199996
1092,0.002539,172.217.194.0-255,1484,102956,35,199996
1093,0.002546,172.217.194.0-255,2902,105858,35,199996
1094,0.00255,172.31.33.0-255,66,105924,35,199996
1095,0.002553,172.217.194.0-255,1484,107408,35,199996
1096,0.002573,172.217.194.0-255,4320,111728,35,199996
1097,0.002577,172.31.33.0-255,66,111794,35,199996
1098,0.002582,172.217.194.0-255,2902,114696,35,199996
1099,0.002585,172.31.33.0-255,66,114762,35,199996
1100,0.002614,172.31.33.0-255,66,114828,35,199996
1101,0.002646,172.31.33.0-255,66,114894,35,199996
1102,0.002659,172.31.33.0-255,66,114960,35,199996
1103,0.00268,172.217.194.0-255,1484,116444,35,199996
1104,0.002685,172.217.194.0-255,2902,119346,35,199996
1105,0.002687,172.31.33.0-255,66,119412,35,199996
1106,0.002728,172.31.33.0-255,66,119478,35,199996
1107,0.002739,172.31.33.0-255,66,119544,35,199996
1108,0.002751,172.217.194.0-255,2902,122446,35,199996
1109,0.002754,172.31.33.0-255,66,122512,35,199996
1110,0.002766,172.217.194.0-255,7156,129668,35,199996
1111,0.002769,172.31.33.0-255,66,129734,35,199996
1112,0.002789,172.217.194.0-255,5738,135472,35,199996
1113,0.002792,172.31.33.0-255,66,135538,35,199996
1114,0.002803,172.31.33.0-255,66,135604,35,199996
1115,0.002928,172.217.194.0-255,1484,137088,35,199996
1116,0.002945,172.217.194.0-255,2902,139990,35,199996
1117,0.002949,172.31.33.0-255,66,140056,35,199996
1118,0.002954,172.217.194.0-255,2902,142958,35,199996
1119,0.002957,172.31.33.0-255,66,143024,35,199996
1120,0.002988,172.217.194.0-255,2902,145926,35,199996
1121,0.002992,172.31.33.0-255,66,145992,35,199996
1122,0.002998,172.217.194.0-255,5738,151730,35,199996
1123,0.003,172.31.33.0-255,66,151796,35,199996
1124,0.003004,172.217.194.0-255,2902,154698,35,199996
1125,0.003007,172.31.33.0-255,66,154764,35,199996
1126,0.003013,172.217.194.0-255,7156,161920,35,199996
1127,0.003016,172.31.33.0-255,66,161986,35,199996
1128,0.003073,172.31.33.0-255,66,162052,35,199996
1129,0.003115,172.217.194.0-255,1484,163536,35,199996
1130,0.00313,172.217.194.0-255,2902,166438,35,199996
1131,0.003134,172.31.33.0-255,66,166504,35,199996
1132,0.003144,172.217.194.0-255,1484,167988,35,199996
1133,0.003161,172.217.194.0-255,4320,172308,35,199996
1134,0.003164,172.31.33.0-255,66,172374,35,199996
1135,0.003177,172.217.194.0-255,1484,173858,35,199996
1136,0.003201,172.31.33.0-255,66,173924,35,199996
1137,0.00323,172.217.194.0-255,1484,175408,35,199996
1138,0.003257,172.31.33.0-255,66,175474,35,199996
1139,0.003263,172.217.194.0-255,5738,181212,35,199996
1140,0.003266,172.31.33.0-255,66,181278,35,199996
1141,0.0033,172.217.194.0-255,7156,188434,35,199996
1142,0.003303,172.31.33.0-255,66,188500,35,199996
1143,0.00334,172.31.33.0-255,66,188566,35,199996
1144,0.003344,172.217.194.0-255,3602,192168,35,199996
1145,0.003346,172.31.33.0-255,66,192234,35,199996
1146,0.003366,172.217.194.0-255,5738,197972,35,199996
1147,0.003369,172.31.33.0-255,66,198038,35,199996
1148,0.003395,172.31.33.0-255,66,198104,35,199996
1149,0.00341,172.217.194.0-255,1484,199588,35,199996
1150,0.003431,172.31.33.0-255,66,199654,35,199996
1151,0.003446,172.217.194.0-255,105,199759,35,199996
1152,0.011166,172.31.33.0-255,66,199825,35,199996
1153,0.011198,172.31.33.0-255,105,199930,35,199996
1154,0.013282,172.217.194.0-255,66,199996,35,199996
1155,0.0,74.125.200.0-255,153,153,35,341351
1156,3e-05,172.31.33.0-255,66,219,35,341351
1157,3.7e-05,74.125.200.0-255,1484,1703,35,341351
1158,4.2e-05,172.31.33.0-255,66,1769,35,341351
1159,4.6e-05,74.125.200.0-255,2902,4671,35,341351
1160,4.8e-05,172.31.33.0-255,66,4737,35,341351
1161,5.3e-05,74.125.200.0-255,4320,9057,35,341351
1162,5.6e-05,172.31.33.0-255,66,9123,35,341351
1163,7.2e-05,74.125.200.0-255,2902,12025,35,341351
1164,7.3e-05,172.31.33.0-255,66,12091,35,341351
1165,8.6e-05,74.125.200.0-255,2087,14178,35,341351
1166,9.2e-05,172.31.33.0-255,66,14244,35,341351
1167,0.000167,74.125.200.0-255,1484,15728,35,341351
1168,0.000172,172.31.33.0-255,66,15794,35,341351
1169,0.000177,74.125.200.0-255,2902,18696,35,341351
1170,0.000179,172.31.33.0-255,66,18762,35,341351
1171,0.000207,74.125.200.0-255,5738,24500,35,341351
1172,0.00021,172.31.33.0-255,66,24566,35,341351
1173,0.000224,74.125.200.0-255,2902,27468,35,341351
1174,0.000226,172.31.33.0-255,66,27534,35,341351
1175,0.000242,74.125.200.0-255,5379,32913,35,341351
1176,0.000244,172.31.33.0-255,66,32979,35,341351
1177,0.000248,74.125.200.0-255,4320,37299,35,341351
1178,0.000251,172.31.33.0-255,66,37365,35,341351
1179,0.000274,74.125.200.0-255,4320,41685,35,341351
1180,0.000275,172.31.33.0-255,66,41751,35,341351
1181,0.000278,74.125.200.0-255,1484,43235,35,341351
1182,0.000282,172.31.33.0-255,66,43301,35,341351
1183,0.000295,74.125.200.0-255,4320,47621,35,341351
1184,0.000298,172.31.33.0-255,66,47687,35,341351
1185,0.000314,74.125.200.0-255,4320,52007,35,341351
1186,0.000316,172.31.33.0-255,66,52073,35,341351
1187,0.00032,74.125.200.0-255,2902,54975,35,341351
1188,0.000322,172.31.33.0-255,66,55041,35,341351
1189,0.000352,172.31.33.0-255,66,55107,35,341351
1190,0.000356,74.125.200.0-255,2184,57291,35,341351
1191,0.000358,172.31.33.0-255,66,57357,35,341351
1192,0.00036,74.125.200.0-255,389,57746,35,341351
1193,0.000406,74.125.200.0-255,354,58100,35,341351
1194,0.000619,74.125.200.0-255,1484,59584,35,341351
1195,0.000622,172.31.33.0-255,66,59650,35,341351
1196,0.000627,74.125.200.0-255,2902,62552,35,341351
1197,0.000628,172.31.33.0-255,66,62618,35,341351
1198,0.00064,74.125.200.0-255,1484,64102,35,341351
1199,0.000658,74.125.200.0-255,4320,68422,35,341351
1200,0.000661,172.31.33.0-255,66,68488,35,341351
1201,0.000675,74.125.200.0-255,2902,71390,35,341351
1202,0.000677,172.31.33.0-255,66,71456,35,341351
1203,0.000712,172.31.33.0-255,66,71522,35,341351
1204,0.000717,74.125.200.0-255,5738,77260,35,341351
1205,0.000719,172.31.33.0-255,66,77326,35,341351
1206,0.000739,74.125.200.0-255,2902,80228,35,341351
1207,0.000742,172.31.33.0-255,66,80294,35,341351
1208,0.00076,74.125.200.0-255,2184,82478,35,341351
1209,0.000763,172.31.33.0-255,66,82544,35,341351
1210,0.001104,74.125.200.0-255,1484,84028,35,341351
1211,0.001118,74.125.200.0-255,1484,85512,35,341351
1212,0.001121,172.31.33.0-255,66,85578,35,341351
1213,0.00114,74.125.200.0-255,1484,87062,35,341351
1214,0.001147,74.125.200.0-255,5738,92800,35,341351
1215,0.001149,172.31.33.0-255,66,92866,35,341351
1216,0.001153,74.125.200.0-255,2902,95768,35,341351
1217,0.001154,172.31.33.0-255,66,95834,35,341351
1218,0.001188,172.31.33.0-255,66,95900,35,341351
1219,0.001206,74.125.200.0-255,1484,97384,35,341351
1220,0.001216,172.31.33.0-255,66,97450,35,341351
1221,0.001231,74.125.200.0-255,1484,98934,35,341351
1222,0.001234,74.125.200.0-255,766,99700,35,341351
1223,0.001236,172.31.33.0-255,66,99766,35,341351
1224,0.001556,74.125.200.0-255,1484,101250,35,341351
1225,0.001561,74.125.200.0-255,1484,102734,35,341351
1226,0.001565,172.31.33.0-255,66,102800,35,341351
1227,0.001587,74.125.200.0-255,1484,104284,35,341351
1228,0.001594,74.125.200.0-255,5738,110022,35,341351
1229,0.001596,172.31.33.0-255,66,110088,35,341351
1230,0.001604,74.125.200.0-255,7156,117244,35,341351
1231,0.001605,172.31.33.0-255,66,117310,35,341351
1232,0.001608,74.125.200.0-255,1484,118794,35,341351
1233,0.001637,74.125.200.0-255,7156,125950,35,341351
1234,0.001641,172.31.33.0-255,66,126016,35,341351
1235,0.001644,74.125.200.0-255,1484,127500,35,341351
1236,0.001658,74.125.200.0-255,4320,131820,35,341351
1237,0.00166,172.31.33.0-255,66,131886,35,341351
1238,0.001673,74.125.200.0-255,2184,134070,35,341351
1239,0.001675,172.31.33.0-255,66,134136,35,341351
1240,0.001831,74.125.200.0-255,1484,135620,35,341351
1241,0.001845,74.125.200.0-255,2902,138522,35,341351
1242,0.001849,172.31.33.0-255,66,138588,35,341351
1243,0.001865,74.125.200.0-255,2902,141490,35,341351
1244,0.001867,172.31.33.0-255,66,141556,35,341351
1245,0.001872,74.125.200.0-255,4320,145876,35,341351
1246,0.001874,172.31.33.0-255,66,145942,35,341351
1247,0.001897,74.125.200.0-255,7156,153098,35,341351
1248,0.001899,172.31.33.0-255,66,153164,35,341351
1249,0.001918,74.125.200.0-255,1484,154648,35,341351
1250,0.001925,74.125.200.0-255,7156,161804,35,341351
1251,0.001927,172.31.33.0-255,66,161870,35,341351
1252,0.001962,74.125.200.0-255,2902,164772,35,341351
1253,0.001965,172.31.33.0-255,66,164838,35,341351
1254,0.001977,74.125.200.0-255,3602,168440,35,341351
1255,0.001979,172.31.33.0-255,66,168506,35,341351
1256,0.002092,74.125.200.0-255,1484,169990,35,341351
1257,0.002108,74.125.200.0-255,1484,171474,35,341351
1258,0.00211,172.31.33.0-255,66,171540,35,341351
1259,0.002121,74.125.200.0-255,2902,174442,35,341351
1260,0.002123,172.31.33.0-255,66,174508,35,341351
1261,0.002149,74.125.200.0-255,5738,180246,35,341351
1262,0.002151,172.31.33.0-255,66,180312,35,341351
1263,0.002167,74.125.200.0-255,5738,186050,35,341351
1264,0.00217,172.31.33.0-255,66,186116,35,341351
1265,0.002183,74.125.200.0-255,4320,190436,35,341351
1266,0.002185,172.31.33.0-255,66,190502,35,341351
1267,0.002191,74.125.200.0-255,5738,196240,35,341351
1268,0.002193,172.31.33.0-255,66,196306,35,341351
1269,0.002219,74.125.200.0-255,5738,202044,35,341351
1270,0.002221,172.31.33.0-255,66,202110,35,341351
1271,0.002223,74.125.200.0-255,766,202876,35,341351
1272,0.002328,74.125.200.0-255,1484,204360,35,341351
1273,0.00233,172.31.33.0-255,66,204426,35,341351
1274,0.002345,74.125.200.0-255,2902,207328,35,341351
1275,0.002348,172.31.33.0-255,66,207394,35,341351
1276,0.00235,74.125.200.0-255,1484,208878,35,341351
1277,0.002368,74.125.200.0-255,1484,210362,35,341351
1278,0.00237,172.31.33.0-255,66,210428,35,341351
1279,0.002388,74.125.200.0-255,1484,211912,35,341351
1280,0.002392,74.125.200.0-255,2902,214814,35,341351
1281,0.002399,172.31.33.0-255,66,214880,35,341351
1282,0.002403,74.125.200.0-255,2902,217782,35,341351
1283,0.002405,172.31.33.0-255,66,217848,35,341351
1284,0.002444,74.125.200.0-255,1484,219332,35,341351
1285,0.002462,74.125.200.0-255,2902,222234,35,341351
1286,0.002465,172.31.33.0-255,66,222300,35,341351
1287,0.00247,74.125.200.0-255,5738,228038,35,341351
1288,0.002473,172.31.33.0-255,66,228104,35,341351
1289,0.002483,172.31.33.0-255,66,228170,35,341351
1290,0.002551,74.125.200.0-255,1484,229654,35,341351
1291,0.002564,74.125.200.0-255,1484,231138,35,341351
1292,0.002566,172.31.33.0-255,66,231204,35,341351
1293,0.002579,74.125.200.0-255,2902,234106,35,341351
1294,0.002581,172.31.33.0-255,66,234172,35,341351
1295,0.002584,74.125.200.0-255,1484,235656,35,341351
1296,0.002598,74.125.200.0-255,1484,237140,35,341351
1297,0.0026,172.31.33.0-255,66,237206,35,341351
1298,0.00261,74.125.200.0-255,1484,238690,35,341351
1299,0.002627,74.125.200.0-255,5738,244428,35,341351
1300,0.002629,172.31.33.0-255,66,244494,35,341351
1301,0.002632,74.125.200.0-255,1484,245978,35,341351
1302,0.002635,74.125.200.0-255,1484,247462,35,341351
1303,0.002637,172.31.33.0-255,66,247528,35,341351
1304,0.002649,74.125.200.0-255,2902,250430,35,341351
1305,0.002651,172.31.33.0-255,66,250496,35,341351
1306,0.002668,74.125.200.0-255,7156,257652,35,341351
1307,0.00267,172.31.33.0-255,66,257718,35,341351
1308,0.00268,74.125.200.0-255,1484,259202,35,341351
1309,0.002683,74.125.200.0-255,1484,260686,35,341351
1310,0.002685,172.31.33.0-255,66,260752,35,341351
1311,0.002688,74.125.200.0-255,1484,262236,35,341351
1312,0.002706,74.125.200.0-255,5020,267256,35,341351
1313,0.002708,172.31.33.0-255,66,267322,35,341351
1314,0.00273,74.125.200.0-255,7156,274478,35,341351
1315,0.002732,172.31.33.0-255,66,274544,35,341351
1316,0.002749,74.125.200.0-255,4320,278864,35,341351
1317,0.002751,172.31.33.0-255,66,278930,35,341351
1318,0.00277,74.125.200.0-255,4320,283250,35,341351
1319,0.002773,172.31.33.0-255,66,283316,35,341351
1320,0.002778,74.125.200.0-255,5738,289054,35,341351
1321,0.00278,172.31.33.0-255,66,289120,35,341351
1322,0.0028,172.31.33.0-255,66,289186,35,341351
1323,0.002819,74.125.200.0-255,1484,290670,35,341351
1324,0.00283,74.125.200.0-255,2902,293572,35,341351
1325,0.002831,172.31.33.0-255,66,293638,35,341351
1326,0.002846,74.125.200.0-255,4320,297958,35,341351
1327,0.002848,172.31.33.0-255,66,298024,35,341351
1328,0.002873,74.125.200.0-255,5738,303762,35,341351
1329,0.002875,172.31.33.0-255,66,303828,35,341351
1330,0.002913,74.125.200.0-255,7156,310984,35,341351
1331,0.002916,172.31.33.0-255,66,311050,35,341351
1332,0.002934,74.125.200.0-255,5738,316788,35,341351
1333,0.002936,172.31.33.0-255,66,316854,35,341351
1334,0.002955,74.125.200.0-255,2902,319756,35,341351
1335,0.002957,172.31.33.0-255,66,319822,35,341351
1336,0.002962,74.125.200.0-255,3602,323424,35,341351
1337,0.002964,172.31.33.0-255,66,323490,35,341351
1338,0.002975,172.31.33.0-255,66,323556,35,341351
1339,0.00299,74.125.200.0-255,2902,326458,35,341351
1340,0.002992,172.31.33.0-255,66,326524,35,341351
1341,0.002994,74.125.200.0-255,1484,328008,35,341351
1342,0.002996,172.31.33.0-255,78,328086,35,341351
1343,0.003002,74.125.200.0-255,4320,332406,35,341351
1344,0.003005,172.31.33.0-255,66,332472,35,341351
1345,0.003007,74.125.200.0-255,1484,333956,35,341351
1346,0.003012,74.125.200.0-255,5604,339560,35,341351
1347,0.003015,172.31.33.0-255,66,339626,35,341351
1348,0.003018,74.125.200.0-255,105,339731,35,341351
1349,0.012317,172.31.33.0-255,66,339797,35,341351
1350,0.012347,172.31.33.0-255,105,339902,35,341351
1351,0.014652,74.125.200.0-255,66,339968,35,341351
1352,0.041153,172.31.33.0-255,172,340140,35,341351
1353,0.041185,172.31.33.0-255,1079,341219,35,341351
1354,0.042693,104.244.42.0-255,66,341285,35,341351
1355,0.042728,104.244.42.0-255,66,341351,35,341351
1356,0.0,74.125.200.0-255,153,153,35,316927
1357,1.4e-05,172.31.33.0-255,66,219,35,316927
1358,2e-05,74.125.200.0-255,1484,1703,35,316927
1359,2.4e-05,172.31.33.0-255,66,1769,35,316927
1360,4.9e-05,74.125.200.0-255,2902,4671,35,316927
1361,5.6e-05,172.31.33.0-255,66,4737,35,316927
1362,6.2e-05,74.125.200.0-255,5738,10475,35,316927
1363,6.4e-05,172.31.33.0-255,66,10541,35,316927
1364,9.1e-05,74.125.200.0-255,3476,14017,35,316927
1365,9.4e-05,172.31.33.0-255,66,14083,35,316927
1366,0.00026,74.125.200.0-255,1484,15567,35,316927
1367,0.000265,172.31.33.0-255,66,15633,35,316927
1368,0.00027,74.125.200.0-255,2902,18535,35,316927
1369,0.000272,172.31.33.0-255,66,18601,35,316927
1370,0.000291,74.125.200.0-255,2902,21503,35,316927
1371,0.000294,172.31.33.0-255,66,21569,35,316927
1372,0.000318,74.125.200.0-255,1484,23053,35,316927
1373,0.000321,172.31.33.0-255,66,23119,35,316927
1374,0.000353,172.31.33.0-255,66,23185,35,316927
1375,0.000387,172.31.33.0-255,66,23251,35,316927
1376,0.00039,74.125.200.0-255,2902,26153,35,316927
1377,0.000392,172.31.33.0-255,66,26219,35,316927
1378,0.000429,74.125.200.0-255,2902,29121,35,316927
1379,0.000432,172.31.33.0-255,66,29187,35,316927
1380,0.000456,74.125.200.0-255,2543,31730,35,316927
1381,0.000458,172.31.33.0-255,66,31796,35,316927
1382,0.000485,74.125.200.0-255,1484,33280,35,316927
1383,0.000488,172.31.33.0-255,66,33346,35,316927
1384,0.000508,74.125.200.0-255,2902,36248,35,316927
1385,0.000511,172.31.33.0-255,66,36314,35,316927
1386,0.000514,74.125.200.0-255,1484,37798,35,316927
1387,0.000541,74.125.200.0-255,4320,42118,35,316927
1388,0.000544,172.31.33.0-255,66,42184,35,316927
1389,0.000549,74.125.200.0-255,4320,46504,35,316927
1390,0.00055,172.31.33.0-255,66,46570,35,316927
1391,0.000575,74.125.200.0-255,2816,49386,35,316927
1392,0.000578,172.31.33.0-255,66,49452,35,316927
1393,0.00097,74.125.200.0-255,381,49833,35,316927
1394,0.001004,74.125.200.0-255,1484,51317,35,316927
1395,0.001008,172.31.33.0-255,66,51383,35,316927
1396,0.001026,74.125.200.0-255,4320,55703,35,316927
1397,0.001028,172.31.33.0-255,66,55769,35,316927
1398,0.001052,74.125.200.0-255,2902,58671,35,316927
1399,0.001054,172.31.33.0-255,66,58737,35,316927
1400,0.001083,74.125.200.0-255,2902,61639,35,316927
1401,0.001086,172.31.33.0-255,66,61705,35,316927
1402,0.001114,74.125.200.0-255,5379,67084,35,316927
1403,0.001117,172.31.33.0-255,66,67150,35,316927
1404,0.001141,74.125.200.0-255,1484,68634,35,316927
1405,0.001158,74.125.200.0-255,2902,71536,35,316927
1406,0.001161,172.31.33.0-255,66,71602,35,316927
1407,0.001181,74.125.200.0-255,5738,77340,35,316927
1408,0.001184,172.31.33.0-255,66,77406,35,316927
1409,0.001189,74.125.200.0-255,5738,83144,35,316927
1410,0.001192,172.31.33.0-255,66,83210,35,316927
1411,0.001229,74.125.200.0-255,1125,84335,35,316927
1412,0.001331,172.31.33.0-255,101,84436,35,316927
1413,0.001957,74.125.200.0-255,1484,85920,35,316927
1414,0.001976,74.125.200.0-255,2902,88822,35,316927
1415,0.001979,172.31.33.0-255,66,88888,35,316927
1416,0.002004,74.125.200.0-255,5738,94626,35,316927
1417,0.002006,172.31.33.0-255,66,94692,35,316927
1418,0.00201,74.125.200.0-255,2902,97594,35,316927
1419,0.002012,172.31.33.0-255,66,97660,35,316927
1420,0.002041,74.125.200.0-255,4320,101980,35,316927
1421,0.002043,172.31.33.0-255,66,102046,35,316927
1422,0.002105,172.31.33.0-255,66,102112,35,316927
1423,0.002108,74.125.200.0-255,2184,104296,35,316927
1424,0.00211,172.31.33.0-255,66,104362,35,316927
1425,0.002266,74.125.200.0-255,1484,105846,35,316927
1426,0.002283,74.125.200.0-255,2902,108748,35,316927
1427,0.002286,172.31.33.0-255,66,108814,35,316927
1428,0.002312,74.125.200.0-255,5738,114552,35,316927
1429,0.002315,74.125.200.0-255,2902,117454,35,316927
1430,0.002318,172.31.33.0-255,66,117520,35,316927
1431,0.00232,172.31.33.0-255,66,117586,35,316927
1432,0.002343,74.125.200.0-255,4320,121906,35,316927
1433,0.002347,74.125.200.0-255,4320,126226,35,316927
1434,0.00235,172.31.33.0-255,66,126292,35,316927
1435,0.002353,172.31.33.0-255,66,126358,35,316927
1436,0.002372,74.125.200.0-255,4320,130678,35,316927
1437,0.002374,172.31.33.0-255,66,130744,35,316927
1438,0.002376,74.125.200.0-255,1484,132228,35,316927
1439,0.002408,74.125.200.0-255,2902,135130,35,316927
1440,0.00241,172.31.33.0-255,66,135196,35,316927
1441,0.002435,172.31.33.0-255,66,135262,35,316927
1442,0.002438,74.125.200.0-255,2902,138164,35,316927
1443,0.002439,172.31.33.0-255,66,138230,35,316927
1444,0.002503,172.31.33.0-255,66,138296,35,316927
1445,0.002507,74.125.200.0-255,4320,142616,35,316927
1446,0.002509,172.31.33.0-255,66,142682,35,316927
1447,0.002534,74.125.200.0-255,1484,144166,35,316927
1448,0.002548,74.125.200.0-255,2184,146350,35,316927
1449,0.00255,172.31.33.0-255,66,146416,35,316927
1450,0.002797,74.125.200.0-255,1484,147900,35,316927
1451,0.002812,74.125.200.0-255,1484,149384,35,316927
1452,0.002814,172.31.33.0-255,66,149450,35,316927
1453,0.002833,74.125.200.0-255,4320,153770,35,316927
1454,0.002835,172.31.33.0-255,66,153836,35,316927
1455,0.002859,74.125.200.0-255,4320,158156,35,316927
1456,0.002861,172.31.33.0-255,66,158222,35,316927
1457,0.002864,74.125.200.0-255,1484,159706,35,316927
1458,0.002886,74.125.200.0-255,5738,165444,35,316927
1459,0.002888,172.31.33.0-255,66,165510,35,316927
1460,0.002929,74.125.200.0-255,7156,172666,35,316927
1461,0.002931,172.31.33.0-255,66,172732,35,316927
1462,0.002935,74.125.200.0-255,4320,177052,35,316927
1463,0.002937,172.31.33.0-255,66,177118,35,316927
1464,0.002976,74.125.200.0-255,1484,178602,35,316927
1465,0.002987,74.125.200.0-255,2184,180786,35,316927
1466,0.002989,172.31.33.0-255,66,180852,35,316927
1467,0.00333,74.125.200.0-255,1484,182336,35,316927
1468,0.003373,74.125.200.0-255,1484,183820,35,316927
1469,0.003376,172.31.33.0-255,66,183886,35,316927
1470,0.003396,74.125.200.0-255,1484,185370,35,316927
1471,0.0034,74.125.200.0-255,2902,188272,35,316927
1472,0.003402,172.31.33.0-255,66,188338,35,316927
1473,0.00342,74.125.200.0-255,1484,189822,35,316927
1474,0.003437,74.125.200.0-255,5738,195560,35,316927
1475,0.003439,172.31.33.0-255,66,195626,35,316927
1476,0.003465,74.125.200.0-255,1484,197110,35,316927
1477,0.00347,74.125.200.0-255,4320,201430,35,316927
1478,0.003472,172.31.33.0-255,66,201496,35,316927
1479,0.003477,74.125.200.0-255,5738,207234,35,316927
1480,0.003478,172.31.33.0-255,66,207300,35,316927
1481,0.003487,74.125.200.0-255,5738,213038,35,316927
1482,0.003489,172.31.33.0-255,66,213104,35,316927
1483,0.003493,74.125.200.0-255,2184,215288,35,316927
1484,0.003495,172.31.33.0-255,66,215354,35,316927
1485,0.003518,74.125.200.0-255,1484,216838,35,316927
1486,0.003522,74.125.200.0-255,2902,219740,35,316927
1487,0.003524,172.31.33.0-255,66,219806,35,316927
1488,0.003558,74.125.200.0-255,5738,225544,35,316927
1489,0.003561,172.31.33.0-255,66,225610,35,316927
1490,0.003564,74.125.200.0-255,2902,228512,35,316927
1491,0.003566,172.31.33.0-255,66,228578,35,316927
1492,0.00357,74.125.200.0-255,4320,232898,35,316927
1493,0.003572,172.31.33.0-255,66,232964,35,316927
1494,0.003577,74.125.200.0-255,4320,237284,35,316927
1495,0.003579,172.31.33.0-255,66,237350,35,316927
1496,0.003601,74.125.200.0-255,4320,241670,35,316927
1497,0.003603,172.31.33.0-255,66,241736,35,316927
1498,0.003613,172.31.33.0-255,66,241802,35,316927
1499,0.003615,74.125.200.0-255,66,241868,35,316927
1500,0.00364,74.125.200.0-255,2902,244770,35,316927
1501,0.003643,172.31.33.0-255,66,244836,35,316927
1502,0.003668,74.125.200.0-255,4320,249156,35,316927
1503,0.003671,172.31.33.0-255,66,249222,35,316927
1504,0.003682,74.125.200.0-255,1484,250706,35,316927
1505,0.003703,74.125.200.0-255,7156,257862,35,316927
1506,0.003705,172.31.33.0-255,66,257928,35,316927
1507,0.003709,74.125.200.0-255,2902,260830,35,316927
1508,0.003711,172.31.33.0-255,66,260896,35,316927
1509,0.003735,74.125.200.0-255,4320,265216,35,316927
1510,0.003743,172.31.33.0-255,66,265282,35,316927
1511,0.003766,74.125.200.0-255,5738,271020,35,316927
1512,0.003768,172.31.33.0-255,66,271086,35,316927
1513,0.003792,74.125.200.0-255,2902,273988,35,316927
1514,0.003793,172.31.33.0-255,66,274054,35,316927
1515,0.003796,74.125.200.0-255,2184,276238,35,316927
1516,0.003798,172.31.33.0-255,66,276304,35,316927
1517,0.0038,74.125.200.0-255,1484,277788,35,316927
1518,0.003822,74.125.200.0-255,2902,280690,35,316927
1519,0.003824,172.31.33.0-255,66,280756,35,316927
1520,0.00383,74.125.200.0-255,5738,286494,35,316927
1521,0.003831,172.31.33.0-255,66,286560,35,316927
1522,0.003856,74.125.200.0-255,2902,289462,35,316927
1523,0.003858,172.31.33.0-255,66,289528,35,316927
1524,0.003887,172.31.33.0-255,66,289594,35,316927
1525,0.003898,172.31.33.0-255,66,289660,35,316927
1526,0.003931,74.125.200.0-255,2902,292562,35,316927
1527,0.003933,172.31.33.0-255,66,292628,35,316927
1528,0.003957,74.125.200.0-255,2902,295530,35,316927
1529,0.003959,172.31.33.0-255,66,295596,35,316927
1530,0.003964,74.125.200.0-255,7156,302752,35,316927
1531,0.003997,74.125.200.0-255,5738,308490,35,316927
1532,0.004007,74.125.200.0-255,1600,310090,35,316927
1533,0.004045,74.125.200.0-255,105,310195,35,316927
1534,0.010149,172.31.33.0-255,66,310261,35,316927
1535,0.011367,172.31.33.0-255,105,310366,35,316927
1536,0.018959,74.125.200.0-255,66,310432,35,316927
1537,0.034925,172.31.33.0-255,172,310604,35,316927
1538,0.034983,172.31.33.0-255,1108,311712,35,316927
1539,0.035166,172.31.33.0-255,1514,313226,35,316927
1540,0.03519,172.31.33.0-255,1514,314740,35,316927
1541,0.035194,172.31.33.0-255,1514,316254,35,316927
1542,0.03521,172.31.33.0-255,409,316663,35,316927
1543,0.036476,104.244.42.0-255,66,316729,35,316927
1544,0.036559,104.244.42.0-255,66,316795,35,316927
1545,0.03672,104.244.42.0-255,66,316861,35,316927
1546,0.036723,104.244.42.0-255,66,316927,35,316927
1547,0.0,172.31.33.0-255,105,105,35,276
1548,0.001468,157.240.7.0-255,105,210,35,276
1549,0.001477,172.31.33.0-255,66,276,35,276
1550,0.0,172.31.33.0-255,105,105,35,276
1551,0.002059,157.240.7.0-255,105,210,35,276
1552,0.002073,172.31.33.0-255,66,276,35,276
1553,0.0,172.31.33.0-255,105,105,35,276
1554,0.002095,157.240.7.0-255,105,210,35,276
1555,0.002103,172.31.33.0-255,66,276,35,276
1556,0.0,172.31.33.0-255,105,105,35,276
1557,0.002052,157.240.7.0-255,105,210,35,276
1558,0.002062,172.31.33.0-255,66,276,35,276
1559,0.0,172.217.194.0-255,153,153,35,203184
1560,1.6e-05,172.31.33.0-255,66,219,35,203184
1561,2.2e-05,172.217.194.0-255,1484,1703,35,203184
1562,2.6e-05,172.31.33.0-255,66,1769,35,203184
1563,2.8e-05,172.217.194.0-255,1484,3253,35,203184
1564,3e-05,172.31.33.0-255,66,3319,35,203184
1565,4.3e-05,172.217.194.0-255,1484,4803,35,203184
1566,4.5e-05,172.31.33.0-255,66,4869,35,203184
1567,5.1e-05,172.217.194.0-255,7156,12025,35,203184
1568,5.4e-05,172.31.33.0-255,66,12091,35,203184
1569,6e-05,172.217.194.0-255,3528,15619,35,203184
1570,6.2e-05,172.31.33.0-255,66,15685,35,203184
1571,9.7e-05,172.31.33.0-255,66,15751,35,203184
1572,0.000115,172.217.194.0-255,2543,18294,35,203184
1573,0.000117,172.31.33.0-255,66,18360,35,203184
1574,0.000159,172.217.194.0-255,1484,19844,35,203184
1575,0.000162,172.31.33.0-255,66,19910,35,203184
1576,0.000191,172.217.194.0-255,2902,22812,35,203184
1577,0.000193,172.31.33.0-255,66,22878,35,203184
1578,0.000199,172.217.194.0-255,5738,28616,35,203184
1579,0.0002,172.31.33.0-255,66,28682,35,203184
1580,0.000236,172.31.33.0-255,66,28748,35,203184
1581,0.000256,172.217.194.0-255,3961,32709,35,203184
1582,0.000258,172.31.33.0-255,66,32775,35,203184
1583,0.000271,172.217.194.0-255,2902,35677,35,203184
1584,0.000274,172.31.33.0-255,66,35743,35,203184
1585,0.0003,172.217.194.0-255,7117,42860,35,203184
1586,0.000303,172.31.33.0-255,66,42926,35,203184
1587,0.00061,172.217.194.0-255,367,43293,35,203184
1588,0.000614,172.31.33.0-255,66,43359,35,203184
1589,0.0008,172.217.194.0-255,1484,44843,35,203184
1590,0.000822,172.217.194.0-255,2902,47745,35,203184
1591,0.000826,172.31.33.0-255,66,47811,35,203184
1592,0.000833,172.217.194.0-255,5738,53549,35,203184
1593,0.000834,172.31.33.0-255,66,53615,35,203184
1594,0.00084,172.217.194.0-255,4320,57935,35,203184
1595,0.000841,172.31.33.0-255,66,58001,35,203184
1596,0.000872,172.31.33.0-255,66,58067,35,203184
1597,0.000878,172.217.194.0-255,4320,62387,35,203184
1598,0.00088,172.31.33.0-255,66,62453,35,203184
1599,0.000901,172.217.194.0-255,6438,68891,35,203184
1600,0.000904,172.31.33.0-255,66,68957,35,203184
1601,0.001429,172.217.194.0-255,1484,70441,35,203184
1602,0.001437,172.217.194.0-255,2902,73343,35,203184
1603,0.001441,172.31.33.0-255,66,73409,35,203184
1604,0.001447,172.217.194.0-255,2902,76311,35,203184
1605,0.001449,172.31.33.0-255,66,76377,35,203184
1606,0.001463,172.217.194.0-255,2902,79279,35,203184
1607,0.001465,172.31.33.0-255,66,79345,35,203184
1608,0.001468,172.217.194.0-255,1484,80829,35,203184
1609,0.001496,172.31.33.0-255,66,80895,35,203184
1610,0.001502,172.217.194.0-255,4320,85215,35,203184
1611,0.001504,172.31.33.0-255,66,85281,35,203184
1612,0.001517,172.217.194.0-255,4320,89601,35,203184
1613,0.00152,172.31.33.0-255,66,89667,35,203184
1614,0.001539,172.217.194.0-255,2184,91851,35,203184
1615,0.001541,172.31.33.0-255,66,91917,35,203184
1616,0.002003,172.217.194.0-255,1484,93401,35,203184
1617,0.002006,172.217.194.0-255,1484,94885,35,203184
1618,0.002009,172.31.33.0-255,66,94951,35,203184
1619,0.002026,172.217.194.0-255,1484,96435,35,203184
1620,0.002043,172.217.194.0-255,2902,99337,35,203184
1621,0.002045,172.31.33.0-255,66,99403,35,203184
1622,0.002057,172.217.194.0-255,2902,102305,35,203184
1623,0.002059,172.31.33.0-255,66,102371,35,203184
1624,0.002064,172.217.194.0-255,4320,106691,35,203184
1625,0.002067,172.31.33.0-255,66,106757,35,203184
1626,0.002072,172.217.194.0-255,4320,111077,35,203184
1627,0.002074,172.31.33.0-255,66,111143,35,203184
1628,0.002103,172.217.194.0-255,7156,118299,35,203184
1629,0.002105,172.31.33.0-255,66,118365,35,203184
1630,0.002112,172.217.194.0-255,7156,125521,35,203184
1631,0.002114,172.31.33.0-255,66,125587,35,203184
1632,0.002116,172.217.194.0-255,766,126353,35,203184
1633,0.0025,172.217.194.0-255,1484,127837,35,203184
1634,0.002502,172.31.33.0-255,66,127903,35,203184
1635,0.002521,172.217.194.0-255,2902,130805,35,203184
1636,0.002524,172.31.33.0-255,66,130871,35,203184
1637,0.002567,172.217.194.0-255,2902,133773,35,203184
1638,0.002569,172.31.33.0-255,66,133839,35,203184
1639,0.002586,172.217.194.0-255,2902,136741,35,203184
1640,0.002588,172.31.33.0-255,66,136807,35,203184
1641,0.002598,172.31.33.0-255,66,136873,35,203184
1642,0.002611,172.31.33.0-255,66,136939,35,203184
1643,0.002614,172.217.194.0-255,2184,139123,35,203184
1644,0.002616,172.31.33.0-255,66,139189,35,203184
1645,0.002754,172.217.194.0-255,1484,140673,35,203184
1646,0.002769,172.217.194.0-255,2902,143575,35,203184
1647,0.002772,172.31.33.0-255,66,143641,35,203184
1648,0.002777,172.217.194.0-255,2902,146543,35,203184
1649,0.002778,172.31.33.0-255,66,146609,35,203184
1650,0.00279,172.217.194.0-255,2902,149511,35,203184
1651,0.002792,172.31.33.0-255,66,149577,35,203184
1652,0.002799,172.217.194.0-255,7156,156733,35,203184
1653,0.002801,172.31.33.0-255,66,156799,35,203184
1654,0.002828,172.217.194.0-255,5738,162537,35,203184
1655,0.00283,172.31.33.0-255,66,162603,35,203184
1656,0.00284,172.31.33.0-255,66,162669,35,203184
1657,0.002842,172.217.194.0-255,766,163435,35,203184
1658,0.003261,172.217.194.0-255,1484,164919,35,203184
1659,0.003264,172.31.33.0-255,66,164985,35,203184
1660,0.003268,172.217.194.0-255,2902,167887,35,203184
1661,0.003271,172.31.33.0-255,66,167953,35,203184
1662,0.003276,172.217.194.0-255,4320,172273,35,203184
1663,0.003278,172.31.33.0-255,66,172339,35,203184
1664,0.003288,172.217.194.0-255,1484,173823,35,203184
1665,0.003324,172.217.194.0-255,4320,178143,35,203184
1666,0.003326,172.31.33.0-255,66,178209,35,203184
1667,0.003353,172.31.33.0-255,66,178275,35,203184
1668,0.003364,172.31.33.0-255,66,178341,35,203184
1669,0.003387,172.217.194.0-255,1484,179825,35,203184
1670,0.003403,172.217.194.0-255,5738,185563,35,203184
1671,0.003406,172.31.33.0-255,66,185629,35,203184
1672,0.003444,172.31.33.0-255,66,185695,35,203184
1673,0.003455,172.31.33.0-255,66,185761,35,203184
1674,0.00346,172.217.194.0-255,4320,190081,35,203184
1675,0.003463,172.31.33.0-255,66,190147,35,203184
1676,0.003505,172.31.33.0-255,66,190213,35,203184
1677,0.003512,172.217.194.0-255,7156,197369,35,203184
1678,0.003515,172.31.33.0-255,66,197435,35,203184
1679,0.00355,172.31.33.0-255,66,197501,35,203184
1680,0.003593,172.31.33.0-255,66,197567,35,203184
1681,0.003628,172.31.33.0-255,66,197633,35,203184
1682,0.003631,172.217.194.0-255,1484,199117,35,203184
1683,0.003647,172.31.33.0-255,66,199183,35,203184
1684,0.00365,172.217.194.0-255,1323,200506,35,203184
1685,0.003653,172.217.194.0-255,97,200603,35,203184
1686,0.003655,172.217.194.0-255,105,200708,35,203184
1687,0.010893,172.31.33.0-255,66,200774,35,203184
1688,0.010925,172.31.33.0-255,105,200879,35,203184
1689,0.012707,172.217.194.0-255,105,200984,35,203184
1690,0.012718,172.31.33.0-255,78,201062,35,203184
1691,0.01301,172.217.194.0-255,66,201128,35,203184
1692,0.047047,172.31.33.0-255,172,201300,35,203184
1693,0.047073,172.31.33.0-255,1109,202409,35,203184
1694,0.047122,172.31.33.0-255,577,202986,35,203184
1695,0.048578,104.244.42.0-255,66,203052,35,203184
1696,0.048632,104.244.42.0-255,66,203118,35,203184
1697,0.048671,104.244.42.0-255,66,203184,35,203184
1698,0.0,172.217.194.0-255,153,153,35,266076
1699,3.1e-05,172.31.33.0-255,66,219,35,266076
1700,3.8e-05,172.217.194.0-255,1484,1703,35,266076
1701,4.2e-05,172.31.33.0-255,66,1769,35,266076
1702,4.8e-05,172.217.194.0-255,2902,4671,35,266076
1703,5.8e-05,172.31.33.0-255,66,4737,35,266076
1704,6.4e-05,172.217.194.0-255,7156,11893,35,266076
1705,6.7e-05,172.31.33.0-255,66,11959,35,266076
1706,7.1e-05,172.217.194.0-255,2085,14044,35,266076
1707,7.3e-05,172.31.33.0-255,66,14110,35,266076
1708,0.000111,172.217.194.0-255,1484,15594,35,266076
1709,0.000114,172.31.33.0-255,66,15660,35,266076
1710,0.000118,172.217.194.0-255,2902,18562,35,266076
1711,0.000121,172.31.33.0-255,66,18628,35,266076
1712,0.000155,172.217.194.0-255,5738,24366,35,266076
1713,0.000159,172.31.33.0-255,66,24432,35,266076
1714,0.000164,172.217.194.0-255,4320,28752,35,266076
1715,0.000166,172.31.33.0-255,66,28818,35,266076
1716,0.000188,172.217.194.0-255,2543,31361,35,266076
1717,0.00019,172.31.33.0-255,66,31427,35,266076
1718,0.000268,172.217.194.0-255,1484,32911,35,266076
1719,0.000272,172.31.33.0-255,66,32977,35,266076
1720,0.000277,172.217.194.0-255,2902,35879,35,266076
1721,0.000279,172.31.33.0-255,66,35945,35,266076
1722,0.000312,172.217.194.0-255,5738,41683,35,266076
1723,0.000318,172.31.33.0-255,66,41749,35,266076
1724,0.000344,172.31.33.0-255,66,41815,35,266076
1725,0.00037,172.217.194.0-255,2902,44717,35,266076
1726,0.000373,172.31.33.0-255,66,44783,35,266076
1727,0.000399,172.31.33.0-255,66,44849,35,266076
1728,0.000402,172.217.194.0-255,121,44970,35,266076
1729,0.000443,172.217.194.0-255,379,45349,35,266076
1730,0.000748,172.217.194.0-255,1484,46833,35,266076
1731,0.000753,172.217.194.0-255,2902,49735,35,266076
1732,0.000754,172.31.33.0-255,66,49801,35,266076
1733,0.000758,172.31.33.0-255,66,49867,35,266076
1734,0.000763,172.217.194.0-255,2902,52769,35,266076
1735,0.000765,172.31.33.0-255,66,52835,35,266076
1736,0.000795,172.217.194.0-255,2902,55737,35,266076
1737,0.000798,172.31.33.0-255,66,55803,35,266076
1738,0.000805,172.217.194.0-255,5738,61541,35,266076
1739,0.000807,172.31.33.0-255,66,61607,35,266076
1740,0.000819,172.217.194.0-255,7156,68763,35,266076
1741,0.000822,172.31.33.0-255,66,68829,35,266076
1742,0.000827,172.217.194.0-255,4320,73149,35,266076
1743,0.00083,172.31.33.0-255,66,73215,35,266076
1744,0.000866,172.217.194.0-255,6438,79653,35,266076
1745,0.000869,172.31.33.0-255,66,79719,35,266076
1746,0.001122,172.217.194.0-255,1484,81203,35,266076
1747,0.001129,172.217.194.0-255,2902,84105,35,266076
1748,0.001133,172.31.33.0-255,66,84171,35,266076
1749,0.001139,172.217.194.0-255,5738,89909,35,266076
1750,0.001141,172.31.33.0-255,66,89975,35,266076
1751,0.00118,172.217.194.0-255,7156,97131,35,266076
1752,0.001184,172.31.33.0-255,66,97197,35,266076
1753,0.0012,172.31.33.0-255,66,97263,35,266076
1754,0.001234,172.31.33.0-255,66,97329,35,266076
1755,0.002011,172.217.194.0-255,1484,98813,35,266076
1756,0.002023,172.217.194.0-255,2902,101715,35,266076
1757,0.002028,172.31.33.0-255,66,101781,35,266076
1758,0.002035,172.217.194.0-255,5738,107519,35,266076
1759,0.002037,172.31.33.0-255,66,107585,35,266076
1760,0.002104,172.31.33.0-255,66,107651,35,266076
1761,0.00211,172.217.194.0-255,5738,113389,35,266076
1762,0.002112,172.31.33.0-255,66,113455,35,266076
1763,0.002114,172.217.194.0-255,1484,114939,35,266076
1764,0.002119,172.217.194.0-255,3602,118541,35,266076
1765,0.002121,172.31.33.0-255,66,118607,35,266076
1766,0.002142,172.217.194.0-255,1484,120091,35,266076
1767,0.002164,172.217.194.0-255,2902,122993,35,266076
1768,0.002166,172.31.33.0-255,66,123059,35,266076
1769,0.002172,172.217.194.0-255,5738,128797,35,266076
1770,0.002173,172.31.33.0-255,66,128863,35,266076
1771,0.002209,172.31.33.0-255,66,128929,35,266076
1772,0.002212,172.217.194.0-255,1484,130413,35,266076
1773,0.002217,172.217.194.0-255,4320,134733,35,266076
1774,0.002218,172.31.33.0-255,66,134799,35,266076
1775,0.002247,172.217.194.0-255,4320,139119,35,266076
1776,0.00225,172.31.33.0-255,66,139185,35,266076
1777,0.002254,172.217.194.0-255,3602,142787,35,266076
1778,0.002256,172.31.33.0-255,66,142853,35,266076
1779,0.002332,172.217.194.0-255,1484,144337,35,266076
1780,0.002338,172.217.194.0-255,2902,147239,35,266076
1781,0.002342,172.31.33.0-255,66,147305,35,266076
1782,0.002347,172.217.194.0-255,4320,151625,35,266076
1783,0.002349,172.31.33.0-255,66,151691,35,266076
1784,0.002379,172.217.194.0-255,4320,156011,35,266076
1785,0.002382,172.31.33.0-255,78,156089,35,266076
1786,0.002406,172.31.33.0-255,66,156155,35,266076
1787,0.002412,172.217.194.0-255,7156,163311,35,266076
1788,0.002415,172.31.33.0-255,66,163377,35,266076
1789,0.002419,172.217.194.0-255,3602,166979,35,266076
1790,0.002423,172.31.33.0-255,66,167045,35,266076
1791,0.002453,172.217.194.0-255,1484,168529,35,266076
1792,0.002458,172.217.194.0-255,2902,171431,35,266076
1793,0.00246,172.31.33.0-255,66,171497,35,266076
1794,0.002465,172.217.194.0-255,5738,177235,35,266076
1795,0.002468,172.31.33.0-255,66,177301,35,266076
1796,0.002499,172.217.194.0-255,5738,183039,35,266076
1797,0.002503,172.31.33.0-255,66,183105,35,266076
1798,0.002508,172.217.194.0-255,4320,187425,35,266076
1799,0.00251,172.31.33.0-255,66,187491,35,266076
1800,0.00254,172.31.33.0-255,66,187557,35,266076
1801,0.002546,172.217.194.0-255,5020,192577,35,266076
1802,0.002548,172.31.33.0-255,66,192643,35,266076
1803,0.002574,172.217.194.0-255,4320,196963,35,266076
1804,0.002576,172.31.33.0-255,66,197029,35,266076
1805,0.00258,172.217.194.0-255,2902,199931,35,266076
1806,0.002583,172.31.33.0-255,66,199997,35,266076
1807,0.002618,172.217.194.0-255,2902,202899,35,266076
1808,0.00263,172.217.194.0-255,4320,207219,35,266076
1809,0.002634,172.31.33.0-255,66,207285,35,266076
1810,0.002637,172.31.33.0-255,66,207351,35,266076
1811,0.002639,172.31.33.0-255,66,207417,35,266076
1812,0.002659,172.31.33.0-255,66,207483,35,266076
1813,0.002671,172.31.33.0-255,66,207549,35,266076
1814,0.0027,172.217.194.0-255,4320,211869,35,266076
1815,0.002757,172.31.33.0-255,66,211935,35,266076
1816,0.002774,172.31.33.0-255,66,212001,35,266076
1817,0.002801,172.217.194.0-255,1484,213485,35,266076
1818,0.002825,172.217.194.0-255,2902,216387,35,266076
1819,0.002834,172.31.33.0-255,66,216453,35,266076
1820,0.002844,172.217.194.0-255,2902,219355,35,266076
1821,0.002866,172.217.194.0-255,2902,222257,35,266076
1822,0.00287,172.31.33.0-255,66,222323,35,266076
1823,0.002878,172.31.33.0-255,66,222389,35,266076
1824,0.002881,172.217.194.0-255,1484,223873,35,266076
1825,0.002883,172.217.194.0-255,1484,225357,35,266076
1826,0.002899,172.217.194.0-255,4320,229677,35,266076
1827,0.002904,172.31.33.0-255,78,229755,35,266076
1828,0.002936,172.217.194.0-255,5738,235493,35,266076
1829,0.002939,172.217.194.0-255,766,236259,35,266076
1830,0.002947,172.31.33.0-255,66,236325,35,266076
1831,0.002968,172.217.194.0-255,1484,237809,35,266076
1832,0.002971,172.217.194.0-255,1484,239293,35,266076
1833,0.002983,172.217.194.0-255,1484,240777,35,266076
1834,0.002989,172.217.194.0-255,4320,245097,35,266076
1835,0.003002,172.31.33.0-255,66,245163,35,266076
1836,0.003005,172.217.194.0-255,1484,246647,35,266076
1837,0.00301,172.217.194.0-255,4320,250967,35,266076
1838,0.003015,172.31.33.0-255,66,251033,35,266076
1839,0.003052,172.217.194.0-255,4221,255254,35,266076
1840,0.003068,172.31.33.0-255,66,255320,35,266076
1841,0.003075,172.217.194.0-255,97,255417,35,266076
1842,0.003206,172.217.194.0-255,105,255522,35,266076
1843,0.004823,172.31.33.0-255,66,255588,35,266076
1844,0.004858,172.31.33.0-255,105,255693,35,266076
1845,0.006848,172.217.194.0-255,66,255759,35,266076
1846,0.035437,172.31.33.0-255,172,255931,35,266076
1847,0.035628,172.31.33.0-255,1107,257038,35,266076
1848,0.035722,172.31.33.0-255,1514,258552,35,266076
1849,0.035724,172.31.33.0-255,1514,260066,35,266076
1850,0.03573,172.31.33.0-255,1514,261580,35,266076
1851,0.035731,172.31.33.0-255,1514,263094,35,266076
1852,0.035752,172.31.33.0-255,1514,264608,35,266076
1853,0.035758,172.31.33.0-255,928,265536,35,266076
1854,0.036994,104.244.42.0-255,66,265602,35,266076
1855,0.037151,104.244.42.0-255,66,265668,35,266076
1856,0.037305,104.244.42.0-255,66,265734,35,266076
1857,0.037308,104.244.42.0-255,66,265800,35,266076
1858,0.053799,172.31.33.0-255,105,265905,35,266076
1859,0.055575,157.240.7.0-255,105,266010,35,266076
1860,0.055584,172.31.33.0-255,66,266076,35,266076
1861,0.0,172.217.194.0-255,215,215,35,186026
1862,2.3e-05,172.31.33.0-255,66,281,35,186026
1863,2.9e-05,172.217.194.0-255,1484,1765,35,186026
1864,3.3e-05,172.31.33.0-255,66,1831,35,186026
1865,3.8e-05,172.217.194.0-255,4320,6151,35,186026
1866,4e-05,172.31.33.0-255,66,6217,35,186026
1867,7.2e-05,172.31.33.0-255,66,6283,35,186026
1868,0.000116,172.217.194.0-255,2902,9185,35,186026
1869,0.000119,172.31.33.0-255,66,9251,35,186026
1870,0.000132,172.217.194.0-255,5738,14989,35,186026
1871,0.000138,172.31.33.0-255,66,15055,35,186026
1872,0.000169,172.31.33.0-255,66,15121,35,186026
1873,0.000175,172.217.194.0-255,7156,22277,35,186026
1874,0.000178,172.31.33.0-255,66,22343,35,186026
1875,0.000227,172.217.194.0-255,4320,26663,35,186026
1876,0.000229,172.31.33.0-255,66,26729,35,186026
1877,0.000252,172.217.194.0-255,3961,30690,35,186026
1878,0.000255,172.31.33.0-255,66,30756,35,186026
1879,0.000264,172.31.33.0-255,66,30822,35,186026
1880,0.000285,172.217.194.0-255,1484,32306,35,186026
1881,0.000287,172.31.33.0-255,66,32372,35,186026
1882,0.000316,172.217.194.0-255,6797,39169,35,186026
1883,0.000319,172.31.33.0-255,66,39235,35,186026
1884,0.000321,172.217.194.0-255,677,39912,35,186026
1885,0.000323,172.31.33.0-255,66,39978,35,186026
1886,0.000385,172.217.194.0-255,1484,41462,35,186026
1887,0.000388,172.31.33.0-255,66,41528,35,186026
1888,0.000392,172.217.194.0-255,2902,44430,35,186026
1889,0.000396,172.31.33.0-255,66,44496,35,186026
1890,0.000419,172.217.194.0-255,5738,50234,35,186026
1891,0.000423,172.31.33.0-255,66,50300,35,186026
1892,0.000427,172.217.194.0-255,2902,53202,35,186026
1893,0.000428,172.31.33.0-255,66,53268,35,186026
1894,0.000474,172.31.33.0-255,66,53334,35,186026
1895,0.00048,172.217.194.0-255,5738,59072,35,186026
1896,0.000482,172.31.33.0-255,66,59138,35,186026
1897,0.000529,172.217.194.0-255,3961,63099,35,186026
1898,0.000534,172.31.33.0-255,66,63165,35,186026
1899,0.000914,172.217.194.0-255,1484,64649,35,186026
1900,0.000919,172.217.194.0-255,2902,67551,35,186026
1901,0.000922,172.31.33.0-255,66,67617,35,186026
1902,0.000943,172.217.194.0-255,2902,70519,35,186026
1903,0.000946,172.31.33.0-255,66,70585,35,186026
1904,0.000972,172.217.194.0-255,7156,77741,35,186026
1905,0.000974,172.31.33.0-255,66,77807,35,186026
1906,0.001011,172.31.33.0-255,66,77873,35,186026
1907,0.001038,172.217.194.0-255,4320,82193,35,186026
1908,0.001041,172.31.33.0-255,66,82259,35,186026
1909,0.001062,172.217.194.0-255,766,83025,35,186026
1910,0.00116,172.31.33.0-255,66,83091,35,186026
1911,0.001393,172.217.194.0-255,1484,84575,35,186026
1912,0.001402,172.217.194.0-255,2902,87477,35,186026
1913,0.001405,172.31.33.0-255,66,87543,35,186026
1914,0.001412,172.217.194.0-255,5738,93281,35,186026
1915,0.001414,172.31.33.0-255,66,93347,35,186026
1916,0.001439,172.217.194.0-255,7156,100503,35,186026
1917,0.001442,172.31.33.0-255,66,100569,35,186026
1918,0.001471,172.217.194.0-255,5738,106307,35,186026
1919,0.001474,172.31.33.0-255,66,106373,35,186026
1920,0.001483,172.31.33.0-255,66,106439,35,186026
1921,0.001499,172.217.194.0-255,2184,108623,35,186026
1922,0.001502,172.31.33.0-255,66,108689,35,186026
1923,0.001637,172.217.194.0-255,1484,110173,35,186026
1924,0.001643,172.217.194.0-255,2902,113075,35,186026
1925,0.001646,172.31.33.0-255,66,113141,35,186026
1926,0.001675,172.217.194.0-255,5738,118879,35,186026
1927,0.001677,172.31.33.0-255,66,118945,35,186026
1928,0.001684,172.217.194.0-255,7156,126101,35,186026
1929,0.001686,172.31.33.0-255,66,126167,35,186026
1930,0.001718,172.217.194.0-255,5738,131905,35,186026
1931,0.001731,172.31.33.0-255,66,131971,35,186026
1932,0.001739,172.31.33.0-255,66,132037,35,186026
1933,0.001794,172.217.194.0-255,1484,133521,35,186026
1934,0.0018,172.217.194.0-255,2902,136423,35,186026
1935,0.001803,172.31.33.0-255,66,136489,35,186026
1936,0.001808,172.217.194.0-255,4320,140809,35,186026
1937,0.00181,172.31.33.0-255,66,140875,35,186026
1938,0.001826,172.217.194.0-255,1484,142359,35,186026
1939,0.001862,172.31.33.0-255,66,142425,35,186026
1940,0.001866,172.217.194.0-255,4320,146745,35,186026
1941,0.001868,172.31.33.0-255,66,146811,35,186026
1942,0.001893,172.217.194.0-255,6438,153249,35,186026
1943,0.001899,172.31.33.0-255,66,153315,35,186026
1944,0.001954,172.217.194.0-255,5738,159053,35,186026
1945,0.001957,172.31.33.0-255,66,159119,35,186026
1946,0.001984,172.217.194.0-255,5738,164857,35,186026
1947,0.001987,172.31.33.0-255,66,164923,35,186026
1948,0.002003,172.31.33.0-255,66,164989,35,186026
1949,0.002015,172.31.33.0-255,66,165055,35,186026
1950,0.002037,172.31.33.0-255,66,165121,35,186026
1951,0.002038,172.31.33.0-255,66,165187,35,186026
1952,0.002084,172.217.194.0-255,6438,171625,35,186026
1953,0.002089,172.31.33.0-255,66,171691,35,186026
1954,0.002103,172.31.33.0-255,66,171757,35,186026
1955,0.002114,172.31.33.0-255,66,171823,35,186026
1956,0.002118,172.217.194.0-255,4320,176143,35,186026
1957,0.00212,172.31.33.0-255,66,176209,35,186026
1958,0.002158,172.31.33.0-255,66,176275,35,186026
1959,0.00218,172.217.194.0-255,7156,183431,35,186026
1960,0.002182,172.31.33.0-255,66,183497,35,186026
1961,0.002226,172.31.33.0-255,66,183563,35,186026
1962,0.002238,172.31.33.0-255,66,183629,35,186026
1963,0.002256,172.217.194.0-255,105,183734,35,186026
1964,0.003875,172.31.33.0-255,66,183800,35,186026
1965,0.003905,172.31.33.0-255,105,183905,35,186026
1966,0.006182,172.217.194.0-255,66,183971,35,186026
1967,0.056959,172.31.33.0-255,172,184143,35,186026
1968,0.057028,172.31.33.0-255,1107,185250,35,186026
1969,0.05712,172.31.33.0-255,578,185828,35,186026
1970,0.058495,104.244.42.0-255,66,185894,35,186026
1971,0.058578,104.244.42.0-255,66,185960,35,186026
1972,0.058672,104.244.42.0-255,66,186026,35,186026
1973,0.0,172.217.194.0-255,223,223,35,186257
1974,2.6e-05,172.31.33.0-255,66,289,35,186257
1975,3.2e-05,172.217.194.0-255,1484,1773,35,186257
1976,3.6e-05,172.31.33.0-255,66,1839,35,186257
1977,4.2e-05,172.217.194.0-255,4320,6159,35,186257
1978,5.1e-05,172.31.33.0-255,66,6225,35,186257
1979,0.000115,172.217.194.0-255,5738,11963,35,186257
1980,0.000119,172.31.33.0-255,66,12029,35,186257
1981,0.000135,172.217.194.0-255,1824,13853,35,186257
1982,0.000137,172.31.33.0-255,66,13919,35,186257
1983,0.000267,172.217.194.0-255,4320,18239,35,186257
1984,0.000272,172.31.33.0-255,66,18305,35,186257
1985,0.000303,172.217.194.0-255,4320,22625,35,186257
1986,0.000306,172.31.33.0-255,66,22691,35,186257
1987,0.000454,172.217.194.0-255,5738,28429,35,186257
1988,0.00046,172.31.33.0-255,66,28495,35,186257
1989,0.000471,172.217.194.0-255,2543,31038,35,186257
1990,0.000478,172.31.33.0-255,66,31104,35,186257
1991,0.000623,172.31.33.0-255,66,31170,35,186257
1992,0.000664,172.31.33.0-255,66,31236,35,186257
1993,0.001014,172.31.33.0-255,66,31302,35,186257
1994,0.001043,172.217.194.0-255,5364,36666,35,186257
1995,0.001047,172.31.33.0-255,66,36732,35,186257
1996,0.001376,172.217.194.0-255,4320,41052,35,186257
1997,0.001382,172.31.33.0-255,66,41118,35,186257
1998,0.001443,172.31.33.0-255,66,41184,35,186257
1999,0.002007,172.217.194.0-255,4320,45504,35,186257
2000,0.002012,172.31.33.0-255,66,45570,35,186257
2001,0.002057,172.31.33.0-255,66,45636,35,186257
2002,0.002066,172.217.194.0-255,2184,47820,35,186257
2003,0.002073,172.31.33.0-255,66,47886,35,186257
2004,0.002703,172.217.194.0-255,7156,55042,35,186257
2005,0.002706,172.31.33.0-255,66,55108,35,186257
2006,0.002754,172.31.33.0-255,66,55174,35,186257
2007,0.003442,172.31.33.0-255,66,55240,35,186257
2008,0.003674,172.217.194.0-255,5738,60978,35,186257
2009,0.00368,172.31.33.0-255,66,61044,35,186257
2010,0.00372,172.31.33.0-255,66,61110,35,186257
2011,0.003741,172.31.33.0-255,66,61176,35,186257
2012,0.003786,172.31.33.0-255,66,61242,35,186257
2013,0.006301,172.217.194.0-255,5738,66980,35,186257
2014,0.006308,172.31.33.0-255,66,67046,35,186257
2015,0.00884,172.217.194.0-255,5738,72784,35,186257
2016,0.008851,172.31.33.0-255,66,72850,35,186257
2017,0.011382,172.217.194.0-255,5738,78588,35,186257
2018,0.011392,172.31.33.0-255,66,78654,35,186257
2019,0.013914,172.217.194.0-255,4320,82974,35,186257
2020,0.013924,172.31.33.0-255,66,83040,35,186257
2021,0.013954,172.217.194.0-255,1484,84524,35,186257
2022,0.016451,172.217.194.0-255,4320,88844,35,186257
2023,0.016473,172.31.33.0-255,66,88910,35,186257
2024,0.019002,172.217.194.0-255,5738,94648,35,186257
2025,0.019017,172.31.33.0-255,66,94714,35,186257
2026,0.021574,172.217.194.0-255,5738,100452,35,186257
2027,0.021596,172.31.33.0-255,66,100518,35,186257
2028,0.024149,172.217.194.0-255,5738,106256,35,186257
2029,0.024161,172.31.33.0-255,66,106322,35,186257
2030,0.026687,172.217.194.0-255,5738,112060,35,186257
2031,0.026707,172.31.33.0-255,66,112126,35,186257
2032,0.029283,172.217.194.0-255,5738,117864,35,186257
2033,0.029298,172.31.33.0-255,66,117930,35,186257
2034,0.031802,172.217.194.0-255,5738,123668,35,186257
2035,0.031813,172.31.33.0-255,66,123734,35,186257
2036,0.034339,172.217.194.0-255,5738,129472,35,186257
2037,0.034351,172.31.33.0-255,66,129538,35,186257
2038,0.036884,172.217.194.0-255,5738,135276,35,186257
2039,0.036907,172.31.33.0-255,66,135342,35,186257
2040,0.039435,172.217.194.0-255,5738,141080,35,186257
2041,0.039446,172.31.33.0-255,66,141146,35,186257
2042,0.042008,172.217.194.0-255,5738,146884,35,186257
2043,0.042027,172.31.33.0-255,66,146950,35,186257
2044,0.044573,172.217.194.0-255,4320,151270,35,186257
2045,0.044585,172.31.33.0-255,66,151336,35,186257
2046,0.044628,172.217.194.0-255,1484,152820,35,186257
2047,0.04712,172.217.194.0-255,4320,157140,35,186257
2048,0.047133,172.31.33.0-255,66,157206,35,186257
2049,0.049655,172.217.194.0-255,5738,162944,35,186257
2050,0.049673,172.31.33.0-255,66,163010,35,186257
2051,0.052193,172.217.194.0-255,5738,168748,35,186257
2052,0.052202,172.31.33.0-255,66,168814,35,186257
2053,0.05258,172.31.33.0-255,172,168986,35,186257
2054,0.052606,172.31.33.0-255,1079,170065,35,186257
2055,0.054148,104.244.42.0-255,66,170131,35,186257
2056,0.054158,104.244.42.0-255,66,170197,35,186257
2057,0.05473,172.217.194.0-255,4320,174517,35,186257
2058,0.054735,172.31.33.0-255,66,174583,35,186257
2059,0.054777,172.217.194.0-255,1484,176067,35,186257
2060,0.057255,172.217.194.0-255,4320,180387,35,186257
2061,0.057261,172.31.33.0-255,66,180453,35,186257
2062,0.059769,172.217.194.0-255,5738,186191,35,186257
2063,0.059779,172.31.33.0-255,66,186257,35,186257
2064,0.0,172.31.33.0-255,105,105,35,276
2065,0.001759,157.240.7.0-255,105,210,35,276
2066,0.00177,172.31.33.0-255,66,276,35,276
2067,0.0,74.125.200.0-255,217,217,35,343912
2068,1.4e-05,172.31.33.0-255,66,283,35,343912
2069,2.1e-05,74.125.200.0-255,1484,1767,35,343912
2070,2.6e-05,172.31.33.0-255,66,1833,35,343912
2071,2.9e-05,74.125.200.0-255,1484,3317,35,343912
2072,4.1e-05,172.31.33.0-255,66,3383,35,343912
2073,7.7e-05,74.125.200.0-255,2902,6285,35,343912
2074,8e-05,172.31.33.0-255,66,6351,35,343912
2075,9.6e-05,172.31.33.0-255,66,6417,35,343912
2076,0.000236,74.125.200.0-255,1484,7901,35,343912
2077,0.00024,172.31.33.0-255,66,7967,35,343912
2078,0.000245,74.125.200.0-255,1484,9451,35,343912
2079,0.000247,172.31.33.0-255,66,9517,35,343912
2080,0.00027,74.125.200.0-255,1484,11001,35,343912
2081,0.000273,172.31.33.0-255,66,11067,35,343912
2082,0.000282,74.125.200.0-255,4320,15387,35,343912
2083,0.000285,172.31.33.0-255,66,15453,35,343912
2084,0.000321,74.125.200.0-255,1484,16937,35,343912
2085,0.000324,172.31.33.0-255,66,17003,35,343912
2086,0.000351,74.125.200.0-255,6797,23800,35,343912
2087,0.000354,172.31.33.0-255,66,23866,35,343912
2088,0.000516,74.125.200.0-255,1484,25350,35,343912
2089,0.00052,172.31.33.0-255,66,25416,35,343912
2090,0.000548,74.125.200.0-255,2902,28318,35,343912
2091,0.000552,172.31.33.0-255,66,28384,35,343912
2092,0.000558,74.125.200.0-255,5738,34122,35,343912
2093,0.00056,172.31.33.0-255,66,34188,35,343912
2094,0.000585,74.125.200.0-255,4320,38508,35,343912
2095,0.000591,172.31.33.0-255,66,38574,35,343912
2096,0.000596,74.125.200.0-255,4320,42894,35,343912
2097,0.000598,172.31.33.0-255,66,42960,35,343912
2098,0.000614,74.125.200.0-255,1125,44085,35,343912
2099,0.00067,172.31.33.0-255,66,44151,35,343912
2100,0.000691,74.125.200.0-255,4296,48447,35,343912
2101,0.000694,172.31.33.0-255,66,48513,35,343912
2102,0.000796,74.125.200.0-255,343,48856,35,343912
2103,0.000928,74.125.200.0-255,1484,50340,35,343912
2104,0.000933,172.31.33.0-255,66,50406,35,343912
2105,0.000938,74.125.200.0-255,2902,53308,35,343912
2106,0.00094,172.31.33.0-255,66,53374,35,343912
2107,0.000963,74.125.200.0-255,5738,59112,35,343912
2108,0.000976,172.31.33.0-255,66,59178,35,343912
2109,0.00098,74.125.200.0-255,2902,62080,35,343912
2110,0.000983,172.31.33.0-255,66,62146,35,343912
2111,0.001008,74.125.200.0-255,3961,66107,35,343912
2112,0.001016,172.31.33.0-255,66,66173,35,343912
2113,0.001023,74.125.200.0-255,7156,73329,35,343912
2114,0.001024,172.31.33.0-255,66,73395,35,343912
2115,0.00103,74.125.200.0-255,5738,79133,35,343912
2116,0.001033,172.31.33.0-255,66,79199,35,343912
2117,0.001058,74.125.200.0-255,3961,83160,35,343912
2118,0.001064,172.31.33.0-255,66,83226,35,343912
2119,0.001461,74.125.200.0-255,1484,84710,35,343912
2120,0.001469,74.125.200.0-255,2902,87612,35,343912
2121,0.001474,172.31.33.0-255,66,87678,35,343912
2122,0.001506,74.125.200.0-255,4320,91998,35,343912
2123,0.001509,172.31.33.0-255,66,92064,35,343912
2124,0.001514,74.125.200.0-255,4320,96384,35,343912
2125,0.001516,172.31.33.0-255,66,96450,35,343912
2126,0.001542,74.125.200.0-255,4320,100770,35,343912
2127,0.001545,172.31.33.0-255,66,100836,35,343912
2128,0.001549,74.125.200.0-255,2902,103738,35,343912
2129,0.001551,172.31.33.0-255,66,103804,35,343912
2130,0.001556,74.125.200.0-255,4320,108124,35,343912
2131,0.001558,172.31.33.0-255,66,108190,35,343912
2132,0.001563,74.125.200.0-255,5738,113928,35,343912
2133,0.001566,172.31.33.0-255,66,113994,35,343912
2134,0.001587,74.125.200.0-255,2902,116896,35,343912
2135,0.001589,172.31.33.0-255,66,116962,35,343912
2136,0.001595,74.125.200.0-255,766,117728,35,343912
2137,0.001812,74.125.200.0-255,1484,119212,35,343912
2138,0.001818,172.31.33.0-255,66,119278,35,343912
2139,0.001824,74.125.200.0-255,2902,122180,35,343912
2140,0.001827,172.31.33.0-255,66,122246,35,343912
2141,0.001841,74.125.200.0-255,5738,127984,35,343912
2142,0.001844,172.31.33.0-255,66,128050,35,343912
2143,0.001851,74.125.200.0-255,7156,135206,35,343912
2144,0.001853,172.31.33.0-255,66,135272,35,343912
2145,0.001897,74.125.200.0-255,4320,139592,35,343912
2146,0.0019,172.31.33.0-255,66,139658,35,343912
2147,0.001928,74.125.200.0-255,5738,145396,35,343912
2148,0.001932,172.31.33.0-255,66,145462,35,343912
2149,0.001938,74.125.200.0-255,4320,149782,35,343912
2150,0.00194,172.31.33.0-255,66,149848,35,343912
2151,0.00196,74.125.200.0-255,2184,152032,35,343912
2152,0.001967,172.31.33.0-255,66,152098,35,343912
2153,0.002158,74.125.200.0-255,1484,153582,35,343912
2154,0.002165,74.125.200.0-255,2902,156484,35,343912
2155,0.002169,172.31.33.0-255,66,156550,35,343912
2156,0.002176,74.125.200.0-255,4320,160870,35,343912
2157,0.002178,172.31.33.0-255,66,160936,35,343912
2158,0.002181,74.125.200.0-255,1484,162420,35,343912
2159,0.002195,74.125.200.0-255,7156,169576,35,343912
2160,0.002199,172.31.33.0-255,66,169642,35,343912
2161,0.002202,74.125.200.0-255,1484,171126,35,343912
2162,0.002205,74.125.200.0-255,1484,172610,35,343912
2163,0.002207,172.31.33.0-255,66,172676,35,343912
2164,0.002239,74.125.200.0-255,1484,174160,35,343912
2165,0.002257,74.125.200.0-255,4320,178480,35,343912
2166,0.00226,172.31.33.0-255,66,178546,35,343912
2167,0.002263,74.125.200.0-255,1484,180030,35,343912
2168,0.002266,74.125.200.0-255,1484,181514,35,343912
2169,0.002269,172.31.33.0-255,66,181580,35,343912
2170,0.002287,74.125.200.0-255,2902,184482,35,343912
2171,0.002294,172.31.33.0-255,66,184548,35,343912
2172,0.002318,74.125.200.0-255,1484,186032,35,343912
2173,0.002321,74.125.200.0-255,766,186798,35,343912
2174,0.002323,172.31.33.0-255,66,186864,35,343912
2175,0.002455,74.125.200.0-255,1484,188348,35,343912
2176,0.002462,74.125.200.0-255,2902,191250,35,343912
2177,0.002466,172.31.33.0-255,66,191316,35,343912
2178,0.002469,74.125.200.0-255,1484,192800,35,343912
2179,0.002496,74.125.200.0-255,4320,197120,35,343912
2180,0.002499,172.31.33.0-255,66,197186,35,343912
2181,0.002502,74.125.200.0-255,1484,198670,35,343912
2182,0.002506,74.125.200.0-255,2902,201572,35,343912
2183,0.002509,172.31.33.0-255,66,201638,35,343912
2184,0.002515,74.125.200.0-255,1484,203122,35,343912
2185,0.002543,74.125.200.0-255,7156,210278,35,343912
2186,0.002546,172.31.33.0-255,66,210344,35,343912
2187,0.002552,74.125.200.0-255,5738,216082,35,343912
2188,0.002555,172.31.33.0-255,66,216148,35,343912
2189,0.002558,74.125.200.0-255,1484,217632,35,343912
2190,0.002587,74.125.200.0-255,3602,221234,35,343912
2191,0.00259,172.31.33.0-255,66,221300,35,343912
2192,0.002666,74.125.200.0-255,1484,222784,35,343912
2193,0.002671,74.125.200.0-255,1484,224268,35,343912
2194,0.002674,172.31.33.0-255,66,224334,35,343912
2195,0.0027,74.125.200.0-255,1484,225818,35,343912
2196,0.002703,74.125.200.0-255,1484,227302,35,343912
2197,0.002706,172.31.33.0-255,66,227368,35,343912
2198,0.002712,74.125.200.0-255,2902,230270,35,343912
2199,0.002715,172.31.33.0-255,66,230336,35,343912
2200,0.00274,74.125.200.0-255,5738,236074,35,343912
2201,0.002743,172.31.33.0-255,66,236140,35,343912
2202,0.002787,172.31.33.0-255,66,236206,35,343912
2203,0.002819,74.125.200.0-255,2902,239108,35,343912
2204,0.002822,172.31.33.0-255,66,239174,35,343912
2205,0.002825,74.125.200.0-255,1484,240658,35,343912
2206,0.002832,74.125.200.0-255,6438,247096,35,343912
2207,0.002834,172.31.33.0-255,66,247162,35,343912
2208,0.002837,74.125.200.0-255,1484,248646,35,343912
2209,0.00284,74.125.200.0-255,1484,250130,35,343912
2210,0.002842,172.31.33.0-255,66,250196,35,343912
2211,0.002851,74.125.200.0-255,1484,251680,35,343912
2212,0.002865,172.31.33.0-255,66,251746,35,343912
2213,0.002868,74.125.200.0-255,1484,253230,35,343912
2214,0.002871,74.125.200.0-255,1484,254714,35,343912
2215,0.002873,172.31.33.0-255,66,254780,35,343912
2216,0.002876,74.125.200.0-255,1484,256264,35,343912
2217,0.002882,74.125.200.0-255,5738,262002,35,343912
2218,0.002885,172.31.33.0-255,66,262068,35,343912
2219,0.002929,172.31.33.0-255,66,262134,35,343912
2220,0.00294,172.31.33.0-255,66,262200,35,343912
2221,0.002947,74.125.200.0-255,1484,263684,35,343912
2222,0.00295,74.125.200.0-255,1484,265168,35,343912
2223,0.002951,172.31.33.0-255,66,265234,35,343912
2224,0.002956,74.125.200.0-255,2902,268136,35,343912
2225,0.002958,172.31.33.0-255,66,268202,35,343912
2226,0.002989,74.125.200.0-255,5738,273940,35,343912
2227,0.003037,172.31.33.0-255,66,274006,35,343912
2228,0.003043,74.125.200.0-255,4320,278326,35,343912
2229,0.003046,172.31.33.0-255,66,278392,35,343912
2230,0.003051,74.125.200.0-255,5738,284130,35,343912
2231,0.003054,172.31.33.0-255,66,284196,35,343912
2232,0.003058,74.125.200.0-255,3602,287798,35,343912
2233,0.003061,172.31.33.0-255,66,287864,35,343912
2234,0.003077,74.125.200.0-255,1484,289348,35,343912
2235,0.003098,74.125.200.0-255,2902,292250,35,343912
2236,0.003101,172.31.33.0-255,66,292316,35,343912
2237,0.003104,74.125.200.0-255,1484,293800,35,343912
2238,0.003134,74.125.200.0-255,2902,296702,35,343912
2239,0.003138,172.31.33.0-255,66,296768,35,343912
2240,0.003145,74.125.200.0-255,5738,302506,35,343912
2241,0.003147,172.31.33.0-255,66,302572,35,343912
2242,0.003155,74.125.200.0-255,1484,304056,35,343912
2243,0.00316,74.125.200.0-255,2902,306958,35,343912
2244,0.003162,172.31.33.0-255,66,307024,35,343912
2245,0.003191,74.125.200.0-255,2902,309926,35,343912
2246,0.003199,172.31.33.0-255,66,309992,35,343912
2247,0.003241,74.125.200.0-255,2902,312894,35,343912
2248,0.003246,172.31.33.0-255,66,312960,35,343912
2249,0.003252,74.125.200.0-255,4320,317280,35,343912
2250,0.003255,172.31.33.0-255,66,317346,35,343912
2251,0.003257,74.125.200.0-255,1484,318830,35,343912
2252,0.003283,74.125.200.0-255,3602,322432,35,343912
2253,0.003288,172.31.33.0-255,66,322498,35,343912
2254,0.003342,172.31.33.0-255,66,322564,35,343912
2255,0.003355,74.125.200.0-255,5738,328302,35,343912
2256,0.003359,172.31.33.0-255,66,328368,35,343912
2257,0.003396,74.125.200.0-255,5738,334106,35,343912
2258,0.003399,172.31.33.0-255,66,334172,35,343912
2259,0.003433,74.125.200.0-255,4952,339124,35,343912
2260,0.003437,172.31.33.0-255,66,339190,35,343912
2261,0.003441,74.125.200.0-255,105,339295,35,343912
2262,0.011059,172.31.33.0-255,66,339361,35,343912
2263,0.011105,172.31.33.0-255,105,339466,35,343912
2264,0.013327,74.125.200.0-255,66,339532,35,343912
2265,0.049848,172.31.33.0-255,172,339704,35,343912
2266,0.049884,172.31.33.0-255,1108,340812,35,343912
2267,0.04996,172.31.33.0-255,1514,342326,35,343912
2268,0.049961,172.31.33.0-255,1388,343714,35,343912
2269,0.051409,104.244.42.0-255,66,343780,35,343912
2270,0.05145,104.244.42.0-255,66,343846,35,343912
2271,0.051509,104.244.42.0-255,66,343912,35,343912
2272,0.0,172.31.33.0-255,105,105,35,276
2273,0.001785,157.240.7.0-255,105,210,35,276
2274,0.001796,172.31.33.0-255,66,276,35,276
2275,0.0,172.31.33.0-255,105,105,35,276
2276,0.002078,157.240.7.0-255,105,210,35,276
2277,0.00209,172.31.33.0-255,66,276,35,276
2278,0.0,172.31.33.0-255,105,105,35,276
2279,0.002065,157.240.7.0-255,105,210,35,276
2280,0.002078,172.31.33.0-255,66,276,35,276
2281,0.0,172.217.27.0-255,153,153,35,196740
2282,2.3e-05,172.31.33.0-255,66,219,35,196740
2283,2.9e-05,172.217.27.0-255,1484,1703,35,196740
2284,3.2e-05,172.31.33.0-255,66,1769,35,196740
2285,3.6e-05,172.217.27.0-255,2902,4671,35,196740
2286,3.8e-05,172.31.33.0-255,66,4737,35,196740
2287,4.2e-05,172.217.27.0-255,4320,9057,35,196740
2288,4.5e-05,172.31.33.0-255,66,9123,35,196740
2289,6.9e-05,172.217.27.0-255,2902,12025,35,196740
2290,7.1e-05,172.31.33.0-255,66,12091,35,196740
2291,7.9e-05,172.31.33.0-255,66,12157,35,196740
2292,0.000108,172.31.33.0-255,66,12223,35,196740
2293,0.000192,172.217.27.0-255,1484,13707,35,196740
2294,0.000195,172.31.33.0-255,66,13773,35,196740
2295,0.000201,172.217.27.0-255,2902,16675,35,196740
2296,0.000203,172.31.33.0-255,66,16741,35,196740
2297,0.000207,172.217.27.0-255,2902,19643,35,196740
2298,0.000209,172.31.33.0-255,66,19709,35,196740
2299,0.000229,172.217.27.0-255,2902,22611,35,196740
2300,0.000232,172.31.33.0-255,66,22677,35,196740
2301,0.000263,172.31.33.0-255,66,22743,35,196740
2302,0.000274,172.31.33.0-255,66,22809,35,196740
2303,0.000636,172.217.27.0-255,135,22944,35,196740
2304,0.00064,172.31.33.0-255,66,23010,35,196740
2305,0.000733,172.217.27.0-255,1484,24494,35,196740
2306,0.000736,172.31.33.0-255,66,24560,35,196740
2307,0.000745,172.217.27.0-255,2902,27462,35,196740
2308,0.000747,172.31.33.0-255,66,27528,35,196740
2309,0.00075,172.217.27.0-255,1484,29012,35,196740
2310,0.000776,172.217.27.0-255,4320,33332,35,196740
2311,0.000778,172.31.33.0-255,66,33398,35,196740
2312,0.000784,172.217.27.0-255,6502,39900,35,196740
2313,0.000786,172.31.33.0-255,66,39966,35,196740
2314,0.000898,172.217.27.0-255,1484,41450,35,196740
2315,0.000904,172.217.27.0-255,2902,44352,35,196740
2316,0.000907,172.31.33.0-255,66,44418,35,196740
2317,0.000912,172.217.27.0-255,2902,47320,35,196740
2318,0.000914,172.31.33.0-255,66,47386,35,196740
2319,0.000918,172.217.27.0-255,2902,50288,35,196740
2320,0.000919,172.31.33.0-255,66,50354,35,196740
2321,0.000946,172.217.27.0-255,1484,51838,35,196740
2322,0.000957,172.31.33.0-255,66,51904,35,196740
2323,0.000989,172.31.33.0-255,66,51970,35,196740
2324,0.001284,172.217.27.0-255,1484,53454,35,196740
2325,0.001291,172.217.27.0-255,2902,56356,35,196740
2326,0.001294,172.31.33.0-255,66,56422,35,196740
2327,0.001299,172.217.27.0-255,1484,57906,35,196740
2328,0.001318,172.217.27.0-255,4320,62226,35,196740
2329,0.00132,172.31.33.0-255,66,62292,35,196740
2330,0.001326,172.217.27.0-255,7156,69448,35,196740
2331,0.001328,172.31.33.0-255,66,69514,35,196740
2332,0.001342,172.217.27.0-255,4320,73834,35,196740
2333,0.001344,172.31.33.0-255,66,73900,35,196740
2334,0.001362,172.31.33.0-255,66,73966,35,196740
2335,0.001878,172.217.27.0-255,1484,75450,35,196740
2336,0.001885,172.217.27.0-255,1484,76934,35,196740
2337,0.001889,172.31.33.0-255,66,77000,35,196740
2338,0.001905,172.217.27.0-255,1484,78484,35,196740
2339,0.001911,172.217.27.0-255,4320,82804,35,196740
2340,0.001913,172.31.33.0-255,66,82870,35,196740
2341,0.001928,172.217.27.0-255,1484,84354,35,196740
2342,0.00193,172.217.27.0-255,1484,85838,35,196740
2343,0.001932,172.31.33.0-255,66,85904,35,196740
2344,0.001966,172.31.33.0-255,66,85970,35,196740
2345,0.002003,172.31.33.0-255,66,86036,35,196740
2346,0.002097,172.217.27.0-255,1484,87520,35,196740
2347,0.002102,172.217.27.0-255,1484,89004,35,196740
2348,0.002104,172.31.33.0-255,66,89070,35,196740
2349,0.002122,172.217.27.0-255,1484,90554,35,196740
2350,0.002129,172.217.27.0-255,5738,96292,35,196740
2351,0.002131,172.31.33.0-255,66,96358,35,196740
2352,0.002136,172.217.27.0-255,4320,100678,35,196740
2353,0.002138,172.31.33.0-255,66,100744,35,196740
2354,0.002149,172.217.27.0-255,1484,102228,35,196740
2355,0.002153,172.217.27.0-255,2902,105130,35,196740
2356,0.002155,172.31.33.0-255,66,105196,35,196740
2357,0.002175,172.217.27.0-255,4320,109516,35,196740
2358,0.002178,172.31.33.0-255,66,109582,35,196740
2359,0.002192,172.217.27.0-255,4320,113902,35,196740
2360,0.002194,172.31.33.0-255,66,113968,35,196740
2361,0.002213,172.217.27.0-255,6438,120406,35,196740
2362,0.002216,172.31.33.0-255,66,120472,35,196740
2363,0.002351,172.217.27.0-255,1484,121956,35,196740
2364,0.002355,172.217.27.0-255,1484,123440,35,196740
2365,0.002358,172.31.33.0-255,66,123506,35,196740
2366,0.002376,172.217.27.0-255,1484,124990,35,196740
2367,0.002383,172.217.27.0-255,5738,130728,35,196740
2368,0.002385,172.31.33.0-255,66,130794,35,196740
2369,0.002391,172.217.27.0-255,5738,136532,35,196740
2370,0.002392,172.31.33.0-255,66,136598,35,196740
2371,0.002407,172.217.27.0-255,2902,139500,35,196740
2372,0.002409,172.31.33.0-255,66,139566,35,196740
2373,0.002412,172.217.27.0-255,1484,141050,35,196740
2374,0.002442,172.217.27.0-255,4320,145370,35,196740
2375,0.002444,172.31.33.0-255,66,145436,35,196740
2376,0.002474,172.31.33.0-255,66,145502,35,196740
2377,0.002477,172.217.27.0-255,766,146268,35,196740
2378,0.002586,172.217.27.0-255,1484,147752,35,196740
2379,0.002591,172.31.33.0-255,66,147818,35,196740
2380,0.002595,172.217.27.0-255,2902,150720,35,196740
2381,0.002597,172.31.33.0-255,66,150786,35,196740
2382,0.0026,172.217.27.0-255,1484,152270,35,196740
2383,0.002634,172.31.33.0-255,66,152336,35,196740
2384,0.002644,172.217.27.0-255,1484,153820,35,196740
2385,0.002679,172.31.33.0-255,66,153886,35,196740
2386,0.002684,172.217.27.0-255,3602,157488,35,196740
2387,0.002687,172.31.33.0-255,66,157554,35,196740
2388,0.0027,172.217.27.0-255,2902,160456,35,196740
2389,0.002703,172.31.33.0-255,66,160522,35,196740
2390,0.002749,172.217.27.0-255,7156,167678,35,196740
2391,0.002753,172.31.33.0-255,66,167744,35,196740
2392,0.002782,172.31.33.0-255,66,167810,35,196740
2393,0.002788,172.217.27.0-255,6438,174248,35,196740
2394,0.00279,172.31.33.0-255,66,174314,35,196740
2395,0.0028,172.31.33.0-255,66,174380,35,196740
2396,0.002817,172.217.27.0-255,5738,180118,35,196740
2397,0.002819,172.31.33.0-255,66,180184,35,196740
2398,0.002849,172.31.33.0-255,66,180250,35,196740
2399,0.002863,172.31.33.0-255,66,180316,35,196740
2400,0.002884,172.217.27.0-255,6438,186754,35,196740
2401,0.002886,172.31.33.0-255,66,186820,35,196740
2402,0.002898,172.31.33.0-255,66,186886,35,196740
2403,0.002917,172.217.27.0-255,5020,191906,35,196740
2404,0.002919,172.31.33.0-255,66,191972,35,196740
2405,0.002922,172.217.27.0-255,1484,193456,35,196740
2406,0.002943,172.31.33.0-255,66,193522,35,196740
2407,0.002946,172.217.27.0-255,105,193627,35,196740
2408,0.004965,172.31.33.0-255,66,193693,35,196740
2409,0.00503,172.31.33.0-255,105,193798,35,196740
2410,0.006638,172.217.27.0-255,66,193864,35,196740
2411,0.046844,172.31.33.0-255,172,194036,35,196740
2412,0.046994,172.31.33.0-255,1107,195143,35,196740
2413,0.047063,172.31.33.0-255,1399,196542,35,196740
2414,0.04842,104.244.42.0-255,66,196608,35,196740
2415,0.048573,104.244.42.0-255,66,196674,35,196740
2416,0.048627,104.244.42.0-255,66,196740,35,196740
2417,0.0,74.125.130.0-255,153,153,35,258364
2418,1.9e-05,172.31.33.0-255,66,219,35,258364
2419,2.5e-05,74.125.130.0-255,1484,1703,35,258364
2420,2.9e-05,172.31.33.0-255,66,1769,35,258364
2421,7.1e-05,74.125.130.0-255,2902,4671,35,258364
2422,7.4e-05,172.31.33.0-255,66,4737,35,258364
2423,8.2e-05,74.125.130.0-255,7156,11893,35,258364
2424,8.4e-05,172.31.33.0-255,66,11959,35,258364
2425,0.000126,172.31.33.0-255,66,12025,35,258364
2426,0.000162,172.31.33.0-255,66,12091,35,258364
2427,0.00021,74.125.130.0-255,1484,13575,35,258364
2428,0.000213,172.31.33.0-255,66,13641,35,258364
2429,0.000217,74.125.130.0-255,1484,15125,35,258364
2430,0.000218,172.31.33.0-255,66,15191,35,258364
2431,0.000238,74.125.130.0-255,1484,16675,35,258364
2432,0.00024,172.31.33.0-255,66,16741,35,258364
2433,0.000251,74.125.130.0-255,5738,22479,35,258364
2434,0.000253,172.31.33.0-255,66,22545,35,258364
2435,0.000278,74.125.130.0-255,6797,29342,35,258364
2436,0.000286,172.31.33.0-255,66,29408,35,258364
2437,0.000322,172.31.33.0-255,66,29474,35,258364
2438,0.000326,74.125.130.0-255,2543,32017,35,258364
2439,0.000329,172.31.33.0-255,66,32083,35,258364
2440,0.000332,74.125.130.0-255,340,32423,35,258364
2441,0.000338,172.31.33.0-255,66,32489,35,258364
2442,0.000365,74.125.130.0-255,113,32602,35,258364
2443,0.000371,172.31.33.0-255,66,32668,35,258364
2444,0.000613,74.125.130.0-255,386,33054,35,258364
2445,0.000617,172.31.33.0-255,66,33120,35,258364
2446,0.00085,74.125.130.0-255,1484,34604,35,258364
2447,0.00086,74.125.130.0-255,2902,37506,35,258364
2448,0.000863,172.31.33.0-255,66,37572,35,258364
2449,0.00087,74.125.130.0-255,5738,43310,35,258364
2450,0.000893,74.125.130.0-255,7156,50466,35,258364
2451,0.000909,74.125.130.0-255,5738,56204,35,258364
2452,0.000916,74.125.130.0-255,7156,63360,35,258364
2453,0.000934,172.31.33.0-255,66,63426,35,258364
2454,0.00096,74.125.130.0-255,3602,67028,35,258364
2455,0.000989,172.31.33.0-255,66,67094,35,258364
2456,0.00167,74.125.130.0-255,1484,68578,35,258364
2457,0.001679,74.125.130.0-255,2902,71480,35,258364
2458,0.001682,172.31.33.0-255,66,71546,35,258364
2459,0.001686,74.125.130.0-255,1484,73030,35,258364
2460,0.001713,74.125.130.0-255,4320,77350,35,258364
2461,0.001731,172.31.33.0-255,66,77416,35,258364
2462,0.001738,74.125.130.0-255,1484,78900,35,258364
2463,0.001755,172.31.33.0-255,66,78966,35,258364
2464,0.001765,74.125.130.0-255,2184,81150,35,258364
2465,0.001787,172.31.33.0-255,66,81216,35,258364
2466,0.002095,74.125.130.0-255,1484,82700,35,258364
2467,0.0021,74.125.130.0-255,1484,84184,35,258364
2468,0.002103,172.31.33.0-255,66,84250,35,258364
2469,0.002119,74.125.130.0-255,1484,85734,35,258364
2470,0.002131,74.125.130.0-255,4320,90054,35,258364
2471,0.00214,172.31.33.0-255,66,90120,35,258364
2472,0.002157,74.125.130.0-255,1484,91604,35,258364
2473,0.002163,74.125.130.0-255,7156,98760,35,258364
2474,0.002175,74.125.130.0-255,2184,100944,35,258364
2475,0.002193,172.31.33.0-255,66,101010,35,258364
2476,0.002221,74.125.130.0-255,1484,102494,35,258364
2477,0.002224,74.125.130.0-255,1484,103978,35,258364
2478,0.002227,172.31.33.0-255,66,104044,35,258364
2479,0.002235,74.125.130.0-255,1484,105528,35,258364
2480,0.002237,74.125.130.0-255,1484,107012,35,258364
2481,0.002252,74.125.130.0-255,4320,111332,35,258364
2482,0.002311,172.31.33.0-255,66,111398,35,258364
2483,0.002472,74.125.130.0-255,1484,112882,35,258364
2484,0.002477,74.125.130.0-255,2902,115784,35,258364
2485,0.002481,172.31.33.0-255,66,115850,35,258364
2486,0.002489,74.125.130.0-255,4320,120170,35,258364
2487,0.002504,74.125.130.0-255,1484,121654,35,258364
2488,0.002515,74.125.130.0-255,4320,125974,35,258364
2489,0.002521,172.31.33.0-255,66,126040,35,258364
2490,0.002542,74.125.130.0-255,5738,131778,35,258364
2491,0.002555,74.125.130.0-255,1484,133262,35,258364
2492,0.002562,172.31.33.0-255,66,133328,35,258364
2493,0.002572,74.125.130.0-255,2902,136230,35,258364
2494,0.002584,74.125.130.0-255,766,136996,35,258364
2495,0.002592,172.31.33.0-255,66,137062,35,258364
2496,0.005117,74.125.130.0-255,1484,138546,35,258364
2497,0.005157,74.125.130.0-255,2902,141448,35,258364
2498,0.005161,172.31.33.0-255,66,141514,35,258364
2499,0.005187,74.125.130.0-255,1484,142998,35,258364
2500,0.00792,74.125.130.0-255,4320,147318,35,258364
2501,0.008375,172.31.33.0-255,66,147384,35,258364
2502,0.010974,74.125.130.0-255,5738,153122,35,258364
2503,0.01103,172.31.33.0-255,66,153188,35,258364
2504,0.013633,74.125.130.0-255,5738,158926,35,258364
2505,0.013642,172.31.33.0-255,66,158992,35,258364
2506,0.016235,74.125.130.0-255,5738,164730,35,258364
2507,0.016258,172.31.33.0-255,66,164796,35,258364
2508,0.018862,74.125.130.0-255,5738,170534,35,258364
2509,0.018882,172.31.33.0-255,66,170600,35,258364
2510,0.021465,74.125.130.0-255,5738,176338,35,258364
2511,0.021479,172.31.33.0-255,66,176404,35,258364
2512,0.024109,74.125.130.0-255,5738,182142,35,258364
2513,0.024128,172.31.33.0-255,66,182208,35,258364
2514,0.026735,74.125.130.0-255,5738,187946,35,258364
2515,0.026756,172.31.33.0-255,66,188012,35,258364
2516,0.029356,74.125.130.0-255,5738,193750,35,258364
2517,0.029366,172.31.33.0-255,66,193816,35,258364
2518,0.031939,74.125.130.0-255,5738,199554,35,258364
2519,0.031945,172.31.33.0-255,66,199620,35,258364
2520,0.034542,74.125.130.0-255,5738,205358,35,258364
2521,0.03455,172.31.33.0-255,66,205424,35,258364
2522,0.037154,74.125.130.0-255,5738,211162,35,258364
2523,0.037176,172.31.33.0-255,66,211228,35,258364
2524,0.039765,74.125.130.0-255,5738,216966,35,258364
2525,0.039772,172.31.33.0-255,66,217032,35,258364
2526,0.042363,74.125.130.0-255,5738,222770,35,258364
2527,0.042374,172.31.33.0-255,66,222836,35,258364
2528,0.044971,74.125.130.0-255,5738,228574,35,258364
2529,0.044991,172.31.33.0-255,66,228640,35,258364
2530,0.047576,74.125.130.0-255,5738,234378,35,258364
2531,0.047589,172.31.33.0-255,66,234444,35,258364
2532,0.050191,74.125.130.0-255,5738,240182,35,258364
2533,0.05024,172.31.33.0-255,66,240248,35,258364
2534,0.052409,172.31.33.0-255,172,240420,35,258364
2535,0.052436,172.31.33.0-255,1108,241528,35,258364
2536,0.052482,172.31.33.0-255,578,242106,35,258364
2537,0.052814,74.125.130.0-255,5738,247844,35,258364
2538,0.052819,172.31.33.0-255,66,247910,35,258364
2539,0.053908,104.244.42.0-255,66,247976,35,258364
2540,0.054021,104.244.42.0-255,66,248042,35,258364
2541,0.054025,104.244.42.0-255,66,248108,35,258364
2542,0.055388,74.125.130.0-255,4320,252428,35,258364
2543,0.055394,172.31.33.0-255,66,252494,35,258364
2544,0.055424,74.125.130.0-255,1484,253978,35,258364
2545,0.05797,74.125.130.0-255,4320,258298,35,258364
2546,0.057976,172.31.33.0-255,66,258364,35,258364
2547,0.0,172.31.33.0-255,105,105,35,276
2548,0.002071,157.240.7.0-255,105,210,35,276
2549,0.002084,172.31.33.0-255,66,276,35,276
2550,0.0,74.125.24.0-255,153,153,35,104252
2551,2.2e-05,172.31.33.0-255,66,219,35,104252
2552,2.9e-05,74.125.24.0-255,1484,1703,35,104252
2553,3.3e-05,172.31.33.0-255,66,1769,35,104252
2554,4e-05,74.125.24.0-255,2902,4671,35,104252
2555,4.3e-05,172.31.33.0-255,66,4737,35,104252
2556,5.2e-05,74.125.24.0-255,7156,11893,35,104252
2557,5.5e-05,172.31.33.0-255,66,11959,35,104252
2558,0.000118,74.125.24.0-255,4320,16279,35,104252
2559,0.000121,172.31.33.0-255,66,16345,35,104252
2560,0.000142,74.125.24.0-255,6365,22710,35,104252
2561,0.000145,172.31.33.0-255,66,22776,35,104252
2562,0.000236,172.31.33.0-255,66,22842,35,104252
2563,0.000325,74.125.24.0-255,4320,27162,35,104252
2564,0.00033,172.31.33.0-255,66,27228,35,104252
2565,0.00035,74.125.24.0-255,4320,31548,35,104252
2566,0.000353,172.31.33.0-255,66,31614,35,104252
2567,0.000401,74.125.24.0-255,4320,35934,35,104252
2568,0.000405,172.31.33.0-255,66,36000,35,104252
2569,0.000442,172.31.33.0-255,66,36066,35,104252
2570,0.000594,74.125.24.0-255,7071,43137,35,104252
2571,0.000599,172.31.33.0-255,66,43203,35,104252
2572,0.000622,74.125.24.0-255,127,43330,35,104252
2573,0.000624,172.31.33.0-255,66,43396,35,104252
2574,0.000664,172.31.33.0-255,66,43462,35,104252
2575,0.000756,172.31.33.0-255,66,43528,35,104252
2576,0.000774,172.31.33.0-255,66,43594,35,104252
2577,0.000946,74.125.24.0-255,5665,49259,35,104252
2578,0.00095,172.31.33.0-255,66,49325,35,104252
2579,0.001,74.125.24.0-255,5738,55063,35,104252
2580,0.001003,172.31.33.0-255,66,55129,35,104252
2581,0.001064,74.125.24.0-255,7156,62285,35,104252
2582,0.001068,172.31.33.0-255,66,62351,35,104252
2583,0.00109,74.125.24.0-255,5738,68089,35,104252
2584,0.001094,172.31.33.0-255,66,68155,35,104252
2585,0.001197,74.125.24.0-255,7156,75311,35,104252
2586,0.001201,172.31.33.0-255,66,75377,35,104252
2587,0.001222,172.31.33.0-255,66,75443,35,104252
2588,0.001341,74.125.24.0-255,4320,79763,35,104252
2589,0.001345,172.31.33.0-255,66,79829,35,104252
2590,0.001362,74.125.24.0-255,1484,81313,35,104252
2591,0.001419,74.125.24.0-255,7156,88469,35,104252
2592,0.001423,172.31.33.0-255,66,88535,35,104252
2593,0.001449,172.31.33.0-255,66,88601,35,104252
2594,0.00164,74.125.24.0-255,7156,95757,35,104252
2595,0.001645,172.31.33.0-255,66,95823,35,104252
2596,0.001704,172.31.33.0-255,66,95889,35,104252
2597,0.002039,172.31.33.0-255,66,95955,35,104252
2598,0.002116,172.31.33.0-255,66,96021,35,104252
2599,0.002704,74.125.24.0-255,7156,103177,35,104252
2600,0.00271,172.31.33.0-255,66,103243,35,104252
2601,0.002758,172.31.33.0-255,66,103309,35,104252
2602,0.002797,172.31.33.0-255,66,103375,35,104252
2603,0.003381,172.31.33.0-255,66,103441,35,104252
2604,0.011325,172.31.33.0-255,66,103507,35,104252
2605,0.012863,74.125.24.0-255,329,103836,35,104252
2606,0.012875,172.31.33.0-255,78,103914,35,104252
2607,0.012982,172.31.33.0-255,101,104015,35,104252
2608,0.013936,172.31.33.0-255,105,104120,35,104252
2609,0.015301,74.125.24.0-255,66,104186,35,104252
2610,0.016256,74.125.24.0-255,66,104252,35,104252
2611,0.0,172.217.194.0-255,153,153,35,273203
2612,3.1e-05,172.31.33.0-255,66,219,35,273203
2613,3.8e-05,172.217.194.0-255,1484,1703,35,273203
2614,4.2e-05,172.31.33.0-255,66,1769,35,273203
2615,4.7e-05,172.217.194.0-255,2902,4671,35,273203
2616,5e-05,172.31.33.0-255,66,4737,35,273203
2617,5.8e-05,172.217.194.0-255,7156,11893,35,273203
2618,6e-05,172.31.33.0-255,66,11959,35,273203
2619,6.3e-05,172.217.194.0-255,1484,13443,35,273203
2620,6.6e-05,172.31.33.0-255,66,13509,35,273203
2621,0.000101,172.31.33.0-255,66,13575,35,273203
2622,0.000104,172.217.194.0-255,1484,15059,35,273203
2623,0.000105,172.31.33.0-255,66,15125,35,273203
2624,0.000125,172.217.194.0-255,1125,16250,35,273203
2625,0.000127,172.31.33.0-255,66,16316,35,273203
2626,0.000188,172.217.194.0-255,1484,17800,35,273203
2627,0.000191,172.31.33.0-255,66,17866,35,273203
2628,0.000198,172.217.194.0-255,2902,20768,35,273203
2629,0.0002,172.31.33.0-255,66,20834,35,273203
2630,0.000227,172.217.194.0-255,2902,23736,35,273203
2631,0.00023,172.31.33.0-255,66,23802,35,273203
2632,0.000252,172.217.194.0-255,2902,26704,35,273203
2633,0.000254,172.31.33.0-255,66,26770,35,273203
2634,0.00026,172.217.194.0-255,6797,33567,35,273203
2635,0.000262,172.31.33.0-255,66,33633,35,273203
2636,0.000269,172.217.194.0-255,7156,40789,35,273203
2637,0.000271,172.31.33.0-255,66,40855,35,273203
2638,0.000275,172.217.194.0-255,2902,43757,35,273203
2639,0.000277,172.31.33.0-255,66,43823,35,273203
2640,0.000304,172.217.194.0-255,7093,50916,35,273203
2641,0.000308,172.31.33.0-255,66,50982,35,273203
2642,0.000641,172.217.194.0-255,381,51363,35,273203
2643,0.000925,172.217.194.0-255,1484,52847,35,273203
2644,0.00093,172.31.33.0-255,66,52913,35,273203
2645,0.000936,172.217.194.0-255,2902,55815,35,273203
2646,0.000938,172.31.33.0-255,66,55881,35,273203
2647,0.000944,172.217.194.0-255,4320,60201,35,273203
2648,0.000946,172.31.33.0-255,66,60267,35,273203
2649,0.000963,172.217.194.0-255,1484,61751,35,273203
2650,0.000975,172.31.33.0-255,66,61817,35,273203
2651,0.000997,172.217.194.0-255,4320,66137,35,273203
2652,0.001001,172.31.33.0-255,66,66203,35,273203
2653,0.001014,172.31.33.0-255,66,66269,35,273203
2654,0.001544,172.217.194.0-255,1484,67753,35,273203
2655,0.001555,172.217.194.0-255,2902,70655,35,273203
2656,0.00156,172.31.33.0-255,66,70721,35,273203
2657,0.001568,172.217.194.0-255,5738,76459,35,273203
2658,0.00157,172.31.33.0-255,66,76525,35,273203
2659,0.001574,172.217.194.0-255,1484,78009,35,273203
2660,0.001597,172.31.33.0-255,66,78075,35,273203
2661,0.001621,172.217.194.0-255,2902,80977,35,273203
2662,0.001623,172.31.33.0-255,66,81043,35,273203
2663,0.001634,172.31.33.0-255,66,81109,35,273203
2664,0.001665,172.217.194.0-255,766,81875,35,273203
2665,0.0019,172.217.194.0-255,1484,83359,35,273203
2666,0.001906,172.31.33.0-255,66,83425,35,273203
2667,0.001913,172.217.194.0-255,2902,86327,35,273203
2668,0.001915,172.31.33.0-255,66,86393,35,273203
2669,0.00192,172.217.194.0-255,4320,90713,35,273203
2670,0.001922,172.31.33.0-255,66,90779,35,273203
2671,0.001945,172.217.194.0-255,1484,92263,35,273203
2672,0.001955,172.31.33.0-255,66,92329,35,273203
2673,0.00196,172.217.194.0-255,4320,96649,35,273203
2674,0.001963,172.31.33.0-255,66,96715,35,273203
2675,0.001978,172.217.194.0-255,5738,102453,35,273203
2676,0.00198,172.31.33.0-255,66,102519,35,273203
2677,0.001998,172.217.194.0-255,5020,107539,35,273203
2678,0.002001,172.31.33.0-255,66,107605,35,273203
2679,0.002047,172.217.194.0-255,1484,109089,35,273203
2680,0.002068,172.217.194.0-255,2902,111991,35,273203
2681,0.00207,172.31.33.0-255,66,112057,35,273203
2682,0.002076,172.217.194.0-255,5738,117795,35,273203
2683,0.002079,172.31.33.0-255,66,117861,35,273203
2684,0.002083,172.217.194.0-255,4320,122181,35,273203
2685,0.002085,172.31.33.0-255,66,122247,35,273203
2686,0.002115,172.31.33.0-255,66,122313,35,273203
2687,0.002121,172.217.194.0-255,5738,128051,35,273203
2688,0.002123,172.31.33.0-255,66,128117,35,273203
2689,0.002137,172.217.194.0-255,5020,133137,35,273203
2690,0.002139,172.31.33.0-255,66,133203,35,273203
2691,0.004433,172.217.194.0-255,5738,138941,35,273203
2692,0.004441,172.31.33.0-255,66,139007,35,273203
2693,0.006746,172.217.194.0-255,5738,144745,35,273203
2694,0.006759,172.31.33.0-255,66,144811,35,273203
2695,0.009086,172.217.194.0-255,5738,150549,35,273203
2696,0.009096,172.31.33.0-255,66,150615,35,273203
2697,0.011455,172.217.194.0-255,5738,156353,35,273203
2698,0.011471,172.31.33.0-255,66,156419,35,273203
2699,0.013775,172.217.194.0-255,5738,162157,35,273203
2700,0.013784,172.31.33.0-255,66,162223,35,273203
2701,0.016119,172.217.194.0-255,5738,167961,35,273203
2702,0.01614,172.31.33.0-255,66,168027,35,273203
2703,0.018465,172.217.194.0-255,5738,173765,35,273203
2704,0.018483,172.31.33.0-255,66,173831,35,273203
2705,0.020788,172.217.194.0-255,5738,179569,35,273203
2706,0.020807,172.31.33.0-255,66,179635,35,273203
2707,0.023126,172.217.194.0-255,5738,185373,35,273203
2708,0.023138,172.31.33.0-255,66,185439,35,273203
2709,0.025455,172.217.194.0-255,5738,191177,35,273203
2710,0.025475,172.31.33.0-255,66,191243,35,273203
2711,0.02781,172.217.194.0-255,5738,196981,35,273203
2712,0.027833,172.31.33.0-255,66,197047,35,273203
2713,0.030167,172.217.194.0-255,5738,202785,35,273203
2714,0.030187,172.31.33.0-255,66,202851,35,273203
2715,0.032529,172.217.194.0-255,5738,208589,35,273203
2716,0.032549,172.31.33.0-255,66,208655,35,273203
2717,0.034845,172.217.194.0-255,5738,214393,35,273203
2718,0.03486,172.31.33.0-255,66,214459,35,273203
2719,0.037175,172.217.194.0-255,5738,220197,35,273203
2720,0.037185,172.31.33.0-255,66,220263,35,273203
2721,0.037748,172.31.33.0-255,172,220435,35,273203
2722,0.037793,172.31.33.0-255,1108,221543,35,273203
2723,0.037864,172.31.33.0-255,578,222121,35,273203
2724,0.039319,104.244.42.0-255,66,222187,35,273203
2725,0.039353,104.244.42.0-255,66,222253,35,273203
2726,0.03938,104.244.42.0-255,66,222319,35,273203
2727,0.039468,172.217.194.0-255,5738,228057,35,273203
2728,0.039481,172.31.33.0-255,66,228123,35,273203
2729,0.041808,172.217.194.0-255,5738,233861,35,273203
2730,0.041835,172.31.33.0-255,66,233927,35,273203
2731,0.044165,172.217.194.0-255,5738,239665,35,273203
2732,0.044187,172.31.33.0-255,66,239731,35,273203
2733,0.046518,172.217.194.0-255,5738,245469,35,273203
2734,0.04654,172.31.33.0-255,66,245535,35,273203
2735,0.048873,172.217.194.0-255,5738,251273,35,273203
2736,0.048895,172.31.33.0-255,66,251339,35,273203
2737,0.051203,172.217.194.0-255,4320,255659,35,273203
2738,0.051217,172.31.33.0-255,66,255725,35,273203
2739,0.051252,172.217.194.0-255,1484,257209,35,273203
2740,0.053526,172.217.194.0-255,4320,261529,35,273203
2741,0.053531,172.31.33.0-255,66,261595,35,273203
2742,0.055812,172.217.194.0-255,5738,267333,35,273203
2743,0.055817,172.31.33.0-255,66,267399,35,273203
2744,0.058127,172.217.194.0-255,5738,273137,35,273203
2745,0.058142,172.31.33.0-255,66,273203,35,273203
2746,0.0,74.125.24.0-255,153,153,35,254370
2747,2.1e-05,172.31.33.0-255,66,219,35,254370
2748,2.8e-05,74.125.24.0-255,1484,1703,35,254370
2749,3.2e-05,172.31.33.0-255,66,1769,35,254370
2750,4.3e-05,74.125.24.0-255,2902,4671,35,254370
2751,4.6e-05,172.31.33.0-255,66,4737,35,254370
2752,5.2e-05,74.125.24.0-255,5738,10475,35,254370
2753,5.4e-05,172.31.33.0-255,66,10541,35,254370
2754,7.7e-05,74.125.24.0-255,5738,16279,35,254370
2755,7.9e-05,172.31.33.0-255,66,16345,35,254370
2756,0.000102,74.125.24.0-255,620,16965,35,254370
2757,0.000104,172.31.33.0-255,66,17031,35,254370
2758,0.00011,74.125.24.0-255,4320,21351,35,254370
2759,0.000112,172.31.33.0-255,66,21417,35,254370
2760,0.000145,74.125.24.0-255,2902,24319,35,254370
2761,0.000148,172.31.33.0-255,66,24385,35,254370
2762,0.000173,74.125.24.0-255,6797,31182,35,254370
2763,0.000175,172.31.33.0-255,66,31248,35,254370
2764,0.00036,74.125.24.0-255,1484,32732,35,254370
2765,0.000364,172.31.33.0-255,66,32798,35,254370
2766,0.000369,74.125.24.0-255,2902,35700,35,254370
2767,0.000372,172.31.33.0-255,66,35766,35,254370
2768,0.000398,74.125.24.0-255,5738,41504,35,254370
2769,0.000401,172.31.33.0-255,66,41570,35,254370
2770,0.000405,74.125.24.0-255,4320,45890,35,254370
2771,0.000407,172.31.33.0-255,66,45956,35,254370
2772,0.000428,74.125.24.0-255,4320,50276,35,254370
2773,0.000431,172.31.33.0-255,66,50342,35,254370
2774,0.000472,172.31.33.0-255,66,50408,35,254370
2775,0.000478,74.125.24.0-255,7110,57518,35,254370
2776,0.00048,172.31.33.0-255,66,57584,35,254370
2777,0.000482,74.125.24.0-255,111,57695,35,254370
2778,0.000805,74.125.24.0-255,1484,59179,35,254370
2779,0.00081,74.125.24.0-255,2902,62081,35,254370
2780,0.00082,172.31.33.0-255,66,62147,35,254370
2781,0.000823,172.31.33.0-255,66,62213,35,254370
2782,0.000829,74.125.24.0-255,5738,67951,35,254370
2783,0.00083,172.31.33.0-255,66,68017,35,254370
2784,0.000858,74.125.24.0-255,5738,73755,35,254370
2785,0.00086,172.31.33.0-255,66,73821,35,254370
2786,0.000887,74.125.24.0-255,6797,80618,35,254370
2787,0.00089,172.31.33.0-255,66,80684,35,254370
2788,0.00092,172.31.33.0-255,66,80750,35,254370
2789,0.000997,74.125.24.0-255,1484,82234,35,254370
2790,0.001002,74.125.24.0-255,2902,85136,35,254370
2791,0.001005,172.31.33.0-255,66,85202,35,254370
2792,0.001032,74.125.24.0-255,5738,90940,35,254370
2793,0.001034,172.31.33.0-255,66,91006,35,254370
2794,0.001067,74.125.24.0-255,4320,95326,35,254370
2795,0.001069,172.31.33.0-255,66,95392,35,254370
2796,0.0011,172.31.33.0-255,66,95458,35,254370
2797,0.001114,172.31.33.0-255,66,95524,35,254370
2798,0.0015,74.125.24.0-255,1484,97008,35,254370
2799,0.001526,74.125.24.0-255,2902,99910,35,254370
2800,0.00153,172.31.33.0-255,66,99976,35,254370
2801,0.001536,74.125.24.0-255,5738,105714,35,254370
2802,0.001537,172.31.33.0-255,66,105780,35,254370
2803,0.001543,74.125.24.0-255,5738,111518,35,254370
2804,0.001545,172.31.33.0-255,66,111584,35,254370
2805,0.001575,74.125.24.0-255,7156,118740,35,254370
2806,0.001577,172.31.33.0-255,66,118806,35,254370
2807,0.001583,74.125.24.0-255,5738,124544,35,254370
2808,0.001585,172.31.33.0-255,66,124610,35,254370
2809,0.001628,74.125.24.0-255,5020,129630,35,254370
2810,0.001631,172.31.33.0-255,66,129696,35,254370
2811,0.001806,74.125.24.0-255,1484,131180,35,254370
2812,0.00181,74.125.24.0-255,1484,132664,35,254370
2813,0.001812,172.31.33.0-255,66,132730,35,254370
2814,0.001838,74.125.24.0-255,1484,134214,35,254370
2815,0.001844,74.125.24.0-255,5738,139952,35,254370
2816,0.001846,172.31.33.0-255,66,140018,35,254370
2817,0.001878,172.31.33.0-255,66,140084,35,254370
2818,0.00193,74.125.24.0-255,2902,142986,35,254370
2819,0.001932,172.31.33.0-255,66,143052,35,254370
2820,0.001962,172.31.33.0-255,66,143118,35,254370
2821,0.001991,172.31.33.0-255,66,143184,35,254370
2822,0.002021,172.31.33.0-255,66,143250,35,254370
2823,0.002025,74.125.24.0-255,2902,146152,35,254370
2824,0.002027,172.31.33.0-255,66,146218,35,254370
2825,0.002048,74.125.24.0-255,5738,151956,35,254370
2826,0.002053,172.31.33.0-255,66,152022,35,254370
2827,0.002077,74.125.24.0-255,3602,155624,35,254370
2828,0.002079,172.31.33.0-255,66,155690,35,254370
2829,0.002114,74.125.24.0-255,4320,160010,35,254370
2830,0.002116,172.31.33.0-255,66,160076,35,254370
2831,0.00212,74.125.24.0-255,2902,162978,35,254370
2832,0.002122,172.31.33.0-255,66,163044,35,254370
2833,0.00215,172.31.33.0-255,66,163110,35,254370
2834,0.002202,74.125.24.0-255,5738,168848,35,254370
2835,0.002205,172.31.33.0-255,66,168914,35,254370
2836,0.002241,172.31.33.0-255,66,168980,35,254370
2837,0.002392,74.125.24.0-255,1484,170464,35,254370
2838,0.002396,74.125.24.0-255,1484,171948,35,254370
2839,0.002399,172.31.33.0-255,66,172014,35,254370
2840,0.002422,74.125.24.0-255,1484,173498,35,254370
2841,0.002428,74.125.24.0-255,5738,179236,35,254370
2842,0.002431,172.31.33.0-255,66,179302,35,254370
2843,0.002453,74.125.24.0-255,1484,180786,35,254370
2844,0.002457,74.125.24.0-255,2902,183688,35,254370
2845,0.002459,172.31.33.0-255,66,183754,35,254370
2846,0.002486,74.125.24.0-255,5738,189492,35,254370
2847,0.002489,172.31.33.0-255,66,189558,35,254370
2848,0.002493,74.125.24.0-255,2902,192460,35,254370
2849,0.002496,172.31.33.0-255,66,192526,35,254370
2850,0.002531,172.31.33.0-255,66,192592,35,254370
2851,0.002533,74.125.24.0-255,766,193358,35,254370
2852,0.002602,74.125.24.0-255,1484,194842,35,254370
2853,0.002604,172.31.33.0-255,66,194908,35,254370
2854,0.002609,74.125.24.0-255,2902,197810,35,254370
2855,0.002611,172.31.33.0-255,66,197876,35,254370
2856,0.002638,74.125.24.0-255,5738,203614,35,254370
2857,0.002641,172.31.33.0-255,66,203680,35,254370
2858,0.002648,74.125.24.0-255,7156,210836,35,254370
2859,0.002649,172.31.33.0-255,66,210902,35,254370
2860,0.002681,172.31.33.0-255,66,210968,35,254370
2861,0.002704,74.125.24.0-255,1484,212452,35,254370
2862,0.002708,74.125.24.0-255,2184,214636,35,254370
2863,0.00271,172.31.33.0-255,66,214702,35,254370
2864,0.002777,74.125.24.0-255,1484,216186,35,254370
2865,0.002782,74.125.24.0-255,2902,219088,35,254370
2866,0.002785,172.31.33.0-255,66,219154,35,254370
2867,0.002814,74.125.24.0-255,5738,224892,35,254370
2868,0.002817,172.31.33.0-255,66,224958,35,254370
2869,0.002842,74.125.24.0-255,7156,232114,35,254370
2870,0.002844,172.31.33.0-255,66,232180,35,254370
2871,0.002873,74.125.24.0-255,5738,237918,35,254370
2872,0.002876,172.31.33.0-255,66,237984,35,254370
2873,0.002896,74.125.24.0-255,5738,243722,35,254370
2874,0.002899,172.31.33.0-255,66,243788,35,254370
2875,0.002922,172.31.33.0-255,66,243854,35,254370
2876,0.002934,172.31.33.0-255,66,243920,35,254370
2877,0.002981,172.31.33.0-255,66,243986,35,254370
2878,0.002993,74.125.24.0-255,105,244091,35,254370
2879,0.015856,172.31.33.0-255,66,244157,35,254370
2880,0.015897,172.31.33.0-255,105,244262,35,254370
2881,0.018118,74.125.24.0-255,66,244328,35,254370
2882,0.047071,172.31.33.0-255,172,244500,35,254370
2883,0.047107,172.31.33.0-255,1107,245607,35,254370
2884,0.047177,172.31.33.0-255,1514,247121,35,254370
2885,0.047179,172.31.33.0-255,1514,248635,35,254370
2886,0.047184,172.31.33.0-255,1514,250149,35,254370
2887,0.047185,172.31.33.0-255,1514,251663,35,254370
2888,0.047207,172.31.33.0-255,1514,253177,35,254370
2889,0.047209,172.31.33.0-255,929,254106,35,254370
2890,0.048628,104.244.42.0-255,66,254172,35,254370
2891,0.048677,104.244.42.0-255,66,254238,35,254370
2892,0.048772,104.244.42.0-255,66,254304,35,254370
2893,0.048783,104.244.42.0-255,66,254370,35,254370
2894,0.0,172.31.33.0-255,66,66,35,66
2895,0.0,172.31.33.0-255,105,105,35,276
2896,0.001927,157.240.7.0-255,105,210,35,276
2897,0.001936,172.31.33.0-255,66,276,35,276
2898,0.0,172.217.194.0-255,153,153,35,217509
2899,2.4e-05,172.31.33.0-255,66,219,35,217509
2900,3.1e-05,172.217.194.0-255,1484,1703,35,217509
2901,3.5e-05,172.31.33.0-255,66,1769,35,217509
2902,4e-05,172.217.194.0-255,2902,4671,35,217509
2903,4.8e-05,172.31.33.0-255,66,4737,35,217509
2904,5.1e-05,172.217.194.0-255,1484,6221,35,217509
2905,5.3e-05,172.31.33.0-255,66,6287,35,217509
2906,8.2e-05,172.217.194.0-255,5738,12025,35,217509
2907,8.5e-05,172.31.33.0-255,66,12091,35,217509
2908,8.9e-05,172.217.194.0-255,1982,14073,35,217509
2909,9.1e-05,172.31.33.0-255,66,14139,35,217509
2910,0.000133,172.217.194.0-255,1484,15623,35,217509
2911,0.000137,172.31.33.0-255,66,15689,35,217509
2912,0.000143,172.217.194.0-255,2902,18591,35,217509
2913,0.000145,172.31.33.0-255,66,18657,35,217509
2914,0.00019,172.217.194.0-255,4320,22977,35,217509
2915,0.000194,172.31.33.0-255,66,23043,35,217509
2916,0.0002,172.217.194.0-255,5738,28781,35,217509
2917,0.000202,172.31.33.0-255,66,28847,35,217509
2918,0.00023,172.217.194.0-255,2543,31390,35,217509
2919,0.000233,172.31.33.0-255,66,31456,35,217509
2920,0.000279,172.217.194.0-255,1484,32940,35,217509
2921,0.000283,172.31.33.0-255,66,33006,35,217509
2922,0.000288,172.217.194.0-255,2902,35908,35,217509
2923,0.000291,172.31.33.0-255,66,35974,35,217509
2924,0.000322,172.217.194.0-255,5738,41712,35,217509
2925,0.000326,172.31.33.0-255,66,41778,35,217509
2926,0.000331,172.217.194.0-255,4320,46098,35,217509
2927,0.000333,172.31.33.0-255,66,46164,35,217509
2928,0.000372,172.31.33.0-255,66,46230,35,217509
2929,0.000376,172.217.194.0-255,2902,49132,35,217509
2930,0.000378,172.31.33.0-255,66,49198,35,217509
2931,0.00042,172.31.33.0-255,66,49264,35,217509
2932,0.000423,172.217.194.0-255,360,49624,35,217509
2933,0.000482,172.217.194.0-255,1484,51108,35,217509
2934,0.000485,172.31.33.0-255,66,51174,35,217509
2935,0.000491,172.217.194.0-255,2902,54076,35,217509
2936,0.000493,172.31.33.0-255,66,54142,35,217509
2937,0.000521,172.217.194.0-255,5738,59880,35,217509
2938,0.000524,172.31.33.0-255,66,59946,35,217509
2939,0.000536,172.31.33.0-255,66,60012,35,217509
2940,0.000555,172.217.194.0-255,2902,62914,35,217509
2941,0.000563,172.31.33.0-255,66,62980,35,217509
2942,0.000576,172.31.33.0-255,66,63046,35,217509
2943,0.000871,172.217.194.0-255,1484,64530,35,217509
2944,0.000877,172.217.194.0-255,2902,67432,35,217509
2945,0.00088,172.31.33.0-255,66,67498,35,217509
2946,0.000884,172.217.194.0-255,1484,68982,35,217509
2947,0.000911,172.217.194.0-255,4320,73302,35,217509
2948,0.000914,172.31.33.0-255,66,73368,35,217509
2949,0.000928,172.31.33.0-255,66,73434,35,217509
2950,0.00097,172.217.194.0-255,7156,80590,35,217509
2951,0.000974,172.31.33.0-255,66,80656,35,217509
2952,0.000997,172.217.194.0-255,3602,84258,35,217509
2953,0.001005,172.31.33.0-255,66,84324,35,217509
2954,0.001131,172.217.194.0-255,1484,85808,35,217509
2955,0.001136,172.217.194.0-255,2902,88710,35,217509
2956,0.001139,172.31.33.0-255,66,88776,35,217509
2957,0.001145,172.217.194.0-255,2902,91678,35,217509
2958,0.001147,172.31.33.0-255,66,91744,35,217509
2959,0.001169,172.217.194.0-255,2902,94646,35,217509
2960,0.001173,172.31.33.0-255,66,94712,35,217509
2961,0.00118,172.217.194.0-255,7156,101868,35,217509
2962,0.001182,172.31.33.0-255,66,101934,35,217509
2963,0.001215,172.217.194.0-255,5738,107672,35,217509
2964,0.001218,172.31.33.0-255,66,107738,35,217509
2965,0.001229,172.31.33.0-255,66,107804,35,217509
2966,0.001466,172.217.194.0-255,1484,109288,35,217509
2967,0.00147,172.217.194.0-255,1484,110772,35,217509
2968,0.001473,172.31.33.0-255,66,110838,35,217509
2969,0.001499,172.217.194.0-255,1484,112322,35,217509
2970,0.001506,172.217.194.0-255,5738,118060,35,217509
2971,0.001509,172.31.33.0-255,66,118126,35,217509
2972,0.001513,172.217.194.0-255,1484,119610,35,217509
2973,0.001518,172.217.194.0-255,4320,123930,35,217509
2974,0.00152,172.31.33.0-255,66,123996,35,217509
2975,0.001543,172.217.194.0-255,4320,128316,35,217509
2976,0.001547,172.31.33.0-255,66,128382,35,217509
2977,0.001552,172.217.194.0-255,4320,132702,35,217509
2978,0.001554,172.31.33.0-255,66,132768,35,217509
2979,0.001593,172.31.33.0-255,66,132834,35,217509
2980,0.002174,172.217.194.0-255,1484,134318,35,217509
2981,0.002185,172.217.194.0-255,2902,137220,35,217509
2982,0.002189,172.31.33.0-255,66,137286,35,217509
2983,0.002218,172.217.194.0-255,5738,143024,35,217509
2984,0.002221,172.31.33.0-255,66,143090,35,217509
2985,0.002227,172.217.194.0-255,7156,150246,35,217509
2986,0.00223,172.31.33.0-255,66,150312,35,217509
2987,0.002246,172.31.33.0-255,66,150378,35,217509
2988,0.002279,172.217.194.0-255,5738,156116,35,217509
2989,0.002282,172.31.33.0-255,66,156182,35,217509
2990,0.002286,172.217.194.0-255,2184,158366,35,217509
2991,0.002289,172.31.33.0-255,66,158432,35,217509
2992,0.002618,172.217.194.0-255,1484,159916,35,217509
2993,0.002635,172.217.194.0-255,2902,162818,35,217509
2994,0.002638,172.31.33.0-255,66,162884,35,217509
2995,0.002665,172.217.194.0-255,5738,168622,35,217509
2996,0.002667,172.31.33.0-255,66,168688,35,217509
2997,0.002671,172.217.194.0-255,1484,170172,35,217509
2998,0.002715,172.31.33.0-255,66,170238,35,217509
2999,0.002721,172.217.194.0-255,4320,174558,35,217509
3000,0.002723,172.31.33.0-255,66,174624,35,217509
3001,0.002758,172.31.33.0-255,66,174690,35,217509
3002,0.002762,172.217.194.0-255,2902,177592,35,217509
3003,0.002764,172.31.33.0-255,66,177658,35,217509
3004,0.002767,172.217.194.0-255,1484,179142,35,217509
3005,0.002787,172.217.194.0-255,1484,180626,35,217509
3006,0.00279,172.31.33.0-255,66,180692,35,217509
3007,0.002833,172.31.33.0-255,66,180758,35,217509
3008,0.002845,172.31.33.0-255,66,180824,35,217509
3009,0.002857,172.217.194.0-255,6438,187262,35,217509
3010,0.002861,172.31.33.0-255,66,187328,35,217509
3011,0.002902,172.217.194.0-255,1484,188812,35,217509
3012,0.002946,172.31.33.0-255,66,188878,35,217509
3013,0.002958,172.217.194.0-255,2184,191062,35,217509
3014,0.003001,172.217.194.0-255,1484,192546,35,217509
3015,0.003022,172.217.194.0-255,1484,194030,35,217509
3016,0.003025,172.217.194.0-255,766,194796,35,217509
3017,0.003084,172.217.194.0-255,1484,196280,35,217509
3018,0.003088,172.217.194.0-255,1484,197764,35,217509
3019,0.003102,172.217.194.0-255,1484,199248,35,217509
3020,0.003106,172.217.194.0-255,2902,202150,35,217509
3021,0.003123,172.217.194.0-255,2902,205052,35,217509
3022,0.003136,172.217.194.0-255,4320,209372,35,217509
3023,0.003169,172.217.194.0-255,1484,210856,35,217509
3024,0.003176,172.217.194.0-255,1484,212340,35,217509
3025,0.003182,172.217.194.0-255,1484,213824,35,217509
3026,0.003188,172.217.194.0-255,468,214292,35,217509
3027,0.003192,172.217.194.0-255,105,214397,35,217509
3028,0.006317,172.31.33.0-255,66,214463,35,217509
3029,0.00797,172.31.33.0-255,105,214568,35,217509
3030,0.010536,172.217.194.0-255,66,214634,35,217509
3031,0.048304,172.31.33.0-255,172,214806,35,217509
3032,0.04833,172.31.33.0-255,1107,215913,35,217509
3033,0.048374,172.31.33.0-255,1398,217311,35,217509
3034,0.049822,104.244.42.0-255,66,217377,35,217509
3035,0.049877,104.244.42.0-255,66,217443,35,217509
3036,0.049924,104.244.42.0-255,66,217509,35,217509
3037,0.0,172.217.194.0-255,153,153,35,205501
3038,2.8e-05,172.31.33.0-255,66,219,35,205501
3039,3.5e-05,172.217.194.0-255,1484,1703,35,205501
3040,3.9e-05,172.31.33.0-255,66,1769,35,205501
3041,4.3e-05,172.217.194.0-255,2902,4671,35,205501
3042,4.6e-05,172.31.33.0-255,66,4737,35,205501
3043,6e-05,172.217.194.0-255,7156,11893,35,205501
3044,6.2e-05,172.31.33.0-255,66,11959,35,205501
3045,6.7e-05,172.217.194.0-255,4320,16279,35,205501
3046,6.9e-05,172.31.33.0-255,66,16345,35,205501
3047,9.7e-05,172.217.194.0-255,6390,22735,35,205501
3048,0.000101,172.31.33.0-255,66,22801,35,205501
3049,0.00013,172.31.33.0-255,66,22867,35,205501
3050,0.000213,172.217.194.0-255,1484,24351,35,205501
3051,0.000216,172.31.33.0-255,66,24417,35,205501
3052,0.000219,172.217.194.0-255,1484,25901,35,205501
3053,0.000221,172.31.33.0-255,66,25967,35,205501
3054,0.000254,172.217.194.0-255,1484,27451,35,205501
3055,0.000257,172.31.33.0-255,66,27517,35,205501
3056,0.000265,172.217.194.0-255,5738,33255,35,205501
3057,0.000267,172.31.33.0-255,66,33321,35,205501
3058,0.000307,172.31.33.0-255,66,33387,35,205501
3059,0.000328,172.217.194.0-255,3961,37348,35,205501
3060,0.000331,172.31.33.0-255,66,37414,35,205501
3061,0.000342,172.31.33.0-255,66,37480,35,205501
3062,0.000344,172.217.194.0-255,434,37914,35,205501
3063,0.000346,172.31.33.0-255,66,37980,35,205501
3064,0.000386,172.217.194.0-255,1484,39464,35,205501
3065,0.000392,172.31.33.0-255,66,39530,35,205501
3066,0.000398,172.217.194.0-255,2902,42432,35,205501
3067,0.0004,172.31.33.0-255,66,42498,35,205501
3068,0.000422,172.217.194.0-255,5738,48236,35,205501
3069,0.000425,172.31.33.0-255,66,48302,35,205501
3070,0.000438,172.217.194.0-255,6247,54549,35,205501
3071,0.000441,172.31.33.0-255,66,54615,35,205501
3072,0.000769,172.217.194.0-255,1484,56099,35,205501
3073,0.000776,172.217.194.0-255,2902,59001,35,205501
3074,0.000779,172.31.33.0-255,66,59067,35,205501
3075,0.000786,172.217.194.0-255,5738,64805,35,205501
3076,0.000789,172.31.33.0-255,66,64871,35,205501
3077,0.000835,172.31.33.0-255,66,64937,35,205501
3078,0.00085,172.217.194.0-255,1484,66421,35,205501
3079,0.000867,172.31.33.0-255,66,66487,35,205501
3080,0.001119,172.217.194.0-255,1484,67971,35,205501
3081,0.001124,172.217.194.0-255,1484,69455,35,205501
3082,0.001126,172.31.33.0-255,66,69521,35,205501
3083,0.00115,172.217.194.0-255,1484,71005,35,205501
3084,0.001156,172.217.194.0-255,5738,76743,35,205501
3085,0.001159,172.31.33.0-255,66,76809,35,205501
3086,0.001172,172.31.33.0-255,66,76875,35,205501
3087,0.001203,172.217.194.0-255,2902,79777,35,205501
3088,0.001207,172.31.33.0-255,66,79843,35,205501
3089,0.001219,172.31.33.0-255,66,79909,35,205501
3090,0.001265,172.217.194.0-255,1484,81393,35,205501
3091,0.001269,172.217.194.0-255,2902,84295,35,205501
3092,0.001272,172.31.33.0-255,66,84361,35,205501
3093,0.001304,172.217.194.0-255,5738,90099,35,205501
3094,0.001308,172.31.33.0-255,66,90165,35,205501
3095,0.001309,172.217.194.0-255,5738,95903,35,205501
3096,0.001312,172.31.33.0-255,66,95969,35,205501
3097,0.001315,172.217.194.0-255,5738,101707,35,205501
3098,0.001317,172.31.33.0-255,66,101773,35,205501
3099,0.00134,172.217.194.0-255,7156,108929,35,205501
3100,0.001343,172.31.33.0-255,66,108995,35,205501
3101,0.001353,172.217.194.0-255,5020,114015,35,205501
3102,0.001356,172.31.33.0-255,66,114081,35,205501
3103,0.001362,172.217.194.0-255,5738,119819,35,205501
3104,0.001364,172.31.33.0-255,66,119885,35,205501
3105,0.00141,172.31.33.0-255,66,119951,35,205501
3106,0.00142,172.31.33.0-255,66,120017,35,205501
3107,0.001444,172.217.194.0-255,5020,125037,35,205501
3108,0.001447,172.31.33.0-255,66,125103,35,205501
3109,0.001787,172.217.194.0-255,1484,126587,35,205501
3110,0.001795,172.217.194.0-255,2902,129489,35,205501
3111,0.001798,172.31.33.0-255,66,129555,35,205501
3112,0.001803,172.217.194.0-255,2902,132457,35,205501
3113,0.001805,172.31.33.0-255,66,132523,35,205501
3114,0.001828,172.217.194.0-255,2902,135425,35,205501
3115,0.001832,172.31.33.0-255,66,135491,35,205501
3116,0.001845,172.31.33.0-255,66,135557,35,205501
3117,0.001887,172.217.194.0-255,4320,139877,35,205501
3118,0.00189,172.31.33.0-255,66,139943,35,205501
3119,0.001917,172.217.194.0-255,6438,146381,35,205501
3120,0.00192,172.31.33.0-255,66,146447,35,205501
3121,0.001928,172.217.194.0-255,1484,147931,35,205501
3122,0.001933,172.217.194.0-255,2902,150833,35,205501
3123,0.001935,172.31.33.0-255,66,150899,35,205501
3124,0.001938,172.217.194.0-255,1484,152383,35,205501
3125,0.001971,172.217.194.0-255,4320,156703,35,205501
3126,0.001975,172.31.33.0-255,66,156769,35,205501
3127,0.001988,172.31.33.0-255,66,156835,35,205501
3128,0.002029,172.31.33.0-255,66,156901,35,205501
3129,0.002061,172.217.194.0-255,1484,158385,35,205501
3130,0.002066,172.217.194.0-255,2902,161287,35,205501
3131,0.00207,172.31.33.0-255,66,161353,35,205501
3132,0.002075,172.217.194.0-255,4320,165673,35,205501
3133,0.002079,172.31.33.0-255,66,165739,35,205501
3134,0.002093,172.217.194.0-255,1484,167223,35,205501
3135,0.002112,172.31.33.0-255,66,167289,35,205501
3136,0.002128,172.217.194.0-255,1484,168773,35,205501
3137,0.002133,172.217.194.0-255,2902,171675,35,205501
3138,0.002135,172.31.33.0-255,66,171741,35,205501
3139,0.002138,172.217.194.0-255,1484,173225,35,205501
3140,0.002145,172.217.194.0-255,6438,179663,35,205501
3141,0.002147,172.31.33.0-255,66,179729,35,205501
3142,0.00215,172.217.194.0-255,1484,181213,35,205501
3143,0.002199,172.31.33.0-255,66,181279,35,205501
3144,0.002241,172.217.194.0-255,4320,185599,35,205501
3145,0.002242,172.217.194.0-255,766,186365,35,205501
3146,0.002245,172.31.33.0-255,66,186431,35,205501
3147,0.00225,172.31.33.0-255,78,186509,35,205501
3148,0.002258,172.31.33.0-255,66,186575,35,205501
3149,0.002264,172.217.194.0-255,4320,190895,35,205501
3150,0.002268,172.217.194.0-255,1484,192379,35,205501
3151,0.002271,172.217.194.0-255,1484,193863,35,205501
3152,0.002298,172.31.33.0-255,66,193929,35,205501
3153,0.002301,172.31.33.0-255,66,193995,35,205501
3154,0.002301,172.31.33.0-255,66,194061,35,205501
3155,0.002302,172.31.33.0-255,66,194127,35,205501
3156,0.003054,172.217.194.0-255,1484,195611,35,205501
3157,0.00306,172.217.194.0-255,2902,198513,35,205501
3158,0.003064,172.31.33.0-255,66,198579,35,205501
3159,0.003078,172.217.194.0-255,1484,200063,35,205501
3160,0.003093,172.217.194.0-255,4050,204113,35,205501
3161,0.003095,172.31.33.0-255,66,204179,35,205501
3162,0.003098,172.217.194.0-255,97,204276,35,205501
3163,0.003138,172.217.194.0-255,105,204381,35,205501
3164,0.003304,172.31.33.0-255,66,204447,35,205501
3165,0.003328,172.31.33.0-255,105,204552,35,205501
3166,0.00532,172.217.194.0-255,66,204618,35,205501
3167,0.051472,172.31.33.0-255,188,204806,35,205501
3168,0.051499,172.31.33.0-255,563,205369,35,205501
3169,0.052954,104.244.42.0-255,66,205435,35,205501
3170,0.052966,104.244.42.0-255,66,205501,35,205501
3171,0.0,172.31.33.0-255,105,105,35,276
3172,0.001779,157.240.7.0-255,105,210,35,276
3173,0.001788,172.31.33.0-255,66,276,35,276
3174,0.0,172.217.194.0-255,150,150,35,215393
3175,2.5e-05,172.31.33.0-255,66,216,35,215393
3176,3.1e-05,172.217.194.0-255,1484,1700,35,215393
3177,3.5e-05,172.31.33.0-255,66,1766,35,215393
3178,3.9e-05,172.217.194.0-255,2902,4668,35,215393
3179,4.1e-05,172.31.33.0-255,66,4734,35,215393
3180,4.4e-05,172.217.194.0-255,1484,6218,35,215393
3181,4.5e-05,172.31.33.0-255,66,6284,35,215393
3182,6.6e-05,172.217.194.0-255,5738,12022,35,215393
3183,6.8e-05,172.31.33.0-255,66,12088,35,215393
3184,7.1e-05,172.217.194.0-255,1994,14082,35,215393
3185,7.3e-05,172.31.33.0-255,66,14148,35,215393
3186,0.00017,172.217.194.0-255,1484,15632,35,215393
3187,0.000174,172.31.33.0-255,66,15698,35,215393
3188,0.000177,172.217.194.0-255,1484,17182,35,215393
3189,0.000179,172.31.33.0-255,66,17248,35,215393
3190,0.000192,172.217.194.0-255,1484,18732,35,215393
3191,0.000194,172.31.33.0-255,66,18798,35,215393
3192,0.000199,172.217.194.0-255,2902,21700,35,215393
3193,0.000201,172.31.33.0-255,66,21766,35,215393
3194,0.000215,172.217.194.0-255,2902,24668,35,215393
3195,0.000217,172.31.33.0-255,66,24734,35,215393
3196,0.000233,172.217.194.0-255,6797,31531,35,215393
3197,0.000236,172.31.33.0-255,66,31597,35,215393
3198,0.000258,172.217.194.0-255,7156,38753,35,215393
3199,0.000261,172.31.33.0-255,66,38819,35,215393
3200,0.000265,172.217.194.0-255,2902,41721,35,215393
3201,0.000267,172.31.33.0-255,66,41787,35,215393
3202,0.000286,172.217.194.0-255,5738,47525,35,215393
3203,0.000289,172.31.33.0-255,66,47591,35,215393
3204,0.000293,172.217.194.0-255,4320,51911,35,215393
3205,0.000295,172.31.33.0-255,66,51977,35,215393
3206,0.000317,172.217.194.0-255,5738,57715,35,215393
3207,0.00032,172.31.33.0-255,66,57781,35,215393
3208,0.000326,172.217.194.0-255,7156,64937,35,215393
3209,0.000328,172.31.33.0-255,66,65003,35,215393
3210,0.000338,172.217.194.0-255,766,65769,35,215393
3211,0.000359,172.217.194.0-255,409,66178,35,215393
3212,0.000438,172.217.194.0-255,1484,67662,35,215393
3213,0.000442,172.31.33.0-255,66,67728,35,215393
3214,0.00045,172.217.194.0-255,2902,70630,35,215393
3215,0.000453,172.31.33.0-255,66,70696,35,215393
3216,0.000475,172.217.194.0-255,5738,76434,35,215393
3217,0.000477,172.31.33.0-255,66,76500,35,215393
3218,0.000501,172.217.194.0-255,2902,79402,35,215393
3219,0.000503,172.31.33.0-255,66,79468,35,215393
3220,0.000528,172.217.194.0-255,4320,83788,35,215393
3221,0.000531,172.31.33.0-255,66,83854,35,215393
3222,0.000543,172.31.33.0-255,66,83920,35,215393
3223,0.000546,172.217.194.0-255,2184,86104,35,215393
3224,0.000549,172.31.33.0-255,66,86170,35,215393
3225,0.000551,172.217.194.0-255,364,86534,35,215393
3226,0.000922,172.31.33.0-255,66,86600,35,215393
3227,0.001111,172.217.194.0-255,1484,88084,35,215393
3228,0.001119,172.217.194.0-255,2902,90986,35,215393
3229,0.001123,172.31.33.0-255,66,91052,35,215393
3230,0.001145,172.217.194.0-255,4320,95372,35,215393
3231,0.001148,172.31.33.0-255,66,95438,35,215393
3232,0.001176,172.31.33.0-255,66,95504,35,215393
3233,0.001179,172.217.194.0-255,1484,96988,35,215393
3234,0.001202,172.31.33.0-255,66,97054,35,215393
3235,0.001226,172.217.194.0-255,6438,103492,35,215393
3236,0.001228,172.31.33.0-255,66,103558,35,215393
3237,0.001256,172.217.194.0-255,1484,105042,35,215393
3238,0.001278,172.217.194.0-255,2902,107944,35,215393
3239,0.00128,172.31.33.0-255,66,108010,35,215393
3240,0.001301,172.217.194.0-255,4320,112330,35,215393
3241,0.001303,172.31.33.0-255,66,112396,35,215393
3242,0.00133,172.31.33.0-255,66,112462,35,215393
3243,0.001334,172.217.194.0-255,2902,115364,35,215393
3244,0.001335,172.31.33.0-255,66,115430,35,215393
3245,0.001361,172.31.33.0-255,66,115496,35,215393
3246,0.001394,172.217.194.0-255,4320,119816,35,215393
3247,0.001397,172.31.33.0-255,66,119882,35,215393
3248,0.001418,172.217.194.0-255,7156,127038,35,215393
3249,0.001421,172.31.33.0-255,66,127104,35,215393
3250,0.001431,172.31.33.0-255,66,127170,35,215393
3251,0.001452,172.217.194.0-255,2902,130072,35,215393
3252,0.001454,172.31.33.0-255,66,130138,35,215393
3253,0.001464,172.31.33.0-255,66,130204,35,215393
3254,0.001498,172.217.194.0-255,4320,134524,35,215393
3255,0.001501,172.31.33.0-255,66,134590,35,215393
3256,0.001518,172.217.194.0-255,4320,138910,35,215393
3257,0.00152,172.31.33.0-255,66,138976,35,215393
3258,0.001529,172.31.33.0-255,66,139042,35,215393
3259,0.001538,172.217.194.0-255,1484,140526,35,215393
3260,0.001548,172.31.33.0-255,66,140592,35,215393
3261,0.001564,172.217.194.0-255,6438,147030,35,215393
3262,0.001566,172.31.33.0-255,66,147096,35,215393
3263,0.001579,172.217.194.0-255,1484,148580,35,215393
3264,0.001605,172.31.33.0-255,66,148646,35,215393
3265,0.001618,172.31.33.0-255,66,148712,35,215393
3266,0.00163,172.217.194.0-255,4320,153032,35,215393
3267,0.001632,172.31.33.0-255,66,153098,35,215393
3268,0.001662,172.217.194.0-255,1484,154582,35,215393
3269,0.001685,172.31.33.0-255,66,154648,35,215393
3270,0.001714,172.217.194.0-255,1484,156132,35,215393
3271,0.001733,172.217.194.0-255,2902,159034,35,215393
3272,0.001735,172.31.33.0-255,66,159100,35,215393
3273,0.001752,172.217.194.0-255,5738,164838,35,215393
3274,0.001754,172.31.33.0-255,66,164904,35,215393
3275,0.001772,172.217.194.0-255,4320,169224,35,215393
3276,0.001773,172.31.33.0-255,66,169290,35,215393
3277,0.001794,172.31.33.0-255,66,169356,35,215393
3278,0.001799,172.217.194.0-255,5738,175094,35,215393
3279,0.001801,172.31.33.0-255,66,175160,35,215393
3280,0.001825,172.217.194.0-255,5020,180180,35,215393
3281,0.001827,172.31.33.0-255,66,180246,35,215393
3282,0.001842,172.217.194.0-255,1484,181730,35,215393
3283,0.00186,172.217.194.0-255,2902,184632,35,215393
3284,0.001862,172.31.33.0-255,66,184698,35,215393
3285,0.001866,172.217.194.0-255,4320,189018,35,215393
3286,0.001868,172.31.33.0-255,66,189084,35,215393
3287,0.001878,172.217.194.0-255,1484,190568,35,215393
3288,0.001882,172.217.194.0-255,2902,193470,35,215393
3289,0.001884,172.31.33.0-255,66,193536,35,215393
3290,0.001901,172.31.33.0-255,66,193602,35,215393
3291,0.001928,172.217.194.0-255,2902,196504,35,215393
3292,0.00193,172.31.33.0-255,66,196570,35,215393
3293,0.001967,172.31.33.0-255,66,196636,35,215393
3294,0.001976,172.31.33.0-255,66,196702,35,215393
3295,0.001989,172.217.194.0-255,1484,198186,35,215393
3296,0.002005,172.217.194.0-255,2902,201088,35,215393
3297,0.002007,172.31.33.0-255,66,201154,35,215393
3298,0.002036,172.31.33.0-255,66,201220,35,215393
3299,0.002048,172.217.194.0-255,5020,206240,35,215393
3300,0.00205,172.31.33.0-255,66,206306,35,215393
3301,0.002055,172.217.194.0-255,5738,212044,35,215393
3302,0.002057,172.31.33.0-255,66,212110,35,215393
3303,0.002079,172.31.33.0-255,66,212176,35,215393
3304,0.002081,172.217.194.0-255,105,212281,35,215393
3305,0.007835,172.31.33.0-255,66,212347,35,215393
3306,0.007862,172.31.33.0-255,105,212452,35,215393
3307,0.010131,172.217.194.0-255,66,212518,35,215393
3308,0.030905,172.31.33.0-255,172,212690,35,215393
3309,0.030936,172.31.33.0-255,1107,213797,35,215393
3310,0.030967,172.31.33.0-255,1398,215195,35,215393
3311,0.032441,104.244.42.0-255,66,215261,35,215393
3312,0.032475,104.244.42.0-255,66,215327,35,215393
3313,0.032527,104.244.42.0-255,66,215393,35,215393
3314,0.0,74.125.24.0-255,146,146,35,150572
3315,1.9e-05,172.31.33.0-255,66,212,35,150572
3316,2.6e-05,74.125.24.0-255,1484,1696,35,150572
3317,3e-05,172.31.33.0-255,66,1762,35,150572
3318,3.6e-05,74.125.24.0-255,2902,4664,35,150572
3319,4.7e-05,172.31.33.0-255,66,4730,35,150572
3320,5.5e-05,74.125.24.0-255,7156,11886,35,150572
3321,5.7e-05,172.31.33.0-255,66,11952,35,150572
3322,0.000129,172.31.33.0-255,66,12018,35,150572
3323,0.00014,172.31.33.0-255,66,12084,35,150572
3324,0.000181,74.125.24.0-255,1484,13568,35,150572
3325,0.000184,172.31.33.0-255,66,13634,35,150572
3326,0.00019,74.125.24.0-255,2902,16536,35,150572
3327,0.000192,172.31.33.0-255,66,16602,35,150572
3328,0.000223,74.125.24.0-255,5738,22340,35,150572
3329,0.000227,172.31.33.0-255,66,22406,35,150572
3330,0.000235,74.125.24.0-255,7156,29562,35,150572
3331,0.000237,172.31.33.0-255,66,29628,35,150572
3332,0.00027,74.125.24.0-255,1125,30753,35,150572
3333,0.000272,172.31.33.0-255,66,30819,35,150572
3334,0.000284,172.31.33.0-255,66,30885,35,150572
3335,0.000291,74.125.24.0-255,7104,37989,35,150572
3336,0.000294,172.31.33.0-255,66,38055,35,150572
3337,0.000543,74.125.24.0-255,116,38171,35,150572
3338,0.000548,172.31.33.0-255,66,38237,35,150572
3339,0.000684,74.125.24.0-255,1484,39721,35,150572
3340,0.000689,172.31.33.0-255,66,39787,35,150572
3341,0.000693,74.125.24.0-255,2902,42689,35,150572
3342,0.000696,172.31.33.0-255,66,42755,35,150572
3343,0.000699,74.125.24.0-255,1484,44239,35,150572
3344,0.000719,74.125.24.0-255,4320,48559,35,150572
3345,0.000725,172.31.33.0-255,66,48625,35,150572
3346,0.000729,74.125.24.0-255,2902,51527,35,150572
3347,0.000731,172.31.33.0-255,66,51593,35,150572
3348,0.00077,172.31.33.0-255,66,51659,35,150572
3349,0.000777,74.125.24.0-255,7156,58815,35,150572
3350,0.000779,172.31.33.0-255,66,58881,35,150572
3351,0.000807,74.125.24.0-255,2543,61424,35,150572
3352,0.00081,172.31.33.0-255,66,61490,35,150572
3353,0.001455,74.125.24.0-255,1484,62974,35,150572
3354,0.001463,74.125.24.0-255,2902,65876,35,150572
3355,0.001466,172.31.33.0-255,66,65942,35,150572
3356,0.001471,74.125.24.0-255,2902,68844,35,150572
3357,0.001473,172.31.33.0-255,66,68910,35,150572
3358,0.001506,74.125.24.0-255,2902,71812,35,150572
3359,0.001509,172.31.33.0-255,66,71878,35,150572
3360,0.00152,172.31.33.0-255,66,71944,35,150572
3361,0.001567,172.31.33.0-255,66,72010,35,150572
3362,0.001601,172.31.33.0-255,66,72076,35,150572
3363,0.001608,74.125.24.0-255,7156,79232,35,150572
3364,0.00161,172.31.33.0-255,66,79298,35,150572
3365,0.001659,74.125.24.0-255,5738,85036,35,150572
3366,0.001663,172.31.33.0-255,66,85102,35,150572
3367,0.001695,172.31.33.0-255,66,85168,35,150572
3368,0.001726,74.125.24.0-255,1484,86652,35,150572
3369,0.001743,74.125.24.0-255,2902,89554,35,150572
3370,0.001746,172.31.33.0-255,66,89620,35,150572
3371,0.001752,74.125.24.0-255,5738,95358,35,150572
3372,0.001754,172.31.33.0-255,66,95424,35,150572
3373,0.001763,74.125.24.0-255,4320,99744,35,150572
3374,0.001765,172.31.33.0-255,66,99810,35,150572
3375,0.001809,172.31.33.0-255,66,99876,35,150572
3376,0.001818,172.31.33.0-255,66,99942,35,150572
3377,0.001933,74.125.24.0-255,1484,101426,35,150572
3378,0.00195,74.125.24.0-255,2902,104328,35,150572
3379,0.001953,172.31.33.0-255,66,104394,35,150572
3380,0.001956,74.125.24.0-255,1484,105878,35,150572
3381,0.001981,74.125.24.0-255,4320,110198,35,150572
3382,0.001983,172.31.33.0-255,66,110264,35,150572
3383,0.001994,172.31.33.0-255,66,110330,35,150572
3384,0.002013,74.125.24.0-255,1484,111814,35,150572
3385,0.002051,172.31.33.0-255,66,111880,35,150572
3386,0.002081,74.125.24.0-255,1484,113364,35,150572
3387,0.002096,74.125.24.0-255,2902,116266,35,150572
3388,0.002099,172.31.33.0-255,66,116332,35,150572
3389,0.002105,74.125.24.0-255,5738,122070,35,150572
3390,0.002108,172.31.33.0-255,66,122136,35,150572
3391,0.002115,74.125.24.0-255,2902,125038,35,150572
3392,0.002117,172.31.33.0-255,66,125104,35,150572
3393,0.002155,172.31.33.0-255,66,125170,35,150572
3394,0.002192,172.31.33.0-255,66,125236,35,150572
3395,0.002202,172.31.33.0-255,66,125302,35,150572
3396,0.002219,74.125.24.0-255,2902,128204,35,150572
3397,0.002221,172.31.33.0-255,66,128270,35,150572
3398,0.002255,172.31.33.0-255,66,128336,35,150572
3399,0.002283,74.125.24.0-255,2902,131238,35,150572
3400,0.002285,172.31.33.0-255,66,131304,35,150572
3401,0.002304,172.31.33.0-255,66,131370,35,150572
3402,0.002314,172.31.33.0-255,66,131436,35,150572
3403,0.002332,74.125.24.0-255,4320,135756,35,150572
3404,0.002334,172.31.33.0-255,66,135822,35,150572
3405,0.002383,172.31.33.0-255,66,135888,35,150572
3406,0.00239,74.125.24.0-255,7156,143044,35,150572
3407,0.002392,172.31.33.0-255,66,143110,35,150572
3408,0.002428,172.31.33.0-255,66,143176,35,150572
3409,0.002432,74.125.24.0-255,2902,146078,35,150572
3410,0.002435,172.31.33.0-255,66,146144,35,150572
3411,0.002479,172.31.33.0-255,66,146210,35,150572
3412,0.002483,74.125.24.0-255,3954,150164,35,150572
3413,0.002485,172.31.33.0-255,66,150230,35,150572
3414,0.002488,74.125.24.0-255,105,150335,35,150572
3415,0.011615,172.31.33.0-255,66,150401,35,150572
3416,0.011659,172.31.33.0-255,105,150506,35,150572
3417,0.014167,74.125.24.0-255,66,150572,35,150572
3418,0.0,172.31.33.0-255,105,105,35,276
3419,0.001479,157.240.7.0-255,105,210,35,276
3420,0.001492,172.31.33.0-255,66,276,35,276
3421,0.0,172.31.33.0-255,105,105,35,276
3422,0.00208,157.240.7.0-255,105,210,35,276
3423,0.002089,172.31.33.0-255,66,276,35,276
3424,0.0,172.31.33.0-255,105,105,35,276
3425,0.001604,157.240.7.0-255,105,210,35,276
3426,0.001619,172.31.33.0-255,66,276,35,276
3427,0.0,172.31.33.0-255,105,105,35,276
3428,0.001804,157.240.7.0-255,105,210,35,276
3429,0.001818,172.31.33.0-255,66,276,35,276
3430,0.0,172.31.33.0-255,105,105,35,276
3431,0.001487,157.240.7.0-255,105,210,35,276
3432,0.001502,172.31.33.0-255,66,276,35,276
3433,0.0,172.217.194.0-255,220,220,35,194013
3434,2.5e-05,172.31.33.0-255,66,286,35,194013
3435,3.2e-05,172.217.194.0-255,1484,1770,35,194013
3436,3.7e-05,172.31.33.0-255,66,1836,35,194013
3437,4.3e-05,172.217.194.0-255,4320,6156,35,194013
3438,4.5e-05,172.31.33.0-255,66,6222,35,194013
3439,5e-05,172.217.194.0-255,4320,10542,35,194013
3440,5.3e-05,172.31.33.0-255,66,10608,35,194013
3441,8.1e-05,172.217.194.0-255,4650,15258,35,194013
3442,8.4e-05,172.31.33.0-255,66,15324,35,194013
3443,9.6e-05,172.31.33.0-255,66,15390,35,194013
3444,0.000113,172.217.194.0-255,1484,16874,35,194013
3445,0.000115,172.31.33.0-255,66,16940,35,194013
3446,0.000138,172.217.194.0-255,2543,19483,35,194013
3447,0.00014,172.31.33.0-255,66,19549,35,194013
3448,0.000159,172.217.194.0-255,2902,22451,35,194013
3449,0.000161,172.31.33.0-255,66,22517,35,194013
3450,0.000176,172.217.194.0-255,1484,24001,35,194013
3451,0.000179,172.31.33.0-255,66,24067,35,194013
3452,0.000187,172.217.194.0-255,7156,31223,35,194013
3453,0.000189,172.31.33.0-255,66,31289,35,194013
3454,0.000209,172.217.194.0-255,2902,34191,35,194013
3455,0.000212,172.31.33.0-255,66,34257,35,194013
3456,0.000227,172.217.194.0-255,2543,36800,35,194013
3457,0.000229,172.31.33.0-255,66,36866,35,194013
3458,0.000421,172.217.194.0-255,1484,38350,35,194013
3459,0.000425,172.31.33.0-255,66,38416,35,194013
3460,0.00043,172.217.194.0-255,1484,39900,35,194013
3461,0.000432,172.31.33.0-255,66,39966,35,194013
3462,0.000448,172.217.194.0-255,1484,41450,35,194013
3463,0.00045,172.31.33.0-255,66,41516,35,194013
3464,0.000457,172.217.194.0-255,5738,47254,35,194013
3465,0.000459,172.31.33.0-255,66,47320,35,194013
3466,0.000476,172.217.194.0-255,1484,48804,35,194013
3467,0.000492,172.217.194.0-255,5379,54183,35,194013
3468,0.000495,172.31.33.0-255,66,54249,35,194013
3469,0.000517,172.217.194.0-255,646,54895,35,194013
3470,0.000793,172.31.33.0-255,66,54961,35,194013
3471,0.001546,172.217.194.0-255,1484,56445,35,194013
3472,0.001564,172.217.194.0-255,2902,59347,35,194013
3473,0.001568,172.31.33.0-255,66,59413,35,194013
3474,0.001576,172.217.194.0-255,5738,65151,35,194013
3475,0.001578,172.31.33.0-255,66,65217,35,194013
3476,0.00162,172.31.33.0-255,66,65283,35,194013
3477,0.001631,172.31.33.0-255,66,65349,35,194013
3478,0.001658,172.217.194.0-255,2184,67533,35,194013
3479,0.001661,172.31.33.0-255,66,67599,35,194013
3480,0.003159,172.217.194.0-255,1484,69083,35,194013
3481,0.003169,172.217.194.0-255,2902,71985,35,194013
3482,0.003173,172.31.33.0-255,66,72051,35,194013
3483,0.003186,172.217.194.0-255,1484,73535,35,194013
3484,0.003202,172.217.194.0-255,4320,77855,35,194013
3485,0.003204,172.31.33.0-255,66,77921,35,194013
3486,0.003211,172.217.194.0-255,7156,85077,35,194013
3487,0.003213,172.31.33.0-255,66,85143,35,194013
3488,0.003238,172.217.194.0-255,5738,90881,35,194013
3489,0.00324,172.31.33.0-255,66,90947,35,194013
3490,0.003274,172.217.194.0-255,5738,96685,35,194013
3491,0.003275,172.31.33.0-255,66,96751,35,194013
3492,0.00329,172.217.194.0-255,5020,101771,35,194013
3493,0.003292,172.31.33.0-255,66,101837,35,194013
3494,0.003634,172.217.194.0-255,1484,103321,35,194013
3495,0.003657,172.217.194.0-255,2902,106223,35,194013
3496,0.003661,172.31.33.0-255,66,106289,35,194013
3497,0.003669,172.217.194.0-255,5738,112027,35,194013
3498,0.003671,172.31.33.0-255,66,112093,35,194013
3499,0.0037,172.217.194.0-255,5738,117831,35,194013
3500,0.003703,172.31.33.0-255,66,117897,35,194013
3501,0.003716,172.217.194.0-255,5738,123635,35,194013
3502,0.003718,172.31.33.0-255,66,123701,35,194013
3503,0.003721,172.217.194.0-255,1484,125185,35,194013
3504,0.003757,172.31.33.0-255,66,125251,35,194013
3505,0.004159,172.217.194.0-255,1484,126735,35,194013
3506,0.004167,172.217.194.0-255,2902,129637,35,194013
3507,0.00417,172.31.33.0-255,66,129703,35,194013
3508,0.004188,172.217.194.0-255,2902,132605,35,194013
3509,0.00419,172.31.33.0-255,66,132671,35,194013
3510,0.004216,172.217.194.0-255,2902,135573,35,194013
3511,0.004218,172.31.33.0-255,66,135639,35,194013
3512,0.004221,172.217.194.0-255,1484,137123,35,194013
3513,0.00423,172.31.33.0-255,66,137189,35,194013
3514,0.004261,172.217.194.0-255,5738,142927,35,194013
3515,0.004263,172.31.33.0-255,66,142993,35,194013
3516,0.004284,172.217.194.0-255,7156,150149,35,194013
3517,0.004287,172.31.33.0-255,66,150215,35,194013
3518,0.004307,172.217.194.0-255,5020,155235,35,194013
3519,0.00431,172.31.33.0-255,66,155301,35,194013
3520,0.004316,172.217.194.0-255,7156,162457,35,194013
3521,0.004318,172.31.33.0-255,66,162523,35,194013
3522,0.004333,172.217.194.0-255,7156,169679,35,194013
3523,0.004335,172.31.33.0-255,66,169745,35,194013
3524,0.004349,172.217.194.0-255,4320,174065,35,194013
3525,0.004352,172.31.33.0-255,66,174131,35,194013
3526,0.004355,172.217.194.0-255,2902,177033,35,194013
3527,0.004357,172.31.33.0-255,66,177099,35,194013
3528,0.004391,172.31.33.0-255,66,177165,35,194013
3529,0.004403,172.31.33.0-255,66,177231,35,194013
3530,0.004441,172.31.33.0-255,66,177297,35,194013
3531,0.004464,172.217.194.0-255,5738,183035,35,194013
3532,0.004467,172.31.33.0-255,66,183101,35,194013
3533,0.004486,172.31.33.0-255,66,183167,35,194013
3534,0.00451,172.31.33.0-255,66,183233,35,194013
3535,0.004561,172.31.33.0-255,66,183299,35,194013
3536,0.004601,172.31.33.0-255,66,183365,35,194013
3537,0.004625,172.31.33.0-255,66,183431,35,194013
3538,0.004639,172.31.33.0-255,66,183497,35,194013
3539,0.004682,172.31.33.0-255,66,183563,35,194013
3540,0.004685,172.31.33.0-255,66,183629,35,194013
3541,0.004709,172.217.194.0-255,105,183734,35,194013
3542,0.006291,172.31.33.0-255,66,183800,35,194013
3543,0.006327,172.31.33.0-255,105,183905,35,194013
3544,0.008811,172.217.194.0-255,66,183971,35,194013
3545,0.042267,172.31.33.0-255,172,184143,35,194013
3546,0.042315,172.31.33.0-255,1107,185250,35,194013
3547,0.042395,172.31.33.0-255,1514,186764,35,194013
3548,0.042397,172.31.33.0-255,1514,188278,35,194013
3549,0.042398,172.31.33.0-255,1514,189792,35,194013
3550,0.042399,172.31.33.0-255,1514,191306,35,194013
3551,0.042436,172.31.33.0-255,1514,192820,35,194013
3552,0.042444,172.31.33.0-255,929,193749,35,194013
3553,0.043813,104.244.42.0-255,66,193815,35,194013
3554,0.043875,104.244.42.0-255,66,193881,35,194013
3555,0.044001,104.244.42.0-255,66,193947,35,194013
3556,0.044003,104.244.42.0-255,66,194013,35,194013
3557,0.0,172.217.194.0-255,150,150,35,204965
3558,1.2e-05,172.31.33.0-255,66,216,35,204965
3559,1.9e-05,172.217.194.0-255,1484,1700,35,204965
3560,2.3e-05,172.31.33.0-255,66,1766,35,204965
3561,2.8e-05,172.217.194.0-255,2902,4668,35,204965
3562,3e-05,172.31.33.0-255,66,4734,35,204965
3563,5.9e-05,172.217.194.0-255,7156,11890,35,204965
3564,6.1e-05,172.31.33.0-255,66,11956,35,204965
3565,9.2e-05,172.217.194.0-255,2054,14010,35,204965
3566,9.4e-05,172.31.33.0-255,66,14076,35,204965
3567,0.000185,172.217.194.0-255,1484,15560,35,204965
3568,0.000189,172.31.33.0-255,66,15626,35,204965
3569,0.000194,172.217.194.0-255,2902,18528,35,204965
3570,0.000196,172.31.33.0-255,66,18594,35,204965
3571,0.000201,172.217.194.0-255,2902,21496,35,204965
3572,0.000203,172.31.33.0-255,66,21562,35,204965
3573,0.000223,172.217.194.0-255,2902,24464,35,204965
3574,0.000225,172.31.33.0-255,66,24530,35,204965
3575,0.000237,172.217.194.0-255,1484,26014,35,204965
3576,0.000239,172.31.33.0-255,66,26080,35,204965
3577,0.000272,172.31.33.0-255,66,26146,35,204965
3578,0.000283,172.31.33.0-255,66,26212,35,204965
3579,0.000306,172.217.194.0-255,1484,27696,35,204965
3580,0.000308,172.31.33.0-255,66,27762,35,204965
3581,0.000337,172.31.33.0-255,66,27828,35,204965
3582,0.000358,172.217.194.0-255,1404,29232,35,204965
3583,0.00036,172.31.33.0-255,66,29298,35,204965
3584,0.000386,172.217.194.0-255,114,29412,35,204965
3585,0.000388,172.31.33.0-255,66,29478,35,204965
3586,0.000463,172.217.194.0-255,1484,30962,35,204965
3587,0.000467,172.217.194.0-255,1484,32446,35,204965
3588,0.00047,172.31.33.0-255,66,32512,35,204965
3589,0.000492,172.217.194.0-255,1484,33996,35,204965
3590,0.000498,172.217.194.0-255,5738,39734,35,204965
3591,0.0005,172.31.33.0-255,66,39800,35,204965
3592,0.000529,172.217.194.0-255,7112,46912,35,204965
3593,0.000532,172.31.33.0-255,66,46978,35,204965
3594,0.00055,172.217.194.0-255,1484,48462,35,204965
3595,0.000567,172.217.194.0-255,2902,51364,35,204965
3596,0.00057,172.31.33.0-255,66,51430,35,204965
3597,0.000576,172.217.194.0-255,5738,57168,35,204965
3598,0.000579,172.31.33.0-255,66,57234,35,204965
3599,0.000627,172.217.194.0-255,6797,64031,35,204965
3600,0.00063,172.31.33.0-255,66,64097,35,204965
3601,0.000993,172.217.194.0-255,1484,65581,35,204965
3602,0.00101,172.217.194.0-255,2902,68483,35,204965
3603,0.001013,172.31.33.0-255,66,68549,35,204965
3604,0.00102,172.217.194.0-255,5738,74287,35,204965
3605,0.001022,172.31.33.0-255,66,74353,35,204965
3606,0.001036,172.217.194.0-255,2902,77255,35,204965
3607,0.001039,172.31.33.0-255,66,77321,35,204965
3608,0.00106,172.31.33.0-255,66,77387,35,204965
3609,0.001091,172.217.194.0-255,2902,80289,35,204965
3610,0.001095,172.31.33.0-255,66,80355,35,204965
3611,0.001111,172.31.33.0-255,66,80421,35,204965
3612,0.001139,172.217.194.0-255,1484,81905,35,204965
3613,0.001158,172.217.194.0-255,2902,84807,35,204965
3614,0.001161,172.31.33.0-255,66,84873,35,204965
3615,0.001174,172.217.194.0-255,1484,86357,35,204965
3616,0.001191,172.217.194.0-255,4320,90677,35,204965
3617,0.001193,172.31.33.0-255,66,90743,35,204965
3618,0.001196,172.217.194.0-255,1484,92227,35,204965
3619,0.001216,172.31.33.0-255,66,92293,35,204965
3620,0.001246,172.217.194.0-255,2902,95195,35,204965
3621,0.001249,172.31.33.0-255,66,95261,35,204965
3622,0.00126,172.31.33.0-255,66,95327,35,204965
3623,0.001263,172.217.194.0-255,1484,96811,35,204965
3624,0.001266,172.217.194.0-255,2902,99713,35,204965
3625,0.001268,172.31.33.0-255,66,99779,35,204965
3626,0.001272,172.217.194.0-255,2902,102681,35,204965
3627,0.001274,172.31.33.0-255,66,102747,35,204965
3628,0.001289,172.217.194.0-255,2902,105649,35,204965
3629,0.001291,172.31.33.0-255,66,105715,35,204965
3630,0.001296,172.217.194.0-255,4320,110035,35,204965
3631,0.001297,172.31.33.0-255,66,110101,35,204965
3632,0.001324,172.217.194.0-255,7156,117257,35,204965
3633,0.001326,172.31.33.0-255,66,117323,35,204965
3634,0.001337,172.217.194.0-255,2902,120225,35,204965
3635,0.001339,172.31.33.0-255,66,120291,35,204965
3636,0.001359,172.31.33.0-255,66,120357,35,204965
3637,0.001385,172.31.33.0-255,66,120423,35,204965
3638,0.001397,172.31.33.0-255,66,120489,35,204965
3639,0.0014,172.217.194.0-255,1484,121973,35,204965
3640,0.001429,172.31.33.0-255,66,122039,35,204965
3641,0.00146,172.217.194.0-255,7156,129195,35,204965
3642,0.001463,172.31.33.0-255,66,129261,35,204965
3643,0.001492,172.217.194.0-255,4320,133581,35,204965
3644,0.001495,172.31.33.0-255,66,133647,35,204965
3645,0.001511,172.31.33.0-255,66,133713,35,204965
3646,0.00152,172.31.33.0-255,66,133779,35,204965
3647,0.00153,172.31.33.0-255,66,133845,35,204965
3648,0.001595,172.217.194.0-255,2184,136029,35,204965
3649,0.001598,172.31.33.0-255,66,136095,35,204965
3650,0.001604,172.31.33.0-255,66,136161,35,204965
3651,0.001616,172.217.194.0-255,1484,137645,35,204965
3652,0.001632,172.217.194.0-255,2902,140547,35,204965
3653,0.001635,172.31.33.0-255,66,140613,35,204965
3654,0.001638,172.217.194.0-255,1484,142097,35,204965
3655,0.001655,172.217.194.0-255,4320,146417,35,204965
3656,0.001657,172.31.33.0-255,66,146483,35,204965
3657,0.001662,172.217.194.0-255,4320,150803,35,204965
3658,0.001664,172.31.33.0-255,66,150869,35,204965
3659,0.001702,172.31.33.0-255,66,150935,35,204965
3660,0.001712,172.31.33.0-255,66,151001,35,204965
3661,0.001714,172.217.194.0-255,766,151767,35,204965
3662,0.00176,172.217.194.0-255,1484,153251,35,204965
3663,0.001763,172.31.33.0-255,66,153317,35,204965
3664,0.001766,172.217.194.0-255,1484,154801,35,204965
3665,0.001782,172.217.194.0-255,4320,159121,35,204965
3666,0.001785,172.31.33.0-255,66,159187,35,204965
3667,0.001806,172.217.194.0-255,7156,166343,35,204965
3668,0.001811,172.31.33.0-255,66,166409,35,204965
3669,0.001818,172.217.194.0-255,2902,169311,35,204965
3670,0.001819,172.31.33.0-255,66,169377,35,204965
3671,0.001843,172.217.194.0-255,7156,176533,35,204965
3672,0.001846,172.31.33.0-255,66,176599,35,204965
3673,0.001861,172.217.194.0-255,5738,182337,35,204965
3674,0.001863,172.31.33.0-255,66,182403,35,204965
3675,0.001866,172.217.194.0-255,1484,183887,35,204965
3676,0.001901,172.31.33.0-255,66,183953,35,204965
3677,0.001907,172.217.194.0-255,5738,189691,35,204965
3678,0.001909,172.31.33.0-255,66,189757,35,204965
3679,0.001923,172.217.194.0-255,5738,195495,35,204965
3680,0.001924,172.31.33.0-255,66,195561,35,204965
3681,0.001947,172.217.194.0-255,2902,198463,35,204965
3682,0.001949,172.31.33.0-255,66,198529,35,204965
3683,0.001953,172.217.194.0-255,2267,200796,35,204965
3684,0.001955,172.31.33.0-255,66,200862,35,204965
3685,0.001991,172.217.194.0-255,105,200967,35,204965
3686,0.009818,172.31.33.0-255,66,201033,35,204965
3687,0.009854,172.31.33.0-255,105,201138,35,204965
3688,0.012391,172.217.194.0-255,66,201204,35,204965
3689,0.031907,172.31.33.0-255,172,201376,35,204965
3690,0.03195,172.31.33.0-255,1108,202484,35,204965
3691,0.032003,172.31.33.0-255,1514,203998,35,204965
3692,0.032005,172.31.33.0-255,769,204767,35,204965
3693,0.033457,104.244.42.0-255,66,204833,35,204965
3694,0.033507,104.244.42.0-255,66,204899,35,204965
3695,0.033596,104.244.42.0-255,66,204965,35,204965
3696,0.0,172.217.194.0-255,150,150,35,228907
3697,2.9e-05,172.31.33.0-255,66,216,35,228907
3698,3.6e-05,172.217.194.0-255,1484,1700,35,228907
3699,4e-05,172.31.33.0-255,66,1766,35,228907
3700,4.5e-05,172.217.194.0-255,2902,4668,35,228907
3701,4.8e-05,172.31.33.0-255,66,4734,35,228907
3702,6.2e-05,172.217.194.0-255,7156,11890,35,228907
3703,6.5e-05,172.31.33.0-255,66,11956,35,228907
3704,6.9e-05,172.217.194.0-255,2048,14004,35,228907
3705,7.2e-05,172.31.33.0-255,66,14070,35,228907
3706,0.000188,172.217.194.0-255,1484,15554,35,228907
3707,0.000193,172.31.33.0-255,66,15620,35,228907
3708,0.000199,172.217.194.0-255,2902,18522,35,228907
3709,0.000202,172.31.33.0-255,66,18588,35,228907
3710,0.000229,172.217.194.0-255,5738,24326,35,228907
3711,0.000232,172.31.33.0-255,66,24392,35,228907
3712,0.000238,172.217.194.0-255,5738,30130,35,228907
3713,0.00024,172.31.33.0-255,66,30196,35,228907
3714,0.000275,172.31.33.0-255,66,30262,35,228907
3715,0.000298,172.217.194.0-255,5379,35641,35,228907
3716,0.000306,172.31.33.0-255,66,35707,35,228907
3717,0.000311,172.217.194.0-255,3961,39668,35,228907
3718,0.000313,172.31.33.0-255,66,39734,35,228907
3719,0.000352,172.31.33.0-255,66,39800,35,228907
3720,0.000378,172.217.194.0-255,2832,42632,35,228907
3721,0.000382,172.31.33.0-255,66,42698,35,228907
3722,0.000651,172.217.194.0-255,366,43064,35,228907
3723,0.000657,172.31.33.0-255,66,43130,35,228907
3724,0.000858,172.217.194.0-255,1484,44614,35,228907
3725,0.000864,172.31.33.0-255,66,44680,35,228907
3726,0.000872,172.217.194.0-255,2902,47582,35,228907
3727,0.000874,172.31.33.0-255,66,47648,35,228907
3728,0.000886,172.217.194.0-255,5738,53386,35,228907
3729,0.000888,172.31.33.0-255,66,53452,35,228907
3730,0.000928,172.217.194.0-255,2902,56354,35,228907
3731,0.000931,172.31.33.0-255,66,56420,35,228907
3732,0.000967,172.217.194.0-255,2902,59322,35,228907
3733,0.000971,172.31.33.0-255,66,59388,35,228907
3734,0.000994,172.31.33.0-255,66,59454,35,228907
3735,0.000997,172.217.194.0-255,766,60220,35,228907
3736,0.001471,172.217.194.0-255,1484,61704,35,228907
3737,0.001475,172.31.33.0-255,66,61770,35,228907
3738,0.00148,172.217.194.0-255,2902,64672,35,228907
3739,0.001481,172.31.33.0-255,66,64738,35,228907
3740,0.001511,172.217.194.0-255,4320,69058,35,228907
3741,0.001514,172.31.33.0-255,66,69124,35,228907
3742,0.001519,172.217.194.0-255,5738,74862,35,228907
3743,0.001521,172.31.33.0-255,66,74928,35,228907
3744,0.001553,172.31.33.0-255,66,74994,35,228907
3745,0.001559,172.217.194.0-255,5738,80732,35,228907
3746,0.00156,172.31.33.0-255,66,80798,35,228907
3747,0.001605,172.217.194.0-255,2184,82982,35,228907
3748,0.001608,172.31.33.0-255,66,83048,35,228907
3749,0.001677,172.217.194.0-255,1484,84532,35,228907
3750,0.001688,172.217.194.0-255,2902,87434,35,228907
3751,0.001691,172.31.33.0-255,66,87500,35,228907
3752,0.001711,172.217.194.0-255,5738,93238,35,228907
3753,0.001713,172.31.33.0-255,66,93304,35,228907
3754,0.001747,172.31.33.0-255,66,93370,35,228907
3755,0.001783,172.31.33.0-255,66,93436,35,228907
3756,0.002321,172.217.194.0-255,1484,94920,35,228907
3757,0.002334,172.217.194.0-255,2902,97822,35,228907
3758,0.002336,172.31.33.0-255,66,97888,35,228907
3759,0.002341,172.217.194.0-255,2902,100790,35,228907
3760,0.002343,172.31.33.0-255,66,100856,35,228907
3761,0.002368,172.217.194.0-255,2902,103758,35,228907
3762,0.002371,172.31.33.0-255,66,103824,35,228907
3763,0.002383,172.31.33.0-255,66,103890,35,228907
3764,0.002385,172.217.194.0-255,1484,105374,35,228907
3765,0.002392,172.217.194.0-255,1484,106858,35,228907
3766,0.002395,172.31.33.0-255,66,106924,35,228907
3767,0.002399,172.217.194.0-255,2902,109826,35,228907
3768,0.002401,172.31.33.0-255,66,109892,35,228907
3769,0.002436,172.217.194.0-255,5020,114912,35,228907
3770,0.002438,172.31.33.0-255,66,114978,35,228907
3771,0.00248,172.217.194.0-255,2902,117880,35,228907
3772,0.002483,172.31.33.0-255,66,117946,35,228907
3773,0.002495,172.217.194.0-255,2902,120848,35,228907
3774,0.002501,172.31.33.0-255,66,120914,35,228907
3775,0.002531,172.217.194.0-255,7156,128070,35,228907
3776,0.002533,172.31.33.0-255,66,128136,35,228907
3777,0.002546,172.31.33.0-255,66,128202,35,228907
3778,0.002556,172.217.194.0-255,6438,134640,35,228907
3779,0.002559,172.31.33.0-255,66,134706,35,228907
3780,0.002635,172.217.194.0-255,1484,136190,35,228907
3781,0.002645,172.217.194.0-255,1484,137674,35,228907
3782,0.002647,172.31.33.0-255,66,137740,35,228907
3783,0.002652,172.217.194.0-255,2902,140642,35,228907
3784,0.002654,172.31.33.0-255,66,140708,35,228907
3785,0.002656,172.217.194.0-255,1484,142192,35,228907
3786,0.002687,172.217.194.0-255,4320,146512,35,228907
3787,0.00269,172.31.33.0-255,66,146578,35,228907
3788,0.002694,172.217.194.0-255,2902,149480,35,228907
3789,0.002696,172.31.33.0-255,66,149546,35,228907
3790,0.002734,172.217.194.0-255,7156,156702,35,228907
3791,0.002736,172.31.33.0-255,66,156768,35,228907
3792,0.002761,172.217.194.0-255,2902,159670,35,228907
3793,0.002763,172.31.33.0-255,66,159736,35,228907
3794,0.002771,172.31.33.0-255,66,159802,35,228907
3795,0.002774,172.217.194.0-255,766,160568,35,228907
3796,0.00278,172.217.194.0-255,1484,162052,35,228907
3797,0.002782,172.31.33.0-255,66,162118,35,228907
3798,0.002786,172.217.194.0-255,2902,165020,35,228907
3799,0.002788,172.31.33.0-255,66,165086,35,228907
3800,0.002852,172.217.194.0-255,5738,170824,35,228907
3801,0.002855,172.31.33.0-255,66,170890,35,228907
3802,0.002867,172.31.33.0-255,66,170956,35,228907
3803,0.002883,172.31.33.0-255,66,171022,35,228907
3804,0.00313,172.217.194.0-255,1484,172506,35,228907
3805,0.003138,172.217.194.0-255,2902,175408,35,228907
3806,0.003142,172.31.33.0-255,66,175474,35,228907
3807,0.003149,172.217.194.0-255,5738,181212,35,228907
3808,0.003152,172.31.33.0-255,66,181278,35,228907
3809,0.003198,172.217.194.0-255,5738,187016,35,228907
3810,0.003201,172.31.33.0-255,66,187082,35,228907
3811,0.003209,172.217.194.0-255,7156,194238,35,228907
3812,0.003212,172.31.33.0-255,66,194304,35,228907
3813,0.003218,172.217.194.0-255,5738,200042,35,228907
3814,0.003226,172.31.33.0-255,66,200108,35,228907
3815,0.003258,172.217.194.0-255,5020,205128,35,228907
3816,0.003262,172.31.33.0-255,66,205194,35,228907
3817,0.00333,172.217.194.0-255,1484,206678,35,228907
3818,0.003343,172.217.194.0-255,2902,209580,35,228907
3819,0.003346,172.31.33.0-255,66,209646,35,228907
3820,0.00338,172.217.194.0-255,5738,215384,35,228907
3821,0.003383,172.31.33.0-255,66,215450,35,228907
3822,0.003387,172.217.194.0-255,1484,216934,35,228907
3823,0.003401,172.31.33.0-255,66,217000,35,228907
3824,0.003521,172.217.194.0-255,1506,218506,35,228907
3825,0.003547,172.217.194.0-255,105,218611,35,228907
3826,0.004578,172.31.33.0-255,66,218677,35,228907
3827,0.007415,172.31.33.0-255,105,218782,35,228907
3828,0.009448,172.217.194.0-255,66,218848,35,228907
3829,0.034965,172.31.33.0-255,190,219038,35,228907
3830,0.034991,172.31.33.0-255,1107,220145,35,228907
3831,0.035052,172.31.33.0-255,1514,221659,35,228907
3832,0.035054,172.31.33.0-255,1514,223173,35,228907
3833,0.035055,172.31.33.0-255,1514,224687,35,228907
3834,0.035056,172.31.33.0-255,1514,226201,35,228907
3835,0.035057,172.31.33.0-255,1514,227715,35,228907
3836,0.035084,172.31.33.0-255,928,228643,35,228907
3837,0.036503,104.244.42.0-255,66,228709,35,228907
3838,0.036513,104.244.42.0-255,66,228775,35,228907
3839,0.036659,104.244.42.0-255,66,228841,35,228907
3840,0.036664,104.244.42.0-255,66,228907,35,228907
3841,0.0,172.31.33.0-255,105,105,35,276
3842,0.002106,157.240.7.0-255,105,210,35,276
3843,0.00213,172.31.33.0-255,66,276,35,276
3844,0.0,172.217.194.0-255,292,292,35,320454
3845,3.1e-05,172.31.33.0-255,66,358,35,320454
3846,3.7e-05,172.217.194.0-255,1484,1842,35,320454
3847,4.1e-05,172.31.33.0-255,66,1908,35,320454
3848,4.6e-05,172.217.194.0-255,2902,4810,35,320454
3849,4.9e-05,172.31.33.0-255,66,4876,35,320454
3850,5.3e-05,172.217.194.0-255,5738,10614,35,320454
3851,5.5e-05,172.31.33.0-255,66,10680,35,320454
3852,7.6e-05,172.217.194.0-255,1484,12164,35,320454
3853,7.8e-05,172.31.33.0-255,66,12230,35,320454
3854,0.0001,172.31.33.0-255,66,12296,35,320454
3855,0.000107,172.217.194.0-255,5738,18034,35,320454
3856,0.000109,172.31.33.0-255,66,18100,35,320454
3857,0.000124,172.217.194.0-255,1125,19225,35,320454
3858,0.000126,172.31.33.0-255,66,19291,35,320454
3859,0.00016,172.217.194.0-255,1484,20775,35,320454
3860,0.000162,172.31.33.0-255,66,20841,35,320454
3861,0.000164,172.217.194.0-255,1484,22325,35,320454
3862,0.000167,172.31.33.0-255,66,22391,35,320454
3863,0.000179,172.217.194.0-255,1484,23875,35,320454
3864,0.00018,172.31.33.0-255,66,23941,35,320454
3865,0.000185,172.217.194.0-255,4320,28261,35,320454
3866,0.000186,172.31.33.0-255,66,28327,35,320454
3867,0.000206,172.217.194.0-255,1484,29811,35,320454
3868,0.000208,172.31.33.0-255,66,29877,35,320454
3869,0.000212,172.217.194.0-255,4320,34197,35,320454
3870,0.000214,172.31.33.0-255,66,34263,35,320454
3871,0.000228,172.217.194.0-255,2902,37165,35,320454
3872,0.00023,172.31.33.0-255,66,37231,35,320454
3873,0.000264,172.31.33.0-255,66,37297,35,320454
3874,0.000274,172.31.33.0-255,66,37363,35,320454
3875,0.000313,172.217.194.0-255,380,37743,35,320454
3876,0.000335,172.217.194.0-255,364,38107,35,320454
3877,0.000489,172.217.194.0-255,1484,39591,35,320454
3878,0.000493,172.31.33.0-255,66,39657,35,320454
3879,0.000497,172.217.194.0-255,2902,42559,35,320454
3880,0.000499,172.31.33.0-255,66,42625,35,320454
3881,0.000502,172.217.194.0-255,1484,44109,35,320454
3882,0.000519,172.217.194.0-255,4320,48429,35,320454
3883,0.000521,172.31.33.0-255,66,48495,35,320454
3884,0.000524,172.217.194.0-255,1484,49979,35,320454
3885,0.000541,172.217.194.0-255,5738,55717,35,320454
3886,0.000545,172.31.33.0-255,66,55783,35,320454
3887,0.00056,172.217.194.0-255,5738,61521,35,320454
3888,0.000563,172.31.33.0-255,66,61587,35,320454
3889,0.000567,172.217.194.0-255,4320,65907,35,320454
3890,0.000569,172.31.33.0-255,66,65973,35,320454
3891,0.000598,172.31.33.0-255,66,66039,35,320454
3892,0.000601,172.217.194.0-255,1484,67523,35,320454
3893,0.000619,172.217.194.0-255,5738,73261,35,320454
3894,0.000622,172.31.33.0-255,66,73327,35,320454
3895,0.000642,172.217.194.0-255,5738,79065,35,320454
3896,0.000645,172.31.33.0-255,66,79131,35,320454
3897,0.000648,172.217.194.0-255,2543,81674,35,320454
3898,0.00065,172.31.33.0-255,66,81740,35,320454
3899,0.000745,172.217.194.0-255,1484,83224,35,320454
3900,0.000772,172.217.194.0-255,2902,86126,35,320454
3901,0.000775,172.31.33.0-255,66,86192,35,320454
3902,0.000793,172.217.194.0-255,2902,89094,35,320454
3903,0.000796,172.31.33.0-255,66,89160,35,320454
3904,0.00081,172.217.194.0-255,2902,92062,35,320454
3905,0.000813,172.31.33.0-255,66,92128,35,320454
3906,0.000836,172.217.194.0-255,6797,98925,35,320454
3907,0.000841,172.31.33.0-255,66,98991,35,320454
3908,0.000968,172.217.194.0-255,1484,100475,35,320454
3909,0.000972,172.217.194.0-255,2902,103377,35,320454
3910,0.000975,172.31.33.0-255,66,103443,35,320454
3911,0.000996,172.217.194.0-255,5738,109181,35,320454
3912,0.000999,172.217.194.0-255,2902,112083,35,320454
3913,0.001001,172.31.33.0-255,66,112149,35,320454
3914,0.001004,172.31.33.0-255,66,112215,35,320454
3915,0.001011,172.217.194.0-255,7156,119371,35,320454
3916,0.001013,172.31.33.0-255,66,119437,35,320454
3917,0.001047,172.217.194.0-255,1484,120921,35,320454
3918,0.001063,172.31.33.0-255,66,120987,35,320454
3919,0.001109,172.217.194.0-255,1484,122471,35,320454
3920,0.001113,172.217.194.0-255,1484,123955,35,320454
3921,0.001115,172.31.33.0-255,66,124021,35,320454
3922,0.001128,172.217.194.0-255,1484,125505,35,320454
3923,0.001134,172.217.194.0-255,5738,131243,35,320454
3924,0.001136,172.31.33.0-255,66,131309,35,320454
3925,0.001159,172.217.194.0-255,1484,132793,35,320454
3926,0.001176,172.217.194.0-255,5379,138172,35,320454
3927,0.001179,172.31.33.0-255,66,138238,35,320454
3928,0.001242,172.217.194.0-255,1484,139722,35,320454
3929,0.001264,172.217.194.0-255,2902,142624,35,320454
3930,0.001268,172.31.33.0-255,66,142690,35,320454
3931,0.001274,172.217.194.0-255,5738,148428,35,320454
3932,0.001276,172.31.33.0-255,66,148494,35,320454
3933,0.001282,172.217.194.0-255,5738,154232,35,320454
3934,0.001284,172.31.33.0-255,66,154298,35,320454
3935,0.001312,172.217.194.0-255,7156,161454,35,320454
3936,0.001315,172.31.33.0-255,66,161520,35,320454
3937,0.001339,172.217.194.0-255,5738,167258,35,320454
3938,0.001343,172.31.33.0-255,66,167324,35,320454
3939,0.001348,172.217.194.0-255,5020,172344,35,320454
3940,0.001351,172.31.33.0-255,66,172410,35,320454
3941,0.001503,172.217.194.0-255,1484,173894,35,320454
3942,0.001508,172.217.194.0-255,2902,176796,35,320454
3943,0.001512,172.31.33.0-255,66,176862,35,320454
3944,0.001515,172.217.194.0-255,1484,178346,35,320454
3945,0.001533,172.217.194.0-255,4320,182666,35,320454
3946,0.001536,172.31.33.0-255,66,182732,35,320454
3947,0.001553,172.217.194.0-255,4320,187052,35,320454
3948,0.001556,172.31.33.0-255,66,187118,35,320454
3949,0.001576,172.31.33.0-255,66,187184,35,320454
3950,0.001615,172.217.194.0-255,5738,192922,35,320454
3951,0.001618,172.31.33.0-255,66,192988,35,320454
3952,0.001638,172.217.194.0-255,5020,198008,35,320454
3953,0.001641,172.31.33.0-255,66,198074,35,320454
3954,0.001841,172.217.194.0-255,1484,199558,35,320454
3955,0.001861,172.217.194.0-255,2902,202460,35,320454
3956,0.001864,172.31.33.0-255,66,202526,35,320454
3957,0.00187,172.217.194.0-255,2902,205428,35,320454
3958,0.001873,172.31.33.0-255,66,205494,35,320454
3959,0.001885,172.217.194.0-255,2902,208396,35,320454
3960,0.00189,172.31.33.0-255,66,208462,35,320454
3961,0.00189,172.217.194.0-255,5738,214200,35,320454
3962,0.001893,172.31.33.0-255,66,214266,35,320454
3963,0.001916,172.217.194.0-255,7156,221422,35,320454
3964,0.001921,172.31.33.0-255,66,221488,35,320454
3965,0.001928,172.31.33.0-255,66,221554,35,320454
3966,0.002058,172.217.194.0-255,1484,223038,35,320454
3967,0.002063,172.217.194.0-255,2902,225940,35,320454
3968,0.002066,172.31.33.0-255,66,226006,35,320454
3969,0.002088,172.217.194.0-255,5738,231744,35,320454
3970,0.00209,172.31.33.0-255,66,231810,35,320454
3971,0.002106,172.217.194.0-255,7156,238966,35,320454
3972,0.002109,172.31.33.0-255,66,239032,35,320454
3973,0.002138,172.217.194.0-255,5738,244770,35,320454
3974,0.002141,172.31.33.0-255,66,244836,35,320454
3975,0.002146,172.217.194.0-255,2902,247738,35,320454
3976,0.002148,172.31.33.0-255,66,247804,35,320454
3977,0.00217,172.31.33.0-255,66,247870,35,320454
3978,0.002193,172.217.194.0-255,1484,249354,35,320454
3979,0.002197,172.217.194.0-255,2902,252256,35,320454
3980,0.002201,172.217.194.0-255,2902,255158,35,320454
3981,0.002201,172.31.33.0-255,66,255224,35,320454
3982,0.002204,172.31.33.0-255,66,255290,35,320454
3983,0.002215,172.217.194.0-255,2902,258192,35,320454
3984,0.002217,172.31.33.0-255,66,258258,35,320454
3985,0.002242,172.217.194.0-255,7156,265414,35,320454
3986,0.002245,172.31.33.0-255,66,265480,35,320454
3987,0.002261,172.217.194.0-255,5738,271218,35,320454
3988,0.002264,172.31.33.0-255,66,271284,35,320454
3989,0.002284,172.217.194.0-255,2902,274186,35,320454
3990,0.002286,172.31.33.0-255,66,274252,35,320454
3991,0.002315,172.31.33.0-255,66,274318,35,320454
3992,0.002322,172.217.194.0-255,7156,281474,35,320454
3993,0.002324,172.217.194.0-255,1484,282958,35,320454
3994,0.002325,172.31.33.0-255,66,283024,35,320454
3995,0.002349,172.217.194.0-255,4320,287344,35,320454
3996,0.002352,172.31.33.0-255,66,287410,35,320454
3997,0.002371,172.31.33.0-255,66,287476,35,320454
3998,0.002386,172.217.194.0-255,5738,293214,35,320454
3999,0.002388,172.31.33.0-255,66,293280,35,320454
4000,0.002394,172.217.194.0-255,6438,299718,35,320454
4001,0.002396,172.31.33.0-255,66,299784,35,320454
4002,0.0024,172.217.194.0-255,2902,302686,35,320454
4003,0.002403,172.31.33.0-255,66,302752,35,320454
4004,0.002405,172.217.194.0-255,1484,304236,35,320454
4005,0.002414,172.217.194.0-255,5768,310004,35,320454
4006,0.002417,172.31.33.0-255,66,310070,35,320454
4007,0.002432,172.217.194.0-255,105,310175,35,320454
4008,0.003363,172.31.33.0-255,66,310241,35,320454
4009,0.003386,172.31.33.0-255,105,310346,35,320454
4010,0.005584,172.217.194.0-255,66,310412,35,320454
4011,0.044492,172.31.33.0-255,172,310584,35,320454
4012,0.044517,172.31.33.0-255,1107,311691,35,320454
4013,0.044564,172.31.33.0-255,1514,313205,35,320454
4014,0.044565,172.31.33.0-255,1514,314719,35,320454
4015,0.044567,172.31.33.0-255,1514,316233,35,320454
4016,0.044568,172.31.33.0-255,1514,317747,35,320454
4017,0.044592,172.31.33.0-255,1514,319261,35,320454
4018,0.044593,172.31.33.0-255,929,320190,35,320454
4019,0.046051,104.244.42.0-255,66,320256,35,320454
4020,0.046102,104.244.42.0-255,66,320322,35,320454
4021,0.046125,104.244.42.0-255,66,320388,35,320454
4022,0.04613,104.244.42.0-255,66,320454,35,320454
4023,0.0,172.217.160.0-255,152,152,35,223677
4024,2e-05,172.31.33.0-255,66,218,35,223677
4025,2.8e-05,172.217.160.0-255,1484,1702,35,223677
4026,3.1e-05,172.31.33.0-255,66,1768,35,223677
4027,3.7e-05,172.217.160.0-255,2902,4670,35,223677
4028,3.9e-05,172.31.33.0-255,66,4736,35,223677
4029,5.3e-05,172.217.160.0-255,5738,10474,35,223677
4030,5.5e-05,172.31.33.0-255,66,10540,35,223677
4031,6.7e-05,172.31.33.0-255,66,10606,35,223677
4032,0.000102,172.31.33.0-255,66,10672,35,223677
4033,0.000132,172.217.160.0-255,2902,13574,35,223677
4034,0.000136,172.31.33.0-255,66,13640,35,223677
4035,0.000168,172.217.160.0-255,7156,20796,35,223677
4036,0.000172,172.31.33.0-255,66,20862,35,223677
4037,0.000203,172.217.160.0-255,6797,27659,35,223677
4038,0.000207,172.31.33.0-255,66,27725,35,223677
4039,0.000213,172.217.160.0-255,7156,34881,35,223677
4040,0.000215,172.31.33.0-255,66,34947,35,223677
4041,0.000268,172.31.33.0-255,66,35013,35,223677
4042,0.000783,172.217.160.0-255,103,35116,35,223677
4043,0.000788,172.31.33.0-255,66,35182,35,223677
4044,0.000821,172.217.160.0-255,1484,36666,35,223677
4045,0.000824,172.31.33.0-255,66,36732,35,223677
4046,0.000829,172.217.160.0-255,2902,39634,35,223677
4047,0.00083,172.31.33.0-255,66,39700,35,223677
4048,0.000859,172.217.160.0-255,5738,45438,35,223677
4049,0.000862,172.31.33.0-255,66,45504,35,223677
4050,0.000873,172.31.33.0-255,66,45570,35,223677
4051,0.000904,172.31.33.0-255,66,45636,35,223677
4052,0.000927,172.217.160.0-255,2483,48119,35,223677
4053,0.000929,172.31.33.0-255,66,48185,35,223677
4054,0.001215,172.217.160.0-255,1484,49669,35,223677
4055,0.001222,172.217.160.0-255,2902,52571,35,223677
4056,0.001225,172.31.33.0-255,66,52637,35,223677
4057,0.00125,172.31.33.0-255,101,52738,35,223677
4058,0.001257,172.217.160.0-255,5738,58476,35,223677
4059,0.00126,172.217.160.0-255,2902,61378,35,223677
4060,0.0013,172.217.160.0-255,1484,62862,35,223677
4061,0.001306,172.31.33.0-255,66,62928,35,223677
4062,0.001314,172.31.33.0-255,66,62994,35,223677
4063,0.001321,172.31.33.0-255,66,63060,35,223677
4064,0.001328,172.217.160.0-255,4320,67380,35,223677
4065,0.001331,172.31.33.0-255,66,67446,35,223677
4066,0.001336,172.217.160.0-255,5020,72466,35,223677
4067,0.001338,172.31.33.0-255,66,72532,35,223677
4068,0.001578,172.217.160.0-255,1484,74016,35,223677
4069,0.001583,172.217.160.0-255,2902,76918,35,223677
4070,0.00159,172.31.33.0-255,66,76984,35,223677
4071,0.001602,172.217.160.0-255,5738,82722,35,223677
4072,0.001604,172.31.33.0-255,66,82788,35,223677
4073,0.001619,172.31.33.0-255,66,82854,35,223677
4074,0.001647,172.217.160.0-255,1484,84338,35,223677
4075,0.001655,172.217.160.0-255,7156,91494,35,223677
4076,0.001663,172.31.33.0-255,66,91560,35,223677
4077,0.001691,172.217.160.0-255,6438,97998,35,223677
4078,0.001694,172.31.33.0-255,66,98064,35,223677
4079,0.001696,172.217.160.0-255,1484,99548,35,223677
4080,0.001699,172.217.160.0-255,1484,101032,35,223677
4081,0.001701,172.31.33.0-255,66,101098,35,223677
4082,0.00171,172.217.160.0-255,4320,105418,35,223677
4083,0.001712,172.31.33.0-255,66,105484,35,223677
4084,0.001715,172.217.160.0-255,1484,106968,35,223677
4085,0.001721,172.217.160.0-255,5738,112706,35,223677
4086,0.001723,172.31.33.0-255,66,112772,35,223677
4087,0.001736,172.217.160.0-255,4320,117092,35,223677
4088,0.001738,172.31.33.0-255,66,117158,35,223677
4089,0.001751,172.31.33.0-255,66,117224,35,223677
4090,0.001761,172.217.160.0-255,4320,121544,35,223677
4091,0.001764,172.31.33.0-255,66,121610,35,223677
4092,0.001766,172.217.160.0-255,766,122376,35,223677
4093,0.001791,172.217.160.0-255,4320,126696,35,223677
4094,0.001794,172.31.33.0-255,66,126762,35,223677
4095,0.001799,172.217.160.0-255,4320,131082,35,223677
4096,0.001807,172.31.33.0-255,66,131148,35,223677
4097,0.00181,172.217.160.0-255,1484,132632,35,223677
4098,0.001813,172.217.160.0-255,1484,134116,35,223677
4099,0.001815,172.31.33.0-255,66,134182,35,223677
4100,0.00185,172.217.160.0-255,5738,139920,35,223677
4101,0.001854,172.31.33.0-255,66,139986,35,223677
4102,0.001864,172.31.33.0-255,66,140052,35,223677
4103,0.001873,172.217.160.0-255,1484,141536,35,223677
4104,0.001896,172.217.160.0-255,6438,147974,35,223677
4105,0.0019,172.31.33.0-255,66,148040,35,223677
4106,0.001933,172.217.160.0-255,7156,155196,35,223677
4107,0.001938,172.31.33.0-255,66,155262,35,223677
4108,0.001948,172.31.33.0-255,66,155328,35,223677
4109,0.001982,172.217.160.0-255,7156,162484,35,223677
4110,0.001987,172.31.33.0-255,66,162550,35,223677
4111,0.001992,172.217.160.0-255,5738,168288,35,223677
4112,0.001994,172.31.33.0-255,66,168354,35,223677
4113,0.001999,172.217.160.0-255,5020,173374,35,223677
4114,0.002008,172.31.33.0-255,66,173440,35,223677
4115,0.002014,172.217.160.0-255,5738,179178,35,223677
4116,0.002017,172.31.33.0-255,66,179244,35,223677
4117,0.002067,172.31.33.0-255,66,179310,35,223677
4118,0.002086,172.31.33.0-255,66,179376,35,223677
4119,0.002115,172.217.160.0-255,3602,182978,35,223677
4120,0.002118,172.31.33.0-255,66,183044,35,223677
4121,0.002121,172.217.160.0-255,1484,184528,35,223677
4122,0.002145,172.217.160.0-255,2902,187430,35,223677
4123,0.002148,172.31.33.0-255,66,187496,35,223677
4124,0.002155,172.217.160.0-255,5738,193234,35,223677
4125,0.002158,172.31.33.0-255,66,193300,35,223677
4126,0.0022,172.217.160.0-255,4320,197620,35,223677
4127,0.002204,172.31.33.0-255,66,197686,35,223677
4128,0.002232,172.217.160.0-255,2902,200588,35,223677
4129,0.002236,172.31.33.0-255,66,200654,35,223677
4130,0.002256,172.31.33.0-255,66,200720,35,223677
4131,0.002261,172.217.160.0-255,2184,202904,35,223677
4132,0.002264,172.31.33.0-255,66,202970,35,223677
4133,0.002629,172.217.160.0-255,1484,204454,35,223677
4134,0.002639,172.217.160.0-255,2902,207356,35,223677
4135,0.002646,172.31.33.0-255,66,207422,35,223677
4136,0.002657,172.217.160.0-255,5738,213160,35,223677
4137,0.002661,172.31.33.0-255,66,213226,35,223677
4138,0.002689,172.31.33.0-255,66,213292,35,223677
4139,0.002697,172.217.160.0-255,5738,219030,35,223677
4140,0.002701,172.31.33.0-255,66,219096,35,223677
4141,0.002758,172.31.33.0-255,66,219162,35,223677
4142,0.002784,172.31.33.0-255,66,219228,35,223677
4143,0.002802,172.31.33.0-255,66,219294,35,223677
4144,0.002806,172.217.160.0-255,97,219391,35,223677
4145,0.002822,172.217.160.0-255,105,219496,35,223677
4146,0.002859,172.217.160.0-255,66,219562,35,223677
4147,0.009816,172.217.160.0-255,105,219667,35,223677
4148,0.009835,172.31.33.0-255,78,219745,35,223677
4149,0.016553,172.31.33.0-255,105,219850,35,223677
4150,0.021778,172.217.160.0-255,66,219916,35,223677
4151,0.051435,172.31.33.0-255,172,220088,35,223677
4152,0.05147,172.31.33.0-255,1107,221195,35,223677
4153,0.05154,172.31.33.0-255,1514,222709,35,223677
4154,0.051541,172.31.33.0-255,770,223479,35,223677
4155,0.053004,104.244.42.0-255,66,223545,35,223677
4156,0.053042,104.244.42.0-255,66,223611,35,223677
4157,0.053102,104.244.42.0-255,66,223677,35,223677
4158,0.0,172.31.33.0-255,105,105,35,276
4159,0.001802,157.240.7.0-255,105,210,35,276
4160,0.001812,172.31.33.0-255,66,276,35,276
4161,0.0,172.31.33.0-255,105,105,35,276
4162,0.001493,157.240.7.0-255,105,210,35,276
4163,0.0015,172.31.33.0-255,66,276,35,276
4164,0.0,172.217.194.0-255,153,153,35,286188
4165,1.4e-05,172.31.33.0-255,66,219,35,286188
4166,2.1e-05,172.217.194.0-255,1484,1703,35,286188
4167,2.4e-05,172.31.33.0-255,66,1769,35,286188
4168,2.8e-05,172.217.194.0-255,1484,3253,35,286188
4169,3e-05,172.31.33.0-255,66,3319,35,286188
4170,6.7e-05,172.217.194.0-255,4320,7639,35,286188
4171,7e-05,172.31.33.0-255,66,7705,35,286188
4172,8.5e-05,172.217.194.0-255,4320,12025,35,286188
4173,9e-05,172.31.33.0-255,66,12091,35,286188
4174,0.000114,172.217.194.0-255,2078,14169,35,286188
4175,0.000116,172.31.33.0-255,66,14235,35,286188
4176,0.000207,172.217.194.0-255,1484,15719,35,286188
4177,0.00021,172.31.33.0-255,66,15785,35,286188
4178,0.000216,172.217.194.0-255,2902,18687,35,286188
4179,0.000217,172.31.33.0-255,66,18753,35,286188
4180,0.000242,172.217.194.0-255,2902,21655,35,286188
4181,0.000244,172.31.33.0-255,66,21721,35,286188
4182,0.000254,172.217.194.0-255,2902,24623,35,286188
4183,0.000256,172.31.33.0-255,66,24689,35,286188
4184,0.00028,172.217.194.0-255,4320,29009,35,286188
4185,0.000282,172.31.33.0-255,66,29075,35,286188
4186,0.00029,172.217.194.0-255,2543,31618,35,286188
4187,0.000292,172.31.33.0-255,66,31684,35,286188
4188,0.000342,172.217.194.0-255,1484,33168,35,286188
4189,0.000345,172.31.33.0-255,66,33234,35,286188
4190,0.000349,172.217.194.0-255,2902,36136,35,286188
4191,0.000351,172.31.33.0-255,66,36202,35,286188
4192,0.000385,172.217.194.0-255,5738,41940,35,286188
4193,0.000387,172.31.33.0-255,66,42006,35,286188
4194,0.000393,172.217.194.0-255,5738,47744,35,286188
4195,0.000394,172.31.33.0-255,66,47810,35,286188
4196,0.000425,172.217.194.0-255,1125,48935,35,286188
4197,0.000822,172.31.33.0-255,66,49001,35,286188
4198,0.00097,172.217.194.0-255,1484,50485,35,286188
4199,0.000977,172.217.194.0-255,2902,53387,35,286188
4200,0.000981,172.31.33.0-255,66,53453,35,286188
4201,0.001014,172.217.194.0-255,4320,57773,35,286188
4202,0.001017,172.31.33.0-255,66,57839,35,286188
4203,0.001024,172.217.194.0-255,5738,63577,35,286188
4204,0.001026,172.31.33.0-255,66,63643,35,286188
4205,0.001055,172.217.194.0-255,2543,66186,35,286188
4206,0.001057,172.31.33.0-255,66,66252,35,286188
4207,0.001127,172.217.194.0-255,1484,67736,35,286188
4208,0.001132,172.217.194.0-255,2902,70638,35,286188
4209,0.001135,172.31.33.0-255,66,70704,35,286188
4210,0.001162,172.217.194.0-255,5738,76442,35,286188
4211,0.001165,172.31.33.0-255,66,76508,35,286188
4212,0.001281,172.31.33.0-255,66,76574,35,286188
4213,0.001296,172.31.33.0-255,66,76640,35,286188
4214,0.001355,172.217.194.0-255,1484,78124,35,286188
4215,0.001376,172.217.194.0-255,1484,79608,35,286188
4216,0.001379,172.31.33.0-255,66,79674,35,286188
4217,0.001405,172.217.194.0-255,1484,81158,35,286188
4218,0.001412,172.217.194.0-255,5738,86896,35,286188
4219,0.001414,172.31.33.0-255,66,86962,35,286188
4220,0.00142,172.217.194.0-255,5738,92700,35,286188
4221,0.001423,172.31.33.0-255,66,92766,35,286188
4222,0.00144,172.217.194.0-255,561,93327,35,286188
4223,0.001663,172.217.194.0-255,1484,94811,35,286188
4224,0.001669,172.31.33.0-255,66,94877,35,286188
4225,0.001676,172.217.194.0-255,2902,97779,35,286188
4226,0.001679,172.31.33.0-255,66,97845,35,286188
4227,0.001684,172.217.194.0-255,4320,102165,35,286188
4228,0.001691,172.31.33.0-255,66,102231,35,286188
4229,0.00172,172.217.194.0-255,1484,103715,35,286188
4230,0.001734,172.31.33.0-255,66,103781,35,286188
4231,0.001761,172.217.194.0-255,2902,106683,35,286188
4232,0.001763,172.31.33.0-255,66,106749,35,286188
4233,0.001793,172.217.194.0-255,6824,113573,35,286188
4234,0.001795,172.31.33.0-255,66,113639,35,286188
4235,0.00182,172.217.194.0-255,1484,115123,35,286188
4236,0.001834,172.217.194.0-255,2902,118025,35,286188
4237,0.001837,172.31.33.0-255,66,118091,35,286188
4238,0.001841,172.217.194.0-255,2902,120993,35,286188
4239,0.001844,172.31.33.0-255,66,121059,35,286188
4240,0.001865,172.217.194.0-255,2902,123961,35,286188
4241,0.001868,172.31.33.0-255,66,124027,35,286188
4242,0.001884,172.31.33.0-255,66,124093,35,286188
4243,0.001897,172.31.33.0-255,66,124159,35,286188
4244,0.00192,172.217.194.0-255,1484,125643,35,286188
4245,0.001929,172.217.194.0-255,2184,127827,35,286188
4246,0.001931,172.31.33.0-255,66,127893,35,286188
4247,0.002258,172.217.194.0-255,1484,129377,35,286188
4248,0.002264,172.217.194.0-255,2902,132279,35,286188
4249,0.002268,172.31.33.0-255,66,132345,35,286188
4250,0.002271,172.217.194.0-255,1484,133829,35,286188
4251,0.0023,172.217.194.0-255,4320,138149,35,286188
4252,0.002303,172.31.33.0-255,66,138215,35,286188
4253,0.002313,172.31.33.0-255,66,138281,35,286188
4254,0.002343,172.217.194.0-255,2902,141183,35,286188
4255,0.002345,172.31.33.0-255,66,141249,35,286188
4256,0.002359,172.31.33.0-255,66,141315,35,286188
4257,0.002362,172.217.194.0-255,766,142081,35,286188
4258,0.002364,172.217.194.0-255,1484,143565,35,286188
4259,0.002367,172.31.33.0-255,66,143631,35,286188
4260,0.002392,172.217.194.0-255,2902,146533,35,286188
4261,0.002394,172.31.33.0-255,66,146599,35,286188
4262,0.002397,172.217.194.0-255,1484,148083,35,286188
4263,0.002419,172.217.194.0-255,4320,152403,35,286188
4264,0.002422,172.31.33.0-255,66,152469,35,286188
4265,0.002447,172.217.194.0-255,5738,158207,35,286188
4266,0.002449,172.31.33.0-255,66,158273,35,286188
4267,0.002462,172.31.33.0-255,66,158339,35,286188
4268,0.002464,172.217.194.0-255,1484,159823,35,286188
4269,0.002475,172.217.194.0-255,2184,162007,35,286188
4270,0.002477,172.31.33.0-255,66,162073,35,286188
4271,0.002502,172.217.194.0-255,1484,163557,35,286188
4272,0.002506,172.217.194.0-255,2902,166459,35,286188
4273,0.002508,172.31.33.0-255,66,166525,35,286188
4274,0.002511,172.217.194.0-255,1484,168009,35,286188
4275,0.002533,172.217.194.0-255,4320,172329,35,286188
4276,0.002535,172.31.33.0-255,66,172395,35,286188
4277,0.002545,172.31.33.0-255,66,172461,35,286188
4278,0.002571,172.217.194.0-255,4320,176781,35,286188
4279,0.002573,172.31.33.0-255,66,176847,35,286188
4280,0.002583,172.31.33.0-255,66,176913,35,286188
4281,0.002586,172.217.194.0-255,766,177679,35,286188
4282,0.002643,172.217.194.0-255,1484,179163,35,286188
4283,0.002645,172.31.33.0-255,66,179229,35,286188
4284,0.002649,172.217.194.0-255,2902,182131,35,286188
4285,0.002665,172.217.194.0-255,5738,187869,35,286188
4286,0.00267,172.217.194.0-255,4320,192189,35,286188
4287,0.002698,172.217.194.0-255,7156,199345,35,286188
4288,0.0027,172.217.194.0-255,1484,200829,35,286188
4289,0.002724,172.217.194.0-255,2902,203731,35,286188
4290,0.00303,172.217.194.0-255,1484,205215,35,286188
4291,0.003048,172.217.194.0-255,2902,208117,35,286188
4292,0.003065,172.217.194.0-255,5738,213855,35,286188
4293,0.003068,172.217.194.0-255,1484,215339,35,286188
4294,0.003086,172.217.194.0-255,2902,218241,35,286188
4295,0.003097,172.217.194.0-255,2902,221143,35,286188
4296,0.003124,172.217.194.0-255,2902,224045,35,286188
4297,0.003138,172.217.194.0-255,5020,229065,35,286188
4298,0.003176,172.217.194.0-255,1484,230549,35,286188
4299,0.003199,172.217.194.0-255,2902,233451,35,286188
4300,0.003204,172.217.194.0-255,5738,239189,35,286188
4301,0.003208,172.217.194.0-255,4320,243509,35,286188
4302,0.003224,172.217.194.0-255,7156,250665,35,286188
4303,0.003239,172.217.194.0-255,1484,252149,35,286188
4304,0.00325,172.217.194.0-255,4320,256469,35,286188
4305,0.003262,172.217.194.0-255,4320,260789,35,286188
4306,0.003272,172.217.194.0-255,2184,262973,35,286188
4307,0.003299,172.217.194.0-255,7156,270129,35,286188
4308,0.003312,172.217.194.0-255,4320,274449,35,286188
4309,0.003314,172.217.194.0-255,1177,275626,35,286188
4310,0.003382,172.217.194.0-255,105,275731,35,286188
4311,0.005234,172.31.33.0-255,66,275797,35,286188
4312,0.00755,172.31.33.0-255,105,275902,35,286188
4313,0.009805,172.217.194.0-255,66,275968,35,286188
4314,0.041321,172.31.33.0-255,176,276144,35,286188
4315,0.041353,172.31.33.0-255,1107,277251,35,286188
4316,0.04142,172.31.33.0-255,1514,278765,35,286188
4317,0.041422,172.31.33.0-255,1514,280279,35,286188
4318,0.041427,172.31.33.0-255,1514,281793,35,286188
4319,0.041429,172.31.33.0-255,1514,283307,35,286188
4320,0.041448,172.31.33.0-255,1514,284821,35,286188
4321,0.041449,172.31.33.0-255,929,285750,35,286188
4322,0.042894,104.244.42.0-255,66,285816,35,286188
4323,0.042923,104.244.42.0-255,66,285882,35,286188
4324,0.043006,104.244.42.0-255,66,285948,35,286188
4325,0.04301,104.244.42.0-255,66,286014,35,286188
4326,0.043747,104.244.42.0-255,108,286122,35,286188
4327,0.043766,172.31.33.0-255,66,286188,35,286188
4328,0.0,74.125.24.0-255,297,297,35,220246
4329,2.1e-05,172.31.33.0-255,66,363,35,220246
4330,2.7e-05,74.125.24.0-255,1484,1847,35,220246
4331,3.1e-05,172.31.33.0-255,66,1913,35,220246
4332,4.8e-05,74.125.24.0-255,4320,6233,35,220246
4333,5.1e-05,172.31.33.0-255,66,6299,35,220246
4334,6.3e-05,172.31.33.0-255,66,6365,35,220246
4335,6.8e-05,74.125.24.0-255,2902,9267,35,220246
4336,7.1e-05,172.31.33.0-255,66,9333,35,220246
4337,0.00011,172.31.33.0-255,66,9399,35,220246
4338,0.000143,74.125.24.0-255,2902,12301,35,220246
4339,0.000145,172.31.33.0-255,66,12367,35,220246
4340,0.000173,74.125.24.0-255,1125,13492,35,220246
4341,0.000175,172.31.33.0-255,66,13558,35,220246
4342,0.001184,74.125.24.0-255,1484,15042,35,220246
4343,0.00119,172.31.33.0-255,66,15108,35,220246
4344,0.001199,74.125.24.0-255,2902,18010,35,220246
4345,0.001201,172.31.33.0-255,66,18076,35,220246
4346,0.001215,74.125.24.0-255,5738,23814,35,220246
4347,0.001218,172.31.33.0-255,66,23880,35,220246
4348,0.001258,74.125.24.0-255,6797,30677,35,220246
4349,0.001261,172.31.33.0-255,66,30743,35,220246
4350,0.001269,74.125.24.0-255,7156,37899,35,220246
4351,0.001271,172.31.33.0-255,66,37965,35,220246
4352,0.001277,74.125.24.0-255,5738,43703,35,220246
4353,0.001279,172.31.33.0-255,66,43769,35,220246
4354,0.001318,74.125.24.0-255,4235,48004,35,220246
4355,0.001322,172.31.33.0-255,66,48070,35,220246
4356,0.001555,74.125.24.0-255,128,48198,35,220246
4357,0.001562,172.31.33.0-255,66,48264,35,220246
4358,0.002041,74.125.24.0-255,1484,49748,35,220246
4359,0.002049,74.125.24.0-255,2902,52650,35,220246
4360,0.002053,172.31.33.0-255,66,52716,35,220246
4361,0.002075,74.125.24.0-255,5738,58454,35,220246
4362,0.002078,172.31.33.0-255,66,58520,35,220246
4363,0.002103,172.31.33.0-255,66,58586,35,220246
4364,0.002138,74.125.24.0-255,4320,62906,35,220246
4365,0.002141,172.31.33.0-255,66,62972,35,220246
4366,0.002168,74.125.24.0-255,6438,69410,35,220246
4367,0.002171,172.31.33.0-255,66,69476,35,220246
4368,0.004385,74.125.24.0-255,5738,75214,35,220246
4369,0.004394,172.31.33.0-255,66,75280,35,220246
4370,0.006618,74.125.24.0-255,5738,81018,35,220246
4371,0.006625,172.31.33.0-255,66,81084,35,220246
4372,0.008875,74.125.24.0-255,5738,86822,35,220246
4373,0.008883,172.31.33.0-255,66,86888,35,220246
4374,0.011139,74.125.24.0-255,5738,92626,35,220246
4375,0.011147,172.31.33.0-255,66,92692,35,220246
4376,0.013408,74.125.24.0-255,5738,98430,35,220246
4377,0.013418,172.31.33.0-255,66,98496,35,220246
4378,0.015668,74.125.24.0-255,5738,104234,35,220246
4379,0.015677,172.31.33.0-255,66,104300,35,220246
4380,0.017919,74.125.24.0-255,5738,110038,35,220246
4381,0.017927,172.31.33.0-255,66,110104,35,220246
4382,0.020147,74.125.24.0-255,5738,115842,35,220246
4383,0.020154,172.31.33.0-255,66,115908,35,220246
4384,0.022389,74.125.24.0-255,5738,121646,35,220246
4385,0.022397,172.31.33.0-255,66,121712,35,220246
4386,0.024646,74.125.24.0-255,5738,127450,35,220246
4387,0.024654,172.31.33.0-255,66,127516,35,220246
4388,0.02687,74.125.24.0-255,5738,133254,35,220246
4389,0.026879,172.31.33.0-255,66,133320,35,220246
4390,0.029119,74.125.24.0-255,5738,139058,35,220246
4391,0.029126,172.31.33.0-255,66,139124,35,220246
4392,0.031347,74.125.24.0-255,5738,144862,35,220246
4393,0.031353,172.31.33.0-255,66,144928,35,220246
4394,0.033598,74.125.24.0-255,5738,150666,35,220246
4395,0.033605,172.31.33.0-255,66,150732,35,220246
4396,0.03423,172.31.33.0-255,172,150904,35,220246
4397,0.034278,172.31.33.0-255,1109,152013,35,220246
4398,0.034366,172.31.33.0-255,1514,153527,35,220246
4399,0.034368,172.31.33.0-255,1514,155041,35,220246
4400,0.034373,172.31.33.0-255,1514,156555,35,220246
4401,0.034374,172.31.33.0-255,803,157358,35,220246
4402,0.035779,104.244.42.0-255,66,157424,35,220246
4403,0.035828,104.244.42.0-255,66,157490,35,220246
4404,0.035841,74.125.24.0-255,4320,161810,35,220246
4405,0.035846,172.31.33.0-255,66,161876,35,220246
4406,0.035875,74.125.24.0-255,1484,163360,35,220246
4407,0.035983,104.244.42.0-255,66,163426,35,220246
4408,0.03599,104.244.42.0-255,66,163492,35,220246
4409,0.038107,74.125.24.0-255,4320,167812,35,220246
4410,0.038112,172.31.33.0-255,66,167878,35,220246
4411,0.040362,74.125.24.0-255,5738,173616,35,220246
4412,0.040369,172.31.33.0-255,66,173682,35,220246
4413,0.042636,74.125.24.0-255,5738,179420,35,220246
4414,0.042641,172.31.33.0-255,66,179486,35,220246
4415,0.045016,74.125.24.0-255,5738,185224,35,220246
4416,0.045022,172.31.33.0-255,66,185290,35,220246
4417,0.04724,74.125.24.0-255,5738,191028,35,220246
4418,0.047246,172.31.33.0-255,66,191094,35,220246
4419,0.049481,74.125.24.0-255,2902,193996,35,220246
4420,0.049486,172.31.33.0-255,66,194062,35,220246
4421,0.049516,74.125.24.0-255,2902,196964,35,220246
4422,0.049519,172.31.33.0-255,66,197030,35,220246
4423,0.051765,74.125.24.0-255,5738,202768,35,220246
4424,0.051769,172.31.33.0-255,66,202834,35,220246
4425,0.054005,74.125.24.0-255,5738,208572,35,220246
4426,0.05401,172.31.33.0-255,66,208638,35,220246
4427,0.056225,74.125.24.0-255,5738,214376,35,220246
4428,0.056233,172.31.33.0-255,66,214442,35,220246
4429,0.05847,74.125.24.0-255,5738,220180,35,220246
4430,0.058475,172.31.33.0-255,66,220246,35,220246
4431,0.0,172.31.33.0-255,105,105,35,276
4432,0.001789,157.240.7.0-255,105,210,35,276
4433,0.001802,172.31.33.0-255,66,276,35,276
4434,0.0,74.125.130.0-255,153,153,35,331264
4435,1.5e-05,172.31.33.0-255,66,219,35,331264
4436,4.4e-05,74.125.130.0-255,1484,1703,35,331264
4437,4.9e-05,172.31.33.0-255,66,1769,35,331264
4438,5.4e-05,74.125.130.0-255,2902,4671,35,331264
4439,5.7e-05,172.31.33.0-255,66,4737,35,331264
4440,5.9e-05,74.125.130.0-255,1484,6221,35,331264
4441,6.6e-05,172.31.33.0-255,66,6287,35,331264
4442,8.9e-05,74.125.130.0-255,2902,9189,35,331264
4443,9.6e-05,172.31.33.0-255,66,9255,35,331264
4444,0.000127,74.125.130.0-255,4873,14128,35,331264
4445,0.00013,172.31.33.0-255,66,14194,35,331264
4446,0.000195,74.125.130.0-255,1484,15678,35,331264
4447,0.000199,172.31.33.0-255,66,15744,35,331264
4448,0.000203,74.125.130.0-255,2902,18646,35,331264
4449,0.000205,172.31.33.0-255,66,18712,35,331264
4450,0.000223,74.125.130.0-255,1484,20196,35,331264
4451,0.000225,172.31.33.0-255,66,20262,35,331264
4452,0.000251,74.125.130.0-255,4320,24582,35,331264
4453,0.000258,172.31.33.0-255,66,24648,35,331264
4454,0.000262,74.125.130.0-255,2902,27550,35,331264
4455,0.000263,172.31.33.0-255,66,27616,35,331264
4456,0.000288,74.125.130.0-255,3961,31577,35,331264
4457,0.00029,172.31.33.0-255,66,31643,35,331264
4458,0.000297,74.125.130.0-255,7156,38799,35,331264
4459,0.000298,172.31.33.0-255,66,38865,35,331264
4460,0.000336,172.31.33.0-255,66,38931,35,331264
4461,0.000362,74.125.130.0-255,1125,40056,35,331264
4462,0.000364,172.31.33.0-255,66,40122,35,331264
4463,0.000385,74.125.130.0-255,1484,41606,35,331264
4464,0.000387,172.31.33.0-255,66,41672,35,331264
4465,0.000427,74.125.130.0-255,4320,45992,35,331264
4466,0.000431,172.31.33.0-255,66,46058,35,331264
4467,0.000437,74.125.130.0-255,5738,51796,35,331264
4468,0.000439,172.31.33.0-255,66,51862,35,331264
4469,0.000466,74.125.130.0-255,5379,57241,35,331264
4470,0.000469,172.31.33.0-255,66,57307,35,331264
4471,0.000605,74.125.130.0-255,364,57671,35,331264
4472,0.000647,74.125.130.0-255,1484,59155,35,331264
4473,0.000652,172.31.33.0-255,66,59221,35,331264
4474,0.000655,74.125.130.0-255,1484,60705,35,331264
4475,0.000684,74.125.130.0-255,2902,63607,35,331264
4476,0.000688,172.31.33.0-255,66,63673,35,331264
4477,0.000694,74.125.130.0-255,5738,69411,35,331264
4478,0.000696,172.31.33.0-255,66,69477,35,331264
4479,0.000736,172.31.33.0-255,66,69543,35,331264
4480,0.000738,74.125.130.0-255,1484,71027,35,331264
4481,0.000763,74.125.130.0-255,2902,73929,35,331264
4482,0.000766,172.31.33.0-255,66,73995,35,331264
4483,0.000772,74.125.130.0-255,4320,78315,35,331264
4484,0.000774,172.31.33.0-255,66,78381,35,331264
4485,0.000795,74.125.130.0-255,1484,79865,35,331264
4486,0.000798,74.125.130.0-255,766,80631,35,331264
4487,0.000804,172.31.33.0-255,66,80697,35,331264
4488,0.000827,74.125.130.0-255,378,81075,35,331264
4489,0.001183,74.125.130.0-255,1484,82559,35,331264
4490,0.001189,172.31.33.0-255,66,82625,35,331264
4491,0.001194,74.125.130.0-255,2902,85527,35,331264
4492,0.001196,172.31.33.0-255,66,85593,35,331264
4493,0.001225,74.125.130.0-255,2902,88495,35,331264
4494,0.001227,172.31.33.0-255,66,88561,35,331264
4495,0.001255,74.125.130.0-255,2902,91463,35,331264
4496,0.001258,172.31.33.0-255,66,91529,35,331264
4497,0.001262,74.125.130.0-255,2902,94431,35,331264
4498,0.001263,172.31.33.0-255,66,94497,35,331264
4499,0.001287,74.125.130.0-255,4320,98817,35,331264
4500,0.001308,172.31.33.0-255,101,98918,35,331264
4501,0.001329,172.31.33.0-255,66,98984,35,331264
4502,0.001331,172.31.33.0-255,66,99050,35,331264
4503,0.001351,74.125.130.0-255,5020,104070,35,331264
4504,0.001353,172.31.33.0-255,66,104136,35,331264
4505,0.002344,74.125.130.0-255,1484,105620,35,331264
4506,0.002363,74.125.130.0-255,2902,108522,35,331264
4507,0.002366,172.31.33.0-255,66,108588,35,331264
4508,0.002396,74.125.130.0-255,5738,114326,35,331264
4509,0.002399,172.31.33.0-255,66,114392,35,331264
4510,0.002402,74.125.130.0-255,2902,117294,35,331264
4511,0.002404,172.31.33.0-255,66,117360,35,331264
4512,0.002408,74.125.130.0-255,4320,121680,35,331264
4513,0.002413,172.31.33.0-255,66,121746,35,331264
4514,0.002462,172.31.33.0-255,66,121812,35,331264
4515,0.002468,74.125.130.0-255,5738,127550,35,331264
4516,0.002469,172.31.33.0-255,66,127616,35,331264
4517,0.002494,74.125.130.0-255,2184,129800,35,331264
4518,0.002496,172.31.33.0-255,66,129866,35,331264
4519,0.002695,74.125.130.0-255,1484,131350,35,331264
4520,0.0027,74.125.130.0-255,2902,134252,35,331264
4521,0.002702,172.31.33.0-255,66,134318,35,331264
4522,0.002732,74.125.130.0-255,5738,140056,35,331264
4523,0.002734,172.31.33.0-255,66,140122,35,331264
4524,0.002738,74.125.130.0-255,2902,143024,35,331264
4525,0.002739,172.31.33.0-255,66,143090,35,331264
4526,0.002742,74.125.130.0-255,1484,144574,35,331264
4527,0.002766,74.125.130.0-255,2902,147476,35,331264
4528,0.002768,172.31.33.0-255,66,147542,35,331264
4529,0.002794,74.125.130.0-255,2902,150444,35,331264
4530,0.002796,172.31.33.0-255,66,150510,35,331264
4531,0.002799,74.125.130.0-255,1484,151994,35,331264
4532,0.00282,74.125.130.0-255,4320,156314,35,331264
4533,0.002822,172.31.33.0-255,66,156380,35,331264
4534,0.002824,74.125.130.0-255,1484,157864,35,331264
4535,0.002827,74.125.130.0-255,1484,159348,35,331264
4536,0.002828,172.31.33.0-255,66,159414,35,331264
4537,0.002847,74.125.130.0-255,2902,162316,35,331264
4538,0.002853,172.31.33.0-255,66,162382,35,331264
4539,0.002856,74.125.130.0-255,2184,164566,35,331264
4540,0.002858,172.31.33.0-255,66,164632,35,331264
4541,0.00286,74.125.130.0-255,1484,166116,35,331264
4542,0.002887,74.125.130.0-255,4320,170436,35,331264
4543,0.00289,172.31.33.0-255,66,170502,35,331264
4544,0.002893,74.125.130.0-255,2902,173404,35,331264
4545,0.002895,172.31.33.0-255,66,173470,35,331264
4546,0.002913,74.125.130.0-255,4320,177790,35,331264
4547,0.002918,172.31.33.0-255,66,177856,35,331264
4548,0.00294,74.125.130.0-255,2902,180758,35,331264
4549,0.002943,172.31.33.0-255,66,180824,35,331264
4550,0.002947,74.125.130.0-255,4320,185144,35,331264
4551,0.002948,172.31.33.0-255,66,185210,35,331264
4552,0.002953,74.125.130.0-255,4320,189530,35,331264
4553,0.002954,172.31.33.0-255,66,189596,35,331264
4554,0.002973,74.125.130.0-255,2902,192498,35,331264
4555,0.002974,172.31.33.0-255,66,192564,35,331264
4556,0.00298,74.125.130.0-255,1484,194048,35,331264
4557,0.002983,74.125.130.0-255,1484,195532,35,331264
4558,0.002984,172.31.33.0-255,66,195598,35,331264
4559,0.003009,74.125.130.0-255,3602,199200,35,331264
4560,0.003015,172.31.33.0-255,66,199266,35,331264
4561,0.003115,74.125.130.0-255,1484,200750,35,331264
4562,0.00313,74.125.130.0-255,2902,203652,35,331264
4563,0.003132,172.31.33.0-255,66,203718,35,331264
4564,0.003143,74.125.130.0-255,2902,206620,35,331264
4565,0.003145,172.31.33.0-255,66,206686,35,331264
4566,0.003166,74.125.130.0-255,2902,209588,35,331264
4567,0.003167,172.31.33.0-255,66,209654,35,331264
4568,0.003184,74.125.130.0-255,2902,212556,35,331264
4569,0.003186,172.31.33.0-255,66,212622,35,331264
4570,0.003219,74.125.130.0-255,4320,216942,35,331264
4571,0.003226,172.31.33.0-255,66,217008,35,331264
4572,0.003235,172.31.33.0-255,66,217074,35,331264
4573,0.003237,74.125.130.0-255,1484,218558,35,331264
4574,0.00324,74.125.130.0-255,1484,220042,35,331264
4575,0.003241,172.31.33.0-255,66,220108,35,331264
4576,0.003247,74.125.130.0-255,5020,225128,35,331264
4577,0.003249,172.31.33.0-255,66,225194,35,331264
4578,0.003381,74.125.130.0-255,1484,226678,35,331264
4579,0.003385,74.125.130.0-255,1484,228162,35,331264
4580,0.003388,172.31.33.0-255,66,228228,35,331264
4581,0.003404,74.125.130.0-255,1484,229712,35,331264
4582,0.003413,74.125.130.0-255,4320,234032,35,331264
4583,0.003416,172.31.33.0-255,66,234098,35,331264
4584,0.003422,74.125.130.0-255,5738,239836,35,331264
4585,0.003424,172.31.33.0-255,66,239902,35,331264
4586,0.003457,74.125.130.0-255,7156,247058,35,331264
4587,0.003461,172.31.33.0-255,66,247124,35,331264
4588,0.003489,74.125.130.0-255,2902,250026,35,331264
4589,0.003492,172.31.33.0-255,66,250092,35,331264
4590,0.003499,74.125.130.0-255,7156,257248,35,331264
4591,0.003501,172.31.33.0-255,66,257314,35,331264
4592,0.003522,74.125.130.0-255,3602,260916,35,331264
4593,0.00353,172.31.33.0-255,66,260982,35,331264
4594,0.003534,74.125.130.0-255,4320,265302,35,331264
4595,0.003536,172.31.33.0-255,66,265368,35,331264
4596,0.003577,172.31.33.0-255,66,265434,35,331264
4597,0.003603,74.125.130.0-255,1484,266918,35,331264
4598,0.003608,74.125.130.0-255,4320,271238,35,331264
4599,0.003611,172.31.33.0-255,66,271304,35,331264
4600,0.00365,74.125.130.0-255,6438,277742,35,331264
4601,0.003655,172.31.33.0-255,66,277808,35,331264
4602,0.003752,74.125.130.0-255,7156,284964,35,331264
4603,0.003756,172.31.33.0-255,66,285030,35,331264
4604,0.003761,74.125.130.0-255,2902,287932,35,331264
4605,0.003764,172.31.33.0-255,66,287998,35,331264
4606,0.003785,172.31.33.0-255,66,288064,35,331264
4607,0.003788,74.125.130.0-255,1484,289548,35,331264
4608,0.003791,74.125.130.0-255,1484,291032,35,331264
4609,0.003794,172.31.33.0-255,66,291098,35,331264
4610,0.003799,74.125.130.0-255,2902,294000,35,331264
4611,0.003803,172.31.33.0-255,66,294066,35,331264
4612,0.003806,74.125.130.0-255,1484,295550,35,331264
4613,0.003815,74.125.130.0-255,6438,301988,35,331264
4614,0.003819,172.31.33.0-255,66,302054,35,331264
4615,0.003827,74.125.130.0-255,7156,309210,35,331264
4616,0.003831,172.31.33.0-255,66,309276,35,331264
4617,0.003836,74.125.130.0-255,2902,312178,35,331264
4618,0.003842,172.31.33.0-255,66,312244,35,331264
4619,0.003874,74.125.130.0-255,2902,315146,35,331264
4620,0.003883,172.31.33.0-255,66,315212,35,331264
4621,0.003891,74.125.130.0-255,7156,322368,35,331264
4622,0.003895,172.31.33.0-255,66,322434,35,331264
4623,0.003898,74.125.130.0-255,1484,323918,35,331264
4624,0.003905,74.125.130.0-255,5458,329376,35,331264
4625,0.003908,172.31.33.0-255,66,329442,35,331264
4626,0.003911,74.125.130.0-255,97,329539,35,331264
4627,0.003965,74.125.130.0-255,105,329644,35,331264
4628,0.005572,172.31.33.0-255,66,329710,35,331264
4629,0.005631,172.31.33.0-255,105,329815,35,331264
4630,0.012554,74.125.130.0-255,66,329881,35,331264
4631,0.047036,172.31.33.0-255,172,330053,35,331264
4632,0.047087,172.31.33.0-255,1079,331132,35,331264
4633,0.048605,104.244.42.0-255,66,331198,35,331264
4634,0.048653,104.244.42.0-255,66,331264,35,331264
4635,0.0,74.125.130.0-255,153,153,35,372414
4636,1.4e-05,172.31.33.0-255,66,219,35,372414
4637,4.4e-05,74.125.130.0-255,1484,1703,35,372414
4638,4.8e-05,172.31.33.0-255,66,1769,35,372414
4639,5.4e-05,74.125.130.0-255,2902,4671,35,372414
4640,5.7e-05,172.31.33.0-255,66,4737,35,372414
4641,7.4e-05,74.125.130.0-255,2902,7639,35,372414
4642,7.7e-05,172.31.33.0-255,66,7705,35,372414
4643,0.000103,74.125.130.0-255,1484,9189,35,372414
4644,0.000105,172.31.33.0-255,66,9255,35,372414
4645,0.000111,74.125.130.0-255,4893,14148,35,372414
4646,0.000113,172.31.33.0-255,66,14214,35,372414
4647,0.000189,74.125.130.0-255,1484,15698,35,372414
4648,0.000191,172.31.33.0-255,66,15764,35,372414
4649,0.000216,74.125.130.0-255,2902,18666,35,372414
4650,0.000219,172.31.33.0-255,66,18732,35,372414
4651,0.000224,74.125.130.0-255,4320,23052,35,372414
4652,0.000226,172.31.33.0-255,66,23118,35,372414
4653,0.000255,74.125.130.0-255,5738,28856,35,372414
4654,0.000257,172.31.33.0-255,66,28922,35,372414
4655,0.000295,74.125.130.0-255,2543,31465,35,372414
4656,0.000297,172.31.33.0-255,66,31531,35,372414
4657,0.000817,74.125.130.0-255,1484,33015,35,372414
4658,0.000822,172.31.33.0-255,66,33081,35,372414
4659,0.000848,74.125.130.0-255,2902,35983,35,372414
4660,0.00085,172.31.33.0-255,66,36049,35,372414
4661,0.000878,74.125.130.0-255,4320,40369,35,372414
4662,0.00088,172.31.33.0-255,66,40435,35,372414
4663,0.000909,74.125.130.0-255,4320,44755,35,372414
4664,0.000912,172.31.33.0-255,66,44821,35,372414
4665,0.000941,74.125.130.0-255,5379,50200,35,372414
4666,0.000943,172.31.33.0-255,66,50266,35,372414
4667,0.000971,74.125.130.0-255,2902,53168,35,372414
4668,0.000974,172.31.33.0-255,66,53234,35,372414
4669,0.000996,74.125.130.0-255,7156,60390,35,372414
4670,0.000998,172.31.33.0-255,66,60456,35,372414
4671,0.001001,74.125.130.0-255,1484,61940,35,372414
4672,0.001027,74.125.130.0-255,3961,65901,35,372414
4673,0.001029,172.31.33.0-255,66,65967,35,372414
4674,0.001184,74.125.130.0-255,646,66613,35,372414
4675,0.001294,172.31.33.0-255,66,66679,35,372414
4676,0.00249,74.125.130.0-255,1484,68163,35,372414
4677,0.0025,74.125.130.0-255,2902,71065,35,372414
4678,0.002504,172.31.33.0-255,66,71131,35,372414
4679,0.002526,74.125.130.0-255,4320,75451,35,372414
4680,0.002528,172.31.33.0-255,66,75517,35,372414
4681,0.002552,74.125.130.0-255,1484,77001,35,372414
4682,0.002556,74.125.130.0-255,2902,79903,35,372414
4683,0.002558,172.31.33.0-255,66,79969,35,372414
4684,0.002561,74.125.130.0-255,2902,82871,35,372414
4685,0.002564,172.31.33.0-255,66,82937,35,372414
4686,0.002567,74.125.130.0-255,1484,84421,35,372414
4687,0.002606,74.125.130.0-255,7156,91577,35,372414
4688,0.002609,172.31.33.0-255,66,91643,35,372414
4689,0.002613,74.125.130.0-255,1484,93127,35,372414
4690,0.002615,74.125.130.0-255,1484,94611,35,372414
4691,0.002618,172.31.33.0-255,66,94677,35,372414
4692,0.002621,74.125.130.0-255,1484,96161,35,372414
4693,0.002631,74.125.130.0-255,5020,101181,35,372414
4694,0.002633,172.31.33.0-255,66,101247,35,372414
4695,0.002765,74.125.130.0-255,1484,102731,35,372414
4696,0.002783,74.125.130.0-255,2902,105633,35,372414
4697,0.002787,172.31.33.0-255,66,105699,35,372414
4698,0.002791,74.125.130.0-255,1484,107183,35,372414
4699,0.002795,74.125.130.0-255,2902,110085,35,372414
4700,0.002798,172.31.33.0-255,66,110151,35,372414
4701,0.002831,74.125.130.0-255,5738,115889,35,372414
4702,0.002835,172.31.33.0-255,66,115955,35,372414
4703,0.002863,74.125.130.0-255,7156,123111,35,372414
4704,0.002866,172.31.33.0-255,66,123177,35,372414
4705,0.002869,74.125.130.0-255,1484,124661,35,372414
4706,0.002875,74.125.130.0-255,4320,128981,35,372414
4707,0.002878,172.31.33.0-255,66,129047,35,372414
4708,0.002902,74.125.130.0-255,4320,133367,35,372414
4709,0.002905,74.125.130.0-255,1484,134851,35,372414
4710,0.002909,172.31.33.0-255,66,134917,35,372414
4711,0.002948,74.125.130.0-255,1484,136401,35,372414
4712,0.002952,172.31.33.0-255,66,136467,35,372414
4713,0.002982,74.125.130.0-255,3602,140069,35,372414
4714,0.002985,172.31.33.0-255,66,140135,35,372414
4715,0.003003,74.125.130.0-255,4320,144455,35,372414
4716,0.003007,172.31.33.0-255,66,144521,35,372414
4717,0.003017,74.125.130.0-255,1484,146005,35,372414
4718,0.003036,74.125.130.0-255,4320,150325,35,372414
4719,0.003038,172.31.33.0-255,66,150391,35,372414
4720,0.003043,74.125.130.0-255,4320,154711,35,372414
4721,0.003045,172.31.33.0-255,66,154777,35,372414
4722,0.003081,74.125.130.0-255,4320,159097,35,372414
4723,0.003085,172.31.33.0-255,66,159163,35,372414
4724,0.003107,74.125.130.0-255,1484,160647,35,372414
4725,0.003111,74.125.130.0-255,1484,162131,35,372414
4726,0.003113,172.31.33.0-255,66,162197,35,372414
4727,0.003117,74.125.130.0-255,2902,165099,35,372414
4728,0.003119,172.31.33.0-255,66,165165,35,372414
4729,0.003146,74.125.130.0-255,1484,166649,35,372414
4730,0.003169,74.125.130.0-255,2902,169551,35,372414
4731,0.003173,172.31.33.0-255,66,169617,35,372414
4732,0.003176,74.125.130.0-255,766,170383,35,372414
4733,0.00322,74.125.130.0-255,1484,171867,35,372414
4734,0.003223,172.31.33.0-255,66,171933,35,372414
4735,0.00324,74.125.130.0-255,1484,173417,35,372414
4736,0.003287,74.125.130.0-255,2902,176319,35,372414
4737,0.00329,172.31.33.0-255,66,176385,35,372414
4738,0.003295,74.125.130.0-255,2902,179287,35,372414
4739,0.003297,172.31.33.0-255,66,179353,35,372414
4740,0.003351,74.125.130.0-255,2902,182255,35,372414
4741,0.003354,172.31.33.0-255,66,182321,35,372414
4742,0.003374,74.125.130.0-255,1484,183805,35,372414
4743,0.003382,74.125.130.0-255,5738,189543,35,372414
4744,0.003384,172.31.33.0-255,66,189609,35,372414
4745,0.003413,74.125.130.0-255,4320,193929,35,372414
4746,0.003418,74.125.130.0-255,4320,198249,35,372414
4747,0.003422,172.31.33.0-255,66,198315,35,372414
4748,0.003425,172.31.33.0-255,66,198381,35,372414
4749,0.003434,74.125.130.0-255,1484,199865,35,372414
4750,0.003439,74.125.130.0-255,4320,204185,35,372414
4751,0.003446,172.31.33.0-255,66,204251,35,372414
4752,0.003478,74.125.130.0-255,766,205017,35,372414
4753,0.003482,74.125.130.0-255,1484,206501,35,372414
4754,0.003486,74.125.130.0-255,4320,210821,35,372414
4755,0.003492,74.125.130.0-255,1484,212305,35,372414
4756,0.003497,172.31.33.0-255,66,212371,35,372414
4757,0.003501,172.31.33.0-255,66,212437,35,372414
4758,0.003527,74.125.130.0-255,4320,216757,35,372414
4759,0.003531,172.31.33.0-255,66,216823,35,372414
4760,0.003534,74.125.130.0-255,1484,218307,35,372414
4761,0.003537,74.125.130.0-255,1484,219791,35,372414
4762,0.00354,172.31.33.0-255,78,219869,35,372414
4763,0.003554,172.31.33.0-255,78,219947,35,372414
4764,0.003565,74.125.130.0-255,1484,221431,35,372414
4765,0.003568,172.31.33.0-255,66,221497,35,372414
4766,0.003575,74.125.130.0-255,1484,222981,35,372414
4767,0.003578,74.125.130.0-255,1484,224465,35,372414
4768,0.00358,172.31.33.0-255,66,224531,35,372414
4769,0.003618,74.125.130.0-255,5020,229551,35,372414
4770,0.003621,172.31.33.0-255,66,229617,35,372414
4771,0.003628,74.125.130.0-255,5738,235355,35,372414
4772,0.00363,172.31.33.0-255,66,235421,35,372414
4773,0.003675,74.125.130.0-255,7156,242577,35,372414
4774,0.003679,172.31.33.0-255,66,242643,35,372414
4775,0.003697,74.125.130.0-255,4320,246963,35,372414
4776,0.003699,172.31.33.0-255,66,247029,35,372414
4777,0.003718,172.31.33.0-255,66,247095,35,372414
4778,0.003722,74.125.130.0-255,2902,249997,35,372414
4779,0.003725,172.31.33.0-255,66,250063,35,372414
4780,0.003755,74.125.130.0-255,766,250829,35,372414
4781,0.003856,74.125.130.0-255,1484,252313,35,372414
4782,0.00386,172.31.33.0-255,66,252379,35,372414
4783,0.003887,74.125.130.0-255,2902,255281,35,372414
4784,0.003891,172.31.33.0-255,66,255347,35,372414
4785,0.003896,74.125.130.0-255,2902,258249,35,372414
4786,0.003898,172.31.33.0-255,66,258315,35,372414
4787,0.003933,74.125.130.0-255,4320,262635,35,372414
4788,0.003936,172.31.33.0-255,66,262701,35,372414
4789,0.003942,74.125.130.0-255,4320,267021,35,372414
4790,0.003945,172.31.33.0-255,66,267087,35,372414
4791,0.003982,74.125.130.0-255,4320,271407,35,372414
4792,0.003985,172.31.33.0-255,66,271473,35,372414
4793,0.00399,74.125.130.0-255,4320,275793,35,372414
4794,0.003992,172.31.33.0-255,66,275859,35,372414
4795,0.004002,74.125.130.0-255,5738,281597,35,372414
4796,0.004004,172.31.33.0-255,66,281663,35,372414
4797,0.004009,74.125.130.0-255,3602,285265,35,372414
4798,0.004011,172.31.33.0-255,66,285331,35,372414
4799,0.004068,74.125.130.0-255,2902,288233,35,372414
4800,0.004071,172.31.33.0-255,66,288299,35,372414
4801,0.004088,74.125.130.0-255,1484,289783,35,372414
4802,0.004112,74.125.130.0-255,5738,295521,35,372414
4803,0.00413,74.125.130.0-255,2902,298423,35,372414
4804,0.004142,74.125.130.0-255,2902,301325,35,372414
4805,0.004164,74.125.130.0-255,2902,304227,35,372414
4806,0.00417,74.125.130.0-255,5738,309965,35,372414
4807,0.004182,74.125.130.0-255,4320,314285,35,372414
4808,0.004199,74.125.130.0-255,2902,317187,35,372414
4809,0.004211,74.125.130.0-255,2184,319371,35,372414
4810,0.004229,74.125.130.0-255,2902,322273,35,372414
4811,0.004258,74.125.130.0-255,1484,323757,35,372414
4812,0.004271,74.125.130.0-255,1484,325241,35,372414
4813,0.004293,74.125.130.0-255,2902,328143,35,372414
4814,0.004306,74.125.130.0-255,1484,329627,35,372414
4815,0.004311,74.125.130.0-255,4320,333947,35,372414
4816,0.004325,74.125.130.0-255,1484,335431,35,372414
4817,0.004386,74.125.130.0-255,1484,336915,35,372414
4818,0.004415,74.125.130.0-255,5738,342653,35,372414
4819,0.004433,74.125.130.0-255,3602,346255,35,372414
4820,0.004451,74.125.130.0-255,4320,350575,35,372414
4821,0.004464,74.125.130.0-255,2902,353477,35,372414
4822,0.004476,74.125.130.0-255,2902,356379,35,372414
4823,0.004496,74.125.130.0-255,1484,357863,35,372414
4824,0.004501,74.125.130.0-255,5738,363601,35,372414
4825,0.004512,74.125.130.0-255,1484,365085,35,372414
4826,0.004522,74.125.130.0-255,97,365182,35,372414
4827,0.004524,74.125.130.0-255,105,365287,35,372414
4828,0.004583,172.31.33.0-255,66,365353,35,372414
4829,0.006476,172.31.33.0-255,105,365458,35,372414
4830,0.008975,74.125.130.0-255,66,365524,35,372414
4831,0.037424,172.31.33.0-255,172,365696,35,372414
4832,0.037452,172.31.33.0-255,1108,366804,35,372414
4833,0.037531,172.31.33.0-255,1514,368318,35,372414
4834,0.037533,172.31.33.0-255,1514,369832,35,372414
4835,0.037538,172.31.33.0-255,1514,371346,35,372414
4836,0.037539,172.31.33.0-255,804,372150,35,372414
4837,0.038992,104.244.42.0-255,66,372216,35,372414
4838,0.039043,104.244.42.0-255,66,372282,35,372414
4839,0.039127,104.244.42.0-255,66,372348,35,372414
4840,0.039142,104.244.42.0-255,66,372414,35,372414
4841,0.0,172.31.33.0-255,105,105,35,276
4842,0.001788,157.240.7.0-255,105,210,35,276
4843,0.001802,172.31.33.0-255,66,276,35,276
4844,0.0,172.217.194.0-255,213,213,35,311588
4845,2.5e-05,172.31.33.0-255,66,279,35,311588
4846,3.1e-05,172.217.194.0-255,1484,1763,35,311588
4847,3.5e-05,172.31.33.0-255,66,1829,35,311588
4848,4.1e-05,172.217.194.0-255,2902,4731,35,311588
4849,5.1e-05,172.31.33.0-255,66,4797,35,311588
4850,8e-05,172.217.194.0-255,1484,6281,35,311588
4851,8.2e-05,172.31.33.0-255,66,6347,35,311588
4852,0.000116,172.31.33.0-255,66,6413,35,311588
4853,0.000127,172.31.33.0-255,66,6479,35,311588
4854,0.00013,172.217.194.0-255,1484,7963,35,311588
4855,0.000132,172.31.33.0-255,66,8029,35,311588
4856,0.000168,172.217.194.0-255,6797,14826,35,311588
4857,0.000172,172.31.33.0-255,66,14892,35,311588
4858,0.000291,172.217.194.0-255,1484,16376,35,311588
4859,0.000296,172.31.33.0-255,66,16442,35,311588
4860,0.000302,172.217.194.0-255,2902,19344,35,311588
4861,0.000304,172.31.33.0-255,66,19410,35,311588
4862,0.000317,172.217.194.0-255,5738,25148,35,311588
4863,0.000321,172.31.33.0-255,66,25214,35,311588
4864,0.000324,172.217.194.0-255,1484,26698,35,311588
4865,0.000327,172.31.33.0-255,66,26764,35,311588
4866,0.000365,172.217.194.0-255,5379,32143,35,311588
4867,0.000369,172.31.33.0-255,66,32209,35,311588
4868,0.000385,172.31.33.0-255,66,32275,35,311588
4869,0.000391,172.217.194.0-255,2849,35124,35,311588
4870,0.000393,172.31.33.0-255,66,35190,35,311588
4871,0.000437,172.217.194.0-255,2902,38092,35,311588
4872,0.000442,172.31.33.0-255,66,38158,35,311588
4873,0.000447,172.217.194.0-255,4320,42478,35,311588
4874,0.000451,172.31.33.0-255,66,42544,35,311588
4875,0.000454,172.217.194.0-255,7156,49700,35,311588
4876,0.000463,172.31.33.0-255,66,49766,35,311588
4877,0.000492,172.217.194.0-255,1484,51250,35,311588
4878,0.000497,172.217.194.0-255,859,52109,35,311588
4879,0.0005,172.31.33.0-255,66,52175,35,311588
4880,0.000535,172.217.194.0-255,1484,53659,35,311588
4881,0.000539,172.217.194.0-255,1484,55143,35,311588
4882,0.000542,172.31.33.0-255,66,55209,35,311588
4883,0.000566,172.217.194.0-255,1484,56693,35,311588
4884,0.00057,172.217.194.0-255,2902,59595,35,311588
4885,0.000575,172.31.33.0-255,66,59661,35,311588
4886,0.000605,172.217.194.0-255,2902,62563,35,311588
4887,0.000609,172.31.33.0-255,66,62629,35,311588
4888,0.000616,172.217.194.0-255,6797,69426,35,311588
4889,0.000619,172.31.33.0-255,66,69492,35,311588
4890,0.000631,172.217.194.0-255,4320,73812,35,311588
4891,0.000634,172.31.33.0-255,66,73878,35,311588
4892,0.000678,172.217.194.0-255,2543,76421,35,311588
4893,0.000679,172.31.33.0-255,66,76487,35,311588
4894,0.000682,172.31.33.0-255,66,76553,35,311588
4895,0.000754,172.217.194.0-255,1484,78037,35,311588
4896,0.000768,172.217.194.0-255,2902,80939,35,311588
4897,0.000772,172.31.33.0-255,66,81005,35,311588
4898,0.000791,172.217.194.0-255,5738,86743,35,311588
4899,0.000794,172.31.33.0-255,66,86809,35,311588
4900,0.000842,172.217.194.0-255,2902,89711,35,311588
4901,0.000846,172.31.33.0-255,66,89777,35,311588
4902,0.000881,172.31.33.0-255,66,89843,35,311588
4903,0.000901,172.217.194.0-255,5738,95581,35,311588
4904,0.000905,172.31.33.0-255,66,95647,35,311588
4905,0.000938,172.217.194.0-255,5738,101385,35,311588
4906,0.000941,172.31.33.0-255,66,101451,35,311588
4907,0.000945,172.217.194.0-255,1125,102576,35,311588
4908,0.000952,172.217.194.0-255,5738,108314,35,311588
4909,0.000954,172.31.33.0-255,66,108380,35,311588
4910,0.000991,172.217.194.0-255,7156,115536,35,311588
4911,0.000995,172.31.33.0-255,66,115602,35,311588
4912,0.001,172.217.194.0-255,3961,119563,35,311588
4913,0.001002,172.31.33.0-255,66,119629,35,311588
4914,0.001057,172.217.194.0-255,1484,121113,35,311588
4915,0.001064,172.217.194.0-255,2902,124015,35,311588
4916,0.001067,172.31.33.0-255,66,124081,35,311588
4917,0.001095,172.217.194.0-255,2902,126983,35,311588
4918,0.001099,172.31.33.0-255,66,127049,35,311588
4919,0.001104,172.217.194.0-255,4320,131369,35,311588
4920,0.001108,172.31.33.0-255,66,131435,35,311588
4921,0.001137,172.217.194.0-255,7156,138591,35,311588
4922,0.001147,172.31.33.0-255,66,138657,35,311588
4923,0.001173,172.217.194.0-255,2543,141200,35,311588
4924,0.001177,172.31.33.0-255,66,141266,35,311588
4925,0.001184,172.217.194.0-255,7156,148422,35,311588
4926,0.001187,172.31.33.0-255,66,148488,35,311588
4927,0.001199,172.217.194.0-255,5379,153867,35,311588
4928,0.001202,172.31.33.0-255,66,153933,35,311588
4929,0.001243,172.217.194.0-255,5738,159671,35,311588
4930,0.001247,172.31.33.0-255,66,159737,35,311588
4931,0.00127,172.217.194.0-255,1484,161221,35,311588
4932,0.001293,172.217.194.0-255,2902,164123,35,311588
4933,0.001297,172.31.33.0-255,66,164189,35,311588
4934,0.001324,172.217.194.0-255,4320,168509,35,311588
4935,0.001327,172.31.33.0-255,66,168575,35,311588
4936,0.001347,172.217.194.0-255,1484,170059,35,311588
4937,0.00135,172.217.194.0-255,1125,171184,35,311588
4938,0.001351,172.31.33.0-255,66,171250,35,311588
4939,0.001416,172.217.194.0-255,1484,172734,35,311588
4940,0.001431,172.217.194.0-255,2902,175636,35,311588
4941,0.001435,172.31.33.0-255,66,175702,35,311588
4942,0.001438,172.217.194.0-255,1484,177186,35,311588
4943,0.001463,172.217.194.0-255,4320,181506,35,311588
4944,0.001466,172.31.33.0-255,66,181572,35,311588
4945,0.001494,172.217.194.0-255,6797,188369,35,311588
4946,0.001497,172.31.33.0-255,66,188435,35,311588
4947,0.001583,172.217.194.0-255,1484,189919,35,311588
4948,0.001603,172.217.194.0-255,2902,192821,35,311588
4949,0.001607,172.31.33.0-255,66,192887,35,311588
4950,0.001613,172.217.194.0-255,5738,198625,35,311588
4951,0.001615,172.31.33.0-255,66,198691,35,311588
4952,0.001629,172.217.194.0-255,1484,200175,35,311588
4953,0.00167,172.31.33.0-255,66,200241,35,311588
4954,0.001682,172.31.33.0-255,66,200307,35,311588
4955,0.001824,172.217.194.0-255,1484,201791,35,311588
4956,0.00183,172.217.194.0-255,1484,203275,35,311588
4957,0.001833,172.31.33.0-255,66,203341,35,311588
4958,0.001853,172.217.194.0-255,1484,204825,35,311588
4959,0.001859,172.217.194.0-255,5738,210563,35,311588
4960,0.001862,172.31.33.0-255,66,210629,35,311588
4961,0.001866,172.217.194.0-255,2902,213531,35,311588
4962,0.001868,172.31.33.0-255,66,213597,35,311588
4963,0.0019,172.31.33.0-255,66,213663,35,311588
4964,0.001926,172.217.194.0-255,7156,220819,35,311588
4965,0.001929,172.31.33.0-255,66,220885,35,311588
4966,0.001953,172.217.194.0-255,3602,224487,35,311588
4967,0.001955,172.31.33.0-255,66,224553,35,311588
4968,0.002375,172.217.194.0-255,1484,226037,35,311588
4969,0.00238,172.217.194.0-255,2902,228939,35,311588
4970,0.002383,172.31.33.0-255,66,229005,35,311588
4971,0.002409,172.217.194.0-255,5738,234743,35,311588
4972,0.002411,172.31.33.0-255,66,234809,35,311588
4973,0.002417,172.217.194.0-255,7156,241965,35,311588
4974,0.002419,172.31.33.0-255,66,242031,35,311588
4975,0.00244,172.217.194.0-255,5738,247769,35,311588
4976,0.002442,172.31.33.0-255,66,247835,35,311588
4977,0.00245,172.217.194.0-255,4320,252155,35,311588
4978,0.002452,172.31.33.0-255,66,252221,35,311588
4979,0.002456,172.217.194.0-255,4320,256541,35,311588
4980,0.00246,172.31.33.0-255,66,256607,35,311588
4981,0.002468,172.217.194.0-255,3602,260209,35,311588
4982,0.002471,172.31.33.0-255,66,260275,35,311588
4983,0.002473,172.217.194.0-255,1484,261759,35,311588
4984,0.002476,172.217.194.0-255,1484,263243,35,311588
4985,0.002491,172.31.33.0-255,66,263309,35,311588
4986,0.002504,172.217.194.0-255,7156,270465,35,311588
4987,0.002506,172.31.33.0-255,66,270531,35,311588
4988,0.002532,172.217.194.0-255,7156,277687,35,311588
4989,0.002535,172.31.33.0-255,66,277753,35,311588
4990,0.002545,172.31.33.0-255,66,277819,35,311588
4991,0.002564,172.217.194.0-255,2184,280003,35,311588
4992,0.002565,172.31.33.0-255,66,280069,35,311588
4993,0.002609,172.217.194.0-255,2902,282971,35,311588
4994,0.00261,172.31.33.0-255,66,283037,35,311588
4995,0.002636,172.217.194.0-255,7156,290193,35,311588
4996,0.002638,172.31.33.0-255,66,290259,35,311588
4997,0.002642,172.217.194.0-255,2902,293161,35,311588
4998,0.002644,172.31.33.0-255,66,293227,35,311588
4999,0.002647,172.217.194.0-255,2902,296129,35,311588
5000,0.002649,172.31.33.0-255,66,296195,35,311588
5001,0.002683,172.217.194.0-255,7156,303351,35,311588
5002,0.002685,172.31.33.0-255,66,303417,35,311588
5003,0.002689,172.217.194.0-255,2902,306319,35,311588
5004,0.00269,172.31.33.0-255,66,306385,35,311588
5005,0.002708,172.217.194.0-255,1825,308210,35,311588
5006,0.00271,172.31.33.0-255,66,308276,35,311588
5007,0.002722,172.217.194.0-255,105,308381,35,311588
5008,0.008875,172.31.33.0-255,66,308447,35,311588
5009,0.008904,172.31.33.0-255,105,308552,35,311588
5010,0.011211,172.217.194.0-255,66,308618,35,311588
5011,0.035847,172.31.33.0-255,267,308885,35,311588
5012,0.035875,172.31.33.0-255,1108,309993,35,311588
5013,0.035915,172.31.33.0-255,1397,311390,35,311588
5014,0.037385,104.244.42.0-255,66,311456,35,311588
5015,0.037439,104.244.42.0-255,66,311522,35,311588
5016,0.037481,104.244.42.0-255,66,311588,35,311588
5017,0.0,172.31.33.0-255,105,105,35,276
5018,0.001499,157.240.7.0-255,105,210,35,276
5019,0.001512,172.31.33.0-255,66,276,35,276
5020,0.0,172.31.33.0-255,105,105,35,276
5021,0.001767,157.240.7.0-255,105,210,35,276
5022,0.00178,172.31.33.0-255,66,276,35,276
5023,0.0,172.31.33.0-255,105,105,35,276
5024,0.002093,157.240.7.0-255,105,210,35,276
5025,0.002101,172.31.33.0-255,66,276,35,276
5026,0.0,74.125.24.0-255,298,298,35,207450
5027,2e-05,172.31.33.0-255,66,364,35,207450
5028,2.6e-05,74.125.24.0-255,1484,1848,35,207450
5029,3e-05,172.31.33.0-255,66,1914,35,207450
5030,3.6e-05,74.125.24.0-255,4320,6234,35,207450
5031,3.9e-05,172.31.33.0-255,66,6300,35,207450
5032,5.3e-05,74.125.24.0-255,7156,13456,35,207450
5033,5.6e-05,172.31.33.0-255,66,13522,35,207450
5034,5.8e-05,74.125.24.0-255,415,13937,35,207450
5035,6.1e-05,172.31.33.0-255,66,14003,35,207450
5036,0.000134,74.125.24.0-255,1484,15487,35,207450
5037,0.000137,172.31.33.0-255,66,15553,35,207450
5038,0.000163,74.125.24.0-255,2902,18455,35,207450
5039,0.000166,172.31.33.0-255,66,18521,35,207450
5040,0.00019,74.125.24.0-255,4320,22841,35,207450
5041,0.000192,172.31.33.0-255,66,22907,35,207450
5042,0.000215,74.125.24.0-255,1484,24391,35,207450
5043,0.000217,172.31.33.0-255,66,24457,35,207450
5044,0.000221,74.125.24.0-255,2902,27359,35,207450
5045,0.000223,172.31.33.0-255,66,27425,35,207450
5046,0.000241,74.125.24.0-255,3961,31386,35,207450
5047,0.000244,172.31.33.0-255,66,31452,35,207450
5048,0.000354,74.125.24.0-255,1484,32936,35,207450
5049,0.000357,172.31.33.0-255,66,33002,35,207450
5050,0.000362,74.125.24.0-255,2902,35904,35,207450
5051,0.000364,172.31.33.0-255,66,35970,35,207450
5052,0.000393,74.125.24.0-255,5738,41708,35,207450
5053,0.000396,172.31.33.0-255,66,41774,35,207450
5054,0.000398,74.125.24.0-255,1484,43258,35,207450
5055,0.0004,172.31.33.0-255,66,43324,35,207450
5056,0.000435,172.31.33.0-255,66,43390,35,207450
5057,0.00044,74.125.24.0-255,4320,47710,35,207450
5058,0.000464,74.125.24.0-255,7156,54866,35,207450
5059,0.000497,74.125.24.0-255,1400,56266,35,207450
5060,0.000548,172.31.33.0-255,66,56332,35,207450
5061,0.000812,74.125.24.0-255,381,56713,35,207450
5062,0.000976,74.125.24.0-255,1484,58197,35,207450
5063,0.00098,172.31.33.0-255,66,58263,35,207450
5064,0.000985,74.125.24.0-255,2902,61165,35,207450
5065,0.000987,172.31.33.0-255,66,61231,35,207450
5066,0.001008,74.125.24.0-255,5738,66969,35,207450
5067,0.001015,172.31.33.0-255,66,67035,35,207450
5068,0.001056,74.125.24.0-255,4320,71355,35,207450
5069,0.001073,172.31.33.0-255,66,71421,35,207450
5070,0.00111,74.125.24.0-255,2902,74323,35,207450
5071,0.001122,74.125.24.0-255,2543,76866,35,207450
5072,0.001133,172.31.33.0-255,66,76932,35,207450
5073,0.00158,74.125.24.0-255,1484,78416,35,207450
5074,0.001588,74.125.24.0-255,2902,81318,35,207450
5075,0.001592,172.31.33.0-255,66,81384,35,207450
5076,0.0016,74.125.24.0-255,5738,87122,35,207450
5077,0.001602,172.31.33.0-255,66,87188,35,207450
5078,0.00163,74.125.24.0-255,7156,94344,35,207450
5079,0.001633,172.31.33.0-255,66,94410,35,207450
5080,0.001666,172.31.33.0-255,66,94476,35,207450
5081,0.001702,74.125.24.0-255,1484,95960,35,207450
5082,0.001707,74.125.24.0-255,2184,98144,35,207450
5083,0.001709,172.31.33.0-255,66,98210,35,207450
5084,0.001979,74.125.24.0-255,1484,99694,35,207450
5085,0.001986,74.125.24.0-255,2902,102596,35,207450
5086,0.001989,172.31.33.0-255,66,102662,35,207450
5087,0.001995,74.125.24.0-255,4320,106982,35,207450
5088,0.002016,74.125.24.0-255,1484,108466,35,207450
5089,0.002022,74.125.24.0-255,4320,112786,35,207450
5090,0.002062,74.125.24.0-255,2902,115688,35,207450
5091,0.002134,74.125.24.0-255,1484,117172,35,207450
5092,0.00219,74.125.24.0-255,1484,118656,35,207450
5093,0.002194,74.125.24.0-255,2902,121558,35,207450
5094,0.002226,74.125.24.0-255,2902,124460,35,207450
5095,0.00225,74.125.24.0-255,2902,127362,35,207450
5096,0.002278,74.125.24.0-255,2902,130264,35,207450
5097,0.002301,74.125.24.0-255,2902,133166,35,207450
5098,0.002328,74.125.24.0-255,1484,134650,35,207450
5099,0.002375,74.125.24.0-255,7156,141806,35,207450
5100,0.002401,74.125.24.0-255,6438,148244,35,207450
5101,0.002405,74.125.24.0-255,2902,151146,35,207450
5102,0.002429,74.125.24.0-255,5738,156884,35,207450
5103,0.002471,74.125.24.0-255,4320,161204,35,207450
5104,0.002503,74.125.24.0-255,1484,162688,35,207450
5105,0.002516,74.125.24.0-255,5738,168426,35,207450
5106,0.002528,74.125.24.0-255,4320,172746,35,207450
5107,0.002556,74.125.24.0-255,4320,177066,35,207450
5108,0.002586,74.125.24.0-255,7156,184222,35,207450
5109,0.002589,74.125.24.0-255,1484,185706,35,207450
5110,0.002613,74.125.24.0-255,1484,187190,35,207450
5111,0.002683,74.125.24.0-255,3602,190792,35,207450
5112,0.002745,74.125.24.0-255,5738,196530,35,207450
5113,0.002767,74.125.24.0-255,105,196635,35,207450
5114,0.00691,172.31.33.0-255,66,196701,35,207450
5115,0.009077,172.31.33.0-255,105,196806,35,207450
5116,0.011378,74.125.24.0-255,66,196872,35,207450
5117,0.034918,172.31.33.0-255,172,197044,35,207450
5118,0.034947,172.31.33.0-255,1107,198151,35,207450
5119,0.035014,172.31.33.0-255,1514,199665,35,207450
5120,0.035015,172.31.33.0-255,1514,201179,35,207450
5121,0.035016,172.31.33.0-255,1514,202693,35,207450
5122,0.035017,172.31.33.0-255,1514,204207,35,207450
5123,0.035043,172.31.33.0-255,1514,205721,35,207450
5124,0.035045,172.31.33.0-255,1183,206904,35,207450
5125,0.036458,104.244.42.0-255,66,206970,35,207450
5126,0.036491,104.244.42.0-255,66,207036,35,207450
5127,0.036608,104.244.42.0-255,66,207102,35,207450
5128,0.036615,104.244.42.0-255,66,207168,35,207450
5129,0.037193,104.244.42.0-255,108,207276,35,207450
5130,0.037204,172.31.33.0-255,66,207342,35,207450
5131,0.050638,172.31.33.0-255,108,207450,35,207450
5132,0.0,172.31.33.0-255,188,188,35,11695
5133,3.3e-05,172.31.33.0-255,974,1162,35,11695
5134,0.000136,172.31.33.0-255,1514,2676,35,11695
5135,0.000138,172.31.33.0-255,1514,4190,35,11695
5136,0.000139,172.31.33.0-255,1514,5704,35,11695
5137,0.00014,172.31.33.0-255,1514,7218,35,11695
5138,0.000169,172.31.33.0-255,1514,8732,35,11695
5139,0.00017,172.31.33.0-255,1514,10246,35,11695
5140,0.000176,172.31.33.0-255,1119,11365,35,11695
5141,0.001553,104.244.42.0-255,66,11431,35,11695
5142,0.001599,104.244.42.0-255,66,11497,35,11695
5143,0.001713,104.244.42.0-255,66,11563,35,11695
5144,0.001763,104.244.42.0-255,66,11629,35,11695
5145,0.001767,104.244.42.0-255,66,11695,35,11695
5146,0.0,172.217.194.0-255,153,153,35,180249
5147,1.4e-05,172.31.33.0-255,66,219,35,180249
5148,2.1e-05,172.217.194.0-255,1484,1703,35,180249
5149,2.5e-05,172.31.33.0-255,66,1769,35,180249
5150,3e-05,172.217.194.0-255,2902,4671,35,180249
5151,3.9e-05,172.31.33.0-255,66,4737,35,180249
5152,4.3e-05,172.217.194.0-255,2902,7639,35,180249
5153,4.5e-05,172.31.33.0-255,66,7705,35,180249
5154,7.8e-05,172.217.194.0-255,7156,14861,35,180249
5155,8.1e-05,172.31.33.0-255,66,14927,35,180249
5156,0.000105,172.217.194.0-255,3404,18331,35,180249
5157,0.000108,172.31.33.0-255,66,18397,35,180249
5158,0.000114,172.217.194.0-255,7156,25553,35,180249
5159,0.000116,172.31.33.0-255,66,25619,35,180249
5160,0.000152,172.217.194.0-255,5379,30998,35,180249
5161,0.000154,172.31.33.0-255,66,31064,35,180249
5162,0.000157,172.217.194.0-255,1484,32548,35,180249
5163,0.000159,172.31.33.0-255,66,32614,35,180249
5164,0.000192,172.217.194.0-255,2902,35516,35,180249
5165,0.000195,172.31.33.0-255,66,35582,35,180249
5166,0.0002,172.217.194.0-255,4320,39902,35,180249
5167,0.000202,172.31.33.0-255,66,39968,35,180249
5168,0.000249,172.31.33.0-255,66,40034,35,180249
5169,0.000687,172.217.194.0-255,1484,41518,35,180249
5170,0.000693,172.31.33.0-255,66,41584,35,180249
5171,0.000699,172.217.194.0-255,2902,44486,35,180249
5172,0.000702,172.31.33.0-255,66,44552,35,180249
5173,0.000705,172.217.194.0-255,1484,46036,35,180249
5174,0.000715,172.31.33.0-255,66,46102,35,180249
5175,0.000738,172.217.194.0-255,4320,50422,35,180249
5176,0.000745,172.31.33.0-255,66,50488,35,180249
5177,0.00076,172.217.194.0-255,5738,56226,35,180249
5178,0.000767,172.31.33.0-255,66,56292,35,180249
5179,0.000792,172.217.194.0-255,1705,57997,35,180249
5180,0.000794,172.31.33.0-255,66,58063,35,180249
5181,0.001103,172.217.194.0-255,1484,59547,35,180249
5182,0.001134,172.217.194.0-255,2902,62449,35,180249
5183,0.001138,172.31.33.0-255,66,62515,35,180249
5184,0.001144,172.217.194.0-255,2902,65417,35,180249
5185,0.001146,172.31.33.0-255,66,65483,35,180249
5186,0.001168,172.217.194.0-255,2902,68385,35,180249
5187,0.00117,172.31.33.0-255,66,68451,35,180249
5188,0.001189,172.31.33.0-255,66,68517,35,180249
5189,0.001201,172.31.33.0-255,66,68583,35,180249
5190,0.001204,172.217.194.0-255,766,69349,35,180249
5191,0.001228,172.217.194.0-255,1484,70833,35,180249
5192,0.00123,172.31.33.0-255,66,70899,35,180249
5193,0.001259,172.217.194.0-255,4320,75219,35,180249
5194,0.001262,172.31.33.0-255,66,75285,35,180249
5195,0.001269,172.217.194.0-255,7156,82441,35,180249
5196,0.001271,172.31.33.0-255,66,82507,35,180249
5197,0.001287,172.31.33.0-255,66,82573,35,180249
5198,0.001307,172.217.194.0-255,1484,84057,35,180249
5199,0.00136,172.31.33.0-255,66,84123,35,180249
5200,0.001384,172.31.33.0-255,66,84189,35,180249
5201,0.001395,172.31.33.0-255,66,84255,35,180249
5202,0.001454,172.217.194.0-255,1484,85739,35,180249
5203,0.001459,172.217.194.0-255,2902,88641,35,180249
5204,0.001462,172.31.33.0-255,66,88707,35,180249
5205,0.001468,172.217.194.0-255,5738,94445,35,180249
5206,0.00147,172.31.33.0-255,66,94511,35,180249
5207,0.001487,172.31.33.0-255,66,94577,35,180249
5208,0.001512,172.217.194.0-255,1484,96061,35,180249
5209,0.001543,172.31.33.0-255,66,96127,35,180249
5210,0.001573,172.217.194.0-255,6438,102565,35,180249
5211,0.001576,172.31.33.0-255,66,102631,35,180249
5212,0.001587,172.31.33.0-255,66,102697,35,180249
5213,0.001616,172.31.33.0-255,66,102763,35,180249
5214,0.001624,172.217.194.0-255,7156,109919,35,180249
5215,0.001626,172.31.33.0-255,66,109985,35,180249
5216,0.001652,172.217.194.0-255,2184,112169,35,180249
5217,0.001658,172.31.33.0-255,66,112235,35,180249
5218,0.001877,172.217.194.0-255,1484,113719,35,180249
5219,0.001883,172.217.194.0-255,2902,116621,35,180249
5220,0.001886,172.31.33.0-255,66,116687,35,180249
5221,0.00189,172.217.194.0-255,1484,118171,35,180249
5222,0.001916,172.217.194.0-255,4320,122491,35,180249
5223,0.001919,172.31.33.0-255,66,122557,35,180249
5224,0.001926,172.217.194.0-255,5738,128295,35,180249
5225,0.001928,172.31.33.0-255,66,128361,35,180249
5226,0.001979,172.31.33.0-255,66,128427,35,180249
5227,0.001985,172.217.194.0-255,5020,133447,35,180249
5228,0.001987,172.31.33.0-255,66,133513,35,180249
5229,0.00204,172.31.33.0-255,66,133579,35,180249
5230,0.002072,172.217.194.0-255,2902,136481,35,180249
5231,0.002074,172.31.33.0-255,66,136547,35,180249
5232,0.002092,172.31.33.0-255,66,136613,35,180249
5233,0.002103,172.31.33.0-255,66,136679,35,180249
5234,0.002128,172.217.194.0-255,1484,138163,35,180249
5235,0.002132,172.217.194.0-255,2902,141065,35,180249
5236,0.002135,172.31.33.0-255,66,141131,35,180249
5237,0.002145,172.217.194.0-255,5738,146869,35,180249
5238,0.002148,172.31.33.0-255,66,146935,35,180249
5239,0.002185,172.31.33.0-255,66,147001,35,180249
5240,0.002215,172.217.194.0-255,1484,148485,35,180249
5241,0.002228,172.31.33.0-255,66,148551,35,180249
5242,0.002255,172.217.194.0-255,1484,150035,35,180249
5243,0.002259,172.217.194.0-255,2902,152937,35,180249
5244,0.002262,172.31.33.0-255,66,153003,35,180249
5245,0.002268,172.217.194.0-255,5738,158741,35,180249
5246,0.00227,172.31.33.0-255,66,158807,35,180249
5247,0.002312,172.217.194.0-255,2902,161709,35,180249
5248,0.002314,172.31.33.0-255,66,161775,35,180249
5249,0.002347,172.217.194.0-255,1484,163259,35,180249
5250,0.00236,172.31.33.0-255,66,163325,35,180249
5251,0.00237,172.31.33.0-255,66,163391,35,180249
5252,0.002385,172.31.33.0-255,66,163457,35,180249
5253,0.002389,172.217.194.0-255,2902,166359,35,180249
5254,0.002391,172.31.33.0-255,66,166425,35,180249
5255,0.002429,172.31.33.0-255,66,166491,35,180249
5256,0.002435,172.217.194.0-255,3050,169541,35,180249
5257,0.002437,172.31.33.0-255,66,169607,35,180249
5258,0.00244,172.217.194.0-255,105,169712,35,180249
5259,0.01289,172.31.33.0-255,66,169778,35,180249
5260,0.012934,172.31.33.0-255,105,169883,35,180249
5261,0.015197,172.217.194.0-255,66,169949,35,180249
5262,0.044551,172.31.33.0-255,172,170121,35,180249
5263,0.044578,172.31.33.0-255,1107,171228,35,180249
5264,0.044636,172.31.33.0-255,1514,172742,35,180249
5265,0.044638,172.31.33.0-255,1514,174256,35,180249
5266,0.044643,172.31.33.0-255,1514,175770,35,180249
5267,0.044644,172.31.33.0-255,1514,177284,35,180249
5268,0.044664,172.31.33.0-255,1514,178798,35,180249
5269,0.044665,172.31.33.0-255,1013,179811,35,180249
5270,0.046101,104.244.42.0-255,66,179877,35,180249
5271,0.046145,104.244.42.0-255,66,179943,35,180249
5272,0.046193,104.244.42.0-255,66,180009,35,180249
5273,0.046244,104.244.42.0-255,66,180075,35,180249
5274,0.047006,104.244.42.0-255,108,180183,35,180249
5275,0.04702,172.31.33.0-255,66,180249,35,180249
5276,0.0,74.125.200.0-255,156,156,35,312550
5277,2.2e-05,172.31.33.0-255,66,222,35,312550
5278,6.2e-05,74.125.200.0-255,1484,1706,35,312550
5279,6.6e-05,172.31.33.0-255,66,1772,35,312550
5280,9e-05,74.125.200.0-255,1484,3256,35,312550
5281,9.3e-05,172.31.33.0-255,66,3322,35,312550
5282,9.5e-05,74.125.200.0-255,1484,4806,35,312550
5283,9.7e-05,172.31.33.0-255,66,4872,35,312550
5284,0.00011,74.125.200.0-255,1484,6356,35,312550
5285,0.000114,172.31.33.0-255,66,6422,35,312550
5286,0.00012,74.125.200.0-255,4320,10742,35,312550
5287,0.000122,172.31.33.0-255,66,10808,35,312550
5288,0.000152,74.125.200.0-255,1484,12292,35,312550
5289,0.000154,172.31.33.0-255,66,12358,35,312550
5290,0.000158,74.125.200.0-255,2046,14404,35,312550
5291,0.00016,172.31.33.0-255,66,14470,35,312550
5292,0.000243,74.125.200.0-255,1484,15954,35,312550
5293,0.000246,172.31.33.0-255,66,16020,35,312550
5294,0.000259,74.125.200.0-255,2902,18922,35,312550
5295,0.000265,172.31.33.0-255,66,18988,35,312550
5296,0.000269,74.125.200.0-255,2902,21890,35,312550
5297,0.000272,172.31.33.0-255,66,21956,35,312550
5298,0.000298,74.125.200.0-255,2902,24858,35,312550
5299,0.000301,172.31.33.0-255,66,24924,35,312550
5300,0.000306,74.125.200.0-255,4320,29244,35,312550
5301,0.000308,172.31.33.0-255,66,29310,35,312550
5302,0.000327,74.125.200.0-255,5379,34689,35,312550
5303,0.000331,172.31.33.0-255,66,34755,35,312550
5304,0.000336,74.125.200.0-255,4320,39075,35,312550
5305,0.000339,172.31.33.0-255,66,39141,35,312550
5306,0.000362,74.125.200.0-255,2902,42043,35,312550
5307,0.000365,172.31.33.0-255,66,42109,35,312550
5308,0.00038,172.31.33.0-255,66,42175,35,312550
5309,0.000383,74.125.200.0-255,1484,43659,35,312550
5310,0.000408,74.125.200.0-255,4320,47979,35,312550
5311,0.000412,172.31.33.0-255,66,48045,35,312550
5312,0.000437,74.125.200.0-255,7156,55201,35,312550
5313,0.00044,172.31.33.0-255,66,55267,35,312550
5314,0.000442,74.125.200.0-255,1484,56751,35,312550
5315,0.000469,74.125.200.0-255,766,57517,35,312550
5316,0.000472,172.31.33.0-255,66,57583,35,312550
5317,0.000514,74.125.200.0-255,428,58011,35,312550
5318,0.000547,74.125.200.0-255,1484,59495,35,312550
5319,0.000551,172.31.33.0-255,66,59561,35,312550
5320,0.000568,74.125.200.0-255,4320,63881,35,312550
5321,0.000571,172.31.33.0-255,66,63947,35,312550
5322,0.000623,74.125.200.0-255,5738,69685,35,312550
5323,0.000626,172.31.33.0-255,66,69751,35,312550
5324,0.000632,74.125.200.0-255,7156,76907,35,312550
5325,0.000638,172.31.33.0-255,66,76973,35,312550
5326,0.000669,172.31.33.0-255,66,77039,35,312550
5327,0.000694,74.125.200.0-255,2463,79502,35,312550
5328,0.000697,172.31.33.0-255,66,79568,35,312550
5329,0.002268,74.125.200.0-255,1484,81052,35,312550
5330,0.002276,74.125.200.0-255,2902,83954,35,312550
5331,0.00228,172.31.33.0-255,66,84020,35,312550
5332,0.002304,74.125.200.0-255,1484,85504,35,312550
5333,0.002307,74.125.200.0-255,2902,88406,35,312550
5334,0.002309,172.31.33.0-255,66,88472,35,312550
5335,0.002335,74.125.200.0-255,4320,92792,35,312550
5336,0.002337,172.31.33.0-255,66,92858,35,312550
5337,0.002341,74.125.200.0-255,4320,97178,35,312550
5338,0.002343,172.31.33.0-255,66,97244,35,312550
5339,0.002361,74.125.200.0-255,5738,102982,35,312550
5340,0.002366,172.31.33.0-255,66,103048,35,312550
5341,0.00237,74.125.200.0-255,2902,105950,35,312550
5342,0.002372,172.31.33.0-255,66,106016,35,312550
5343,0.002389,74.125.200.0-255,1484,107500,35,312550
5344,0.002396,74.125.200.0-255,2902,110402,35,312550
5345,0.002398,172.31.33.0-255,66,110468,35,312550
5346,0.002421,74.125.200.0-255,3602,114070,35,312550
5347,0.002423,172.31.33.0-255,66,114136,35,312550
5348,0.0025,74.125.200.0-255,1484,115620,35,312550
5349,0.002518,74.125.200.0-255,2902,118522,35,312550
5350,0.002521,172.31.33.0-255,66,118588,35,312550
5351,0.002539,74.125.200.0-255,5738,124326,35,312550
5352,0.002542,172.31.33.0-255,66,124392,35,312550
5353,0.00257,74.125.200.0-255,4320,128712,35,312550
5354,0.002572,172.31.33.0-255,66,128778,35,312550
5355,0.002574,74.125.200.0-255,1484,130262,35,312550
5356,0.002596,74.125.200.0-255,5738,136000,35,312550
5357,0.002599,172.31.33.0-255,66,136066,35,312550
5358,0.002621,74.125.200.0-255,1484,137550,35,312550
5359,0.002623,74.125.200.0-255,1484,139034,35,312550
5360,0.002626,172.31.33.0-255,66,139100,35,312550
5361,0.00263,74.125.200.0-255,4320,143420,35,312550
5362,0.002632,172.31.33.0-255,66,143486,35,312550
5363,0.002634,74.125.200.0-255,1484,144970,35,312550
5364,0.002637,74.125.200.0-255,1484,146454,35,312550
5365,0.002644,172.31.33.0-255,66,146520,35,312550
5366,0.00266,74.125.200.0-255,1484,148004,35,312550
5367,0.002662,74.125.200.0-255,766,148770,35,312550
5368,0.002664,172.31.33.0-255,66,148836,35,312550
5369,0.002667,74.125.200.0-255,1484,150320,35,312550
5370,0.002682,74.125.200.0-255,1484,151804,35,312550
5371,0.002687,172.31.33.0-255,66,151870,35,312550
5372,0.00271,74.125.200.0-255,2902,154772,35,312550
5373,0.002713,172.31.33.0-255,66,154838,35,312550
5374,0.002717,74.125.200.0-255,2902,157740,35,312550
5375,0.002718,172.31.33.0-255,66,157806,35,312550
5376,0.002721,74.125.200.0-255,1484,159290,35,312550
5377,0.002725,74.125.200.0-255,4320,163610,35,312550
5378,0.002726,172.31.33.0-255,66,163676,35,312550
5379,0.002732,74.125.200.0-255,1484,165160,35,312550
5380,0.002769,74.125.200.0-255,5738,170898,35,312550
5381,0.002772,172.31.33.0-255,66,170964,35,312550
5382,0.002783,74.125.200.0-255,2902,173866,35,312550
5383,0.002791,74.125.200.0-255,5738,179604,35,312550
5384,0.002795,172.31.33.0-255,66,179670,35,312550
5385,0.002801,172.31.33.0-255,66,179736,35,312550
5386,0.002826,74.125.200.0-255,3602,183338,35,312550
5387,0.002828,172.31.33.0-255,66,183404,35,312550
5388,0.002881,74.125.200.0-255,1484,184888,35,312550
5389,0.002904,74.125.200.0-255,1484,186372,35,312550
5390,0.002907,172.31.33.0-255,66,186438,35,312550
5391,0.00291,74.125.200.0-255,1484,187922,35,312550
5392,0.002929,74.125.200.0-255,2902,190824,35,312550
5393,0.002931,172.31.33.0-255,66,190890,35,312550
5394,0.002934,74.125.200.0-255,1484,192374,35,312550
5395,0.002964,74.125.200.0-255,4320,196694,35,312550
5396,0.002967,172.31.33.0-255,66,196760,35,312550
5397,0.002979,74.125.200.0-255,4320,201080,35,312550
5398,0.002984,172.31.33.0-255,66,201146,35,312550
5399,0.002988,74.125.200.0-255,4320,205466,35,312550
5400,0.00299,172.31.33.0-255,66,205532,35,312550
5401,0.003026,74.125.200.0-255,1484,207016,35,312550
5402,0.003052,172.31.33.0-255,66,207082,35,312550
5403,0.003076,74.125.200.0-255,1484,208566,35,312550
5404,0.003079,74.125.200.0-255,1484,210050,35,312550
5405,0.003081,172.31.33.0-255,66,210116,35,312550
5406,0.003102,74.125.200.0-255,1484,211600,35,312550
5407,0.003107,74.125.200.0-255,5738,217338,35,312550
5408,0.003109,172.31.33.0-255,66,217404,35,312550
5409,0.003144,74.125.200.0-255,1484,218888,35,312550
5410,0.003148,74.125.200.0-255,2902,221790,35,312550
5411,0.003151,172.31.33.0-255,66,221856,35,312550
5412,0.003155,74.125.200.0-255,5738,227594,35,312550
5413,0.003157,172.31.33.0-255,66,227660,35,312550
5414,0.003212,172.31.33.0-255,66,227726,35,312550
5415,0.003236,74.125.200.0-255,3602,231328,35,312550
5416,0.003239,172.31.33.0-255,66,231394,35,312550
5417,0.003244,74.125.200.0-255,4320,235714,35,312550
5418,0.003246,172.31.33.0-255,66,235780,35,312550
5419,0.003275,74.125.200.0-255,1484,237264,35,312550
5420,0.003308,172.31.33.0-255,66,237330,35,312550
5421,0.003313,74.125.200.0-255,4320,241650,35,312550
5422,0.003315,172.31.33.0-255,66,241716,35,312550
5423,0.003339,74.125.200.0-255,7156,248872,35,312550
5424,0.003346,172.31.33.0-255,66,248938,35,312550
5425,0.003364,74.125.200.0-255,6438,255376,35,312550
5426,0.003368,172.31.33.0-255,66,255442,35,312550
5427,0.003394,74.125.200.0-255,1484,256926,35,312550
5428,0.003407,74.125.200.0-255,2902,259828,35,312550
5429,0.00341,172.31.33.0-255,66,259894,35,312550
5430,0.003414,74.125.200.0-255,1484,261378,35,312550
5431,0.003441,74.125.200.0-255,2902,264280,35,312550
5432,0.003444,172.31.33.0-255,66,264346,35,312550
5433,0.003449,74.125.200.0-255,4320,268666,35,312550
5434,0.003451,172.31.33.0-255,66,268732,35,312550
5435,0.003469,74.125.200.0-255,1484,270216,35,312550
5436,0.003486,74.125.200.0-255,2902,273118,35,312550
5437,0.003488,172.31.33.0-255,66,273184,35,312550
5438,0.003519,172.31.33.0-255,66,273250,35,312550
5439,0.003523,74.125.200.0-255,2902,276152,35,312550
5440,0.003525,172.31.33.0-255,66,276218,35,312550
5441,0.003555,74.125.200.0-255,3602,279820,35,312550
5442,0.003558,172.31.33.0-255,66,279886,35,312550
5443,0.003578,74.125.200.0-255,7156,287042,35,312550
5444,0.00358,172.31.33.0-255,66,287108,35,312550
5445,0.003603,74.125.200.0-255,5738,292846,35,312550
5446,0.003605,172.31.33.0-255,66,292912,35,312550
5447,0.003629,74.125.200.0-255,2902,295814,35,312550
5448,0.003632,172.31.33.0-255,66,295880,35,312550
5449,0.003641,172.31.33.0-255,66,295946,35,312550
5450,0.003661,74.125.200.0-255,2902,298848,35,312550
5451,0.003663,172.31.33.0-255,66,298914,35,312550
5452,0.003698,172.31.33.0-255,66,298980,35,312550
5453,0.003702,74.125.200.0-255,4320,303300,35,312550
5454,0.003704,172.31.33.0-255,66,303366,35,312550
5455,0.003724,74.125.200.0-255,5738,309104,35,312550
5456,0.003726,172.31.33.0-255,66,309170,35,312550
5457,0.003764,172.31.33.0-255,66,309236,35,312550
5458,0.003767,74.125.200.0-255,97,309333,35,312550
5459,0.003787,74.125.200.0-255,105,309438,35,312550
5460,0.005289,172.31.33.0-255,66,309504,35,312550
5461,0.005319,172.31.33.0-255,105,309609,35,312550
5462,0.007562,74.125.200.0-255,66,309675,35,312550
5463,0.026745,172.31.33.0-255,172,309847,35,312550
5464,0.026827,172.31.33.0-255,1108,310955,35,312550
5465,0.026918,172.31.33.0-255,1397,312352,35,312550
5466,0.028289,104.244.42.0-255,66,312418,35,312550
5467,0.028398,104.244.42.0-255,66,312484,35,312550
5468,0.028468,104.244.42.0-255,66,312550,35,312550
5469,0.0,172.31.33.0-255,105,105,35,276
5470,0.002132,157.240.7.0-255,105,210,35,276
5471,0.002143,172.31.33.0-255,66,276,35,276
5472,0.0,172.31.33.0-255,105,105,35,276
5473,0.001766,157.240.7.0-255,105,210,35,276
5474,0.001777,172.31.33.0-255,66,276,35,276
5475,0.0,172.217.194.0-255,153,153,35,257035
5476,2.2e-05,172.31.33.0-255,66,219,35,257035
5477,2.9e-05,172.217.194.0-255,1484,1703,35,257035
5478,3.3e-05,172.31.33.0-255,66,1769,35,257035
5479,3.9e-05,172.217.194.0-255,2902,4671,35,257035
5480,4.2e-05,172.31.33.0-255,66,4737,35,257035
5481,4.9e-05,172.217.194.0-255,7156,11893,35,257035
5482,5.1e-05,172.31.33.0-255,66,11959,35,257035
5483,6.1e-05,172.31.33.0-255,66,12025,35,257035
5484,8.4e-05,172.217.194.0-255,1484,13509,35,257035
5485,8.7e-05,172.31.33.0-255,66,13575,35,257035
5486,0.000113,172.31.33.0-255,66,13641,35,257035
5487,0.000139,172.217.194.0-255,1484,15125,35,257035
5488,0.000141,172.31.33.0-255,66,15191,35,257035
5489,0.000145,172.217.194.0-255,2902,18093,35,257035
5490,0.000147,172.31.33.0-255,66,18159,35,257035
5491,0.00016,172.217.194.0-255,4320,22479,35,257035
5492,0.000162,172.31.33.0-255,66,22545,35,257035
5493,0.000182,172.217.194.0-255,1484,24029,35,257035
5494,0.000184,172.31.33.0-255,66,24095,35,257035
5495,0.000195,172.31.33.0-255,66,24161,35,257035
5496,0.000216,172.217.194.0-255,2902,27063,35,257035
5497,0.000217,172.31.33.0-255,66,27129,35,257035
5498,0.00022,172.217.194.0-255,1484,28613,35,257035
5499,0.000222,172.31.33.0-255,66,28679,35,257035
5500,0.000239,172.217.194.0-255,2902,31581,35,257035
5501,0.000241,172.31.33.0-255,66,31647,35,257035
5502,0.000267,172.217.194.0-255,6438,38085,35,257035
5503,0.000269,172.31.33.0-255,66,38151,35,257035
5504,0.000271,172.217.194.0-255,344,38495,35,257035
5505,0.000294,172.217.194.0-255,430,38925,35,257035
5506,0.000354,172.217.194.0-255,1484,40409,35,257035
5507,0.000357,172.31.33.0-255,66,40475,35,257035
5508,0.000362,172.217.194.0-255,2902,43377,35,257035
5509,0.000364,172.31.33.0-255,66,43443,35,257035
5510,0.000412,172.217.194.0-255,5738,49181,35,257035
5511,0.000415,172.31.33.0-255,66,49247,35,257035
5512,0.000421,172.217.194.0-255,6248,55495,35,257035
5513,0.000423,172.31.33.0-255,66,55561,35,257035
5514,0.000579,172.217.194.0-255,1484,57045,35,257035
5515,0.000585,172.217.194.0-255,2902,59947,35,257035
5516,0.000587,172.31.33.0-255,66,60013,35,257035
5517,0.000607,172.217.194.0-255,5738,65751,35,257035
5518,0.00061,172.31.33.0-255,66,65817,35,257035
5519,0.000615,172.217.194.0-255,4320,70137,35,257035
5520,0.000617,172.31.33.0-255,66,70203,35,257035
5521,0.000635,172.217.194.0-255,4320,74523,35,257035
5522,0.000638,172.31.33.0-255,66,74589,35,257035
5523,0.000666,172.217.194.0-255,4320,78909,35,257035
5524,0.000669,172.31.33.0-255,66,78975,35,257035
5525,0.000676,172.217.194.0-255,7156,86131,35,257035
5526,0.000678,172.31.33.0-255,66,86197,35,257035
5527,0.00069,172.217.194.0-255,1484,87681,35,257035
5528,0.000704,172.217.194.0-255,2184,89865,35,257035
5529,0.000707,172.31.33.0-255,66,89931,35,257035
5530,0.001672,172.217.194.0-255,1484,91415,35,257035
5531,0.001681,172.217.194.0-255,2902,94317,35,257035
5532,0.001686,172.31.33.0-255,66,94383,35,257035
5533,0.001691,172.217.194.0-255,2902,97285,35,257035
5534,0.001693,172.31.33.0-255,66,97351,35,257035
5535,0.001707,172.217.194.0-255,2902,100253,35,257035
5536,0.001709,172.31.33.0-255,66,100319,35,257035
5537,0.001713,172.217.194.0-255,2902,103221,35,257035
5538,0.001714,172.31.33.0-255,66,103287,35,257035
5539,0.00175,172.31.33.0-255,66,103353,35,257035
5540,0.001753,172.217.194.0-255,1484,104837,35,257035
5541,0.001778,172.31.33.0-255,66,104903,35,257035
5542,0.002448,172.217.194.0-255,1484,106387,35,257035
5543,0.002455,172.217.194.0-255,2902,109289,35,257035
5544,0.002459,172.31.33.0-255,66,109355,35,257035
5545,0.002464,172.217.194.0-255,2902,112257,35,257035
5546,0.002465,172.31.33.0-255,66,112323,35,257035
5547,0.00248,172.217.194.0-255,2902,115225,35,257035
5548,0.002482,172.31.33.0-255,66,115291,35,257035
5549,0.002498,172.217.194.0-255,4320,119611,35,257035
5550,0.002499,172.31.33.0-255,66,119677,35,257035
5551,0.002511,172.217.194.0-255,2902,122579,35,257035
5552,0.002513,172.31.33.0-255,66,122645,35,257035
5553,0.002518,172.217.194.0-255,4320,126965,35,257035
5554,0.00252,172.31.33.0-255,66,127031,35,257035
5555,0.002553,172.31.33.0-255,66,127097,35,257035
5556,0.002557,172.217.194.0-255,2184,129281,35,257035
5557,0.002559,172.31.33.0-255,66,129347,35,257035
5558,0.005067,172.217.194.0-255,5738,135085,35,257035
5559,0.005072,172.31.33.0-255,66,135151,35,257035
5560,0.007584,172.217.194.0-255,5738,140889,35,257035
5561,0.00759,172.31.33.0-255,66,140955,35,257035
5562,0.010099,172.217.194.0-255,5738,146693,35,257035
5563,0.010105,172.31.33.0-255,66,146759,35,257035
5564,0.012598,172.217.194.0-255,5738,152497,35,257035
5565,0.012604,172.31.33.0-255,66,152563,35,257035
5566,0.015128,172.217.194.0-255,5738,158301,35,257035
5567,0.015139,172.31.33.0-255,66,158367,35,257035
5568,0.017658,172.217.194.0-255,5738,164105,35,257035
5569,0.017669,172.31.33.0-255,66,164171,35,257035
5570,0.02018,172.217.194.0-255,5738,169909,35,257035
5571,0.020189,172.31.33.0-255,66,169975,35,257035
5572,0.022724,172.217.194.0-255,5738,175713,35,257035
5573,0.022733,172.31.33.0-255,66,175779,35,257035
5574,0.02524,172.217.194.0-255,5738,181517,35,257035
5575,0.025246,172.31.33.0-255,66,181583,35,257035
5576,0.027782,172.217.194.0-255,5738,187321,35,257035
5577,0.027789,172.31.33.0-255,66,187387,35,257035
5578,0.030342,172.217.194.0-255,5738,193125,35,257035
5579,0.030348,172.31.33.0-255,66,193191,35,257035
5580,0.032937,172.217.194.0-255,5738,198929,35,257035
5581,0.032952,172.31.33.0-255,66,198995,35,257035
5582,0.035501,172.217.194.0-255,5738,204733,35,257035
5583,0.035517,172.31.33.0-255,66,204799,35,257035
5584,0.03805,172.217.194.0-255,5738,210537,35,257035
5585,0.038064,172.31.33.0-255,66,210603,35,257035
5586,0.040617,172.217.194.0-255,5738,216341,35,257035
5587,0.040634,172.31.33.0-255,66,216407,35,257035
5588,0.043198,172.217.194.0-255,5738,222145,35,257035
5589,0.043217,172.31.33.0-255,66,222211,35,257035
5590,0.04572,172.217.194.0-255,5738,227949,35,257035
5591,0.045729,172.31.33.0-255,66,228015,35,257035
5592,0.048248,172.217.194.0-255,5738,233753,35,257035
5593,0.048256,172.31.33.0-255,66,233819,35,257035
5594,0.050794,172.217.194.0-255,5738,239557,35,257035
5595,0.050813,172.31.33.0-255,66,239623,35,257035
5596,0.053362,172.217.194.0-255,5738,245361,35,257035
5597,0.05337,172.31.33.0-255,66,245427,35,257035
5598,0.05592,172.217.194.0-255,5738,251165,35,257035
5599,0.055936,172.31.33.0-255,66,251231,35,257035
5600,0.058453,172.217.194.0-255,5738,256969,35,257035
5601,0.058466,172.31.33.0-255,66,257035,35,257035
5602,0.0,172.31.33.0-255,105,105,35,276
5603,0.001767,157.240.7.0-255,105,210,35,276
5604,0.001776,172.31.33.0-255,66,276,35,276
5605,0.0,74.125.130.0-255,152,152,35,349117
5606,2.4e-05,172.31.33.0-255,66,218,35,349117
5607,3.1e-05,74.125.130.0-255,1484,1702,35,349117
5608,3.6e-05,172.31.33.0-255,66,1768,35,349117
5609,5.4e-05,74.125.130.0-255,2902,4670,35,349117
5610,5.7e-05,172.31.33.0-255,66,4736,35,349117
5611,8e-05,74.125.130.0-255,2902,7638,35,349117
5612,8.4e-05,172.31.33.0-255,66,7704,35,349117
5613,0.000102,74.125.130.0-255,2902,10606,35,349117
5614,0.000106,172.31.33.0-255,66,10672,35,349117
5615,0.000124,74.125.130.0-255,6348,17020,35,349117
5616,0.000127,172.31.33.0-255,66,17086,35,349117
5617,0.00015,74.125.130.0-255,4320,21406,35,349117
5618,0.000153,172.31.33.0-255,66,21472,35,349117
5619,0.00016,74.125.130.0-255,5738,27210,35,349117
5620,0.000162,172.31.33.0-255,66,27276,35,349117
5621,0.000186,74.125.130.0-255,3961,31237,35,349117
5622,0.000188,172.31.33.0-255,66,31303,35,349117
5623,0.000308,74.125.130.0-255,1484,32787,35,349117
5624,0.000313,172.31.33.0-255,66,32853,35,349117
5625,0.000331,74.125.130.0-255,2902,35755,35,349117
5626,0.000334,172.31.33.0-255,66,35821,35,349117
5627,0.000358,74.125.130.0-255,4320,40141,35,349117
5628,0.000361,172.31.33.0-255,66,40207,35,349117
5629,0.00039,172.31.33.0-255,66,40273,35,349117
5630,0.000394,74.125.130.0-255,2902,43175,35,349117
5631,0.000397,172.31.33.0-255,66,43241,35,349117
5632,0.000422,74.125.130.0-255,1484,44725,35,349117
5633,0.000425,172.31.33.0-255,66,44791,35,349117
5634,0.000432,74.125.130.0-255,5738,50529,35,349117
5635,0.000434,172.31.33.0-255,66,50595,35,349117
5636,0.000441,74.125.130.0-255,5738,56333,35,349117
5637,0.000444,172.31.33.0-255,66,56399,35,349117
5638,0.000483,74.125.130.0-255,1093,57492,35,349117
5639,0.000627,74.125.130.0-255,1484,58976,35,349117
5640,0.000633,172.31.33.0-255,66,59042,35,349117
5641,0.000639,74.125.130.0-255,2902,61944,35,349117
5642,0.000641,172.31.33.0-255,66,62010,35,349117
5643,0.00066,74.125.130.0-255,4320,66330,35,349117
5644,0.000663,172.31.33.0-255,66,66396,35,349117
5645,0.000691,172.31.33.0-255,66,66462,35,349117
5646,0.000697,74.125.130.0-255,5738,72200,35,349117
5647,0.0007,172.31.33.0-255,66,72266,35,349117
5648,0.000729,74.125.130.0-255,7156,79422,35,349117
5649,0.000732,172.31.33.0-255,66,79488,35,349117
5650,0.000738,74.125.130.0-255,3602,83090,35,349117
5651,0.00074,172.31.33.0-255,66,83156,35,349117
5652,0.000842,74.125.130.0-255,1484,84640,35,349117
5653,0.000847,74.125.130.0-255,1484,86124,35,349117
5654,0.000851,172.31.33.0-255,66,86190,35,349117
5655,0.000872,74.125.130.0-255,1484,87674,35,349117
5656,0.00088,74.125.130.0-255,5738,93412,35,349117
5657,0.000882,172.31.33.0-255,66,93478,35,349117
5658,0.000886,74.125.130.0-255,1484,94962,35,349117
5659,0.000911,74.125.130.0-255,7156,102118,35,349117
5660,0.000913,172.31.33.0-255,66,102184,35,349117
5661,0.000934,74.125.130.0-255,4320,106504,35,349117
5662,0.000937,172.31.33.0-255,66,106570,35,349117
5663,0.000957,74.125.130.0-255,5738,112308,35,349117
5664,0.000959,172.31.33.0-255,66,112374,35,349117
5665,0.000965,74.125.130.0-255,4320,116694,35,349117
5666,0.000967,172.31.33.0-255,66,116760,35,349117
5667,0.000992,74.125.130.0-255,766,117526,35,349117
5668,0.001012,74.125.130.0-255,1484,119010,35,349117
5669,0.001015,172.31.33.0-255,66,119076,35,349117
5670,0.001037,74.125.130.0-255,4320,123396,35,349117
5671,0.00104,172.31.33.0-255,66,123462,35,349117
5672,0.001043,74.125.130.0-255,1484,124946,35,349117
5673,0.001067,74.125.130.0-255,2902,127848,35,349117
5674,0.00107,172.31.33.0-255,66,127914,35,349117
5675,0.001086,74.125.130.0-255,4320,132234,35,349117
5676,0.001089,172.31.33.0-255,66,132300,35,349117
5677,0.00111,74.125.130.0-255,1484,133784,35,349117
5678,0.001114,74.125.130.0-255,1484,135268,35,349117
5679,0.001116,172.31.33.0-255,66,135334,35,349117
5680,0.001121,74.125.130.0-255,2902,138236,35,349117
5681,0.001123,172.31.33.0-255,66,138302,35,349117
5682,0.001132,74.125.130.0-255,5738,144040,35,349117
5683,0.001135,172.31.33.0-255,66,144106,35,349117
5684,0.001195,172.31.33.0-255,66,144172,35,349117
5685,0.001357,74.125.130.0-255,1484,145656,35,349117
5686,0.001379,74.125.130.0-255,2902,148558,35,349117
5687,0.001384,172.31.33.0-255,66,148624,35,349117
5688,0.001407,74.125.130.0-255,4320,152944,35,349117
5689,0.001411,172.31.33.0-255,66,153010,35,349117
5690,0.001438,74.125.130.0-255,5738,158748,35,349117
5691,0.001441,172.31.33.0-255,66,158814,35,349117
5692,0.001445,74.125.130.0-255,1484,160298,35,349117
5693,0.001464,74.125.130.0-255,2902,163200,35,349117
5694,0.001468,74.125.130.0-255,2902,166102,35,349117
5695,0.001472,172.31.33.0-255,66,166168,35,349117
5696,0.001476,172.31.33.0-255,66,166234,35,349117
5697,0.00149,74.125.130.0-255,2902,169136,35,349117
5698,0.001492,172.31.33.0-255,66,169202,35,349117
5699,0.001512,74.125.130.0-255,1484,170686,35,349117
5700,0.001517,74.125.130.0-255,2902,173588,35,349117
5701,0.001519,172.31.33.0-255,66,173654,35,349117
5702,0.001551,74.125.130.0-255,5020,178674,35,349117
5703,0.001554,172.31.33.0-255,66,178740,35,349117
5704,0.001997,74.125.130.0-255,1484,180224,35,349117
5705,0.002019,74.125.130.0-255,2902,183126,35,349117
5706,0.002023,172.31.33.0-255,66,183192,35,349117
5707,0.00203,74.125.130.0-255,4320,187512,35,349117
5708,0.002032,172.31.33.0-255,66,187578,35,349117
5709,0.002044,74.125.130.0-255,1484,189062,35,349117
5710,0.002047,74.125.130.0-255,1484,190546,35,349117
5711,0.00205,172.31.33.0-255,66,190612,35,349117
5712,0.002053,74.125.130.0-255,1484,192096,35,349117
5713,0.002082,74.125.130.0-255,1484,193580,35,349117
5714,0.002085,172.31.33.0-255,66,193646,35,349117
5715,0.002088,74.125.130.0-255,1484,195130,35,349117
5716,0.002107,74.125.130.0-255,1484,196614,35,349117
5717,0.00211,172.31.33.0-255,66,196680,35,349117
5718,0.002113,74.125.130.0-255,1484,198164,35,349117
5719,0.002116,74.125.130.0-255,1484,199648,35,349117
5720,0.002118,172.31.33.0-255,66,199714,35,349117
5721,0.002159,74.125.130.0-255,7156,206870,35,349117
5722,0.002162,172.31.33.0-255,66,206936,35,349117
5723,0.002165,74.125.130.0-255,1484,208420,35,349117
5724,0.002182,74.125.130.0-255,2902,211322,35,349117
5725,0.002184,172.31.33.0-255,66,211388,35,349117
5726,0.002203,74.125.130.0-255,2184,213572,35,349117
5727,0.002206,172.31.33.0-255,66,213638,35,349117
5728,0.002234,74.125.130.0-255,1484,215122,35,349117
5729,0.002249,74.125.130.0-255,1484,216606,35,349117
5730,0.002252,172.31.33.0-255,66,216672,35,349117
5731,0.00226,74.125.130.0-255,5738,222410,35,349117
5732,0.002262,172.31.33.0-255,66,222476,35,349117
5733,0.002275,74.125.130.0-255,1484,223960,35,349117
5734,0.002285,74.125.130.0-255,2902,226862,35,349117
5735,0.002288,172.31.33.0-255,66,226928,35,349117
5736,0.002305,74.125.130.0-255,5738,232666,35,349117
5737,0.002307,172.31.33.0-255,66,232732,35,349117
5738,0.00231,74.125.130.0-255,1484,234216,35,349117
5739,0.00233,74.125.130.0-255,7156,241372,35,349117
5740,0.002333,172.31.33.0-255,66,241438,35,349117
5741,0.002336,74.125.130.0-255,1484,242922,35,349117
5742,0.00236,74.125.130.0-255,5020,247942,35,349117
5743,0.002365,172.31.33.0-255,66,248008,35,349117
5744,0.002494,74.125.130.0-255,1484,249492,35,349117
5745,0.002499,74.125.130.0-255,1484,250976,35,349117
5746,0.002502,172.31.33.0-255,66,251042,35,349117
5747,0.002524,74.125.130.0-255,2902,253944,35,349117
5748,0.002527,172.31.33.0-255,66,254010,35,349117
5749,0.002532,74.125.130.0-255,2902,256912,35,349117
5750,0.002534,172.31.33.0-255,66,256978,35,349117
5751,0.002546,74.125.130.0-255,2902,259880,35,349117
5752,0.002549,172.31.33.0-255,66,259946,35,349117
5753,0.002552,74.125.130.0-255,1484,261430,35,349117
5754,0.002582,74.125.130.0-255,7156,268586,35,349117
5755,0.002584,172.31.33.0-255,66,268652,35,349117
5756,0.002612,74.125.130.0-255,2902,271554,35,349117
5757,0.002615,172.31.33.0-255,66,271620,35,349117
5758,0.002639,74.125.130.0-255,7156,278776,35,349117
5759,0.002643,74.125.130.0-255,3602,282378,35,349117
5760,0.002647,172.31.33.0-255,66,282444,35,349117
5761,0.00265,172.31.33.0-255,66,282510,35,349117
5762,0.002682,74.125.130.0-255,1484,283994,35,349117
5763,0.002694,74.125.130.0-255,2902,286896,35,349117
5764,0.002697,172.31.33.0-255,66,286962,35,349117
5765,0.0027,74.125.130.0-255,1484,288446,35,349117
5766,0.002711,74.125.130.0-255,1484,289930,35,349117
5767,0.002713,172.31.33.0-255,66,289996,35,349117
5768,0.002723,74.125.130.0-255,1484,291480,35,349117
5769,0.002735,74.125.130.0-255,2902,294382,35,349117
5770,0.002738,172.31.33.0-255,66,294448,35,349117
5771,0.002768,172.31.33.0-255,66,294514,35,349117
5772,0.002774,74.125.130.0-255,4320,298834,35,349117
5773,0.002777,172.31.33.0-255,66,298900,35,349117
5774,0.002837,172.31.33.0-255,66,298966,35,349117
5775,0.002858,74.125.130.0-255,5020,303986,35,349117
5776,0.002861,172.31.33.0-255,66,304052,35,349117
5777,0.002872,172.31.33.0-255,66,304118,35,349117
5778,0.002877,74.125.130.0-255,5738,309856,35,349117
5779,0.00288,172.31.33.0-255,66,309922,35,349117
5780,0.002882,74.125.130.0-255,1484,311406,35,349117
5781,0.002885,74.125.130.0-255,1484,312890,35,349117
5782,0.002902,172.31.33.0-255,66,312956,35,349117
5783,0.002956,74.125.130.0-255,5738,318694,35,349117
5784,0.002959,172.31.33.0-255,66,318760,35,349117
5785,0.002963,74.125.130.0-255,2184,320944,35,349117
5786,0.002965,172.31.33.0-255,66,321010,35,349117
5787,0.002999,74.125.130.0-255,1484,322494,35,349117
5788,0.00302,74.125.130.0-255,1484,323978,35,349117
5789,0.003023,172.31.33.0-255,66,324044,35,349117
5790,0.003057,74.125.130.0-255,2902,326946,35,349117
5791,0.00306,172.31.33.0-255,66,327012,35,349117
5792,0.003071,74.125.130.0-255,1484,328496,35,349117
5793,0.00309,74.125.130.0-255,2902,331398,35,349117
5794,0.003092,172.31.33.0-255,66,331464,35,349117
5795,0.003108,74.125.130.0-255,1484,332948,35,349117
5796,0.00312,74.125.130.0-255,1484,334432,35,349117
5797,0.003122,172.31.33.0-255,66,334498,35,349117
5798,0.003139,74.125.130.0-255,2902,337400,35,349117
5799,0.003141,172.31.33.0-255,66,337466,35,349117
5800,0.003151,74.125.130.0-255,1484,338950,35,349117
5801,0.003179,74.125.130.0-255,7156,346106,35,349117
5802,0.003182,172.31.33.0-255,66,346172,35,349117
5803,0.003202,74.125.130.0-255,2323,348495,35,349117
5804,0.003204,172.31.33.0-255,66,348561,35,349117
5805,0.003207,74.125.130.0-255,97,348658,35,349117
5806,0.003307,74.125.130.0-255,105,348763,35,349117
5807,0.01218,74.125.130.0-255,105,348868,35,349117
5808,0.012199,172.31.33.0-255,78,348946,35,349117
5809,0.012588,172.31.33.0-255,105,349051,35,349117
5810,0.014563,74.125.130.0-255,66,349117,35,349117
5811,0.0,74.125.200.0-255,153,153,35,315625
5812,3.4e-05,172.31.33.0-255,66,219,35,315625
5813,4.3e-05,74.125.200.0-255,1484,1703,35,315625
5814,5e-05,172.31.33.0-255,66,1769,35,315625
5815,6.6e-05,74.125.200.0-255,1484,3253,35,315625
5816,7.1e-05,172.31.33.0-255,66,3319,35,315625
5817,7.8e-05,74.125.200.0-255,2902,6221,35,315625
5818,8.2e-05,172.31.33.0-255,66,6287,35,315625
5819,9e-05,74.125.200.0-255,5738,12025,35,315625
5820,9.4e-05,172.31.33.0-255,66,12091,35,315625
5821,0.000116,74.125.200.0-255,6286,18377,35,315625
5822,0.000124,172.31.33.0-255,66,18443,35,315625
5823,0.000138,74.125.200.0-255,7156,25599,35,315625
5824,0.000141,172.31.33.0-255,66,25665,35,315625
5825,0.000151,74.125.200.0-255,5379,31044,35,315625
5826,0.000155,172.31.33.0-255,66,31110,35,315625
5827,0.000261,74.125.200.0-255,1484,32594,35,315625
5828,0.000267,172.31.33.0-255,66,32660,35,315625
5829,0.000305,74.125.200.0-255,2902,35562,35,315625
5830,0.00031,172.31.33.0-255,66,35628,35,315625
5831,0.000313,74.125.200.0-255,1484,37112,35,315625
5832,0.000316,172.31.33.0-255,66,37178,35,315625
5833,0.000322,74.125.200.0-255,2902,40080,35,315625
5834,0.000327,172.31.33.0-255,66,40146,35,315625
5835,0.000337,74.125.200.0-255,5738,45884,35,315625
5836,0.000339,172.31.33.0-255,66,45950,35,315625
5837,0.000345,74.125.200.0-255,2543,48493,35,315625
5838,0.000347,172.31.33.0-255,66,48559,35,315625
5839,0.000352,74.125.200.0-255,2902,51461,35,315625
5840,0.000356,172.31.33.0-255,66,51527,35,315625
5841,0.000392,74.125.200.0-255,7156,58683,35,315625
5842,0.000397,172.31.33.0-255,66,58749,35,315625
5843,0.000407,74.125.200.0-255,7070,65819,35,315625
5844,0.00041,172.31.33.0-255,66,65885,35,315625
5845,0.000469,74.125.200.0-255,131,66016,35,315625
5846,0.000561,74.125.200.0-255,1484,67500,35,315625
5847,0.000566,172.31.33.0-255,66,67566,35,315625
5848,0.000571,74.125.200.0-255,2902,70468,35,315625
5849,0.000573,172.31.33.0-255,66,70534,35,315625
5850,0.000576,74.125.200.0-255,1484,72018,35,315625
5851,0.000597,74.125.200.0-255,4320,76338,35,315625
5852,0.0006,172.31.33.0-255,66,76404,35,315625
5853,0.000605,74.125.200.0-255,4320,80724,35,315625
5854,0.000607,172.31.33.0-255,66,80790,35,315625
5855,0.000613,74.125.200.0-255,5379,86169,35,315625
5856,0.000615,172.31.33.0-255,66,86235,35,315625
5857,0.00065,74.125.200.0-255,5738,91973,35,315625
5858,0.000654,172.31.33.0-255,66,92039,35,315625
5859,0.000676,74.125.200.0-255,1484,93523,35,315625
5860,0.000718,74.125.200.0-255,6797,100320,35,315625
5861,0.000724,172.31.33.0-255,66,100386,35,315625
5862,0.001886,74.125.200.0-255,1484,101870,35,315625
5863,0.001896,74.125.200.0-255,2902,104772,35,315625
5864,0.0019,172.31.33.0-255,66,104838,35,315625
5865,0.001904,74.125.200.0-255,1484,106322,35,315625
5866,0.001926,74.125.200.0-255,2902,109224,35,315625
5867,0.001928,172.31.33.0-255,66,109290,35,315625
5868,0.001932,74.125.200.0-255,1484,110774,35,315625
5869,0.001956,74.125.200.0-255,4320,115094,35,315625
5870,0.001959,172.31.33.0-255,66,115160,35,315625
5871,0.001964,74.125.200.0-255,2902,118062,35,315625
5872,0.001966,172.31.33.0-255,66,118128,35,315625
5873,0.002,172.31.33.0-255,66,118194,35,315625
5874,0.002057,172.31.33.0-255,66,118260,35,315625
5875,0.002449,74.125.200.0-255,1484,119744,35,315625
5876,0.002479,74.125.200.0-255,1484,121228,35,315625
5877,0.002482,172.31.33.0-255,66,121294,35,315625
5878,0.00251,74.125.200.0-255,2902,124196,35,315625
5879,0.002512,172.31.33.0-255,66,124262,35,315625
5880,0.002515,74.125.200.0-255,1484,125746,35,315625
5881,0.002532,74.125.200.0-255,1484,127230,35,315625
5882,0.002533,172.31.33.0-255,66,127296,35,315625
5883,0.002549,74.125.200.0-255,1484,128780,35,315625
5884,0.002573,74.125.200.0-255,1484,130264,35,315625
5885,0.002576,172.31.33.0-255,66,130330,35,315625
5886,0.002592,74.125.200.0-255,2902,133232,35,315625
5887,0.002594,172.31.33.0-255,66,133298,35,315625
5888,0.002597,74.125.200.0-255,1484,134782,35,315625
5889,0.002618,74.125.200.0-255,1484,136266,35,315625
5890,0.00262,172.31.33.0-255,66,136332,35,315625
5891,0.002624,74.125.200.0-255,2902,139234,35,315625
5892,0.002626,172.31.33.0-255,66,139300,35,315625
5893,0.002652,74.125.200.0-255,1484,140784,35,315625
5894,0.002654,74.125.200.0-255,1484,142268,35,315625
5895,0.002656,172.31.33.0-255,66,142334,35,315625
5896,0.002682,74.125.200.0-255,1484,143818,35,315625
5897,0.002687,74.125.200.0-255,2902,146720,35,315625
5898,0.002689,172.31.33.0-255,66,146786,35,315625
5899,0.002727,74.125.200.0-255,1484,148270,35,315625
5900,0.002739,74.125.200.0-255,2902,151172,35,315625
5901,0.00274,172.31.33.0-255,66,151238,35,315625
5902,0.002774,74.125.200.0-255,2184,153422,35,315625
5903,0.002776,172.31.33.0-255,66,153488,35,315625
5904,0.003862,74.125.200.0-255,1484,154972,35,315625
5905,0.003867,74.125.200.0-255,2902,157874,35,315625
5906,0.003868,172.31.33.0-255,66,157940,35,315625
5907,0.003893,74.125.200.0-255,4320,162260,35,315625
5908,0.003895,172.31.33.0-255,66,162326,35,315625
5909,0.003911,74.125.200.0-255,1484,163810,35,315625
5910,0.003914,74.125.200.0-255,2902,166712,35,315625
5911,0.003916,172.31.33.0-255,66,166778,35,315625
5912,0.003921,74.125.200.0-255,4320,171098,35,315625
5913,0.003923,172.31.33.0-255,66,171164,35,315625
5914,0.003949,172.31.33.0-255,66,171230,35,315625
5915,0.003953,74.125.200.0-255,2902,174132,35,315625
5916,0.003954,172.31.33.0-255,66,174198,35,315625
5917,0.003973,74.125.200.0-255,1484,175682,35,315625
5918,0.003998,74.125.200.0-255,1484,177166,35,315625
5919,0.004,172.31.33.0-255,66,177232,35,315625
5920,0.004019,172.31.33.0-255,66,177298,35,315625
5921,0.004042,74.125.200.0-255,3602,180900,35,315625
5922,0.004043,172.31.33.0-255,66,180966,35,315625
5923,0.004049,74.125.200.0-255,7156,188122,35,315625
5924,0.004051,172.31.33.0-255,66,188188,35,315625
5925,0.00408,74.125.200.0-255,7156,195344,35,315625
5926,0.004081,172.31.33.0-255,66,195410,35,315625
5927,0.004086,74.125.200.0-255,5738,201148,35,315625
5928,0.004088,172.31.33.0-255,66,201214,35,315625
5929,0.00412,74.125.200.0-255,3602,204816,35,315625
5930,0.004122,172.31.33.0-255,66,204882,35,315625
5931,0.004184,74.125.200.0-255,1484,206366,35,315625
5932,0.004187,74.125.200.0-255,1484,207850,35,315625
5933,0.004188,172.31.33.0-255,66,207916,35,315625
5934,0.004191,74.125.200.0-255,1484,209400,35,315625
5935,0.004214,74.125.200.0-255,2902,212302,35,315625
5936,0.004216,172.31.33.0-255,66,212368,35,315625
5937,0.00422,74.125.200.0-255,4320,216688,35,315625
5938,0.004221,172.31.33.0-255,66,216754,35,315625
5939,0.00424,74.125.200.0-255,1484,218238,35,315625
5940,0.004261,74.125.200.0-255,5738,223976,35,315625
5941,0.004264,172.31.33.0-255,66,224042,35,315625
5942,0.004269,74.125.200.0-255,5738,229780,35,315625
5943,0.004271,172.31.33.0-255,66,229846,35,315625
5944,0.004276,74.125.200.0-255,7156,237002,35,315625
5945,0.004278,172.31.33.0-255,66,237068,35,315625
5946,0.004281,74.125.200.0-255,2184,239252,35,315625
5947,0.004283,172.31.33.0-255,66,239318,35,315625
5948,0.004327,74.125.200.0-255,1484,240802,35,315625
5949,0.004338,74.125.200.0-255,2902,243704,35,315625
5950,0.004341,172.31.33.0-255,66,243770,35,315625
5951,0.004364,74.125.200.0-255,4320,248090,35,315625
5952,0.004367,172.31.33.0-255,66,248156,35,315625
5953,0.004371,74.125.200.0-255,2902,251058,35,315625
5954,0.004373,172.31.33.0-255,66,251124,35,315625
5955,0.004396,74.125.200.0-255,2902,254026,35,315625
5956,0.004398,172.31.33.0-255,66,254092,35,315625
5957,0.004402,74.125.200.0-255,2902,256994,35,315625
5958,0.004404,172.31.33.0-255,66,257060,35,315625
5959,0.004444,172.31.33.0-255,66,257126,35,315625
5960,0.004448,74.125.200.0-255,4320,261446,35,315625
5961,0.004451,172.31.33.0-255,66,261512,35,315625
5962,0.004463,74.125.200.0-255,2902,264414,35,315625
5963,0.004465,172.31.33.0-255,66,264480,35,315625
5964,0.004499,172.31.33.0-255,66,264546,35,315625
5965,0.004548,172.31.33.0-255,66,264612,35,315625
5966,0.004562,74.125.200.0-255,1484,266096,35,315625
5967,0.004577,172.31.33.0-255,66,266162,35,315625
5968,0.004587,172.31.33.0-255,66,266228,35,315625
5969,0.004591,74.125.200.0-255,2902,269130,35,315625
5970,0.004593,172.31.33.0-255,66,269196,35,315625
5971,0.004631,172.31.33.0-255,66,269262,35,315625
5972,0.00467,74.125.200.0-255,5738,275000,35,315625
5973,0.004673,172.31.33.0-255,66,275066,35,315625
5974,0.004707,172.31.33.0-255,66,275132,35,315625
5975,0.004711,74.125.200.0-255,2902,278034,35,315625
5976,0.004712,172.31.33.0-255,66,278100,35,315625
5977,0.004718,74.125.200.0-255,5738,283838,35,315625
5978,0.004719,172.31.33.0-255,66,283904,35,315625
5979,0.004741,74.125.200.0-255,2902,286806,35,315625
5980,0.004743,172.31.33.0-255,66,286872,35,315625
5981,0.004746,74.125.200.0-255,1484,288356,35,315625
5982,0.004752,74.125.200.0-255,7156,295512,35,315625
5983,0.004754,172.31.33.0-255,66,295578,35,315625
5984,0.004758,74.125.200.0-255,4320,299898,35,315625
5985,0.00476,172.31.33.0-255,66,299964,35,315625
5986,0.004775,74.125.200.0-255,1484,301448,35,315625
5987,0.004799,74.125.200.0-255,3546,304994,35,315625
5988,0.004801,172.31.33.0-255,66,305060,35,315625
5989,0.004804,74.125.200.0-255,97,305157,35,315625
5990,0.00485,74.125.200.0-255,105,305262,35,315625
5991,0.008856,172.31.33.0-255,66,305328,35,315625
5992,0.008895,172.31.33.0-255,105,305433,35,315625
5993,0.01109,74.125.200.0-255,66,305499,35,315625
5994,0.034748,172.31.33.0-255,172,305671,35,315625
5995,0.034799,172.31.33.0-255,1107,306778,35,315625
5996,0.03489,172.31.33.0-255,1514,308292,35,315625
5997,0.034892,172.31.33.0-255,1514,309806,35,315625
5998,0.034894,172.31.33.0-255,1514,311320,35,315625
5999,0.034895,172.31.33.0-255,1514,312834,35,315625
6000,0.034949,172.31.33.0-255,1514,314348,35,315625
6001,0.034957,172.31.33.0-255,1013,315361,35,315625
6002,0.036332,104.244.42.0-255,66,315427,35,315625
6003,0.036349,104.244.42.0-255,66,315493,35,315625
6004,0.036469,104.244.42.0-255,66,315559,35,315625
6005,0.036505,104.244.42.0-255,66,315625,35,315625
6006,0.0,172.31.33.0-255,105,105,35,276
6007,0.001771,157.240.7.0-255,105,210,35,276
6008,0.001782,172.31.33.0-255,66,276,35,276
6009,0.0,172.31.33.0-255,105,105,35,276
6010,0.002064,157.240.7.0-255,105,210,35,276
6011,0.002078,172.31.33.0-255,66,276,35,276
6012,0.0,172.217.194.0-255,153,153,35,294531
6013,2.3e-05,172.31.33.0-255,66,219,35,294531
6014,3.1e-05,172.217.194.0-255,1484,1703,35,294531
6015,3.5e-05,172.31.33.0-255,66,1769,35,294531
6016,4e-05,172.217.194.0-255,2902,4671,35,294531
6017,4.3e-05,172.31.33.0-255,66,4737,35,294531
6018,5.1e-05,172.217.194.0-255,5738,10475,35,294531
6019,5.3e-05,172.31.33.0-255,66,10541,35,294531
6020,6.9e-05,172.217.194.0-255,1484,12025,35,294531
6021,7.1e-05,172.31.33.0-255,66,12091,35,294531
6022,7.6e-05,172.217.194.0-255,2030,14121,35,294531
6023,7.7e-05,172.31.33.0-255,66,14187,35,294531
6024,0.000495,172.217.194.0-255,1484,15671,35,294531
6025,0.0005,172.31.33.0-255,66,15737,35,294531
6026,0.000506,172.217.194.0-255,2902,18639,35,294531
6027,0.000508,172.31.33.0-255,66,18705,35,294531
6028,0.000511,172.217.194.0-255,1484,20189,35,294531
6029,0.000512,172.31.33.0-255,66,20255,35,294531
6030,0.00053,172.217.194.0-255,4320,24575,35,294531
6031,0.000532,172.31.33.0-255,66,24641,35,294531
6032,0.000575,172.217.194.0-255,2902,27543,35,294531
6033,0.000578,172.31.33.0-255,66,27609,35,294531
6034,0.000597,172.217.194.0-255,3961,31570,35,294531
6035,0.000599,172.31.33.0-255,66,31636,35,294531
6036,0.00085,172.217.194.0-255,1484,33120,35,294531
6037,0.000854,172.31.33.0-255,66,33186,35,294531
6038,0.000862,172.217.194.0-255,2902,36088,35,294531
6039,0.000864,172.31.33.0-255,66,36154,35,294531
6040,0.000868,172.217.194.0-255,2902,39056,35,294531
6041,0.00087,172.31.33.0-255,66,39122,35,294531
6042,0.000893,172.217.194.0-255,2902,42024,35,294531
6043,0.000895,172.31.33.0-255,66,42090,35,294531
6044,0.000902,172.217.194.0-255,7156,49246,35,294531
6045,0.000904,172.31.33.0-255,66,49312,35,294531
6046,0.000918,172.217.194.0-255,3961,53273,35,294531
6047,0.00092,172.31.33.0-255,66,53339,35,294531
6048,0.000926,172.217.194.0-255,4320,57659,35,294531
6049,0.000927,172.31.33.0-255,66,57725,35,294531
6050,0.000962,172.31.33.0-255,66,57791,35,294531
6051,0.001348,172.217.194.0-255,648,58439,35,294531
6052,0.001451,172.217.194.0-255,1484,59923,35,294531
6053,0.001458,172.31.33.0-255,66,59989,35,294531
6054,0.001463,172.217.194.0-255,2902,62891,35,294531
6055,0.001465,172.31.33.0-255,66,62957,35,294531
6056,0.001472,172.217.194.0-255,5738,68695,35,294531
6057,0.001474,172.31.33.0-255,66,68761,35,294531
6058,0.001477,172.217.194.0-255,1484,70245,35,294531
6059,0.001505,172.217.194.0-255,5738,75983,35,294531
6060,0.001507,172.31.33.0-255,66,76049,35,294531
6061,0.001523,172.31.33.0-255,66,76115,35,294531
6062,0.001527,172.217.194.0-255,2184,78299,35,294531
6063,0.00153,172.31.33.0-255,66,78365,35,294531
6064,0.001629,172.217.194.0-255,1484,79849,35,294531
6065,0.001646,172.217.194.0-255,2902,82751,35,294531
6066,0.001649,172.31.33.0-255,66,82817,35,294531
6067,0.001654,172.217.194.0-255,4320,87137,35,294531
6068,0.001657,172.31.33.0-255,66,87203,35,294531
6069,0.001667,172.217.194.0-255,1484,88687,35,294531
6070,0.001674,172.217.194.0-255,5738,94425,35,294531
6071,0.001676,172.31.33.0-255,66,94491,35,294531
6072,0.001693,172.217.194.0-255,5738,100229,35,294531
6073,0.001696,172.31.33.0-255,66,100295,35,294531
6074,0.001707,172.217.194.0-255,1484,101779,35,294531
6075,0.001719,172.31.33.0-255,66,101845,35,294531
6076,0.001722,172.217.194.0-255,766,102611,35,294531
6077,0.001764,172.217.194.0-255,1484,104095,35,294531
6078,0.001766,172.31.33.0-255,66,104161,35,294531
6079,0.001772,172.217.194.0-255,4320,108481,35,294531
6080,0.001774,172.31.33.0-255,66,108547,35,294531
6081,0.001799,172.31.33.0-255,66,108613,35,294531
6082,0.001827,172.31.33.0-255,66,108679,35,294531
6083,0.001852,172.217.194.0-255,2902,111581,35,294531
6084,0.001854,172.31.33.0-255,66,111647,35,294531
6085,0.00186,172.217.194.0-255,5020,116667,35,294531
6086,0.001863,172.31.33.0-255,66,116733,35,294531
6087,0.002046,172.217.194.0-255,1484,118217,35,294531
6088,0.002049,172.217.194.0-255,1484,119701,35,294531
6089,0.002052,172.31.33.0-255,66,119767,35,294531
6090,0.002068,172.217.194.0-255,1484,121251,35,294531
6091,0.0039,172.217.194.0-255,1484,122735,35,294531
6092,0.003906,172.31.33.0-255,66,122801,35,294531
6093,0.004086,172.217.194.0-255,2902,125703,35,294531
6094,0.004089,172.31.33.0-255,66,125769,35,294531
6095,0.005958,172.217.194.0-255,2902,128671,35,294531
6096,0.005965,172.31.33.0-255,66,128737,35,294531
6097,0.006115,172.217.194.0-255,2902,131639,35,294531
6098,0.006119,172.31.33.0-255,66,131705,35,294531
6099,0.008017,172.217.194.0-255,2902,134607,35,294531
6100,0.008024,172.31.33.0-255,66,134673,35,294531
6101,0.008154,172.217.194.0-255,2902,137575,35,294531
6102,0.008159,172.31.33.0-255,66,137641,35,294531
6103,0.010056,172.217.194.0-255,2902,140543,35,294531
6104,0.010064,172.31.33.0-255,66,140609,35,294531
6105,0.010176,172.217.194.0-255,2902,143511,35,294531
6106,0.010181,172.31.33.0-255,66,143577,35,294531
6107,0.012104,172.217.194.0-255,2902,146479,35,294531
6108,0.01211,172.31.33.0-255,66,146545,35,294531
6109,0.012214,172.217.194.0-255,2902,149447,35,294531
6110,0.012219,172.31.33.0-255,66,149513,35,294531
6111,0.014157,172.217.194.0-255,2902,152415,35,294531
6112,0.014164,172.31.33.0-255,66,152481,35,294531
6113,0.014236,172.217.194.0-255,2902,155383,35,294531
6114,0.014239,172.31.33.0-255,66,155449,35,294531
6115,0.016212,172.217.194.0-255,2902,158351,35,294531
6116,0.01622,172.31.33.0-255,66,158417,35,294531
6117,0.016264,172.217.194.0-255,2902,161319,35,294531
6118,0.016267,172.31.33.0-255,66,161385,35,294531
6119,0.01828,172.217.194.0-255,2902,164287,35,294531
6120,0.018286,172.31.33.0-255,66,164353,35,294531
6121,0.018305,172.217.194.0-255,2902,167255,35,294531
6122,0.018308,172.31.33.0-255,66,167321,35,294531
6123,0.020342,172.217.194.0-255,5738,173059,35,294531
6124,0.020349,172.31.33.0-255,66,173125,35,294531
6125,0.022396,172.217.194.0-255,5738,178863,35,294531
6126,0.022403,172.31.33.0-255,66,178929,35,294531
6127,0.024484,172.217.194.0-255,5738,184667,35,294531
6128,0.024491,172.31.33.0-255,66,184733,35,294531
6129,0.026545,172.217.194.0-255,5738,190471,35,294531
6130,0.026554,172.31.33.0-255,66,190537,35,294531
6131,0.028642,172.217.194.0-255,5738,196275,35,294531
6132,0.028648,172.31.33.0-255,66,196341,35,294531
6133,0.029472,172.31.33.0-255,172,196513,35,294531
6134,0.029505,172.31.33.0-255,1107,197620,35,294531
6135,0.029573,172.31.33.0-255,1514,199134,35,294531
6136,0.029575,172.31.33.0-255,1514,200648,35,294531
6137,0.02958,172.31.33.0-255,1514,202162,35,294531
6138,0.029581,172.31.33.0-255,1514,203676,35,294531
6139,0.029601,172.31.33.0-255,1514,205190,35,294531
6140,0.029602,172.31.33.0-255,1183,206373,35,294531
6141,0.03069,172.217.194.0-255,5738,212111,35,294531
6142,0.030698,172.31.33.0-255,66,212177,35,294531
6143,0.031019,104.244.42.0-255,66,212243,35,294531
6144,0.031067,104.244.42.0-255,66,212309,35,294531
6145,0.03122,104.244.42.0-255,66,212375,35,294531
6146,0.031227,104.244.42.0-255,66,212441,35,294531
6147,0.032758,172.217.194.0-255,5738,218179,35,294531
6148,0.032764,172.31.33.0-255,66,218245,35,294531
6149,0.034813,172.217.194.0-255,5738,223983,35,294531
6150,0.03482,172.31.33.0-255,66,224049,35,294531
6151,0.036857,172.217.194.0-255,5738,229787,35,294531
6152,0.036865,172.31.33.0-255,66,229853,35,294531
6153,0.03892,172.217.194.0-255,5738,235591,35,294531
6154,0.03893,172.31.33.0-255,66,235657,35,294531
6155,0.041008,172.217.194.0-255,5738,241395,35,294531
6156,0.041016,172.31.33.0-255,66,241461,35,294531
6157,0.04307,172.217.194.0-255,5738,247199,35,294531
6158,0.043078,172.31.33.0-255,66,247265,35,294531
6159,0.04511,172.217.194.0-255,5738,253003,35,294531
6160,0.045118,172.31.33.0-255,66,253069,35,294531
6161,0.045936,172.31.33.0-255,108,253177,35,294531
6162,0.047196,172.217.194.0-255,5738,258915,35,294531
6163,0.047203,172.31.33.0-255,66,258981,35,294531
6164,0.047466,104.244.42.0-255,66,259047,35,294531
6165,0.049254,172.217.194.0-255,5738,264785,35,294531
6166,0.049261,172.31.33.0-255,66,264851,35,294531
6167,0.051296,172.217.194.0-255,2902,267753,35,294531
6168,0.051305,172.31.33.0-255,66,267819,35,294531
6169,0.051344,172.217.194.0-255,2902,270721,35,294531
6170,0.051347,172.31.33.0-255,66,270787,35,294531
6171,0.053374,172.217.194.0-255,2902,273689,35,294531
6172,0.053383,172.31.33.0-255,66,273755,35,294531
6173,0.053425,172.217.194.0-255,2902,276657,35,294531
6174,0.053427,172.31.33.0-255,66,276723,35,294531
6175,0.055437,172.217.194.0-255,2902,279625,35,294531
6176,0.055445,172.31.33.0-255,66,279691,35,294531
6177,0.055471,172.217.194.0-255,2902,282593,35,294531
6178,0.055473,172.31.33.0-255,66,282659,35,294531
6179,0.057491,172.217.194.0-255,2902,285561,35,294531
6180,0.057497,172.31.33.0-255,66,285627,35,294531
6181,0.057518,172.217.194.0-255,2902,288529,35,294531
6182,0.05752,172.31.33.0-255,66,288595,35,294531
6183,0.059531,172.217.194.0-255,2902,291497,35,294531
6184,0.059537,172.31.33.0-255,66,291563,35,294531
6185,0.059563,172.217.194.0-255,2902,294465,35,294531
6186,0.059565,172.31.33.0-255,66,294531,35,294531
6187,0.0,172.31.33.0-255,105,105,35,276
6188,0.002059,157.240.7.0-255,105,210,35,276
6189,0.002072,172.31.33.0-255,66,276,35,276
6190,0.0,172.31.33.0-255,105,105,35,459
6191,0.000197,172.31.33.0-255,90,195,35,459
6192,0.000206,172.31.33.0-255,66,261,35,459
6193,0.0027,74.125.24.0-255,66,327,35,459
6194,0.002727,74.125.24.0-255,66,393,35,459
6195,0.002746,172.31.33.0-255,66,459,35,459
6196,0.0,74.125.24.0-255,298,298,35,150023
6197,3.5e-05,172.31.33.0-255,66,364,35,150023
6198,4.2e-05,74.125.24.0-255,1484,1848,35,150023
6199,4.8e-05,172.31.33.0-255,66,1914,35,150023
6200,5.4e-05,74.125.24.0-255,4320,6234,35,150023
6201,5.6e-05,172.31.33.0-255,66,6300,35,150023
6202,6.9e-05,172.31.33.0-255,66,6366,35,150023
6203,8.3e-05,172.31.33.0-255,66,6432,35,150023
6204,0.000106,74.125.24.0-255,1484,7916,35,150023
6205,0.00011,74.125.24.0-255,2543,10459,35,150023
6206,0.000111,172.31.33.0-255,66,10525,35,150023
6207,0.000116,172.31.33.0-255,66,10591,35,150023
6208,0.00016,74.125.24.0-255,1484,12075,35,150023
6209,0.000163,172.31.33.0-255,66,12141,35,150023
6210,0.000169,74.125.24.0-255,2902,15043,35,150023
6211,0.000171,172.31.33.0-255,66,15109,35,150023
6212,0.00019,74.125.24.0-255,5738,20847,35,150023
6213,0.000192,172.31.33.0-255,66,20913,35,150023
6214,0.000206,74.125.24.0-255,1484,22397,35,150023
6215,0.000208,172.31.33.0-255,66,22463,35,150023
6216,0.000237,172.31.33.0-255,66,22529,35,150023
6217,0.000249,172.31.33.0-255,66,22595,35,150023
6218,0.000291,74.125.24.0-255,130,22725,35,150023
6219,0.000294,172.31.33.0-255,66,22791,35,150023
6220,0.000341,74.125.24.0-255,349,23140,35,150023
6221,0.000345,172.31.33.0-255,66,23206,35,150023
6222,0.000602,74.125.24.0-255,1484,24690,35,150023
6223,0.000606,172.31.33.0-255,66,24756,35,150023
6224,0.000612,74.125.24.0-255,2902,27658,35,150023
6225,0.000615,172.31.33.0-255,66,27724,35,150023
6226,0.000632,74.125.24.0-255,5738,33462,35,150023
6227,0.000635,172.31.33.0-255,66,33528,35,150023
6228,0.000658,74.125.24.0-255,4320,37848,35,150023
6229,0.000661,172.31.33.0-255,66,37914,35,150023
6230,0.000675,172.31.33.0-255,66,37980,35,150023
6231,0.000702,172.31.33.0-255,66,38046,35,150023
6232,0.001043,74.125.24.0-255,1484,39530,35,150023
6233,0.001051,74.125.24.0-255,2902,42432,35,150023
6234,0.001056,172.31.33.0-255,66,42498,35,150023
6235,0.001074,74.125.24.0-255,5738,48236,35,150023
6236,0.001078,172.31.33.0-255,66,48302,35,150023
6237,0.001084,74.125.24.0-255,5738,54040,35,150023
6238,0.001087,172.31.33.0-255,66,54106,35,150023
6239,0.001092,74.125.24.0-255,2902,57008,35,150023
6240,0.001094,172.31.33.0-255,66,57074,35,150023
6241,0.001127,172.31.33.0-255,66,57140,35,150023
6242,0.001147,74.125.24.0-255,5020,62160,35,150023
6243,0.00115,172.31.33.0-255,66,62226,35,150023
6244,0.001694,74.125.24.0-255,1484,63710,35,150023
6245,0.001704,74.125.24.0-255,2902,66612,35,150023
6246,0.001708,172.31.33.0-255,66,66678,35,150023
6247,0.001711,74.125.24.0-255,1484,68162,35,150023
6248,0.001714,74.125.24.0-255,1484,69646,35,150023
6249,0.001716,172.31.33.0-255,66,69712,35,150023
6250,0.001735,74.125.24.0-255,4320,74032,35,150023
6251,0.001738,172.31.33.0-255,66,74098,35,150023
6252,0.001743,74.125.24.0-255,4320,78418,35,150023
6253,0.001745,172.31.33.0-255,66,78484,35,150023
6254,0.001781,172.31.33.0-255,66,78550,35,150023
6255,0.001793,172.31.33.0-255,66,78616,35,150023
6256,0.001906,74.125.24.0-255,1484,80100,35,150023
6257,0.001912,74.125.24.0-255,2902,83002,35,150023
6258,0.001915,172.31.33.0-255,66,83068,35,150023
6259,0.001919,74.125.24.0-255,1484,84552,35,150023
6260,0.001937,74.125.24.0-255,4320,88872,35,150023
6261,0.00194,172.31.33.0-255,66,88938,35,150023
6262,0.001957,74.125.24.0-255,5738,94676,35,150023
6263,0.001959,172.31.33.0-255,66,94742,35,150023
6264,0.00198,74.125.24.0-255,7156,101898,35,150023
6265,0.001983,172.31.33.0-255,66,101964,35,150023
6266,0.001992,172.31.33.0-255,66,102030,35,150023
6267,0.002022,74.125.24.0-255,2184,104214,35,150023
6268,0.002024,172.31.33.0-255,66,104280,35,150023
6269,0.002475,74.125.24.0-255,1484,105764,35,150023
6270,0.002481,74.125.24.0-255,2902,108666,35,150023
6271,0.002485,172.31.33.0-255,66,108732,35,150023
6272,0.002491,74.125.24.0-255,5738,114470,35,150023
6273,0.002493,172.31.33.0-255,66,114536,35,150023
6274,0.002511,74.125.24.0-255,4320,118856,35,150023
6275,0.002513,172.31.33.0-255,66,118922,35,150023
6276,0.002535,172.31.33.0-255,66,118988,35,150023
6277,0.002544,172.31.33.0-255,66,119054,35,150023
6278,0.002578,74.125.24.0-255,2902,121956,35,150023
6279,0.002579,172.31.33.0-255,66,122022,35,150023
6280,0.002617,172.31.33.0-255,66,122088,35,150023
6281,0.002625,172.31.33.0-255,66,122154,35,150023
6282,0.002681,74.125.24.0-255,1484,123638,35,150023
6283,0.00269,74.125.24.0-255,2902,126540,35,150023
6284,0.0027,74.125.24.0-255,1484,128024,35,150023
6285,0.00271,74.125.24.0-255,2902,130926,35,150023
6286,0.002801,74.125.24.0-255,1484,132410,35,150023
6287,0.002846,74.125.24.0-255,6438,138848,35,150023
6288,0.00285,74.125.24.0-255,4320,143168,35,150023
6289,0.002885,74.125.24.0-255,1484,144652,35,150023
6290,0.002904,74.125.24.0-255,4846,149498,35,150023
6291,0.002942,74.125.24.0-255,105,149603,35,150023
6292,0.012054,172.31.33.0-255,66,149669,35,150023
6293,0.012102,74.125.24.0-255,105,149774,35,150023
6294,0.012112,172.31.33.0-255,78,149852,35,150023
6295,0.013917,172.31.33.0-255,105,149957,35,150023
6296,0.016118,74.125.24.0-255,66,150023,35,150023
6297,0.0,172.217.194.0-255,143,143,35,102678
6298,1.7e-05,172.31.33.0-255,66,209,35,102678
6299,2.5e-05,172.217.194.0-255,1484,1693,35,102678
6300,3e-05,172.31.33.0-255,66,1759,35,102678
6301,3.6e-05,172.217.194.0-255,2902,4661,35,102678
6302,4e-05,172.31.33.0-255,66,4727,35,102678
6303,5.6e-05,172.217.194.0-255,7156,11883,35,102678
6304,5.9e-05,172.31.33.0-255,66,11949,35,102678
6305,9.5e-05,172.217.194.0-255,2056,14005,35,102678
6306,9.8e-05,172.31.33.0-255,66,14071,35,102678
6307,0.00014,172.217.194.0-255,1484,15555,35,102678
6308,0.000143,172.31.33.0-255,66,15621,35,102678
6309,0.000148,172.217.194.0-255,1484,17105,35,102678
6310,0.00015,172.31.33.0-255,66,17171,35,102678
6311,0.000185,172.217.194.0-255,1484,18655,35,102678
6312,0.000187,172.31.33.0-255,66,18721,35,102678
6313,0.000195,172.217.194.0-255,5738,24459,35,102678
6314,0.000198,172.31.33.0-255,66,24525,35,102678
6315,0.000213,172.31.33.0-255,66,24591,35,102678
6316,0.000225,172.31.33.0-255,66,24657,35,102678
6317,0.000228,172.217.194.0-255,1484,26141,35,102678
6318,0.00023,172.31.33.0-255,66,26207,35,102678
6319,0.000284,172.31.33.0-255,66,26273,35,102678
6320,0.000291,172.217.194.0-255,5020,31293,35,102678
6321,0.000293,172.31.33.0-255,66,31359,35,102678
6322,0.000296,172.217.194.0-255,409,31768,35,102678
6323,0.000298,172.31.33.0-255,66,31834,35,102678
6324,0.000403,172.217.194.0-255,1484,33318,35,102678
6325,0.000407,172.31.33.0-255,66,33384,35,102678
6326,0.000414,172.217.194.0-255,2902,36286,35,102678
6327,0.000417,172.31.33.0-255,66,36352,35,102678
6328,0.000429,172.217.194.0-255,5738,42090,35,102678
6329,0.000431,172.31.33.0-255,66,42156,35,102678
6330,0.000437,172.217.194.0-255,4320,46476,35,102678
6331,0.00044,172.31.33.0-255,66,46542,35,102678
6332,0.000491,172.31.33.0-255,66,46608,35,102678
6333,0.000509,172.31.33.0-255,66,46674,35,102678
6334,0.000893,172.217.194.0-255,1484,48158,35,102678
6335,0.000899,172.217.194.0-255,1484,49642,35,102678
6336,0.000902,172.31.33.0-255,66,49708,35,102678
6337,0.000935,172.217.194.0-255,1484,51192,35,102678
6338,0.000942,172.217.194.0-255,5738,56930,35,102678
6339,0.000944,172.31.33.0-255,66,56996,35,102678
6340,0.000956,172.31.33.0-255,66,57062,35,102678
6341,0.001002,172.217.194.0-255,4320,61382,35,102678
6342,0.001005,172.31.33.0-255,66,61448,35,102678
6343,0.001018,172.31.33.0-255,66,61514,35,102678
6344,0.001021,172.217.194.0-255,766,62280,35,102678
6345,0.001254,172.217.194.0-255,1484,63764,35,102678
6346,0.001259,172.31.33.0-255,66,63830,35,102678
6347,0.001295,172.217.194.0-255,2902,66732,35,102678
6348,0.001298,172.31.33.0-255,66,66798,35,102678
6349,0.001306,172.217.194.0-255,5738,72536,35,102678
6350,0.001308,172.31.33.0-255,66,72602,35,102678
6351,0.001316,172.217.194.0-255,7156,79758,35,102678
6352,0.001319,172.31.33.0-255,66,79824,35,102678
6353,0.001355,172.217.194.0-255,5738,85562,35,102678
6354,0.001358,172.31.33.0-255,66,85628,35,102678
6355,0.00137,172.31.33.0-255,66,85694,35,102678
6356,0.001423,172.31.33.0-255,66,85760,35,102678
6357,0.001426,172.217.194.0-255,1484,87244,35,102678
6358,0.001464,172.31.33.0-255,66,87310,35,102678
6359,0.001539,172.217.194.0-255,1484,88794,35,102678
6360,0.001543,172.31.33.0-255,66,88860,35,102678
6361,0.001546,172.31.33.0-255,66,88926,35,102678
6362,0.001598,172.31.33.0-255,66,88992,35,102678
6363,0.00161,172.31.33.0-255,66,89058,35,102678
6364,0.001662,172.31.33.0-255,66,89124,35,102678
6365,0.001665,172.217.194.0-255,1484,90608,35,102678
6366,0.00168,172.31.33.0-255,66,90674,35,102678
6367,0.001782,172.31.33.0-255,66,90740,35,102678
6368,0.001814,172.217.194.0-255,1484,92224,35,102678
6369,0.001838,172.31.33.0-255,66,92290,35,102678
6370,0.001862,172.217.194.0-255,105,92395,35,102678
6371,0.001904,172.31.33.0-255,66,92461,35,102678
6372,0.016611,172.31.33.0-255,105,92566,35,102678
6373,0.018741,172.217.194.0-255,66,92632,35,102678
6374,0.042371,172.31.33.0-255,176,92808,35,102678
6375,0.042401,172.31.33.0-255,1107,93915,35,102678
6376,0.042461,172.31.33.0-255,1514,95429,35,102678
6377,0.042462,172.31.33.0-255,1514,96943,35,102678
6378,0.042466,172.31.33.0-255,1514,98457,35,102678
6379,0.042467,172.31.33.0-255,1514,99971,35,102678
6380,0.042486,172.31.33.0-255,1514,101485,35,102678
6381,0.042487,172.31.33.0-255,929,102414,35,102678
6382,0.043933,104.244.42.0-255,66,102480,35,102678
6383,0.043981,104.244.42.0-255,66,102546,35,102678
6384,0.044033,104.244.42.0-255,66,102612,35,102678
6385,0.04404,104.244.42.0-255,66,102678,35,102678
6386,0.0,172.31.33.0-255,105,105,35,276
6387,0.001798,157.240.7.0-255,105,210,35,276
6388,0.001808,172.31.33.0-255,66,276,35,276
6389,0.0,172.31.33.0-255,105,105,35,276
6390,0.001776,157.240.7.0-255,105,210,35,276
6391,0.001789,172.31.33.0-255,66,276,35,276
6392,0.0,172.31.33.0-255,163,163,35,229
6393,0.006434,74.125.130.0-255,66,229,35,229
6394,0.0,74.125.24.0-255,153,153,35,263360
6395,2.9e-05,172.31.33.0-255,66,219,35,263360
6396,3.5e-05,74.125.24.0-255,1484,1703,35,263360
6397,3.8e-05,172.31.33.0-255,66,1769,35,263360
6398,4.3e-05,74.125.24.0-255,2902,4671,35,263360
6399,4.4e-05,172.31.33.0-255,66,4737,35,263360
6400,8.3e-05,74.125.24.0-255,4320,9057,35,263360
6401,8.6e-05,172.31.33.0-255,66,9123,35,263360
6402,9.2e-05,74.125.24.0-255,4830,13953,35,263360
6403,9.4e-05,172.31.33.0-255,66,14019,35,263360
6404,0.000502,74.125.24.0-255,1484,15503,35,263360
6405,0.000507,172.31.33.0-255,66,15569,35,263360
6406,0.000514,74.125.24.0-255,2902,18471,35,263360
6407,0.000516,172.31.33.0-255,66,18537,35,263360
6408,0.000528,74.125.24.0-255,5738,24275,35,263360
6409,0.000531,172.31.33.0-255,66,24341,35,263360
6410,0.000566,74.125.24.0-255,6797,31138,35,263360
6411,0.000569,172.31.33.0-255,66,31204,35,263360
6412,0.001047,74.125.24.0-255,1484,32688,35,263360
6413,0.001052,172.31.33.0-255,66,32754,35,263360
6414,0.001057,74.125.24.0-255,2902,35656,35,263360
6415,0.001059,172.31.33.0-255,66,35722,35,263360
6416,0.001084,74.125.24.0-255,5738,41460,35,263360
6417,0.001086,172.31.33.0-255,66,41526,35,263360
6418,0.001092,74.125.24.0-255,6797,48323,35,263360
6419,0.001094,172.31.33.0-255,66,48389,35,263360
6420,0.001125,74.125.24.0-255,4320,52709,35,263360
6421,0.001126,172.31.33.0-255,66,52775,35,263360
6422,0.001149,74.125.24.0-255,4320,57095,35,263360
6423,0.001151,172.31.33.0-255,66,57161,35,263360
6424,0.001178,74.125.24.0-255,4320,61481,35,263360
6425,0.00118,172.31.33.0-255,66,61547,35,263360
6426,0.00119,74.125.24.0-255,3961,65508,35,263360
6427,0.001191,172.31.33.0-255,66,65574,35,263360
6428,0.002774,74.125.24.0-255,645,66219,35,263360
6429,0.002799,74.125.24.0-255,1484,67703,35,263360
6430,0.002804,172.31.33.0-255,66,67769,35,263360
6431,0.002823,74.125.24.0-255,4320,72089,35,263360
6432,0.002826,172.31.33.0-255,66,72155,35,263360
6433,0.002858,172.31.33.0-255,66,72221,35,263360
6434,0.002877,74.125.24.0-255,5738,77959,35,263360
6435,0.002879,172.31.33.0-255,66,78025,35,263360
6436,0.002943,74.125.24.0-255,7156,85181,35,263360
6437,0.002947,172.31.33.0-255,66,85247,35,263360
6438,0.002976,74.125.24.0-255,5020,90267,35,263360
6439,0.00298,172.31.33.0-255,66,90333,35,263360
6440,0.004842,74.125.24.0-255,1484,91817,35,263360
6441,0.004851,74.125.24.0-255,2902,94719,35,263360
6442,0.004854,172.31.33.0-255,66,94785,35,263360
6443,0.004862,74.125.24.0-255,5738,100523,35,263360
6444,0.004863,172.31.33.0-255,66,100589,35,263360
6445,0.004898,74.125.24.0-255,5738,106327,35,263360
6446,0.0049,172.31.33.0-255,66,106393,35,263360
6447,0.00493,74.125.24.0-255,7156,113549,35,263360
6448,0.004933,172.31.33.0-255,66,113615,35,263360
6449,0.004937,74.125.24.0-255,2902,116517,35,263360
6450,0.004939,172.31.33.0-255,66,116583,35,263360
6451,0.00495,74.125.24.0-255,5738,122321,35,263360
6452,0.004952,172.31.33.0-255,66,122387,35,263360
6453,0.004957,74.125.24.0-255,2184,124571,35,263360
6454,0.004959,172.31.33.0-255,66,124637,35,263360
6455,0.005464,74.125.24.0-255,1484,126121,35,263360
6456,0.005472,74.125.24.0-255,2902,129023,35,263360
6457,0.005475,172.31.33.0-255,66,129089,35,263360
6458,0.005478,74.125.24.0-255,1484,130573,35,263360
6459,0.005505,74.125.24.0-255,4320,134893,35,263360
6460,0.005508,172.31.33.0-255,66,134959,35,263360
6461,0.005536,74.125.24.0-255,2902,137861,35,263360
6462,0.005539,172.31.33.0-255,66,137927,35,263360
6463,0.005576,172.31.33.0-255,66,137993,35,263360
6464,0.005582,74.125.24.0-255,7156,145149,35,263360
6465,0.005585,172.31.33.0-255,66,145215,35,263360
6466,0.005599,74.125.24.0-255,3602,148817,35,263360
6467,0.005602,172.31.33.0-255,66,148883,35,263360
6468,0.006928,74.125.24.0-255,1484,150367,35,263360
6469,0.006935,74.125.24.0-255,2902,153269,35,263360
6470,0.006938,172.31.33.0-255,66,153335,35,263360
6471,0.006942,74.125.24.0-255,1484,154819,35,263360
6472,0.006968,74.125.24.0-255,4320,159139,35,263360
6473,0.006971,172.31.33.0-255,66,159205,35,263360
6474,0.00698,172.31.33.0-255,66,159271,35,263360
6475,0.007004,74.125.24.0-255,1484,160755,35,263360
6476,0.007029,172.31.33.0-255,66,160821,35,263360
6477,0.007079,74.125.24.0-255,5738,166559,35,263360
6478,0.007084,172.31.33.0-255,66,166625,35,263360
6479,0.007117,172.31.33.0-255,66,166691,35,263360
6480,0.007128,172.31.33.0-255,66,166757,35,263360
6481,0.007153,74.125.24.0-255,1484,168241,35,263360
6482,0.007159,74.125.24.0-255,6438,174679,35,263360
6483,0.007161,172.31.33.0-255,66,174745,35,263360
6484,0.007239,74.125.24.0-255,1484,176229,35,263360
6485,0.007254,74.125.24.0-255,1484,177713,35,263360
6486,0.007257,172.31.33.0-255,66,177779,35,263360
6487,0.007281,74.125.24.0-255,1484,179263,35,263360
6488,0.007288,74.125.24.0-255,5738,185001,35,263360
6489,0.007291,172.31.33.0-255,66,185067,35,263360
6490,0.007315,172.31.33.0-255,66,185133,35,263360
6491,0.007351,172.31.33.0-255,66,185199,35,263360
6492,0.007378,74.125.24.0-255,1484,186683,35,263360
6493,0.007382,74.125.24.0-255,2902,189585,35,263360
6494,0.007385,172.31.33.0-255,66,189651,35,263360
6495,0.007392,74.125.24.0-255,1484,191135,35,263360
6496,0.007408,74.125.24.0-255,4320,195455,35,263360
6497,0.007412,172.31.33.0-255,66,195521,35,263360
6498,0.007455,74.125.24.0-255,1484,197005,35,263360
6499,0.007477,172.31.33.0-255,66,197071,35,263360
6500,0.00748,74.125.24.0-255,1484,198555,35,263360
6501,0.007485,74.125.24.0-255,4320,202875,35,263360
6502,0.007486,172.31.33.0-255,66,202941,35,263360
6503,0.007511,74.125.24.0-255,5020,207961,35,263360
6504,0.007514,172.31.33.0-255,66,208027,35,263360
6505,0.00756,74.125.24.0-255,1484,209511,35,263360
6506,0.007564,74.125.24.0-255,1484,210995,35,263360
6507,0.007566,172.31.33.0-255,66,211061,35,263360
6508,0.007593,74.125.24.0-255,1484,212545,35,263360
6509,0.007599,74.125.24.0-255,5738,218283,35,263360
6510,0.007602,172.31.33.0-255,66,218349,35,263360
6511,0.007613,172.31.33.0-255,66,218415,35,263360
6512,0.007641,74.125.24.0-255,1484,219899,35,263360
6513,0.007652,172.31.33.0-255,66,219965,35,263360
6514,0.007654,74.125.24.0-255,766,220731,35,263360
6515,0.007677,74.125.24.0-255,1484,222215,35,263360
6516,0.00768,172.31.33.0-255,66,222281,35,263360
6517,0.007685,74.125.24.0-255,2902,225183,35,263360
6518,0.007687,172.31.33.0-255,66,225249,35,263360
6519,0.007717,74.125.24.0-255,5738,230987,35,263360
6520,0.00772,172.31.33.0-255,66,231053,35,263360
6521,0.007737,172.31.33.0-255,66,231119,35,263360
6522,0.007742,74.125.24.0-255,4320,235439,35,263360
6523,0.007744,172.31.33.0-255,66,235505,35,263360
6524,0.007778,74.125.24.0-255,6438,241943,35,263360
6525,0.007782,172.31.33.0-255,66,242009,35,263360
6526,0.007858,74.125.24.0-255,1484,243493,35,263360
6527,0.007864,74.125.24.0-255,2902,246395,35,263360
6528,0.007866,172.31.33.0-255,66,246461,35,263360
6529,0.007894,74.125.24.0-255,5738,252199,35,263360
6530,0.007897,172.31.33.0-255,66,252265,35,263360
6531,0.007908,172.31.33.0-255,66,252331,35,263360
6532,0.00793,74.125.24.0-255,1484,253815,35,263360
6533,0.007954,74.125.24.0-255,6262,260077,35,263360
6534,0.007958,172.31.33.0-255,66,260143,35,263360
6535,0.007983,74.125.24.0-255,105,260248,35,263360
6536,0.009375,172.31.33.0-255,66,260314,35,263360
6537,0.009397,172.31.33.0-255,105,260419,35,263360
6538,0.011412,74.125.24.0-255,66,260485,35,263360
6539,0.029801,172.31.33.0-255,172,260657,35,263360
6540,0.029825,172.31.33.0-255,1107,261764,35,263360
6541,0.029884,172.31.33.0-255,1398,263162,35,263360
6542,0.031347,104.244.42.0-255,66,263228,35,263360
6543,0.031388,104.244.42.0-255,66,263294,35,263360
6544,0.031436,104.244.42.0-255,66,263360,35,263360
6545,0.0,172.217.194.0-255,156,156,35,211074
6546,1.8e-05,172.31.33.0-255,66,222,35,211074
6547,4.1e-05,172.217.194.0-255,1484,1706,35,211074
6548,4.5e-05,172.31.33.0-255,66,1772,35,211074
6549,4.9e-05,172.217.194.0-255,2902,4674,35,211074
6550,5.1e-05,172.31.33.0-255,66,4740,35,211074
6551,6.9e-05,172.217.194.0-255,2902,7642,35,211074
6552,7.2e-05,172.31.33.0-255,66,7708,35,211074
6553,0.0001,172.217.194.0-255,4320,12028,35,211074
6554,0.000103,172.31.33.0-255,66,12094,35,211074
6555,0.000106,172.217.194.0-255,2045,14139,35,211074
6556,0.000108,172.31.33.0-255,66,14205,35,211074
6557,0.000112,172.217.194.0-255,4320,18525,35,211074
6558,0.000114,172.31.33.0-255,66,18591,35,211074
6559,0.000143,172.217.194.0-255,7156,25747,35,211074
6560,0.000146,172.31.33.0-255,66,25813,35,211074
6561,0.000155,172.217.194.0-255,5379,31192,35,211074
6562,0.000157,172.31.33.0-255,66,31258,35,211074
6563,0.000185,172.217.194.0-255,1484,32742,35,211074
6564,0.000187,172.31.33.0-255,66,32808,35,211074
6565,0.000192,172.217.194.0-255,2902,35710,35,211074
6566,0.000193,172.31.33.0-255,66,35776,35,211074
6567,0.000213,172.217.194.0-255,5738,41514,35,211074
6568,0.000215,172.31.33.0-255,66,41580,35,211074
6569,0.000241,172.217.194.0-255,5738,47318,35,211074
6570,0.000243,172.31.33.0-255,66,47384,35,211074
6571,0.000269,172.217.194.0-255,2543,49927,35,211074
6572,0.000272,172.31.33.0-255,66,49993,35,211074
6573,0.000282,172.31.33.0-255,66,50059,35,211074
6574,0.000294,172.217.194.0-255,7057,57116,35,211074
6575,0.000299,172.31.33.0-255,66,57182,35,211074
6576,0.000537,172.217.194.0-255,118,57300,35,211074
6577,0.000811,172.217.194.0-255,1484,58784,35,211074
6578,0.000816,172.31.33.0-255,66,58850,35,211074
6579,0.000822,172.217.194.0-255,2902,61752,35,211074
6580,0.000824,172.31.33.0-255,66,61818,35,211074
6581,0.000871,172.217.194.0-255,5738,67556,35,211074
6582,0.000874,172.31.33.0-255,66,67622,35,211074
6583,0.00088,172.217.194.0-255,5738,73360,35,211074
6584,0.000882,172.31.33.0-255,66,73426,35,211074
6585,0.000899,172.31.33.0-255,66,73492,35,211074
6586,0.000909,172.31.33.0-255,66,73558,35,211074
6587,0.000945,172.217.194.0-255,5020,78578,35,211074
6588,0.000949,172.31.33.0-255,66,78644,35,211074
6589,0.000967,172.31.33.0-255,66,78710,35,211074
6590,0.000972,172.217.194.0-255,5738,84448,35,211074
6591,0.000974,172.31.33.0-255,66,84514,35,211074
6592,0.001016,172.217.194.0-255,5329,89843,35,211074
6593,0.001019,172.31.33.0-255,66,89909,35,211074
6594,0.001055,172.217.194.0-255,1484,91393,35,211074
6595,0.001061,172.217.194.0-255,2902,94295,35,211074
6596,0.001063,172.31.33.0-255,66,94361,35,211074
6597,0.001066,172.217.194.0-255,1484,95845,35,211074
6598,0.001089,172.217.194.0-255,4320,100165,35,211074
6599,0.001092,172.31.33.0-255,66,100231,35,211074
6600,0.001126,172.31.33.0-255,66,100297,35,211074
6601,0.001154,172.217.194.0-255,2902,103199,35,211074
6602,0.001158,172.31.33.0-255,66,103265,35,211074
6603,0.00119,172.31.33.0-255,66,103331,35,211074
6604,0.001218,172.217.194.0-255,1484,104815,35,211074
6605,0.001222,172.217.194.0-255,2902,107717,35,211074
6606,0.001224,172.31.33.0-255,66,107783,35,211074
6607,0.001229,172.217.194.0-255,4320,112103,35,211074
6608,0.00123,172.31.33.0-255,66,112169,35,211074
6609,0.00125,172.217.194.0-255,1484,113653,35,211074
6610,0.001256,172.217.194.0-255,7156,120809,35,211074
6611,0.001258,172.31.33.0-255,66,120875,35,211074
6612,0.001284,172.217.194.0-255,7156,128031,35,211074
6613,0.001286,172.31.33.0-255,66,128097,35,211074
6614,0.001305,172.217.194.0-255,7156,135253,35,211074
6615,0.001307,172.31.33.0-255,66,135319,35,211074
6616,0.00131,172.217.194.0-255,2184,137503,35,211074
6617,0.001312,172.31.33.0-255,66,137569,35,211074
6618,0.001439,172.217.194.0-255,1484,139053,35,211074
6619,0.001449,172.217.194.0-255,2902,141955,35,211074
6620,0.001451,172.31.33.0-255,66,142021,35,211074
6621,0.001475,172.217.194.0-255,5738,147759,35,211074
6622,0.001477,172.31.33.0-255,66,147825,35,211074
6623,0.001479,172.217.194.0-255,1484,149309,35,211074
6624,0.00151,172.31.33.0-255,66,149375,35,211074
6625,0.001519,172.31.33.0-255,66,149441,35,211074
6626,0.001638,172.217.194.0-255,1484,150925,35,211074
6627,0.001654,172.217.194.0-255,2902,153827,35,211074
6628,0.001656,172.31.33.0-255,66,153893,35,211074
6629,0.00166,172.217.194.0-255,4320,158213,35,211074
6630,0.001662,172.31.33.0-255,66,158279,35,211074
6631,0.001686,172.217.194.0-255,1484,159763,35,211074
6632,0.001701,172.31.33.0-255,66,159829,35,211074
6633,0.001759,172.31.33.0-255,66,159895,35,211074
6634,0.002165,172.217.194.0-255,1484,161379,35,211074
6635,0.002169,172.217.194.0-255,1484,162863,35,211074
6636,0.002171,172.31.33.0-255,66,162929,35,211074
6637,0.002181,172.217.194.0-255,1484,164413,35,211074
6638,0.002189,172.217.194.0-255,5738,170151,35,211074
6639,0.002191,172.31.33.0-255,66,170217,35,211074
6640,0.002215,172.217.194.0-255,7156,177373,35,211074
6641,0.002217,172.31.33.0-255,66,177439,35,211074
6642,0.002242,172.217.194.0-255,5738,183177,35,211074
6643,0.002244,172.31.33.0-255,66,183243,35,211074
6644,0.002253,172.31.33.0-255,66,183309,35,211074
6645,0.002256,172.217.194.0-255,2184,185493,35,211074
6646,0.002261,172.31.33.0-255,66,185559,35,211074
6647,0.002292,172.217.194.0-255,5738,191297,35,211074
6648,0.002294,172.31.33.0-255,66,191363,35,211074
6649,0.002303,172.31.33.0-255,66,191429,35,211074
6650,0.002306,172.217.194.0-255,1484,192913,35,211074
6651,0.002328,172.31.33.0-255,66,192979,35,211074
6652,0.002331,172.217.194.0-255,3602,196581,35,211074
6653,0.002333,172.31.33.0-255,66,196647,35,211074
6654,0.002368,172.31.33.0-255,66,196713,35,211074
6655,0.002397,172.217.194.0-255,4320,201033,35,211074
6656,0.002398,172.31.33.0-255,66,201099,35,211074
6657,0.002414,172.31.33.0-255,66,201165,35,211074
6658,0.002436,172.217.194.0-255,2902,204067,35,211074
6659,0.002438,172.31.33.0-255,66,204133,35,211074
6660,0.002478,172.31.33.0-255,66,204199,35,211074
6661,0.002502,172.217.194.0-255,3316,207515,35,211074
6662,0.002503,172.31.33.0-255,66,207581,35,211074
6663,0.002506,172.217.194.0-255,105,207686,35,211074
6664,0.005046,172.31.33.0-255,101,207787,35,211074
6665,0.005517,172.31.33.0-255,105,207892,35,211074
6666,0.007029,172.217.194.0-255,66,207958,35,211074
6667,0.007497,172.217.194.0-255,66,208024,35,211074
6668,0.035243,172.31.33.0-255,172,208196,35,211074
6669,0.035271,172.31.33.0-255,1108,209304,35,211074
6670,0.035313,172.31.33.0-255,1398,210702,35,211074
6671,0.036786,104.244.42.0-255,66,210768,35,211074
6672,0.03683,104.244.42.0-255,66,210834,35,211074
6673,0.036879,104.244.42.0-255,66,210900,35,211074
6674,0.03756,104.244.42.0-255,108,211008,35,211074
6675,0.037578,172.31.33.0-255,66,211074,35,211074
6676,0.0,172.217.194.0-255,151,151,35,189733
6677,2.1e-05,172.31.33.0-255,66,217,35,189733
6678,2.8e-05,172.217.194.0-255,1484,1701,35,189733
6679,3.2e-05,172.31.33.0-255,66,1767,35,189733
6680,3.7e-05,172.217.194.0-255,2902,4669,35,189733
6681,4.2e-05,172.31.33.0-255,66,4735,35,189733
6682,4.4e-05,172.217.194.0-255,1484,6219,35,189733
6683,4.6e-05,172.31.33.0-255,66,6285,35,189733
6684,7.2e-05,172.217.194.0-255,4320,10605,35,189733
6685,7.4e-05,172.31.33.0-255,66,10671,35,189733
6686,9.7e-05,172.217.194.0-255,4927,15598,35,189733
6687,0.0001,172.31.33.0-255,66,15664,35,189733
6688,0.000111,172.31.33.0-255,66,15730,35,189733
6689,0.000146,172.217.194.0-255,5379,21109,35,189733
6690,0.000148,172.31.33.0-255,66,21175,35,189733
6691,0.000201,172.217.194.0-255,1484,22659,35,189733
6692,0.000205,172.31.33.0-255,66,22725,35,189733
6693,0.000209,172.217.194.0-255,2902,25627,35,189733
6694,0.000211,172.31.33.0-255,66,25693,35,189733
6695,0.000222,172.217.194.0-255,1484,27177,35,189733
6696,0.000224,172.31.33.0-255,66,27243,35,189733
6697,0.000249,172.217.194.0-255,4320,31563,35,189733
6698,0.000252,172.31.33.0-255,66,31629,35,189733
6699,0.000262,172.31.33.0-255,66,31695,35,189733
6700,0.000281,172.217.194.0-255,7156,38851,35,189733
6701,0.000283,172.31.33.0-255,66,38917,35,189733
6702,0.000314,172.31.33.0-255,66,38983,35,189733
6703,0.00046,172.217.194.0-255,365,39348,35,189733
6704,0.000464,172.31.33.0-255,66,39414,35,189733
6705,0.000582,172.217.194.0-255,1484,40898,35,189733
6706,0.000588,172.217.194.0-255,2902,43800,35,189733
6707,0.000591,172.31.33.0-255,66,43866,35,189733
6708,0.000594,172.217.194.0-255,1484,45350,35,189733
6709,0.000614,172.217.194.0-255,4320,49670,35,189733
6710,0.000617,172.31.33.0-255,66,49736,35,189733
6711,0.000646,172.217.194.0-255,1484,51220,35,189733
6712,0.000666,172.217.194.0-255,5379,56599,35,189733
6713,0.000669,172.31.33.0-255,66,56665,35,189733
6714,0.000711,172.217.194.0-255,4320,60985,35,189733
6715,0.000716,172.31.33.0-255,66,61051,35,189733
6716,0.000735,172.217.194.0-255,2902,63953,35,189733
6717,0.000738,172.31.33.0-255,66,64019,35,189733
6718,0.000741,172.217.194.0-255,1484,65503,35,189733
6719,0.000792,172.31.33.0-255,66,65569,35,189733
6720,0.000845,172.217.194.0-255,1484,67053,35,189733
6721,0.00086,172.217.194.0-255,2902,69955,35,189733
6722,0.000864,172.31.33.0-255,66,70021,35,189733
6723,0.000868,172.217.194.0-255,2902,72923,35,189733
6724,0.000871,172.31.33.0-255,66,72989,35,189733
6725,0.000883,172.217.194.0-255,2902,75891,35,189733
6726,0.000886,172.31.33.0-255,66,75957,35,189733
6727,0.000891,172.217.194.0-255,4320,80277,35,189733
6728,0.000894,172.31.33.0-255,66,80343,35,189733
6729,0.000932,172.31.33.0-255,66,80409,35,189733
6730,0.000946,172.31.33.0-255,66,80475,35,189733
6731,0.001123,172.217.194.0-255,1484,81959,35,189733
6732,0.001154,172.217.194.0-255,1484,83443,35,189733
6733,0.001158,172.31.33.0-255,66,83509,35,189733
6734,0.001176,172.217.194.0-255,1484,84993,35,189733
6735,0.001182,172.217.194.0-255,5738,90731,35,189733
6736,0.001185,172.31.33.0-255,66,90797,35,189733
6737,0.001191,172.217.194.0-255,4320,95117,35,189733
6738,0.001193,172.31.33.0-255,66,95183,35,189733
6739,0.001206,172.31.33.0-255,66,95249,35,189733
6740,0.001209,172.217.194.0-255,1484,96733,35,189733
6741,0.001237,172.217.194.0-255,6438,103171,35,189733
6742,0.00124,172.31.33.0-255,66,103237,35,189733
6743,0.001491,172.217.194.0-255,1484,104721,35,189733
6744,0.001499,172.217.194.0-255,2902,107623,35,189733
6745,0.001504,172.31.33.0-255,66,107689,35,189733
6746,0.001511,172.217.194.0-255,5738,113427,35,189733
6747,0.001514,172.31.33.0-255,66,113493,35,189733
6748,0.001545,172.31.33.0-255,66,113559,35,189733
6749,0.001549,172.217.194.0-255,2902,116461,35,189733
6750,0.001552,172.31.33.0-255,66,116527,35,189733
6751,0.001586,172.217.194.0-255,4320,120847,35,189733
6752,0.001589,172.31.33.0-255,66,120913,35,189733
6753,0.001619,172.217.194.0-255,5020,125933,35,189733
6754,0.001622,172.31.33.0-255,66,125999,35,189733
6755,0.001634,172.31.33.0-255,66,126065,35,189733
6756,0.001647,172.31.33.0-255,66,126131,35,189733
6757,0.001676,172.217.194.0-255,766,126897,35,189733
6758,0.001703,172.217.194.0-255,4320,131217,35,189733
6759,0.001787,172.217.194.0-255,5738,136955,35,189733
6760,0.001813,172.217.194.0-255,4320,141275,35,189733
6761,0.001853,172.217.194.0-255,7156,148431,35,189733
6762,0.001966,172.217.194.0-255,4320,152751,35,189733
6763,0.001991,172.217.194.0-255,1484,154235,35,189733
6764,0.002021,172.217.194.0-255,4320,158555,35,189733
6765,0.002033,172.217.194.0-255,2184,160739,35,189733
6766,0.004051,172.31.33.0-255,66,160805,35,189733
6767,0.006366,172.217.194.0-255,5738,166543,35,189733
6768,0.006374,172.31.33.0-255,66,166609,35,189733
6769,0.00872,172.217.194.0-255,5738,172347,35,189733
6770,0.008733,172.31.33.0-255,66,172413,35,189733
6771,0.011058,172.217.194.0-255,5738,178151,35,189733
6772,0.011067,172.31.33.0-255,66,178217,35,189733
6773,0.013404,172.217.194.0-255,5738,183955,35,189733
6774,0.013413,172.31.33.0-255,66,184021,35,189733
6775,0.015763,172.217.194.0-255,4592,188613,35,189733
6776,0.015781,172.31.33.0-255,66,188679,35,189733
6777,0.021635,172.31.33.0-255,105,188784,35,189733
6778,0.023977,172.217.194.0-255,66,188850,35,189733
6779,0.051484,172.31.33.0-255,188,189038,35,189733
6780,0.051517,172.31.33.0-255,563,189601,35,189733
6781,0.05299,104.244.42.0-255,66,189667,35,189733
6782,0.053059,104.244.42.0-255,66,189733,35,189733
6783,0.0,172.31.33.0-255,105,105,35,276
6784,0.001917,157.240.7.0-255,105,210,35,276
6785,0.001928,172.31.33.0-255,66,276,35,276
6786,0.0,172.31.33.0-255,105,105,35,276
6787,0.002074,157.240.7.0-255,105,210,35,276
6788,0.002085,172.31.33.0-255,66,276,35,276
6789,0.0,172.217.194.0-255,153,153,35,225124
6790,2.4e-05,172.31.33.0-255,66,219,35,225124
6791,3.1e-05,172.217.194.0-255,1484,1703,35,225124
6792,3.6e-05,172.31.33.0-255,66,1769,35,225124
6793,4.9e-05,172.217.194.0-255,2902,4671,35,225124
6794,5.2e-05,172.31.33.0-255,66,4737,35,225124
6795,6e-05,172.217.194.0-255,7156,11893,35,225124
6796,6.3e-05,172.31.33.0-255,66,11959,35,225124
6797,8.3e-05,172.217.194.0-255,2030,13989,35,225124
6798,9e-05,172.31.33.0-255,66,14055,35,225124
6799,0.000118,172.217.194.0-255,2902,16957,35,225124
6800,0.000121,172.31.33.0-255,66,17023,35,225124
6801,0.000128,172.217.194.0-255,7156,24179,35,225124
6802,0.000131,172.31.33.0-255,66,24245,35,225124
6803,0.000164,172.217.194.0-255,2902,27147,35,225124
6804,0.000166,172.31.33.0-255,66,27213,35,225124
6805,0.000189,172.217.194.0-255,2902,30115,35,225124
6806,0.000192,172.31.33.0-255,66,30181,35,225124
6807,0.000195,172.217.194.0-255,1125,31306,35,225124
6808,0.000197,172.31.33.0-255,66,31372,35,225124
6809,0.000253,172.217.194.0-255,1484,32856,35,225124
6810,0.000256,172.31.33.0-255,66,32922,35,225124
6811,0.000261,172.217.194.0-255,2902,35824,35,225124
6812,0.000263,172.31.33.0-255,66,35890,35,225124
6813,0.000274,172.217.194.0-255,5738,41628,35,225124
6814,0.000277,172.31.33.0-255,66,41694,35,225124
6815,0.000301,172.217.194.0-255,6797,48491,35,225124
6816,0.000304,172.31.33.0-255,66,48557,35,225124
6817,0.000312,172.217.194.0-255,7156,55713,35,225124
6818,0.000314,172.31.33.0-255,66,55779,35,225124
6819,0.000348,172.31.33.0-255,66,55845,35,225124
6820,0.000374,172.217.194.0-255,362,56207,35,225124
6821,0.000378,172.217.194.0-255,381,56588,35,225124
6822,0.000714,172.217.194.0-255,1484,58072,35,225124
6823,0.000719,172.31.33.0-255,66,58138,35,225124
6824,0.000724,172.217.194.0-255,2902,61040,35,225124
6825,0.000726,172.31.33.0-255,66,61106,35,225124
6826,0.000731,172.217.194.0-255,4320,65426,35,225124
6827,0.000737,172.31.33.0-255,66,65492,35,225124
6828,0.000763,172.217.194.0-255,1484,66976,35,225124
6829,0.000769,172.217.194.0-255,4320,71296,35,225124
6830,0.000771,172.31.33.0-255,66,71362,35,225124
6831,0.000783,172.31.33.0-255,66,71428,35,225124
6832,0.000813,172.31.33.0-255,66,71494,35,225124
6833,0.001482,172.217.194.0-255,1484,72978,35,225124
6834,0.001491,172.217.194.0-255,2902,75880,35,225124
6835,0.001495,172.31.33.0-255,66,75946,35,225124
6836,0.001502,172.217.194.0-255,5738,81684,35,225124
6837,0.001504,172.31.33.0-255,66,81750,35,225124
6838,0.001525,172.217.194.0-255,4320,86070,35,225124
6839,0.00153,172.31.33.0-255,66,86136,35,225124
6840,0.001553,172.31.33.0-255,66,86202,35,225124
6841,0.001578,172.217.194.0-255,5738,91940,35,225124
6842,0.00158,172.31.33.0-255,66,92006,35,225124
6843,0.001605,172.217.194.0-255,5020,97026,35,225124
6844,0.001607,172.31.33.0-255,66,97092,35,225124
6845,0.00169,172.217.194.0-255,1484,98576,35,225124
6846,0.00171,172.217.194.0-255,2902,101478,35,225124
6847,0.001713,172.31.33.0-255,66,101544,35,225124
6848,0.00172,172.217.194.0-255,5738,107282,35,225124
6849,0.001722,172.31.33.0-255,66,107348,35,225124
6850,0.001759,172.217.194.0-255,7156,114504,35,225124
6851,0.001761,172.31.33.0-255,66,114570,35,225124
6852,0.001786,172.217.194.0-255,5738,120308,35,225124
6853,0.001789,172.31.33.0-255,66,120374,35,225124
6854,0.001813,172.217.194.0-255,4320,124694,35,225124
6855,0.001815,172.31.33.0-255,66,124760,35,225124
6856,0.001846,172.217.194.0-255,6438,131198,35,225124
6857,0.001849,172.31.33.0-255,66,131264,35,225124
6858,0.001855,172.217.194.0-255,4320,135584,35,225124
6859,0.001857,172.31.33.0-255,66,135650,35,225124
6860,0.001888,172.217.194.0-255,7156,142806,35,225124
6861,0.001891,172.31.33.0-255,66,142872,35,225124
6862,0.001894,172.217.194.0-255,1484,144356,35,225124
6863,0.001903,172.31.33.0-255,66,144422,35,225124
6864,0.001929,172.217.194.0-255,5738,150160,35,225124
6865,0.001931,172.31.33.0-255,66,150226,35,225124
6866,0.001937,172.217.194.0-255,6438,156664,35,225124
6867,0.001939,172.31.33.0-255,66,156730,35,225124
6868,0.0021,172.217.194.0-255,1484,158214,35,225124
6869,0.002107,172.217.194.0-255,2902,161116,35,225124
6870,0.00211,172.31.33.0-255,66,161182,35,225124
6871,0.002146,172.217.194.0-255,2902,164084,35,225124
6872,0.002149,172.31.33.0-255,66,164150,35,225124
6873,0.002175,172.217.194.0-255,2902,167052,35,225124
6874,0.002177,172.31.33.0-255,66,167118,35,225124
6875,0.00219,172.31.33.0-255,66,167184,35,225124
6876,0.002201,172.31.33.0-255,66,167250,35,225124
6877,0.002251,172.217.194.0-255,7156,174406,35,225124
6878,0.002254,172.31.33.0-255,66,174472,35,225124
6879,0.002264,172.31.33.0-255,66,174538,35,225124
6880,0.002273,172.217.194.0-255,4320,178858,35,225124
6881,0.002275,172.31.33.0-255,66,178924,35,225124
6882,0.002319,172.31.33.0-255,66,178990,35,225124
6883,0.002321,172.217.194.0-255,766,179756,35,225124
6884,0.00278,172.217.194.0-255,1484,181240,35,225124
6885,0.002786,172.31.33.0-255,66,181306,35,225124
6886,0.002791,172.217.194.0-255,2902,184208,35,225124
6887,0.002793,172.31.33.0-255,66,184274,35,225124
6888,0.002818,172.217.194.0-255,5738,190012,35,225124
6889,0.00282,172.31.33.0-255,66,190078,35,225124
6890,0.002825,172.217.194.0-255,4320,194398,35,225124
6891,0.002826,172.31.33.0-255,66,194464,35,225124
6892,0.002853,172.31.33.0-255,66,194530,35,225124
6893,0.002863,172.31.33.0-255,66,194596,35,225124
6894,0.002894,172.217.194.0-255,4320,198916,35,225124
6895,0.002896,172.31.33.0-255,66,198982,35,225124
6896,0.002923,172.31.33.0-255,66,199048,35,225124
6897,0.002937,172.31.33.0-255,66,199114,35,225124
6898,0.00294,172.217.194.0-255,2902,202016,35,225124
6899,0.002942,172.31.33.0-255,66,202082,35,225124
6900,0.002985,172.31.33.0-255,66,202148,35,225124
6901,0.002998,172.31.33.0-255,66,202214,35,225124
6902,0.003009,172.31.33.0-255,66,202280,35,225124
6903,0.003012,172.217.194.0-255,2902,205182,35,225124
6904,0.003014,172.31.33.0-255,66,205248,35,225124
6905,0.003035,172.217.194.0-255,7156,212404,35,225124
6906,0.003038,172.31.33.0-255,66,212470,35,225124
6907,0.003059,172.217.194.0-255,7156,219626,35,225124
6908,0.003061,172.31.33.0-255,66,219692,35,225124
6909,0.003064,172.217.194.0-255,1484,221176,35,225124
6910,0.003067,172.217.194.0-255,1484,222660,35,225124
6911,0.003068,172.31.33.0-255,66,222726,35,225124
6912,0.003127,172.217.194.0-255,105,222831,35,225124
6913,0.00873,172.31.33.0-255,66,222897,35,225124
6914,0.01266,172.31.33.0-255,105,223002,35,225124
6915,0.014937,172.217.194.0-255,66,223068,35,225124
6916,0.049505,172.31.33.0-255,172,223240,35,225124
6917,0.049542,172.31.33.0-255,1107,224347,35,225124
6918,0.049602,172.31.33.0-255,579,224926,35,225124
6919,0.050998,104.244.42.0-255,66,224992,35,225124
6920,0.051035,104.244.42.0-255,66,225058,35,225124
6921,0.051086,104.244.42.0-255,66,225124,35,225124
6922,0.0,172.31.33.0-255,105,105,35,276
6923,0.001489,157.240.7.0-255,105,210,35,276
6924,0.001507,172.31.33.0-255,66,276,35,276
6925,0.0,216.58.203.0-255,153,153,35,300660
6926,2.3e-05,172.31.33.0-255,66,219,35,300660
6927,3e-05,216.58.203.0-255,1484,1703,35,300660
6928,3.3e-05,172.31.33.0-255,66,1769,35,300660
6929,3.7e-05,216.58.203.0-255,2902,4671,35,300660
6930,3.9e-05,172.31.33.0-255,66,4737,35,300660
6931,6.9e-05,216.58.203.0-255,5738,10475,35,300660
6932,7.1e-05,172.31.33.0-255,66,10541,35,300660
6933,7.7e-05,216.58.203.0-255,4999,15540,35,300660
6934,7.9e-05,172.31.33.0-255,66,15606,35,300660
6935,8.4e-05,216.58.203.0-255,4320,19926,35,300660
6936,8.6e-05,172.31.33.0-255,66,19992,35,300660
6937,0.000107,216.58.203.0-255,1484,21476,35,300660
6938,0.000109,172.31.33.0-255,66,21542,35,300660
6939,0.000158,216.58.203.0-255,1484,23026,35,300660
6940,0.000161,172.31.33.0-255,66,23092,35,300660
6941,0.000189,172.31.33.0-255,66,23158,35,300660
6942,0.000235,216.58.203.0-255,1484,24642,35,300660
6943,0.000237,172.31.33.0-255,66,24708,35,300660
6944,0.000242,216.58.203.0-255,2902,27610,35,300660
6945,0.000244,172.31.33.0-255,66,27676,35,300660
6946,0.000249,216.58.203.0-255,5738,33414,35,300660
6947,0.000251,172.31.33.0-255,66,33480,35,300660
6948,0.000255,216.58.203.0-255,2902,36382,35,300660
6949,0.000256,172.31.33.0-255,66,36448,35,300660
6950,0.000272,216.58.203.0-255,2902,39350,35,300660
6951,0.000275,172.31.33.0-255,66,39416,35,300660
6952,0.000281,216.58.203.0-255,7156,46572,35,300660
6953,0.000283,172.31.33.0-255,66,46638,35,300660
6954,0.000297,216.58.203.0-255,4320,50958,35,300660
6955,0.000299,172.31.33.0-255,66,51024,35,300660
6956,0.000321,216.58.203.0-255,6737,57761,35,300660
6957,0.000324,172.31.33.0-255,66,57827,35,300660
6958,0.000694,216.58.203.0-255,381,58208,35,300660
6959,0.00071,172.31.33.0-255,66,58274,35,300660
6960,0.000863,216.58.203.0-255,1484,59758,35,300660
6961,0.000872,216.58.203.0-255,2902,62660,35,300660
6962,0.000875,172.31.33.0-255,66,62726,35,300660
6963,0.000896,216.58.203.0-255,4320,67046,35,300660
6964,0.000899,172.31.33.0-255,66,67112,35,300660
6965,0.000905,216.58.203.0-255,5738,72850,35,300660
6966,0.000906,172.31.33.0-255,66,72916,35,300660
6967,0.000919,216.58.203.0-255,2902,75818,35,300660
6968,0.000921,172.31.33.0-255,66,75884,35,300660
6969,0.000949,172.31.33.0-255,66,75950,35,300660
6970,0.000958,172.31.33.0-255,66,76016,35,300660
6971,0.001486,216.58.203.0-255,1484,77500,35,300660
6972,0.001493,216.58.203.0-255,2902,80402,35,300660
6973,0.001496,172.31.33.0-255,66,80468,35,300660
6974,0.001512,216.58.203.0-255,5738,86206,35,300660
6975,0.001514,172.31.33.0-255,66,86272,35,300660
6976,0.001519,216.58.203.0-255,5738,92010,35,300660
6977,0.001521,172.31.33.0-255,66,92076,35,300660
6978,0.001536,216.58.203.0-255,7156,99232,35,300660
6979,0.001538,172.31.33.0-255,66,99298,35,300660
6980,0.001542,216.58.203.0-255,4320,103618,35,300660
6981,0.001543,172.31.33.0-255,66,103684,35,300660
6982,0.001569,216.58.203.0-255,6438,110122,35,300660
6983,0.001572,172.31.33.0-255,66,110188,35,300660
6984,0.001796,216.58.203.0-255,1484,111672,35,300660
6985,0.001812,216.58.203.0-255,2902,114574,35,300660
6986,0.001814,172.31.33.0-255,66,114640,35,300660
6987,0.001826,216.58.203.0-255,4320,118960,35,300660
6988,0.001829,172.31.33.0-255,66,119026,35,300660
6989,0.001844,216.58.203.0-255,1484,120510,35,300660
6990,0.00185,216.58.203.0-255,7156,127666,35,300660
6991,0.001852,172.31.33.0-255,66,127732,35,300660
6992,0.001875,216.58.203.0-255,5738,133470,35,300660
6993,0.001877,172.31.33.0-255,66,133536,35,300660
6994,0.001905,216.58.203.0-255,1484,135020,35,300660
6995,0.001915,216.58.203.0-255,2902,137922,35,300660
6996,0.001916,172.31.33.0-255,66,137988,35,300660
6997,0.001934,216.58.203.0-255,6438,144426,35,300660
6998,0.001936,172.31.33.0-255,66,144492,35,300660
6999,0.001938,216.58.203.0-255,1484,145976,35,300660
7000,0.00194,216.58.203.0-255,1484,147460,35,300660
7001,0.001942,172.31.33.0-255,66,147526,35,300660
7002,0.001945,216.58.203.0-255,2902,150428,35,300660
7003,0.001947,172.31.33.0-255,66,150494,35,300660
7004,0.001952,216.58.203.0-255,5738,156232,35,300660
7005,0.001954,172.31.33.0-255,66,156298,35,300660
7006,0.001956,216.58.203.0-255,1484,157782,35,300660
7007,0.001991,216.58.203.0-255,7156,164938,35,300660
7008,0.001993,172.31.33.0-255,66,165004,35,300660
7009,0.002008,216.58.203.0-255,1484,166488,35,300660
7010,0.002017,172.31.33.0-255,66,166554,35,300660
7011,0.002027,216.58.203.0-255,3602,170156,35,300660
7012,0.002028,172.31.33.0-255,66,170222,35,300660
7013,0.002105,216.58.203.0-255,1484,171706,35,300660
7014,0.002108,216.58.203.0-255,1484,173190,35,300660
7015,0.002109,172.31.33.0-255,66,173256,35,300660
7016,0.002124,216.58.203.0-255,1484,174740,35,300660
7017,0.002129,216.58.203.0-255,5738,180478,35,300660
7018,0.002131,172.31.33.0-255,66,180544,35,300660
7019,0.00215,216.58.203.0-255,7156,187700,35,300660
7020,0.002152,172.31.33.0-255,66,187766,35,300660
7021,0.002167,216.58.203.0-255,5738,193504,35,300660
7022,0.002169,172.31.33.0-255,66,193570,35,300660
7023,0.002201,216.58.203.0-255,2902,196472,35,300660
7024,0.002202,172.31.33.0-255,66,196538,35,300660
7025,0.002225,172.31.33.0-255,66,196604,35,300660
7026,0.002303,216.58.203.0-255,1484,198088,35,300660
7027,0.002319,216.58.203.0-255,2902,200990,35,300660
7028,0.002321,172.31.33.0-255,66,201056,35,300660
7029,0.002325,216.58.203.0-255,2902,203958,35,300660
7030,0.002326,172.31.33.0-255,66,204024,35,300660
7031,0.002345,216.58.203.0-255,4320,208344,35,300660
7032,0.002347,172.31.33.0-255,66,208410,35,300660
7033,0.00237,216.58.203.0-255,5738,214148,35,300660
7034,0.002372,172.31.33.0-255,66,214214,35,300660
7035,0.002376,216.58.203.0-255,4320,218534,35,300660
7036,0.002378,172.31.33.0-255,66,218600,35,300660
7037,0.002406,216.58.203.0-255,4320,222920,35,300660
7038,0.002408,172.31.33.0-255,66,222986,35,300660
7039,0.00242,216.58.203.0-255,5738,228724,35,300660
7040,0.002422,172.31.33.0-255,66,228790,35,300660
7041,0.002434,216.58.203.0-255,2184,230974,35,300660
7042,0.002436,172.31.33.0-255,66,231040,35,300660
7043,0.00244,216.58.203.0-255,4320,235360,35,300660
7044,0.002442,172.31.33.0-255,66,235426,35,300660
7045,0.002459,216.58.203.0-255,7156,242582,35,300660
7046,0.002461,172.31.33.0-255,66,242648,35,300660
7047,0.002471,216.58.203.0-255,1484,244132,35,300660
7048,0.002475,216.58.203.0-255,2902,247034,35,300660
7049,0.002476,172.31.33.0-255,66,247100,35,300660
7050,0.002506,172.31.33.0-255,66,247166,35,300660
7051,0.002532,216.58.203.0-255,5738,252904,35,300660
7052,0.002534,172.31.33.0-255,66,252970,35,300660
7053,0.002549,172.31.33.0-255,66,253036,35,300660
7054,0.002558,172.31.33.0-255,66,253102,35,300660
7055,0.00256,216.58.203.0-255,1484,254586,35,300660
7056,0.002565,216.58.203.0-255,5020,259606,35,300660
7057,0.002567,172.31.33.0-255,66,259672,35,300660
7058,0.002569,216.58.203.0-255,1484,261156,35,300660
7059,0.002573,216.58.203.0-255,4320,265476,35,300660
7060,0.002575,172.31.33.0-255,66,265542,35,300660
7061,0.00258,216.58.203.0-255,4320,269862,35,300660
7062,0.002582,172.31.33.0-255,66,269928,35,300660
7063,0.002591,172.31.33.0-255,66,269994,35,300660
7064,0.002596,216.58.203.0-255,5738,275732,35,300660
7065,0.002598,172.31.33.0-255,66,275798,35,300660
7066,0.002617,216.58.203.0-255,2902,278700,35,300660
7067,0.002619,172.31.33.0-255,66,278766,35,300660
7068,0.002624,216.58.203.0-255,5020,283786,35,300660
7069,0.002626,172.31.33.0-255,66,283852,35,300660
7070,0.002631,216.58.203.0-255,5738,289590,35,300660
7071,0.002632,172.31.33.0-255,66,289656,35,300660
7072,0.002686,172.31.33.0-255,66,289722,35,300660
7073,0.002694,172.31.33.0-255,66,289788,35,300660
7074,0.002696,216.58.203.0-255,97,289885,35,300660
7075,0.00272,216.58.203.0-255,105,289990,35,300660
7076,0.010098,216.58.203.0-255,105,290095,35,300660
7077,0.010116,172.31.33.0-255,78,290173,35,300660
7078,0.01263,172.31.33.0-255,105,290278,35,300660
7079,0.014231,216.58.203.0-255,66,290344,35,300660
7080,0.046793,172.31.33.0-255,188,290532,35,300660
7081,0.046823,172.31.33.0-255,952,291484,35,300660
7082,0.046869,172.31.33.0-255,1514,292998,35,300660
7083,0.046871,172.31.33.0-255,1514,294512,35,300660
7084,0.046877,172.31.33.0-255,1514,296026,35,300660
7085,0.046878,172.31.33.0-255,1514,297540,35,300660
7086,0.046896,172.31.33.0-255,1514,299054,35,300660
7087,0.046897,172.31.33.0-255,1168,300222,35,300660
7088,0.048285,104.244.42.0-255,66,300288,35,300660
7089,0.048386,104.244.42.0-255,66,300354,35,300660
7090,0.048438,104.244.42.0-255,66,300420,35,300660
7091,0.048444,104.244.42.0-255,66,300486,35,300660
7092,0.051179,104.244.42.0-255,108,300594,35,300660
7093,0.051216,172.31.33.0-255,66,300660,35,300660
7094,0.0,172.217.194.0-255,153,153,35,165284
7095,2.3e-05,172.31.33.0-255,66,219,35,165284
7096,3.1e-05,172.217.194.0-255,1484,1703,35,165284
7097,3.6e-05,172.31.33.0-255,66,1769,35,165284
7098,4.9e-05,172.217.194.0-255,2902,4671,35,165284
7099,5.3e-05,172.31.33.0-255,66,4737,35,165284
7100,5.9e-05,172.217.194.0-255,4320,9057,35,165284
7101,6.2e-05,172.31.33.0-255,66,9123,35,165284
7102,9.9e-05,172.217.194.0-255,4819,13942,35,165284
7103,0.000103,172.31.33.0-255,66,14008,35,165284
7104,0.00011,172.217.194.0-255,5738,19746,35,165284
7105,0.000112,172.31.33.0-255,66,19812,35,165284
7106,0.000116,172.217.194.0-255,1484,21296,35,165284
7107,0.000118,172.31.33.0-255,66,21362,35,165284
7108,0.000168,172.31.33.0-255,66,21428,35,165284
7109,0.000181,172.31.33.0-255,66,21494,35,165284
7110,0.000187,172.217.194.0-255,5379,26873,35,165284
7111,0.000189,172.31.33.0-255,66,26939,35,165284
7112,0.000262,172.31.33.0-255,66,27005,35,165284
7113,0.000265,172.217.194.0-255,377,27382,35,165284
7114,0.000267,172.31.33.0-255,66,27448,35,165284
7115,0.000534,172.217.194.0-255,366,27814,35,165284
7116,0.000539,172.31.33.0-255,66,27880,35,165284
7117,0.00074,172.217.194.0-255,1484,29364,35,165284
7118,0.000744,172.31.33.0-255,66,29430,35,165284
7119,0.000749,172.217.194.0-255,2902,32332,35,165284
7120,0.000752,172.31.33.0-255,66,32398,35,165284
7121,0.000761,172.217.194.0-255,1484,33882,35,165284
7122,0.000763,172.31.33.0-255,66,33948,35,165284
7123,0.000793,172.217.194.0-255,4320,38268,35,165284
7124,0.000796,172.31.33.0-255,66,38334,35,165284
7125,0.000809,172.31.33.0-255,66,38400,35,165284
7126,0.000837,172.217.194.0-255,1484,39884,35,165284
7127,0.000873,172.31.33.0-255,66,39950,35,165284
7128,0.001364,172.217.194.0-255,1484,41434,35,165284
7129,0.001371,172.217.194.0-255,2902,44336,35,165284
7130,0.001375,172.31.33.0-255,66,44402,35,165284
7131,0.001382,172.217.194.0-255,5738,50140,35,165284
7132,0.001384,172.31.33.0-255,66,50206,35,165284
7133,0.0014,172.217.194.0-255,4320,54526,35,165284
7134,0.001403,172.31.33.0-255,66,54592,35,165284
7135,0.001437,172.31.33.0-255,66,54658,35,165284
7136,0.00144,172.217.194.0-255,1484,56142,35,165284
7137,0.001478,172.31.33.0-255,66,56208,35,165284
7138,0.001635,172.217.194.0-255,1484,57692,35,165284
7139,0.001642,172.217.194.0-255,2902,60594,35,165284
7140,0.001645,172.31.33.0-255,66,60660,35,165284
7141,0.001675,172.217.194.0-255,5738,66398,35,165284
7142,0.001678,172.31.33.0-255,66,66464,35,165284
7143,0.001684,172.217.194.0-255,5738,72202,35,165284
7144,0.001686,172.31.33.0-255,66,72268,35,165284
7145,0.00172,172.217.194.0-255,7156,79424,35,165284
7146,0.001723,172.31.33.0-255,66,79490,35,165284
7147,0.001735,172.31.33.0-255,66,79556,35,165284
7148,0.00179,172.31.33.0-255,66,79622,35,165284
7149,0.001814,172.217.194.0-255,2902,82524,35,165284
7150,0.001816,172.31.33.0-255,66,82590,35,165284
7151,0.001836,172.31.33.0-255,66,82656,35,165284
7152,0.001853,172.217.194.0-255,2902,85558,35,165284
7153,0.001855,172.31.33.0-255,66,85624,35,165284
7154,0.001886,172.31.33.0-255,66,85690,35,165284
7155,0.001899,172.31.33.0-255,66,85756,35,165284
7156,0.001936,172.31.33.0-255,66,85822,35,165284
7157,0.001994,172.217.194.0-255,5738,91560,35,165284
7158,0.001996,172.31.33.0-255,66,91626,35,165284
7159,0.002004,172.217.194.0-255,7156,98782,35,165284
7160,0.002006,172.31.33.0-255,66,98848,35,165284
7161,0.002051,172.31.33.0-255,66,98914,35,165284
7162,0.002074,172.217.194.0-255,1484,100398,35,165284
7163,0.002082,172.217.194.0-255,6438,106836,35,165284
7164,0.002085,172.31.33.0-255,66,106902,35,165284
7165,0.002122,172.217.194.0-255,1484,108386,35,165284
7166,0.002142,172.217.194.0-255,2902,111288,35,165284
7167,0.002147,172.217.194.0-255,5738,117026,35,165284
7168,0.002151,172.31.33.0-255,66,117092,35,165284
7169,0.002154,172.31.33.0-255,66,117158,35,165284
7170,0.002198,172.217.194.0-255,1484,118642,35,165284
7171,0.002225,172.31.33.0-255,66,118708,35,165284
7172,0.002249,172.217.194.0-255,2902,121610,35,165284
7173,0.002253,172.31.33.0-255,66,121676,35,165284
7174,0.002257,172.217.194.0-255,2902,124578,35,165284
7175,0.002259,172.31.33.0-255,66,124644,35,165284
7176,0.002268,172.31.33.0-255,66,124710,35,165284
7177,0.002293,172.217.194.0-255,4320,129030,35,165284
7178,0.002296,172.31.33.0-255,66,129096,35,165284
7179,0.002302,172.217.194.0-255,5738,134834,35,165284
7180,0.002304,172.31.33.0-255,66,134900,35,165284
7181,0.002344,172.217.194.0-255,7156,142056,35,165284
7182,0.002347,172.31.33.0-255,66,142122,35,165284
7183,0.002371,172.217.194.0-255,1484,143606,35,165284
7184,0.002382,172.31.33.0-255,66,143672,35,165284
7185,0.002387,172.217.194.0-255,5020,148692,35,165284
7186,0.002389,172.31.33.0-255,66,148758,35,165284
7187,0.002433,172.31.33.0-255,66,148824,35,165284
7188,0.002491,172.217.194.0-255,7156,155980,35,165284
7189,0.002495,172.31.33.0-255,66,156046,35,165284
7190,0.002533,172.31.33.0-255,66,156112,35,165284
7191,0.002568,172.31.33.0-255,66,156178,35,165284
7192,0.002594,172.217.194.0-255,5738,161916,35,165284
7193,0.002597,172.31.33.0-255,66,161982,35,165284
7194,0.002606,172.31.33.0-255,66,162048,35,165284
7195,0.00263,172.217.194.0-255,105,162153,35,165284
7196,0.016613,172.31.33.0-255,66,162219,35,165284
7197,0.01666,172.31.33.0-255,105,162324,35,165284
7198,0.018872,172.217.194.0-255,66,162390,35,165284
7199,0.051414,172.31.33.0-255,190,162580,35,165284
7200,0.051452,172.31.33.0-255,1107,163687,35,165284
7201,0.051516,172.31.33.0-255,1399,165086,35,165284
7202,0.052954,104.244.42.0-255,66,165152,35,165284
7203,0.053003,104.244.42.0-255,66,165218,35,165284
7204,0.053068,104.244.42.0-255,66,165284,35,165284
7205,0.0,172.31.33.0-255,105,105,35,276
7206,0.002082,157.240.7.0-255,105,210,35,276
7207,0.00209,172.31.33.0-255,66,276,35,276
7208,0.0,74.125.24.0-255,216,216,35,260469
7209,3.1e-05,172.31.33.0-255,66,282,35,260469
7210,3.9e-05,74.125.24.0-255,1484,1766,35,260469
7211,4.3e-05,172.31.33.0-255,66,1832,35,260469
7212,4.9e-05,74.125.24.0-255,4320,6152,35,260469
7213,5.1e-05,172.31.33.0-255,66,6218,35,260469
7214,8.8e-05,172.31.33.0-255,66,6284,35,260469
7215,0.000311,74.125.24.0-255,1484,7768,35,260469
7216,0.000316,172.31.33.0-255,66,7834,35,260469
7217,0.000336,74.125.24.0-255,2902,10736,35,260469
7218,0.000339,172.31.33.0-255,66,10802,35,260469
7219,0.000342,74.125.24.0-255,1484,12286,35,260469
7220,0.000344,172.31.33.0-255,66,12352,35,260469
7221,0.000362,74.125.24.0-255,4320,16672,35,260469
7222,0.000366,172.31.33.0-255,66,16738,35,260469
7223,0.000388,74.125.24.0-255,6797,23535,35,260469
7224,0.000391,172.31.33.0-255,66,23601,35,260469
7225,0.000395,74.125.24.0-255,2902,26503,35,260469
7226,0.000397,172.31.33.0-255,66,26569,35,260469
7227,0.000412,74.125.24.0-255,4320,30889,35,260469
7228,0.000415,172.31.33.0-255,66,30955,35,260469
7229,0.000429,74.125.24.0-255,1484,32439,35,260469
7230,0.000432,172.31.33.0-255,66,32505,35,260469
7231,0.000457,172.31.33.0-255,66,32571,35,260469
7232,0.00056,74.125.24.0-255,1484,34055,35,260469
7233,0.000563,172.31.33.0-255,66,34121,35,260469
7234,0.000567,74.125.24.0-255,1484,35605,35,260469
7235,0.000569,172.31.33.0-255,66,35671,35,260469
7236,0.000583,74.125.24.0-255,1484,37155,35,260469
7237,0.000585,172.31.33.0-255,66,37221,35,260469
7238,0.000589,74.125.24.0-255,2902,40123,35,260469
7239,0.000591,172.31.33.0-255,66,40189,35,260469
7240,0.000612,74.125.24.0-255,7156,47345,35,260469
7241,0.000614,172.31.33.0-255,66,47411,35,260469
7242,0.000629,74.125.24.0-255,2852,50263,35,260469
7243,0.000631,172.31.33.0-255,66,50329,35,260469
7244,0.000685,74.125.24.0-255,1484,51813,35,260469
7245,0.000691,74.125.24.0-255,2902,54715,35,260469
7246,0.000693,172.31.33.0-255,66,54781,35,260469
7247,0.000713,74.125.24.0-255,1484,56265,35,260469
7248,0.000728,74.125.24.0-255,4320,60585,35,260469
7249,0.00073,172.31.33.0-255,66,60651,35,260469
7250,0.000734,74.125.24.0-255,2902,63553,35,260469
7251,0.000736,172.31.33.0-255,66,63619,35,260469
7252,0.000759,172.31.33.0-255,66,63685,35,260469
7253,0.000795,74.125.24.0-255,5738,69423,35,260469
7254,0.000798,172.31.33.0-255,66,69489,35,260469
7255,0.000819,74.125.24.0-255,5659,75148,35,260469
7256,0.000822,172.31.33.0-255,66,75214,35,260469
7257,0.001409,74.125.24.0-255,1484,76698,35,260469
7258,0.001419,74.125.24.0-255,2902,79600,35,260469
7259,0.001423,172.31.33.0-255,66,79666,35,260469
7260,0.00143,74.125.24.0-255,5738,85404,35,260469
7261,0.001432,172.31.33.0-255,66,85470,35,260469
7262,0.001448,74.125.24.0-255,1484,86954,35,260469
7263,0.001475,74.125.24.0-255,5738,92692,35,260469
7264,0.001478,172.31.33.0-255,66,92758,35,260469
7265,0.001484,74.125.24.0-255,2902,95660,35,260469
7266,0.001486,172.31.33.0-255,66,95726,35,260469
7267,0.001508,172.31.33.0-255,66,95792,35,260469
7268,0.001533,74.125.24.0-255,2902,98694,35,260469
7269,0.001535,172.31.33.0-255,66,98760,35,260469
7270,0.00154,74.125.24.0-255,2184,100944,35,260469
7271,0.001543,172.31.33.0-255,66,101010,35,260469
7272,0.001922,74.125.24.0-255,1484,102494,35,260469
7273,0.001934,74.125.24.0-255,2902,105396,35,260469
7274,0.00194,172.31.33.0-255,66,105462,35,260469
7275,0.001965,74.125.24.0-255,5738,111200,35,260469
7276,0.001968,172.31.33.0-255,66,111266,35,260469
7277,0.001973,74.125.24.0-255,4320,115586,35,260469
7278,0.001975,172.31.33.0-255,66,115652,35,260469
7279,0.002003,74.125.24.0-255,2902,118554,35,260469
7280,0.002006,172.31.33.0-255,66,118620,35,260469
7281,0.00202,172.31.33.0-255,66,118686,35,260469
7282,0.002024,74.125.24.0-255,2184,120870,35,260469
7283,0.002026,172.31.33.0-255,66,120936,35,260469
7284,0.002248,74.125.24.0-255,1484,122420,35,260469
7285,0.002254,74.125.24.0-255,2902,125322,35,260469
7286,0.002258,172.31.33.0-255,66,125388,35,260469
7287,0.00228,74.125.24.0-255,5738,131126,35,260469
7288,0.002282,172.31.33.0-255,66,131192,35,260469
7289,0.002302,74.125.24.0-255,7156,138348,35,260469
7290,0.002304,172.31.33.0-255,66,138414,35,260469
7291,0.002329,74.125.24.0-255,1484,139898,35,260469
7292,0.002341,172.31.33.0-255,66,139964,35,260469
7293,0.002344,74.125.24.0-255,1484,141448,35,260469
7294,0.002363,74.125.24.0-255,3602,145050,35,260469
7295,0.002366,172.31.33.0-255,66,145116,35,260469
7296,0.002707,74.125.24.0-255,1484,146600,35,260469
7297,0.002714,74.125.24.0-255,2902,149502,35,260469
7298,0.002717,172.31.33.0-255,66,149568,35,260469
7299,0.002732,74.125.24.0-255,5738,155306,35,260469
7300,0.002735,172.31.33.0-255,66,155372,35,260469
7301,0.002768,172.31.33.0-255,66,155438,35,260469
7302,0.0028,74.125.24.0-255,1484,156922,35,260469
7303,0.002822,172.31.33.0-255,66,156988,35,260469
7304,0.002835,74.125.24.0-255,1484,158472,35,260469
7305,0.002855,172.31.33.0-255,66,158538,35,260469
7306,0.002901,74.125.24.0-255,7156,165694,35,260469
7307,0.002903,172.31.33.0-255,66,165760,35,260469
7308,0.002913,74.125.24.0-255,1484,167244,35,260469
7309,0.002926,74.125.24.0-255,1484,168728,35,260469
7310,0.002929,74.125.24.0-255,2902,171630,35,260469
7311,0.002933,172.31.33.0-255,66,171696,35,260469
7312,0.002936,172.31.33.0-255,66,171762,35,260469
7313,0.002948,74.125.24.0-255,5738,177500,35,260469
7314,0.002951,172.31.33.0-255,66,177566,35,260469
7315,0.002953,74.125.24.0-255,1484,179050,35,260469
7316,0.002964,74.125.24.0-255,1484,180534,35,260469
7317,0.002966,172.31.33.0-255,66,180600,35,260469
7318,0.002985,74.125.24.0-255,7156,187756,35,260469
7319,0.002988,172.31.33.0-255,66,187822,35,260469
7320,0.00301,74.125.24.0-255,4320,192142,35,260469
7321,0.003013,172.31.33.0-255,66,192208,35,260469
7322,0.003023,172.31.33.0-255,66,192274,35,260469
7323,0.00309,74.125.24.0-255,1484,193758,35,260469
7324,0.00311,74.125.24.0-255,2902,196660,35,260469
7325,0.003113,172.31.33.0-255,66,196726,35,260469
7326,0.003119,74.125.24.0-255,5738,202464,35,260469
7327,0.003121,172.31.33.0-255,66,202530,35,260469
7328,0.003123,74.125.24.0-255,1484,204014,35,260469
7329,0.003126,74.125.24.0-255,1484,205498,35,260469
7330,0.003128,172.31.33.0-255,66,205564,35,260469
7331,0.003131,74.125.24.0-255,1484,207048,35,260469
7332,0.003172,172.31.33.0-255,66,207114,35,260469
7333,0.003191,172.31.33.0-255,66,207180,35,260469
7334,0.003316,74.125.24.0-255,1484,208664,35,260469
7335,0.003322,74.125.24.0-255,2902,211566,35,260469
7336,0.003325,172.31.33.0-255,66,211632,35,260469
7337,0.003347,74.125.24.0-255,4320,215952,35,260469
7338,0.00335,172.31.33.0-255,66,216018,35,260469
7339,0.003363,74.125.24.0-255,1484,217502,35,260469
7340,0.00338,74.125.24.0-255,7156,224658,35,260469
7341,0.003382,172.31.33.0-255,66,224724,35,260469
7342,0.003388,74.125.24.0-255,4320,229044,35,260469
7343,0.00339,172.31.33.0-255,66,229110,35,260469
7344,0.003403,74.125.24.0-255,4320,233430,35,260469
7345,0.003405,172.31.33.0-255,66,233496,35,260469
7346,0.003414,172.31.33.0-255,66,233562,35,260469
7347,0.003675,74.125.24.0-255,1484,235046,35,260469
7348,0.00368,74.125.24.0-255,2902,237948,35,260469
7349,0.003682,172.31.33.0-255,66,238014,35,260469
7350,0.003686,74.125.24.0-255,1484,239498,35,260469
7351,0.003698,74.125.24.0-255,2902,242400,35,260469
7352,0.0037,172.31.33.0-255,66,242466,35,260469
7353,0.003729,74.125.24.0-255,1484,243950,35,260469
7354,0.003741,172.31.33.0-255,66,244016,35,260469
7355,0.003776,74.125.24.0-255,6003,250019,35,260469
7356,0.003779,172.31.33.0-255,66,250085,35,260469
7357,0.00379,74.125.24.0-255,105,250190,35,260469
7358,0.004871,172.31.33.0-255,66,250256,35,260469
7359,0.004914,172.31.33.0-255,105,250361,35,260469
7360,0.007448,74.125.24.0-255,66,250427,35,260469
7361,0.045101,172.31.33.0-255,172,250599,35,260469
7362,0.045147,172.31.33.0-255,1107,251706,35,260469
7363,0.045226,172.31.33.0-255,1514,253220,35,260469
7364,0.045229,172.31.33.0-255,1514,254734,35,260469
7365,0.045235,172.31.33.0-255,1514,256248,35,260469
7366,0.045236,172.31.33.0-255,1514,257762,35,260469
7367,0.045259,172.31.33.0-255,1514,259276,35,260469
7368,0.04526,172.31.33.0-255,929,260205,35,260469
7369,0.046664,104.244.42.0-255,66,260271,35,260469
7370,0.0467,104.244.42.0-255,66,260337,35,260469
7371,0.046834,104.244.42.0-255,66,260403,35,260469
7372,0.046837,104.244.42.0-255,66,260469,35,260469
7373,0.0,172.31.33.0-255,105,105,35,276
7374,0.00178,157.240.7.0-255,105,210,35,276
7375,0.001793,172.31.33.0-255,66,276,35,276
7376,0.0,74.125.130.0-255,153,153,35,351008
7377,3e-05,172.31.33.0-255,66,219,35,351008
7378,3.6e-05,74.125.130.0-255,1484,1703,35,351008
7379,4.1e-05,172.31.33.0-255,66,1769,35,351008
7380,4.5e-05,74.125.130.0-255,2902,4671,35,351008
7381,4.8e-05,172.31.33.0-255,66,4737,35,351008
7382,5.1e-05,74.125.130.0-255,1484,6221,35,351008
7383,5.3e-05,172.31.33.0-255,66,6287,35,351008
7384,7.8e-05,74.125.130.0-255,2902,9189,35,351008
7385,8.1e-05,172.31.33.0-255,66,9255,35,351008
7386,9.7e-05,74.125.130.0-255,1484,10739,35,351008
7387,0.0001,172.31.33.0-255,66,10805,35,351008
7388,0.000117,74.125.130.0-255,4927,15732,35,351008
7389,0.000119,172.31.33.0-255,66,15798,35,351008
7390,0.000133,74.125.130.0-255,2902,18700,35,351008
7391,0.000135,172.31.33.0-255,66,18766,35,351008
7392,0.000154,74.125.130.0-255,4320,23086,35,351008
7393,0.000157,172.31.33.0-255,66,23152,35,351008
7394,0.000163,74.125.130.0-255,5738,28890,35,351008
7395,0.000165,172.31.33.0-255,66,28956,35,351008
7396,0.000207,74.125.130.0-255,2543,31499,35,351008
7397,0.00021,172.31.33.0-255,66,31565,35,351008
7398,0.000298,74.125.130.0-255,1484,33049,35,351008
7399,0.000303,172.31.33.0-255,66,33115,35,351008
7400,0.000307,74.125.130.0-255,1484,34599,35,351008
7401,0.000309,172.31.33.0-255,66,34665,35,351008
7402,0.000326,74.125.130.0-255,2902,37567,35,351008
7403,0.00033,172.31.33.0-255,66,37633,35,351008
7404,0.000345,74.125.130.0-255,4320,41953,35,351008
7405,0.000348,172.31.33.0-255,66,42019,35,351008
7406,0.000367,74.125.130.0-255,1484,43503,35,351008
7407,0.000369,172.31.33.0-255,66,43569,35,351008
7408,0.000376,74.125.130.0-255,5738,49307,35,351008
7409,0.00038,172.31.33.0-255,66,49373,35,351008
7410,0.000387,74.125.130.0-255,7156,56529,35,351008
7411,0.000391,172.31.33.0-255,66,56595,35,351008
7412,0.000429,172.31.33.0-255,66,56661,35,351008
7413,0.000449,74.125.130.0-255,380,57041,35,351008
7414,0.000526,74.125.130.0-255,364,57405,35,351008
7415,0.00079,172.31.33.0-255,66,57471,35,351008
7416,0.000834,74.125.130.0-255,1484,58955,35,351008
7417,0.000847,74.125.130.0-255,2902,61857,35,351008
7418,0.000849,172.31.33.0-255,66,61923,35,351008
7419,0.000866,74.125.130.0-255,2902,64825,35,351008
7420,0.000868,172.31.33.0-255,66,64891,35,351008
7421,0.000881,74.125.130.0-255,2902,67793,35,351008
7422,0.000883,172.31.33.0-255,66,67859,35,351008
7423,0.00091,74.125.130.0-255,1484,69343,35,351008
7424,0.000933,74.125.130.0-255,5738,75081,35,351008
7425,0.000936,172.31.33.0-255,66,75147,35,351008
7426,0.000946,172.31.33.0-255,66,75213,35,351008
7427,0.00098,74.125.130.0-255,5738,80951,35,351008
7428,0.000983,172.31.33.0-255,66,81017,35,351008
7429,0.001001,74.125.130.0-255,766,81783,35,351008
7430,0.001072,172.31.33.0-255,66,81849,35,351008
7431,0.00109,74.125.130.0-255,1484,83333,35,351008
7432,0.001107,74.125.130.0-255,2902,86235,35,351008
7433,0.001109,172.31.33.0-255,66,86301,35,351008
7434,0.001113,74.125.130.0-255,1484,87785,35,351008
7435,0.001127,74.125.130.0-255,1484,89269,35,351008
7436,0.00113,172.31.33.0-255,66,89335,35,351008
7437,0.001133,74.125.130.0-255,1484,90819,35,351008
7438,0.001151,74.125.130.0-255,2902,93721,35,351008
7439,0.001154,172.31.33.0-255,66,93787,35,351008
7440,0.001161,74.125.130.0-255,7156,100943,35,351008
7441,0.001162,172.31.33.0-255,66,101009,35,351008
7442,0.001175,74.125.130.0-255,1484,102493,35,351008
7443,0.001182,74.125.130.0-255,7156,109649,35,351008
7444,0.001184,172.31.33.0-255,66,109715,35,351008
7445,0.001219,74.125.130.0-255,4320,114035,35,351008
7446,0.001223,172.31.33.0-255,66,114101,35,351008
7447,0.001241,74.125.130.0-255,2184,116285,35,351008
7448,0.001244,172.31.33.0-255,66,116351,35,351008
7449,0.001306,74.125.130.0-255,1484,117835,35,351008
7450,0.001324,74.125.130.0-255,2902,120737,35,351008
7451,0.001327,172.31.33.0-255,66,120803,35,351008
7452,0.001331,74.125.130.0-255,2902,123705,35,351008
7453,0.001333,172.31.33.0-255,66,123771,35,351008
7454,0.001347,74.125.130.0-255,2902,126673,35,351008
7455,0.00135,172.31.33.0-255,66,126739,35,351008
7456,0.001371,74.125.130.0-255,1484,128223,35,351008
7457,0.001399,172.31.33.0-255,66,128289,35,351008
7458,0.001427,74.125.130.0-255,1484,129773,35,351008
7459,0.001448,172.31.33.0-255,66,129839,35,351008
7460,0.001463,74.125.130.0-255,766,130605,35,351008
7461,0.001556,172.31.33.0-255,66,130671,35,351008
7462,0.001668,74.125.130.0-255,1484,132155,35,351008
7463,0.001675,74.125.130.0-255,2902,135057,35,351008
7464,0.001679,172.31.33.0-255,66,135123,35,351008
7465,0.001702,74.125.130.0-255,5738,140861,35,351008
7466,0.001705,172.31.33.0-255,66,140927,35,351008
7467,0.001724,74.125.130.0-255,4320,145247,35,351008
7468,0.001727,172.31.33.0-255,66,145313,35,351008
7469,0.001747,74.125.130.0-255,5738,151051,35,351008
7470,0.001749,172.31.33.0-255,66,151117,35,351008
7471,0.001765,74.125.130.0-255,1484,152601,35,351008
7472,0.001778,74.125.130.0-255,5738,158339,35,351008
7473,0.001781,172.31.33.0-255,66,158405,35,351008
7474,0.001805,74.125.130.0-255,4320,162725,35,351008
7475,0.001808,172.31.33.0-255,66,162791,35,351008
7476,0.001812,74.125.130.0-255,2184,164975,35,351008
7477,0.001813,172.31.33.0-255,66,165041,35,351008
7478,0.002048,74.125.130.0-255,1484,166525,35,351008
7479,0.002054,74.125.130.0-255,2902,169427,35,351008
7480,0.002057,172.31.33.0-255,66,169493,35,351008
7481,0.002082,74.125.130.0-255,5738,175231,35,351008
7482,0.002085,172.31.33.0-255,66,175297,35,351008
7483,0.002089,74.125.130.0-255,2902,178199,35,351008
7484,0.002091,172.31.33.0-255,66,178265,35,351008
7485,0.002101,74.125.130.0-255,1484,179749,35,351008
7486,0.002104,74.125.130.0-255,1484,181233,35,351008
7487,0.002105,172.31.33.0-255,66,181299,35,351008
7488,0.002119,74.125.130.0-255,4320,185619,35,351008
7489,0.002121,172.31.33.0-255,66,185685,35,351008
7490,0.00214,74.125.130.0-255,4320,190005,35,351008
7491,0.002142,172.31.33.0-255,66,190071,35,351008
7492,0.002153,74.125.130.0-255,2902,192973,35,351008
7493,0.002155,172.31.33.0-255,66,193039,35,351008
7494,0.002189,74.125.130.0-255,5738,198777,35,351008
7495,0.002191,172.31.33.0-255,66,198843,35,351008
7496,0.002207,74.125.130.0-255,2184,201027,35,351008
7497,0.002209,172.31.33.0-255,66,201093,35,351008
7498,0.002212,74.125.130.0-255,2902,203995,35,351008
7499,0.002214,172.31.33.0-255,66,204061,35,351008
7500,0.002259,172.31.33.0-255,66,204127,35,351008
7501,0.002264,74.125.130.0-255,5738,209865,35,351008
7502,0.002266,172.31.33.0-255,66,209931,35,351008
7503,0.002339,74.125.130.0-255,7156,217087,35,351008
7504,0.002341,172.31.33.0-255,66,217153,35,351008
7505,0.002354,74.125.130.0-255,3602,220755,35,351008
7506,0.002356,172.31.33.0-255,66,220821,35,351008
7507,0.004607,74.125.130.0-255,1484,222305,35,351008
7508,0.004623,74.125.130.0-255,1484,223789,35,351008
7509,0.004627,172.31.33.0-255,66,223855,35,351008
7510,0.004642,74.125.130.0-255,2902,226757,35,351008
7511,0.004645,172.31.33.0-255,66,226823,35,351008
7512,0.006905,74.125.130.0-255,2902,229725,35,351008
7513,0.006913,172.31.33.0-255,66,229791,35,351008
7514,0.006931,74.125.130.0-255,2902,232693,35,351008
7515,0.006935,172.31.33.0-255,66,232759,35,351008
7516,0.009209,74.125.130.0-255,5738,238497,35,351008
7517,0.009223,172.31.33.0-255,66,238563,35,351008
7518,0.011524,74.125.130.0-255,5738,244301,35,351008
7519,0.01154,172.31.33.0-255,66,244367,35,351008
7520,0.013847,74.125.130.0-255,5738,250105,35,351008
7521,0.013861,172.31.33.0-255,66,250171,35,351008
7522,0.01615,74.125.130.0-255,5738,255909,35,351008
7523,0.016158,172.31.33.0-255,66,255975,35,351008
7524,0.018623,74.125.130.0-255,5738,261713,35,351008
7525,0.01863,172.31.33.0-255,66,261779,35,351008
7526,0.020951,74.125.130.0-255,5738,267517,35,351008
7527,0.020959,172.31.33.0-255,66,267583,35,351008
7528,0.02349,74.125.130.0-255,5738,273321,35,351008
7529,0.023498,172.31.33.0-255,66,273387,35,351008
7530,0.025799,74.125.130.0-255,5738,279125,35,351008
7531,0.025809,172.31.33.0-255,66,279191,35,351008
7532,0.028131,74.125.130.0-255,5738,284929,35,351008
7533,0.028144,172.31.33.0-255,66,284995,35,351008
7534,0.030482,74.125.130.0-255,5738,290733,35,351008
7535,0.030504,172.31.33.0-255,66,290799,35,351008
7536,0.0328,74.125.130.0-255,5738,296537,35,351008
7537,0.032811,172.31.33.0-255,66,296603,35,351008
7538,0.035098,74.125.130.0-255,5738,302341,35,351008
7539,0.035103,172.31.33.0-255,66,302407,35,351008
7540,0.037397,74.125.130.0-255,5738,308145,35,351008
7541,0.037404,172.31.33.0-255,66,308211,35,351008
7542,0.039708,74.125.130.0-255,5738,313949,35,351008
7543,0.039726,172.31.33.0-255,66,314015,35,351008
7544,0.042044,74.125.130.0-255,5738,319753,35,351008
7545,0.042063,172.31.33.0-255,66,319819,35,351008
7546,0.044355,74.125.130.0-255,5738,325557,35,351008
7547,0.044379,172.31.33.0-255,66,325623,35,351008
7548,0.046672,74.125.130.0-255,5738,331361,35,351008
7549,0.046692,172.31.33.0-255,66,331427,35,351008
7550,0.048977,74.125.130.0-255,5738,337165,35,351008
7551,0.048984,172.31.33.0-255,66,337231,35,351008
7552,0.051273,74.125.130.0-255,5738,342969,35,351008
7553,0.051289,172.31.33.0-255,66,343035,35,351008
7554,0.053605,74.125.130.0-255,5738,348773,35,351008
7555,0.053615,172.31.33.0-255,66,348839,35,351008
7556,0.055885,74.125.130.0-255,1115,349954,35,351008
7557,0.056055,172.31.33.0-255,66,350020,35,351008
7558,0.056085,172.31.33.0-255,105,350125,35,351008
7559,0.056723,172.31.33.0-255,188,350313,35,351008
7560,0.05675,172.31.33.0-255,563,350876,35,351008
7561,0.058319,74.125.130.0-255,66,350942,35,351008
7562,0.059297,104.244.42.0-255,66,351008,35,351008
7563,0.0,74.125.68.0-255,152,152,35,305997
7564,2.2e-05,172.31.33.0-255,66,218,35,305997
7565,5.6e-05,74.125.68.0-255,1484,1702,35,305997
7566,6.2e-05,172.31.33.0-255,66,1768,35,305997
7567,6.7e-05,74.125.68.0-255,2902,4670,35,305997
7568,7e-05,172.31.33.0-255,66,4736,35,305997
7569,7.6e-05,74.125.68.0-255,4320,9056,35,305997
7570,7.9e-05,172.31.33.0-255,66,9122,35,305997
7571,8.5e-05,74.125.68.0-255,4954,14076,35,305997
7572,8.7e-05,172.31.33.0-255,66,14142,35,305997
7573,0.000138,74.125.68.0-255,1484,15626,35,305997
7574,0.000141,172.31.33.0-255,66,15692,35,305997
7575,0.000146,74.125.68.0-255,2902,18594,35,305997
7576,0.000148,172.31.33.0-255,66,18660,35,305997
7577,0.000151,74.125.68.0-255,1484,20144,35,305997
7578,0.000153,172.31.33.0-255,66,20210,35,305997
7579,0.000188,74.125.68.0-255,2902,23112,35,305997
7580,0.000192,172.31.33.0-255,66,23178,35,305997
7581,0.000198,74.125.68.0-255,5738,28916,35,305997
7582,0.0002,172.31.33.0-255,66,28982,35,305997
7583,0.000204,74.125.68.0-255,2543,31525,35,305997
7584,0.000206,172.31.33.0-255,66,31591,35,305997
7585,0.000341,74.125.68.0-255,1484,33075,35,305997
7586,0.000346,172.31.33.0-255,66,33141,35,305997
7587,0.00037,74.125.68.0-255,1484,34625,35,305997
7588,0.000373,172.31.33.0-255,66,34691,35,305997
7589,0.000379,74.125.68.0-255,2902,37593,35,305997
7590,0.000381,172.31.33.0-255,66,37659,35,305997
7591,0.000416,74.125.68.0-255,5738,43397,35,305997
7592,0.000419,172.31.33.0-255,66,43463,35,305997
7593,0.000425,74.125.68.0-255,5379,48842,35,305997
7594,0.000427,172.31.33.0-255,66,48908,35,305997
7595,0.000501,74.125.68.0-255,1484,50392,35,305997
7596,0.000524,74.125.68.0-255,2902,53294,35,305997
7597,0.000528,172.31.33.0-255,66,53360,35,305997
7598,0.000556,74.125.68.0-255,5738,59098,35,305997
7599,0.00056,172.31.33.0-255,66,59164,35,305997
7600,0.000565,74.125.68.0-255,4320,63484,35,305997
7601,0.000567,172.31.33.0-255,66,63550,35,305997
7602,0.000626,74.125.68.0-255,2543,66093,35,305997
7603,0.00063,172.31.33.0-255,66,66159,35,305997
7604,0.000791,74.125.68.0-255,647,66806,35,305997
7605,0.000972,74.125.68.0-255,1484,68290,35,305997
7606,0.000976,172.31.33.0-255,66,68356,35,305997
7607,0.000981,74.125.68.0-255,2902,71258,35,305997
7608,0.000983,172.31.33.0-255,66,71324,35,305997
7609,0.001017,74.125.68.0-255,5738,77062,35,305997
7610,0.001021,172.31.33.0-255,66,77128,35,305997
7611,0.001027,74.125.68.0-255,6797,83925,35,305997
7612,0.001029,172.31.33.0-255,66,83991,35,305997
7613,0.001081,74.125.68.0-255,2902,86893,35,305997
7614,0.001085,172.31.33.0-255,66,86959,35,305997
7615,0.00109,74.125.68.0-255,4320,91279,35,305997
7616,0.001092,172.31.33.0-255,66,91345,35,305997
7617,0.001126,74.125.68.0-255,1125,92470,35,305997
7618,0.001131,172.31.33.0-255,66,92536,35,305997
7619,0.001601,172.31.33.0-255,66,92602,35,305997
7620,0.001725,74.125.68.0-255,1484,94086,35,305997
7621,0.001734,74.125.68.0-255,2902,96988,35,305997
7622,0.001737,172.31.33.0-255,66,97054,35,305997
7623,0.001767,74.125.68.0-255,5738,102792,35,305997
7624,0.001769,172.31.33.0-255,66,102858,35,305997
7625,0.001801,172.31.33.0-255,66,102924,35,305997
7626,0.001812,172.31.33.0-255,66,102990,35,305997
7627,0.001842,74.125.68.0-255,2902,105892,35,305997
7628,0.001845,172.31.33.0-255,66,105958,35,305997
7629,0.001876,74.125.68.0-255,2184,108142,35,305997
7630,0.001879,172.31.33.0-255,66,108208,35,305997
7631,0.002244,74.125.68.0-255,1484,109692,35,305997
7632,0.002262,74.125.68.0-255,2902,112594,35,305997
7633,0.002266,172.31.33.0-255,66,112660,35,305997
7634,0.002295,74.125.68.0-255,5738,118398,35,305997
7635,0.002298,74.125.68.0-255,2902,121300,35,305997
7636,0.0023,74.125.68.0-255,1484,122784,35,305997
7637,0.002303,172.31.33.0-255,66,122850,35,305997
7638,0.00231,172.31.33.0-255,66,122916,35,305997
7639,0.002313,74.125.68.0-255,1484,124400,35,305997
7640,0.002324,172.31.33.0-255,66,124466,35,305997
7641,0.002347,74.125.68.0-255,1484,125950,35,305997
7642,0.002354,74.125.68.0-255,5738,131688,35,305997
7643,0.002356,172.31.33.0-255,66,131754,35,305997
7644,0.00236,74.125.68.0-255,4320,136074,35,305997
7645,0.002362,172.31.33.0-255,66,136140,35,305997
7646,0.002386,74.125.68.0-255,1484,137624,35,305997
7647,0.002391,74.125.68.0-255,4320,141944,35,305997
7648,0.002393,172.31.33.0-255,66,142010,35,305997
7649,0.002396,74.125.68.0-255,766,142776,35,305997
7650,0.002465,74.125.68.0-255,1484,144260,35,305997
7651,0.002468,172.31.33.0-255,66,144326,35,305997
7652,0.002485,74.125.68.0-255,2902,147228,35,305997
7653,0.002487,172.31.33.0-255,66,147294,35,305997
7654,0.002515,74.125.68.0-255,1484,148778,35,305997
7655,0.002519,74.125.68.0-255,2902,151680,35,305997
7656,0.002521,172.31.33.0-255,66,151746,35,305997
7657,0.00255,74.125.68.0-255,5738,157484,35,305997
7658,0.002553,172.31.33.0-255,66,157550,35,305997
7659,0.002555,74.125.68.0-255,1484,159034,35,305997
7660,0.002583,172.31.33.0-255,66,159100,35,305997
7661,0.002611,74.125.68.0-255,5738,164838,35,305997
7662,0.002613,172.31.33.0-255,66,164904,35,305997
7663,0.00266,74.125.68.0-255,3602,168506,35,305997
7664,0.002662,172.31.33.0-255,66,168572,35,305997
7665,0.002854,74.125.68.0-255,1484,170056,35,305997
7666,0.002859,74.125.68.0-255,2902,172958,35,305997
7667,0.002861,172.31.33.0-255,66,173024,35,305997
7668,0.002889,74.125.68.0-255,5738,178762,35,305997
7669,0.002891,172.31.33.0-255,66,178828,35,305997
7670,0.002914,74.125.68.0-255,5738,184566,35,305997
7671,0.002916,172.31.33.0-255,66,184632,35,305997
7672,0.002921,74.125.68.0-255,4320,188952,35,305997
7673,0.002923,172.31.33.0-255,66,189018,35,305997
7674,0.002939,74.125.68.0-255,2902,191920,35,305997
7675,0.002941,172.31.33.0-255,66,191986,35,305997
7676,0.002969,172.31.33.0-255,66,192052,35,305997
7677,0.002981,74.125.68.0-255,2184,194236,35,305997
7678,0.002982,172.31.33.0-255,66,194302,35,305997
7679,0.003029,74.125.68.0-255,1484,195786,35,305997
7680,0.00304,74.125.68.0-255,1484,197270,35,305997
7681,0.003043,172.31.33.0-255,66,197336,35,305997
7682,0.003051,74.125.68.0-255,1484,198820,35,305997
7683,0.003053,74.125.68.0-255,1484,200304,35,305997
7684,0.003054,172.31.33.0-255,66,200370,35,305997
7685,0.003061,74.125.68.0-255,2902,203272,35,305997
7686,0.003063,172.31.33.0-255,66,203338,35,305997
7687,0.003104,74.125.68.0-255,5738,209076,35,305997
7688,0.003107,172.31.33.0-255,66,209142,35,305997
7689,0.00311,74.125.68.0-255,1484,210626,35,305997
7690,0.003112,74.125.68.0-255,1484,212110,35,305997
7691,0.003114,172.31.33.0-255,66,212176,35,305997
7692,0.003137,74.125.68.0-255,4320,216496,35,305997
7693,0.003141,172.31.33.0-255,66,216562,35,305997
7694,0.003143,74.125.68.0-255,1484,218046,35,305997
7695,0.003181,74.125.68.0-255,5738,223784,35,305997
7696,0.003185,172.31.33.0-255,66,223850,35,305997
7697,0.003189,74.125.68.0-255,2902,226752,35,305997
7698,0.00319,172.31.33.0-255,66,226818,35,305997
7699,0.003223,172.31.33.0-255,66,226884,35,305997
7700,0.003228,74.125.68.0-255,4320,231204,35,305997
7701,0.00323,172.31.33.0-255,66,231270,35,305997
7702,0.003255,74.125.68.0-255,2902,234172,35,305997
7703,0.003258,172.31.33.0-255,66,234238,35,305997
7704,0.003301,172.31.33.0-255,66,234304,35,305997
7705,0.003306,74.125.68.0-255,5738,240042,35,305997
7706,0.003308,172.31.33.0-255,66,240108,35,305997
7707,0.00331,74.125.68.0-255,766,240874,35,305997
7708,0.003313,74.125.68.0-255,1484,242358,35,305997
7709,0.003314,172.31.33.0-255,66,242424,35,305997
7710,0.00335,74.125.68.0-255,4320,246744,35,305997
7711,0.003354,172.31.33.0-255,66,246810,35,305997
7712,0.003359,74.125.68.0-255,4320,251130,35,305997
7713,0.003361,172.31.33.0-255,66,251196,35,305997
7714,0.003391,74.125.68.0-255,5738,256934,35,305997
7715,0.003395,172.31.33.0-255,66,257000,35,305997
7716,0.003406,172.31.33.0-255,66,257066,35,305997
7717,0.003434,74.125.68.0-255,6438,263504,35,305997
7718,0.003437,172.31.33.0-255,66,263570,35,305997
7719,0.003485,74.125.68.0-255,1484,265054,35,305997
7720,0.0035,74.125.68.0-255,2902,267956,35,305997
7721,0.003506,172.31.33.0-255,66,268022,35,305997
7722,0.003517,74.125.68.0-255,4320,272342,35,305997
7723,0.00353,172.31.33.0-255,66,272408,35,305997
7724,0.003536,74.125.68.0-255,5738,278146,35,305997
7725,0.00354,172.31.33.0-255,66,278212,35,305997
7726,0.003598,172.31.33.0-255,66,278278,35,305997
7727,0.003629,74.125.68.0-255,2902,281180,35,305997
7728,0.003632,172.31.33.0-255,66,281246,35,305997
7729,0.003637,74.125.68.0-255,2902,284148,35,305997
7730,0.003639,172.31.33.0-255,66,284214,35,305997
7731,0.00366,74.125.68.0-255,1484,285698,35,305997
7732,0.003664,74.125.68.0-255,2184,287882,35,305997
7733,0.003666,74.125.68.0-255,1484,289366,35,305997
7734,0.003672,172.31.33.0-255,66,289432,35,305997
7735,0.003693,74.125.68.0-255,1484,290916,35,305997
7736,0.003697,172.31.33.0-255,66,290982,35,305997
7737,0.003705,74.125.68.0-255,7156,298138,35,305997
7738,0.003708,172.31.33.0-255,66,298204,35,305997
7739,0.00376,74.125.68.0-255,1484,299688,35,305997
7740,0.003784,74.125.68.0-255,5738,305426,35,305997
7741,0.003787,172.31.33.0-255,66,305492,35,305997
7742,0.0038,172.31.33.0-255,66,305558,35,305997
7743,0.003804,74.125.68.0-255,97,305655,35,305997
7744,0.003806,74.125.68.0-255,105,305760,35,305997
7745,0.005848,172.31.33.0-255,66,305826,35,305997
7746,0.005907,172.31.33.0-255,105,305931,35,305997
7747,0.007952,74.125.68.0-255,66,305997,35,305997
7748,0.0,172.31.33.0-255,105,105,35,276
7749,0.001773,157.240.7.0-255,105,210,35,276
7750,0.001788,172.31.33.0-255,66,276,35,276
7751,0.0,172.217.194.0-255,148,148,35,192530
7752,3.1e-05,172.31.33.0-255,66,214,35,192530
7753,3.9e-05,172.217.194.0-255,1484,1698,35,192530
7754,4.3e-05,172.31.33.0-255,66,1764,35,192530
7755,4.8e-05,172.217.194.0-255,2902,4666,35,192530
7756,5.8e-05,172.31.33.0-255,66,4732,35,192530
7757,6.6e-05,172.217.194.0-255,7156,11888,35,192530
7758,6.9e-05,172.31.33.0-255,66,11954,35,192530
7759,7.2e-05,172.217.194.0-255,1484,13438,35,192530
7760,7.6e-05,172.31.33.0-255,66,13504,35,192530
7761,0.000126,172.31.33.0-255,66,13570,35,192530
7762,0.00013,172.217.194.0-255,2543,16113,35,192530
7763,0.000133,172.31.33.0-255,66,16179,35,192530
7764,0.000152,172.217.194.0-255,1484,17663,35,192530
7765,0.000159,172.31.33.0-255,66,17729,35,192530
7766,0.000165,172.217.194.0-255,2902,20631,35,192530
7767,0.00017,172.31.33.0-255,66,20697,35,192530
7768,0.000173,172.217.194.0-255,1484,22181,35,192530
7769,0.000175,172.31.33.0-255,66,22247,35,192530
7770,0.000203,172.217.194.0-255,4320,26567,35,192530
7771,0.000206,172.31.33.0-255,66,26633,35,192530
7772,0.000216,172.217.194.0-255,4320,30953,35,192530
7773,0.000219,172.31.33.0-255,66,31019,35,192530
7774,0.000242,172.217.194.0-255,1484,32503,35,192530
7775,0.000244,172.31.33.0-255,66,32569,35,192530
7776,0.000269,172.217.194.0-255,3961,36530,35,192530
7777,0.000273,172.31.33.0-255,66,36596,35,192530
7778,0.000284,172.217.194.0-255,5738,42334,35,192530
7779,0.000287,172.31.33.0-255,66,42400,35,192530
7780,0.000293,172.217.194.0-255,4320,46720,35,192530
7781,0.000295,172.31.33.0-255,66,46786,35,192530
7782,0.000332,172.217.194.0-255,4255,51041,35,192530
7783,0.000336,172.31.33.0-255,66,51107,35,192530
7784,0.000524,172.217.194.0-255,383,51490,35,192530
7785,0.000788,172.31.33.0-255,66,51556,35,192530
7786,0.000843,172.217.194.0-255,1484,53040,35,192530
7787,0.000851,172.217.194.0-255,1484,54524,35,192530
7788,0.000855,172.31.33.0-255,66,54590,35,192530
7789,0.000889,172.217.194.0-255,1484,56074,35,192530
7790,0.000896,172.217.194.0-255,5738,61812,35,192530
7791,0.000899,172.31.33.0-255,66,61878,35,192530
7792,0.00091,172.31.33.0-255,66,61944,35,192530
7793,0.000946,172.217.194.0-255,4320,66264,35,192530
7794,0.00095,172.31.33.0-255,66,66330,35,192530
7795,0.000969,172.31.33.0-255,66,66396,35,192530
7796,0.001218,172.217.194.0-255,1484,67880,35,192530
7797,0.001226,172.217.194.0-255,2902,70782,35,192530
7798,0.001229,172.31.33.0-255,66,70848,35,192530
7799,0.001236,172.217.194.0-255,5738,76586,35,192530
7800,0.001239,172.31.33.0-255,66,76652,35,192530
7801,0.001278,172.217.194.0-255,5738,82390,35,192530
7802,0.001282,172.31.33.0-255,66,82456,35,192530
7803,0.001313,172.217.194.0-255,7156,89612,35,192530
7804,0.001318,172.31.33.0-255,66,89678,35,192530
7805,0.001331,172.217.194.0-255,5738,95416,35,192530
7806,0.001334,172.31.33.0-255,66,95482,35,192530
7807,0.001374,172.217.194.0-255,6438,101920,35,192530
7808,0.001378,172.31.33.0-255,66,101986,35,192530
7809,0.001392,172.31.33.0-255,66,102052,35,192530
7810,0.001419,172.31.33.0-255,66,102118,35,192530
7811,0.001437,172.31.33.0-255,66,102184,35,192530
7812,0.001483,172.217.194.0-255,7156,109340,35,192530
7813,0.001487,172.31.33.0-255,66,109406,35,192530
7814,0.001523,172.217.194.0-255,6438,115844,35,192530
7815,0.001526,172.31.33.0-255,66,115910,35,192530
7816,0.001529,172.217.194.0-255,1484,117394,35,192530
7817,0.001533,172.217.194.0-255,2902,120296,35,192530
7818,0.001535,172.31.33.0-255,66,120362,35,192530
7819,0.001545,172.217.194.0-255,5738,126100,35,192530
7820,0.001547,172.31.33.0-255,66,126166,35,192530
7821,0.001553,172.217.194.0-255,5738,131904,35,192530
7822,0.001555,172.31.33.0-255,66,131970,35,192530
7823,0.001558,172.217.194.0-255,2902,134872,35,192530
7824,0.001561,172.31.33.0-255,66,134938,35,192530
7825,0.001595,172.31.33.0-255,66,135004,35,192530
7826,0.001601,172.217.194.0-255,5020,140024,35,192530
7827,0.001603,172.31.33.0-255,66,140090,35,192530
7828,0.001661,172.31.33.0-255,66,140156,35,192530
7829,0.001683,172.217.194.0-255,1484,141640,35,192530
7830,0.001686,172.217.194.0-255,1484,143124,35,192530
7831,0.001688,172.31.33.0-255,66,143190,35,192530
7832,0.001731,172.31.33.0-255,66,143256,35,192530
7833,0.001766,172.31.33.0-255,66,143322,35,192530
7834,0.001776,172.31.33.0-255,66,143388,35,192530
7835,0.001809,172.31.33.0-255,66,143454,35,192530
7836,0.00183,172.217.194.0-255,6438,149892,35,192530
7837,0.001833,172.31.33.0-255,66,149958,35,192530
7838,0.001837,172.217.194.0-255,4320,154278,35,192530
7839,0.00184,172.31.33.0-255,66,154344,35,192530
7840,0.00186,172.217.194.0-255,2902,157246,35,192530
7841,0.001862,172.31.33.0-255,66,157312,35,192530
7842,0.001872,172.31.33.0-255,66,157378,35,192530
7843,0.001925,172.31.33.0-255,66,157444,35,192530
7844,0.001927,172.217.194.0-255,766,158210,35,192530
7845,0.001952,172.217.194.0-255,7156,165366,35,192530
7846,0.001954,172.31.33.0-255,66,165432,35,192530
7847,0.001987,172.31.33.0-255,66,165498,35,192530
7848,0.001999,172.31.33.0-255,66,165564,35,192530
7849,0.002025,172.217.194.0-255,4320,169884,35,192530
7850,0.002027,172.31.33.0-255,66,169950,35,192530
7851,0.00203,172.217.194.0-255,766,170716,35,192530
7852,0.002035,172.217.194.0-255,4320,175036,35,192530
7853,0.002037,172.31.33.0-255,66,175102,35,192530
7854,0.002074,172.31.33.0-255,66,175168,35,192530
7855,0.002081,172.217.194.0-255,6757,181925,35,192530
7856,0.002083,172.31.33.0-255,66,181991,35,192530
7857,0.002086,172.217.194.0-255,97,182088,35,192530
7858,0.002145,172.217.194.0-255,105,182193,35,192530
7859,0.003842,172.31.33.0-255,66,182259,35,192530
7860,0.003872,172.31.33.0-255,105,182364,35,192530
7861,0.006232,172.217.194.0-255,66,182430,35,192530
7862,0.043587,172.31.33.0-255,231,182661,35,192530
7863,0.043634,172.31.33.0-255,1107,183768,35,192530
7864,0.043695,172.31.33.0-255,1514,185282,35,192530
7865,0.043697,172.31.33.0-255,1514,186796,35,192530
7866,0.043698,172.31.33.0-255,1514,188310,35,192530
7867,0.043699,172.31.33.0-255,1514,189824,35,192530
7868,0.043729,172.31.33.0-255,1514,191338,35,192530
7869,0.043734,172.31.33.0-255,928,192266,35,192530
7870,0.045151,104.244.42.0-255,66,192332,35,192530
7871,0.045194,104.244.42.0-255,66,192398,35,192530
7872,0.045291,104.244.42.0-255,66,192464,35,192530
7873,0.045296,104.244.42.0-255,66,192530,35,192530
7874,0.0,172.217.194.0-255,146,146,35,152954
7875,2.3e-05,172.31.33.0-255,66,212,35,152954
7876,2.8e-05,172.217.194.0-255,1484,1696,35,152954
7877,3.2e-05,172.31.33.0-255,66,1762,35,152954
7878,3.6e-05,172.217.194.0-255,2902,4664,35,152954
7879,3.9e-05,172.31.33.0-255,66,4730,35,152954
7880,5.1e-05,172.217.194.0-255,5738,10468,35,152954
7881,5.4e-05,172.31.33.0-255,66,10534,35,152954
7882,6.3e-05,172.217.194.0-255,1484,12018,35,152954
7883,6.6e-05,172.31.33.0-255,66,12084,35,152954
7884,6.8e-05,172.217.194.0-255,1484,13568,35,152954
7885,7e-05,172.31.33.0-255,66,13634,35,152954
7886,0.000106,172.31.33.0-255,66,13700,35,152954
7887,0.000135,172.31.33.0-255,66,13766,35,152954
7888,0.000172,172.217.194.0-255,2902,16668,35,152954
7889,0.000175,172.31.33.0-255,66,16734,35,152954
7890,0.00018,172.217.194.0-255,4320,21054,35,152954
7891,0.000183,172.31.33.0-255,66,21120,35,152954
7892,0.000185,172.217.194.0-255,1484,22604,35,152954
7893,0.000187,172.31.33.0-255,66,22670,35,152954
7894,0.000222,172.217.194.0-255,7156,29826,35,152954
7895,0.000225,172.31.33.0-255,66,29892,35,152954
7896,0.000236,172.31.33.0-255,66,29958,35,152954
7897,0.000264,172.217.194.0-255,6797,36755,35,152954
7898,0.000267,172.31.33.0-255,66,36821,35,152954
7899,0.00027,172.217.194.0-255,1415,38236,35,152954
7900,0.000272,172.31.33.0-255,66,38302,35,152954
7901,0.000329,172.217.194.0-255,366,38668,35,152954
7902,0.000332,172.31.33.0-255,66,38734,35,152954
7903,0.000597,172.217.194.0-255,1484,40218,35,152954
7904,0.000601,172.217.194.0-255,2902,43120,35,152954
7905,0.000604,172.31.33.0-255,66,43186,35,152954
7906,0.000607,172.217.194.0-255,1484,44670,35,152954
7907,0.000636,172.217.194.0-255,4320,48990,35,152954
7908,0.000639,172.31.33.0-255,66,49056,35,152954
7909,0.000643,172.217.194.0-255,4320,53376,35,152954
7910,0.000645,172.31.33.0-255,66,53442,35,152954
7911,0.000648,172.217.194.0-255,1484,54926,35,152954
7912,0.000683,172.31.33.0-255,66,54992,35,152954
7913,0.0007,172.31.33.0-255,66,55058,35,152954
7914,0.000917,172.217.194.0-255,1484,56542,35,152954
7915,0.000923,172.217.194.0-255,2902,59444,35,152954
7916,0.000926,172.31.33.0-255,66,59510,35,152954
7917,0.00093,172.217.194.0-255,2902,62412,35,152954
7918,0.000932,172.31.33.0-255,66,62478,35,152954
7919,0.000959,172.217.194.0-255,2902,65380,35,152954
7920,0.000962,172.31.33.0-255,66,65446,35,152954
7921,0.000984,172.31.33.0-255,66,65512,35,152954
7922,0.001027,172.31.33.0-255,66,65578,35,152954
7923,0.001032,172.217.194.0-255,2902,68480,35,152954
7924,0.001034,172.31.33.0-255,66,68546,35,152954
7925,0.001058,172.31.33.0-255,66,68612,35,152954
7926,0.001097,172.31.33.0-255,66,68678,35,152954
7927,0.001102,172.217.194.0-255,4320,72998,35,152954
7928,0.001104,172.31.33.0-255,66,73064,35,152954
7929,0.001142,172.31.33.0-255,66,73130,35,152954
7930,0.001187,172.31.33.0-255,66,73196,35,152954
7931,0.001227,172.31.33.0-255,66,73262,35,152954
7932,0.001258,172.217.194.0-255,5020,78282,35,152954
7933,0.001262,172.31.33.0-255,66,78348,35,152954
7934,0.001391,172.217.194.0-255,1484,79832,35,152954
7935,0.001394,172.217.194.0-255,1484,81316,35,152954
7936,0.001397,172.31.33.0-255,66,81382,35,152954
7937,0.001425,172.217.194.0-255,1484,82866,35,152954
7938,0.001432,172.217.194.0-255,5738,88604,35,152954
7939,0.001435,172.31.33.0-255,66,88670,35,152954
7940,0.001447,172.31.33.0-255,66,88736,35,152954
7941,0.001491,172.31.33.0-255,66,88802,35,152954
7942,0.001569,172.217.194.0-255,1484,90286,35,152954
7943,0.001575,172.217.194.0-255,2902,93188,35,152954
7944,0.001578,172.31.33.0-255,66,93254,35,152954
7945,0.001582,172.217.194.0-255,2902,96156,35,152954
7946,0.001584,172.31.33.0-255,66,96222,35,152954
7947,0.001607,172.217.194.0-255,2902,99124,35,152954
7948,0.001619,172.31.33.0-255,66,99190,35,152954
7949,0.001636,172.31.33.0-255,66,99256,35,152954
7950,0.001723,172.31.33.0-255,66,99322,35,152954
7951,0.001759,172.217.194.0-255,1484,100806,35,152954
7952,0.001764,172.217.194.0-255,2902,103708,35,152954
7953,0.001768,172.31.33.0-255,66,103774,35,152954
7954,0.001803,172.217.194.0-255,5738,109512,35,152954
7955,0.001807,172.31.33.0-255,66,109578,35,152954
7956,0.001818,172.31.33.0-255,66,109644,35,152954
7957,0.001856,172.217.194.0-255,2902,112546,35,152954
7958,0.00186,172.31.33.0-255,66,112612,35,152954
7959,0.001871,172.31.33.0-255,66,112678,35,152954
7960,0.001877,172.217.194.0-255,5738,118416,35,152954
7961,0.00188,172.31.33.0-255,66,118482,35,152954
7962,0.001925,172.31.33.0-255,66,118548,35,152954
7963,0.001938,172.31.33.0-255,66,118614,35,152954
7964,0.001968,172.217.194.0-255,2902,121516,35,152954
7965,0.001971,172.31.33.0-255,66,121582,35,152954
7966,0.001974,172.217.194.0-255,1484,123066,35,152954
7967,0.002005,172.217.194.0-255,5020,128086,35,152954
7968,0.002011,172.31.33.0-255,66,128152,35,152954
7969,0.002018,172.31.33.0-255,66,128218,35,152954
7970,0.002049,172.217.194.0-255,7156,135374,35,152954
7971,0.002054,172.31.33.0-255,66,135440,35,152954
7972,0.002093,172.31.33.0-255,66,135506,35,152954
7973,0.002115,172.217.194.0-255,5020,140526,35,152954
7974,0.002118,172.31.33.0-255,66,140592,35,152954
7975,0.002121,172.217.194.0-255,1484,142076,35,152954
7976,0.002174,172.31.33.0-255,66,142142,35,152954
7977,0.002203,172.217.194.0-255,105,142247,35,152954
7978,0.003166,172.31.33.0-255,66,142313,35,152954
7979,0.00767,172.31.33.0-255,105,142418,35,152954
7980,0.010217,172.217.194.0-255,66,142484,35,152954
7981,0.047308,172.31.33.0-255,172,142656,35,152954
7982,0.047344,172.31.33.0-255,1107,143763,35,152954
7983,0.047417,172.31.33.0-255,1514,145277,35,152954
7984,0.047419,172.31.33.0-255,1514,146791,35,152954
7985,0.047425,172.31.33.0-255,1514,148305,35,152954
7986,0.047426,172.31.33.0-255,1514,149819,35,152954
7987,0.047445,172.31.33.0-255,1514,151333,35,152954
7988,0.047446,172.31.33.0-255,1183,152516,35,152954
7989,0.048852,104.244.42.0-255,66,152582,35,152954
7990,0.048873,104.244.42.0-255,66,152648,35,152954
7991,0.04896,104.244.42.0-255,66,152714,35,152954
7992,0.049012,104.244.42.0-255,66,152780,35,152954
7993,0.057698,172.31.33.0-255,108,152888,35,152954
7994,0.059233,104.244.42.0-255,66,152954,35,152954
7995,0.0,172.31.33.0-255,105,105,35,276
7996,0.002173,157.240.7.0-255,105,210,35,276
7997,0.002182,172.31.33.0-255,66,276,35,276
7998,0.0,172.31.33.0-255,105,105,35,276
7999,0.001778,157.240.7.0-255,105,210,35,276
8000,0.001788,172.31.33.0-255,66,276,35,276
8001,0.0,74.125.24.0-255,153,153,35,235324
8002,1.3e-05,172.31.33.0-255,66,219,35,235324
8003,4.6e-05,74.125.24.0-255,1484,1703,35,235324
8004,5.1e-05,172.31.33.0-255,66,1769,35,235324
8005,5.8e-05,74.125.24.0-255,2902,4671,35,235324
8006,6e-05,172.31.33.0-255,66,4737,35,235324
8007,9.3e-05,74.125.24.0-255,7156,11893,35,235324
8008,9.6e-05,172.31.33.0-255,66,11959,35,235324
8009,0.0001,74.125.24.0-255,2058,14017,35,235324
8010,0.000103,172.31.33.0-255,66,14083,35,235324
8011,0.000289,74.125.24.0-255,1484,15567,35,235324
8012,0.000294,172.31.33.0-255,66,15633,35,235324
8013,0.0003,74.125.24.0-255,2902,18535,35,235324
8014,0.000303,172.31.33.0-255,66,18601,35,235324
8015,0.000315,74.125.24.0-255,5738,24339,35,235324
8016,0.000318,172.31.33.0-255,66,24405,35,235324
8017,0.000357,74.125.24.0-255,6797,31202,35,235324
8018,0.000361,172.31.33.0-255,66,31268,35,235324
8019,0.000535,74.125.24.0-255,1484,32752,35,235324
8020,0.000541,172.31.33.0-255,66,32818,35,235324
8021,0.000547,74.125.24.0-255,2902,35720,35,235324
8022,0.000549,172.31.33.0-255,66,35786,35,235324
8023,0.000553,74.125.24.0-255,2902,38688,35,235324
8024,0.00056,172.31.33.0-255,66,38754,35,235324
8025,0.000592,74.125.24.0-255,2902,41656,35,235324
8026,0.000604,172.31.33.0-255,66,41722,35,235324
8027,0.00061,74.125.24.0-255,4320,46042,35,235324
8028,0.000612,172.31.33.0-255,66,46108,35,235324
8029,0.000653,74.125.24.0-255,6797,52905,35,235324
8030,0.000657,172.31.33.0-255,66,52971,35,235324
8031,0.00067,172.31.33.0-255,66,53037,35,235324
8032,0.000673,74.125.24.0-255,1125,54162,35,235324
8033,0.000779,74.125.24.0-255,394,54556,35,235324
8034,0.000831,74.125.24.0-255,348,54904,35,235324
8035,0.000835,172.31.33.0-255,66,54970,35,235324
8036,0.001045,74.125.24.0-255,1484,56454,35,235324
8037,0.001061,74.125.24.0-255,2902,59356,35,235324
8038,0.001064,172.31.33.0-255,66,59422,35,235324
8039,0.001101,74.125.24.0-255,5738,65160,35,235324
8040,0.001104,172.31.33.0-255,66,65226,35,235324
8041,0.001108,74.125.24.0-255,1484,66710,35,235324
8042,0.001133,74.125.24.0-255,7156,73866,35,235324
8043,0.001135,172.31.33.0-255,66,73932,35,235324
8044,0.00114,74.125.24.0-255,4320,78252,35,235324
8045,0.001142,172.31.33.0-255,66,78318,35,235324
8046,0.001168,74.125.24.0-255,5738,84056,35,235324
8047,0.00117,172.31.33.0-255,66,84122,35,235324
8048,0.001176,74.125.24.0-255,5020,89142,35,235324
8049,0.001177,172.31.33.0-255,66,89208,35,235324
8050,0.002166,74.125.24.0-255,1484,90692,35,235324
8051,0.002187,74.125.24.0-255,2902,93594,35,235324
8052,0.002191,172.31.33.0-255,66,93660,35,235324
8053,0.002198,74.125.24.0-255,5738,99398,35,235324
8054,0.0022,172.31.33.0-255,66,99464,35,235324
8055,0.002218,74.125.24.0-255,4320,103784,35,235324
8056,0.00222,172.31.33.0-255,66,103850,35,235324
8057,0.002257,172.31.33.0-255,66,103916,35,235324
8058,0.002267,172.31.33.0-255,66,103982,35,235324
8059,0.002769,74.125.24.0-255,1484,105466,35,235324
8060,0.002787,74.125.24.0-255,2902,108368,35,235324
8061,0.00279,172.31.33.0-255,66,108434,35,235324
8062,0.002815,74.125.24.0-255,4320,112754,35,235324
8063,0.002817,172.31.33.0-255,66,112820,35,235324
8064,0.002822,74.125.24.0-255,2902,115722,35,235324
8065,0.002825,172.31.33.0-255,66,115788,35,235324
8066,0.002858,74.125.24.0-255,5738,121526,35,235324
8067,0.002861,172.31.33.0-255,66,121592,35,235324
8068,0.002864,74.125.24.0-255,1484,123076,35,235324
8069,0.002897,172.31.33.0-255,66,123142,35,235324
8070,0.002925,74.125.24.0-255,3602,126744,35,235324
8071,0.002928,172.31.33.0-255,66,126810,35,235324
8072,0.003845,74.125.24.0-255,1484,128294,35,235324
8073,0.003859,74.125.24.0-255,2902,131196,35,235324
8074,0.003862,172.31.33.0-255,66,131262,35,235324
8075,0.003868,74.125.24.0-255,4320,135582,35,235324
8076,0.00387,172.31.33.0-255,66,135648,35,235324
8077,0.003891,74.125.24.0-255,1484,137132,35,235324
8078,0.003903,74.125.24.0-255,7156,144288,35,235324
8079,0.003906,172.31.33.0-255,66,144354,35,235324
8080,0.003913,74.125.24.0-255,7156,151510,35,235324
8081,0.003916,172.31.33.0-255,66,151576,35,235324
8082,0.003944,74.125.24.0-255,7156,158732,35,235324
8083,0.003947,172.31.33.0-255,66,158798,35,235324
8084,0.003951,74.125.24.0-255,2184,160982,35,235324
8085,0.003953,172.31.33.0-255,66,161048,35,235324
8086,0.004011,74.125.24.0-255,1484,162532,35,235324
8087,0.004023,74.125.24.0-255,2902,165434,35,235324
8088,0.004026,172.31.33.0-255,66,165500,35,235324
8089,0.004051,74.125.24.0-255,5738,171238,35,235324
8090,0.004053,172.31.33.0-255,66,171304,35,235324
8091,0.004059,74.125.24.0-255,5738,177042,35,235324
8092,0.004061,172.31.33.0-255,66,177108,35,235324
8093,0.004085,74.125.24.0-255,7156,184264,35,235324
8094,0.004087,172.31.33.0-255,66,184330,35,235324
8095,0.004097,172.31.33.0-255,66,184396,35,235324
8096,0.004135,74.125.24.0-255,1484,185880,35,235324
8097,0.004147,74.125.24.0-255,4320,190200,35,235324
8098,0.004149,172.31.33.0-255,66,190266,35,235324
8099,0.004215,172.31.33.0-255,66,190332,35,235324
8100,0.004244,74.125.24.0-255,6438,196770,35,235324
8101,0.004247,172.31.33.0-255,66,196836,35,235324
8102,0.004267,172.31.33.0-255,66,196902,35,235324
8103,0.004282,172.31.33.0-255,66,196968,35,235324
8104,0.004288,74.125.24.0-255,7156,204124,35,235324
8105,0.004291,172.31.33.0-255,66,204190,35,235324
8106,0.004293,74.125.24.0-255,766,204956,35,235324
8107,0.004319,74.125.24.0-255,1484,206440,35,235324
8108,0.004321,172.31.33.0-255,66,206506,35,235324
8109,0.004327,74.125.24.0-255,4320,210826,35,235324
8110,0.004329,172.31.33.0-255,66,210892,35,235324
8111,0.004331,74.125.24.0-255,1484,212376,35,235324
8112,0.004355,74.125.24.0-255,2902,215278,35,235324
8113,0.004358,172.31.33.0-255,66,215344,35,235324
8114,0.004369,172.31.33.0-255,66,215410,35,235324
8115,0.004412,172.31.33.0-255,66,215476,35,235324
8116,0.004422,172.31.33.0-255,66,215542,35,235324
8117,0.00445,74.125.24.0-255,7156,222698,35,235324
8118,0.004453,172.31.33.0-255,66,222764,35,235324
8119,0.004468,172.31.33.0-255,66,222830,35,235324
8120,0.004487,74.125.24.0-255,1484,224314,35,235324
8121,0.00453,172.31.33.0-255,66,224380,35,235324
8122,0.004543,172.31.33.0-255,66,224446,35,235324
8123,0.004565,74.125.24.0-255,105,224551,35,235324
8124,0.007323,172.31.33.0-255,66,224617,35,235324
8125,0.007359,172.31.33.0-255,105,224722,35,235324
8126,0.009699,74.125.24.0-255,66,224788,35,235324
8127,0.031895,172.31.33.0-255,172,224960,35,235324
8128,0.031924,172.31.33.0-255,1108,226068,35,235324
8129,0.031998,172.31.33.0-255,1514,227582,35,235324
8130,0.03202,172.31.33.0-255,1514,229096,35,235324
8131,0.032021,172.31.33.0-255,1514,230610,35,235324
8132,0.032041,172.31.33.0-255,1514,232124,35,235324
8133,0.032042,172.31.33.0-255,1514,233638,35,235324
8134,0.032043,172.31.33.0-255,1182,234820,35,235324
8135,0.033424,104.244.42.0-255,66,234886,35,235324
8136,0.033468,104.244.42.0-255,66,234952,35,235324
8137,0.033566,104.244.42.0-255,66,235018,35,235324
8138,0.033614,104.244.42.0-255,66,235084,35,235324
8139,0.033618,104.244.42.0-255,66,235150,35,235324
8140,0.040459,172.31.33.0-255,108,235258,35,235324
8141,0.041972,104.244.42.0-255,66,235324,35,235324
8142,0.0,172.217.194.0-255,153,153,35,271663
8143,3.2e-05,172.31.33.0-255,66,219,35,271663
8144,4e-05,172.217.194.0-255,1484,1703,35,271663
8145,4.5e-05,172.31.33.0-255,66,1769,35,271663
8146,5e-05,172.217.194.0-255,2902,4671,35,271663
8147,5.2e-05,172.31.33.0-255,66,4737,35,271663
8148,5.5e-05,172.217.194.0-255,1484,6221,35,271663
8149,5.7e-05,172.31.33.0-255,66,6287,35,271663
8150,8.3e-05,172.217.194.0-255,2902,9189,35,271663
8151,8.5e-05,172.31.33.0-255,66,9255,35,271663
8152,0.000112,172.217.194.0-255,2902,12157,35,271663
8153,0.000114,172.31.33.0-255,66,12223,35,271663
8154,0.000129,172.217.194.0-255,3511,15734,35,271663
8155,0.000131,172.31.33.0-255,66,15800,35,271663
8156,0.00016,172.217.194.0-255,5738,21538,35,271663
8157,0.000163,172.31.33.0-255,66,21604,35,271663
8158,0.000181,172.217.194.0-255,1484,23088,35,271663
8159,0.000184,172.31.33.0-255,66,23154,35,271663
8160,0.000196,172.31.33.0-255,66,23220,35,271663
8161,0.000429,172.217.194.0-255,1484,24704,35,271663
8162,0.000433,172.31.33.0-255,66,24770,35,271663
8163,0.000439,172.217.194.0-255,2902,27672,35,271663
8164,0.000443,172.31.33.0-255,66,27738,35,271663
8165,0.000448,172.217.194.0-255,5738,33476,35,271663
8166,0.000451,172.31.33.0-255,66,33542,35,271663
8167,0.000455,172.217.194.0-255,2902,36444,35,271663
8168,0.000457,172.31.33.0-255,66,36510,35,271663
8169,0.000481,172.217.194.0-255,2902,39412,35,271663
8170,0.000483,172.31.33.0-255,66,39478,35,271663
8171,0.000507,172.217.194.0-255,7156,46634,35,271663
8172,0.00051,172.31.33.0-255,66,46700,35,271663
8173,0.000515,172.217.194.0-255,4320,51020,35,271663
8174,0.000517,172.31.33.0-255,66,51086,35,271663
8175,0.000532,172.217.194.0-255,6438,57524,35,271663
8176,0.000535,172.31.33.0-255,66,57590,35,271663
8177,0.000631,172.217.194.0-255,338,57928,35,271663
8178,0.000683,172.217.194.0-255,121,58049,35,271663
8179,0.000829,172.31.33.0-255,66,58115,35,271663
8180,0.000883,172.217.194.0-255,1484,59599,35,271663
8181,0.000894,172.217.194.0-255,1484,61083,35,271663
8182,0.000897,172.31.33.0-255,66,61149,35,271663
8183,0.000914,172.217.194.0-255,1484,62633,35,271663
8184,0.00092,172.217.194.0-255,4320,66953,35,271663
8185,0.000922,172.31.33.0-255,66,67019,35,271663
8186,0.000966,172.217.194.0-255,2902,69921,35,271663
8187,0.000969,172.31.33.0-255,66,69987,35,271663
8188,0.000988,172.217.194.0-255,4320,74307,35,271663
8189,0.00099,172.217.194.0-255,1484,75791,35,271663
8190,0.000993,172.31.33.0-255,66,75857,35,271663
8191,0.001014,172.217.194.0-255,7156,83013,35,271663
8192,0.001017,172.31.33.0-255,66,83079,35,271663
8193,0.001024,172.217.194.0-255,5738,88817,35,271663
8194,0.001026,172.31.33.0-255,66,88883,35,271663
8195,0.001043,172.217.194.0-255,3602,92485,35,271663
8196,0.001046,172.31.33.0-255,66,92551,35,271663
8197,0.00115,172.217.194.0-255,380,92931,35,271663
8198,0.001177,172.31.33.0-255,66,92997,35,271663
8199,0.001203,172.217.194.0-255,1484,94481,35,271663
8200,0.001208,172.217.194.0-255,2902,97383,35,271663
8201,0.00121,172.31.33.0-255,66,97449,35,271663
8202,0.001225,172.217.194.0-255,1484,98933,35,271663
8203,0.00123,172.217.194.0-255,4320,103253,35,271663
8204,0.001232,172.31.33.0-255,66,103319,35,271663
8205,0.001254,172.217.194.0-255,2902,106221,35,271663
8206,0.001257,172.31.33.0-255,66,106287,35,271663
8207,0.001293,172.31.33.0-255,66,106353,35,271663
8208,0.001329,172.217.194.0-255,2902,109255,35,271663
8209,0.001333,172.31.33.0-255,66,109321,35,271663
8210,0.001354,172.217.194.0-255,5020,114341,35,271663
8211,0.001357,172.31.33.0-255,66,114407,35,271663
8212,0.001403,172.217.194.0-255,1484,115891,35,271663
8213,0.001415,172.217.194.0-255,2902,118793,35,271663
8214,0.00142,172.31.33.0-255,66,118859,35,271663
8215,0.001431,172.217.194.0-255,2902,121761,35,271663
8216,0.001434,172.31.33.0-255,66,121827,35,271663
8217,0.001448,172.217.194.0-255,2902,124729,35,271663
8218,0.001451,172.31.33.0-255,66,124795,35,271663
8219,0.001456,172.217.194.0-255,4320,129115,35,271663
8220,0.001458,172.31.33.0-255,66,129181,35,271663
8221,0.001514,172.217.194.0-255,2902,132083,35,271663
8222,0.001518,172.31.33.0-255,66,132149,35,271663
8223,0.001545,172.31.33.0-255,66,132215,35,271663
8224,0.001555,172.217.194.0-255,5738,137953,35,271663
8225,0.001558,172.31.33.0-255,66,138019,35,271663
8226,0.001567,172.217.194.0-255,2184,140203,35,271663
8227,0.00157,172.31.33.0-255,66,140269,35,271663
8228,0.001679,172.217.194.0-255,1484,141753,35,271663
8229,0.001691,172.217.194.0-255,1484,143237,35,271663
8230,0.001695,172.31.33.0-255,66,143303,35,271663
8231,0.001716,172.217.194.0-255,1484,144787,35,271663
8232,0.001722,172.217.194.0-255,4320,149107,35,271663
8233,0.001724,172.31.33.0-255,66,149173,35,271663
8234,0.001728,172.217.194.0-255,1484,150657,35,271663
8235,0.001751,172.217.194.0-255,7156,157813,35,271663
8236,0.001754,172.31.33.0-255,66,157879,35,271663
8237,0.001802,172.217.194.0-255,5738,163617,35,271663
8238,0.001806,172.31.33.0-255,66,163683,35,271663
8239,0.001827,172.31.33.0-255,66,163749,35,271663
8240,0.001847,172.217.194.0-255,2184,165933,35,271663
8241,0.00185,172.31.33.0-255,66,165999,35,271663
8242,0.00221,172.217.194.0-255,1484,167483,35,271663
8243,0.002219,172.217.194.0-255,1484,168967,35,271663
8244,0.002223,172.31.33.0-255,66,169033,35,271663
8245,0.002246,172.217.194.0-255,1484,170517,35,271663
8246,0.002252,172.217.194.0-255,5738,176255,35,271663
8247,0.002255,172.31.33.0-255,66,176321,35,271663
8248,0.002263,172.217.194.0-255,7156,183477,35,271663
8249,0.002265,172.31.33.0-255,66,183543,35,271663
8250,0.002294,172.217.194.0-255,5738,189281,35,271663
8251,0.002297,172.31.33.0-255,66,189347,35,271663
8252,0.002303,172.217.194.0-255,4320,193667,35,271663
8253,0.002305,172.31.33.0-255,66,193733,35,271663
8254,0.002329,172.217.194.0-255,5738,199471,35,271663
8255,0.002331,172.31.33.0-255,66,199537,35,271663
8256,0.002334,172.217.194.0-255,766,200303,35,271663
8257,0.002423,172.217.194.0-255,1484,201787,35,271663
8258,0.002427,172.31.33.0-255,66,201853,35,271663
8259,0.002431,172.217.194.0-255,1484,203337,35,271663
8260,0.002459,172.217.194.0-255,1484,204821,35,271663
8261,0.002462,172.31.33.0-255,66,204887,35,271663
8262,0.002469,172.217.194.0-255,5738,210625,35,271663
8263,0.002471,172.31.33.0-255,66,210691,35,271663
8264,0.002482,172.217.194.0-255,4320,215011,35,271663
8265,0.002485,172.31.33.0-255,66,215077,35,271663
8266,0.002509,172.31.33.0-255,66,215143,35,271663
8267,0.002512,172.217.194.0-255,1484,216627,35,271663
8268,0.002529,172.217.194.0-255,2902,219529,35,271663
8269,0.002531,172.31.33.0-255,66,219595,35,271663
8270,0.002554,172.31.33.0-255,66,219661,35,271663
8271,0.002572,172.217.194.0-255,4320,223981,35,271663
8272,0.002576,172.31.33.0-255,66,224047,35,271663
8273,0.002603,172.217.194.0-255,7156,231203,35,271663
8274,0.002606,172.31.33.0-255,66,231269,35,271663
8275,0.002611,172.217.194.0-255,1484,232753,35,271663
8276,0.002642,172.31.33.0-255,66,232819,35,271663
8277,0.002684,172.217.194.0-255,4320,237139,35,271663
8278,0.002686,172.31.33.0-255,66,237205,35,271663
8279,0.002698,172.217.194.0-255,4320,241525,35,271663
8280,0.0027,172.31.33.0-255,66,241591,35,271663
8281,0.002716,172.217.194.0-255,6438,248029,35,271663
8282,0.002719,172.31.33.0-255,66,248095,35,271663
8283,0.002724,172.217.194.0-255,4320,252415,35,271663
8284,0.002726,172.31.33.0-255,66,252481,35,271663
8285,0.002765,172.31.33.0-255,66,252547,35,271663
8286,0.002798,172.217.194.0-255,3602,256149,35,271663
8287,0.0028,172.31.33.0-255,66,256215,35,271663
8288,0.002833,172.31.33.0-255,66,256281,35,271663
8289,0.002851,172.217.194.0-255,4320,260601,35,271663
8290,0.002853,172.31.33.0-255,66,260667,35,271663
8291,0.002888,172.217.194.0-255,1484,262151,35,271663
8292,0.002891,172.217.194.0-255,1484,263635,35,271663
8293,0.002893,172.31.33.0-255,66,263701,35,271663
8294,0.002926,172.31.33.0-255,66,263767,35,271663
8295,0.00297,172.217.194.0-255,4320,268087,35,271663
8296,0.002972,172.31.33.0-255,66,268153,35,271663
8297,0.003,172.31.33.0-255,66,268219,35,271663
8298,0.003047,172.217.194.0-255,1484,269703,35,271663
8299,0.003051,172.217.194.0-255,1552,271255,35,271663
8300,0.003053,172.31.33.0-255,66,271321,35,271663
8301,0.003056,172.217.194.0-255,105,271426,35,271663
8302,0.013553,172.31.33.0-255,66,271492,35,271663
8303,0.013584,172.31.33.0-255,105,271597,35,271663
8304,0.015576,172.217.194.0-255,66,271663,35,271663
8305,0.0,172.31.33.0-255,105,105,35,459
8306,0.000198,172.31.33.0-255,90,195,35,459
8307,0.000208,172.31.33.0-255,66,261,35,459
8308,0.002393,172.217.194.0-255,66,327,35,459
8309,0.002407,172.217.194.0-255,66,393,35,459
8310,0.002419,172.31.33.0-255,66,459,35,459
8311,0.0,172.31.33.0-255,105,105,35,276
8312,0.001816,157.240.7.0-255,105,210,35,276
8313,0.001829,172.31.33.0-255,66,276,35,276
8314,0.0,172.217.194.0-255,297,297,35,189723
8315,2e-05,172.31.33.0-255,66,363,35,189723
8316,2.7e-05,172.217.194.0-255,1484,1847,35,189723
8317,3.1e-05,172.31.33.0-255,66,1913,35,189723
8318,3.8e-05,172.217.194.0-255,4320,6233,35,189723
8319,4.8e-05,172.31.33.0-255,66,6299,35,189723
8320,5.7e-05,172.217.194.0-255,7156,13455,35,189723
8321,6e-05,172.31.33.0-255,66,13521,35,189723
8322,8.1e-05,172.217.194.0-255,2902,16423,35,189723
8323,8.4e-05,172.31.33.0-255,66,16489,35,189723
8324,0.000122,172.31.33.0-255,66,16555,35,189723
8325,0.000139,172.31.33.0-255,66,16621,35,189723
8326,0.000144,172.217.194.0-255,3602,20223,35,189723
8327,0.000147,172.31.33.0-255,66,20289,35,189723
8328,0.001056,172.217.194.0-255,1484,21773,35,189723
8329,0.001063,172.31.33.0-255,66,21839,35,189723
8330,0.001072,172.217.194.0-255,2902,24741,35,189723
8331,0.001074,172.31.33.0-255,66,24807,35,189723
8332,0.001086,172.217.194.0-255,5738,30545,35,189723
8333,0.001088,172.31.33.0-255,66,30611,35,189723
8334,0.00112,172.217.194.0-255,6797,37408,35,189723
8335,0.001122,172.31.33.0-255,66,37474,35,189723
8336,0.002147,172.217.194.0-255,646,38120,35,189723
8337,0.002154,172.31.33.0-255,66,38186,35,189723
8338,0.002179,172.217.194.0-255,1484,39670,35,189723
8339,0.002181,172.31.33.0-255,66,39736,35,189723
8340,0.002186,172.217.194.0-255,2902,42638,35,189723
8341,0.002188,172.31.33.0-255,66,42704,35,189723
8342,0.002193,172.217.194.0-255,2902,45606,35,189723
8343,0.002195,172.31.33.0-255,66,45672,35,189723
8344,0.002221,172.217.194.0-255,2902,48574,35,189723
8345,0.002259,172.217.194.0-255,5738,54312,35,189723
8346,0.002275,172.217.194.0-255,5020,59332,35,189723
8347,0.006675,172.31.33.0-255,66,59398,35,189723
8348,0.008929,172.217.194.0-255,5738,65136,35,189723
8349,0.008936,172.31.33.0-255,66,65202,35,189723
8350,0.011183,172.217.194.0-255,5738,70940,35,189723
8351,0.0132,172.31.33.0-255,66,71006,35,189723
8352,0.015484,172.217.194.0-255,5738,76744,35,189723
8353,0.015497,172.31.33.0-255,66,76810,35,189723
8354,0.017753,172.217.194.0-255,5738,82548,35,189723
8355,0.01776,172.31.33.0-255,66,82614,35,189723
8356,0.020028,172.217.194.0-255,5738,88352,35,189723
8357,0.020035,172.31.33.0-255,66,88418,35,189723
8358,0.021121,172.31.33.0-255,172,88590,35,189723
8359,0.021151,172.31.33.0-255,1109,89699,35,189723
8360,0.02121,172.31.33.0-255,1514,91213,35,189723
8361,0.021212,172.31.33.0-255,336,91549,35,189723
8362,0.022278,172.217.194.0-255,5738,97287,35,189723
8363,0.022285,172.31.33.0-255,66,97353,35,189723
8364,0.022774,104.244.42.0-255,66,97419,35,189723
8365,0.024533,172.217.194.0-255,5738,103157,35,189723
8366,0.024538,172.31.33.0-255,66,103223,35,189723
8367,0.026818,172.217.194.0-255,5738,108961,35,189723
8368,0.026824,172.31.33.0-255,66,109027,35,189723
8369,0.029097,172.217.194.0-255,5738,114765,35,189723
8370,0.029103,172.31.33.0-255,66,114831,35,189723
8371,0.031363,172.217.194.0-255,2902,117733,35,189723
8372,0.031369,172.31.33.0-255,66,117799,35,189723
8373,0.0314,172.217.194.0-255,2902,120701,35,189723
8374,0.031419,172.31.33.0-255,66,120767,35,189723
8375,0.033622,172.217.194.0-255,2902,123669,35,189723
8376,0.033631,172.31.33.0-255,66,123735,35,189723
8377,0.033692,172.217.194.0-255,2902,126637,35,189723
8378,0.033698,172.31.33.0-255,66,126703,35,189723
8379,0.03587,172.217.194.0-255,2902,129605,35,189723
8380,0.035875,172.31.33.0-255,66,129671,35,189723
8381,0.035937,172.217.194.0-255,2902,132573,35,189723
8382,0.035945,172.31.33.0-255,66,132639,35,189723
8383,0.038157,172.217.194.0-255,2902,135541,35,189723
8384,0.038163,172.31.33.0-255,66,135607,35,189723
8385,0.038205,172.217.194.0-255,2902,138509,35,189723
8386,0.038233,172.31.33.0-255,66,138575,35,189723
8387,0.040415,172.217.194.0-255,2902,141477,35,189723
8388,0.04042,172.31.33.0-255,66,141543,35,189723
8389,0.040476,172.217.194.0-255,2902,144445,35,189723
8390,0.040498,172.31.33.0-255,66,144511,35,189723
8391,0.042675,172.217.194.0-255,2902,147413,35,189723
8392,0.042682,172.31.33.0-255,66,147479,35,189723
8393,0.04273,172.217.194.0-255,2902,150381,35,189723
8394,0.042739,172.31.33.0-255,66,150447,35,189723
8395,0.045006,172.217.194.0-255,5738,156185,35,189723
8396,0.045043,172.31.33.0-255,66,156251,35,189723
8397,0.047322,172.217.194.0-255,5738,161989,35,189723
8398,0.047327,172.31.33.0-255,66,162055,35,189723
8399,0.04961,172.217.194.0-255,5738,167793,35,189723
8400,0.049618,172.31.33.0-255,66,167859,35,189723
8401,0.051885,172.217.194.0-255,4320,172179,35,189723
8402,0.051891,172.31.33.0-255,66,172245,35,189723
8403,0.051915,172.217.194.0-255,1484,173729,35,189723
8404,0.054189,172.217.194.0-255,4320,178049,35,189723
8405,0.054196,172.31.33.0-255,66,178115,35,189723
8406,0.056462,172.217.194.0-255,5738,183853,35,189723
8407,0.056516,172.31.33.0-255,66,183919,35,189723
8408,0.058785,172.217.194.0-255,5738,189657,35,189723
8409,0.058791,172.31.33.0-255,66,189723,35,189723
8410,0.0,172.31.33.0-255,105,105,35,276
8411,0.001776,157.240.7.0-255,105,210,35,276
8412,0.001791,172.31.33.0-255,66,276,35,276
8413,0.0,172.217.194.0-255,153,153,35,197760
8414,1.6e-05,172.31.33.0-255,66,219,35,197760
8415,2.3e-05,172.217.194.0-255,1484,1703,35,197760
8416,2.7e-05,172.31.33.0-255,66,1769,35,197760
8417,3.2e-05,172.217.194.0-255,2902,4671,35,197760
8418,3.6e-05,172.31.33.0-255,66,4737,35,197760
8419,4.1e-05,172.217.194.0-255,2902,7639,35,197760
8420,4.3e-05,172.31.33.0-255,66,7705,35,197760
8421,7.8e-05,172.217.194.0-255,2902,10607,35,197760
8422,8.2e-05,172.31.33.0-255,66,10673,35,197760
8423,9.5e-05,172.217.194.0-255,3521,14194,35,197760
8424,9.8e-05,172.31.33.0-255,66,14260,35,197760
8425,0.000202,172.217.194.0-255,1484,15744,35,197760
8426,0.000206,172.31.33.0-255,66,15810,35,197760
8427,0.000212,172.217.194.0-255,2902,18712,35,197760
8428,0.000215,172.31.33.0-255,66,18778,35,197760
8429,0.000219,172.217.194.0-255,2902,21680,35,197760
8430,0.000221,172.31.33.0-255,66,21746,35,197760
8431,0.000238,172.217.194.0-255,2902,24648,35,197760
8432,0.000241,172.31.33.0-255,66,24714,35,197760
8433,0.000248,172.217.194.0-255,6797,31511,35,197760
8434,0.00025,172.31.33.0-255,66,31577,35,197760
8435,0.000331,172.217.194.0-255,1484,33061,35,197760
8436,0.000335,172.31.33.0-255,66,33127,35,197760
8437,0.00034,172.217.194.0-255,2902,36029,35,197760
8438,0.000343,172.31.33.0-255,66,36095,35,197760
8439,0.000368,172.217.194.0-255,5738,41833,35,197760
8440,0.000371,172.31.33.0-255,66,41899,35,197760
8441,0.00039,172.217.194.0-255,5738,47637,35,197760
8442,0.000393,172.31.33.0-255,66,47703,35,197760
8443,0.000405,172.217.194.0-255,1125,48828,35,197760
8444,0.000408,172.31.33.0-255,66,48894,35,197760
8445,0.000439,172.217.194.0-255,2902,51796,35,197760
8446,0.000442,172.31.33.0-255,66,51862,35,197760
8447,0.000465,172.217.194.0-255,4320,56182,35,197760
8448,0.000467,172.31.33.0-255,66,56248,35,197760
8449,0.000481,172.217.194.0-255,4320,60568,35,197760
8450,0.000484,172.31.33.0-255,66,60634,35,197760
8451,0.000503,172.217.194.0-255,4320,64954,35,197760
8452,0.000505,172.31.33.0-255,66,65020,35,197760
8453,0.000508,172.217.194.0-255,1422,66442,35,197760
8454,0.000523,172.217.194.0-255,381,66823,35,197760
8455,0.000525,172.31.33.0-255,66,66889,35,197760
8456,0.000728,172.217.194.0-255,1484,68373,35,197760
8457,0.000734,172.217.194.0-255,2902,71275,35,197760
8458,0.000738,172.31.33.0-255,66,71341,35,197760
8459,0.000755,172.217.194.0-255,5738,77079,35,197760
8460,0.000758,172.31.33.0-255,66,77145,35,197760
8461,0.000779,172.217.194.0-255,2902,80047,35,197760
8462,0.000781,172.31.33.0-255,66,80113,35,197760
8463,0.000808,172.31.33.0-255,66,80179,35,197760
8464,0.00082,172.31.33.0-255,66,80245,35,197760
8465,0.00109,172.217.194.0-255,1484,81729,35,197760
8466,0.00111,172.217.194.0-255,2902,84631,35,197760
8467,0.001114,172.31.33.0-255,66,84697,35,197760
8468,0.00112,172.217.194.0-255,5738,90435,35,197760
8469,0.001122,172.31.33.0-255,66,90501,35,197760
8470,0.001159,172.31.33.0-255,66,90567,35,197760
8471,0.001165,172.217.194.0-255,4320,94887,35,197760
8472,0.001167,172.31.33.0-255,66,94953,35,197760
8473,0.001218,172.217.194.0-255,6438,101391,35,197760
8474,0.001223,172.31.33.0-255,66,101457,35,197760
8475,0.001268,172.217.194.0-255,1484,102941,35,197760
8476,0.001272,172.217.194.0-255,2902,105843,35,197760
8477,0.001275,172.31.33.0-255,66,105909,35,197760
8478,0.001299,172.217.194.0-255,5738,111647,35,197760
8479,0.001302,172.31.33.0-255,66,111713,35,197760
8480,0.001307,172.217.194.0-255,4320,116033,35,197760
8481,0.00131,172.31.33.0-255,66,116099,35,197760
8482,0.001335,172.217.194.0-255,2902,119001,35,197760
8483,0.001338,172.31.33.0-255,66,119067,35,197760
8484,0.001352,172.31.33.0-255,66,119133,35,197760
8485,0.001356,172.217.194.0-255,2184,121317,35,197760
8486,0.001358,172.31.33.0-255,66,121383,35,197760
8487,0.001378,172.217.194.0-255,2902,124285,35,197760
8488,0.001381,172.31.33.0-255,66,124351,35,197760
8489,0.001387,172.217.194.0-255,5738,130089,35,197760
8490,0.001389,172.31.33.0-255,66,130155,35,197760
8491,0.001408,172.217.194.0-255,1484,131639,35,197760
8492,0.001414,172.217.194.0-255,4320,135959,35,197760
8493,0.001417,172.31.33.0-255,66,136025,35,197760
8494,0.001435,172.217.194.0-255,5738,141763,35,197760
8495,0.001437,172.31.33.0-255,66,141829,35,197760
8496,0.001476,172.31.33.0-255,66,141895,35,197760
8497,0.001492,172.217.194.0-255,2184,144079,35,197760
8498,0.001494,172.31.33.0-255,66,144145,35,197760
8499,0.001532,172.217.194.0-255,1484,145629,35,197760
8500,0.001552,172.217.194.0-255,2902,148531,35,197760
8501,0.001556,172.31.33.0-255,66,148597,35,197760
8502,0.001561,172.217.194.0-255,5738,154335,35,197760
8503,0.00158,172.31.33.0-255,66,154401,35,197760
8504,0.001586,172.217.194.0-255,5738,160139,35,197760
8505,0.001589,172.31.33.0-255,66,160205,35,197760
8506,0.00161,172.217.194.0-255,7156,167361,35,197760
8507,0.001613,172.31.33.0-255,66,167427,35,197760
8508,0.001624,172.31.33.0-255,66,167493,35,197760
8509,0.001643,172.217.194.0-255,766,168259,35,197760
8510,0.001702,172.217.194.0-255,1484,169743,35,197760
8511,0.001705,172.31.33.0-255,66,169809,35,197760
8512,0.00171,172.217.194.0-255,2902,172711,35,197760
8513,0.001712,172.31.33.0-255,66,172777,35,197760
8514,0.001715,172.217.194.0-255,1484,174261,35,197760
8515,0.00174,172.217.194.0-255,4320,178581,35,197760
8516,0.001743,172.31.33.0-255,66,178647,35,197760
8517,0.001761,172.31.33.0-255,66,178713,35,197760
8518,0.001772,172.31.33.0-255,66,178779,35,197760
8519,0.001825,172.31.33.0-255,66,178845,35,197760
8520,0.001853,172.31.33.0-255,66,178911,35,197760
8521,0.001856,172.217.194.0-255,1484,180395,35,197760
8522,0.0019,172.31.33.0-255,66,180461,35,197760
8523,0.001968,172.31.33.0-255,66,180527,35,197760
8524,0.001989,172.217.194.0-255,6438,186965,35,197760
8525,0.001992,172.31.33.0-255,66,187031,35,197760
8526,0.001997,172.217.194.0-255,4320,191351,35,197760
8527,0.002,172.31.33.0-255,66,191417,35,197760
8528,0.002044,172.31.33.0-255,66,191483,35,197760
8529,0.002068,172.217.194.0-255,2902,194385,35,197760
8530,0.002071,172.31.33.0-255,66,194451,35,197760
8531,0.002112,172.31.33.0-255,66,194517,35,197760
8532,0.002134,172.217.194.0-255,105,194622,35,197760
8533,0.013767,172.31.33.0-255,66,194688,35,197760
8534,0.013824,172.31.33.0-255,105,194793,35,197760
8535,0.016163,172.217.194.0-255,66,194859,35,197760
8536,0.039724,172.31.33.0-255,172,195031,35,197760
8537,0.039756,172.31.33.0-255,1107,196138,35,197760
8538,0.039818,172.31.33.0-255,1424,197562,35,197760
8539,0.041252,104.244.42.0-255,66,197628,35,197760
8540,0.041274,104.244.42.0-255,66,197694,35,197760
8541,0.041352,104.244.42.0-255,66,197760,35,197760
8542,0.0,172.31.33.0-255,105,105,35,276
8543,0.002132,157.240.7.0-255,105,210,35,276
8544,0.002144,172.31.33.0-255,66,276,35,276
8545,0.0,172.217.194.0-255,153,153,35,254366
8546,2.2e-05,172.31.33.0-255,66,219,35,254366
8547,3e-05,172.217.194.0-255,1484,1703,35,254366
8548,3.5e-05,172.31.33.0-255,66,1769,35,254366
8549,4.1e-05,172.217.194.0-255,2902,4671,35,254366
8550,4.4e-05,172.31.33.0-255,66,4737,35,254366
8551,5.1e-05,172.217.194.0-255,4320,9057,35,254366
8552,5.5e-05,172.31.33.0-255,66,9123,35,254366
8553,7.4e-05,172.217.194.0-255,2902,12025,35,254366
8554,7.6e-05,172.31.33.0-255,66,12091,35,254366
8555,0.000126,172.31.33.0-255,66,12157,35,254366
8556,0.000145,172.217.194.0-255,2543,14700,35,254366
8557,0.000147,172.31.33.0-255,66,14766,35,254366
8558,0.000474,172.217.194.0-255,1484,16250,35,254366
8559,0.000479,172.31.33.0-255,66,16316,35,254366
8560,0.000484,172.217.194.0-255,2902,19218,35,254366
8561,0.000486,172.31.33.0-255,66,19284,35,254366
8562,0.000492,172.217.194.0-255,5738,25022,35,254366
8563,0.000494,172.31.33.0-255,66,25088,35,254366
8564,0.000519,172.217.194.0-255,6797,31885,35,254366
8565,0.000523,172.31.33.0-255,66,31951,35,254366
8566,0.000718,172.217.194.0-255,1484,33435,35,254366
8567,0.000722,172.31.33.0-255,66,33501,35,254366
8568,0.000728,172.217.194.0-255,2902,36403,35,254366
8569,0.000729,172.31.33.0-255,66,36469,35,254366
8570,0.000744,172.217.194.0-255,4320,40789,35,254366
8571,0.000746,172.31.33.0-255,66,40855,35,254366
8572,0.000757,172.217.194.0-255,1484,42339,35,254366
8573,0.00076,172.31.33.0-255,66,42405,35,254366
8574,0.000785,172.217.194.0-255,6797,49202,35,254366
8575,0.000788,172.31.33.0-255,66,49268,35,254366
8576,0.00088,172.217.194.0-255,646,49914,35,254366
8577,0.000951,172.31.33.0-255,66,49980,35,254366
8578,0.001086,172.217.194.0-255,1484,51464,35,254366
8579,0.001104,172.217.194.0-255,2902,54366,35,254366
8580,0.001108,172.31.33.0-255,66,54432,35,254366
8581,0.001113,172.217.194.0-255,2902,57334,35,254366
8582,0.001115,172.31.33.0-255,66,57400,35,254366
8583,0.001127,172.217.194.0-255,2902,60302,35,254366
8584,0.001129,172.31.33.0-255,66,60368,35,254366
8585,0.001135,172.217.194.0-255,4320,64688,35,254366
8586,0.001136,172.31.33.0-255,66,64754,35,254366
8587,0.00116,172.217.194.0-255,4320,69074,35,254366
8588,0.001162,172.31.33.0-255,66,69140,35,254366
8589,0.001185,172.217.194.0-255,7156,76296,35,254366
8590,0.001187,172.31.33.0-255,66,76362,35,254366
8591,0.001191,172.217.194.0-255,2902,79264,35,254366
8592,0.001193,172.31.33.0-255,66,79330,35,254366
8593,0.001209,172.217.194.0-255,5020,84350,35,254366
8594,0.001211,172.31.33.0-255,66,84416,35,254366
8595,0.002245,172.217.194.0-255,1484,85900,35,254366
8596,0.002251,172.217.194.0-255,1484,87384,35,254366
8597,0.002255,172.31.33.0-255,66,87450,35,254366
8598,0.002269,172.217.194.0-255,1484,88934,35,254366
8599,0.002272,172.217.194.0-255,1484,90418,35,254366
8600,0.002274,172.31.33.0-255,66,90484,35,254366
8601,0.002298,172.217.194.0-255,4320,94804,35,254366
8602,0.0023,172.31.33.0-255,66,94870,35,254366
8603,0.002306,172.217.194.0-255,7156,102026,35,254366
8604,0.002309,172.31.33.0-255,66,102092,35,254366
8605,0.002322,172.217.194.0-255,2902,104994,35,254366
8606,0.002325,172.31.33.0-255,66,105060,35,254366
8607,0.00235,172.31.33.0-255,66,105126,35,254366
8608,0.002353,172.217.194.0-255,2184,107310,35,254366
8609,0.002355,172.31.33.0-255,66,107376,35,254366
8610,0.004723,172.217.194.0-255,2902,110278,35,254366
8611,0.004727,172.31.33.0-255,66,110344,35,254366
8612,0.004744,172.217.194.0-255,2902,113246,35,254366
8613,0.004746,172.31.33.0-255,66,113312,35,254366
8614,0.007077,172.217.194.0-255,5738,119050,35,254366
8615,0.007083,172.31.33.0-255,66,119116,35,254366
8616,0.009415,172.217.194.0-255,5738,124854,35,254366
8617,0.009423,172.31.33.0-255,66,124920,35,254366
8618,0.01179,172.217.194.0-255,5738,130658,35,254366
8619,0.011798,172.31.33.0-255,66,130724,35,254366
8620,0.014158,172.217.194.0-255,5738,136462,35,254366
8621,0.014167,172.31.33.0-255,66,136528,35,254366
8622,0.016511,172.217.194.0-255,5738,142266,35,254366
8623,0.016519,172.31.33.0-255,66,142332,35,254366
8624,0.018854,172.217.194.0-255,5738,148070,35,254366
8625,0.01886,172.31.33.0-255,66,148136,35,254366
8626,0.021197,172.217.194.0-255,5738,153874,35,254366
8627,0.021204,172.31.33.0-255,66,153940,35,254366
8628,0.023528,172.217.194.0-255,5738,159678,35,254366
8629,0.023535,172.31.33.0-255,66,159744,35,254366
8630,0.025862,172.217.194.0-255,5738,165482,35,254366
8631,0.02587,172.31.33.0-255,66,165548,35,254366
8632,0.028195,172.217.194.0-255,5738,171286,35,254366
8633,0.028202,172.31.33.0-255,66,171352,35,254366
8634,0.030551,172.217.194.0-255,5738,177090,35,254366
8635,0.030557,172.31.33.0-255,66,177156,35,254366
8636,0.030732,172.31.33.0-255,187,177343,35,254366
8637,0.030756,172.31.33.0-255,976,178319,35,254366
8638,0.030819,172.31.33.0-255,1514,179833,35,254366
8639,0.030821,172.31.33.0-255,1514,181347,35,254366
8640,0.030826,172.31.33.0-255,1514,182861,35,254366
8641,0.030827,172.31.33.0-255,1514,184375,35,254366
8642,0.030843,172.31.33.0-255,1431,185806,35,254366
8643,0.032281,104.244.42.0-255,66,185872,35,254366
8644,0.032338,104.244.42.0-255,66,185938,35,254366
8645,0.032384,104.244.42.0-255,66,186004,35,254366
8646,0.032424,104.244.42.0-255,66,186070,35,254366
8647,0.032929,172.217.194.0-255,5738,191808,35,254366
8648,0.032933,172.31.33.0-255,66,191874,35,254366
8649,0.035258,172.217.194.0-255,4320,196194,35,254366
8650,0.035262,172.31.33.0-255,66,196260,35,254366
8651,0.03528,172.217.194.0-255,1484,197744,35,254366
8652,0.03762,172.217.194.0-255,4320,202064,35,254366
8653,0.037626,172.31.33.0-255,66,202130,35,254366
8654,0.039992,172.217.194.0-255,5738,207868,35,254366
8655,0.040002,172.31.33.0-255,66,207934,35,254366
8656,0.042372,172.217.194.0-255,5738,213672,35,254366
8657,0.042378,172.31.33.0-255,66,213738,35,254366
8658,0.044729,172.217.194.0-255,5738,219476,35,254366
8659,0.044737,172.31.33.0-255,66,219542,35,254366
8660,0.047078,172.217.194.0-255,5738,225280,35,254366
8661,0.047084,172.31.33.0-255,66,225346,35,254366
8662,0.04946,172.217.194.0-255,5738,231084,35,254366
8663,0.049478,172.31.33.0-255,66,231150,35,254366
8664,0.051824,172.217.194.0-255,5738,236888,35,254366
8665,0.051834,172.31.33.0-255,66,236954,35,254366
8666,0.054149,172.217.194.0-255,5738,242692,35,254366
8667,0.054156,172.31.33.0-255,66,242758,35,254366
8668,0.056493,172.217.194.0-255,5738,248496,35,254366
8669,0.056511,172.31.33.0-255,66,248562,35,254366
8670,0.058887,172.217.194.0-255,5738,254300,35,254366
8671,0.058901,172.31.33.0-255,66,254366,35,254366
8672,0.0,172.217.194.0-255,153,153,35,268621
8673,3e-05,172.31.33.0-255,66,219,35,268621
8674,3.7e-05,172.217.194.0-255,1484,1703,35,268621
8675,4.1e-05,172.31.33.0-255,66,1769,35,268621
8676,4.6e-05,172.217.194.0-255,2902,4671,35,268621
8677,4.7e-05,172.31.33.0-255,66,4737,35,268621
8678,4.9e-05,172.217.194.0-255,1484,6221,35,268621
8679,5.1e-05,172.31.33.0-255,66,6287,35,268621
8680,9.7e-05,172.217.194.0-255,2902,9189,35,268621
8681,9.9e-05,172.31.33.0-255,66,9255,35,268621
8682,0.000122,172.217.194.0-255,4984,14239,35,268621
8683,0.000124,172.31.33.0-255,66,14305,35,268621
8684,0.000139,172.217.194.0-255,4320,18625,35,268621
8685,0.000141,172.31.33.0-255,66,18691,35,268621
8686,0.000157,172.217.194.0-255,4320,23011,35,268621
8687,0.000159,172.31.33.0-255,66,23077,35,268621
8688,0.000163,172.217.194.0-255,2902,25979,35,268621
8689,0.000164,172.31.33.0-255,66,26045,35,268621
8690,0.000187,172.217.194.0-255,4320,30365,35,268621
8691,0.000189,172.31.33.0-255,66,30431,35,268621
8692,0.000211,172.217.194.0-255,1125,31556,35,268621
8693,0.000213,172.31.33.0-255,66,31622,35,268621
8694,0.00044,172.217.194.0-255,1484,33106,35,268621
8695,0.000445,172.31.33.0-255,66,33172,35,268621
8696,0.00046,172.217.194.0-255,2902,36074,35,268621
8697,0.000462,172.31.33.0-255,66,36140,35,268621
8698,0.000468,172.217.194.0-255,4320,40460,35,268621
8699,0.000469,172.31.33.0-255,66,40526,35,268621
8700,0.00049,172.217.194.0-255,1484,42010,35,268621
8701,0.000492,172.31.33.0-255,66,42076,35,268621
8702,0.000505,172.31.33.0-255,66,42142,35,268621
8703,0.00053,172.217.194.0-255,2543,44685,35,268621
8704,0.000534,172.31.33.0-255,66,44751,35,268621
8705,0.000541,172.31.33.0-255,66,44817,35,268621
8706,0.000657,172.217.194.0-255,362,45179,35,268621
8707,0.000729,172.31.33.0-255,66,45245,35,268621
8708,0.000826,172.217.194.0-255,382,45627,35,268621
8709,0.001216,172.217.194.0-255,1484,47111,35,268621
8710,0.001223,172.31.33.0-255,66,47177,35,268621
8711,0.001229,172.217.194.0-255,2902,50079,35,268621
8712,0.001232,172.31.33.0-255,66,50145,35,268621
8713,0.001235,172.217.194.0-255,1484,51629,35,268621
8714,0.001256,172.217.194.0-255,4320,55949,35,268621
8715,0.001259,172.31.33.0-255,66,56015,35,268621
8716,0.001278,172.217.194.0-255,2902,58917,35,268621
8717,0.001281,172.31.33.0-255,66,58983,35,268621
8718,0.001301,172.31.33.0-255,66,59049,35,268621
8719,0.001308,172.217.194.0-255,7156,66205,35,268621
8720,0.00131,172.31.33.0-255,66,66271,35,268621
8721,0.001331,172.217.194.0-255,3602,69873,35,268621
8722,0.001333,172.31.33.0-255,66,69939,35,268621
8723,0.001744,172.217.194.0-255,1484,71423,35,268621
8724,0.001765,172.217.194.0-255,2902,74325,35,268621
8725,0.001767,172.31.33.0-255,66,74391,35,268621
8726,0.001785,172.217.194.0-255,2902,77293,35,268621
8727,0.001787,172.31.33.0-255,66,77359,35,268621
8728,0.001802,172.217.194.0-255,2902,80261,35,268621
8729,0.001804,172.31.33.0-255,66,80327,35,268621
8730,0.001807,172.217.194.0-255,1484,81811,35,268621
8731,0.001832,172.31.33.0-255,66,81877,35,268621
8732,0.001852,172.217.194.0-255,2902,84779,35,268621
8733,0.001854,172.31.33.0-255,66,84845,35,268621
8734,0.001861,172.217.194.0-255,7156,92001,35,268621
8735,0.001863,172.31.33.0-255,66,92067,35,268621
8736,0.00194,172.217.194.0-255,2902,94969,35,268621
8737,0.001943,172.31.33.0-255,66,95035,35,268621
8738,0.001963,172.31.33.0-255,66,95101,35,268621
8739,0.001986,172.217.194.0-255,6438,101539,35,268621
8740,0.001989,172.31.33.0-255,66,101605,35,268621
8741,0.002005,172.217.194.0-255,2902,104507,35,268621
8742,0.002007,172.31.33.0-255,66,104573,35,268621
8743,0.002023,172.217.194.0-255,7156,111729,35,268621
8744,0.002025,172.31.33.0-255,66,111795,35,268621
8745,0.002043,172.31.33.0-255,66,111861,35,268621
8746,0.002045,172.217.194.0-255,766,112627,35,268621
8747,0.004123,172.217.194.0-255,4320,116947,35,268621
8748,0.004127,172.31.33.0-255,66,117013,35,268621
8749,0.006206,172.217.194.0-255,5738,122751,35,268621
8750,0.006212,172.31.33.0-255,66,122817,35,268621
8751,0.008292,172.217.194.0-255,5738,128555,35,268621
8752,0.0083,172.31.33.0-255,66,128621,35,268621
8753,0.010371,172.217.194.0-255,5738,134359,35,268621
8754,0.010384,172.31.33.0-255,66,134425,35,268621
8755,0.012491,172.217.194.0-255,5738,140163,35,268621
8756,0.012497,172.31.33.0-255,66,140229,35,268621
8757,0.014559,172.217.194.0-255,5738,145967,35,268621
8758,0.014568,172.31.33.0-255,66,146033,35,268621
8759,0.016655,172.217.194.0-255,5738,151771,35,268621
8760,0.016663,172.31.33.0-255,66,151837,35,268621
8761,0.018741,172.217.194.0-255,5738,157575,35,268621
8762,0.018747,172.31.33.0-255,66,157641,35,268621
8763,0.020846,172.217.194.0-255,5738,163379,35,268621
8764,0.020852,172.31.33.0-255,66,163445,35,268621
8765,0.022946,172.217.194.0-255,5738,169183,35,268621
8766,0.022952,172.31.33.0-255,66,169249,35,268621
8767,0.025049,172.217.194.0-255,4320,173569,35,268621
8768,0.025055,172.31.33.0-255,66,173635,35,268621
8769,0.025076,172.217.194.0-255,1484,175119,35,268621
8770,0.027133,172.217.194.0-255,4320,179439,35,268621
8771,0.02714,172.31.33.0-255,66,179505,35,268621
8772,0.028185,172.31.33.0-255,172,179677,35,268621
8773,0.028226,172.31.33.0-255,1109,180786,35,268621
8774,0.028299,172.31.33.0-255,577,181363,35,268621
8775,0.029209,172.217.194.0-255,5738,187101,35,268621
8776,0.029215,172.31.33.0-255,66,187167,35,268621
8777,0.029732,104.244.42.0-255,66,187233,35,268621
8778,0.029772,104.244.42.0-255,66,187299,35,268621
8779,0.02982,104.244.42.0-255,66,187365,35,268621
8780,0.031343,172.217.194.0-255,5738,193103,35,268621
8781,0.031347,172.31.33.0-255,66,193169,35,268621
8782,0.033412,172.217.194.0-255,5738,198907,35,268621
8783,0.03342,172.31.33.0-255,66,198973,35,268621
8784,0.03554,172.217.194.0-255,5738,204711,35,268621
8785,0.035558,172.31.33.0-255,66,204777,35,268621
8786,0.037643,172.217.194.0-255,5738,210515,35,268621
8787,0.037661,172.31.33.0-255,66,210581,35,268621
8788,0.039772,172.217.194.0-255,5738,216319,35,268621
8789,0.039789,172.31.33.0-255,66,216385,35,268621
8790,0.041887,172.217.194.0-255,5738,222123,35,268621
8791,0.041907,172.31.33.0-255,66,222189,35,268621
8792,0.043973,172.217.194.0-255,5738,227927,35,268621
8793,0.043984,172.31.33.0-255,66,227993,35,268621
8794,0.046102,172.217.194.0-255,5738,233731,35,268621
8795,0.046121,172.31.33.0-255,66,233797,35,268621
8796,0.048221,172.217.194.0-255,5738,239535,35,268621
8797,0.048241,172.31.33.0-255,66,239601,35,268621
8798,0.050367,172.217.194.0-255,5738,245339,35,268621
8799,0.050387,172.31.33.0-255,66,245405,35,268621
8800,0.052505,172.217.194.0-255,5738,251143,35,268621
8801,0.052523,172.31.33.0-255,66,251209,35,268621
8802,0.054605,172.217.194.0-255,5738,256947,35,268621
8803,0.054609,172.31.33.0-255,66,257013,35,268621
8804,0.056692,172.217.194.0-255,5738,262751,35,268621
8805,0.056728,172.31.33.0-255,66,262817,35,268621
8806,0.058836,172.217.194.0-255,5738,268555,35,268621
8807,0.058855,172.31.33.0-255,66,268621,35,268621
8808,0.0,172.31.33.0-255,105,105,35,276
8809,0.002043,157.240.7.0-255,105,210,35,276
8810,0.002053,172.31.33.0-255,66,276,35,276
8811,0.0,172.217.194.0-255,150,150,35,176729
8812,1.7e-05,172.31.33.0-255,66,216,35,176729
8813,2.4e-05,172.217.194.0-255,1484,1700,35,176729
8814,2.8e-05,172.31.33.0-255,66,1766,35,176729
8815,3.5e-05,172.217.194.0-255,2902,4668,35,176729
8816,3.8e-05,172.31.33.0-255,66,4734,35,176729
8817,4.5e-05,172.217.194.0-255,7156,11890,35,176729
8818,4.8e-05,172.31.33.0-255,66,11956,35,176729
8819,8.9e-05,172.217.194.0-255,7156,19112,35,176729
8820,9.2e-05,172.31.33.0-255,66,19178,35,176729
8821,0.00011,172.217.194.0-255,2022,21200,35,176729
8822,0.000113,172.31.33.0-255,66,21266,35,176729
8823,0.000126,172.31.33.0-255,66,21332,35,176729
8824,0.000128,172.217.194.0-255,1484,22816,35,176729
8825,0.00013,172.31.33.0-255,66,22882,35,176729
8826,0.000135,172.217.194.0-255,2902,25784,35,176729
8827,0.000138,172.31.33.0-255,66,25850,35,176729
8828,0.000167,172.217.194.0-255,5738,31588,35,176729
8829,0.00017,172.31.33.0-255,66,31654,35,176729
8830,0.000195,172.217.194.0-255,6797,38451,35,176729
8831,0.000198,172.31.33.0-255,66,38517,35,176729
8832,0.00023,172.217.194.0-255,7156,45673,35,176729
8833,0.000233,172.31.33.0-255,66,45739,35,176729
8834,0.000236,172.217.194.0-255,1484,47223,35,176729
8835,0.000238,172.31.33.0-255,66,47289,35,176729
8836,0.000281,172.217.194.0-255,2902,50191,35,176729
8837,0.000284,172.31.33.0-255,66,50257,35,176729
8838,0.000305,172.217.194.0-255,5650,55907,35,176729
8839,0.000309,172.31.33.0-255,66,55973,35,176729
8840,0.000312,172.217.194.0-255,116,56089,35,176729
8841,0.000314,172.31.33.0-255,66,56155,35,176729
8842,0.000456,172.217.194.0-255,387,56542,35,176729
8843,0.000588,172.217.194.0-255,1484,58026,35,176729
8844,0.000593,172.31.33.0-255,66,58092,35,176729
8845,0.00061,172.217.194.0-255,2902,60994,35,176729
8846,0.000613,172.31.33.0-255,66,61060,35,176729
8847,0.000618,172.217.194.0-255,5738,66798,35,176729
8848,0.00062,172.31.33.0-255,66,66864,35,176729
8849,0.000653,172.217.194.0-255,1484,68348,35,176729
8850,0.00068,172.31.33.0-255,66,68414,35,176729
8851,0.00069,172.31.33.0-255,66,68480,35,176729
8852,0.000692,172.217.194.0-255,766,69246,35,176729
8853,0.001032,172.217.194.0-255,1484,70730,35,176729
8854,0.001038,172.31.33.0-255,66,70796,35,176729
8855,0.001044,172.217.194.0-255,2902,73698,35,176729
8856,0.001047,172.31.33.0-255,66,73764,35,176729
8857,0.001053,172.217.194.0-255,5738,79502,35,176729
8858,0.001055,172.31.33.0-255,66,79568,35,176729
8859,0.001094,172.31.33.0-255,66,79634,35,176729
8860,0.001123,172.31.33.0-255,66,79700,35,176729
8861,0.001828,172.217.194.0-255,1484,81184,35,176729
8862,0.001835,172.217.194.0-255,2902,84086,35,176729
8863,0.001838,172.31.33.0-255,66,84152,35,176729
8864,0.001842,172.217.194.0-255,1484,85636,35,176729
8865,0.00186,172.217.194.0-255,4320,89956,35,176729
8866,0.001863,172.31.33.0-255,66,90022,35,176729
8867,0.001868,172.217.194.0-255,5738,95760,35,176729
8868,0.00187,172.31.33.0-255,66,95826,35,176729
8869,0.001903,172.31.33.0-255,66,95892,35,176729
8870,0.00192,172.217.194.0-255,1484,97376,35,176729
8871,0.001926,172.217.194.0-255,5020,102396,35,176729
8872,0.001928,172.31.33.0-255,66,102462,35,176729
8873,0.001948,172.217.194.0-255,5738,108200,35,176729
8874,0.00195,172.31.33.0-255,66,108266,35,176729
8875,0.001964,172.217.194.0-255,4320,112586,35,176729
8876,0.001966,172.31.33.0-255,66,112652,35,176729
8877,0.001983,172.217.194.0-255,5738,118390,35,176729
8878,0.001985,172.31.33.0-255,66,118456,35,176729
8879,0.001991,172.217.194.0-255,7156,125612,35,176729
8880,0.001993,172.31.33.0-255,66,125678,35,176729
8881,0.002025,172.31.33.0-255,66,125744,35,176729
8882,0.002027,172.217.194.0-255,766,126510,35,176729
8883,0.002093,172.217.194.0-255,1484,127994,35,176729
8884,0.002094,172.31.33.0-255,66,128060,35,176729
8885,0.002108,172.217.194.0-255,2902,130962,35,176729
8886,0.00211,172.31.33.0-255,66,131028,35,176729
8887,0.002129,172.217.194.0-255,5738,136766,35,176729
8888,0.002131,172.31.33.0-255,66,136832,35,176729
8889,0.002159,172.31.33.0-255,66,136898,35,176729
8890,0.002162,172.217.194.0-255,2902,139800,35,176729
8891,0.002164,172.31.33.0-255,66,139866,35,176729
8892,0.002197,172.31.33.0-255,66,139932,35,176729
8893,0.002213,172.217.194.0-255,1484,141416,35,176729
8894,0.002216,172.217.194.0-255,1484,142900,35,176729
8895,0.002217,172.31.33.0-255,66,142966,35,176729
8896,0.00223,172.217.194.0-255,1484,144450,35,176729
8897,0.002236,172.217.194.0-255,5738,150188,35,176729
8898,0.002238,172.31.33.0-255,66,150254,35,176729
8899,0.002271,172.31.33.0-255,66,150320,35,176729
8900,0.002307,172.217.194.0-255,2902,153222,35,176729
8901,0.002308,172.31.33.0-255,66,153288,35,176729
8902,0.002329,172.31.33.0-255,66,153354,35,176729
8903,0.002331,172.217.194.0-255,1484,154838,35,176729
8904,0.002335,172.217.194.0-255,2902,157740,35,176729
8905,0.002337,172.31.33.0-255,66,157806,35,176729
8906,0.00236,172.217.194.0-255,5738,163544,35,176729
8907,0.002362,172.31.33.0-255,66,163610,35,176729
8908,0.002365,172.217.194.0-255,1484,165094,35,176729
8909,0.002391,172.31.33.0-255,66,165160,35,176729
8910,0.002414,172.31.33.0-255,66,165226,35,176729
8911,0.002439,172.31.33.0-255,66,165292,35,176729
8912,0.002453,172.31.33.0-255,66,165358,35,176729
8913,0.00249,172.31.33.0-255,66,165424,35,176729
8914,0.002501,172.217.194.0-255,1484,166908,35,176729
8915,0.002525,172.31.33.0-255,66,166974,35,176729
8916,0.002536,172.31.33.0-255,66,167040,35,176729
8917,0.002585,172.217.194.0-255,5738,172778,35,176729
8918,0.002587,172.31.33.0-255,66,172844,35,176729
8919,0.002626,172.31.33.0-255,66,172910,35,176729
8920,0.002642,172.31.33.0-255,66,172976,35,176729
8921,0.002644,172.217.194.0-255,1172,174148,35,176729
8922,0.002662,172.217.194.0-255,105,174253,35,176729
8923,0.011892,172.31.33.0-255,66,174319,35,176729
8924,0.011939,172.31.33.0-255,105,174424,35,176729
8925,0.013517,172.217.194.0-255,105,174529,35,176729
8926,0.013531,172.31.33.0-255,78,174607,35,176729
8927,0.014514,172.217.194.0-255,66,174673,35,176729
8928,0.048878,172.31.33.0-255,172,174845,35,176729
8929,0.048911,172.31.33.0-255,1107,175952,35,176729
8930,0.048983,172.31.33.0-255,579,176531,35,176729
8931,0.050411,104.244.42.0-255,66,176597,35,176729
8932,0.050449,104.244.42.0-255,66,176663,35,176729
8933,0.050509,104.244.42.0-255,66,176729,35,176729
8934,0.0,74.125.24.0-255,143,143,35,242332
8935,3.4e-05,172.31.33.0-255,66,209,35,242332
8936,4.1e-05,74.125.24.0-255,1484,1693,35,242332
8937,4.5e-05,172.31.33.0-255,66,1759,35,242332
8938,5e-05,74.125.24.0-255,2902,4661,35,242332
8939,5.2e-05,172.31.33.0-255,66,4727,35,242332
8940,7.6e-05,74.125.24.0-255,5738,10465,35,242332
8941,7.9e-05,172.31.33.0-255,66,10531,35,242332
8942,9.4e-05,74.125.24.0-255,3585,14116,35,242332
8943,9.7e-05,172.31.33.0-255,66,14182,35,242332
8944,0.000119,74.125.24.0-255,1484,15666,35,242332
8945,0.000121,172.31.33.0-255,66,15732,35,242332
8946,0.000134,74.125.24.0-255,2902,18634,35,242332
8947,0.000137,172.31.33.0-255,66,18700,35,242332
8948,0.000142,74.125.24.0-255,2902,21602,35,242332
8949,0.000144,172.31.33.0-255,66,21668,35,242332
8950,0.000164,74.125.24.0-255,4320,25988,35,242332
8951,0.000167,172.31.33.0-255,66,26054,35,242332
8952,0.000178,172.31.33.0-255,66,26120,35,242332
8953,0.000213,172.31.33.0-255,66,26186,35,242332
8954,0.000246,74.125.24.0-255,2184,28370,35,242332
8955,0.000248,172.31.33.0-255,66,28436,35,242332
8956,0.000726,74.125.24.0-255,1484,29920,35,242332
8957,0.000731,172.31.33.0-255,66,29986,35,242332
8958,0.000741,74.125.24.0-255,2902,32888,35,242332
8959,0.000745,172.31.33.0-255,66,32954,35,242332
8960,0.00075,74.125.24.0-255,4320,37274,35,242332
8961,0.000752,172.31.33.0-255,66,37340,35,242332
8962,0.000809,74.125.24.0-255,4320,41660,35,242332
8963,0.000814,172.31.33.0-255,66,41726,35,242332
8964,0.000836,74.125.24.0-255,3961,45687,35,242332
8965,0.000847,172.31.33.0-255,66,45753,35,242332
8966,0.001018,74.125.24.0-255,1484,47237,35,242332
8967,0.001043,74.125.24.0-255,2902,50139,35,242332
8968,0.001047,172.31.33.0-255,66,50205,35,242332
8969,0.001053,74.125.24.0-255,5738,55943,35,242332
8970,0.001057,74.125.24.0-255,2902,58845,35,242332
8971,0.001061,172.31.33.0-255,66,58911,35,242332
8972,0.001137,172.31.33.0-255,66,58977,35,242332
8973,0.001158,74.125.24.0-255,2184,61161,35,242332
8974,0.001182,172.31.33.0-255,66,61227,35,242332
8975,0.001843,74.125.24.0-255,1484,62711,35,242332
8976,0.001851,74.125.24.0-255,2902,65613,35,242332
8977,0.001854,172.31.33.0-255,66,65679,35,242332
8978,0.001877,74.125.24.0-255,5738,71417,35,242332
8979,0.001882,172.31.33.0-255,66,71483,35,242332
8980,0.001904,74.125.24.0-255,1484,72967,35,242332
8981,0.001933,172.31.33.0-255,66,73033,35,242332
8982,0.001943,74.125.24.0-255,4320,77353,35,242332
8983,0.001965,172.31.33.0-255,66,77419,35,242332
8984,0.001978,74.125.24.0-255,5738,83157,35,242332
8985,0.00199,172.31.33.0-255,66,83223,35,242332
8986,0.001994,74.125.24.0-255,2666,85889,35,242332
8987,0.001997,172.31.33.0-255,66,85955,35,242332
8988,0.002285,74.125.24.0-255,1484,87439,35,242332
8989,0.002301,74.125.24.0-255,2902,90341,35,242332
8990,0.002304,172.31.33.0-255,66,90407,35,242332
8991,0.002307,74.125.24.0-255,1484,91891,35,242332
8992,0.002324,74.125.24.0-255,4320,96211,35,242332
8993,0.002328,74.125.24.0-255,4320,100531,35,242332
8994,0.002342,74.125.24.0-255,1484,102015,35,242332
8995,0.002345,74.125.24.0-255,1484,103499,35,242332
8996,0.002353,172.31.33.0-255,66,103565,35,242332
8997,0.00239,172.31.33.0-255,66,103631,35,242332
8998,0.004694,74.125.24.0-255,5738,109369,35,242332
8999,0.004698,172.31.33.0-255,66,109435,35,242332
9000,0.007012,74.125.24.0-255,4320,113755,35,242332
9001,0.007017,172.31.33.0-255,66,113821,35,242332
9002,0.007032,74.125.24.0-255,1484,115305,35,242332
9003,0.009326,74.125.24.0-255,4320,119625,35,242332
9004,0.009333,172.31.33.0-255,66,119691,35,242332
9005,0.011638,74.125.24.0-255,5738,125429,35,242332
9006,0.011678,172.31.33.0-255,66,125495,35,242332
9007,0.013976,74.125.24.0-255,5738,131233,35,242332
9008,0.013984,172.31.33.0-255,66,131299,35,242332
9009,0.016285,74.125.24.0-255,5738,137037,35,242332
9010,0.016292,172.31.33.0-255,66,137103,35,242332
9011,0.018627,74.125.24.0-255,5738,142841,35,242332
9012,0.018637,172.31.33.0-255,66,142907,35,242332
9013,0.019788,172.31.33.0-255,172,143079,35,242332
9014,0.020008,172.31.33.0-255,1109,144188,35,242332
9015,0.020078,172.31.33.0-255,1514,145702,35,242332
9016,0.02008,172.31.33.0-255,336,146038,35,242332
9017,0.021143,74.125.24.0-255,4320,150358,35,242332
9018,0.021149,172.31.33.0-255,66,150424,35,242332
9019,0.021167,74.125.24.0-255,1484,151908,35,242332
9020,0.021347,104.244.42.0-255,66,151974,35,242332
9021,0.021556,104.244.42.0-255,66,152040,35,242332
9022,0.021646,104.244.42.0-255,66,152106,35,242332
9023,0.023455,74.125.24.0-255,4320,156426,35,242332
9024,0.02346,172.31.33.0-255,66,156492,35,242332
9025,0.025776,74.125.24.0-255,4320,160812,35,242332
9026,0.025781,172.31.33.0-255,66,160878,35,242332
9027,0.025812,74.125.24.0-255,1484,162362,35,242332
9028,0.028099,74.125.24.0-255,4320,166682,35,242332
9029,0.028103,172.31.33.0-255,66,166748,35,242332
9030,0.030448,74.125.24.0-255,5738,172486,35,242332
9031,0.0305,172.31.33.0-255,66,172552,35,242332
9032,0.032923,74.125.24.0-255,5738,178290,35,242332
9033,0.032929,172.31.33.0-255,66,178356,35,242332
9034,0.03525,74.125.24.0-255,5738,184094,35,242332
9035,0.035257,172.31.33.0-255,66,184160,35,242332
9036,0.037584,74.125.24.0-255,5738,189898,35,242332
9037,0.037589,172.31.33.0-255,66,189964,35,242332
9038,0.040016,74.125.24.0-255,5738,195702,35,242332
9039,0.040022,172.31.33.0-255,66,195768,35,242332
9040,0.042355,74.125.24.0-255,5738,201506,35,242332
9041,0.042361,172.31.33.0-255,66,201572,35,242332
9042,0.044683,74.125.24.0-255,5738,207310,35,242332
9043,0.044689,172.31.33.0-255,66,207376,35,242332
9044,0.046999,74.125.24.0-255,5738,213114,35,242332
9045,0.047004,172.31.33.0-255,66,213180,35,242332
9046,0.049317,74.125.24.0-255,5738,218918,35,242332
9047,0.049322,172.31.33.0-255,66,218984,35,242332
9048,0.051637,74.125.24.0-255,5738,224722,35,242332
9049,0.051643,172.31.33.0-255,66,224788,35,242332
9050,0.053943,74.125.24.0-255,5738,230526,35,242332
9051,0.053948,172.31.33.0-255,66,230592,35,242332
9052,0.056253,74.125.24.0-255,5738,236330,35,242332
9053,0.056257,172.31.33.0-255,66,236396,35,242332
9054,0.05855,74.125.24.0-255,2902,239298,35,242332
9055,0.058555,172.31.33.0-255,66,239364,35,242332
9056,0.058589,74.125.24.0-255,2902,242266,35,242332
9057,0.058605,172.31.33.0-255,66,242332,35,242332
9058,0.0,172.31.33.0-255,105,105,35,276
9059,0.001776,157.240.7.0-255,105,210,35,276
9060,0.00179,172.31.33.0-255,66,276,35,276
9061,0.0,172.31.33.0-255,105,105,35,276
9062,0.001791,157.240.7.0-255,105,210,35,276
9063,0.001809,172.31.33.0-255,66,276,35,276
9064,0.0,172.31.33.0-255,105,105,35,276
9065,0.001764,157.240.7.0-255,105,210,35,276
9066,0.001775,172.31.33.0-255,66,276,35,276
9067,0.0,172.31.33.0-255,105,105,35,276
9068,0.001764,157.240.7.0-255,105,210,35,276
9069,0.001775,172.31.33.0-255,66,276,35,276
9070,0.0,74.125.24.0-255,153,153,35,214461
9071,1.5e-05,172.31.33.0-255,66,219,35,214461
9072,2.1e-05,74.125.24.0-255,1484,1703,35,214461
9073,2.5e-05,172.31.33.0-255,66,1769,35,214461
9074,5.9e-05,74.125.24.0-255,2902,4671,35,214461
9075,6.2e-05,172.31.33.0-255,66,4737,35,214461
9076,6.8e-05,74.125.24.0-255,5738,10475,35,214461
9077,7e-05,172.31.33.0-255,66,10541,35,214461
9078,0.000108,172.31.33.0-255,66,10607,35,214461
9079,0.000171,74.125.24.0-255,1484,12091,35,214461
9080,0.000173,172.31.33.0-255,66,12157,35,214461
9081,0.000199,74.125.24.0-255,5379,17536,35,214461
9082,0.000202,172.31.33.0-255,66,17602,35,214461
9083,0.000226,74.125.24.0-255,1484,19086,35,214461
9084,0.000229,172.31.33.0-255,66,19152,35,214461
9085,0.000234,74.125.24.0-255,2902,22054,35,214461
9086,0.000236,172.31.33.0-255,66,22120,35,214461
9087,0.000245,74.125.24.0-255,4320,26440,35,214461
9088,0.000247,172.31.33.0-255,66,26506,35,214461
9089,0.000284,172.31.33.0-255,66,26572,35,214461
9090,0.000297,172.31.33.0-255,66,26638,35,214461
9091,0.000328,74.125.24.0-255,4271,30909,35,214461
9092,0.00033,172.31.33.0-255,66,30975,35,214461
9093,0.000333,74.125.24.0-255,116,31091,35,214461
9094,0.000335,172.31.33.0-255,66,31157,35,214461
9095,0.000338,74.125.24.0-255,327,31484,35,214461
9096,0.00034,172.31.33.0-255,66,31550,35,214461
9097,0.00059,74.125.24.0-255,1484,33034,35,214461
9098,0.000595,74.125.24.0-255,2902,35936,35,214461
9099,0.0006,172.31.33.0-255,66,36002,35,214461
9100,0.000615,74.125.24.0-255,5738,41740,35,214461
9101,0.000653,74.125.24.0-255,4320,46060,35,214461
9102,0.00066,172.31.33.0-255,66,46126,35,214461
9103,0.000687,74.125.24.0-255,4320,50446,35,214461
9104,0.000693,172.31.33.0-255,66,50512,35,214461
9105,0.000704,74.125.24.0-255,6438,56950,35,214461
9106,0.000714,172.31.33.0-255,66,57016,35,214461
9107,0.000974,74.125.24.0-255,1484,58500,35,214461
9108,0.000978,74.125.24.0-255,1484,59984,35,214461
9109,0.000981,172.31.33.0-255,66,60050,35,214461
9110,0.001024,74.125.24.0-255,1484,61534,35,214461
9111,0.001031,74.125.24.0-255,5738,67272,35,214461
9112,0.001062,74.125.24.0-255,2184,69456,35,214461
9113,0.001069,172.31.33.0-255,66,69522,35,214461
9114,0.00119,74.125.24.0-255,1484,71006,35,214461
9115,0.001195,74.125.24.0-255,2902,73908,35,214461
9116,0.001198,172.31.33.0-255,66,73974,35,214461
9117,0.001227,74.125.24.0-255,5738,79712,35,214461
9118,0.001233,74.125.24.0-255,4320,84032,35,214461
9119,0.001252,74.125.24.0-255,7156,91188,35,214461
9120,0.001255,172.31.33.0-255,66,91254,35,214461
9121,0.00126,172.31.33.0-255,66,91320,35,214461
9122,0.001284,74.125.24.0-255,1484,92804,35,214461
9123,0.001299,74.125.24.0-255,2184,94988,35,214461
9124,0.001304,172.31.33.0-255,66,95054,35,214461
9125,0.001326,172.31.33.0-255,66,95120,35,214461
9126,0.001428,74.125.24.0-255,1484,96604,35,214461
9127,0.001441,74.125.24.0-255,2902,99506,35,214461
9128,0.001453,172.31.33.0-255,66,99572,35,214461
9129,0.001463,74.125.24.0-255,5738,105310,35,214461
9130,0.001497,172.31.33.0-255,66,105376,35,214461
9131,0.001555,74.125.24.0-255,7156,112532,35,214461
9132,0.001558,172.31.33.0-255,66,112598,35,214461
9133,0.001576,74.125.24.0-255,3602,116200,35,214461
9134,0.001582,172.31.33.0-255,66,116266,35,214461
9135,0.001611,74.125.24.0-255,7156,123422,35,214461
9136,0.00164,172.31.33.0-255,66,123488,35,214461
9137,0.001655,74.125.24.0-255,4320,127808,35,214461
9138,0.001685,74.125.24.0-255,766,128574,35,214461
9139,0.001705,172.31.33.0-255,66,128640,35,214461
9140,0.001931,74.125.24.0-255,1484,130124,35,214461
9141,0.001948,74.125.24.0-255,1484,131608,35,214461
9142,0.001951,172.31.33.0-255,66,131674,35,214461
9143,0.001954,74.125.24.0-255,1484,133158,35,214461
9144,0.001979,74.125.24.0-255,1484,134642,35,214461
9145,0.001984,74.125.24.0-255,5738,140380,35,214461
9146,0.001986,74.125.24.0-255,1484,141864,35,214461
9147,0.001991,172.31.33.0-255,66,141930,35,214461
9148,0.002028,74.125.24.0-255,2902,144832,35,214461
9149,0.002063,74.125.24.0-255,6438,151270,35,214461
9150,0.002246,74.125.24.0-255,1484,152754,35,214461
9151,0.002252,74.125.24.0-255,2902,155656,35,214461
9152,0.002273,74.125.24.0-255,5738,161394,35,214461
9153,0.002306,74.125.24.0-255,1484,162878,35,214461
9154,0.00237,74.125.24.0-255,7156,170034,35,214461
9155,0.00239,74.125.24.0-255,7156,177190,35,214461
9156,0.002397,74.125.24.0-255,7156,184346,35,214461
9157,0.002425,74.125.24.0-255,3602,187948,35,214461
9158,0.002473,74.125.24.0-255,4320,192268,35,214461
9159,0.002505,74.125.24.0-255,4320,196588,35,214461
9160,0.002539,74.125.24.0-255,766,197354,35,214461
9161,0.002568,74.125.24.0-255,7156,204510,35,214461
9162,0.002624,74.125.24.0-255,4320,208830,35,214461
9163,0.002638,74.125.24.0-255,3233,212063,35,214461
9164,0.002641,74.125.24.0-255,105,212168,35,214461
9165,0.007353,172.31.33.0-255,66,212234,35,214461
9166,0.009245,172.31.33.0-255,105,212339,35,214461
9167,0.011783,74.125.24.0-255,66,212405,35,214461
9168,0.046409,172.31.33.0-255,172,212577,35,214461
9169,0.046441,172.31.33.0-255,1107,213684,35,214461
9170,0.046523,172.31.33.0-255,579,214263,35,214461
9171,0.047982,104.244.42.0-255,66,214329,35,214461
9172,0.048027,104.244.42.0-255,66,214395,35,214461
9173,0.048073,104.244.42.0-255,66,214461,35,214461
9174,0.0,172.217.194.0-255,161,161,35,221787
9175,2.5e-05,172.31.33.0-255,66,227,35,221787
9176,3.2e-05,172.217.194.0-255,1484,1711,35,221787
9177,3.6e-05,172.31.33.0-255,66,1777,35,221787
9178,4e-05,172.217.194.0-255,2902,4679,35,221787
9179,4.3e-05,172.31.33.0-255,66,4745,35,221787
9180,4.9e-05,172.217.194.0-255,7156,11901,35,221787
9181,5.2e-05,172.31.33.0-255,66,11967,35,221787
9182,5.6e-05,172.217.194.0-255,2050,14017,35,221787
9183,5.8e-05,172.31.33.0-255,66,14083,35,221787
9184,7.9e-05,172.217.194.0-255,4320,18403,35,221787
9185,8.1e-05,172.31.33.0-255,66,18469,35,221787
9186,0.000102,172.217.194.0-255,7156,25625,35,221787
9187,0.000105,172.31.33.0-255,66,25691,35,221787
9188,0.00011,172.217.194.0-255,5379,31070,35,221787
9189,0.000113,172.31.33.0-255,66,31136,35,221787
9190,0.000162,172.217.194.0-255,5738,36874,35,221787
9191,0.000165,172.31.33.0-255,66,36940,35,221787
9192,0.000169,172.217.194.0-255,1484,38424,35,221787
9193,0.000171,172.31.33.0-255,66,38490,35,221787
9194,0.000178,172.217.194.0-255,5738,44228,35,221787
9195,0.000181,172.31.33.0-255,66,44294,35,221787
9196,0.000203,172.217.194.0-255,2902,47196,35,221787
9197,0.000206,172.31.33.0-255,66,47262,35,221787
9198,0.000208,172.217.194.0-255,1484,48746,35,221787
9199,0.000211,172.31.33.0-255,66,48812,35,221787
9200,0.000244,172.31.33.0-255,66,48878,35,221787
9201,0.000446,172.217.194.0-255,376,49254,35,221787
9202,0.000452,172.31.33.0-255,66,49320,35,221787
9203,0.000486,172.217.194.0-255,367,49687,35,221787
9204,0.000489,172.31.33.0-255,66,49753,35,221787
9205,0.000598,172.217.194.0-255,1484,51237,35,221787
9206,0.000602,172.217.194.0-255,1484,52721,35,221787
9207,0.000605,172.31.33.0-255,66,52787,35,221787
9208,0.000624,172.217.194.0-255,1484,54271,35,221787
9209,0.00063,172.217.194.0-255,5738,60009,35,221787
9210,0.000633,172.31.33.0-255,66,60075,35,221787
9211,0.000637,172.217.194.0-255,1484,61559,35,221787
9212,0.000698,172.31.33.0-255,66,61625,35,221787
9213,0.00072,172.217.194.0-255,2902,64527,35,221787
9214,0.000722,172.31.33.0-255,66,64593,35,221787
9215,0.000735,172.31.33.0-255,66,64659,35,221787
9216,0.00103,172.217.194.0-255,1484,66143,35,221787
9217,0.001035,172.217.194.0-255,1484,67627,35,221787
9218,0.001038,172.31.33.0-255,66,67693,35,221787
9219,0.001057,172.217.194.0-255,1484,69177,35,221787
9220,0.001064,172.217.194.0-255,5738,74915,35,221787
9221,0.001066,172.31.33.0-255,66,74981,35,221787
9222,0.001071,172.217.194.0-255,4320,79301,35,221787
9223,0.001074,172.31.33.0-255,66,79367,35,221787
9224,0.001094,172.31.33.0-255,66,79433,35,221787
9225,0.001097,172.217.194.0-255,1484,80917,35,221787
9226,0.001128,172.217.194.0-255,2902,83819,35,221787
9227,0.001131,172.31.33.0-255,66,83885,35,221787
9228,0.001148,172.217.194.0-255,6438,90323,35,221787
9229,0.001151,172.31.33.0-255,66,90389,35,221787
9230,0.001283,172.217.194.0-255,1484,91873,35,221787
9231,0.001288,172.217.194.0-255,2902,94775,35,221787
9232,0.001291,172.31.33.0-255,66,94841,35,221787
9233,0.001312,172.217.194.0-255,5738,100579,35,221787
9234,0.001315,172.31.33.0-255,66,100645,35,221787
9235,0.001342,172.31.33.0-255,66,100711,35,221787
9236,0.001359,172.217.194.0-255,2902,103613,35,221787
9237,0.001362,172.31.33.0-255,66,103679,35,221787
9238,0.001365,172.217.194.0-255,1484,105163,35,221787
9239,0.001379,172.217.194.0-255,4320,109483,35,221787
9240,0.001381,172.31.33.0-255,66,109549,35,221787
9241,0.001402,172.217.194.0-255,5020,114569,35,221787
9242,0.001405,172.31.33.0-255,66,114635,35,221787
9243,0.001454,172.217.194.0-255,1484,116119,35,221787
9244,0.001459,172.217.194.0-255,2902,119021,35,221787
9245,0.001463,172.31.33.0-255,66,119087,35,221787
9246,0.001487,172.217.194.0-255,5738,124825,35,221787
9247,0.00149,172.31.33.0-255,66,124891,35,221787
9248,0.001493,172.217.194.0-255,1484,126375,35,221787
9249,0.001508,172.217.194.0-255,5738,132113,35,221787
9250,0.001511,172.31.33.0-255,66,132179,35,221787
9251,0.001531,172.217.194.0-255,2902,135081,35,221787
9252,0.001534,172.31.33.0-255,66,135147,35,221787
9253,0.001544,172.31.33.0-255,66,135213,35,221787
9254,0.001559,172.217.194.0-255,5020,140233,35,221787
9255,0.001561,172.31.33.0-255,66,140299,35,221787
9256,0.00159,172.217.194.0-255,1484,141783,35,221787
9257,0.001609,172.217.194.0-255,2902,144685,35,221787
9258,0.001612,172.31.33.0-255,66,144751,35,221787
9259,0.001618,172.217.194.0-255,4320,149071,35,221787
9260,0.00162,172.31.33.0-255,66,149137,35,221787
9261,0.001632,172.217.194.0-255,1484,150621,35,221787
9262,0.001635,172.217.194.0-255,1484,152105,35,221787
9263,0.001639,172.31.33.0-255,66,152171,35,221787
9264,0.001671,172.31.33.0-255,66,152237,35,221787
9265,0.001703,172.31.33.0-255,66,152303,35,221787
9266,0.001713,172.31.33.0-255,66,152369,35,221787
9267,0.001734,172.217.194.0-255,4320,156689,35,221787
9268,0.001737,172.31.33.0-255,66,156755,35,221787
9269,0.001745,172.217.194.0-255,1484,158239,35,221787
9270,0.001787,172.31.33.0-255,66,158305,35,221787
9271,0.001839,172.31.33.0-255,66,158371,35,221787
9272,0.001852,172.217.194.0-255,1484,159855,35,221787
9273,0.001868,172.31.33.0-255,66,159921,35,221787
9274,0.001871,172.217.194.0-255,1484,161405,35,221787
9275,0.001875,172.217.194.0-255,2902,164307,35,221787
9276,0.001877,172.31.33.0-255,66,164373,35,221787
9277,0.001883,172.217.194.0-255,5738,170111,35,221787
9278,0.001886,172.31.33.0-255,66,170177,35,221787
9279,0.001892,172.217.194.0-255,7156,177333,35,221787
9280,0.001894,172.31.33.0-255,66,177399,35,221787
9281,0.00192,172.217.194.0-255,5738,183137,35,221787
9282,0.001923,172.31.33.0-255,66,183203,35,221787
9283,0.00193,172.217.194.0-255,7156,190359,35,221787
9284,0.001932,172.31.33.0-255,66,190425,35,221787
9285,0.001952,172.217.194.0-255,1484,191909,35,221787
9286,0.001969,172.217.194.0-255,5738,197647,35,221787
9287,0.001972,172.31.33.0-255,66,197713,35,221787
9288,0.002005,172.31.33.0-255,66,197779,35,221787
9289,0.002028,172.217.194.0-255,7156,204935,35,221787
9290,0.002031,172.31.33.0-255,66,205001,35,221787
9291,0.00206,172.31.33.0-255,66,205067,35,221787
9292,0.002431,172.217.194.0-255,1484,206551,35,221787
9293,0.002437,172.217.194.0-255,2902,209453,35,221787
9294,0.002441,172.31.33.0-255,66,209519,35,221787
9295,0.002447,172.217.194.0-255,4320,213839,35,221787
9296,0.002449,172.31.33.0-255,66,213905,35,221787
9297,0.002459,172.217.194.0-255,1484,215389,35,221787
9298,0.002462,172.217.194.0-255,1484,216873,35,221787
9299,0.002464,172.31.33.0-255,66,216939,35,221787
9300,0.002498,172.31.33.0-255,66,217005,35,221787
9301,0.002503,172.217.194.0-255,2693,219698,35,221787
9302,0.002505,172.31.33.0-255,66,219764,35,221787
9303,0.002835,172.217.194.0-255,97,219861,35,221787
9304,0.002899,172.217.194.0-255,105,219966,35,221787
9305,0.012002,172.31.33.0-255,66,220032,35,221787
9306,0.012034,172.31.33.0-255,105,220137,35,221787
9307,0.013023,172.217.194.0-255,105,220242,35,221787
9308,0.013033,172.31.33.0-255,78,220320,35,221787
9309,0.014591,172.217.194.0-255,66,220386,35,221787
9310,0.036768,172.31.33.0-255,190,220576,35,221787
9311,0.036797,172.31.33.0-255,1079,221655,35,221787
9312,0.038288,104.244.42.0-255,66,221721,35,221787
9313,0.03833,104.244.42.0-255,66,221787,35,221787
9314,0.0,172.31.33.0-255,105,105,35,276
9315,0.001474,157.240.7.0-255,105,210,35,276
9316,0.001486,172.31.33.0-255,66,276,35,276
9317,0.0,172.217.194.0-255,153,153,35,214814
9318,3.1e-05,172.31.33.0-255,66,219,35,214814
9319,3.8e-05,172.217.194.0-255,1484,1703,35,214814
9320,4.2e-05,172.31.33.0-255,66,1769,35,214814
9321,4.6e-05,172.217.194.0-255,2902,4671,35,214814
9322,4.9e-05,172.31.33.0-255,66,4737,35,214814
9323,6.1e-05,172.217.194.0-255,7156,11893,35,214814
9324,6.4e-05,172.31.33.0-255,66,11959,35,214814
9325,6.7e-05,172.217.194.0-255,2003,13962,35,214814
9326,6.9e-05,172.31.33.0-255,66,14028,35,214814
9327,0.000152,172.217.194.0-255,1484,15512,35,214814
9328,0.000155,172.31.33.0-255,66,15578,35,214814
9329,0.00016,172.217.194.0-255,2902,18480,35,214814
9330,0.000162,172.31.33.0-255,66,18546,35,214814
9331,0.000183,172.217.194.0-255,5738,24284,35,214814
9332,0.000191,172.31.33.0-255,66,24350,35,214814
9333,0.000215,172.217.194.0-255,5738,30088,35,214814
9334,0.000217,172.31.33.0-255,66,30154,35,214814
9335,0.000241,172.217.194.0-255,1125,31279,35,214814
9336,0.000243,172.31.33.0-255,66,31345,35,214814
9337,0.000586,172.217.194.0-255,1484,32829,35,214814
9338,0.000591,172.31.33.0-255,66,32895,35,214814
9339,0.000599,172.217.194.0-255,2902,35797,35,214814
9340,0.000601,172.31.33.0-255,66,35863,35,214814
9341,0.000603,172.217.194.0-255,1484,37347,35,214814
9342,0.000605,172.31.33.0-255,66,37413,35,214814
9343,0.000616,172.217.194.0-255,5738,43151,35,214814
9344,0.000618,172.31.33.0-255,66,43217,35,214814
9345,0.000656,172.31.33.0-255,66,43283,35,214814
9346,0.000666,172.31.33.0-255,66,43349,35,214814
9347,0.000669,172.217.194.0-255,648,43997,35,214814
9348,0.000963,172.31.33.0-255,66,44063,35,214814
9349,0.00099,172.217.194.0-255,1484,45547,35,214814
9350,0.000995,172.217.194.0-255,2902,48449,35,214814
9351,0.000999,172.217.194.0-255,2902,51351,35,214814
9352,0.00101,172.217.194.0-255,2902,54253,35,214814
9353,0.001029,172.31.33.0-255,66,54319,35,214814
9354,0.001063,172.217.194.0-255,6797,61116,35,214814
9355,0.001068,172.31.33.0-255,66,61182,35,214814
9356,0.001122,172.217.194.0-255,1484,62666,35,214814
9357,0.001128,172.217.194.0-255,2902,65568,35,214814
9358,0.00115,172.217.194.0-255,5738,71306,35,214814
9359,0.001156,172.217.194.0-255,6797,78103,35,214814
9360,0.001163,172.31.33.0-255,66,78169,35,214814
9361,0.001176,172.217.194.0-255,7156,85325,35,214814
9362,0.001197,172.217.194.0-255,4320,89645,35,214814
9363,0.001204,172.31.33.0-255,66,89711,35,214814
9364,0.001277,172.217.194.0-255,7156,96867,35,214814
9365,0.001312,172.217.194.0-255,5738,102605,35,214814
9366,0.00133,172.217.194.0-255,2184,104789,35,214814
9367,0.001341,172.31.33.0-255,66,104855,35,214814
9368,0.0014,172.217.194.0-255,1484,106339,35,214814
9369,0.001412,172.217.194.0-255,2902,109241,35,214814
9370,0.001417,172.31.33.0-255,66,109307,35,214814
9371,0.001424,172.217.194.0-255,2902,112209,35,214814
9372,0.001446,172.217.194.0-255,2902,115111,35,214814
9373,0.001466,172.217.194.0-255,4320,119431,35,214814
9374,0.00147,172.31.33.0-255,66,119497,35,214814
9375,0.001512,172.31.33.0-255,66,119563,35,214814
9376,0.001653,172.217.194.0-255,1484,121047,35,214814
9377,0.001656,172.217.194.0-255,1484,122531,35,214814
9378,0.001668,172.31.33.0-255,66,122597,35,214814
9379,0.001676,172.217.194.0-255,1484,124081,35,214814
9380,0.001681,172.217.194.0-255,5738,129819,35,214814
9381,0.00169,172.217.194.0-255,7156,136975,35,214814
9382,0.001701,172.217.194.0-255,4320,141295,35,214814
9383,0.001713,172.31.33.0-255,66,141361,35,214814
9384,0.001727,172.217.194.0-255,2184,143545,35,214814
9385,0.001739,172.31.33.0-255,66,143611,35,214814
9386,0.001754,172.217.194.0-255,2902,146513,35,214814
9387,0.001763,172.217.194.0-255,7156,153669,35,214814
9388,0.001768,172.31.33.0-255,66,153735,35,214814
9389,0.00181,172.31.33.0-255,66,153801,35,214814
9390,0.001836,172.217.194.0-255,5738,159539,35,214814
9391,0.001841,172.31.33.0-255,66,159605,35,214814
9392,0.001849,172.217.194.0-255,5020,164625,35,214814
9393,0.001852,172.31.33.0-255,66,164691,35,214814
9394,0.001883,172.217.194.0-255,2902,167593,35,214814
9395,0.001895,172.31.33.0-255,66,167659,35,214814
9396,0.001931,172.31.33.0-255,66,167725,35,214814
9397,0.001941,172.217.194.0-255,5020,172745,35,214814
9398,0.001958,172.31.33.0-255,66,172811,35,214814
9399,0.001979,172.217.194.0-255,1484,174295,35,214814
9400,0.001982,172.217.194.0-255,1484,175779,35,214814
9401,0.001994,172.217.194.0-255,1484,177263,35,214814
9402,0.001997,172.217.194.0-255,2902,180165,35,214814
9403,0.002008,172.217.194.0-255,2902,183067,35,214814
9404,0.002013,172.31.33.0-255,66,183133,35,214814
9405,0.002086,172.31.33.0-255,66,183199,35,214814
9406,0.002089,172.217.194.0-255,2184,185383,35,214814
9407,0.002102,172.31.33.0-255,66,185449,35,214814
9408,0.002113,172.217.194.0-255,2902,188351,35,214814
9409,0.002118,172.217.194.0-255,7156,195507,35,214814
9410,0.002127,172.31.33.0-255,66,195573,35,214814
9411,0.002133,172.217.194.0-255,1484,197057,35,214814
9412,0.002174,172.217.194.0-255,1484,198541,35,214814
9413,0.00218,172.31.33.0-255,66,198607,35,214814
9414,0.002209,172.31.33.0-255,66,198673,35,214814
9415,0.002245,172.31.33.0-255,66,198739,35,214814
9416,0.002254,172.217.194.0-255,3602,202341,35,214814
9417,0.002261,172.217.194.0-255,5688,208029,35,214814
9418,0.002264,172.217.194.0-255,105,208134,35,214814
9419,0.002282,172.31.33.0-255,66,208200,35,214814
9420,0.003906,172.31.33.0-255,105,208305,35,214814
9421,0.006456,172.217.194.0-255,66,208371,35,214814
9422,0.038317,172.31.33.0-255,172,208543,35,214814
9423,0.038374,172.31.33.0-255,1107,209650,35,214814
9424,0.038441,172.31.33.0-255,1514,211164,35,214814
9425,0.038443,172.31.33.0-255,1514,212678,35,214814
9426,0.038444,172.31.33.0-255,1514,214192,35,214814
9427,0.038445,172.31.33.0-255,184,214376,35,214814
9428,0.039801,104.244.42.0-255,66,214442,35,214814
9429,0.039864,104.244.42.0-255,66,214508,35,214814
9430,0.039956,104.244.42.0-255,66,214574,35,214814
9431,0.039961,104.244.42.0-255,66,214640,35,214814
9432,0.040612,104.244.42.0-255,108,214748,35,214814
9433,0.040623,172.31.33.0-255,66,214814,35,214814
9434,0.0,172.31.33.0-255,66,66,35,66
9435,0.0,74.125.200.0-255,146,146,35,258372
9436,2.8e-05,172.31.33.0-255,66,212,35,258372
9437,3.5e-05,74.125.200.0-255,1484,1696,35,258372
9438,3.9e-05,172.31.33.0-255,66,1762,35,258372
9439,5e-05,74.125.200.0-255,2902,4664,35,258372
9440,5.2e-05,172.31.33.0-255,66,4730,35,258372
9441,8.7e-05,74.125.200.0-255,7156,11886,35,258372
9442,9e-05,172.31.33.0-255,66,11952,35,258372
9443,0.000114,74.125.200.0-255,2050,14002,35,258372
9444,0.000116,172.31.33.0-255,66,14068,35,258372
9445,0.000141,74.125.200.0-255,2902,16970,35,258372
9446,0.000143,172.31.33.0-255,66,17036,35,258372
9447,0.000184,74.125.200.0-255,7156,24192,35,258372
9448,0.000187,172.31.33.0-255,66,24258,35,258372
9449,0.000192,74.125.200.0-255,2902,27160,35,258372
9450,0.000194,172.31.33.0-255,66,27226,35,258372
9451,0.000234,74.125.200.0-255,3961,31187,35,258372
9452,0.000237,172.31.33.0-255,66,31253,35,258372
9453,0.000303,74.125.200.0-255,1484,32737,35,258372
9454,0.000306,172.31.33.0-255,66,32803,35,258372
9455,0.000327,74.125.200.0-255,2902,35705,35,258372
9456,0.000329,172.31.33.0-255,66,35771,35,258372
9457,0.000335,74.125.200.0-255,4320,40091,35,258372
9458,0.000337,172.31.33.0-255,66,40157,35,258372
9459,0.000369,74.125.200.0-255,7156,47313,35,258372
9460,0.000372,172.31.33.0-255,66,47379,35,258372
9461,0.000385,74.125.200.0-255,2543,49922,35,258372
9462,0.000391,172.31.33.0-255,66,49988,35,258372
9463,0.000397,74.125.200.0-255,4320,54308,35,258372
9464,0.000399,172.31.33.0-255,66,54374,35,258372
9465,0.000443,172.31.33.0-255,66,54440,35,258372
9466,0.000472,74.125.200.0-255,2543,56983,35,258372
9467,0.000476,172.31.33.0-255,66,57049,35,258372
9468,0.000479,74.125.200.0-255,395,57444,35,258372
9469,0.000758,172.31.33.0-255,66,57510,35,258372
9470,0.000808,74.125.200.0-255,350,57860,35,258372
9471,0.000831,172.31.33.0-255,66,57926,35,258372
9472,0.001083,74.125.200.0-255,1484,59410,35,258372
9473,0.001092,74.125.200.0-255,2902,62312,35,258372
9474,0.001096,172.31.33.0-255,66,62378,35,258372
9475,0.001131,74.125.200.0-255,5738,68116,35,258372
9476,0.001134,172.31.33.0-255,66,68182,35,258372
9477,0.001138,74.125.200.0-255,2902,71084,35,258372
9478,0.00114,172.31.33.0-255,66,71150,35,258372
9479,0.001176,172.31.33.0-255,66,71216,35,258372
9480,0.001189,172.31.33.0-255,66,71282,35,258372
9481,0.00143,74.125.200.0-255,1484,72766,35,258372
9482,0.001437,74.125.200.0-255,2902,75668,35,258372
9483,0.00144,172.31.33.0-255,66,75734,35,258372
9484,0.001444,74.125.200.0-255,1484,77218,35,258372
9485,0.001469,74.125.200.0-255,4320,81538,35,258372
9486,0.001471,172.31.33.0-255,66,81604,35,258372
9487,0.001474,74.125.200.0-255,1484,83088,35,258372
9488,0.00151,172.31.33.0-255,66,83154,35,258372
9489,0.001515,74.125.200.0-255,4320,87474,35,258372
9490,0.001518,172.31.33.0-255,66,87540,35,258372
9491,0.001543,74.125.200.0-255,2902,90442,35,258372
9492,0.001545,172.31.33.0-255,66,90508,35,258372
9493,0.001568,74.125.200.0-255,3602,94110,35,258372
9494,0.001571,172.31.33.0-255,66,94176,35,258372
9495,0.002113,74.125.200.0-255,1484,95660,35,258372
9496,0.002128,74.125.200.0-255,2902,98562,35,258372
9497,0.00213,172.31.33.0-255,66,98628,35,258372
9498,0.002155,74.125.200.0-255,5738,104366,35,258372
9499,0.002157,172.31.33.0-255,66,104432,35,258372
9500,0.002163,74.125.200.0-255,5738,110170,35,258372
9501,0.002165,172.31.33.0-255,66,110236,35,258372
9502,0.002188,74.125.200.0-255,1484,111720,35,258372
9503,0.002191,74.125.200.0-255,1484,113204,35,258372
9504,0.002193,172.31.33.0-255,66,113270,35,258372
9505,0.002234,172.31.33.0-255,66,113336,35,258372
9506,0.002238,74.125.200.0-255,2184,115520,35,258372
9507,0.002241,172.31.33.0-255,66,115586,35,258372
9508,0.002292,74.125.200.0-255,1484,117070,35,258372
9509,0.002325,74.125.200.0-255,2902,119972,35,258372
9510,0.002328,172.31.33.0-255,66,120038,35,258372
9511,0.002333,74.125.200.0-255,5738,125776,35,258372
9512,0.002336,172.31.33.0-255,66,125842,35,258372
9513,0.002374,172.31.33.0-255,66,125908,35,258372
9514,0.002378,74.125.200.0-255,4320,130228,35,258372
9515,0.00238,172.31.33.0-255,66,130294,35,258372
9516,0.002412,74.125.200.0-255,2902,133196,35,258372
9517,0.002415,172.31.33.0-255,66,133262,35,258372
9518,0.002432,74.125.200.0-255,3602,136864,35,258372
9519,0.002434,172.31.33.0-255,66,136930,35,258372
9520,0.002469,74.125.200.0-255,1484,138414,35,258372
9521,0.002473,74.125.200.0-255,1484,139898,35,258372
9522,0.002475,172.31.33.0-255,66,139964,35,258372
9523,0.0025,74.125.200.0-255,1484,141448,35,258372
9524,0.002505,74.125.200.0-255,5738,147186,35,258372
9525,0.002507,172.31.33.0-255,66,147252,35,258372
9526,0.002539,172.31.33.0-255,66,147318,35,258372
9527,0.002544,74.125.200.0-255,4320,151638,35,258372
9528,0.002546,172.31.33.0-255,66,151704,35,258372
9529,0.00258,74.125.200.0-255,7156,158860,35,258372
9530,0.002582,172.31.33.0-255,66,158926,35,258372
9531,0.002586,74.125.200.0-255,2184,161110,35,258372
9532,0.002588,172.31.33.0-255,66,161176,35,258372
9533,0.002711,74.125.200.0-255,1484,162660,35,258372
9534,0.002726,74.125.200.0-255,2902,165562,35,258372
9535,0.002729,172.31.33.0-255,66,165628,35,258372
9536,0.00276,74.125.200.0-255,5738,171366,35,258372
9537,0.002763,172.31.33.0-255,66,171432,35,258372
9538,0.002806,172.31.33.0-255,66,171498,35,258372
9539,0.002818,172.31.33.0-255,66,171564,35,258372
9540,0.002823,74.125.200.0-255,5020,176584,35,258372
9541,0.002829,172.31.33.0-255,66,176650,35,258372
9542,0.002884,74.125.200.0-255,1484,178134,35,258372
9543,0.002895,74.125.200.0-255,1484,179618,35,258372
9544,0.002898,172.31.33.0-255,66,179684,35,258372
9545,0.002911,74.125.200.0-255,2902,182586,35,258372
9546,0.002918,172.31.33.0-255,66,182652,35,258372
9547,0.002938,74.125.200.0-255,1484,184136,35,258372
9548,0.002942,74.125.200.0-255,1484,185620,35,258372
9549,0.002944,172.31.33.0-255,66,185686,35,258372
9550,0.002949,74.125.200.0-255,2902,188588,35,258372
9551,0.002951,172.31.33.0-255,66,188654,35,258372
9552,0.002956,74.125.200.0-255,5738,194392,35,258372
9553,0.002959,172.31.33.0-255,66,194458,35,258372
9554,0.002996,172.31.33.0-255,66,194524,35,258372
9555,0.003014,74.125.200.0-255,4320,198844,35,258372
9556,0.003022,172.31.33.0-255,66,198910,35,258372
9557,0.003033,172.31.33.0-255,66,198976,35,258372
9558,0.003038,74.125.200.0-255,5738,204714,35,258372
9559,0.003041,172.31.33.0-255,66,204780,35,258372
9560,0.003071,74.125.200.0-255,7156,211936,35,258372
9561,0.003079,172.31.33.0-255,66,212002,35,258372
9562,0.003116,74.125.200.0-255,1484,213486,35,258372
9563,0.003149,172.31.33.0-255,66,213552,35,258372
9564,0.003156,74.125.200.0-255,6438,219990,35,258372
9565,0.003158,172.31.33.0-255,66,220056,35,258372
9566,0.003171,74.125.200.0-255,7156,227212,35,258372
9567,0.003175,172.31.33.0-255,66,227278,35,258372
9568,0.003204,74.125.200.0-255,5738,233016,35,258372
9569,0.003208,172.31.33.0-255,66,233082,35,258372
9570,0.003214,74.125.200.0-255,7156,240238,35,258372
9571,0.003217,172.31.33.0-255,66,240304,35,258372
9572,0.003265,172.31.33.0-255,66,240370,35,258372
9573,0.003292,172.31.33.0-255,66,240436,35,258372
9574,0.003318,74.125.200.0-255,4320,244756,35,258372
9575,0.00332,74.125.200.0-255,1484,246240,35,258372
9576,0.003323,172.31.33.0-255,66,246306,35,258372
9577,0.003323,74.125.200.0-255,1484,247790,35,258372
9578,0.003327,172.31.33.0-255,66,247856,35,258372
9579,0.003377,172.31.33.0-255,66,247922,35,258372
9580,0.003381,74.125.200.0-255,105,248027,35,258372
9581,0.012567,172.31.33.0-255,66,248093,35,258372
9582,0.0126,172.31.33.0-255,105,248198,35,258372
9583,0.015097,74.125.200.0-255,66,248264,35,258372
9584,0.043074,172.31.33.0-255,172,248436,35,258372
9585,0.043102,172.31.33.0-255,1107,249543,35,258372
9586,0.043161,172.31.33.0-255,1514,251057,35,258372
9587,0.043163,172.31.33.0-255,1514,252571,35,258372
9588,0.043168,172.31.33.0-255,1514,254085,35,258372
9589,0.043169,172.31.33.0-255,1514,255599,35,258372
9590,0.043186,172.31.33.0-255,1514,257113,35,258372
9591,0.043187,172.31.33.0-255,929,258042,35,258372
9592,0.044614,104.244.42.0-255,66,258108,35,258372
9593,0.044685,104.244.42.0-255,66,258174,35,258372
9594,0.044741,104.244.42.0-255,66,258240,35,258372
9595,0.044745,104.244.42.0-255,66,258306,35,258372
9596,0.044747,104.244.42.0-255,66,258372,35,258372
9597,0.0,74.125.24.0-255,146,146,35,269128
9598,2.2e-05,172.31.33.0-255,66,212,35,269128
9599,2.9e-05,74.125.24.0-255,1484,1696,35,269128
9600,3.3e-05,172.31.33.0-255,66,1762,35,269128
9601,3.9e-05,74.125.24.0-255,2902,4664,35,269128
9602,5e-05,172.31.33.0-255,66,4730,35,269128
9603,5.7e-05,74.125.24.0-255,5738,10468,35,269128
9604,6e-05,172.31.33.0-255,66,10534,35,269128
9605,6.5e-05,74.125.24.0-255,4320,14854,35,269128
9606,6.8e-05,172.31.33.0-255,66,14920,35,269128
9607,0.000105,74.125.24.0-255,6228,21148,35,269128
9608,0.000109,172.31.33.0-255,66,21214,35,269128
9609,0.000142,172.31.33.0-255,66,21280,35,269128
9610,0.000195,74.125.24.0-255,4320,25600,35,269128
9611,0.000197,172.31.33.0-255,66,25666,35,269128
9612,0.000229,74.125.24.0-255,2902,28568,35,269128
9613,0.000231,172.31.33.0-255,66,28634,35,269128
9614,0.000237,74.125.24.0-255,4320,32954,35,269128
9615,0.000239,172.31.33.0-255,66,33020,35,269128
9616,0.00026,74.125.24.0-255,4320,37340,35,269128
9617,0.000263,172.31.33.0-255,66,37406,35,269128
9618,0.00032,172.31.33.0-255,66,37472,35,269128
9619,0.000347,74.125.24.0-255,6750,44222,35,269128
9620,0.00035,172.31.33.0-255,66,44288,35,269128
9621,0.000372,74.125.24.0-255,109,44397,35,269128
9622,0.000374,172.31.33.0-255,66,44463,35,269128
9623,0.000377,74.125.24.0-255,331,44794,35,269128
9624,0.000379,172.31.33.0-255,66,44860,35,269128
9625,0.000426,74.125.24.0-255,2902,47762,35,269128
9626,0.000429,172.31.33.0-255,66,47828,35,269128
9627,0.000453,74.125.24.0-255,7156,54984,35,269128
9628,0.000455,172.31.33.0-255,66,55050,35,269128
9629,0.000486,172.31.33.0-255,66,55116,35,269128
9630,0.000546,172.31.33.0-255,66,55182,35,269128
9631,0.000557,74.125.24.0-255,2543,57725,35,269128
9632,0.000565,172.31.33.0-255,66,57791,35,269128
9633,0.00184,74.125.24.0-255,1484,59275,35,269128
9634,0.001848,74.125.24.0-255,1484,60759,35,269128
9635,0.001853,172.31.33.0-255,66,60825,35,269128
9636,0.001879,74.125.24.0-255,1484,62309,35,269128
9637,0.001886,74.125.24.0-255,5738,68047,35,269128
9638,0.001889,172.31.33.0-255,66,68113,35,269128
9639,0.001895,74.125.24.0-255,5738,73851,35,269128
9640,0.001897,172.31.33.0-255,66,73917,35,269128
9641,0.001926,74.125.24.0-255,7156,81073,35,269128
9642,0.001928,172.31.33.0-255,66,81139,35,269128
9643,0.00198,74.125.24.0-255,5738,86877,35,269128
9644,0.001983,172.31.33.0-255,66,86943,35,269128
9645,0.002003,74.125.24.0-255,5020,91963,35,269128
9646,0.002005,172.31.33.0-255,66,92029,35,269128
9647,0.002039,74.125.24.0-255,1484,93513,35,269128
9648,0.002043,74.125.24.0-255,1484,94997,35,269128
9649,0.002045,172.31.33.0-255,66,95063,35,269128
9650,0.002069,74.125.24.0-255,1484,96547,35,269128
9651,0.002076,74.125.24.0-255,5738,102285,35,269128
9652,0.002078,172.31.33.0-255,66,102351,35,269128
9653,0.002107,74.125.24.0-255,4320,106671,35,269128
9654,0.00211,172.31.33.0-255,66,106737,35,269128
9655,0.002136,172.31.33.0-255,66,106803,35,269128
9656,0.002185,74.125.24.0-255,5738,112541,35,269128
9657,0.002187,172.31.33.0-255,66,112607,35,269128
9658,0.002212,74.125.24.0-255,1484,114091,35,269128
9659,0.00223,74.125.24.0-255,3602,117693,35,269128
9660,0.002233,172.31.33.0-255,66,117759,35,269128
9661,0.004498,74.125.24.0-255,5738,123497,35,269128
9662,0.004505,172.31.33.0-255,66,123563,35,269128
9663,0.006735,74.125.24.0-255,5738,129301,35,269128
9664,0.00674,172.31.33.0-255,66,129367,35,269128
9665,0.009029,74.125.24.0-255,5738,135105,35,269128
9666,0.009036,172.31.33.0-255,66,135171,35,269128
9667,0.011322,74.125.24.0-255,5738,140909,35,269128
9668,0.011331,172.31.33.0-255,66,140975,35,269128
9669,0.013616,74.125.24.0-255,5738,146713,35,269128
9670,0.013625,172.31.33.0-255,66,146779,35,269128
9671,0.015913,74.125.24.0-255,5738,152517,35,269128
9672,0.015922,172.31.33.0-255,66,152583,35,269128
9673,0.018182,74.125.24.0-255,5738,158321,35,269128
9674,0.018193,172.31.33.0-255,66,158387,35,269128
9675,0.020441,74.125.24.0-255,5738,164125,35,269128
9676,0.020448,172.31.33.0-255,66,164191,35,269128
9677,0.022731,74.125.24.0-255,5738,169929,35,269128
9678,0.022739,172.31.33.0-255,66,169995,35,269128
9679,0.024985,74.125.24.0-255,5738,175733,35,269128
9680,0.024993,172.31.33.0-255,66,175799,35,269128
9681,0.026144,172.31.33.0-255,172,175971,35,269128
9682,0.026172,172.31.33.0-255,1107,177078,35,269128
9683,0.026237,172.31.33.0-255,1514,178592,35,269128
9684,0.026238,172.31.33.0-255,1514,180106,35,269128
9685,0.026239,172.31.33.0-255,1514,181620,35,269128
9686,0.02624,172.31.33.0-255,184,181804,35,269128
9687,0.027246,74.125.24.0-255,5738,187542,35,269128
9688,0.027253,172.31.33.0-255,66,187608,35,269128
9689,0.027719,104.244.42.0-255,66,187674,35,269128
9690,0.027759,104.244.42.0-255,66,187740,35,269128
9691,0.027792,104.244.42.0-255,66,187806,35,269128
9692,0.027803,104.244.42.0-255,66,187872,35,269128
9693,0.029556,74.125.24.0-255,5738,193610,35,269128
9694,0.029562,172.31.33.0-255,66,193676,35,269128
9695,0.031847,74.125.24.0-255,5738,199414,35,269128
9696,0.031853,172.31.33.0-255,66,199480,35,269128
9697,0.034175,74.125.24.0-255,5738,205218,35,269128
9698,0.034182,172.31.33.0-255,66,205284,35,269128
9699,0.036502,74.125.24.0-255,5738,211022,35,269128
9700,0.03652,172.31.33.0-255,66,211088,35,269128
9701,0.038833,74.125.24.0-255,5738,216826,35,269128
9702,0.038845,172.31.33.0-255,66,216892,35,269128
9703,0.041134,74.125.24.0-255,5738,222630,35,269128
9704,0.041151,172.31.33.0-255,66,222696,35,269128
9705,0.04344,74.125.24.0-255,5738,228434,35,269128
9706,0.043463,172.31.33.0-255,66,228500,35,269128
9707,0.045779,74.125.24.0-255,5738,234238,35,269128
9708,0.045794,172.31.33.0-255,66,234304,35,269128
9709,0.048093,74.125.24.0-255,5738,240042,35,269128
9710,0.04811,172.31.33.0-255,66,240108,35,269128
9711,0.050411,74.125.24.0-255,5738,245846,35,269128
9712,0.050431,172.31.33.0-255,66,245912,35,269128
9713,0.052702,74.125.24.0-255,5738,251650,35,269128
9714,0.052723,172.31.33.0-255,66,251716,35,269128
9715,0.055003,74.125.24.0-255,5738,257454,35,269128
9716,0.055025,172.31.33.0-255,66,257520,35,269128
9717,0.057298,74.125.24.0-255,5738,263258,35,269128
9718,0.057318,172.31.33.0-255,66,263324,35,269128
9719,0.05961,74.125.24.0-255,5738,269062,35,269128
9720,0.05963,172.31.33.0-255,66,269128,35,269128
9721,0.0,172.31.33.0-255,105,105,35,276
9722,0.001784,157.240.7.0-255,105,210,35,276
9723,0.001796,172.31.33.0-255,66,276,35,276
9724,0.0,172.31.33.0-255,105,105,35,276
9725,0.002065,157.240.7.0-255,105,210,35,276
9726,0.002081,172.31.33.0-255,66,276,35,276
9727,0.0,172.31.33.0-255,105,105,35,276
9728,0.001778,157.240.7.0-255,105,210,35,276
9729,0.001791,172.31.33.0-255,66,276,35,276
9730,0.0,172.31.33.0-255,105,105,35,276
9731,0.002045,157.240.7.0-255,105,210,35,276
9732,0.002054,172.31.33.0-255,66,276,35,276
9733,0.0,172.217.194.0-255,153,153,35,279221
9734,2.2e-05,172.31.33.0-255,66,219,35,279221
9735,2.8e-05,172.217.194.0-255,1484,1703,35,279221
9736,3.4e-05,172.31.33.0-255,66,1769,35,279221
9737,4.6e-05,172.217.194.0-255,2902,4671,35,279221
9738,4.9e-05,172.31.33.0-255,66,4737,35,279221
9739,5.7e-05,172.217.194.0-255,7156,11893,35,279221
9740,6e-05,172.31.33.0-255,66,11959,35,279221
9741,6.5e-05,172.217.194.0-255,2119,14078,35,279221
9742,6.8e-05,172.31.33.0-255,66,14144,35,279221
9743,0.000118,172.217.194.0-255,1484,15628,35,279221
9744,0.000121,172.31.33.0-255,66,15694,35,279221
9745,0.000126,172.217.194.0-255,2902,18596,35,279221
9746,0.000129,172.31.33.0-255,66,18662,35,279221
9747,0.000132,172.217.194.0-255,1484,20146,35,279221
9748,0.000139,172.31.33.0-255,66,20212,35,279221
9749,0.000173,172.217.194.0-255,4320,24532,35,279221
9750,0.000175,172.31.33.0-255,66,24598,35,279221
9751,0.00018,172.217.194.0-255,2902,27500,35,279221
9752,0.000183,172.31.33.0-255,66,27566,35,279221
9753,0.000214,172.217.194.0-255,3961,31527,35,279221
9754,0.000217,172.31.33.0-255,66,31593,35,279221
9755,0.000222,172.217.194.0-255,4320,35913,35,279221
9756,0.000224,172.31.33.0-255,66,35979,35,279221
9757,0.000253,172.217.194.0-255,2902,38881,35,279221
9758,0.000257,172.31.33.0-255,66,38947,35,279221
9759,0.000263,172.217.194.0-255,5738,44685,35,279221
9760,0.000265,172.31.33.0-255,66,44751,35,279221
9761,0.00027,172.217.194.0-255,2902,47653,35,279221
9762,0.000272,172.31.33.0-255,66,47719,35,279221
9763,0.0003,172.217.194.0-255,1125,48844,35,279221
9764,0.000304,172.31.33.0-255,66,48910,35,279221
9765,0.00031,172.217.194.0-255,4320,53230,35,279221
9766,0.000312,172.31.33.0-255,66,53296,35,279221
9767,0.000329,172.31.33.0-255,66,53362,35,279221
9768,0.000333,172.217.194.0-255,2543,55905,35,279221
9769,0.000335,172.31.33.0-255,66,55971,35,279221
9770,0.000364,172.217.194.0-255,678,56649,35,279221
9771,0.000696,172.217.194.0-255,1484,58133,35,279221
9772,0.000708,172.31.33.0-255,66,58199,35,279221
9773,0.000714,172.217.194.0-255,2902,61101,35,279221
9774,0.000717,172.31.33.0-255,66,61167,35,279221
9775,0.000742,172.217.194.0-255,2902,64069,35,279221
9776,0.000745,172.31.33.0-255,66,64135,35,279221
9777,0.000771,172.217.194.0-255,2902,67037,35,279221
9778,0.000775,172.31.33.0-255,66,67103,35,279221
9779,0.000782,172.217.194.0-255,6797,73900,35,279221
9780,0.000784,172.31.33.0-255,66,73966,35,279221
9781,0.000803,172.31.33.0-255,66,74032,35,279221
9782,0.000826,172.217.194.0-255,1484,75516,35,279221
9783,0.000834,172.217.194.0-255,2543,78059,35,279221
9784,0.000839,172.31.33.0-255,66,78125,35,279221
9785,0.001286,172.217.194.0-255,1484,79609,35,279221
9786,0.001293,172.217.194.0-255,2902,82511,35,279221
9787,0.001296,172.31.33.0-255,66,82577,35,279221
9788,0.001304,172.217.194.0-255,5738,88315,35,279221
9789,0.001306,172.31.33.0-255,66,88381,35,279221
9790,0.001369,172.31.33.0-255,66,88447,35,279221
9791,0.001383,172.31.33.0-255,66,88513,35,279221
9792,0.001403,172.31.33.0-255,66,88579,35,279221
9793,0.001428,172.217.194.0-255,4320,92899,35,279221
9794,0.001438,172.217.194.0-255,5738,98637,35,279221
9795,0.001442,172.31.33.0-255,66,98703,35,279221
9796,0.001445,172.31.33.0-255,66,98769,35,279221
9797,0.001465,172.31.33.0-255,66,98835,35,279221
9798,0.001871,172.217.194.0-255,1484,100319,35,279221
9799,0.001878,172.217.194.0-255,2902,103221,35,279221
9800,0.001882,172.31.33.0-255,66,103287,35,279221
9801,0.001886,172.217.194.0-255,1484,104771,35,279221
9802,0.001917,172.217.194.0-255,4320,109091,35,279221
9803,0.00192,172.31.33.0-255,66,109157,35,279221
9804,0.001927,172.217.194.0-255,7156,116313,35,279221
9805,0.001929,172.31.33.0-255,66,116379,35,279221
9806,0.001969,172.217.194.0-255,5738,122117,35,279221
9807,0.001972,172.31.33.0-255,66,122183,35,279221
9808,0.002012,172.31.33.0-255,66,122249,35,279221
9809,0.002015,172.217.194.0-255,1484,123733,35,279221
9810,0.002021,172.217.194.0-255,2902,126635,35,279221
9811,0.002023,172.31.33.0-255,66,126701,35,279221
9812,0.002033,172.217.194.0-255,5738,132439,35,279221
9813,0.002035,172.31.33.0-255,66,132505,35,279221
9814,0.002038,172.217.194.0-255,1484,133989,35,279221
9815,0.002078,172.31.33.0-255,66,134055,35,279221
9816,0.002096,172.31.33.0-255,66,134121,35,279221
9817,0.004322,172.217.194.0-255,5738,139859,35,279221
9818,0.00433,172.31.33.0-255,66,139925,35,279221
9819,0.006547,172.217.194.0-255,5738,145663,35,279221
9820,0.006553,172.31.33.0-255,66,145729,35,279221
9821,0.008779,172.217.194.0-255,5738,151467,35,279221
9822,0.008785,172.31.33.0-255,66,151533,35,279221
9823,0.011017,172.217.194.0-255,5738,157271,35,279221
9824,0.011035,172.31.33.0-255,66,157337,35,279221
9825,0.013272,172.217.194.0-255,5738,163075,35,279221
9826,0.013286,172.31.33.0-255,66,163141,35,279221
9827,0.015533,172.217.194.0-255,5738,168879,35,279221
9828,0.015546,172.31.33.0-255,66,168945,35,279221
9829,0.017764,172.217.194.0-255,5738,174683,35,279221
9830,0.017781,172.31.33.0-255,66,174749,35,279221
9831,0.019986,172.217.194.0-255,5738,180487,35,279221
9832,0.020001,172.31.33.0-255,66,180553,35,279221
9833,0.022224,172.217.194.0-255,5738,186291,35,279221
9834,0.022232,172.31.33.0-255,66,186357,35,279221
9835,0.024448,172.217.194.0-255,5738,192095,35,279221
9836,0.024451,172.31.33.0-255,66,192161,35,279221
9837,0.026656,172.217.194.0-255,5738,197899,35,279221
9838,0.026663,172.31.33.0-255,66,197965,35,279221
9839,0.0289,172.217.194.0-255,5738,203703,35,279221
9840,0.028915,172.31.33.0-255,66,203769,35,279221
9841,0.031117,172.217.194.0-255,5738,209507,35,279221
9842,0.031124,172.31.33.0-255,66,209573,35,279221
9843,0.033321,172.217.194.0-255,5738,215311,35,279221
9844,0.033328,172.31.33.0-255,66,215377,35,279221
9845,0.035539,172.217.194.0-255,5738,221115,35,279221
9846,0.035547,172.31.33.0-255,66,221181,35,279221
9847,0.037755,172.217.194.0-255,5738,226919,35,279221
9848,0.037766,172.31.33.0-255,66,226985,35,279221
9849,0.039974,172.217.194.0-255,5738,232723,35,279221
9850,0.039983,172.31.33.0-255,66,232789,35,279221
9851,0.042232,172.217.194.0-255,5738,238527,35,279221
9852,0.04225,172.31.33.0-255,66,238593,35,279221
9853,0.044458,172.217.194.0-255,5738,244331,35,279221
9854,0.044466,172.31.33.0-255,66,244397,35,279221
9855,0.046686,172.217.194.0-255,5738,250135,35,279221
9856,0.046698,172.31.33.0-255,66,250201,35,279221
9857,0.048955,172.217.194.0-255,5738,255939,35,279221
9858,0.048969,172.31.33.0-255,66,256005,35,279221
9859,0.0512,172.217.194.0-255,5738,261743,35,279221
9860,0.051207,172.31.33.0-255,66,261809,35,279221
9861,0.053408,172.217.194.0-255,5738,267547,35,279221
9862,0.053417,172.31.33.0-255,66,267613,35,279221
9863,0.05564,172.217.194.0-255,5738,273351,35,279221
9864,0.055654,172.31.33.0-255,66,273417,35,279221
9865,0.057879,172.217.194.0-255,5738,279155,35,279221
9866,0.057886,172.31.33.0-255,66,279221,35,279221
9867,0.0,172.31.33.0-255,105,105,35,276
9868,0.00149,157.240.7.0-255,105,210,35,276
9869,0.001498,172.31.33.0-255,66,276,35,276
9870,0.0,172.217.194.0-255,147,147,35,166225
9871,2.6e-05,172.31.33.0-255,66,213,35,166225
9872,3.3e-05,172.217.194.0-255,1484,1697,35,166225
9873,3.6e-05,172.31.33.0-255,66,1763,35,166225
9874,4.1e-05,172.217.194.0-255,2902,4665,35,166225
9875,4.4e-05,172.31.33.0-255,66,4731,35,166225
9876,5.1e-05,172.217.194.0-255,5738,10469,35,166225
9877,5.4e-05,172.31.33.0-255,66,10535,35,166225
9878,7e-05,172.217.194.0-255,1484,12019,35,166225
9879,7.2e-05,172.31.33.0-255,66,12085,35,166225
9880,7.6e-05,172.217.194.0-255,1484,13569,35,166225
9881,7.8e-05,172.31.33.0-255,66,13635,35,166225
9882,8.1e-05,172.217.194.0-255,710,14345,35,166225
9883,8.2e-05,172.31.33.0-255,66,14411,35,166225
9884,0.000106,172.217.194.0-255,1484,15895,35,166225
9885,0.000108,172.31.33.0-255,66,15961,35,166225
9886,0.000121,172.217.194.0-255,1484,17445,35,166225
9887,0.000123,172.31.33.0-255,66,17511,35,166225
9888,0.000144,172.217.194.0-255,2902,20413,35,166225
9889,0.000147,172.31.33.0-255,66,20479,35,166225
9890,0.000159,172.31.33.0-255,66,20545,35,166225
9891,0.000162,172.217.194.0-255,1125,21670,35,166225
9892,0.000164,172.31.33.0-255,66,21736,35,166225
9893,0.000216,172.217.194.0-255,4320,26056,35,166225
9894,0.00022,172.31.33.0-255,66,26122,35,166225
9895,0.000245,172.31.33.0-255,66,26188,35,166225
9896,0.000279,172.217.194.0-255,3961,30149,35,166225
9897,0.000283,172.31.33.0-255,66,30215,35,166225
9898,0.000517,172.217.194.0-255,1484,31699,35,166225
9899,0.000523,172.31.33.0-255,66,31765,35,166225
9900,0.000528,172.217.194.0-255,2902,34667,35,166225
9901,0.000531,172.31.33.0-255,66,34733,35,166225
9902,0.00056,172.217.194.0-255,5738,40471,35,166225
9903,0.000563,172.31.33.0-255,66,40537,35,166225
9904,0.000571,172.217.194.0-255,6797,47334,35,166225
9905,0.000573,172.31.33.0-255,66,47400,35,166225
9906,0.000597,172.217.194.0-255,647,48047,35,166225
9907,0.000618,172.217.194.0-255,1484,49531,35,166225
9908,0.000622,172.31.33.0-255,66,49597,35,166225
9909,0.000626,172.217.194.0-255,1484,51081,35,166225
9910,0.000642,172.217.194.0-255,2902,53983,35,166225
9911,0.000646,172.31.33.0-255,66,54049,35,166225
9912,0.000666,172.217.194.0-255,4320,58369,35,166225
9913,0.000669,172.31.33.0-255,66,58435,35,166225
9914,0.000693,172.217.194.0-255,5738,64173,35,166225
9915,0.000696,172.31.33.0-255,66,64239,35,166225
9916,0.0007,172.217.194.0-255,2543,66782,35,166225
9917,0.000704,172.31.33.0-255,66,66848,35,166225
9918,0.000705,172.217.194.0-255,4320,71168,35,166225
9919,0.000707,172.31.33.0-255,66,71234,35,166225
9920,0.000747,172.31.33.0-255,66,71300,35,166225
9921,0.00075,172.217.194.0-255,1125,72425,35,166225
9922,0.001005,172.31.33.0-255,66,72491,35,166225
9923,0.001203,172.217.194.0-255,1484,73975,35,166225
9924,0.001213,172.217.194.0-255,2902,76877,35,166225
9925,0.001218,172.31.33.0-255,66,76943,35,166225
9926,0.001225,172.217.194.0-255,5738,82681,35,166225
9927,0.001227,172.31.33.0-255,66,82747,35,166225
9928,0.001251,172.217.194.0-255,7156,89903,35,166225
9929,0.001254,172.31.33.0-255,66,89969,35,166225
9930,0.001276,172.217.194.0-255,5738,95707,35,166225
9931,0.001279,172.31.33.0-255,66,95773,35,166225
9932,0.001291,172.31.33.0-255,66,95839,35,166225
9933,0.001314,172.217.194.0-255,766,96605,35,166225
9934,0.00133,172.217.194.0-255,2902,99507,35,166225
9935,0.001334,172.31.33.0-255,66,99573,35,166225
9936,0.001339,172.217.194.0-255,4320,103893,35,166225
9937,0.001341,172.31.33.0-255,66,103959,35,166225
9938,0.00138,172.31.33.0-255,66,104025,35,166225
9939,0.001386,172.217.194.0-255,4320,108345,35,166225
9940,0.001387,172.31.33.0-255,66,108411,35,166225
9941,0.001415,172.31.33.0-255,66,108477,35,166225
9942,0.001487,172.217.194.0-255,1484,109961,35,166225
9943,0.001493,172.217.194.0-255,2902,112863,35,166225
9944,0.001496,172.31.33.0-255,66,112929,35,166225
9945,0.001521,172.217.194.0-255,5738,118667,35,166225
9946,0.001525,172.217.194.0-255,2902,121569,35,166225
9947,0.001529,172.31.33.0-255,66,121635,35,166225
9948,0.001533,172.31.33.0-255,66,121701,35,166225
9949,0.001552,172.31.33.0-255,66,121767,35,166225
9950,0.001564,172.31.33.0-255,66,121833,35,166225
9951,0.001932,172.217.194.0-255,1484,123317,35,166225
9952,0.001938,172.217.194.0-255,2902,126219,35,166225
9953,0.001945,172.31.33.0-255,66,126285,35,166225
9954,0.001955,172.217.194.0-255,2902,129187,35,166225
9955,0.001957,172.31.33.0-255,66,129253,35,166225
9956,0.00197,172.217.194.0-255,1484,130737,35,166225
9957,0.002006,172.217.194.0-255,4320,135057,35,166225
9958,0.002007,172.31.33.0-255,66,135123,35,166225
9959,0.002022,172.217.194.0-255,4320,139443,35,166225
9960,0.002024,172.31.33.0-255,66,139509,35,166225
9961,0.002038,172.31.33.0-255,66,139575,35,166225
9962,0.002051,172.217.194.0-255,1484,141059,35,166225
9963,0.002083,172.31.33.0-255,66,141125,35,166225
9964,0.002086,172.217.194.0-255,1484,142609,35,166225
9965,0.002118,172.217.194.0-255,4320,146929,35,166225
9966,0.002121,172.31.33.0-255,66,146995,35,166225
9967,0.002152,172.31.33.0-255,66,147061,35,166225
9968,0.002162,172.31.33.0-255,66,147127,35,166225
9969,0.002191,172.31.33.0-255,66,147193,35,166225
9970,0.002203,172.31.33.0-255,66,147259,35,166225
9971,0.002227,172.217.194.0-255,5738,152997,35,166225
9972,0.002229,172.31.33.0-255,66,153063,35,166225
9973,0.002254,172.31.33.0-255,66,153129,35,166225
9974,0.002258,172.217.194.0-255,2902,156031,35,166225
9975,0.00226,172.31.33.0-255,66,156097,35,166225
9976,0.002309,172.31.33.0-255,66,156163,35,166225
9977,0.002312,172.31.33.0-255,66,156229,35,166225
9978,0.00234,172.217.194.0-255,5738,161967,35,166225
9979,0.002343,172.31.33.0-255,66,162033,35,166225
9980,0.002399,172.31.33.0-255,66,162099,35,166225
9981,0.00241,172.31.33.0-255,66,162165,35,166225
9982,0.002412,172.217.194.0-255,105,162270,35,166225
9983,0.004325,172.31.33.0-255,66,162336,35,166225
9984,0.004361,172.31.33.0-255,105,162441,35,166225
9985,0.006913,172.217.194.0-255,66,162507,35,166225
9986,0.05276,172.31.33.0-255,188,162695,35,166225
9987,0.05279,172.31.33.0-255,952,163647,35,166225
9988,0.052863,172.31.33.0-255,1514,165161,35,166225
9989,0.052865,172.31.33.0-255,866,166027,35,166225
9990,0.054288,104.244.42.0-255,66,166093,35,166225
9991,0.054465,104.244.42.0-255,66,166159,35,166225
9992,0.054503,104.244.42.0-255,66,166225,35,166225
9993,0.0,172.31.33.0-255,105,105,35,276
9994,0.001549,157.240.7.0-255,105,210,35,276
9995,0.001557,172.31.33.0-255,66,276,35,276
9996,0.0,172.31.33.0-255,105,105,35,276
9997,0.002082,157.240.7.0-255,105,210,35,276
9998,0.002093,172.31.33.0-255,66,276,35,276
9999,0.0,74.125.24.0-255,153,153,35,270160
10000,3.2e-05,172.31.33.0-255,66,219,35,270160
10001,3.9e-05,74.125.24.0-255,1484,1703,35,270160
10002,4.4e-05,172.31.33.0-255,66,1769,35,270160
10003,4.8e-05,74.125.24.0-255,2902,4671,35,270160
10004,5.2e-05,172.31.33.0-255,66,4737,35,270160
10005,8.2e-05,74.125.24.0-255,7156,11893,35,270160
10006,8.5e-05,172.31.33.0-255,66,11959,35,270160
10007,9.2e-05,74.125.24.0-255,7156,19115,35,270160
10008,9.7e-05,172.31.33.0-255,66,19181,35,270160
10009,0.000106,74.125.24.0-255,1993,21174,35,270160
10010,0.000108,172.31.33.0-255,66,21240,35,270160
10011,0.000116,74.125.24.0-255,5738,26978,35,270160
10012,0.000118,172.31.33.0-255,66,27044,35,270160
10013,0.000139,74.125.24.0-255,3961,31005,35,270160
10014,0.000142,172.31.33.0-255,66,31071,35,270160
10015,0.00023,74.125.24.0-255,1484,32555,35,270160
10016,0.000235,172.31.33.0-255,66,32621,35,270160
10017,0.000247,74.125.24.0-255,2902,35523,35,270160
10018,0.00025,172.31.33.0-255,66,35589,35,270160
10019,0.000256,74.125.24.0-255,5738,41327,35,270160
10020,0.000259,172.31.33.0-255,66,41393,35,270160
10021,0.000287,74.125.24.0-255,2902,44295,35,270160
10022,0.000291,172.31.33.0-255,66,44361,35,270160
10023,0.000328,172.31.33.0-255,66,44427,35,270160
10024,0.000339,172.31.33.0-255,66,44493,35,270160
10025,0.000342,74.125.24.0-255,1479,45972,35,270160
10026,0.000345,172.31.33.0-255,66,46038,35,270160
10027,0.000616,74.125.24.0-255,331,46369,35,270160
10028,0.000621,172.31.33.0-255,66,46435,35,270160
10029,0.000869,74.125.24.0-255,1484,47919,35,270160
10030,0.000875,74.125.24.0-255,2902,50821,35,270160
10031,0.000878,172.31.33.0-255,66,50887,35,270160
10032,0.000901,74.125.24.0-255,5738,56625,35,270160
10033,0.000904,172.31.33.0-255,66,56691,35,270160
10034,0.000907,74.125.24.0-255,1484,58175,35,270160
10035,0.000937,172.31.33.0-255,66,58241,35,270160
10036,0.000985,172.31.33.0-255,66,58307,35,270160
10037,0.001007,74.125.24.0-255,1484,59791,35,270160
10038,0.00101,74.125.24.0-255,1125,60916,35,270160
10039,0.001013,172.31.33.0-255,66,60982,35,270160
10040,0.001443,74.125.24.0-255,1484,62466,35,270160
10041,0.001466,74.125.24.0-255,2902,65368,35,270160
10042,0.00147,172.31.33.0-255,66,65434,35,270160
10043,0.001477,74.125.24.0-255,5738,71172,35,270160
10044,0.001479,172.31.33.0-255,66,71238,35,270160
10045,0.001491,172.31.33.0-255,66,71304,35,270160
10046,0.00152,74.125.24.0-255,4320,75624,35,270160
10047,0.001524,172.31.33.0-255,66,75690,35,270160
10048,0.001535,172.31.33.0-255,66,75756,35,270160
10049,0.001553,74.125.24.0-255,2184,77940,35,270160
10050,0.001556,172.31.33.0-255,66,78006,35,270160
10051,0.001591,74.125.24.0-255,2902,80908,35,270160
10052,0.001595,172.31.33.0-255,66,80974,35,270160
10053,0.001599,74.125.24.0-255,2902,83876,35,270160
10054,0.001601,172.31.33.0-255,66,83942,35,270160
10055,0.001604,74.125.24.0-255,1484,85426,35,270160
10056,0.001618,74.125.24.0-255,2902,88328,35,270160
10057,0.001621,172.31.33.0-255,66,88394,35,270160
10058,0.001642,74.125.24.0-255,2902,91296,35,270160
10059,0.001645,172.31.33.0-255,66,91362,35,270160
10060,0.001662,74.125.24.0-255,7156,98518,35,270160
10061,0.001664,172.31.33.0-255,66,98584,35,270160
10062,0.001705,172.31.33.0-255,66,98650,35,270160
10063,0.001713,74.125.24.0-255,5020,103670,35,270160
10064,0.001716,172.31.33.0-255,66,103736,35,270160
10065,0.001739,74.125.24.0-255,1484,105220,35,270160
10066,0.001744,74.125.24.0-255,2902,108122,35,270160
10067,0.001747,172.31.33.0-255,66,108188,35,270160
10068,0.001752,74.125.24.0-255,2902,111090,35,270160
10069,0.001756,172.31.33.0-255,66,111156,35,270160
10070,0.001769,74.125.24.0-255,2902,114058,35,270160
10071,0.001772,172.31.33.0-255,66,114124,35,270160
10072,0.001776,74.125.24.0-255,2902,117026,35,270160
10073,0.001779,172.31.33.0-255,66,117092,35,270160
10074,0.001801,172.31.33.0-255,66,117158,35,270160
10075,0.001804,74.125.24.0-255,1484,118642,35,270160
10076,0.001836,172.31.33.0-255,66,118708,35,270160
10077,0.001861,74.125.24.0-255,1484,120192,35,270160
10078,0.001874,74.125.24.0-255,1484,121676,35,270160
10079,0.001877,172.31.33.0-255,66,121742,35,270160
10080,0.001889,74.125.24.0-255,1484,123226,35,270160
10081,0.001895,74.125.24.0-255,5738,128964,35,270160
10082,0.001897,172.31.33.0-255,66,129030,35,270160
10083,0.001915,74.125.24.0-255,2902,131932,35,270160
10084,0.001918,172.31.33.0-255,66,131998,35,270160
10085,0.001935,74.125.24.0-255,1484,133482,35,270160
10086,0.001945,172.31.33.0-255,66,133548,35,270160
10087,0.001965,74.125.24.0-255,2902,136450,35,270160
10088,0.001969,172.31.33.0-255,66,136516,35,270160
10089,0.00197,74.125.24.0-255,5738,142254,35,270160
10090,0.001972,172.31.33.0-255,66,142320,35,270160
10091,0.001989,74.125.24.0-255,2184,144504,35,270160
10092,0.001992,172.31.33.0-255,66,144570,35,270160
10093,0.002041,74.125.24.0-255,2902,147472,35,270160
10094,0.002046,172.31.33.0-255,66,147538,35,270160
10095,0.002052,74.125.24.0-255,5738,153276,35,270160
10096,0.002054,172.31.33.0-255,66,153342,35,270160
10097,0.002077,74.125.24.0-255,7156,160498,35,270160
10098,0.00208,172.31.33.0-255,66,160564,35,270160
10099,0.002093,74.125.24.0-255,2902,163466,35,270160
10100,0.002095,172.31.33.0-255,66,163532,35,270160
10101,0.002106,74.125.24.0-255,2902,166434,35,270160
10102,0.002108,172.31.33.0-255,66,166500,35,270160
10103,0.002122,74.125.24.0-255,5738,172238,35,270160
10104,0.002124,172.31.33.0-255,66,172304,35,270160
10105,0.00215,74.125.24.0-255,6438,178742,35,270160
10106,0.002153,172.31.33.0-255,66,178808,35,270160
10107,0.002156,74.125.24.0-255,1484,180292,35,270160
10108,0.002159,74.125.24.0-255,2902,183194,35,270160
10109,0.002161,172.31.33.0-255,66,183260,35,270160
10110,0.002184,74.125.24.0-255,1484,184744,35,270160
10111,0.0022,74.125.24.0-255,2902,187646,35,270160
10112,0.002204,172.31.33.0-255,66,187712,35,270160
10113,0.002208,74.125.24.0-255,1484,189196,35,270160
10114,0.002264,74.125.24.0-255,4320,193516,35,270160
10115,0.002264,172.31.33.0-255,66,193582,35,270160
10116,0.002267,172.31.33.0-255,66,193648,35,270160
10117,0.002288,172.31.33.0-255,66,193714,35,270160
10118,0.00229,74.125.24.0-255,1484,195198,35,270160
10119,0.002294,74.125.24.0-255,2902,198100,35,270160
10120,0.002295,172.31.33.0-255,66,198166,35,270160
10121,0.0023,74.125.24.0-255,5738,203904,35,270160
10122,0.002302,172.31.33.0-255,66,203970,35,270160
10123,0.002323,74.125.24.0-255,5738,209708,35,270160
10124,0.002325,172.31.33.0-255,66,209774,35,270160
10125,0.002327,74.125.24.0-255,1484,211258,35,270160
10126,0.00235,74.125.24.0-255,5738,216996,35,270160
10127,0.002354,172.31.33.0-255,66,217062,35,270160
10128,0.002378,172.31.33.0-255,66,217128,35,270160
10129,0.002381,74.125.24.0-255,766,217894,35,270160
10130,0.002411,74.125.24.0-255,1484,219378,35,270160
10131,0.002414,172.31.33.0-255,66,219444,35,270160
10132,0.00243,74.125.24.0-255,2902,222346,35,270160
10133,0.002432,172.31.33.0-255,66,222412,35,270160
10134,0.002436,74.125.24.0-255,2902,225314,35,270160
10135,0.002437,172.31.33.0-255,66,225380,35,270160
10136,0.002454,74.125.24.0-255,2902,228282,35,270160
10137,0.002457,172.31.33.0-255,66,228348,35,270160
10138,0.002463,74.125.24.0-255,5738,234086,35,270160
10139,0.002464,172.31.33.0-255,66,234152,35,270160
10140,0.002491,74.125.24.0-255,7156,241308,35,270160
10141,0.002493,74.125.24.0-255,1484,242792,35,270160
10142,0.002495,172.31.33.0-255,66,242858,35,270160
10143,0.002516,172.31.33.0-255,66,242924,35,270160
10144,0.002527,74.125.24.0-255,3602,246526,35,270160
10145,0.002535,172.31.33.0-255,66,246592,35,270160
10146,0.002543,74.125.24.0-255,2902,249494,35,270160
10147,0.002546,172.31.33.0-255,66,249560,35,270160
10148,0.00257,172.31.33.0-255,66,249626,35,270160
10149,0.002576,74.125.24.0-255,7156,256782,35,270160
10150,0.002578,172.31.33.0-255,66,256848,35,270160
10151,0.00258,74.125.24.0-255,1484,258332,35,270160
10152,0.002583,74.125.24.0-255,950,259282,35,270160
10153,0.002585,172.31.33.0-255,66,259348,35,270160
10154,0.002604,74.125.24.0-255,105,259453,35,270160
10155,0.003542,172.31.33.0-255,66,259519,35,270160
10156,0.003565,172.31.33.0-255,105,259624,35,270160
10157,0.005823,74.125.24.0-255,66,259690,35,270160
10158,0.033358,172.31.33.0-255,172,259862,35,270160
10159,0.033387,172.31.33.0-255,1107,260969,35,270160
10160,0.033442,172.31.33.0-255,1514,262483,35,270160
10161,0.033444,172.31.33.0-255,1514,263997,35,270160
10162,0.033449,172.31.33.0-255,1514,265511,35,270160
10163,0.03345,172.31.33.0-255,1514,267025,35,270160
10164,0.033473,172.31.33.0-255,1514,268539,35,270160
10165,0.033475,172.31.33.0-255,1183,269722,35,270160
10166,0.034921,104.244.42.0-255,66,269788,35,270160
10167,0.03493,104.244.42.0-255,66,269854,35,270160
10168,0.035041,104.244.42.0-255,66,269920,35,270160
10169,0.035046,104.244.42.0-255,66,269986,35,270160
10170,0.041811,172.31.33.0-255,108,270094,35,270160
10171,0.043347,104.244.42.0-255,66,270160,35,270160
10172,0.0,172.31.33.0-255,105,105,35,276
10173,0.00205,157.240.7.0-255,105,210,35,276
10174,0.002063,172.31.33.0-255,66,276,35,276
10175,0.0,74.125.24.0-255,153,153,35,302147
10176,2.2e-05,172.31.33.0-255,66,219,35,302147
10177,4.2e-05,74.125.24.0-255,1484,1703,35,302147
10178,4.6e-05,172.31.33.0-255,66,1769,35,302147
10179,5e-05,74.125.24.0-255,2902,4671,35,302147
10180,5.3e-05,172.31.33.0-255,66,4737,35,302147
10181,5.6e-05,74.125.24.0-255,2902,7639,35,302147
10182,5.9e-05,172.31.33.0-255,66,7705,35,302147
10183,6.4e-05,74.125.24.0-255,4320,12025,35,302147
10184,6.6e-05,172.31.33.0-255,66,12091,35,302147
10185,9.7e-05,74.125.24.0-255,4320,16411,35,302147
10186,0.0001,172.31.33.0-255,66,16477,35,302147
10187,0.000121,74.125.24.0-255,4858,21335,35,302147
10188,0.000124,172.31.33.0-255,66,21401,35,302147
10189,0.00013,74.125.24.0-255,7156,28557,35,302147
10190,0.000132,172.31.33.0-255,66,28623,35,302147
10191,0.000166,74.125.24.0-255,2543,31166,35,302147
10192,0.000168,172.31.33.0-255,66,31232,35,302147
10193,0.000225,74.125.24.0-255,1484,32716,35,302147
10194,0.000227,172.31.33.0-255,66,32782,35,302147
10195,0.000231,74.125.24.0-255,2902,35684,35,302147
10196,0.000234,172.31.33.0-255,66,35750,35,302147
10197,0.000239,74.125.24.0-255,5738,41488,35,302147
10198,0.000241,172.31.33.0-255,66,41554,35,302147
10199,0.000265,74.125.24.0-255,6797,48351,35,302147
10200,0.00027,172.31.33.0-255,66,48417,35,302147
10201,0.000434,74.125.24.0-255,1484,49901,35,302147
10202,0.000438,172.31.33.0-255,66,49967,35,302147
10203,0.000443,74.125.24.0-255,2902,52869,35,302147
10204,0.000445,172.31.33.0-255,66,52935,35,302147
10205,0.00046,74.125.24.0-255,5738,58673,35,302147
10206,0.000463,172.31.33.0-255,66,58739,35,302147
10207,0.000467,74.125.24.0-255,2902,61641,35,302147
10208,0.000469,172.31.33.0-255,66,61707,35,302147
10209,0.000533,74.125.24.0-255,4286,65993,35,302147
10210,0.000537,172.31.33.0-255,66,66059,35,302147
10211,0.000748,74.125.24.0-255,351,66410,35,302147
10212,0.000996,74.125.24.0-255,1484,67894,35,302147
10213,0.001,172.31.33.0-255,66,67960,35,302147
10214,0.001007,74.125.24.0-255,2902,70862,35,302147
10215,0.001009,172.31.33.0-255,66,70928,35,302147
10216,0.001037,74.125.24.0-255,5738,76666,35,302147
10217,0.001039,172.31.33.0-255,66,76732,35,302147
10218,0.001044,74.125.24.0-255,2902,79634,35,302147
10219,0.001045,172.31.33.0-255,66,79700,35,302147
10220,0.001068,172.31.33.0-255,66,79766,35,302147
10221,0.001075,74.125.24.0-255,7156,86922,35,302147
10222,0.001077,172.31.33.0-255,66,86988,35,302147
10223,0.001096,74.125.24.0-255,3602,90590,35,302147
10224,0.001098,172.31.33.0-255,66,90656,35,302147
10225,0.001237,74.125.24.0-255,1484,92140,35,302147
10226,0.001243,74.125.24.0-255,2902,95042,35,302147
10227,0.001246,172.31.33.0-255,66,95108,35,302147
10228,0.001249,74.125.24.0-255,1484,96592,35,302147
10229,0.001265,74.125.24.0-255,4320,100912,35,302147
10230,0.001267,172.31.33.0-255,66,100978,35,302147
10231,0.001271,74.125.24.0-255,4320,105298,35,302147
10232,0.001272,172.31.33.0-255,66,105364,35,302147
10233,0.001282,74.125.24.0-255,1484,106848,35,302147
10234,0.001294,74.125.24.0-255,4320,111168,35,302147
10235,0.001297,172.31.33.0-255,66,111234,35,302147
10236,0.001321,172.31.33.0-255,66,111300,35,302147
10237,0.001326,74.125.24.0-255,5020,116320,35,302147
10238,0.001328,172.31.33.0-255,66,116386,35,302147
10239,0.001395,74.125.24.0-255,1484,117870,35,302147
10240,0.001411,74.125.24.0-255,2902,120772,35,302147
10241,0.001413,172.31.33.0-255,66,120838,35,302147
10242,0.001455,74.125.24.0-255,5738,126576,35,302147
10243,0.001457,172.31.33.0-255,66,126642,35,302147
10244,0.001468,172.31.33.0-255,66,126708,35,302147
10245,0.001472,74.125.24.0-255,2902,129610,35,302147
10246,0.001474,172.31.33.0-255,66,129676,35,302147
10247,0.001492,172.31.33.0-255,66,129742,35,302147
10248,0.001526,74.125.24.0-255,1484,131226,35,302147
10249,0.001537,74.125.24.0-255,1484,132710,35,302147
10250,0.001539,172.31.33.0-255,66,132776,35,302147
10251,0.001552,74.125.24.0-255,1484,134260,35,302147
10252,0.001556,74.125.24.0-255,1484,135744,35,302147
10253,0.001557,172.31.33.0-255,66,135810,35,302147
10254,0.001569,74.125.24.0-255,4320,140130,35,302147
10255,0.001571,172.31.33.0-255,66,140196,35,302147
10256,0.001599,172.31.33.0-255,66,140262,35,302147
10257,0.001621,74.125.24.0-255,4320,144582,35,302147
10258,0.001623,172.31.33.0-255,66,144648,35,302147
10259,0.001631,172.31.33.0-255,66,144714,35,302147
10260,0.001635,74.125.24.0-255,2184,146898,35,302147
10261,0.001636,172.31.33.0-255,66,146964,35,302147
10262,0.001694,74.125.24.0-255,1484,148448,35,302147
10263,0.001705,74.125.24.0-255,2902,151350,35,302147
10264,0.001707,172.31.33.0-255,66,151416,35,302147
10265,0.001725,74.125.24.0-255,4320,155736,35,302147
10266,0.001726,172.31.33.0-255,66,155802,35,302147
10267,0.001744,74.125.24.0-255,1484,157286,35,302147
10268,0.001749,74.125.24.0-255,5738,163024,35,302147
10269,0.00175,172.31.33.0-255,66,163090,35,302147
10270,0.001754,74.125.24.0-255,2902,165992,35,302147
10271,0.001755,172.31.33.0-255,66,166058,35,302147
10272,0.001782,172.31.33.0-255,66,166124,35,302147
10273,0.001786,74.125.24.0-255,4320,170444,35,302147
10274,0.001787,172.31.33.0-255,66,170510,35,302147
10275,0.001797,74.125.24.0-255,766,171276,35,302147
10276,0.001881,74.125.24.0-255,1484,172760,35,302147
10277,0.001883,172.31.33.0-255,66,172826,35,302147
10278,0.001895,74.125.24.0-255,2902,175728,35,302147
10279,0.001897,172.31.33.0-255,66,175794,35,302147
10280,0.001915,74.125.24.0-255,2902,178696,35,302147
10281,0.001917,172.31.33.0-255,66,178762,35,302147
10282,0.001939,74.125.24.0-255,2902,181664,35,302147
10283,0.00194,172.31.33.0-255,66,181730,35,302147
10284,0.001949,74.125.24.0-255,5738,187468,35,302147
10285,0.001952,172.31.33.0-255,66,187534,35,302147
10286,0.001965,74.125.24.0-255,1484,189018,35,302147
10287,0.001973,74.125.24.0-255,1484,190502,35,302147
10288,0.001975,172.31.33.0-255,66,190568,35,302147
10289,0.002003,172.31.33.0-255,66,190634,35,302147
10290,0.002005,74.125.24.0-255,2184,192818,35,302147
10291,0.002007,172.31.33.0-255,66,192884,35,302147
10292,0.002141,74.125.24.0-255,1484,194368,35,302147
10293,0.002162,74.125.24.0-255,2902,197270,35,302147
10294,0.002164,172.31.33.0-255,66,197336,35,302147
10295,0.00218,74.125.24.0-255,1484,198820,35,302147
10296,0.002195,74.125.24.0-255,4320,203140,35,302147
10297,0.002197,172.31.33.0-255,66,203206,35,302147
10298,0.002217,74.125.24.0-255,5738,208944,35,302147
10299,0.002219,172.31.33.0-255,66,209010,35,302147
10300,0.002221,74.125.24.0-255,1484,210494,35,302147
10301,0.002231,74.125.24.0-255,4320,214814,35,302147
10302,0.002233,172.31.33.0-255,66,214880,35,302147
10303,0.002249,74.125.24.0-255,4320,219200,35,302147
10304,0.002251,172.31.33.0-255,66,219266,35,302147
10305,0.002255,74.125.24.0-255,4320,223586,35,302147
10306,0.002257,172.31.33.0-255,66,223652,35,302147
10307,0.002277,74.125.24.0-255,3602,227254,35,302147
10308,0.00228,172.31.33.0-255,66,227320,35,302147
10309,0.002294,74.125.24.0-255,1484,228804,35,302147
10310,0.002303,74.125.24.0-255,1484,230288,35,302147
10311,0.002305,172.31.33.0-255,66,230354,35,302147
10312,0.002316,74.125.24.0-255,1484,231838,35,302147
10313,0.002326,74.125.24.0-255,4320,236158,35,302147
10314,0.002328,172.31.33.0-255,66,236224,35,302147
10315,0.002341,74.125.24.0-255,1484,237708,35,302147
10316,0.002345,74.125.24.0-255,2902,240610,35,302147
10317,0.002346,172.31.33.0-255,66,240676,35,302147
10318,0.002364,74.125.24.0-255,1484,242160,35,302147
10319,0.002395,74.125.24.0-255,4320,246480,35,302147
10320,0.002397,172.31.33.0-255,66,246546,35,302147
10321,0.002416,74.125.24.0-255,2902,249448,35,302147
10322,0.002418,172.31.33.0-255,66,249514,35,302147
10323,0.002426,172.31.33.0-255,66,249580,35,302147
10324,0.002455,172.31.33.0-255,66,249646,35,302147
10325,0.002473,74.125.24.0-255,5738,255384,35,302147
10326,0.002475,172.31.33.0-255,66,255450,35,302147
10327,0.002489,74.125.24.0-255,2902,258352,35,302147
10328,0.002491,172.31.33.0-255,66,258418,35,302147
10329,0.002494,74.125.24.0-255,2902,261320,35,302147
10330,0.002496,172.31.33.0-255,66,261386,35,302147
10331,0.002525,74.125.24.0-255,7156,268542,35,302147
10332,0.002527,172.31.33.0-255,66,268608,35,302147
10333,0.00253,74.125.24.0-255,1484,270092,35,302147
10334,0.002532,74.125.24.0-255,1484,271576,35,302147
10335,0.002533,172.31.33.0-255,66,271642,35,302147
10336,0.002536,74.125.24.0-255,1484,273126,35,302147
10337,0.002538,74.125.24.0-255,1484,274610,35,302147
10338,0.00254,172.31.33.0-255,66,274676,35,302147
10339,0.002542,74.125.24.0-255,1484,276160,35,302147
10340,0.002544,74.125.24.0-255,1484,277644,35,302147
10341,0.002546,172.31.33.0-255,66,277710,35,302147
10342,0.002581,74.125.24.0-255,2184,279894,35,302147
10343,0.002583,172.31.33.0-255,66,279960,35,302147
10344,0.002585,74.125.24.0-255,1484,281444,35,302147
10345,0.002614,74.125.24.0-255,2902,284346,35,302147
10346,0.002616,172.31.33.0-255,66,284412,35,302147
10347,0.00263,74.125.24.0-255,2902,287314,35,302147
10348,0.002631,172.31.33.0-255,66,287380,35,302147
10349,0.002645,74.125.24.0-255,2902,290282,35,302147
10350,0.002647,172.31.33.0-255,66,290348,35,302147
10351,0.002701,74.125.24.0-255,2902,293250,35,302147
10352,0.002725,74.125.24.0-255,6499,299749,35,302147
10353,0.002738,74.125.24.0-255,105,299854,35,302147
10354,0.004657,172.31.33.0-255,66,299920,35,302147
10355,0.007954,172.31.33.0-255,105,300025,35,302147
10356,0.010003,74.125.24.0-255,66,300091,35,302147
10357,0.044612,172.31.33.0-255,172,300263,35,302147
10358,0.044639,172.31.33.0-255,1107,301370,35,302147
10359,0.044669,172.31.33.0-255,579,301949,35,302147
10360,0.04616,104.244.42.0-255,66,302015,35,302147
10361,0.046234,104.244.42.0-255,66,302081,35,302147
10362,0.046238,104.244.42.0-255,66,302147,35,302147
10363,0.0,172.217.194.0-255,153,153,35,125191
10364,1.6e-05,172.31.33.0-255,66,219,35,125191
10365,2.3e-05,172.217.194.0-255,1484,1703,35,125191
10366,2.7e-05,172.31.33.0-255,66,1769,35,125191
10367,3.2e-05,172.217.194.0-255,2902,4671,35,125191
10368,3.5e-05,172.31.33.0-255,66,4737,35,125191
10369,4.4e-05,172.217.194.0-255,7156,11893,35,125191
10370,4.6e-05,172.31.33.0-255,66,11959,35,125191
10371,8.1e-05,172.31.33.0-255,66,12025,35,125191
10372,0.000142,172.217.194.0-255,4320,16345,35,125191
10373,0.000144,172.31.33.0-255,66,16411,35,125191
10374,0.000165,172.217.194.0-255,3961,20372,35,125191
10375,0.000167,172.31.33.0-255,66,20438,35,125191
10376,0.000177,172.31.33.0-255,66,20504,35,125191
10377,0.000188,172.31.33.0-255,66,20570,35,125191
10378,0.000227,172.217.194.0-255,2902,23472,35,125191
10379,0.00023,172.31.33.0-255,66,23538,35,125191
10380,0.000264,172.31.33.0-255,66,23604,35,125191
10381,0.000347,172.217.194.0-255,1484,25088,35,125191
10382,0.000351,172.31.33.0-255,66,25154,35,125191
10383,0.000356,172.217.194.0-255,2902,28056,35,125191
10384,0.000359,172.31.33.0-255,66,28122,35,125191
10385,0.000364,172.217.194.0-255,4320,32442,35,125191
10386,0.000367,172.31.33.0-255,66,32508,35,125191
10387,0.00038,172.217.194.0-255,1484,33992,35,125191
10388,0.000383,172.31.33.0-255,66,34058,35,125191
10389,0.000386,172.217.194.0-255,1484,35542,35,125191
10390,0.000388,172.31.33.0-255,66,35608,35,125191
10391,0.000406,172.217.194.0-255,4320,39928,35,125191
10392,0.000409,172.31.33.0-255,66,39994,35,125191
10393,0.000449,172.31.33.0-255,66,40060,35,125191
10394,0.000462,172.31.33.0-255,66,40126,35,125191
10395,0.000475,172.217.194.0-255,2902,43028,35,125191
10396,0.000477,172.31.33.0-255,66,43094,35,125191
10397,0.000502,172.31.33.0-255,66,43160,35,125191
10398,0.000539,172.31.33.0-255,66,43226,35,125191
10399,0.000574,172.31.33.0-255,66,43292,35,125191
10400,0.000594,172.217.194.0-255,5738,49030,35,125191
10401,0.000596,172.31.33.0-255,66,49096,35,125191
10402,0.000616,172.217.194.0-255,3602,52698,35,125191
10403,0.000618,172.31.33.0-255,66,52764,35,125191
10404,0.000629,172.31.33.0-255,66,52830,35,125191
10405,0.000642,172.31.33.0-255,66,52896,35,125191
10406,0.000662,172.217.194.0-255,1484,54380,35,125191
10407,0.000677,172.217.194.0-255,7156,61536,35,125191
10408,0.000679,172.31.33.0-255,66,61602,35,125191
10409,0.000697,172.217.194.0-255,766,62368,35,125191
10410,0.000708,172.31.33.0-255,66,62434,35,125191
10411,0.000711,172.217.194.0-255,1484,63918,35,125191
10412,0.000745,172.31.33.0-255,66,63984,35,125191
10413,0.000749,172.217.194.0-255,2184,66168,35,125191
10414,0.000751,172.31.33.0-255,66,66234,35,125191
10415,0.000801,172.31.33.0-255,66,66300,35,125191
10416,0.000816,172.217.194.0-255,2902,69202,35,125191
10417,0.000818,172.31.33.0-255,66,69268,35,125191
10418,0.000846,172.31.33.0-255,66,69334,35,125191
10419,0.000856,172.31.33.0-255,66,69400,35,125191
10420,0.000895,172.217.194.0-255,4320,73720,35,125191
10421,0.000899,172.31.33.0-255,66,73786,35,125191
10422,0.000925,172.31.33.0-255,66,73852,35,125191
10423,0.000936,172.217.194.0-255,1484,75336,35,125191
10424,0.000948,172.217.194.0-255,2902,78238,35,125191
10425,0.00095,172.31.33.0-255,66,78304,35,125191
10426,0.000972,172.217.194.0-255,5738,84042,35,125191
10427,0.000975,172.31.33.0-255,66,84108,35,125191
10428,0.001004,172.31.33.0-255,66,84174,35,125191
10429,0.001011,172.217.194.0-255,7156,91330,35,125191
10430,0.001013,172.31.33.0-255,66,91396,35,125191
10431,0.001057,172.217.194.0-255,3602,94998,35,125191
10432,0.00106,172.31.33.0-255,66,95064,35,125191
10433,0.001065,172.217.194.0-255,4320,99384,35,125191
10434,0.001067,172.31.33.0-255,66,99450,35,125191
10435,0.001102,172.31.33.0-255,66,99516,35,125191
10436,0.001111,172.31.33.0-255,66,99582,35,125191
10437,0.001137,172.217.194.0-255,2902,102484,35,125191
10438,0.00114,172.31.33.0-255,66,102550,35,125191
10439,0.001167,172.31.33.0-255,66,102616,35,125191
10440,0.001189,172.217.194.0-255,2902,105518,35,125191
10441,0.001192,172.31.33.0-255,66,105584,35,125191
10442,0.001201,172.31.33.0-255,66,105650,35,125191
10443,0.001206,172.217.194.0-255,4320,109970,35,125191
10444,0.001208,172.31.33.0-255,66,110036,35,125191
10445,0.001213,172.217.194.0-255,5738,115774,35,125191
10446,0.001215,172.31.33.0-255,66,115840,35,125191
10447,0.001218,172.217.194.0-255,1484,117324,35,125191
10448,0.001248,172.31.33.0-255,66,117390,35,125191
10449,0.001252,172.217.194.0-255,2902,120292,35,125191
10450,0.001254,172.31.33.0-255,66,120358,35,125191
10451,0.001273,172.31.33.0-255,66,120424,35,125191
10452,0.001294,172.217.194.0-255,1484,121908,35,125191
10453,0.001317,172.31.33.0-255,66,121974,35,125191
10454,0.00134,172.217.194.0-255,105,122079,35,125191
10455,0.003678,172.31.33.0-255,66,122145,35,125191
10456,0.00371,172.31.33.0-255,105,122250,35,125191
10457,0.006227,172.217.194.0-255,66,122316,35,125191
10458,0.046528,172.31.33.0-255,172,122488,35,125191
10459,0.04656,172.31.33.0-255,1107,123595,35,125191
10460,0.046611,172.31.33.0-255,1398,124993,35,125191
10461,0.048103,104.244.42.0-255,66,125059,35,125191
10462,0.048113,104.244.42.0-255,66,125125,35,125191
10463,0.048183,104.244.42.0-255,66,125191,35,125191
10464,0.0,172.217.160.0-255,152,152,35,262449
10465,2.5e-05,172.31.33.0-255,66,218,35,262449
10466,3.2e-05,172.217.160.0-255,1484,1702,35,262449
10467,3.6e-05,172.31.33.0-255,66,1768,35,262449
10468,4.1e-05,172.217.160.0-255,2902,4670,35,262449
10469,4.4e-05,172.31.33.0-255,66,4736,35,262449
10470,5.7e-05,172.217.160.0-255,7156,11892,35,262449
10471,6.1e-05,172.31.33.0-255,66,11958,35,262449
10472,8.4e-05,172.217.160.0-255,1484,13442,35,262449
10473,8.7e-05,172.31.33.0-255,66,13508,35,262449
10474,0.000114,172.217.160.0-255,613,14121,35,262449
10475,0.000116,172.31.33.0-255,66,14187,35,262449
10476,0.00025,172.217.160.0-255,1484,15671,35,262449
10477,0.000254,172.31.33.0-255,66,15737,35,262449
10478,0.000261,172.217.160.0-255,2902,18639,35,262449
10479,0.000264,172.31.33.0-255,66,18705,35,262449
10480,0.000275,172.217.160.0-255,5738,24443,35,262449
10481,0.000278,172.31.33.0-255,66,24509,35,262449
10482,0.000328,172.217.160.0-255,6797,31306,35,262449
10483,0.000333,172.31.33.0-255,66,31372,35,262449
10484,0.000359,172.217.160.0-255,1484,32856,35,262449
10485,0.000364,172.217.160.0-255,2902,35758,35,262449
10486,0.000364,172.31.33.0-255,66,35824,35,262449
10487,0.000367,172.31.33.0-255,66,35890,35,262449
10488,0.000394,172.217.160.0-255,5738,41628,35,262449
10489,0.000397,172.31.33.0-255,66,41694,35,262449
10490,0.00041,172.217.160.0-255,6797,48491,35,262449
10491,0.000413,172.31.33.0-255,66,48557,35,262449
10492,0.000802,172.217.160.0-255,1484,50041,35,262449
10493,0.000807,172.31.33.0-255,66,50107,35,262449
10494,0.000816,172.217.160.0-255,2902,53009,35,262449
10495,0.000818,172.31.33.0-255,66,53075,35,262449
10496,0.000842,172.217.160.0-255,5738,58813,35,262449
10497,0.000845,172.31.33.0-255,66,58879,35,262449
10498,0.000858,172.217.160.0-255,5738,64617,35,262449
10499,0.00086,172.31.33.0-255,66,64683,35,262449
10500,0.000888,172.217.160.0-255,1125,65808,35,262449
10501,0.000984,172.217.160.0-255,1484,67292,35,262449
10502,0.000988,172.31.33.0-255,66,67358,35,262449
10503,0.001005,172.217.160.0-255,2902,70260,35,262449
10504,0.001007,172.31.33.0-255,66,70326,35,262449
10505,0.001012,172.217.160.0-255,2902,73228,35,262449
10506,0.001014,172.31.33.0-255,66,73294,35,262449
10507,0.001038,172.217.160.0-255,1484,74778,35,262449
10508,0.001053,172.31.33.0-255,66,74844,35,262449
10509,0.001061,172.217.160.0-255,7156,82000,35,262449
10510,0.001063,172.31.33.0-255,66,82066,35,262449
10511,0.001108,172.217.160.0-255,4320,86386,35,262449
10512,0.001111,172.31.33.0-255,66,86452,35,262449
10513,0.001136,172.217.160.0-255,3961,90413,35,262449
10514,0.001137,172.31.33.0-255,66,90479,35,262449
10515,0.002483,172.217.160.0-255,1484,91963,35,262449
10516,0.002487,172.217.160.0-255,1484,93447,35,262449
10517,0.002489,172.31.33.0-255,66,93513,35,262449
10518,0.002511,172.217.160.0-255,1484,94997,35,262449
10519,0.002517,172.217.160.0-255,5738,100735,35,262449
10520,0.002519,172.31.33.0-255,66,100801,35,262449
10521,0.002524,172.217.160.0-255,7156,107957,35,262449
10522,0.002526,172.31.33.0-255,66,108023,35,262449
10523,0.002561,172.31.33.0-255,66,108089,35,262449
10524,0.002564,172.217.160.0-255,2184,110273,35,262449
10525,0.002565,172.31.33.0-255,66,110339,35,262449
10526,0.002879,172.217.160.0-255,1484,111823,35,262449
10527,0.002894,172.217.160.0-255,2902,114725,35,262449
10528,0.002896,172.31.33.0-255,66,114791,35,262449
10529,0.002901,172.217.160.0-255,4320,119111,35,262449
10530,0.002903,172.31.33.0-255,66,119177,35,262449
10531,0.002931,172.217.160.0-255,1484,120661,35,262449
10532,0.002936,172.217.160.0-255,5738,126399,35,262449
10533,0.002938,172.31.33.0-255,66,126465,35,262449
10534,0.002976,172.217.160.0-255,7156,133621,35,262449
10535,0.002978,172.31.33.0-255,66,133687,35,262449
10536,0.003002,172.217.160.0-255,5738,139425,35,262449
10537,0.003004,172.31.33.0-255,66,139491,35,262449
10538,0.003009,172.217.160.0-255,5020,144511,35,262449
10539,0.003011,172.31.33.0-255,66,144577,35,262449
10540,0.003044,172.217.160.0-255,1484,146061,35,262449
10541,0.003055,172.217.160.0-255,2902,148963,35,262449
10542,0.003058,172.31.33.0-255,66,149029,35,262449
10543,0.003084,172.217.160.0-255,5738,154767,35,262449
10544,0.003086,172.31.33.0-255,66,154833,35,262449
10545,0.003092,172.217.160.0-255,5738,160571,35,262449
10546,0.003094,172.31.33.0-255,66,160637,35,262449
10547,0.003115,172.217.160.0-255,7156,167793,35,262449
10548,0.003118,172.31.33.0-255,66,167859,35,262449
10549,0.003134,172.31.33.0-255,66,167925,35,262449
10550,0.003167,172.217.160.0-255,1484,169409,35,262449
10551,0.003192,172.31.33.0-255,66,169475,35,262449
10552,0.003203,172.31.33.0-255,66,169541,35,262449
10553,0.003231,172.217.160.0-255,2902,172443,35,262449
10554,0.003233,172.31.33.0-255,66,172509,35,262449
10555,0.00325,172.31.33.0-255,66,172575,35,262449
10556,0.003277,172.217.160.0-255,1484,174059,35,262449
10557,0.003291,172.217.160.0-255,2902,176961,35,262449
10558,0.003293,172.31.33.0-255,66,177027,35,262449
10559,0.003299,172.217.160.0-255,4320,181347,35,262449
10560,0.003301,172.31.33.0-255,66,181413,35,262449
10561,0.003319,172.217.160.0-255,1484,182897,35,262449
10562,0.003323,172.217.160.0-255,2902,185799,35,262449
10563,0.003329,172.31.33.0-255,66,185865,35,262449
10564,0.003333,172.217.160.0-255,1484,187349,35,262449
10565,0.003364,172.217.160.0-255,2902,190251,35,262449
10566,0.003366,172.31.33.0-255,66,190317,35,262449
10567,0.00342,172.217.160.0-255,1484,191801,35,262449
10568,0.003424,172.217.160.0-255,2902,194703,35,262449
10569,0.00344,172.217.160.0-255,2902,197605,35,262449
10570,0.003452,172.217.160.0-255,2902,200507,35,262449
10571,0.003455,172.217.160.0-255,1484,201991,35,262449
10572,0.003516,172.217.160.0-255,766,202757,35,262449
10573,0.003571,172.217.160.0-255,1484,204241,35,262449
10574,0.003577,172.217.160.0-255,2902,207143,35,262449
10575,0.003602,172.217.160.0-255,5738,212881,35,262449
10576,0.003605,172.217.160.0-255,1484,214365,35,262449
10577,0.00362,172.217.160.0-255,7156,221521,35,262449
10578,0.003646,172.217.160.0-255,4320,225841,35,262449
10579,0.003654,172.217.160.0-255,7156,232997,35,262449
10580,0.003673,172.217.160.0-255,3602,236599,35,262449
10581,0.003837,172.217.160.0-255,1484,238083,35,262449
10582,0.003843,172.217.160.0-255,2902,240985,35,262449
10583,0.003895,172.217.160.0-255,5738,246723,35,262449
10584,0.003903,172.217.160.0-255,5738,252461,35,262449
10585,0.003961,172.217.160.0-255,5020,257481,35,262449
10586,0.003978,172.217.160.0-255,2403,259884,35,262449
10587,0.003999,172.217.160.0-255,105,259989,35,262449
10588,0.005611,172.31.33.0-255,66,260055,35,262449
10589,0.006045,172.31.33.0-255,101,260156,35,262449
10590,0.007671,172.217.160.0-255,66,260222,35,262449
10591,0.009002,172.31.33.0-255,105,260327,35,262449
10592,0.010617,172.217.160.0-255,66,260393,35,262449
10593,0.042862,172.31.33.0-255,172,260565,35,262449
10594,0.042933,172.31.33.0-255,1107,261672,35,262449
10595,0.042964,172.31.33.0-255,579,262251,35,262449
10596,0.044428,104.244.42.0-255,66,262317,35,262449
10597,0.044487,104.244.42.0-255,66,262383,35,262449
10598,0.044527,104.244.42.0-255,66,262449,35,262449
10599,0.0,172.217.194.0-255,147,147,35,240812
10600,2.2e-05,172.31.33.0-255,66,213,35,240812
10601,2.9e-05,172.217.194.0-255,1484,1697,35,240812
10602,3.5e-05,172.31.33.0-255,66,1763,35,240812
10603,4.8e-05,172.217.194.0-255,2902,4665,35,240812
10604,5.2e-05,172.31.33.0-255,66,4731,35,240812
10605,5.9e-05,172.217.194.0-255,5738,10469,35,240812
10606,6.2e-05,172.31.33.0-255,66,10535,35,240812
10607,0.000104,172.217.194.0-255,4808,15343,35,240812
10608,0.000107,172.31.33.0-255,66,15409,35,240812
10609,0.000114,172.217.194.0-255,5738,21147,35,240812
10610,0.000117,172.31.33.0-255,66,21213,35,240812
10611,0.000148,172.31.33.0-255,66,21279,35,240812
10612,0.000158,172.217.194.0-255,1125,22404,35,240812
10613,0.000165,172.31.33.0-255,66,22470,35,240812
10614,0.000195,172.217.194.0-255,1484,23954,35,240812
10615,0.000197,172.31.33.0-255,66,24020,35,240812
10616,0.000201,172.217.194.0-255,1484,25504,35,240812
10617,0.000203,172.31.33.0-255,66,25570,35,240812
10618,0.000222,172.217.194.0-255,1484,27054,35,240812
10619,0.000224,172.31.33.0-255,66,27120,35,240812
10620,0.000236,172.217.194.0-255,5738,32858,35,240812
10621,0.000238,172.31.33.0-255,66,32924,35,240812
10622,0.000245,172.217.194.0-255,5738,38662,35,240812
10623,0.000247,172.31.33.0-255,66,38728,35,240812
10624,0.000279,172.217.194.0-255,6797,45525,35,240812
10625,0.000282,172.31.33.0-255,66,45591,35,240812
10626,0.000316,172.31.33.0-255,66,45657,35,240812
10627,0.000319,172.217.194.0-255,382,46039,35,240812
10628,0.000321,172.31.33.0-255,66,46105,35,240812
10629,0.00058,172.217.194.0-255,362,46467,35,240812
10630,0.000858,172.217.194.0-255,1484,47951,35,240812
10631,0.000862,172.217.194.0-255,2902,50853,35,240812
10632,0.000867,172.31.33.0-255,66,50919,35,240812
10633,0.000875,172.31.33.0-255,66,50985,35,240812
10634,0.00088,172.217.194.0-255,5738,56723,35,240812
10635,0.000885,172.31.33.0-255,66,56789,35,240812
10636,0.00089,172.217.194.0-255,2902,59691,35,240812
10637,0.000891,172.31.33.0-255,66,59757,35,240812
10638,0.000926,172.217.194.0-255,5738,65495,35,240812
10639,0.000929,172.31.33.0-255,66,65561,35,240812
10640,0.000939,172.31.33.0-255,66,65627,35,240812
10641,0.000988,172.217.194.0-255,5020,70647,35,240812
10642,0.000992,172.31.33.0-255,66,70713,35,240812
10643,0.001135,172.217.194.0-255,1484,72197,35,240812
10644,0.00115,172.217.194.0-255,2902,75099,35,240812
10645,0.001153,172.31.33.0-255,66,75165,35,240812
10646,0.001182,172.217.194.0-255,5738,80903,35,240812
10647,0.001185,172.31.33.0-255,66,80969,35,240812
10648,0.001204,172.217.194.0-255,7156,88125,35,240812
10649,0.001207,172.31.33.0-255,66,88191,35,240812
10650,0.001236,172.217.194.0-255,4320,92511,35,240812
10651,0.001238,172.31.33.0-255,66,92577,35,240812
10652,0.001249,172.31.33.0-255,66,92643,35,240812
10653,0.001269,172.217.194.0-255,2184,94827,35,240812
10654,0.001271,172.31.33.0-255,66,94893,35,240812
10655,0.00135,172.217.194.0-255,1484,96377,35,240812
10656,0.001366,172.217.194.0-255,2902,99279,35,240812
10657,0.001369,172.31.33.0-255,66,99345,35,240812
10658,0.001375,172.217.194.0-255,5738,105083,35,240812
10659,0.001377,172.31.33.0-255,66,105149,35,240812
10660,0.001412,172.31.33.0-255,66,105215,35,240812
10661,0.001423,172.31.33.0-255,66,105281,35,240812
10662,0.001443,172.217.194.0-255,766,106047,35,240812
10663,0.001457,172.217.194.0-255,1484,107531,35,240812
10664,0.001459,172.31.33.0-255,66,107597,35,240812
10665,0.001463,172.217.194.0-255,2902,110499,35,240812
10666,0.001465,172.31.33.0-255,66,110565,35,240812
10667,0.001483,172.217.194.0-255,1484,112049,35,240812
10668,0.001497,172.31.33.0-255,66,112115,35,240812
10669,0.001524,172.31.33.0-255,66,112181,35,240812
10670,0.001558,172.217.194.0-255,5020,117201,35,240812
10671,0.001561,172.31.33.0-255,66,117267,35,240812
10672,0.00195,172.217.194.0-255,1484,118751,35,240812
10673,0.001956,172.217.194.0-255,2902,121653,35,240812
10674,0.001959,172.31.33.0-255,66,121719,35,240812
10675,0.001963,172.217.194.0-255,2902,124621,35,240812
10676,0.001965,172.31.33.0-255,66,124687,35,240812
10677,0.001988,172.217.194.0-255,2902,127589,35,240812
10678,0.00199,172.31.33.0-255,66,127655,35,240812
10679,0.002013,172.217.194.0-255,4320,131975,35,240812
10680,0.002015,172.31.33.0-255,66,132041,35,240812
10681,0.002033,172.31.33.0-255,66,132107,35,240812
10682,0.002038,172.217.194.0-255,3602,135709,35,240812
10683,0.00204,172.31.33.0-255,66,135775,35,240812
10684,0.002085,172.31.33.0-255,66,135841,35,240812
10685,0.002089,172.217.194.0-255,2902,138743,35,240812
10686,0.002091,172.31.33.0-255,66,138809,35,240812
10687,0.002128,172.217.194.0-255,7156,145965,35,240812
10688,0.002131,172.31.33.0-255,66,146031,35,240812
10689,0.002184,172.217.194.0-255,1484,147515,35,240812
10690,0.002188,172.217.194.0-255,2902,150417,35,240812
10691,0.00223,172.217.194.0-255,4320,154737,35,240812
10692,0.002244,172.217.194.0-255,1484,156221,35,240812
10693,0.002317,172.217.194.0-255,1484,157705,35,240812
10694,0.002322,172.217.194.0-255,2902,160607,35,240812
10695,0.002345,172.217.194.0-255,5738,166345,35,240812
10696,0.00236,172.217.194.0-255,2902,169247,35,240812
10697,0.002384,172.217.194.0-255,4320,173567,35,240812
10698,0.002405,172.217.194.0-255,6438,180005,35,240812
10699,0.002443,172.217.194.0-255,2902,182907,35,240812
10700,0.002456,172.217.194.0-255,5738,188645,35,240812
10701,0.002462,172.217.194.0-255,5738,194383,35,240812
10702,0.002478,172.217.194.0-255,2902,197285,35,240812
10703,0.002481,172.217.194.0-255,1484,198769,35,240812
10704,0.002494,172.217.194.0-255,1484,200253,35,240812
10705,0.002507,172.217.194.0-255,1484,201737,35,240812
10706,0.002525,172.217.194.0-255,7156,208893,35,240812
10707,0.002528,172.217.194.0-255,2902,211795,35,240812
10708,0.002543,172.217.194.0-255,1484,213279,35,240812
10709,0.002545,172.217.194.0-255,766,214045,35,240812
10710,0.002559,172.217.194.0-255,1484,215529,35,240812
10711,0.002571,172.217.194.0-255,1484,217013,35,240812
10712,0.002586,172.217.194.0-255,2902,219915,35,240812
10713,0.00259,172.217.194.0-255,2902,222817,35,240812
10714,0.002611,172.217.194.0-255,1484,224301,35,240812
10715,0.002627,172.217.194.0-255,2902,227203,35,240812
10716,0.002649,172.217.194.0-255,6718,233921,35,240812
10717,0.002652,172.217.194.0-255,97,234018,35,240812
10718,0.002716,172.217.194.0-255,105,234123,35,240812
10719,0.010169,172.31.33.0-255,66,234189,35,240812
10720,0.011891,172.217.194.0-255,105,234294,35,240812
10721,0.011902,172.31.33.0-255,78,234372,35,240812
10722,0.011969,172.31.33.0-255,105,234477,35,240812
10723,0.01423,172.217.194.0-255,66,234543,35,240812
10724,0.045862,172.31.33.0-255,172,234715,35,240812
10725,0.045896,172.31.33.0-255,1107,235822,35,240812
10726,0.045966,172.31.33.0-255,1514,237336,35,240812
10727,0.045968,172.31.33.0-255,1514,238850,35,240812
10728,0.045974,172.31.33.0-255,1514,240364,35,240812
10729,0.045975,172.31.33.0-255,184,240548,35,240812
10730,0.047437,104.244.42.0-255,66,240614,35,240812
10731,0.047447,104.244.42.0-255,66,240680,35,240812
10732,0.047512,104.244.42.0-255,66,240746,35,240812
10733,0.047516,104.244.42.0-255,66,240812,35,240812
10734,0.0,74.125.200.0-255,163,163,35,308944
10735,2.7e-05,172.31.33.0-255,66,229,35,308944
10736,4.1e-05,74.125.200.0-255,1484,1713,35,308944
10737,4.5e-05,172.31.33.0-255,66,1779,35,308944
10738,7e-05,74.125.200.0-255,2902,4681,35,308944
10739,7.1e-05,172.31.33.0-255,66,4747,35,308944
10740,7.7e-05,74.125.200.0-255,5738,10485,35,308944
10741,7.9e-05,74.125.200.0-255,1484,11969,35,308944
10742,8.1e-05,172.31.33.0-255,66,12035,35,308944
10743,8.4e-05,172.31.33.0-255,66,12101,35,308944
10744,0.000108,74.125.200.0-255,1993,14094,35,308944
10745,0.00011,172.31.33.0-255,66,14160,35,308944
10746,0.000114,74.125.200.0-255,2902,17062,35,308944
10747,0.000116,172.31.33.0-255,66,17128,35,308944
10748,0.000129,74.125.200.0-255,2902,20030,35,308944
10749,0.000132,172.31.33.0-255,66,20096,35,308944
10750,0.000137,74.125.200.0-255,5738,25834,35,308944
10751,0.000139,172.31.33.0-255,66,25900,35,308944
10752,0.000183,74.125.200.0-255,4320,30220,35,308944
10753,0.000186,172.31.33.0-255,66,30286,35,308944
10754,0.000195,74.125.200.0-255,1125,31411,35,308944
10755,0.000198,172.31.33.0-255,66,31477,35,308944
10756,0.000258,74.125.200.0-255,1484,32961,35,308944
10757,0.000261,172.31.33.0-255,66,33027,35,308944
10758,0.000265,74.125.200.0-255,2902,35929,35,308944
10759,0.000267,172.31.33.0-255,66,35995,35,308944
10760,0.000285,74.125.200.0-255,2902,38897,35,308944
10761,0.000288,172.31.33.0-255,66,38963,35,308944
10762,0.000308,74.125.200.0-255,4320,43283,35,308944
10763,0.000313,172.31.33.0-255,66,43349,35,308944
10764,0.000326,74.125.200.0-255,1484,44833,35,308944
10765,0.000329,172.31.33.0-255,66,44899,35,308944
10766,0.000355,172.31.33.0-255,66,44965,35,308944
10767,0.000368,74.125.200.0-255,1484,46449,35,308944
10768,0.000398,172.31.33.0-255,66,46515,35,308944
10769,0.000402,74.125.200.0-255,2854,49369,35,308944
10770,0.000404,74.125.200.0-255,375,49744,35,308944
10771,0.000406,172.31.33.0-255,66,49810,35,308944
10772,0.000621,74.125.200.0-255,1484,51294,35,308944
10773,0.000625,172.31.33.0-255,66,51360,35,308944
10774,0.000641,74.125.200.0-255,2902,54262,35,308944
10775,0.000644,172.31.33.0-255,66,54328,35,308944
10776,0.000649,74.125.200.0-255,4320,58648,35,308944
10777,0.000651,172.31.33.0-255,66,58714,35,308944
10778,0.000676,74.125.200.0-255,7156,65870,35,308944
10779,0.000679,172.31.33.0-255,66,65936,35,308944
10780,0.000697,74.125.200.0-255,1484,67420,35,308944
10781,0.000704,74.125.200.0-255,7156,74576,35,308944
10782,0.000706,172.31.33.0-255,66,74642,35,308944
10783,0.000726,74.125.200.0-255,7156,81798,35,308944
10784,0.000728,172.31.33.0-255,66,81864,35,308944
10785,0.000748,74.125.200.0-255,1484,83348,35,308944
10786,0.000751,74.125.200.0-255,766,84114,35,308944
10787,0.000754,172.31.33.0-255,66,84180,35,308944
10788,0.000865,74.125.200.0-255,1484,85664,35,308944
10789,0.000878,74.125.200.0-255,2902,88566,35,308944
10790,0.000881,172.31.33.0-255,66,88632,35,308944
10791,0.000885,74.125.200.0-255,1484,90116,35,308944
10792,0.000901,74.125.200.0-255,2902,93018,35,308944
10793,0.000903,172.31.33.0-255,66,93084,35,308944
10794,0.000906,74.125.200.0-255,1484,94568,35,308944
10795,0.000926,74.125.200.0-255,4320,98888,35,308944
10796,0.000929,172.31.33.0-255,66,98954,35,308944
10797,0.000942,74.125.200.0-255,1484,100438,35,308944
10798,0.000964,172.31.33.0-255,66,100504,35,308944
10799,0.00099,74.125.200.0-255,1484,101988,35,308944
10800,0.001009,74.125.200.0-255,6438,108426,35,308944
10801,0.001012,172.31.33.0-255,66,108492,35,308944
10802,0.001046,74.125.200.0-255,5738,114230,35,308944
10803,0.001049,172.31.33.0-255,66,114296,35,308944
10804,0.001085,74.125.200.0-255,7156,121452,35,308944
10805,0.001089,172.31.33.0-255,66,121518,35,308944
10806,0.001093,74.125.200.0-255,2902,124420,35,308944
10807,0.001095,172.31.33.0-255,66,124486,35,308944
10808,0.001109,74.125.200.0-255,4320,128806,35,308944
10809,0.001113,172.31.33.0-255,66,128872,35,308944
10810,0.001147,172.31.33.0-255,66,128938,35,308944
10811,0.001151,74.125.200.0-255,2902,131840,35,308944
10812,0.001153,172.31.33.0-255,66,131906,35,308944
10813,0.001198,74.125.200.0-255,2184,134090,35,308944
10814,0.001201,172.31.33.0-255,66,134156,35,308944
10815,0.00122,74.125.200.0-255,2902,137058,35,308944
10816,0.001223,172.31.33.0-255,66,137124,35,308944
10817,0.001228,74.125.200.0-255,2902,140026,35,308944
10818,0.00123,172.31.33.0-255,66,140092,35,308944
10819,0.00125,74.125.200.0-255,4320,144412,35,308944
10820,0.001253,172.31.33.0-255,66,144478,35,308944
10821,0.001254,74.125.200.0-255,4320,148798,35,308944
10822,0.001256,172.31.33.0-255,66,148864,35,308944
10823,0.001261,74.125.200.0-255,5738,154602,35,308944
10824,0.001263,172.31.33.0-255,66,154668,35,308944
10825,0.001302,172.31.33.0-255,66,154734,35,308944
10826,0.001306,74.125.200.0-255,2184,156918,35,308944
10827,0.001308,172.31.33.0-255,66,156984,35,308944
10828,0.001349,74.125.200.0-255,1484,158468,35,308944
10829,0.001359,74.125.200.0-255,2902,161370,35,308944
10830,0.001362,172.31.33.0-255,66,161436,35,308944
10831,0.001383,74.125.200.0-255,5738,167174,35,308944
10832,0.001386,172.31.33.0-255,66,167240,35,308944
10833,0.001444,74.125.200.0-255,7156,174396,35,308944
10834,0.001447,172.31.33.0-255,66,174462,35,308944
10835,0.001457,172.31.33.0-255,66,174528,35,308944
10836,0.001466,172.31.33.0-255,66,174594,35,308944
10837,0.001612,74.125.200.0-255,1484,176078,35,308944
10838,0.001619,74.125.200.0-255,2902,178980,35,308944
10839,0.001623,172.31.33.0-255,66,179046,35,308944
10840,0.001651,74.125.200.0-255,5738,184784,35,308944
10841,0.001654,172.31.33.0-255,66,184850,35,308944
10842,0.001658,74.125.200.0-255,2902,187752,35,308944
10843,0.001659,172.31.33.0-255,66,187818,35,308944
10844,0.001668,74.125.200.0-255,4320,192138,35,308944
10845,0.00167,172.31.33.0-255,66,192204,35,308944
10846,0.0017,172.31.33.0-255,66,192270,35,308944
10847,0.001704,74.125.200.0-255,2902,195172,35,308944
10848,0.001706,172.31.33.0-255,66,195238,35,308944
10849,0.001717,74.125.200.0-255,1484,196722,35,308944
10850,0.001736,74.125.200.0-255,2902,199624,35,308944
10851,0.001739,172.31.33.0-255,66,199690,35,308944
10852,0.001742,74.125.200.0-255,766,200456,35,308944
10853,0.001883,74.125.200.0-255,1484,201940,35,308944
10854,0.001888,172.31.33.0-255,66,202006,35,308944
10855,0.001893,74.125.200.0-255,2902,204908,35,308944
10856,0.001896,172.31.33.0-255,66,204974,35,308944
10857,0.001898,74.125.200.0-255,1484,206458,35,308944
10858,0.001901,74.125.200.0-255,1484,207942,35,308944
10859,0.001902,172.31.33.0-255,66,208008,35,308944
10860,0.001925,74.125.200.0-255,1484,209492,35,308944
10861,0.001932,74.125.200.0-255,5738,215230,35,308944
10862,0.001934,172.31.33.0-255,66,215296,35,308944
10863,0.001964,172.31.33.0-255,66,215362,35,308944
10864,0.00198,74.125.200.0-255,1484,216846,35,308944
10865,0.002014,172.31.33.0-255,66,216912,35,308944
10866,0.002065,74.125.200.0-255,1484,218396,35,308944
10867,0.002086,74.125.200.0-255,2902,221298,35,308944
10868,0.00209,172.31.33.0-255,66,221364,35,308944
10869,0.002094,74.125.200.0-255,2902,224266,35,308944
10870,0.002097,172.31.33.0-255,66,224332,35,308944
10871,0.00211,74.125.200.0-255,2902,227234,35,308944
10872,0.002113,172.31.33.0-255,66,227300,35,308944
10873,0.002116,74.125.200.0-255,1484,228784,35,308944
10874,0.00212,74.125.200.0-255,2902,231686,35,308944
10875,0.002123,172.31.33.0-255,66,231752,35,308944
10876,0.002126,74.125.200.0-255,1484,233236,35,308944
10877,0.002154,74.125.200.0-255,4320,237556,35,308944
10878,0.002158,172.31.33.0-255,66,237622,35,308944
10879,0.002164,74.125.200.0-255,5738,243360,35,308944
10880,0.002167,172.31.33.0-255,66,243426,35,308944
10881,0.002181,74.125.200.0-255,4320,247746,35,308944
10882,0.002184,172.31.33.0-255,66,247812,35,308944
10883,0.0022,74.125.200.0-255,2902,250714,35,308944
10884,0.002202,172.31.33.0-255,66,250780,35,308944
10885,0.002205,74.125.200.0-255,766,251546,35,308944
10886,0.002208,74.125.200.0-255,1484,253030,35,308944
10887,0.00221,172.31.33.0-255,66,253096,35,308944
10888,0.002237,74.125.200.0-255,4320,257416,35,308944
10889,0.00224,172.31.33.0-255,66,257482,35,308944
10890,0.002264,172.31.33.0-255,66,257548,35,308944
10891,0.002279,74.125.200.0-255,1484,259032,35,308944
10892,0.002285,74.125.200.0-255,5738,264770,35,308944
10893,0.002287,172.31.33.0-255,66,264836,35,308944
10894,0.002305,74.125.200.0-255,5738,270574,35,308944
10895,0.002308,172.31.33.0-255,66,270640,35,308944
10896,0.002314,74.125.200.0-255,6438,277078,35,308944
10897,0.002316,172.31.33.0-255,66,277144,35,308944
10898,0.00234,74.125.200.0-255,7156,284300,35,308944
10899,0.002342,172.31.33.0-255,66,284366,35,308944
10900,0.002358,74.125.200.0-255,4320,288686,35,308944
10901,0.00236,172.31.33.0-255,66,288752,35,308944
10902,0.002384,74.125.200.0-255,5738,294490,35,308944
10903,0.002387,172.31.33.0-255,66,294556,35,308944
10904,0.002411,74.125.200.0-255,4320,298876,35,308944
10905,0.002413,172.31.33.0-255,66,298942,35,308944
10906,0.002427,74.125.200.0-255,5555,304497,35,308944
10907,0.00243,172.31.33.0-255,66,304563,35,308944
10908,0.002478,74.125.200.0-255,105,304668,35,308944
10909,0.010798,172.31.33.0-255,66,304734,35,308944
10910,0.01083,172.31.33.0-255,105,304839,35,308944
10911,0.01335,74.125.200.0-255,66,304905,35,308944
10912,0.048571,172.31.33.0-255,172,305077,35,308944
10913,0.048603,172.31.33.0-255,1107,306184,35,308944
10914,0.04864,172.31.33.0-255,1514,307698,35,308944
10915,0.048641,172.31.33.0-255,1048,308746,35,308944
10916,0.050064,104.244.42.0-255,66,308812,35,308944
10917,0.050093,104.244.42.0-255,66,308878,35,308944
10918,0.050142,104.244.42.0-255,66,308944,35,308944
10919,0.0,172.217.194.0-255,153,153,35,231114
10920,1.9e-05,172.31.33.0-255,66,219,35,231114
10921,2.6e-05,172.217.194.0-255,1484,1703,35,231114
10922,3.1e-05,172.31.33.0-255,66,1769,35,231114
10923,4.4e-05,172.217.194.0-255,2902,4671,35,231114
10924,4.8e-05,172.31.33.0-255,66,4737,35,231114
10925,5.3e-05,172.217.194.0-255,2902,7639,35,231114
10926,5.5e-05,172.31.33.0-255,66,7705,35,231114
10927,8.7e-05,172.217.194.0-255,4320,12025,35,231114
10928,9e-05,172.31.33.0-255,66,12091,35,231114
10929,0.000113,172.217.194.0-255,2049,14140,35,231114
10930,0.000116,172.31.33.0-255,66,14206,35,231114
10931,0.00017,172.217.194.0-255,1484,15690,35,231114
10932,0.000173,172.31.33.0-255,66,15756,35,231114
10933,0.000177,172.217.194.0-255,2902,18658,35,231114
10934,0.00018,172.31.33.0-255,66,18724,35,231114
10935,0.000183,172.217.194.0-255,1484,20208,35,231114
10936,0.000184,172.31.33.0-255,66,20274,35,231114
10937,0.000215,172.217.194.0-255,4320,24594,35,231114
10938,0.000223,172.31.33.0-255,66,24660,35,231114
10939,0.000247,172.217.194.0-255,1484,26144,35,231114
10940,0.000249,172.31.33.0-255,66,26210,35,231114
10941,0.000283,172.217.194.0-255,5379,31589,35,231114
10942,0.000286,172.31.33.0-255,66,31655,35,231114
10943,0.000293,172.217.194.0-255,5738,37393,35,231114
10944,0.000295,172.31.33.0-255,66,37459,35,231114
10945,0.000307,172.217.194.0-255,1484,38943,35,231114
10946,0.000309,172.31.33.0-255,66,39009,35,231114
10947,0.000335,172.217.194.0-255,5738,44747,35,231114
10948,0.000338,172.31.33.0-255,66,44813,35,231114
10949,0.000368,172.217.194.0-255,3961,48774,35,231114
10950,0.00037,172.31.33.0-255,66,48840,35,231114
10951,0.000374,172.217.194.0-255,1484,50324,35,231114
10952,0.000378,172.217.194.0-255,1484,51808,35,231114
10953,0.000379,172.31.33.0-255,66,51874,35,231114
10954,0.00041,172.217.194.0-255,1484,53358,35,231114
10955,0.000417,172.217.194.0-255,5738,59096,35,231114
10956,0.000419,172.31.33.0-255,66,59162,35,231114
10957,0.000427,172.217.194.0-255,6797,65959,35,231114
10958,0.000429,172.31.33.0-255,66,66025,35,231114
10959,0.000436,172.217.194.0-255,362,66387,35,231114
10960,0.00107,172.31.33.0-255,66,66453,35,231114
10961,0.001698,172.217.194.0-255,381,66834,35,231114
10962,0.00173,172.217.194.0-255,1484,68318,35,231114
10963,0.001735,172.31.33.0-255,66,68384,35,231114
10964,0.001771,172.217.194.0-255,4320,72704,35,231114
10965,0.001774,172.31.33.0-255,66,72770,35,231114
10966,0.00178,172.217.194.0-255,5738,78508,35,231114
10967,0.001782,172.31.33.0-255,66,78574,35,231114
10968,0.0018,172.31.33.0-255,66,78640,35,231114
10969,0.001829,172.217.194.0-255,2902,81542,35,231114
10970,0.001831,172.31.33.0-255,66,81608,35,231114
10971,0.001853,172.31.33.0-255,66,81674,35,231114
10972,0.00187,172.31.33.0-255,66,81740,35,231114
10973,0.001913,172.31.33.0-255,66,81806,35,231114
10974,0.001956,172.31.33.0-255,66,81872,35,231114
10975,0.001982,172.31.33.0-255,66,81938,35,231114
10976,0.001984,172.217.194.0-255,1484,83422,35,231114
10977,0.001996,172.31.33.0-255,66,83488,35,231114
10978,0.00231,172.217.194.0-255,1484,84972,35,231114
10979,0.002314,172.217.194.0-255,2902,87874,35,231114
10980,0.002317,172.31.33.0-255,66,87940,35,231114
10981,0.002321,172.217.194.0-255,1484,89424,35,231114
10982,0.002344,172.217.194.0-255,4320,93744,35,231114
10983,0.002347,172.31.33.0-255,66,93810,35,231114
10984,0.00236,172.217.194.0-255,2902,96712,35,231114
10985,0.002366,172.31.33.0-255,66,96778,35,231114
10986,0.002402,172.31.33.0-255,66,96844,35,231114
10987,0.002413,172.31.33.0-255,66,96910,35,231114
10988,0.002421,172.217.194.0-255,2184,99094,35,231114
10989,0.002423,172.31.33.0-255,66,99160,35,231114
10990,0.005068,172.217.194.0-255,5738,104898,35,231114
10991,0.005074,172.31.33.0-255,66,104964,35,231114
10992,0.00773,172.217.194.0-255,5738,110702,35,231114
10993,0.007735,172.31.33.0-255,66,110768,35,231114
10994,0.010399,172.217.194.0-255,5738,116506,35,231114
10995,0.01041,172.31.33.0-255,66,116572,35,231114
10996,0.013092,172.217.194.0-255,5738,122310,35,231114
10997,0.013107,172.31.33.0-255,66,122376,35,231114
10998,0.015762,172.217.194.0-255,5738,128114,35,231114
10999,0.015778,172.31.33.0-255,66,128180,35,231114
11000,0.018456,172.217.194.0-255,5738,133918,35,231114
11001,0.018465,172.31.33.0-255,66,133984,35,231114
11002,0.021123,172.217.194.0-255,5738,139722,35,231114
11003,0.021136,172.31.33.0-255,66,139788,35,231114
11004,0.023776,172.217.194.0-255,5738,145526,35,231114
11005,0.023784,172.31.33.0-255,66,145592,35,231114
11006,0.026467,172.217.194.0-255,5738,151330,35,231114
11007,0.026474,172.31.33.0-255,66,151396,35,231114
11008,0.029164,172.217.194.0-255,5738,157134,35,231114
11009,0.029185,172.31.33.0-255,66,157200,35,231114
11010,0.031844,172.217.194.0-255,5738,162938,35,231114
11011,0.031862,172.31.33.0-255,66,163004,35,231114
11012,0.034541,172.217.194.0-255,5738,168742,35,231114
11013,0.034559,172.31.33.0-255,66,168808,35,231114
11014,0.037258,172.217.194.0-255,5738,174546,35,231114
11015,0.037273,172.31.33.0-255,66,174612,35,231114
11016,0.039963,172.217.194.0-255,5738,180350,35,231114
11017,0.039985,172.31.33.0-255,66,180416,35,231114
11018,0.042684,172.217.194.0-255,5738,186154,35,231114
11019,0.042703,172.31.33.0-255,66,186220,35,231114
11020,0.045393,172.217.194.0-255,5738,191958,35,231114
11021,0.045408,172.31.33.0-255,66,192024,35,231114
11022,0.04708,172.31.33.0-255,200,192224,35,231114
11023,0.047114,172.31.33.0-255,1107,193331,35,231114
11024,0.047175,172.31.33.0-255,1514,194845,35,231114
11025,0.047177,172.31.33.0-255,1514,196359,35,231114
11026,0.047178,172.31.33.0-255,1514,197873,35,231114
11027,0.047179,172.31.33.0-255,1514,199387,35,231114
11028,0.047211,172.31.33.0-255,1514,200901,35,231114
11029,0.047213,172.31.33.0-255,929,201830,35,231114
11030,0.048086,172.217.194.0-255,5738,207568,35,231114
11031,0.048094,172.31.33.0-255,66,207634,35,231114
11032,0.048622,104.244.42.0-255,66,207700,35,231114
11033,0.048676,104.244.42.0-255,66,207766,35,231114
11034,0.048782,104.244.42.0-255,66,207832,35,231114
11035,0.048787,104.244.42.0-255,66,207898,35,231114
11036,0.050776,172.217.194.0-255,5738,213636,35,231114
11037,0.050789,172.31.33.0-255,66,213702,35,231114
11038,0.053461,172.217.194.0-255,5738,219440,35,231114
11039,0.053474,172.31.33.0-255,66,219506,35,231114
11040,0.056134,172.217.194.0-255,5738,225244,35,231114
11041,0.056141,172.31.33.0-255,66,225310,35,231114
11042,0.05882,172.217.194.0-255,5738,231048,35,231114
11043,0.058827,172.31.33.0-255,66,231114,35,231114
11044,0.0,74.125.68.0-255,153,153,35,262760
11045,3.4e-05,172.31.33.0-255,66,219,35,262760
11046,4.1e-05,74.125.68.0-255,1484,1703,35,262760
11047,4.6e-05,172.31.33.0-255,66,1769,35,262760
11048,5e-05,74.125.68.0-255,2902,4671,35,262760
11049,5.4e-05,172.31.33.0-255,66,4737,35,262760
11050,7.9e-05,74.125.68.0-255,5738,10475,35,262760
11051,8.2e-05,172.31.33.0-255,66,10541,35,262760
11052,8.7e-05,74.125.68.0-255,3464,14005,35,262760
11053,8.9e-05,172.31.33.0-255,66,14071,35,262760
11054,0.000172,74.125.68.0-255,1484,15555,35,262760
11055,0.000176,172.31.33.0-255,66,15621,35,262760
11056,0.000182,74.125.68.0-255,2902,18523,35,262760
11057,0.000184,172.31.33.0-255,66,18589,35,262760
11058,0.00021,74.125.68.0-255,5738,24327,35,262760
11059,0.000213,172.31.33.0-255,66,24393,35,262760
11060,0.00024,74.125.68.0-255,6797,31190,35,262760
11061,0.000243,172.31.33.0-255,66,31256,35,262760
11062,0.000302,74.125.68.0-255,1484,32740,35,262760
11063,0.000306,172.31.33.0-255,66,32806,35,262760
11064,0.000323,74.125.68.0-255,1484,34290,35,262760
11065,0.000325,172.31.33.0-255,66,34356,35,262760
11066,0.000348,74.125.68.0-255,1484,35840,35,262760
11067,0.000351,172.31.33.0-255,66,35906,35,262760
11068,0.000356,74.125.68.0-255,4320,40226,35,262760
11069,0.00036,172.31.33.0-255,66,40292,35,262760
11070,0.000395,74.125.68.0-255,5738,46030,35,262760
11071,0.000398,172.31.33.0-255,66,46096,35,262760
11072,0.000415,74.125.68.0-255,2543,48639,35,262760
11073,0.000418,172.31.33.0-255,66,48705,35,262760
11074,0.00045,74.125.68.0-255,1484,50189,35,262760
11075,0.000453,172.31.33.0-255,66,50255,35,262760
11076,0.000474,74.125.68.0-255,1484,51739,35,262760
11077,0.000491,74.125.68.0-255,1484,53223,35,262760
11078,0.000498,74.125.68.0-255,5738,58961,35,262760
11079,0.000498,172.31.33.0-255,66,59027,35,262760
11080,0.000502,74.125.68.0-255,2902,61929,35,262760
11081,0.000507,74.125.68.0-255,3961,65890,35,262760
11082,0.000511,172.31.33.0-255,66,65956,35,262760
11083,0.000528,172.31.33.0-255,66,66022,35,262760
11084,0.000558,74.125.68.0-255,397,66419,35,262760
11085,0.000623,74.125.68.0-255,112,66531,35,262760
11086,0.000821,74.125.68.0-255,330,66861,35,262760
11087,0.000888,172.31.33.0-255,66,66927,35,262760
11088,0.000968,74.125.68.0-255,1484,68411,35,262760
11089,0.000992,74.125.68.0-255,2902,71313,35,262760
11090,0.000997,74.125.68.0-255,2902,74215,35,262760
11091,0.001008,74.125.68.0-255,1484,75699,35,262760
11092,0.001037,74.125.68.0-255,4320,80019,35,262760
11093,0.001053,74.125.68.0-255,3961,83980,35,262760
11094,0.001096,74.125.68.0-255,4320,88300,35,262760
11095,0.001121,74.125.68.0-255,5738,94038,35,262760
11096,0.001136,74.125.68.0-255,2902,96940,35,262760
11097,0.001154,74.125.68.0-255,3961,100901,35,262760
11098,0.001467,74.125.68.0-255,1484,102385,35,262760
11099,0.001475,74.125.68.0-255,1484,103869,35,262760
11100,0.001493,74.125.68.0-255,1484,105353,35,262760
11101,0.001497,74.125.68.0-255,1484,106837,35,262760
11102,0.001502,74.125.68.0-255,2902,109739,35,262760
11103,0.001525,74.125.68.0-255,5738,115477,35,262760
11104,0.00155,74.125.68.0-255,7156,122633,35,262760
11105,0.001562,74.125.68.0-255,2902,125535,35,262760
11106,0.001605,74.125.68.0-255,5738,131273,35,262760
11107,0.001626,74.125.68.0-255,3602,134875,35,262760
11108,0.006545,172.31.33.0-255,66,134941,35,262760
11109,0.008854,74.125.68.0-255,5738,140679,35,262760
11110,0.008864,172.31.33.0-255,66,140745,35,262760
11111,0.011159,74.125.68.0-255,5738,146483,35,262760
11112,0.012075,172.31.33.0-255,66,146549,35,262760
11113,0.014381,74.125.68.0-255,5738,152287,35,262760
11114,0.014393,172.31.33.0-255,66,152353,35,262760
11115,0.016707,74.125.68.0-255,5738,158091,35,262760
11116,0.016721,172.31.33.0-255,66,158157,35,262760
11117,0.019052,74.125.68.0-255,5738,163895,35,262760
11118,0.019062,172.31.33.0-255,66,163961,35,262760
11119,0.021445,74.125.68.0-255,5738,169699,35,262760
11120,0.021459,172.31.33.0-255,66,169765,35,262760
11121,0.023757,74.125.68.0-255,5738,175503,35,262760
11122,0.023773,172.31.33.0-255,66,175569,35,262760
11123,0.026082,74.125.68.0-255,5738,181307,35,262760
11124,0.026097,172.31.33.0-255,66,181373,35,262760
11125,0.028429,74.125.68.0-255,5738,187111,35,262760
11126,0.028443,172.31.33.0-255,66,187177,35,262760
11127,0.030745,74.125.68.0-255,5738,192915,35,262760
11128,0.030753,172.31.33.0-255,66,192981,35,262760
11129,0.03265,172.31.33.0-255,172,193153,35,262760
11130,0.032683,172.31.33.0-255,1108,194261,35,262760
11131,0.032714,172.31.33.0-255,1423,195684,35,262760
11132,0.033044,74.125.68.0-255,4320,200004,35,262760
11133,0.033052,172.31.33.0-255,66,200070,35,262760
11134,0.033081,74.125.68.0-255,1484,201554,35,262760
11135,0.034179,104.244.42.0-255,66,201620,35,262760
11136,0.034226,104.244.42.0-255,66,201686,35,262760
11137,0.034269,104.244.42.0-255,66,201752,35,262760
11138,0.03534,74.125.68.0-255,4320,206072,35,262760
11139,0.035344,172.31.33.0-255,66,206138,35,262760
11140,0.037629,74.125.68.0-255,4320,210458,35,262760
11141,0.037634,172.31.33.0-255,66,210524,35,262760
11142,0.037655,74.125.68.0-255,1484,212008,35,262760
11143,0.039928,74.125.68.0-255,4320,216328,35,262760
11144,0.039934,172.31.33.0-255,66,216394,35,262760
11145,0.042226,74.125.68.0-255,5738,222132,35,262760
11146,0.042288,172.31.33.0-255,66,222198,35,262760
11147,0.044586,74.125.68.0-255,5738,227936,35,262760
11148,0.044592,172.31.33.0-255,66,228002,35,262760
11149,0.046883,74.125.68.0-255,5738,233740,35,262760
11150,0.046888,172.31.33.0-255,66,233806,35,262760
11151,0.049183,74.125.68.0-255,5738,239544,35,262760
11152,0.049189,172.31.33.0-255,66,239610,35,262760
11153,0.051475,74.125.68.0-255,5738,245348,35,262760
11154,0.051479,172.31.33.0-255,66,245414,35,262760
11155,0.053797,74.125.68.0-255,5738,251152,35,262760
11156,0.053802,172.31.33.0-255,66,251218,35,262760
11157,0.056109,74.125.68.0-255,5738,256956,35,262760
11158,0.056116,172.31.33.0-255,66,257022,35,262760
11159,0.058429,74.125.68.0-255,5738,262760,35,262760
11160,0.0,172.217.194.0-255,143,143,35,284235
11161,3.3e-05,172.31.33.0-255,66,209,35,284235
11162,4e-05,172.217.194.0-255,1484,1693,35,284235
11163,4.4e-05,172.31.33.0-255,66,1759,35,284235
11164,4.8e-05,172.217.194.0-255,2902,4661,35,284235
11165,5.1e-05,172.31.33.0-255,66,4727,35,284235
11166,5.8e-05,172.217.194.0-255,7156,11883,35,284235
11167,6.1e-05,172.31.33.0-255,66,11949,35,284235
11168,9.9e-05,172.217.194.0-255,2058,14007,35,284235
11169,0.000103,172.31.33.0-255,66,14073,35,284235
11170,0.000107,172.217.194.0-255,2902,16975,35,284235
11171,0.000109,172.31.33.0-255,66,17041,35,284235
11172,0.000115,172.217.194.0-255,7156,24197,35,284235
11173,0.000117,172.31.33.0-255,66,24263,35,284235
11174,0.00015,172.217.194.0-255,6797,31060,35,284235
11175,0.000153,172.31.33.0-255,66,31126,35,284235
11176,0.000204,172.217.194.0-255,4320,35446,35,284235
11177,0.000207,172.31.33.0-255,66,35512,35,284235
11178,0.000225,172.217.194.0-255,2902,38414,35,284235
11179,0.000228,172.31.33.0-255,66,38480,35,284235
11180,0.000239,172.31.33.0-255,66,38546,35,284235
11181,0.000245,172.217.194.0-255,5738,44284,35,284235
11182,0.000247,172.31.33.0-255,66,44350,35,284235
11183,0.000262,172.217.194.0-255,3961,48311,35,284235
11184,0.000265,172.31.33.0-255,66,48377,35,284235
11185,0.00028,172.217.194.0-255,1484,49861,35,284235
11186,0.000282,172.31.33.0-255,66,49927,35,284235
11187,0.000311,172.217.194.0-255,7110,57037,35,284235
11188,0.000315,172.31.33.0-255,66,57103,35,284235
11189,0.000333,172.217.194.0-255,98,57201,35,284235
11190,0.000336,172.31.33.0-255,66,57267,35,284235
11191,0.000383,172.217.194.0-255,365,57632,35,284235
11192,0.000612,172.217.194.0-255,1484,59116,35,284235
11193,0.000616,172.31.33.0-255,66,59182,35,284235
11194,0.000622,172.217.194.0-255,2902,62084,35,284235
11195,0.000636,172.217.194.0-255,4320,66404,35,284235
11196,0.000651,172.217.194.0-255,1484,67888,35,284235
11197,0.000651,172.31.33.0-255,66,67954,35,284235
11198,0.000693,172.217.194.0-255,5738,73692,35,284235
11199,0.000696,172.31.33.0-255,66,73758,35,284235
11200,0.000712,172.217.194.0-255,6797,80555,35,284235
11201,0.000714,172.31.33.0-255,66,80621,35,284235
11202,0.000763,172.217.194.0-255,5738,86359,35,284235
11203,0.000776,172.31.33.0-255,66,86425,35,284235
11204,0.000777,172.217.194.0-255,5379,91804,35,284235
11205,0.000781,172.31.33.0-255,66,91870,35,284235
11206,0.001284,172.217.194.0-255,1484,93354,35,284235
11207,0.001295,172.217.194.0-255,2902,96256,35,284235
11208,0.001299,172.31.33.0-255,66,96322,35,284235
11209,0.001303,172.217.194.0-255,1484,97806,35,284235
11210,0.001323,172.217.194.0-255,4320,102126,35,284235
11211,0.001326,172.31.33.0-255,66,102192,35,284235
11212,0.001334,172.217.194.0-255,7156,109348,35,284235
11213,0.001336,172.31.33.0-255,66,109414,35,284235
11214,0.001354,172.217.194.0-255,5738,115152,35,284235
11215,0.001358,172.31.33.0-255,66,115218,35,284235
11216,0.001364,172.217.194.0-255,5738,120956,35,284235
11217,0.001366,172.31.33.0-255,66,121022,35,284235
11218,0.001391,172.217.194.0-255,5020,126042,35,284235
11219,0.001394,172.31.33.0-255,66,126108,35,284235
11220,0.001415,172.217.194.0-255,5738,131846,35,284235
11221,0.001417,172.31.33.0-255,66,131912,35,284235
11222,0.001436,172.217.194.0-255,2902,134814,35,284235
11223,0.001438,172.31.33.0-255,66,134880,35,284235
11224,0.001505,172.217.194.0-255,5738,140618,35,284235
11225,0.001556,172.217.194.0-255,5738,146356,35,284235
11226,0.0016,172.217.194.0-255,2902,149258,35,284235
11227,0.001619,172.217.194.0-255,5738,154996,35,284235
11228,0.001625,172.217.194.0-255,4320,159316,35,284235
11229,0.001643,172.217.194.0-255,5738,165054,35,284235
11230,0.001711,172.217.194.0-255,3602,168656,35,284235
11231,0.001715,172.217.194.0-255,1484,170140,35,284235
11232,0.001735,172.217.194.0-255,2902,173042,35,284235
11233,0.001801,172.217.194.0-255,1484,174526,35,284235
11234,0.001806,172.217.194.0-255,4320,178846,35,284235
11235,0.001855,172.217.194.0-255,3602,182448,35,284235
11236,0.001884,172.217.194.0-255,2902,185350,35,284235
11237,0.001893,172.217.194.0-255,1484,186834,35,284235
11238,0.001914,172.217.194.0-255,1484,188318,35,284235
11239,0.001925,172.217.194.0-255,2902,191220,35,284235
11240,0.001955,172.217.194.0-255,4320,195540,35,284235
11241,0.001958,172.217.194.0-255,1484,197024,35,284235
11242,0.001968,172.217.194.0-255,2902,199926,35,284235
11243,0.001979,172.217.194.0-255,1484,201410,35,284235
11244,0.002005,172.217.194.0-255,4320,205730,35,284235
11245,0.002021,172.217.194.0-255,2902,208632,35,284235
11246,0.002028,172.217.194.0-255,5738,214370,35,284235
11247,0.002044,172.217.194.0-255,2184,216554,35,284235
11248,0.002122,172.217.194.0-255,1484,218038,35,284235
11249,0.002137,172.217.194.0-255,2902,220940,35,284235
11250,0.00216,172.217.194.0-255,5738,226678,35,284235
11251,0.002164,172.217.194.0-255,4320,230998,35,284235
11252,0.002209,172.217.194.0-255,1484,232482,35,284235
11253,0.002227,172.217.194.0-255,6438,238920,35,284235
11254,0.002263,172.217.194.0-255,1484,240404,35,284235
11255,0.002274,172.217.194.0-255,2902,243306,35,284235
11256,0.0023,172.217.194.0-255,5738,249044,35,284235
11257,0.002314,172.217.194.0-255,4320,253364,35,284235
11258,0.002332,172.217.194.0-255,7156,260520,35,284235
11259,0.002335,172.217.194.0-255,2902,263422,35,284235
11260,0.00236,172.217.194.0-255,2902,266324,35,284235
11261,0.002396,172.217.194.0-255,1484,267808,35,284235
11262,0.00243,172.217.194.0-255,6043,273851,35,284235
11263,0.002482,172.217.194.0-255,105,273956,35,284235
11264,0.004266,172.31.33.0-255,66,274022,35,284235
11265,0.015656,172.31.33.0-255,105,274127,35,284235
11266,0.01821,172.217.194.0-255,66,274193,35,284235
11267,0.041626,172.31.33.0-255,172,274365,35,284235
11268,0.041654,172.31.33.0-255,1107,275472,35,284235
11269,0.041696,172.31.33.0-255,1514,276986,35,284235
11270,0.041698,172.31.33.0-255,1514,278500,35,284235
11271,0.041702,172.31.33.0-255,1514,280014,35,284235
11272,0.041703,172.31.33.0-255,1514,281528,35,284235
11273,0.041721,172.31.33.0-255,1514,283042,35,284235
11274,0.041723,172.31.33.0-255,929,283971,35,284235
11275,0.043154,104.244.42.0-255,66,284037,35,284235
11276,0.043186,104.244.42.0-255,66,284103,35,284235
11277,0.043243,104.244.42.0-255,66,284169,35,284235
11278,0.04325,104.244.42.0-255,66,284235,35,284235
11279,0.0,172.31.33.0-255,105,105,35,105
11280,0.0,172.217.27.0-255,153,153,35,67296
11281,1.4e-05,172.31.33.0-255,66,219,35,67296
11282,2.1e-05,172.217.27.0-255,1484,1703,35,67296
11283,2.5e-05,172.31.33.0-255,66,1769,35,67296
11284,3.8e-05,172.217.27.0-255,2902,4671,35,67296
11285,4.1e-05,172.31.33.0-255,66,4737,35,67296
11286,7.5e-05,172.217.27.0-255,7156,11893,35,67296
11287,7.9e-05,172.31.33.0-255,66,11959,35,67296
11288,0.000197,172.217.27.0-255,2063,14022,35,67296
11289,0.000201,172.31.33.0-255,66,14088,35,67296
11290,0.000249,172.31.33.0-255,66,14154,35,67296
11291,0.000453,172.217.27.0-255,5379,19533,35,67296
11292,0.00046,172.31.33.0-255,66,19599,35,67296
11293,0.000551,172.217.27.0-255,2902,22501,35,67296
11294,0.000554,172.31.33.0-255,66,22567,35,67296
11295,0.000615,172.31.33.0-255,66,22633,35,67296
11296,0.000983,172.31.33.0-255,66,22699,35,67296
11297,0.001186,172.31.33.0-255,66,22765,35,67296
11298,0.001213,172.217.27.0-255,2950,25715,35,67296
11299,0.001216,172.31.33.0-255,66,25781,35,67296
11300,0.001391,172.217.27.0-255,5738,31519,35,67296
11301,0.001397,172.31.33.0-255,66,31585,35,67296
11302,0.001432,172.31.33.0-255,66,31651,35,67296
11303,0.0018,172.217.27.0-255,4320,35971,35,67296
11304,0.001802,172.31.33.0-255,66,36037,35,67296
11305,0.001841,172.31.33.0-255,66,36103,35,67296
11306,0.002421,172.217.27.0-255,4320,40423,35,67296
11307,0.003255,172.217.27.0-255,5738,46161,35,67296
11308,0.003658,172.31.33.0-255,66,46227,35,67296
11309,0.003914,172.31.33.0-255,66,46293,35,67296
11310,0.003954,172.31.33.0-255,66,46359,35,67296
11311,0.004514,172.31.33.0-255,66,46425,35,67296
11312,0.0048,172.31.33.0-255,66,46491,35,67296
11313,0.005094,172.31.33.0-255,66,46557,35,67296
11314,0.005199,172.31.33.0-255,66,46623,35,67296
11315,0.006063,172.31.33.0-255,66,46689,35,67296
11316,0.006254,172.217.27.0-255,5738,52427,35,67296
11317,0.007237,172.217.27.0-255,5738,58165,35,67296
11318,0.00725,172.217.27.0-255,4320,62485,35,67296
11319,0.007413,172.217.27.0-255,1484,63969,35,67296
11320,0.007427,172.217.27.0-255,2924,66893,35,67296
11321,0.012681,172.31.33.0-255,66,66959,35,67296
11322,0.013872,172.31.33.0-255,105,67064,35,67296
11323,0.013942,172.217.27.0-255,88,67152,35,67296
11324,0.013953,172.31.33.0-255,78,67230,35,67296
11325,0.01551,172.217.27.0-255,66,67296,35,67296
11326,0.0,74.125.24.0-255,153,153,35,132794
11327,1.2e-05,172.31.33.0-255,66,219,35,132794
11328,1.9e-05,74.125.24.0-255,1484,1703,35,132794
11329,2.3e-05,172.31.33.0-255,66,1769,35,132794
11330,5.4e-05,74.125.24.0-255,2902,4671,35,132794
11331,5.6e-05,172.31.33.0-255,66,4737,35,132794
11332,6.7e-05,74.125.24.0-255,7156,11893,35,132794
11333,6.9e-05,172.31.33.0-255,66,11959,35,132794
11334,0.000151,74.125.24.0-255,2126,14085,35,132794
11335,0.000154,172.31.33.0-255,66,14151,35,132794
11336,0.000176,74.125.24.0-255,2902,17053,35,132794
11337,0.000179,172.31.33.0-255,66,17119,35,132794
11338,0.000207,74.125.24.0-255,4320,21439,35,132794
11339,0.000209,172.31.33.0-255,66,21505,35,132794
11340,0.000231,74.125.24.0-255,2902,24407,35,132794
11341,0.000233,172.31.33.0-255,66,24473,35,132794
11342,0.000309,74.125.24.0-255,2902,27375,35,132794
11343,0.000312,172.31.33.0-255,66,27441,35,132794
11344,0.000339,74.125.24.0-255,3961,31402,35,132794
11345,0.000341,172.31.33.0-255,66,31468,35,132794
11346,0.000393,74.125.24.0-255,4320,35788,35,132794
11347,0.000396,172.31.33.0-255,66,35854,35,132794
11348,0.00044,74.125.24.0-255,2902,38756,35,132794
11349,0.000443,172.31.33.0-255,66,38822,35,132794
11350,0.000479,74.125.24.0-255,4320,43142,35,132794
11351,0.000482,172.31.33.0-255,66,43208,35,132794
11352,0.000515,172.31.33.0-255,66,43274,35,132794
11353,0.000666,74.125.24.0-255,4320,47594,35,132794
11354,0.000671,172.31.33.0-255,66,47660,35,132794
11355,0.000694,172.31.33.0-255,66,47726,35,132794
11356,0.00084,74.125.24.0-255,7156,54882,35,132794
11357,0.000863,74.125.24.0-255,5782,60664,35,132794
11358,0.001006,74.125.24.0-255,7156,67820,35,132794
11359,0.001211,74.125.24.0-255,3644,71464,35,132794
11360,0.001256,74.125.24.0-255,1484,72948,35,132794
11361,0.001578,74.125.24.0-255,2184,75132,35,132794
11362,0.001617,172.31.33.0-255,66,75198,35,132794
11363,0.001691,74.125.24.0-255,5738,80936,35,132794
11364,0.001699,172.31.33.0-255,66,81002,35,132794
11365,0.001715,74.125.24.0-255,5738,86740,35,132794
11366,0.001729,172.31.33.0-255,66,86806,35,132794
11367,0.001846,74.125.24.0-255,5738,92544,35,132794
11368,0.001877,172.31.33.0-255,66,92610,35,132794
11369,0.001888,172.31.33.0-255,66,92676,35,132794
11370,0.001895,74.125.24.0-255,2184,94860,35,132794
11371,0.001914,172.31.33.0-255,66,94926,35,132794
11372,0.002153,74.125.24.0-255,7156,102082,35,132794
11373,0.002178,172.31.33.0-255,66,102148,35,132794
11374,0.00222,172.31.33.0-255,66,102214,35,132794
11375,0.002616,74.125.24.0-255,7156,109370,35,132794
11376,0.00262,172.31.33.0-255,66,109436,35,132794
11377,0.002666,172.31.33.0-255,66,109502,35,132794
11378,0.002875,74.125.24.0-255,2902,112404,35,132794
11379,0.002878,172.31.33.0-255,66,112470,35,132794
11380,0.002907,74.125.24.0-255,6438,118908,35,132794
11381,0.002921,172.31.33.0-255,66,118974,35,132794
11382,0.002998,74.125.24.0-255,2902,121876,35,132794
11383,0.003013,172.31.33.0-255,66,121942,35,132794
11384,0.003051,172.31.33.0-255,66,122008,35,132794
11385,0.003103,172.31.33.0-255,66,122074,35,132794
11386,0.003855,74.125.24.0-255,4320,126394,35,132794
11387,0.003877,172.31.33.0-255,66,126460,35,132794
11388,0.004756,74.125.24.0-255,4695,131155,35,132794
11389,0.012984,172.31.33.0-255,66,131221,35,132794
11390,0.01387,172.31.33.0-255,105,131326,35,132794
11391,0.014849,74.125.24.0-255,441,131767,35,132794
11392,0.01486,172.31.33.0-255,78,131845,35,132794
11393,0.016385,74.125.24.0-255,66,131911,35,132794
11394,0.052505,172.31.33.0-255,188,132099,35,132794
11395,0.052537,172.31.33.0-255,563,132662,35,132794
11396,0.054055,104.244.42.0-255,66,132728,35,132794
11397,0.054065,104.244.42.0-255,66,132794,35,132794
11398,0.0,172.217.194.0-255,153,153,35,247639
11399,1.4e-05,172.31.33.0-255,66,219,35,247639
11400,2.1e-05,172.217.194.0-255,1484,1703,35,247639
11401,2.6e-05,172.31.33.0-255,66,1769,35,247639
11402,3.7e-05,172.217.194.0-255,2902,4671,35,247639
11403,4.1e-05,172.31.33.0-255,66,4737,35,247639
11404,4.7e-05,172.217.194.0-255,5738,10475,35,247639
11405,4.9e-05,172.31.33.0-255,66,10541,35,247639
11406,8.6e-05,172.217.194.0-255,1484,12025,35,247639
11407,8.8e-05,172.31.33.0-255,66,12091,35,247639
11408,0.0001,172.31.33.0-255,66,12157,35,247639
11409,0.000113,172.31.33.0-255,66,12223,35,247639
11410,0.000133,172.217.194.0-255,4320,16543,35,247639
11411,0.000135,172.31.33.0-255,66,16609,35,247639
11412,0.000163,172.217.194.0-255,4320,20929,35,247639
11413,0.000166,172.31.33.0-255,66,20995,35,247639
11414,0.000175,172.31.33.0-255,66,21061,35,247639
11415,0.000178,172.217.194.0-255,1484,22545,35,247639
11416,0.000179,172.31.33.0-255,66,22611,35,247639
11417,0.000221,172.31.33.0-255,66,22677,35,247639
11418,0.000509,172.217.194.0-255,365,23042,35,247639
11419,0.000514,172.31.33.0-255,66,23108,35,247639
11420,0.00067,172.217.194.0-255,1484,24592,35,247639
11421,0.000673,172.31.33.0-255,66,24658,35,247639
11422,0.000678,172.217.194.0-255,2902,27560,35,247639
11423,0.000679,172.31.33.0-255,66,27626,35,247639
11424,0.000704,172.217.194.0-255,5738,33364,35,247639
11425,0.000707,172.31.33.0-255,66,33430,35,247639
11426,0.00071,172.217.194.0-255,1484,34914,35,247639
11427,0.000728,172.217.194.0-255,5738,40652,35,247639
11428,0.00073,172.31.33.0-255,66,40718,35,247639
11429,0.00077,172.217.194.0-255,5738,46456,35,247639
11430,0.000773,172.31.33.0-255,66,46522,35,247639
11431,0.000785,172.31.33.0-255,66,46588,35,247639
11432,0.001078,172.217.194.0-255,1484,48072,35,247639
11433,0.001082,172.217.194.0-255,1484,49556,35,247639
11434,0.001085,172.31.33.0-255,66,49622,35,247639
11435,0.001097,172.217.194.0-255,1484,51106,35,247639
11436,0.001106,172.217.194.0-255,5738,56844,35,247639
11437,0.001108,172.31.33.0-255,66,56910,35,247639
11438,0.001112,172.217.194.0-255,2902,59812,35,247639
11439,0.001114,172.31.33.0-255,66,59878,35,247639
11440,0.001149,172.217.194.0-255,7156,67034,35,247639
11441,0.001156,172.31.33.0-255,66,67100,35,247639
11442,0.001159,172.31.33.0-255,66,67166,35,247639
11443,0.001182,172.217.194.0-255,3602,70768,35,247639
11444,0.001188,172.31.33.0-255,66,70834,35,247639
11445,0.002134,172.217.194.0-255,1484,72318,35,247639
11446,0.002143,172.217.194.0-255,2902,75220,35,247639
11447,0.002148,172.31.33.0-255,66,75286,35,247639
11448,0.002154,172.217.194.0-255,4320,79606,35,247639
11449,0.002155,172.31.33.0-255,66,79672,35,247639
11450,0.002174,172.217.194.0-255,1484,81156,35,247639
11451,0.00218,172.217.194.0-255,5738,86894,35,247639
11452,0.002181,172.31.33.0-255,66,86960,35,247639
11453,0.00219,172.217.194.0-255,5738,92698,35,247639
11454,0.002192,172.31.33.0-255,66,92764,35,247639
11455,0.002222,172.217.194.0-255,7156,99920,35,247639
11456,0.002224,172.31.33.0-255,66,99986,35,247639
11457,0.002229,172.217.194.0-255,5020,105006,35,247639
11458,0.002231,172.31.33.0-255,66,105072,35,247639
11459,0.004506,172.217.194.0-255,4320,109392,35,247639
11460,0.00451,172.31.33.0-255,66,109458,35,247639
11461,0.004534,172.217.194.0-255,1484,110942,35,247639
11462,0.006804,172.217.194.0-255,2902,113844,35,247639
11463,0.006809,172.31.33.0-255,66,113910,35,247639
11464,0.006833,172.217.194.0-255,1484,115394,35,247639
11465,0.009041,172.217.194.0-255,4320,119714,35,247639
11466,0.009047,172.31.33.0-255,66,119780,35,247639
11467,0.011307,172.217.194.0-255,5738,125518,35,247639
11468,0.011313,172.31.33.0-255,66,125584,35,247639
11469,0.013603,172.217.194.0-255,5738,131322,35,247639
11470,0.01361,172.31.33.0-255,66,131388,35,247639
11471,0.015913,172.217.194.0-255,5738,137126,35,247639
11472,0.015923,172.31.33.0-255,66,137192,35,247639
11473,0.018178,172.217.194.0-255,5738,142930,35,247639
11474,0.018186,172.31.33.0-255,66,142996,35,247639
11475,0.020423,172.217.194.0-255,5738,148734,35,247639
11476,0.020431,172.31.33.0-255,66,148800,35,247639
11477,0.022735,172.217.194.0-255,5738,154538,35,247639
11478,0.022742,172.31.33.0-255,66,154604,35,247639
11479,0.025079,172.217.194.0-255,5738,160342,35,247639
11480,0.025086,172.31.33.0-255,66,160408,35,247639
11481,0.027328,172.217.194.0-255,4320,164728,35,247639
11482,0.027335,172.31.33.0-255,66,164794,35,247639
11483,0.027369,172.217.194.0-255,1484,166278,35,247639
11484,0.02956,172.217.194.0-255,4320,170598,35,247639
11485,0.029567,172.31.33.0-255,66,170664,35,247639
11486,0.030795,172.31.33.0-255,172,170836,35,247639
11487,0.030821,172.31.33.0-255,1107,171943,35,247639
11488,0.030871,172.31.33.0-255,1398,173341,35,247639
11489,0.031864,172.217.194.0-255,4320,177661,35,247639
11490,0.031871,172.31.33.0-255,66,177727,35,247639
11491,0.031888,172.217.194.0-255,1484,179211,35,247639
11492,0.032336,104.244.42.0-255,66,179277,35,247639
11493,0.0325,104.244.42.0-255,66,179343,35,247639
11494,0.032505,104.244.42.0-255,66,179409,35,247639
11495,0.03415,172.217.194.0-255,4320,183729,35,247639
11496,0.034155,172.31.33.0-255,66,183795,35,247639
11497,0.036408,172.217.194.0-255,5738,189533,35,247639
11498,0.036413,172.31.33.0-255,66,189599,35,247639
11499,0.038658,172.217.194.0-255,5738,195337,35,247639
11500,0.038663,172.31.33.0-255,66,195403,35,247639
11501,0.040929,172.217.194.0-255,5738,201141,35,247639
11502,0.040935,172.31.33.0-255,66,201207,35,247639
11503,0.043217,172.217.194.0-255,5738,206945,35,247639
11504,0.043222,172.31.33.0-255,66,207011,35,247639
11505,0.0455,172.217.194.0-255,5738,212749,35,247639
11506,0.045505,172.31.33.0-255,66,212815,35,247639
11507,0.047766,172.217.194.0-255,5738,218553,35,247639
11508,0.047771,172.31.33.0-255,66,218619,35,247639
11509,0.05003,172.217.194.0-255,5738,224357,35,247639
11510,0.050036,172.31.33.0-255,66,224423,35,247639
11511,0.052296,172.217.194.0-255,5738,230161,35,247639
11512,0.052301,172.31.33.0-255,66,230227,35,247639
11513,0.054555,172.217.194.0-255,5738,235965,35,247639
11514,0.054561,172.31.33.0-255,66,236031,35,247639
11515,0.056849,172.217.194.0-255,5738,241769,35,247639
11516,0.056854,172.31.33.0-255,66,241835,35,247639
11517,0.059093,172.217.194.0-255,5738,247573,35,247639
11518,0.059099,172.31.33.0-255,66,247639,35,247639
11519,0.0,172.217.194.0-255,153,153,35,107362
11520,2.2e-05,172.31.33.0-255,66,219,35,107362
11521,4.7e-05,172.217.194.0-255,1484,1703,35,107362
11522,5.2e-05,172.31.33.0-255,66,1769,35,107362
11523,9.3e-05,172.217.194.0-255,2902,4671,35,107362
11524,9.6e-05,172.31.33.0-255,66,4737,35,107362
11525,0.000248,172.217.194.0-255,5738,10475,35,107362
11526,0.000253,172.31.33.0-255,66,10541,35,107362
11527,0.000565,172.31.33.0-255,66,10607,35,107362
11528,0.000593,172.217.194.0-255,1993,12600,35,107362
11529,0.000597,172.31.33.0-255,66,12666,35,107362
11530,0.001117,172.217.194.0-255,5738,18404,35,107362
11531,0.001123,172.31.33.0-255,66,18470,35,107362
11532,0.001152,172.217.194.0-255,6797,25267,35,107362
11533,0.001154,172.31.33.0-255,66,25333,35,107362
11534,0.00178,172.217.194.0-255,2902,28235,35,107362
11535,0.001783,172.31.33.0-255,66,28301,35,107362
11536,0.001828,172.31.33.0-255,66,28367,35,107362
11537,0.001849,172.217.194.0-255,2902,31269,35,107362
11538,0.001851,172.31.33.0-255,66,31335,35,107362
11539,0.002785,172.31.33.0-255,66,31401,35,107362
11540,0.002822,172.31.33.0-255,66,31467,35,107362
11541,0.00378,172.31.33.0-255,66,31533,35,107362
11542,0.003819,172.31.33.0-255,66,31599,35,107362
11543,0.004775,172.217.194.0-255,1484,33083,35,107362
11544,0.004781,172.31.33.0-255,66,33149,35,107362
11545,0.00484,172.217.194.0-255,2902,36051,35,107362
11546,0.004843,172.31.33.0-255,66,36117,35,107362
11547,0.004901,172.31.33.0-255,66,36183,35,107362
11548,0.00585,172.31.33.0-255,66,36249,35,107362
11549,0.005869,172.217.194.0-255,5738,41987,35,107362
11550,0.005873,172.31.33.0-255,66,42053,35,107362
11551,0.006827,172.217.194.0-255,7156,49209,35,107362
11552,0.006834,172.31.33.0-255,66,49275,35,107362
11553,0.00687,172.31.33.0-255,66,49341,35,107362
11554,0.007841,172.31.33.0-255,66,49407,35,107362
11555,0.008356,172.217.194.0-255,5738,55145,35,107362
11556,0.008362,172.31.33.0-255,66,55211,35,107362
11557,0.008398,172.31.33.0-255,66,55277,35,107362
11558,0.009367,172.31.33.0-255,66,55343,35,107362
11559,0.009391,172.217.194.0-255,4320,59663,35,107362
11560,0.009394,172.31.33.0-255,66,59729,35,107362
11561,0.010342,172.31.33.0-255,66,59795,35,107362
11562,0.010367,172.31.33.0-255,66,59861,35,107362
11563,0.011269,172.217.194.0-255,4320,64181,35,107362
11564,0.011275,172.31.33.0-255,66,64247,35,107362
11565,0.011302,172.217.194.0-255,5738,69985,35,107362
11566,0.011305,172.31.33.0-255,66,70051,35,107362
11567,0.011771,172.217.194.0-255,5738,75789,35,107362
11568,0.011777,172.31.33.0-255,66,75855,35,107362
11569,0.011843,172.31.33.0-255,66,75921,35,107362
11570,0.012726,172.31.33.0-255,66,75987,35,107362
11571,0.01277,172.217.194.0-255,7156,83143,35,107362
11572,0.012774,172.31.33.0-255,66,83209,35,107362
11573,0.013845,172.31.33.0-255,66,83275,35,107362
11574,0.014589,172.31.33.0-255,66,83341,35,107362
11575,0.015073,172.217.194.0-255,2902,86243,35,107362
11576,0.015077,172.31.33.0-255,66,86309,35,107362
11577,0.015128,172.31.33.0-255,66,86375,35,107362
11578,0.016022,172.31.33.0-255,66,86441,35,107362
11579,0.016062,172.31.33.0-255,66,86507,35,107362
11580,0.016754,172.217.194.0-255,5738,92245,35,107362
11581,0.016758,172.31.33.0-255,66,92311,35,107362
11582,0.016817,172.31.33.0-255,66,92377,35,107362
11583,0.017727,172.217.194.0-255,4320,96697,35,107362
11584,0.017732,172.31.33.0-255,66,96763,35,107362
11585,0.018004,172.217.194.0-255,4320,101083,35,107362
11586,0.018008,172.31.33.0-255,66,101149,35,107362
11587,0.018047,172.31.33.0-255,66,101215,35,107362
11588,0.018939,172.31.33.0-255,66,101281,35,107362
11589,0.018972,172.217.194.0-255,2902,104183,35,107362
11590,0.018977,172.31.33.0-255,66,104249,35,107362
11591,0.020997,172.31.33.0-255,66,104315,35,107362
11592,0.022067,172.31.33.0-255,105,104420,35,107362
11593,0.024348,172.217.194.0-255,66,104486,35,107362
11594,0.04686,172.31.33.0-255,172,104658,35,107362
11595,0.046902,172.31.33.0-255,1107,105765,35,107362
11596,0.046928,172.31.33.0-255,1399,107164,35,107362
11597,0.048463,104.244.42.0-255,66,107230,35,107362
11598,0.048476,104.244.42.0-255,66,107296,35,107362
11599,0.048494,104.244.42.0-255,66,107362,35,107362
11600,0.0,74.125.200.0-255,158,158,35,339081
11601,2.2e-05,172.31.33.0-255,66,224,35,339081
11602,2.9e-05,74.125.200.0-255,1484,1708,35,339081
11603,3.3e-05,172.31.33.0-255,66,1774,35,339081
11604,3.8e-05,74.125.200.0-255,2902,4676,35,339081
11605,4e-05,172.31.33.0-255,66,4742,35,339081
11606,4.8e-05,74.125.200.0-255,7156,11898,35,339081
11607,5e-05,172.31.33.0-255,66,11964,35,339081
11608,7.4e-05,74.125.200.0-255,2056,14020,35,339081
11609,7.6e-05,172.31.33.0-255,66,14086,35,339081
11610,0.000372,74.125.200.0-255,1484,15570,35,339081
11611,0.000376,172.31.33.0-255,66,15636,35,339081
11612,0.000382,74.125.200.0-255,2902,18538,35,339081
11613,0.000384,172.31.33.0-255,66,18604,35,339081
11614,0.000415,74.125.200.0-255,2902,21506,35,339081
11615,0.000417,172.31.33.0-255,66,21572,35,339081
11616,0.000435,74.125.200.0-255,1484,23056,35,339081
11617,0.000437,172.31.33.0-255,66,23122,35,339081
11618,0.000443,74.125.200.0-255,5738,28860,35,339081
11619,0.000445,172.31.33.0-255,66,28926,35,339081
11620,0.000451,74.125.200.0-255,5379,34305,35,339081
11621,0.000452,172.31.33.0-255,66,34371,35,339081
11622,0.000458,74.125.200.0-255,5738,40109,35,339081
11623,0.000461,172.31.33.0-255,66,40175,35,339081
11624,0.000481,74.125.200.0-255,1484,41659,35,339081
11625,0.000483,172.31.33.0-255,66,41725,35,339081
11626,0.000509,74.125.200.0-255,6797,48522,35,339081
11627,0.000512,172.31.33.0-255,66,48588,35,339081
11628,0.001454,74.125.200.0-255,1484,50072,35,339081
11629,0.001459,172.31.33.0-255,66,50138,35,339081
11630,0.001468,74.125.200.0-255,2902,53040,35,339081
11631,0.00147,172.31.33.0-255,66,53106,35,339081
11632,0.001476,74.125.200.0-255,4320,57426,35,339081
11633,0.001478,172.31.33.0-255,66,57492,35,339081
11634,0.001497,74.125.200.0-255,1484,58976,35,339081
11635,0.001504,74.125.200.0-255,5738,64714,35,339081
11636,0.001505,172.31.33.0-255,66,64780,35,339081
11637,0.001525,74.125.200.0-255,1484,66264,35,339081
11638,0.001549,74.125.200.0-255,5379,71643,35,339081
11639,0.001551,172.31.33.0-255,66,71709,35,339081
11640,0.001556,74.125.200.0-255,5738,77447,35,339081
11641,0.001558,172.31.33.0-255,66,77513,35,339081
11642,0.001596,74.125.200.0-255,1484,78997,35,339081
11643,0.001607,74.125.200.0-255,3961,82958,35,339081
11644,0.001608,172.31.33.0-255,66,83024,35,339081
11645,0.001835,74.125.200.0-255,1484,84508,35,339081
11646,0.001838,74.125.200.0-255,1484,85992,35,339081
11647,0.00184,172.31.33.0-255,66,86058,35,339081
11648,0.001858,74.125.200.0-255,2902,88960,35,339081
11649,0.00186,172.31.33.0-255,66,89026,35,339081
11650,0.001866,74.125.200.0-255,5738,94764,35,339081
11651,0.001868,172.31.33.0-255,66,94830,35,339081
11652,0.001902,74.125.200.0-255,2902,97732,35,339081
11653,0.001904,172.31.33.0-255,66,97798,35,339081
11654,0.001922,74.125.200.0-255,2543,100341,35,339081
11655,0.001924,172.31.33.0-255,66,100407,35,339081
11656,0.001949,74.125.200.0-255,1484,101891,35,339081
11657,0.001961,74.125.200.0-255,1484,103375,35,339081
11658,0.001963,172.31.33.0-255,66,103441,35,339081
11659,0.001982,74.125.200.0-255,1484,104925,35,339081
11660,0.001988,74.125.200.0-255,5738,110663,35,339081
11661,0.00199,172.31.33.0-255,66,110729,35,339081
11662,0.002004,74.125.200.0-255,1484,112213,35,339081
11663,0.002024,74.125.200.0-255,4320,116533,35,339081
11664,0.002026,172.31.33.0-255,66,116599,35,339081
11665,0.00203,74.125.200.0-255,2902,119501,35,339081
11666,0.002032,172.31.33.0-255,66,119567,35,339081
11667,0.002045,74.125.200.0-255,4320,123887,35,339081
11668,0.002047,172.31.33.0-255,66,123953,35,339081
11669,0.002074,172.31.33.0-255,66,124019,35,339081
11670,0.002096,74.125.200.0-255,2902,126921,35,339081
11671,0.002098,172.31.33.0-255,66,126987,35,339081
11672,0.002122,172.31.33.0-255,66,127053,35,339081
11673,0.002126,74.125.200.0-255,4320,131373,35,339081
11674,0.002129,172.31.33.0-255,66,131439,35,339081
11675,0.00215,74.125.200.0-255,1484,132923,35,339081
11676,0.00218,172.31.33.0-255,66,132989,35,339081
11677,0.002183,74.125.200.0-255,1346,134335,35,339081
11678,0.002526,74.125.200.0-255,1484,135819,35,339081
11679,0.002528,172.31.33.0-255,66,135885,35,339081
11680,0.002551,74.125.200.0-255,2902,138787,35,339081
11681,0.002553,172.31.33.0-255,66,138853,35,339081
11682,0.002565,74.125.200.0-255,2902,141755,35,339081
11683,0.002567,172.31.33.0-255,66,141821,35,339081
11684,0.00258,74.125.200.0-255,2902,144723,35,339081
11685,0.002582,172.31.33.0-255,66,144789,35,339081
11686,0.002585,74.125.200.0-255,1484,146273,35,339081
11687,0.002609,74.125.200.0-255,5738,152011,35,339081
11688,0.002611,172.31.33.0-255,66,152077,35,339081
11689,0.002614,74.125.200.0-255,1484,153561,35,339081
11690,0.002638,172.31.33.0-255,66,153627,35,339081
11691,0.00264,74.125.200.0-255,1484,155111,35,339081
11692,0.002645,74.125.200.0-255,4320,159431,35,339081
11693,0.002646,172.31.33.0-255,66,159497,35,339081
11694,0.002649,74.125.200.0-255,766,160263,35,339081
11695,0.00284,74.125.200.0-255,1484,161747,35,339081
11696,0.002843,172.31.33.0-255,66,161813,35,339081
11697,0.002861,74.125.200.0-255,2902,164715,35,339081
11698,0.002863,172.31.33.0-255,66,164781,35,339081
11699,0.002878,74.125.200.0-255,2902,167683,35,339081
11700,0.002881,172.31.33.0-255,66,167749,35,339081
11701,0.002914,74.125.200.0-255,2902,170651,35,339081
11702,0.002916,172.31.33.0-255,66,170717,35,339081
11703,0.00294,74.125.200.0-255,1484,172201,35,339081
11704,0.00295,172.31.33.0-255,66,172267,35,339081
11705,0.002955,74.125.200.0-255,4320,176587,35,339081
11706,0.002957,172.31.33.0-255,66,176653,35,339081
11707,0.002977,74.125.200.0-255,2902,179555,35,339081
11708,0.00298,172.31.33.0-255,66,179621,35,339081
11709,0.002995,74.125.200.0-255,2902,182523,35,339081
11710,0.002997,172.31.33.0-255,66,182589,35,339081
11711,0.003016,74.125.200.0-255,3602,186191,35,339081
11712,0.003018,172.31.33.0-255,66,186257,35,339081
11713,0.003058,74.125.200.0-255,1484,187741,35,339081
11714,0.003061,74.125.200.0-255,1484,189225,35,339081
11715,0.003064,172.31.33.0-255,66,189291,35,339081
11716,0.003078,74.125.200.0-255,1484,190775,35,339081
11717,0.003081,74.125.200.0-255,1484,192259,35,339081
11718,0.003083,172.31.33.0-255,66,192325,35,339081
11719,0.003087,74.125.200.0-255,2902,195227,35,339081
11720,0.003089,172.31.33.0-255,66,195293,35,339081
11721,0.003107,74.125.200.0-255,2902,198195,35,339081
11722,0.003109,172.31.33.0-255,66,198261,35,339081
11723,0.003135,74.125.200.0-255,2902,201163,35,339081
11724,0.003138,172.31.33.0-255,66,201229,35,339081
11725,0.003149,172.31.33.0-255,66,201295,35,339081
11726,0.003162,74.125.200.0-255,2902,204197,35,339081
11727,0.003164,172.31.33.0-255,66,204263,35,339081
11728,0.003194,74.125.200.0-255,2902,207165,35,339081
11729,0.003197,172.31.33.0-255,66,207231,35,339081
11730,0.003216,74.125.200.0-255,3602,210833,35,339081
11731,0.003221,172.31.33.0-255,66,210899,35,339081
11732,0.003292,74.125.200.0-255,1484,212383,35,339081
11733,0.003307,74.125.200.0-255,2902,215285,35,339081
11734,0.00332,172.31.33.0-255,66,215351,35,339081
11735,0.00333,74.125.200.0-255,5738,221089,35,339081
11736,0.003334,74.125.200.0-255,2902,223991,35,339081
11737,0.003338,172.31.33.0-255,66,224057,35,339081
11738,0.00336,74.125.200.0-255,7156,231213,35,339081
11739,0.003379,74.125.200.0-255,2902,234115,35,339081
11740,0.003383,74.125.200.0-255,2902,237017,35,339081
11741,0.003403,172.31.33.0-255,66,237083,35,339081
11742,0.003411,172.31.33.0-255,66,237149,35,339081
11743,0.00349,74.125.200.0-255,1484,238633,35,339081
11744,0.003496,74.125.200.0-255,1484,240117,35,339081
11745,0.003502,172.31.33.0-255,66,240183,35,339081
11746,0.003512,74.125.200.0-255,1484,241667,35,339081
11747,0.003539,74.125.200.0-255,5738,247405,35,339081
11748,0.003543,74.125.200.0-255,2902,250307,35,339081
11749,0.003554,172.31.33.0-255,66,250373,35,339081
11750,0.00356,74.125.200.0-255,4320,254693,35,339081
11751,0.003565,172.31.33.0-255,66,254759,35,339081
11752,0.003574,74.125.200.0-255,4320,259079,35,339081
11753,0.003588,74.125.200.0-255,4320,263399,35,339081
11754,0.003595,74.125.200.0-255,5738,269137,35,339081
11755,0.003617,172.31.33.0-255,66,269203,35,339081
11756,0.003639,74.125.200.0-255,2184,271387,35,339081
11757,0.00365,172.31.33.0-255,66,271453,35,339081
11758,0.003685,74.125.200.0-255,1484,272937,35,339081
11759,0.003701,74.125.200.0-255,1484,274421,35,339081
11760,0.003706,74.125.200.0-255,2902,277323,35,339081
11761,0.003721,74.125.200.0-255,1484,278807,35,339081
11762,0.003725,74.125.200.0-255,2902,281709,35,339081
11763,0.003728,74.125.200.0-255,1484,283193,35,339081
11764,0.003732,74.125.200.0-255,2902,286095,35,339081
11765,0.003734,74.125.200.0-255,1484,287579,35,339081
11766,0.00374,172.31.33.0-255,66,287645,35,339081
11767,0.003755,74.125.200.0-255,1484,289129,35,339081
11768,0.003758,74.125.200.0-255,1484,290613,35,339081
11769,0.003773,74.125.200.0-255,2902,293515,35,339081
11770,0.003781,172.31.33.0-255,66,293581,35,339081
11771,0.0038,74.125.200.0-255,4320,297901,35,339081
11772,0.003805,74.125.200.0-255,4320,302221,35,339081
11773,0.003808,74.125.200.0-255,1484,303705,35,339081
11774,0.003812,74.125.200.0-255,2184,305889,35,339081
11775,0.003827,172.31.33.0-255,66,305955,35,339081
11776,0.003838,74.125.200.0-255,1484,307439,35,339081
11777,0.003851,74.125.200.0-255,1484,308923,35,339081
11778,0.003861,74.125.200.0-255,1484,310407,35,339081
11779,0.003864,74.125.200.0-255,1484,311891,35,339081
11780,0.003872,172.31.33.0-255,66,311957,35,339081
11781,0.003885,74.125.200.0-255,4320,316277,35,339081
11782,0.003891,74.125.200.0-255,4320,320597,35,339081
11783,0.003913,74.125.200.0-255,5738,326335,35,339081
11784,0.003921,172.31.33.0-255,66,326401,35,339081
11785,0.003984,74.125.200.0-255,2902,329303,35,339081
11786,0.003993,172.31.33.0-255,66,329369,35,339081
11787,0.004006,74.125.200.0-255,4990,334359,35,339081
11788,0.004009,74.125.200.0-255,105,334464,35,339081
11789,0.004013,172.31.33.0-255,66,334530,35,339081
11790,0.006118,172.31.33.0-255,105,334635,35,339081
11791,0.008347,74.125.200.0-255,66,334701,35,339081
11792,0.057462,172.31.33.0-255,172,334873,35,339081
11793,0.057495,172.31.33.0-255,1108,335981,35,339081
11794,0.057585,172.31.33.0-255,1514,337495,35,339081
11795,0.057586,172.31.33.0-255,1388,338883,35,339081
11796,0.059017,104.244.42.0-255,66,338949,35,339081
11797,0.059061,104.244.42.0-255,66,339015,35,339081
11798,0.059175,104.244.42.0-255,66,339081,35,339081
11799,0.0,74.125.24.0-255,151,151,35,261084
11800,2.1e-05,172.31.33.0-255,66,217,35,261084
11801,2.7e-05,74.125.24.0-255,1484,1701,35,261084
11802,3.1e-05,172.31.33.0-255,66,1767,35,261084
11803,3.6e-05,74.125.24.0-255,2902,4669,35,261084
11804,4.5e-05,172.31.33.0-255,66,4735,35,261084
11805,5.1e-05,74.125.24.0-255,4320,9055,35,261084
11806,5.3e-05,172.31.33.0-255,66,9121,35,261084
11807,8e-05,74.125.24.0-255,2902,12023,35,261084
11808,8.4e-05,172.31.33.0-255,66,12089,35,261084
11809,8.8e-05,74.125.24.0-255,1994,14083,35,261084
11810,8.9e-05,172.31.33.0-255,66,14149,35,261084
11811,0.000134,74.125.24.0-255,1484,15633,35,261084
11812,0.000136,172.31.33.0-255,66,15699,35,261084
11813,0.00014,74.125.24.0-255,2902,18601,35,261084
11814,0.000142,172.31.33.0-255,66,18667,35,261084
11815,0.000168,74.125.24.0-255,5738,24405,35,261084
11816,0.000171,172.31.33.0-255,66,24471,35,261084
11817,0.000176,74.125.24.0-255,5738,30209,35,261084
11818,0.000178,172.31.33.0-255,66,30275,35,261084
11819,0.000214,74.125.24.0-255,4320,34595,35,261084
11820,0.000217,172.31.33.0-255,66,34661,35,261084
11821,0.000249,172.31.33.0-255,66,34727,35,261084
11822,0.000254,74.125.24.0-255,3961,38688,35,261084
11823,0.000256,172.31.33.0-255,66,38754,35,261084
11824,0.000287,74.125.24.0-255,7156,45910,35,261084
11825,0.00029,172.31.33.0-255,66,45976,35,261084
11826,0.000323,172.31.33.0-255,66,46042,35,261084
11827,0.000429,74.125.24.0-255,112,46154,35,261084
11828,0.000433,172.31.33.0-255,66,46220,35,261084
11829,0.000553,74.125.24.0-255,1484,47704,35,261084
11830,0.000564,74.125.24.0-255,2902,50606,35,261084
11831,0.000567,172.31.33.0-255,66,50672,35,261084
11832,0.000591,74.125.24.0-255,1484,52156,35,261084
11833,0.000605,74.125.24.0-255,4320,56476,35,261084
11834,0.000607,172.31.33.0-255,66,56542,35,261084
11835,0.000611,74.125.24.0-255,2902,59444,35,261084
11836,0.000613,172.31.33.0-255,66,59510,35,261084
11837,0.000619,74.125.24.0-255,5738,65248,35,261084
11838,0.000626,172.31.33.0-255,66,65314,35,261084
11839,0.00066,74.125.24.0-255,5379,70693,35,261084
11840,0.000663,172.31.33.0-255,66,70759,35,261084
11841,0.000673,172.31.33.0-255,66,70825,35,261084
11842,0.000697,74.125.24.0-255,7156,77981,35,261084
11843,0.000701,172.31.33.0-255,66,78047,35,261084
11844,0.000721,172.31.33.0-255,66,78113,35,261084
11845,0.000917,74.125.24.0-255,1484,79597,35,261084
11846,0.000921,74.125.24.0-255,1484,81081,35,261084
11847,0.000924,172.31.33.0-255,66,81147,35,261084
11848,0.000948,74.125.24.0-255,1484,82631,35,261084
11849,0.000953,74.125.24.0-255,5738,88369,35,261084
11850,0.000956,172.31.33.0-255,66,88435,35,261084
11851,0.000958,74.125.24.0-255,7156,95591,35,261084
11852,0.00096,172.31.33.0-255,66,95657,35,261084
11853,0.000995,172.31.33.0-255,66,95723,35,261084
11854,0.001023,74.125.24.0-255,4320,100043,35,261084
11855,0.001026,74.125.24.0-255,2184,102227,35,261084
11856,0.001027,172.31.33.0-255,66,102293,35,261084
11857,0.00103,172.31.33.0-255,66,102359,35,261084
11858,0.001183,74.125.24.0-255,1484,103843,35,261084
11859,0.001202,74.125.24.0-255,2902,106745,35,261084
11860,0.001205,172.31.33.0-255,66,106811,35,261084
11861,0.001211,74.125.24.0-255,5738,112549,35,261084
11862,0.001213,172.31.33.0-255,66,112615,35,261084
11863,0.001258,172.31.33.0-255,66,112681,35,261084
11864,0.001268,172.31.33.0-255,66,112747,35,261084
11865,0.001303,74.125.24.0-255,2184,114931,35,261084
11866,0.001307,172.31.33.0-255,66,114997,35,261084
11867,0.001672,74.125.24.0-255,1484,116481,35,261084
11868,0.001681,74.125.24.0-255,2902,119383,35,261084
11869,0.001685,172.31.33.0-255,66,119449,35,261084
11870,0.00169,74.125.24.0-255,2902,122351,35,261084
11871,0.001692,172.31.33.0-255,66,122417,35,261084
11872,0.001716,74.125.24.0-255,2902,125319,35,261084
11873,0.001719,172.31.33.0-255,66,125385,35,261084
11874,0.00173,74.125.24.0-255,7156,132541,35,261084
11875,0.001733,172.31.33.0-255,66,132607,35,261084
11876,0.001772,172.31.33.0-255,66,132673,35,261084
11877,0.001776,74.125.24.0-255,2184,134857,35,261084
11878,0.001778,172.31.33.0-255,66,134923,35,261084
11879,0.002319,74.125.24.0-255,1484,136407,35,261084
11880,0.002326,74.125.24.0-255,2902,139309,35,261084
11881,0.00233,172.31.33.0-255,66,139375,35,261084
11882,0.002336,74.125.24.0-255,2902,142277,35,261084
11883,0.002338,172.31.33.0-255,66,142343,35,261084
11884,0.002366,172.31.33.0-255,66,142409,35,261084
11885,0.002372,74.125.24.0-255,5738,148147,35,261084
11886,0.002374,172.31.33.0-255,66,148213,35,261084
11887,0.002396,74.125.24.0-255,1484,149697,35,261084
11888,0.002426,74.125.24.0-255,2902,152599,35,261084
11889,0.002428,172.31.33.0-255,66,152665,35,261084
11890,0.00247,74.125.24.0-255,6438,159103,35,261084
11891,0.002472,172.31.33.0-255,66,159169,35,261084
11892,0.002647,74.125.24.0-255,1484,160653,35,261084
11893,0.002689,74.125.24.0-255,1484,162137,35,261084
11894,0.002693,172.31.33.0-255,66,162203,35,261084
11895,0.002724,74.125.24.0-255,1484,163687,35,261084
11896,0.002729,74.125.24.0-255,1484,165171,35,261084
11897,0.002731,172.31.33.0-255,66,165237,35,261084
11898,0.002737,74.125.24.0-255,4320,169557,35,261084
11899,0.00274,172.31.33.0-255,66,169623,35,261084
11900,0.002752,74.125.24.0-255,7156,176779,35,261084
11901,0.002755,172.31.33.0-255,66,176845,35,261084
11902,0.002769,172.31.33.0-255,66,176911,35,261084
11903,0.002772,74.125.24.0-255,766,177677,35,261084
11904,0.002775,172.31.33.0-255,78,177755,35,261084
11905,0.002778,74.125.24.0-255,1484,179239,35,261084
11906,0.002781,172.31.33.0-255,66,179305,35,261084
11907,0.003714,74.125.24.0-255,1484,180789,35,261084
11908,0.003735,74.125.24.0-255,2902,183691,35,261084
11909,0.003739,172.31.33.0-255,66,183757,35,261084
11910,0.003742,74.125.24.0-255,1484,185241,35,261084
11911,0.003767,74.125.24.0-255,4320,189561,35,261084
11912,0.003769,172.31.33.0-255,66,189627,35,261084
11913,0.003774,74.125.24.0-255,5738,195365,35,261084
11914,0.003776,172.31.33.0-255,66,195431,35,261084
11915,0.003805,74.125.24.0-255,4320,199751,35,261084
11916,0.003807,172.31.33.0-255,66,199817,35,261084
11917,0.003811,74.125.24.0-255,4320,204137,35,261084
11918,0.003812,172.31.33.0-255,66,204203,35,261084
11919,0.003814,74.125.24.0-255,1484,205687,35,261084
11920,0.003822,74.125.24.0-255,4320,210007,35,261084
11921,0.003824,172.31.33.0-255,66,210073,35,261084
11922,0.003827,74.125.24.0-255,2902,212975,35,261084
11923,0.003829,172.31.33.0-255,66,213041,35,261084
11924,0.003831,74.125.24.0-255,766,213807,35,261084
11925,0.004006,74.125.24.0-255,1484,215291,35,261084
11926,0.004008,172.31.33.0-255,66,215357,35,261084
11927,0.004029,74.125.24.0-255,2902,218259,35,261084
11928,0.004031,172.31.33.0-255,66,218325,35,261084
11929,0.004037,74.125.24.0-255,5738,224063,35,261084
11930,0.004038,172.31.33.0-255,66,224129,35,261084
11931,0.004063,74.125.24.0-255,4320,228449,35,261084
11932,0.004065,172.31.33.0-255,66,228515,35,261084
11933,0.004087,74.125.24.0-255,4320,232835,35,261084
11934,0.004089,172.31.33.0-255,66,232901,35,261084
11935,0.004112,74.125.24.0-255,5738,238639,35,261084
11936,0.004114,172.31.33.0-255,66,238705,35,261084
11937,0.004143,172.31.33.0-255,66,238771,35,261084
11938,0.004155,74.125.24.0-255,4320,243091,35,261084
11939,0.004159,172.31.33.0-255,66,243157,35,261084
11940,0.004189,172.31.33.0-255,66,243223,35,261084
11941,0.004194,74.125.24.0-255,5738,248961,35,261084
11942,0.004196,172.31.33.0-255,66,249027,35,261084
11943,0.004229,172.31.33.0-255,66,249093,35,261084
11944,0.004234,74.125.24.0-255,5020,254113,35,261084
11945,0.004235,172.31.33.0-255,66,254179,35,261084
11946,0.004259,74.125.24.0-255,2902,257081,35,261084
11947,0.004262,172.31.33.0-255,66,257147,35,261084
11948,0.004291,172.31.33.0-255,66,257213,35,261084
11949,0.004299,74.125.24.0-255,105,257318,35,261084
11950,0.004318,74.125.24.0-255,129,257447,35,261084
11951,0.006437,172.31.33.0-255,105,257552,35,261084
11952,0.006463,172.31.33.0-255,105,257657,35,261084
11953,0.006722,172.31.33.0-255,90,257747,35,261084
11954,0.006733,172.31.33.0-255,66,257813,35,261084
11955,0.008445,74.125.24.0-255,66,257879,35,261084
11956,0.008472,74.125.24.0-255,66,257945,35,261084
11957,0.008693,74.125.24.0-255,66,258011,35,261084
11958,0.008722,74.125.24.0-255,66,258077,35,261084
11959,0.008726,172.31.33.0-255,66,258143,35,261084
11960,0.008735,74.125.24.0-255,66,258209,35,261084
11961,0.024614,172.31.33.0-255,172,258381,35,261084
11962,0.024656,172.31.33.0-255,1107,259488,35,261084
11963,0.024683,172.31.33.0-255,1398,260886,35,261084
11964,0.026166,104.244.42.0-255,66,260952,35,261084
11965,0.026211,104.244.42.0-255,66,261018,35,261084
11966,0.026282,104.244.42.0-255,66,261084,35,261084
11967,0.0,172.31.33.0-255,105,105,35,276
11968,0.002219,157.240.7.0-255,105,210,35,276
11969,0.00223,172.31.33.0-255,66,276,35,276
11970,0.0,74.125.24.0-255,143,143,35,269688
11971,1.4e-05,172.31.33.0-255,66,209,35,269688
11972,2.1e-05,74.125.24.0-255,1484,1693,35,269688
11973,2.4e-05,172.31.33.0-255,66,1759,35,269688
11974,2.9e-05,74.125.24.0-255,2902,4661,35,269688
11975,3.1e-05,172.31.33.0-255,66,4727,35,269688
11976,3.5e-05,74.125.24.0-255,2902,7629,35,269688
11977,3.8e-05,172.31.33.0-255,66,7695,35,269688
11978,6.1e-05,74.125.24.0-255,4320,12015,35,269688
11979,6.4e-05,172.31.33.0-255,66,12081,35,269688
11980,6.8e-05,74.125.24.0-255,2058,14139,35,269688
11981,7e-05,172.31.33.0-255,66,14205,35,269688
11982,7.9e-05,172.31.33.0-255,66,14271,35,269688
11983,0.000101,74.125.24.0-255,2902,17173,35,269688
11984,0.000102,172.31.33.0-255,66,17239,35,269688
11985,0.000108,74.125.24.0-255,5379,22618,35,269688
11986,0.00011,172.31.33.0-255,66,22684,35,269688
11987,0.000184,74.125.24.0-255,1484,24168,35,269688
11988,0.000187,172.31.33.0-255,66,24234,35,269688
11989,0.000218,74.125.24.0-255,2902,27136,35,269688
11990,0.000221,172.31.33.0-255,66,27202,35,269688
11991,0.000226,74.125.24.0-255,5738,32940,35,269688
11992,0.000228,172.31.33.0-255,66,33006,35,269688
11993,0.000246,74.125.24.0-255,1484,34490,35,269688
11994,0.000248,172.31.33.0-255,66,34556,35,269688
11995,0.000278,172.31.33.0-255,66,34622,35,269688
11996,0.000288,172.31.33.0-255,66,34688,35,269688
11997,0.000304,74.125.24.0-255,1397,36085,35,269688
11998,0.000305,172.31.33.0-255,66,36151,35,269688
11999,0.000413,74.125.24.0-255,131,36282,35,269688
12000,0.000797,74.125.24.0-255,1484,37766,35,269688
12001,0.000801,172.31.33.0-255,66,37832,35,269688
12002,0.000806,74.125.24.0-255,2902,40734,35,269688
12003,0.000808,172.31.33.0-255,66,40800,35,269688
12004,0.000821,74.125.24.0-255,4320,45120,35,269688
12005,0.000823,172.31.33.0-255,66,45186,35,269688
12006,0.000843,74.125.24.0-255,1484,46670,35,269688
12007,0.000866,74.125.24.0-255,5738,52408,35,269688
12008,0.000868,172.31.33.0-255,66,52474,35,269688
12009,0.000889,172.31.33.0-255,66,52540,35,269688
12010,0.000894,74.125.24.0-255,4320,56860,35,269688
12011,0.000896,172.31.33.0-255,66,56926,35,269688
12012,0.000918,74.125.24.0-255,7156,64082,35,269688
12013,0.000921,172.31.33.0-255,66,64148,35,269688
12014,0.000943,172.31.33.0-255,66,64214,35,269688
12015,0.00096,74.125.24.0-255,6438,70652,35,269688
12016,0.000962,172.31.33.0-255,66,70718,35,269688
12017,0.000976,74.125.24.0-255,1484,72202,35,269688
12018,0.000997,74.125.24.0-255,2902,75104,35,269688
12019,0.001,172.31.33.0-255,66,75170,35,269688
12020,0.001002,74.125.24.0-255,1484,76654,35,269688
12021,0.001021,74.125.24.0-255,4320,80974,35,269688
12022,0.001024,172.31.33.0-255,66,81040,35,269688
12023,0.001026,74.125.24.0-255,1484,82524,35,269688
12024,0.001048,74.125.24.0-255,5639,88163,35,269688
12025,0.00105,172.31.33.0-255,66,88229,35,269688
12026,0.001075,74.125.24.0-255,1484,89713,35,269688
12027,0.001101,172.31.33.0-255,66,89779,35,269688
12028,0.001122,74.125.24.0-255,2902,92681,35,269688
12029,0.001124,172.31.33.0-255,66,92747,35,269688
12030,0.00113,74.125.24.0-255,5738,98485,35,269688
12031,0.001132,172.31.33.0-255,66,98551,35,269688
12032,0.001147,74.125.24.0-255,2902,101453,35,269688
12033,0.001149,172.31.33.0-255,66,101519,35,269688
12034,0.001184,172.31.33.0-255,66,101585,35,269688
12035,0.001535,74.125.24.0-255,1484,103069,35,269688
12036,0.001556,74.125.24.0-255,2902,105971,35,269688
12037,0.001559,172.31.33.0-255,66,106037,35,269688
12038,0.001581,74.125.24.0-255,5738,111775,35,269688
12039,0.001586,172.31.33.0-255,66,111841,35,269688
12040,0.001614,172.31.33.0-255,66,111907,35,269688
12041,0.00162,74.125.24.0-255,7156,119063,35,269688
12042,0.001622,172.31.33.0-255,66,119129,35,269688
12043,0.001654,74.125.24.0-255,3602,122731,35,269688
12044,0.001657,172.31.33.0-255,66,122797,35,269688
12045,0.003097,74.125.24.0-255,1484,124281,35,269688
12046,0.003107,74.125.24.0-255,2902,127183,35,269688
12047,0.003111,172.31.33.0-255,66,127249,35,269688
12048,0.003134,74.125.24.0-255,4320,131569,35,269688
12049,0.003136,172.31.33.0-255,66,131635,35,269688
12050,0.003139,74.125.24.0-255,1484,133119,35,269688
12051,0.003165,74.125.24.0-255,7156,140275,35,269688
12052,0.003167,172.31.33.0-255,66,140341,35,269688
12053,0.00322,172.31.33.0-255,66,140407,35,269688
12054,0.003223,74.125.24.0-255,766,141173,35,269688
12055,0.00349,74.125.24.0-255,1484,142657,35,269688
12056,0.003492,172.31.33.0-255,66,142723,35,269688
12057,0.00351,74.125.24.0-255,2902,145625,35,269688
12058,0.003512,172.31.33.0-255,66,145691,35,269688
12059,0.003518,74.125.24.0-255,5738,151429,35,269688
12060,0.003519,172.31.33.0-255,66,151495,35,269688
12061,0.003545,74.125.24.0-255,7156,158651,35,269688
12062,0.003546,172.31.33.0-255,66,158717,35,269688
12063,0.003569,74.125.24.0-255,5738,164455,35,269688
12064,0.003571,172.31.33.0-255,66,164521,35,269688
12065,0.003587,74.125.24.0-255,5738,170259,35,269688
12066,0.003589,172.31.33.0-255,66,170325,35,269688
12067,0.003604,74.125.24.0-255,7156,177481,35,269688
12068,0.003606,172.31.33.0-255,66,177547,35,269688
12069,0.003629,172.31.33.0-255,66,177613,35,269688
12070,0.003632,74.125.24.0-255,1484,179097,35,269688
12071,0.003634,74.125.24.0-255,1484,180581,35,269688
12072,0.003636,172.31.33.0-255,66,180647,35,269688
12073,0.003642,74.125.24.0-255,7156,187803,35,269688
12074,0.003643,172.31.33.0-255,66,187869,35,269688
12075,0.003671,74.125.24.0-255,5738,193607,35,269688
12076,0.003672,172.31.33.0-255,66,193673,35,269688
12077,0.003675,74.125.24.0-255,1484,195157,35,269688
12078,0.003679,74.125.24.0-255,2902,198059,35,269688
12079,0.00368,172.31.33.0-255,66,198125,35,269688
12080,0.003685,74.125.24.0-255,3602,201727,35,269688
12081,0.003687,172.31.33.0-255,66,201793,35,269688
12082,0.003781,74.125.24.0-255,1484,203277,35,269688
12083,0.003795,74.125.24.0-255,1484,204761,35,269688
12084,0.003797,172.31.33.0-255,66,204827,35,269688
12085,0.003813,74.125.24.0-255,1484,206311,35,269688
12086,0.003817,74.125.24.0-255,4320,210631,35,269688
12087,0.00382,172.31.33.0-255,66,210697,35,269688
12088,0.003838,74.125.24.0-255,1484,212181,35,269688
12089,0.003858,74.125.24.0-255,7156,219337,35,269688
12090,0.00386,172.31.33.0-255,66,219403,35,269688
12091,0.003881,74.125.24.0-255,5738,225141,35,269688
12092,0.003883,172.31.33.0-255,66,225207,35,269688
12093,0.003915,74.125.24.0-255,4320,229527,35,269688
12094,0.003917,172.31.33.0-255,66,229593,35,269688
12095,0.003932,74.125.24.0-255,6438,236031,35,269688
12096,0.003934,172.31.33.0-255,66,236097,35,269688
12097,0.003982,74.125.24.0-255,1484,237581,35,269688
12098,0.003992,74.125.24.0-255,2902,240483,35,269688
12099,0.003994,172.31.33.0-255,66,240549,35,269688
12100,0.004008,74.125.24.0-255,1484,242033,35,269688
12101,0.004031,74.125.24.0-255,5738,247771,35,269688
12102,0.004033,172.31.33.0-255,66,247837,35,269688
12103,0.004058,172.31.33.0-255,66,247903,35,269688
12104,0.004071,74.125.24.0-255,4320,252223,35,269688
12105,0.004073,172.31.33.0-255,66,252289,35,269688
12106,0.004078,74.125.24.0-255,5738,258027,35,269688
12107,0.004081,172.31.33.0-255,66,258093,35,269688
12108,0.004119,74.125.24.0-255,1484,259577,35,269688
12109,0.004146,172.31.33.0-255,66,259643,35,269688
12110,0.004168,74.125.24.0-255,2902,262545,35,269688
12111,0.004169,172.31.33.0-255,66,262611,35,269688
12112,0.004193,172.31.33.0-255,66,262677,35,269688
12113,0.004238,74.125.24.0-255,105,262782,35,269688
12114,0.008038,172.31.33.0-255,66,262848,35,269688
12115,0.008074,172.31.33.0-255,105,262953,35,269688
12116,0.010088,74.125.24.0-255,66,263019,35,269688
12117,0.033289,172.31.33.0-255,172,263191,35,269688
12118,0.03332,172.31.33.0-255,1108,264299,35,269688
12119,0.033412,172.31.33.0-255,1514,265813,35,269688
12120,0.033414,172.31.33.0-255,1514,267327,35,269688
12121,0.033415,172.31.33.0-255,1514,268841,35,269688
12122,0.033416,172.31.33.0-255,409,269250,35,269688
12123,0.034886,104.244.42.0-255,66,269316,35,269688
12124,0.034911,104.244.42.0-255,66,269382,35,269688
12125,0.035022,104.244.42.0-255,66,269448,35,269688
12126,0.035028,104.244.42.0-255,66,269514,35,269688
12127,0.035798,104.244.42.0-255,108,269622,35,269688
12128,0.035805,172.31.33.0-255,66,269688,35,269688
12129,0.0,172.31.33.0-255,105,105,35,276
12130,0.001772,157.240.7.0-255,105,210,35,276
12131,0.001783,172.31.33.0-255,66,276,35,276
12132,0.0,172.217.194.0-255,150,150,35,50626
12133,2.9e-05,172.31.33.0-255,66,216,35,50626
12134,3.7e-05,172.217.194.0-255,1484,1700,35,50626
12135,4.2e-05,172.31.33.0-255,66,1766,35,50626
12136,4.7e-05,172.217.194.0-255,2902,4668,35,50626
12137,5e-05,172.31.33.0-255,66,4734,35,50626
12138,7.4e-05,172.217.194.0-255,1484,6218,35,50626
12139,7.6e-05,172.31.33.0-255,66,6284,35,50626
12140,9.7e-05,172.217.194.0-255,5738,12022,35,50626
12141,0.000101,172.31.33.0-255,66,12088,35,50626
12142,0.000184,172.217.194.0-255,1484,13572,35,50626
12143,0.000189,172.31.33.0-255,66,13638,35,50626
12144,0.000193,172.217.194.0-255,1484,15122,35,50626
12145,0.000195,172.31.33.0-255,66,15188,35,50626
12146,0.00022,172.31.33.0-255,66,15254,35,50626
12147,0.000385,172.31.33.0-255,66,15320,35,50626
12148,0.000415,172.31.33.0-255,66,15386,35,50626
12149,0.000717,172.217.194.0-255,1125,16511,35,50626
12150,0.000722,172.31.33.0-255,66,16577,35,50626
12151,0.000775,172.31.33.0-255,66,16643,35,50626
12152,0.000804,172.31.33.0-255,66,16709,35,50626
12153,0.001022,172.31.33.0-255,66,16775,35,50626
12154,0.001048,172.31.33.0-255,66,16841,35,50626
12155,0.001358,172.31.33.0-255,66,16907,35,50626
12156,0.001375,172.217.194.0-255,2543,19450,35,50626
12157,0.001377,172.31.33.0-255,66,19516,35,50626
12158,0.001534,172.217.194.0-255,4320,23836,35,50626
12159,0.001536,172.31.33.0-255,66,23902,35,50626
12160,0.001558,172.31.33.0-255,66,23968,35,50626
12161,0.001742,172.217.194.0-255,4320,28288,35,50626
12162,0.001745,172.31.33.0-255,66,28354,35,50626
12163,0.001775,172.31.33.0-255,66,28420,35,50626
12164,0.002083,172.31.33.0-255,66,28486,35,50626
12165,0.002113,172.31.33.0-255,66,28552,35,50626
12166,0.002409,172.217.194.0-255,7156,35708,35,50626
12167,0.002414,172.31.33.0-255,66,35774,35,50626
12168,0.002427,172.217.194.0-255,5020,40794,35,50626
12169,0.002429,172.31.33.0-255,66,40860,35,50626
12170,0.002602,172.31.33.0-255,66,40926,35,50626
12171,0.002643,172.31.33.0-255,66,40992,35,50626
12172,0.003156,172.31.33.0-255,66,41058,35,50626
12173,0.003193,172.31.33.0-255,66,41124,35,50626
12174,0.003269,172.31.33.0-255,66,41190,35,50626
12175,0.003302,172.31.33.0-255,66,41256,35,50626
12176,0.004172,172.31.33.0-255,66,41322,35,50626
12177,0.004459,172.31.33.0-255,66,41388,35,50626
12178,0.004598,172.31.33.0-255,66,41454,35,50626
12179,0.004633,172.31.33.0-255,66,41520,35,50626
12180,0.004677,172.31.33.0-255,66,41586,35,50626
12181,0.004696,172.217.194.0-255,4320,45906,35,50626
12182,0.0047,172.31.33.0-255,66,45972,35,50626
12183,0.005569,172.217.194.0-255,2902,48874,35,50626
12184,0.005576,172.31.33.0-255,66,48940,35,50626
12185,0.005639,172.31.33.0-255,66,49006,35,50626
12186,0.005669,172.31.33.0-255,66,49072,35,50626
12187,0.014315,172.31.33.0-255,105,49177,35,50626
12188,0.01655,172.217.194.0-255,66,49243,35,50626
12189,0.046745,172.31.33.0-255,172,49415,35,50626
12190,0.046796,172.31.33.0-255,1079,50494,35,50626
12191,0.048308,104.244.42.0-255,66,50560,35,50626
12192,0.048432,104.244.42.0-255,66,50626,35,50626
12193,0.0,74.125.24.0-255,153,153,35,201311
12194,2.5e-05,172.31.33.0-255,66,219,35,201311
12195,3.1e-05,74.125.24.0-255,1484,1703,35,201311
12196,3.5e-05,172.31.33.0-255,66,1769,35,201311
12197,3.9e-05,74.125.24.0-255,2902,4671,35,201311
12198,4.1e-05,172.31.33.0-255,66,4737,35,201311
12199,6.4e-05,74.125.24.0-255,7156,11893,35,201311
12200,6.7e-05,172.31.33.0-255,66,11959,35,201311
12201,7e-05,74.125.24.0-255,2012,13971,35,201311
12202,7.3e-05,172.31.33.0-255,66,14037,35,201311
12203,8.5e-05,74.125.24.0-255,2902,16939,35,201311
12204,8.7e-05,172.31.33.0-255,66,17005,35,201311
12205,0.000112,172.31.33.0-255,66,17071,35,201311
12206,0.000124,74.125.24.0-255,2902,19973,35,201311
12207,0.000126,172.31.33.0-255,66,20039,35,201311
12208,0.000141,74.125.24.0-255,2543,22582,35,201311
12209,0.000143,172.31.33.0-255,66,22648,35,201311
12210,0.000413,74.125.24.0-255,1484,24132,35,201311
12211,0.000418,172.31.33.0-255,66,24198,35,201311
12212,0.000423,74.125.24.0-255,2902,27100,35,201311
12213,0.000425,172.31.33.0-255,66,27166,35,201311
12214,0.000454,74.125.24.0-255,5738,32904,35,201311
12215,0.000457,172.31.33.0-255,66,32970,35,201311
12216,0.000461,74.125.24.0-255,1484,34454,35,201311
12217,0.000463,172.31.33.0-255,66,34520,35,201311
12218,0.000483,172.31.33.0-255,66,34586,35,201311
12219,0.000505,74.125.24.0-255,2902,37488,35,201311
12220,0.000509,172.31.33.0-255,66,37554,35,201311
12221,0.000527,74.125.24.0-255,5738,43292,35,201311
12222,0.00053,172.31.33.0-255,66,43358,35,201311
12223,0.000552,74.125.24.0-255,5020,48378,35,201311
12224,0.000556,172.31.33.0-255,66,48444,35,201311
12225,0.001172,74.125.24.0-255,398,48842,35,201311
12226,0.001178,172.31.33.0-255,66,48908,35,201311
12227,0.002545,74.125.24.0-255,111,49019,35,201311
12228,0.002551,172.31.33.0-255,66,49085,35,201311
12229,0.002571,74.125.24.0-255,1484,50569,35,201311
12230,0.002574,172.31.33.0-255,66,50635,35,201311
12231,0.002579,74.125.24.0-255,2902,53537,35,201311
12232,0.00258,172.31.33.0-255,66,53603,35,201311
12233,0.002583,74.125.24.0-255,1484,55087,35,201311
12234,0.002585,172.31.33.0-255,66,55153,35,201311
12235,0.002609,74.125.24.0-255,2902,58055,35,201311
12236,0.002611,172.31.33.0-255,66,58121,35,201311
12237,0.002617,74.125.24.0-255,5738,63859,35,201311
12238,0.002618,172.31.33.0-255,66,63925,35,201311
12239,0.002625,74.125.24.0-255,5738,69663,35,201311
12240,0.002627,172.31.33.0-255,66,69729,35,201311
12241,0.002657,74.125.24.0-255,5738,75467,35,201311
12242,0.002659,172.31.33.0-255,66,75533,35,201311
12243,0.002668,172.31.33.0-255,66,75599,35,201311
12244,0.00369,74.125.24.0-255,1484,77083,35,201311
12245,0.003695,172.31.33.0-255,66,77149,35,201311
12246,0.003703,74.125.24.0-255,2902,80051,35,201311
12247,0.003705,172.31.33.0-255,66,80117,35,201311
12248,0.003711,74.125.24.0-255,5738,85855,35,201311
12249,0.00378,74.125.24.0-255,7156,93011,35,201311
12250,0.003793,74.125.24.0-255,3602,96613,35,201311
12251,0.003812,74.125.24.0-255,2902,99515,35,201311
12252,0.003816,172.31.33.0-255,66,99581,35,201311
12253,0.003822,172.31.33.0-255,66,99647,35,201311
12254,0.003842,74.125.24.0-255,766,100413,35,201311
12255,0.003868,172.31.33.0-255,66,100479,35,201311
12256,0.004145,74.125.24.0-255,1484,101963,35,201311
12257,0.004166,74.125.24.0-255,2902,104865,35,201311
12258,0.004176,74.125.24.0-255,1484,106349,35,201311
12259,0.00418,172.31.33.0-255,66,106415,35,201311
12260,0.004192,74.125.24.0-255,4320,110735,35,201311
12261,0.004195,74.125.24.0-255,2902,113637,35,201311
12262,0.004213,172.31.33.0-255,66,113703,35,201311
12263,0.004221,74.125.24.0-255,2902,116605,35,201311
12264,0.004225,172.31.33.0-255,66,116671,35,201311
12265,0.004253,74.125.24.0-255,7156,123827,35,201311
12266,0.004257,74.125.24.0-255,4320,128147,35,201311
12267,0.004271,172.31.33.0-255,66,128213,35,201311
12268,0.004289,74.125.24.0-255,2902,131115,35,201311
12269,0.004292,172.31.33.0-255,66,131181,35,201311
12270,0.004319,74.125.24.0-255,6438,137619,35,201311
12271,0.004326,74.125.24.0-255,7156,144775,35,201311
12272,0.00434,74.125.24.0-255,2902,147677,35,201311
12273,0.004343,74.125.24.0-255,2902,150579,35,201311
12274,0.004346,172.31.33.0-255,66,150645,35,201311
12275,0.00435,172.31.33.0-255,66,150711,35,201311
12276,0.004367,74.125.24.0-255,4320,155031,35,201311
12277,0.004374,172.31.33.0-255,66,155097,35,201311
12278,0.004391,74.125.24.0-255,2902,157999,35,201311
12279,0.004404,172.31.33.0-255,66,158065,35,201311
12280,0.004426,74.125.24.0-255,4320,162385,35,201311
12281,0.004497,172.31.33.0-255,66,162451,35,201311
12282,0.004506,74.125.24.0-255,1484,163935,35,201311
12283,0.004543,172.31.33.0-255,66,164001,35,201311
12284,0.004571,74.125.24.0-255,7156,171157,35,201311
12285,0.004597,74.125.24.0-255,6438,177595,35,201311
12286,0.004647,74.125.24.0-255,5738,183333,35,201311
12287,0.004654,172.31.33.0-255,66,183399,35,201311
12288,0.004728,172.31.33.0-255,66,183465,35,201311
12289,0.004741,74.125.24.0-255,4320,187785,35,201311
12290,0.004747,74.125.24.0-255,2902,190687,35,201311
12291,0.004781,172.31.33.0-255,66,190753,35,201311
12292,0.004828,74.125.24.0-255,105,190858,35,201311
12293,0.004849,172.31.33.0-255,66,190924,35,201311
12294,0.00729,172.31.33.0-255,105,191029,35,201311
12295,0.009551,74.125.24.0-255,66,191095,35,201311
12296,0.043476,172.31.33.0-255,172,191267,35,201311
12297,0.043515,172.31.33.0-255,1107,192374,35,201311
12298,0.043586,172.31.33.0-255,1514,193888,35,201311
12299,0.043588,172.31.33.0-255,1514,195402,35,201311
12300,0.043593,172.31.33.0-255,1514,196916,35,201311
12301,0.043594,172.31.33.0-255,1514,198430,35,201311
12302,0.043615,172.31.33.0-255,1514,199944,35,201311
12303,0.043616,172.31.33.0-255,929,200873,35,201311
12304,0.045061,104.244.42.0-255,66,200939,35,201311
12305,0.04507,104.244.42.0-255,66,201005,35,201311
12306,0.045175,104.244.42.0-255,66,201071,35,201311
12307,0.045179,104.244.42.0-255,66,201137,35,201311
12308,0.048032,104.244.42.0-255,108,201245,35,201311
12309,0.048039,172.31.33.0-255,66,201311,35,201311
12310,0.0,74.125.24.0-255,153,153,35,307915
12311,2.3e-05,172.31.33.0-255,66,219,35,307915
12312,3.1e-05,74.125.24.0-255,1484,1703,35,307915
12313,3.5e-05,172.31.33.0-255,66,1769,35,307915
12314,4.2e-05,74.125.24.0-255,2902,4671,35,307915
12315,4.5e-05,172.31.33.0-255,66,4737,35,307915
12316,5e-05,74.125.24.0-255,2902,7639,35,307915
12317,5.3e-05,172.31.33.0-255,66,7705,35,307915
12318,8.2e-05,74.125.24.0-255,4320,12025,35,307915
12319,8.6e-05,172.31.33.0-255,66,12091,35,307915
12320,9e-05,74.125.24.0-255,2095,14186,35,307915
12321,9.2e-05,172.31.33.0-255,66,14252,35,307915
12322,0.000114,74.125.24.0-255,4320,18572,35,307915
12323,0.000117,172.31.33.0-255,66,18638,35,307915
12324,0.000133,74.125.24.0-255,7156,25794,35,307915
12325,0.000135,172.31.33.0-255,66,25860,35,307915
12326,0.000175,74.125.24.0-255,5379,31239,35,307915
12327,0.000178,172.31.33.0-255,66,31305,35,307915
12328,0.000299,74.125.24.0-255,1484,32789,35,307915
12329,0.000305,172.31.33.0-255,66,32855,35,307915
12330,0.00031,74.125.24.0-255,2902,35757,35,307915
12331,0.000312,172.31.33.0-255,66,35823,35,307915
12332,0.000342,74.125.24.0-255,5738,41561,35,307915
12333,0.000345,172.31.33.0-255,66,41627,35,307915
12334,0.000397,74.125.24.0-255,5738,47365,35,307915
12335,0.000399,172.31.33.0-255,66,47431,35,307915
12336,0.000407,74.125.24.0-255,6797,54228,35,307915
12337,0.000409,172.31.33.0-255,66,54294,35,307915
12338,0.000416,74.125.24.0-255,7156,61450,35,307915
12339,0.000418,172.31.33.0-255,66,61516,35,307915
12340,0.000457,74.125.24.0-255,4231,65747,35,307915
12341,0.000461,172.31.33.0-255,66,65813,35,307915
12342,0.000485,74.125.24.0-255,385,66198,35,307915
12343,0.000707,74.125.24.0-255,1484,67682,35,307915
12344,0.000712,172.31.33.0-255,66,67748,35,307915
12345,0.000733,74.125.24.0-255,2902,70650,35,307915
12346,0.000735,172.31.33.0-255,66,70716,35,307915
12347,0.000742,74.125.24.0-255,5738,76454,35,307915
12348,0.000744,172.31.33.0-255,66,76520,35,307915
12349,0.000758,74.125.24.0-255,1484,78004,35,307915
12350,0.000785,172.31.33.0-255,66,78070,35,307915
12351,0.000817,74.125.24.0-255,2902,80972,35,307915
12352,0.00082,172.31.33.0-255,66,81038,35,307915
12353,0.000841,74.125.24.0-255,6797,87835,35,307915
12354,0.000844,172.31.33.0-255,66,87901,35,307915
12355,0.001179,74.125.24.0-255,1484,89385,35,307915
12356,0.001185,74.125.24.0-255,2902,92287,35,307915
12357,0.001188,172.31.33.0-255,66,92353,35,307915
12358,0.001209,74.125.24.0-255,2902,95255,35,307915
12359,0.001212,172.31.33.0-255,66,95321,35,307915
12360,0.001224,74.125.24.0-255,2902,98223,35,307915
12361,0.001226,172.31.33.0-255,66,98289,35,307915
12362,0.001235,172.31.33.0-255,66,98355,35,307915
12363,0.001249,74.125.24.0-255,2902,101257,35,307915
12364,0.001252,172.31.33.0-255,66,101323,35,307915
12365,0.001261,172.31.33.0-255,66,101389,35,307915
12366,0.001284,74.125.24.0-255,3602,104991,35,307915
12367,0.001287,172.31.33.0-255,66,105057,35,307915
12368,0.001584,74.125.24.0-255,1484,106541,35,307915
12369,0.0016,74.125.24.0-255,2902,109443,35,307915
12370,0.001603,172.31.33.0-255,66,109509,35,307915
12371,0.001623,74.125.24.0-255,5738,115247,35,307915
12372,0.001625,172.31.33.0-255,66,115313,35,307915
12373,0.001643,74.125.24.0-255,5738,121051,35,307915
12374,0.001645,172.31.33.0-255,66,121117,35,307915
12375,0.001664,74.125.24.0-255,1484,122601,35,307915
12376,0.001667,74.125.24.0-255,1484,124085,35,307915
12377,0.001669,172.31.33.0-255,66,124151,35,307915
12378,0.001697,172.31.33.0-255,66,124217,35,307915
12379,0.001715,74.125.24.0-255,1484,125701,35,307915
12380,0.001719,74.125.24.0-255,2184,127885,35,307915
12381,0.001721,172.31.33.0-255,66,127951,35,307915
12382,0.001948,74.125.24.0-255,1484,129435,35,307915
12383,0.001971,74.125.24.0-255,2902,132337,35,307915
12384,0.001975,172.31.33.0-255,66,132403,35,307915
12385,0.00198,74.125.24.0-255,2902,135305,35,307915
12386,0.001982,172.31.33.0-255,66,135371,35,307915
12387,0.001997,74.125.24.0-255,2902,138273,35,307915
12388,0.001999,172.31.33.0-255,66,138339,35,307915
12389,0.002002,74.125.24.0-255,2902,141241,35,307915
12390,0.002004,172.31.33.0-255,66,141307,35,307915
12391,0.002033,74.125.24.0-255,7156,148463,35,307915
12392,0.002036,172.31.33.0-255,66,148529,35,307915
12393,0.002042,74.125.24.0-255,7156,155685,35,307915
12394,0.002044,172.31.33.0-255,66,155751,35,307915
12395,0.002055,74.125.24.0-255,1484,157235,35,307915
12396,0.002083,74.125.24.0-255,5020,162255,35,307915
12397,0.002086,172.31.33.0-255,66,162321,35,307915
12398,0.00217,74.125.24.0-255,1484,163805,35,307915
12399,0.002173,74.125.24.0-255,1484,165289,35,307915
12400,0.002176,172.31.33.0-255,66,165355,35,307915
12401,0.002193,74.125.24.0-255,1484,166839,35,307915
12402,0.002206,74.125.24.0-255,4320,171159,35,307915
12403,0.002208,172.31.33.0-255,66,171225,35,307915
12404,0.002225,74.125.24.0-255,1484,172709,35,307915
12405,0.002231,74.125.24.0-255,5738,178447,35,307915
12406,0.002233,172.31.33.0-255,66,178513,35,307915
12407,0.002257,74.125.24.0-255,7156,185669,35,307915
12408,0.00226,172.31.33.0-255,66,185735,35,307915
12409,0.002269,172.31.33.0-255,66,185801,35,307915
12410,0.002273,74.125.24.0-255,2184,187985,35,307915
12411,0.002274,172.31.33.0-255,66,188051,35,307915
12412,0.002393,74.125.24.0-255,1484,189535,35,307915
12413,0.002407,74.125.24.0-255,2902,192437,35,307915
12414,0.00241,172.31.33.0-255,66,192503,35,307915
12415,0.002414,74.125.24.0-255,2902,195405,35,307915
12416,0.002416,172.31.33.0-255,66,195471,35,307915
12417,0.002426,74.125.24.0-255,1484,196955,35,307915
12418,0.002441,74.125.24.0-255,1484,198439,35,307915
12419,0.002443,172.31.33.0-255,66,198505,35,307915
12420,0.002453,74.125.24.0-255,5738,204243,35,307915
12421,0.002456,172.31.33.0-255,66,204309,35,307915
12422,0.002459,74.125.24.0-255,2902,207211,35,307915
12423,0.002461,172.31.33.0-255,66,207277,35,307915
12424,0.002483,74.125.24.0-255,4320,211597,35,307915
12425,0.002486,172.31.33.0-255,66,211663,35,307915
12426,0.002491,74.125.24.0-255,5738,217401,35,307915
12427,0.002493,172.31.33.0-255,66,217467,35,307915
12428,0.002514,74.125.24.0-255,5020,222487,35,307915
12429,0.002516,172.31.33.0-255,66,222553,35,307915
12430,0.00256,74.125.24.0-255,1484,224037,35,307915
12431,0.002565,74.125.24.0-255,2902,226939,35,307915
12432,0.002568,172.31.33.0-255,66,227005,35,307915
12433,0.00258,74.125.24.0-255,2902,229907,35,307915
12434,0.002583,172.31.33.0-255,66,229973,35,307915
12435,0.002596,74.125.24.0-255,2902,232875,35,307915
12436,0.002598,172.31.33.0-255,66,232941,35,307915
12437,0.002616,74.125.24.0-255,5738,238679,35,307915
12438,0.002618,172.31.33.0-255,66,238745,35,307915
12439,0.002635,74.125.24.0-255,1484,240229,35,307915
12440,0.002638,74.125.24.0-255,1484,241713,35,307915
12441,0.00264,172.31.33.0-255,66,241779,35,307915
12442,0.002643,74.125.24.0-255,1484,243263,35,307915
12443,0.002661,74.125.24.0-255,5738,249001,35,307915
12444,0.002663,172.31.33.0-255,66,249067,35,307915
12445,0.002665,74.125.24.0-255,1484,250551,35,307915
12446,0.002667,74.125.24.0-255,1484,252035,35,307915
12447,0.002669,172.31.33.0-255,66,252101,35,307915
12448,0.002683,74.125.24.0-255,4320,256421,35,307915
12449,0.002686,172.31.33.0-255,66,256487,35,307915
12450,0.002696,74.125.24.0-255,766,257253,35,307915
12451,0.002699,74.125.24.0-255,1484,258737,35,307915
12452,0.002701,172.31.33.0-255,66,258803,35,307915
12453,0.002711,74.125.24.0-255,1484,260287,35,307915
12454,0.00274,172.31.33.0-255,66,260353,35,307915
12455,0.002757,74.125.24.0-255,7156,267509,35,307915
12456,0.00276,172.31.33.0-255,66,267575,35,307915
12457,0.002793,74.125.24.0-255,5738,273313,35,307915
12458,0.002796,172.31.33.0-255,66,273379,35,307915
12459,0.0028,74.125.24.0-255,2902,276281,35,307915
12460,0.002803,172.31.33.0-255,66,276347,35,307915
12461,0.002809,74.125.24.0-255,6438,282785,35,307915
12462,0.002811,172.31.33.0-255,66,282851,35,307915
12463,0.002822,172.31.33.0-255,66,282917,35,307915
12464,0.002833,172.31.33.0-255,66,282983,35,307915
12465,0.002867,172.31.33.0-255,66,283049,35,307915
12466,0.002872,74.125.24.0-255,5020,288069,35,307915
12467,0.002874,172.31.33.0-255,66,288135,35,307915
12468,0.002891,74.125.24.0-255,2902,291037,35,307915
12469,0.002893,172.31.33.0-255,66,291103,35,307915
12470,0.002914,172.31.33.0-255,66,291169,35,307915
12471,0.002918,74.125.24.0-255,4320,295489,35,307915
12472,0.00292,172.31.33.0-255,66,295555,35,307915
12473,0.002943,74.125.24.0-255,1484,297039,35,307915
12474,0.002952,74.125.24.0-255,1484,298523,35,307915
12475,0.002955,172.31.33.0-255,66,298589,35,307915
12476,0.002976,172.31.33.0-255,66,298655,35,307915
12477,0.003013,74.125.24.0-255,105,298760,35,307915
12478,0.014273,172.31.33.0-255,101,298861,35,307915
12479,0.015468,172.31.33.0-255,105,298966,35,307915
12480,0.016802,74.125.24.0-255,66,299032,35,307915
12481,0.017989,74.125.24.0-255,66,299098,35,307915
12482,0.045255,172.31.33.0-255,175,299273,35,307915
12483,0.04529,172.31.33.0-255,1131,300404,35,307915
12484,0.045386,172.31.33.0-255,1514,301918,35,307915
12485,0.045388,172.31.33.0-255,1514,303432,35,307915
12486,0.045394,172.31.33.0-255,1514,304946,35,307915
12487,0.045395,172.31.33.0-255,1514,306460,35,307915
12488,0.045413,172.31.33.0-255,1191,307651,35,307915
12489,0.046805,104.244.42.0-255,66,307717,35,307915
12490,0.046846,104.244.42.0-255,66,307783,35,307915
12491,0.046945,104.244.42.0-255,66,307849,35,307915
12492,0.046951,104.244.42.0-255,66,307915,35,307915
12493,0.0,216.58.221.0-255,153,153,35,301593
12494,2.3e-05,172.31.33.0-255,66,219,35,301593
12495,3e-05,216.58.221.0-255,1484,1703,35,301593
12496,3.4e-05,172.31.33.0-255,66,1769,35,301593
12497,3.9e-05,216.58.221.0-255,2902,4671,35,301593
12498,4.9e-05,172.31.33.0-255,66,4737,35,301593
12499,5.6e-05,216.58.221.0-255,7156,11893,35,301593
12500,6e-05,172.31.33.0-255,66,11959,35,301593
12501,6.4e-05,216.58.221.0-255,2061,14020,35,301593
12502,6.7e-05,172.31.33.0-255,66,14086,35,301593
12503,0.000249,216.58.221.0-255,1484,15570,35,301593
12504,0.000254,172.31.33.0-255,66,15636,35,301593
12505,0.000261,216.58.221.0-255,2902,18538,35,301593
12506,0.000264,172.31.33.0-255,66,18604,35,301593
12507,0.000272,216.58.221.0-255,2902,21506,35,301593
12508,0.000275,172.31.33.0-255,66,21572,35,301593
12509,0.00028,216.58.221.0-255,4320,25892,35,301593
12510,0.000282,172.31.33.0-255,66,25958,35,301593
12511,0.000321,216.58.221.0-255,2902,28860,35,301593
12512,0.000323,172.31.33.0-255,66,28926,35,301593
12513,0.00034,216.58.221.0-255,2543,31469,35,301593
12514,0.000342,172.31.33.0-255,66,31535,35,301593
12515,0.000379,216.58.221.0-255,1484,33019,35,301593
12516,0.000382,172.31.33.0-255,66,33085,35,301593
12517,0.000386,216.58.221.0-255,2902,35987,35,301593
12518,0.000388,172.31.33.0-255,66,36053,35,301593
12519,0.000437,216.58.221.0-255,5738,41791,35,301593
12520,0.000439,172.31.33.0-255,66,41857,35,301593
12521,0.000446,216.58.221.0-255,6797,48654,35,301593
12522,0.000448,172.31.33.0-255,66,48720,35,301593
12523,0.00131,216.58.221.0-255,1484,50204,35,301593
12524,0.001317,172.31.33.0-255,66,50270,35,301593
12525,0.001325,216.58.221.0-255,1484,51754,35,301593
12526,0.001337,216.58.221.0-255,2902,54656,35,301593
12527,0.00134,172.31.33.0-255,66,54722,35,301593
12528,0.001347,216.58.221.0-255,5738,60460,35,301593
12529,0.001349,172.31.33.0-255,66,60526,35,301593
12530,0.001381,216.58.221.0-255,5670,66196,35,301593
12531,0.001383,172.31.33.0-255,66,66262,35,301593
12532,0.001405,216.58.221.0-255,387,66649,35,301593
12533,0.00153,216.58.221.0-255,1484,68133,35,301593
12534,0.001537,172.31.33.0-255,66,68199,35,301593
12535,0.001544,216.58.221.0-255,2902,71101,35,301593
12536,0.001547,172.31.33.0-255,66,71167,35,301593
12537,0.00155,216.58.221.0-255,1484,72651,35,301593
12538,0.001569,216.58.221.0-255,4320,76971,35,301593
12539,0.001571,172.31.33.0-255,66,77037,35,301593
12540,0.001583,216.58.221.0-255,6797,83834,35,301593
12541,0.001586,172.31.33.0-255,66,83900,35,301593
12542,0.001625,216.58.221.0-255,2902,86802,35,301593
12543,0.001628,172.31.33.0-255,66,86868,35,301593
12544,0.001642,216.58.221.0-255,2902,89770,35,301593
12545,0.001645,172.31.33.0-255,66,89836,35,301593
12546,0.001657,216.58.221.0-255,7156,96992,35,301593
12547,0.001659,172.31.33.0-255,66,97058,35,301593
12548,0.001693,216.58.221.0-255,3961,101019,35,301593
12549,0.001695,172.31.33.0-255,66,101085,35,301593
12550,0.001758,216.58.221.0-255,1484,102569,35,301593
12551,0.001774,216.58.221.0-255,2902,105471,35,301593
12552,0.001777,172.31.33.0-255,66,105537,35,301593
12553,0.001783,216.58.221.0-255,4320,109857,35,301593
12554,0.001785,172.31.33.0-255,66,109923,35,301593
12555,0.001826,216.58.221.0-255,4320,114243,35,301593
12556,0.00183,172.31.33.0-255,66,114309,35,301593
12557,0.001856,216.58.221.0-255,3293,117602,35,301593
12558,0.001858,172.31.33.0-255,66,117668,35,301593
12559,0.002116,216.58.221.0-255,1484,119152,35,301593
12560,0.002132,216.58.221.0-255,1484,120636,35,301593
12561,0.002133,172.31.33.0-255,66,120702,35,301593
12562,0.002138,216.58.221.0-255,2902,123604,35,301593
12563,0.00214,172.31.33.0-255,66,123670,35,301593
12564,0.002146,216.58.221.0-255,5738,129408,35,301593
12565,0.002148,172.31.33.0-255,66,129474,35,301593
12566,0.002151,216.58.221.0-255,1484,130958,35,301593
12567,0.002183,216.58.221.0-255,2902,133860,35,301593
12568,0.002185,172.31.33.0-255,66,133926,35,301593
12569,0.002189,216.58.221.0-255,1824,135750,35,301593
12570,0.002191,172.31.33.0-255,66,135816,35,301593
12571,0.002229,216.58.221.0-255,1484,137300,35,301593
12572,0.002232,216.58.221.0-255,1484,138784,35,301593
12573,0.002234,172.31.33.0-255,66,138850,35,301593
12574,0.002257,216.58.221.0-255,1484,140334,35,301593
12575,0.002263,216.58.221.0-255,5738,146072,35,301593
12576,0.002266,172.31.33.0-255,66,146138,35,301593
12577,0.002271,216.58.221.0-255,5738,151876,35,301593
12578,0.002273,172.31.33.0-255,66,151942,35,301593
12579,0.002299,216.58.221.0-255,7156,159098,35,301593
12580,0.002301,172.31.33.0-255,66,159164,35,301593
12581,0.002304,216.58.221.0-255,1484,160648,35,301593
12582,0.002307,216.58.221.0-255,1484,162132,35,301593
12583,0.002308,172.31.33.0-255,66,162198,35,301593
12584,0.002313,216.58.221.0-255,4320,166518,35,301593
12585,0.002317,172.31.33.0-255,66,166584,35,301593
12586,0.00234,216.58.221.0-255,3602,170186,35,301593
12587,0.002342,172.31.33.0-255,66,170252,35,301593
12588,0.002469,216.58.221.0-255,1484,171736,35,301593
12589,0.002472,216.58.221.0-255,1484,173220,35,301593
12590,0.002474,172.31.33.0-255,66,173286,35,301593
12591,0.002486,216.58.221.0-255,1484,174770,35,301593
12592,0.002492,216.58.221.0-255,1484,176254,35,301593
12593,0.002494,172.31.33.0-255,66,176320,35,301593
12594,0.002518,216.58.221.0-255,4320,180640,35,301593
12595,0.00252,172.31.33.0-255,66,180706,35,301593
12596,0.002527,216.58.221.0-255,7156,187862,35,301593
12597,0.002529,172.31.33.0-255,66,187928,35,301593
12598,0.002571,172.31.33.0-255,66,187994,35,301593
12599,0.002575,216.58.221.0-255,2184,190178,35,301593
12600,0.002577,172.31.33.0-255,66,190244,35,301593
12601,0.00271,216.58.221.0-255,1484,191728,35,301593
12602,0.002722,216.58.221.0-255,2902,194630,35,301593
12603,0.002725,172.31.33.0-255,66,194696,35,301593
12604,0.002727,216.58.221.0-255,1484,196180,35,301593
12605,0.002738,216.58.221.0-255,1484,197664,35,301593
12606,0.00274,172.31.33.0-255,66,197730,35,301593
12607,0.002751,216.58.221.0-255,4320,202050,35,301593
12608,0.002753,172.31.33.0-255,66,202116,35,301593
12609,0.002797,216.58.221.0-255,7156,209272,35,301593
12610,0.0028,172.31.33.0-255,66,209338,35,301593
12611,0.002828,216.58.221.0-255,1484,210822,35,301593
12612,0.002842,172.31.33.0-255,66,210888,35,301593
12613,0.002908,216.58.221.0-255,1484,212372,35,301593
12614,0.002922,216.58.221.0-255,2902,215274,35,301593
12615,0.002925,172.31.33.0-255,66,215340,35,301593
12616,0.002931,216.58.221.0-255,5738,221078,35,301593
12617,0.002934,172.31.33.0-255,66,221144,35,301593
12618,0.00295,216.58.221.0-255,4320,225464,35,301593
12619,0.002953,172.31.33.0-255,66,225530,35,301593
12620,0.00296,216.58.221.0-255,5738,231268,35,301593
12621,0.002963,172.31.33.0-255,66,231334,35,301593
12622,0.003013,172.31.33.0-255,66,231400,35,301593
12623,0.003017,216.58.221.0-255,2184,233584,35,301593
12624,0.003019,172.31.33.0-255,66,233650,35,301593
12625,0.003234,216.58.221.0-255,1484,235134,35,301593
12626,0.00325,216.58.221.0-255,2902,238036,35,301593
12627,0.003254,172.31.33.0-255,66,238102,35,301593
12628,0.003261,216.58.221.0-255,5738,243840,35,301593
12629,0.003263,172.31.33.0-255,66,243906,35,301593
12630,0.003266,216.58.221.0-255,1484,245390,35,301593
12631,0.003299,216.58.221.0-255,2902,248292,35,301593
12632,0.003302,172.31.33.0-255,66,248358,35,301593
12633,0.003314,172.31.33.0-255,66,248424,35,301593
12634,0.003326,172.31.33.0-255,66,248490,35,301593
12635,0.003329,216.58.221.0-255,766,249256,35,301593
12636,0.003437,216.58.221.0-255,1484,250740,35,301593
12637,0.003442,172.31.33.0-255,66,250806,35,301593
12638,0.003447,216.58.221.0-255,2902,253708,35,301593
12639,0.003449,172.31.33.0-255,66,253774,35,301593
12640,0.003454,216.58.221.0-255,2902,256676,35,301593
12641,0.003461,172.31.33.0-255,66,256742,35,301593
12642,0.003488,216.58.221.0-255,1484,258226,35,301593
12643,0.003492,216.58.221.0-255,1484,259710,35,301593
12644,0.003494,172.31.33.0-255,66,259776,35,301593
12645,0.003508,172.31.33.0-255,66,259842,35,301593
12646,0.003521,172.31.33.0-255,66,259908,35,301593
12647,0.003525,216.58.221.0-255,2184,262092,35,301593
12648,0.003527,172.31.33.0-255,66,262158,35,301593
12649,0.003588,216.58.221.0-255,1484,263642,35,301593
12650,0.003609,216.58.221.0-255,2902,266544,35,301593
12651,0.003613,172.31.33.0-255,66,266610,35,301593
12652,0.00362,216.58.221.0-255,5738,272348,35,301593
12653,0.003623,172.31.33.0-255,66,272414,35,301593
12654,0.003626,216.58.221.0-255,1484,273898,35,301593
12655,0.003662,172.31.33.0-255,66,273964,35,301593
12656,0.003673,172.31.33.0-255,66,274030,35,301593
12657,0.003677,216.58.221.0-255,2184,276214,35,301593
12658,0.003679,172.31.33.0-255,66,276280,35,301593
12659,0.003727,172.31.33.0-255,66,276346,35,301593
12660,0.003735,216.58.221.0-255,5738,282084,35,301593
12661,0.003737,172.31.33.0-255,66,282150,35,301593
12662,0.00374,216.58.221.0-255,1484,283634,35,301593
12663,0.003742,172.31.33.0-255,78,283712,35,301593
12664,0.00375,216.58.221.0-255,5738,289450,35,301593
12665,0.003757,216.58.221.0-255,3522,292972,35,301593
12666,0.003769,172.31.33.0-255,66,293038,35,301593
12667,0.003771,172.31.33.0-255,66,293104,35,301593
12668,0.003795,216.58.221.0-255,105,293209,35,301593
12669,0.012241,172.31.33.0-255,66,293275,35,301593
12670,0.012287,172.31.33.0-255,105,293380,35,301593
12671,0.014157,216.58.221.0-255,66,293446,35,301593
12672,0.046573,172.31.33.0-255,171,293617,35,301593
12673,0.046627,172.31.33.0-255,1131,294748,35,301593
12674,0.046696,172.31.33.0-255,1514,296262,35,301593
12675,0.046698,172.31.33.0-255,1514,297776,35,301593
12676,0.04672,172.31.33.0-255,1514,299290,35,301593
12677,0.04673,172.31.33.0-255,1514,300804,35,301593
12678,0.046731,172.31.33.0-255,459,301263,35,301593
12679,0.048171,104.244.42.0-255,66,301329,35,301593
12680,0.0482,104.244.42.0-255,66,301395,35,301593
12681,0.048278,104.244.42.0-255,66,301461,35,301593
12682,0.048337,104.244.42.0-255,66,301527,35,301593
12683,0.04835,104.244.42.0-255,66,301593,35,301593
12684,0.0,172.31.33.0-255,105,105,35,276
12685,0.001753,157.240.7.0-255,105,210,35,276
12686,0.001763,172.31.33.0-255,66,276,35,276
12687,0.0,74.125.24.0-255,220,220,35,254470
12688,2e-05,172.31.33.0-255,66,286,35,254470
12689,2.6e-05,74.125.24.0-255,1484,1770,35,254470
12690,3.1e-05,172.31.33.0-255,66,1836,35,254470
12691,3.7e-05,74.125.24.0-255,4320,6156,35,254470
12692,4e-05,172.31.33.0-255,66,6222,35,254470
12693,4.5e-05,74.125.24.0-255,4320,10542,35,254470
12694,4.8e-05,172.31.33.0-255,66,10608,35,254470
12695,7.3e-05,74.125.24.0-255,7156,17764,35,254470
12696,7.6e-05,172.31.33.0-255,66,17830,35,254470
12697,9.6e-05,74.125.24.0-255,3213,21043,35,254470
12698,9.9e-05,172.31.33.0-255,66,21109,35,254470
12699,0.000111,172.31.33.0-255,66,21175,35,254470
12700,0.000206,74.125.24.0-255,1484,22659,35,254470
12701,0.000211,172.31.33.0-255,66,22725,35,254470
12702,0.000216,74.125.24.0-255,2902,25627,35,254470
12703,0.000219,172.31.33.0-255,66,25693,35,254470
12704,0.000268,74.125.24.0-255,5738,31431,35,254470
12705,0.000273,172.31.33.0-255,66,31497,35,254470
12706,0.000278,74.125.24.0-255,4320,35817,35,254470
12707,0.00028,172.31.33.0-255,66,35883,35,254470
12708,0.000293,172.31.33.0-255,66,35949,35,254470
12709,0.000296,74.125.24.0-255,1484,37433,35,254470
12710,0.000298,172.31.33.0-255,66,37499,35,254470
12711,0.000328,74.125.24.0-255,6438,43937,35,254470
12712,0.000332,172.31.33.0-255,66,44003,35,254470
12713,0.000335,74.125.24.0-255,394,44397,35,254470
12714,0.000337,172.31.33.0-255,66,44463,35,254470
12715,0.000562,74.125.24.0-255,114,44577,35,254470
12716,0.000568,172.31.33.0-255,66,44643,35,254470
12717,0.000591,74.125.24.0-255,331,44974,35,254470
12718,0.000776,74.125.24.0-255,1484,46458,35,254470
12719,0.000782,172.31.33.0-255,66,46524,35,254470
12720,0.000787,74.125.24.0-255,2902,49426,35,254470
12721,0.00079,172.31.33.0-255,66,49492,35,254470
12722,0.000796,74.125.24.0-255,5738,55230,35,254470
12723,0.000798,172.31.33.0-255,66,55296,35,254470
12724,0.000804,74.125.24.0-255,5738,61034,35,254470
12725,0.000806,172.31.33.0-255,66,61100,35,254470
12726,0.000845,172.31.33.0-255,66,61166,35,254470
12727,0.000867,74.125.24.0-255,1484,62650,35,254470
12728,0.000875,74.125.24.0-255,5020,67670,35,254470
12729,0.000878,172.31.33.0-255,66,67736,35,254470
12730,0.000967,74.125.24.0-255,1484,69220,35,254470
12731,0.000973,74.125.24.0-255,2902,72122,35,254470
12732,0.000977,172.31.33.0-255,66,72188,35,254470
12733,0.000981,74.125.24.0-255,1484,73672,35,254470
12734,0.001004,74.125.24.0-255,4320,77992,35,254470
12735,0.001007,172.31.33.0-255,66,78058,35,254470
12736,0.001014,74.125.24.0-255,5738,83796,35,254470
12737,0.001016,172.31.33.0-255,66,83862,35,254470
12738,0.001036,74.125.24.0-255,7156,91018,35,254470
12739,0.00104,172.31.33.0-255,66,91084,35,254470
12740,0.001051,172.31.33.0-255,66,91150,35,254470
12741,0.001075,74.125.24.0-255,1484,92634,35,254470
12742,0.001079,74.125.24.0-255,766,93400,35,254470
12743,0.001081,172.31.33.0-255,66,93466,35,254470
12744,0.001455,74.125.24.0-255,1484,94950,35,254470
12745,0.001462,74.125.24.0-255,2902,97852,35,254470
12746,0.001467,172.31.33.0-255,66,97918,35,254470
12747,0.001473,74.125.24.0-255,4320,102238,35,254470
12748,0.001476,172.31.33.0-255,66,102304,35,254470
12749,0.001489,74.125.24.0-255,1484,103788,35,254470
12750,0.001492,74.125.24.0-255,1484,105272,35,254470
12751,0.001494,172.31.33.0-255,66,105338,35,254470
12752,0.001521,74.125.24.0-255,5738,111076,35,254470
12753,0.001524,172.31.33.0-255,66,111142,35,254470
12754,0.001545,74.125.24.0-255,2902,114044,35,254470
12755,0.001548,172.31.33.0-255,66,114110,35,254470
12756,0.001558,172.31.33.0-255,66,114176,35,254470
12757,0.001582,74.125.24.0-255,3602,117778,35,254470
12758,0.001584,172.31.33.0-255,66,117844,35,254470
12759,0.001659,74.125.24.0-255,1484,119328,35,254470
12760,0.001663,74.125.24.0-255,1484,120812,35,254470
12761,0.001666,172.31.33.0-255,66,120878,35,254470
12762,0.001683,74.125.24.0-255,1484,122362,35,254470
12763,0.001687,74.125.24.0-255,2902,125264,35,254470
12764,0.00169,172.31.33.0-255,66,125330,35,254470
12765,0.001714,74.125.24.0-255,4320,129650,35,254470
12766,0.001717,172.31.33.0-255,66,129716,35,254470
12767,0.001754,74.125.24.0-255,5738,135454,35,254470
12768,0.001757,172.31.33.0-255,66,135520,35,254470
12769,0.001776,74.125.24.0-255,2902,138422,35,254470
12770,0.001779,172.31.33.0-255,66,138488,35,254470
12771,0.001782,74.125.24.0-255,1484,139972,35,254470
12772,0.00181,172.31.33.0-255,66,140038,35,254470
12773,0.001842,74.125.24.0-255,3602,143640,35,254470
12774,0.001845,172.31.33.0-255,66,143706,35,254470
12775,0.001867,74.125.24.0-255,4320,148026,35,254470
12776,0.001869,172.31.33.0-255,66,148092,35,254470
12777,0.001875,74.125.24.0-255,4320,152412,35,254470
12778,0.001877,172.31.33.0-255,66,152478,35,254470
12779,0.001897,74.125.24.0-255,5738,158216,35,254470
12780,0.001899,172.31.33.0-255,66,158282,35,254470
12781,0.001909,172.31.33.0-255,66,158348,35,254470
12782,0.001976,172.31.33.0-255,66,158414,35,254470
12783,0.001995,74.125.24.0-255,1484,159898,35,254470
12784,0.001999,74.125.24.0-255,1484,161382,35,254470
12785,0.002001,172.31.33.0-255,66,161448,35,254470
12786,0.002023,74.125.24.0-255,1484,162932,35,254470
12787,0.002029,74.125.24.0-255,5738,168670,35,254470
12788,0.002031,172.31.33.0-255,66,168736,35,254470
12789,0.002034,74.125.24.0-255,1484,170220,35,254470
12790,0.002074,172.31.33.0-255,66,170286,35,254470
12791,0.00208,74.125.24.0-255,7156,177442,35,254470
12792,0.002082,172.31.33.0-255,66,177508,35,254470
12793,0.002106,74.125.24.0-255,3602,181110,35,254470
12794,0.002109,172.31.33.0-255,66,181176,35,254470
12795,0.002152,74.125.24.0-255,4320,185496,35,254470
12796,0.002155,172.31.33.0-255,66,185562,35,254470
12797,0.002187,74.125.24.0-255,5738,191300,35,254470
12798,0.002189,172.31.33.0-255,66,191366,35,254470
12799,0.002199,172.31.33.0-255,66,191432,35,254470
12800,0.002235,172.31.33.0-255,66,191498,35,254470
12801,0.002287,172.31.33.0-255,66,191564,35,254470
12802,0.002309,74.125.24.0-255,5020,196584,35,254470
12803,0.002312,172.31.33.0-255,66,196650,35,254470
12804,0.002317,74.125.24.0-255,4320,200970,35,254470
12805,0.002319,172.31.33.0-255,66,201036,35,254470
12806,0.002321,74.125.24.0-255,1484,202520,35,254470
12807,0.002325,74.125.24.0-255,1484,204004,35,254470
12808,0.002327,172.31.33.0-255,66,204070,35,254470
12809,0.002347,74.125.24.0-255,1484,205554,35,254470
12810,0.002353,74.125.24.0-255,5738,211292,35,254470
12811,0.002356,172.31.33.0-255,66,211358,35,254470
12812,0.002359,74.125.24.0-255,766,212124,35,254470
12813,0.002431,74.125.24.0-255,1484,213608,35,254470
12814,0.002435,172.31.33.0-255,66,213674,35,254470
12815,0.002441,74.125.24.0-255,2902,216576,35,254470
12816,0.002444,172.31.33.0-255,66,216642,35,254470
12817,0.00247,74.125.24.0-255,4320,220962,35,254470
12818,0.002474,172.31.33.0-255,66,221028,35,254470
12819,0.002476,74.125.24.0-255,1484,222512,35,254470
12820,0.002504,74.125.24.0-255,1484,223996,35,254470
12821,0.002508,74.125.24.0-255,2902,226898,35,254470
12822,0.002509,172.31.33.0-255,78,226976,35,254470
12823,0.002513,172.31.33.0-255,78,227054,35,254470
12824,0.002549,172.31.33.0-255,66,227120,35,254470
12825,0.002554,74.125.24.0-255,2902,230022,35,254470
12826,0.002556,172.31.33.0-255,66,230088,35,254470
12827,0.002561,74.125.24.0-255,2902,232990,35,254470
12828,0.002563,172.31.33.0-255,66,233056,35,254470
12829,0.002566,74.125.24.0-255,1484,234540,35,254470
12830,0.002568,74.125.24.0-255,766,235306,35,254470
12831,0.00257,172.31.33.0-255,66,235372,35,254470
12832,0.002598,74.125.24.0-255,1484,236856,35,254470
12833,0.00261,74.125.24.0-255,1484,238340,35,254470
12834,0.002613,172.31.33.0-255,66,238406,35,254470
12835,0.002634,74.125.24.0-255,2902,241308,35,254470
12836,0.002637,172.31.33.0-255,66,241374,35,254470
12837,0.002643,74.125.24.0-255,5738,247112,35,254470
12838,0.002646,172.31.33.0-255,66,247178,35,254470
12839,0.002678,172.31.33.0-255,66,247244,35,254470
12840,0.002683,74.125.24.0-255,4320,251564,35,254470
12841,0.002686,172.31.33.0-255,66,251630,35,254470
12842,0.002709,74.125.24.0-255,2432,254062,35,254470
12843,0.002712,172.31.33.0-255,66,254128,35,254470
12844,0.002744,74.125.24.0-255,105,254233,35,254470
12845,0.013702,172.31.33.0-255,66,254299,35,254470
12846,0.01373,172.31.33.0-255,105,254404,35,254470
12847,0.015944,74.125.24.0-255,66,254470,35,254470
12848,0.0,172.31.33.0-255,105,105,35,237164
12849,0.001824,157.240.7.0-255,105,210,35,237164
12850,0.001834,172.31.33.0-255,66,276,35,237164
12851,0.01979,172.217.194.0-255,153,429,35,237164
12852,0.019803,172.31.33.0-255,66,495,35,237164
12853,0.01981,172.217.194.0-255,1484,1979,35,237164
12854,0.019814,172.31.33.0-255,66,2045,35,237164
12855,0.019818,172.217.194.0-255,1484,3529,35,237164
12856,0.019827,172.31.33.0-255,66,3595,35,237164
12857,0.019848,172.217.194.0-255,1484,5079,35,237164
12858,0.019851,172.31.33.0-255,66,5145,35,237164
12859,0.019865,172.217.194.0-255,7156,12301,35,237164
12860,0.019867,172.31.33.0-255,66,12367,35,237164
12861,0.019873,172.217.194.0-255,3583,15950,35,237164
12862,0.019875,172.31.33.0-255,66,16016,35,237164
12863,0.019883,172.217.194.0-255,7156,23172,35,237164
12864,0.019886,172.31.33.0-255,66,23238,35,237164
12865,0.019921,172.217.194.0-255,5738,28976,35,237164
12866,0.019924,172.31.33.0-255,66,29042,35,237164
12867,0.019929,172.217.194.0-255,2543,31585,35,237164
12868,0.019932,172.31.33.0-255,66,31651,35,237164
12869,0.019937,172.217.194.0-255,2902,34553,35,237164
12870,0.019939,172.31.33.0-255,66,34619,35,237164
12871,0.019945,172.217.194.0-255,5738,40357,35,237164
12872,0.019947,172.31.33.0-255,66,40423,35,237164
12873,0.01998,172.217.194.0-255,1484,41907,35,237164
12874,0.019982,172.31.33.0-255,66,41973,35,237164
12875,0.01999,172.217.194.0-255,6797,48770,35,237164
12876,0.019992,172.31.33.0-255,66,48836,35,237164
12877,0.020132,172.217.194.0-255,1484,50320,35,237164
12878,0.020136,172.31.33.0-255,66,50386,35,237164
12879,0.02014,172.217.194.0-255,1484,51870,35,237164
12880,0.020142,172.31.33.0-255,66,51936,35,237164
12881,0.02016,172.217.194.0-255,1484,53420,35,237164
12882,0.020162,172.31.33.0-255,66,53486,35,237164
12883,0.02017,172.217.194.0-255,5738,59224,35,237164
12884,0.020177,172.31.33.0-255,66,59290,35,237164
12885,0.020183,172.217.194.0-255,5738,65028,35,237164
12886,0.020185,172.31.33.0-255,66,65094,35,237164
12887,0.020212,172.217.194.0-255,1707,66801,35,237164
12888,0.020218,172.31.33.0-255,66,66867,35,237164
12889,0.020272,172.217.194.0-255,1484,68351,35,237164
12890,0.020278,172.217.194.0-255,2902,71253,35,237164
12891,0.02028,172.31.33.0-255,66,71319,35,237164
12892,0.020283,172.217.194.0-255,1484,72803,35,237164
12893,0.020305,172.217.194.0-255,4320,77123,35,237164
12894,0.020308,172.31.33.0-255,66,77189,35,237164
12895,0.020315,172.217.194.0-255,6797,83986,35,237164
12896,0.020317,172.31.33.0-255,66,84052,35,237164
12897,0.020353,172.217.194.0-255,4320,88372,35,237164
12898,0.020356,172.31.33.0-255,66,88438,35,237164
12899,0.020397,172.31.33.0-255,66,88504,35,237164
12900,0.020401,172.217.194.0-255,1992,90496,35,237164
12901,0.020403,172.31.33.0-255,66,90562,35,237164
12902,0.020706,172.217.194.0-255,1484,92046,35,237164
12903,0.020714,172.217.194.0-255,2902,94948,35,237164
12904,0.020718,172.31.33.0-255,66,95014,35,237164
12905,0.020725,172.217.194.0-255,5738,100752,35,237164
12906,0.020727,172.31.33.0-255,66,100818,35,237164
12907,0.02074,172.217.194.0-255,6783,107601,35,237164
12908,0.020742,172.31.33.0-255,66,107667,35,237164
12909,0.021298,172.217.194.0-255,1484,109151,35,237164
12910,0.021304,172.217.194.0-255,2902,112053,35,237164
12911,0.021308,172.31.33.0-255,66,112119,35,237164
12912,0.021312,172.217.194.0-255,1484,113603,35,237164
12913,0.021339,172.217.194.0-255,4320,117923,35,237164
12914,0.021342,172.31.33.0-255,66,117989,35,237164
12915,0.021358,172.31.33.0-255,66,118055,35,237164
12916,0.021404,172.31.33.0-255,66,118121,35,237164
12917,0.021934,172.217.194.0-255,1484,119605,35,237164
12918,0.021944,172.217.194.0-255,2902,122507,35,237164
12919,0.021948,172.31.33.0-255,66,122573,35,237164
12920,0.021957,172.217.194.0-255,5738,128311,35,237164
12921,0.021959,172.31.33.0-255,66,128377,35,237164
12922,0.021999,172.31.33.0-255,66,128443,35,237164
12923,0.022017,172.31.33.0-255,66,128509,35,237164
12924,0.022345,172.217.194.0-255,1484,129993,35,237164
12925,0.022352,172.217.194.0-255,2902,132895,35,237164
12926,0.022356,172.31.33.0-255,66,132961,35,237164
12927,0.022389,172.217.194.0-255,5738,138699,35,237164
12928,0.022392,172.31.33.0-255,66,138765,35,237164
12929,0.022397,172.217.194.0-255,4320,143085,35,237164
12930,0.022399,172.31.33.0-255,66,143151,35,237164
12931,0.022425,172.31.33.0-255,66,143217,35,237164
12932,0.02244,172.31.33.0-255,66,143283,35,237164
12933,0.02249,172.217.194.0-255,1484,144767,35,237164
12934,0.02251,172.217.194.0-255,2902,147669,35,237164
12935,0.022512,172.31.33.0-255,66,147735,35,237164
12936,0.022519,172.217.194.0-255,5738,153473,35,237164
12937,0.022521,172.31.33.0-255,66,153539,35,237164
12938,0.022524,172.217.194.0-255,1484,155023,35,237164
12939,0.022565,172.31.33.0-255,66,155089,35,237164
12940,0.022588,172.31.33.0-255,66,155155,35,237164
12941,0.022599,172.31.33.0-255,66,155221,35,237164
12942,0.022629,172.217.194.0-255,2902,158123,35,237164
12943,0.022635,172.31.33.0-255,66,158189,35,237164
12944,0.022647,172.31.33.0-255,66,158255,35,237164
12945,0.022652,172.217.194.0-255,4320,162575,35,237164
12946,0.022654,172.31.33.0-255,66,162641,35,237164
12947,0.022676,172.217.194.0-255,5020,167661,35,237164
12948,0.022679,172.31.33.0-255,66,167727,35,237164
12949,0.022742,172.217.194.0-255,1484,169211,35,237164
12950,0.022747,172.217.194.0-255,2902,172113,35,237164
12951,0.022749,172.31.33.0-255,66,172179,35,237164
12952,0.022779,172.217.194.0-255,5738,177917,35,237164
12953,0.022782,172.31.33.0-255,66,177983,35,237164
12954,0.022823,172.217.194.0-255,4320,182303,35,237164
12955,0.022826,172.31.33.0-255,66,182369,35,237164
12956,0.022856,172.31.33.0-255,66,182435,35,237164
12957,0.022867,172.31.33.0-255,66,182501,35,237164
12958,0.022876,172.217.194.0-255,5738,188239,35,237164
12959,0.022878,172.31.33.0-255,66,188305,35,237164
12960,0.022885,172.217.194.0-255,7156,195461,35,237164
12961,0.022887,172.31.33.0-255,66,195527,35,237164
12962,0.022935,172.31.33.0-255,66,195593,35,237164
12963,0.022941,172.217.194.0-255,6438,202031,35,237164
12964,0.022943,172.31.33.0-255,66,202097,35,237164
12965,0.022996,172.217.194.0-255,1484,203581,35,237164
12966,0.023,172.217.194.0-255,2902,206483,35,237164
12967,0.023002,172.31.33.0-255,66,206549,35,237164
12968,0.023023,172.217.194.0-255,5738,212287,35,237164
12969,0.023025,172.31.33.0-255,66,212353,35,237164
12970,0.023041,172.217.194.0-255,2902,215255,35,237164
12971,0.023043,172.31.33.0-255,66,215321,35,237164
12972,0.023073,172.31.33.0-255,66,215387,35,237164
12973,0.02308,172.217.194.0-255,7156,222543,35,237164
12974,0.023083,172.31.33.0-255,66,222609,35,237164
12975,0.023104,172.217.194.0-255,3602,226211,35,237164
12976,0.023107,172.31.33.0-255,66,226277,35,237164
12977,0.023129,172.217.194.0-255,5738,232015,35,237164
12978,0.023132,172.31.33.0-255,66,232081,35,237164
12979,0.023162,172.217.194.0-255,4675,236756,35,237164
12980,0.023164,172.31.33.0-255,66,236822,35,237164
12981,0.023167,172.217.194.0-255,105,236927,35,237164
12982,0.033582,172.31.33.0-255,66,236993,35,237164
12983,0.033626,172.31.33.0-255,105,237098,35,237164
12984,0.035871,172.217.194.0-255,66,237164,35,237164
12985,0.0,172.31.33.0-255,105,105,35,276
12986,0.001479,157.240.7.0-255,105,210,35,276
12987,0.001487,172.31.33.0-255,66,276,35,276
12988,0.0,172.31.33.0-255,105,105,35,276
12989,0.001472,157.240.7.0-255,105,210,35,276
12990,0.001483,172.31.33.0-255,66,276,35,276
12991,0.0,172.217.194.0-255,153,153,35,274648
12992,2.5e-05,172.31.33.0-255,66,219,35,274648
12993,3.2e-05,172.217.194.0-255,1484,1703,35,274648
12994,3.7e-05,172.31.33.0-255,66,1769,35,274648
12995,4.9e-05,172.217.194.0-255,2902,4671,35,274648
12996,5.2e-05,172.31.33.0-255,66,4737,35,274648
12997,6e-05,172.217.194.0-255,7156,11893,35,274648
12998,6.3e-05,172.31.33.0-255,66,11959,35,274648
12999,0.000115,172.217.194.0-255,2902,14861,35,274648
13000,0.000118,172.31.33.0-255,66,14927,35,274648
13001,0.000155,172.31.33.0-255,66,14993,35,274648
13002,0.000159,172.217.194.0-255,2543,17536,35,274648
13003,0.000161,172.31.33.0-255,66,17602,35,274648
13004,0.000183,172.217.194.0-255,1484,19086,35,274648
13005,0.000185,172.31.33.0-255,66,19152,35,274648
13006,0.000189,172.217.194.0-255,1484,20636,35,274648
13007,0.00019,172.31.33.0-255,66,20702,35,274648
13008,0.000226,172.217.194.0-255,1484,22186,35,274648
13009,0.000229,172.31.33.0-255,66,22252,35,274648
13010,0.000236,172.217.194.0-255,5738,27990,35,274648
13011,0.000238,172.31.33.0-255,66,28056,35,274648
13012,0.000245,172.217.194.0-255,6797,34853,35,274648
13013,0.000248,172.31.33.0-255,66,34919,35,274648
13014,0.000254,172.217.194.0-255,7156,42075,35,274648
13015,0.000257,172.31.33.0-255,66,42141,35,274648
13016,0.000314,172.217.194.0-255,5738,47879,35,274648
13017,0.000317,172.31.33.0-255,66,47945,35,274648
13018,0.000335,172.217.194.0-255,4251,52196,35,274648
13019,0.000338,172.31.33.0-255,66,52262,35,274648
13020,0.00147,172.217.194.0-255,365,52627,35,274648
13021,0.001477,172.31.33.0-255,66,52693,35,274648
13022,0.001505,172.217.194.0-255,1484,54177,35,274648
13023,0.001523,172.217.194.0-255,4320,58497,35,274648
13024,0.001526,172.217.194.0-255,1484,59981,35,274648
13025,0.001545,172.217.194.0-255,5738,65719,35,274648
13026,0.001566,172.217.194.0-255,2902,68621,35,274648
13027,0.001605,172.217.194.0-255,5738,74359,35,274648
13028,0.001616,172.217.194.0-255,3602,77961,35,274648
13029,0.002066,172.217.194.0-255,1484,79445,35,274648
13030,0.002074,172.217.194.0-255,2902,82347,35,274648
13031,0.002077,172.217.194.0-255,1484,83831,35,274648
13032,0.002099,172.217.194.0-255,4320,88151,35,274648
13033,0.002119,172.217.194.0-255,5738,93889,35,274648
13034,0.002136,172.217.194.0-255,4320,98209,35,274648
13035,0.00214,172.217.194.0-255,2902,101111,35,274648
13036,0.002164,172.217.194.0-255,2184,103295,35,274648
13037,0.002204,172.217.194.0-255,2902,106197,35,274648
13038,0.002222,172.217.194.0-255,7156,113353,35,274648
13039,0.002225,172.217.194.0-255,1484,114837,35,274648
13040,0.002241,172.217.194.0-255,4320,119157,35,274648
13041,0.002247,172.217.194.0-255,4320,123477,35,274648
13042,0.002267,172.217.194.0-255,7156,130633,35,274648
13043,0.00227,172.217.194.0-255,1484,132117,35,274648
13044,0.002273,172.217.194.0-255,1484,133601,35,274648
13045,0.002278,172.217.194.0-255,3602,137203,35,274648
13046,0.002433,172.217.194.0-255,1484,138687,35,274648
13047,0.002451,172.217.194.0-255,2902,141589,35,274648
13048,0.002473,172.217.194.0-255,5738,147327,35,274648
13049,0.00248,172.217.194.0-255,7156,154483,35,274648
13050,0.002564,172.217.194.0-255,1484,155967,35,274648
13051,0.002568,172.217.194.0-255,2184,158151,35,274648
13052,0.002614,172.217.194.0-255,1484,159635,35,274648
13053,0.002628,172.217.194.0-255,2902,162537,35,274648
13054,0.002643,172.217.194.0-255,5738,168275,35,274648
13055,0.002657,172.217.194.0-255,1484,169759,35,274648
13056,0.002673,172.217.194.0-255,7156,176915,35,274648
13057,0.002702,172.217.194.0-255,4320,181235,35,274648
13058,0.002709,172.217.194.0-255,5738,186973,35,274648
13059,0.002718,172.217.194.0-255,1484,188457,35,274648
13060,0.002799,172.217.194.0-255,5738,194195,35,274648
13061,0.002803,172.217.194.0-255,1484,195679,35,274648
13062,0.002815,172.217.194.0-255,4320,199999,35,274648
13063,0.002916,172.217.194.0-255,1484,201483,35,274648
13064,0.002922,172.217.194.0-255,2902,204385,35,274648
13065,0.002924,172.217.194.0-255,1484,205869,35,274648
13066,0.00294,172.217.194.0-255,4320,210189,35,274648
13067,0.002945,172.217.194.0-255,2902,213091,35,274648
13068,0.002958,172.217.194.0-255,2902,215993,35,274648
13069,0.002978,172.217.194.0-255,7156,223149,35,274648
13070,0.003006,172.217.194.0-255,5738,228887,35,274648
13071,0.003012,172.217.194.0-255,5020,233907,35,274648
13072,0.003075,172.217.194.0-255,1484,235391,35,274648
13073,0.00308,172.217.194.0-255,2902,238293,35,274648
13074,0.003104,172.217.194.0-255,5738,244031,35,274648
13075,0.003155,172.217.194.0-255,2902,246933,35,274648
13076,0.003201,172.217.194.0-255,5738,252671,35,274648
13077,0.003227,172.217.194.0-255,5738,258409,35,274648
13078,0.003234,172.217.194.0-255,5738,264147,35,274648
13079,0.003296,172.217.194.0-255,105,264252,35,274648
13080,0.011809,172.217.194.0-255,105,264357,35,274648
13081,0.011832,172.31.33.0-255,78,264435,35,274648
13082,0.014882,172.31.33.0-255,105,264540,35,274648
13083,0.016865,172.217.194.0-255,66,264606,35,274648
13084,0.048949,172.31.33.0-255,172,264778,35,274648
13085,0.048999,172.31.33.0-255,1107,265885,35,274648
13086,0.049073,172.31.33.0-255,1514,267399,35,274648
13087,0.049075,172.31.33.0-255,1514,268913,35,274648
13088,0.049077,172.31.33.0-255,1514,270427,35,274648
13089,0.049078,172.31.33.0-255,1514,271941,35,274648
13090,0.049104,172.31.33.0-255,1514,273455,35,274648
13091,0.04911,172.31.33.0-255,929,274384,35,274648
13092,0.050494,104.244.42.0-255,66,274450,35,274648
13093,0.050596,104.244.42.0-255,66,274516,35,274648
13094,0.050643,104.244.42.0-255,66,274582,35,274648
13095,0.050689,104.244.42.0-255,66,274648,35,274648
13096,0.0,172.31.33.0-255,66,66,35,66
13097,0.0,74.125.68.0-255,153,153,35,372730
13098,2.5e-05,172.31.33.0-255,66,219,35,372730
13099,3.1e-05,74.125.68.0-255,1484,1703,35,372730
13100,3.5e-05,172.31.33.0-255,66,1769,35,372730
13101,3.9e-05,74.125.68.0-255,2902,4671,35,372730
13102,4.1e-05,172.31.33.0-255,66,4737,35,372730
13103,6.6e-05,74.125.68.0-255,4320,9057,35,372730
13104,6.8e-05,172.31.33.0-255,66,9123,35,372730
13105,0.000104,74.125.68.0-255,4925,14048,35,372730
13106,0.000106,172.31.33.0-255,66,14114,35,372730
13107,0.000109,74.125.68.0-255,1484,15598,35,372730
13108,0.000111,172.31.33.0-255,66,15664,35,372730
13109,0.000127,74.125.68.0-255,4320,19984,35,372730
13110,0.000129,172.31.33.0-255,66,20050,35,372730
13111,0.000167,172.31.33.0-255,66,20116,35,372730
13112,0.000185,74.125.68.0-255,1125,21241,35,372730
13113,0.000187,172.31.33.0-255,66,21307,35,372730
13114,0.000286,74.125.68.0-255,1484,22791,35,372730
13115,0.00029,172.31.33.0-255,66,22857,35,372730
13116,0.000293,74.125.68.0-255,1484,24341,35,372730
13117,0.000295,172.31.33.0-255,66,24407,35,372730
13118,0.00032,74.125.68.0-255,2902,27309,35,372730
13119,0.000323,172.31.33.0-255,66,27375,35,372730
13120,0.000338,74.125.68.0-255,2902,30277,35,372730
13121,0.000341,172.31.33.0-255,66,30343,35,372730
13122,0.000356,74.125.68.0-255,2902,33245,35,372730
13123,0.000358,172.31.33.0-255,66,33311,35,372730
13124,0.000361,74.125.68.0-255,1484,34795,35,372730
13125,0.000363,172.31.33.0-255,66,34861,35,372730
13126,0.000383,74.125.68.0-255,2902,37763,35,372730
13127,0.000385,172.31.33.0-255,66,37829,35,372730
13128,0.000388,74.125.68.0-255,1125,38954,35,372730
13129,0.000418,74.125.68.0-255,1484,40438,35,372730
13130,0.000421,172.31.33.0-255,66,40504,35,372730
13131,0.000457,74.125.68.0-255,2902,43406,35,372730
13132,0.000461,172.31.33.0-255,66,43472,35,372730
13133,0.000464,74.125.68.0-255,1484,44956,35,372730
13134,0.000475,74.125.68.0-255,2902,47858,35,372730
13135,0.000478,172.31.33.0-255,66,47924,35,372730
13136,0.000495,74.125.68.0-255,7156,55080,35,372730
13137,0.000498,172.31.33.0-255,66,55146,35,372730
13138,0.000513,74.125.68.0-255,1401,56547,35,372730
13139,0.000517,74.125.68.0-255,379,56926,35,372730
13140,0.000519,172.31.33.0-255,66,56992,35,372730
13141,0.000587,74.125.68.0-255,1484,58476,35,372730
13142,0.0006,74.125.68.0-255,1484,59960,35,372730
13143,0.000602,172.31.33.0-255,66,60026,35,372730
13144,0.000618,74.125.68.0-255,1484,61510,35,372730
13145,0.000623,74.125.68.0-255,4320,65830,35,372730
13146,0.000625,172.31.33.0-255,66,65896,35,372730
13147,0.000642,74.125.68.0-255,1484,67380,35,372730
13148,0.000655,74.125.68.0-255,4320,71700,35,372730
13149,0.000657,172.31.33.0-255,66,71766,35,372730
13150,0.000676,74.125.68.0-255,2902,74668,35,372730
13151,0.000679,172.31.33.0-255,66,74734,35,372730
13152,0.000683,74.125.68.0-255,2902,77636,35,372730
13153,0.000685,172.31.33.0-255,66,77702,35,372730
13154,0.00069,74.125.68.0-255,4320,82022,35,372730
13155,0.000692,172.31.33.0-255,66,82088,35,372730
13156,0.000694,74.125.68.0-255,1484,83572,35,372730
13157,0.00072,74.125.68.0-255,7156,90728,35,372730
13158,0.000723,172.31.33.0-255,66,90794,35,372730
13159,0.000725,74.125.68.0-255,766,91560,35,372730
13160,0.000858,74.125.68.0-255,1484,93044,35,372730
13161,0.00086,74.125.68.0-255,1484,94528,35,372730
13162,0.000863,172.31.33.0-255,66,94594,35,372730
13163,0.000881,74.125.68.0-255,1484,96078,35,372730
13164,0.000884,172.31.33.0-255,66,96144,35,372730
13165,0.000889,74.125.68.0-255,5738,101882,35,372730
13166,0.000891,172.31.33.0-255,66,101948,35,372730
13167,0.000925,74.125.68.0-255,1484,103432,35,372730
13168,0.000953,172.31.33.0-255,66,103498,35,372730
13169,0.000964,74.125.68.0-255,2902,106400,35,372730
13170,0.000966,172.31.33.0-255,66,106466,35,372730
13171,0.000985,74.125.68.0-255,4320,110786,35,372730
13172,0.000987,172.31.33.0-255,66,110852,35,372730
13173,0.001017,74.125.68.0-255,4320,115172,35,372730
13174,0.00102,172.31.33.0-255,66,115238,35,372730
13175,0.001035,74.125.68.0-255,2184,117422,35,372730
13176,0.001038,172.31.33.0-255,66,117488,35,372730
13177,0.001074,74.125.68.0-255,1484,118972,35,372730
13178,0.001085,74.125.68.0-255,1484,120456,35,372730
13179,0.001088,172.31.33.0-255,66,120522,35,372730
13180,0.001097,74.125.68.0-255,1484,122006,35,372730
13181,0.001115,74.125.68.0-255,5738,127744,35,372730
13182,0.001118,172.31.33.0-255,66,127810,35,372730
13183,0.001122,74.125.68.0-255,2902,130712,35,372730
13184,0.001124,172.31.33.0-255,66,130778,35,372730
13185,0.001126,74.125.68.0-255,1484,132262,35,372730
13186,0.001141,74.125.68.0-255,2902,135164,35,372730
13187,0.001143,172.31.33.0-255,66,135230,35,372730
13188,0.001146,74.125.68.0-255,1484,136714,35,372730
13189,0.001172,74.125.68.0-255,7156,143870,35,372730
13190,0.001174,172.31.33.0-255,66,143936,35,372730
13191,0.001177,74.125.68.0-255,1484,145420,35,372730
13192,0.001197,74.125.68.0-255,2902,148322,35,372730
13193,0.001199,172.31.33.0-255,66,148388,35,372730
13194,0.001223,74.125.68.0-255,3602,151990,35,372730
13195,0.001226,172.31.33.0-255,66,152056,35,372730
13196,0.001302,74.125.68.0-255,1484,153540,35,372730
13197,0.001315,74.125.68.0-255,2902,156442,35,372730
13198,0.001318,172.31.33.0-255,66,156508,35,372730
13199,0.001335,74.125.68.0-255,2902,159410,35,372730
13200,0.001337,172.31.33.0-255,66,159476,35,372730
13201,0.001354,74.125.68.0-255,1484,160960,35,372730
13202,0.001363,74.125.68.0-255,1484,162444,35,372730
13203,0.001365,172.31.33.0-255,66,162510,35,372730
13204,0.001387,74.125.68.0-255,7156,169666,35,372730
13205,0.001389,172.31.33.0-255,66,169732,35,372730
13206,0.00142,74.125.68.0-255,2902,172634,35,372730
13207,0.001421,172.31.33.0-255,66,172700,35,372730
13208,0.001424,172.31.33.0-255,66,172766,35,372730
13209,0.00144,74.125.68.0-255,2902,175668,35,372730
13210,0.001443,172.31.33.0-255,66,175734,35,372730
13211,0.001477,74.125.68.0-255,4320,180054,35,372730
13212,0.00148,172.31.33.0-255,66,180120,35,372730
13213,0.001496,74.125.68.0-255,766,180886,35,372730
13214,0.001502,74.125.68.0-255,4320,185206,35,372730
13215,0.001504,172.31.33.0-255,66,185272,35,372730
13216,0.00152,74.125.68.0-255,1484,186756,35,372730
13217,0.001524,74.125.68.0-255,2902,189658,35,372730
13218,0.001527,172.31.33.0-255,66,189724,35,372730
13219,0.001533,74.125.68.0-255,1484,191208,35,372730
13220,0.001547,74.125.68.0-255,2902,194110,35,372730
13221,0.00155,172.31.33.0-255,66,194176,35,372730
13222,0.001585,74.125.68.0-255,1484,195660,35,372730
13223,0.001598,74.125.68.0-255,1484,197144,35,372730
13224,0.0016,172.31.33.0-255,66,197210,35,372730
13225,0.001629,74.125.68.0-255,4320,201530,35,372730
13226,0.001632,172.31.33.0-255,66,201596,35,372730
13227,0.00165,74.125.68.0-255,4320,205916,35,372730
13228,0.001652,172.31.33.0-255,66,205982,35,372730
13229,0.001671,74.125.68.0-255,1484,207466,35,372730
13230,0.001675,74.125.68.0-255,2902,210368,35,372730
13231,0.001678,172.31.33.0-255,66,210434,35,372730
13232,0.001692,74.125.68.0-255,766,211200,35,372730
13233,0.001786,172.31.33.0-255,66,211266,35,372730
13234,0.001899,74.125.68.0-255,1484,212750,35,372730
13235,0.001906,74.125.68.0-255,1484,214234,35,372730
13236,0.001909,172.31.33.0-255,66,214300,35,372730
13237,0.001926,74.125.68.0-255,1484,215784,35,372730
13238,0.00194,74.125.68.0-255,2902,218686,35,372730
13239,0.001942,172.31.33.0-255,66,218752,35,372730
13240,0.001945,74.125.68.0-255,1484,220236,35,372730
13241,0.001965,74.125.68.0-255,2902,223138,35,372730
13242,0.001967,172.31.33.0-255,66,223204,35,372730
13243,0.00197,74.125.68.0-255,1484,224688,35,372730
13244,0.001997,74.125.68.0-255,7156,231844,35,372730
13245,0.002,172.31.33.0-255,66,231910,35,372730
13246,0.002016,74.125.68.0-255,1484,233394,35,372730
13247,0.002041,172.31.33.0-255,66,233460,35,372730
13248,0.002045,74.125.68.0-255,3602,237062,35,372730
13249,0.002047,172.31.33.0-255,66,237128,35,372730
13250,0.002189,74.125.68.0-255,1484,238612,35,372730
13251,0.002195,74.125.68.0-255,2902,241514,35,372730
13252,0.002199,172.31.33.0-255,66,241580,35,372730
13253,0.002217,74.125.68.0-255,4320,245900,35,372730
13254,0.002219,172.31.33.0-255,66,245966,35,372730
13255,0.00223,74.125.68.0-255,1484,247450,35,372730
13256,0.002234,74.125.68.0-255,4320,251770,35,372730
13257,0.002236,172.31.33.0-255,66,251836,35,372730
13258,0.002259,74.125.68.0-255,1484,253320,35,372730
13259,0.002265,74.125.68.0-255,7156,260476,35,372730
13260,0.002268,172.31.33.0-255,66,260542,35,372730
13261,0.002286,74.125.68.0-255,5738,266280,35,372730
13262,0.002289,172.31.33.0-255,66,266346,35,372730
13263,0.002305,74.125.68.0-255,2902,269248,35,372730
13264,0.002307,172.31.33.0-255,66,269314,35,372730
13265,0.002324,74.125.68.0-255,2184,271498,35,372730
13266,0.002327,172.31.33.0-255,66,271564,35,372730
13267,0.002407,74.125.68.0-255,1484,273048,35,372730
13268,0.002418,74.125.68.0-255,1484,274532,35,372730
13269,0.002423,172.31.33.0-255,66,274598,35,372730
13270,0.002438,74.125.68.0-255,1484,276082,35,372730
13271,0.002441,74.125.68.0-255,1484,277566,35,372730
13272,0.002443,172.31.33.0-255,66,277632,35,372730
13273,0.002461,74.125.68.0-255,2902,280534,35,372730
13274,0.002463,172.31.33.0-255,66,280600,35,372730
13275,0.002468,74.125.68.0-255,5738,286338,35,372730
13276,0.00247,172.31.33.0-255,66,286404,35,372730
13277,0.002491,74.125.68.0-255,4320,290724,35,372730
13278,0.002492,172.31.33.0-255,66,290790,35,372730
13279,0.002503,74.125.68.0-255,2902,293692,35,372730
13280,0.002505,172.31.33.0-255,66,293758,35,372730
13281,0.002515,74.125.68.0-255,1484,295242,35,372730
13282,0.002533,74.125.68.0-255,7156,302398,35,372730
13283,0.002535,172.31.33.0-255,66,302464,35,372730
13284,0.002538,74.125.68.0-255,1484,303948,35,372730
13285,0.002569,74.125.68.0-255,2184,306132,35,372730
13286,0.002572,172.31.33.0-255,66,306198,35,372730
13287,0.002574,74.125.68.0-255,1484,307682,35,372730
13288,0.002577,74.125.68.0-255,1484,309166,35,372730
13289,0.002579,172.31.33.0-255,66,309232,35,372730
13290,0.002581,74.125.68.0-255,1484,310716,35,372730
13291,0.002583,74.125.68.0-255,1484,312200,35,372730
13292,0.002585,172.31.33.0-255,66,312266,35,372730
13293,0.002587,74.125.68.0-255,1484,313750,35,372730
13294,0.002589,74.125.68.0-255,1484,315234,35,372730
13295,0.00259,172.31.33.0-255,66,315300,35,372730
13296,0.002606,74.125.68.0-255,1484,316784,35,372730
13297,0.002618,74.125.68.0-255,5738,322522,35,372730
13298,0.00262,172.31.33.0-255,66,322588,35,372730
13299,0.002623,74.125.68.0-255,1484,324072,35,372730
13300,0.002658,74.125.68.0-255,1484,325556,35,372730
13301,0.00266,172.31.33.0-255,66,325622,35,372730
13302,0.002664,74.125.68.0-255,2902,328524,35,372730
13303,0.002665,172.31.33.0-255,66,328590,35,372730
13304,0.00267,74.125.68.0-255,5738,334328,35,372730
13305,0.002672,172.31.33.0-255,66,334394,35,372730
13306,0.002688,74.125.68.0-255,1484,335878,35,372730
13307,0.002704,74.125.68.0-255,5020,340898,35,372730
13308,0.002706,172.31.33.0-255,66,340964,35,372730
13309,0.00338,74.125.68.0-255,1484,342448,35,372730
13310,0.003399,74.125.68.0-255,1484,343932,35,372730
13311,0.003401,172.31.33.0-255,66,343998,35,372730
13312,0.003419,74.125.68.0-255,2902,346900,35,372730
13313,0.003421,172.31.33.0-255,66,346966,35,372730
13314,0.003439,74.125.68.0-255,5738,352704,35,372730
13315,0.003441,172.31.33.0-255,66,352770,35,372730
13316,0.003444,74.125.68.0-255,2902,355672,35,372730
13317,0.003446,172.31.33.0-255,66,355738,35,372730
13318,0.003458,74.125.68.0-255,1484,357222,35,372730
13319,0.003461,74.125.68.0-255,1484,358706,35,372730
13320,0.003463,172.31.33.0-255,66,358772,35,372730
13321,0.003475,74.125.68.0-255,1484,360256,35,372730
13322,0.003477,74.125.68.0-255,1484,361740,35,372730
13323,0.003479,172.31.33.0-255,66,361806,35,372730
13324,0.003494,74.125.68.0-255,1484,363290,35,372730
13325,0.003513,74.125.68.0-255,4555,367845,35,372730
13326,0.003514,172.31.33.0-255,66,367911,35,372730
13327,0.003517,74.125.68.0-255,97,368008,35,372730
13328,0.003595,74.125.68.0-255,105,368113,35,372730
13329,0.004807,172.31.33.0-255,66,368179,35,372730
13330,0.00483,172.31.33.0-255,105,368284,35,372730
13331,0.007306,74.125.68.0-255,66,368350,35,372730
13332,0.051208,172.31.33.0-255,172,368522,35,372730
13333,0.051237,172.31.33.0-255,1108,369630,35,372730
13334,0.051279,172.31.33.0-255,1514,371144,35,372730
13335,0.05128,172.31.33.0-255,1388,372532,35,372730
13336,0.052742,104.244.42.0-255,66,372598,35,372730
13337,0.052781,104.244.42.0-255,66,372664,35,372730
13338,0.052829,104.244.42.0-255,66,372730,35,372730
13339,0.0,172.31.33.0-255,66,66,35,66
13340,0.0,172.217.194.0-255,152,152,35,280632
13341,2.2e-05,172.31.33.0-255,66,218,35,280632
13342,2.8e-05,172.217.194.0-255,1484,1702,35,280632
13343,3.1e-05,172.31.33.0-255,66,1768,35,280632
13344,3.5e-05,172.217.194.0-255,2902,4670,35,280632
13345,3.8e-05,172.31.33.0-255,66,4736,35,280632
13346,4.4e-05,172.217.194.0-255,7156,11892,35,280632
13347,4.6e-05,172.31.33.0-255,66,11958,35,280632
13348,5e-05,172.217.194.0-255,1991,13949,35,280632
13349,5.3e-05,172.31.33.0-255,66,14015,35,280632
13350,0.000119,172.217.194.0-255,1484,15499,35,280632
13351,0.000122,172.31.33.0-255,66,15565,35,280632
13352,0.000126,172.217.194.0-255,2902,18467,35,280632
13353,0.000129,172.31.33.0-255,66,18533,35,280632
13354,0.000141,172.217.194.0-255,4320,22853,35,280632
13355,0.000143,172.31.33.0-255,66,22919,35,280632
13356,0.000165,172.217.194.0-255,1484,24403,35,280632
13357,0.000167,172.31.33.0-255,66,24469,35,280632
13358,0.000171,172.217.194.0-255,4320,28789,35,280632
13359,0.000173,172.31.33.0-255,66,28855,35,280632
13360,0.000218,172.217.194.0-255,7156,36011,35,280632
13361,0.000221,172.31.33.0-255,66,36077,35,280632
13362,0.000239,172.217.194.0-255,5379,41456,35,280632
13363,0.000242,172.31.33.0-255,66,41522,35,280632
13364,0.000255,172.217.194.0-255,2902,44424,35,280632
13365,0.000259,172.31.33.0-255,66,44490,35,280632
13366,0.000276,172.217.194.0-255,3961,48451,35,280632
13367,0.000279,172.31.33.0-255,66,48517,35,280632
13368,0.000885,172.217.194.0-255,1484,50001,35,280632
13369,0.000891,172.31.33.0-255,66,50067,35,280632
13370,0.00091,172.217.194.0-255,2902,52969,35,280632
13371,0.000912,172.31.33.0-255,66,53035,35,280632
13372,0.000918,172.217.194.0-255,5738,58773,35,280632
13373,0.00092,172.31.33.0-255,66,58839,35,280632
13374,0.000925,172.217.194.0-255,6797,65636,35,280632
13375,0.000927,172.31.33.0-255,66,65702,35,280632
13376,0.000961,172.217.194.0-255,1484,67186,35,280632
13377,0.000965,172.217.194.0-255,1484,68670,35,280632
13378,0.000967,172.31.33.0-255,66,68736,35,280632
13379,0.000981,172.217.194.0-255,1484,70220,35,280632
13380,0.000987,172.217.194.0-255,5738,75958,35,280632
13381,0.000989,172.31.33.0-255,66,76024,35,280632
13382,0.001029,172.217.194.0-255,6797,82821,35,280632
13383,0.001032,172.31.33.0-255,66,82887,35,280632
13384,0.001044,172.217.194.0-255,2902,85789,35,280632
13385,0.001046,172.31.33.0-255,66,85855,35,280632
13386,0.00106,172.217.194.0-255,4320,90175,35,280632
13387,0.001063,172.31.33.0-255,66,90241,35,280632
13388,0.001097,172.217.194.0-255,7156,97397,35,280632
13389,0.0011,172.31.33.0-255,66,97463,35,280632
13390,0.001117,172.217.194.0-255,2543,100006,35,280632
13391,0.001119,172.31.33.0-255,66,100072,35,280632
13392,0.001129,172.217.194.0-255,1484,101556,35,280632
13393,0.001139,172.217.194.0-255,1484,103040,35,280632
13394,0.001141,172.31.33.0-255,66,103106,35,280632
13395,0.001144,172.217.194.0-255,1484,104590,35,280632
13396,0.001161,172.217.194.0-255,2902,107492,35,280632
13397,0.001163,172.31.33.0-255,66,107558,35,280632
13398,0.001167,172.217.194.0-255,2902,110460,35,280632
13399,0.001169,172.31.33.0-255,66,110526,35,280632
13400,0.001185,172.217.194.0-255,5738,116264,35,280632
13401,0.001187,172.31.33.0-255,66,116330,35,280632
13402,0.001198,172.217.194.0-255,2902,119232,35,280632
13403,0.001202,172.31.33.0-255,66,119298,35,280632
13404,0.001236,172.31.33.0-255,66,119364,35,280632
13405,0.001238,172.217.194.0-255,1249,120613,35,280632
13406,0.001286,172.217.194.0-255,1484,122097,35,280632
13407,0.001289,172.31.33.0-255,66,122163,35,280632
13408,0.001293,172.217.194.0-255,2902,125065,35,280632
13409,0.001295,172.31.33.0-255,66,125131,35,280632
13410,0.0013,172.217.194.0-255,2902,128033,35,280632
13411,0.001301,172.31.33.0-255,66,128099,35,280632
13412,0.001323,172.217.194.0-255,2902,131001,35,280632
13413,0.001326,172.31.33.0-255,66,131067,35,280632
13414,0.001332,172.217.194.0-255,5738,136805,35,280632
13415,0.001334,172.31.33.0-255,66,136871,35,280632
13416,0.001354,172.217.194.0-255,7156,144027,35,280632
13417,0.001357,172.31.33.0-255,66,144093,35,280632
13418,0.00138,172.31.33.0-255,66,144159,35,280632
13419,0.001401,172.217.194.0-255,2184,146343,35,280632
13420,0.001403,172.31.33.0-255,66,146409,35,280632
13421,0.001807,172.217.194.0-255,1484,147893,35,280632
13422,0.001815,172.217.194.0-255,2902,150795,35,280632
13423,0.001818,172.31.33.0-255,66,150861,35,280632
13424,0.001824,172.217.194.0-255,4320,155181,35,280632
13425,0.001825,172.31.33.0-255,66,155247,35,280632
13426,0.001836,172.217.194.0-255,1484,156731,35,280632
13427,0.001863,172.217.194.0-255,5738,162469,35,280632
13428,0.001865,172.31.33.0-255,66,162535,35,280632
13429,0.001885,172.217.194.0-255,7156,169691,35,280632
13430,0.001888,172.31.33.0-255,66,169757,35,280632
13431,0.001894,172.217.194.0-255,7156,176913,35,280632
13432,0.001896,172.31.33.0-255,66,176979,35,280632
13433,0.001916,172.217.194.0-255,3602,180581,35,280632
13434,0.001918,172.31.33.0-255,66,180647,35,280632
13435,0.002065,172.217.194.0-255,1484,182131,35,280632
13436,0.002069,172.217.194.0-255,1484,183615,35,280632
13437,0.002072,172.31.33.0-255,66,183681,35,280632
13438,0.002087,172.217.194.0-255,1484,185165,35,280632
13439,0.002092,172.217.194.0-255,5738,190903,35,280632
13440,0.002094,172.31.33.0-255,66,190969,35,280632
13441,0.002116,172.217.194.0-255,1484,192453,35,280632
13442,0.002139,172.31.33.0-255,66,192519,35,280632
13443,0.002151,172.217.194.0-255,2902,195421,35,280632
13444,0.002153,172.31.33.0-255,66,195487,35,280632
13445,0.002159,172.217.194.0-255,7156,202643,35,280632
13446,0.00216,172.31.33.0-255,66,202709,35,280632
13447,0.00218,172.217.194.0-255,1484,204193,35,280632
13448,0.002195,172.217.194.0-255,2184,206377,35,280632
13449,0.002196,172.31.33.0-255,66,206443,35,280632
13450,0.002313,172.217.194.0-255,1484,207927,35,280632
13451,0.002333,172.217.194.0-255,2902,210829,35,280632
13452,0.002335,172.31.33.0-255,66,210895,35,280632
13453,0.00234,172.217.194.0-255,5738,216633,35,280632
13454,0.002342,172.31.33.0-255,66,216699,35,280632
13455,0.002345,172.217.194.0-255,2902,219601,35,280632
13456,0.002347,172.31.33.0-255,66,219667,35,280632
13457,0.002378,172.217.194.0-255,2902,222569,35,280632
13458,0.00238,172.31.33.0-255,66,222635,35,280632
13459,0.002388,172.31.33.0-255,66,222701,35,280632
13460,0.00239,172.217.194.0-255,1484,224185,35,280632
13461,0.00241,172.217.194.0-255,5738,229923,35,280632
13462,0.002412,172.31.33.0-255,66,229989,35,280632
13463,0.002432,172.217.194.0-255,2184,232173,35,280632
13464,0.002434,172.31.33.0-255,66,232239,35,280632
13465,0.00246,172.217.194.0-255,1484,233723,35,280632
13466,0.002464,172.217.194.0-255,2902,236625,35,280632
13467,0.002466,172.31.33.0-255,66,236691,35,280632
13468,0.002513,172.217.194.0-255,4320,241011,35,280632
13469,0.002516,172.31.33.0-255,66,241077,35,280632
13470,0.002518,172.217.194.0-255,1484,242561,35,280632
13471,0.002529,172.31.33.0-255,66,242627,35,280632
13472,0.002531,172.217.194.0-255,1484,244111,35,280632
13473,0.002565,172.31.33.0-255,66,244177,35,280632
13474,0.002568,172.217.194.0-255,1484,245661,35,280632
13475,0.002586,172.217.194.0-255,7156,252817,35,280632
13476,0.002588,172.31.33.0-255,66,252883,35,280632
13477,0.002624,172.31.33.0-255,66,252949,35,280632
13478,0.002635,172.31.33.0-255,66,253015,35,280632
13479,0.002637,172.217.194.0-255,1484,254499,35,280632
13480,0.002668,172.31.33.0-255,66,254565,35,280632
13481,0.002674,172.217.194.0-255,7156,261721,35,280632
13482,0.002676,172.31.33.0-255,66,261787,35,280632
13483,0.002697,172.217.194.0-255,4320,266107,35,280632
13484,0.002699,172.31.33.0-255,66,266173,35,280632
13485,0.002724,172.31.33.0-255,66,266239,35,280632
13486,0.002728,172.217.194.0-255,2184,268423,35,280632
13487,0.00273,172.31.33.0-255,66,268489,35,280632
13488,0.002764,172.217.194.0-255,4320,272809,35,280632
13489,0.002768,172.31.33.0-255,66,272875,35,280632
13490,0.0028,172.31.33.0-255,66,272941,35,280632
13491,0.002819,172.217.194.0-255,2902,275843,35,280632
13492,0.002821,172.31.33.0-255,66,275909,35,280632
13493,0.002825,172.217.194.0-255,2259,278168,35,280632
13494,0.002827,172.31.33.0-255,66,278234,35,280632
13495,0.002849,172.217.194.0-255,105,278339,35,280632
13496,0.004429,172.31.33.0-255,66,278405,35,280632
13497,0.004453,172.31.33.0-255,105,278510,35,280632
13498,0.006641,172.217.194.0-255,66,278576,35,280632
13499,0.043143,172.31.33.0-255,172,278748,35,280632
13500,0.043188,172.31.33.0-255,1107,279855,35,280632
13501,0.043264,172.31.33.0-255,579,280434,35,280632
13502,0.044716,104.244.42.0-255,66,280500,35,280632
13503,0.044774,104.244.42.0-255,66,280566,35,280632
13504,0.044778,104.244.42.0-255,66,280632,35,280632
13505,0.0,172.31.33.0-255,105,105,35,276
13506,0.002054,157.240.7.0-255,105,210,35,276
13507,0.002065,172.31.33.0-255,66,276,35,276
13508,0.0,172.31.33.0-255,105,105,35,276
13509,0.001761,157.240.7.0-255,105,210,35,276
13510,0.001775,172.31.33.0-255,66,276,35,276
13511,0.0,172.31.33.0-255,105,105,35,276
13512,0.001747,157.240.7.0-255,105,210,35,276
13513,0.001758,172.31.33.0-255,66,276,35,276
13514,0.0,74.125.24.0-255,153,153,35,301663
13515,2.2e-05,172.31.33.0-255,66,219,35,301663
13516,5.6e-05,74.125.24.0-255,1484,1703,35,301663
13517,6e-05,172.31.33.0-255,66,1769,35,301663
13518,6.5e-05,74.125.24.0-255,2902,4671,35,301663
13519,6.7e-05,172.31.33.0-255,66,4737,35,301663
13520,7.3e-05,74.125.24.0-255,4320,9057,35,301663
13521,7.5e-05,172.31.33.0-255,66,9123,35,301663
13522,8.5e-05,74.125.24.0-255,4868,13991,35,301663
13523,8.9e-05,172.31.33.0-255,66,14057,35,301663
13524,0.000125,74.125.24.0-255,1484,15541,35,301663
13525,0.000128,172.31.33.0-255,66,15607,35,301663
13526,0.000132,74.125.24.0-255,2902,18509,35,301663
13527,0.000134,172.31.33.0-255,66,18575,35,301663
13528,0.000157,74.125.24.0-255,5738,24313,35,301663
13529,0.000165,172.31.33.0-255,66,24379,35,301663
13530,0.000172,74.125.24.0-255,6797,31176,35,301663
13531,0.000174,172.31.33.0-255,66,31242,35,301663
13532,0.000253,74.125.24.0-255,1484,32726,35,301663
13533,0.000257,172.31.33.0-255,66,32792,35,301663
13534,0.000261,74.125.24.0-255,2902,35694,35,301663
13535,0.000263,172.31.33.0-255,66,35760,35,301663
13536,0.000267,74.125.24.0-255,1484,37244,35,301663
13537,0.000269,172.31.33.0-255,66,37310,35,301663
13538,0.000296,74.125.24.0-255,4320,41630,35,301663
13539,0.000299,172.31.33.0-255,66,41696,35,301663
13540,0.000326,74.125.24.0-255,4320,46016,35,301663
13541,0.000329,172.31.33.0-255,66,46082,35,301663
13542,0.000356,74.125.24.0-255,2543,48625,35,301663
13543,0.000359,172.31.33.0-255,66,48691,35,301663
13544,0.000378,74.125.24.0-255,1484,50175,35,301663
13545,0.000381,172.31.33.0-255,66,50241,35,301663
13546,0.000384,74.125.24.0-255,1484,51725,35,301663
13547,0.000405,74.125.24.0-255,1484,53209,35,301663
13548,0.000408,172.31.33.0-255,66,53275,35,301663
13549,0.000411,74.125.24.0-255,1484,54759,35,301663
13550,0.00043,74.125.24.0-255,4320,59079,35,301663
13551,0.000433,172.31.33.0-255,66,59145,35,301663
13552,0.00044,74.125.24.0-255,6797,65942,35,301663
13553,0.000442,172.31.33.0-255,66,66008,35,301663
13554,0.000537,74.125.24.0-255,1484,67492,35,301663
13555,0.000543,74.125.24.0-255,2902,70394,35,301663
13556,0.000545,172.31.33.0-255,66,70460,35,301663
13557,0.000576,74.125.24.0-255,5738,76198,35,301663
13558,0.000578,172.31.33.0-255,66,76264,35,301663
13559,0.000581,74.125.24.0-255,1484,77748,35,301663
13560,0.000604,74.125.24.0-255,2902,80650,35,301663
13561,0.000606,172.31.33.0-255,66,80716,35,301663
13562,0.000636,74.125.24.0-255,6797,87513,35,301663
13563,0.000639,172.31.33.0-255,66,87579,35,301663
13564,0.000672,74.125.24.0-255,2902,90481,35,301663
13565,0.000675,172.31.33.0-255,66,90547,35,301663
13566,0.000711,172.31.33.0-255,66,90613,35,301663
13567,0.000731,172.31.33.0-255,66,90679,35,301663
13568,0.000734,74.125.24.0-255,214,90893,35,301663
13569,0.000885,74.125.24.0-255,1484,92377,35,301663
13570,0.000888,172.31.33.0-255,66,92443,35,301663
13571,0.000909,74.125.24.0-255,2902,95345,35,301663
13572,0.000912,172.31.33.0-255,66,95411,35,301663
13573,0.000915,74.125.24.0-255,1484,96895,35,301663
13574,0.000936,74.125.24.0-255,4320,101215,35,301663
13575,0.000939,172.31.33.0-255,66,101281,35,301663
13576,0.000972,172.31.33.0-255,66,101347,35,301663
13577,0.001015,74.125.24.0-255,2902,104249,35,301663
13578,0.001018,172.31.33.0-255,66,104315,35,301663
13579,0.001025,74.125.24.0-255,5738,110053,35,301663
13580,0.001026,172.31.33.0-255,66,110119,35,301663
13581,0.00105,74.125.24.0-255,5020,115139,35,301663
13582,0.001052,172.31.33.0-255,66,115205,35,301663
13583,0.001202,74.125.24.0-255,1484,116689,35,301663
13584,0.001206,74.125.24.0-255,1484,118173,35,301663
13585,0.001209,172.31.33.0-255,66,118239,35,301663
13586,0.001229,74.125.24.0-255,1484,119723,35,301663
13587,0.001234,74.125.24.0-255,4320,124043,35,301663
13588,0.001236,172.31.33.0-255,66,124109,35,301663
13589,0.001262,74.125.24.0-255,1484,125593,35,301663
13590,0.001267,74.125.24.0-255,5738,131331,35,301663
13591,0.001269,172.31.33.0-255,66,131397,35,301663
13592,0.001303,172.31.33.0-255,66,131463,35,301663
13593,0.001325,74.125.24.0-255,1484,132947,35,301663
13594,0.00133,74.125.24.0-255,5020,137967,35,301663
13595,0.001333,172.31.33.0-255,66,138033,35,301663
13596,0.001387,74.125.24.0-255,1484,139517,35,301663
13597,0.001392,74.125.24.0-255,2902,142419,35,301663
13598,0.001396,172.31.33.0-255,66,142485,35,301663
13599,0.001401,74.125.24.0-255,5738,148223,35,301663
13600,0.001403,172.31.33.0-255,66,148289,35,301663
13601,0.001408,74.125.24.0-255,5738,154027,35,301663
13602,0.001411,172.31.33.0-255,66,154093,35,301663
13603,0.001416,74.125.24.0-255,4320,158413,35,301663
13604,0.001418,172.31.33.0-255,66,158479,35,301663
13605,0.001447,172.31.33.0-255,66,158545,35,301663
13606,0.001453,74.125.24.0-255,5020,163565,35,301663
13607,0.001455,172.31.33.0-255,66,163631,35,301663
13608,0.001511,74.125.24.0-255,1484,165115,35,301663
13609,0.001526,74.125.24.0-255,2902,168017,35,301663
13610,0.001528,172.31.33.0-255,66,168083,35,301663
13611,0.001531,74.125.24.0-255,1484,169567,35,301663
13612,0.001551,74.125.24.0-255,4320,173887,35,301663
13613,0.001553,172.31.33.0-255,66,173953,35,301663
13614,0.001561,172.31.33.0-255,66,174019,35,301663
13615,0.001583,74.125.24.0-255,4320,178339,35,301663
13616,0.001585,172.31.33.0-255,66,178405,35,301663
13617,0.001588,74.125.24.0-255,2902,181307,35,301663
13618,0.00159,172.31.33.0-255,66,181373,35,301663
13619,0.00163,172.31.33.0-255,66,181439,35,301663
13620,0.00164,172.31.33.0-255,66,181505,35,301663
13621,0.001679,74.125.24.0-255,7156,188661,35,301663
13622,0.001681,172.31.33.0-255,66,188727,35,301663
13623,0.001713,172.31.33.0-255,66,188793,35,301663
13624,0.001718,74.125.24.0-255,6438,195231,35,301663
13625,0.00172,172.31.33.0-255,66,195297,35,301663
13626,0.00198,74.125.24.0-255,1484,196781,35,301663
13627,0.001994,74.125.24.0-255,2902,199683,35,301663
13628,0.001996,172.31.33.0-255,66,199749,35,301663
13629,0.002015,74.125.24.0-255,5738,205487,35,301663
13630,0.002017,172.31.33.0-255,66,205553,35,301663
13631,0.002044,172.31.33.0-255,66,205619,35,301663
13632,0.004029,74.125.24.0-255,2902,208521,35,301663
13633,0.004032,172.31.33.0-255,66,208587,35,301663
13634,0.004058,74.125.24.0-255,2902,211489,35,301663
13635,0.004061,172.31.33.0-255,66,211555,35,301663
13636,0.006008,74.125.24.0-255,4320,215875,35,301663
13637,0.006016,172.31.33.0-255,66,215941,35,301663
13638,0.006046,74.125.24.0-255,1484,217425,35,301663
13639,0.008,74.125.24.0-255,4320,221745,35,301663
13640,0.00802,172.31.33.0-255,66,221811,35,301663
13641,0.010016,74.125.24.0-255,5738,227549,35,301663
13642,0.010032,172.31.33.0-255,66,227615,35,301663
13643,0.012017,74.125.24.0-255,5738,233353,35,301663
13644,0.012032,172.31.33.0-255,66,233419,35,301663
13645,0.014013,74.125.24.0-255,5738,239157,35,301663
13646,0.014019,172.31.33.0-255,66,239223,35,301663
13647,0.01599,74.125.24.0-255,5738,244961,35,301663
13648,0.015998,172.31.33.0-255,66,245027,35,301663
13649,0.017964,74.125.24.0-255,4320,249347,35,301663
13650,0.017969,172.31.33.0-255,66,249413,35,301663
13651,0.017985,74.125.24.0-255,1484,250897,35,301663
13652,0.019984,74.125.24.0-255,4320,255217,35,301663
13653,0.019996,172.31.33.0-255,66,255283,35,301663
13654,0.021953,74.125.24.0-255,5738,261021,35,301663
13655,0.021961,172.31.33.0-255,66,261087,35,301663
13656,0.023996,74.125.24.0-255,5738,266825,35,301663
13657,0.024012,172.31.33.0-255,66,266891,35,301663
13658,0.025994,74.125.24.0-255,5738,272629,35,301663
13659,0.026001,172.31.33.0-255,66,272695,35,301663
13660,0.027974,74.125.24.0-255,5738,278433,35,301663
13661,0.02798,172.31.33.0-255,66,278499,35,301663
13662,0.029985,74.125.24.0-255,5738,284237,35,301663
13663,0.029992,172.31.33.0-255,66,284303,35,301663
13664,0.031999,74.125.24.0-255,5738,290041,35,301663
13665,0.032006,172.31.33.0-255,66,290107,35,301663
13666,0.033996,74.125.24.0-255,2902,293009,35,301663
13667,0.034002,172.31.33.0-255,66,293075,35,301663
13668,0.034039,74.125.24.0-255,2902,295977,35,301663
13669,0.034044,172.31.33.0-255,66,296043,35,301663
13670,0.036001,74.125.24.0-255,3318,299361,35,301663
13671,0.036019,172.31.33.0-255,66,299427,35,301663
13672,0.036343,172.31.33.0-255,105,299532,35,301663
13673,0.038278,74.125.24.0-255,66,299598,35,301663
13674,0.05606,172.31.33.0-255,181,299779,35,301663
13675,0.056091,172.31.33.0-255,1107,300886,35,301663
13676,0.056129,172.31.33.0-255,579,301465,35,301663
13677,0.057587,104.244.42.0-255,66,301531,35,301663
13678,0.057662,104.244.42.0-255,66,301597,35,301663
13679,0.05767,104.244.42.0-255,66,301663,35,301663
13680,0.0,172.31.33.0-255,105,105,35,276
13681,0.001779,157.240.7.0-255,105,210,35,276
13682,0.001793,172.31.33.0-255,66,276,35,276
13683,0.0,74.125.200.0-255,153,153,35,335141
13684,1.4e-05,172.31.33.0-255,66,219,35,335141
13685,3.6e-05,74.125.200.0-255,1484,1703,35,335141
13686,4e-05,172.31.33.0-255,66,1769,35,335141
13687,4.3e-05,74.125.200.0-255,1484,3253,35,335141
13688,4.5e-05,172.31.33.0-255,66,3319,35,335141
13689,5.9e-05,74.125.200.0-255,1484,4803,35,335141
13690,6.1e-05,172.31.33.0-255,66,4869,35,335141
13691,7.7e-05,74.125.200.0-255,5738,10607,35,335141
13692,7.9e-05,172.31.33.0-255,66,10673,35,335141
13693,8.2e-05,74.125.200.0-255,2902,13575,35,335141
13694,8.4e-05,172.31.33.0-255,66,13641,35,335141
13695,0.000119,74.125.200.0-255,613,14254,35,335141
13696,0.000122,172.31.33.0-255,66,14320,35,335141
13697,0.000254,74.125.200.0-255,1484,15804,35,335141
13698,0.000258,172.31.33.0-255,66,15870,35,335141
13699,0.000285,74.125.200.0-255,1484,17354,35,335141
13700,0.000288,172.31.33.0-255,66,17420,35,335141
13701,0.000307,74.125.200.0-255,1484,18904,35,335141
13702,0.000309,172.31.33.0-255,66,18970,35,335141
13703,0.000315,74.125.200.0-255,4320,23290,35,335141
13704,0.000317,172.31.33.0-255,66,23356,35,335141
13705,0.000339,74.125.200.0-255,4320,27676,35,335141
13706,0.000342,172.31.33.0-255,66,27742,35,335141
13707,0.000354,74.125.200.0-255,3961,31703,35,335141
13708,0.000357,172.31.33.0-255,66,31769,35,335141
13709,0.000385,74.125.200.0-255,7156,38925,35,335141
13710,0.000388,172.31.33.0-255,66,38991,35,335141
13711,0.000399,74.125.200.0-255,1484,40475,35,335141
13712,0.000401,172.31.33.0-255,66,40541,35,335141
13713,0.000405,74.125.200.0-255,2902,43443,35,335141
13714,0.000407,172.31.33.0-255,66,43509,35,335141
13715,0.000412,74.125.200.0-255,4320,47829,35,335141
13716,0.000415,172.31.33.0-255,66,47895,35,335141
13717,0.000466,172.31.33.0-255,66,47961,35,335141
13718,0.000472,74.125.200.0-255,5738,53699,35,335141
13719,0.000474,172.31.33.0-255,66,53765,35,335141
13720,0.0005,74.125.200.0-255,3958,57723,35,335141
13721,0.000502,172.31.33.0-255,66,57789,35,335141
13722,0.00054,74.125.200.0-255,352,58141,35,335141
13723,0.000714,74.125.200.0-255,1484,59625,35,335141
13724,0.000717,172.31.33.0-255,66,59691,35,335141
13725,0.000733,74.125.200.0-255,1484,61175,35,335141
13726,0.00075,74.125.200.0-255,1484,62659,35,335141
13727,0.000752,172.31.33.0-255,66,62725,35,335141
13728,0.000755,74.125.200.0-255,1484,64209,35,335141
13729,0.000758,74.125.200.0-255,2902,67111,35,335141
13730,0.00076,172.31.33.0-255,66,67177,35,335141
13731,0.000775,74.125.200.0-255,2902,70079,35,335141
13732,0.000777,172.31.33.0-255,66,70145,35,335141
13733,0.000787,74.125.200.0-255,2902,73047,35,335141
13734,0.000789,172.31.33.0-255,66,73113,35,335141
13735,0.000826,172.31.33.0-255,66,73179,35,335141
13736,0.000857,74.125.200.0-255,2902,76081,35,335141
13737,0.00086,172.31.33.0-255,66,76147,35,335141
13738,0.000879,74.125.200.0-255,5020,81167,35,335141
13739,0.000881,172.31.33.0-255,66,81233,35,335141
13740,0.0014,74.125.200.0-255,1484,82717,35,335141
13741,0.001417,74.125.200.0-255,2902,85619,35,335141
13742,0.001421,172.31.33.0-255,66,85685,35,335141
13743,0.001439,74.125.200.0-255,1484,87169,35,335141
13744,0.001455,74.125.200.0-255,4320,91489,35,335141
13745,0.001457,172.31.33.0-255,66,91555,35,335141
13746,0.00146,74.125.200.0-255,1484,93039,35,335141
13747,0.001473,74.125.200.0-255,2902,95941,35,335141
13748,0.001475,172.31.33.0-255,66,96007,35,335141
13749,0.001495,74.125.200.0-255,4320,100327,35,335141
13750,0.001498,172.31.33.0-255,66,100393,35,335141
13751,0.001515,74.125.200.0-255,1484,101877,35,335141
13752,0.001519,74.125.200.0-255,4320,106197,35,335141
13753,0.001521,172.31.33.0-255,66,106263,35,335141
13754,0.001526,74.125.200.0-255,5738,112001,35,335141
13755,0.001528,172.31.33.0-255,66,112067,35,335141
13756,0.001551,74.125.200.0-255,1484,113551,35,335141
13757,0.001566,74.125.200.0-255,2184,115735,35,335141
13758,0.001567,172.31.33.0-255,66,115801,35,335141
13759,0.001705,74.125.200.0-255,1484,117285,35,335141
13760,0.001714,74.125.200.0-255,2902,120187,35,335141
13761,0.001716,172.31.33.0-255,66,120253,35,335141
13762,0.001745,74.125.200.0-255,1484,121737,35,335141
13763,0.001761,74.125.200.0-255,4320,126057,35,335141
13764,0.001762,172.31.33.0-255,66,126123,35,335141
13765,0.001776,74.125.200.0-255,2902,129025,35,335141
13766,0.001778,172.31.33.0-255,66,129091,35,335141
13767,0.001797,74.125.200.0-255,4320,133411,35,335141
13768,0.001799,172.31.33.0-255,66,133477,35,335141
13769,0.001814,74.125.200.0-255,1484,134961,35,335141
13770,0.001822,74.125.200.0-255,1484,136445,35,335141
13771,0.001824,172.31.33.0-255,66,136511,35,335141
13772,0.001837,74.125.200.0-255,1484,137995,35,335141
13773,0.00186,74.125.200.0-255,5738,143733,35,335141
13774,0.001862,172.31.33.0-255,66,143799,35,335141
13775,0.001865,74.125.200.0-255,1484,145283,35,335141
13776,0.001877,74.125.200.0-255,1484,146767,35,335141
13777,0.001879,172.31.33.0-255,66,146833,35,335141
13778,0.001895,74.125.200.0-255,3602,150435,35,335141
13779,0.001896,172.31.33.0-255,66,150501,35,335141
13780,0.002177,74.125.200.0-255,1484,151985,35,335141
13781,0.002189,74.125.200.0-255,1484,153469,35,335141
13782,0.002191,172.31.33.0-255,66,153535,35,335141
13783,0.00221,74.125.200.0-255,1484,155019,35,335141
13784,0.002215,74.125.200.0-255,5738,160757,35,335141
13785,0.002216,172.31.33.0-255,66,160823,35,335141
13786,0.002218,74.125.200.0-255,1484,162307,35,335141
13787,0.002241,74.125.200.0-255,2902,165209,35,335141
13788,0.002243,172.31.33.0-255,66,165275,35,335141
13789,0.002261,74.125.200.0-255,5738,171013,35,335141
13790,0.002263,172.31.33.0-255,66,171079,35,335141
13791,0.002265,74.125.200.0-255,1484,172563,35,335141
13792,0.002278,74.125.200.0-255,2902,175465,35,335141
13793,0.002279,172.31.33.0-255,66,175531,35,335141
13794,0.002284,74.125.200.0-255,5738,181269,35,335141
13795,0.002286,172.31.33.0-255,66,181335,35,335141
13796,0.002324,74.125.200.0-255,3602,184937,35,335141
13797,0.002326,172.31.33.0-255,66,185003,35,335141
13798,0.004641,74.125.200.0-255,1484,186487,35,335141
13799,0.004679,74.125.200.0-255,4320,190807,35,335141
13800,0.004681,172.31.33.0-255,66,190873,35,335141
13801,0.007048,74.125.200.0-255,5738,196611,35,335141
13802,0.007055,172.31.33.0-255,66,196677,35,335141
13803,0.009469,74.125.200.0-255,5738,202415,35,335141
13804,0.009538,172.31.33.0-255,66,202481,35,335141
13805,0.011935,74.125.200.0-255,5738,208219,35,335141
13806,0.011942,172.31.33.0-255,66,208285,35,335141
13807,0.014337,74.125.200.0-255,5738,214023,35,335141
13808,0.014346,172.31.33.0-255,66,214089,35,335141
13809,0.016714,74.125.200.0-255,5738,219827,35,335141
13810,0.016723,172.31.33.0-255,66,219893,35,335141
13811,0.019092,74.125.200.0-255,5738,225631,35,335141
13812,0.019099,172.31.33.0-255,66,225697,35,335141
13813,0.021484,74.125.200.0-255,5738,231435,35,335141
13814,0.021492,172.31.33.0-255,66,231501,35,335141
13815,0.023863,74.125.200.0-255,5738,237239,35,335141
13816,0.023874,172.31.33.0-255,66,237305,35,335141
13817,0.026241,74.125.200.0-255,2902,240207,35,335141
13818,0.026249,172.31.33.0-255,66,240273,35,335141
13819,0.02627,74.125.200.0-255,2902,243175,35,335141
13820,0.026274,172.31.33.0-255,66,243241,35,335141
13821,0.028616,74.125.200.0-255,5738,248979,35,335141
13822,0.028623,172.31.33.0-255,66,249045,35,335141
13823,0.029472,172.31.33.0-255,172,249217,35,335141
13824,0.0295,172.31.33.0-255,1107,250324,35,335141
13825,0.029545,172.31.33.0-255,1514,251838,35,335141
13826,0.029546,172.31.33.0-255,1514,253352,35,335141
13827,0.029547,172.31.33.0-255,1514,254866,35,335141
13828,0.029548,172.31.33.0-255,1514,256380,35,335141
13829,0.029549,172.31.33.0-255,1514,257894,35,335141
13830,0.029574,172.31.33.0-255,1183,259077,35,335141
13831,0.030993,74.125.200.0-255,5738,264815,35,335141
13832,0.031001,172.31.33.0-255,66,264881,35,335141
13833,0.031017,104.244.42.0-255,66,264947,35,335141
13834,0.031056,104.244.42.0-255,66,265013,35,335141
13835,0.031097,104.244.42.0-255,66,265079,35,335141
13836,0.031101,104.244.42.0-255,66,265145,35,335141
13837,0.031946,104.244.42.0-255,108,265253,35,335141
13838,0.031954,172.31.33.0-255,66,265319,35,335141
13839,0.033365,74.125.200.0-255,5738,271057,35,335141
13840,0.033372,172.31.33.0-255,66,271123,35,335141
13841,0.035729,74.125.200.0-255,1484,272607,35,335141
13842,0.035749,74.125.200.0-255,4320,276927,35,335141
13843,0.035752,172.31.33.0-255,66,276993,35,335141
13844,0.038118,74.125.200.0-255,5738,282731,35,335141
13845,0.038128,172.31.33.0-255,66,282797,35,335141
13846,0.040495,74.125.200.0-255,5738,288535,35,335141
13847,0.040501,172.31.33.0-255,66,288601,35,335141
13848,0.04287,74.125.200.0-255,5738,294339,35,335141
13849,0.042876,172.31.33.0-255,66,294405,35,335141
13850,0.045249,74.125.200.0-255,5738,300143,35,335141
13851,0.045257,172.31.33.0-255,66,300209,35,335141
13852,0.047626,74.125.200.0-255,5738,305947,35,335141
13853,0.047634,172.31.33.0-255,66,306013,35,335141
13854,0.050006,74.125.200.0-255,5738,311751,35,335141
13855,0.050015,172.31.33.0-255,66,311817,35,335141
13856,0.052379,74.125.200.0-255,5738,317555,35,335141
13857,0.052388,172.31.33.0-255,66,317621,35,335141
13858,0.05451,172.31.33.0-255,108,317729,35,335141
13859,0.054746,74.125.200.0-255,5738,323467,35,335141
13860,0.054752,172.31.33.0-255,66,323533,35,335141
13861,0.057124,74.125.200.0-255,5738,329271,35,335141
13862,0.05713,172.31.33.0-255,66,329337,35,335141
13863,0.059503,74.125.200.0-255,5738,335075,35,335141
13864,0.059511,172.31.33.0-255,66,335141,35,335141
13865,0.0,172.31.33.0-255,105,105,35,276
13866,0.001759,157.240.7.0-255,105,210,35,276
13867,0.001771,172.31.33.0-255,66,276,35,276
13868,0.0,74.125.24.0-255,153,153,35,222344
13869,2.1e-05,172.31.33.0-255,66,219,35,222344
13870,2.8e-05,74.125.24.0-255,1484,1703,35,222344
13871,3.3e-05,172.31.33.0-255,66,1769,35,222344
13872,3.9e-05,74.125.24.0-255,2902,4671,35,222344
13873,4.1e-05,172.31.33.0-255,66,4737,35,222344
13874,4.6e-05,74.125.24.0-255,2902,7639,35,222344
13875,4.9e-05,172.31.33.0-255,66,7705,35,222344
13876,9.4e-05,74.125.24.0-255,6347,14052,35,222344
13877,9.8e-05,172.31.33.0-255,66,14118,35,222344
13878,0.000156,74.125.24.0-255,1484,15602,35,222344
13879,0.000159,172.31.33.0-255,66,15668,35,222344
13880,0.000163,74.125.24.0-255,1484,17152,35,222344
13881,0.000165,172.31.33.0-255,66,17218,35,222344
13882,0.000179,74.125.24.0-255,1484,18702,35,222344
13883,0.000181,172.31.33.0-255,66,18768,35,222344
13884,0.000188,74.125.24.0-255,4320,23088,35,222344
13885,0.00019,172.31.33.0-255,66,23154,35,222344
13886,0.000212,74.125.24.0-255,1484,24638,35,222344
13887,0.000215,172.31.33.0-255,66,24704,35,222344
13888,0.000223,74.125.24.0-255,6797,31501,35,222344
13889,0.000225,172.31.33.0-255,66,31567,35,222344
13890,0.000253,74.125.24.0-255,7156,38723,35,222344
13891,0.000256,172.31.33.0-255,66,38789,35,222344
13892,0.000273,74.125.24.0-255,2902,41691,35,222344
13893,0.000276,172.31.33.0-255,66,41757,35,222344
13894,0.000292,74.125.24.0-255,6797,48554,35,222344
13895,0.000295,172.31.33.0-255,66,48620,35,222344
13896,0.001303,74.125.24.0-255,1484,50104,35,222344
13897,0.00131,172.31.33.0-255,66,50170,35,222344
13898,0.001319,74.125.24.0-255,2902,53072,35,222344
13899,0.001322,172.31.33.0-255,66,53138,35,222344
13900,0.001338,74.125.24.0-255,4320,57458,35,222344
13901,0.001341,172.31.33.0-255,66,57524,35,222344
13902,0.001354,74.125.24.0-255,1484,59008,35,222344
13903,0.001361,74.125.24.0-255,5738,64746,35,222344
13904,0.001363,172.31.33.0-255,66,64812,35,222344
13905,0.001366,74.125.24.0-255,1484,66296,35,222344
13906,0.0014,172.31.33.0-255,66,66362,35,222344
13907,0.001412,172.31.33.0-255,66,66428,35,222344
13908,0.00143,74.125.24.0-255,1484,67912,35,222344
13909,0.001463,172.31.33.0-255,66,67978,35,222344
13910,0.001799,74.125.24.0-255,646,68624,35,222344
13911,0.001823,74.125.24.0-255,1484,70108,35,222344
13912,0.001826,172.31.33.0-255,66,70174,35,222344
13913,0.001843,74.125.24.0-255,2902,73076,35,222344
13914,0.001845,172.31.33.0-255,66,73142,35,222344
13915,0.00185,74.125.24.0-255,2902,76044,35,222344
13916,0.001852,172.31.33.0-255,66,76110,35,222344
13917,0.001873,74.125.24.0-255,2902,79012,35,222344
13918,0.001876,172.31.33.0-255,66,79078,35,222344
13919,0.001879,74.125.24.0-255,1484,80562,35,222344
13920,0.00189,74.125.24.0-255,1484,82046,35,222344
13921,0.001892,172.31.33.0-255,66,82112,35,222344
13922,0.001917,172.31.33.0-255,66,82178,35,222344
13923,0.001937,74.125.24.0-255,1484,83662,35,222344
13924,0.001959,172.31.33.0-255,66,83728,35,222344
13925,0.002164,74.125.24.0-255,1484,85212,35,222344
13926,0.002176,74.125.24.0-255,2902,88114,35,222344
13927,0.002179,172.31.33.0-255,66,88180,35,222344
13928,0.002202,74.125.24.0-255,5738,93918,35,222344
13929,0.002205,172.31.33.0-255,66,93984,35,222344
13930,0.002209,74.125.24.0-255,1484,95468,35,222344
13931,0.002231,172.31.33.0-255,66,95534,35,222344
13932,0.002244,74.125.24.0-255,1484,97018,35,222344
13933,0.002278,172.31.33.0-255,66,97084,35,222344
13934,0.002716,74.125.24.0-255,1484,98568,35,222344
13935,0.002732,74.125.24.0-255,2902,101470,35,222344
13936,0.002735,172.31.33.0-255,66,101536,35,222344
13937,0.002758,74.125.24.0-255,5738,107274,35,222344
13938,0.002761,172.31.33.0-255,66,107340,35,222344
13939,0.002766,74.125.24.0-255,2902,110242,35,222344
13940,0.002768,172.31.33.0-255,66,110308,35,222344
13941,0.002787,74.125.24.0-255,7156,117464,35,222344
13942,0.002789,172.31.33.0-255,66,117530,35,222344
13943,0.002803,74.125.24.0-255,2902,120432,35,222344
13944,0.002805,172.31.33.0-255,66,120498,35,222344
13945,0.002874,172.31.33.0-255,66,120564,35,222344
13946,0.003439,74.125.24.0-255,1484,122048,35,222344
13947,0.003453,74.125.24.0-255,2902,124950,35,222344
13948,0.003456,172.31.33.0-255,66,125016,35,222344
13949,0.003475,74.125.24.0-255,4320,129336,35,222344
13950,0.003478,172.31.33.0-255,66,129402,35,222344
13951,0.0035,74.125.24.0-255,1484,130886,35,222344
13952,0.003509,74.125.24.0-255,7156,138042,35,222344
13953,0.003512,172.31.33.0-255,66,138108,35,222344
13954,0.003524,172.31.33.0-255,66,138174,35,222344
13955,0.003548,74.125.24.0-255,5738,143912,35,222344
13956,0.00355,172.31.33.0-255,66,143978,35,222344
13957,0.003557,74.125.24.0-255,5020,148998,35,222344
13958,0.003559,172.31.33.0-255,66,149064,35,222344
13959,0.003562,74.125.24.0-255,1484,150548,35,222344
13960,0.0036,172.31.33.0-255,66,150614,35,222344
13961,0.003621,74.125.24.0-255,2902,153516,35,222344
13962,0.003623,172.31.33.0-255,66,153582,35,222344
13963,0.003636,172.31.33.0-255,66,153648,35,222344
13964,0.003748,74.125.24.0-255,1484,155132,35,222344
13965,0.003753,74.125.24.0-255,1484,156616,35,222344
13966,0.003757,172.31.33.0-255,66,156682,35,222344
13967,0.003777,74.125.24.0-255,1484,158166,35,222344
13968,0.003783,74.125.24.0-255,5738,163904,35,222344
13969,0.003785,172.31.33.0-255,66,163970,35,222344
13970,0.003789,74.125.24.0-255,2902,166872,35,222344
13971,0.003791,172.31.33.0-255,66,166938,35,222344
13972,0.003794,74.125.24.0-255,1484,168422,35,222344
13973,0.00381,74.125.24.0-255,4320,172742,35,222344
13974,0.003813,172.31.33.0-255,66,172808,35,222344
13975,0.003841,172.31.33.0-255,66,172874,35,222344
13976,0.003847,74.125.24.0-255,6438,179312,35,222344
13977,0.003849,172.31.33.0-255,66,179378,35,222344
13978,0.003885,74.125.24.0-255,1484,180862,35,222344
13979,0.00389,74.125.24.0-255,2902,183764,35,222344
13980,0.003892,172.31.33.0-255,66,183830,35,222344
13981,0.003895,74.125.24.0-255,1484,185314,35,222344
13982,0.003915,74.125.24.0-255,4320,189634,35,222344
13983,0.003918,172.31.33.0-255,66,189700,35,222344
13984,0.00392,74.125.24.0-255,1484,191184,35,222344
13985,0.003944,172.31.33.0-255,66,191250,35,222344
13986,0.003967,74.125.24.0-255,2902,194152,35,222344
13987,0.00397,172.31.33.0-255,66,194218,35,222344
13988,0.003981,172.31.33.0-255,66,194284,35,222344
13989,0.003987,74.125.24.0-255,7156,201440,35,222344
13990,0.003989,172.31.33.0-255,66,201506,35,222344
13991,0.004036,172.31.33.0-255,66,201572,35,222344
13992,0.004046,172.31.33.0-255,66,201638,35,222344
13993,0.00412,172.31.33.0-255,66,201704,35,222344
13994,0.004137,74.125.24.0-255,4320,206024,35,222344
13995,0.004139,172.31.33.0-255,66,206090,35,222344
13996,0.004146,74.125.24.0-255,6974,213064,35,222344
13997,0.004148,172.31.33.0-255,66,213130,35,222344
13998,0.004151,74.125.24.0-255,105,213235,35,222344
13999,0.011674,172.31.33.0-255,66,213301,35,222344
14000,0.011718,172.31.33.0-255,105,213406,35,222344
14001,0.014018,74.125.24.0-255,66,213472,35,222344
14002,0.05468,172.31.33.0-255,172,213644,35,222344
14003,0.054711,172.31.33.0-255,1108,214752,35,222344
14004,0.054789,172.31.33.0-255,1514,216266,35,222344
14005,0.05479,172.31.33.0-255,1514,217780,35,222344
14006,0.054796,172.31.33.0-255,1514,219294,35,222344
14007,0.054797,172.31.33.0-255,1514,220808,35,222344
14008,0.054825,172.31.33.0-255,1272,222080,35,222344
14009,0.056239,104.244.42.0-255,66,222146,35,222344
14010,0.056266,104.244.42.0-255,66,222212,35,222344
14011,0.056336,104.244.42.0-255,66,222278,35,222344
14012,0.056385,104.244.42.0-255,66,222344,35,222344
14013,0.0,74.125.24.0-255,146,146,35,209612
14014,2.9e-05,172.31.33.0-255,66,212,35,209612
14015,3.6e-05,74.125.24.0-255,1484,1696,35,209612
14016,3.9e-05,172.31.33.0-255,66,1762,35,209612
14017,4.4e-05,74.125.24.0-255,2902,4664,35,209612
14018,4.6e-05,172.31.33.0-255,66,4730,35,209612
14019,5.1e-05,74.125.24.0-255,7156,11886,35,209612
14020,5.4e-05,172.31.33.0-255,66,11952,35,209612
14021,5.7e-05,74.125.24.0-255,1964,13916,35,209612
14022,6e-05,172.31.33.0-255,66,13982,35,209612
14023,7.9e-05,74.125.24.0-255,2902,16884,35,209612
14024,8.2e-05,172.31.33.0-255,66,16950,35,209612
14025,8.7e-05,74.125.24.0-255,7156,24106,35,209612
14026,9e-05,172.31.33.0-255,66,24172,35,209612
14027,9.6e-05,74.125.24.0-255,5738,29910,35,209612
14028,9.9e-05,172.31.33.0-255,66,29976,35,209612
14029,0.000114,74.125.24.0-255,1125,31101,35,209612
14030,0.000116,172.31.33.0-255,66,31167,35,209612
14031,0.000257,74.125.24.0-255,1484,32651,35,209612
14032,0.000261,172.31.33.0-255,66,32717,35,209612
14033,0.000266,74.125.24.0-255,2902,35619,35,209612
14034,0.000268,172.31.33.0-255,66,35685,35,209612
14035,0.000282,74.125.24.0-255,5738,41423,35,209612
14036,0.000285,172.31.33.0-255,66,41489,35,209612
14037,0.000313,74.125.24.0-255,6797,48286,35,209612
14038,0.000318,74.125.24.0-255,7156,55442,35,209612
14039,0.000318,172.31.33.0-255,66,55508,35,209612
14040,0.000322,172.31.33.0-255,66,55574,35,209612
14041,0.000348,74.125.24.0-255,1484,57058,35,209612
14042,0.000351,172.31.33.0-255,66,57124,35,209612
14043,0.000369,172.31.33.0-255,66,57190,35,209612
14044,0.000371,74.125.24.0-255,113,57303,35,209612
14045,0.000645,74.125.24.0-255,328,57631,35,209612
14046,0.000703,172.31.33.0-255,66,57697,35,209612
14047,0.000987,74.125.24.0-255,1484,59181,35,209612
14048,0.000997,74.125.24.0-255,2902,62083,35,209612
14049,0.001001,172.31.33.0-255,66,62149,35,209612
14050,0.00101,74.125.24.0-255,5738,67887,35,209612
14051,0.001012,172.31.33.0-255,66,67953,35,209612
14052,0.001015,74.125.24.0-255,1484,69437,35,209612
14053,0.001049,172.31.33.0-255,66,69503,35,209612
14054,0.001068,74.125.24.0-255,4320,73823,35,209612
14055,0.00107,172.31.33.0-255,66,73889,35,209612
14056,0.0011,172.31.33.0-255,66,73955,35,209612
14057,0.001143,74.125.24.0-255,1484,75439,35,209612
14058,0.001148,74.125.24.0-255,2902,78341,35,209612
14059,0.001151,172.31.33.0-255,66,78407,35,209612
14060,0.001175,74.125.24.0-255,5738,84145,35,209612
14061,0.001178,172.31.33.0-255,66,84211,35,209612
14062,0.00119,172.31.33.0-255,66,84277,35,209612
14063,0.001215,74.125.24.0-255,2902,87179,35,209612
14064,0.001218,172.31.33.0-255,66,87245,35,209612
14065,0.001232,172.31.33.0-255,66,87311,35,209612
14066,0.001532,74.125.24.0-255,1484,88795,35,209612
14067,0.001539,74.125.24.0-255,2902,91697,35,209612
14068,0.001543,172.31.33.0-255,66,91763,35,209612
14069,0.00155,74.125.24.0-255,5738,97501,35,209612
14070,0.001552,172.31.33.0-255,66,97567,35,209612
14071,0.001611,172.31.33.0-255,66,97633,35,209612
14072,0.001619,74.125.24.0-255,7156,104789,35,209612
14073,0.001621,172.31.33.0-255,66,104855,35,209612
14074,0.001636,74.125.24.0-255,3602,108457,35,209612
14075,0.001638,172.31.33.0-255,66,108523,35,209612
14076,0.002278,74.125.24.0-255,1484,110007,35,209612
14077,0.002296,74.125.24.0-255,2902,112909,35,209612
14078,0.002301,172.31.33.0-255,66,112975,35,209612
14079,0.002308,74.125.24.0-255,5738,118713,35,209612
14080,0.00231,172.31.33.0-255,66,118779,35,209612
14081,0.00235,172.31.33.0-255,66,118845,35,209612
14082,0.002358,74.125.24.0-255,7156,126001,35,209612
14083,0.00236,172.31.33.0-255,66,126067,35,209612
14084,0.002383,74.125.24.0-255,3602,129669,35,209612
14085,0.002385,172.31.33.0-255,66,129735,35,209612
14086,0.002492,74.125.24.0-255,1484,131219,35,209612
14087,0.002512,74.125.24.0-255,1484,132703,35,209612
14088,0.002515,172.31.33.0-255,66,132769,35,209612
14089,0.002527,74.125.24.0-255,1484,134253,35,209612
14090,0.00253,74.125.24.0-255,1484,135737,35,209612
14091,0.002532,172.31.33.0-255,66,135803,35,209612
14092,0.002558,74.125.24.0-255,4320,140123,35,209612
14093,0.002561,172.31.33.0-255,66,140189,35,209612
14094,0.002567,74.125.24.0-255,4320,144509,35,209612
14095,0.002569,172.31.33.0-255,66,144575,35,209612
14096,0.002582,172.31.33.0-255,66,144641,35,209612
14097,0.002602,74.125.24.0-255,4320,148961,35,209612
14098,0.002605,172.31.33.0-255,66,149027,35,209612
14099,0.00261,74.125.24.0-255,3602,152629,35,209612
14100,0.002611,172.31.33.0-255,66,152695,35,209612
14101,0.002683,74.125.24.0-255,1484,154179,35,209612
14102,0.002708,74.125.24.0-255,2902,157081,35,209612
14103,0.002713,74.125.24.0-255,5738,162819,35,209612
14104,0.002719,172.31.33.0-255,66,162885,35,209612
14105,0.002723,172.31.33.0-255,66,162951,35,209612
14106,0.002744,74.125.24.0-255,7156,170107,35,209612
14107,0.002747,172.31.33.0-255,66,170173,35,209612
14108,0.002752,74.125.24.0-255,4320,174493,35,209612
14109,0.002755,172.31.33.0-255,66,174559,35,209612
14110,0.002795,172.31.33.0-255,66,174625,35,209612
14111,0.002802,74.125.24.0-255,7156,181781,35,209612
14112,0.002804,172.31.33.0-255,66,181847,35,209612
14113,0.002838,74.125.24.0-255,7156,189003,35,209612
14114,0.00284,172.31.33.0-255,66,189069,35,209612
14115,0.002873,172.31.33.0-255,66,189135,35,209612
14116,0.002877,74.125.24.0-255,2184,191319,35,209612
14117,0.002879,172.31.33.0-255,66,191385,35,209612
14118,0.00289,172.31.33.0-255,66,191451,35,209612
14119,0.002911,74.125.24.0-255,2902,194353,35,209612
14120,0.002913,172.31.33.0-255,66,194419,35,209612
14121,0.002949,172.31.33.0-255,66,194485,35,209612
14122,0.002991,172.31.33.0-255,66,194551,35,209612
14123,0.003022,172.31.33.0-255,66,194617,35,209612
14124,0.003035,172.31.33.0-255,66,194683,35,209612
14125,0.003048,172.31.33.0-255,66,194749,35,209612
14126,0.00305,74.125.24.0-255,766,195515,35,209612
14127,0.003053,74.125.24.0-255,1484,196999,35,209612
14128,0.003055,172.31.33.0-255,66,197065,35,209612
14129,0.003061,74.125.24.0-255,5738,202803,35,209612
14130,0.003064,172.31.33.0-255,66,202869,35,209612
14131,0.003077,172.31.33.0-255,66,202935,35,209612
14132,0.00309,172.31.33.0-255,66,203001,35,209612
14133,0.003093,74.125.24.0-255,105,203106,35,209612
14134,0.004713,172.31.33.0-255,66,203172,35,209612
14135,0.004748,172.31.33.0-255,105,203277,35,209612
14136,0.007311,74.125.24.0-255,66,203343,35,209612
14137,0.036425,172.31.33.0-255,172,203515,35,209612
14138,0.036453,172.31.33.0-255,1107,204622,35,209612
14139,0.03653,172.31.33.0-255,1514,206136,35,209612
14140,0.036533,172.31.33.0-255,1514,207650,35,209612
14141,0.036538,172.31.33.0-255,1514,209164,35,209612
14142,0.036538,172.31.33.0-255,184,209348,35,209612
14143,0.037943,104.244.42.0-255,66,209414,35,209612
14144,0.037956,104.244.42.0-255,66,209480,35,209612
14145,0.038024,104.244.42.0-255,66,209546,35,209612
14146,0.038029,104.244.42.0-255,66,209612,35,209612
14147,0.0,172.217.27.0-255,143,143,35,283245
14148,1.7e-05,172.31.33.0-255,66,209,35,283245
14149,2.4e-05,172.217.27.0-255,1484,1693,35,283245
14150,2.8e-05,172.31.33.0-255,66,1759,35,283245
14151,3.4e-05,172.217.27.0-255,2902,4661,35,283245
14152,3.6e-05,172.31.33.0-255,66,4727,35,283245
14153,4e-05,172.217.27.0-255,1484,6211,35,283245
14154,4.2e-05,172.31.33.0-255,66,6277,35,283245
14155,6.9e-05,172.217.27.0-255,5738,12015,35,283245
14156,7.4e-05,172.31.33.0-255,66,12081,35,283245
14157,7.8e-05,172.217.27.0-255,2161,14242,35,283245
14158,8e-05,172.31.33.0-255,66,14308,35,283245
14159,0.000137,172.217.27.0-255,1484,15792,35,283245
14160,0.00014,172.31.33.0-255,66,15858,35,283245
14161,0.000143,172.217.27.0-255,1484,17342,35,283245
14162,0.000145,172.31.33.0-255,66,17408,35,283245
14163,0.000158,172.217.27.0-255,1484,18892,35,283245
14164,0.000161,172.31.33.0-255,66,18958,35,283245
14165,0.000167,172.217.27.0-255,5738,24696,35,283245
14166,0.00017,172.31.33.0-255,66,24762,35,283245
14167,0.00021,172.217.27.0-255,4320,29082,35,283245
14168,0.000212,172.31.33.0-255,66,29148,35,283245
14169,0.000229,172.217.27.0-255,2543,31691,35,283245
14170,0.000231,172.31.33.0-255,66,31757,35,283245
14171,0.000328,172.217.27.0-255,1484,33241,35,283245
14172,0.000332,172.31.33.0-255,66,33307,35,283245
14173,0.000337,172.217.27.0-255,2902,36209,35,283245
14174,0.00034,172.31.33.0-255,66,36275,35,283245
14175,0.000346,172.217.27.0-255,5738,42013,35,283245
14176,0.000348,172.31.33.0-255,66,42079,35,283245
14177,0.000364,172.217.27.0-255,2902,44981,35,283245
14178,0.000367,172.31.33.0-255,66,45047,35,283245
14179,0.000402,172.217.27.0-255,6797,51844,35,283245
14180,0.000404,172.31.33.0-255,66,51910,35,283245
14181,0.000416,172.31.33.0-255,66,51976,35,283245
14182,0.000422,172.217.27.0-255,3961,55937,35,283245
14183,0.000424,172.31.33.0-255,66,56003,35,283245
14184,0.000442,172.217.27.0-255,362,56365,35,283245
14185,0.000815,172.217.27.0-255,381,56746,35,283245
14186,0.000919,172.217.27.0-255,1484,58230,35,283245
14187,0.000924,172.31.33.0-255,66,58296,35,283245
14188,0.00093,172.217.27.0-255,2902,61198,35,283245
14189,0.000932,172.31.33.0-255,66,61264,35,283245
14190,0.000948,172.217.27.0-255,2902,64166,35,283245
14191,0.00095,172.31.33.0-255,66,64232,35,283245
14192,0.000973,172.217.27.0-255,2902,67134,35,283245
14193,0.000976,172.31.33.0-255,66,67200,35,283245
14194,0.000984,172.217.27.0-255,6797,73997,35,283245
14195,0.000986,172.31.33.0-255,66,74063,35,283245
14196,0.001054,172.217.27.0-255,1484,75547,35,283245
14197,0.001072,172.217.27.0-255,2902,78449,35,283245
14198,0.001075,172.31.33.0-255,66,78515,35,283245
14199,0.001081,172.217.27.0-255,4320,82835,35,283245
14200,0.001083,172.31.33.0-255,66,82901,35,283245
14201,0.001111,172.217.27.0-255,5738,88639,35,283245
14202,0.001114,172.31.33.0-255,66,88705,35,283245
14203,0.001132,172.217.27.0-255,2543,91248,35,283245
14204,0.001135,172.31.33.0-255,66,91314,35,283245
14205,0.001392,172.217.27.0-255,1484,92798,35,283245
14206,0.001411,172.217.27.0-255,2902,95700,35,283245
14207,0.001414,172.31.33.0-255,66,95766,35,283245
14208,0.001422,172.217.27.0-255,5738,101504,35,283245
14209,0.001424,172.31.33.0-255,66,101570,35,283245
14210,0.00143,172.217.27.0-255,4320,105890,35,283245
14211,0.001432,172.31.33.0-255,66,105956,35,283245
14212,0.001459,172.217.27.0-255,1484,107440,35,283245
14213,0.001466,172.217.27.0-255,5738,113178,35,283245
14214,0.001468,172.31.33.0-255,66,113244,35,283245
14215,0.001476,172.217.27.0-255,7156,120400,35,283245
14216,0.001478,172.31.33.0-255,66,120466,35,283245
14217,0.001484,172.217.27.0-255,5020,125486,35,283245
14218,0.001487,172.31.33.0-255,66,125552,35,283245
14219,0.001587,172.217.27.0-255,1484,127036,35,283245
14220,0.0016,172.217.27.0-255,2902,129938,35,283245
14221,0.001604,172.31.33.0-255,66,130004,35,283245
14222,0.001608,172.217.27.0-255,1484,131488,35,283245
14223,0.001627,172.217.27.0-255,4320,135808,35,283245
14224,0.00163,172.31.33.0-255,66,135874,35,283245
14225,0.001641,172.217.27.0-255,1484,137358,35,283245
14226,0.001673,172.31.33.0-255,66,137424,35,283245
14227,0.001702,172.217.27.0-255,4320,141744,35,283245
14228,0.001706,172.31.33.0-255,66,141810,35,283245
14229,0.001729,172.217.27.0-255,6438,148248,35,283245
14230,0.001733,172.31.33.0-255,66,148314,35,283245
14231,0.0018,172.217.27.0-255,1484,149798,35,283245
14232,0.001803,172.217.27.0-255,1484,151282,35,283245
14233,0.001808,172.31.33.0-255,66,151348,35,283245
14234,0.001816,172.217.27.0-255,1484,152832,35,283245
14235,0.001819,172.217.27.0-255,1484,154316,35,283245
14236,0.001822,172.31.33.0-255,66,154382,35,283245
14237,0.001826,172.217.27.0-255,1484,155866,35,283245
14238,0.001847,172.217.27.0-255,4320,160186,35,283245
14239,0.00185,172.31.33.0-255,66,160252,35,283245
14240,0.001855,172.217.27.0-255,2902,163154,35,283245
14241,0.001857,172.31.33.0-255,66,163220,35,283245
14242,0.001884,172.217.27.0-255,4320,167540,35,283245
14243,0.001887,172.31.33.0-255,66,167606,35,283245
14244,0.00189,172.217.27.0-255,766,168372,35,283245
14245,0.001893,172.31.33.0-255,78,168450,35,283245
14246,0.001905,172.31.33.0-255,78,168528,35,283245
14247,0.001929,172.217.27.0-255,5738,174266,35,283245
14248,0.001933,172.31.33.0-255,66,174332,35,283245
14249,0.001949,172.217.27.0-255,1484,175816,35,283245
14250,0.001966,172.217.27.0-255,1484,177300,35,283245
14251,0.001969,172.31.33.0-255,66,177366,35,283245
14252,0.001986,172.217.27.0-255,1484,178850,35,283245
14253,0.001993,172.217.27.0-255,5738,184588,35,283245
14254,0.001996,172.31.33.0-255,66,184654,35,283245
14255,0.001999,172.217.27.0-255,1484,186138,35,283245
14256,0.00205,172.217.27.0-255,2902,189040,35,283245
14257,0.002053,172.31.33.0-255,66,189106,35,283245
14258,0.002057,172.217.27.0-255,2902,192008,35,283245
14259,0.00206,172.31.33.0-255,66,192074,35,283245
14260,0.002065,172.217.27.0-255,4320,196394,35,283245
14261,0.002068,172.31.33.0-255,66,196460,35,283245
14262,0.002085,172.217.27.0-255,1484,197944,35,283245
14263,0.002089,172.217.27.0-255,2902,200846,35,283245
14264,0.002096,172.217.27.0-255,5738,206584,35,283245
14265,0.002099,172.217.27.0-255,2184,208768,35,283245
14266,0.002103,172.31.33.0-255,66,208834,35,283245
14267,0.002106,172.31.33.0-255,66,208900,35,283245
14268,0.002109,172.31.33.0-255,66,208966,35,283245
14269,0.002128,172.217.27.0-255,1484,210450,35,283245
14270,0.002133,172.217.27.0-255,2902,213352,35,283245
14271,0.002136,172.31.33.0-255,66,213418,35,283245
14272,0.002142,172.217.27.0-255,5738,219156,35,283245
14273,0.002145,172.31.33.0-255,66,219222,35,283245
14274,0.002163,172.31.33.0-255,66,219288,35,283245
14275,0.002183,172.217.27.0-255,2902,222190,35,283245
14276,0.002185,172.31.33.0-255,66,222256,35,283245
14277,0.002197,172.31.33.0-255,66,222322,35,283245
14278,0.0022,172.217.27.0-255,2184,224506,35,283245
14279,0.002202,172.31.33.0-255,66,224572,35,283245
14280,0.002225,172.217.27.0-255,2902,227474,35,283245
14281,0.002228,172.31.33.0-255,66,227540,35,283245
14282,0.00225,172.217.27.0-255,7156,234696,35,283245
14283,0.002252,172.31.33.0-255,66,234762,35,283245
14284,0.002255,172.217.27.0-255,1484,236246,35,283245
14285,0.002276,172.217.27.0-255,7156,243402,35,283245
14286,0.002278,172.31.33.0-255,66,243468,35,283245
14287,0.002294,172.217.27.0-255,1484,244952,35,283245
14288,0.002322,172.31.33.0-255,66,245018,35,283245
14289,0.002372,172.217.27.0-255,1484,246502,35,283245
14290,0.002376,172.217.27.0-255,1484,247986,35,283245
14291,0.002378,172.31.33.0-255,66,248052,35,283245
14292,0.002401,172.217.27.0-255,1484,249536,35,283245
14293,0.002407,172.217.27.0-255,4320,253856,35,283245
14294,0.00241,172.31.33.0-255,66,253922,35,283245
14295,0.002416,172.217.27.0-255,5738,259660,35,283245
14296,0.002418,172.31.33.0-255,66,259726,35,283245
14297,0.002448,172.31.33.0-255,66,259792,35,283245
14298,0.002469,172.217.27.0-255,2902,262694,35,283245
14299,0.002472,172.31.33.0-255,66,262760,35,283245
14300,0.002482,172.31.33.0-255,66,262826,35,283245
14301,0.002493,172.31.33.0-255,66,262892,35,283245
14302,0.002497,172.217.27.0-255,2902,265794,35,283245
14303,0.0025,172.31.33.0-255,66,265860,35,283245
14304,0.002534,172.31.33.0-255,66,265926,35,283245
14305,0.002539,172.217.27.0-255,4320,270246,35,283245
14306,0.002541,172.31.33.0-255,66,270312,35,283245
14307,0.002554,172.217.27.0-255,2184,272496,35,283245
14308,0.002556,172.31.33.0-255,66,272562,35,283245
14309,0.002615,172.31.33.0-255,66,272628,35,283245
14310,0.002639,172.31.33.0-255,66,272694,35,283245
14311,0.002668,172.31.33.0-255,66,272760,35,283245
14312,0.002671,172.217.27.0-255,105,272865,35,283245
14313,0.015692,172.31.33.0-255,66,272931,35,283245
14314,0.015742,172.31.33.0-255,105,273036,35,283245
14315,0.017372,172.217.27.0-255,66,273102,35,283245
14316,0.048257,172.31.33.0-255,188,273290,35,283245
14317,0.048285,172.31.33.0-255,952,274242,35,283245
14318,0.048345,172.31.33.0-255,1514,275756,35,283245
14319,0.048346,172.31.33.0-255,1514,277270,35,283245
14320,0.048351,172.31.33.0-255,1514,278784,35,283245
14321,0.048352,172.31.33.0-255,1514,280298,35,283245
14322,0.048368,172.31.33.0-255,1514,281812,35,283245
14323,0.04837,172.31.33.0-255,1169,282981,35,283245
14324,0.049858,104.244.42.0-255,66,283047,35,283245
14325,0.049872,104.244.42.0-255,66,283113,35,283245
14326,0.049926,104.244.42.0-255,66,283179,35,283245
14327,0.049931,104.244.42.0-255,66,283245,35,283245
14328,0.0,172.217.194.0-255,153,153,35,195463
14329,1.2e-05,172.31.33.0-255,66,219,35,195463
14330,1.6e-05,172.217.194.0-255,1484,1703,35,195463
14331,2e-05,172.31.33.0-255,66,1769,35,195463
14332,4.5e-05,172.217.194.0-255,2902,4671,35,195463
14333,4.8e-05,172.31.33.0-255,66,4737,35,195463
14334,5.9e-05,172.217.194.0-255,7156,11893,35,195463
14335,6.1e-05,172.31.33.0-255,66,11959,35,195463
14336,6.5e-05,172.217.194.0-255,1994,13953,35,195463
14337,6.8e-05,172.31.33.0-255,66,14019,35,195463
14338,0.000109,172.217.194.0-255,2902,16921,35,195463
14339,0.000112,172.31.33.0-255,66,16987,35,195463
14340,0.00014,172.217.194.0-255,5738,22725,35,195463
14341,0.000142,172.31.33.0-255,66,22791,35,195463
14342,0.000172,172.31.33.0-255,66,22857,35,195463
14343,0.000207,172.217.194.0-255,4320,27177,35,195463
14344,0.000209,172.31.33.0-255,66,27243,35,195463
14345,0.000233,172.217.194.0-255,1484,28727,35,195463
14346,0.000235,172.31.33.0-255,66,28793,35,195463
14347,0.000242,172.217.194.0-255,7156,35949,35,195463
14348,0.000243,172.31.33.0-255,66,36015,35,195463
14349,0.000247,172.217.194.0-255,2902,38917,35,195463
14350,0.000253,172.31.33.0-255,66,38983,35,195463
14351,0.000283,172.31.33.0-255,66,39049,35,195463
14352,0.000289,172.217.194.0-255,5379,44428,35,195463
14353,0.000291,172.31.33.0-255,66,44494,35,195463
14354,0.000293,172.217.194.0-255,382,44876,35,195463
14355,0.000298,172.31.33.0-255,66,44942,35,195463
14356,0.000492,172.217.194.0-255,362,45304,35,195463
14357,0.000497,172.31.33.0-255,66,45370,35,195463
14358,0.000733,172.217.194.0-255,1484,46854,35,195463
14359,0.00074,172.217.194.0-255,2902,49756,35,195463
14360,0.000745,172.31.33.0-255,66,49822,35,195463
14361,0.000769,172.217.194.0-255,5738,55560,35,195463
14362,0.000784,172.217.194.0-255,2902,58462,35,195463
14363,0.000837,172.31.33.0-255,66,58528,35,195463
14364,0.000949,172.217.194.0-255,1484,60012,35,195463
14365,0.000955,172.217.194.0-255,2902,62914,35,195463
14366,0.000958,172.31.33.0-255,66,62980,35,195463
14367,0.000993,172.217.194.0-255,5738,68718,35,195463
14368,0.000998,172.217.194.0-255,2902,71620,35,195463
14369,0.001007,172.31.33.0-255,66,71686,35,195463
14370,0.001033,172.217.194.0-255,7156,78842,35,195463
14371,0.001046,172.217.194.0-255,3602,82444,35,195463
14372,0.001077,172.31.33.0-255,66,82510,35,195463
14373,0.0011,172.31.33.0-255,66,82576,35,195463
14374,0.001291,172.217.194.0-255,1484,84060,35,195463
14375,0.001297,172.217.194.0-255,2902,86962,35,195463
14376,0.001301,172.31.33.0-255,66,87028,35,195463
14377,0.001308,172.217.194.0-255,5738,92766,35,195463
14378,0.001333,172.217.194.0-255,4320,97086,35,195463
14379,0.001345,172.31.33.0-255,66,97152,35,195463
14380,0.001369,172.31.33.0-255,66,97218,35,195463
14381,0.001384,172.217.194.0-255,2902,100120,35,195463
14382,0.0014,172.31.33.0-255,66,100186,35,195463
14383,0.00143,172.217.194.0-255,1484,101670,35,195463
14384,0.001518,172.31.33.0-255,66,101736,35,195463
14385,0.001536,172.217.194.0-255,7156,108892,35,195463
14386,0.001574,172.31.33.0-255,66,108958,35,195463
14387,0.001627,172.217.194.0-255,1484,110442,35,195463
14388,0.001634,172.217.194.0-255,2902,113344,35,195463
14389,0.001654,172.217.194.0-255,5738,119082,35,195463
14390,0.001659,172.31.33.0-255,66,119148,35,195463
14391,0.00167,172.217.194.0-255,5738,124886,35,195463
14392,0.001676,172.31.33.0-255,66,124952,35,195463
14393,0.001707,172.217.194.0-255,7156,132108,35,195463
14394,0.001719,172.217.194.0-255,766,132874,35,195463
14395,0.001739,172.31.33.0-255,66,132940,35,195463
14396,0.001781,172.217.194.0-255,1484,134424,35,195463
14397,0.001797,172.217.194.0-255,2902,137326,35,195463
14398,0.001803,172.217.194.0-255,5738,143064,35,195463
14399,0.001837,172.217.194.0-255,4320,147384,35,195463
14400,0.001856,172.217.194.0-255,6438,153822,35,195463
14401,0.001876,172.217.194.0-255,1484,155306,35,195463
14402,0.001892,172.217.194.0-255,1484,156790,35,195463
14403,0.001898,172.217.194.0-255,4320,161110,35,195463
14404,0.0019,172.217.194.0-255,1484,162594,35,195463
14405,0.001918,172.217.194.0-255,7156,169750,35,195463
14406,0.002009,172.217.194.0-255,766,170516,35,195463
14407,0.002056,172.217.194.0-255,4320,174836,35,195463
14408,0.002108,172.217.194.0-255,3602,178438,35,195463
14409,0.002113,172.217.194.0-255,5982,184420,35,195463
14410,0.002115,172.217.194.0-255,105,184525,35,195463
14411,0.006939,172.31.33.0-255,66,184591,35,195463
14412,0.009478,172.31.33.0-255,105,184696,35,195463
14413,0.011771,172.217.194.0-255,66,184762,35,195463
14414,0.031307,172.31.33.0-255,229,184991,35,195463
14415,0.031341,172.31.33.0-255,1107,186098,35,195463
14416,0.031415,172.31.33.0-255,1514,187612,35,195463
14417,0.031437,172.31.33.0-255,1514,189126,35,195463
14418,0.031438,172.31.33.0-255,1514,190640,35,195463
14419,0.031461,172.31.33.0-255,1514,192154,35,195463
14420,0.031462,172.31.33.0-255,1514,193668,35,195463
14421,0.031463,172.31.33.0-255,1183,194851,35,195463
14422,0.032852,104.244.42.0-255,66,194917,35,195463
14423,0.032862,104.244.42.0-255,66,194983,35,195463
14424,0.03299,104.244.42.0-255,66,195049,35,195463
14425,0.033041,104.244.42.0-255,66,195115,35,195463
14426,0.033045,104.244.42.0-255,66,195181,35,195463
14427,0.034237,104.244.42.0-255,108,195289,35,195463
14428,0.034245,172.31.33.0-255,66,195355,35,195463
14429,0.040932,172.31.33.0-255,108,195463,35,195463
14430,0.0,74.125.24.0-255,143,143,35,211584
14431,6.5e-05,172.31.33.0-255,66,209,35,211584
14432,7.1e-05,74.125.24.0-255,1484,1693,35,211584
14433,7.6e-05,172.31.33.0-255,66,1759,35,211584
14434,8.1e-05,74.125.24.0-255,2902,4661,35,211584
14435,8.3e-05,172.31.33.0-255,66,4727,35,211584
14436,8.9e-05,74.125.24.0-255,7156,11883,35,211584
14437,9.1e-05,172.31.33.0-255,66,11949,35,211584
14438,9.5e-05,74.125.24.0-255,2054,14003,35,211584
14439,9.7e-05,172.31.33.0-255,66,14069,35,211584
14440,0.000101,74.125.24.0-255,2902,16971,35,211584
14441,0.000104,172.31.33.0-255,66,17037,35,211584
14442,0.00011,74.125.24.0-255,5738,22775,35,211584
14443,0.000113,172.31.33.0-255,66,22841,35,211584
14444,0.000141,74.125.24.0-255,1484,24325,35,211584
14445,0.000143,172.31.33.0-255,66,24391,35,211584
14446,0.00015,74.125.24.0-255,6797,31188,35,211584
14447,0.000152,172.31.33.0-255,66,31254,35,211584
14448,0.000278,74.125.24.0-255,1484,32738,35,211584
14449,0.000282,172.31.33.0-255,66,32804,35,211584
14450,0.000287,74.125.24.0-255,2902,35706,35,211584
14451,0.000289,172.31.33.0-255,66,35772,35,211584
14452,0.000295,74.125.24.0-255,4320,40092,35,211584
14453,0.000297,172.31.33.0-255,66,40158,35,211584
14454,0.000318,74.125.24.0-255,1484,41642,35,211584
14455,0.000321,172.31.33.0-255,66,41708,35,211584
14456,0.000332,172.31.33.0-255,66,41774,35,211584
14457,0.000346,74.125.24.0-255,5379,47153,35,211584
14458,0.00035,172.31.33.0-255,66,47219,35,211584
14459,0.000358,74.125.24.0-255,7156,54375,35,211584
14460,0.000361,172.31.33.0-255,66,54441,35,211584
14461,0.000388,74.125.24.0-255,2855,57296,35,211584
14462,0.000391,172.31.33.0-255,66,57362,35,211584
14463,0.000531,74.125.24.0-255,110,57472,35,211584
14464,0.000547,74.125.24.0-255,331,57803,35,211584
14465,0.00065,74.125.24.0-255,1484,59287,35,211584
14466,0.000654,172.31.33.0-255,66,59353,35,211584
14467,0.000659,74.125.24.0-255,2902,62255,35,211584
14468,0.000661,172.31.33.0-255,66,62321,35,211584
14469,0.000694,74.125.24.0-255,2902,65223,35,211584
14470,0.000698,172.31.33.0-255,66,65289,35,211584
14471,0.000719,74.125.24.0-255,2902,68191,35,211584
14472,0.000723,172.31.33.0-255,66,68257,35,211584
14473,0.000731,74.125.24.0-255,7156,75413,35,211584
14474,0.000733,172.31.33.0-255,66,75479,35,211584
14475,0.000746,172.31.33.0-255,66,75545,35,211584
14476,0.00075,74.125.24.0-255,2184,77729,35,211584
14477,0.000754,172.31.33.0-255,66,77795,35,211584
14478,0.000991,74.125.24.0-255,1484,79279,35,211584
14479,0.001012,74.125.24.0-255,2902,82181,35,211584
14480,0.001016,172.31.33.0-255,66,82247,35,211584
14481,0.001022,74.125.24.0-255,5738,87985,35,211584
14482,0.001024,172.31.33.0-255,66,88051,35,211584
14483,0.001029,74.125.24.0-255,2902,90953,35,211584
14484,0.001031,172.31.33.0-255,66,91019,35,211584
14485,0.001071,172.31.33.0-255,66,91085,35,211584
14486,0.001077,74.125.24.0-255,4320,95405,35,211584
14487,0.001079,172.31.33.0-255,66,95471,35,211584
14488,0.001094,74.125.24.0-255,4320,99791,35,211584
14489,0.001097,172.31.33.0-255,66,99857,35,211584
14490,0.001114,74.125.24.0-255,2184,102041,35,211584
14491,0.001117,172.31.33.0-255,66,102107,35,211584
14492,0.001366,74.125.24.0-255,1484,103591,35,211584
14493,0.001387,74.125.24.0-255,2902,106493,35,211584
14494,0.00139,172.31.33.0-255,66,106559,35,211584
14495,0.001396,74.125.24.0-255,5738,112297,35,211584
14496,0.001397,172.31.33.0-255,66,112363,35,211584
14497,0.001402,74.125.24.0-255,4320,116683,35,211584
14498,0.001404,172.31.33.0-255,66,116749,35,211584
14499,0.001419,74.125.24.0-255,1484,118233,35,211584
14500,0.00143,172.31.33.0-255,66,118299,35,211584
14501,0.001447,74.125.24.0-255,1484,119783,35,211584
14502,0.001452,74.125.24.0-255,4320,124103,35,211584
14503,0.001454,172.31.33.0-255,66,124169,35,211584
14504,0.001481,172.31.33.0-255,66,124235,35,211584
14505,0.001492,172.31.33.0-255,66,124301,35,211584
14506,0.00152,172.31.33.0-255,66,124367,35,211584
14507,0.001724,74.125.24.0-255,1484,125851,35,211584
14508,0.001742,74.125.24.0-255,2902,128753,35,211584
14509,0.001745,172.31.33.0-255,66,128819,35,211584
14510,0.00175,74.125.24.0-255,4320,133139,35,211584
14511,0.001751,172.31.33.0-255,66,133205,35,211584
14512,0.001762,74.125.24.0-255,1484,134689,35,211584
14513,0.001765,74.125.24.0-255,1484,136173,35,211584
14514,0.001766,172.31.33.0-255,66,136239,35,211584
14515,0.001786,74.125.24.0-255,5738,141977,35,211584
14516,0.001788,172.31.33.0-255,66,142043,35,211584
14517,0.001791,74.125.24.0-255,1484,143527,35,211584
14518,0.001819,172.31.33.0-255,66,143593,35,211584
14519,0.001856,74.125.24.0-255,2184,145777,35,211584
14520,0.001859,172.31.33.0-255,66,145843,35,211584
14521,0.001917,74.125.24.0-255,1484,147327,35,211584
14522,0.001921,74.125.24.0-255,1484,148811,35,211584
14523,0.001923,172.31.33.0-255,66,148877,35,211584
14524,0.001937,74.125.24.0-255,1484,150361,35,211584
14525,0.001941,74.125.24.0-255,2902,153263,35,211584
14526,0.001943,172.31.33.0-255,66,153329,35,211584
14527,0.001963,74.125.24.0-255,2902,156231,35,211584
14528,0.001966,172.31.33.0-255,66,156297,35,211584
14529,0.00198,172.31.33.0-255,66,156363,35,211584
14530,0.001999,74.125.24.0-255,2902,159265,35,211584
14531,0.002003,172.31.33.0-255,66,159331,35,211584
14532,0.00201,172.31.33.0-255,66,159397,35,211584
14533,0.002452,74.125.24.0-255,1484,160881,35,211584
14534,0.002459,74.125.24.0-255,2902,163783,35,211584
14535,0.002462,172.31.33.0-255,66,163849,35,211584
14536,0.002487,74.125.24.0-255,5738,169587,35,211584
14537,0.002504,172.31.33.0-255,66,169653,35,211584
14538,0.002516,172.31.33.0-255,66,169719,35,211584
14539,0.002533,74.125.24.0-255,1484,171203,35,211584
14540,0.002572,74.125.24.0-255,2902,174105,35,211584
14541,0.002574,172.31.33.0-255,66,174171,35,211584
14542,0.002599,172.31.33.0-255,66,174237,35,211584
14543,0.002679,74.125.24.0-255,1484,175721,35,211584
14544,0.002683,74.125.24.0-255,1484,177205,35,211584
14545,0.002687,172.31.33.0-255,66,177271,35,211584
14546,0.002708,74.125.24.0-255,1484,178755,35,211584
14547,0.002718,74.125.24.0-255,5738,184493,35,211584
14548,0.002721,172.31.33.0-255,66,184559,35,211584
14549,0.002728,74.125.24.0-255,5738,190297,35,211584
14550,0.00273,172.31.33.0-255,66,190363,35,211584
14551,0.002766,172.31.33.0-255,66,190429,35,211584
14552,0.002769,74.125.24.0-255,1484,191913,35,211584
14553,0.002787,74.125.24.0-255,6438,198351,35,211584
14554,0.002791,172.31.33.0-255,66,198417,35,211584
14555,0.002801,172.31.33.0-255,66,198483,35,211584
14556,0.002835,74.125.24.0-255,5738,204221,35,211584
14557,0.002839,172.31.33.0-255,66,204287,35,211584
14558,0.002872,172.31.33.0-255,66,204353,35,211584
14559,0.002893,74.125.24.0-255,2902,207255,35,211584
14560,0.002896,172.31.33.0-255,66,207321,35,211584
14561,0.002917,172.31.33.0-255,66,207387,35,211584
14562,0.002931,172.31.33.0-255,66,207453,35,211584
14563,0.002935,74.125.24.0-255,2340,209793,35,211584
14564,0.002937,172.31.33.0-255,66,209859,35,211584
14565,0.002959,74.125.24.0-255,105,209964,35,211584
14566,0.015531,172.31.33.0-255,66,210030,35,211584
14567,0.015563,172.31.33.0-255,105,210135,35,211584
14568,0.01779,74.125.24.0-255,66,210201,35,211584
14569,0.044182,172.31.33.0-255,172,210373,35,211584
14570,0.04421,172.31.33.0-255,1079,211452,35,211584
14571,0.045706,104.244.42.0-255,66,211518,35,211584
14572,0.045748,104.244.42.0-255,66,211584,35,211584
14573,0.0,74.125.24.0-255,153,153,35,98983
14574,3.4e-05,172.31.33.0-255,66,219,35,98983
14575,4.2e-05,74.125.24.0-255,1484,1703,35,98983
14576,4.6e-05,172.31.33.0-255,66,1769,35,98983
14577,5.1e-05,74.125.24.0-255,2902,4671,35,98983
14578,5.4e-05,172.31.33.0-255,66,4737,35,98983
14579,7.6e-05,74.125.24.0-255,4320,9057,35,98983
14580,7.8e-05,172.31.33.0-255,66,9123,35,98983
14581,9.7e-05,74.125.24.0-255,2902,12025,35,98983
14582,9.9e-05,172.31.33.0-255,66,12091,35,98983
14583,0.000195,74.125.24.0-255,2093,14184,35,98983
14584,0.000201,172.31.33.0-255,66,14250,35,98983
14585,0.000236,74.125.24.0-255,2902,17152,35,98983
14586,0.000239,172.31.33.0-255,66,17218,35,98983
14587,0.000277,74.125.24.0-255,4320,21538,35,98983
14588,0.00028,172.31.33.0-255,66,21604,35,98983
14589,0.000299,74.125.24.0-255,2902,24506,35,98983
14590,0.000301,172.31.33.0-255,66,24572,35,98983
14591,0.00039,74.125.24.0-255,1484,26056,35,98983
14592,0.000394,172.31.33.0-255,66,26122,35,98983
14593,0.000431,172.31.33.0-255,66,26188,35,98983
14594,0.000653,172.31.33.0-255,66,26254,35,98983
14595,0.000778,74.125.24.0-255,2902,29156,35,98983
14596,0.000782,172.31.33.0-255,66,29222,35,98983
14597,0.000833,74.125.24.0-255,5738,34960,35,98983
14598,0.000837,172.31.33.0-255,66,35026,35,98983
14599,0.000851,74.125.24.0-255,7156,42182,35,98983
14600,0.000854,172.31.33.0-255,66,42248,35,98983
14601,0.001041,74.125.24.0-255,4320,46568,35,98983
14602,0.001046,172.31.33.0-255,66,46634,35,98983
14603,0.001111,172.31.33.0-255,66,46700,35,98983
14604,0.001498,172.31.33.0-255,66,46766,35,98983
14605,0.001617,74.125.24.0-255,7156,53922,35,98983
14606,0.001645,172.31.33.0-255,66,53988,35,98983
14607,0.001675,172.31.33.0-255,66,54054,35,98983
14608,0.001927,74.125.24.0-255,2902,56956,35,98983
14609,0.001931,172.31.33.0-255,66,57022,35,98983
14610,0.001973,172.31.33.0-255,66,57088,35,98983
14611,0.00218,74.125.24.0-255,4320,61408,35,98983
14612,0.002185,172.31.33.0-255,66,61474,35,98983
14613,0.00224,74.125.24.0-255,3602,65076,35,98983
14614,0.00225,172.31.33.0-255,66,65142,35,98983
14615,0.002914,74.125.24.0-255,7156,72298,35,98983
14616,0.002919,172.31.33.0-255,66,72364,35,98983
14617,0.002968,172.31.33.0-255,66,72430,35,98983
14618,0.003011,172.31.33.0-255,66,72496,35,98983
14619,0.003821,74.125.24.0-255,7156,79652,35,98983
14620,0.003826,172.31.33.0-255,66,79718,35,98983
14621,0.003921,172.31.33.0-255,66,79784,35,98983
14622,0.003925,172.31.33.0-255,66,79850,35,98983
14623,0.004623,74.125.24.0-255,1484,81334,35,98983
14624,0.004646,74.125.24.0-255,7156,88490,35,98983
14625,0.004651,172.31.33.0-255,66,88556,35,98983
14626,0.004765,74.125.24.0-255,5738,94294,35,98983
14627,0.004773,172.31.33.0-255,66,94360,35,98983
14628,0.005635,74.125.24.0-255,4320,98680,35,98983
14629,0.005643,172.31.33.0-255,66,98746,35,98983
14630,0.011883,172.31.33.0-255,66,98812,35,98983
14631,0.012431,172.31.33.0-255,105,98917,35,98983
14632,0.01472,74.125.24.0-255,66,98983,35,98983
14633,0.0,74.125.200.0-255,146,146,35,358509
14634,2.8e-05,172.31.33.0-255,66,212,35,358509
14635,3.5e-05,74.125.200.0-255,1484,1696,35,358509
14636,3.9e-05,172.31.33.0-255,66,1762,35,358509
14637,7.1e-05,74.125.200.0-255,2902,4664,35,358509
14638,7.4e-05,172.31.33.0-255,66,4730,35,358509
14639,7.6e-05,74.125.200.0-255,1484,6214,35,358509
14640,8e-05,172.31.33.0-255,66,6280,35,358509
14641,0.000101,74.125.200.0-255,2902,9182,35,358509
14642,0.000103,172.31.33.0-255,66,9248,35,358509
14643,0.00013,74.125.200.0-255,1484,10732,35,358509
14644,0.000133,172.31.33.0-255,66,10798,35,358509
14645,0.000149,74.125.200.0-255,3506,14304,35,358509
14646,0.000152,172.31.33.0-255,66,14370,35,358509
14647,0.000233,74.125.200.0-255,1484,15854,35,358509
14648,0.000236,172.31.33.0-255,66,15920,35,358509
14649,0.000241,74.125.200.0-255,2902,18822,35,358509
14650,0.000243,172.31.33.0-255,66,18888,35,358509
14651,0.000264,74.125.200.0-255,5738,24626,35,358509
14652,0.000266,172.31.33.0-255,66,24692,35,358509
14653,0.00027,74.125.200.0-255,2902,27594,35,358509
14654,0.000273,172.31.33.0-255,66,27660,35,358509
14655,0.000289,74.125.200.0-255,2902,30562,35,358509
14656,0.000296,172.31.33.0-255,66,30628,35,358509
14657,0.000316,74.125.200.0-255,6797,37425,35,358509
14658,0.00032,172.31.33.0-255,66,37491,35,358509
14659,0.000322,74.125.200.0-255,1484,38975,35,358509
14660,0.000324,172.31.33.0-255,66,39041,35,358509
14661,0.000351,74.125.200.0-255,4320,43361,35,358509
14662,0.000355,172.31.33.0-255,66,43427,35,358509
14663,0.000386,74.125.200.0-255,5379,48806,35,358509
14664,0.00039,172.31.33.0-255,66,48872,35,358509
14665,0.000414,74.125.200.0-255,5738,54610,35,358509
14666,0.000417,172.31.33.0-255,66,54676,35,358509
14667,0.000478,172.31.33.0-255,66,54742,35,358509
14668,0.000507,74.125.200.0-255,1403,56145,35,358509
14669,0.00051,172.31.33.0-255,66,56211,35,358509
14670,0.000719,74.125.200.0-255,131,56342,35,358509
14671,0.000723,172.31.33.0-255,66,56408,35,358509
14672,0.000885,74.125.200.0-255,1484,57892,35,358509
14673,0.00089,172.31.33.0-255,66,57958,35,358509
14674,0.000899,74.125.200.0-255,2902,60860,35,358509
14675,0.000902,172.31.33.0-255,66,60926,35,358509
14676,0.000916,74.125.200.0-255,5738,66664,35,358509
14677,0.000918,172.31.33.0-255,66,66730,35,358509
14678,0.00095,74.125.200.0-255,6797,73527,35,358509
14679,0.000953,172.31.33.0-255,66,73593,35,358509
14680,0.000959,74.125.200.0-255,2902,76495,35,358509
14681,0.000961,172.31.33.0-255,66,76561,35,358509
14682,0.001002,74.125.200.0-255,4320,80881,35,358509
14683,0.001006,172.31.33.0-255,66,80947,35,358509
14684,0.001013,74.125.200.0-255,5738,86685,35,358509
14685,0.001015,172.31.33.0-255,66,86751,35,358509
14686,0.001049,74.125.200.0-255,3961,90712,35,358509
14687,0.001053,172.31.33.0-255,66,90778,35,358509
14688,0.001157,74.125.200.0-255,1484,92262,35,358509
14689,0.001163,172.31.33.0-255,66,92328,35,358509
14690,0.001169,74.125.200.0-255,2902,95230,35,358509
14691,0.001171,172.31.33.0-255,66,95296,35,358509
14692,0.001192,74.125.200.0-255,5738,101034,35,358509
14693,0.0012,172.31.33.0-255,66,101100,35,358509
14694,0.001237,74.125.200.0-255,4320,105420,35,358509
14695,0.001241,172.31.33.0-255,66,105486,35,358509
14696,0.001269,74.125.200.0-255,5738,111224,35,358509
14697,0.001272,172.31.33.0-255,66,111290,35,358509
14698,0.001313,172.31.33.0-255,66,111356,35,358509
14699,0.001338,74.125.200.0-255,3602,114958,35,358509
14700,0.001342,172.31.33.0-255,66,115024,35,358509
14701,0.001385,74.125.200.0-255,4320,119344,35,358509
14702,0.00139,172.31.33.0-255,66,119410,35,358509
14703,0.001395,74.125.200.0-255,2902,122312,35,358509
14704,0.001397,172.31.33.0-255,66,122378,35,358509
14705,0.001403,74.125.200.0-255,4320,126698,35,358509
14706,0.001412,172.31.33.0-255,66,126764,35,358509
14707,0.001417,74.125.200.0-255,2902,129666,35,358509
14708,0.00142,172.31.33.0-255,66,129732,35,358509
14709,0.001448,74.125.200.0-255,5738,135470,35,358509
14710,0.001451,172.31.33.0-255,66,135536,35,358509
14711,0.001458,74.125.200.0-255,5738,141274,35,358509
14712,0.00146,172.31.33.0-255,66,141340,35,358509
14713,0.001491,74.125.200.0-255,7156,148496,35,358509
14714,0.001495,172.31.33.0-255,66,148562,35,358509
14715,0.001498,74.125.200.0-255,766,149328,35,358509
14716,0.001591,74.125.200.0-255,1484,150812,35,358509
14717,0.001595,172.31.33.0-255,66,150878,35,358509
14718,0.0016,74.125.200.0-255,2902,153780,35,358509
14719,0.001602,172.31.33.0-255,66,153846,35,358509
14720,0.001631,74.125.200.0-255,5738,159584,35,358509
14721,0.001634,172.31.33.0-255,66,159650,35,358509
14722,0.001683,172.31.33.0-255,66,159716,35,358509
14723,0.001723,74.125.200.0-255,1484,161200,35,358509
14724,0.001735,74.125.200.0-255,2902,164102,35,358509
14725,0.001738,172.31.33.0-255,66,164168,35,358509
14726,0.001743,172.31.33.0-255,66,164234,35,358509
14727,0.001749,74.125.200.0-255,1484,165718,35,358509
14728,0.001768,74.125.200.0-255,2902,168620,35,358509
14729,0.001791,172.31.33.0-255,66,168686,35,358509
14730,0.001822,74.125.200.0-255,1484,170170,35,358509
14731,0.001834,74.125.200.0-255,2902,173072,35,358509
14732,0.001838,172.31.33.0-255,66,173138,35,358509
14733,0.001863,74.125.200.0-255,2902,176040,35,358509
14734,0.001866,172.31.33.0-255,66,176106,35,358509
14735,0.00187,74.125.200.0-255,1484,177590,35,358509
14736,0.001892,74.125.200.0-255,2902,180492,35,358509
14737,0.001894,172.31.33.0-255,66,180558,35,358509
14738,0.001923,74.125.200.0-255,1484,182042,35,358509
14739,0.001935,74.125.200.0-255,2902,184944,35,358509
14740,0.001941,172.31.33.0-255,66,185010,35,358509
14741,0.001953,74.125.200.0-255,4320,189330,35,358509
14742,0.001967,74.125.200.0-255,1484,190814,35,358509
14743,0.00198,172.31.33.0-255,66,190880,35,358509
14744,0.002013,74.125.200.0-255,3602,194482,35,358509
14745,0.002049,172.31.33.0-255,66,194548,35,358509
14746,0.003961,74.125.200.0-255,1484,196032,35,358509
14747,0.004027,74.125.200.0-255,4320,200352,35,358509
14748,0.004032,172.31.33.0-255,66,200418,35,358509
14749,0.006025,74.125.200.0-255,5738,206156,35,358509
14750,0.006032,172.31.33.0-255,66,206222,35,358509
14751,0.008327,74.125.200.0-255,5738,211960,35,358509
14752,0.008339,172.31.33.0-255,66,212026,35,358509
14753,0.010353,74.125.200.0-255,5738,217764,35,358509
14754,0.010372,172.31.33.0-255,66,217830,35,358509
14755,0.012384,74.125.200.0-255,5738,223568,35,358509
14756,0.012404,172.31.33.0-255,66,223634,35,358509
14757,0.014412,74.125.200.0-255,5738,229372,35,358509
14758,0.014423,172.31.33.0-255,66,229438,35,358509
14759,0.016423,74.125.200.0-255,5738,235176,35,358509
14760,0.016436,172.31.33.0-255,66,235242,35,358509
14761,0.018457,74.125.200.0-255,5738,240980,35,358509
14762,0.018473,172.31.33.0-255,66,241046,35,358509
14763,0.020489,74.125.200.0-255,5738,246784,35,358509
14764,0.020509,172.31.33.0-255,66,246850,35,358509
14765,0.022538,74.125.200.0-255,5738,252588,35,358509
14766,0.022552,172.31.33.0-255,66,252654,35,358509
14767,0.024543,74.125.200.0-255,5738,258392,35,358509
14768,0.02455,172.31.33.0-255,66,258458,35,358509
14769,0.026536,74.125.200.0-255,5738,264196,35,358509
14770,0.026543,172.31.33.0-255,66,264262,35,358509
14771,0.028537,74.125.200.0-255,5738,270000,35,358509
14772,0.028544,172.31.33.0-255,66,270066,35,358509
14773,0.030536,74.125.200.0-255,5738,275804,35,358509
14774,0.030543,172.31.33.0-255,66,275870,35,358509
14775,0.032539,74.125.200.0-255,5738,281608,35,358509
14776,0.032547,172.31.33.0-255,66,281674,35,358509
14777,0.034561,74.125.200.0-255,5738,287412,35,358509
14778,0.034576,172.31.33.0-255,66,287478,35,358509
14779,0.036568,74.125.200.0-255,5738,293216,35,358509
14780,0.036574,172.31.33.0-255,66,293282,35,358509
14781,0.038596,74.125.200.0-255,5738,299020,35,358509
14782,0.038613,172.31.33.0-255,66,299086,35,358509
14783,0.040618,74.125.200.0-255,5738,304824,35,358509
14784,0.040625,172.31.33.0-255,66,304890,35,358509
14785,0.042639,74.125.200.0-255,5738,310628,35,358509
14786,0.042665,172.31.33.0-255,66,310694,35,358509
14787,0.044658,74.125.200.0-255,5738,316432,35,358509
14788,0.044664,172.31.33.0-255,66,316498,35,358509
14789,0.044857,172.31.33.0-255,172,316670,35,358509
14790,0.044888,172.31.33.0-255,1079,317749,35,358509
14791,0.046411,104.244.42.0-255,66,317815,35,358509
14792,0.046442,104.244.42.0-255,66,317881,35,358509
14793,0.046656,74.125.200.0-255,5738,323619,35,358509
14794,0.046661,172.31.33.0-255,66,323685,35,358509
14795,0.048655,74.125.200.0-255,5738,329423,35,358509
14796,0.048663,172.31.33.0-255,66,329489,35,358509
14797,0.050662,74.125.200.0-255,5738,335227,35,358509
14798,0.050667,172.31.33.0-255,66,335293,35,358509
14799,0.052675,74.125.200.0-255,5738,341031,35,358509
14800,0.052681,172.31.33.0-255,66,341097,35,358509
14801,0.054667,74.125.200.0-255,5738,346835,35,358509
14802,0.054674,172.31.33.0-255,66,346901,35,358509
14803,0.056662,74.125.200.0-255,5738,352639,35,358509
14804,0.056667,172.31.33.0-255,66,352705,35,358509
14805,0.058667,74.125.200.0-255,5738,358443,35,358509
14806,0.058671,172.31.33.0-255,66,358509,35,358509
14807,0.0,172.31.33.0-255,105,105,35,276
14808,0.002254,157.240.7.0-255,105,210,35,276
14809,0.002267,172.31.33.0-255,66,276,35,276
14810,0.0,172.31.33.0-255,105,105,35,276
14811,0.001796,157.240.7.0-255,105,210,35,276
14812,0.001806,172.31.33.0-255,66,276,35,276
14813,0.0,172.217.194.0-255,153,153,35,236470
14814,2e-05,172.31.33.0-255,66,219,35,236470
14815,2.6e-05,172.217.194.0-255,1484,1703,35,236470
14816,2.9e-05,172.31.33.0-255,66,1769,35,236470
14817,3.3e-05,172.217.194.0-255,2902,4671,35,236470
14818,3.5e-05,172.31.33.0-255,66,4737,35,236470
14819,5.6e-05,172.217.194.0-255,7156,11893,35,236470
14820,5.8e-05,172.31.33.0-255,66,11959,35,236470
14821,6.2e-05,172.217.194.0-255,2031,13990,35,236470
14822,6.3e-05,172.31.33.0-255,66,14056,35,236470
14823,0.000137,172.217.194.0-255,1484,15540,35,236470
14824,0.00014,172.31.33.0-255,66,15606,35,236470
14825,0.000146,172.217.194.0-255,2902,18508,35,236470
14826,0.000148,172.31.33.0-255,66,18574,35,236470
14827,0.000166,172.217.194.0-255,4320,22894,35,236470
14828,0.000168,172.31.33.0-255,66,22960,35,236470
14829,0.000178,172.217.194.0-255,1484,24444,35,236470
14830,0.00018,172.31.33.0-255,66,24510,35,236470
14831,0.000185,172.217.194.0-255,4320,28830,35,236470
14832,0.000187,172.31.33.0-255,66,28896,35,236470
14833,0.000211,172.217.194.0-255,2543,31439,35,236470
14834,0.000213,172.31.33.0-255,66,31505,35,236470
14835,0.000218,172.217.194.0-255,4320,35825,35,236470
14836,0.00022,172.31.33.0-255,66,35891,35,236470
14837,0.000241,172.31.33.0-255,66,35957,35,236470
14838,0.000269,172.217.194.0-255,2543,38500,35,236470
14839,0.000273,172.31.33.0-255,66,38566,35,236470
14840,0.000278,172.217.194.0-255,2902,41468,35,236470
14841,0.00028,172.31.33.0-255,66,41534,35,236470
14842,0.000285,172.217.194.0-255,4320,45854,35,236470
14843,0.000295,172.31.33.0-255,66,45920,35,236470
14844,0.000321,172.217.194.0-255,2902,48822,35,236470
14845,0.000324,172.31.33.0-255,66,48888,35,236470
14846,0.000332,172.217.194.0-255,6797,55685,35,236470
14847,0.000335,172.31.33.0-255,66,55751,35,236470
14848,0.000351,172.217.194.0-255,360,56111,35,236470
14849,0.000758,172.31.33.0-255,66,56177,35,236470
14850,0.000864,172.217.194.0-255,382,56559,35,236470
14851,0.001109,172.217.194.0-255,1484,58043,35,236470
14852,0.001114,172.31.33.0-255,66,58109,35,236470
14853,0.00112,172.217.194.0-255,2902,61011,35,236470
14854,0.001122,172.31.33.0-255,66,61077,35,236470
14855,0.001126,172.217.194.0-255,2902,63979,35,236470
14856,0.001128,172.31.33.0-255,66,64045,35,236470
14857,0.001148,172.217.194.0-255,2902,66947,35,236470
14858,0.00115,172.31.33.0-255,66,67013,35,236470
14859,0.001157,172.217.194.0-255,7156,74169,35,236470
14860,0.001159,172.31.33.0-255,66,74235,35,236470
14861,0.001178,172.217.194.0-255,7156,81391,35,236470
14862,0.00118,172.31.33.0-255,66,81457,35,236470
14863,0.001197,172.217.194.0-255,7156,88613,35,236470
14864,0.0012,172.31.33.0-255,66,88679,35,236470
14865,0.001204,172.217.194.0-255,2184,90863,35,236470
14866,0.001205,172.31.33.0-255,66,90929,35,236470
14867,0.001671,172.217.194.0-255,1484,92413,35,236470
14868,0.001677,172.217.194.0-255,1484,93897,35,236470
14869,0.001681,172.31.33.0-255,66,93963,35,236470
14870,0.001696,172.217.194.0-255,1484,95447,35,236470
14871,0.0017,172.217.194.0-255,2902,98349,35,236470
14872,0.001702,172.31.33.0-255,66,98415,35,236470
14873,0.001707,172.217.194.0-255,4320,102735,35,236470
14874,0.001709,172.31.33.0-255,66,102801,35,236470
14875,0.00175,172.31.33.0-255,66,102867,35,236470
14876,0.001755,172.217.194.0-255,5738,108605,35,236470
14877,0.001757,172.31.33.0-255,66,108671,35,236470
14878,0.001798,172.217.194.0-255,2902,111573,35,236470
14879,0.0018,172.31.33.0-255,66,111639,35,236470
14880,0.00182,172.217.194.0-255,5020,116659,35,236470
14881,0.001823,172.31.33.0-255,66,116725,35,236470
14882,0.001977,172.217.194.0-255,1484,118209,35,236470
14883,0.00198,172.217.194.0-255,1484,119693,35,236470
14884,0.001981,172.31.33.0-255,66,119759,35,236470
14885,0.001991,172.217.194.0-255,1484,121243,35,236470
14886,0.002003,172.217.194.0-255,4320,125563,35,236470
14887,0.002005,172.31.33.0-255,66,125629,35,236470
14888,0.002015,172.217.194.0-255,1484,127113,35,236470
14889,0.002047,172.217.194.0-255,2902,130015,35,236470
14890,0.002049,172.31.33.0-255,66,130081,35,236470
14891,0.002074,172.31.33.0-255,66,130147,35,236470
14892,0.002078,172.217.194.0-255,4320,134467,35,236470
14893,0.002079,172.31.33.0-255,66,134533,35,236470
14894,0.002102,172.31.33.0-255,66,134599,35,236470
14895,0.002139,172.217.194.0-255,5738,140337,35,236470
14896,0.002141,172.31.33.0-255,66,140403,35,236470
14897,0.002156,172.217.194.0-255,4320,144723,35,236470
14898,0.002157,172.31.33.0-255,66,144789,35,236470
14899,0.002166,172.31.33.0-255,66,144855,35,236470
14900,0.002183,172.31.33.0-255,66,144921,35,236470
14901,0.00221,172.217.194.0-255,2902,147823,35,236470
14902,0.002211,172.31.33.0-255,66,147889,35,236470
14903,0.002231,172.217.194.0-255,7156,155045,35,236470
14904,0.002233,172.31.33.0-255,66,155111,35,236470
14905,0.002238,172.217.194.0-255,7156,162267,35,236470
14906,0.00224,172.31.33.0-255,66,162333,35,236470
14907,0.002263,172.217.194.0-255,4320,166653,35,236470
14908,0.002265,172.31.33.0-255,66,166719,35,236470
14909,0.002272,172.217.194.0-255,7156,173875,35,236470
14910,0.002273,172.31.33.0-255,66,173941,35,236470
14911,0.002283,172.217.194.0-255,2902,176843,35,236470
14912,0.002284,172.31.33.0-255,66,176909,35,236470
14913,0.002308,172.217.194.0-255,2184,179093,35,236470
14914,0.00231,172.31.33.0-255,66,179159,35,236470
14915,0.002321,172.31.33.0-255,66,179225,35,236470
14916,0.00233,172.217.194.0-255,5738,184963,35,236470
14917,0.002332,172.31.33.0-255,66,185029,35,236470
14918,0.002337,172.217.194.0-255,7156,192185,35,236470
14919,0.00234,172.31.33.0-255,66,192251,35,236470
14920,0.002344,172.217.194.0-255,4320,196571,35,236470
14921,0.002346,172.31.33.0-255,66,196637,35,236470
14922,0.002372,172.217.194.0-255,5020,201657,35,236470
14923,0.002374,172.31.33.0-255,66,201723,35,236470
14924,0.002379,172.217.194.0-255,5738,207461,35,236470
14925,0.002381,172.31.33.0-255,66,207527,35,236470
14926,0.002393,172.217.194.0-255,1484,209011,35,236470
14927,0.002417,172.31.33.0-255,66,209077,35,236470
14928,0.002422,172.217.194.0-255,4320,213397,35,236470
14929,0.002423,172.31.33.0-255,66,213463,35,236470
14930,0.002439,172.217.194.0-255,4320,217783,35,236470
14931,0.002442,172.31.33.0-255,66,217849,35,236470
14932,0.002444,172.217.194.0-255,1484,219333,35,236470
14933,0.002462,172.217.194.0-255,1484,220817,35,236470
14934,0.002464,172.31.33.0-255,66,220883,35,236470
14935,0.002483,172.31.33.0-255,66,220949,35,236470
14936,0.002512,172.31.33.0-255,66,221015,35,236470
14937,0.002517,172.217.194.0-255,5738,226753,35,236470
14938,0.002519,172.31.33.0-255,66,226819,35,236470
14939,0.002574,172.31.33.0-255,66,226885,35,236470
14940,0.002577,172.217.194.0-255,1484,228369,35,236470
14941,0.002587,172.31.33.0-255,66,228435,35,236470
14942,0.002601,172.217.194.0-255,1484,229919,35,236470
14943,0.002641,172.31.33.0-255,66,229985,35,236470
14944,0.002672,172.217.194.0-255,1484,231469,35,236470
14945,0.002682,172.31.33.0-255,66,231535,35,236470
14946,0.002691,172.31.33.0-255,66,231601,35,236470
14947,0.002694,172.217.194.0-255,1484,233085,35,236470
14948,0.002707,172.31.33.0-255,66,233151,35,236470
14949,0.00271,172.217.194.0-255,97,233248,35,236470
14950,0.002711,172.217.194.0-255,105,233353,35,236470
14951,0.007711,172.31.33.0-255,66,233419,35,236470
14952,0.007734,172.31.33.0-255,105,233524,35,236470
14953,0.010021,172.217.194.0-255,66,233590,35,236470
14954,0.028899,172.31.33.0-255,176,233766,35,236470
14955,0.028923,172.31.33.0-255,1107,234873,35,236470
14956,0.028979,172.31.33.0-255,1399,236272,35,236470
14957,0.030488,104.244.42.0-255,66,236338,35,236470
14958,0.030495,104.244.42.0-255,66,236404,35,236470
14959,0.030543,104.244.42.0-255,66,236470,35,236470
14960,0.0,172.217.160.0-255,153,153,35,274326
14961,2.3e-05,172.31.33.0-255,66,219,35,274326
14962,3.1e-05,172.217.160.0-255,1484,1703,35,274326
14963,3.5e-05,172.31.33.0-255,66,1769,35,274326
14964,4.2e-05,172.217.160.0-255,2902,4671,35,274326
14965,4.6e-05,172.31.33.0-255,66,4737,35,274326
14966,5.3e-05,172.217.160.0-255,7156,11893,35,274326
14967,5.8e-05,172.31.33.0-255,66,11959,35,274326
14968,6.5e-05,172.217.160.0-255,7156,19115,35,274326
14969,6.9e-05,172.31.33.0-255,66,19181,35,274326
14970,9.6e-05,172.217.160.0-255,4945,24126,35,274326
14971,9.9e-05,172.31.33.0-255,66,24192,35,274326
14972,0.000106,172.217.160.0-255,5738,29930,35,274326
14973,0.000109,172.31.33.0-255,66,29996,35,274326
14974,0.000127,172.217.160.0-255,1125,31121,35,274326
14975,0.000129,172.31.33.0-255,66,31187,35,274326
14976,0.000169,172.217.160.0-255,1484,32671,35,274326
14977,0.000172,172.31.33.0-255,66,32737,35,274326
14978,0.000178,172.217.160.0-255,4320,37057,35,274326
14979,0.00018,172.31.33.0-255,66,37123,35,274326
14980,0.000186,172.217.160.0-255,4320,41443,35,274326
14981,0.000188,172.31.33.0-255,66,41509,35,274326
14982,0.000219,172.217.160.0-255,5738,47247,35,274326
14983,0.000222,172.31.33.0-255,66,47313,35,274326
14984,0.000234,172.31.33.0-255,66,47379,35,274326
14985,0.000254,172.217.160.0-255,2543,49922,35,274326
14986,0.000257,172.31.33.0-255,66,49988,35,274326
14987,0.000293,172.217.160.0-255,5690,55678,35,274326
14988,0.000296,172.31.33.0-255,66,55744,35,274326
14989,0.000661,172.217.160.0-255,103,55847,35,274326
14990,0.000667,172.31.33.0-255,66,55913,35,274326
14991,0.000724,172.217.160.0-255,1484,57397,35,274326
14992,0.00073,172.217.160.0-255,2902,60299,35,274326
14993,0.000733,172.31.33.0-255,66,60365,35,274326
14994,0.000758,172.217.160.0-255,5738,66103,35,274326
14995,0.000762,172.31.33.0-255,66,66169,35,274326
14996,0.000769,172.217.160.0-255,6797,72966,35,274326
14997,0.000772,172.31.33.0-255,66,73032,35,274326
14998,0.000814,172.31.33.0-255,66,73098,35,274326
14999,0.000836,172.217.160.0-255,5738,78836,35,274326
15000,0.000838,172.31.33.0-255,66,78902,35,274326
15001,0.000843,172.217.160.0-255,2543,81445,35,274326
15002,0.000846,172.31.33.0-255,66,81511,35,274326
15003,0.001041,172.217.160.0-255,1484,82995,35,274326
15004,0.001048,172.217.160.0-255,2902,85897,35,274326
15005,0.001051,172.31.33.0-255,66,85963,35,274326
15006,0.001058,172.217.160.0-255,5738,91701,35,274326
15007,0.00106,172.31.33.0-255,66,91767,35,274326
15008,0.001105,172.217.160.0-255,5738,97505,35,274326
15009,0.001108,172.31.33.0-255,66,97571,35,274326
15010,0.00113,172.217.160.0-255,4320,101891,35,274326
15011,0.001132,172.31.33.0-255,66,101957,35,274326
15012,0.001145,172.31.33.0-255,66,102023,35,274326
15013,0.001149,172.217.160.0-255,2184,104207,35,274326
15014,0.001151,172.31.33.0-255,66,104273,35,274326
15015,0.001156,172.217.160.0-255,2902,107175,35,274326
15016,0.001158,172.31.33.0-255,66,107241,35,274326
15017,0.001182,172.217.160.0-255,7156,114397,35,274326
15018,0.001184,172.31.33.0-255,66,114463,35,274326
15019,0.001224,172.31.33.0-255,66,114529,35,274326
15020,0.001246,172.217.160.0-255,4320,118849,35,274326
15021,0.001249,172.31.33.0-255,66,118915,35,274326
15022,0.001267,172.31.33.0-255,66,118981,35,274326
15023,0.001282,172.31.33.0-255,66,119047,35,274326
15024,0.001306,172.31.33.0-255,66,119113,35,274326
15025,0.001344,172.31.33.0-255,66,119179,35,274326
15026,0.001357,172.31.33.0-255,66,119245,35,274326
15027,0.001394,172.217.160.0-255,7156,126401,35,274326
15028,0.001397,172.31.33.0-255,66,126467,35,274326
15029,0.001403,172.217.160.0-255,5738,132205,35,274326
15030,0.001406,172.31.33.0-255,66,132271,35,274326
15031,0.001409,172.217.160.0-255,1484,133755,35,274326
15032,0.001414,172.217.160.0-255,2902,136657,35,274326
15033,0.001417,172.31.33.0-255,66,136723,35,274326
15034,0.001423,172.217.160.0-255,4734,141457,35,274326
15035,0.001425,172.31.33.0-255,66,141523,35,274326
15036,0.001453,172.217.160.0-255,5738,147261,35,274326
15037,0.001456,172.31.33.0-255,66,147327,35,274326
15038,0.001462,172.217.160.0-255,4320,151647,35,274326
15039,0.001465,172.31.33.0-255,66,151713,35,274326
15040,0.001481,172.217.160.0-255,1484,153197,35,274326
15041,0.001485,172.217.160.0-255,2902,156099,35,274326
15042,0.001487,172.31.33.0-255,66,156165,35,274326
15043,0.001517,172.217.160.0-255,1484,157649,35,274326
15044,0.001537,172.217.160.0-255,4320,161969,35,274326
15045,0.001539,172.31.33.0-255,66,162035,35,274326
15046,0.001545,172.217.160.0-255,7156,169191,35,274326
15047,0.001547,172.31.33.0-255,66,169257,35,274326
15048,0.001565,172.217.160.0-255,2902,172159,35,274326
15049,0.001567,172.31.33.0-255,66,172225,35,274326
15050,0.001587,172.217.160.0-255,3602,175827,35,274326
15051,0.00159,172.31.33.0-255,66,175893,35,274326
15052,0.001596,172.217.160.0-255,7156,183049,35,274326
15053,0.001598,172.31.33.0-255,66,183115,35,274326
15054,0.001601,172.217.160.0-255,1484,184599,35,274326
15055,0.001627,172.217.160.0-255,5738,190337,35,274326
15056,0.00163,172.31.33.0-255,66,190403,35,274326
15057,0.001639,172.31.33.0-255,66,190469,35,274326
15058,0.001654,172.217.160.0-255,4320,194789,35,274326
15059,0.001656,172.31.33.0-255,66,194855,35,274326
15060,0.00167,172.217.160.0-255,4320,199175,35,274326
15061,0.001672,172.31.33.0-255,66,199241,35,274326
15062,0.001675,172.217.160.0-255,1484,200725,35,274326
15063,0.001707,172.217.160.0-255,766,201491,35,274326
15064,0.00171,172.31.33.0-255,66,201557,35,274326
15065,0.00179,172.217.160.0-255,1484,203041,35,274326
15066,0.001795,172.217.160.0-255,2902,205943,35,274326
15067,0.001798,172.31.33.0-255,66,206009,35,274326
15068,0.001837,172.217.160.0-255,2902,208911,35,274326
15069,0.001839,172.31.33.0-255,66,208977,35,274326
15070,0.001842,172.217.160.0-255,1484,210461,35,274326
15071,0.001865,172.217.160.0-255,5738,216199,35,274326
15072,0.001867,172.31.33.0-255,66,216265,35,274326
15073,0.00187,172.217.160.0-255,1484,217749,35,274326
15074,0.001886,172.217.160.0-255,2902,220651,35,274326
15075,0.001889,172.31.33.0-255,66,220717,35,274326
15076,0.001927,172.217.160.0-255,3602,224319,35,274326
15077,0.00193,172.31.33.0-255,66,224385,35,274326
15078,0.001937,172.31.33.0-255,66,224451,35,274326
15079,0.001962,172.217.160.0-255,4320,228771,35,274326
15080,0.001965,172.31.33.0-255,66,228837,35,274326
15081,0.001984,172.217.160.0-255,5738,234575,35,274326
15082,0.001987,172.31.33.0-255,66,234641,35,274326
15083,0.002007,172.217.160.0-255,4320,238961,35,274326
15084,0.00201,172.31.33.0-255,66,239027,35,274326
15085,0.002027,172.217.160.0-255,5738,244765,35,274326
15086,0.00203,172.217.160.0-255,2902,247667,35,274326
15087,0.002033,172.31.33.0-255,66,247733,35,274326
15088,0.002036,172.31.33.0-255,66,247799,35,274326
15089,0.002045,172.217.160.0-255,4320,252119,35,274326
15090,0.002049,172.31.33.0-255,66,252185,35,274326
15091,0.002062,172.217.160.0-255,6438,258623,35,274326
15092,0.002064,172.31.33.0-255,66,258689,35,274326
15093,0.002067,172.217.160.0-255,1484,260173,35,274326
15094,0.002092,172.217.160.0-255,5738,265911,35,274326
15095,0.002095,172.31.33.0-255,66,265977,35,274326
15096,0.002099,172.217.160.0-255,2902,268879,35,274326
15097,0.0021,172.31.33.0-255,66,268945,35,274326
15098,0.002121,172.31.33.0-255,66,269011,35,274326
15099,0.002143,172.217.160.0-255,1484,270495,35,274326
15100,0.002149,172.217.160.0-255,3423,273918,35,274326
15101,0.002151,172.31.33.0-255,66,273984,35,274326
15102,0.002169,172.217.160.0-255,105,274089,35,274326
15103,0.011866,172.31.33.0-255,66,274155,35,274326
15104,0.011919,172.31.33.0-255,105,274260,35,274326
15105,0.013502,172.217.160.0-255,66,274326,35,274326
15106,0.0,172.217.194.0-255,146,146,35,261974
15107,3e-05,172.31.33.0-255,66,212,35,261974
15108,3.7e-05,172.217.194.0-255,1484,1696,35,261974
15109,4.1e-05,172.31.33.0-255,66,1762,35,261974
15110,4.6e-05,172.217.194.0-255,2902,4664,35,261974
15111,4.8e-05,172.31.33.0-255,66,4730,35,261974
15112,6.3e-05,172.217.194.0-255,7156,11886,35,261974
15113,6.5e-05,172.31.33.0-255,66,11952,35,261974
15114,6.8e-05,172.217.194.0-255,2050,14002,35,261974
15115,7.1e-05,172.31.33.0-255,66,14068,35,261974
15116,0.000121,172.31.33.0-255,66,14134,35,261974
15117,0.000124,172.217.194.0-255,1484,15618,35,261974
15118,0.000126,172.31.33.0-255,66,15684,35,261974
15119,0.000162,172.217.194.0-255,3961,19645,35,261974
15120,0.000165,172.31.33.0-255,66,19711,35,261974
15121,0.000201,172.217.194.0-255,4320,24031,35,261974
15122,0.000205,172.31.33.0-255,66,24097,35,261974
15123,0.000208,172.217.194.0-255,1484,25581,35,261974
15124,0.00021,172.31.33.0-255,66,25647,35,261974
15125,0.000232,172.217.194.0-255,4320,29967,35,261974
15126,0.000236,172.31.33.0-255,66,30033,35,261974
15127,0.000248,172.31.33.0-255,66,30099,35,261974
15128,0.000278,172.217.194.0-255,3961,34060,35,261974
15129,0.000281,172.31.33.0-255,66,34126,35,261974
15130,0.000289,172.217.194.0-255,7156,41282,35,261974
15131,0.000291,172.31.33.0-255,66,41348,35,261974
15132,0.000315,172.217.194.0-255,3961,45309,35,261974
15133,0.000319,172.31.33.0-255,66,45375,35,261974
15134,0.000322,172.217.194.0-255,379,45754,35,261974
15135,0.000326,172.31.33.0-255,66,45820,35,261974
15136,0.000357,172.217.194.0-255,366,46186,35,261974
15137,0.000614,172.217.194.0-255,1484,47670,35,261974
15138,0.000619,172.31.33.0-255,66,47736,35,261974
15139,0.000626,172.217.194.0-255,2902,50638,35,261974
15140,0.000629,172.31.33.0-255,66,50704,35,261974
15141,0.000641,172.217.194.0-255,5738,56442,35,261974
15142,0.000644,172.31.33.0-255,66,56508,35,261974
15143,0.000685,172.31.33.0-255,66,56574,35,261974
15144,0.000714,172.217.194.0-255,4320,60894,35,261974
15145,0.000718,172.31.33.0-255,66,60960,35,261974
15146,0.000725,172.217.194.0-255,7156,68116,35,261974
15147,0.000728,172.31.33.0-255,66,68182,35,261974
15148,0.000732,172.217.194.0-255,3602,71784,35,261974
15149,0.000735,172.31.33.0-255,66,71850,35,261974
15150,0.001065,172.217.194.0-255,1484,73334,35,261974
15151,0.001095,172.217.194.0-255,2902,76236,35,261974
15152,0.001099,172.31.33.0-255,66,76302,35,261974
15153,0.001132,172.217.194.0-255,5738,82040,35,261974
15154,0.001137,172.31.33.0-255,66,82106,35,261974
15155,0.001138,172.217.194.0-255,4320,86426,35,261974
15156,0.001141,172.31.33.0-255,66,86492,35,261974
15157,0.001168,172.217.194.0-255,5738,92230,35,261974
15158,0.001171,172.31.33.0-255,66,92296,35,261974
15159,0.001199,172.217.194.0-255,7156,99452,35,261974
15160,0.001202,172.31.33.0-255,66,99518,35,261974
15161,0.001227,172.217.194.0-255,6438,105956,35,261974
15162,0.00123,172.31.33.0-255,66,106022,35,261974
15163,0.001299,172.217.194.0-255,1484,107506,35,261974
15164,0.001304,172.217.194.0-255,2902,110408,35,261974
15165,0.001307,172.31.33.0-255,66,110474,35,261974
15166,0.001322,172.217.194.0-255,1484,111958,35,261974
15167,0.001336,172.217.194.0-255,4320,116278,35,261974
15168,0.001339,172.31.33.0-255,66,116344,35,261974
15169,0.001344,172.217.194.0-255,4320,120664,35,261974
15170,0.001347,172.31.33.0-255,66,120730,35,261974
15171,0.001373,172.31.33.0-255,66,120796,35,261974
15172,0.001397,172.217.194.0-255,2902,123698,35,261974
15173,0.001401,172.31.33.0-255,66,123764,35,261974
15174,0.001412,172.31.33.0-255,66,123830,35,261974
15175,0.001525,172.217.194.0-255,1484,125314,35,261974
15176,0.001544,172.217.194.0-255,1484,126798,35,261974
15177,0.001548,172.31.33.0-255,66,126864,35,261974
15178,0.001557,172.217.194.0-255,1484,128348,35,261974
15179,0.001568,172.217.194.0-255,5738,134086,35,261974
15180,0.001571,172.31.33.0-255,66,134152,35,261974
15181,0.001591,172.217.194.0-255,5738,139890,35,261974
15182,0.001594,172.31.33.0-255,66,139956,35,261974
15183,0.001624,172.217.194.0-255,7156,147112,35,261974
15184,0.001627,172.31.33.0-255,66,147178,35,261974
15185,0.001667,172.31.33.0-255,66,147244,35,261974
15186,0.001693,172.217.194.0-255,2902,150146,35,261974
15187,0.001697,172.31.33.0-255,66,150212,35,261974
15188,0.001701,172.217.194.0-255,2902,153114,35,261974
15189,0.001703,172.31.33.0-255,66,153180,35,261974
15190,0.001726,172.217.194.0-255,1484,154664,35,261974
15191,0.001731,172.217.194.0-255,2902,157566,35,261974
15192,0.001738,172.31.33.0-255,66,157632,35,261974
15193,0.001767,172.217.194.0-255,5738,163370,35,261974
15194,0.001771,172.31.33.0-255,66,163436,35,261974
15195,0.00178,172.31.33.0-255,66,163502,35,261974
15196,0.001806,172.217.194.0-255,2902,166404,35,261974
15197,0.001809,172.31.33.0-255,66,166470,35,261974
15198,0.001836,172.217.194.0-255,6438,172908,35,261974
15199,0.001839,172.31.33.0-255,66,172974,35,261974
15200,0.00219,172.217.194.0-255,1484,174458,35,261974
15201,0.002195,172.217.194.0-255,2902,177360,35,261974
15202,0.002199,172.31.33.0-255,66,177426,35,261974
15203,0.002208,172.217.194.0-255,5738,183164,35,261974
15204,0.002217,172.31.33.0-255,66,183230,35,261974
15205,0.002257,172.31.33.0-255,66,183296,35,261974
15206,0.002263,172.217.194.0-255,2902,186198,35,261974
15207,0.002265,172.31.33.0-255,66,186264,35,261974
15208,0.002323,172.31.33.0-255,66,186330,35,261974
15209,0.002326,172.217.194.0-255,1484,187814,35,261974
15210,0.00233,172.217.194.0-255,2902,190716,35,261974
15211,0.002333,172.31.33.0-255,66,190782,35,261974
15212,0.002367,172.217.194.0-255,5738,196520,35,261974
15213,0.00237,172.31.33.0-255,66,196586,35,261974
15214,0.002376,172.217.194.0-255,5738,202324,35,261974
15215,0.002378,172.31.33.0-255,66,202390,35,261974
15216,0.002429,172.31.33.0-255,66,202456,35,261974
15217,0.002434,172.217.194.0-255,4320,206776,35,261974
15218,0.002436,172.31.33.0-255,66,206842,35,261974
15219,0.002475,172.31.33.0-255,66,206908,35,261974
15220,0.002508,172.217.194.0-255,2184,209092,35,261974
15221,0.002511,172.31.33.0-255,66,209158,35,261974
15222,0.002515,172.217.194.0-255,1484,210642,35,261974
15223,0.002571,172.31.33.0-255,66,210708,35,261974
15224,0.002614,172.217.194.0-255,766,211474,35,261974
15225,0.002618,172.217.194.0-255,1484,212958,35,261974
15226,0.002621,172.31.33.0-255,66,213024,35,261974
15227,0.00264,172.31.33.0-255,66,213090,35,261974
15228,0.002645,172.217.194.0-255,5738,218828,35,261974
15229,0.002647,172.31.33.0-255,66,218894,35,261974
15230,0.002649,172.217.194.0-255,1484,220378,35,261974
15231,0.002654,172.217.194.0-255,3602,223980,35,261974
15232,0.002657,172.31.33.0-255,66,224046,35,261974
15233,0.002662,172.217.194.0-255,5738,229784,35,261974
15234,0.002664,172.31.33.0-255,66,229850,35,261974
15235,0.00267,172.217.194.0-255,5738,235588,35,261974
15236,0.002672,172.31.33.0-255,66,235654,35,261974
15237,0.002711,172.217.194.0-255,5738,241392,35,261974
15238,0.002715,172.31.33.0-255,66,241458,35,261974
15239,0.002721,172.217.194.0-255,5738,247196,35,261974
15240,0.002724,172.31.33.0-255,66,247262,35,261974
15241,0.002758,172.217.194.0-255,4262,251524,35,261974
15242,0.002763,172.31.33.0-255,66,251590,35,261974
15243,0.00279,172.217.194.0-255,105,251695,35,261974
15244,0.015125,172.31.33.0-255,66,251761,35,261974
15245,0.015157,172.31.33.0-255,105,251866,35,261974
15246,0.017537,172.217.194.0-255,66,251932,35,261974
15247,0.046137,172.31.33.0-255,172,252104,35,261974
15248,0.046167,172.31.33.0-255,1107,253211,35,261974
15249,0.04621,172.31.33.0-255,1514,254725,35,261974
15250,0.046212,172.31.33.0-255,1514,256239,35,261974
15251,0.046216,172.31.33.0-255,1514,257753,35,261974
15252,0.046217,172.31.33.0-255,1514,259267,35,261974
15253,0.046238,172.31.33.0-255,1514,260781,35,261974
15254,0.046239,172.31.33.0-255,929,261710,35,261974
15255,0.0477,104.244.42.0-255,66,261776,35,261974
15256,0.047711,104.244.42.0-255,66,261842,35,261974
15257,0.047874,104.244.42.0-255,66,261908,35,261974
15258,0.047897,104.244.42.0-255,66,261974,35,261974
15259,0.0,172.217.194.0-255,298,298,35,227100
15260,1.4e-05,172.31.33.0-255,66,364,35,227100
15261,2e-05,172.217.194.0-255,1484,1848,35,227100
15262,2.4e-05,172.31.33.0-255,66,1914,35,227100
15263,3e-05,172.217.194.0-255,4320,6234,35,227100
15264,4e-05,172.31.33.0-255,66,6300,35,227100
15265,4.5e-05,172.217.194.0-255,4320,10620,35,227100
15266,4.8e-05,172.31.33.0-255,66,10686,35,227100
15267,6.4e-05,172.217.194.0-255,2902,13588,35,227100
15268,6.9e-05,172.31.33.0-255,66,13654,35,227100
15269,7.2e-05,172.217.194.0-255,490,14144,35,227100
15270,7.4e-05,172.31.33.0-255,66,14210,35,227100
15271,0.000183,172.217.194.0-255,1484,15694,35,227100
15272,0.000186,172.31.33.0-255,66,15760,35,227100
15273,0.000191,172.217.194.0-255,2902,18662,35,227100
15274,0.000193,172.31.33.0-255,66,18728,35,227100
15275,0.000218,172.217.194.0-255,5738,24466,35,227100
15276,0.00022,172.31.33.0-255,66,24532,35,227100
15277,0.000242,172.217.194.0-255,5738,30270,35,227100
15278,0.000244,172.31.33.0-255,66,30336,35,227100
15279,0.000286,172.217.194.0-255,6797,37133,35,227100
15280,0.000288,172.31.33.0-255,66,37199,35,227100
15281,0.000295,172.217.194.0-255,7156,44355,35,227100
15282,0.000297,172.31.33.0-255,66,44421,35,227100
15283,0.000337,172.217.194.0-255,3961,48382,35,227100
15284,0.00034,172.31.33.0-255,66,48448,35,227100
15285,0.000666,172.217.194.0-255,1484,49932,35,227100
15286,0.000671,172.31.33.0-255,66,49998,35,227100
15287,0.000675,172.217.194.0-255,1484,51482,35,227100
15288,0.000677,172.31.33.0-255,66,51548,35,227100
15289,0.000702,172.217.194.0-255,1484,53032,35,227100
15290,0.000704,172.31.33.0-255,66,53098,35,227100
15291,0.000713,172.217.194.0-255,5738,58836,35,227100
15292,0.000715,172.31.33.0-255,66,58902,35,227100
15293,0.000737,172.217.194.0-255,7098,66000,35,227100
15294,0.000739,172.31.33.0-255,66,66066,35,227100
15295,0.000798,172.217.194.0-255,376,66442,35,227100
15296,0.000963,172.217.194.0-255,1484,67926,35,227100
15297,0.000968,172.31.33.0-255,66,67992,35,227100
15298,0.000973,172.217.194.0-255,2902,70894,35,227100
15299,0.000976,172.31.33.0-255,66,70960,35,227100
15300,0.000988,172.217.194.0-255,5738,76698,35,227100
15301,0.00099,172.31.33.0-255,66,76764,35,227100
15302,0.001023,172.31.33.0-255,66,76830,35,227100
15303,0.001062,172.31.33.0-255,66,76896,35,227100
15304,0.001486,172.217.194.0-255,1484,78380,35,227100
15305,0.001493,172.217.194.0-255,2902,81282,35,227100
15306,0.001497,172.31.33.0-255,66,81348,35,227100
15307,0.001506,172.217.194.0-255,5738,87086,35,227100
15308,0.001508,172.31.33.0-255,66,87152,35,227100
15309,0.001549,172.31.33.0-255,66,87218,35,227100
15310,0.001555,172.217.194.0-255,5738,92956,35,227100
15311,0.001558,172.31.33.0-255,66,93022,35,227100
15312,0.001585,172.217.194.0-255,5020,98042,35,227100
15313,0.001587,172.31.33.0-255,66,98108,35,227100
15314,0.001602,172.217.194.0-255,2902,101010,35,227100
15315,0.001604,172.31.33.0-255,66,101076,35,227100
15316,0.001636,172.217.194.0-255,7156,108232,35,227100
15317,0.001638,172.31.33.0-255,66,108298,35,227100
15318,0.001651,172.31.33.0-255,66,108364,35,227100
15319,0.001696,172.217.194.0-255,5738,114102,35,227100
15320,0.001699,172.31.33.0-255,66,114168,35,227100
15321,0.00173,172.217.194.0-255,6438,120606,35,227100
15322,0.001734,172.31.33.0-255,66,120672,35,227100
15323,0.001748,172.31.33.0-255,66,120738,35,227100
15324,0.001752,172.217.194.0-255,4320,125058,35,227100
15325,0.001754,172.31.33.0-255,66,125124,35,227100
15326,0.001793,172.31.33.0-255,66,125190,35,227100
15327,0.001821,172.217.194.0-255,1484,126674,35,227100
15328,0.001826,172.217.194.0-255,2902,129576,35,227100
15329,0.001828,172.31.33.0-255,66,129642,35,227100
15330,0.001834,172.217.194.0-255,5738,135380,35,227100
15331,0.001836,172.31.33.0-255,66,135446,35,227100
15332,0.001839,172.217.194.0-255,1484,136930,35,227100
15333,0.00187,172.31.33.0-255,66,136996,35,227100
15334,0.001876,172.217.194.0-255,5738,142734,35,227100
15335,0.001879,172.31.33.0-255,66,142800,35,227100
15336,0.001913,172.217.194.0-255,5020,147820,35,227100
15337,0.001915,172.31.33.0-255,66,147886,35,227100
15338,0.002254,172.217.194.0-255,1484,149370,35,227100
15339,0.002258,172.217.194.0-255,1484,150854,35,227100
15340,0.002261,172.31.33.0-255,66,150920,35,227100
15341,0.002286,172.217.194.0-255,1484,152404,35,227100
15342,0.002292,172.217.194.0-255,5738,158142,35,227100
15343,0.002294,172.31.33.0-255,66,158208,35,227100
15344,0.00231,172.31.33.0-255,66,158274,35,227100
15345,0.002347,172.217.194.0-255,1484,159758,35,227100
15346,0.002358,172.31.33.0-255,66,159824,35,227100
15347,0.002408,172.217.194.0-255,1484,161308,35,227100
15348,0.002418,172.217.194.0-255,2902,164210,35,227100
15349,0.002421,172.31.33.0-255,66,164276,35,227100
15350,0.002423,172.217.194.0-255,1484,165760,35,227100
15351,0.002445,172.217.194.0-255,4320,170080,35,227100
15352,0.002447,172.31.33.0-255,66,170146,35,227100
15353,0.002464,172.217.194.0-255,5738,175884,35,227100
15354,0.002467,172.31.33.0-255,66,175950,35,227100
15355,0.002494,172.217.194.0-255,7156,183106,35,227100
15356,0.002496,172.31.33.0-255,66,183172,35,227100
15357,0.002505,172.31.33.0-255,66,183238,35,227100
15358,0.002528,172.217.194.0-255,2184,185422,35,227100
15359,0.00253,172.31.33.0-255,66,185488,35,227100
15360,0.002572,172.217.194.0-255,2902,188390,35,227100
15361,0.002574,172.31.33.0-255,66,188456,35,227100
15362,0.002577,172.217.194.0-255,1484,189940,35,227100
15363,0.002599,172.217.194.0-255,2902,192842,35,227100
15364,0.002601,172.31.33.0-255,66,192908,35,227100
15365,0.00261,172.31.33.0-255,66,192974,35,227100
15366,0.002614,172.217.194.0-255,4320,197294,35,227100
15367,0.002616,172.31.33.0-255,66,197360,35,227100
15368,0.002649,172.217.194.0-255,4320,201680,35,227100
15369,0.002651,172.31.33.0-255,66,201746,35,227100
15370,0.002653,172.217.194.0-255,1484,203230,35,227100
15371,0.00266,172.217.194.0-255,7156,210386,35,227100
15372,0.002662,172.31.33.0-255,66,210452,35,227100
15373,0.002682,172.217.194.0-255,3602,214054,35,227100
15374,0.002684,172.31.33.0-255,66,214120,35,227100
15375,0.002718,172.217.194.0-255,4320,218440,35,227100
15376,0.00272,172.31.33.0-255,66,218506,35,227100
15377,0.002744,172.217.194.0-255,1484,219990,35,227100
15378,0.002755,172.31.33.0-255,66,220056,35,227100
15379,0.00277,172.31.33.0-255,66,220122,35,227100
15380,0.002792,172.217.194.0-255,5020,225142,35,227100
15381,0.002794,172.31.33.0-255,66,225208,35,227100
15382,0.002797,172.217.194.0-255,1484,226692,35,227100
15383,0.002839,172.31.33.0-255,66,226758,35,227100
15384,0.002861,172.217.194.0-255,105,226863,35,227100
15385,0.011531,172.31.33.0-255,66,226929,35,227100
15386,0.011581,172.31.33.0-255,105,227034,35,227100
15387,0.014091,172.217.194.0-255,66,227100,35,227100
15388,0.0,172.31.33.0-255,105,105,35,276
15389,0.001759,157.240.7.0-255,105,210,35,276
15390,0.00177,172.31.33.0-255,66,276,35,276
15391,0.0,172.31.33.0-255,105,105,35,276
15392,0.002216,157.240.7.0-255,105,210,35,276
15393,0.002225,172.31.33.0-255,66,276,35,276
15394,0.0,172.31.33.0-255,105,105,35,276
15395,0.001756,157.240.7.0-255,105,210,35,276
15396,0.001765,172.31.33.0-255,66,276,35,276
15397,0.0,172.217.160.0-255,153,153,35,276771
15398,2.8e-05,172.31.33.0-255,66,219,35,276771
15399,3.4e-05,172.217.160.0-255,1484,1703,35,276771
15400,3.9e-05,172.31.33.0-255,66,1769,35,276771
15401,4.3e-05,172.217.160.0-255,2902,4671,35,276771
15402,4.6e-05,172.31.33.0-255,66,4737,35,276771
15403,5.1e-05,172.217.160.0-255,5738,10475,35,276771
15404,5.4e-05,172.31.33.0-255,66,10541,35,276771
15405,9.5e-05,172.217.160.0-255,5738,16279,35,276771
15406,9.8e-05,172.31.33.0-255,66,16345,35,276771
15407,0.00012,172.217.160.0-255,3527,19872,35,276771
15408,0.000123,172.31.33.0-255,66,19938,35,276771
15409,0.000133,172.31.33.0-255,66,20004,35,276771
15410,0.000136,172.217.160.0-255,1125,21129,35,276771
15411,0.000138,172.31.33.0-255,66,21195,35,276771
15412,0.000203,172.217.160.0-255,1484,22679,35,276771
15413,0.000206,172.31.33.0-255,66,22745,35,276771
15414,0.000217,172.217.160.0-255,1484,24229,35,276771
15415,0.00022,172.31.33.0-255,66,24295,35,276771
15416,0.000243,172.217.160.0-255,1484,25779,35,276771
15417,0.000245,172.31.33.0-255,66,25845,35,276771
15418,0.000251,172.217.160.0-255,5738,31583,35,276771
15419,0.000253,172.31.33.0-255,66,31649,35,276771
15420,0.000259,172.217.160.0-255,6797,38446,35,276771
15421,0.000261,172.31.33.0-255,66,38512,35,276771
15422,0.00036,172.217.160.0-255,1484,39996,35,276771
15423,0.000363,172.31.33.0-255,66,40062,35,276771
15424,0.000368,172.217.160.0-255,2902,42964,35,276771
15425,0.000373,172.31.33.0-255,66,43030,35,276771
15426,0.000382,172.217.160.0-255,2902,45932,35,276771
15427,0.000384,172.31.33.0-255,66,45998,35,276771
15428,0.000399,172.217.160.0-255,2902,48900,35,276771
15429,0.000401,172.31.33.0-255,66,48966,35,276771
15430,0.000407,172.217.160.0-255,6797,55763,35,276771
15431,0.00041,172.31.33.0-255,66,55829,35,276771
15432,0.000424,172.217.160.0-255,374,56203,35,276771
15433,0.000586,172.217.160.0-255,102,56305,35,276771
15434,0.000691,172.31.33.0-255,66,56371,35,276771
15435,0.000695,172.217.160.0-255,1484,57855,35,276771
15436,0.000699,172.217.160.0-255,1484,59339,35,276771
15437,0.000701,172.31.33.0-255,66,59405,35,276771
15438,0.000718,172.217.160.0-255,1484,60889,35,276771
15439,0.000724,172.217.160.0-255,5738,66627,35,276771
15440,0.000726,172.31.33.0-255,66,66693,35,276771
15441,0.000764,172.217.160.0-255,6797,73490,35,276771
15442,0.000767,172.31.33.0-255,66,73556,35,276771
15443,0.00078,172.217.160.0-255,5738,79294,35,276771
15444,0.000782,172.31.33.0-255,66,79360,35,276771
15445,0.000795,172.217.160.0-255,1484,80844,35,276771
15446,0.000835,172.217.160.0-255,2902,83746,35,276771
15447,0.000837,172.31.33.0-255,66,83812,35,276771
15448,0.000861,172.217.160.0-255,7095,90907,35,276771
15449,0.000863,172.31.33.0-255,66,90973,35,276771
15450,0.000971,172.217.160.0-255,1484,92457,35,276771
15451,0.000977,172.217.160.0-255,2902,95359,35,276771
15452,0.000979,172.31.33.0-255,66,95425,35,276771
15453,0.000984,172.217.160.0-255,4320,99745,35,276771
15454,0.000985,172.31.33.0-255,66,99811,35,276771
15455,0.000997,172.217.160.0-255,1484,101295,35,276771
15456,0.001,172.217.160.0-255,1484,102779,35,276771
15457,0.001002,172.31.33.0-255,66,102845,35,276771
15458,0.001029,172.31.33.0-255,66,102911,35,276771
15459,0.001067,172.31.33.0-255,66,102977,35,276771
15460,0.001084,172.217.160.0-255,2184,105161,35,276771
15461,0.001087,172.31.33.0-255,66,105227,35,276771
15462,0.001403,172.217.160.0-255,1484,106711,35,276771
15463,0.001411,172.217.160.0-255,2902,109613,35,276771
15464,0.001414,172.31.33.0-255,66,109679,35,276771
15465,0.00142,172.217.160.0-255,5738,115417,35,276771
15466,0.001422,172.31.33.0-255,66,115483,35,276771
15467,0.001462,172.31.33.0-255,66,115549,35,276771
15468,0.001468,172.217.160.0-255,5738,121287,35,276771
15469,0.001469,172.31.33.0-255,66,121353,35,276771
15470,0.001485,172.217.160.0-255,5020,126373,35,276771
15471,0.001488,172.31.33.0-255,66,126439,35,276771
15472,0.001538,172.217.160.0-255,1484,127923,35,276771
15473,0.001541,172.217.160.0-255,1484,129407,35,276771
15474,0.001544,172.31.33.0-255,66,129473,35,276771
15475,0.001562,172.217.160.0-255,1484,130957,35,276771
15476,0.001567,172.217.160.0-255,5738,136695,35,276771
15477,0.00157,172.31.33.0-255,66,136761,35,276771
15478,0.001626,172.217.160.0-255,2902,139663,35,276771
15479,0.00163,172.31.33.0-255,66,139729,35,276771
15480,0.001656,172.31.33.0-255,66,139795,35,276771
15481,0.001662,172.217.160.0-255,5738,145533,35,276771
15482,0.001664,172.31.33.0-255,66,145599,35,276771
15483,0.00168,172.217.160.0-255,5020,150619,35,276771
15484,0.001682,172.31.33.0-255,66,150685,35,276771
15485,0.001689,172.217.160.0-255,5738,156423,35,276771
15486,0.001692,172.31.33.0-255,66,156489,35,276771
15487,0.001694,172.217.160.0-255,1484,157973,35,276771
15488,0.001697,172.217.160.0-255,1484,159457,35,276771
15489,0.001699,172.31.33.0-255,66,159523,35,276771
15490,0.001701,172.217.160.0-255,1484,161007,35,276771
15491,0.001723,172.217.160.0-255,7156,168163,35,276771
15492,0.001725,172.31.33.0-255,66,168229,35,276771
15493,0.001746,172.217.160.0-255,7156,175385,35,276771
15494,0.001747,172.31.33.0-255,66,175451,35,276771
15495,0.001757,172.31.33.0-255,66,175517,35,276771
15496,0.001858,172.217.160.0-255,1484,177001,35,276771
15497,0.001866,172.217.160.0-255,1484,178485,35,276771
15498,0.001868,172.31.33.0-255,66,178551,35,276771
15499,0.001885,172.217.160.0-255,1484,180035,35,276771
15500,0.001889,172.217.160.0-255,4320,184355,35,276771
15501,0.001891,172.31.33.0-255,66,184421,35,276771
15502,0.001894,172.217.160.0-255,1484,185905,35,276771
15503,0.001896,172.217.160.0-255,1484,187389,35,276771
15504,0.001898,172.31.33.0-255,66,187455,35,276771
15505,0.001906,172.217.160.0-255,2902,190357,35,276771
15506,0.001909,172.31.33.0-255,66,190423,35,276771
15507,0.00193,172.217.160.0-255,1484,191907,35,276771
15508,0.001932,172.217.160.0-255,1484,193391,35,276771
15509,0.001934,172.31.33.0-255,66,193457,35,276771
15510,0.001943,172.31.33.0-255,66,193523,35,276771
15511,0.001948,172.217.160.0-255,4320,197843,35,276771
15512,0.00195,172.31.33.0-255,66,197909,35,276771
15513,0.001974,172.217.160.0-255,3602,201511,35,276771
15514,0.001976,172.31.33.0-255,66,201577,35,276771
15515,0.001999,172.217.160.0-255,4320,205897,35,276771
15516,0.002001,172.31.33.0-255,66,205963,35,276771
15517,0.00203,172.31.33.0-255,66,206029,35,276771
15518,0.002036,172.217.160.0-255,7156,213185,35,276771
15519,0.002038,172.31.33.0-255,66,213251,35,276771
15520,0.002044,172.217.160.0-255,7156,220407,35,276771
15521,0.002046,172.31.33.0-255,66,220473,35,276771
15522,0.002059,172.217.160.0-255,766,221239,35,276771
15523,0.002062,172.217.160.0-255,1484,222723,35,276771
15524,0.002064,172.31.33.0-255,66,222789,35,276771
15525,0.002094,172.217.160.0-255,7156,229945,35,276771
15526,0.002097,172.31.33.0-255,66,230011,35,276771
15527,0.002102,172.217.160.0-255,5738,235749,35,276771
15528,0.002105,172.31.33.0-255,66,235815,35,276771
15529,0.002116,172.31.33.0-255,66,235881,35,276771
15530,0.002136,172.217.160.0-255,1484,237365,35,276771
15531,0.00215,172.217.160.0-255,6438,243803,35,276771
15532,0.002153,172.31.33.0-255,66,243869,35,276771
15533,0.002157,172.217.160.0-255,2902,246771,35,276771
15534,0.002159,172.31.33.0-255,66,246837,35,276771
15535,0.002175,172.217.160.0-255,4320,251157,35,276771
15536,0.002177,172.31.33.0-255,66,251223,35,276771
15537,0.00218,172.217.160.0-255,1484,252707,35,276771
15538,0.002207,172.31.33.0-255,66,252773,35,276771
15539,0.002217,172.31.33.0-255,66,252839,35,276771
15540,0.00252,172.217.160.0-255,1484,254323,35,276771
15541,0.002526,172.217.160.0-255,2902,257225,35,276771
15542,0.002528,172.217.160.0-255,1484,258709,35,276771
15543,0.00253,172.31.33.0-255,66,258775,35,276771
15544,0.002552,172.217.160.0-255,4320,263095,35,276771
15545,0.002555,172.31.33.0-255,66,263161,35,276771
15546,0.002566,172.31.33.0-255,66,263227,35,276771
15547,0.002578,172.217.160.0-255,1484,264711,35,276771
15548,0.002605,172.217.160.0-255,5738,270449,35,276771
15549,0.002609,172.31.33.0-255,66,270515,35,276771
15550,0.002625,172.217.160.0-255,79,270594,35,276771
15551,0.002628,172.217.160.0-255,105,270699,35,276771
15552,0.010566,172.217.160.0-255,105,270804,35,276771
15553,0.010582,172.31.33.0-255,78,270882,35,276771
15554,0.012558,172.31.33.0-255,105,270987,35,276771
15555,0.014181,172.217.160.0-255,66,271053,35,276771
15556,0.059815,172.31.33.0-255,172,271225,35,276771
15557,0.059842,172.31.33.0-255,1109,272334,35,276771
15558,0.059907,172.31.33.0-255,1514,273848,35,276771
15559,0.059909,172.31.33.0-255,1514,275362,35,276771
15560,0.059912,172.31.33.0-255,1409,276771,35,276771
15561,0.0,172.31.33.0-255,105,105,35,276
15562,0.001759,157.240.7.0-255,105,210,35,276
15563,0.001769,172.31.33.0-255,66,276,35,276
15564,0.0,74.125.24.0-255,153,153,35,152252
15565,2.1e-05,172.31.33.0-255,66,219,35,152252
15566,2.7e-05,74.125.24.0-255,1484,1703,35,152252
15567,3.1e-05,172.31.33.0-255,66,1769,35,152252
15568,3.6e-05,74.125.24.0-255,2902,4671,35,152252
15569,4.5e-05,172.31.33.0-255,66,4737,35,152252
15570,5.4e-05,74.125.24.0-255,7156,11893,35,152252
15571,5.7e-05,172.31.33.0-255,66,11959,35,152252
15572,0.000115,172.31.33.0-255,66,12025,35,152252
15573,0.000119,74.125.24.0-255,2902,14927,35,152252
15574,0.000121,172.31.33.0-255,66,14993,35,152252
15575,0.000145,74.125.24.0-255,3961,18954,35,152252
15576,0.000151,172.31.33.0-255,66,19020,35,152252
15577,0.000171,74.125.24.0-255,1484,20504,35,152252
15578,0.000173,172.31.33.0-255,66,20570,35,152252
15579,0.000197,74.125.24.0-255,4320,24890,35,152252
15580,0.000199,172.31.33.0-255,66,24956,35,152252
15581,0.000205,74.125.24.0-255,7156,32112,35,152252
15582,0.000207,172.31.33.0-255,66,32178,35,152252
15583,0.000233,74.125.24.0-255,3961,36139,35,152252
15584,0.000235,172.31.33.0-255,66,36205,35,152252
15585,0.000285,74.125.24.0-255,1484,37689,35,152252
15586,0.000287,172.31.33.0-255,66,37755,35,152252
15587,0.000311,74.125.24.0-255,2902,40657,35,152252
15588,0.000314,172.31.33.0-255,66,40723,35,152252
15589,0.000319,74.125.24.0-255,5738,46461,35,152252
15590,0.000321,172.31.33.0-255,66,46527,35,152252
15591,0.000325,74.125.24.0-255,2902,49429,35,152252
15592,0.000327,172.31.33.0-255,66,49495,35,152252
15593,0.000352,74.125.24.0-255,3961,53456,35,152252
15594,0.000354,172.31.33.0-255,66,53522,35,152252
15595,0.00036,74.125.24.0-255,679,54201,35,152252
15596,0.000666,74.125.24.0-255,1484,55685,35,152252
15597,0.000671,74.125.24.0-255,2902,58587,35,152252
15598,0.000677,74.125.24.0-255,5738,64325,35,152252
15599,0.000678,74.125.24.0-255,1484,65809,35,152252
15600,0.000684,172.31.33.0-255,66,65875,35,152252
15601,0.000693,172.31.33.0-255,66,65941,35,152252
15602,0.000696,172.31.33.0-255,66,66007,35,152252
15603,0.000712,172.31.33.0-255,66,66073,35,152252
15604,0.00075,172.31.33.0-255,66,66139,35,152252
15605,0.001003,74.125.24.0-255,1484,67623,35,152252
15606,0.00101,74.125.24.0-255,2902,70525,35,152252
15607,0.001014,172.31.33.0-255,66,70591,35,152252
15608,0.001019,74.125.24.0-255,4320,74911,35,152252
15609,0.001021,172.31.33.0-255,66,74977,35,152252
15610,0.001042,74.125.24.0-255,1484,76461,35,152252
15611,0.00106,172.31.33.0-255,66,76527,35,152252
15612,0.001098,172.31.33.0-255,66,76593,35,152252
15613,0.00113,74.125.24.0-255,4320,80913,35,152252
15614,0.001132,172.31.33.0-255,66,80979,35,152252
15615,0.001135,74.125.24.0-255,1484,82463,35,152252
15616,0.001161,74.125.24.0-255,4320,86783,35,152252
15617,0.001164,172.31.33.0-255,66,86849,35,152252
15618,0.001174,172.31.33.0-255,66,86915,35,152252
15619,0.001208,172.31.33.0-255,66,86981,35,152252
15620,0.00121,74.125.24.0-255,766,87747,35,152252
15621,0.001237,74.125.24.0-255,1484,89231,35,152252
15622,0.001239,172.31.33.0-255,66,89297,35,152252
15623,0.001242,74.125.24.0-255,1484,90781,35,152252
15624,0.001265,74.125.24.0-255,2902,93683,35,152252
15625,0.001267,172.31.33.0-255,66,93749,35,152252
15626,0.001276,172.31.33.0-255,66,93815,35,152252
15627,0.00129,74.125.24.0-255,4320,98135,35,152252
15628,0.001296,172.31.33.0-255,66,98201,35,152252
15629,0.001317,74.125.24.0-255,4320,102521,35,152252
15630,0.001319,172.31.33.0-255,66,102587,35,152252
15631,0.001341,172.31.33.0-255,66,102653,35,152252
15632,0.001454,74.125.24.0-255,1484,104137,35,152252
15633,0.001473,74.125.24.0-255,2902,107039,35,152252
15634,0.001476,172.31.33.0-255,66,107105,35,152252
15635,0.00148,74.125.24.0-255,2902,110007,35,152252
15636,0.001482,172.31.33.0-255,66,110073,35,152252
15637,0.001499,74.125.24.0-255,2902,112975,35,152252
15638,0.001501,172.31.33.0-255,66,113041,35,152252
15639,0.001504,74.125.24.0-255,1484,114525,35,152252
15640,0.00152,172.31.33.0-255,66,114591,35,152252
15641,0.001555,172.31.33.0-255,66,114657,35,152252
15642,0.001563,74.125.24.0-255,2184,116841,35,152252
15643,0.001565,172.31.33.0-255,66,116907,35,152252
15644,0.001679,74.125.24.0-255,1484,118391,35,152252
15645,0.001684,74.125.24.0-255,2902,121293,35,152252
15646,0.001686,172.31.33.0-255,66,121359,35,152252
15647,0.001689,74.125.24.0-255,1484,122843,35,152252
15648,0.001713,74.125.24.0-255,4320,127163,35,152252
15649,0.001715,172.31.33.0-255,66,127229,35,152252
15650,0.00172,74.125.24.0-255,4320,131549,35,152252
15651,0.001721,172.31.33.0-255,66,131615,35,152252
15652,0.001762,172.31.33.0-255,66,131681,35,152252
15653,0.001772,172.31.33.0-255,66,131747,35,152252
15654,0.001811,172.31.33.0-255,66,131813,35,152252
15655,0.001845,172.31.33.0-255,66,131879,35,152252
15656,0.00185,74.125.24.0-255,7156,139035,35,152252
15657,0.001852,172.31.33.0-255,66,139101,35,152252
15658,0.001878,74.125.24.0-255,2184,141285,35,152252
15659,0.001895,172.31.33.0-255,66,141351,35,152252
15660,0.001898,172.31.33.0-255,66,141417,35,152252
15661,0.001907,74.125.24.0-255,5738,147155,35,152252
15662,0.001913,172.31.33.0-255,66,147221,35,152252
15663,0.001955,172.31.33.0-255,66,147287,35,152252
15664,0.001969,172.31.33.0-255,66,147353,35,152252
15665,0.001983,172.31.33.0-255,66,147419,35,152252
15666,0.00201,74.125.24.0-255,1484,148903,35,152252
15667,0.002043,172.31.33.0-255,66,148969,35,152252
15668,0.002096,172.31.33.0-255,66,149035,35,152252
15669,0.002098,74.125.24.0-255,105,149140,35,152252
15670,0.003853,172.31.33.0-255,66,149206,35,152252
15671,0.003883,172.31.33.0-255,105,149311,35,152252
15672,0.006437,74.125.24.0-255,66,149377,35,152252
15673,0.053332,172.31.33.0-255,172,149549,35,152252
15674,0.05336,172.31.33.0-255,1107,150656,35,152252
15675,0.05343,172.31.33.0-255,1398,152054,35,152252
15676,0.054829,104.244.42.0-255,66,152120,35,152252
15677,0.05486,104.244.42.0-255,66,152186,35,152252
15678,0.054935,104.244.42.0-255,66,152252,35,152252
15679,0.0,172.217.194.0-255,150,150,35,284220
15680,2.2e-05,172.31.33.0-255,66,216,35,284220
15681,2.8e-05,172.217.194.0-255,1484,1700,35,284220
15682,3.1e-05,172.31.33.0-255,66,1766,35,284220
15683,5e-05,172.217.194.0-255,2902,4668,35,284220
15684,5.2e-05,172.31.33.0-255,66,4734,35,284220
15685,5.7e-05,172.217.194.0-255,4320,9054,35,284220
15686,5.9e-05,172.31.33.0-255,66,9120,35,284220
15687,8.2e-05,172.217.194.0-255,2902,12022,35,284220
15688,8.5e-05,172.31.33.0-255,66,12088,35,284220
15689,9.8e-05,172.217.194.0-255,2020,14108,35,284220
15690,0.0001,172.31.33.0-255,66,14174,35,284220
15691,0.000162,172.217.194.0-255,1484,15658,35,284220
15692,0.000165,172.31.33.0-255,66,15724,35,284220
15693,0.000178,172.217.194.0-255,2902,18626,35,284220
15694,0.00018,172.31.33.0-255,66,18692,35,284220
15695,0.000183,172.217.194.0-255,1484,20176,35,284220
15696,0.000186,172.31.33.0-255,66,20242,35,284220
15697,0.000211,172.217.194.0-255,4320,24562,35,284220
15698,0.000213,172.31.33.0-255,66,24628,35,284220
15699,0.000219,172.217.194.0-255,5738,30366,35,284220
15700,0.00022,172.31.33.0-255,66,30432,35,284220
15701,0.000243,172.217.194.0-255,4320,34752,35,284220
15702,0.000245,172.31.33.0-255,66,34818,35,284220
15703,0.000275,172.31.33.0-255,66,34884,35,284220
15704,0.00028,172.217.194.0-255,3961,38845,35,284220
15705,0.000282,172.31.33.0-255,66,38911,35,284220
15706,0.000338,172.217.194.0-255,1484,40395,35,284220
15707,0.000341,172.31.33.0-255,66,40461,35,284220
15708,0.000356,172.217.194.0-255,2902,43363,35,284220
15709,0.000359,172.31.33.0-255,66,43429,35,284220
15710,0.000365,172.217.194.0-255,5738,49167,35,284220
15711,0.000368,172.31.33.0-255,66,49233,35,284220
15712,0.000412,172.217.194.0-255,2902,52135,35,284220
15713,0.000415,172.31.33.0-255,66,52201,35,284220
15714,0.000433,172.217.194.0-255,3961,56162,35,284220
15715,0.000435,172.31.33.0-255,66,56228,35,284220
15716,0.000654,172.217.194.0-255,1484,57712,35,284220
15717,0.00067,172.217.194.0-255,2902,60614,35,284220
15718,0.000673,172.31.33.0-255,66,60680,35,284220
15719,0.00068,172.217.194.0-255,5738,66418,35,284220
15720,0.000682,172.31.33.0-255,66,66484,35,284220
15721,0.00072,172.217.194.0-255,6797,73281,35,284220
15722,0.000723,172.31.33.0-255,66,73347,35,284220
15723,0.000931,172.217.194.0-255,1484,74831,35,284220
15724,0.000939,172.217.194.0-255,2902,77733,35,284220
15725,0.000942,172.31.33.0-255,66,77799,35,284220
15726,0.000964,172.217.194.0-255,1484,79283,35,284220
15727,0.000988,172.217.194.0-255,4320,83603,35,284220
15728,0.000991,172.31.33.0-255,66,83669,35,284220
15729,0.001003,172.31.33.0-255,66,83735,35,284220
15730,0.001022,172.217.194.0-255,5738,89473,35,284220
15731,0.001024,172.31.33.0-255,66,89539,35,284220
15732,0.001039,172.217.194.0-255,5020,94559,35,284220
15733,0.001042,172.31.33.0-255,66,94625,35,284220
15734,0.001344,172.217.194.0-255,1484,96109,35,284220
15735,0.00135,172.217.194.0-255,2902,99011,35,284220
15736,0.001353,172.31.33.0-255,66,99077,35,284220
15737,0.00136,172.217.194.0-255,5738,104815,35,284220
15738,0.001361,172.31.33.0-255,66,104881,35,284220
15739,0.001364,172.217.194.0-255,1484,106365,35,284220
15740,0.001378,172.217.194.0-255,4320,110685,35,284220
15741,0.00138,172.31.33.0-255,66,110751,35,284220
15742,0.001396,172.217.194.0-255,5738,116489,35,284220
15743,0.001398,172.31.33.0-255,66,116555,35,284220
15744,0.00142,172.217.194.0-255,7156,123711,35,284220
15745,0.001422,172.31.33.0-255,66,123777,35,284220
15746,0.001427,172.217.194.0-255,5020,128797,35,284220
15747,0.001429,172.31.33.0-255,66,128863,35,284220
15748,0.001441,172.217.194.0-255,1484,130347,35,284220
15749,0.001457,172.217.194.0-255,4320,134667,35,284220
15750,0.001459,172.31.33.0-255,66,134733,35,284220
15751,0.001471,172.217.194.0-255,4320,139053,35,284220
15752,0.001473,172.31.33.0-255,66,139119,35,284220
15753,0.001488,172.31.33.0-255,66,139185,35,284220
15754,0.001491,172.217.194.0-255,1484,140669,35,284220
15755,0.001526,172.217.194.0-255,1484,142153,35,284220
15756,0.001528,172.31.33.0-255,66,142219,35,284220
15757,0.001589,172.217.194.0-255,4320,146539,35,284220
15758,0.001614,172.217.194.0-255,2902,149441,35,284220
15759,0.001635,172.217.194.0-255,1484,150925,35,284220
15760,0.0021,172.217.194.0-255,1484,152409,35,284220
15761,0.002103,172.217.194.0-255,1484,153893,35,284220
15762,0.00212,172.217.194.0-255,1484,155377,35,284220
15763,0.002126,172.217.194.0-255,5738,161115,35,284220
15764,0.002129,172.217.194.0-255,2902,164017,35,284220
15765,0.002143,172.217.194.0-255,2902,166919,35,284220
15766,0.002196,172.217.194.0-255,7156,174075,35,284220
15767,0.002213,172.217.194.0-255,5738,179813,35,284220
15768,0.002218,172.217.194.0-255,5020,184833,35,284220
15769,0.002294,172.217.194.0-255,1484,186317,35,284220
15770,0.002312,172.217.194.0-255,2902,189219,35,284220
15771,0.002324,172.217.194.0-255,1484,190703,35,284220
15772,0.002345,172.217.194.0-255,4320,195023,35,284220
15773,0.002348,172.217.194.0-255,1484,196507,35,284220
15774,0.00237,172.217.194.0-255,2902,199409,35,284220
15775,0.002659,172.31.33.0-255,66,199475,35,284220
15776,0.005034,172.217.194.0-255,5738,205213,35,284220
15777,0.00504,172.31.33.0-255,66,205279,35,284220
15778,0.007396,172.217.194.0-255,5738,211017,35,284220
15779,0.007401,172.31.33.0-255,66,211083,35,284220
15780,0.009783,172.217.194.0-255,5738,216821,35,284220
15781,0.009791,172.31.33.0-255,66,216887,35,284220
15782,0.012145,172.217.194.0-255,5738,222625,35,284220
15783,0.012154,172.31.33.0-255,66,222691,35,284220
15784,0.014499,172.217.194.0-255,5738,228429,35,284220
15785,0.014507,172.31.33.0-255,66,228495,35,284220
15786,0.016872,172.217.194.0-255,5738,234233,35,284220
15787,0.016879,172.31.33.0-255,66,234299,35,284220
15788,0.019244,172.217.194.0-255,5738,240037,35,284220
15789,0.019251,172.31.33.0-255,66,240103,35,284220
15790,0.021609,172.217.194.0-255,5738,245841,35,284220
15791,0.021617,172.31.33.0-255,66,245907,35,284220
15792,0.023976,172.217.194.0-255,5738,251645,35,284220
15793,0.023983,172.31.33.0-255,66,251711,35,284220
15794,0.026344,172.217.194.0-255,5738,257449,35,284220
15795,0.026352,172.31.33.0-255,66,257515,35,284220
15796,0.028715,172.217.194.0-255,5738,263253,35,284220
15797,0.028721,172.31.33.0-255,66,263319,35,284220
15798,0.031059,172.217.194.0-255,5738,269057,35,284220
15799,0.031067,172.31.33.0-255,66,269123,35,284220
15800,0.033436,172.217.194.0-255,5738,274861,35,284220
15801,0.033443,172.31.33.0-255,66,274927,35,284220
15802,0.034939,172.31.33.0-255,172,275099,35,284220
15803,0.034967,172.31.33.0-255,1108,276207,35,284220
15804,0.035012,172.31.33.0-255,1514,277721,35,284220
15805,0.035014,172.31.33.0-255,1514,279235,35,284220
15806,0.035037,172.31.33.0-255,1239,280474,35,284220
15807,0.035823,172.217.194.0-255,3245,283719,35,284220
15808,0.03583,172.31.33.0-255,66,283785,35,284220
15809,0.036026,172.31.33.0-255,105,283890,35,284220
15810,0.036488,104.244.42.0-255,66,283956,35,284220
15811,0.03655,104.244.42.0-255,66,284022,35,284220
15812,0.036562,104.244.42.0-255,66,284088,35,284220
15813,0.036565,104.244.42.0-255,66,284154,35,284220
15814,0.038348,172.217.194.0-255,66,284220,35,284220
15815,0.0,172.31.33.0-255,105,105,35,276
15816,0.00208,157.240.7.0-255,105,210,35,276
15817,0.002097,172.31.33.0-255,66,276,35,276
15818,0.0,172.217.194.0-255,146,146,35,174390
15819,2.8e-05,172.31.33.0-255,66,212,35,174390
15820,3.3e-05,172.217.194.0-255,1484,1696,35,174390
15821,3.7e-05,172.31.33.0-255,66,1762,35,174390
15822,4e-05,172.217.194.0-255,2902,4664,35,174390
15823,4.3e-05,172.31.33.0-255,66,4730,35,174390
15824,4.8e-05,172.217.194.0-255,5738,10468,35,174390
15825,5.8e-05,172.31.33.0-255,66,10534,35,174390
15826,8.7e-05,172.217.194.0-255,1484,12018,35,174390
15827,9.1e-05,172.31.33.0-255,66,12084,35,174390
15828,9.5e-05,172.217.194.0-255,2042,14126,35,174390
15829,9.6e-05,172.31.33.0-255,66,14192,35,174390
15830,0.000438,172.217.194.0-255,1484,15676,35,174390
15831,0.000445,172.31.33.0-255,66,15742,35,174390
15832,0.000465,172.217.194.0-255,2902,18644,35,174390
15833,0.000468,172.31.33.0-255,66,18710,35,174390
15834,0.000473,172.217.194.0-255,5738,24448,35,174390
15835,0.000475,172.31.33.0-255,66,24514,35,174390
15836,0.000505,172.217.194.0-255,7156,31670,35,174390
15837,0.000509,172.31.33.0-255,66,31736,35,174390
15838,0.00053,172.217.194.0-255,2543,34279,35,174390
15839,0.000537,172.31.33.0-255,66,34345,35,174390
15840,0.00056,172.31.33.0-255,66,34411,35,174390
15841,0.000573,172.31.33.0-255,66,34477,35,174390
15842,0.000601,172.217.194.0-255,1484,35961,35,174390
15843,0.000604,172.31.33.0-255,66,36027,35,174390
15844,0.000609,172.217.194.0-255,5020,41047,35,174390
15845,0.000613,172.31.33.0-255,66,41113,35,174390
15846,0.00063,172.217.194.0-255,338,41451,35,174390
15847,0.000633,172.31.33.0-255,66,41517,35,174390
15848,0.000677,172.217.194.0-255,121,41638,35,174390
15849,0.000738,172.217.194.0-255,1484,43122,35,174390
15850,0.000742,172.31.33.0-255,66,43188,35,174390
15851,0.000747,172.217.194.0-255,2902,46090,35,174390
15852,0.000749,172.31.33.0-255,66,46156,35,174390
15853,0.000758,172.217.194.0-255,2902,49058,35,174390
15854,0.000761,172.31.33.0-255,66,49124,35,174390
15855,0.000786,172.217.194.0-255,4320,53444,35,174390
15856,0.000789,172.31.33.0-255,66,53510,35,174390
15857,0.000822,172.217.194.0-255,5738,59248,35,174390
15858,0.000827,172.31.33.0-255,66,59314,35,174390
15859,0.000861,172.31.33.0-255,66,59380,35,174390
15860,0.000886,172.217.194.0-255,4320,63700,35,174390
15861,0.00089,172.31.33.0-255,66,63766,35,174390
15862,0.000894,172.217.194.0-255,2184,65950,35,174390
15863,0.000895,172.31.33.0-255,66,66016,35,174390
15864,0.001267,172.217.194.0-255,1484,67500,35,174390
15865,0.001285,172.217.194.0-255,2902,70402,35,174390
15866,0.001289,172.31.33.0-255,66,70468,35,174390
15867,0.001293,172.217.194.0-255,1484,71952,35,174390
15868,0.001317,172.217.194.0-255,4320,76272,35,174390
15869,0.00132,172.31.33.0-255,66,76338,35,174390
15870,0.001324,172.217.194.0-255,2902,79240,35,174390
15871,0.001325,172.31.33.0-255,66,79306,35,174390
15872,0.001347,172.217.194.0-255,7156,86462,35,174390
15873,0.001353,172.31.33.0-255,66,86528,35,174390
15874,0.001376,172.217.194.0-255,2902,89430,35,174390
15875,0.001378,172.31.33.0-255,66,89496,35,174390
15876,0.001384,172.217.194.0-255,5738,95234,35,174390
15877,0.001386,172.31.33.0-255,66,95300,35,174390
15878,0.001408,172.217.194.0-255,5020,100320,35,174390
15879,0.001415,172.31.33.0-255,66,100386,35,174390
15880,0.00153,172.217.194.0-255,1484,101870,35,174390
15881,0.001534,172.217.194.0-255,2902,104772,35,174390
15882,0.001537,172.31.33.0-255,66,104838,35,174390
15883,0.001571,172.217.194.0-255,5738,110576,35,174390
15884,0.001574,172.31.33.0-255,66,110642,35,174390
15885,0.001583,172.31.33.0-255,66,110708,35,174390
15886,0.001602,172.217.194.0-255,7156,117864,35,174390
15887,0.001608,172.31.33.0-255,66,117930,35,174390
15888,0.00163,172.217.194.0-255,2902,120832,35,174390
15889,0.001632,172.31.33.0-255,66,120898,35,174390
15890,0.001637,172.217.194.0-255,5020,125918,35,174390
15891,0.001639,172.31.33.0-255,66,125984,35,174390
15892,0.00178,172.217.194.0-255,1484,127468,35,174390
15893,0.001795,172.217.194.0-255,2902,130370,35,174390
15894,0.001798,172.31.33.0-255,66,130436,35,174390
15895,0.001804,172.217.194.0-255,5738,136174,35,174390
15896,0.001805,172.31.33.0-255,66,136240,35,174390
15897,0.001834,172.217.194.0-255,2902,139142,35,174390
15898,0.001838,172.31.33.0-255,66,139208,35,174390
15899,0.001867,172.31.33.0-255,66,139274,35,174390
15900,0.001904,172.31.33.0-255,66,139340,35,174390
15901,0.001933,172.217.194.0-255,7156,146496,35,174390
15902,0.001937,172.31.33.0-255,66,146562,35,174390
15903,0.00194,172.217.194.0-255,1484,148046,35,174390
15904,0.001971,172.217.194.0-255,7156,155202,35,174390
15905,0.001974,172.31.33.0-255,66,155268,35,174390
15906,0.001986,172.31.33.0-255,66,155334,35,174390
15907,0.002018,172.217.194.0-255,2902,158236,35,174390
15908,0.00202,172.31.33.0-255,66,158302,35,174390
15909,0.002029,172.31.33.0-255,66,158368,35,174390
15910,0.002032,172.217.194.0-255,2902,161270,35,174390
15911,0.002034,172.31.33.0-255,66,161336,35,174390
15912,0.002088,172.31.33.0-255,66,161402,35,174390
15913,0.002094,172.217.194.0-255,5738,167140,35,174390
15914,0.002095,172.31.33.0-255,66,167206,35,174390
15915,0.002184,172.31.33.0-255,66,167272,35,174390
15916,0.00221,172.31.33.0-255,66,167338,35,174390
15917,0.002234,172.217.194.0-255,2902,170240,35,174390
15918,0.002237,172.31.33.0-255,66,170306,35,174390
15919,0.00226,172.31.33.0-255,66,170372,35,174390
15920,0.002273,172.31.33.0-255,66,170438,35,174390
15921,0.002281,172.217.194.0-255,1484,171922,35,174390
15922,0.002326,172.31.33.0-255,66,171988,35,174390
15923,0.002329,172.217.194.0-255,105,172093,35,174390
15924,0.003231,172.31.33.0-255,66,172159,35,174390
15925,0.003258,172.31.33.0-255,105,172264,35,174390
15926,0.005535,172.217.194.0-255,66,172330,35,174390
15927,0.043854,172.31.33.0-255,176,172506,35,174390
15928,0.043886,172.31.33.0-255,1107,173613,35,174390
15929,0.043943,172.31.33.0-255,579,174192,35,174390
15930,0.045423,104.244.42.0-255,66,174258,35,174390
15931,0.045457,104.244.42.0-255,66,174324,35,174390
15932,0.045507,104.244.42.0-255,66,174390,35,174390
15933,0.0,74.125.24.0-255,153,153,35,215599
15934,1.7e-05,172.31.33.0-255,66,219,35,215599
15935,2.3e-05,74.125.24.0-255,1484,1703,35,215599
15936,2.7e-05,172.31.33.0-255,66,1769,35,215599
15937,4.3e-05,74.125.24.0-255,2902,4671,35,215599
15938,4.6e-05,172.31.33.0-255,66,4737,35,215599
15939,4.9e-05,74.125.24.0-255,1484,6221,35,215599
15940,5.1e-05,172.31.33.0-255,66,6287,35,215599
15941,6.8e-05,74.125.24.0-255,5738,12025,35,215599
15942,7e-05,172.31.33.0-255,66,12091,35,215599
15943,0.0001,74.125.24.0-255,5738,17829,35,215599
15944,0.000103,172.31.33.0-255,66,17895,35,215599
15945,0.000128,172.31.33.0-255,66,17961,35,215599
15946,0.000157,74.125.24.0-255,5379,23340,35,215599
15947,0.00016,172.31.33.0-255,66,23406,35,215599
15948,0.000403,74.125.24.0-255,1484,24890,35,215599
15949,0.000409,172.31.33.0-255,66,24956,35,215599
15950,0.000413,74.125.24.0-255,2902,27858,35,215599
15951,0.000416,172.31.33.0-255,66,27924,35,215599
15952,0.000421,74.125.24.0-255,4320,32244,35,215599
15953,0.000424,172.31.33.0-255,66,32310,35,215599
15954,0.000444,74.125.24.0-255,1484,33794,35,215599
15955,0.000447,172.31.33.0-255,66,33860,35,215599
15956,0.000465,74.125.24.0-255,5738,39598,35,215599
15957,0.000468,172.31.33.0-255,66,39664,35,215599
15958,0.000484,74.125.24.0-255,6797,46461,35,215599
15959,0.000489,172.31.33.0-255,66,46527,35,215599
15960,0.000508,74.125.24.0-255,2902,49429,35,215599
15961,0.000512,172.31.33.0-255,66,49495,35,215599
15962,0.000533,172.31.33.0-255,66,49561,35,215599
15963,0.000609,74.125.24.0-255,116,49677,35,215599
15964,0.000685,74.125.24.0-255,1484,51161,35,215599
15965,0.000689,172.31.33.0-255,66,51227,35,215599
15966,0.000695,74.125.24.0-255,2902,54129,35,215599
15967,0.000697,74.125.24.0-255,1484,55613,35,215599
15968,0.0007,172.31.33.0-255,66,55679,35,215599
15969,0.000708,74.125.24.0-255,1484,57163,35,215599
15970,0.000717,172.31.33.0-255,66,57229,35,215599
15971,0.000724,74.125.24.0-255,4320,61549,35,215599
15972,0.000732,172.31.33.0-255,66,61615,35,215599
15973,0.000739,74.125.24.0-255,5738,67353,35,215599
15974,0.000745,172.31.33.0-255,66,67419,35,215599
15975,0.000759,74.125.24.0-255,1484,68903,35,215599
15976,0.000793,172.31.33.0-255,66,68969,35,215599
15977,0.000803,74.125.24.0-255,3865,72834,35,215599
15978,0.000807,172.31.33.0-255,66,72900,35,215599
15979,0.000892,74.125.24.0-255,1484,74384,35,215599
15980,0.000896,74.125.24.0-255,1484,75868,35,215599
15981,0.0009,172.31.33.0-255,66,75934,35,215599
15982,0.000906,74.125.24.0-255,1484,77418,35,215599
15983,0.00091,74.125.24.0-255,1484,78902,35,215599
15984,0.000914,172.31.33.0-255,66,78968,35,215599
15985,0.000924,74.125.24.0-255,4320,83288,35,215599
15986,0.000929,172.31.33.0-255,66,83354,35,215599
15987,0.000995,172.31.33.0-255,66,83420,35,215599
15988,0.001009,74.125.24.0-255,5738,89158,35,215599
15989,0.001012,172.31.33.0-255,66,89224,35,215599
15990,0.001028,74.125.24.0-255,4320,93544,35,215599
15991,0.001038,172.31.33.0-255,66,93610,35,215599
15992,0.001052,74.125.24.0-255,766,94376,35,215599
15993,0.001153,74.125.24.0-255,1484,95860,35,215599
15994,0.001159,74.125.24.0-255,2902,98762,35,215599
15995,0.001175,74.125.24.0-255,5738,104500,35,215599
15996,0.001191,74.125.24.0-255,2902,107402,35,215599
15997,0.001249,74.125.24.0-255,4320,111722,35,215599
15998,0.001271,74.125.24.0-255,6438,118160,35,215599
15999,0.001357,74.125.24.0-255,1484,119644,35,215599
16000,0.001364,74.125.24.0-255,2902,122546,35,215599
16001,0.001391,74.125.24.0-255,5738,128284,35,215599
16002,0.001395,74.125.24.0-255,1484,129768,35,215599
16003,0.001408,74.125.24.0-255,1484,131252,35,215599
16004,0.001423,74.125.24.0-255,2902,134154,35,215599
16005,0.001436,74.125.24.0-255,5738,139892,35,215599
16006,0.001456,74.125.24.0-255,1484,141376,35,215599
16007,0.00152,74.125.24.0-255,1484,142860,35,215599
16008,0.001582,74.125.24.0-255,7156,150016,35,215599
16009,0.001606,74.125.24.0-255,5738,155754,35,215599
16010,0.001649,74.125.24.0-255,2184,157938,35,215599
16011,0.001667,74.125.24.0-255,2902,160840,35,215599
16012,0.001688,74.125.24.0-255,7156,167996,35,215599
16013,0.001705,74.125.24.0-255,5738,173734,35,215599
16014,0.00208,74.125.24.0-255,1484,175218,35,215599
16015,0.002094,74.125.24.0-255,2902,178120,35,215599
16016,0.002099,74.125.24.0-255,4320,182440,35,215599
16017,0.002114,74.125.24.0-255,1484,183924,35,215599
16018,0.002126,74.125.24.0-255,4320,188244,35,215599
16019,0.002138,74.125.24.0-255,5738,193982,35,215599
16020,0.002178,74.125.24.0-255,2902,196884,35,215599
16021,0.002213,74.125.24.0-255,1484,198368,35,215599
16022,0.002291,74.125.24.0-255,2902,201270,35,215599
16023,0.002342,74.125.24.0-255,7156,208426,35,215599
16024,0.002355,74.125.24.0-255,3295,211721,35,215599
16025,0.002395,74.125.24.0-255,105,211826,35,215599
16026,0.005215,172.31.33.0-255,66,211892,35,215599
16027,0.010276,172.31.33.0-255,105,211997,35,215599
16028,0.012807,74.125.24.0-255,66,212063,35,215599
16029,0.050773,172.31.33.0-255,172,212235,35,215599
16030,0.050801,172.31.33.0-255,1108,213343,35,215599
16031,0.05084,172.31.33.0-255,1514,214857,35,215599
16032,0.050841,172.31.33.0-255,544,215401,35,215599
16033,0.052267,104.244.42.0-255,66,215467,35,215599
16034,0.052278,104.244.42.0-255,66,215533,35,215599
16035,0.052331,104.244.42.0-255,66,215599,35,215599
16036,0.0,74.125.24.0-255,146,146,35,268675
16037,1.5e-05,172.31.33.0-255,66,212,35,268675
16038,2.3e-05,74.125.24.0-255,1484,1696,35,268675
16039,2.7e-05,172.31.33.0-255,66,1762,35,268675
16040,3.3e-05,74.125.24.0-255,2902,4664,35,268675
16041,3.6e-05,172.31.33.0-255,66,4730,35,268675
16042,4e-05,74.125.24.0-255,1484,6214,35,268675
16043,4.4e-05,172.31.33.0-255,66,6280,35,268675
16044,7.9e-05,74.125.24.0-255,5738,12018,35,268675
16045,8.1e-05,172.31.33.0-255,66,12084,35,268675
16046,8.6e-05,74.125.24.0-255,2101,14185,35,268675
16047,8.8e-05,172.31.33.0-255,66,14251,35,268675
16048,0.000208,74.125.24.0-255,1484,15735,35,268675
16049,0.000212,172.31.33.0-255,66,15801,35,268675
16050,0.000216,74.125.24.0-255,1484,17285,35,268675
16051,0.000219,172.31.33.0-255,66,17351,35,268675
16052,0.000234,74.125.24.0-255,1484,18835,35,268675
16053,0.000236,172.31.33.0-255,66,18901,35,268675
16054,0.000243,74.125.24.0-255,5738,24639,35,268675
16055,0.000246,172.31.33.0-255,66,24705,35,268675
16056,0.000273,74.125.24.0-255,4320,29025,35,268675
16057,0.000275,172.31.33.0-255,66,29091,35,268675
16058,0.000297,74.125.24.0-255,5379,34470,35,268675
16059,0.0003,172.31.33.0-255,66,34536,35,268675
16060,0.000312,172.31.33.0-255,66,34602,35,268675
16061,0.000317,74.125.24.0-255,2902,37504,35,268675
16062,0.000319,172.31.33.0-255,66,37570,35,268675
16063,0.000358,172.31.33.0-255,66,37636,35,268675
16064,0.000361,74.125.24.0-255,1484,39120,35,268675
16065,0.000363,172.31.33.0-255,66,39186,35,268675
16066,0.000383,74.125.24.0-255,5321,44507,35,268675
16067,0.000386,172.31.33.0-255,66,44573,35,268675
16068,0.000461,74.125.24.0-255,378,44951,35,268675
16069,0.000552,74.125.24.0-255,1484,46435,35,268675
16070,0.000556,172.31.33.0-255,66,46501,35,268675
16071,0.000575,74.125.24.0-255,2902,49403,35,268675
16072,0.000578,172.31.33.0-255,66,49469,35,268675
16073,0.000582,74.125.24.0-255,1484,50953,35,268675
16074,0.0006,74.125.24.0-255,4320,55273,35,268675
16075,0.000603,172.31.33.0-255,66,55339,35,268675
16076,0.000619,74.125.24.0-255,1484,56823,35,268675
16077,0.000641,74.125.24.0-255,5379,62202,35,268675
16078,0.000644,172.31.33.0-255,66,62268,35,268675
16079,0.000799,74.125.24.0-255,1484,63752,35,268675
16080,0.000805,74.125.24.0-255,2902,66654,35,268675
16081,0.000809,172.31.33.0-255,66,66720,35,268675
16082,0.000813,74.125.24.0-255,1484,68204,35,268675
16083,0.000835,74.125.24.0-255,4320,72524,35,268675
16084,0.000838,172.31.33.0-255,66,72590,35,268675
16085,0.000843,74.125.24.0-255,4320,76910,35,268675
16086,0.000846,172.31.33.0-255,66,76976,35,268675
16087,0.000852,74.125.24.0-255,5738,82714,35,268675
16088,0.000856,172.31.33.0-255,66,82780,35,268675
16089,0.000882,74.125.24.0-255,5738,88518,35,268675
16090,0.000886,172.31.33.0-255,66,88584,35,268675
16091,0.000917,74.125.24.0-255,1484,90068,35,268675
16092,0.000931,74.125.24.0-255,4320,94388,35,268675
16093,0.000934,172.31.33.0-255,66,94454,35,268675
16094,0.000949,74.125.24.0-255,2184,96638,35,268675
16095,0.000951,172.31.33.0-255,66,96704,35,268675
16096,0.000972,74.125.24.0-255,7156,103860,35,268675
16097,0.000975,172.31.33.0-255,66,103926,35,268675
16098,0.001002,74.125.24.0-255,1484,105410,35,268675
16099,0.001017,172.31.33.0-255,66,105476,35,268675
16100,0.001022,74.125.24.0-255,4320,109796,35,268675
16101,0.001024,172.31.33.0-255,66,109862,35,268675
16102,0.001042,74.125.24.0-255,1484,111346,35,268675
16103,0.001075,172.31.33.0-255,66,111412,35,268675
16104,0.001108,74.125.24.0-255,1484,112896,35,268675
16105,0.001137,74.125.24.0-255,2902,115798,35,268675
16106,0.00114,172.31.33.0-255,66,115864,35,268675
16107,0.001144,74.125.24.0-255,1484,117348,35,268675
16108,0.001198,74.125.24.0-255,4320,121668,35,268675
16109,0.001201,172.31.33.0-255,66,121734,35,268675
16110,0.001224,74.125.24.0-255,1484,123218,35,268675
16111,0.001238,172.31.33.0-255,66,123284,35,268675
16112,0.001244,74.125.24.0-255,4320,127604,35,268675
16113,0.001247,172.31.33.0-255,66,127670,35,268675
16114,0.001269,74.125.24.0-255,5020,132690,35,268675
16115,0.001272,172.31.33.0-255,66,132756,35,268675
16116,0.001298,74.125.24.0-255,1484,134240,35,268675
16117,0.001303,74.125.24.0-255,2902,137142,35,268675
16118,0.001305,172.31.33.0-255,66,137208,35,268675
16119,0.001311,74.125.24.0-255,4320,141528,35,268675
16120,0.001314,172.31.33.0-255,66,141594,35,268675
16121,0.001325,172.31.33.0-255,66,141660,35,268675
16122,0.001339,74.125.24.0-255,1484,143144,35,268675
16123,0.001362,172.31.33.0-255,66,143210,35,268675
16124,0.001388,74.125.24.0-255,6438,149648,35,268675
16125,0.001393,74.125.24.0-255,4320,153968,35,268675
16126,0.001398,172.31.33.0-255,66,154034,35,268675
16127,0.001405,172.31.33.0-255,66,154100,35,268675
16128,0.001426,74.125.24.0-255,5738,159838,35,268675
16129,0.001429,172.31.33.0-255,66,159904,35,268675
16130,0.001459,74.125.24.0-255,1484,161388,35,268675
16131,0.001478,74.125.24.0-255,4320,165708,35,268675
16132,0.001482,172.31.33.0-255,66,165774,35,268675
16133,0.001503,74.125.24.0-255,1484,167258,35,268675
16134,0.001514,172.31.33.0-255,66,167324,35,268675
16135,0.001539,74.125.24.0-255,2902,170226,35,268675
16136,0.001542,172.31.33.0-255,66,170292,35,268675
16137,0.001578,172.31.33.0-255,66,170358,35,268675
16138,0.001603,74.125.24.0-255,2902,173260,35,268675
16139,0.001606,172.31.33.0-255,66,173326,35,268675
16140,0.001629,74.125.24.0-255,5200,178526,35,268675
16141,0.001632,172.31.33.0-255,66,178592,35,268675
16142,0.001681,74.125.24.0-255,1484,180076,35,268675
16143,0.001699,74.125.24.0-255,2902,182978,35,268675
16144,0.001702,172.31.33.0-255,66,183044,35,268675
16145,0.001709,74.125.24.0-255,5738,188782,35,268675
16146,0.001713,172.31.33.0-255,66,188848,35,268675
16147,0.001716,74.125.24.0-255,1484,190332,35,268675
16148,0.00175,172.31.33.0-255,66,190398,35,268675
16149,0.001757,74.125.24.0-255,7156,197554,35,268675
16150,0.001759,172.31.33.0-255,66,197620,35,268675
16151,0.001782,74.125.24.0-255,5020,202640,35,268675
16152,0.001785,172.31.33.0-255,66,202706,35,268675
16153,0.001819,74.125.24.0-255,1484,204190,35,268675
16154,0.001824,74.125.24.0-255,2902,207092,35,268675
16155,0.001827,172.31.33.0-255,66,207158,35,268675
16156,0.001831,74.125.24.0-255,1484,208642,35,268675
16157,0.001847,74.125.24.0-255,4320,212962,35,268675
16158,0.001849,172.31.33.0-255,66,213028,35,268675
16159,0.001854,74.125.24.0-255,2902,215930,35,268675
16160,0.001856,172.31.33.0-255,66,215996,35,268675
16161,0.001877,74.125.24.0-255,7156,223152,35,268675
16162,0.001879,172.31.33.0-255,66,223218,35,268675
16163,0.001898,74.125.24.0-255,2902,226120,35,268675
16164,0.001901,172.31.33.0-255,66,226186,35,268675
16165,0.001904,74.125.24.0-255,1484,227670,35,268675
16166,0.001918,74.125.24.0-255,1484,229154,35,268675
16167,0.00192,172.31.33.0-255,66,229220,35,268675
16168,0.001945,74.125.24.0-255,2902,232122,35,268675
16169,0.001948,172.31.33.0-255,66,232188,35,268675
16170,0.001956,74.125.24.0-255,5020,237208,35,268675
16171,0.001958,172.31.33.0-255,66,237274,35,268675
16172,0.001963,74.125.24.0-255,4320,241594,35,268675
16173,0.001966,172.31.33.0-255,66,241660,35,268675
16174,0.001973,74.125.24.0-255,5738,247398,35,268675
16175,0.001975,172.31.33.0-255,66,247464,35,268675
16176,0.002052,172.31.33.0-255,66,247530,35,268675
16177,0.00206,172.31.33.0-255,66,247596,35,268675
16178,0.002064,74.125.24.0-255,2902,250498,35,268675
16179,0.002066,172.31.33.0-255,66,250564,35,268675
16180,0.00207,74.125.24.0-255,1484,252048,35,268675
16181,0.002151,74.125.24.0-255,2902,254950,35,268675
16182,0.002154,172.31.33.0-255,66,255016,35,268675
16183,0.002166,172.31.33.0-255,66,255082,35,268675
16184,0.002177,172.31.33.0-255,66,255148,35,268675
16185,0.002184,74.125.24.0-255,3074,258222,35,268675
16186,0.002186,172.31.33.0-255,66,258288,35,268675
16187,0.002201,74.125.24.0-255,105,258393,35,268675
16188,0.015293,172.31.33.0-255,66,258459,35,268675
16189,0.015347,172.31.33.0-255,105,258564,35,268675
16190,0.017848,74.125.24.0-255,66,258630,35,268675
16191,0.03669,172.31.33.0-255,176,258806,35,268675
16192,0.036721,172.31.33.0-255,1107,259913,35,268675
16193,0.036793,172.31.33.0-255,1514,261427,35,268675
16194,0.036795,172.31.33.0-255,1514,262941,35,268675
16195,0.0368,172.31.33.0-255,1514,264455,35,268675
16196,0.036802,172.31.33.0-255,1514,265969,35,268675
16197,0.036821,172.31.33.0-255,1514,267483,35,268675
16198,0.036822,172.31.33.0-255,928,268411,35,268675
16199,0.038186,104.244.42.0-255,66,268477,35,268675
16200,0.038276,104.244.42.0-255,66,268543,35,268675
16201,0.038365,104.244.42.0-255,66,268609,35,268675
16202,0.03837,104.244.42.0-255,66,268675,35,268675
16203,0.0,172.31.33.0-255,105,105,35,276
16204,0.001795,157.240.7.0-255,105,210,35,276
16205,0.001809,172.31.33.0-255,66,276,35,276
16206,0.0,74.125.200.0-255,146,146,35,311454
16207,2.3e-05,172.31.33.0-255,66,212,35,311454
16208,3e-05,74.125.200.0-255,1484,1696,35,311454
16209,3.5e-05,172.31.33.0-255,66,1762,35,311454
16210,4.1e-05,74.125.200.0-255,2902,4664,35,311454
16211,5.1e-05,172.31.33.0-255,66,4730,35,311454
16212,5.9e-05,74.125.200.0-255,5738,10468,35,311454
16213,6.1e-05,172.31.33.0-255,66,10534,35,311454
16214,6.5e-05,74.125.200.0-255,1484,12018,35,311454
16215,6.8e-05,172.31.33.0-255,66,12084,35,311454
16216,0.000102,74.125.200.0-255,2101,14185,35,311454
16217,0.000105,172.31.33.0-255,66,14251,35,311454
16218,0.000111,74.125.200.0-255,4320,18571,35,311454
16219,0.000114,172.31.33.0-255,66,18637,35,311454
16220,0.000119,74.125.200.0-255,4320,22957,35,311454
16221,0.000122,172.31.33.0-255,66,23023,35,311454
16222,0.000152,74.125.200.0-255,5738,28761,35,311454
16223,0.000155,172.31.33.0-255,66,28827,35,311454
16224,0.000169,74.125.200.0-255,1484,30311,35,311454
16225,0.000176,172.31.33.0-255,66,30377,35,311454
16226,0.000204,74.125.200.0-255,7156,37533,35,311454
16227,0.000207,172.31.33.0-255,66,37599,35,311454
16228,0.00022,172.31.33.0-255,66,37665,35,311454
16229,0.000223,74.125.200.0-255,766,38431,35,311454
16230,0.000225,172.31.33.0-255,66,38497,35,311454
16231,0.00048,74.125.200.0-255,1484,39981,35,311454
16232,0.000484,172.31.33.0-255,66,40047,35,311454
16233,0.000489,74.125.200.0-255,2902,42949,35,311454
16234,0.000491,172.31.33.0-255,66,43015,35,311454
16235,0.000523,74.125.200.0-255,5738,48753,35,311454
16236,0.000526,172.31.33.0-255,66,48819,35,311454
16237,0.000533,74.125.200.0-255,6797,55616,35,311454
16238,0.00054,172.31.33.0-255,66,55682,35,311454
16239,0.00067,74.125.200.0-255,1484,57166,35,311454
16240,0.000688,74.125.200.0-255,1484,58650,35,311454
16241,0.000694,74.125.200.0-255,2902,61552,35,311454
16242,0.000709,74.125.200.0-255,1484,63036,35,311454
16243,0.000723,74.125.200.0-255,4320,67356,35,311454
16244,0.000726,74.125.200.0-255,1484,68840,35,311454
16245,0.000738,74.125.200.0-255,1484,70324,35,311454
16246,0.000748,74.125.200.0-255,1484,71808,35,311454
16247,0.000774,74.125.200.0-255,1484,73292,35,311454
16248,0.000792,74.125.200.0-255,4542,77834,35,311454
16249,0.000809,74.125.200.0-255,2902,80736,35,311454
16250,0.000827,74.125.200.0-255,4320,85056,35,311454
16251,0.000831,74.125.200.0-255,2902,87958,35,311454
16252,0.000846,74.125.200.0-255,2543,90501,35,311454
16253,0.001273,74.125.200.0-255,1484,91985,35,311454
16254,0.001277,74.125.200.0-255,1484,93469,35,311454
16255,0.001291,74.125.200.0-255,1484,94953,35,311454
16256,0.001295,74.125.200.0-255,1484,96437,35,311454
16257,0.001314,74.125.200.0-255,4320,100757,35,311454
16258,0.001319,74.125.200.0-255,2902,103659,35,311454
16259,0.001342,74.125.200.0-255,4320,107979,35,311454
16260,0.001352,74.125.200.0-255,1484,109463,35,311454
16261,0.001367,74.125.200.0-255,4320,113783,35,311454
16262,0.001393,74.125.200.0-255,7156,120939,35,311454
16263,0.001413,74.125.200.0-255,3602,124541,35,311454
16264,0.001604,172.31.33.0-255,66,124607,35,311454
16265,0.002134,74.125.200.0-255,1484,126091,35,311454
16266,0.002143,74.125.200.0-255,2902,128993,35,311454
16267,0.00216,74.125.200.0-255,4320,133313,35,311454
16268,0.002169,74.125.200.0-255,1484,134797,35,311454
16269,0.002176,74.125.200.0-255,5738,140535,35,311454
16270,0.00218,172.31.33.0-255,66,140601,35,311454
16271,0.002186,172.31.33.0-255,66,140667,35,311454
16272,0.002209,74.125.200.0-255,7156,147823,35,311454
16273,0.002301,172.31.33.0-255,66,147889,35,311454
16274,0.002413,74.125.200.0-255,1484,149373,35,311454
16275,0.002429,74.125.200.0-255,1484,150857,35,311454
16276,0.002443,74.125.200.0-255,2902,153759,35,311454
16277,0.002446,172.31.33.0-255,66,153825,35,311454
16278,0.002454,74.125.200.0-255,1484,155309,35,311454
16279,0.002459,172.31.33.0-255,66,155375,35,311454
16280,0.002474,74.125.200.0-255,4320,159695,35,311454
16281,0.002484,74.125.200.0-255,5738,165433,35,311454
16282,0.002489,74.125.200.0-255,4320,169753,35,311454
16283,0.002504,74.125.200.0-255,2902,172655,35,311454
16284,0.002519,172.31.33.0-255,66,172721,35,311454
16285,0.002534,74.125.200.0-255,4320,177041,35,311454
16286,0.002552,74.125.200.0-255,5020,182061,35,311454
16287,0.002565,172.31.33.0-255,66,182127,35,311454
16288,0.002624,74.125.200.0-255,1484,183611,35,311454
16289,0.002643,74.125.200.0-255,2902,186513,35,311454
16290,0.002649,74.125.200.0-255,2902,189415,35,311454
16291,0.002658,172.31.33.0-255,66,189481,35,311454
16292,0.00271,74.125.200.0-255,7156,196637,35,311454
16293,0.002712,74.125.200.0-255,1484,198121,35,311454
16294,0.002716,74.125.200.0-255,1484,199605,35,311454
16295,0.002722,172.31.33.0-255,66,199671,35,311454
16296,0.00273,74.125.200.0-255,1484,201155,35,311454
16297,0.002757,74.125.200.0-255,4320,205475,35,311454
16298,0.00277,74.125.200.0-255,2184,207659,35,311454
16299,0.002782,172.31.33.0-255,66,207725,35,311454
16300,0.002882,74.125.200.0-255,1484,209209,35,311454
16301,0.002886,74.125.200.0-255,1484,210693,35,311454
16302,0.002902,74.125.200.0-255,1484,212177,35,311454
16303,0.002905,74.125.200.0-255,1484,213661,35,311454
16304,0.002913,172.31.33.0-255,66,213727,35,311454
16305,0.002924,74.125.200.0-255,4320,218047,35,311454
16306,0.002933,74.125.200.0-255,4320,222367,35,311454
16307,0.002953,74.125.200.0-255,2902,225269,35,311454
16308,0.002957,74.125.200.0-255,1484,226753,35,311454
16309,0.002981,74.125.200.0-255,7156,233909,35,311454
16310,0.002984,74.125.200.0-255,1484,235393,35,311454
16311,0.002987,172.31.33.0-255,66,235459,35,311454
16312,0.002999,74.125.200.0-255,4320,239779,35,311454
16313,0.003015,172.31.33.0-255,66,239845,35,311454
16314,0.003037,74.125.200.0-255,2184,242029,35,311454
16315,0.00305,172.31.33.0-255,66,242095,35,311454
16316,0.003267,74.125.200.0-255,1484,243579,35,311454
16317,0.003274,74.125.200.0-255,2902,246481,35,311454
16318,0.003277,172.31.33.0-255,66,246547,35,311454
16319,0.003283,74.125.200.0-255,4320,250867,35,311454
16320,0.003287,172.31.33.0-255,66,250933,35,311454
16321,0.003306,74.125.200.0-255,5738,256671,35,311454
16322,0.003329,74.125.200.0-255,4320,260991,35,311454
16323,0.003349,74.125.200.0-255,7156,268147,35,311454
16324,0.003354,74.125.200.0-255,4320,272467,35,311454
16325,0.003361,172.31.33.0-255,66,272533,35,311454
16326,0.003404,74.125.200.0-255,4320,276853,35,311454
16327,0.003432,74.125.200.0-255,1484,278337,35,311454
16328,0.003436,172.31.33.0-255,66,278403,35,311454
16329,0.003473,172.31.33.0-255,66,278469,35,311454
16330,0.003497,74.125.200.0-255,766,279235,35,311454
16331,0.003501,74.125.200.0-255,1484,280719,35,311454
16332,0.003542,172.31.33.0-255,66,280785,35,311454
16333,0.003552,74.125.200.0-255,4320,285105,35,311454
16334,0.003576,172.31.33.0-255,66,285171,35,311454
16335,0.00361,74.125.200.0-255,1484,286655,35,311454
16336,0.003622,74.125.200.0-255,1484,288139,35,311454
16337,0.003627,74.125.200.0-255,2902,291041,35,311454
16338,0.003631,172.31.33.0-255,66,291107,35,311454
16339,0.003636,172.31.33.0-255,66,291173,35,311454
16340,0.003647,74.125.200.0-255,1484,292657,35,311454
16341,0.003651,74.125.200.0-255,2184,294841,35,311454
16342,0.003682,172.31.33.0-255,66,294907,35,311454
16343,0.00383,74.125.200.0-255,1484,296391,35,311454
16344,0.003835,74.125.200.0-255,1484,297875,35,311454
16345,0.003844,74.125.200.0-255,1484,299359,35,311454
16346,0.003855,172.31.33.0-255,66,299425,35,311454
16347,0.003866,74.125.200.0-255,4320,303745,35,311454
16348,0.003877,74.125.200.0-255,5738,309483,35,311454
16349,0.003886,172.31.33.0-255,66,309549,35,311454
16350,0.003925,74.125.200.0-255,1400,310949,35,311454
16351,0.003928,74.125.200.0-255,97,311046,35,311454
16352,0.00393,172.31.33.0-255,66,311112,35,311454
16353,0.003979,74.125.200.0-255,105,311217,35,311454
16354,0.005894,172.31.33.0-255,66,311283,35,311454
16355,0.005931,172.31.33.0-255,105,311388,35,311454
16356,0.008504,74.125.200.0-255,66,311454,35,311454
16357,0.0,74.125.24.0-255,227,227,35,179933
16358,1.4e-05,172.31.33.0-255,66,293,35,179933
16359,1.9e-05,74.125.24.0-255,1484,1777,35,179933
16360,2.3e-05,172.31.33.0-255,66,1843,35,179933
16361,2.9e-05,74.125.24.0-255,4320,6163,35,179933
16362,3.8e-05,172.31.33.0-255,66,6229,35,179933
16363,4.3e-05,74.125.24.0-255,2902,9131,35,179933
16364,4.5e-05,172.31.33.0-255,66,9197,35,179933
16365,8e-05,74.125.24.0-255,4667,13864,35,179933
16366,8.3e-05,172.31.33.0-255,66,13930,35,179933
16367,9.4e-05,172.31.33.0-255,66,13996,35,179933
16368,0.000124,74.125.24.0-255,4320,18316,35,179933
16369,0.000126,172.31.33.0-255,66,18382,35,179933
16370,0.000129,74.125.24.0-255,2543,20925,35,179933
16371,0.000131,172.31.33.0-255,66,20991,35,179933
16372,0.000171,74.125.24.0-255,1484,22475,35,179933
16373,0.000173,172.31.33.0-255,66,22541,35,179933
16374,0.000179,74.125.24.0-255,2902,25443,35,179933
16375,0.000181,172.31.33.0-255,66,25509,35,179933
16376,0.000203,74.125.24.0-255,4320,29829,35,179933
16377,0.000205,172.31.33.0-255,66,29895,35,179933
16378,0.000214,74.125.24.0-255,5738,35633,35,179933
16379,0.000216,172.31.33.0-255,66,35699,35,179933
16380,0.000262,74.125.24.0-255,7156,42855,35,179933
16381,0.000264,172.31.33.0-255,66,42921,35,179933
16382,0.000287,74.125.24.0-255,3961,46882,35,179933
16383,0.00029,172.31.33.0-255,66,46948,35,179933
16384,0.000301,74.125.24.0-255,2902,49850,35,179933
16385,0.000303,172.31.33.0-255,66,49916,35,179933
16386,0.000334,74.125.24.0-255,5655,55571,35,179933
16387,0.000337,172.31.33.0-255,66,55637,35,179933
16388,0.00034,74.125.24.0-255,126,55763,35,179933
16389,0.00045,74.125.24.0-255,1484,57247,35,179933
16390,0.000454,172.31.33.0-255,66,57313,35,179933
16391,0.000459,74.125.24.0-255,2902,60215,35,179933
16392,0.000461,172.31.33.0-255,66,60281,35,179933
16393,0.000483,74.125.24.0-255,5738,66019,35,179933
16394,0.000486,172.31.33.0-255,66,66085,35,179933
16395,0.000507,74.125.24.0-255,1484,67569,35,179933
16396,0.000531,172.31.33.0-255,66,67635,35,179933
16397,0.00054,172.31.33.0-255,66,67701,35,179933
16398,0.000568,74.125.24.0-255,1409,69110,35,179933
16399,0.000768,74.125.24.0-255,1484,70594,35,179933
16400,0.000773,172.31.33.0-255,66,70660,35,179933
16401,0.000792,74.125.24.0-255,2902,73562,35,179933
16402,0.000794,172.31.33.0-255,66,73628,35,179933
16403,0.0008,74.125.24.0-255,5738,79366,35,179933
16404,0.000803,172.31.33.0-255,66,79432,35,179933
16405,0.000834,74.125.24.0-255,2902,82334,35,179933
16406,0.000837,172.31.33.0-255,66,82400,35,179933
16407,0.00086,74.125.24.0-255,1484,83884,35,179933
16408,0.000867,74.125.24.0-255,5738,89622,35,179933
16409,0.000885,172.31.33.0-255,66,89688,35,179933
16410,0.00089,74.125.24.0-255,2902,92590,35,179933
16411,0.000894,74.125.24.0-255,2902,95492,35,179933
16412,0.00091,74.125.24.0-255,1484,96976,35,179933
16413,0.000914,172.31.33.0-255,66,97042,35,179933
16414,0.000951,74.125.24.0-255,6438,103480,35,179933
16415,0.000968,172.31.33.0-255,66,103546,35,179933
16416,0.00107,74.125.24.0-255,1484,105030,35,179933
16417,0.001091,74.125.24.0-255,2902,107932,35,179933
16418,0.001095,172.31.33.0-255,66,107998,35,179933
16419,0.001103,74.125.24.0-255,5738,113736,35,179933
16420,0.001138,172.31.33.0-255,66,113802,35,179933
16421,0.001158,74.125.24.0-255,2902,116704,35,179933
16422,0.001165,74.125.24.0-255,7156,123860,35,179933
16423,0.001177,172.31.33.0-255,66,123926,35,179933
16424,0.001197,74.125.24.0-255,3602,127528,35,179933
16425,0.001228,172.31.33.0-255,66,127594,35,179933
16426,0.001304,74.125.24.0-255,1484,129078,35,179933
16427,0.001324,74.125.24.0-255,2902,131980,35,179933
16428,0.001328,172.31.33.0-255,66,132046,35,179933
16429,0.001362,74.125.24.0-255,1484,133530,35,179933
16430,0.001367,74.125.24.0-255,2902,136432,35,179933
16431,0.00138,172.31.33.0-255,66,136498,35,179933
16432,0.001398,74.125.24.0-255,5738,142236,35,179933
16433,0.00141,74.125.24.0-255,7156,149392,35,179933
16434,0.001435,172.31.33.0-255,66,149458,35,179933
16435,0.001482,172.31.33.0-255,66,149524,35,179933
16436,0.001506,74.125.24.0-255,3602,153126,35,179933
16437,0.001531,172.31.33.0-255,66,153192,35,179933
16438,0.001854,74.125.24.0-255,1484,154676,35,179933
16439,0.001861,74.125.24.0-255,2902,157578,35,179933
16440,0.001864,172.31.33.0-255,66,157644,35,179933
16441,0.001885,74.125.24.0-255,5738,163382,35,179933
16442,0.001912,172.31.33.0-255,66,163448,35,179933
16443,0.001923,172.31.33.0-255,66,163514,35,179933
16444,0.001995,172.31.33.0-255,66,163580,35,179933
16445,0.002059,172.31.33.0-255,66,163646,35,179933
16446,0.002067,74.125.24.0-255,6438,170084,35,179933
16447,0.002074,74.125.24.0-255,7156,177240,35,179933
16448,0.002158,172.31.33.0-255,66,177306,35,179933
16449,0.002193,172.31.33.0-255,66,177372,35,179933
16450,0.002264,172.31.33.0-255,66,177438,35,179933
16451,0.002314,172.31.33.0-255,66,177504,35,179933
16452,0.004553,74.125.24.0-255,136,177640,35,179933
16453,0.019995,172.31.33.0-255,66,177706,35,179933
16454,0.020048,172.31.33.0-255,105,177811,35,179933
16455,0.022268,74.125.24.0-255,66,177877,35,179933
16456,0.053427,172.31.33.0-255,172,178049,35,179933
16457,0.053457,172.31.33.0-255,1107,179156,35,179933
16458,0.053507,172.31.33.0-255,579,179735,35,179933
16459,0.054986,104.244.42.0-255,66,179801,35,179933
16460,0.055025,104.244.42.0-255,66,179867,35,179933
16461,0.055076,104.244.42.0-255,66,179933,35,179933
16462,0.0,172.31.33.0-255,105,105,35,276
16463,0.001768,157.240.7.0-255,105,210,35,276
16464,0.001781,172.31.33.0-255,66,276,35,276
16465,0.0,172.31.33.0-255,105,105,35,276
16466,0.002074,157.240.7.0-255,105,210,35,276
16467,0.002086,172.31.33.0-255,66,276,35,276
16468,0.0,172.31.33.0-255,105,105,35,276
16469,0.001752,157.240.7.0-255,105,210,35,276
16470,0.001761,172.31.33.0-255,66,276,35,276
16471,0.0,172.217.194.0-255,165,165,35,251234
16472,3.4e-05,172.31.33.0-255,66,231,35,251234
16473,4.1e-05,172.217.194.0-255,1484,1715,35,251234
16474,4.5e-05,172.31.33.0-255,66,1781,35,251234
16475,5e-05,172.217.194.0-255,2902,4683,35,251234
16476,5.9e-05,172.31.33.0-255,66,4749,35,251234
16477,6.5e-05,172.217.194.0-255,4320,9069,35,251234
16478,6.7e-05,172.31.33.0-255,66,9135,35,251234
16479,9.5e-05,172.217.194.0-255,1484,10619,35,251234
16480,9.9e-05,172.31.33.0-255,66,10685,35,251234
16481,0.000126,172.217.194.0-255,3514,14199,35,251234
16482,0.000129,172.31.33.0-255,66,14265,35,251234
16483,0.000135,172.217.194.0-255,4320,18585,35,251234
16484,0.000137,172.31.33.0-255,66,18651,35,251234
16485,0.000163,172.217.194.0-255,1484,20135,35,251234
16486,0.000166,172.31.33.0-255,66,20201,35,251234
16487,0.000173,172.217.194.0-255,7156,27357,35,251234
16488,0.000175,172.31.33.0-255,66,27423,35,251234
16489,0.000187,172.217.194.0-255,1484,28907,35,251234
16490,0.00019,172.31.33.0-255,66,28973,35,251234
16491,0.000225,172.31.33.0-255,66,29039,35,251234
16492,0.000231,172.217.194.0-255,5379,34418,35,251234
16493,0.000233,172.31.33.0-255,66,34484,35,251234
16494,0.000322,172.217.194.0-255,1484,35968,35,251234
16495,0.000326,172.31.33.0-255,66,36034,35,251234
16496,0.000333,172.217.194.0-255,2902,38936,35,251234
16497,0.000335,172.31.33.0-255,66,39002,35,251234
16498,0.000338,172.217.194.0-255,1484,40486,35,251234
16499,0.000341,172.31.33.0-255,66,40552,35,251234
16500,0.000371,172.217.194.0-255,4320,44872,35,251234
16501,0.000375,172.31.33.0-255,66,44938,35,251234
16502,0.000383,172.217.194.0-255,6797,51735,35,251234
16503,0.000385,172.31.33.0-255,66,51801,35,251234
16504,0.00041,172.217.194.0-255,363,52164,35,251234
16505,0.000751,172.217.194.0-255,380,52544,35,251234
16506,0.000863,172.31.33.0-255,66,52610,35,251234
16507,0.000961,172.217.194.0-255,1484,54094,35,251234
16508,0.000978,172.217.194.0-255,2902,56996,35,251234
16509,0.000982,172.31.33.0-255,66,57062,35,251234
16510,0.000988,172.217.194.0-255,2902,59964,35,251234
16511,0.000989,172.31.33.0-255,66,60030,35,251234
16512,0.001008,172.217.194.0-255,2902,62932,35,251234
16513,0.001014,172.31.33.0-255,66,62998,35,251234
16514,0.001044,172.217.194.0-255,6797,69795,35,251234
16515,0.001048,172.31.33.0-255,66,69861,35,251234
16516,0.001055,172.217.194.0-255,7156,77017,35,251234
16517,0.001058,172.31.33.0-255,66,77083,35,251234
16518,0.001083,172.217.194.0-255,2902,79985,35,251234
16519,0.001086,172.31.33.0-255,66,80051,35,251234
16520,0.001108,172.217.194.0-255,6797,86848,35,251234
16521,0.001111,172.31.33.0-255,66,86914,35,251234
16522,0.001896,172.217.194.0-255,1484,88398,35,251234
16523,0.001903,172.217.194.0-255,2902,91300,35,251234
16524,0.001906,172.31.33.0-255,66,91366,35,251234
16525,0.00191,172.217.194.0-255,1484,92850,35,251234
16526,0.001932,172.217.194.0-255,4320,97170,35,251234
16527,0.001934,172.31.33.0-255,66,97236,35,251234
16528,0.001964,172.31.33.0-255,66,97302,35,251234
16529,0.001985,172.217.194.0-255,1484,98786,35,251234
16530,0.002019,172.31.33.0-255,66,98852,35,251234
16531,0.002919,172.217.194.0-255,1484,100336,35,251234
16532,0.002925,172.217.194.0-255,2902,103238,35,251234
16533,0.002928,172.31.33.0-255,66,103304,35,251234
16534,0.002958,172.217.194.0-255,5738,109042,35,251234
16535,0.00296,172.31.33.0-255,66,109108,35,251234
16536,0.002964,172.217.194.0-255,2902,112010,35,251234
16537,0.002966,172.31.33.0-255,66,112076,35,251234
16538,0.002986,172.217.194.0-255,4320,116396,35,251234
16539,0.002988,172.31.33.0-255,66,116462,35,251234
16540,0.002998,172.217.194.0-255,5738,122200,35,251234
16541,0.003001,172.31.33.0-255,66,122266,35,251234
16542,0.003031,172.31.33.0-255,66,122332,35,251234
16543,0.003035,172.217.194.0-255,2184,124516,35,251234
16544,0.003037,172.31.33.0-255,66,124582,35,251234
16545,0.003082,172.217.194.0-255,1484,126066,35,251234
16546,0.003096,172.217.194.0-255,2902,128968,35,251234
16547,0.003098,172.31.33.0-255,66,129034,35,251234
16548,0.003101,172.217.194.0-255,1484,130518,35,251234
16549,0.003105,172.217.194.0-255,2902,133420,35,251234
16550,0.003107,172.31.33.0-255,66,133486,35,251234
16551,0.003124,172.217.194.0-255,1484,134970,35,251234
16552,0.003151,172.31.33.0-255,66,135036,35,251234
16553,0.003172,172.217.194.0-255,2902,137938,35,251234
16554,0.003174,172.31.33.0-255,66,138004,35,251234
16555,0.003186,172.31.33.0-255,66,138070,35,251234
16556,0.003212,172.217.194.0-255,1484,139554,35,251234
16557,0.003215,172.217.194.0-255,766,140320,35,251234
16558,0.003218,172.31.33.0-255,66,140386,35,251234
16559,0.00322,172.217.194.0-255,1484,141870,35,251234
16560,0.003226,172.217.194.0-255,4320,146190,35,251234
16561,0.003228,172.31.33.0-255,66,146256,35,251234
16562,0.003234,172.217.194.0-255,7156,153412,35,251234
16563,0.003237,172.31.33.0-255,66,153478,35,251234
16564,0.003272,172.31.33.0-255,66,153544,35,251234
16565,0.003277,172.217.194.0-255,5020,158564,35,251234
16566,0.003279,172.31.33.0-255,66,158630,35,251234
16567,0.003324,172.31.33.0-255,66,158696,35,251234
16568,0.003352,172.217.194.0-255,5738,164434,35,251234
16569,0.003355,172.31.33.0-255,66,164500,35,251234
16570,0.003372,172.31.33.0-255,66,164566,35,251234
16571,0.003748,172.217.194.0-255,1484,166050,35,251234
16572,0.003767,172.217.194.0-255,2902,168952,35,251234
16573,0.003772,172.31.33.0-255,66,169018,35,251234
16574,0.00382,172.217.194.0-255,5738,174756,35,251234
16575,0.003825,172.31.33.0-255,66,174822,35,251234
16576,0.003842,172.31.33.0-255,66,174888,35,251234
16577,0.003855,172.217.194.0-255,4320,179208,35,251234
16578,0.003862,172.31.33.0-255,66,179274,35,251234
16579,0.003922,172.31.33.0-255,66,179340,35,251234
16580,0.003926,172.217.194.0-255,1484,180824,35,251234
16581,0.003931,172.217.194.0-255,2902,183726,35,251234
16582,0.003938,172.217.194.0-255,5738,189464,35,251234
16583,0.004047,172.217.194.0-255,2902,192366,35,251234
16584,0.004108,172.217.194.0-255,5738,198104,35,251234
16585,0.004127,172.217.194.0-255,4320,202424,35,251234
16586,0.004136,172.217.194.0-255,7156,209580,35,251234
16587,0.004141,172.217.194.0-255,2902,212482,35,251234
16588,0.004146,172.217.194.0-255,2184,214666,35,251234
16589,0.004373,172.217.194.0-255,1484,216150,35,251234
16590,0.00438,172.217.194.0-255,2902,219052,35,251234
16591,0.004394,172.217.194.0-255,1484,220536,35,251234
16592,0.004416,172.217.194.0-255,4320,224856,35,251234
16593,0.004439,172.217.194.0-255,2902,227758,35,251234
16594,0.004457,172.217.194.0-255,4320,232078,35,251234
16595,0.00448,172.217.194.0-255,5738,237816,35,251234
16596,0.004487,172.217.194.0-255,2933,240749,35,251234
16597,0.00449,172.217.194.0-255,97,240846,35,251234
16598,0.004524,172.217.194.0-255,105,240951,35,251234
16599,0.006706,172.31.33.0-255,66,241017,35,251234
16600,0.015042,172.31.33.0-255,105,241122,35,251234
16601,0.017078,172.217.194.0-255,66,241188,35,251234
16602,0.042876,172.31.33.0-255,176,241364,35,251234
16603,0.042909,172.31.33.0-255,1107,242471,35,251234
16604,0.042957,172.31.33.0-255,1514,243985,35,251234
16605,0.042959,172.31.33.0-255,1514,245499,35,251234
16606,0.042965,172.31.33.0-255,1514,247013,35,251234
16607,0.042966,172.31.33.0-255,1514,248527,35,251234
16608,0.042982,172.31.33.0-255,1514,250041,35,251234
16609,0.042984,172.31.33.0-255,929,250970,35,251234
16610,0.044441,104.244.42.0-255,66,251036,35,251234
16611,0.044475,104.244.42.0-255,66,251102,35,251234
16612,0.044536,104.244.42.0-255,66,251168,35,251234
16613,0.044539,104.244.42.0-255,66,251234,35,251234
16614,0.0,172.217.194.0-255,153,153,35,180817
16615,2.2e-05,172.31.33.0-255,66,219,35,180817
16616,2.8e-05,172.217.194.0-255,1484,1703,35,180817
16617,3.1e-05,172.31.33.0-255,66,1769,35,180817
16618,3.5e-05,172.217.194.0-255,2902,4671,35,180817
16619,3.7e-05,172.31.33.0-255,66,4737,35,180817
16620,8.2e-05,172.217.194.0-255,5738,10475,35,180817
16621,8.5e-05,172.31.33.0-255,66,10541,35,180817
16622,9.1e-05,172.217.194.0-255,6300,16841,35,180817
16623,9.3e-05,172.31.33.0-255,66,16907,35,180817
16624,0.000136,172.31.33.0-255,66,16973,35,180817
16625,0.000167,172.217.194.0-255,1484,18457,35,180817
16626,0.00017,172.31.33.0-255,66,18523,35,180817
16627,0.000194,172.217.194.0-255,2902,21425,35,180817
16628,0.000197,172.31.33.0-255,66,21491,35,180817
16629,0.000204,172.217.194.0-255,5738,27229,35,180817
16630,0.000206,172.31.33.0-255,66,27295,35,180817
16631,0.000212,172.217.194.0-255,6797,34092,35,180817
16632,0.000214,172.31.33.0-255,66,34158,35,180817
16633,0.000272,172.31.33.0-255,66,34224,35,180817
16634,0.000276,172.217.194.0-255,2831,37055,35,180817
16635,0.000278,172.31.33.0-255,66,37121,35,180817
16636,0.000294,172.217.194.0-255,367,37488,35,180817
16637,0.000297,172.31.33.0-255,66,37554,35,180817
16638,0.000363,172.217.194.0-255,1484,39038,35,180817
16639,0.000367,172.31.33.0-255,66,39104,35,180817
16640,0.000371,172.217.194.0-255,2902,42006,35,180817
16641,0.000373,172.31.33.0-255,66,42072,35,180817
16642,0.000402,172.217.194.0-255,5738,47810,35,180817
16643,0.000405,172.31.33.0-255,66,47876,35,180817
16644,0.00041,172.217.194.0-255,4320,52196,35,180817
16645,0.000412,172.31.33.0-255,66,52262,35,180817
16646,0.00043,172.217.194.0-255,2543,54805,35,180817
16647,0.000436,172.31.33.0-255,66,54871,35,180817
16648,0.000466,172.217.194.0-255,7156,62027,35,180817
16649,0.000469,172.31.33.0-255,66,62093,35,180817
16650,0.000479,172.31.33.0-255,66,62159,35,180817
16651,0.000524,172.31.33.0-255,66,62225,35,180817
16652,0.000644,172.217.194.0-255,1484,63709,35,180817
16653,0.000651,172.217.194.0-255,2902,66611,35,180817
16654,0.000654,172.31.33.0-255,66,66677,35,180817
16655,0.00068,172.217.194.0-255,5738,72415,35,180817
16656,0.000683,172.31.33.0-255,66,72481,35,180817
16657,0.000686,172.217.194.0-255,1484,73965,35,180817
16658,0.000718,172.31.33.0-255,66,74031,35,180817
16659,0.000757,172.31.33.0-255,66,74097,35,180817
16660,0.000797,172.217.194.0-255,1484,75581,35,180817
16661,0.000814,172.217.194.0-255,2902,78483,35,180817
16662,0.000817,172.31.33.0-255,66,78549,35,180817
16663,0.000823,172.217.194.0-255,5738,84287,35,180817
16664,0.000824,172.31.33.0-255,66,84353,35,180817
16665,0.000856,172.31.33.0-255,66,84419,35,180817
16666,0.00089,172.31.33.0-255,66,84485,35,180817
16667,0.000925,172.217.194.0-255,1484,85969,35,180817
16668,0.000981,172.217.194.0-255,2902,88871,35,180817
16669,0.000985,172.31.33.0-255,66,88937,35,180817
16670,0.00099,172.217.194.0-255,5738,94675,35,180817
16671,0.000992,172.31.33.0-255,66,94741,35,180817
16672,0.001009,172.31.33.0-255,66,94807,35,180817
16673,0.001018,172.31.33.0-255,66,94873,35,180817
16674,0.001037,172.217.194.0-255,2184,97057,35,180817
16675,0.00104,172.31.33.0-255,66,97123,35,180817
16676,0.001042,172.217.194.0-255,1484,98607,35,180817
16677,0.001059,172.217.194.0-255,1484,100091,35,180817
16678,0.001063,172.31.33.0-255,66,100157,35,180817
16679,0.001066,172.217.194.0-255,7156,107313,35,180817
16680,0.001068,172.31.33.0-255,66,107379,35,180817
16681,0.001072,172.217.194.0-255,2902,110281,35,180817
16682,0.001074,172.31.33.0-255,66,110347,35,180817
16683,0.001104,172.217.194.0-255,4320,114667,35,180817
16684,0.001107,172.31.33.0-255,66,114733,35,180817
16685,0.001116,172.31.33.0-255,66,114799,35,180817
16686,0.001142,172.217.194.0-255,7156,121955,35,180817
16687,0.001145,172.31.33.0-255,66,122021,35,180817
16688,0.001147,172.217.194.0-255,766,122787,35,180817
16689,0.001185,172.217.194.0-255,1484,124271,35,180817
16690,0.001188,172.31.33.0-255,66,124337,35,180817
16691,0.001227,172.31.33.0-255,66,124403,35,180817
16692,0.001254,172.217.194.0-255,4320,128723,35,180817
16693,0.001258,172.31.33.0-255,66,128789,35,180817
16694,0.001269,172.31.33.0-255,66,128855,35,180817
16695,0.001279,172.31.33.0-255,66,128921,35,180817
16696,0.001309,172.31.33.0-255,66,128987,35,180817
16697,0.001337,172.217.194.0-255,6438,135425,35,180817
16698,0.00134,172.31.33.0-255,66,135491,35,180817
16699,0.00135,172.31.33.0-255,66,135557,35,180817
16700,0.001379,172.31.33.0-255,66,135623,35,180817
16701,0.001402,172.217.194.0-255,2902,138525,35,180817
16702,0.001405,172.31.33.0-255,66,138591,35,180817
16703,0.001411,172.217.194.0-255,7156,145747,35,180817
16704,0.001413,172.31.33.0-255,66,145813,35,180817
16705,0.001434,172.217.194.0-255,5020,150833,35,180817
16706,0.001437,172.31.33.0-255,66,150899,35,180817
16707,0.00147,172.217.194.0-255,1484,152383,35,180817
16708,0.001488,172.217.194.0-255,2902,155285,35,180817
16709,0.00149,172.217.194.0-255,1484,156769,35,180817
16710,0.001492,172.31.33.0-255,66,156835,35,180817
16711,0.001518,172.217.194.0-255,4320,161155,35,180817
16712,0.001521,172.31.33.0-255,66,161221,35,180817
16713,0.001555,172.217.194.0-255,4320,165541,35,180817
16714,0.001557,172.31.33.0-255,66,165607,35,180817
16715,0.001587,172.31.33.0-255,66,165673,35,180817
16716,0.001593,172.31.33.0-255,66,165739,35,180817
16717,0.001596,172.217.194.0-255,2184,167923,35,180817
16718,0.001598,172.31.33.0-255,66,167989,35,180817
16719,0.001602,172.217.194.0-255,2902,170891,35,180817
16720,0.001604,172.31.33.0-255,66,170957,35,180817
16721,0.00163,172.217.194.0-255,7156,178113,35,180817
16722,0.001634,172.31.33.0-255,66,178179,35,180817
16723,0.001636,172.217.194.0-255,143,178322,35,180817
16724,0.001678,172.217.194.0-255,97,178419,35,180817
16725,0.001725,172.217.194.0-255,105,178524,35,180817
16726,0.002904,172.31.33.0-255,66,178590,35,180817
16727,0.002927,172.31.33.0-255,105,178695,35,180817
16728,0.005181,172.217.194.0-255,66,178761,35,180817
16729,0.053205,172.31.33.0-255,172,178933,35,180817
16730,0.053238,172.31.33.0-255,1108,180041,35,180817
16731,0.053266,172.31.33.0-255,578,180619,35,180817
16732,0.054748,104.244.42.0-255,66,180685,35,180817
16733,0.054877,104.244.42.0-255,66,180751,35,180817
16734,0.054915,104.244.42.0-255,66,180817,35,180817
16735,0.0,74.125.68.0-255,153,153,35,338500
16736,2.2e-05,172.31.33.0-255,66,219,35,338500
16737,2.9e-05,74.125.68.0-255,1484,1703,35,338500
16738,3.4e-05,172.31.33.0-255,66,1769,35,338500
16739,5.3e-05,74.125.68.0-255,1484,3253,35,338500
16740,5.5e-05,172.31.33.0-255,66,3319,35,338500
16741,5.9e-05,74.125.68.0-255,1484,4803,35,338500
16742,6.2e-05,172.31.33.0-255,66,4869,35,338500
16743,7.6e-05,74.125.68.0-255,1484,6353,35,338500
16744,7.8e-05,172.31.33.0-255,66,6419,35,338500
16745,8.6e-05,74.125.68.0-255,5738,12157,35,338500
16746,8.9e-05,172.31.33.0-255,66,12223,35,338500
16747,9.2e-05,74.125.68.0-255,1484,13707,35,338500
16748,9.4e-05,172.31.33.0-255,66,13773,35,338500
16749,0.000108,74.125.68.0-255,682,14455,35,338500
16750,0.000112,172.31.33.0-255,66,14521,35,338500
16751,0.000209,74.125.68.0-255,1484,16005,35,338500
16752,0.000212,172.31.33.0-255,66,16071,35,338500
16753,0.000218,74.125.68.0-255,2902,18973,35,338500
16754,0.000221,172.31.33.0-255,66,19039,35,338500
16755,0.000245,74.125.68.0-255,5738,24777,35,338500
16756,0.000248,172.31.33.0-255,66,24843,35,338500
16757,0.000253,74.125.68.0-255,2902,27745,35,338500
16758,0.000256,172.31.33.0-255,66,27811,35,338500
16759,0.000301,74.125.68.0-255,6797,34608,35,338500
16760,0.000305,172.31.33.0-255,66,34674,35,338500
16761,0.00033,74.125.68.0-255,7156,41830,35,338500
16762,0.000333,172.31.33.0-255,66,41896,35,338500
16763,0.000355,74.125.68.0-255,6797,48693,35,338500
16764,0.000358,172.31.33.0-255,66,48759,35,338500
16765,0.000404,74.125.68.0-255,1484,50243,35,338500
16766,0.000407,172.31.33.0-255,66,50309,35,338500
16767,0.000411,74.125.68.0-255,1484,51793,35,338500
16768,0.000426,74.125.68.0-255,1484,53277,35,338500
16769,0.000432,74.125.68.0-255,4320,57597,35,338500
16770,0.000442,74.125.68.0-255,1484,59081,35,338500
16771,0.000446,74.125.68.0-255,2902,61983,35,338500
16772,0.000461,74.125.68.0-255,1484,63467,35,338500
16773,0.000497,74.125.68.0-255,2854,66321,35,338500
16774,0.000522,74.125.68.0-255,345,66666,35,338500
16775,0.000539,172.31.33.0-255,66,66732,35,338500
16776,0.000842,74.125.68.0-255,1484,68216,35,338500
16777,0.000848,74.125.68.0-255,2902,71118,35,338500
16778,0.000856,172.31.33.0-255,66,71184,35,338500
16779,0.000868,74.125.68.0-255,4320,75504,35,338500
16780,0.000896,74.125.68.0-255,7156,82660,35,338500
16781,0.000903,172.31.33.0-255,66,82726,35,338500
16782,0.000911,74.125.68.0-255,1484,84210,35,338500
16783,0.000916,74.125.68.0-255,4320,88530,35,338500
16784,0.000922,74.125.68.0-255,4320,92850,35,338500
16785,0.000928,172.31.33.0-255,66,92916,35,338500
16786,0.000935,74.125.68.0-255,1484,94400,35,338500
16787,0.000962,74.125.68.0-255,6438,100838,35,338500
16788,0.000988,172.31.33.0-255,66,100904,35,338500
16789,0.001009,74.125.68.0-255,2902,103806,35,338500
16790,0.001055,172.31.33.0-255,66,103872,35,338500
16791,0.00106,74.125.68.0-255,4320,108192,35,338500
16792,0.001073,74.125.68.0-255,4320,112512,35,338500
16793,0.001079,74.125.68.0-255,5738,118250,35,338500
16794,0.001092,172.31.33.0-255,66,118316,35,338500
16795,0.001149,172.31.33.0-255,66,118382,35,338500
16796,0.00116,74.125.68.0-255,1484,119866,35,338500
16797,0.001179,74.125.68.0-255,2902,122768,35,338500
16798,0.001188,172.31.33.0-255,66,122834,35,338500
16799,0.001202,74.125.68.0-255,5738,128572,35,338500
16800,0.001215,74.125.68.0-255,1484,130056,35,338500
16801,0.00122,74.125.68.0-255,2902,132958,35,338500
16802,0.001228,172.31.33.0-255,66,133024,35,338500
16803,0.001249,74.125.68.0-255,1484,134508,35,338500
16804,0.001268,74.125.68.0-255,4320,138828,35,338500
16805,0.001288,74.125.68.0-255,7156,145984,35,338500
16806,0.001294,172.31.33.0-255,66,146050,35,338500
16807,0.001301,74.125.68.0-255,1484,147534,35,338500
16808,0.001315,74.125.68.0-255,5020,152554,35,338500
16809,0.001336,172.31.33.0-255,66,152620,35,338500
16810,0.001353,74.125.68.0-255,1484,154104,35,338500
16811,0.001371,74.125.68.0-255,2902,157006,35,338500
16812,0.001389,74.125.68.0-255,5738,162744,35,338500
16813,0.001403,172.31.33.0-255,66,162810,35,338500
16814,0.001435,172.31.33.0-255,66,162876,35,338500
16815,0.001448,74.125.68.0-255,5738,168614,35,338500
16816,0.001463,74.125.68.0-255,4320,172934,35,338500
16817,0.001467,74.125.68.0-255,2902,175836,35,338500
16818,0.001483,74.125.68.0-255,2184,178020,35,338500
16819,0.00149,172.31.33.0-255,66,178086,35,338500
16820,0.001533,74.125.68.0-255,1484,179570,35,338500
16821,0.001547,74.125.68.0-255,2902,182472,35,338500
16822,0.00155,74.125.68.0-255,1484,183956,35,338500
16823,0.001555,172.31.33.0-255,66,184022,35,338500
16824,0.001569,74.125.68.0-255,4320,188342,35,338500
16825,0.001574,74.125.68.0-255,2902,191244,35,338500
16826,0.001594,74.125.68.0-255,4320,195564,35,338500
16827,0.001634,172.31.33.0-255,66,195630,35,338500
16828,0.001648,74.125.68.0-255,1484,197114,35,338500
16829,0.001668,74.125.68.0-255,2184,199298,35,338500
16830,0.001682,172.31.33.0-255,66,199364,35,338500
16831,0.001771,74.125.68.0-255,1484,200848,35,338500
16832,0.001777,74.125.68.0-255,2902,203750,35,338500
16833,0.001781,172.31.33.0-255,66,203816,35,338500
16834,0.001812,74.125.68.0-255,5738,209554,35,338500
16835,0.001816,74.125.68.0-255,1484,211038,35,338500
16836,0.00182,172.31.33.0-255,66,211104,35,338500
16837,0.001837,74.125.68.0-255,5738,216842,35,338500
16838,0.001854,74.125.68.0-255,7156,223998,35,338500
16839,0.001874,74.125.68.0-255,1484,225482,35,338500
16840,0.001879,74.125.68.0-255,4320,229802,35,338500
16841,0.001891,172.31.33.0-255,66,229868,35,338500
16842,0.001922,74.125.68.0-255,3602,233470,35,338500
16843,0.001928,172.31.33.0-255,66,233536,35,338500
16844,0.001991,74.125.68.0-255,1484,235020,35,338500
16845,0.001996,74.125.68.0-255,1484,236504,35,338500
16846,0.00201,172.31.33.0-255,66,236570,35,338500
16847,0.002013,74.125.68.0-255,1484,238054,35,338500
16848,0.002026,74.125.68.0-255,4320,242374,35,338500
16849,0.002045,172.31.33.0-255,66,242440,35,338500
16850,0.002056,74.125.68.0-255,5738,248178,35,338500
16851,0.002099,74.125.68.0-255,2902,251080,35,338500
16852,0.002102,172.31.33.0-255,66,251146,35,338500
16853,0.002113,74.125.68.0-255,4320,255466,35,338500
16854,0.002126,74.125.68.0-255,3602,259068,35,338500
16855,0.002151,74.125.68.0-255,4320,263388,35,338500
16856,0.002158,172.31.33.0-255,66,263454,35,338500
16857,0.002177,74.125.68.0-255,5738,269192,35,338500
16858,0.002191,74.125.68.0-255,1484,270676,35,338500
16859,0.002199,74.125.68.0-255,7156,277832,35,338500
16860,0.002212,74.125.68.0-255,1484,279316,35,338500
16861,0.002221,172.31.33.0-255,66,279382,35,338500
16862,0.00224,172.31.33.0-255,66,279448,35,338500
16863,0.002246,74.125.68.0-255,4320,283768,35,338500
16864,0.002271,172.31.33.0-255,66,283834,35,338500
16865,0.002282,74.125.68.0-255,5738,289572,35,338500
16866,0.002288,172.31.33.0-255,66,289638,35,338500
16867,0.002322,74.125.68.0-255,5738,295376,35,338500
16868,0.002354,74.125.68.0-255,6438,301814,35,338500
16869,0.002359,172.31.33.0-255,66,301880,35,338500
16870,0.002383,74.125.68.0-255,2902,304782,35,338500
16871,0.002389,172.31.33.0-255,66,304848,35,338500
16872,0.002398,74.125.68.0-255,4320,309168,35,338500
16873,0.002401,74.125.68.0-255,1484,310652,35,338500
16874,0.002405,74.125.68.0-255,2902,313554,35,338500
16875,0.002411,172.31.33.0-255,66,313620,35,338500
16876,0.002432,74.125.68.0-255,5738,319358,35,338500
16877,0.00244,172.31.33.0-255,66,319424,35,338500
16878,0.002458,74.125.68.0-255,7156,326580,35,338500
16879,0.002473,74.125.68.0-255,1468,328048,35,338500
16880,0.00248,172.31.33.0-255,66,328114,35,338500
16881,0.002519,74.125.68.0-255,105,328219,35,338500
16882,0.004777,172.31.33.0-255,66,328285,35,338500
16883,0.004809,172.31.33.0-255,105,328390,35,338500
16884,0.007363,74.125.68.0-255,66,328456,35,338500
16885,0.037882,172.31.33.0-255,172,328628,35,338500
16886,0.037915,172.31.33.0-255,1107,329735,35,338500
16887,0.037986,172.31.33.0-255,1514,331249,35,338500
16888,0.037988,172.31.33.0-255,1514,332763,35,338500
16889,0.037994,172.31.33.0-255,1514,334277,35,338500
16890,0.037995,172.31.33.0-255,1514,335791,35,338500
16891,0.038015,172.31.33.0-255,1514,337305,35,338500
16892,0.038016,172.31.33.0-255,931,338236,35,338500
16893,0.039374,104.244.42.0-255,66,338302,35,338500
16894,0.039406,104.244.42.0-255,66,338368,35,338500
16895,0.03951,104.244.42.0-255,66,338434,35,338500
16896,0.039525,104.244.42.0-255,66,338500,35,338500
16897,0.0,172.31.33.0-255,105,105,35,276
16898,0.001782,157.240.7.0-255,105,210,35,276
16899,0.001793,172.31.33.0-255,66,276,35,276
16900,0.0,172.31.33.0-255,105,105,35,276
16901,0.002283,157.240.7.0-255,105,210,35,276
16902,0.002297,172.31.33.0-255,66,276,35,276
16903,0.0,74.125.24.0-255,153,153,35,182771
16904,2.4e-05,172.31.33.0-255,66,219,35,182771
16905,3e-05,74.125.24.0-255,1484,1703,35,182771
16906,3.5e-05,172.31.33.0-255,66,1769,35,182771
16907,4e-05,74.125.24.0-255,2902,4671,35,182771
16908,4.2e-05,172.31.33.0-255,66,4737,35,182771
16909,5.9e-05,74.125.24.0-255,7156,11893,35,182771
16910,6.1e-05,172.31.33.0-255,66,11959,35,182771
16911,9.6e-05,74.125.24.0-255,2042,14001,35,182771
16912,9.9e-05,172.31.33.0-255,66,14067,35,182771
16913,0.00016,74.125.24.0-255,1484,15551,35,182771
16914,0.000163,172.31.33.0-255,66,15617,35,182771
16915,0.000169,74.125.24.0-255,2902,18519,35,182771
16916,0.000174,172.31.33.0-255,66,18585,35,182771
16917,0.000176,74.125.24.0-255,1484,20069,35,182771
16918,0.000178,172.31.33.0-255,66,20135,35,182771
16919,0.000202,74.125.24.0-255,2902,23037,35,182771
16920,0.000204,172.31.33.0-255,66,23103,35,182771
16921,0.000244,172.31.33.0-255,66,23169,35,182771
16922,0.000247,74.125.24.0-255,1484,24653,35,182771
16923,0.000249,172.31.33.0-255,66,24719,35,182771
16924,0.000274,172.31.33.0-255,66,24785,35,182771
16925,0.000295,74.125.24.0-255,4320,29105,35,182771
16926,0.000297,74.125.24.0-255,1125,30230,35,182771
16927,0.000301,172.31.33.0-255,66,30296,35,182771
16928,0.000305,172.31.33.0-255,66,30362,35,182771
16929,0.000415,74.125.24.0-255,1484,31846,35,182771
16930,0.000419,172.31.33.0-255,66,31912,35,182771
16931,0.000422,74.125.24.0-255,1484,33396,35,182771
16932,0.000424,172.31.33.0-255,66,33462,35,182771
16933,0.000439,74.125.24.0-255,1484,34946,35,182771
16934,0.000446,74.125.24.0-255,4320,39266,35,182771
16935,0.000448,172.31.33.0-255,66,39332,35,182771
16936,0.000467,74.125.24.0-255,1484,40816,35,182771
16937,0.000491,74.125.24.0-255,1484,42300,35,182771
16938,0.000493,172.31.33.0-255,66,42366,35,182771
16939,0.000515,74.125.24.0-255,5711,48077,35,182771
16940,0.000518,172.31.33.0-255,66,48143,35,182771
16941,0.000521,74.125.24.0-255,347,48490,35,182771
16942,0.00067,74.125.24.0-255,1484,49974,35,182771
16943,0.000675,172.31.33.0-255,66,50040,35,182771
16944,0.000679,74.125.24.0-255,2902,52942,35,182771
16945,0.000682,172.31.33.0-255,66,53008,35,182771
16946,0.000699,74.125.24.0-255,5738,58746,35,182771
16947,0.000702,172.31.33.0-255,66,58812,35,182771
16948,0.000736,74.125.24.0-255,4320,63132,35,182771
16949,0.00074,172.31.33.0-255,66,63198,35,182771
16950,0.000759,74.125.24.0-255,2543,65741,35,182771
16951,0.000762,172.31.33.0-255,66,65807,35,182771
16952,0.000792,74.125.24.0-255,1484,67291,35,182771
16953,0.000796,74.125.24.0-255,1484,68775,35,182771
16954,0.000799,172.31.33.0-255,66,68841,35,182771
16955,0.00082,74.125.24.0-255,1484,70325,35,182771
16956,0.000826,74.125.24.0-255,5738,76063,35,182771
16957,0.000828,172.31.33.0-255,66,76129,35,182771
16958,0.000843,74.125.24.0-255,6797,82926,35,182771
16959,0.000846,172.31.33.0-255,66,82992,35,182771
16960,0.001364,74.125.24.0-255,1484,84476,35,182771
16961,0.001383,74.125.24.0-255,2902,87378,35,182771
16962,0.001387,172.31.33.0-255,66,87444,35,182771
16963,0.001394,74.125.24.0-255,5738,93182,35,182771
16964,0.001395,172.31.33.0-255,66,93248,35,182771
16965,0.001398,74.125.24.0-255,1484,94732,35,182771
16966,0.001423,74.125.24.0-255,7156,101888,35,182771
16967,0.001427,172.31.33.0-255,66,101954,35,182771
16968,0.001437,172.31.33.0-255,66,102020,35,182771
16969,0.001479,74.125.24.0-255,5020,107040,35,182771
16970,0.001482,172.31.33.0-255,66,107106,35,182771
16971,0.002653,74.125.24.0-255,1484,108590,35,182771
16972,0.002661,74.125.24.0-255,2902,111492,35,182771
16973,0.002665,172.31.33.0-255,66,111558,35,182771
16974,0.00267,74.125.24.0-255,2902,114460,35,182771
16975,0.002671,172.31.33.0-255,66,114526,35,182771
16976,0.002684,74.125.24.0-255,2902,117428,35,182771
16977,0.002685,172.31.33.0-255,66,117494,35,182771
16978,0.002723,172.31.33.0-255,66,117560,35,182771
16979,0.002729,74.125.24.0-255,5738,123298,35,182771
16980,0.002732,172.31.33.0-255,66,123364,35,182771
16981,0.002749,74.125.24.0-255,5020,128384,35,182771
16982,0.002751,172.31.33.0-255,66,128450,35,182771
16983,0.00293,74.125.24.0-255,1484,129934,35,182771
16984,0.002933,74.125.24.0-255,1484,131418,35,182771
16985,0.002934,172.31.33.0-255,66,131484,35,182771
16986,0.00295,74.125.24.0-255,1484,132968,35,182771
16987,0.002956,74.125.24.0-255,5738,138706,35,182771
16988,0.002958,172.31.33.0-255,66,138772,35,182771
16989,0.002961,74.125.24.0-255,1484,140256,35,182771
16990,0.002991,74.125.24.0-255,7156,147412,35,182771
16991,0.002993,172.31.33.0-255,66,147478,35,182771
16992,0.00302,172.31.33.0-255,66,147544,35,182771
16993,0.003043,74.125.24.0-255,5020,152564,35,182771
16994,0.003045,172.31.33.0-255,66,152630,35,182771
16995,0.003049,74.125.24.0-255,2902,155532,35,182771
16996,0.003052,172.31.33.0-255,66,155598,35,182771
16997,0.003055,74.125.24.0-255,1484,157082,35,182771
16998,0.003076,172.31.33.0-255,66,157148,35,182771
16999,0.003098,74.125.24.0-255,7156,164304,35,182771
17000,0.0031,172.31.33.0-255,66,164370,35,182771
17001,0.00314,172.31.33.0-255,66,164436,35,182771
17002,0.003143,74.125.24.0-255,1484,165920,35,182771
17003,0.003152,172.31.33.0-255,66,165986,35,182771
17004,0.003169,74.125.24.0-255,4320,170306,35,182771
17005,0.003171,172.31.33.0-255,66,170372,35,182771
17006,0.003204,172.31.33.0-255,66,170438,35,182771
17007,0.00322,172.31.33.0-255,66,170504,35,182771
17008,0.003254,172.31.33.0-255,66,170570,35,182771
17009,0.003305,172.31.33.0-255,66,170636,35,182771
17010,0.00334,74.125.24.0-255,1484,172120,35,182771
17011,0.003367,172.31.33.0-255,66,172186,35,182771
17012,0.00339,172.31.33.0-255,66,172252,35,182771
17013,0.003439,172.31.33.0-255,66,172318,35,182771
17014,0.003442,74.125.24.0-255,105,172423,35,182771
17015,0.005681,172.31.33.0-255,66,172489,35,182771
17016,0.005709,172.31.33.0-255,105,172594,35,182771
17017,0.007969,74.125.24.0-255,66,172660,35,182771
17018,0.042949,172.31.33.0-255,176,172836,35,182771
17019,0.042981,172.31.33.0-255,1107,173943,35,182771
17020,0.043016,172.31.33.0-255,1514,175457,35,182771
17021,0.043017,172.31.33.0-255,1514,176971,35,182771
17022,0.043022,172.31.33.0-255,1514,178485,35,182771
17023,0.043023,172.31.33.0-255,1514,179999,35,182771
17024,0.04304,172.31.33.0-255,1514,181513,35,182771
17025,0.043041,172.31.33.0-255,928,182441,35,182771
17026,0.044457,104.244.42.0-255,66,182507,35,182771
17027,0.044488,104.244.42.0-255,66,182573,35,182771
17028,0.044586,104.244.42.0-255,66,182639,35,182771
17029,0.044589,104.244.42.0-255,66,182705,35,182771
17030,0.044591,104.244.42.0-255,66,182771,35,182771
17031,0.0,172.217.194.0-255,154,154,35,248837
17032,3.2e-05,172.31.33.0-255,66,220,35,248837
17033,3.8e-05,172.217.194.0-255,1484,1704,35,248837
17034,4.3e-05,172.31.33.0-255,66,1770,35,248837
17035,4.8e-05,172.217.194.0-255,2902,4672,35,248837
17036,5e-05,172.31.33.0-255,66,4738,35,248837
17037,5.7e-05,172.217.194.0-255,7156,11894,35,248837
17038,6e-05,172.31.33.0-255,66,11960,35,248837
17039,9.6e-05,172.31.33.0-255,66,12026,35,248837
17040,0.000123,172.31.33.0-255,66,12092,35,248837
17041,0.000127,172.217.194.0-255,2543,14635,35,248837
17042,0.000129,172.31.33.0-255,66,14701,35,248837
17043,0.000171,172.217.194.0-255,2902,17603,35,248837
17044,0.000174,172.31.33.0-255,66,17669,35,248837
17045,0.000178,172.217.194.0-255,2902,20571,35,248837
17046,0.000182,172.31.33.0-255,66,20637,35,248837
17047,0.000217,172.217.194.0-255,5738,26375,35,248837
17048,0.00022,172.31.33.0-255,66,26441,35,248837
17049,0.000238,172.217.194.0-255,1484,27925,35,248837
17050,0.000241,172.31.33.0-255,66,27991,35,248837
17051,0.000247,172.217.194.0-255,3961,31952,35,248837
17052,0.000249,172.31.33.0-255,66,32018,35,248837
17053,0.000286,172.217.194.0-255,2902,34920,35,248837
17054,0.00029,172.31.33.0-255,66,34986,35,248837
17055,0.000296,172.217.194.0-255,4320,39306,35,248837
17056,0.000299,172.31.33.0-255,66,39372,35,248837
17057,0.000338,172.31.33.0-255,66,39438,35,248837
17058,0.000341,172.217.194.0-255,1125,40563,35,248837
17059,0.000343,172.31.33.0-255,66,40629,35,248837
17060,0.000366,172.217.194.0-255,648,41277,35,248837
17061,0.000428,172.217.194.0-255,1484,42761,35,248837
17062,0.000433,172.31.33.0-255,66,42827,35,248837
17063,0.000443,172.217.194.0-255,2902,45729,35,248837
17064,0.000446,172.31.33.0-255,66,45795,35,248837
17065,0.000452,172.217.194.0-255,5738,51533,35,248837
17066,0.000456,172.31.33.0-255,66,51599,35,248837
17067,0.000483,172.217.194.0-255,4320,55919,35,248837
17068,0.000487,172.31.33.0-255,66,55985,35,248837
17069,0.000507,172.217.194.0-255,1992,57977,35,248837
17070,0.00051,172.31.33.0-255,66,58043,35,248837
17071,0.000517,172.217.194.0-255,4320,62363,35,248837
17072,0.000519,172.31.33.0-255,66,62429,35,248837
17073,0.000547,172.217.194.0-255,2902,65331,35,248837
17074,0.000551,172.31.33.0-255,66,65397,35,248837
17075,0.000558,172.217.194.0-255,7156,72553,35,248837
17076,0.000561,172.31.33.0-255,66,72619,35,248837
17077,0.000573,172.217.194.0-255,1484,74103,35,248837
17078,0.000587,172.217.194.0-255,1125,75228,35,248837
17079,0.00059,172.31.33.0-255,66,75294,35,248837
17080,0.000608,172.217.194.0-255,2902,78196,35,248837
17081,0.000611,172.31.33.0-255,66,78262,35,248837
17082,0.000641,172.217.194.0-255,7156,85418,35,248837
17083,0.000644,172.31.33.0-255,66,85484,35,248837
17084,0.000652,172.217.194.0-255,6797,92281,35,248837
17085,0.000654,172.31.33.0-255,66,92347,35,248837
17086,0.00069,172.31.33.0-255,66,92413,35,248837
17087,0.000707,172.217.194.0-255,2902,95315,35,248837
17088,0.000711,172.31.33.0-255,66,95381,35,248837
17089,0.000714,172.217.194.0-255,1125,96506,35,248837
17090,0.000748,172.217.194.0-255,4320,100826,35,248837
17091,0.000751,172.31.33.0-255,66,100892,35,248837
17092,0.000775,172.31.33.0-255,66,100958,35,248837
17093,0.000778,172.217.194.0-255,1125,102083,35,248837
17094,0.000926,172.217.194.0-255,1484,103567,35,248837
17095,0.00093,172.31.33.0-255,66,103633,35,248837
17096,0.000935,172.217.194.0-255,2902,106535,35,248837
17097,0.000937,172.31.33.0-255,66,106601,35,248837
17098,0.00094,172.217.194.0-255,1484,108085,35,248837
17099,0.000959,172.217.194.0-255,4320,112405,35,248837
17100,0.000962,172.31.33.0-255,66,112471,35,248837
17101,0.000974,172.217.194.0-255,4320,116791,35,248837
17102,0.000977,172.31.33.0-255,66,116857,35,248837
17103,0.001008,172.31.33.0-255,66,116923,35,248837
17104,0.001019,172.31.33.0-255,66,116989,35,248837
17105,0.001101,172.217.194.0-255,1484,118473,35,248837
17106,0.001105,172.217.194.0-255,2902,121375,35,248837
17107,0.001107,172.31.33.0-255,66,121441,35,248837
17108,0.001125,172.217.194.0-255,5738,127179,35,248837
17109,0.001127,172.31.33.0-255,66,127245,35,248837
17110,0.001145,172.217.194.0-255,2902,130147,35,248837
17111,0.001148,172.31.33.0-255,66,130213,35,248837
17112,0.001169,172.31.33.0-255,66,130279,35,248837
17113,0.001195,172.217.194.0-255,4320,134599,35,248837
17114,0.001198,172.31.33.0-255,66,134665,35,248837
17115,0.001222,172.217.194.0-255,6438,141103,35,248837
17116,0.001224,172.31.33.0-255,66,141169,35,248837
17117,0.001264,172.217.194.0-255,1484,142653,35,248837
17118,0.001267,172.217.194.0-255,1484,144137,35,248837
17119,0.00127,172.31.33.0-255,66,144203,35,248837
17120,0.001285,172.217.194.0-255,1484,145687,35,248837
17121,0.001291,172.217.194.0-255,5738,151425,35,248837
17122,0.001293,172.31.33.0-255,66,151491,35,248837
17123,0.001298,172.217.194.0-255,4320,155811,35,248837
17124,0.0013,172.31.33.0-255,66,155877,35,248837
17125,0.001358,172.31.33.0-255,66,155943,35,248837
17126,0.001372,172.31.33.0-255,66,156009,35,248837
17127,0.001488,172.217.194.0-255,1484,157493,35,248837
17128,0.001493,172.217.194.0-255,2902,160395,35,248837
17129,0.001497,172.31.33.0-255,66,160461,35,248837
17130,0.001501,172.217.194.0-255,1484,161945,35,248837
17131,0.001526,172.217.194.0-255,4320,166265,35,248837
17132,0.00153,172.31.33.0-255,66,166331,35,248837
17133,0.001542,172.31.33.0-255,66,166397,35,248837
17134,0.001565,172.217.194.0-255,1484,167881,35,248837
17135,0.001596,172.31.33.0-255,66,167947,35,248837
17136,0.001625,172.217.194.0-255,1484,169431,35,248837
17137,0.00163,172.217.194.0-255,2902,172333,35,248837
17138,0.001634,172.31.33.0-255,66,172399,35,248837
17139,0.001639,172.217.194.0-255,2902,175301,35,248837
17140,0.001641,172.31.33.0-255,66,175367,35,248837
17141,0.001656,172.217.194.0-255,2902,178269,35,248837
17142,0.00166,172.31.33.0-255,66,178335,35,248837
17143,0.001666,172.217.194.0-255,5738,184073,35,248837
17144,0.001669,172.31.33.0-255,66,184139,35,248837
17145,0.001691,172.217.194.0-255,4320,188459,35,248837
17146,0.001695,172.31.33.0-255,66,188525,35,248837
17147,0.00173,172.31.33.0-255,66,188591,35,248837
17148,0.001733,172.217.194.0-255,766,189357,35,248837
17149,0.002058,172.217.194.0-255,1484,190841,35,248837
17150,0.002064,172.31.33.0-255,66,190907,35,248837
17151,0.002072,172.217.194.0-255,2902,193809,35,248837
17152,0.002074,172.31.33.0-255,66,193875,35,248837
17153,0.00208,172.217.194.0-255,5738,199613,35,248837
17154,0.002082,172.31.33.0-255,66,199679,35,248837
17155,0.002122,172.31.33.0-255,66,199745,35,248837
17156,0.002125,172.217.194.0-255,1484,201229,35,248837
17157,0.002127,172.217.194.0-255,1484,202713,35,248837
17158,0.002131,172.31.33.0-255,66,202779,35,248837
17159,0.002151,172.31.33.0-255,66,202845,35,248837
17160,0.002199,172.31.33.0-255,66,202911,35,248837
17161,0.002204,172.217.194.0-255,4320,207231,35,248837
17162,0.002207,172.31.33.0-255,66,207297,35,248837
17163,0.002224,172.217.194.0-255,5738,213035,35,248837
17164,0.002227,172.31.33.0-255,66,213101,35,248837
17165,0.002233,172.217.194.0-255,7156,220257,35,248837
17166,0.002236,172.31.33.0-255,66,220323,35,248837
17167,0.002263,172.217.194.0-255,1484,221807,35,248837
17168,0.00227,172.217.194.0-255,6438,228245,35,248837
17169,0.002273,172.31.33.0-255,66,228311,35,248837
17170,0.002343,172.217.194.0-255,1484,229795,35,248837
17171,0.002363,172.217.194.0-255,2902,232697,35,248837
17172,0.002367,172.31.33.0-255,66,232763,35,248837
17173,0.002374,172.217.194.0-255,5738,238501,35,248837
17174,0.002376,172.31.33.0-255,66,238567,35,248837
17175,0.00238,172.217.194.0-255,1484,240051,35,248837
17176,0.002416,172.217.194.0-255,1468,241519,35,248837
17177,0.00242,172.31.33.0-255,66,241585,35,248837
17178,0.002453,172.217.194.0-255,105,241690,35,248837
17179,0.003734,172.31.33.0-255,66,241756,35,248837
17180,0.003769,172.31.33.0-255,105,241861,35,248837
17181,0.005794,172.217.194.0-255,66,241927,35,248837
17182,0.049686,172.31.33.0-255,192,242119,35,248837
17183,0.049732,172.31.33.0-255,952,243071,35,248837
17184,0.049816,172.31.33.0-255,1514,244585,35,248837
17185,0.049818,172.31.33.0-255,1514,246099,35,248837
17186,0.049824,172.31.33.0-255,1514,247613,35,248837
17187,0.049825,172.31.33.0-255,960,248573,35,248837
17188,0.051249,104.244.42.0-255,66,248639,35,248837
17189,0.051273,104.244.42.0-255,66,248705,35,248837
17190,0.051423,104.244.42.0-255,66,248771,35,248837
17191,0.05143,104.244.42.0-255,66,248837,35,248837
17192,0.0,172.31.33.0-255,105,105,35,301499
17193,0.001758,157.240.7.0-255,105,210,35,301499
17194,0.001768,172.31.33.0-255,66,276,35,301499
17195,0.009552,74.125.24.0-255,153,429,35,301499
17196,0.009562,172.31.33.0-255,66,495,35,301499
17197,0.00958,74.125.24.0-255,1484,1979,35,301499
17198,0.009585,172.31.33.0-255,66,2045,35,301499
17199,0.009589,74.125.24.0-255,1484,3529,35,301499
17200,0.009591,172.31.33.0-255,66,3595,35,301499
17201,0.009601,74.125.24.0-255,1484,5079,35,301499
17202,0.009604,172.31.33.0-255,66,5145,35,301499
17203,0.009614,74.125.24.0-255,7156,12301,35,301499
17204,0.009616,172.31.33.0-255,66,12367,35,301499
17205,0.009669,74.125.24.0-255,4945,17312,35,301499
17206,0.009673,172.31.33.0-255,66,17378,35,301499
17207,0.00968,74.125.24.0-255,5738,23116,35,301499
17208,0.009682,172.31.33.0-255,66,23182,35,301499
17209,0.009686,74.125.24.0-255,2902,26084,35,301499
17210,0.009689,172.31.33.0-255,66,26150,35,301499
17211,0.009713,172.31.33.0-255,66,26216,35,301499
17212,0.009727,172.31.33.0-255,66,26282,35,301499
17213,0.010403,74.125.24.0-255,1484,27766,35,301499
17214,0.010409,172.31.33.0-255,66,27832,35,301499
17215,0.010418,74.125.24.0-255,2902,30734,35,301499
17216,0.01042,172.31.33.0-255,66,30800,35,301499
17217,0.01045,74.125.24.0-255,5738,36538,35,301499
17218,0.010453,172.31.33.0-255,66,36604,35,301499
17219,0.010461,74.125.24.0-255,6797,43401,35,301499
17220,0.010463,172.31.33.0-255,66,43467,35,301499
17221,0.010766,74.125.24.0-255,1484,44951,35,301499
17222,0.010773,172.31.33.0-255,66,45017,35,301499
17223,0.010779,74.125.24.0-255,2902,47919,35,301499
17224,0.010781,172.31.33.0-255,66,47985,35,301499
17225,0.010788,74.125.24.0-255,5738,53723,35,301499
17226,0.01079,172.31.33.0-255,66,53789,35,301499
17227,0.010826,172.31.33.0-255,66,53855,35,301499
17228,0.010833,74.125.24.0-255,5738,59593,35,301499
17229,0.010835,172.31.33.0-255,66,59659,35,301499
17230,0.010849,74.125.24.0-255,4320,63979,35,301499
17231,0.010851,172.31.33.0-255,66,64045,35,301499
17232,0.010873,74.125.24.0-255,1484,65529,35,301499
17233,0.010887,74.125.24.0-255,3602,69131,35,301499
17234,0.01089,172.31.33.0-255,66,69197,35,301499
17235,0.010972,74.125.24.0-255,1484,70681,35,301499
17236,0.011004,74.125.24.0-255,1484,72165,35,301499
17237,0.011007,172.31.33.0-255,66,72231,35,301499
17238,0.011025,74.125.24.0-255,1484,73715,35,301499
17239,0.011033,74.125.24.0-255,5738,79453,35,301499
17240,0.011035,172.31.33.0-255,66,79519,35,301499
17241,0.011041,74.125.24.0-255,4320,83839,35,301499
17242,0.011043,172.31.33.0-255,66,83905,35,301499
17243,0.011058,74.125.24.0-255,2902,86807,35,301499
17244,0.011073,74.125.24.0-255,5020,91827,35,301499
17245,0.011126,74.125.24.0-255,1484,93311,35,301499
17246,0.011147,74.125.24.0-255,2902,96213,35,301499
17247,0.011153,74.125.24.0-255,5738,101951,35,301499
17248,0.011158,74.125.24.0-255,4320,106271,35,301499
17249,0.011183,74.125.24.0-255,5738,112009,35,301499
17250,0.011204,74.125.24.0-255,5738,117747,35,301499
17251,0.01121,74.125.24.0-255,2902,120649,35,301499
17252,0.011222,74.125.24.0-255,5020,125669,35,301499
17253,0.01126,74.125.24.0-255,4320,129989,35,301499
17254,0.011276,74.125.24.0-255,4320,134309,35,301499
17255,0.011282,74.125.24.0-255,4320,138629,35,301499
17256,0.011301,74.125.24.0-255,5738,144367,35,301499
17257,0.01132,74.125.24.0-255,4320,148687,35,301499
17258,0.011338,74.125.24.0-255,5738,154425,35,301499
17259,0.011355,74.125.24.0-255,2902,157327,35,301499
17260,0.01137,74.125.24.0-255,2184,159511,35,301499
17261,0.011412,74.125.24.0-255,1484,160995,35,301499
17262,0.011416,74.125.24.0-255,1484,162479,35,301499
17263,0.011432,74.125.24.0-255,1484,163963,35,301499
17264,0.011434,74.125.24.0-255,1484,165447,35,301499
17265,0.011456,74.125.24.0-255,4320,169767,35,301499
17266,0.011517,74.125.24.0-255,2184,171951,35,301499
17267,0.011873,74.125.24.0-255,1484,173435,35,301499
17268,0.011892,74.125.24.0-255,2902,176337,35,301499
17269,0.011911,74.125.24.0-255,5738,182075,35,301499
17270,0.011929,74.125.24.0-255,4320,186395,35,301499
17271,0.011948,74.125.24.0-255,2902,189297,35,301499
17272,0.011958,74.125.24.0-255,2902,192199,35,301499
17273,0.011984,74.125.24.0-255,5738,197937,35,301499
17274,0.012573,74.125.24.0-255,1484,199421,35,301499
17275,0.012589,74.125.24.0-255,2902,202323,35,301499
17276,0.012599,74.125.24.0-255,1484,203807,35,301499
17277,0.012618,74.125.24.0-255,4320,208127,35,301499
17278,0.012624,74.125.24.0-255,4320,212447,35,301499
17279,0.012652,74.125.24.0-255,5738,218185,35,301499
17280,0.01271,74.125.24.0-255,5020,223205,35,301499
17281,0.013239,74.125.24.0-255,1484,224689,35,301499
17282,0.01326,74.125.24.0-255,1484,226173,35,301499
17283,0.013279,74.125.24.0-255,4320,230493,35,301499
17284,0.013293,74.125.24.0-255,2902,233395,35,301499
17285,0.013296,74.125.24.0-255,1484,234879,35,301499
17286,0.013334,74.125.24.0-255,4320,239199,35,301499
17287,0.013357,74.125.24.0-255,7156,246355,35,301499
17288,0.013364,74.125.24.0-255,5738,252093,35,301499
17289,0.013398,74.125.24.0-255,1484,253577,35,301499
17290,0.01343,74.125.24.0-255,5738,259315,35,301499
17291,0.013444,74.125.24.0-255,5738,265053,35,301499
17292,0.013447,74.125.24.0-255,1484,266537,35,301499
17293,0.013498,74.125.24.0-255,1484,268021,35,301499
17294,0.013518,74.125.24.0-255,5020,273041,35,301499
17295,0.013705,74.125.24.0-255,1484,274525,35,301499
17296,0.013721,74.125.24.0-255,2902,277427,35,301499
17297,0.01374,74.125.24.0-255,5738,283165,35,301499
17298,0.013744,74.125.24.0-255,1484,284649,35,301499
17299,0.013757,74.125.24.0-255,1484,286133,35,301499
17300,0.013772,74.125.24.0-255,4320,290453,35,301499
17301,0.013792,74.125.24.0-255,5738,296191,35,301499
17302,0.01381,74.125.24.0-255,4966,301157,35,301499
17303,0.013838,74.125.24.0-255,105,301262,35,301499
17304,0.017777,172.31.33.0-255,66,301328,35,301499
17305,0.020632,172.31.33.0-255,105,301433,35,301499
17306,0.022867,74.125.24.0-255,66,301499,35,301499
17307,0.0,172.31.33.0-255,105,105,35,276
17308,0.001839,157.240.7.0-255,105,210,35,276
17309,0.001849,172.31.33.0-255,66,276,35,276
17310,0.0,172.217.194.0-255,150,150,35,229012
17311,3.3e-05,172.31.33.0-255,66,216,35,229012
17312,3.9e-05,172.217.194.0-255,1484,1700,35,229012
17313,4.3e-05,172.31.33.0-255,66,1766,35,229012
17314,4.8e-05,172.217.194.0-255,2902,4668,35,229012
17315,5e-05,172.31.33.0-255,66,4734,35,229012
17316,5.6e-05,172.217.194.0-255,7156,11890,35,229012
17317,5.9e-05,172.31.33.0-255,66,11956,35,229012
17318,6.3e-05,172.217.194.0-255,1993,13949,35,229012
17319,6.6e-05,172.31.33.0-255,66,14015,35,229012
17320,0.000203,172.217.194.0-255,1484,15499,35,229012
17321,0.000208,172.31.33.0-255,66,15565,35,229012
17322,0.000214,172.217.194.0-255,2902,18467,35,229012
17323,0.000217,172.31.33.0-255,66,18533,35,229012
17324,0.000241,172.217.194.0-255,4320,22853,35,229012
17325,0.000244,172.31.33.0-255,66,22919,35,229012
17326,0.000249,172.217.194.0-255,4320,27239,35,229012
17327,0.000251,172.31.33.0-255,66,27305,35,229012
17328,0.000262,172.217.194.0-255,1484,28789,35,229012
17329,0.000265,172.31.33.0-255,66,28855,35,229012
17330,0.000283,172.217.194.0-255,2543,31398,35,229012
17331,0.000286,172.31.33.0-255,66,31464,35,229012
17332,0.000742,172.217.194.0-255,1484,32948,35,229012
17333,0.000747,172.31.33.0-255,66,33014,35,229012
17334,0.000755,172.217.194.0-255,2902,35916,35,229012
17335,0.000757,172.31.33.0-255,66,35982,35,229012
17336,0.000762,172.217.194.0-255,5738,41720,35,229012
17337,0.000764,172.31.33.0-255,66,41786,35,229012
17338,0.000799,172.217.194.0-255,7156,48942,35,229012
17339,0.000802,172.31.33.0-255,66,49008,35,229012
17340,0.000827,172.217.194.0-255,2543,51551,35,229012
17341,0.00083,172.31.33.0-255,66,51617,35,229012
17342,0.000839,172.31.33.0-255,66,51683,35,229012
17343,0.000843,172.217.194.0-255,4250,55933,35,229012
17344,0.000845,172.31.33.0-255,66,55999,35,229012
17345,0.000868,172.217.194.0-255,397,56396,35,229012
17346,0.000965,172.217.194.0-255,1484,57880,35,229012
17347,0.00097,172.31.33.0-255,66,57946,35,229012
17348,0.000977,172.217.194.0-255,2902,60848,35,229012
17349,0.000979,172.31.33.0-255,66,60914,35,229012
17350,0.000984,172.217.194.0-255,4320,65234,35,229012
17351,0.000985,172.31.33.0-255,66,65300,35,229012
17352,0.001007,172.217.194.0-255,1484,66784,35,229012
17353,0.00101,172.217.194.0-255,1484,68268,35,229012
17354,0.001013,172.217.194.0-255,2902,71170,35,229012
17355,0.001017,172.31.33.0-255,66,71236,35,229012
17356,0.001021,172.31.33.0-255,66,71302,35,229012
17357,0.001045,172.31.33.0-255,66,71368,35,229012
17358,0.001051,172.217.194.0-255,7156,78524,35,229012
17359,0.001053,172.31.33.0-255,66,78590,35,229012
17360,0.001072,172.217.194.0-255,2184,80774,35,229012
17361,0.001074,172.31.33.0-255,66,80840,35,229012
17362,0.001468,172.217.194.0-255,1484,82324,35,229012
17363,0.001474,172.217.194.0-255,2902,85226,35,229012
17364,0.001484,172.31.33.0-255,66,85292,35,229012
17365,0.001489,172.217.194.0-255,4320,89612,35,229012
17366,0.001491,172.31.33.0-255,66,89678,35,229012
17367,0.001504,172.217.194.0-255,1484,91162,35,229012
17368,0.001509,172.217.194.0-255,4320,95482,35,229012
17369,0.00151,172.31.33.0-255,66,95548,35,229012
17370,0.001525,172.217.194.0-255,1484,97032,35,229012
17371,0.001542,172.217.194.0-255,4320,101352,35,229012
17372,0.001544,172.31.33.0-255,66,101418,35,229012
17373,0.001567,172.31.33.0-255,66,101484,35,229012
17374,0.001598,172.217.194.0-255,2902,104386,35,229012
17375,0.001599,172.31.33.0-255,66,104452,35,229012
17376,0.001618,172.217.194.0-255,2184,106636,35,229012
17377,0.00162,172.31.33.0-255,66,106702,35,229012
17378,0.001645,172.217.194.0-255,1484,108186,35,229012
17379,0.001666,172.217.194.0-255,2902,111088,35,229012
17380,0.001669,172.31.33.0-255,66,111154,35,229012
17381,0.001675,172.217.194.0-255,5738,116892,35,229012
17382,0.001677,172.31.33.0-255,66,116958,35,229012
17383,0.001716,172.31.33.0-255,66,117024,35,229012
17384,0.001728,172.31.33.0-255,66,117090,35,229012
17385,0.001771,172.217.194.0-255,2902,119992,35,229012
17386,0.001774,172.31.33.0-255,66,120058,35,229012
17387,0.001777,172.217.194.0-255,1484,121542,35,229012
17388,0.001796,172.217.194.0-255,2902,124444,35,229012
17389,0.001798,172.31.33.0-255,66,124510,35,229012
17390,0.001804,172.217.194.0-255,5738,130248,35,229012
17391,0.001806,172.31.33.0-255,66,130314,35,229012
17392,0.001828,172.217.194.0-255,2902,133216,35,229012
17393,0.001846,172.31.33.0-255,66,133282,35,229012
17394,0.001849,172.31.33.0-255,66,133348,35,229012
17395,0.001867,172.217.194.0-255,4320,137668,35,229012
17396,0.00187,172.31.33.0-255,66,137734,35,229012
17397,0.001886,172.217.194.0-255,5020,142754,35,229012
17398,0.001891,172.217.194.0-255,4320,147074,35,229012
17399,0.001895,172.31.33.0-255,66,147140,35,229012
17400,0.001897,172.31.33.0-255,66,147206,35,229012
17401,0.001916,172.217.194.0-255,5738,152944,35,229012
17402,0.001919,172.31.33.0-255,66,153010,35,229012
17403,0.001931,172.31.33.0-255,66,153076,35,229012
17404,0.001951,172.217.194.0-255,5738,158814,35,229012
17405,0.001954,172.31.33.0-255,66,158880,35,229012
17406,0.00196,172.217.194.0-255,5738,164618,35,229012
17407,0.001962,172.31.33.0-255,66,164684,35,229012
17408,0.001988,172.31.33.0-255,66,164750,35,229012
17409,0.001991,172.217.194.0-255,1484,166234,35,229012
17410,0.002019,172.31.33.0-255,66,166300,35,229012
17411,0.002055,172.217.194.0-255,7156,173456,35,229012
17412,0.002058,172.31.33.0-255,66,173522,35,229012
17413,0.002077,172.217.194.0-255,3602,177124,35,229012
17414,0.00208,172.31.33.0-255,66,177190,35,229012
17415,0.002106,172.217.194.0-255,1484,178674,35,229012
17416,0.002111,172.217.194.0-255,2902,181576,35,229012
17417,0.002113,172.31.33.0-255,66,181642,35,229012
17418,0.002116,172.217.194.0-255,1484,183126,35,229012
17419,0.00213,172.217.194.0-255,4320,187446,35,229012
17420,0.002132,172.31.33.0-255,66,187512,35,229012
17421,0.002158,172.217.194.0-255,4320,191832,35,229012
17422,0.00216,172.31.33.0-255,66,191898,35,229012
17423,0.002189,172.31.33.0-255,66,191964,35,229012
17424,0.0022,172.31.33.0-255,66,192030,35,229012
17425,0.00222,172.217.194.0-255,1484,193514,35,229012
17426,0.002224,172.217.194.0-255,2902,196416,35,229012
17427,0.002226,172.31.33.0-255,66,196482,35,229012
17428,0.002245,172.217.194.0-255,5738,202220,35,229012
17429,0.002247,172.31.33.0-255,66,202286,35,229012
17430,0.002307,172.31.33.0-255,66,202352,35,229012
17431,0.00231,172.217.194.0-255,1484,203836,35,229012
17432,0.002316,172.217.194.0-255,7156,210992,35,229012
17433,0.002319,172.31.33.0-255,66,211058,35,229012
17434,0.002338,172.31.33.0-255,66,211124,35,229012
17435,0.002351,172.31.33.0-255,66,211190,35,229012
17436,0.002394,172.217.194.0-255,7156,218346,35,229012
17437,0.002397,172.31.33.0-255,66,218412,35,229012
17438,0.002417,172.31.33.0-255,66,218478,35,229012
17439,0.00244,172.31.33.0-255,66,218544,35,229012
17440,0.002451,172.31.33.0-255,66,218610,35,229012
17441,0.002453,172.217.194.0-255,105,218715,35,229012
17442,0.004589,172.31.33.0-255,66,218781,35,229012
17443,0.004655,172.31.33.0-255,105,218886,35,229012
17444,0.007236,172.217.194.0-255,66,218952,35,229012
17445,0.043702,172.31.33.0-255,172,219124,35,229012
17446,0.043757,172.31.33.0-255,1107,220231,35,229012
17447,0.043831,172.31.33.0-255,1514,221745,35,229012
17448,0.043833,172.31.33.0-255,1514,223259,35,229012
17449,0.043838,172.31.33.0-255,1514,224773,35,229012
17450,0.043839,172.31.33.0-255,1514,226287,35,229012
17451,0.043858,172.31.33.0-255,1514,227801,35,229012
17452,0.043859,172.31.33.0-255,1013,228814,35,229012
17453,0.04525,104.244.42.0-255,66,228880,35,229012
17454,0.045312,104.244.42.0-255,66,228946,35,229012
17455,0.045411,104.244.42.0-255,66,229012,35,229012
17456,0.0,172.31.33.0-255,105,105,35,276
17457,0.001789,157.240.7.0-255,105,210,35,276
17458,0.0018,172.31.33.0-255,66,276,35,276
17459,0.0,172.31.33.0-255,105,105,35,276
17460,0.001753,157.240.7.0-255,105,210,35,276
17461,0.001765,172.31.33.0-255,66,276,35,276
17462,0.0,74.125.24.0-255,298,298,35,235314
17463,3.3e-05,172.31.33.0-255,66,364,35,235314
17464,4.1e-05,74.125.24.0-255,1484,1848,35,235314
17465,6.5e-05,172.31.33.0-255,66,1914,35,235314
17466,7.2e-05,74.125.24.0-255,4320,6234,35,235314
17467,7.4e-05,172.31.33.0-255,66,6300,35,235314
17468,8.3e-05,74.125.24.0-255,7156,13456,35,235314
17469,8.5e-05,172.31.33.0-255,66,13522,35,235314
17470,0.000101,172.31.33.0-255,66,13588,35,235314
17471,0.000104,74.125.24.0-255,1125,14713,35,235314
17472,0.000107,172.31.33.0-255,66,14779,35,235314
17473,0.000194,74.125.24.0-255,1484,16263,35,235314
17474,0.000198,172.31.33.0-255,66,16329,35,235314
17475,0.000204,74.125.24.0-255,2902,19231,35,235314
17476,0.000208,172.31.33.0-255,66,19297,35,235314
17477,0.00022,74.125.24.0-255,5738,25035,35,235314
17478,0.000224,172.31.33.0-255,66,25101,35,235314
17479,0.000267,172.31.33.0-255,66,25167,35,235314
17480,0.00027,74.125.24.0-255,1484,26651,35,235314
17481,0.000273,172.31.33.0-255,66,26717,35,235314
17482,0.000306,74.125.24.0-255,7156,33873,35,235314
17483,0.00031,172.31.33.0-255,66,33939,35,235314
17484,0.000339,74.125.24.0-255,2485,36424,35,235314
17485,0.000342,172.31.33.0-255,66,36490,35,235314
17486,0.000355,74.125.24.0-255,130,36620,35,235314
17487,0.000363,172.31.33.0-255,66,36686,35,235314
17488,0.000563,74.125.24.0-255,1484,38170,35,235314
17489,0.000568,172.31.33.0-255,66,38236,35,235314
17490,0.000596,74.125.24.0-255,2902,41138,35,235314
17491,0.000602,74.125.24.0-255,5738,46876,35,235314
17492,0.000602,172.31.33.0-255,66,46942,35,235314
17493,0.000605,74.125.24.0-255,1484,48426,35,235314
17494,0.000607,172.31.33.0-255,66,48492,35,235314
17495,0.000647,172.31.33.0-255,66,48558,35,235314
17496,0.00066,172.31.33.0-255,66,48624,35,235314
17497,0.00072,172.31.33.0-255,66,48690,35,235314
17498,0.000751,74.125.24.0-255,7156,55846,35,235314
17499,0.000755,172.31.33.0-255,66,55912,35,235314
17500,0.000783,74.125.24.0-255,4717,60629,35,235314
17501,0.000789,172.31.33.0-255,66,60695,35,235314
17502,0.00091,74.125.24.0-255,1484,62179,35,235314
17503,0.000925,74.125.24.0-255,1484,63663,35,235314
17504,0.000929,172.31.33.0-255,66,63729,35,235314
17505,0.00095,74.125.24.0-255,1484,65213,35,235314
17506,0.000956,74.125.24.0-255,4320,69533,35,235314
17507,0.000959,172.31.33.0-255,66,69599,35,235314
17508,0.000986,74.125.24.0-255,1484,71083,35,235314
17509,0.000991,74.125.24.0-255,2902,73985,35,235314
17510,0.000994,172.31.33.0-255,66,74051,35,235314
17511,0.001028,172.31.33.0-255,66,74117,35,235314
17512,0.001039,172.31.33.0-255,66,74183,35,235314
17513,0.001043,74.125.24.0-255,2184,76367,35,235314
17514,0.001045,172.31.33.0-255,66,76433,35,235314
17515,0.001422,74.125.24.0-255,1484,77917,35,235314
17516,0.001441,74.125.24.0-255,2902,80819,35,235314
17517,0.001445,172.31.33.0-255,66,80885,35,235314
17518,0.001466,74.125.24.0-255,5738,86623,35,235314
17519,0.001469,74.125.24.0-255,1484,88107,35,235314
17520,0.00147,172.31.33.0-255,66,88173,35,235314
17521,0.001495,74.125.24.0-255,1484,89657,35,235314
17522,0.001498,172.31.33.0-255,66,89723,35,235314
17523,0.001506,74.125.24.0-255,7156,96879,35,235314
17524,0.001508,172.31.33.0-255,66,96945,35,235314
17525,0.001541,74.125.24.0-255,7156,104101,35,235314
17526,0.001545,172.31.33.0-255,66,104167,35,235314
17527,0.001552,74.125.24.0-255,6438,110605,35,235314
17528,0.001554,172.31.33.0-255,66,110671,35,235314
17529,0.001557,74.125.24.0-255,1484,112155,35,235314
17530,0.00156,74.125.24.0-255,2902,115057,35,235314
17531,0.001562,172.31.33.0-255,66,115123,35,235314
17532,0.001591,74.125.24.0-255,5738,120861,35,235314
17533,0.001595,172.31.33.0-255,66,120927,35,235314
17534,0.001637,74.125.24.0-255,7156,128083,35,235314
17535,0.00164,172.31.33.0-255,66,128149,35,235314
17536,0.001669,74.125.24.0-255,5738,133887,35,235314
17537,0.001673,172.31.33.0-255,66,133953,35,235314
17538,0.00168,74.125.24.0-255,7156,141109,35,235314
17539,0.001682,172.31.33.0-255,66,141175,35,235314
17540,0.001687,74.125.24.0-255,3602,144777,35,235314
17541,0.001689,172.31.33.0-255,66,144843,35,235314
17542,0.001695,74.125.24.0-255,4320,149163,35,235314
17543,0.001697,172.31.33.0-255,66,149229,35,235314
17544,0.001708,172.31.33.0-255,66,149295,35,235314
17545,0.001719,74.125.24.0-255,5738,155033,35,235314
17546,0.001723,172.31.33.0-255,66,155099,35,235314
17547,0.00176,172.31.33.0-255,66,155165,35,235314
17548,0.001787,74.125.24.0-255,3602,158767,35,235314
17549,0.001791,172.31.33.0-255,66,158833,35,235314
17550,0.00189,74.125.24.0-255,1484,160317,35,235314
17551,0.001895,74.125.24.0-255,1484,161801,35,235314
17552,0.001897,172.31.33.0-255,66,161867,35,235314
17553,0.001919,74.125.24.0-255,1484,163351,35,235314
17554,0.001926,74.125.24.0-255,5738,169089,35,235314
17555,0.001929,172.31.33.0-255,66,169155,35,235314
17556,0.001935,74.125.24.0-255,5738,174893,35,235314
17557,0.001937,172.31.33.0-255,66,174959,35,235314
17558,0.001977,172.31.33.0-255,66,175025,35,235314
17559,0.001983,74.125.24.0-255,5020,180045,35,235314
17560,0.001985,172.31.33.0-255,66,180111,35,235314
17561,0.002095,74.125.24.0-255,1484,181595,35,235314
17562,0.0021,74.125.24.0-255,2902,184497,35,235314
17563,0.002103,172.31.33.0-255,66,184563,35,235314
17564,0.002108,74.125.24.0-255,2902,187465,35,235314
17565,0.00211,172.31.33.0-255,66,187531,35,235314
17566,0.002129,74.125.24.0-255,2902,190433,35,235314
17567,0.002132,172.31.33.0-255,66,190499,35,235314
17568,0.002144,74.125.24.0-255,5738,196237,35,235314
17569,0.002148,172.31.33.0-255,66,196303,35,235314
17570,0.002187,172.31.33.0-255,66,196369,35,235314
17571,0.002207,74.125.24.0-255,5020,201389,35,235314
17572,0.002211,172.31.33.0-255,66,201455,35,235314
17573,0.002258,74.125.24.0-255,1484,202939,35,235314
17574,0.002275,74.125.24.0-255,2902,205841,35,235314
17575,0.002278,172.31.33.0-255,66,205907,35,235314
17576,0.002304,74.125.24.0-255,5738,211645,35,235314
17577,0.002308,172.31.33.0-255,66,211711,35,235314
17578,0.002314,74.125.24.0-255,5738,217449,35,235314
17579,0.002317,172.31.33.0-255,66,217515,35,235314
17580,0.002348,74.125.24.0-255,7156,224671,35,235314
17581,0.002353,172.31.33.0-255,66,224737,35,235314
17582,0.00236,172.31.33.0-255,66,224803,35,235314
17583,0.002392,74.125.24.0-255,5738,230541,35,235314
17584,0.002395,172.31.33.0-255,66,230607,35,235314
17585,0.00243,172.31.33.0-255,66,230673,35,235314
17586,0.002434,74.125.24.0-255,1484,232157,35,235314
17587,0.002456,74.125.24.0-255,2749,234906,35,235314
17588,0.00246,172.31.33.0-255,66,234972,35,235314
17589,0.002464,74.125.24.0-255,105,235077,35,235314
17590,0.003371,172.31.33.0-255,66,235143,35,235314
17591,0.003399,172.31.33.0-255,105,235248,35,235314
17592,0.005956,74.125.24.0-255,66,235314,35,235314
17593,0.0,74.125.24.0-255,153,153,35,196458
17594,2.1e-05,172.31.33.0-255,66,219,35,196458
17595,2.7e-05,74.125.24.0-255,1484,1703,35,196458
17596,3.1e-05,172.31.33.0-255,66,1769,35,196458
17597,4.5e-05,74.125.24.0-255,2902,4671,35,196458
17598,4.7e-05,172.31.33.0-255,66,4737,35,196458
17599,5.2e-05,74.125.24.0-255,4320,9057,35,196458
17600,5.5e-05,172.31.33.0-255,66,9123,35,196458
17601,6.9e-05,74.125.24.0-255,1484,10607,35,196458
17602,7.1e-05,172.31.33.0-255,66,10673,35,196458
17603,8.1e-05,74.125.24.0-255,1484,12157,35,196458
17604,8.3e-05,172.31.33.0-255,66,12223,35,196458
17605,0.000123,172.31.33.0-255,66,12289,35,196458
17606,0.000129,74.125.24.0-255,6797,19086,35,196458
17607,0.000131,172.31.33.0-255,66,19152,35,196458
17608,0.000168,74.125.24.0-255,1484,20636,35,196458
17609,0.00017,172.31.33.0-255,66,20702,35,196458
17610,0.000182,74.125.24.0-255,2902,23604,35,196458
17611,0.000184,172.31.33.0-255,66,23670,35,196458
17612,0.000187,74.125.24.0-255,1484,25154,35,196458
17613,0.000189,172.31.33.0-255,66,25220,35,196458
17614,0.000212,74.125.24.0-255,4320,29540,35,196458
17615,0.000214,172.31.33.0-255,66,29606,35,196458
17616,0.000239,172.31.33.0-255,66,29672,35,196458
17617,0.000243,74.125.24.0-255,1484,31156,35,196458
17618,0.000246,172.31.33.0-255,66,31222,35,196458
17619,0.000267,74.125.24.0-255,1484,32706,35,196458
17620,0.000269,172.31.33.0-255,66,32772,35,196458
17621,0.000307,74.125.24.0-255,426,33198,35,196458
17622,0.000309,172.31.33.0-255,66,33264,35,196458
17623,0.000423,74.125.24.0-255,1484,34748,35,196458
17624,0.000432,172.31.33.0-255,66,34814,35,196458
17625,0.000437,74.125.24.0-255,2902,37716,35,196458
17626,0.000449,172.31.33.0-255,66,37782,35,196458
17627,0.000457,74.125.24.0-255,5738,43520,35,196458
17628,0.00046,172.31.33.0-255,66,43586,35,196458
17629,0.000471,74.125.24.0-255,2902,46488,35,196458
17630,0.000475,172.31.33.0-255,66,46554,35,196458
17631,0.000499,74.125.24.0-255,1484,48038,35,196458
17632,0.000509,172.31.33.0-255,66,48104,35,196458
17633,0.000533,172.31.33.0-255,66,48170,35,196458
17634,0.000762,74.125.24.0-255,1484,49654,35,196458
17635,0.000768,74.125.24.0-255,2902,52556,35,196458
17636,0.000771,172.31.33.0-255,66,52622,35,196458
17637,0.000776,74.125.24.0-255,2902,55524,35,196458
17638,0.000785,172.31.33.0-255,66,55590,35,196458
17639,0.000791,74.125.24.0-255,2902,58492,35,196458
17640,0.000804,172.31.33.0-255,66,58558,35,196458
17641,0.000819,74.125.24.0-255,1484,60042,35,196458
17642,0.00082,172.31.33.0-255,66,60108,35,196458
17643,0.000852,172.31.33.0-255,66,60174,35,196458
17644,0.00112,74.125.24.0-255,1484,61658,35,196458
17645,0.001135,74.125.24.0-255,2902,64560,35,196458
17646,0.001139,74.125.24.0-255,4320,68880,35,196458
17647,0.00114,172.31.33.0-255,66,68946,35,196458
17648,0.001145,172.31.33.0-255,66,69012,35,196458
17649,0.001154,74.125.24.0-255,1484,70496,35,196458
17650,0.001169,74.125.24.0-255,2902,73398,35,196458
17651,0.001174,172.31.33.0-255,66,73464,35,196458
17652,0.001182,74.125.24.0-255,7156,80620,35,196458
17653,0.00119,172.31.33.0-255,66,80686,35,196458
17654,0.001195,74.125.24.0-255,2902,83588,35,196458
17655,0.001204,172.31.33.0-255,66,83654,35,196458
17656,0.001217,74.125.24.0-255,2902,86556,35,196458
17657,0.001231,172.31.33.0-255,66,86622,35,196458
17658,0.001252,172.31.33.0-255,66,86688,35,196458
17659,0.001725,74.125.24.0-255,1484,88172,35,196458
17660,0.001736,74.125.24.0-255,2902,91074,35,196458
17661,0.00174,172.31.33.0-255,66,91140,35,196458
17662,0.001747,74.125.24.0-255,5738,96878,35,196458
17663,0.001762,74.125.24.0-255,4320,101198,35,196458
17664,0.001788,74.125.24.0-255,4320,105518,35,196458
17665,0.001806,74.125.24.0-255,6438,111956,35,196458
17666,0.001835,74.125.24.0-255,1484,113440,35,196458
17667,0.001884,74.125.24.0-255,3602,117042,35,196458
17668,0.001961,74.125.24.0-255,1484,118526,35,196458
17669,0.001966,74.125.24.0-255,2902,121428,35,196458
17670,0.001981,74.125.24.0-255,5738,127166,35,196458
17671,0.002197,74.125.24.0-255,1484,128650,35,196458
17672,0.002206,74.125.24.0-255,2902,131552,35,196458
17673,0.002227,74.125.24.0-255,2902,134454,35,196458
17674,0.002243,74.125.24.0-255,2902,137356,35,196458
17675,0.002248,74.125.24.0-255,4320,141676,35,196458
17676,0.002264,74.125.24.0-255,1484,143160,35,196458
17677,0.002288,74.125.24.0-255,1484,144644,35,196458
17678,0.002293,74.125.24.0-255,4320,148964,35,196458
17679,0.002314,74.125.24.0-255,2184,151148,35,196458
17680,0.002322,74.125.24.0-255,7156,158304,35,196458
17681,0.002348,74.125.24.0-255,4320,162624,35,196458
17682,0.002366,74.125.24.0-255,4320,166944,35,196458
17683,0.002395,74.125.24.0-255,7156,174100,35,196458
17684,0.002408,74.125.24.0-255,2902,177002,35,196458
17685,0.00242,74.125.24.0-255,5738,182740,35,196458
17686,0.002459,74.125.24.0-255,7156,189896,35,196458
17687,0.002463,74.125.24.0-255,2902,192798,35,196458
17688,0.002544,74.125.24.0-255,105,192903,35,196458
17689,0.00724,172.31.33.0-255,66,192969,35,196458
17690,0.008121,172.31.33.0-255,101,193070,35,196458
17691,0.008788,172.31.33.0-255,105,193175,35,196458
17692,0.010647,74.125.24.0-255,66,193241,35,196458
17693,0.0114,74.125.24.0-255,66,193307,35,196458
17694,0.015854,172.31.33.0-255,105,193412,35,196458
17695,0.01791,157.240.7.0-255,105,193517,35,196458
17696,0.017925,172.31.33.0-255,66,193583,35,196458
17697,0.038782,172.31.33.0-255,172,193755,35,196458
17698,0.038813,172.31.33.0-255,1108,194863,35,196458
17699,0.038846,172.31.33.0-255,1397,196260,35,196458
17700,0.040361,104.244.42.0-255,66,196326,35,196458
17701,0.04037,104.244.42.0-255,66,196392,35,196458
17702,0.040403,104.244.42.0-255,66,196458,35,196458
17703,0.0,172.217.194.0-255,143,143,35,217260
17704,1.8e-05,172.31.33.0-255,66,209,35,217260
17705,2.6e-05,172.217.194.0-255,1484,1693,35,217260
17706,3e-05,172.31.33.0-255,66,1759,35,217260
17707,3.6e-05,172.217.194.0-255,2902,4661,35,217260
17708,4.8e-05,172.31.33.0-255,66,4727,35,217260
17709,5.6e-05,172.217.194.0-255,7156,11883,35,217260
17710,5.9e-05,172.31.33.0-255,66,11949,35,217260
17711,6.5e-05,172.217.194.0-255,4882,16831,35,217260
17712,6.8e-05,172.31.33.0-255,66,16897,35,217260
17713,0.000117,172.31.33.0-255,66,16963,35,217260
17714,0.000522,172.217.194.0-255,1484,18447,35,217260
17715,0.000528,172.31.33.0-255,66,18513,35,217260
17716,0.000535,172.217.194.0-255,2902,21415,35,217260
17717,0.000537,172.31.33.0-255,66,21481,35,217260
17718,0.000549,172.217.194.0-255,5738,27219,35,217260
17719,0.000551,172.31.33.0-255,66,27285,35,217260
17720,0.000612,172.31.33.0-255,66,27351,35,217260
17721,0.000624,172.31.33.0-255,66,27417,35,217260
17722,0.000651,172.217.194.0-255,7088,34505,35,217260
17723,0.000654,172.31.33.0-255,66,34571,35,217260
17724,0.000657,172.217.194.0-255,1484,36055,35,217260
17725,0.00066,172.31.33.0-255,66,36121,35,217260
17726,0.000696,172.217.194.0-255,2902,39023,35,217260
17727,0.0007,172.31.33.0-255,66,39089,35,217260
17728,0.000706,172.217.194.0-255,5738,44827,35,217260
17729,0.000708,172.31.33.0-255,66,44893,35,217260
17730,0.000743,172.217.194.0-255,6515,51408,35,217260
17731,0.000746,172.31.33.0-255,66,51474,35,217260
17732,0.000781,172.217.194.0-255,1484,52958,35,217260
17733,0.000786,172.217.194.0-255,2902,55860,35,217260
17734,0.000789,172.217.194.0-255,1484,57344,35,217260
17735,0.000794,172.31.33.0-255,66,57410,35,217260
17736,0.000814,172.217.194.0-255,4320,61730,35,217260
17737,0.000817,172.217.194.0-255,1484,63214,35,217260
17738,0.000831,172.31.33.0-255,66,63280,35,217260
17739,0.000881,172.217.194.0-255,5738,69018,35,217260
17740,0.000888,172.31.33.0-255,66,69084,35,217260
17741,0.000911,172.217.194.0-255,6438,75522,35,217260
17742,0.000921,172.31.33.0-255,66,75588,35,217260
17743,0.000991,172.217.194.0-255,1484,77072,35,217260
17744,0.000997,172.217.194.0-255,2902,79974,35,217260
17745,0.000999,172.217.194.0-255,1484,81458,35,217260
17746,0.001017,172.217.194.0-255,4320,85778,35,217260
17747,0.001045,172.31.33.0-255,66,85844,35,217260
17748,0.001078,172.217.194.0-255,1484,87328,35,217260
17749,0.001115,172.31.33.0-255,66,87394,35,217260
17750,0.001128,172.217.194.0-255,1484,88878,35,217260
17751,0.001137,172.217.194.0-255,2902,91780,35,217260
17752,0.00114,172.217.194.0-255,1484,93264,35,217260
17753,0.001155,172.217.194.0-255,4320,97584,35,217260
17754,0.001165,172.31.33.0-255,66,97650,35,217260
17755,0.001224,172.217.194.0-255,2184,99834,35,217260
17756,0.001241,172.31.33.0-255,66,99900,35,217260
17757,0.001393,172.217.194.0-255,1484,101384,35,217260
17758,0.001399,172.217.194.0-255,2902,104286,35,217260
17759,0.001406,172.217.194.0-255,5738,110024,35,217260
17760,0.001413,172.31.33.0-255,66,110090,35,217260
17761,0.001449,172.31.33.0-255,66,110156,35,217260
17762,0.001459,172.217.194.0-255,4320,114476,35,217260
17763,0.001477,172.31.33.0-255,66,114542,35,217260
17764,0.001486,172.217.194.0-255,2184,116726,35,217260
17765,0.001504,172.217.194.0-255,2902,119628,35,217260
17766,0.001516,172.31.33.0-255,66,119694,35,217260
17767,0.001568,172.217.194.0-255,5738,125432,35,217260
17768,0.001577,172.31.33.0-255,66,125498,35,217260
17769,0.001594,172.217.194.0-255,1484,126982,35,217260
17770,0.001602,172.217.194.0-255,7156,134138,35,217260
17771,0.001616,172.217.194.0-255,1484,135622,35,217260
17772,0.001645,172.31.33.0-255,66,135688,35,217260
17773,0.00165,172.31.33.0-255,66,135754,35,217260
17774,0.001693,172.217.194.0-255,4320,140074,35,217260
17775,0.001698,172.217.194.0-255,766,140840,35,217260
17776,0.0017,172.217.194.0-255,1484,142324,35,217260
17777,0.001708,172.217.194.0-255,2902,145226,35,217260
17778,0.001714,172.217.194.0-255,5738,150964,35,217260
17779,0.001736,172.217.194.0-255,2184,153148,35,217260
17780,0.001784,172.217.194.0-255,2902,156050,35,217260
17781,0.001787,172.217.194.0-255,1484,157534,35,217260
17782,0.001807,172.217.194.0-255,4320,161854,35,217260
17783,0.001821,172.217.194.0-255,1484,163338,35,217260
17784,0.001827,172.217.194.0-255,4320,167658,35,217260
17785,0.001907,172.217.194.0-255,1484,169142,35,217260
17786,0.001912,172.217.194.0-255,2902,172044,35,217260
17787,0.001916,172.217.194.0-255,2902,174946,35,217260
17788,0.001931,172.217.194.0-255,2902,177848,35,217260
17789,0.001949,172.217.194.0-255,5738,183586,35,217260
17790,0.001967,172.217.194.0-255,4320,187906,35,217260
17791,0.001972,172.217.194.0-255,2902,190808,35,217260
17792,0.002016,172.217.194.0-255,2902,193710,35,217260
17793,0.002034,172.217.194.0-255,2902,196612,35,217260
17794,0.002057,172.217.194.0-255,7156,203768,35,217260
17795,0.002072,172.217.194.0-255,2184,205952,35,217260
17796,0.002091,172.217.194.0-255,4320,210272,35,217260
17797,0.002153,172.217.194.0-255,5020,215292,35,217260
17798,0.002156,172.217.194.0-255,517,215809,35,217260
17799,0.002158,172.217.194.0-255,105,215914,35,217260
17800,0.009736,172.31.33.0-255,66,215980,35,217260
17801,0.010932,172.217.194.0-255,105,216085,35,217260
17802,0.010943,172.31.33.0-255,78,216163,35,217260
17803,0.012393,172.31.33.0-255,105,216268,35,217260
17804,0.014439,172.217.194.0-255,66,216334,35,217260
17805,0.056624,172.31.33.0-255,231,216565,35,217260
17806,0.056657,172.31.33.0-255,563,217128,35,217260
17807,0.05818,104.244.42.0-255,66,217194,35,217260
17808,0.05821,104.244.42.0-255,66,217260,35,217260
17809,0.0,172.253.118.0-255,153,153,35,293077
17810,2.3e-05,172.31.33.0-255,66,219,35,293077
17811,2.8e-05,172.253.118.0-255,1484,1703,35,293077
17812,3.2e-05,172.31.33.0-255,66,1769,35,293077
17813,3.7e-05,172.253.118.0-255,2902,4671,35,293077
17814,4.6e-05,172.31.33.0-255,66,4737,35,293077
17815,5.2e-05,172.253.118.0-255,7156,11893,35,293077
17816,5.5e-05,172.31.33.0-255,66,11959,35,293077
17817,8.1e-05,172.253.118.0-255,2013,13972,35,293077
17818,8.4e-05,172.31.33.0-255,66,14038,35,293077
17819,0.000105,172.253.118.0-255,2902,16940,35,293077
17820,0.000112,172.31.33.0-255,66,17006,35,293077
17821,0.000115,172.253.118.0-255,1484,18490,35,293077
17822,0.000116,172.31.33.0-255,66,18556,35,293077
17823,0.000145,172.253.118.0-255,1484,20040,35,293077
17824,0.00015,172.31.33.0-255,66,20106,35,293077
17825,0.000157,172.253.118.0-255,7156,27262,35,293077
17826,0.000159,172.31.33.0-255,66,27328,35,293077
17827,0.000189,172.253.118.0-255,3961,31289,35,293077
17828,0.000192,172.31.33.0-255,66,31355,35,293077
17829,0.000353,172.253.118.0-255,1484,32839,35,293077
17830,0.000357,172.31.33.0-255,66,32905,35,293077
17831,0.000383,172.253.118.0-255,2902,35807,35,293077
17832,0.000386,172.31.33.0-255,66,35873,35,293077
17833,0.00039,172.253.118.0-255,1484,37357,35,293077
17834,0.000391,172.31.33.0-255,66,37423,35,293077
17835,0.000417,172.253.118.0-255,2902,40325,35,293077
17836,0.000423,172.31.33.0-255,66,40391,35,293077
17837,0.000441,172.253.118.0-255,2902,43293,35,293077
17838,0.000444,172.31.33.0-255,66,43359,35,293077
17839,0.000467,172.253.118.0-255,6797,50156,35,293077
17840,0.000469,172.31.33.0-255,66,50222,35,293077
17841,0.000503,172.253.118.0-255,2902,53124,35,293077
17842,0.000506,172.31.33.0-255,66,53190,35,293077
17843,0.00054,172.253.118.0-255,1484,54674,35,293077
17844,0.000552,172.31.33.0-255,66,54740,35,293077
17845,0.000576,172.253.118.0-255,110,54850,35,293077
17846,0.000579,172.253.118.0-255,332,55182,35,293077
17847,0.000685,172.31.33.0-255,66,55248,35,293077
17848,0.000791,172.253.118.0-255,1484,56732,35,293077
17849,0.000799,172.253.118.0-255,2902,59634,35,293077
17850,0.000802,172.31.33.0-255,66,59700,35,293077
17851,0.000832,172.253.118.0-255,5738,65438,35,293077
17852,0.000835,172.31.33.0-255,66,65504,35,293077
17853,0.000842,172.253.118.0-255,7156,72660,35,293077
17854,0.000844,172.31.33.0-255,66,72726,35,293077
17855,0.000887,172.31.33.0-255,66,72792,35,293077
17856,0.000892,172.253.118.0-255,2184,74976,35,293077
17857,0.000893,172.31.33.0-255,66,75042,35,293077
17858,0.000946,172.253.118.0-255,1484,76526,35,293077
17859,0.000951,172.253.118.0-255,2902,79428,35,293077
17860,0.000954,172.31.33.0-255,66,79494,35,293077
17861,0.00099,172.253.118.0-255,5738,85232,35,293077
17862,0.000993,172.31.33.0-255,66,85298,35,293077
17863,0.000996,172.253.118.0-255,1484,86782,35,293077
17864,0.001016,172.253.118.0-255,4320,91102,35,293077
17865,0.001019,172.31.33.0-255,66,91168,35,293077
17866,0.001048,172.253.118.0-255,4320,95488,35,293077
17867,0.00105,172.31.33.0-255,66,95554,35,293077
17868,0.00106,172.31.33.0-255,66,95620,35,293077
17869,0.00108,172.253.118.0-255,3602,99222,35,293077
17870,0.001083,172.31.33.0-255,66,99288,35,293077
17871,0.001132,172.253.118.0-255,2902,102190,35,293077
17872,0.001136,172.31.33.0-255,66,102256,35,293077
17873,0.001157,172.253.118.0-255,1484,103740,35,293077
17874,0.001163,172.253.118.0-255,4320,108060,35,293077
17875,0.001166,172.31.33.0-255,66,108126,35,293077
17876,0.001191,172.253.118.0-255,1484,109610,35,293077
17877,0.001203,172.31.33.0-255,66,109676,35,293077
17878,0.001209,172.253.118.0-255,4320,113996,35,293077
17879,0.001211,172.31.33.0-255,66,114062,35,293077
17880,0.001242,172.253.118.0-255,4320,118382,35,293077
17881,0.001245,172.31.33.0-255,66,118448,35,293077
17882,0.001259,172.253.118.0-255,3602,122050,35,293077
17883,0.001266,172.31.33.0-255,66,122116,35,293077
17884,0.00129,172.253.118.0-255,4320,126436,35,293077
17885,0.001292,172.31.33.0-255,66,126502,35,293077
17886,0.001298,172.253.118.0-255,5738,132240,35,293077
17887,0.0013,172.31.33.0-255,66,132306,35,293077
17888,0.001329,172.253.118.0-255,4320,136626,35,293077
17889,0.00133,172.31.33.0-255,66,136692,35,293077
17890,0.001336,172.253.118.0-255,7156,143848,35,293077
17891,0.001338,172.31.33.0-255,66,143914,35,293077
17892,0.001371,172.253.118.0-255,1484,145398,35,293077
17893,0.001392,172.31.33.0-255,66,145464,35,293077
17894,0.001412,172.253.118.0-255,2184,147648,35,293077
17895,0.001414,172.31.33.0-255,66,147714,35,293077
17896,0.001617,172.253.118.0-255,1484,149198,35,293077
17897,0.001628,172.253.118.0-255,2902,152100,35,293077
17898,0.00163,172.31.33.0-255,66,152166,35,293077
17899,0.001652,172.253.118.0-255,1484,153650,35,293077
17900,0.001657,172.253.118.0-255,5738,159388,35,293077
17901,0.001659,172.31.33.0-255,66,159454,35,293077
17902,0.00167,172.253.118.0-255,2902,162356,35,293077
17903,0.001675,172.31.33.0-255,66,162422,35,293077
17904,0.001704,172.31.33.0-255,66,162488,35,293077
17905,0.001709,172.253.118.0-255,5738,168226,35,293077
17906,0.00171,172.31.33.0-255,66,168292,35,293077
17907,0.001736,172.253.118.0-255,3602,171894,35,293077
17908,0.001739,172.31.33.0-255,66,171960,35,293077
17909,0.002081,172.253.118.0-255,1484,173444,35,293077
17910,0.002093,172.253.118.0-255,1484,174928,35,293077
17911,0.002094,172.31.33.0-255,66,174994,35,293077
17912,0.002114,172.253.118.0-255,1484,176478,35,293077
17913,0.002119,172.253.118.0-255,5738,182216,35,293077
17914,0.002121,172.31.33.0-255,66,182282,35,293077
17915,0.002123,172.253.118.0-255,1484,183766,35,293077
17916,0.002156,172.31.33.0-255,66,183832,35,293077
17917,0.002161,172.253.118.0-255,7156,190988,35,293077
17918,0.002163,172.31.33.0-255,66,191054,35,293077
17919,0.00219,172.253.118.0-255,3602,194656,35,293077
17920,0.002192,172.31.33.0-255,66,194722,35,293077
17921,0.002247,172.253.118.0-255,1484,196206,35,293077
17922,0.002261,172.253.118.0-255,2902,199108,35,293077
17923,0.002263,172.31.33.0-255,66,199174,35,293077
17924,0.002268,172.253.118.0-255,4320,203494,35,293077
17925,0.002269,172.31.33.0-255,66,203560,35,293077
17926,0.002286,172.253.118.0-255,1484,205044,35,293077
17927,0.002292,172.253.118.0-255,1484,206528,35,293077
17928,0.002293,172.31.33.0-255,66,206594,35,293077
17929,0.002296,172.253.118.0-255,1484,208078,35,293077
17930,0.002321,172.31.33.0-255,66,208144,35,293077
17931,0.00233,172.253.118.0-255,2902,211046,35,293077
17932,0.002335,172.31.33.0-255,66,211112,35,293077
17933,0.002354,172.253.118.0-255,7156,218268,35,293077
17934,0.002356,172.31.33.0-255,66,218334,35,293077
17935,0.002376,172.253.118.0-255,2184,220518,35,293077
17936,0.002379,172.31.33.0-255,66,220584,35,293077
17937,0.0029,172.253.118.0-255,1484,222068,35,293077
17938,0.002913,172.253.118.0-255,2902,224970,35,293077
17939,0.002915,172.31.33.0-255,66,225036,35,293077
17940,0.002954,172.253.118.0-255,5738,230774,35,293077
17941,0.002957,172.31.33.0-255,66,230840,35,293077
17942,0.002963,172.253.118.0-255,5738,236578,35,293077
17943,0.002964,172.31.33.0-255,66,236644,35,293077
17944,0.002966,172.253.118.0-255,1484,238128,35,293077
17945,0.002978,172.253.118.0-255,7156,245284,35,293077
17946,0.00298,172.31.33.0-255,66,245350,35,293077
17947,0.003006,172.253.118.0-255,1484,246834,35,293077
17948,0.003016,172.31.33.0-255,66,246900,35,293077
17949,0.003019,172.253.118.0-255,2902,249802,35,293077
17950,0.003021,172.31.33.0-255,66,249868,35,293077
17951,0.003038,172.253.118.0-255,1484,251352,35,293077
17952,0.003063,172.31.33.0-255,66,251418,35,293077
17953,0.003075,172.253.118.0-255,2902,254320,35,293077
17954,0.003081,172.31.33.0-255,66,254386,35,293077
17955,0.003087,172.253.118.0-255,5738,260124,35,293077
17956,0.003089,172.31.33.0-255,66,260190,35,293077
17957,0.003114,172.253.118.0-255,1484,261674,35,293077
17958,0.003124,172.31.33.0-255,66,261740,35,293077
17959,0.003147,172.253.118.0-255,2184,263924,35,293077
17960,0.00315,172.31.33.0-255,66,263990,35,293077
17961,0.003173,172.253.118.0-255,1484,265474,35,293077
17962,0.003177,172.253.118.0-255,2902,268376,35,293077
17963,0.003179,172.31.33.0-255,66,268442,35,293077
17964,0.003204,172.253.118.0-255,5738,274180,35,293077
17965,0.003207,172.31.33.0-255,66,274246,35,293077
17966,0.003218,172.31.33.0-255,66,274312,35,293077
17967,0.003239,172.253.118.0-255,2902,277214,35,293077
17968,0.003245,172.31.33.0-255,66,277280,35,293077
17969,0.003269,172.253.118.0-255,4853,282133,35,293077
17970,0.003272,172.31.33.0-255,66,282199,35,293077
17971,0.003292,172.253.118.0-255,105,282304,35,293077
17972,0.005357,172.31.33.0-255,66,282370,35,293077
17973,0.00538,172.31.33.0-255,105,282475,35,293077
17974,0.007598,172.253.118.0-255,66,282541,35,293077
17975,0.02893,172.31.33.0-255,172,282713,35,293077
17976,0.028956,172.31.33.0-255,1108,283821,35,293077
17977,0.029007,172.31.33.0-255,1514,285335,35,293077
17978,0.029029,172.31.33.0-255,1514,286849,35,293077
17979,0.029033,172.31.33.0-255,1514,288363,35,293077
17980,0.02905,172.31.33.0-255,1514,289877,35,293077
17981,0.029054,172.31.33.0-255,1514,291391,35,293077
17982,0.029055,172.31.33.0-255,1182,292573,35,293077
17983,0.030548,104.244.42.0-255,66,292639,35,293077
17984,0.030559,104.244.42.0-255,66,292705,35,293077
17985,0.030598,104.244.42.0-255,66,292771,35,293077
17986,0.03065,104.244.42.0-255,66,292837,35,293077
17987,0.030655,104.244.42.0-255,66,292903,35,293077
17988,0.037207,172.31.33.0-255,108,293011,35,293077
17989,0.038757,104.244.42.0-255,66,293077,35,293077
17990,0.0,172.31.33.0-255,105,105,35,276
17991,0.002093,157.240.7.0-255,105,210,35,276
17992,0.002106,172.31.33.0-255,66,276,35,276
17993,0.0,172.31.33.0-255,105,105,35,276
17994,0.001564,157.240.7.0-255,105,210,35,276
17995,0.001576,172.31.33.0-255,66,276,35,276
17996,0.0,172.31.33.0-255,105,105,35,276
17997,0.001802,157.240.7.0-255,105,210,35,276
17998,0.001809,172.31.33.0-255,66,276,35,276
17999,0.0,172.31.33.0-255,105,105,35,276
18000,0.001796,157.240.7.0-255,105,210,35,276
18001,0.001809,172.31.33.0-255,66,276,35,276
18002,0.0,172.217.194.0-255,153,153,35,261736
18003,3e-05,172.31.33.0-255,66,219,35,261736
18004,3.5e-05,172.217.194.0-255,1484,1703,35,261736
18005,3.9e-05,172.31.33.0-255,66,1769,35,261736
18006,4.3e-05,172.217.194.0-255,2902,4671,35,261736
18007,4.6e-05,172.31.33.0-255,66,4737,35,261736
18008,5.3e-05,172.217.194.0-255,7156,11893,35,261736
18009,5.6e-05,172.31.33.0-255,66,11959,35,261736
18010,7.9e-05,172.217.194.0-255,2902,14861,35,261736
18011,8.1e-05,172.31.33.0-255,66,14927,35,261736
18012,0.000109,172.31.33.0-255,66,14993,35,261736
18013,0.000126,172.217.194.0-255,4320,19313,35,261736
18014,0.000131,172.31.33.0-255,66,19379,35,261736
18015,0.000147,172.217.194.0-255,3961,23340,35,261736
18016,0.000149,172.31.33.0-255,66,23406,35,261736
18017,0.000204,172.217.194.0-255,1484,24890,35,261736
18018,0.000207,172.31.33.0-255,66,24956,35,261736
18019,0.000219,172.217.194.0-255,2902,27858,35,261736
18020,0.000222,172.31.33.0-255,66,27924,35,261736
18021,0.000224,172.217.194.0-255,1484,29408,35,261736
18022,0.000226,172.31.33.0-255,66,29474,35,261736
18023,0.000248,172.217.194.0-255,2902,32376,35,261736
18024,0.00025,172.31.33.0-255,66,32442,35,261736
18025,0.000255,172.217.194.0-255,4320,36762,35,261736
18026,0.000257,172.31.33.0-255,66,36828,35,261736
18027,0.000272,172.217.194.0-255,5379,42207,35,261736
18028,0.000275,172.31.33.0-255,66,42273,35,261736
18029,0.00028,172.217.194.0-255,4320,46593,35,261736
18030,0.000282,172.31.33.0-255,66,46659,35,261736
18031,0.000311,172.217.194.0-255,7156,53815,35,261736
18032,0.000315,172.31.33.0-255,66,53881,35,261736
18033,0.000328,172.217.194.0-255,1484,55365,35,261736
18034,0.000343,172.217.194.0-255,2543,57908,35,261736
18035,0.000346,172.31.33.0-255,66,57974,35,261736
18036,0.000536,172.217.194.0-255,379,58353,35,261736
18037,0.000616,172.217.194.0-255,1484,59837,35,261736
18038,0.00062,172.31.33.0-255,66,59903,35,261736
18039,0.00063,172.217.194.0-255,1484,61387,35,261736
18040,0.00065,172.217.194.0-255,2902,64289,35,261736
18041,0.000652,172.31.33.0-255,66,64355,35,261736
18042,0.000658,172.217.194.0-255,7156,71511,35,261736
18043,0.00066,172.31.33.0-255,66,71577,35,261736
18044,0.000685,172.217.194.0-255,4320,75897,35,261736
18045,0.000687,172.31.33.0-255,66,75963,35,261736
18046,0.000711,172.31.33.0-255,66,76029,35,261736
18047,0.000717,172.217.194.0-255,5020,81049,35,261736
18048,0.000718,172.31.33.0-255,66,81115,35,261736
18049,0.00072,172.217.194.0-255,364,81479,35,261736
18050,0.00093,172.31.33.0-255,66,81545,35,261736
18051,0.001651,172.217.194.0-255,1484,83029,35,261736
18052,0.001672,172.217.194.0-255,2902,85931,35,261736
18053,0.001676,172.31.33.0-255,66,85997,35,261736
18054,0.001681,172.217.194.0-255,2902,88899,35,261736
18055,0.001683,172.31.33.0-255,66,88965,35,261736
18056,0.001695,172.217.194.0-255,2902,91867,35,261736
18057,0.001696,172.31.33.0-255,66,91933,35,261736
18058,0.001702,172.217.194.0-255,5738,97671,35,261736
18059,0.001703,172.31.33.0-255,66,97737,35,261736
18060,0.001724,172.217.194.0-255,7156,104893,35,261736
18061,0.001726,172.31.33.0-255,66,104959,35,261736
18062,0.001748,172.217.194.0-255,1484,106443,35,261736
18063,0.00177,172.31.33.0-255,66,106509,35,261736
18064,0.001863,172.217.194.0-255,1484,107993,35,261736
18065,0.001866,172.217.194.0-255,1484,109477,35,261736
18066,0.001868,172.31.33.0-255,66,109543,35,261736
18067,0.001882,172.217.194.0-255,1484,111027,35,261736
18068,0.001887,172.217.194.0-255,4320,115347,35,261736
18069,0.001889,172.31.33.0-255,66,115413,35,261736
18070,0.001909,172.217.194.0-255,1484,116897,35,261736
18071,0.001912,172.217.194.0-255,2902,119799,35,261736
18072,0.001914,172.31.33.0-255,66,119865,35,261736
18073,0.001958,172.217.194.0-255,2902,122767,35,261736
18074,0.00196,172.31.33.0-255,66,122833,35,261736
18075,0.001977,172.217.194.0-255,7156,129989,35,261736
18076,0.001979,172.31.33.0-255,66,130055,35,261736
18077,0.001985,172.217.194.0-255,7156,137211,35,261736
18078,0.001986,172.31.33.0-255,66,137277,35,261736
18079,0.002008,172.217.194.0-255,3602,140879,35,261736
18080,0.00201,172.31.33.0-255,66,140945,35,261736
18081,0.002051,172.217.194.0-255,1484,142429,35,261736
18082,0.002067,172.217.194.0-255,2902,145331,35,261736
18083,0.002069,172.31.33.0-255,66,145397,35,261736
18084,0.002085,172.217.194.0-255,1484,146881,35,261736
18085,0.002098,172.217.194.0-255,2902,149783,35,261736
18086,0.0021,172.31.33.0-255,66,149849,35,261736
18087,0.002118,172.217.194.0-255,5738,155587,35,261736
18088,0.00212,172.31.33.0-255,66,155653,35,261736
18089,0.002124,172.217.194.0-255,4320,159973,35,261736
18090,0.002126,172.31.33.0-255,66,160039,35,261736
18091,0.002142,172.217.194.0-255,5738,165777,35,261736
18092,0.002144,172.31.33.0-255,66,165843,35,261736
18093,0.002148,172.217.194.0-255,4320,170163,35,261736
18094,0.00215,172.31.33.0-255,66,170229,35,261736
18095,0.002173,172.217.194.0-255,5020,175249,35,261736
18096,0.002175,172.31.33.0-255,66,175315,35,261736
18097,0.002297,172.217.194.0-255,1484,176799,35,261736
18098,0.002315,172.217.194.0-255,1484,178283,35,261736
18099,0.002317,172.31.33.0-255,66,178349,35,261736
18100,0.002331,172.217.194.0-255,4320,182669,35,261736
18101,0.002333,172.31.33.0-255,66,182735,35,261736
18102,0.002342,172.217.194.0-255,1484,184219,35,261736
18103,0.00236,172.217.194.0-255,4320,188539,35,261736
18104,0.002362,172.31.33.0-255,66,188605,35,261736
18105,0.002366,172.217.194.0-255,2902,191507,35,261736
18106,0.002368,172.31.33.0-255,66,191573,35,261736
18107,0.00237,172.217.194.0-255,1484,193057,35,261736
18108,0.002383,172.217.194.0-255,1484,194541,35,261736
18109,0.002385,172.31.33.0-255,66,194607,35,261736
18110,0.00241,172.31.33.0-255,66,194673,35,261736
18111,0.002414,172.217.194.0-255,3602,198275,35,261736
18112,0.002416,172.31.33.0-255,66,198341,35,261736
18113,0.002446,172.217.194.0-255,1484,199825,35,261736
18114,0.002476,172.31.33.0-255,66,199891,35,261736
18115,0.002481,172.217.194.0-255,5738,205629,35,261736
18116,0.002483,172.31.33.0-255,66,205695,35,261736
18117,0.002522,172.217.194.0-255,4320,210015,35,261736
18118,0.002524,172.31.33.0-255,66,210081,35,261736
18119,0.00255,172.31.33.0-255,66,210147,35,261736
18120,0.002566,172.217.194.0-255,2902,213049,35,261736
18121,0.002568,172.31.33.0-255,66,213115,35,261736
18122,0.00259,172.31.33.0-255,66,213181,35,261736
18123,0.002622,172.31.33.0-255,66,213247,35,261736
18124,0.002661,172.217.194.0-255,4320,217567,35,261736
18125,0.002663,172.31.33.0-255,66,217633,35,261736
18126,0.002689,172.31.33.0-255,66,217699,35,261736
18127,0.002693,172.217.194.0-255,4320,222019,35,261736
18128,0.002695,172.31.33.0-255,66,222085,35,261736
18129,0.002698,172.217.194.0-255,2902,224987,35,261736
18130,0.0027,172.31.33.0-255,66,225053,35,261736
18131,0.002715,172.217.194.0-255,2902,227955,35,261736
18132,0.002717,172.31.33.0-255,66,228021,35,261736
18133,0.002739,172.217.194.0-255,1484,229505,35,261736
18134,0.00276,172.217.194.0-255,6438,235943,35,261736
18135,0.002762,172.31.33.0-255,66,236009,35,261736
18136,0.002794,172.217.194.0-255,4320,240329,35,261736
18137,0.002796,172.31.33.0-255,66,240395,35,261736
18138,0.002814,172.217.194.0-255,4320,244715,35,261736
18139,0.002817,172.31.33.0-255,66,244781,35,261736
18140,0.002819,172.217.194.0-255,1484,246265,35,261736
18141,0.002828,172.31.33.0-255,66,246331,35,261736
18142,0.002856,172.31.33.0-255,66,246397,35,261736
18143,0.002892,172.217.194.0-255,2902,249299,35,261736
18144,0.002894,172.31.33.0-255,66,249365,35,261736
18145,0.002926,172.31.33.0-255,66,249431,35,261736
18146,0.002942,172.217.194.0-255,1855,251286,35,261736
18147,0.002944,172.31.33.0-255,66,251352,35,261736
18148,0.002954,172.217.194.0-255,105,251457,35,261736
18149,0.011295,172.31.33.0-255,66,251523,35,261736
18150,0.011326,172.31.33.0-255,105,251628,35,261736
18151,0.013324,172.217.194.0-255,66,251694,35,261736
18152,0.037853,172.31.33.0-255,172,251866,35,261736
18153,0.037884,172.31.33.0-255,1107,252973,35,261736
18154,0.037935,172.31.33.0-255,1514,254487,35,261736
18155,0.037937,172.31.33.0-255,1514,256001,35,261736
18156,0.037943,172.31.33.0-255,1514,257515,35,261736
18157,0.037944,172.31.33.0-255,1514,259029,35,261736
18158,0.037967,172.31.33.0-255,1514,260543,35,261736
18159,0.037969,172.31.33.0-255,929,261472,35,261736
18160,0.039391,104.244.42.0-255,66,261538,35,261736
18161,0.039418,104.244.42.0-255,66,261604,35,261736
18162,0.039496,104.244.42.0-255,66,261670,35,261736
18163,0.039502,104.244.42.0-255,66,261736,35,261736
18164,0.0,172.31.33.0-255,105,105,35,276
18165,0.002074,157.240.7.0-255,105,210,35,276
18166,0.002089,172.31.33.0-255,66,276,35,276
18167,0.0,74.125.68.0-255,153,153,35,359483
18168,1.5e-05,172.31.33.0-255,66,219,35,359483
18169,2e-05,74.125.68.0-255,1484,1703,35,359483
18170,2.4e-05,172.31.33.0-255,66,1769,35,359483
18171,4.7e-05,74.125.68.0-255,2902,4671,35,359483
18172,5.5e-05,172.31.33.0-255,66,4737,35,359483
18173,6e-05,74.125.68.0-255,4320,9057,35,359483
18174,6.2e-05,172.31.33.0-255,66,9123,35,359483
18175,8e-05,74.125.68.0-255,1484,10607,35,359483
18176,8.7e-05,172.31.33.0-255,66,10673,35,359483
18177,0.000115,74.125.68.0-255,3411,14084,35,359483
18178,0.000119,172.31.33.0-255,66,14150,35,359483
18179,0.000161,74.125.68.0-255,2902,17052,35,359483
18180,0.000164,172.31.33.0-255,66,17118,35,359483
18181,0.000168,74.125.68.0-255,1484,18602,35,359483
18182,0.000169,172.31.33.0-255,66,18668,35,359483
18183,0.000194,74.125.68.0-255,2902,21570,35,359483
18184,0.000197,172.31.33.0-255,66,21636,35,359483
18185,0.000206,172.31.33.0-255,66,21702,35,359483
18186,0.000213,74.125.68.0-255,1125,22827,35,359483
18187,0.000215,172.31.33.0-255,66,22893,35,359483
18188,0.000219,74.125.68.0-255,1484,24377,35,359483
18189,0.000221,172.31.33.0-255,66,24443,35,359483
18190,0.000252,74.125.68.0-255,4320,28763,35,359483
18191,0.000273,74.125.68.0-255,1484,30247,35,359483
18192,0.000278,172.31.33.0-255,66,30313,35,359483
18193,0.000284,172.31.33.0-255,66,30379,35,359483
18194,0.000287,74.125.68.0-255,2902,33281,35,359483
18195,0.000292,172.31.33.0-255,66,33347,35,359483
18196,0.000296,74.125.68.0-255,5738,39085,35,359483
18197,0.000298,172.31.33.0-255,66,39151,35,359483
18198,0.0003,74.125.68.0-255,1125,40276,35,359483
18199,0.000344,74.125.68.0-255,1484,41760,35,359483
18200,0.000357,74.125.68.0-255,1484,43244,35,359483
18201,0.000377,74.125.68.0-255,2902,46146,35,359483
18202,0.00038,74.125.68.0-255,1484,47630,35,359483
18203,0.000402,74.125.68.0-255,4320,51950,35,359483
18204,0.000416,74.125.68.0-255,5379,57329,35,359483
18205,0.000476,74.125.68.0-255,646,57975,35,359483
18206,0.000511,74.125.68.0-255,1484,59459,35,359483
18207,0.000514,74.125.68.0-255,1484,60943,35,359483
18208,0.000526,74.125.68.0-255,1484,62427,35,359483
18209,0.000536,74.125.68.0-255,2902,65329,35,359483
18210,0.000546,74.125.68.0-255,2902,68231,35,359483
18211,0.00058,74.125.68.0-255,7156,75387,35,359483
18212,0.000584,74.125.68.0-255,1484,76871,35,359483
18213,0.000607,74.125.68.0-255,7156,84027,35,359483
18214,0.000609,74.125.68.0-255,1484,85511,35,359483
18215,0.000614,172.31.33.0-255,66,85577,35,359483
18216,0.00062,172.31.33.0-255,66,85643,35,359483
18217,0.000635,74.125.68.0-255,6438,92081,35,359483
18218,0.000682,172.31.33.0-255,66,92147,35,359483
18219,0.001271,74.125.68.0-255,1484,93631,35,359483
18220,0.001277,74.125.68.0-255,2902,96533,35,359483
18221,0.001281,172.31.33.0-255,66,96599,35,359483
18222,0.001311,74.125.68.0-255,5738,102337,35,359483
18223,0.001323,74.125.68.0-255,4320,106657,35,359483
18224,0.001332,172.31.33.0-255,66,106723,35,359483
18225,0.001351,74.125.68.0-255,7156,113879,35,359483
18226,0.001356,74.125.68.0-255,5738,119617,35,359483
18227,0.001363,172.31.33.0-255,66,119683,35,359483
18228,0.001373,74.125.68.0-255,6438,126121,35,359483
18229,0.001392,172.31.33.0-255,66,126187,35,359483
18230,0.001414,74.125.68.0-255,1484,127671,35,359483
18231,0.001416,74.125.68.0-255,1484,129155,35,359483
18232,0.001424,172.31.33.0-255,66,129221,35,359483
18233,0.001427,74.125.68.0-255,1484,130705,35,359483
18234,0.001428,74.125.68.0-255,1484,132189,35,359483
18235,0.001434,172.31.33.0-255,66,132255,35,359483
18236,0.001444,74.125.68.0-255,4320,136575,35,359483
18237,0.001462,74.125.68.0-255,2902,139477,35,359483
18238,0.001484,172.31.33.0-255,66,139543,35,359483
18239,0.001493,74.125.68.0-255,4320,143863,35,359483
18240,0.001495,172.31.33.0-255,66,143929,35,359483
18241,0.001517,172.31.33.0-255,66,143995,35,359483
18242,0.00154,74.125.68.0-255,6438,150433,35,359483
18243,0.001544,172.31.33.0-255,66,150499,35,359483
18244,0.001588,74.125.68.0-255,1484,151983,35,359483
18245,0.00161,74.125.68.0-255,2902,154885,35,359483
18246,0.001621,172.31.33.0-255,66,154951,35,359483
18247,0.001636,74.125.68.0-255,5738,160689,35,359483
18248,0.00164,74.125.68.0-255,2902,163591,35,359483
18249,0.001647,172.31.33.0-255,66,163657,35,359483
18250,0.001651,74.125.68.0-255,2902,166559,35,359483
18251,0.001668,74.125.68.0-255,7156,173715,35,359483
18252,0.001677,172.31.33.0-255,66,173781,35,359483
18253,0.001685,74.125.68.0-255,4320,178101,35,359483
18254,0.001689,172.31.33.0-255,66,178167,35,359483
18255,0.001712,74.125.68.0-255,6438,184605,35,359483
18256,0.001723,172.31.33.0-255,66,184671,35,359483
18257,0.001967,74.125.68.0-255,1484,186155,35,359483
18258,0.001972,74.125.68.0-255,2902,189057,35,359483
18259,0.001975,172.31.33.0-255,66,189123,35,359483
18260,0.001988,74.125.68.0-255,2902,192025,35,359483
18261,0.001996,172.31.33.0-255,66,192091,35,359483
18262,0.002017,74.125.68.0-255,1484,193575,35,359483
18263,0.00206,74.125.68.0-255,2902,196477,35,359483
18264,0.002065,172.31.33.0-255,66,196543,35,359483
18265,0.00208,74.125.68.0-255,7156,203699,35,359483
18266,0.002082,74.125.68.0-255,1484,205183,35,359483
18267,0.002101,74.125.68.0-255,5020,210203,35,359483
18268,0.002107,172.31.33.0-255,66,210269,35,359483
18269,0.002229,74.125.68.0-255,1484,211753,35,359483
18270,0.002247,74.125.68.0-255,2902,214655,35,359483
18271,0.00225,172.31.33.0-255,66,214721,35,359483
18272,0.002292,74.125.68.0-255,5738,220459,35,359483
18273,0.002296,74.125.68.0-255,2902,223361,35,359483
18274,0.002303,74.125.68.0-255,4320,227681,35,359483
18275,0.002319,172.31.33.0-255,66,227747,35,359483
18276,0.002329,74.125.68.0-255,7156,234903,35,359483
18277,0.002334,172.31.33.0-255,66,234969,35,359483
18278,0.002345,74.125.68.0-255,1484,236453,35,359483
18279,0.002355,74.125.68.0-255,7156,243609,35,359483
18280,0.002357,74.125.68.0-255,766,244375,35,359483
18281,0.002375,172.31.33.0-255,66,244441,35,359483
18282,0.002473,74.125.68.0-255,1484,245925,35,359483
18283,0.002492,74.125.68.0-255,2902,248827,35,359483
18284,0.002495,74.125.68.0-255,1484,250311,35,359483
18285,0.002498,172.31.33.0-255,66,250377,35,359483
18286,0.002511,74.125.68.0-255,2902,253279,35,359483
18287,0.002525,74.125.68.0-255,2902,256181,35,359483
18288,0.002527,74.125.68.0-255,1484,257665,35,359483
18289,0.002533,172.31.33.0-255,66,257731,35,359483
18290,0.002558,74.125.68.0-255,4320,262051,35,359483
18291,0.00256,74.125.68.0-255,1484,263535,35,359483
18292,0.002562,74.125.68.0-255,1484,265019,35,359483
18293,0.002567,74.125.68.0-255,7156,272175,35,359483
18294,0.002572,172.31.33.0-255,66,272241,35,359483
18295,0.002598,74.125.68.0-255,6438,278679,35,359483
18296,0.002612,172.31.33.0-255,66,278745,35,359483
18297,0.00266,74.125.68.0-255,1484,280229,35,359483
18298,0.002672,74.125.68.0-255,2902,283131,35,359483
18299,0.002676,172.31.33.0-255,66,283197,35,359483
18300,0.002687,74.125.68.0-255,4320,287517,35,359483
18301,0.002702,74.125.68.0-255,1484,289001,35,359483
18302,0.002712,172.31.33.0-255,66,289067,35,359483
18303,0.00272,74.125.68.0-255,4320,293387,35,359483
18304,0.002724,172.31.33.0-255,66,293453,35,359483
18305,0.002734,74.125.68.0-255,7156,300609,35,359483
18306,0.002754,74.125.68.0-255,4320,304929,35,359483
18307,0.002762,74.125.68.0-255,4320,309249,35,359483
18308,0.002771,172.31.33.0-255,66,309315,35,359483
18309,0.0028,74.125.68.0-255,4320,313635,35,359483
18310,0.002809,172.31.33.0-255,66,313701,35,359483
18311,0.002829,74.125.68.0-255,4320,318021,35,359483
18312,0.002842,172.31.33.0-255,66,318087,35,359483
18313,0.00289,74.125.68.0-255,2902,320989,35,359483
18314,0.002896,172.31.33.0-255,66,321055,35,359483
18315,0.002919,74.125.68.0-255,6438,327493,35,359483
18316,0.002925,74.125.68.0-255,5738,333231,35,359483
18317,0.00293,74.125.68.0-255,7156,340387,35,359483
18318,0.002935,172.31.33.0-255,66,340453,35,359483
18319,0.002967,74.125.68.0-255,7156,347609,35,359483
18320,0.00297,74.125.68.0-255,895,348504,35,359483
18321,0.002972,74.125.68.0-255,97,348601,35,359483
18322,0.002988,172.31.33.0-255,66,348667,35,359483
18323,0.003021,74.125.68.0-255,105,348772,35,359483
18324,0.004083,172.31.33.0-255,66,348838,35,359483
18325,0.004112,172.31.33.0-255,105,348943,35,359483
18326,0.006409,74.125.68.0-255,66,349009,35,359483
18327,0.027546,172.31.33.0-255,176,349185,35,359483
18328,0.027598,172.31.33.0-255,1107,350292,35,359483
18329,0.027686,172.31.33.0-255,1514,351806,35,359483
18330,0.027689,172.31.33.0-255,1514,353320,35,359483
18331,0.027693,172.31.33.0-255,1514,354834,35,359483
18332,0.027695,172.31.33.0-255,1514,356348,35,359483
18333,0.027721,172.31.33.0-255,1514,357862,35,359483
18334,0.027723,172.31.33.0-255,1183,359045,35,359483
18335,0.029089,104.244.42.0-255,66,359111,35,359483
18336,0.02913,104.244.42.0-255,66,359177,35,359483
18337,0.029237,104.244.42.0-255,66,359243,35,359483
18338,0.029284,104.244.42.0-255,66,359309,35,359483
18339,0.040619,172.31.33.0-255,108,359417,35,359483
18340,0.042156,104.244.42.0-255,66,359483,35,359483
18341,0.0,172.31.33.0-255,105,105,35,276
18342,0.002102,157.240.7.0-255,105,210,35,276
18343,0.002112,172.31.33.0-255,66,276,35,276
18344,0.0,172.31.33.0-255,105,105,35,276
18345,0.002075,157.240.7.0-255,105,210,35,276
18346,0.002102,172.31.33.0-255,66,276,35,276
18347,0.0,172.31.33.0-255,199,199,35,11810
18348,2.7e-05,172.31.33.0-255,1130,1329,35,11810
18349,0.000113,172.31.33.0-255,1514,2843,35,11810
18350,0.000114,172.31.33.0-255,1514,4357,35,11810
18351,0.000116,172.31.33.0-255,1514,5871,35,11810
18352,0.000122,172.31.33.0-255,1514,7385,35,11810
18353,0.000123,172.31.33.0-255,1514,8899,35,11810
18354,0.000124,172.31.33.0-255,1514,10413,35,11810
18355,0.00015,172.31.33.0-255,1133,11546,35,11810
18356,0.00158,104.244.42.0-255,66,11612,35,11810
18357,0.001668,104.244.42.0-255,66,11678,35,11810
18358,0.001747,104.244.42.0-255,66,11744,35,11810
18359,0.001754,104.244.42.0-255,66,11810,35,11810
18360,0.0,74.125.200.0-255,161,161,35,273458
18361,2.9e-05,172.31.33.0-255,66,227,35,273458
18362,5.8e-05,74.125.200.0-255,1484,1711,35,273458
18363,6.2e-05,172.31.33.0-255,66,1777,35,273458
18364,6.7e-05,74.125.200.0-255,2902,4679,35,273458
18365,6.9e-05,172.31.33.0-255,66,4745,35,273458
18366,7.4e-05,74.125.200.0-255,5738,10483,35,273458
18367,7.6e-05,172.31.33.0-255,66,10549,35,273458
18368,9.9e-05,74.125.200.0-255,1484,12033,35,273458
18369,0.000102,172.31.33.0-255,66,12099,35,273458
18370,0.000106,74.125.200.0-255,2009,14108,35,273458
18371,0.000107,172.31.33.0-255,66,14174,35,273458
18372,0.000231,74.125.200.0-255,1484,15658,35,273458
18373,0.000235,172.31.33.0-255,66,15724,35,273458
18374,0.000259,74.125.200.0-255,2902,18626,35,273458
18375,0.000262,172.31.33.0-255,66,18692,35,273458
18376,0.000294,74.125.200.0-255,1484,20176,35,273458
18377,0.000297,172.31.33.0-255,66,20242,35,273458
18378,0.000327,74.125.200.0-255,2902,23144,35,273458
18379,0.000331,172.31.33.0-255,66,23210,35,273458
18380,0.000349,74.125.200.0-255,2902,26112,35,273458
18381,0.000352,172.31.33.0-255,66,26178,35,273458
18382,0.000357,74.125.200.0-255,2902,29080,35,273458
18383,0.00036,172.31.33.0-255,66,29146,35,273458
18384,0.00039,74.125.200.0-255,1484,30630,35,273458
18385,0.000393,172.31.33.0-255,66,30696,35,273458
18386,0.000397,74.125.200.0-255,1125,31821,35,273458
18387,0.0004,172.31.33.0-255,66,31887,35,273458
18388,0.00047,74.125.200.0-255,1484,33371,35,273458
18389,0.000473,172.31.33.0-255,66,33437,35,273458
18390,0.000479,74.125.200.0-255,2902,36339,35,273458
18391,0.000481,172.31.33.0-255,66,36405,35,273458
18392,0.00051,74.125.200.0-255,4320,40725,35,273458
18393,0.000513,172.31.33.0-255,66,40791,35,273458
18394,0.00056,74.125.200.0-255,5738,46529,35,273458
18395,0.000564,172.31.33.0-255,66,46595,35,273458
18396,0.000589,74.125.200.0-255,2543,49138,35,273458
18397,0.000593,172.31.33.0-255,66,49204,35,273458
18398,0.000599,172.31.33.0-255,66,49270,35,273458
18399,0.00061,74.125.200.0-255,4320,53590,35,273458
18400,0.000612,172.31.33.0-255,66,53656,35,273458
18401,0.000639,74.125.200.0-255,1484,55140,35,273458
18402,0.00066,74.125.200.0-255,2855,57995,35,273458
18403,0.000663,172.31.33.0-255,66,58061,35,273458
18404,0.001406,74.125.200.0-255,109,58170,35,273458
18405,0.001546,74.125.200.0-255,1484,59654,35,273458
18406,0.00155,172.31.33.0-255,66,59720,35,273458
18407,0.001555,74.125.200.0-255,2902,62622,35,273458
18408,0.001557,172.31.33.0-255,66,62688,35,273458
18409,0.001582,74.125.200.0-255,2902,65590,35,273458
18410,0.001583,172.31.33.0-255,66,65656,35,273458
18411,0.001605,74.125.200.0-255,2902,68558,35,273458
18412,0.001607,172.31.33.0-255,66,68624,35,273458
18413,0.001612,74.125.200.0-255,5738,74362,35,273458
18414,0.001613,172.31.33.0-255,66,74428,35,273458
18415,0.00164,74.125.200.0-255,6797,81225,35,273458
18416,0.001642,172.31.33.0-255,66,81291,35,273458
18417,0.001645,74.125.200.0-255,1484,82775,35,273458
18418,0.001674,172.31.33.0-255,66,82841,35,273458
18419,0.001694,74.125.200.0-255,1125,83966,35,273458
18420,0.002732,74.125.200.0-255,1484,85450,35,273458
18421,0.002735,172.31.33.0-255,66,85516,35,273458
18422,0.002793,74.125.200.0-255,1484,87000,35,273458
18423,0.002805,74.125.200.0-255,1484,88484,35,273458
18424,0.002806,172.31.33.0-255,66,88550,35,273458
18425,0.002826,74.125.200.0-255,1484,90034,35,273458
18426,0.002831,74.125.200.0-255,4320,94354,35,273458
18427,0.002833,172.31.33.0-255,66,94420,35,273458
18428,0.002863,74.125.200.0-255,2902,97322,35,273458
18429,0.002865,172.31.33.0-255,66,97388,35,273458
18430,0.002875,74.125.200.0-255,1484,98872,35,273458
18431,0.00288,74.125.200.0-255,1484,100356,35,273458
18432,0.002882,172.31.33.0-255,66,100422,35,273458
18433,0.002893,74.125.200.0-255,4320,104742,35,273458
18434,0.002898,172.31.33.0-255,66,104808,35,273458
18435,0.002922,74.125.200.0-255,5738,110546,35,273458
18436,0.002924,172.31.33.0-255,66,110612,35,273458
18437,0.002942,74.125.200.0-255,1484,112096,35,273458
18438,0.00297,74.125.200.0-255,1484,113580,35,273458
18439,0.002971,172.31.33.0-255,66,113646,35,273458
18440,0.002989,74.125.200.0-255,5020,118666,35,273458
18441,0.002991,172.31.33.0-255,66,118732,35,273458
18442,0.003236,74.125.200.0-255,1484,120216,35,273458
18443,0.003251,74.125.200.0-255,2902,123118,35,273458
18444,0.003253,172.31.33.0-255,66,123184,35,273458
18445,0.003273,74.125.200.0-255,1484,124668,35,273458
18446,0.003276,74.125.200.0-255,2902,127570,35,273458
18447,0.003278,172.31.33.0-255,66,127636,35,273458
18448,0.003303,74.125.200.0-255,5738,133374,35,273458
18449,0.003306,172.31.33.0-255,66,133440,35,273458
18450,0.00333,74.125.200.0-255,2902,136342,35,273458
18451,0.003331,172.31.33.0-255,66,136408,35,273458
18452,0.00334,74.125.200.0-255,1484,137892,35,273458
18453,0.003354,74.125.200.0-255,2902,140794,35,273458
18454,0.003356,172.31.33.0-255,66,140860,35,273458
18455,0.003378,74.125.200.0-255,2902,143762,35,273458
18456,0.003379,172.31.33.0-255,66,143828,35,273458
18457,0.003383,74.125.200.0-255,2902,146730,35,273458
18458,0.003384,172.31.33.0-255,66,146796,35,273458
18459,0.003388,74.125.200.0-255,4320,151116,35,273458
18460,0.00339,172.31.33.0-255,66,151182,35,273458
18461,0.003427,74.125.200.0-255,2184,153366,35,273458
18462,0.003428,172.31.33.0-255,66,153432,35,273458
18463,0.003825,74.125.200.0-255,1484,154916,35,273458
18464,0.003847,74.125.200.0-255,2902,157818,35,273458
18465,0.003851,172.31.33.0-255,66,157884,35,273458
18466,0.003865,74.125.200.0-255,5738,163622,35,273458
18467,0.003872,172.31.33.0-255,66,163688,35,273458
18468,0.003897,74.125.200.0-255,2902,166590,35,273458
18469,0.0039,172.31.33.0-255,66,166656,35,273458
18470,0.003906,74.125.200.0-255,4320,170976,35,273458
18471,0.003909,172.31.33.0-255,66,171042,35,273458
18472,0.003912,74.125.200.0-255,1484,172526,35,273458
18473,0.003937,74.125.200.0-255,7156,179682,35,273458
18474,0.00394,172.31.33.0-255,66,179748,35,273458
18475,0.003945,74.125.200.0-255,2902,182650,35,273458
18476,0.003947,172.31.33.0-255,66,182716,35,273458
18477,0.003983,74.125.200.0-255,5020,187736,35,273458
18478,0.003986,172.31.33.0-255,66,187802,35,273458
18479,0.004042,74.125.200.0-255,1484,189286,35,273458
18480,0.004062,74.125.200.0-255,2902,192188,35,273458
18481,0.004066,172.31.33.0-255,66,192254,35,273458
18482,0.00407,74.125.200.0-255,2902,195156,35,273458
18483,0.004072,172.31.33.0-255,66,195222,35,273458
18484,0.0041,74.125.200.0-255,2902,198124,35,273458
18485,0.004103,172.31.33.0-255,66,198190,35,273458
18486,0.004106,74.125.200.0-255,1484,199674,35,273458
18487,0.004124,172.31.33.0-255,66,199740,35,273458
18488,0.004197,172.31.33.0-255,66,199806,35,273458
18489,0.004223,74.125.200.0-255,3602,203408,35,273458
18490,0.004226,172.31.33.0-255,66,203474,35,273458
18491,0.004232,74.125.200.0-255,5738,209212,35,273458
18492,0.004236,172.31.33.0-255,66,209278,35,273458
18493,0.004247,74.125.200.0-255,7156,216434,35,273458
18494,0.004249,172.31.33.0-255,66,216500,35,273458
18495,0.004255,74.125.200.0-255,5738,222238,35,273458
18496,0.004257,172.31.33.0-255,66,222304,35,273458
18497,0.004264,74.125.200.0-255,7156,229460,35,273458
18498,0.004267,172.31.33.0-255,66,229526,35,273458
18499,0.004308,172.31.33.0-255,66,229592,35,273458
18500,0.004336,74.125.200.0-255,5738,235330,35,273458
18501,0.004339,172.31.33.0-255,66,235396,35,273458
18502,0.004369,74.125.200.0-255,2902,238298,35,273458
18503,0.004373,172.31.33.0-255,66,238364,35,273458
18504,0.004384,172.31.33.0-255,66,238430,35,273458
18505,0.004421,172.31.33.0-255,66,238496,35,273458
18506,0.004463,172.31.33.0-255,66,238562,35,273458
18507,0.004468,74.125.200.0-255,2902,241464,35,273458
18508,0.00447,172.31.33.0-255,66,241530,35,273458
18509,0.004506,172.31.33.0-255,66,241596,35,273458
18510,0.004516,172.31.33.0-255,66,241662,35,273458
18511,0.004521,74.125.200.0-255,2902,244564,35,273458
18512,0.004523,172.31.33.0-255,66,244630,35,273458
18513,0.004566,74.125.200.0-255,6438,251068,35,273458
18514,0.004571,172.31.33.0-255,66,251134,35,273458
18515,0.004577,74.125.200.0-255,4320,255454,35,273458
18516,0.004579,172.31.33.0-255,66,255520,35,273458
18517,0.004585,74.125.200.0-255,5738,261258,35,273458
18518,0.004588,172.31.33.0-255,66,261324,35,273458
18519,0.0046,172.31.33.0-255,66,261390,35,273458
18520,0.004613,74.125.200.0-255,1484,262874,35,273458
18521,0.004645,172.31.33.0-255,66,262940,35,273458
18522,0.004673,74.125.200.0-255,3602,266542,35,273458
18523,0.004677,172.31.33.0-255,66,266608,35,273458
18524,0.004682,74.125.200.0-255,4320,270928,35,273458
18525,0.004684,172.31.33.0-255,66,270994,35,273458
18526,0.00473,172.31.33.0-255,66,271060,35,273458
18527,0.004758,74.125.200.0-255,105,271165,35,273458
18528,0.00674,172.31.33.0-255,66,271231,35,273458
18529,0.006763,172.31.33.0-255,105,271336,35,273458
18530,0.008716,74.125.200.0-255,66,271402,35,273458
18531,0.034958,172.31.33.0-255,172,271574,35,273458
18532,0.034984,172.31.33.0-255,1108,272682,35,273458
18533,0.035015,172.31.33.0-255,578,273260,35,273458
18534,0.036506,104.244.42.0-255,66,273326,35,273458
18535,0.036549,104.244.42.0-255,66,273392,35,273458
18536,0.036551,104.244.42.0-255,66,273458,35,273458
18537,0.0,172.31.33.0-255,105,105,35,276
18538,0.001778,157.240.7.0-255,105,210,35,276
18539,0.001789,172.31.33.0-255,66,276,35,276
18540,0.0,172.31.33.0-255,105,105,35,276
18541,0.001778,157.240.7.0-255,105,210,35,276
18542,0.001788,172.31.33.0-255,66,276,35,276
18543,0.0,74.125.24.0-255,153,153,35,252122
18544,2.4e-05,172.31.33.0-255,66,219,35,252122
18545,3e-05,74.125.24.0-255,1484,1703,35,252122
18546,3.3e-05,172.31.33.0-255,66,1769,35,252122
18547,3.8e-05,74.125.24.0-255,2902,4671,35,252122
18548,4e-05,172.31.33.0-255,66,4737,35,252122
18549,4.7e-05,74.125.24.0-255,7156,11893,35,252122
18550,4.9e-05,172.31.33.0-255,66,11959,35,252122
18551,6.7e-05,74.125.24.0-255,2148,14107,35,252122
18552,6.9e-05,172.31.33.0-255,66,14173,35,252122
18553,0.000442,74.125.24.0-255,1484,15657,35,252122
18554,0.000448,172.31.33.0-255,66,15723,35,252122
18555,0.000457,74.125.24.0-255,2902,18625,35,252122
18556,0.00046,172.31.33.0-255,66,18691,35,252122
18557,0.000466,74.125.24.0-255,5738,24429,35,252122
18558,0.000468,172.31.33.0-255,66,24495,35,252122
18559,0.000471,74.125.24.0-255,1484,25979,35,252122
18560,0.000473,172.31.33.0-255,66,26045,35,252122
18561,0.000496,74.125.24.0-255,5379,31424,35,252122
18562,0.0005,172.31.33.0-255,66,31490,35,252122
18563,0.000506,74.125.24.0-255,4320,35810,35,252122
18564,0.000508,172.31.33.0-255,66,35876,35,252122
18565,0.000544,172.31.33.0-255,66,35942,35,252122
18566,0.000556,172.31.33.0-255,66,36008,35,252122
18567,0.000574,74.125.24.0-255,4320,40328,35,252122
18568,0.000577,172.31.33.0-255,66,40394,35,252122
18569,0.000602,74.125.24.0-255,5632,46026,35,252122
18570,0.000605,172.31.33.0-255,66,46092,35,252122
18571,0.000815,74.125.24.0-255,1484,47576,35,252122
18572,0.000822,172.31.33.0-255,66,47642,35,252122
18573,0.000846,74.125.24.0-255,2902,50544,35,252122
18574,0.000849,172.31.33.0-255,66,50610,35,252122
18575,0.000863,74.125.24.0-255,5738,56348,35,252122
18576,0.000865,172.31.33.0-255,66,56414,35,252122
18577,0.000908,172.31.33.0-255,66,56480,35,252122
18578,0.000942,74.125.24.0-255,1484,57964,35,252122
18579,0.000958,172.31.33.0-255,66,58030,35,252122
18580,0.001408,74.125.24.0-255,1484,59514,35,252122
18581,0.001427,74.125.24.0-255,2902,62416,35,252122
18582,0.00143,172.31.33.0-255,66,62482,35,252122
18583,0.001434,74.125.24.0-255,1484,63966,35,252122
18584,0.001451,74.125.24.0-255,4320,68286,35,252122
18585,0.001454,172.31.33.0-255,66,68352,35,252122
18586,0.001467,74.125.24.0-255,4320,72672,35,252122
18587,0.001469,172.31.33.0-255,66,72738,35,252122
18588,0.001498,172.31.33.0-255,66,72804,35,252122
18589,0.0015,74.125.24.0-255,1484,74288,35,252122
18590,0.001529,172.31.33.0-255,66,74354,35,252122
18591,0.001764,74.125.24.0-255,1484,75838,35,252122
18592,0.001782,74.125.24.0-255,2902,78740,35,252122
18593,0.001785,172.31.33.0-255,66,78806,35,252122
18594,0.00179,74.125.24.0-255,4320,83126,35,252122
18595,0.001792,172.31.33.0-255,66,83192,35,252122
18596,0.001802,74.125.24.0-255,1484,84676,35,252122
18597,0.001807,74.125.24.0-255,4320,88996,35,252122
18598,0.00181,172.31.33.0-255,66,89062,35,252122
18599,0.001826,74.125.24.0-255,2902,91964,35,252122
18600,0.001828,172.31.33.0-255,66,92030,35,252122
18601,0.001869,74.125.24.0-255,1484,93514,35,252122
18602,0.001896,172.31.33.0-255,66,93580,35,252122
18603,0.001914,74.125.24.0-255,2902,96482,35,252122
18604,0.001917,172.31.33.0-255,66,96548,35,252122
18605,0.001931,74.125.24.0-255,3602,100150,35,252122
18606,0.001933,172.31.33.0-255,66,100216,35,252122
18607,0.002245,74.125.24.0-255,1484,101700,35,252122
18608,0.002257,74.125.24.0-255,2902,104602,35,252122
18609,0.00226,172.31.33.0-255,66,104668,35,252122
18610,0.002262,74.125.24.0-255,1484,106152,35,252122
18611,0.004508,74.125.24.0-255,4320,110472,35,252122
18612,0.004514,172.31.33.0-255,66,110538,35,252122
18613,0.006744,74.125.24.0-255,5738,116276,35,252122
18614,0.00675,172.31.33.0-255,66,116342,35,252122
18615,0.008988,74.125.24.0-255,5738,122080,35,252122
18616,0.008995,172.31.33.0-255,66,122146,35,252122
18617,0.011235,74.125.24.0-255,5738,127884,35,252122
18618,0.011243,172.31.33.0-255,66,127950,35,252122
18619,0.013485,74.125.24.0-255,5738,133688,35,252122
18620,0.013491,172.31.33.0-255,66,133754,35,252122
18621,0.015729,74.125.24.0-255,5738,139492,35,252122
18622,0.015737,172.31.33.0-255,66,139558,35,252122
18623,0.017953,74.125.24.0-255,5738,145296,35,252122
18624,0.017959,172.31.33.0-255,66,145362,35,252122
18625,0.020237,74.125.24.0-255,5738,151100,35,252122
18626,0.020244,172.31.33.0-255,66,151166,35,252122
18627,0.022493,74.125.24.0-255,5738,156904,35,252122
18628,0.022501,172.31.33.0-255,66,156970,35,252122
18629,0.024765,74.125.24.0-255,5738,162708,35,252122
18630,0.024771,172.31.33.0-255,66,162774,35,252122
18631,0.027018,74.125.24.0-255,5738,168512,35,252122
18632,0.027024,172.31.33.0-255,66,168578,35,252122
18633,0.027625,172.31.33.0-255,172,168750,35,252122
18634,0.02766,172.31.33.0-255,1109,169859,35,252122
18635,0.027705,172.31.33.0-255,576,170435,35,252122
18636,0.029136,104.244.42.0-255,66,170501,35,252122
18637,0.029214,104.244.42.0-255,66,170567,35,252122
18638,0.029217,104.244.42.0-255,66,170633,35,252122
18639,0.029256,74.125.24.0-255,1484,172117,35,252122
18640,0.029289,74.125.24.0-255,4320,176437,35,252122
18641,0.029294,172.31.33.0-255,66,176503,35,252122
18642,0.031544,74.125.24.0-255,5738,182241,35,252122
18643,0.031551,172.31.33.0-255,66,182307,35,252122
18644,0.033806,74.125.24.0-255,5738,188045,35,252122
18645,0.033812,172.31.33.0-255,66,188111,35,252122
18646,0.036073,74.125.24.0-255,5738,193849,35,252122
18647,0.036085,172.31.33.0-255,66,193915,35,252122
18648,0.038335,74.125.24.0-255,5738,199653,35,252122
18649,0.03835,172.31.33.0-255,66,199719,35,252122
18650,0.040649,74.125.24.0-255,5738,205457,35,252122
18651,0.04067,172.31.33.0-255,66,205523,35,252122
18652,0.042907,74.125.24.0-255,5738,211261,35,252122
18653,0.042913,172.31.33.0-255,66,211327,35,252122
18654,0.045162,74.125.24.0-255,5738,217065,35,252122
18655,0.045172,172.31.33.0-255,66,217131,35,252122
18656,0.047437,74.125.24.0-255,5738,222869,35,252122
18657,0.047458,172.31.33.0-255,66,222935,35,252122
18658,0.049724,74.125.24.0-255,5738,228673,35,252122
18659,0.049742,172.31.33.0-255,66,228739,35,252122
18660,0.052021,74.125.24.0-255,5738,234477,35,252122
18661,0.052042,172.31.33.0-255,66,234543,35,252122
18662,0.054283,74.125.24.0-255,5738,240281,35,252122
18663,0.0543,172.31.33.0-255,66,240347,35,252122
18664,0.054857,172.31.33.0-255,101,240448,35,252122
18665,0.056541,74.125.24.0-255,5738,246186,35,252122
18666,0.056556,172.31.33.0-255,66,246252,35,252122
18667,0.057058,74.125.24.0-255,66,246318,35,252122
18668,0.058799,74.125.24.0-255,5738,252056,35,252122
18669,0.058814,172.31.33.0-255,66,252122,35,252122
18670,0.0,172.31.33.0-255,105,105,35,276
18671,0.002075,157.240.7.0-255,105,210,35,276
18672,0.002086,172.31.33.0-255,66,276,35,276
18673,0.0,172.217.160.0-255,143,143,35,194511
18674,3.4e-05,172.31.33.0-255,66,209,35,194511
18675,4.1e-05,172.217.160.0-255,1484,1693,35,194511
18676,4.5e-05,172.31.33.0-255,66,1759,35,194511
18677,5e-05,172.217.160.0-255,2902,4661,35,194511
18678,5.4e-05,172.31.33.0-255,66,4727,35,194511
18679,6e-05,172.217.160.0-255,7156,11883,35,194511
18680,6.4e-05,172.31.33.0-255,66,11949,35,194511
18681,6.9e-05,172.217.160.0-255,4320,16269,35,194511
18682,7.2e-05,172.31.33.0-255,66,16335,35,194511
18683,9.6e-05,172.217.160.0-255,4925,21260,35,194511
18684,0.0001,172.31.33.0-255,66,21326,35,194511
18685,0.000104,172.217.160.0-255,1484,22810,35,194511
18686,0.000105,172.31.33.0-255,66,22876,35,194511
18687,0.000136,172.31.33.0-255,66,22942,35,194511
18688,0.000394,172.217.160.0-255,1484,24426,35,194511
18689,0.0004,172.31.33.0-255,66,24492,35,194511
18690,0.000407,172.217.160.0-255,2902,27394,35,194511
18691,0.00041,172.31.33.0-255,66,27460,35,194511
18692,0.000414,172.217.160.0-255,2902,30362,35,194511
18693,0.000416,172.31.33.0-255,66,30428,35,194511
18694,0.000433,172.217.160.0-255,2902,33330,35,194511
18695,0.000435,172.31.33.0-255,66,33396,35,194511
18696,0.000467,172.217.160.0-255,6797,40193,35,194511
18697,0.00047,172.31.33.0-255,66,40259,35,194511
18698,0.000503,172.217.160.0-255,1484,41743,35,194511
18699,0.000506,172.31.33.0-255,66,41809,35,194511
18700,0.000511,172.217.160.0-255,2902,44711,35,194511
18701,0.000513,172.31.33.0-255,66,44777,35,194511
18702,0.00054,172.217.160.0-255,5738,50515,35,194511
18703,0.000543,172.31.33.0-255,66,50581,35,194511
18704,0.000595,172.217.160.0-255,7064,57645,35,194511
18705,0.0006,172.31.33.0-255,66,57711,35,194511
18706,0.000947,172.217.160.0-255,122,57833,35,194511
18707,0.001042,172.217.160.0-255,1484,59317,35,194511
18708,0.001049,172.31.33.0-255,66,59383,35,194511
18709,0.001055,172.217.160.0-255,2902,62285,35,194511
18710,0.001058,172.31.33.0-255,66,62351,35,194511
18711,0.001064,172.217.160.0-255,4320,66671,35,194511
18712,0.001067,172.31.33.0-255,66,66737,35,194511
18713,0.001091,172.217.160.0-255,1484,68221,35,194511
18714,0.001107,172.31.33.0-255,66,68287,35,194511
18715,0.001114,172.217.160.0-255,7156,75443,35,194511
18716,0.001117,172.31.33.0-255,66,75509,35,194511
18717,0.001149,172.217.160.0-255,2543,78052,35,194511
18718,0.001152,172.31.33.0-255,66,78118,35,194511
18719,0.001512,172.217.160.0-255,1484,79602,35,194511
18720,0.001518,172.217.160.0-255,2902,82504,35,194511
18721,0.001522,172.31.33.0-255,66,82570,35,194511
18722,0.001529,172.217.160.0-255,4320,86890,35,194511
18723,0.001531,172.31.33.0-255,66,86956,35,194511
18724,0.001548,172.217.160.0-255,1484,88440,35,194511
18725,0.001551,172.217.160.0-255,1484,89924,35,194511
18726,0.001555,172.31.33.0-255,66,89990,35,194511
18727,0.001587,172.31.33.0-255,66,90056,35,194511
18728,0.001599,172.31.33.0-255,66,90122,35,194511
18729,0.001617,172.217.160.0-255,2184,92306,35,194511
18730,0.001619,172.31.33.0-255,66,92372,35,194511
18731,0.001738,172.217.160.0-255,1484,93856,35,194511
18732,0.001742,172.217.160.0-255,1484,95340,35,194511
18733,0.001745,172.31.33.0-255,66,95406,35,194511
18734,0.001757,172.217.160.0-255,1484,96890,35,194511
18735,0.001764,172.217.160.0-255,5738,102628,35,194511
18736,0.001767,172.31.33.0-255,66,102694,35,194511
18737,0.001795,172.31.33.0-255,66,102760,35,194511
18738,0.001821,172.217.160.0-255,4320,107080,35,194511
18739,0.001824,172.31.33.0-255,66,107146,35,194511
18740,0.001838,172.31.33.0-255,66,107212,35,194511
18741,0.001851,172.31.33.0-255,66,107278,35,194511
18742,0.001885,172.31.33.0-255,66,107344,35,194511
18743,0.001907,172.217.160.0-255,766,108110,35,194511
18744,0.00192,172.217.160.0-255,1484,109594,35,194511
18745,0.001924,172.31.33.0-255,66,109660,35,194511
18746,0.001933,172.217.160.0-255,2902,112562,35,194511
18747,0.001936,172.31.33.0-255,66,112628,35,194511
18748,0.001942,172.217.160.0-255,5738,118366,35,194511
18749,0.001945,172.31.33.0-255,66,118432,35,194511
18750,0.001976,172.217.160.0-255,7156,125588,35,194511
18751,0.001979,172.31.33.0-255,66,125654,35,194511
18752,0.001985,172.217.160.0-255,5738,131392,35,194511
18753,0.001988,172.31.33.0-255,66,131458,35,194511
18754,0.002007,172.31.33.0-255,66,131524,35,194511
18755,0.002042,172.217.160.0-255,2184,133708,35,194511
18756,0.002045,172.31.33.0-255,66,133774,35,194511
18757,0.002135,172.217.160.0-255,1484,135258,35,194511
18758,0.002152,172.217.160.0-255,2902,138160,35,194511
18759,0.002186,172.217.160.0-255,4320,142480,35,194511
18760,0.00219,172.31.33.0-255,66,142546,35,194511
18761,0.002194,172.31.33.0-255,66,142612,35,194511
18762,0.002201,172.217.160.0-255,1484,144096,35,194511
18763,0.002213,172.217.160.0-255,7156,151252,35,194511
18764,0.002216,172.31.33.0-255,66,151318,35,194511
18765,0.002219,172.217.160.0-255,1484,152802,35,194511
18766,0.002246,172.31.33.0-255,66,152868,35,194511
18767,0.002272,172.217.160.0-255,6438,159306,35,194511
18768,0.002275,172.31.33.0-255,66,159372,35,194511
18769,0.002282,172.217.160.0-255,7156,166528,35,194511
18770,0.002284,172.31.33.0-255,66,166594,35,194511
18771,0.002295,172.31.33.0-255,66,166660,35,194511
18772,0.002334,172.31.33.0-255,66,166726,35,194511
18773,0.002338,172.217.160.0-255,2902,169628,35,194511
18774,0.00234,172.31.33.0-255,66,169694,35,194511
18775,0.002356,172.217.160.0-255,4320,174014,35,194511
18776,0.002359,172.31.33.0-255,66,174080,35,194511
18777,0.002369,172.31.33.0-255,66,174146,35,194511
18778,0.002384,172.31.33.0-255,66,174212,35,194511
18779,0.002399,172.217.160.0-255,1484,175696,35,194511
18780,0.002401,172.217.160.0-255,766,176462,35,194511
18781,0.002403,172.31.33.0-255,66,176528,35,194511
18782,0.002409,172.217.160.0-255,4320,180848,35,194511
18783,0.002411,172.31.33.0-255,66,180914,35,194511
18784,0.002447,172.31.33.0-255,66,180980,35,194511
18785,0.002458,172.31.33.0-255,66,181046,35,194511
18786,0.002484,172.217.160.0-255,5738,186784,35,194511
18787,0.002486,172.31.33.0-255,66,186850,35,194511
18788,0.0025,172.217.160.0-255,5738,192588,35,194511
18789,0.002503,172.31.33.0-255,66,192654,35,194511
18790,0.002524,172.31.33.0-255,66,192720,35,194511
18791,0.002556,172.31.33.0-255,66,192786,35,194511
18792,0.002559,172.217.160.0-255,105,192891,35,194511
18793,0.010682,172.31.33.0-255,66,192957,35,194511
18794,0.010734,172.31.33.0-255,105,193062,35,194511
18795,0.012337,172.217.160.0-255,66,193128,35,194511
18796,0.034793,172.31.33.0-255,172,193300,35,194511
18797,0.034827,172.31.33.0-255,1079,194379,35,194511
18798,0.036337,104.244.42.0-255,66,194445,35,194511
18799,0.036357,104.244.42.0-255,66,194511,35,194511
18800,0.0,172.31.33.0-255,172,172,35,11691
18801,2.9e-05,172.31.33.0-255,1130,1302,35,11691
18802,0.000113,172.31.33.0-255,1514,2816,35,11691
18803,0.000115,172.31.33.0-255,1514,4330,35,11691
18804,0.000116,172.31.33.0-255,1514,5844,35,11691
18805,0.000117,172.31.33.0-255,1514,7358,35,11691
18806,0.000144,172.31.33.0-255,1514,8872,35,11691
18807,0.00015,172.31.33.0-255,1514,10386,35,11691
18808,0.000151,172.31.33.0-255,975,11361,35,11691
18809,0.001587,104.244.42.0-255,66,11427,35,11691
18810,0.001596,104.244.42.0-255,66,11493,35,11691
18811,0.001716,104.244.42.0-255,66,11559,35,11691
18812,0.001773,104.244.42.0-255,66,11625,35,11691
18813,0.001776,104.244.42.0-255,66,11691,35,11691
18814,0.0,74.125.130.0-255,143,143,35,205608
18815,2.4e-05,172.31.33.0-255,66,209,35,205608
18816,3.2e-05,74.125.130.0-255,1484,1693,35,205608
18817,3.7e-05,172.31.33.0-255,66,1759,35,205608
18818,5.1e-05,74.125.130.0-255,2902,4661,35,205608
18819,5.4e-05,172.31.33.0-255,66,4727,35,205608
18820,6e-05,74.125.130.0-255,5738,10465,35,205608
18821,6.3e-05,172.31.33.0-255,66,10531,35,205608
18822,6.9e-05,74.125.130.0-255,3508,14039,35,205608
18823,7.2e-05,172.31.33.0-255,66,14105,35,205608
18824,0.000103,74.125.130.0-255,4320,18425,35,205608
18825,0.000106,172.31.33.0-255,66,18491,35,205608
18826,0.000112,74.125.130.0-255,4320,22811,35,205608
18827,0.000114,172.31.33.0-255,66,22877,35,205608
18828,0.000141,74.125.130.0-255,5738,28615,35,205608
18829,0.000145,172.31.33.0-255,66,28681,35,205608
18830,0.000167,74.125.130.0-255,2543,31224,35,205608
18831,0.00017,172.31.33.0-255,66,31290,35,205608
18832,0.000607,74.125.130.0-255,1484,32774,35,205608
18833,0.000613,172.31.33.0-255,66,32840,35,205608
18834,0.00062,74.125.130.0-255,2902,35742,35,205608
18835,0.000623,172.31.33.0-255,66,35808,35,205608
18836,0.000633,74.125.130.0-255,4320,40128,35,205608
18837,0.000635,172.31.33.0-255,66,40194,35,205608
18838,0.000669,74.125.130.0-255,7156,47350,35,205608
18839,0.000672,172.31.33.0-255,66,47416,35,205608
18840,0.000702,74.125.130.0-255,2543,49959,35,205608
18841,0.000705,172.31.33.0-255,66,50025,35,205608
18842,0.000716,172.31.33.0-255,66,50091,35,205608
18843,0.000722,74.125.130.0-255,4320,54411,35,205608
18844,0.000724,172.31.33.0-255,66,54477,35,205608
18845,0.000748,74.125.130.0-255,2799,57276,35,205608
18846,0.00075,172.31.33.0-255,66,57342,35,205608
18847,0.001061,74.125.130.0-255,114,57456,35,205608
18848,0.001161,172.31.33.0-255,66,57522,35,205608
18849,0.001245,74.125.130.0-255,1484,59006,35,205608
18850,0.001252,74.125.130.0-255,2902,61908,35,205608
18851,0.001255,172.31.33.0-255,66,61974,35,205608
18852,0.001259,74.125.130.0-255,1484,63458,35,205608
18853,0.001289,74.125.130.0-255,4320,67778,35,205608
18854,0.001292,172.31.33.0-255,66,67844,35,205608
18855,0.001298,74.125.130.0-255,4320,72164,35,205608
18856,0.0013,172.31.33.0-255,66,72230,35,205608
18857,0.00131,74.125.130.0-255,5379,77609,35,205608
18858,0.001312,172.31.33.0-255,66,77675,35,205608
18859,0.00132,74.125.130.0-255,7156,84831,35,205608
18860,0.001322,172.31.33.0-255,66,84897,35,205608
18861,0.001349,74.125.130.0-255,4320,89217,35,205608
18862,0.001352,172.31.33.0-255,66,89283,35,205608
18863,0.001356,74.125.130.0-255,2543,91826,35,205608
18864,0.001358,172.31.33.0-255,66,91892,35,205608
18865,0.002699,74.125.130.0-255,1484,93376,35,205608
18866,0.002707,74.125.130.0-255,2902,96278,35,205608
18867,0.002711,172.31.33.0-255,66,96344,35,205608
18868,0.002743,74.125.130.0-255,4320,100664,35,205608
18869,0.002745,172.31.33.0-255,66,100730,35,205608
18870,0.002758,74.125.130.0-255,1484,102214,35,205608
18871,0.002773,172.31.33.0-255,66,102280,35,205608
18872,0.00278,74.125.130.0-255,7156,109436,35,205608
18873,0.002782,172.31.33.0-255,66,109502,35,205608
18874,0.002816,74.125.130.0-255,3602,113104,35,205608
18875,0.002818,172.31.33.0-255,66,113170,35,205608
18876,0.003001,74.125.130.0-255,1484,114654,35,205608
18877,0.003012,74.125.130.0-255,2902,117556,35,205608
18878,0.003014,172.31.33.0-255,66,117622,35,205608
18879,0.003042,74.125.130.0-255,5738,123360,35,205608
18880,0.003044,172.31.33.0-255,66,123426,35,205608
18881,0.003048,74.125.130.0-255,2902,126328,35,205608
18882,0.00305,172.31.33.0-255,66,126394,35,205608
18883,0.003086,172.31.33.0-255,66,126460,35,205608
18884,0.003092,74.125.130.0-255,7156,133616,35,205608
18885,0.003094,172.31.33.0-255,66,133682,35,205608
18886,0.003123,74.125.130.0-255,7156,140838,35,205608
18887,0.003126,172.31.33.0-255,66,140904,35,205608
18888,0.003162,172.31.33.0-255,66,140970,35,205608
18889,0.003179,172.31.33.0-255,66,141036,35,205608
18890,0.003183,74.125.130.0-255,2902,143938,35,205608
18891,0.003185,172.31.33.0-255,66,144004,35,205608
18892,0.00319,74.125.130.0-255,2184,146188,35,205608
18893,0.003191,172.31.33.0-255,66,146254,35,205608
18894,0.003255,74.125.130.0-255,1484,147738,35,205608
18895,0.003269,74.125.130.0-255,1484,149222,35,205608
18896,0.003271,172.31.33.0-255,66,149288,35,205608
18897,0.003293,74.125.130.0-255,1484,150772,35,205608
18898,0.003299,74.125.130.0-255,4320,155092,35,205608
18899,0.003301,172.31.33.0-255,66,155158,35,205608
18900,0.003304,74.125.130.0-255,1484,156642,35,205608
18901,0.003327,172.31.33.0-255,66,156708,35,205608
18902,0.003332,74.125.130.0-255,5738,162446,35,205608
18903,0.003335,172.31.33.0-255,66,162512,35,205608
18904,0.003339,74.125.130.0-255,4320,166832,35,205608
18905,0.003341,172.31.33.0-255,66,166898,35,205608
18906,0.003347,74.125.130.0-255,5020,171918,35,205608
18907,0.003349,172.31.33.0-255,66,171984,35,205608
18908,0.00338,74.125.130.0-255,5738,177722,35,205608
18909,0.003383,172.31.33.0-255,66,177788,35,205608
18910,0.003402,74.125.130.0-255,5738,183526,35,205608
18911,0.003404,172.31.33.0-255,66,183592,35,205608
18912,0.003421,172.31.33.0-255,66,183658,35,205608
18913,0.00345,74.125.130.0-255,2902,186560,35,205608
18914,0.003452,172.31.33.0-255,66,186626,35,205608
18915,0.003469,172.31.33.0-255,66,186692,35,205608
18916,0.003473,74.125.130.0-255,2902,189594,35,205608
18917,0.003475,172.31.33.0-255,66,189660,35,205608
18918,0.003529,172.31.33.0-255,66,189726,35,205608
18919,0.003536,74.125.130.0-255,6438,196164,35,205608
18920,0.003539,172.31.33.0-255,66,196230,35,205608
18921,0.003545,74.125.130.0-255,7156,203386,35,205608
18922,0.003548,172.31.33.0-255,66,203452,35,205608
18923,0.003564,172.31.33.0-255,66,203518,35,205608
18924,0.003567,74.125.130.0-255,1484,205002,35,205608
18925,0.003658,172.31.33.0-255,66,205068,35,205608
18926,0.003681,172.31.33.0-255,66,205134,35,205608
18927,0.003707,172.31.33.0-255,66,205200,35,205608
18928,0.003719,172.31.33.0-255,66,205266,35,205608
18929,0.003722,74.125.130.0-255,105,205371,35,205608
18930,0.01592,172.31.33.0-255,66,205437,35,205608
18931,0.015966,172.31.33.0-255,105,205542,35,205608
18932,0.01846,74.125.130.0-255,66,205608,35,205608
18933,0.0,172.217.194.0-255,143,143,35,201683
18934,2.5e-05,172.31.33.0-255,66,209,35,201683
18935,3.1e-05,172.217.194.0-255,1484,1693,35,201683
18936,3.5e-05,172.31.33.0-255,66,1759,35,201683
18937,4e-05,172.217.194.0-255,2902,4661,35,201683
18938,4.2e-05,172.31.33.0-255,66,4727,35,201683
18939,6.1e-05,172.217.194.0-255,1484,6211,35,201683
18940,6.3e-05,172.31.33.0-255,66,6277,35,201683
18941,6.7e-05,172.217.194.0-255,2902,9179,35,201683
18942,6.9e-05,172.31.33.0-255,66,9245,35,201683
18943,9.9e-05,172.217.194.0-255,2902,12147,35,201683
18944,0.000102,172.31.33.0-255,66,12213,35,201683
18945,0.000112,172.217.194.0-255,2054,14267,35,201683
18946,0.000115,172.31.33.0-255,66,14333,35,201683
18947,0.000137,172.217.194.0-255,5738,20071,35,201683
18948,0.000139,172.31.33.0-255,66,20137,35,201683
18949,0.000166,172.217.194.0-255,7156,27293,35,201683
18950,0.000168,172.31.33.0-255,66,27359,35,201683
18951,0.000195,172.217.194.0-255,1484,28843,35,201683
18952,0.000197,172.31.33.0-255,66,28909,35,201683
18953,0.000229,172.31.33.0-255,66,28975,35,201683
18954,0.000234,172.217.194.0-255,5379,34354,35,201683
18955,0.000236,172.31.33.0-255,66,34420,35,201683
18956,0.000296,172.217.194.0-255,1484,35904,35,201683
18957,0.000299,172.31.33.0-255,66,35970,35,201683
18958,0.000317,172.217.194.0-255,2902,38872,35,201683
18959,0.000319,172.31.33.0-255,66,38938,35,201683
18960,0.000323,172.217.194.0-255,1484,40422,35,201683
18961,0.000324,172.31.33.0-255,66,40488,35,201683
18962,0.000347,172.217.194.0-255,4320,44808,35,201683
18963,0.00035,172.31.33.0-255,66,44874,35,201683
18964,0.00037,172.217.194.0-255,6797,51671,35,201683
18965,0.000373,172.31.33.0-255,66,51737,35,201683
18966,0.000451,172.217.194.0-255,646,52383,35,201683
18967,0.00047,172.217.194.0-255,1484,53867,35,201683
18968,0.000472,172.31.33.0-255,66,53933,35,201683
18969,0.000478,172.217.194.0-255,4320,58253,35,201683
18970,0.000481,172.31.33.0-255,66,58319,35,201683
18971,0.000505,172.217.194.0-255,7156,65475,35,201683
18972,0.000508,172.31.33.0-255,66,65541,35,201683
18973,0.00053,172.217.194.0-255,2902,68443,35,201683
18974,0.000532,172.31.33.0-255,66,68509,35,201683
18975,0.000543,172.31.33.0-255,66,68575,35,201683
18976,0.0006,172.31.33.0-255,66,68641,35,201683
18977,0.000729,172.217.194.0-255,1484,70125,35,201683
18978,0.000743,172.217.194.0-255,2902,73027,35,201683
18979,0.000746,172.31.33.0-255,66,73093,35,201683
18980,0.00075,172.217.194.0-255,1484,74577,35,201683
18981,0.000767,172.217.194.0-255,4320,78897,35,201683
18982,0.00077,172.31.33.0-255,66,78963,35,201683
18983,0.000776,172.217.194.0-255,7156,86119,35,201683
18984,0.000779,172.31.33.0-255,66,86185,35,201683
18985,0.000794,172.217.194.0-255,1484,87669,35,201683
18986,0.000829,172.217.194.0-255,5738,93407,35,201683
18987,0.000832,172.31.33.0-255,66,93473,35,201683
18988,0.000861,172.31.33.0-255,66,93539,35,201683
18989,0.00087,172.31.33.0-255,66,93605,35,201683
18990,0.000897,172.217.194.0-255,7156,100761,35,201683
18991,0.0009,172.31.33.0-255,66,100827,35,201683
18992,0.00091,172.31.33.0-255,66,100893,35,201683
18993,0.000937,172.31.33.0-255,66,100959,35,201683
18994,0.001168,172.217.194.0-255,1484,102443,35,201683
18995,0.001174,172.217.194.0-255,2902,105345,35,201683
18996,0.001177,172.31.33.0-255,66,105411,35,201683
18997,0.001199,172.217.194.0-255,5738,111149,35,201683
18998,0.001202,172.31.33.0-255,66,111215,35,201683
18999,0.001223,172.217.194.0-255,7156,118371,35,201683
19000,0.001228,172.31.33.0-255,66,118437,35,201683
19001,0.001238,172.217.194.0-255,5738,124175,35,201683
19002,0.00124,172.217.194.0-255,1484,125659,35,201683
19003,0.001241,172.31.33.0-255,66,125725,35,201683
19004,0.001259,172.217.194.0-255,5738,131463,35,201683
19005,0.001262,172.31.33.0-255,66,131529,35,201683
19006,0.001286,172.217.194.0-255,3602,135131,35,201683
19007,0.001289,172.31.33.0-255,66,135197,35,201683
19008,0.001607,172.217.194.0-255,1484,136681,35,201683
19009,0.001621,172.217.194.0-255,2902,139583,35,201683
19010,0.001624,172.31.33.0-255,66,139649,35,201683
19011,0.001628,172.217.194.0-255,1484,141133,35,201683
19012,0.001646,172.217.194.0-255,4320,145453,35,201683
19013,0.00165,172.31.33.0-255,66,145519,35,201683
19014,0.001667,172.217.194.0-255,4320,149839,35,201683
19015,0.00167,172.31.33.0-255,66,149905,35,201683
19016,0.001702,172.31.33.0-255,66,149971,35,201683
19017,0.001713,172.31.33.0-255,66,150037,35,201683
19018,0.001727,172.217.194.0-255,1484,151521,35,201683
19019,0.001742,172.217.194.0-255,4320,155841,35,201683
19020,0.001745,172.31.33.0-255,66,155907,35,201683
19021,0.00176,172.217.194.0-255,4320,160227,35,201683
19022,0.001763,172.31.33.0-255,66,160293,35,201683
19023,0.001812,172.31.33.0-255,66,160359,35,201683
19024,0.001819,172.217.194.0-255,1484,161843,35,201683
19025,0.001831,172.31.33.0-255,66,161909,35,201683
19026,0.001878,172.31.33.0-255,66,161975,35,201683
19027,0.00191,172.31.33.0-255,66,162041,35,201683
19028,0.00196,172.217.194.0-255,1484,163525,35,201683
19029,0.001967,172.217.194.0-255,2902,166427,35,201683
19030,0.00197,172.31.33.0-255,66,166493,35,201683
19031,0.001975,172.217.194.0-255,5738,172231,35,201683
19032,0.001978,172.31.33.0-255,66,172297,35,201683
19033,0.001996,172.217.194.0-255,7156,179453,35,201683
19034,0.001998,172.31.33.0-255,66,179519,35,201683
19035,0.002029,172.217.194.0-255,5738,185257,35,201683
19036,0.002032,172.31.33.0-255,66,185323,35,201683
19037,0.002109,172.217.194.0-255,2184,187507,35,201683
19038,0.002133,172.217.194.0-255,7156,194663,35,201683
19039,0.002174,172.217.194.0-255,105,194768,35,201683
19040,0.011233,172.31.33.0-255,66,194834,35,201683
19041,0.011703,172.217.194.0-255,105,194939,35,201683
19042,0.011712,172.31.33.0-255,78,195017,35,201683
19043,0.012679,172.31.33.0-255,105,195122,35,201683
19044,0.015091,172.217.194.0-255,66,195188,35,201683
19045,0.052941,172.31.33.0-255,172,195360,35,201683
19046,0.05297,172.31.33.0-255,1108,196468,35,201683
19047,0.053027,172.31.33.0-255,1514,197982,35,201683
19048,0.053028,172.31.33.0-255,1514,199496,35,201683
19049,0.05303,172.31.33.0-255,1514,201010,35,201683
19050,0.053031,172.31.33.0-255,409,201419,35,201683
19051,0.054463,104.244.42.0-255,66,201485,35,201683
19052,0.054506,104.244.42.0-255,66,201551,35,201683
19053,0.054585,104.244.42.0-255,66,201617,35,201683
19054,0.054588,104.244.42.0-255,66,201683,35,201683
19055,0.0,172.217.194.0-255,153,153,35,184743
19056,2.1e-05,172.31.33.0-255,66,219,35,184743
19057,2.7e-05,172.217.194.0-255,1484,1703,35,184743
19058,3.1e-05,172.31.33.0-255,66,1769,35,184743
19059,3.6e-05,172.217.194.0-255,2902,4671,35,184743
19060,3.9e-05,172.31.33.0-255,66,4737,35,184743
19061,6e-05,172.217.194.0-255,5738,10475,35,184743
19062,6.3e-05,172.31.33.0-255,66,10541,35,184743
19063,7.9e-05,172.217.194.0-255,1484,12025,35,184743
19064,8.1e-05,172.31.33.0-255,66,12091,35,184743
19065,8.8e-05,172.217.194.0-255,7156,19247,35,184743
19066,9e-05,172.31.33.0-255,66,19313,35,184743
19067,0.000117,172.217.194.0-255,4927,24240,35,184743
19068,0.00012,172.31.33.0-255,66,24306,35,184743
19069,0.000126,172.217.194.0-255,6797,31103,35,184743
19070,0.000128,172.31.33.0-255,66,31169,35,184743
19071,0.000169,172.217.194.0-255,4320,35489,35,184743
19072,0.000172,172.31.33.0-255,66,35555,35,184743
19073,0.000186,172.217.194.0-255,2902,38457,35,184743
19074,0.000189,172.31.33.0-255,66,38523,35,184743
19075,0.000198,172.31.33.0-255,66,38589,35,184743
19076,0.000245,172.217.194.0-255,1484,40073,35,184743
19077,0.000249,172.31.33.0-255,66,40139,35,184743
19078,0.000275,172.31.33.0-255,66,40205,35,184743
19079,0.000284,172.31.33.0-255,66,40271,35,184743
19080,0.000527,172.217.194.0-255,1484,41755,35,184743
19081,0.000533,172.31.33.0-255,66,41821,35,184743
19082,0.000539,172.217.194.0-255,2902,44723,35,184743
19083,0.000541,172.31.33.0-255,66,44789,35,184743
19084,0.000547,172.217.194.0-255,4320,49109,35,184743
19085,0.000549,172.31.33.0-255,66,49175,35,184743
19086,0.000572,172.217.194.0-255,1484,50659,35,184743
19087,0.000587,172.31.33.0-255,66,50725,35,184743
19088,0.000626,172.31.33.0-255,66,50791,35,184743
19089,0.000841,172.217.194.0-255,1484,52275,35,184743
19090,0.000846,172.217.194.0-255,2902,55177,35,184743
19091,0.00085,172.217.194.0-255,2902,58079,35,184743
19092,0.000856,172.31.33.0-255,66,58145,35,184743
19093,0.000864,172.31.33.0-255,66,58211,35,184743
19094,0.000868,172.217.194.0-255,2902,61113,35,184743
19095,0.00087,172.31.33.0-255,66,61179,35,184743
19096,0.000905,172.31.33.0-255,66,61245,35,184743
19097,0.000944,172.217.194.0-255,4320,65565,35,184743
19098,0.000948,172.31.33.0-255,66,65631,35,184743
19099,0.00097,172.217.194.0-255,6438,72069,35,184743
19100,0.000973,172.31.33.0-255,66,72135,35,184743
19101,0.001039,172.217.194.0-255,1484,73619,35,184743
19102,0.001045,172.217.194.0-255,2902,76521,35,184743
19103,0.001049,172.31.33.0-255,66,76587,35,184743
19104,0.001074,172.217.194.0-255,5738,82325,35,184743
19105,0.001078,172.31.33.0-255,66,82391,35,184743
19106,0.00108,172.217.194.0-255,1484,83875,35,184743
19107,0.001103,172.31.33.0-255,66,83941,35,184743
19108,0.001114,172.31.33.0-255,66,84007,35,184743
19109,0.001138,172.217.194.0-255,2902,86909,35,184743
19110,0.001141,172.31.33.0-255,66,86975,35,184743
19111,0.001175,172.31.33.0-255,66,87041,35,184743
19112,0.001191,172.217.194.0-255,2184,89225,35,184743
19113,0.001193,172.31.33.0-255,66,89291,35,184743
19114,0.001203,172.31.33.0-255,66,89357,35,184743
19115,0.001258,172.217.194.0-255,1484,90841,35,184743
19116,0.001279,172.217.194.0-255,2902,93743,35,184743
19117,0.001282,172.31.33.0-255,66,93809,35,184743
19118,0.001284,172.217.194.0-255,1484,95293,35,184743
19119,0.001302,172.217.194.0-255,4320,99613,35,184743
19120,0.001304,172.31.33.0-255,66,99679,35,184743
19121,0.001316,172.217.194.0-255,4320,103999,35,184743
19122,0.001318,172.31.33.0-255,66,104065,35,184743
19123,0.001338,172.217.194.0-255,5738,109803,35,184743
19124,0.001341,172.31.33.0-255,66,109869,35,184743
19125,0.001376,172.31.33.0-255,66,109935,35,184743
19126,0.001389,172.217.194.0-255,1484,111419,35,184743
19127,0.001393,172.217.194.0-255,2184,113603,35,184743
19128,0.001395,172.31.33.0-255,66,113669,35,184743
19129,0.001438,172.217.194.0-255,1484,115153,35,184743
19130,0.00145,172.217.194.0-255,2902,118055,35,184743
19131,0.001453,172.31.33.0-255,66,118121,35,184743
19132,0.001457,172.217.194.0-255,4320,122441,35,184743
19133,0.001459,172.31.33.0-255,66,122507,35,184743
19134,0.001471,172.217.194.0-255,1484,123991,35,184743
19135,0.001476,172.217.194.0-255,4320,128311,35,184743
19136,0.001478,172.31.33.0-255,66,128377,35,184743
19137,0.001495,172.217.194.0-255,2902,131279,35,184743
19138,0.001497,172.31.33.0-255,66,131345,35,184743
19139,0.0015,172.217.194.0-255,1484,132829,35,184743
19140,0.001521,172.31.33.0-255,66,132895,35,184743
19141,0.001534,172.217.194.0-255,4320,137215,35,184743
19142,0.001536,172.31.33.0-255,66,137281,35,184743
19143,0.001539,172.217.194.0-255,2184,139465,35,184743
19144,0.001542,172.31.33.0-255,66,139531,35,184743
19145,0.001559,172.217.194.0-255,4320,143851,35,184743
19146,0.001561,172.31.33.0-255,66,143917,35,184743
19147,0.00158,172.31.33.0-255,66,143983,35,184743
19148,0.001593,172.217.194.0-255,5738,149721,35,184743
19149,0.001595,172.31.33.0-255,66,149787,35,184743
19150,0.001604,172.31.33.0-255,66,149853,35,184743
19151,0.001637,172.217.194.0-255,4320,154173,35,184743
19152,0.00164,172.31.33.0-255,66,154239,35,184743
19153,0.001672,172.31.33.0-255,66,154305,35,184743
19154,0.001674,172.217.194.0-255,1484,155789,35,184743
19155,0.001694,172.31.33.0-255,66,155855,35,184743
19156,0.001714,172.217.194.0-255,2902,158757,35,184743
19157,0.001717,172.31.33.0-255,66,158823,35,184743
19158,0.001721,172.217.194.0-255,5738,164561,35,184743
19159,0.001723,172.31.33.0-255,66,164627,35,184743
19160,0.001742,172.31.33.0-255,66,164693,35,184743
19161,0.001766,172.217.194.0-255,5738,170431,35,184743
19162,0.001768,172.31.33.0-255,66,170497,35,184743
19163,0.001793,172.217.194.0-255,1484,171981,35,184743
19164,0.001815,172.31.33.0-255,66,172047,35,184743
19165,0.001843,172.31.33.0-255,66,172113,35,184743
19166,0.001848,172.217.194.0-255,4320,176433,35,184743
19167,0.00185,172.31.33.0-255,66,176499,35,184743
19168,0.001873,172.31.33.0-255,66,176565,35,184743
19169,0.001904,172.217.194.0-255,6887,183452,35,184743
19170,0.001907,172.31.33.0-255,66,183518,35,184743
19171,0.001933,172.217.194.0-255,105,183623,35,184743
19172,0.003906,172.31.33.0-255,66,183689,35,184743
19173,0.003941,172.31.33.0-255,105,183794,35,184743
19174,0.006291,172.217.194.0-255,66,183860,35,184743
19175,0.043796,172.31.33.0-255,188,184048,35,184743
19176,0.04386,172.31.33.0-255,563,184611,35,184743
19177,0.045334,104.244.42.0-255,66,184677,35,184743
19178,0.045373,104.244.42.0-255,66,184743,35,184743
19179,0.0,172.217.194.0-255,153,153,35,202351
19180,1.5e-05,172.31.33.0-255,66,219,35,202351
19181,2.2e-05,172.217.194.0-255,1484,1703,35,202351
19182,2.6e-05,172.31.33.0-255,66,1769,35,202351
19183,3.2e-05,172.217.194.0-255,2902,4671,35,202351
19184,3.6e-05,172.31.33.0-255,66,4737,35,202351
19185,4.4e-05,172.217.194.0-255,7156,11893,35,202351
19186,4.6e-05,172.31.33.0-255,66,11959,35,202351
19187,8.5e-05,172.31.33.0-255,66,12025,35,202351
19188,8.9e-05,172.217.194.0-255,2902,14927,35,202351
19189,9e-05,172.31.33.0-255,66,14993,35,202351
19190,0.000105,172.217.194.0-255,3961,18954,35,202351
19191,0.000107,172.31.33.0-255,66,19020,35,202351
19192,0.000142,172.217.194.0-255,1484,20504,35,202351
19193,0.000144,172.31.33.0-255,66,20570,35,202351
19194,0.000157,172.217.194.0-255,2902,23472,35,202351
19195,0.000158,172.31.33.0-255,66,23538,35,202351
19196,0.000161,172.217.194.0-255,1484,25022,35,202351
19197,0.000163,172.31.33.0-255,66,25088,35,202351
19198,0.000177,172.217.194.0-255,4320,29408,35,202351
19199,0.000179,172.31.33.0-255,66,29474,35,202351
19200,0.000217,172.31.33.0-255,66,29540,35,202351
19201,0.000243,172.217.194.0-255,2902,32442,35,202351
19202,0.000245,172.31.33.0-255,66,32508,35,202351
19203,0.000265,172.31.33.0-255,66,32574,35,202351
19204,0.0003,172.217.194.0-255,119,32693,35,202351
19205,0.000303,172.31.33.0-255,66,32759,35,202351
19206,0.00034,172.217.194.0-255,380,33139,35,202351
19207,0.000342,172.31.33.0-255,66,33205,35,202351
19208,0.000657,172.217.194.0-255,1484,34689,35,202351
19209,0.000663,172.217.194.0-255,2902,37591,35,202351
19210,0.000666,172.31.33.0-255,66,37657,35,202351
19211,0.000673,172.217.194.0-255,5738,43395,35,202351
19212,0.000675,172.31.33.0-255,66,43461,35,202351
19213,0.000695,172.217.194.0-255,2902,46363,35,202351
19214,0.000697,172.31.33.0-255,66,46429,35,202351
19215,0.000718,172.31.33.0-255,66,46495,35,202351
19216,0.000723,172.217.194.0-255,4320,50815,35,202351
19217,0.000725,172.31.33.0-255,66,50881,35,202351
19218,0.000751,172.217.194.0-255,6438,57319,35,202351
19219,0.000754,172.31.33.0-255,66,57385,35,202351
19220,0.001184,172.217.194.0-255,1484,58869,35,202351
19221,0.001191,172.217.194.0-255,2902,61771,35,202351
19222,0.001194,172.31.33.0-255,66,61837,35,202351
19223,0.001201,172.217.194.0-255,5738,67575,35,202351
19224,0.001203,172.31.33.0-255,66,67641,35,202351
19225,0.001227,172.217.194.0-255,2902,70543,35,202351
19226,0.00123,172.31.33.0-255,66,70609,35,202351
19227,0.001259,172.31.33.0-255,66,70675,35,202351
19228,0.001288,172.31.33.0-255,66,70741,35,202351
19229,0.001306,172.217.194.0-255,2184,72925,35,202351
19230,0.001308,172.31.33.0-255,66,72991,35,202351
19231,0.00172,172.217.194.0-255,1484,74475,35,202351
19232,0.001729,172.217.194.0-255,2902,77377,35,202351
19233,0.001732,172.31.33.0-255,66,77443,35,202351
19234,0.001748,172.217.194.0-255,1484,78927,35,202351
19235,0.001763,172.217.194.0-255,4320,83247,35,202351
19236,0.001765,172.31.33.0-255,66,83313,35,202351
19237,0.001769,172.217.194.0-255,2902,86215,35,202351
19238,0.001771,172.31.33.0-255,66,86281,35,202351
19239,0.001793,172.31.33.0-255,66,86347,35,202351
19240,0.001814,172.31.33.0-255,66,86413,35,202351
19241,0.002521,172.217.194.0-255,1484,87897,35,202351
19242,0.002529,172.217.194.0-255,2902,90799,35,202351
19243,0.002533,172.31.33.0-255,66,90865,35,202351
19244,0.002538,172.217.194.0-255,1484,92349,35,202351
19245,0.002554,172.217.194.0-255,2902,95251,35,202351
19246,0.002556,172.31.33.0-255,66,95317,35,202351
19247,0.002561,172.217.194.0-255,2902,98219,35,202351
19248,0.002563,172.31.33.0-255,66,98285,35,202351
19249,0.002577,172.217.194.0-255,2902,101187,35,202351
19250,0.002579,172.31.33.0-255,66,101253,35,202351
19251,0.002583,172.217.194.0-255,1484,102737,35,202351
19252,0.002614,172.31.33.0-255,66,102803,35,202351
19253,0.002624,172.31.33.0-255,66,102869,35,202351
19254,0.00271,172.217.194.0-255,1484,104353,35,202351
19255,0.002724,172.217.194.0-255,2902,107255,35,202351
19256,0.002726,172.31.33.0-255,66,107321,35,202351
19257,0.002733,172.217.194.0-255,5738,113059,35,202351
19258,0.002735,172.31.33.0-255,66,113125,35,202351
19259,0.002743,172.217.194.0-255,5738,118863,35,202351
19260,0.002746,172.31.33.0-255,66,118929,35,202351
19261,0.002778,172.217.194.0-255,7156,126085,35,202351
19262,0.002781,172.31.33.0-255,66,126151,35,202351
19263,0.002792,172.31.33.0-255,66,126217,35,202351
19264,0.002796,172.217.194.0-255,2902,129119,35,202351
19265,0.002799,172.31.33.0-255,66,129185,35,202351
19266,0.002839,172.31.33.0-255,66,129251,35,202351
19267,0.002853,172.31.33.0-255,66,129317,35,202351
19268,0.0029,172.217.194.0-255,1484,130801,35,202351
19269,0.002905,172.217.194.0-255,2902,133703,35,202351
19270,0.002907,172.31.33.0-255,66,133769,35,202351
19271,0.002928,172.217.194.0-255,5738,139507,35,202351
19272,0.002931,172.31.33.0-255,66,139573,35,202351
19273,0.002965,172.217.194.0-255,4320,143893,35,202351
19274,0.002967,172.31.33.0-255,66,143959,35,202351
19275,0.003,172.31.33.0-255,66,144025,35,202351
19276,0.003008,172.217.194.0-255,7156,151181,35,202351
19277,0.003011,172.31.33.0-255,66,151247,35,202351
19278,0.003014,172.217.194.0-255,1484,152731,35,202351
19279,0.003018,172.217.194.0-255,2184,154915,35,202351
19280,0.003021,172.31.33.0-255,66,154981,35,202351
19281,0.003047,172.217.194.0-255,1484,156465,35,202351
19282,0.003051,172.217.194.0-255,2902,159367,35,202351
19283,0.003053,172.31.33.0-255,66,159433,35,202351
19284,0.003059,172.217.194.0-255,5738,165171,35,202351
19285,0.003062,172.31.33.0-255,66,165237,35,202351
19286,0.003098,172.217.194.0-255,7156,172393,35,202351
19287,0.0031,172.31.33.0-255,66,172459,35,202351
19288,0.003115,172.217.194.0-255,5738,178197,35,202351
19289,0.003118,172.31.33.0-255,66,178263,35,202351
19290,0.003129,172.31.33.0-255,66,178329,35,202351
19291,0.003133,172.217.194.0-255,2902,181231,35,202351
19292,0.003136,172.31.33.0-255,66,181297,35,202351
19293,0.003172,172.31.33.0-255,66,181363,35,202351
19294,0.003186,172.217.194.0-255,2902,184265,35,202351
19295,0.003188,172.31.33.0-255,66,184331,35,202351
19296,0.003194,172.217.194.0-255,5738,190069,35,202351
19297,0.003196,172.31.33.0-255,66,190135,35,202351
19298,0.003223,172.217.194.0-255,5020,195155,35,202351
19299,0.003225,172.31.33.0-255,66,195221,35,202351
19300,0.003237,172.31.33.0-255,66,195287,35,202351
19301,0.003242,172.217.194.0-255,4320,199607,35,202351
19302,0.003243,172.31.33.0-255,66,199673,35,202351
19303,0.003276,172.31.33.0-255,66,199739,35,202351
19304,0.003279,172.217.194.0-255,97,199836,35,202351
19305,0.00332,172.217.194.0-255,105,199941,35,202351
19306,0.01313,172.217.194.0-255,105,200046,35,202351
19307,0.01315,172.31.33.0-255,78,200124,35,202351
19308,0.014969,172.31.33.0-255,105,200229,35,202351
19309,0.017286,172.217.194.0-255,66,200295,35,202351
19310,0.048048,172.31.33.0-255,172,200467,35,202351
19311,0.04808,172.31.33.0-255,1107,201574,35,202351
19312,0.048128,172.31.33.0-255,579,202153,35,202351
19313,0.049582,104.244.42.0-255,66,202219,35,202351
19314,0.049642,104.244.42.0-255,66,202285,35,202351
19315,0.049705,104.244.42.0-255,66,202351,35,202351
19316,0.0,74.125.68.0-255,373,373,35,164002
19317,2.2e-05,172.31.33.0-255,66,439,35,164002
19318,3.7e-05,74.125.68.0-255,1484,1923,35,164002
19319,4.1e-05,172.31.33.0-255,66,1989,35,164002
19320,8.4e-05,74.125.68.0-255,1484,3473,35,164002
19321,8.6e-05,172.31.33.0-255,66,3539,35,164002
19322,0.000154,74.125.68.0-255,2902,6441,35,164002
19323,0.000158,172.31.33.0-255,66,6507,35,164002
19324,0.00031,74.125.68.0-255,2902,9409,35,164002
19325,0.000315,172.31.33.0-255,66,9475,35,164002
19326,0.000334,74.125.68.0-255,2902,12377,35,164002
19327,0.000336,172.31.33.0-255,66,12443,35,164002
19328,0.000625,74.125.68.0-255,7156,19599,35,164002
19329,0.00063,172.31.33.0-255,66,19665,35,164002
19330,0.000648,74.125.68.0-255,3242,22907,35,164002
19331,0.000652,172.31.33.0-255,66,22973,35,164002
19332,0.001177,74.125.68.0-255,4320,27293,35,164002
19333,0.001183,172.31.33.0-255,66,27359,35,164002
19334,0.0012,74.125.68.0-255,3961,31320,35,164002
19335,0.001202,172.31.33.0-255,66,31386,35,164002
19336,0.002582,74.125.68.0-255,1667,33053,35,164002
19337,0.002591,172.31.33.0-255,66,33119,35,164002
19338,0.003758,74.125.68.0-255,2902,36021,35,164002
19339,0.003784,172.31.33.0-255,66,36087,35,164002
19340,0.005148,74.125.68.0-255,2902,38989,35,164002
19341,0.005156,172.31.33.0-255,66,39055,35,164002
19342,0.006374,74.125.68.0-255,2902,41957,35,164002
19343,0.006382,172.31.33.0-255,66,42023,35,164002
19344,0.007726,74.125.68.0-255,2902,44925,35,164002
19345,0.007734,172.31.33.0-255,66,44991,35,164002
19346,0.008938,74.125.68.0-255,1301,46292,35,164002
19347,0.008943,172.31.33.0-255,66,46358,35,164002
19348,0.008962,74.125.68.0-255,1484,47842,35,164002
19349,0.008965,172.31.33.0-255,66,47908,35,164002
19350,0.01037,74.125.68.0-255,2902,50810,35,164002
19351,0.010376,172.31.33.0-255,66,50876,35,164002
19352,0.011502,74.125.68.0-255,1484,52360,35,164002
19353,0.011512,172.31.33.0-255,66,52426,35,164002
19354,0.011555,74.125.68.0-255,1484,53910,35,164002
19355,0.011559,172.31.33.0-255,66,53976,35,164002
19356,0.012934,74.125.68.0-255,2902,56878,35,164002
19357,0.01294,172.31.33.0-255,66,56944,35,164002
19358,0.014066,74.125.68.0-255,1484,58428,35,164002
19359,0.014071,172.31.33.0-255,66,58494,35,164002
19360,0.0141,74.125.68.0-255,1484,59978,35,164002
19361,0.014103,172.31.33.0-255,66,60044,35,164002
19362,0.015493,74.125.68.0-255,1484,61528,35,164002
19363,0.015499,172.31.33.0-255,66,61594,35,164002
19364,0.015521,74.125.68.0-255,1484,63078,35,164002
19365,0.015524,172.31.33.0-255,66,63144,35,164002
19366,0.016621,74.125.68.0-255,1484,64628,35,164002
19367,0.016629,172.31.33.0-255,66,64694,35,164002
19368,0.016662,74.125.68.0-255,1484,66178,35,164002
19369,0.016665,172.31.33.0-255,66,66244,35,164002
19370,0.018052,74.125.68.0-255,1484,67728,35,164002
19371,0.018058,172.31.33.0-255,66,67794,35,164002
19372,0.019193,74.125.68.0-255,2902,70696,35,164002
19373,0.019199,172.31.33.0-255,66,70762,35,164002
19374,0.019242,74.125.68.0-255,1484,72246,35,164002
19375,0.019245,172.31.33.0-255,66,72312,35,164002
19376,0.020624,74.125.68.0-255,1484,73796,35,164002
19377,0.02063,172.31.33.0-255,66,73862,35,164002
19378,0.021764,74.125.68.0-255,2902,76764,35,164002
19379,0.021769,172.31.33.0-255,66,76830,35,164002
19380,0.021821,74.125.68.0-255,1484,78314,35,164002
19381,0.023175,74.125.68.0-255,1484,79798,35,164002
19382,0.02318,172.31.33.0-255,66,79864,35,164002
19383,0.023216,172.31.33.0-255,172,80036,35,164002
19384,0.02324,172.31.33.0-255,1107,81143,35,164002
19385,0.023296,172.31.33.0-255,579,81722,35,164002
19386,0.024329,74.125.68.0-255,2902,84624,35,164002
19387,0.024334,172.31.33.0-255,66,84690,35,164002
19388,0.024759,104.244.42.0-255,66,84756,35,164002
19389,0.02478,104.244.42.0-255,66,84822,35,164002
19390,0.024839,104.244.42.0-255,66,84888,35,164002
19391,0.025736,74.125.68.0-255,2902,87790,35,164002
19392,0.025741,172.31.33.0-255,66,87856,35,164002
19393,0.026886,74.125.68.0-255,2902,90758,35,164002
19394,0.026891,172.31.33.0-255,66,90824,35,164002
19395,0.028291,74.125.68.0-255,2902,93726,35,164002
19396,0.028296,172.31.33.0-255,66,93792,35,164002
19397,0.029443,74.125.68.0-255,2902,96694,35,164002
19398,0.029447,172.31.33.0-255,66,96760,35,164002
19399,0.030855,74.125.68.0-255,2902,99662,35,164002
19400,0.030861,172.31.33.0-255,66,99728,35,164002
19401,0.032,74.125.68.0-255,2902,102630,35,164002
19402,0.032004,172.31.33.0-255,66,102696,35,164002
19403,0.033412,74.125.68.0-255,2902,105598,35,164002
19404,0.033417,172.31.33.0-255,66,105664,35,164002
19405,0.034564,74.125.68.0-255,2902,108566,35,164002
19406,0.034569,172.31.33.0-255,66,108632,35,164002
19407,0.035974,74.125.68.0-255,2902,111534,35,164002
19408,0.03598,172.31.33.0-255,66,111600,35,164002
19409,0.037112,74.125.68.0-255,2902,114502,35,164002
19410,0.037116,172.31.33.0-255,66,114568,35,164002
19411,0.038527,74.125.68.0-255,2902,117470,35,164002
19412,0.038531,172.31.33.0-255,66,117536,35,164002
19413,0.03967,74.125.68.0-255,2902,120438,35,164002
19414,0.039675,172.31.33.0-255,66,120504,35,164002
19415,0.041098,74.125.68.0-255,2902,123406,35,164002
19416,0.041102,172.31.33.0-255,66,123472,35,164002
19417,0.04223,74.125.68.0-255,2902,126374,35,164002
19418,0.042235,172.31.33.0-255,66,126440,35,164002
19419,0.043648,74.125.68.0-255,2902,129342,35,164002
19420,0.043653,172.31.33.0-255,66,129408,35,164002
19421,0.044789,74.125.68.0-255,2902,132310,35,164002
19422,0.044795,172.31.33.0-255,66,132376,35,164002
19423,0.046205,74.125.68.0-255,1484,133860,35,164002
19424,0.04621,172.31.33.0-255,66,133926,35,164002
19425,0.046237,74.125.68.0-255,1484,135410,35,164002
19426,0.04624,172.31.33.0-255,66,135476,35,164002
19427,0.047345,74.125.68.0-255,2902,138378,35,164002
19428,0.04735,172.31.33.0-255,66,138444,35,164002
19429,0.048767,74.125.68.0-255,1484,139928,35,164002
19430,0.048771,172.31.33.0-255,66,139994,35,164002
19431,0.049902,74.125.68.0-255,4320,144314,35,164002
19432,0.049906,172.31.33.0-255,66,144380,35,164002
19433,0.051319,74.125.68.0-255,1484,145864,35,164002
19434,0.051323,172.31.33.0-255,66,145930,35,164002
19435,0.052457,74.125.68.0-255,4320,150250,35,164002
19436,0.052462,172.31.33.0-255,66,150316,35,164002
19437,0.053871,74.125.68.0-255,1484,151800,35,164002
19438,0.053875,172.31.33.0-255,66,151866,35,164002
19439,0.055006,74.125.68.0-255,1484,153350,35,164002
19440,0.05501,172.31.33.0-255,66,153416,35,164002
19441,0.055033,74.125.68.0-255,2902,156318,35,164002
19442,0.055036,172.31.33.0-255,66,156384,35,164002
19443,0.056422,74.125.68.0-255,1484,157868,35,164002
19444,0.056428,172.31.33.0-255,66,157934,35,164002
19445,0.057574,74.125.68.0-255,1484,159418,35,164002
19446,0.057578,172.31.33.0-255,66,159484,35,164002
19447,0.057608,74.125.68.0-255,2902,162386,35,164002
19448,0.057611,172.31.33.0-255,66,162452,35,164002
19449,0.05898,74.125.68.0-255,1484,163936,35,164002
19450,0.058985,172.31.33.0-255,66,164002,35,164002
19451,0.0,172.31.33.0-255,105,105,35,276
19452,0.001787,157.240.7.0-255,105,210,35,276
19453,0.001797,172.31.33.0-255,66,276,35,276
19454,0.0,74.125.24.0-255,153,153,35,207236
19455,1.6e-05,172.31.33.0-255,66,219,35,207236
19456,2.2e-05,74.125.24.0-255,1484,1703,35,207236
19457,2.6e-05,172.31.33.0-255,66,1769,35,207236
19458,3.2e-05,74.125.24.0-255,2902,4671,35,207236
19459,4.1e-05,172.31.33.0-255,66,4737,35,207236
19460,7.6e-05,74.125.24.0-255,7156,11893,35,207236
19461,8e-05,172.31.33.0-255,66,11959,35,207236
19462,0.000105,74.125.24.0-255,2145,14104,35,207236
19463,0.000107,172.31.33.0-255,66,14170,35,207236
19464,0.000223,74.125.24.0-255,1484,15654,35,207236
19465,0.000227,172.31.33.0-255,66,15720,35,207236
19466,0.000246,74.125.24.0-255,2902,18622,35,207236
19467,0.000248,172.31.33.0-255,66,18688,35,207236
19468,0.000275,74.125.24.0-255,4320,23008,35,207236
19469,0.000277,172.31.33.0-255,66,23074,35,207236
19470,0.000301,74.125.24.0-255,5738,28812,35,207236
19471,0.000304,172.31.33.0-255,66,28878,35,207236
19472,0.000329,74.125.24.0-255,3961,32839,35,207236
19473,0.000332,172.31.33.0-255,66,32905,35,207236
19474,0.000337,74.125.24.0-255,4320,37225,35,207236
19475,0.000339,172.31.33.0-255,66,37291,35,207236
19476,0.000362,74.125.24.0-255,1484,38775,35,207236
19477,0.000365,172.31.33.0-255,66,38841,35,207236
19478,0.000401,172.31.33.0-255,66,38907,35,207236
19479,0.000407,74.125.24.0-255,5738,44645,35,207236
19480,0.000409,172.31.33.0-255,66,44711,35,207236
19481,0.000416,74.125.24.0-255,6438,51149,35,207236
19482,0.000418,172.31.33.0-255,66,51215,35,207236
19483,0.000442,74.125.24.0-255,365,51580,35,207236
19484,0.000445,172.31.33.0-255,66,51646,35,207236
19485,0.000679,74.125.24.0-255,130,51776,35,207236
19486,0.000932,74.125.24.0-255,1484,53260,35,207236
19487,0.000938,172.31.33.0-255,66,53326,35,207236
19488,0.000947,74.125.24.0-255,2902,56228,35,207236
19489,0.000949,172.31.33.0-255,66,56294,35,207236
19490,0.000953,74.125.24.0-255,2902,59196,35,207236
19491,0.000955,172.31.33.0-255,66,59262,35,207236
19492,0.000983,74.125.24.0-255,2902,62164,35,207236
19493,0.000989,172.31.33.0-255,66,62230,35,207236
19494,0.000995,74.125.24.0-255,5738,67968,35,207236
19495,0.000997,172.31.33.0-255,66,68034,35,207236
19496,0.001008,172.31.33.0-255,66,68100,35,207236
19497,0.001035,74.125.24.0-255,5020,73120,35,207236
19498,0.001037,172.31.33.0-255,66,73186,35,207236
19499,0.001592,74.125.24.0-255,1484,74670,35,207236
19500,0.001601,74.125.24.0-255,2902,77572,35,207236
19501,0.001605,172.31.33.0-255,66,77638,35,207236
19502,0.001612,74.125.24.0-255,5738,83376,35,207236
19503,0.001614,172.31.33.0-255,66,83442,35,207236
19504,0.001646,74.125.24.0-255,7156,90598,35,207236
19505,0.001648,172.31.33.0-255,66,90664,35,207236
19506,0.001691,172.31.33.0-255,66,90730,35,207236
19507,0.001695,74.125.24.0-255,2184,92914,35,207236
19508,0.001697,172.31.33.0-255,66,92980,35,207236
19509,0.001738,74.125.24.0-255,1484,94464,35,207236
19510,0.001753,74.125.24.0-255,2902,97366,35,207236
19511,0.001755,172.31.33.0-255,66,97432,35,207236
19512,0.001765,74.125.24.0-255,1484,98916,35,207236
19513,0.001782,74.125.24.0-255,4320,103236,35,207236
19514,0.001783,172.31.33.0-255,66,103302,35,207236
19515,0.001788,74.125.24.0-255,2902,106204,35,207236
19516,0.00179,172.31.33.0-255,66,106270,35,207236
19517,0.001804,74.125.24.0-255,1484,107754,35,207236
19518,0.001833,172.31.33.0-255,66,107820,35,207236
19519,0.001838,74.125.24.0-255,5738,113558,35,207236
19520,0.001841,172.31.33.0-255,66,113624,35,207236
19521,0.001862,74.125.24.0-255,5020,118644,35,207236
19522,0.001867,172.31.33.0-255,66,118710,35,207236
19523,0.002191,74.125.24.0-255,1484,120194,35,207236
19524,0.002199,74.125.24.0-255,2902,123096,35,207236
19525,0.002203,172.31.33.0-255,66,123162,35,207236
19526,0.002208,74.125.24.0-255,4320,127482,35,207236
19527,0.002211,172.31.33.0-255,66,127548,35,207236
19528,0.002227,74.125.24.0-255,1484,129032,35,207236
19529,0.002247,74.125.24.0-255,5738,134770,35,207236
19530,0.002249,172.31.33.0-255,66,134836,35,207236
19531,0.002267,74.125.24.0-255,7156,141992,35,207236
19532,0.002272,172.31.33.0-255,66,142058,35,207236
19533,0.002282,172.31.33.0-255,66,142124,35,207236
19534,0.002284,74.125.24.0-255,766,142890,35,207236
19535,0.003032,74.125.24.0-255,1484,144374,35,207236
19536,0.003035,172.31.33.0-255,66,144440,35,207236
19537,0.003041,74.125.24.0-255,2902,147342,35,207236
19538,0.003043,172.31.33.0-255,66,147408,35,207236
19539,0.003046,74.125.24.0-255,1484,148892,35,207236
19540,0.003079,74.125.24.0-255,4320,153212,35,207236
19541,0.003082,172.31.33.0-255,66,153278,35,207236
19542,0.003098,172.31.33.0-255,66,153344,35,207236
19543,0.003166,172.31.33.0-255,66,153410,35,207236
19544,0.003362,74.125.24.0-255,1484,154894,35,207236
19545,0.003379,74.125.24.0-255,2902,157796,35,207236
19546,0.003382,172.31.33.0-255,66,157862,35,207236
19547,0.003388,74.125.24.0-255,4320,162182,35,207236
19548,0.00339,172.31.33.0-255,66,162248,35,207236
19549,0.003426,74.125.24.0-255,1484,163732,35,207236
19550,0.003445,172.31.33.0-255,66,163798,35,207236
19551,0.003455,172.31.33.0-255,66,163864,35,207236
19552,0.003463,74.125.24.0-255,2184,166048,35,207236
19553,0.003466,172.31.33.0-255,66,166114,35,207236
19554,0.003572,74.125.24.0-255,1484,167598,35,207236
19555,0.003578,74.125.24.0-255,2902,170500,35,207236
19556,0.003581,172.31.33.0-255,66,170566,35,207236
19557,0.003588,74.125.24.0-255,5738,176304,35,207236
19558,0.00359,172.31.33.0-255,66,176370,35,207236
19559,0.003615,74.125.24.0-255,4320,180690,35,207236
19560,0.003618,172.31.33.0-255,66,180756,35,207236
19561,0.003642,172.31.33.0-255,66,180822,35,207236
19562,0.003647,74.125.24.0-255,4320,185142,35,207236
19563,0.00365,172.31.33.0-255,66,185208,35,207236
19564,0.003683,74.125.24.0-255,6438,191646,35,207236
19565,0.003686,172.31.33.0-255,66,191712,35,207236
19566,0.003703,172.31.33.0-255,66,191778,35,207236
19567,0.003714,172.31.33.0-255,66,191844,35,207236
19568,0.003753,172.31.33.0-255,66,191910,35,207236
19569,0.003948,74.125.24.0-255,1484,193394,35,207236
19570,0.003954,74.125.24.0-255,2902,196296,35,207236
19571,0.003957,74.125.24.0-255,1484,197780,35,207236
19572,0.003963,172.31.33.0-255,66,197846,35,207236
19573,0.003987,74.125.24.0-255,4320,202166,35,207236
19574,0.003992,172.31.33.0-255,66,202232,35,207236
19575,0.004003,172.31.33.0-255,66,202298,35,207236
19576,0.004036,74.125.24.0-255,4320,206618,35,207236
19577,0.004039,172.31.33.0-255,66,206684,35,207236
19578,0.004102,172.31.33.0-255,66,206750,35,207236
19579,0.004117,172.31.33.0-255,66,206816,35,207236
19580,0.004147,74.125.24.0-255,105,206921,35,207236
19581,0.00415,172.31.33.0-255,78,206999,35,207236
19582,0.004269,172.31.33.0-255,66,207065,35,207236
19583,0.016663,172.31.33.0-255,105,207170,35,207236
19584,0.019178,74.125.24.0-255,66,207236,35,207236
19585,0.0,172.217.194.0-255,153,153,35,142460
19586,3.3e-05,172.31.33.0-255,66,219,35,142460
19587,3.9e-05,172.217.194.0-255,1484,1703,35,142460
19588,4.3e-05,172.31.33.0-255,66,1769,35,142460
19589,4.8e-05,172.217.194.0-255,2902,4671,35,142460
19590,5.1e-05,172.31.33.0-255,66,4737,35,142460
19591,5.8e-05,172.217.194.0-255,7156,11893,35,142460
19592,6e-05,172.31.33.0-255,66,11959,35,142460
19593,6.4e-05,172.217.194.0-255,2013,13972,35,142460
19594,6.6e-05,172.31.33.0-255,66,14038,35,142460
19595,0.000137,172.217.194.0-255,1484,15522,35,142460
19596,0.00014,172.31.33.0-255,66,15588,35,142460
19597,0.000145,172.217.194.0-255,2902,18490,35,142460
19598,0.000147,172.31.33.0-255,66,18556,35,142460
19599,0.00016,172.217.194.0-255,2902,21458,35,142460
19600,0.000162,172.31.33.0-255,66,21524,35,142460
19601,0.000181,172.217.194.0-255,2902,24426,35,142460
19602,0.000184,172.31.33.0-255,66,24492,35,142460
19603,0.000186,172.217.194.0-255,1484,25976,35,142460
19604,0.000188,172.31.33.0-255,66,26042,35,142460
19605,0.000192,172.217.194.0-255,1484,27526,35,142460
19606,0.000194,172.31.33.0-255,66,27592,35,142460
19607,0.000218,172.31.33.0-255,66,27658,35,142460
19608,0.000223,172.217.194.0-255,4320,31978,35,142460
19609,0.000225,172.31.33.0-255,66,32044,35,142460
19610,0.000251,172.31.33.0-255,66,32110,35,142460
19611,0.000261,172.217.194.0-255,1484,33594,35,142460
19612,0.000263,172.31.33.0-255,66,33660,35,142460
19613,0.000288,172.31.33.0-255,66,33726,35,142460
19614,0.000304,172.217.194.0-255,98,33824,35,142460
19615,0.000306,172.217.194.0-255,364,34188,35,142460
19616,0.000526,172.217.194.0-255,1484,35672,35,142460
19617,0.00053,172.31.33.0-255,66,35738,35,142460
19618,0.000536,172.217.194.0-255,2902,38640,35,142460
19619,0.000538,172.31.33.0-255,66,38706,35,142460
19620,0.00054,172.217.194.0-255,1484,40190,35,142460
19621,0.00056,172.217.194.0-255,4320,44510,35,142460
19622,0.000562,172.31.33.0-255,66,44576,35,142460
19623,0.000565,172.217.194.0-255,1484,46060,35,142460
19624,0.000581,172.217.194.0-255,7156,53216,35,142460
19625,0.000584,172.31.33.0-255,66,53282,35,142460
19626,0.000613,172.217.194.0-255,2902,56184,35,142460
19627,0.000616,172.31.33.0-255,66,56250,35,142460
19628,0.000627,172.31.33.0-255,66,56316,35,142460
19629,0.000971,172.217.194.0-255,1484,57800,35,142460
19630,0.000986,172.217.194.0-255,2902,60702,35,142460
19631,0.000989,172.31.33.0-255,66,60768,35,142460
19632,0.001015,172.217.194.0-255,4320,65088,35,142460
19633,0.001018,172.31.33.0-255,66,65154,35,142460
19634,0.001033,172.217.194.0-255,1484,66638,35,142460
19635,0.001044,172.31.33.0-255,66,66704,35,142460
19636,0.001064,172.217.194.0-255,2902,69606,35,142460
19637,0.001066,172.31.33.0-255,66,69672,35,142460
19638,0.001077,172.31.33.0-255,66,69738,35,142460
19639,0.001166,172.217.194.0-255,1484,71222,35,142460
19640,0.001171,172.217.194.0-255,2902,74124,35,142460
19641,0.001173,172.31.33.0-255,66,74190,35,142460
19642,0.001187,172.217.194.0-255,1484,75674,35,142460
19643,0.001199,172.217.194.0-255,4320,79994,35,142460
19644,0.001202,172.31.33.0-255,66,80060,35,142460
19645,0.001205,172.217.194.0-255,1484,81544,35,142460
19646,0.001235,172.31.33.0-255,66,81610,35,142460
19647,0.001245,172.31.33.0-255,66,81676,35,142460
19648,0.001256,172.217.194.0-255,2184,83860,35,142460
19649,0.001259,172.31.33.0-255,66,83926,35,142460
19650,0.001328,172.217.194.0-255,1484,85410,35,142460
19651,0.001331,172.217.194.0-255,1484,86894,35,142460
19652,0.001334,172.31.33.0-255,66,86960,35,142460
19653,0.001344,172.217.194.0-255,1484,88444,35,142460
19654,0.001349,172.217.194.0-255,5738,94182,35,142460
19655,0.001352,172.31.33.0-255,66,94248,35,142460
19656,0.001357,172.217.194.0-255,5738,99986,35,142460
19657,0.001359,172.31.33.0-255,66,100052,35,142460
19658,0.001381,172.217.194.0-255,4320,104372,35,142460
19659,0.001383,172.31.33.0-255,66,104438,35,142460
19660,0.001394,172.31.33.0-255,66,104504,35,142460
19661,0.001419,172.31.33.0-255,66,104570,35,142460
19662,0.001429,172.31.33.0-255,66,104636,35,142460
19663,0.001454,172.217.194.0-255,4320,108956,35,142460
19664,0.001457,172.31.33.0-255,66,109022,35,142460
19665,0.00147,172.31.33.0-255,66,109088,35,142460
19666,0.001515,172.217.194.0-255,1484,110572,35,142460
19667,0.001529,172.217.194.0-255,2902,113474,35,142460
19668,0.001532,172.31.33.0-255,66,113540,35,142460
19669,0.001535,172.217.194.0-255,1484,115024,35,142460
19670,0.001553,172.217.194.0-255,4320,119344,35,142460
19671,0.001555,172.31.33.0-255,66,119410,35,142460
19672,0.001559,172.217.194.0-255,2902,122312,35,142460
19673,0.001561,172.31.33.0-255,66,122378,35,142460
19674,0.001594,172.31.33.0-255,66,122444,35,142460
19675,0.001598,172.217.194.0-255,2902,125346,35,142460
19676,0.0016,172.31.33.0-255,66,125412,35,142460
19677,0.001627,172.31.33.0-255,66,125478,35,142460
19678,0.001645,172.217.194.0-255,1484,126962,35,142460
19679,0.001667,172.31.33.0-255,66,127028,35,142460
19680,0.001676,172.31.33.0-255,66,127094,35,142460
19681,0.001689,172.217.194.0-255,2902,129996,35,142460
19682,0.001693,172.31.33.0-255,66,130062,35,142460
19683,0.001747,172.31.33.0-255,66,130128,35,142460
19684,0.001765,172.217.194.0-255,2184,132312,35,142460
19685,0.001767,172.31.33.0-255,66,132378,35,142460
19686,0.001778,172.31.33.0-255,66,132444,35,142460
19687,0.001808,172.217.194.0-255,5738,138182,35,142460
19688,0.001811,172.31.33.0-255,66,138248,35,142460
19689,0.001824,172.31.33.0-255,66,138314,35,142460
19690,0.001839,172.31.33.0-255,66,138380,35,142460
19691,0.00187,172.31.33.0-255,66,138446,35,142460
19692,0.001883,172.31.33.0-255,66,138512,35,142460
19693,0.001885,172.217.194.0-255,1484,139996,35,142460
19694,0.001921,172.31.33.0-255,66,140062,35,142460
19695,0.001923,172.217.194.0-255,105,140167,35,142460
19696,0.002948,172.31.33.0-255,66,140233,35,142460
19697,0.002971,172.31.33.0-255,105,140338,35,142460
19698,0.004997,172.217.194.0-255,66,140404,35,142460
19699,0.031244,172.31.33.0-255,172,140576,35,142460
19700,0.031272,172.31.33.0-255,1108,141684,35,142460
19701,0.031307,172.31.33.0-255,578,142262,35,142460
19702,0.032776,104.244.42.0-255,66,142328,35,142460
19703,0.032828,104.244.42.0-255,66,142394,35,142460
19704,0.032878,104.244.42.0-255,66,142460,35,142460
19705,0.0,74.125.200.0-255,153,153,35,229394
19706,2e-05,172.31.33.0-255,66,219,35,229394
19707,5.8e-05,74.125.200.0-255,1484,1703,35,229394
19708,6.3e-05,172.31.33.0-255,66,1769,35,229394
19709,6.9e-05,74.125.200.0-255,2902,4671,35,229394
19710,7.3e-05,74.125.200.0-255,4320,8991,35,229394
19711,7.4e-05,172.31.33.0-255,66,9057,35,229394
19712,7.7e-05,172.31.33.0-255,66,9123,35,229394
19713,8.3e-05,74.125.200.0-255,4962,14085,35,229394
19714,8.6e-05,172.31.33.0-255,66,14151,35,229394
19715,0.000128,74.125.200.0-255,1484,15635,35,229394
19716,0.000131,172.31.33.0-255,66,15701,35,229394
19717,0.000135,74.125.200.0-255,1484,17185,35,229394
19718,0.000136,172.31.33.0-255,66,17251,35,229394
19719,0.000155,74.125.200.0-255,1484,18735,35,229394
19720,0.000157,172.31.33.0-255,66,18801,35,229394
19721,0.000166,74.125.200.0-255,5738,24539,35,229394
19722,0.000168,172.31.33.0-255,66,24605,35,229394
19723,0.000177,74.125.200.0-255,1484,26089,35,229394
19724,0.000179,172.31.33.0-255,66,26155,35,229394
19725,0.000184,74.125.200.0-255,2902,29057,35,229394
19726,0.000186,172.31.33.0-255,66,29123,35,229394
19727,0.000211,74.125.200.0-255,2543,31666,35,229394
19728,0.000213,172.31.33.0-255,66,31732,35,229394
19729,0.000262,74.125.200.0-255,2902,34634,35,229394
19730,0.000265,172.31.33.0-255,66,34700,35,229394
19731,0.000271,74.125.200.0-255,4320,39020,35,229394
19732,0.000273,172.31.33.0-255,66,39086,35,229394
19733,0.000331,172.31.33.0-255,66,39152,35,229394
19734,0.000334,74.125.200.0-255,1125,40277,35,229394
19735,0.000337,172.31.33.0-255,66,40343,35,229394
19736,0.001503,74.125.200.0-255,1484,41827,35,229394
19737,0.001512,74.125.200.0-255,2902,44729,35,229394
19738,0.001515,172.31.33.0-255,66,44795,35,229394
19739,0.001542,74.125.200.0-255,4320,49115,35,229394
19740,0.001544,172.31.33.0-255,66,49181,35,229394
19741,0.001546,74.125.200.0-255,1484,50665,35,229394
19742,0.001567,74.125.200.0-255,4320,54985,35,229394
19743,0.001568,172.31.33.0-255,66,55051,35,229394
19744,0.001587,74.125.200.0-255,2543,57594,35,229394
19745,0.001589,172.31.33.0-255,66,57660,35,229394
19746,0.001623,74.125.200.0-255,1484,59144,35,229394
19747,0.001636,74.125.200.0-255,1484,60628,35,229394
19748,0.001638,172.31.33.0-255,66,60694,35,229394
19749,0.00164,74.125.200.0-255,1484,62178,35,229394
19750,0.001664,74.125.200.0-255,5738,67916,35,229394
19751,0.001665,172.31.33.0-255,66,67982,35,229394
19752,0.001693,74.125.200.0-255,2902,70884,35,229394
19753,0.001695,172.31.33.0-255,66,70950,35,229394
19754,0.00172,74.125.200.0-255,4541,75491,35,229394
19755,0.001722,172.31.33.0-255,66,75557,35,229394
19756,0.001747,74.125.200.0-255,5738,81295,35,229394
19757,0.001748,172.31.33.0-255,66,81361,35,229394
19758,0.00177,74.125.200.0-255,7156,88517,35,229394
19759,0.001772,172.31.33.0-255,66,88583,35,229394
19760,0.001786,74.125.200.0-255,1484,90067,35,229394
19761,0.001799,74.125.200.0-255,2543,92610,35,229394
19762,0.001801,172.31.33.0-255,66,92676,35,229394
19763,0.004268,74.125.200.0-255,1484,94160,35,229394
19764,0.004293,74.125.200.0-255,2902,97062,35,229394
19765,0.004295,172.31.33.0-255,66,97128,35,229394
19766,0.004305,74.125.200.0-255,1484,98612,35,229394
19767,0.006802,74.125.200.0-255,4320,102932,35,229394
19768,0.006808,172.31.33.0-255,66,102998,35,229394
19769,0.009429,74.125.200.0-255,5738,108736,35,229394
19770,0.009435,172.31.33.0-255,66,108802,35,229394
19771,0.011953,74.125.200.0-255,5738,114540,35,229394
19772,0.01196,172.31.33.0-255,66,114606,35,229394
19773,0.014466,74.125.200.0-255,5738,120344,35,229394
19774,0.014473,172.31.33.0-255,66,120410,35,229394
19775,0.01698,74.125.200.0-255,5738,126148,35,229394
19776,0.016988,172.31.33.0-255,66,126214,35,229394
19777,0.019503,74.125.200.0-255,5738,131952,35,229394
19778,0.01951,172.31.33.0-255,66,132018,35,229394
19779,0.020195,172.31.33.0-255,188,132206,35,229394
19780,0.020228,172.31.33.0-255,952,133158,35,229394
19781,0.020294,172.31.33.0-255,1514,134672,35,229394
19782,0.020295,172.31.33.0-255,1514,136186,35,229394
19783,0.020296,172.31.33.0-255,1514,137700,35,229394
19784,0.020297,172.31.33.0-255,1514,139214,35,229394
19785,0.020326,172.31.33.0-255,1514,140728,35,229394
19786,0.020328,172.31.33.0-255,1168,141896,35,229394
19787,0.021775,104.244.42.0-255,66,141962,35,229394
19788,0.021819,104.244.42.0-255,66,142028,35,229394
19789,0.021892,104.244.42.0-255,66,142094,35,229394
19790,0.021896,104.244.42.0-255,66,142160,35,229394
19791,0.022021,74.125.200.0-255,5738,147898,35,229394
19792,0.022027,172.31.33.0-255,66,147964,35,229394
19793,0.024528,74.125.200.0-255,5738,153702,35,229394
19794,0.024534,172.31.33.0-255,66,153768,35,229394
19795,0.02706,74.125.200.0-255,5738,159506,35,229394
19796,0.027073,172.31.33.0-255,66,159572,35,229394
19797,0.029575,74.125.200.0-255,5738,165310,35,229394
19798,0.029582,172.31.33.0-255,66,165376,35,229394
19799,0.032089,74.125.200.0-255,5738,171114,35,229394
19800,0.032098,172.31.33.0-255,66,171180,35,229394
19801,0.034621,74.125.200.0-255,5738,176918,35,229394
19802,0.034633,172.31.33.0-255,66,176984,35,229394
19803,0.037141,74.125.200.0-255,5738,182722,35,229394
19804,0.037147,172.31.33.0-255,66,182788,35,229394
19805,0.039806,74.125.200.0-255,5738,188526,35,229394
19806,0.039814,172.31.33.0-255,66,188592,35,229394
19807,0.041535,172.31.33.0-255,108,188700,35,229394
19808,0.042331,74.125.200.0-255,5738,194438,35,229394
19809,0.042337,172.31.33.0-255,66,194504,35,229394
19810,0.043064,104.244.42.0-255,66,194570,35,229394
19811,0.044846,74.125.200.0-255,5738,200308,35,229394
19812,0.044853,172.31.33.0-255,66,200374,35,229394
19813,0.0474,74.125.200.0-255,5738,206112,35,229394
19814,0.047409,172.31.33.0-255,66,206178,35,229394
19815,0.049919,74.125.200.0-255,5738,211916,35,229394
19816,0.049926,172.31.33.0-255,66,211982,35,229394
19817,0.052437,74.125.200.0-255,5738,217720,35,229394
19818,0.052445,172.31.33.0-255,66,217786,35,229394
19819,0.054983,74.125.200.0-255,5738,223524,35,229394
19820,0.054988,172.31.33.0-255,66,223590,35,229394
19821,0.0575,74.125.200.0-255,5738,229328,35,229394
19822,0.057505,172.31.33.0-255,66,229394,35,229394
19823,0.0,172.217.194.0-255,146,146,35,211255
19824,2.4e-05,172.31.33.0-255,66,212,35,211255
19825,3e-05,172.217.194.0-255,1484,1696,35,211255
19826,3.4e-05,172.31.33.0-255,66,1762,35,211255
19827,4.4e-05,172.217.194.0-255,2902,4664,35,211255
19828,4.7e-05,172.31.33.0-255,66,4730,35,211255
19829,5.5e-05,172.217.194.0-255,7156,11886,35,211255
19830,5.7e-05,172.31.33.0-255,66,11952,35,211255
19831,6.1e-05,172.217.194.0-255,2020,13972,35,211255
19832,6.4e-05,172.31.33.0-255,66,14038,35,211255
19833,0.000145,172.217.194.0-255,1484,15522,35,211255
19834,0.000149,172.31.33.0-255,66,15588,35,211255
19835,0.000154,172.217.194.0-255,2902,18490,35,211255
19836,0.000157,172.31.33.0-255,66,18556,35,211255
19837,0.000163,172.217.194.0-255,5738,24294,35,211255
19838,0.000174,172.31.33.0-255,66,24360,35,211255
19839,0.000218,172.217.194.0-255,6797,31157,35,211255
19840,0.000221,172.31.33.0-255,66,31223,35,211255
19841,0.000627,172.217.194.0-255,1484,32707,35,211255
19842,0.000632,172.31.33.0-255,66,32773,35,211255
19843,0.000641,172.217.194.0-255,2902,35675,35,211255
19844,0.000643,172.31.33.0-255,66,35741,35,211255
19845,0.000655,172.217.194.0-255,5738,41479,35,211255
19846,0.000658,172.31.33.0-255,66,41545,35,211255
19847,0.00069,172.31.33.0-255,66,41611,35,211255
19848,0.00073,172.31.33.0-255,66,41677,35,211255
19849,0.000756,172.217.194.0-255,5379,47056,35,211255
19850,0.000759,172.31.33.0-255,66,47122,35,211255
19851,0.000833,172.217.194.0-255,364,47486,35,211255
19852,0.000837,172.31.33.0-255,66,47552,35,211255
19853,0.000864,172.217.194.0-255,380,47932,35,211255
19854,0.001093,172.31.33.0-255,66,47998,35,211255
19855,0.001151,172.217.194.0-255,1484,49482,35,211255
19856,0.001156,172.217.194.0-255,2902,52384,35,211255
19857,0.001158,172.31.33.0-255,66,52450,35,211255
19858,0.001182,172.217.194.0-255,5738,58188,35,211255
19859,0.001184,172.31.33.0-255,66,58254,35,211255
19860,0.001189,172.217.194.0-255,4320,62574,35,211255
19861,0.00119,172.31.33.0-255,66,62640,35,211255
19862,0.001225,172.31.33.0-255,66,62706,35,211255
19863,0.001232,172.217.194.0-255,7156,69862,35,211255
19864,0.001233,172.31.33.0-255,66,69928,35,211255
19865,0.001251,172.217.194.0-255,2902,72830,35,211255
19866,0.001253,172.31.33.0-255,66,72896,35,211255
19867,0.001258,172.217.194.0-255,766,73662,35,211255
19868,0.001455,172.31.33.0-255,66,73728,35,211255
19869,0.001516,172.217.194.0-255,1484,75212,35,211255
19870,0.001531,172.217.194.0-255,2902,78114,35,211255
19871,0.001533,172.31.33.0-255,66,78180,35,211255
19872,0.001539,172.217.194.0-255,5738,83918,35,211255
19873,0.00154,172.31.33.0-255,66,83984,35,211255
19874,0.001575,172.31.33.0-255,66,84050,35,211255
19875,0.001578,172.217.194.0-255,1484,85534,35,211255
19876,0.001602,172.31.33.0-255,66,85600,35,211255
19877,0.001974,172.217.194.0-255,1484,87084,35,211255
19878,0.001993,172.217.194.0-255,2902,89986,35,211255
19879,0.001995,172.31.33.0-255,66,90052,35,211255
19880,0.002002,172.217.194.0-255,5738,95790,35,211255
19881,0.002003,172.31.33.0-255,66,95856,35,211255
19882,0.002039,172.31.33.0-255,66,95922,35,211255
19883,0.002067,172.217.194.0-255,1484,97406,35,211255
19884,0.002073,172.217.194.0-255,5738,103144,35,211255
19885,0.002075,172.31.33.0-255,66,103210,35,211255
19886,0.002101,172.217.194.0-255,5020,108230,35,211255
19887,0.002103,172.31.33.0-255,66,108296,35,211255
19888,0.002139,172.217.194.0-255,1484,109780,35,211255
19889,0.002153,172.217.194.0-255,2902,112682,35,211255
19890,0.002155,172.31.33.0-255,66,112748,35,211255
19891,0.002158,172.217.194.0-255,1484,114232,35,211255
19892,0.002188,172.217.194.0-255,4320,118552,35,211255
19893,0.00219,172.31.33.0-255,66,118618,35,211255
19894,0.002196,172.217.194.0-255,5738,124356,35,211255
19895,0.002197,172.31.33.0-255,66,124422,35,211255
19896,0.002222,172.217.194.0-255,7156,131578,35,211255
19897,0.002224,172.31.33.0-255,66,131644,35,211255
19898,0.002264,172.31.33.0-255,66,131710,35,211255
19899,0.00229,172.217.194.0-255,2184,133894,35,211255
19900,0.002292,172.31.33.0-255,66,133960,35,211255
19901,0.002304,172.31.33.0-255,66,134026,35,211255
19902,0.00231,172.217.194.0-255,7156,141182,35,211255
19903,0.002312,172.31.33.0-255,66,141248,35,211255
19904,0.002346,172.217.194.0-255,7156,148404,35,211255
19905,0.002349,172.31.33.0-255,66,148470,35,211255
19906,0.002429,172.31.33.0-255,66,148536,35,211255
19907,0.002455,172.217.194.0-255,5020,153556,35,211255
19908,0.002458,172.31.33.0-255,66,153622,35,211255
19909,0.002463,172.217.194.0-255,4320,157942,35,211255
19910,0.002465,172.31.33.0-255,66,158008,35,211255
19911,0.002468,172.217.194.0-255,1484,159492,35,211255
19912,0.002469,172.31.33.0-255,78,159570,35,211255
19913,0.002472,172.217.194.0-255,1484,161054,35,211255
19914,0.002475,172.31.33.0-255,66,161120,35,211255
19915,0.002478,172.217.194.0-255,2184,163304,35,211255
19916,0.002481,172.31.33.0-255,66,163370,35,211255
19917,0.002629,172.217.194.0-255,1484,164854,35,211255
19918,0.002635,172.217.194.0-255,2902,167756,35,211255
19919,0.002638,172.31.33.0-255,66,167822,35,211255
19920,0.002641,172.217.194.0-255,1484,169306,35,211255
19921,0.002667,172.217.194.0-255,4320,173626,35,211255
19922,0.00267,172.31.33.0-255,66,173692,35,211255
19923,0.002682,172.31.33.0-255,66,173758,35,211255
19924,0.002717,172.31.33.0-255,66,173824,35,211255
19925,0.002773,172.217.194.0-255,1484,175308,35,211255
19926,0.002777,172.217.194.0-255,1484,176792,35,211255
19927,0.002779,172.31.33.0-255,66,176858,35,211255
19928,0.002803,172.217.194.0-255,1484,178342,35,211255
19929,0.002808,172.217.194.0-255,5738,184080,35,211255
19930,0.00281,172.31.33.0-255,66,184146,35,211255
19931,0.002816,172.217.194.0-255,7156,191302,35,211255
19932,0.002818,172.31.33.0-255,66,191368,35,211255
19933,0.002845,172.31.33.0-255,66,191434,35,211255
19934,0.002852,172.217.194.0-255,2184,193618,35,211255
19935,0.002854,172.31.33.0-255,66,193684,35,211255
19936,0.00291,172.217.194.0-255,5738,199422,35,211255
19937,0.002914,172.31.33.0-255,66,199488,35,211255
19938,0.002945,172.31.33.0-255,66,199554,35,211255
19939,0.002956,172.31.33.0-255,66,199620,35,211255
19940,0.00297,172.31.33.0-255,66,199686,35,211255
19941,0.002998,172.217.194.0-255,1484,201170,35,211255
19942,0.003011,172.31.33.0-255,66,201236,35,211255
19943,0.003033,172.217.194.0-255,2902,204138,35,211255
19944,0.003035,172.31.33.0-255,66,204204,35,211255
19945,0.003058,172.217.194.0-255,3742,207946,35,211255
19946,0.003061,172.31.33.0-255,66,208012,35,211255
19947,0.003081,172.217.194.0-255,105,208117,35,211255
19948,0.004385,172.31.33.0-255,66,208183,35,211255
19949,0.00442,172.31.33.0-255,105,208288,35,211255
19950,0.006708,172.217.194.0-255,66,208354,35,211255
19951,0.033988,172.31.33.0-255,172,208526,35,211255
19952,0.034143,172.31.33.0-255,1107,209633,35,211255
19953,0.034226,172.31.33.0-255,1424,211057,35,211255
19954,0.035545,104.244.42.0-255,66,211123,35,211255
19955,0.035696,104.244.42.0-255,66,211189,35,211255
19956,0.035836,104.244.42.0-255,66,211255,35,211255
19957,0.0,74.125.200.0-255,153,153,35,289533
19958,3.2e-05,172.31.33.0-255,66,219,35,289533
19959,3.9e-05,74.125.200.0-255,1484,1703,35,289533
19960,4.4e-05,172.31.33.0-255,66,1769,35,289533
19961,5e-05,74.125.200.0-255,2902,4671,35,289533
19962,5.3e-05,172.31.33.0-255,66,4737,35,289533
19963,7.6e-05,74.125.200.0-255,7156,11893,35,289533
19964,7.9e-05,172.31.33.0-255,66,11959,35,289533
19965,0.000113,74.125.200.0-255,1987,13946,35,289533
19966,0.000116,172.31.33.0-255,66,14012,35,289533
19967,0.000135,74.125.200.0-255,2902,16914,35,289533
19968,0.00014,172.31.33.0-255,66,16980,35,289533
19969,0.00016,74.125.200.0-255,5738,22718,35,289533
19970,0.000163,172.31.33.0-255,66,22784,35,289533
19971,0.000184,74.125.200.0-255,1484,24268,35,289533
19972,0.000186,172.31.33.0-255,66,24334,35,289533
19973,0.000193,74.125.200.0-255,5738,30072,35,289533
19974,0.000195,172.31.33.0-255,66,30138,35,289533
19975,0.000208,74.125.200.0-255,1125,31263,35,289533
19976,0.00021,172.31.33.0-255,66,31329,35,289533
19977,0.000533,74.125.200.0-255,1484,32813,35,289533
19978,0.000538,172.31.33.0-255,66,32879,35,289533
19979,0.000544,74.125.200.0-255,1484,34363,35,289533
19980,0.000546,172.31.33.0-255,66,34429,35,289533
19981,0.000553,74.125.200.0-255,2902,37331,35,289533
19982,0.000555,172.31.33.0-255,66,37397,35,289533
19983,0.000582,74.125.200.0-255,4320,41717,35,289533
19984,0.000585,172.31.33.0-255,66,41783,35,289533
19985,0.000596,74.125.200.0-255,1484,43267,35,289533
19986,0.000598,172.31.33.0-255,66,43333,35,289533
19987,0.000604,74.125.200.0-255,2902,46235,35,289533
19988,0.000606,172.31.33.0-255,66,46301,35,289533
19989,0.00063,74.125.200.0-255,2543,48844,35,289533
19990,0.000633,172.31.33.0-255,66,48910,35,289533
19991,0.000639,74.125.200.0-255,5738,54648,35,289533
19992,0.000641,172.31.33.0-255,66,54714,35,289533
19993,0.000675,74.125.200.0-255,2902,57616,35,289533
19994,0.000678,172.31.33.0-255,66,57682,35,289533
19995,0.000703,172.31.33.0-255,66,57748,35,289533
19996,0.000719,74.125.200.0-255,648,58396,35,289533
19997,0.000723,172.31.33.0-255,66,58462,35,289533
19998,0.000943,74.125.200.0-255,1484,59946,35,289533
19999,0.000948,172.31.33.0-255,66,60012,35,289533
20000,0.000958,74.125.200.0-255,2902,62914,35,289533
20001,0.00096,172.31.33.0-255,66,62980,35,289533
20002,0.000967,74.125.200.0-255,4320,67300,35,289533
20003,0.000969,172.31.33.0-255,66,67366,35,289533
20004,0.000988,74.125.200.0-255,1484,68850,35,289533
20005,0.00099,172.31.33.0-255,66,68916,35,289533
20006,0.001036,74.125.200.0-255,7156,76072,35,289533
20007,0.00104,172.31.33.0-255,66,76138,35,289533
20008,0.001058,74.125.200.0-255,5738,81876,35,289533
20009,0.001061,172.31.33.0-255,66,81942,35,289533
20010,0.001068,74.125.200.0-255,5738,87680,35,289533
20011,0.001071,172.31.33.0-255,66,87746,35,289533
20012,0.001099,74.125.200.0-255,5020,92766,35,289533
20013,0.001102,172.31.33.0-255,66,92832,35,289533
20014,0.0012,74.125.200.0-255,1484,94316,35,289533
20015,0.001205,172.31.33.0-255,66,94382,35,289533
20016,0.001209,74.125.200.0-255,1484,95866,35,289533
20017,0.001222,74.125.200.0-255,1484,97350,35,289533
20018,0.001228,74.125.200.0-255,4320,101670,35,289533
20019,0.001243,74.125.200.0-255,1484,103154,35,289533
20020,0.00126,74.125.200.0-255,7156,110310,35,289533
20021,0.001274,74.125.200.0-255,2902,113212,35,289533
20022,0.001305,74.125.200.0-255,1484,114696,35,289533
20023,0.001379,74.125.200.0-255,2184,116880,35,289533
20024,0.001393,74.125.200.0-255,2902,119782,35,289533
20025,0.001412,74.125.200.0-255,2902,122684,35,289533
20026,0.001425,74.125.200.0-255,4320,127004,35,289533
20027,0.00146,74.125.200.0-255,2902,129906,35,289533
20028,0.001536,74.125.200.0-255,2902,132808,35,289533
20029,0.001598,74.125.200.0-255,1484,134292,35,289533
20030,0.001681,74.125.200.0-255,4320,138612,35,289533
20031,0.001696,74.125.200.0-255,4320,142932,35,289533
20032,0.001724,74.125.200.0-255,2902,145834,35,289533
20033,0.001737,74.125.200.0-255,7156,152990,35,289533
20034,0.00175,74.125.200.0-255,3602,156592,35,289533
20035,0.001801,74.125.200.0-255,2902,159494,35,289533
20036,0.001933,74.125.200.0-255,2902,162396,35,289533
20037,0.001943,74.125.200.0-255,1484,163880,35,289533
20038,0.002012,74.125.200.0-255,2902,166782,35,289533
20039,0.002064,74.125.200.0-255,7156,173938,35,289533
20040,0.002199,74.125.200.0-255,3602,177540,35,289533
20041,0.002224,74.125.200.0-255,4320,181860,35,289533
20042,0.002245,74.125.200.0-255,1484,183344,35,289533
20043,0.002326,74.125.200.0-255,1484,184828,35,289533
20044,0.002344,74.125.200.0-255,5738,190566,35,289533
20045,0.002416,74.125.200.0-255,766,191332,35,289533
20046,0.010984,172.31.33.0-255,66,191398,35,289533
20047,0.011297,74.125.200.0-255,1484,192882,35,289533
20048,0.013326,74.125.200.0-255,4320,197202,35,289533
20049,0.013332,172.31.33.0-255,66,197268,35,289533
20050,0.015644,74.125.200.0-255,5738,203006,35,289533
20051,0.020481,172.31.33.0-255,66,203072,35,289533
20052,0.022799,74.125.200.0-255,5738,208810,35,289533
20053,0.022808,172.31.33.0-255,66,208876,35,289533
20054,0.025137,74.125.200.0-255,5738,214614,35,289533
20055,0.02515,172.31.33.0-255,66,214680,35,289533
20056,0.027451,74.125.200.0-255,5738,220418,35,289533
20057,0.027457,172.31.33.0-255,66,220484,35,289533
20058,0.029763,74.125.200.0-255,5738,226222,35,289533
20059,0.02977,172.31.33.0-255,66,226288,35,289533
20060,0.032073,74.125.200.0-255,5738,232026,35,289533
20061,0.032079,172.31.33.0-255,66,232092,35,289533
20062,0.03442,74.125.200.0-255,5738,237830,35,289533
20063,0.034441,172.31.33.0-255,66,237896,35,289533
20064,0.036768,74.125.200.0-255,5738,243634,35,289533
20065,0.036778,172.31.33.0-255,66,243700,35,289533
20066,0.03909,74.125.200.0-255,5738,249438,35,289533
20067,0.039097,172.31.33.0-255,66,249504,35,289533
20068,0.041427,74.125.200.0-255,5738,255242,35,289533
20069,0.041455,172.31.33.0-255,66,255308,35,289533
20070,0.043777,74.125.200.0-255,5738,261046,35,289533
20071,0.043788,172.31.33.0-255,66,261112,35,289533
20072,0.046113,74.125.200.0-255,5738,266850,35,289533
20073,0.046122,172.31.33.0-255,66,266916,35,289533
20074,0.04844,74.125.200.0-255,5738,272654,35,289533
20075,0.048454,172.31.33.0-255,66,272720,35,289533
20076,0.050406,172.31.33.0-255,172,272892,35,289533
20077,0.050434,172.31.33.0-255,563,273455,35,289533
20078,0.050802,74.125.200.0-255,4320,277775,35,289533
20079,0.050807,172.31.33.0-255,66,277841,35,289533
20080,0.050837,74.125.200.0-255,1484,279325,35,289533
20081,0.05195,104.244.42.0-255,66,279391,35,289533
20082,0.051984,104.244.42.0-255,66,279457,35,289533
20083,0.053119,74.125.200.0-255,4320,283777,35,289533
20084,0.053132,172.31.33.0-255,66,283843,35,289533
20085,0.05548,74.125.200.0-255,5453,289296,35,289533
20086,0.055605,172.31.33.0-255,66,289362,35,289533
20087,0.05581,172.31.33.0-255,105,289467,35,289533
20088,0.058105,74.125.200.0-255,66,289533,35,289533
20089,0.0,172.31.33.0-255,105,105,35,276
20090,0.001803,157.240.7.0-255,105,210,35,276
20091,0.001814,172.31.33.0-255,66,276,35,276
20092,0.0,172.31.33.0-255,105,105,35,276
20093,0.001467,157.240.7.0-255,105,210,35,276
20094,0.001479,172.31.33.0-255,66,276,35,276
20095,0.0,172.217.194.0-255,153,153,35,256816
20096,2.7e-05,172.31.33.0-255,66,219,35,256816
20097,3.3e-05,172.217.194.0-255,1484,1703,35,256816
20098,3.7e-05,172.31.33.0-255,66,1769,35,256816
20099,4.2e-05,172.217.194.0-255,2902,4671,35,256816
20100,4.5e-05,172.31.33.0-255,66,4737,35,256816
20101,5.6e-05,172.217.194.0-255,4320,9057,35,256816
20102,5.8e-05,172.31.33.0-255,66,9123,35,256816
20103,0.000102,172.217.194.0-255,4928,14051,35,256816
20104,0.000117,172.31.33.0-255,66,14117,35,256816
20105,0.000434,172.217.194.0-255,1484,15601,35,256816
20106,0.000439,172.31.33.0-255,66,15667,35,256816
20107,0.000448,172.217.194.0-255,2902,18569,35,256816
20108,0.00045,172.31.33.0-255,66,18635,35,256816
20109,0.00046,172.217.194.0-255,1484,20119,35,256816
20110,0.000463,172.31.33.0-255,66,20185,35,256816
20111,0.000483,172.217.194.0-255,4320,24505,35,256816
20112,0.000487,172.31.33.0-255,66,24571,35,256816
20113,0.000536,172.217.194.0-255,6797,31368,35,256816
20114,0.000539,172.31.33.0-255,66,31434,35,256816
20115,0.000617,172.217.194.0-255,1484,32918,35,256816
20116,0.000621,172.31.33.0-255,66,32984,35,256816
20117,0.000626,172.217.194.0-255,2902,35886,35,256816
20118,0.000628,172.31.33.0-255,66,35952,35,256816
20119,0.000647,172.217.194.0-255,5738,41690,35,256816
20120,0.000651,172.31.33.0-255,66,41756,35,256816
20121,0.000668,172.217.194.0-255,6797,48553,35,256816
20122,0.000671,172.31.33.0-255,66,48619,35,256816
20123,0.000722,172.217.194.0-255,7156,55775,35,256816
20124,0.000727,172.31.33.0-255,66,55841,35,256816
20125,0.000752,172.217.194.0-255,4320,60161,35,256816
20126,0.000755,172.31.33.0-255,66,60227,35,256816
20127,0.000761,172.217.194.0-255,5379,65606,35,256816
20128,0.000763,172.31.33.0-255,66,65672,35,256816
20129,0.000786,172.217.194.0-255,364,66036,35,256816
20130,0.000811,172.217.194.0-255,381,66417,35,256816
20131,0.000985,172.217.194.0-255,1484,67901,35,256816
20132,0.000989,172.31.33.0-255,66,67967,35,256816
20133,0.000994,172.217.194.0-255,2902,70869,35,256816
20134,0.000996,172.31.33.0-255,66,70935,35,256816
20135,0.001001,172.217.194.0-255,5738,76673,35,256816
20136,0.001003,172.31.33.0-255,66,76739,35,256816
20137,0.00103,172.217.194.0-255,7156,83895,35,256816
20138,0.001034,172.31.33.0-255,66,83961,35,256816
20139,0.001066,172.31.33.0-255,66,84027,35,256816
20140,0.001077,172.217.194.0-255,2902,86929,35,256816
20141,0.001082,172.31.33.0-255,66,86995,35,256816
20142,0.001105,172.217.194.0-255,5020,92015,35,256816
20143,0.001107,172.31.33.0-255,66,92081,35,256816
20144,0.001131,172.217.194.0-255,1484,93565,35,256816
20145,0.001134,172.217.194.0-255,1484,95049,35,256816
20146,0.001136,172.31.33.0-255,66,95115,35,256816
20147,0.001157,172.217.194.0-255,1484,96599,35,256816
20148,0.001163,172.217.194.0-255,5738,102337,35,256816
20149,0.001165,172.31.33.0-255,66,102403,35,256816
20150,0.001169,172.217.194.0-255,4320,106723,35,256816
20151,0.001171,172.31.33.0-255,66,106789,35,256816
20152,0.001191,172.217.194.0-255,2902,109691,35,256816
20153,0.001193,172.31.33.0-255,66,109757,35,256816
20154,0.001202,172.31.33.0-255,66,109823,35,256816
20155,0.001232,172.217.194.0-255,5738,115561,35,256816
20156,0.001235,172.31.33.0-255,66,115627,35,256816
20157,0.001238,172.217.194.0-255,2184,117811,35,256816
20158,0.00124,172.31.33.0-255,66,117877,35,256816
20159,0.001303,172.217.194.0-255,1484,119361,35,256816
20160,0.001307,172.217.194.0-255,2902,122263,35,256816
20161,0.001309,172.31.33.0-255,66,122329,35,256816
20162,0.001315,172.217.194.0-255,5738,128067,35,256816
20163,0.001317,172.31.33.0-255,66,128133,35,256816
20164,0.001321,172.217.194.0-255,4320,132453,35,256816
20165,0.001323,172.31.33.0-255,66,132519,35,256816
20166,0.001352,172.31.33.0-255,66,132585,35,256816
20167,0.001365,172.217.194.0-255,1484,134069,35,256816
20168,0.001396,172.31.33.0-255,66,134135,35,256816
20169,0.00172,172.217.194.0-255,1484,135619,35,256816
20170,0.001742,172.217.194.0-255,2902,138521,35,256816
20171,0.001745,172.31.33.0-255,66,138587,35,256816
20172,0.001751,172.217.194.0-255,5738,144325,35,256816
20173,0.001753,172.31.33.0-255,66,144391,35,256816
20174,0.001772,172.217.194.0-255,7156,151547,35,256816
20175,0.001774,172.31.33.0-255,66,151613,35,256816
20176,0.001796,172.217.194.0-255,5738,157351,35,256816
20177,0.001798,172.31.33.0-255,66,157417,35,256816
20178,0.001808,172.31.33.0-255,66,157483,35,256816
20179,0.00181,172.217.194.0-255,766,158249,35,256816
20180,0.002304,172.31.33.0-255,66,158315,35,256816
20181,0.002654,172.217.194.0-255,1484,159799,35,256816
20182,0.002664,172.217.194.0-255,2902,162701,35,256816
20183,0.002668,172.31.33.0-255,66,162767,35,256816
20184,0.002675,172.217.194.0-255,5738,168505,35,256816
20185,0.002677,172.31.33.0-255,66,168571,35,256816
20186,0.002743,172.31.33.0-255,66,168637,35,256816
20187,0.002747,172.217.194.0-255,1484,170121,35,256816
20188,0.002757,172.31.33.0-255,66,170187,35,256816
20189,0.002761,172.217.194.0-255,2902,173089,35,256816
20190,0.002763,172.31.33.0-255,66,173155,35,256816
20191,0.002795,172.217.194.0-255,7156,180311,35,256816
20192,0.002799,172.31.33.0-255,66,180377,35,256816
20193,0.002814,172.31.33.0-255,66,180443,35,256816
20194,0.002826,172.31.33.0-255,66,180509,35,256816
20195,0.002829,172.217.194.0-255,766,181275,35,256816
20196,0.00288,172.217.194.0-255,1484,182759,35,256816
20197,0.002884,172.31.33.0-255,66,182825,35,256816
20198,0.00289,172.217.194.0-255,4320,187145,35,256816
20199,0.002893,172.31.33.0-255,66,187211,35,256816
20200,0.002936,172.31.33.0-255,66,187277,35,256816
20201,0.002948,172.31.33.0-255,66,187343,35,256816
20202,0.002987,172.31.33.0-255,66,187409,35,256816
20203,0.003015,172.217.194.0-255,1484,188893,35,256816
20204,0.00302,172.217.194.0-255,2902,191795,35,256816
20205,0.003023,172.31.33.0-255,66,191861,35,256816
20206,0.003046,172.217.194.0-255,5738,197599,35,256816
20207,0.00305,172.31.33.0-255,66,197665,35,256816
20208,0.003056,172.217.194.0-255,5738,203403,35,256816
20209,0.003058,172.31.33.0-255,66,203469,35,256816
20210,0.003061,172.217.194.0-255,1484,204953,35,256816
20211,0.003064,172.217.194.0-255,1484,206437,35,256816
20212,0.003066,172.31.33.0-255,66,206503,35,256816
20213,0.003127,172.31.33.0-255,66,206569,35,256816
20214,0.003131,172.217.194.0-255,2184,208753,35,256816
20215,0.003133,172.31.33.0-255,66,208819,35,256816
20216,0.003171,172.217.194.0-255,2902,211721,35,256816
20217,0.003176,172.31.33.0-255,66,211787,35,256816
20218,0.003179,172.217.194.0-255,1484,213271,35,256816
20219,0.003185,172.217.194.0-255,5738,219009,35,256816
20220,0.003187,172.31.33.0-255,66,219075,35,256816
20221,0.003192,172.217.194.0-255,4320,223395,35,256816
20222,0.003194,172.31.33.0-255,66,223461,35,256816
20223,0.003243,172.31.33.0-255,66,223527,35,256816
20224,0.003247,172.217.194.0-255,1484,225011,35,256816
20225,0.003249,172.217.194.0-255,1484,226495,35,256816
20226,0.003252,172.31.33.0-255,66,226561,35,256816
20227,0.003257,172.217.194.0-255,4320,230881,35,256816
20228,0.00326,172.31.33.0-255,66,230947,35,256816
20229,0.003303,172.31.33.0-255,66,231013,35,256816
20230,0.003309,172.217.194.0-255,5738,236751,35,256816
20231,0.003312,172.31.33.0-255,66,236817,35,256816
20232,0.003316,172.217.194.0-255,2902,239719,35,256816
20233,0.003318,172.31.33.0-255,66,239785,35,256816
20234,0.00332,172.217.194.0-255,1484,241269,35,256816
20235,0.003322,172.31.33.0-255,78,241347,35,256816
20236,0.003329,172.217.194.0-255,7156,248503,35,256816
20237,0.003338,172.217.194.0-255,5738,254241,35,256816
20238,0.003342,172.217.194.0-255,714,254955,35,256816
20239,0.003379,172.31.33.0-255,66,255021,35,256816
20240,0.003397,172.31.33.0-255,66,255087,35,256816
20241,0.003401,172.217.194.0-255,105,255192,35,256816
20242,0.005264,172.31.33.0-255,66,255258,35,256816
20243,0.00531,172.31.33.0-255,105,255363,35,256816
20244,0.007308,172.217.194.0-255,66,255429,35,256816
20245,0.039049,172.31.33.0-255,176,255605,35,256816
20246,0.039153,172.31.33.0-255,1079,256684,35,256816
20247,0.040658,104.244.42.0-255,66,256750,35,256816
20248,0.040689,104.244.42.0-255,66,256816,35,256816
20249,0.0,172.31.33.0-255,105,105,35,276
20250,0.001788,157.240.7.0-255,105,210,35,276
20251,0.001801,172.31.33.0-255,66,276,35,276
20252,0.0,172.31.33.0-255,105,105,35,276
20253,0.001765,157.240.7.0-255,105,210,35,276
20254,0.001773,172.31.33.0-255,66,276,35,276
20255,0.0,74.125.24.0-255,152,152,35,190221
20256,3e-05,172.31.33.0-255,66,218,35,190221
20257,3.6e-05,74.125.24.0-255,1484,1702,35,190221
20258,4e-05,172.31.33.0-255,66,1768,35,190221
20259,4.4e-05,74.125.24.0-255,2902,4670,35,190221
20260,4.7e-05,172.31.33.0-255,66,4736,35,190221
20261,5.1e-05,74.125.24.0-255,5738,10474,35,190221
20262,5.3e-05,172.31.33.0-255,66,10540,35,190221
20263,8.8e-05,74.125.24.0-255,2902,13442,35,190221
20264,9e-05,172.31.33.0-255,66,13508,35,190221
20265,0.00012,172.31.33.0-255,66,13574,35,190221
20266,0.00022,74.125.24.0-255,5738,19312,35,190221
20267,0.000224,172.31.33.0-255,66,19378,35,190221
20268,0.000239,74.125.24.0-255,1125,20503,35,190221
20269,0.000241,172.31.33.0-255,66,20569,35,190221
20270,0.000279,74.125.24.0-255,2902,23471,35,190221
20271,0.000282,172.31.33.0-255,66,23537,35,190221
20272,0.0003,74.125.24.0-255,4320,27857,35,190221
20273,0.000303,172.31.33.0-255,66,27923,35,190221
20274,0.000356,74.125.24.0-255,4320,32243,35,190221
20275,0.000359,172.31.33.0-255,66,32309,35,190221
20276,0.000374,74.125.24.0-255,5379,37688,35,190221
20277,0.000378,172.31.33.0-255,66,37754,35,190221
20278,0.00088,74.125.24.0-255,1484,39238,35,190221
20279,0.000885,172.31.33.0-255,66,39304,35,190221
20280,0.000894,74.125.24.0-255,2902,42206,35,190221
20281,0.000897,172.31.33.0-255,66,42272,35,190221
20282,0.000902,74.125.24.0-255,2902,45174,35,190221
20283,0.000904,172.31.33.0-255,66,45240,35,190221
20284,0.000929,74.125.24.0-255,2902,48142,35,190221
20285,0.000931,172.31.33.0-255,66,48208,35,190221
20286,0.00096,74.125.24.0-255,5738,53946,35,190221
20287,0.000962,172.31.33.0-255,66,54012,35,190221
20288,0.000984,172.31.33.0-255,66,54078,35,190221
20289,0.001076,74.125.24.0-255,5738,59816,35,190221
20290,0.00108,172.31.33.0-255,66,59882,35,190221
20291,0.001105,172.31.33.0-255,66,59948,35,190221
20292,0.001225,172.31.33.0-255,66,60014,35,190221
20293,0.001235,74.125.24.0-255,2184,62198,35,190221
20294,0.001237,172.31.33.0-255,66,62264,35,190221
20295,0.001305,74.125.24.0-255,647,62911,35,190221
20296,0.001386,172.31.33.0-255,101,63012,35,190221
20297,0.001686,74.125.24.0-255,1484,64496,35,190221
20298,0.001705,74.125.24.0-255,2902,67398,35,190221
20299,0.001708,172.31.33.0-255,66,67464,35,190221
20300,0.001732,74.125.24.0-255,5738,73202,35,190221
20301,0.001734,172.31.33.0-255,66,73268,35,190221
20302,0.001779,74.125.24.0-255,7156,80424,35,190221
20303,0.001782,172.31.33.0-255,66,80490,35,190221
20304,0.001802,74.125.24.0-255,5738,86228,35,190221
20305,0.001804,172.31.33.0-255,66,86294,35,190221
20306,0.001894,74.125.24.0-255,7156,93450,35,190221
20307,0.001898,172.31.33.0-255,66,93516,35,190221
20308,0.001917,74.125.24.0-255,3602,97118,35,190221
20309,0.001919,172.31.33.0-255,66,97184,35,190221
20310,0.002167,74.125.24.0-255,1484,98668,35,190221
20311,0.002183,74.125.24.0-255,2902,101570,35,190221
20312,0.002187,172.31.33.0-255,66,101636,35,190221
20313,0.00222,74.125.24.0-255,4320,105956,35,190221
20314,0.002223,172.31.33.0-255,66,106022,35,190221
20315,0.002266,74.125.24.0-255,5738,111760,35,190221
20316,0.00227,172.31.33.0-255,66,111826,35,190221
20317,0.002296,74.125.24.0-255,2902,114728,35,190221
20318,0.002299,172.31.33.0-255,66,114794,35,190221
20319,0.002326,172.31.33.0-255,66,114860,35,190221
20320,0.002382,74.125.24.0-255,4320,119180,35,190221
20321,0.002385,172.31.33.0-255,66,119246,35,190221
20322,0.002429,74.125.24.0-255,2902,122148,35,190221
20323,0.002432,172.31.33.0-255,66,122214,35,190221
20324,0.002444,74.125.24.0-255,766,122980,35,190221
20325,0.002623,74.125.24.0-255,1484,124464,35,190221
20326,0.002626,172.31.33.0-255,66,124530,35,190221
20327,0.00264,74.125.24.0-255,2902,127432,35,190221
20328,0.002643,172.31.33.0-255,66,127498,35,190221
20329,0.002655,74.125.24.0-255,1484,128982,35,190221
20330,0.002676,74.125.24.0-255,4320,133302,35,190221
20331,0.002678,172.31.33.0-255,66,133368,35,190221
20332,0.002798,74.125.24.0-255,4320,137688,35,190221
20333,0.002801,172.31.33.0-255,66,137754,35,190221
20334,0.002812,172.31.33.0-255,66,137820,35,190221
20335,0.002843,74.125.24.0-255,2902,140722,35,190221
20336,0.002846,172.31.33.0-255,66,140788,35,190221
20337,0.002868,74.125.24.0-255,5020,145808,35,190221
20338,0.00287,172.31.33.0-255,66,145874,35,190221
20339,0.002921,74.125.24.0-255,5738,151612,35,190221
20340,0.002924,172.31.33.0-255,66,151678,35,190221
20341,0.002953,172.31.33.0-255,66,151744,35,190221
20342,0.00308,74.125.24.0-255,5738,157482,35,190221
20343,0.003083,172.31.33.0-255,66,157548,35,190221
20344,0.003115,172.31.33.0-255,66,157614,35,190221
20345,0.003233,74.125.24.0-255,5738,163352,35,190221
20346,0.003237,172.31.33.0-255,66,163418,35,190221
20347,0.003314,172.31.33.0-255,66,163484,35,190221
20348,0.003345,172.31.33.0-255,66,163550,35,190221
20349,0.00355,172.31.33.0-255,66,163616,35,190221
20350,0.003603,172.31.33.0-255,66,163682,35,190221
20351,0.003614,74.125.24.0-255,766,164448,35,190221
20352,0.004014,74.125.24.0-255,7156,171604,35,190221
20353,0.004019,172.31.33.0-255,66,171670,35,190221
20354,0.004044,172.31.33.0-255,66,171736,35,190221
20355,0.004147,74.125.24.0-255,5738,177474,35,190221
20356,0.00415,172.31.33.0-255,66,177540,35,190221
20357,0.004182,172.31.33.0-255,66,177606,35,190221
20358,0.004313,74.125.24.0-255,4320,181926,35,190221
20359,0.004316,172.31.33.0-255,66,181992,35,190221
20360,0.004347,172.31.33.0-255,66,182058,35,190221
20361,0.004483,74.125.24.0-255,5738,187796,35,190221
20362,0.004486,172.31.33.0-255,66,187862,35,190221
20363,0.004528,172.31.33.0-255,66,187928,35,190221
20364,0.004679,74.125.24.0-255,66,187994,35,190221
20365,0.004992,172.31.33.0-255,105,188099,35,190221
20366,0.007257,74.125.24.0-255,66,188165,35,190221
20367,0.042699,172.31.33.0-255,172,188337,35,190221
20368,0.042744,172.31.33.0-255,1107,189444,35,190221
20369,0.042832,172.31.33.0-255,579,190023,35,190221
20370,0.04425,104.244.42.0-255,66,190089,35,190221
20371,0.044297,104.244.42.0-255,66,190155,35,190221
20372,0.044394,104.244.42.0-255,66,190221,35,190221
20373,0.0,172.217.194.0-255,143,143,35,189239
20374,1.3e-05,172.31.33.0-255,66,209,35,189239
20375,1.9e-05,172.217.194.0-255,1484,1693,35,189239
20376,2.3e-05,172.31.33.0-255,66,1759,35,189239
20377,3.4e-05,172.217.194.0-255,2902,4661,35,189239
20378,3.7e-05,172.31.33.0-255,66,4727,35,189239
20379,4e-05,172.217.194.0-255,1484,6211,35,189239
20380,4.3e-05,172.31.33.0-255,66,6277,35,189239
20381,7.4e-05,172.217.194.0-255,5738,12015,35,189239
20382,7.7e-05,172.31.33.0-255,66,12081,35,189239
20383,8e-05,172.217.194.0-255,1996,14077,35,189239
20384,8.2e-05,172.31.33.0-255,66,14143,35,189239
20385,0.000135,172.217.194.0-255,2902,17045,35,189239
20386,0.000137,172.31.33.0-255,66,17111,35,189239
20387,0.000157,172.217.194.0-255,4320,21431,35,189239
20388,0.000159,172.31.33.0-255,66,21497,35,189239
20389,0.000163,172.217.194.0-255,2902,24399,35,189239
20390,0.000164,172.31.33.0-255,66,24465,35,189239
20391,0.000191,172.217.194.0-255,5738,30203,35,189239
20392,0.000194,172.31.33.0-255,66,30269,35,189239
20393,0.000196,172.217.194.0-255,1125,31394,35,189239
20394,0.000198,172.31.33.0-255,66,31460,35,189239
20395,0.000201,172.217.194.0-255,1484,32944,35,189239
20396,0.000203,172.31.33.0-255,66,33010,35,189239
20397,0.000207,172.217.194.0-255,4320,37330,35,189239
20398,0.00021,172.31.33.0-255,66,37396,35,189239
20399,0.000242,172.31.33.0-255,66,37462,35,189239
20400,0.000249,172.217.194.0-255,1125,38587,35,189239
20401,0.00025,172.31.33.0-255,66,38653,35,189239
20402,0.000438,172.217.194.0-255,1484,40137,35,189239
20403,0.000443,172.31.33.0-255,66,40203,35,189239
20404,0.000448,172.217.194.0-255,2902,43105,35,189239
20405,0.000451,172.31.33.0-255,66,43171,35,189239
20406,0.000482,172.217.194.0-255,5738,48909,35,189239
20407,0.000484,172.31.33.0-255,66,48975,35,189239
20408,0.000489,172.217.194.0-255,2902,51877,35,189239
20409,0.000491,172.31.33.0-255,66,51943,35,189239
20410,0.000515,172.217.194.0-255,3961,55904,35,189239
20411,0.000518,172.31.33.0-255,66,55970,35,189239
20412,0.000521,172.217.194.0-255,646,56616,35,189239
20413,0.000544,172.217.194.0-255,1484,58100,35,189239
20414,0.000546,172.31.33.0-255,66,58166,35,189239
20415,0.000563,172.217.194.0-255,2902,61068,35,189239
20416,0.000565,172.31.33.0-255,66,61134,35,189239
20417,0.000599,172.217.194.0-255,5738,66872,35,189239
20418,0.000602,172.31.33.0-255,66,66938,35,189239
20419,0.000612,172.31.33.0-255,66,67004,35,189239
20420,0.000643,172.217.194.0-255,4320,71324,35,189239
20421,0.000645,172.31.33.0-255,66,71390,35,189239
20422,0.000656,172.31.33.0-255,66,71456,35,189239
20423,0.000662,172.217.194.0-255,766,72222,35,189239
20424,0.001276,172.31.33.0-255,66,72288,35,189239
20425,0.001346,172.217.194.0-255,1484,73772,35,189239
20426,0.001379,172.217.194.0-255,1484,75256,35,189239
20427,0.001382,172.31.33.0-255,66,75322,35,189239
20428,0.001408,172.217.194.0-255,1484,76806,35,189239
20429,0.001413,172.217.194.0-255,4320,81126,35,189239
20430,0.001415,172.31.33.0-255,66,81192,35,189239
20431,0.001424,172.31.33.0-255,66,81258,35,189239
20432,0.001432,172.217.194.0-255,2902,84160,35,189239
20433,0.001434,172.31.33.0-255,66,84226,35,189239
20434,0.001469,172.31.33.0-255,66,84292,35,189239
20435,0.001471,172.217.194.0-255,766,85058,35,189239
20436,0.00155,172.217.194.0-255,1484,86542,35,189239
20437,0.001553,172.31.33.0-255,66,86608,35,189239
20438,0.00157,172.217.194.0-255,2902,89510,35,189239
20439,0.001571,172.31.33.0-255,66,89576,35,189239
20440,0.001577,172.217.194.0-255,5738,95314,35,189239
20441,0.001578,172.31.33.0-255,66,95380,35,189239
20442,0.001583,172.217.194.0-255,2902,98282,35,189239
20443,0.001587,172.31.33.0-255,66,98348,35,189239
20444,0.001611,172.31.33.0-255,66,98414,35,189239
20445,0.001632,172.217.194.0-255,1484,99898,35,189239
20446,0.001637,172.217.194.0-255,5738,105636,35,189239
20447,0.001639,172.31.33.0-255,66,105702,35,189239
20448,0.00167,172.217.194.0-255,5020,110722,35,189239
20449,0.001673,172.31.33.0-255,66,110788,35,189239
20450,0.001751,172.217.194.0-255,1484,112272,35,189239
20451,0.001755,172.217.194.0-255,1484,113756,35,189239
20452,0.001757,172.31.33.0-255,66,113822,35,189239
20453,0.001781,172.217.194.0-255,1484,115306,35,189239
20454,0.001787,172.217.194.0-255,5738,121044,35,189239
20455,0.001789,172.31.33.0-255,66,121110,35,189239
20456,0.001795,172.217.194.0-255,4320,125430,35,189239
20457,0.001796,172.31.33.0-255,66,125496,35,189239
20458,0.001799,172.217.194.0-255,1484,126980,35,189239
20459,0.001832,172.31.33.0-255,66,127046,35,189239
20460,0.001866,172.31.33.0-255,66,127112,35,189239
20461,0.001897,172.217.194.0-255,1484,128596,35,189239
20462,0.001914,172.217.194.0-255,2902,131498,35,189239
20463,0.001916,172.31.33.0-255,66,131564,35,189239
20464,0.001945,172.217.194.0-255,5738,137302,35,189239
20465,0.001948,172.31.33.0-255,66,137368,35,189239
20466,0.001951,172.217.194.0-255,2902,140270,35,189239
20467,0.001953,172.31.33.0-255,66,140336,35,189239
20468,0.001984,172.217.194.0-255,7156,147492,35,189239
20469,0.001987,172.31.33.0-255,66,147558,35,189239
20470,0.00199,172.217.194.0-255,2902,150460,35,189239
20471,0.001992,172.31.33.0-255,66,150526,35,189239
20472,0.002037,172.31.33.0-255,66,150592,35,189239
20473,0.002047,172.31.33.0-255,66,150658,35,189239
20474,0.002075,172.217.194.0-255,1484,152142,35,189239
20475,0.002104,172.217.194.0-255,5738,157880,35,189239
20476,0.002107,172.31.33.0-255,66,157946,35,189239
20477,0.002148,172.31.33.0-255,66,158012,35,189239
20478,0.00219,172.31.33.0-255,66,158078,35,189239
20479,0.002232,172.31.33.0-255,66,158144,35,189239
20480,0.002255,172.31.33.0-255,66,158210,35,189239
20481,0.002266,172.31.33.0-255,66,158276,35,189239
20482,0.002289,172.31.33.0-255,66,158342,35,189239
20483,0.002317,172.217.194.0-255,2184,160526,35,189239
20484,0.002319,172.31.33.0-255,66,160592,35,189239
20485,0.002342,172.217.194.0-255,2902,163494,35,189239
20486,0.002344,172.31.33.0-255,66,163560,35,189239
20487,0.002364,172.217.194.0-255,5738,169298,35,189239
20488,0.002368,172.31.33.0-255,66,169364,35,189239
20489,0.002388,172.217.194.0-255,7156,176520,35,189239
20490,0.00239,172.31.33.0-255,66,176586,35,189239
20491,0.002408,172.217.194.0-255,2902,179488,35,189239
20492,0.002414,172.31.33.0-255,66,179554,35,189239
20493,0.002432,172.217.194.0-255,4320,183874,35,189239
20494,0.002434,172.31.33.0-255,66,183940,35,189239
20495,0.002439,172.217.194.0-255,2831,186771,35,189239
20496,0.002442,172.31.33.0-255,66,186837,35,189239
20497,0.002444,172.217.194.0-255,105,186942,35,189239
20498,0.005716,172.31.33.0-255,66,187008,35,189239
20499,0.005748,172.31.33.0-255,105,187113,35,189239
20500,0.008016,172.217.194.0-255,66,187179,35,189239
20501,0.04697,172.31.33.0-255,176,187355,35,189239
20502,0.04701,172.31.33.0-255,1107,188462,35,189239
20503,0.047072,172.31.33.0-255,579,189041,35,189239
20504,0.048536,104.244.42.0-255,66,189107,35,189239
20505,0.048624,104.244.42.0-255,66,189173,35,189239
20506,0.048627,104.244.42.0-255,66,189239,35,189239
20507,0.0,172.31.33.0-255,105,105,35,276
20508,0.002051,157.240.7.0-255,105,210,35,276
20509,0.002059,172.31.33.0-255,66,276,35,276
20510,0.0,74.125.24.0-255,153,153,35,209203
20511,2.2e-05,172.31.33.0-255,66,219,35,209203
20512,2.7e-05,74.125.24.0-255,1484,1703,35,209203
20513,3.1e-05,172.31.33.0-255,66,1769,35,209203
20514,4.4e-05,74.125.24.0-255,2902,4671,35,209203
20515,4.6e-05,172.31.33.0-255,66,4737,35,209203
20516,6.8e-05,74.125.24.0-255,5738,10475,35,209203
20517,7e-05,172.31.33.0-255,66,10541,35,209203
20518,0.000115,172.31.33.0-255,66,10607,35,209203
20519,0.00015,74.125.24.0-255,4320,14927,35,209203
20520,0.000153,172.31.33.0-255,66,14993,35,209203
20521,0.000172,74.125.24.0-255,5379,20372,35,209203
20522,0.000175,172.31.33.0-255,66,20438,35,209203
20523,0.001381,74.125.24.0-255,1484,21922,35,209203
20524,0.001386,172.31.33.0-255,66,21988,35,209203
20525,0.001394,74.125.24.0-255,2902,24890,35,209203
20526,0.001396,172.31.33.0-255,66,24956,35,209203
20527,0.001399,74.125.24.0-255,1484,26440,35,209203
20528,0.001401,172.31.33.0-255,66,26506,35,209203
20529,0.001434,74.125.24.0-255,4320,30826,35,209203
20530,0.001437,172.31.33.0-255,66,30892,35,209203
20531,0.001442,74.125.24.0-255,7156,38048,35,209203
20532,0.001444,172.31.33.0-255,66,38114,35,209203
20533,0.001448,74.125.24.0-255,4320,42434,35,209203
20534,0.00145,172.31.33.0-255,66,42500,35,209203
20535,0.001468,172.31.33.0-255,66,42566,35,209203
20536,0.001472,74.125.24.0-255,2184,44750,35,209203
20537,0.001473,172.31.33.0-255,66,44816,35,209203
20538,0.001755,74.125.24.0-255,364,45180,35,209203
20539,0.001759,172.31.33.0-255,66,45246,35,209203
20540,0.001783,74.125.24.0-255,1484,46730,35,209203
20541,0.0018,74.125.24.0-255,4320,51050,35,209203
20542,0.001802,172.31.33.0-255,66,51116,35,209203
20543,0.001829,172.31.33.0-255,66,51182,35,209203
20544,0.001832,74.125.24.0-255,1416,52598,35,209203
20545,0.001955,172.31.33.0-255,66,52664,35,209203
20546,0.002029,74.125.24.0-255,1484,54148,35,209203
20547,0.002035,74.125.24.0-255,1484,55632,35,209203
20548,0.002038,172.31.33.0-255,66,55698,35,209203
20549,0.002055,74.125.24.0-255,1484,57182,35,209203
20550,0.002058,74.125.24.0-255,2902,60084,35,209203
20551,0.00206,172.31.33.0-255,66,60150,35,209203
20552,0.00207,74.125.24.0-255,2902,63052,35,209203
20553,0.002072,172.31.33.0-255,66,63118,35,209203
20554,0.002091,74.125.24.0-255,7156,70274,35,209203
20555,0.002093,172.31.33.0-255,66,70340,35,209203
20556,0.00212,74.125.24.0-255,5738,76078,35,209203
20557,0.002122,172.31.33.0-255,66,76144,35,209203
20558,0.002125,74.125.24.0-255,1484,77628,35,209203
20559,0.002141,74.125.24.0-255,2902,80530,35,209203
20560,0.002143,172.31.33.0-255,66,80596,35,209203
20561,0.002163,74.125.24.0-255,6438,87034,35,209203
20562,0.002166,172.31.33.0-255,66,87100,35,209203
20563,0.002186,74.125.24.0-255,1484,88584,35,209203
20564,0.002206,74.125.24.0-255,2902,91486,35,209203
20565,0.002209,172.31.33.0-255,66,91552,35,209203
20566,0.002221,74.125.24.0-255,2902,94454,35,209203
20567,0.002223,172.31.33.0-255,66,94520,35,209203
20568,0.002242,74.125.24.0-255,2902,97422,35,209203
20569,0.002244,172.31.33.0-255,66,97488,35,209203
20570,0.002251,74.125.24.0-255,7156,104644,35,209203
20571,0.002253,172.31.33.0-255,66,104710,35,209203
20572,0.002294,172.31.33.0-255,66,104776,35,209203
20573,0.002298,74.125.24.0-255,2184,106960,35,209203
20574,0.0023,172.31.33.0-255,66,107026,35,209203
20575,0.002329,74.125.24.0-255,2902,109928,35,209203
20576,0.002332,172.31.33.0-255,66,109994,35,209203
20577,0.002364,172.31.33.0-255,66,110060,35,209203
20578,0.002373,172.31.33.0-255,66,110126,35,209203
20579,0.002405,74.125.24.0-255,4320,114446,35,209203
20580,0.002408,172.31.33.0-255,66,114512,35,209203
20581,0.002442,172.31.33.0-255,66,114578,35,209203
20582,0.002445,74.125.24.0-255,1484,116062,35,209203
20583,0.002466,74.125.24.0-255,7156,123218,35,209203
20584,0.002468,172.31.33.0-255,66,123284,35,209203
20585,0.002488,172.31.33.0-255,66,123350,35,209203
20586,0.002493,74.125.24.0-255,3602,126952,35,209203
20587,0.002495,172.31.33.0-255,66,127018,35,209203
20588,0.002668,74.125.24.0-255,1484,128502,35,209203
20589,0.002683,74.125.24.0-255,2902,131404,35,209203
20590,0.002686,172.31.33.0-255,66,131470,35,209203
20591,0.002705,74.125.24.0-255,5738,137208,35,209203
20592,0.002707,172.31.33.0-255,66,137274,35,209203
20593,0.002737,172.31.33.0-255,66,137340,35,209203
20594,0.002753,74.125.24.0-255,2902,140242,35,209203
20595,0.002755,172.31.33.0-255,66,140308,35,209203
20596,0.002792,172.31.33.0-255,66,140374,35,209203
20597,0.002806,172.31.33.0-255,66,140440,35,209203
20598,0.002813,74.125.24.0-255,7156,147596,35,209203
20599,0.002815,172.31.33.0-255,66,147662,35,209203
20600,0.002854,172.31.33.0-255,66,147728,35,209203
20601,0.002861,74.125.24.0-255,6438,154166,35,209203
20602,0.002864,172.31.33.0-255,66,154232,35,209203
20603,0.002871,74.125.24.0-255,7156,161388,35,209203
20604,0.002873,172.31.33.0-255,66,161454,35,209203
20605,0.002908,172.31.33.0-255,66,161520,35,209203
20606,0.002936,74.125.24.0-255,7156,168676,35,209203
20607,0.00294,172.31.33.0-255,66,168742,35,209203
20608,0.002946,74.125.24.0-255,5020,173762,35,209203
20609,0.002948,172.31.33.0-255,66,173828,35,209203
20610,0.002967,74.125.24.0-255,5738,179566,35,209203
20611,0.002969,172.31.33.0-255,66,179632,35,209203
20612,0.002996,74.125.24.0-255,2902,182534,35,209203
20613,0.002999,172.31.33.0-255,66,182600,35,209203
20614,0.003009,172.31.33.0-255,66,182666,35,209203
20615,0.003028,74.125.24.0-255,7156,189822,35,209203
20616,0.00303,172.31.33.0-255,66,189888,35,209203
20617,0.003063,172.31.33.0-255,66,189954,35,209203
20618,0.003068,74.125.24.0-255,4320,194274,35,209203
20619,0.00307,172.31.33.0-255,66,194340,35,209203
20620,0.003091,172.31.33.0-255,66,194406,35,209203
20621,0.003111,74.125.24.0-255,2902,197308,35,209203
20622,0.003114,172.31.33.0-255,66,197374,35,209203
20623,0.003119,74.125.24.0-255,5738,203112,35,209203
20624,0.003122,172.31.33.0-255,66,203178,35,209203
20625,0.003148,172.31.33.0-255,66,203244,35,209203
20626,0.003177,74.125.24.0-255,3495,206739,35,209203
20627,0.003179,172.31.33.0-255,66,206805,35,209203
20628,0.003192,74.125.24.0-255,105,206910,35,209203
20629,0.005303,172.31.33.0-255,66,206976,35,209203
20630,0.00535,172.31.33.0-255,105,207081,35,209203
20631,0.007727,74.125.24.0-255,66,207147,35,209203
20632,0.054736,172.31.33.0-255,172,207319,35,209203
20633,0.054784,172.31.33.0-255,1107,208426,35,209203
20634,0.054861,172.31.33.0-255,579,209005,35,209203
20635,0.056277,104.244.42.0-255,66,209071,35,209203
20636,0.056371,104.244.42.0-255,66,209137,35,209203
20637,0.056407,104.244.42.0-255,66,209203,35,209203
20638,0.0,74.125.200.0-255,153,153,35,252693
20639,2.9e-05,172.31.33.0-255,66,219,35,252693
20640,3.5e-05,74.125.200.0-255,1484,1703,35,252693
20641,3.9e-05,172.31.33.0-255,66,1769,35,252693
20642,5.2e-05,74.125.200.0-255,2902,4671,35,252693
20643,5.5e-05,172.31.33.0-255,66,4737,35,252693
20644,6.3e-05,74.125.200.0-255,7156,11893,35,252693
20645,6.5e-05,172.31.33.0-255,66,11959,35,252693
20646,7e-05,74.125.200.0-255,2127,14086,35,252693
20647,7.3e-05,172.31.33.0-255,66,14152,35,252693
20648,0.000118,74.125.200.0-255,2902,17054,35,252693
20649,0.000123,172.31.33.0-255,66,17120,35,252693
20650,0.00014,74.125.200.0-255,4320,21440,35,252693
20651,0.000144,172.31.33.0-255,66,21506,35,252693
20652,0.000171,172.31.33.0-255,66,21572,35,252693
20653,0.000176,74.125.200.0-255,1125,22697,35,252693
20654,0.000178,172.31.33.0-255,66,22763,35,252693
20655,0.000303,74.125.200.0-255,1484,24247,35,252693
20656,0.000308,172.31.33.0-255,66,24313,35,252693
20657,0.00033,74.125.200.0-255,2902,27215,35,252693
20658,0.000334,172.31.33.0-255,66,27281,35,252693
20659,0.000337,74.125.200.0-255,1484,28765,35,252693
20660,0.000339,172.31.33.0-255,66,28831,35,252693
20661,0.000343,74.125.200.0-255,2902,31733,35,252693
20662,0.000345,172.31.33.0-255,66,31799,35,252693
20663,0.000382,74.125.200.0-255,5738,37537,35,252693
20664,0.000387,172.31.33.0-255,66,37603,35,252693
20665,0.00039,74.125.200.0-255,2543,40146,35,252693
20666,0.000392,172.31.33.0-255,66,40212,35,252693
20667,0.000428,74.125.200.0-255,2902,43114,35,252693
20668,0.000434,172.31.33.0-255,66,43180,35,252693
20669,0.000439,74.125.200.0-255,4320,47500,35,252693
20670,0.000442,172.31.33.0-255,66,47566,35,252693
20671,0.000472,74.125.200.0-255,4320,51886,35,252693
20672,0.000475,172.31.33.0-255,66,51952,35,252693
20673,0.000507,74.125.200.0-255,4320,56272,35,252693
20674,0.000512,172.31.33.0-255,66,56338,35,252693
20675,0.000515,74.125.200.0-255,1125,57463,35,252693
20676,0.001014,172.31.33.0-255,66,57529,35,252693
20677,0.001585,74.125.200.0-255,646,58175,35,252693
20678,0.001614,74.125.200.0-255,1484,59659,35,252693
20679,0.001619,172.31.33.0-255,66,59725,35,252693
20680,0.001633,74.125.200.0-255,1484,61209,35,252693
20681,0.001647,74.125.200.0-255,2902,64111,35,252693
20682,0.00165,172.31.33.0-255,66,64177,35,252693
20683,0.001655,74.125.200.0-255,5738,69915,35,252693
20684,0.001657,172.31.33.0-255,66,69981,35,252693
20685,0.001721,172.31.33.0-255,66,70047,35,252693
20686,0.001748,74.125.200.0-255,2902,72949,35,252693
20687,0.00175,172.31.33.0-255,66,73015,35,252693
20688,0.001785,172.31.33.0-255,66,73081,35,252693
20689,0.003182,74.125.200.0-255,1484,74565,35,252693
20690,0.003198,74.125.200.0-255,2902,77467,35,252693
20691,0.0032,172.31.33.0-255,66,77533,35,252693
20692,0.003204,74.125.200.0-255,1484,79017,35,252693
20693,0.003227,74.125.200.0-255,4320,83337,35,252693
20694,0.003229,172.31.33.0-255,66,83403,35,252693
20695,0.003236,74.125.200.0-255,7156,90559,35,252693
20696,0.003239,172.31.33.0-255,66,90625,35,252693
20697,0.00327,172.31.33.0-255,66,90691,35,252693
20698,0.003308,172.31.33.0-255,66,90757,35,252693
20699,0.003858,74.125.200.0-255,1484,92241,35,252693
20700,0.003892,74.125.200.0-255,1484,93725,35,252693
20701,0.003894,172.31.33.0-255,66,93791,35,252693
20702,0.003905,74.125.200.0-255,2902,96693,35,252693
20703,0.003912,172.31.33.0-255,66,96759,35,252693
20704,0.003938,74.125.200.0-255,4320,101079,35,252693
20705,0.003941,172.31.33.0-255,66,101145,35,252693
20706,0.003963,74.125.200.0-255,1484,102629,35,252693
20707,0.003968,74.125.200.0-255,2902,105531,35,252693
20708,0.00397,172.31.33.0-255,66,105597,35,252693
20709,0.003977,74.125.200.0-255,7156,112753,35,252693
20710,0.003979,172.31.33.0-255,66,112819,35,252693
20711,0.004004,74.125.200.0-255,2902,115721,35,252693
20712,0.004007,172.31.33.0-255,66,115787,35,252693
20713,0.004017,172.31.33.0-255,66,115853,35,252693
20714,0.004669,74.125.200.0-255,1484,117337,35,252693
20715,0.004676,74.125.200.0-255,2902,120239,35,252693
20716,0.00468,172.31.33.0-255,66,120305,35,252693
20717,0.004692,74.125.200.0-255,1484,121789,35,252693
20718,0.004717,74.125.200.0-255,4320,126109,35,252693
20719,0.00472,172.31.33.0-255,66,126175,35,252693
20720,0.004726,74.125.200.0-255,4320,130495,35,252693
20721,0.004728,172.31.33.0-255,66,130561,35,252693
20722,0.004741,74.125.200.0-255,5738,136299,35,252693
20723,0.004744,172.31.33.0-255,66,136365,35,252693
20724,0.004791,172.31.33.0-255,66,136431,35,252693
20725,0.004796,74.125.200.0-255,2902,139333,35,252693
20726,0.004798,172.31.33.0-255,66,139399,35,252693
20727,0.00483,172.31.33.0-255,66,139465,35,252693
20728,0.004835,74.125.200.0-255,4320,143785,35,252693
20729,0.004838,172.31.33.0-255,66,143851,35,252693
20730,0.004865,74.125.200.0-255,4320,148171,35,252693
20731,0.004871,172.31.33.0-255,66,148237,35,252693
20732,0.0049,172.31.33.0-255,66,148303,35,252693
20733,0.004903,74.125.200.0-255,766,149069,35,252693
20734,0.004949,74.125.200.0-255,1484,150553,35,252693
20735,0.004953,172.31.33.0-255,66,150619,35,252693
20736,0.00498,74.125.200.0-255,2902,153521,35,252693
20737,0.004983,172.31.33.0-255,66,153587,35,252693
20738,0.004989,74.125.200.0-255,4320,157907,35,252693
20739,0.004991,172.31.33.0-255,66,157973,35,252693
20740,0.004995,74.125.200.0-255,1484,159457,35,252693
20741,0.005035,74.125.200.0-255,7156,166613,35,252693
20742,0.00504,172.31.33.0-255,66,166679,35,252693
20743,0.005044,74.125.200.0-255,2902,169581,35,252693
20744,0.005046,172.31.33.0-255,66,169647,35,252693
20745,0.00509,74.125.200.0-255,4320,173967,35,252693
20746,0.005094,172.31.33.0-255,66,174033,35,252693
20747,0.005125,172.31.33.0-255,66,174099,35,252693
20748,0.005129,74.125.200.0-255,766,174865,35,252693
20749,0.005175,74.125.200.0-255,1484,176349,35,252693
20750,0.005179,172.31.33.0-255,66,176415,35,252693
20751,0.005183,74.125.200.0-255,1484,177899,35,252693
20752,0.005203,74.125.200.0-255,1484,179383,35,252693
20753,0.005208,172.31.33.0-255,66,179449,35,252693
20754,0.005216,74.125.200.0-255,5738,185187,35,252693
20755,0.005218,172.31.33.0-255,66,185253,35,252693
20756,0.005222,74.125.200.0-255,2902,188155,35,252693
20757,0.005224,172.31.33.0-255,66,188221,35,252693
20758,0.005227,74.125.200.0-255,1484,189705,35,252693
20759,0.005263,74.125.200.0-255,2902,192607,35,252693
20760,0.005268,172.31.33.0-255,66,192673,35,252693
20761,0.005278,172.31.33.0-255,66,192739,35,252693
20762,0.005285,74.125.200.0-255,7156,199895,35,252693
20763,0.005288,172.31.33.0-255,66,199961,35,252693
20764,0.005338,172.31.33.0-255,66,200027,35,252693
20765,0.005346,74.125.200.0-255,7156,207183,35,252693
20766,0.005348,172.31.33.0-255,66,207249,35,252693
20767,0.005358,172.31.33.0-255,66,207315,35,252693
20768,0.0054,172.31.33.0-255,66,207381,35,252693
20769,0.005474,74.125.200.0-255,1484,208865,35,252693
20770,0.005481,74.125.200.0-255,2902,211767,35,252693
20771,0.005485,172.31.33.0-255,66,211833,35,252693
20772,0.005517,74.125.200.0-255,5738,217571,35,252693
20773,0.005522,74.125.200.0-255,4320,221891,35,252693
20774,0.005522,172.31.33.0-255,66,221957,35,252693
20775,0.005526,172.31.33.0-255,66,222023,35,252693
20776,0.005535,74.125.200.0-255,1484,223507,35,252693
20777,0.005547,74.125.200.0-255,7156,230663,35,252693
20778,0.005549,172.31.33.0-255,66,230729,35,252693
20779,0.005598,172.31.33.0-255,66,230795,35,252693
20780,0.005641,172.31.33.0-255,66,230861,35,252693
20781,0.005647,74.125.200.0-255,4320,235181,35,252693
20782,0.005649,172.31.33.0-255,66,235247,35,252693
20783,0.005655,74.125.200.0-255,5738,240985,35,252693
20784,0.005657,172.31.33.0-255,66,241051,35,252693
20785,0.005696,74.125.200.0-255,4949,246000,35,252693
20786,0.0057,172.31.33.0-255,66,246066,35,252693
20787,0.005703,74.125.200.0-255,105,246171,35,252693
20788,0.011132,172.31.33.0-255,66,246237,35,252693
20789,0.01116,172.31.33.0-255,105,246342,35,252693
20790,0.013638,74.125.200.0-255,66,246408,35,252693
20791,0.04772,172.31.33.0-255,188,246596,35,252693
20792,0.047756,172.31.33.0-255,952,247548,35,252693
20793,0.047796,172.31.33.0-255,1514,249062,35,252693
20794,0.047797,172.31.33.0-255,1514,250576,35,252693
20795,0.047802,172.31.33.0-255,1514,252090,35,252693
20796,0.047803,172.31.33.0-255,339,252429,35,252693
20797,0.04928,104.244.42.0-255,66,252495,35,252693
20798,0.049296,104.244.42.0-255,66,252561,35,252693
20799,0.04938,104.244.42.0-255,66,252627,35,252693
20800,0.049387,104.244.42.0-255,66,252693,35,252693
20801,0.0,172.31.33.0-255,105,105,35,276
20802,0.00204,157.240.7.0-255,105,210,35,276
20803,0.002051,172.31.33.0-255,66,276,35,276
20804,0.0,74.125.68.0-255,146,146,35,283155
20805,2.2e-05,172.31.33.0-255,66,212,35,283155
20806,2.9e-05,74.125.68.0-255,1484,1696,35,283155
20807,3.3e-05,172.31.33.0-255,66,1762,35,283155
20808,3.9e-05,74.125.68.0-255,2902,4664,35,283155
20809,4.1e-05,172.31.33.0-255,66,4730,35,283155
20810,4.4e-05,74.125.68.0-255,1484,6214,35,283155
20811,4.7e-05,172.31.33.0-255,66,6280,35,283155
20812,6.8e-05,74.125.68.0-255,2902,9182,35,283155
20813,7e-05,172.31.33.0-255,66,9248,35,283155
20814,9.1e-05,74.125.68.0-255,2902,12150,35,283155
20815,9.3e-05,172.31.33.0-255,66,12216,35,283155
20816,0.00011,74.125.68.0-255,3504,15720,35,283155
20817,0.000113,172.31.33.0-255,66,15786,35,283155
20818,0.000117,74.125.68.0-255,2902,18688,35,283155
20819,0.000119,172.31.33.0-255,66,18754,35,283155
20820,0.000159,172.31.33.0-255,66,18820,35,283155
20821,0.000161,74.125.68.0-255,1125,19945,35,283155
20822,0.000163,172.31.33.0-255,66,20011,35,283155
20823,0.000249,74.125.68.0-255,1484,21495,35,283155
20824,0.000252,172.31.33.0-255,66,21561,35,283155
20825,0.000258,74.125.68.0-255,1484,23045,35,283155
20826,0.000259,172.31.33.0-255,66,23111,35,283155
20827,0.00027,74.125.68.0-255,1484,24595,35,283155
20828,0.000273,172.31.33.0-255,66,24661,35,283155
20829,0.000298,74.125.68.0-255,5738,30399,35,283155
20830,0.000301,172.31.33.0-255,66,30465,35,283155
20831,0.000306,74.125.68.0-255,5738,36203,35,283155
20832,0.000308,172.31.33.0-255,66,36269,35,283155
20833,0.000336,74.125.68.0-255,1125,37394,35,283155
20834,0.000338,172.31.33.0-255,66,37460,35,283155
20835,0.000345,74.125.68.0-255,7156,44616,35,283155
20836,0.000347,172.31.33.0-255,66,44682,35,283155
20837,0.000365,74.125.68.0-255,7156,51838,35,283155
20838,0.000368,172.31.33.0-255,66,51904,35,283155
20839,0.000385,74.125.68.0-255,2815,54719,35,283155
20840,0.000387,172.31.33.0-255,66,54785,35,283155
20841,0.00039,74.125.68.0-255,127,54912,35,283155
20842,0.000393,74.125.68.0-255,353,55265,35,283155
20843,0.000512,74.125.68.0-255,1484,56749,35,283155
20844,0.000516,172.31.33.0-255,66,56815,35,283155
20845,0.00052,74.125.68.0-255,1484,58299,35,283155
20846,0.000535,74.125.68.0-255,1484,59783,35,283155
20847,0.000537,172.31.33.0-255,66,59849,35,283155
20848,0.000544,74.125.68.0-255,5738,65587,35,283155
20849,0.000546,172.31.33.0-255,66,65653,35,283155
20850,0.000565,74.125.68.0-255,2902,68555,35,283155
20851,0.000568,172.31.33.0-255,66,68621,35,283155
20852,0.000581,74.125.68.0-255,3412,72033,35,283155
20853,0.000585,172.31.33.0-255,66,72099,35,283155
20854,0.000902,74.125.68.0-255,1484,73583,35,283155
20855,0.000907,74.125.68.0-255,2902,76485,35,283155
20856,0.00091,172.31.33.0-255,66,76551,35,283155
20857,0.000914,74.125.68.0-255,1484,78035,35,283155
20858,0.000917,74.125.68.0-255,1484,79519,35,283155
20859,0.000918,172.31.33.0-255,66,79585,35,283155
20860,0.000932,74.125.68.0-255,1484,81069,35,283155
20861,0.000938,74.125.68.0-255,5738,86807,35,283155
20862,0.00094,172.31.33.0-255,66,86873,35,283155
20863,0.000966,74.125.68.0-255,1484,88357,35,283155
20864,0.000987,172.31.33.0-255,66,88423,35,283155
20865,0.00102,74.125.68.0-255,4320,92743,35,283155
20866,0.001023,172.31.33.0-255,66,92809,35,283155
20867,0.001042,74.125.68.0-255,3602,96411,35,283155
20868,0.001045,172.31.33.0-255,66,96477,35,283155
20869,0.00125,74.125.68.0-255,1484,97961,35,283155
20870,0.001264,74.125.68.0-255,2902,100863,35,283155
20871,0.001268,172.31.33.0-255,66,100929,35,283155
20872,0.001272,74.125.68.0-255,1484,102413,35,283155
20873,0.001291,74.125.68.0-255,2902,105315,35,283155
20874,0.001292,172.31.33.0-255,66,105381,35,283155
20875,0.001316,172.31.33.0-255,66,105447,35,283155
20876,0.001319,74.125.68.0-255,1484,106931,35,283155
20877,0.001343,74.125.68.0-255,5738,112669,35,283155
20878,0.001345,172.31.33.0-255,66,112735,35,283155
20879,0.001355,172.31.33.0-255,66,112801,35,283155
20880,0.001358,74.125.68.0-255,766,113567,35,283155
20881,0.001404,74.125.68.0-255,1484,115051,35,283155
20882,0.001406,172.31.33.0-255,66,115117,35,283155
20883,0.00141,74.125.68.0-255,1484,116601,35,283155
20884,0.001425,74.125.68.0-255,2902,119503,35,283155
20885,0.001427,172.31.33.0-255,66,119569,35,283155
20886,0.001446,74.125.68.0-255,4320,123889,35,283155
20887,0.001449,172.31.33.0-255,66,123955,35,283155
20888,0.001466,74.125.68.0-255,1484,125439,35,283155
20889,0.001487,172.31.33.0-255,66,125505,35,283155
20890,0.001503,74.125.68.0-255,2902,128407,35,283155
20891,0.001505,172.31.33.0-255,66,128473,35,283155
20892,0.001522,74.125.68.0-255,2902,131375,35,283155
20893,0.001525,172.31.33.0-255,66,131441,35,283155
20894,0.001553,172.31.33.0-255,66,131507,35,283155
20895,0.001597,172.31.33.0-255,66,131573,35,283155
20896,0.001608,172.31.33.0-255,66,131639,35,283155
20897,0.001643,172.31.33.0-255,66,131705,35,283155
20898,0.001672,74.125.68.0-255,2902,134607,35,283155
20899,0.001675,172.31.33.0-255,66,134673,35,283155
20900,0.001686,74.125.68.0-255,2184,136857,35,283155
20901,0.001688,172.31.33.0-255,66,136923,35,283155
20902,0.00199,74.125.68.0-255,1484,138407,35,283155
20903,0.001997,74.125.68.0-255,2902,141309,35,283155
20904,0.002002,172.31.33.0-255,66,141375,35,283155
20905,0.002024,74.125.68.0-255,5738,147113,35,283155
20906,0.002027,172.31.33.0-255,66,147179,35,283155
20907,0.002031,74.125.68.0-255,4320,151499,35,283155
20908,0.002033,172.31.33.0-255,66,151565,35,283155
20909,0.002053,74.125.68.0-255,5738,157303,35,283155
20910,0.002055,172.31.33.0-255,66,157369,35,283155
20911,0.002095,172.31.33.0-255,66,157435,35,283155
20912,0.002138,74.125.68.0-255,2184,159619,35,283155
20913,0.00214,172.31.33.0-255,66,159685,35,283155
20914,0.002184,74.125.68.0-255,1484,161169,35,283155
20915,0.002198,74.125.68.0-255,2902,164071,35,283155
20916,0.002201,172.31.33.0-255,66,164137,35,283155
20917,0.002221,74.125.68.0-255,5738,169875,35,283155
20918,0.002224,172.31.33.0-255,66,169941,35,283155
20919,0.002228,74.125.68.0-255,2902,172843,35,283155
20920,0.00223,172.31.33.0-255,66,172909,35,283155
20921,0.002272,172.31.33.0-255,66,172975,35,283155
20922,0.002275,74.125.68.0-255,1484,174459,35,283155
20923,0.002292,172.31.33.0-255,66,174525,35,283155
20924,0.002312,74.125.68.0-255,766,175291,35,283155
20925,0.002394,74.125.68.0-255,1484,176775,35,283155
20926,0.002397,172.31.33.0-255,66,176841,35,283155
20927,0.002401,74.125.68.0-255,2902,179743,35,283155
20928,0.002404,172.31.33.0-255,66,179809,35,283155
20929,0.002427,74.125.68.0-255,5738,185547,35,283155
20930,0.002429,172.31.33.0-255,66,185613,35,283155
20931,0.002433,74.125.68.0-255,2902,188515,35,283155
20932,0.002435,172.31.33.0-255,66,188581,35,283155
20933,0.00244,74.125.68.0-255,4320,192901,35,283155
20934,0.002442,172.31.33.0-255,66,192967,35,283155
20935,0.002463,74.125.68.0-255,1484,194451,35,283155
20936,0.002482,74.125.68.0-255,7156,201607,35,283155
20937,0.002484,172.31.33.0-255,66,201673,35,283155
20938,0.00249,74.125.68.0-255,5738,207411,35,283155
20939,0.002492,172.31.33.0-255,66,207477,35,283155
20940,0.002504,74.125.68.0-255,2184,209661,35,283155
20941,0.002506,172.31.33.0-255,66,209727,35,283155
20942,0.002551,74.125.68.0-255,1484,211211,35,283155
20943,0.002568,74.125.68.0-255,2902,214113,35,283155
20944,0.00257,172.31.33.0-255,66,214179,35,283155
20945,0.002581,74.125.68.0-255,2902,217081,35,283155
20946,0.002583,172.31.33.0-255,66,217147,35,283155
20947,0.002594,74.125.68.0-255,1484,218631,35,283155
20948,0.002608,74.125.68.0-255,2902,221533,35,283155
20949,0.00261,172.31.33.0-255,66,221599,35,283155
20950,0.002632,172.31.33.0-255,66,221665,35,283155
20951,0.002635,74.125.68.0-255,1484,223149,35,283155
20952,0.002637,74.125.68.0-255,1484,224633,35,283155
20953,0.002639,172.31.33.0-255,66,224699,35,283155
20954,0.002641,74.125.68.0-255,1484,226183,35,283155
20955,0.002662,74.125.68.0-255,4320,230503,35,283155
20956,0.002664,172.31.33.0-255,66,230569,35,283155
20957,0.002683,74.125.68.0-255,4320,234889,35,283155
20958,0.002685,172.31.33.0-255,66,234955,35,283155
20959,0.0027,74.125.68.0-255,766,235721,35,283155
20960,0.002703,74.125.68.0-255,2902,238623,35,283155
20961,0.002705,172.31.33.0-255,66,238689,35,283155
20962,0.002728,74.125.68.0-255,2902,241591,35,283155
20963,0.00273,172.31.33.0-255,66,241657,35,283155
20964,0.002735,74.125.68.0-255,4320,245977,35,283155
20965,0.002737,172.31.33.0-255,66,246043,35,283155
20966,0.002741,74.125.68.0-255,4320,250363,35,283155
20967,0.002744,172.31.33.0-255,66,250429,35,283155
20968,0.002747,74.125.68.0-255,2902,253331,35,283155
20969,0.002749,172.31.33.0-255,66,253397,35,283155
20970,0.002753,74.125.68.0-255,2902,256299,35,283155
20971,0.002755,172.31.33.0-255,66,256365,35,283155
20972,0.002777,74.125.68.0-255,1484,257849,35,283155
20973,0.002784,74.125.68.0-255,7156,265005,35,283155
20974,0.002786,172.31.33.0-255,66,265071,35,283155
20975,0.002788,74.125.68.0-255,1484,266555,35,283155
20976,0.002791,74.125.68.0-255,1484,268039,35,283155
20977,0.002793,172.31.33.0-255,66,268105,35,283155
20978,0.002815,74.125.68.0-255,2184,270289,35,283155
20979,0.002817,172.31.33.0-255,66,270355,35,283155
20980,0.002819,74.125.68.0-255,1484,271839,35,283155
20981,0.002834,74.125.68.0-255,2902,274741,35,283155
20982,0.002836,172.31.33.0-255,66,274807,35,283155
20983,0.002839,74.125.68.0-255,1484,276291,35,283155
20984,0.002854,74.125.68.0-255,2902,279193,35,283155
20985,0.002855,172.31.33.0-255,66,279259,35,283155
20986,0.002886,74.125.68.0-255,1381,280640,35,283155
20987,0.002924,74.125.68.0-255,105,280745,35,283155
20988,0.013694,74.125.68.0-255,105,280850,35,283155
20989,0.013713,172.31.33.0-255,78,280928,35,283155
20990,0.014148,172.31.33.0-255,105,281033,35,283155
20991,0.016615,74.125.68.0-255,66,281099,35,283155
20992,0.056457,172.31.33.0-255,172,281271,35,283155
20993,0.05649,172.31.33.0-255,1108,282379,35,283155
20994,0.05654,172.31.33.0-255,578,282957,35,283155
20995,0.058029,104.244.42.0-255,66,283023,35,283155
20996,0.05804,104.244.42.0-255,66,283089,35,283155
20997,0.058089,104.244.42.0-255,66,283155,35,283155
20998,0.0,74.125.24.0-255,153,153,35,211745
20999,1.6e-05,172.31.33.0-255,66,219,35,211745
21000,4.7e-05,74.125.24.0-255,1484,1703,35,211745
21001,5.2e-05,172.31.33.0-255,66,1769,35,211745
21002,5.7e-05,74.125.24.0-255,2902,4671,35,211745
21003,6e-05,172.31.33.0-255,66,4737,35,211745
21004,7e-05,74.125.24.0-255,2902,7639,35,211745
21005,7.2e-05,172.31.33.0-255,66,7705,35,211745
21006,0.000116,172.31.33.0-255,66,7771,35,211745
21007,0.000125,172.31.33.0-255,66,7837,35,211745
21008,0.00016,74.125.24.0-255,5738,13575,35,211745
21009,0.000163,172.31.33.0-255,66,13641,35,211745
21010,0.000173,74.125.24.0-255,1125,14766,35,211745
21011,0.000178,172.31.33.0-255,66,14832,35,211745
21012,0.000289,74.125.24.0-255,1484,16316,35,211745
21013,0.000294,172.31.33.0-255,66,16382,35,211745
21014,0.000319,74.125.24.0-255,1484,17866,35,211745
21015,0.000322,172.31.33.0-255,66,17932,35,211745
21016,0.000326,74.125.24.0-255,2902,20834,35,211745
21017,0.000328,172.31.33.0-255,66,20900,35,211745
21018,0.000333,74.125.24.0-255,5738,26638,35,211745
21019,0.000341,172.31.33.0-255,66,26704,35,211745
21020,0.000366,74.125.24.0-255,4320,31024,35,211745
21021,0.000369,172.31.33.0-255,66,31090,35,211745
21022,0.000407,172.31.33.0-255,66,31156,35,211745
21023,0.000433,172.31.33.0-255,66,31222,35,211745
21024,0.000476,74.125.24.0-255,127,31349,35,211745
21025,0.00048,172.31.33.0-255,66,31415,35,211745
21026,0.000924,74.125.24.0-255,1484,32899,35,211745
21027,0.000931,74.125.24.0-255,2902,35801,35,211745
21028,0.000934,74.125.24.0-255,1484,37285,35,211745
21029,0.000941,172.31.33.0-255,66,37351,35,211745
21030,0.000966,74.125.24.0-255,4320,41671,35,211745
21031,0.00103,172.31.33.0-255,66,41737,35,211745
21032,0.001176,74.125.24.0-255,1484,43221,35,211745
21033,0.001181,74.125.24.0-255,2902,46123,35,211745
21034,0.001196,172.31.33.0-255,66,46189,35,211745
21035,0.001204,74.125.24.0-255,2902,49091,35,211745
21036,0.001208,172.31.33.0-255,66,49157,35,211745
21037,0.001218,74.125.24.0-255,2902,52059,35,211745
21038,0.001223,74.125.24.0-255,2902,54961,35,211745
21039,0.001269,172.31.33.0-255,66,55027,35,211745
21040,0.001491,74.125.24.0-255,1484,56511,35,211745
21041,0.001503,74.125.24.0-255,2902,59413,35,211745
21042,0.001506,172.31.33.0-255,66,59479,35,211745
21043,0.001509,74.125.24.0-255,1484,60963,35,211745
21044,0.001523,74.125.24.0-255,4320,65283,35,211745
21045,0.001528,172.31.33.0-255,66,65349,35,211745
21046,0.001575,172.31.33.0-255,66,65415,35,211745
21047,0.0016,74.125.24.0-255,5738,71153,35,211745
21048,0.001609,172.31.33.0-255,66,71219,35,211745
21049,0.001623,74.125.24.0-255,5020,76239,35,211745
21050,0.001628,172.31.33.0-255,66,76305,35,211745
21051,0.001957,74.125.24.0-255,1484,77789,35,211745
21052,0.001962,74.125.24.0-255,2902,80691,35,211745
21053,0.001965,172.31.33.0-255,66,80757,35,211745
21054,0.001993,74.125.24.0-255,5738,86495,35,211745
21055,0.001998,74.125.24.0-255,4320,90815,35,211745
21056,0.002025,74.125.24.0-255,4320,95135,35,211745
21057,0.002043,74.125.24.0-255,5738,100873,35,211745
21058,0.002064,172.31.33.0-255,66,100939,35,211745
21059,0.00209,172.31.33.0-255,66,101005,35,211745
21060,0.00212,74.125.24.0-255,1484,102489,35,211745
21061,0.002125,172.31.33.0-255,66,102555,35,211745
21062,0.002136,74.125.24.0-255,2902,105457,35,211745
21063,0.002153,74.125.24.0-255,5020,110477,35,211745
21064,0.002162,74.125.24.0-255,1484,111961,35,211745
21065,0.002166,172.31.33.0-255,66,112027,35,211745
21066,0.002173,74.125.24.0-255,2902,114929,35,211745
21067,0.002175,74.125.24.0-255,1484,116413,35,211745
21068,0.002184,172.31.33.0-255,66,116479,35,211745
21069,0.0022,74.125.24.0-255,4320,120799,35,211745
21070,0.002203,74.125.24.0-255,1484,122283,35,211745
21071,0.002253,74.125.24.0-255,766,123049,35,211745
21072,0.002375,74.125.24.0-255,1484,124533,35,211745
21073,0.002417,74.125.24.0-255,2902,127435,35,211745
21074,0.00242,74.125.24.0-255,1484,128919,35,211745
21075,0.002425,74.125.24.0-255,5738,134657,35,211745
21076,0.002427,74.125.24.0-255,1484,136141,35,211745
21077,0.002437,74.125.24.0-255,1484,137625,35,211745
21078,0.00245,74.125.24.0-255,2902,140527,35,211745
21079,0.002482,74.125.24.0-255,5738,146265,35,211745
21080,0.002507,74.125.24.0-255,5738,152003,35,211745
21081,0.002511,74.125.24.0-255,5020,157023,35,211745
21082,0.002513,74.125.24.0-255,1484,158507,35,211745
21083,0.002532,74.125.24.0-255,5738,164245,35,211745
21084,0.002543,74.125.24.0-255,4320,168565,35,211745
21085,0.002559,74.125.24.0-255,2902,171467,35,211745
21086,0.002585,74.125.24.0-255,2184,173651,35,211745
21087,0.002589,74.125.24.0-255,2902,176553,35,211745
21088,0.002629,74.125.24.0-255,1484,178037,35,211745
21089,0.002633,172.31.33.0-255,78,178115,35,211745
21090,0.002636,74.125.24.0-255,1484,179599,35,211745
21091,0.002638,172.31.33.0-255,78,179677,35,211745
21092,0.002678,172.31.33.0-255,78,179755,35,211745
21093,0.002701,74.125.24.0-255,1484,181239,35,211745
21094,0.002704,172.31.33.0-255,78,181317,35,211745
21095,0.002706,74.125.24.0-255,1484,182801,35,211745
21096,0.002711,74.125.24.0-255,3602,186403,35,211745
21097,0.002714,74.125.24.0-255,2902,189305,35,211745
21098,0.002742,74.125.24.0-255,5738,195043,35,211745
21099,0.002744,74.125.24.0-255,1484,196527,35,211745
21100,0.002746,74.125.24.0-255,1484,198011,35,211745
21101,0.002783,74.125.24.0-255,5738,203749,35,211745
21102,0.002797,74.125.24.0-255,1426,205175,35,211745
21103,0.0028,74.125.24.0-255,105,205280,35,211745
21104,0.002823,172.31.33.0-255,66,205346,35,211745
21105,0.004114,172.31.33.0-255,105,205451,35,211745
21106,0.006419,74.125.24.0-255,66,205517,35,211745
21107,0.032052,172.31.33.0-255,182,205699,35,211745
21108,0.032126,172.31.33.0-255,1108,206807,35,211745
21109,0.032238,172.31.33.0-255,1514,208321,35,211745
21110,0.03224,172.31.33.0-255,1514,209835,35,211745
21111,0.032244,172.31.33.0-255,1514,211349,35,211745
21112,0.032245,172.31.33.0-255,132,211481,35,211745
21113,0.033595,104.244.42.0-255,66,211547,35,211745
21114,0.0337,104.244.42.0-255,66,211613,35,211745
21115,0.033777,104.244.42.0-255,66,211679,35,211745
21116,0.033782,104.244.42.0-255,66,211745,35,211745
21117,0.0,172.31.33.0-255,105,105,35,276
21118,0.001772,157.240.7.0-255,105,210,35,276
21119,0.001785,172.31.33.0-255,66,276,35,276
21120,0.0,172.31.33.0-255,105,105,35,276
21121,0.002047,157.240.7.0-255,105,210,35,276
21122,0.002058,172.31.33.0-255,66,276,35,276
21123,0.0,172.217.160.0-255,217,217,35,208682
21124,3.4e-05,172.31.33.0-255,66,283,35,208682
21125,4.2e-05,172.217.160.0-255,1484,1767,35,208682
21126,4.6e-05,172.31.33.0-255,66,1833,35,208682
21127,6.2e-05,172.217.160.0-255,4320,6153,35,208682
21128,6.6e-05,172.31.33.0-255,66,6219,35,208682
21129,7.6e-05,172.31.33.0-255,66,6285,35,208682
21130,7.9e-05,172.217.160.0-255,1484,7769,35,208682
21131,8.2e-05,172.31.33.0-255,66,7835,35,208682
21132,0.000119,172.217.160.0-255,7156,14991,35,208682
21133,0.000122,172.31.33.0-255,66,15057,35,208682
21134,0.000127,172.217.160.0-255,4320,19377,35,208682
21135,0.00013,172.31.33.0-255,66,19443,35,208682
21136,0.000151,172.217.160.0-255,3961,23404,35,208682
21137,0.000159,172.31.33.0-255,66,23470,35,208682
21138,0.000162,172.217.160.0-255,1484,24954,35,208682
21139,0.000164,172.31.33.0-255,66,25020,35,208682
21140,0.000191,172.217.160.0-255,2902,27922,35,208682
21141,0.000195,172.31.33.0-255,66,27988,35,208682
21142,0.000201,172.217.160.0-255,5738,33726,35,208682
21143,0.000203,172.31.33.0-255,66,33792,35,208682
21144,0.000208,172.217.160.0-255,4320,38112,35,208682
21145,0.000213,172.31.33.0-255,66,38178,35,208682
21146,0.000262,172.31.33.0-255,66,38244,35,208682
21147,0.000272,172.31.33.0-255,66,38310,35,208682
21148,0.00028,172.217.160.0-255,1125,39435,35,208682
21149,0.000281,172.31.33.0-255,66,39501,35,208682
21150,0.000477,172.217.160.0-255,375,39876,35,208682
21151,0.000482,172.31.33.0-255,66,39942,35,208682
21152,0.00086,172.217.160.0-255,368,40310,35,208682
21153,0.000936,172.217.160.0-255,1484,41794,35,208682
21154,0.00094,172.31.33.0-255,66,41860,35,208682
21155,0.000946,172.217.160.0-255,2902,44762,35,208682
21156,0.000949,172.31.33.0-255,66,44828,35,208682
21157,0.000971,172.217.160.0-255,5738,50566,35,208682
21158,0.000979,172.31.33.0-255,66,50632,35,208682
21159,0.000985,172.217.160.0-255,4320,54952,35,208682
21160,0.000988,172.31.33.0-255,66,55018,35,208682
21161,0.001018,172.217.160.0-255,2543,57561,35,208682
21162,0.001022,172.31.33.0-255,66,57627,35,208682
21163,0.001081,172.31.33.0-255,66,57693,35,208682
21164,0.001086,172.217.160.0-255,2543,60236,35,208682
21165,0.001087,172.31.33.0-255,66,60302,35,208682
21166,0.001127,172.217.160.0-255,1484,61786,35,208682
21167,0.001132,172.217.160.0-255,2902,64688,35,208682
21168,0.001134,172.31.33.0-255,66,64754,35,208682
21169,0.001139,172.217.160.0-255,4320,69074,35,208682
21170,0.001142,172.31.33.0-255,66,69140,35,208682
21171,0.001167,172.217.160.0-255,1484,70624,35,208682
21172,0.001186,172.31.33.0-255,66,70690,35,208682
21173,0.001211,172.31.33.0-255,66,70756,35,208682
21174,0.001234,172.217.160.0-255,2184,72940,35,208682
21175,0.001237,172.31.33.0-255,66,73006,35,208682
21176,0.001301,172.217.160.0-255,1484,74490,35,208682
21177,0.001308,172.217.160.0-255,2902,77392,35,208682
21178,0.001311,172.31.33.0-255,66,77458,35,208682
21179,0.001316,172.217.160.0-255,2902,80360,35,208682
21180,0.001318,172.31.33.0-255,66,80426,35,208682
21181,0.00135,172.217.160.0-255,2902,83328,35,208682
21182,0.001354,172.31.33.0-255,66,83394,35,208682
21183,0.001367,172.31.33.0-255,66,83460,35,208682
21184,0.001379,172.217.160.0-255,7156,90616,35,208682
21185,0.001383,172.31.33.0-255,66,90682,35,208682
21186,0.001417,172.217.160.0-255,3053,93735,35,208682
21187,0.00142,172.31.33.0-255,66,93801,35,208682
21188,0.001457,172.217.160.0-255,1484,95285,35,208682
21189,0.001461,172.217.160.0-255,1484,96769,35,208682
21190,0.001465,172.31.33.0-255,66,96835,35,208682
21191,0.001496,172.217.160.0-255,1484,98319,35,208682
21192,0.001504,172.217.160.0-255,5738,104057,35,208682
21193,0.001507,172.31.33.0-255,66,104123,35,208682
21194,0.00152,172.31.33.0-255,66,104189,35,208682
21195,0.001539,172.31.33.0-255,66,104255,35,208682
21196,0.00166,172.217.160.0-255,1484,105739,35,208682
21197,0.001668,172.217.160.0-255,2902,108641,35,208682
21198,0.001674,172.31.33.0-255,66,108707,35,208682
21199,0.00168,172.217.160.0-255,5738,114445,35,208682
21200,0.001682,172.31.33.0-255,66,114511,35,208682
21201,0.001685,172.217.160.0-255,1484,115995,35,208682
21202,0.001712,172.31.33.0-255,66,116061,35,208682
21203,0.001721,172.31.33.0-255,66,116127,35,208682
21204,0.001753,172.217.160.0-255,2184,118311,35,208682
21205,0.001755,172.31.33.0-255,66,118377,35,208682
21206,0.001887,172.217.160.0-255,1484,119861,35,208682
21207,0.001916,172.217.160.0-255,2902,122763,35,208682
21208,0.001919,172.31.33.0-255,66,122829,35,208682
21209,0.001937,172.217.160.0-255,2902,125731,35,208682
21210,0.001939,172.31.33.0-255,66,125797,35,208682
21211,0.001963,172.217.160.0-255,1484,127281,35,208682
21212,0.001979,172.31.33.0-255,66,127347,35,208682
21213,0.001989,172.31.33.0-255,66,127413,35,208682
21214,0.002011,172.217.160.0-255,1484,128897,35,208682
21215,0.002022,172.217.160.0-255,6438,135335,35,208682
21216,0.002025,172.31.33.0-255,66,135401,35,208682
21217,0.002061,172.217.160.0-255,2902,138303,35,208682
21218,0.002063,172.31.33.0-255,66,138369,35,208682
21219,0.002092,172.217.160.0-255,4320,142689,35,208682
21220,0.002095,172.31.33.0-255,66,142755,35,208682
21221,0.002097,172.217.160.0-255,1484,144239,35,208682
21222,0.0021,172.217.160.0-255,1484,145723,35,208682
21223,0.002102,172.31.33.0-255,66,145789,35,208682
21224,0.002104,172.217.160.0-255,1484,147273,35,208682
21225,0.002113,172.217.160.0-255,2902,150175,35,208682
21226,0.002115,172.31.33.0-255,66,150241,35,208682
21227,0.002118,172.217.160.0-255,1484,151725,35,208682
21228,0.002122,172.217.160.0-255,2902,154627,35,208682
21229,0.002124,172.31.33.0-255,66,154693,35,208682
21230,0.002129,172.217.160.0-255,4320,159013,35,208682
21231,0.002131,172.31.33.0-255,66,159079,35,208682
21232,0.002165,172.217.160.0-255,5738,164817,35,208682
21233,0.002171,172.31.33.0-255,66,164883,35,208682
21234,0.002177,172.217.160.0-255,5020,169903,35,208682
21235,0.002179,172.31.33.0-255,66,169969,35,208682
21236,0.002181,172.217.160.0-255,1484,171453,35,208682
21237,0.002203,172.217.160.0-255,2902,174355,35,208682
21238,0.002206,172.31.33.0-255,66,174421,35,208682
21239,0.002211,172.217.160.0-255,4320,178741,35,208682
21240,0.002213,172.31.33.0-255,66,178807,35,208682
21241,0.00222,172.217.160.0-255,7156,185963,35,208682
21242,0.002223,172.31.33.0-255,66,186029,35,208682
21243,0.002261,172.31.33.0-255,66,186095,35,208682
21244,0.002264,172.217.160.0-255,1484,187579,35,208682
21245,0.002287,172.31.33.0-255,66,187645,35,208682
21246,0.002403,172.217.160.0-255,1484,189129,35,208682
21247,0.002407,172.217.160.0-255,1484,190613,35,208682
21248,0.002409,172.31.33.0-255,66,190679,35,208682
21249,0.002424,172.217.160.0-255,1484,192163,35,208682
21250,0.002434,172.217.160.0-255,5738,197901,35,208682
21251,0.002437,172.31.33.0-255,66,197967,35,208682
21252,0.002447,172.31.33.0-255,66,198033,35,208682
21253,0.00247,172.217.160.0-255,2902,200935,35,208682
21254,0.002476,172.31.33.0-255,66,201001,35,208682
21255,0.00249,172.217.160.0-255,2902,203903,35,208682
21256,0.002522,172.217.160.0-255,4320,208223,35,208682
21257,0.0026,172.217.160.0-255,105,208328,35,208682
21258,0.009582,172.217.160.0-255,105,208433,35,208682
21259,0.009607,172.31.33.0-255,78,208511,35,208682
21260,0.013516,172.31.33.0-255,105,208616,35,208682
21261,0.015455,172.217.160.0-255,66,208682,35,208682
21262,0.0,172.31.33.0-255,105,105,35,276
21263,0.001519,157.240.7.0-255,105,210,35,276
21264,0.00153,172.31.33.0-255,66,276,35,276
21265,0.0,172.31.33.0-255,105,105,35,276
21266,0.001746,157.240.7.0-255,105,210,35,276
21267,0.001756,172.31.33.0-255,66,276,35,276
21268,0.0,172.31.33.0-255,105,105,35,276
21269,0.001795,157.240.7.0-255,105,210,35,276
21270,0.001804,172.31.33.0-255,66,276,35,276
21271,0.0,74.125.130.0-255,431,431,35,158480
21272,2.6e-05,74.125.130.0-255,1484,1915,35,158480
21273,3.4e-05,172.31.33.0-255,66,1981,35,158480
21274,3.9e-05,74.125.130.0-255,1484,3465,35,158480
21275,5.7e-05,74.125.130.0-255,2902,6367,35,158480
21276,6e-05,172.31.33.0-255,66,6433,35,158480
21277,0.000141,74.125.130.0-255,1484,7917,35,158480
21278,0.000158,74.125.130.0-255,4320,12237,35,158480
21279,0.000161,172.31.33.0-255,66,12303,35,158480
21280,0.000375,74.125.130.0-255,2045,14348,35,158480
21281,0.00038,172.31.33.0-255,66,14414,35,158480
21282,0.000457,74.125.130.0-255,5738,20152,35,158480
21283,0.00046,172.31.33.0-255,66,20218,35,158480
21284,0.000476,74.125.130.0-255,4320,24538,35,158480
21285,0.00048,172.31.33.0-255,66,24604,35,158480
21286,0.00086,74.125.130.0-255,5738,30342,35,158480
21287,0.00088,172.31.33.0-255,66,30408,35,158480
21288,0.002596,74.125.130.0-255,5738,36146,35,158480
21289,0.002603,172.31.33.0-255,66,36212,35,158480
21290,0.002708,74.125.130.0-255,2902,39114,35,158480
21291,0.003213,74.125.130.0-255,2902,42016,35,158480
21292,0.003281,74.125.130.0-255,4320,46336,35,158480
21293,0.003963,74.125.130.0-255,5738,52074,35,158480
21294,0.004678,74.125.130.0-255,5738,57812,35,158480
21295,0.004694,74.125.130.0-255,1484,59296,35,158480
21296,0.005001,172.31.33.0-255,66,59362,35,158480
21297,0.005159,74.125.130.0-255,7156,66518,35,158480
21298,0.005169,172.31.33.0-255,66,66584,35,158480
21299,0.00518,74.125.130.0-255,4320,70904,35,158480
21300,0.005186,172.31.33.0-255,66,70970,35,158480
21301,0.005525,172.31.33.0-255,66,71036,35,158480
21302,0.007589,74.125.130.0-255,5738,76774,35,158480
21303,0.007596,172.31.33.0-255,66,76840,35,158480
21304,0.007754,74.125.130.0-255,4320,81160,35,158480
21305,0.007768,74.125.130.0-255,2902,84062,35,158480
21306,0.007782,74.125.130.0-255,5738,89800,35,158480
21307,0.007792,74.125.130.0-255,1992,91792,35,158480
21308,0.008077,74.125.130.0-255,3812,95604,35,158480
21309,0.008099,74.125.130.0-255,4320,99924,35,158480
21310,0.008128,74.125.130.0-255,4320,104244,35,158480
21311,0.008378,74.125.130.0-255,5738,109982,35,158480
21312,0.008962,172.31.33.0-255,66,110048,35,158480
21313,0.010162,74.125.130.0-255,1866,111914,35,158480
21314,0.010169,172.31.33.0-255,66,111980,35,158480
21315,0.010181,74.125.130.0-255,5738,117718,35,158480
21316,0.010184,172.31.33.0-255,66,117784,35,158480
21317,0.010224,172.31.33.0-255,66,117850,35,158480
21318,0.0104,74.125.130.0-255,2902,120752,35,158480
21319,0.010403,172.31.33.0-255,66,120818,35,158480
21320,0.010428,172.31.33.0-255,66,120884,35,158480
21321,0.010455,74.125.130.0-255,5738,126622,35,158480
21322,0.010458,172.31.33.0-255,66,126688,35,158480
21323,0.011555,172.31.33.0-255,66,126754,35,158480
21324,0.011575,172.31.33.0-255,66,126820,35,158480
21325,0.011628,74.125.130.0-255,4320,131140,35,158480
21326,0.011631,172.31.33.0-255,66,131206,35,158480
21327,0.011715,172.31.33.0-255,66,131272,35,158480
21328,0.01206,172.31.33.0-255,66,131338,35,158480
21329,0.012092,172.31.33.0-255,66,131404,35,158480
21330,0.012762,172.31.33.0-255,66,131470,35,158480
21331,0.012811,74.125.130.0-255,1484,132954,35,158480
21332,0.012863,172.31.33.0-255,66,133020,35,158480
21333,0.012902,172.31.33.0-255,66,133086,35,158480
21334,0.013133,74.125.130.0-255,4320,137406,35,158480
21335,0.013137,172.31.33.0-255,66,137472,35,158480
21336,0.013168,172.31.33.0-255,66,137538,35,158480
21337,0.013201,172.31.33.0-255,66,137604,35,158480
21338,0.013219,74.125.130.0-255,4320,141924,35,158480
21339,0.013221,172.31.33.0-255,66,141990,35,158480
21340,0.014152,172.31.33.0-255,66,142056,35,158480
21341,0.014173,74.125.130.0-255,6146,148202,35,158480
21342,0.014176,172.31.33.0-255,66,148268,35,158480
21343,0.017881,172.31.33.0-255,105,148373,35,158480
21344,0.024662,74.125.130.0-255,66,148439,35,158480
21345,0.036841,172.31.33.0-255,172,148611,35,158480
21346,0.036892,172.31.33.0-255,1107,149718,35,158480
21347,0.037058,172.31.33.0-255,1514,151232,35,158480
21348,0.03706,172.31.33.0-255,1514,152746,35,158480
21349,0.037061,172.31.33.0-255,1514,154260,35,158480
21350,0.037062,172.31.33.0-255,1514,155774,35,158480
21351,0.037091,172.31.33.0-255,1514,157288,35,158480
21352,0.037094,172.31.33.0-255,928,158216,35,158480
21353,0.038423,104.244.42.0-255,66,158282,35,158480
21354,0.038443,104.244.42.0-255,66,158348,35,158480
21355,0.038622,104.244.42.0-255,66,158414,35,158480
21356,0.038628,104.244.42.0-255,66,158480,35,158480
21357,0.0,172.31.33.0-255,105,105,35,1377
21358,7.1e-05,172.31.33.0-255,105,210,35,1377
21359,0.000104,172.31.33.0-255,105,315,35,1377
21360,0.000359,172.31.33.0-255,90,405,35,1377
21361,0.00037,172.31.33.0-255,66,471,35,1377
21362,0.000746,172.31.33.0-255,90,561,35,1377
21363,0.000754,172.31.33.0-255,66,627,35,1377
21364,0.000935,172.31.33.0-255,90,717,35,1377
21365,0.000941,172.31.33.0-255,66,783,35,1377
21366,0.002863,74.125.24.0-255,66,849,35,1377
21367,0.002894,74.125.24.0-255,66,915,35,1377
21368,0.002916,172.31.33.0-255,66,981,35,1377
21369,0.002945,74.125.200.0-255,66,1047,35,1377
21370,0.002965,74.125.200.0-255,66,1113,35,1377
21371,0.002977,172.31.33.0-255,66,1179,35,1377
21372,0.002981,74.125.200.0-255,66,1245,35,1377
21373,0.003,74.125.200.0-255,66,1311,35,1377
21374,0.003011,172.31.33.0-255,66,1377,35,1377
21375,0.0,74.125.24.0-255,153,153,35,141916
21376,1.7e-05,172.31.33.0-255,66,219,35,141916
21377,2.3e-05,74.125.24.0-255,1484,1703,35,141916
21378,2.7e-05,172.31.33.0-255,66,1769,35,141916
21379,3.2e-05,74.125.24.0-255,2902,4671,35,141916
21380,4.4e-05,172.31.33.0-255,66,4737,35,141916
21381,5.1e-05,74.125.24.0-255,7156,11893,35,141916
21382,5.4e-05,172.31.33.0-255,66,11959,35,141916
21383,5.7e-05,74.125.24.0-255,1484,13443,35,141916
21384,6e-05,172.31.33.0-255,66,13509,35,141916
21385,0.000102,172.31.33.0-255,66,13575,35,141916
21386,0.000112,172.31.33.0-255,66,13641,35,141916
21387,0.00015,74.125.24.0-255,1484,15125,35,141916
21388,0.000152,172.31.33.0-255,66,15191,35,141916
21389,0.000157,74.125.24.0-255,2902,18093,35,141916
21390,0.000158,172.31.33.0-255,66,18159,35,141916
21391,0.000168,74.125.24.0-255,5738,23897,35,141916
21392,0.000171,172.31.33.0-255,66,23963,35,141916
21393,0.000173,74.125.24.0-255,1484,25447,35,141916
21394,0.000175,172.31.33.0-255,66,25513,35,141916
21395,0.000182,74.125.24.0-255,7156,32669,35,141916
21396,0.000184,172.31.33.0-255,66,32735,35,141916
21397,0.000211,74.125.24.0-255,1484,34219,35,141916
21398,0.000213,172.31.33.0-255,66,34285,35,141916
21399,0.000225,172.31.33.0-255,66,34351,35,141916
21400,0.000245,74.125.24.0-255,2513,36864,35,141916
21401,0.000247,172.31.33.0-255,66,36930,35,141916
21402,0.000249,74.125.24.0-255,113,37043,35,141916
21403,0.000252,172.31.33.0-255,66,37109,35,141916
21404,0.000409,74.125.24.0-255,1484,38593,35,141916
21405,0.000417,74.125.24.0-255,2902,41495,35,141916
21406,0.00042,172.31.33.0-255,66,41561,35,141916
21407,0.000426,74.125.24.0-255,5738,47299,35,141916
21408,0.000428,172.31.33.0-255,66,47365,35,141916
21409,0.000446,74.125.24.0-255,2902,50267,35,141916
21410,0.000448,172.31.33.0-255,66,50333,35,141916
21411,0.000483,172.31.33.0-255,66,50399,35,141916
21412,0.000512,172.31.33.0-255,66,50465,35,141916
21413,0.000582,74.125.24.0-255,332,50797,35,141916
21414,0.000702,74.125.24.0-255,1484,52281,35,141916
21415,0.000705,172.31.33.0-255,66,52347,35,141916
21416,0.000712,74.125.24.0-255,2902,55249,35,141916
21417,0.000714,172.31.33.0-255,66,55315,35,141916
21418,0.000734,74.125.24.0-255,5738,61053,35,141916
21419,0.000741,172.31.33.0-255,66,61119,35,141916
21420,0.000774,172.31.33.0-255,66,61185,35,141916
21421,0.000798,74.125.24.0-255,2902,64087,35,141916
21422,0.000834,172.31.33.0-255,66,64153,35,141916
21423,0.000837,172.31.33.0-255,66,64219,35,141916
21424,0.000855,74.125.24.0-255,766,64985,35,141916
21425,0.00091,74.125.24.0-255,1484,66469,35,141916
21426,0.000913,172.31.33.0-255,66,66535,35,141916
21427,0.000918,74.125.24.0-255,2902,69437,35,141916
21428,0.00092,172.31.33.0-255,66,69503,35,141916
21429,0.000922,74.125.24.0-255,1484,70987,35,141916
21430,0.000947,74.125.24.0-255,4320,75307,35,141916
21431,0.000949,172.31.33.0-255,66,75373,35,141916
21432,0.000954,74.125.24.0-255,5738,81111,35,141916
21433,0.000956,172.31.33.0-255,66,81177,35,141916
21434,0.000985,74.125.24.0-255,7156,88333,35,141916
21435,0.000988,172.31.33.0-255,66,88399,35,141916
21436,0.000996,172.31.33.0-255,66,88465,35,141916
21437,0.001011,74.125.24.0-255,2184,90649,35,141916
21438,0.001014,172.31.33.0-255,66,90715,35,141916
21439,0.001037,74.125.24.0-255,1484,92199,35,141916
21440,0.001041,74.125.24.0-255,2902,95101,35,141916
21441,0.001043,172.31.33.0-255,66,95167,35,141916
21442,0.001061,74.125.24.0-255,5738,100905,35,141916
21443,0.001063,172.31.33.0-255,66,100971,35,141916
21444,0.001097,172.31.33.0-255,66,101037,35,141916
21445,0.001168,172.31.33.0-255,66,101103,35,141916
21446,0.001654,74.125.24.0-255,1484,102587,35,141916
21447,0.001658,74.125.24.0-255,1484,104071,35,141916
21448,0.001662,172.31.33.0-255,66,104137,35,141916
21449,0.001685,74.125.24.0-255,1484,105621,35,141916
21450,0.001691,74.125.24.0-255,5738,111359,35,141916
21451,0.001693,172.31.33.0-255,66,111425,35,141916
21452,0.001698,74.125.24.0-255,4320,115745,35,141916
21453,0.0017,172.31.33.0-255,66,115811,35,141916
21454,0.001735,172.31.33.0-255,66,115877,35,141916
21455,0.001744,172.31.33.0-255,66,115943,35,141916
21456,0.001747,74.125.24.0-255,1484,117427,35,141916
21457,0.001781,172.31.33.0-255,66,117493,35,141916
21458,0.001823,172.31.33.0-255,66,117559,35,141916
21459,0.001836,172.31.33.0-255,66,117625,35,141916
21460,0.001841,74.125.24.0-255,4320,121945,35,141916
21461,0.001843,172.31.33.0-255,66,122011,35,141916
21462,0.001884,172.31.33.0-255,66,122077,35,141916
21463,0.001898,172.31.33.0-255,66,122143,35,141916
21464,0.00192,74.125.24.0-255,1484,123627,35,141916
21465,0.001924,74.125.24.0-255,2902,126529,35,141916
21466,0.001926,172.31.33.0-255,66,126595,35,141916
21467,0.00196,74.125.24.0-255,5738,132333,35,141916
21468,0.001962,172.31.33.0-255,66,132399,35,141916
21469,0.002001,172.31.33.0-255,66,132465,35,141916
21470,0.00203,74.125.24.0-255,1484,133949,35,141916
21471,0.002045,172.31.33.0-255,66,134015,35,141916
21472,0.00206,172.31.33.0-255,66,134081,35,141916
21473,0.002062,74.125.24.0-255,1484,135565,35,141916
21474,0.002092,172.31.33.0-255,66,135631,35,141916
21475,0.002126,172.31.33.0-255,66,135697,35,141916
21476,0.002136,172.31.33.0-255,66,135763,35,141916
21477,0.002139,74.125.24.0-255,105,135868,35,141916
21478,0.003965,172.31.33.0-255,66,135934,35,141916
21479,0.004001,172.31.33.0-255,105,136039,35,141916
21480,0.006013,74.125.24.0-255,66,136105,35,141916
21481,0.037887,172.31.33.0-255,172,136277,35,141916
21482,0.037936,172.31.33.0-255,1108,137385,35,141916
21483,0.037997,172.31.33.0-255,1514,138899,35,141916
21484,0.038017,172.31.33.0-255,1514,140413,35,141916
21485,0.03802,172.31.33.0-255,1239,141652,35,141916
21486,0.039448,104.244.42.0-255,66,141718,35,141916
21487,0.039525,104.244.42.0-255,66,141784,35,141916
21488,0.039568,104.244.42.0-255,66,141850,35,141916
21489,0.039573,104.244.42.0-255,66,141916,35,141916
21490,0.0,172.217.194.0-255,153,153,35,158779
21491,2.4e-05,172.31.33.0-255,66,219,35,158779
21492,3.8e-05,172.217.194.0-255,1484,1703,35,158779
21493,4.6e-05,172.31.33.0-255,66,1769,35,158779
21494,5.1e-05,172.217.194.0-255,2902,4671,35,158779
21495,5.4e-05,172.31.33.0-255,66,4737,35,158779
21496,6e-05,172.217.194.0-255,5738,10475,35,158779
21497,6.3e-05,172.31.33.0-255,66,10541,35,158779
21498,9.1e-05,172.217.194.0-255,1484,12025,35,158779
21499,9.3e-05,172.31.33.0-255,66,12091,35,158779
21500,9.9e-05,172.217.194.0-255,4320,16411,35,158779
21501,0.000101,172.31.33.0-255,66,16477,35,158779
21502,0.000142,172.31.33.0-255,66,16543,35,158779
21503,0.000147,172.217.194.0-255,2543,19086,35,158779
21504,0.000148,172.31.33.0-255,66,19152,35,158779
21505,0.000153,172.217.194.0-255,2902,22054,35,158779
21506,0.000155,172.31.33.0-255,66,22120,35,158779
21507,0.000162,172.217.194.0-255,4320,26440,35,158779
21508,0.000164,172.31.33.0-255,66,26506,35,158779
21509,0.000184,172.31.33.0-255,66,26572,35,158779
21510,0.000207,172.217.194.0-255,4320,30892,35,158779
21511,0.00021,172.31.33.0-255,66,30958,35,158779
21512,0.000246,172.31.33.0-255,66,31024,35,158779
21513,0.000249,172.217.194.0-255,366,31390,35,158779
21514,0.00025,172.31.33.0-255,66,31456,35,158779
21515,0.000497,172.217.194.0-255,377,31833,35,158779
21516,0.000502,172.31.33.0-255,66,31899,35,158779
21517,0.000711,172.217.194.0-255,1484,33383,35,158779
21518,0.000715,172.31.33.0-255,66,33449,35,158779
21519,0.000721,172.217.194.0-255,2902,36351,35,158779
21520,0.000723,172.31.33.0-255,66,36417,35,158779
21521,0.000728,172.217.194.0-255,4320,40737,35,158779
21522,0.00073,172.31.33.0-255,66,40803,35,158779
21523,0.000762,172.217.194.0-255,1484,42287,35,158779
21524,0.000776,172.31.33.0-255,66,42353,35,158779
21525,0.000801,172.217.194.0-255,4320,46673,35,158779
21526,0.000804,172.31.33.0-255,66,46739,35,158779
21527,0.000813,172.31.33.0-255,66,46805,35,158779
21528,0.000821,172.217.194.0-255,766,47571,35,158779
21529,0.000945,172.31.33.0-255,66,47637,35,158779
21530,0.001103,172.217.194.0-255,1484,49121,35,158779
21531,0.00111,172.217.194.0-255,2902,52023,35,158779
21532,0.001113,172.31.33.0-255,66,52089,35,158779
21533,0.001121,172.217.194.0-255,5738,57827,35,158779
21534,0.001122,172.31.33.0-255,66,57893,35,158779
21535,0.00116,172.31.33.0-255,66,57959,35,158779
21536,0.001186,172.217.194.0-255,7156,65115,35,158779
21537,0.001189,172.31.33.0-255,66,65181,35,158779
21538,0.001214,172.217.194.0-255,3602,68783,35,158779
21539,0.001217,172.31.33.0-255,66,68849,35,158779
21540,0.001308,172.217.194.0-255,1484,70333,35,158779
21541,0.001322,172.217.194.0-255,2902,73235,35,158779
21542,0.001325,172.31.33.0-255,66,73301,35,158779
21543,0.001331,172.217.194.0-255,5738,79039,35,158779
21544,0.001333,172.31.33.0-255,66,79105,35,158779
21545,0.001363,172.31.33.0-255,66,79171,35,158779
21546,0.001394,172.217.194.0-255,2902,82073,35,158779
21547,0.001397,172.31.33.0-255,66,82139,35,158779
21548,0.001408,172.31.33.0-255,66,82205,35,158779
21549,0.001426,172.31.33.0-255,66,82271,35,158779
21550,0.00143,172.217.194.0-255,2902,85173,35,158779
21551,0.001432,172.31.33.0-255,66,85239,35,158779
21552,0.00147,172.31.33.0-255,66,85305,35,158779
21553,0.001476,172.217.194.0-255,5020,90325,35,158779
21554,0.001478,172.31.33.0-255,66,90391,35,158779
21555,0.00151,172.217.194.0-255,5738,96129,35,158779
21556,0.001513,172.31.33.0-255,66,96195,35,158779
21557,0.001516,172.217.194.0-255,1484,97679,35,158779
21558,0.001549,172.31.33.0-255,66,97745,35,158779
21559,0.001561,172.31.33.0-255,66,97811,35,158779
21560,0.001603,172.31.33.0-255,66,97877,35,158779
21561,0.001625,172.217.194.0-255,5020,102897,35,158779
21562,0.001628,172.31.33.0-255,66,102963,35,158779
21563,0.001649,172.31.33.0-255,66,103029,35,158779
21564,0.001653,172.217.194.0-255,2184,105213,35,158779
21565,0.001656,172.31.33.0-255,66,105279,35,158779
21566,0.001856,172.217.194.0-255,1484,106763,35,158779
21567,0.001863,172.217.194.0-255,2902,109665,35,158779
21568,0.001867,172.31.33.0-255,66,109731,35,158779
21569,0.001874,172.217.194.0-255,5738,115469,35,158779
21570,0.001876,172.31.33.0-255,66,115535,35,158779
21571,0.001886,172.217.194.0-255,1484,117019,35,158779
21572,0.001921,172.31.33.0-255,66,117085,35,158779
21573,0.001942,172.217.194.0-255,5738,122823,35,158779
21574,0.001945,172.31.33.0-255,66,122889,35,158779
21575,0.001972,172.217.194.0-255,5020,127909,35,158779
21576,0.001976,172.31.33.0-255,66,127975,35,158779
21577,0.002053,172.217.194.0-255,1484,129459,35,158779
21578,0.002068,172.217.194.0-255,2902,132361,35,158779
21579,0.002073,172.31.33.0-255,66,132427,35,158779
21580,0.00208,172.217.194.0-255,5738,138165,35,158779
21581,0.002082,172.31.33.0-255,66,138231,35,158779
21582,0.002096,172.217.194.0-255,7156,145387,35,158779
21583,0.002099,172.31.33.0-255,66,145453,35,158779
21584,0.002132,172.217.194.0-255,4320,149773,35,158779
21585,0.002136,172.31.33.0-255,66,149839,35,158779
21586,0.002141,172.217.194.0-255,2902,152741,35,158779
21587,0.002143,172.31.33.0-255,66,152807,35,158779
21588,0.002178,172.31.33.0-255,66,152873,35,158779
21589,0.0022,172.31.33.0-255,66,152939,35,158779
21590,0.002216,172.31.33.0-255,66,153005,35,158779
21591,0.002244,172.217.194.0-255,4320,157325,35,158779
21592,0.002248,172.31.33.0-255,66,157391,35,158779
21593,0.002298,172.31.33.0-255,66,157457,35,158779
21594,0.002306,172.217.194.0-255,97,157554,35,158779
21595,0.002308,172.217.194.0-255,105,157659,35,158779
21596,0.002333,172.31.33.0-255,66,157725,35,158779
21597,0.00382,172.31.33.0-255,105,157830,35,158779
21598,0.006427,172.217.194.0-255,66,157896,35,158779
21599,0.04956,172.31.33.0-255,188,158084,35,158779
21600,0.049591,172.31.33.0-255,563,158647,35,158779
21601,0.051123,104.244.42.0-255,66,158713,35,158779
21602,0.051132,104.244.42.0-255,66,158779,35,158779
21603,0.0,172.31.33.0-255,105,105,35,276
21604,0.001485,157.240.7.0-255,105,210,35,276
21605,0.001495,172.31.33.0-255,66,276,35,276
21606,0.0,172.31.33.0-255,105,105,35,276
21607,0.002056,157.240.7.0-255,105,210,35,276
21608,0.002067,172.31.33.0-255,66,276,35,276
21609,0.0,74.125.24.0-255,153,153,35,310961
21610,2.4e-05,172.31.33.0-255,66,219,35,310961
21611,3e-05,74.125.24.0-255,1484,1703,35,310961
21612,3.4e-05,172.31.33.0-255,66,1769,35,310961
21613,4.3e-05,74.125.24.0-255,2902,4671,35,310961
21614,4.6e-05,172.31.33.0-255,66,4737,35,310961
21615,5.1e-05,74.125.24.0-255,7156,11893,35,310961
21616,5.4e-05,172.31.33.0-255,66,11959,35,310961
21617,7.8e-05,74.125.24.0-255,2167,14126,35,310961
21618,8e-05,172.31.33.0-255,66,14192,35,310961
21619,0.000383,74.125.24.0-255,1484,15676,35,310961
21620,0.000388,172.31.33.0-255,66,15742,35,310961
21621,0.000394,74.125.24.0-255,2902,18644,35,310961
21622,0.000396,172.31.33.0-255,66,18710,35,310961
21623,0.000405,74.125.24.0-255,5738,24448,35,310961
21624,0.000408,172.31.33.0-255,66,24514,35,310961
21625,0.000413,74.125.24.0-255,2902,27416,35,310961
21626,0.000415,172.31.33.0-255,66,27482,35,310961
21627,0.000432,74.125.24.0-255,3961,31443,35,310961
21628,0.000435,172.31.33.0-255,66,31509,35,310961
21629,0.000579,74.125.24.0-255,1484,32993,35,310961
21630,0.000583,172.31.33.0-255,66,33059,35,310961
21631,0.000588,74.125.24.0-255,2902,35961,35,310961
21632,0.00059,172.31.33.0-255,66,36027,35,310961
21633,0.000628,74.125.24.0-255,5738,41765,35,310961
21634,0.000632,172.31.33.0-255,66,41831,35,310961
21635,0.000637,74.125.24.0-255,2902,44733,35,310961
21636,0.000641,172.31.33.0-255,66,44799,35,310961
21637,0.00067,74.125.24.0-255,3961,48760,35,310961
21638,0.000674,172.31.33.0-255,66,48826,35,310961
21639,0.001745,74.125.24.0-255,1484,50310,35,310961
21640,0.001751,172.31.33.0-255,66,50376,35,310961
21641,0.001759,74.125.24.0-255,2902,53278,35,310961
21642,0.001761,172.31.33.0-255,66,53344,35,310961
21643,0.001776,74.125.24.0-255,1484,54828,35,310961
21644,0.00178,74.125.24.0-255,2902,57730,35,310961
21645,0.001781,172.31.33.0-255,66,57796,35,310961
21646,0.0018,74.125.24.0-255,5738,63534,35,310961
21647,0.001802,172.31.33.0-255,66,63600,35,310961
21648,0.00182,74.125.24.0-255,2543,66143,35,310961
21649,0.001822,172.31.33.0-255,66,66209,35,310961
21650,0.001883,74.125.24.0-255,1484,67693,35,310961
21651,0.001892,74.125.24.0-255,2902,70595,35,310961
21652,0.001894,172.31.33.0-255,66,70661,35,310961
21653,0.001914,74.125.24.0-255,5738,76399,35,310961
21654,0.001917,172.31.33.0-255,66,76465,35,310961
21655,0.001939,74.125.24.0-255,6797,83262,35,310961
21656,0.001941,172.31.33.0-255,66,83328,35,310961
21657,0.001958,74.125.24.0-255,4320,87648,35,310961
21658,0.00196,172.31.33.0-255,66,87714,35,310961
21659,0.001981,172.31.33.0-255,66,87780,35,310961
21660,0.001985,74.125.24.0-255,3124,90904,35,310961
21661,0.001987,172.31.33.0-255,66,90970,35,310961
21662,0.003127,74.125.24.0-255,1484,92454,35,310961
21663,0.003145,74.125.24.0-255,1484,93938,35,310961
21664,0.003147,172.31.33.0-255,66,94004,35,310961
21665,0.003162,74.125.24.0-255,1484,95488,35,310961
21666,0.003167,74.125.24.0-255,5738,101226,35,310961
21667,0.003169,172.31.33.0-255,66,101292,35,310961
21668,0.003195,74.125.24.0-255,4320,105612,35,310961
21669,0.003197,172.31.33.0-255,66,105678,35,310961
21670,0.003201,74.125.24.0-255,5738,111416,35,310961
21671,0.003203,172.31.33.0-255,66,111482,35,310961
21672,0.003211,172.31.33.0-255,66,111548,35,310961
21673,0.00323,74.125.24.0-255,2902,114450,35,310961
21674,0.003231,172.31.33.0-255,66,114516,35,310961
21675,0.003234,74.125.24.0-255,2184,116700,35,310961
21676,0.003236,172.31.33.0-255,66,116766,35,310961
21677,0.003624,74.125.24.0-255,1484,118250,35,310961
21678,0.003636,74.125.24.0-255,1484,119734,35,310961
21679,0.003638,172.31.33.0-255,66,119800,35,310961
21680,0.003654,74.125.24.0-255,1484,121284,35,310961
21681,0.003657,74.125.24.0-255,1484,122768,35,310961
21682,0.003658,172.31.33.0-255,66,122834,35,310961
21683,0.003682,74.125.24.0-255,4320,127154,35,310961
21684,0.003684,172.31.33.0-255,66,127220,35,310961
21685,0.003687,74.125.24.0-255,2902,130122,35,310961
21686,0.003688,172.31.33.0-255,66,130188,35,310961
21687,0.003693,74.125.24.0-255,4320,134508,35,310961
21688,0.003694,172.31.33.0-255,66,134574,35,310961
21689,0.003711,74.125.24.0-255,2902,137476,35,310961
21690,0.003713,172.31.33.0-255,66,137542,35,310961
21691,0.003734,74.125.24.0-255,5738,143280,35,310961
21692,0.003736,172.31.33.0-255,66,143346,35,310961
21693,0.003744,172.31.33.0-255,66,143412,35,310961
21694,0.003864,74.125.24.0-255,1484,144896,35,310961
21695,0.003889,74.125.24.0-255,1484,146380,35,310961
21696,0.003891,172.31.33.0-255,66,146446,35,310961
21697,0.003904,74.125.24.0-255,2902,149348,35,310961
21698,0.003906,172.31.33.0-255,66,149414,35,310961
21699,0.003918,74.125.24.0-255,1484,150898,35,310961
21700,0.003932,74.125.24.0-255,2902,153800,35,310961
21701,0.003934,172.31.33.0-255,66,153866,35,310961
21702,0.003953,74.125.24.0-255,4320,158186,35,310961
21703,0.003954,172.31.33.0-255,66,158252,35,310961
21704,0.003985,74.125.24.0-255,5738,163990,35,310961
21705,0.003987,172.31.33.0-255,66,164056,35,310961
21706,0.004006,74.125.24.0-255,4320,168376,35,310961
21707,0.004007,172.31.33.0-255,66,168442,35,310961
21708,0.004021,74.125.24.0-255,4320,172762,35,310961
21709,0.004023,172.31.33.0-255,66,172828,35,310961
21710,0.004042,74.125.24.0-255,4320,177148,35,310961
21711,0.004044,172.31.33.0-255,66,177214,35,310961
21712,0.004074,74.125.24.0-255,766,177980,35,310961
21713,0.004129,74.125.24.0-255,1484,179464,35,310961
21714,0.00413,172.31.33.0-255,66,179530,35,310961
21715,0.004142,74.125.24.0-255,4320,183850,35,310961
21716,0.004144,172.31.33.0-255,66,183916,35,310961
21717,0.004161,74.125.24.0-255,2902,186818,35,310961
21718,0.004163,172.31.33.0-255,66,186884,35,310961
21719,0.004175,74.125.24.0-255,4320,191204,35,310961
21720,0.004177,172.31.33.0-255,66,191270,35,310961
21721,0.00423,172.31.33.0-255,66,191336,35,310961
21722,0.004242,74.125.24.0-255,4320,195656,35,310961
21723,0.004245,172.31.33.0-255,66,195722,35,310961
21724,0.004267,74.125.24.0-255,3602,199324,35,310961
21725,0.004269,172.31.33.0-255,66,199390,35,310961
21726,0.004294,74.125.24.0-255,2902,202292,35,310961
21727,0.004295,172.31.33.0-255,66,202358,35,310961
21728,0.004316,74.125.24.0-255,4320,206678,35,310961
21729,0.004317,172.31.33.0-255,66,206744,35,310961
21730,0.004341,74.125.24.0-255,1484,208228,35,310961
21731,0.004352,74.125.24.0-255,2902,211130,35,310961
21732,0.004354,172.31.33.0-255,66,211196,35,310961
21733,0.004383,74.125.24.0-255,1484,212680,35,310961
21734,0.00439,74.125.24.0-255,7156,219836,35,310961
21735,0.004392,172.31.33.0-255,66,219902,35,310961
21736,0.004413,74.125.24.0-255,1484,221386,35,310961
21737,0.004417,74.125.24.0-255,2902,224288,35,310961
21738,0.004419,172.31.33.0-255,66,224354,35,310961
21739,0.004436,74.125.24.0-255,1484,225838,35,310961
21740,0.004455,74.125.24.0-255,4320,230158,35,310961
21741,0.004458,172.31.33.0-255,66,230224,35,310961
21742,0.004497,74.125.24.0-255,3602,233826,35,310961
21743,0.004501,172.31.33.0-255,66,233892,35,310961
21744,0.004607,74.125.24.0-255,1484,235376,35,310961
21745,0.004631,74.125.24.0-255,2902,238278,35,310961
21746,0.004634,172.31.33.0-255,66,238344,35,310961
21747,0.004641,74.125.24.0-255,5738,244082,35,310961
21748,0.004643,172.31.33.0-255,66,244148,35,310961
21749,0.004646,74.125.24.0-255,1484,245632,35,310961
21750,0.004661,74.125.24.0-255,1484,247116,35,310961
21751,0.004663,172.31.33.0-255,66,247182,35,310961
21752,0.004669,74.125.24.0-255,5738,252920,35,310961
21753,0.004672,172.31.33.0-255,66,252986,35,310961
21754,0.004695,74.125.24.0-255,4320,257306,35,310961
21755,0.004698,172.31.33.0-255,66,257372,35,310961
21756,0.004702,74.125.24.0-255,2902,260274,35,310961
21757,0.004704,172.31.33.0-255,66,260340,35,310961
21758,0.004726,172.31.33.0-255,66,260406,35,310961
21759,0.004822,74.125.24.0-255,1484,261890,35,310961
21760,0.004829,74.125.24.0-255,2902,264792,35,310961
21761,0.004833,172.31.33.0-255,66,264858,35,310961
21762,0.004841,74.125.24.0-255,5738,270596,35,310961
21763,0.004843,172.31.33.0-255,66,270662,35,310961
21764,0.004847,74.125.24.0-255,1484,272146,35,310961
21765,0.004873,74.125.24.0-255,2902,275048,35,310961
21766,0.004878,172.31.33.0-255,66,275114,35,310961
21767,0.004893,172.31.33.0-255,66,275180,35,310961
21768,0.004915,74.125.24.0-255,4320,279500,35,310961
21769,0.004935,74.125.24.0-255,1484,280984,35,310961
21770,0.00495,74.125.24.0-255,4320,285304,35,310961
21771,0.004973,74.125.24.0-255,7156,292460,35,310961
21772,0.005002,74.125.24.0-255,3602,296062,35,310961
21773,0.005027,74.125.24.0-255,4320,300382,35,310961
21774,0.005043,74.125.24.0-255,2902,303284,35,310961
21775,0.005046,74.125.24.0-255,1050,304334,35,310961
21776,0.005099,74.125.24.0-255,105,304439,35,310961
21777,0.009238,172.31.33.0-255,66,304505,35,310961
21778,0.011844,172.31.33.0-255,105,304610,35,310961
21779,0.013844,74.125.24.0-255,66,304676,35,310961
21780,0.044114,172.31.33.0-255,188,304864,35,310961
21781,0.044145,172.31.33.0-255,952,305816,35,310961
21782,0.044185,172.31.33.0-255,1514,307330,35,310961
21783,0.044186,172.31.33.0-255,1514,308844,35,310961
21784,0.044191,172.31.33.0-255,1514,310358,35,310961
21785,0.044192,172.31.33.0-255,339,310697,35,310961
21786,0.045642,104.244.42.0-255,66,310763,35,310961
21787,0.045848,104.244.42.0-255,66,310829,35,310961
21788,0.045852,104.244.42.0-255,66,310895,35,310961
21789,0.045857,104.244.42.0-255,66,310961,35,310961
21790,0.0,74.125.68.0-255,213,213,35,328694
21791,2.1e-05,172.31.33.0-255,66,279,35,328694
21792,2.8e-05,74.125.68.0-255,1484,1763,35,328694
21793,3.2e-05,172.31.33.0-255,66,1829,35,328694
21794,5.4e-05,74.125.68.0-255,2902,4731,35,328694
21795,5.6e-05,172.31.33.0-255,66,4797,35,328694
21796,6e-05,74.125.68.0-255,1484,6281,35,328694
21797,6.2e-05,172.31.33.0-255,66,6347,35,328694
21798,7.9e-05,74.125.68.0-255,4320,10667,35,328694
21799,8.2e-05,172.31.33.0-255,66,10733,35,328694
21800,8.5e-05,74.125.68.0-255,2902,13635,35,328694
21801,8.8e-05,172.31.33.0-255,66,13701,35,328694
21802,0.000116,74.125.68.0-255,463,14164,35,328694
21803,0.000119,172.31.33.0-255,66,14230,35,328694
21804,0.000218,74.125.68.0-255,1484,15714,35,328694
21805,0.000221,172.31.33.0-255,66,15780,35,328694
21806,0.000239,74.125.68.0-255,2902,18682,35,328694
21807,0.000241,172.31.33.0-255,66,18748,35,328694
21808,0.000255,74.125.68.0-255,1484,20232,35,328694
21809,0.000257,172.31.33.0-255,66,20298,35,328694
21810,0.00027,74.125.68.0-255,4320,24618,35,328694
21811,0.000273,172.31.33.0-255,66,24684,35,328694
21812,0.000301,74.125.68.0-255,6797,31481,35,328694
21813,0.000303,172.31.33.0-255,66,31547,35,328694
21814,0.000347,74.125.68.0-255,1484,33031,35,328694
21815,0.000349,172.31.33.0-255,66,33097,35,328694
21816,0.000365,74.125.68.0-255,2902,35999,35,328694
21817,0.000368,172.31.33.0-255,66,36065,35,328694
21818,0.000372,74.125.68.0-255,2902,38967,35,328694
21819,0.000374,172.31.33.0-255,66,39033,35,328694
21820,0.000391,74.125.68.0-255,2902,41935,35,328694
21821,0.000393,172.31.33.0-255,66,42001,35,328694
21822,0.000412,74.125.68.0-255,1484,43485,35,328694
21823,0.00043,74.125.68.0-255,5379,48864,35,328694
21824,0.000432,172.31.33.0-255,66,48930,35,328694
21825,0.000857,74.125.68.0-255,1484,50414,35,328694
21826,0.000861,74.125.68.0-255,1484,51898,35,328694
21827,0.000865,172.31.33.0-255,66,51964,35,328694
21828,0.000882,74.125.68.0-255,1484,53448,35,328694
21829,0.000887,74.125.68.0-255,4320,57768,35,328694
21830,0.000889,172.31.33.0-255,66,57834,35,328694
21831,0.000901,74.125.68.0-255,1484,59318,35,328694
21832,0.000919,74.125.68.0-255,4320,63638,35,328694
21833,0.000921,172.31.33.0-255,66,63704,35,328694
21834,0.000926,74.125.68.0-255,2543,66247,35,328694
21835,0.000928,172.31.33.0-255,66,66313,35,328694
21836,0.000989,74.125.68.0-255,1484,67797,35,328694
21837,0.001001,74.125.68.0-255,2902,70699,35,328694
21838,0.001004,172.31.33.0-255,66,70765,35,328694
21839,0.001023,74.125.68.0-255,5738,76503,35,328694
21840,0.001026,172.31.33.0-255,66,76569,35,328694
21841,0.001052,74.125.68.0-255,2902,79471,35,328694
21842,0.001055,172.31.33.0-255,66,79537,35,328694
21843,0.00108,74.125.68.0-255,3961,83498,35,328694
21844,0.001083,172.31.33.0-255,66,83564,35,328694
21845,0.00109,74.125.68.0-255,7156,90720,35,328694
21846,0.001091,172.31.33.0-255,66,90786,35,328694
21847,0.001096,74.125.68.0-255,4320,95106,35,328694
21848,0.001098,172.31.33.0-255,66,95172,35,328694
21849,0.001101,74.125.68.0-255,1484,96656,35,328694
21850,0.001126,74.125.68.0-255,4320,100976,35,328694
21851,0.001129,172.31.33.0-255,66,101042,35,328694
21852,0.001131,74.125.68.0-255,286,101328,35,328694
21853,0.001341,74.125.68.0-255,1484,102812,35,328694
21854,0.001347,172.31.33.0-255,66,102878,35,328694
21855,0.001367,74.125.68.0-255,1484,104362,35,328694
21856,0.00137,74.125.68.0-255,1484,105846,35,328694
21857,0.001373,172.31.33.0-255,66,105912,35,328694
21858,0.00139,74.125.68.0-255,1484,107396,35,328694
21859,0.001405,74.125.68.0-255,1484,108880,35,328694
21860,0.001407,172.31.33.0-255,66,108946,35,328694
21861,0.001428,74.125.68.0-255,2902,111848,35,328694
21862,0.001432,172.31.33.0-255,66,111914,35,328694
21863,0.001457,74.125.68.0-255,5738,117652,35,328694
21864,0.00146,172.31.33.0-255,66,117718,35,328694
21865,0.001465,74.125.68.0-255,2902,120620,35,328694
21866,0.001467,172.31.33.0-255,66,120686,35,328694
21867,0.001481,74.125.68.0-255,1484,122170,35,328694
21868,0.001503,74.125.68.0-255,2902,125072,35,328694
21869,0.001506,172.31.33.0-255,66,125138,35,328694
21870,0.001509,74.125.68.0-255,1484,126622,35,328694
21871,0.001527,74.125.68.0-255,2902,129524,35,328694
21872,0.00153,172.31.33.0-255,66,129590,35,328694
21873,0.001533,74.125.68.0-255,1484,131074,35,328694
21874,0.001553,74.125.68.0-255,4320,135394,35,328694
21875,0.001556,172.31.33.0-255,66,135460,35,328694
21876,0.00156,74.125.68.0-255,1636,137096,35,328694
21877,0.001563,172.31.33.0-255,66,137162,35,328694
21878,0.001567,74.125.68.0-255,2902,140064,35,328694
21879,0.001569,172.31.33.0-255,66,140130,35,328694
21880,0.001597,74.125.68.0-255,5738,145868,35,328694
21881,0.001601,172.31.33.0-255,66,145934,35,328694
21882,0.001613,74.125.68.0-255,1484,147418,35,328694
21883,0.00162,74.125.68.0-255,5738,153156,35,328694
21884,0.001623,172.31.33.0-255,66,153222,35,328694
21885,0.001641,74.125.68.0-255,1484,154706,35,328694
21886,0.001653,172.31.33.0-255,66,154772,35,328694
21887,0.001674,74.125.68.0-255,1484,156256,35,328694
21888,0.001678,74.125.68.0-255,2902,159158,35,328694
21889,0.001681,172.31.33.0-255,66,159224,35,328694
21890,0.001727,74.125.68.0-255,2184,161408,35,328694
21891,0.001731,172.31.33.0-255,66,161474,35,328694
21892,0.001848,74.125.68.0-255,1484,162958,35,328694
21893,0.001854,74.125.68.0-255,1484,164442,35,328694
21894,0.001858,172.31.33.0-255,66,164508,35,328694
21895,0.001877,74.125.68.0-255,1484,165992,35,328694
21896,0.001881,74.125.68.0-255,1484,167476,35,328694
21897,0.001884,172.31.33.0-255,66,167542,35,328694
21898,0.001888,74.125.68.0-255,2902,170444,35,328694
21899,0.001891,172.31.33.0-255,66,170510,35,328694
21900,0.001912,74.125.68.0-255,2902,173412,35,328694
21901,0.001914,172.31.33.0-255,66,173478,35,328694
21902,0.001935,74.125.68.0-255,2902,176380,35,328694
21903,0.001938,172.31.33.0-255,66,176446,35,328694
21904,0.001942,74.125.68.0-255,2902,179348,35,328694
21905,0.001945,172.31.33.0-255,66,179414,35,328694
21906,0.00195,74.125.68.0-255,4320,183734,35,328694
21907,0.001953,172.31.33.0-255,66,183800,35,328694
21908,0.001989,172.31.33.0-255,66,183866,35,328694
21909,0.001995,74.125.68.0-255,3602,187468,35,328694
21910,0.001998,172.31.33.0-255,66,187534,35,328694
21911,0.0023,74.125.68.0-255,1484,189018,35,328694
21912,0.002342,74.125.68.0-255,1484,190502,35,328694
21913,0.002347,172.31.33.0-255,66,190568,35,328694
21914,0.00235,74.125.68.0-255,1484,192052,35,328694
21915,0.002356,74.125.68.0-255,4320,196372,35,328694
21916,0.002358,172.31.33.0-255,66,196438,35,328694
21917,0.002389,74.125.68.0-255,7156,203594,35,328694
21918,0.002392,74.125.68.0-255,1484,205078,35,328694
21919,0.002396,172.31.33.0-255,66,205144,35,328694
21920,0.002431,74.125.68.0-255,7156,212300,35,328694
21921,0.002436,172.31.33.0-255,66,212366,35,328694
21922,0.002446,74.125.68.0-255,2902,215268,35,328694
21923,0.002448,172.31.33.0-255,66,215334,35,328694
21924,0.002451,74.125.68.0-255,1484,216818,35,328694
21925,0.002498,74.125.68.0-255,2902,219720,35,328694
21926,0.0025,172.31.33.0-255,66,219786,35,328694
21927,0.00254,74.125.68.0-255,1484,221270,35,328694
21928,0.002577,74.125.68.0-255,766,222036,35,328694
21929,0.002582,172.31.33.0-255,66,222102,35,328694
21930,0.002777,74.125.68.0-255,1484,223586,35,328694
21931,0.002782,74.125.68.0-255,1484,225070,35,328694
21932,0.002786,172.31.33.0-255,66,225136,35,328694
21933,0.002808,74.125.68.0-255,1484,226620,35,328694
21934,0.002814,74.125.68.0-255,4320,230940,35,328694
21935,0.002816,172.31.33.0-255,66,231006,35,328694
21936,0.002844,74.125.68.0-255,4320,235326,35,328694
21937,0.002847,172.31.33.0-255,66,235392,35,328694
21938,0.002853,74.125.68.0-255,4320,239712,35,328694
21939,0.002855,172.31.33.0-255,66,239778,35,328694
21940,0.002872,74.125.68.0-255,1484,241262,35,328694
21941,0.002883,74.125.68.0-255,1484,242746,35,328694
21942,0.002886,172.31.33.0-255,66,242812,35,328694
21943,0.00291,74.125.68.0-255,7156,249968,35,328694
21944,0.002913,172.31.33.0-255,66,250034,35,328694
21945,0.00292,74.125.68.0-255,6438,256472,35,328694
21946,0.002922,172.31.33.0-255,66,256538,35,328694
21947,0.00294,74.125.68.0-255,1484,258022,35,328694
21948,0.002954,74.125.68.0-255,4320,262342,35,328694
21949,0.002957,172.31.33.0-255,66,262408,35,328694
21950,0.002973,74.125.68.0-255,1484,263892,35,328694
21951,0.00298,74.125.68.0-255,5738,269630,35,328694
21952,0.002982,172.31.33.0-255,66,269696,35,328694
21953,0.002988,74.125.68.0-255,4320,274016,35,328694
21954,0.00299,172.31.33.0-255,66,274082,35,328694
21955,0.002995,74.125.68.0-255,4320,278402,35,328694
21956,0.002998,172.31.33.0-255,66,278468,35,328694
21957,0.003028,172.31.33.0-255,66,278534,35,328694
21958,0.003033,74.125.68.0-255,3602,282136,35,328694
21959,0.003035,172.31.33.0-255,66,282202,35,328694
21960,0.00307,172.31.33.0-255,66,282268,35,328694
21961,0.003073,74.125.68.0-255,1484,283752,35,328694
21962,0.003079,74.125.68.0-255,4320,288072,35,328694
21963,0.003082,172.31.33.0-255,66,288138,35,328694
21964,0.003096,74.125.68.0-255,1484,289622,35,328694
21965,0.0031,74.125.68.0-255,2902,292524,35,328694
21966,0.003102,172.31.33.0-255,66,292590,35,328694
21967,0.00311,74.125.68.0-255,7156,299746,35,328694
21968,0.003112,172.31.33.0-255,66,299812,35,328694
21969,0.003147,172.31.33.0-255,66,299878,35,328694
21970,0.003151,74.125.68.0-255,2902,302780,35,328694
21971,0.003154,172.31.33.0-255,66,302846,35,328694
21972,0.003165,74.125.68.0-255,1484,304330,35,328694
21973,0.003169,74.125.68.0-255,1484,305814,35,328694
21974,0.00317,172.31.33.0-255,66,305880,35,328694
21975,0.003202,172.31.33.0-255,66,305946,35,328694
21976,0.00321,74.125.68.0-255,7156,313102,35,328694
21977,0.003212,172.31.33.0-255,66,313168,35,328694
21978,0.003237,74.125.68.0-255,2902,316070,35,328694
21979,0.003241,172.31.33.0-255,66,316136,35,328694
21980,0.003252,172.31.33.0-255,66,316202,35,328694
21981,0.003256,74.125.68.0-255,2902,319104,35,328694
21982,0.003258,172.31.33.0-255,66,319170,35,328694
21983,0.003283,74.125.68.0-255,4320,323490,35,328694
21984,0.003286,172.31.33.0-255,66,323556,35,328694
21985,0.003289,74.125.68.0-255,1484,325040,35,328694
21986,0.003322,172.31.33.0-255,66,325106,35,328694
21987,0.003334,172.31.33.0-255,66,325172,35,328694
21988,0.003336,74.125.68.0-255,910,326082,35,328694
21989,0.003339,74.125.68.0-255,97,326179,35,328694
21990,0.003368,74.125.68.0-255,105,326284,35,328694
21991,0.012613,74.125.68.0-255,105,326389,35,328694
21992,0.012635,172.31.33.0-255,78,326467,35,328694
21993,0.018424,172.31.33.0-255,105,326572,35,328694
21994,0.020372,74.125.68.0-255,66,326638,35,328694
21995,0.055019,172.31.33.0-255,172,326810,35,328694
21996,0.055051,172.31.33.0-255,1108,327918,35,328694
21997,0.055116,172.31.33.0-255,578,328496,35,328694
21998,0.056558,104.244.42.0-255,66,328562,35,328694
21999,0.056593,104.244.42.0-255,66,328628,35,328694
22000,0.056689,104.244.42.0-255,66,328694,35,328694
22001,0.0,172.217.194.0-255,162,162,35,227891
22002,2.6e-05,172.31.33.0-255,66,228,35,227891
22003,3.3e-05,172.217.194.0-255,1484,1712,35,227891
22004,3.8e-05,172.31.33.0-255,66,1778,35,227891
22005,4.3e-05,172.217.194.0-255,2902,4680,35,227891
22006,4.5e-05,172.31.33.0-255,66,4746,35,227891
22007,5.8e-05,172.217.194.0-255,5738,10484,35,227891
22008,6.2e-05,172.31.33.0-255,66,10550,35,227891
22009,8.8e-05,172.217.194.0-255,1484,12034,35,227891
22010,9.1e-05,172.31.33.0-255,66,12100,35,227891
22011,0.000114,172.217.194.0-255,6249,18349,35,227891
22012,0.000117,172.31.33.0-255,66,18415,35,227891
22013,0.000127,172.31.33.0-255,66,18481,35,227891
22014,0.000157,172.217.194.0-255,3961,22442,35,227891
22015,0.00016,172.31.33.0-255,66,22508,35,227891
22016,0.000184,172.217.194.0-255,4320,26828,35,227891
22017,0.000187,172.31.33.0-255,66,26894,35,227891
22018,0.000193,172.217.194.0-255,4320,31214,35,227891
22019,0.000195,172.31.33.0-255,66,31280,35,227891
22020,0.000217,172.217.194.0-255,1484,32764,35,227891
22021,0.000219,172.31.33.0-255,66,32830,35,227891
22022,0.000252,172.31.33.0-255,66,32896,35,227891
22023,0.00026,172.217.194.0-255,7156,40052,35,227891
22024,0.000262,172.31.33.0-255,66,40118,35,227891
22025,0.000289,172.217.194.0-255,6797,46915,35,227891
22026,0.000292,172.31.33.0-255,66,46981,35,227891
22027,0.000296,172.217.194.0-255,408,47389,35,227891
22028,0.000299,172.31.33.0-255,66,47455,35,227891
22029,0.00038,172.217.194.0-255,366,47821,35,227891
22030,0.000384,172.31.33.0-255,66,47887,35,227891
22031,0.000673,172.217.194.0-255,1484,49371,35,227891
22032,0.000679,172.217.194.0-255,2902,52273,35,227891
22033,0.000682,172.31.33.0-255,66,52339,35,227891
22034,0.000689,172.217.194.0-255,5738,58077,35,227891
22035,0.000691,172.31.33.0-255,66,58143,35,227891
22036,0.000734,172.31.33.0-255,66,58209,35,227891
22037,0.000738,172.217.194.0-255,1484,59693,35,227891
22038,0.000763,172.217.194.0-255,5738,65431,35,227891
22039,0.000766,172.31.33.0-255,66,65497,35,227891
22040,0.000792,172.217.194.0-255,3602,69099,35,227891
22041,0.000795,172.31.33.0-255,66,69165,35,227891
22042,0.000918,172.217.194.0-255,1484,70649,35,227891
22043,0.000921,172.217.194.0-255,1484,72133,35,227891
22044,0.000924,172.31.33.0-255,66,72199,35,227891
22045,0.000952,172.217.194.0-255,1484,73683,35,227891
22046,0.000956,172.217.194.0-255,5738,79421,35,227891
22047,0.000959,172.31.33.0-255,66,79487,35,227891
22048,0.000968,172.31.33.0-255,66,79553,35,227891
22049,0.00101,172.217.194.0-255,5738,85291,35,227891
22050,0.001013,172.31.33.0-255,66,85357,35,227891
22051,0.001037,172.31.33.0-255,66,85423,35,227891
22052,0.001203,172.217.194.0-255,1484,86907,35,227891
22053,0.001209,172.217.194.0-255,2902,89809,35,227891
22054,0.001211,172.31.33.0-255,66,89875,35,227891
22055,0.001216,172.217.194.0-255,4320,94195,35,227891
22056,0.001218,172.31.33.0-255,66,94261,35,227891
22057,0.001237,172.217.194.0-255,1484,95745,35,227891
22058,0.001247,172.217.194.0-255,7156,102901,35,227891
22059,0.00125,172.31.33.0-255,66,102967,35,227891
22060,0.001265,172.217.194.0-255,5738,108705,35,227891
22061,0.001268,172.31.33.0-255,66,108771,35,227891
22062,0.001283,172.31.33.0-255,66,108837,35,227891
22063,0.001312,172.217.194.0-255,2902,111739,35,227891
22064,0.001315,172.31.33.0-255,66,111805,35,227891
22065,0.00132,172.217.194.0-255,4320,116125,35,227891
22066,0.001321,172.31.33.0-255,66,116191,35,227891
22067,0.001325,172.217.194.0-255,2902,119093,35,227891
22068,0.001327,172.31.33.0-255,66,119159,35,227891
22069,0.001356,172.217.194.0-255,5738,124897,35,227891
22070,0.001359,172.31.33.0-255,66,124963,35,227891
22071,0.001363,172.217.194.0-255,4320,129283,35,227891
22072,0.001365,172.31.33.0-255,66,129349,35,227891
22073,0.0014,172.31.33.0-255,66,129415,35,227891
22074,0.001678,172.217.194.0-255,1484,130899,35,227891
22075,0.001683,172.217.194.0-255,2902,133801,35,227891
22076,0.001686,172.31.33.0-255,66,133867,35,227891
22077,0.001689,172.217.194.0-255,1484,135351,35,227891
22078,0.001713,172.217.194.0-255,4320,139671,35,227891
22079,0.001716,172.31.33.0-255,66,139737,35,227891
22080,0.001727,172.31.33.0-255,66,139803,35,227891
22081,0.001752,172.217.194.0-255,2902,142705,35,227891
22082,0.001755,172.31.33.0-255,66,142771,35,227891
22083,0.001771,172.217.194.0-255,4320,147091,35,227891
22084,0.001774,172.31.33.0-255,66,147157,35,227891
22085,0.001808,172.31.33.0-255,66,147223,35,227891
22086,0.001885,172.217.194.0-255,1484,148707,35,227891
22087,0.001888,172.217.194.0-255,1484,150191,35,227891
22088,0.001891,172.31.33.0-255,66,150257,35,227891
22089,0.001919,172.217.194.0-255,1484,151741,35,227891
22090,0.001926,172.217.194.0-255,5738,157479,35,227891
22091,0.001928,172.31.33.0-255,66,157545,35,227891
22092,0.001934,172.217.194.0-255,5738,163283,35,227891
22093,0.001936,172.31.33.0-255,66,163349,35,227891
22094,0.001946,172.217.194.0-255,4320,167669,35,227891
22095,0.001949,172.31.33.0-255,66,167735,35,227891
22096,0.001986,172.31.33.0-255,66,167801,35,227891
22097,0.001992,172.217.194.0-255,5020,172821,35,227891
22098,0.001994,172.31.33.0-255,66,172887,35,227891
22099,0.002015,172.217.194.0-255,1484,174371,35,227891
22100,0.002018,172.217.194.0-255,1484,175855,35,227891
22101,0.002036,172.217.194.0-255,1484,177339,35,227891
22102,0.002041,172.217.194.0-255,5738,183077,35,227891
22103,0.002108,172.217.194.0-255,2902,185979,35,227891
22104,0.002132,172.217.194.0-255,6438,192417,35,227891
22105,0.002135,172.217.194.0-255,2902,195319,35,227891
22106,0.002147,172.217.194.0-255,4320,199639,35,227891
22107,0.002158,172.217.194.0-255,2902,202541,35,227891
22108,0.002186,172.217.194.0-255,2902,205443,35,227891
22109,0.002204,172.217.194.0-255,3602,209045,35,227891
22110,0.002216,172.217.194.0-255,4320,213365,35,227891
22111,0.002255,172.217.194.0-255,7156,220521,35,227891
22112,0.002266,172.217.194.0-255,2184,222705,35,227891
22113,0.002287,172.217.194.0-255,1484,224189,35,227891
22114,0.002343,172.217.194.0-255,105,224294,35,227891
22115,0.011242,172.217.194.0-255,105,224399,35,227891
22116,0.012545,172.31.33.0-255,66,224465,35,227891
22117,0.012556,172.31.33.0-255,66,224531,35,227891
22118,0.012559,172.31.33.0-255,66,224597,35,227891
22119,0.012562,172.31.33.0-255,66,224663,35,227891
22120,0.012565,172.31.33.0-255,66,224729,35,227891
22121,0.012567,172.31.33.0-255,66,224795,35,227891
22122,0.012573,172.31.33.0-255,66,224861,35,227891
22123,0.012575,172.31.33.0-255,66,224927,35,227891
22124,0.012598,172.31.33.0-255,66,224993,35,227891
22125,0.0126,172.31.33.0-255,66,225059,35,227891
22126,0.012601,172.31.33.0-255,66,225125,35,227891
22127,0.012601,172.31.33.0-255,66,225191,35,227891
22128,0.012602,172.31.33.0-255,66,225257,35,227891
22129,0.012603,172.31.33.0-255,66,225323,35,227891
22130,0.012604,172.31.33.0-255,66,225389,35,227891
22131,0.012604,172.31.33.0-255,66,225455,35,227891
22132,0.012606,172.31.33.0-255,66,225521,35,227891
22133,0.012613,172.31.33.0-255,66,225587,35,227891
22134,0.012633,172.31.33.0-255,78,225665,35,227891
22135,0.014673,172.31.33.0-255,105,225770,35,227891
22136,0.016959,172.217.194.0-255,66,225836,35,227891
22137,0.048469,172.31.33.0-255,172,226008,35,227891
22138,0.04852,172.31.33.0-255,1107,227115,35,227891
22139,0.048557,172.31.33.0-255,578,227693,35,227891
22140,0.04999,104.244.42.0-255,66,227759,35,227891
22141,0.050048,104.244.42.0-255,66,227825,35,227891
22142,0.050052,104.244.42.0-255,66,227891,35,227891
22143,0.0,74.125.200.0-255,153,153,35,311385
22144,2e-05,172.31.33.0-255,66,219,35,311385
22145,5.2e-05,74.125.200.0-255,1484,1703,35,311385
22146,5.6e-05,172.31.33.0-255,66,1769,35,311385
22147,6.1e-05,74.125.200.0-255,2902,4671,35,311385
22148,6.3e-05,172.31.33.0-255,66,4737,35,311385
22149,9e-05,74.125.200.0-255,1484,6221,35,311385
22150,9.3e-05,172.31.33.0-255,66,6287,35,311385
22151,0.000112,74.125.200.0-255,4320,10607,35,311385
22152,0.000114,172.31.33.0-255,66,10673,35,311385
22153,0.000117,74.125.200.0-255,1484,12157,35,311385
22154,0.000118,172.31.33.0-255,66,12223,35,311385
22155,0.000143,74.125.200.0-255,4829,17052,35,311385
22156,0.000146,172.31.33.0-255,66,17118,35,311385
22157,0.000151,74.125.200.0-255,7156,24274,35,311385
22158,0.000153,172.31.33.0-255,66,24340,35,311385
22159,0.000194,74.125.200.0-255,6797,31137,35,311385
22160,0.000197,172.31.33.0-255,66,31203,35,311385
22161,0.00028,74.125.200.0-255,1484,32687,35,311385
22162,0.000284,172.31.33.0-255,66,32753,35,311385
22163,0.000303,74.125.200.0-255,2902,35655,35,311385
22164,0.000306,172.31.33.0-255,66,35721,35,311385
22165,0.00031,74.125.200.0-255,2902,38623,35,311385
22166,0.000314,172.31.33.0-255,66,38689,35,311385
22167,0.000326,74.125.200.0-255,2902,41591,35,311385
22168,0.000328,172.31.33.0-255,66,41657,35,311385
22169,0.000346,74.125.200.0-255,5738,47395,35,311385
22170,0.000349,172.31.33.0-255,66,47461,35,311385
22171,0.00037,74.125.200.0-255,6797,54258,35,311385
22172,0.000373,172.31.33.0-255,66,54324,35,311385
22173,0.000389,74.125.200.0-255,1484,55808,35,311385
22174,0.000393,172.31.33.0-255,66,55874,35,311385
22175,0.000436,74.125.200.0-255,2902,58776,35,311385
22176,0.000439,172.31.33.0-255,66,58842,35,311385
22177,0.000442,74.125.200.0-255,1484,60326,35,311385
22178,0.000463,74.125.200.0-255,5689,66015,35,311385
22179,0.000466,172.31.33.0-255,66,66081,35,311385
22180,0.000469,74.125.200.0-255,109,66190,35,311385
22181,0.000667,74.125.200.0-255,1484,67674,35,311385
22182,0.00067,172.31.33.0-255,66,67740,35,311385
22183,0.000673,74.125.200.0-255,1484,69224,35,311385
22184,0.000688,74.125.200.0-255,1484,70708,35,311385
22185,0.00069,172.31.33.0-255,66,70774,35,311385
22186,0.000693,74.125.200.0-255,1484,72258,35,311385
22187,0.000713,74.125.200.0-255,1484,73742,35,311385
22188,0.000715,172.31.33.0-255,66,73808,35,311385
22189,0.000725,74.125.200.0-255,1484,75292,35,311385
22190,0.000748,74.125.200.0-255,2902,78194,35,311385
22191,0.000751,172.31.33.0-255,66,78260,35,311385
22192,0.000755,74.125.200.0-255,2902,81162,35,311385
22193,0.000756,172.31.33.0-255,66,81228,35,311385
22194,0.000768,74.125.200.0-255,1484,82712,35,311385
22195,0.000784,74.125.200.0-255,5738,88450,35,311385
22196,0.000786,172.31.33.0-255,66,88516,35,311385
22197,0.0008,74.125.200.0-255,2902,91418,35,311385
22198,0.000803,172.31.33.0-255,66,91484,35,311385
22199,0.000808,74.125.200.0-255,4320,95804,35,311385
22200,0.00081,172.31.33.0-255,66,95870,35,311385
22201,0.000849,74.125.200.0-255,2902,98772,35,311385
22202,0.000852,172.31.33.0-255,66,98838,35,311385
22203,0.000869,74.125.200.0-255,2184,101022,35,311385
22204,0.000871,172.31.33.0-255,66,101088,35,311385
22205,0.001133,74.125.200.0-255,1484,102572,35,311385
22206,0.001141,74.125.200.0-255,2902,105474,35,311385
22207,0.001144,172.31.33.0-255,66,105540,35,311385
22208,0.001149,74.125.200.0-255,2902,108442,35,311385
22209,0.001151,172.31.33.0-255,66,108508,35,311385
22210,0.001164,74.125.200.0-255,1484,109992,35,311385
22211,0.001196,172.31.33.0-255,66,110058,35,311385
22212,0.001205,172.31.33.0-255,66,110124,35,311385
22213,0.001249,172.31.33.0-255,66,110190,35,311385
22214,0.001254,74.125.200.0-255,4320,114510,35,311385
22215,0.001256,172.31.33.0-255,66,114576,35,311385
22216,0.001295,172.31.33.0-255,66,114642,35,311385
22217,0.001317,74.125.200.0-255,5738,120380,35,311385
22218,0.001319,172.31.33.0-255,66,120446,35,311385
22219,0.001326,74.125.200.0-255,7156,127602,35,311385
22220,0.001328,172.31.33.0-255,66,127668,35,311385
22221,0.001347,74.125.200.0-255,2902,130570,35,311385
22222,0.001349,172.31.33.0-255,66,130636,35,311385
22223,0.001362,74.125.200.0-255,2184,132820,35,311385
22224,0.001364,172.31.33.0-255,66,132886,35,311385
22225,0.001418,74.125.200.0-255,1484,134370,35,311385
22226,0.001442,74.125.200.0-255,2902,137272,35,311385
22227,0.001446,172.31.33.0-255,66,137338,35,311385
22228,0.001449,74.125.200.0-255,2902,140240,35,311385
22229,0.001451,172.31.33.0-255,66,140306,35,311385
22230,0.001485,74.125.200.0-255,1484,141790,35,311385
22231,0.001513,74.125.200.0-255,2902,144692,35,311385
22232,0.001516,172.31.33.0-255,66,144758,35,311385
22233,0.001524,172.31.33.0-255,66,144824,35,311385
22234,0.00153,74.125.200.0-255,7156,151980,35,311385
22235,0.001532,172.31.33.0-255,66,152046,35,311385
22236,0.001552,74.125.200.0-255,4320,156366,35,311385
22237,0.001555,172.31.33.0-255,66,156432,35,311385
22238,0.001574,74.125.200.0-255,2184,158616,35,311385
22239,0.001577,172.31.33.0-255,66,158682,35,311385
22240,0.001764,74.125.200.0-255,1484,160166,35,311385
22241,0.001768,74.125.200.0-255,1484,161650,35,311385
22242,0.00177,172.31.33.0-255,66,161716,35,311385
22243,0.001787,74.125.200.0-255,1484,163200,35,311385
22244,0.00179,74.125.200.0-255,1484,164684,35,311385
22245,0.001792,172.31.33.0-255,66,164750,35,311385
22246,0.001811,74.125.200.0-255,4320,169070,35,311385
22247,0.001813,172.31.33.0-255,66,169136,35,311385
22248,0.001819,74.125.200.0-255,7156,176292,35,311385
22249,0.001821,172.31.33.0-255,66,176358,35,311385
22250,0.001874,172.31.33.0-255,66,176424,35,311385
22251,0.001898,74.125.200.0-255,2902,179326,35,311385
22252,0.0019,172.31.33.0-255,66,179392,35,311385
22253,0.00192,74.125.200.0-255,5020,184412,35,311385
22254,0.001922,172.31.33.0-255,66,184478,35,311385
22255,0.001933,74.125.200.0-255,2902,187380,35,311385
22256,0.001935,172.31.33.0-255,66,187446,35,311385
22257,0.001961,74.125.200.0-255,5738,193184,35,311385
22258,0.001963,172.31.33.0-255,66,193250,35,311385
22259,0.001987,74.125.200.0-255,7156,200406,35,311385
22260,0.00199,172.31.33.0-255,66,200472,35,311385
22261,0.001999,172.31.33.0-255,66,200538,35,311385
22262,0.002004,74.125.200.0-255,5738,206276,35,311385
22263,0.002007,172.31.33.0-255,66,206342,35,311385
22264,0.002028,74.125.200.0-255,3602,209944,35,311385
22265,0.00203,172.31.33.0-255,66,210010,35,311385
22266,0.002443,74.125.200.0-255,1484,211494,35,311385
22267,0.002456,74.125.200.0-255,2902,214396,35,311385
22268,0.002461,172.31.33.0-255,66,214462,35,311385
22269,0.002504,74.125.200.0-255,4320,218782,35,311385
22270,0.002508,172.31.33.0-255,66,218848,35,311385
22271,0.002515,74.125.200.0-255,7156,226004,35,311385
22272,0.002517,172.31.33.0-255,66,226070,35,311385
22273,0.00255,172.31.33.0-255,66,226136,35,311385
22274,0.002565,74.125.200.0-255,4320,230456,35,311385
22275,0.002567,172.31.33.0-255,66,230522,35,311385
22276,0.002579,74.125.200.0-255,1484,232006,35,311385
22277,0.002582,74.125.200.0-255,1484,233490,35,311385
22278,0.002583,172.31.33.0-255,66,233556,35,311385
22279,0.002587,74.125.200.0-255,2184,235740,35,311385
22280,0.002588,172.31.33.0-255,66,235806,35,311385
22281,0.002626,74.125.200.0-255,1484,237290,35,311385
22282,0.00264,74.125.200.0-255,2902,240192,35,311385
22283,0.002641,172.31.33.0-255,66,240258,35,311385
22284,0.002658,74.125.200.0-255,2902,243160,35,311385
22285,0.00266,172.31.33.0-255,66,243226,35,311385
22286,0.002662,74.125.200.0-255,1484,244710,35,311385
22287,0.002673,74.125.200.0-255,2902,247612,35,311385
22288,0.002675,172.31.33.0-255,66,247678,35,311385
22289,0.002704,172.31.33.0-255,66,247744,35,311385
22290,0.002707,74.125.200.0-255,2902,250646,35,311385
22291,0.002709,172.31.33.0-255,66,250712,35,311385
22292,0.002711,74.125.200.0-255,1484,252196,35,311385
22293,0.002721,74.125.200.0-255,1484,253680,35,311385
22294,0.002723,172.31.33.0-255,66,253746,35,311385
22295,0.002725,74.125.200.0-255,1484,255230,35,311385
22296,0.002755,74.125.200.0-255,1484,256714,35,311385
22297,0.002757,172.31.33.0-255,66,256780,35,311385
22298,0.002768,74.125.200.0-255,4320,261100,35,311385
22299,0.00277,172.31.33.0-255,66,261166,35,311385
22300,0.002772,74.125.200.0-255,766,261932,35,311385
22301,0.002801,74.125.200.0-255,7156,269088,35,311385
22302,0.002803,172.31.33.0-255,66,269154,35,311385
22303,0.002814,74.125.200.0-255,1484,270638,35,311385
22304,0.002818,74.125.200.0-255,4320,274958,35,311385
22305,0.00282,172.31.33.0-255,66,275024,35,311385
22306,0.002822,74.125.200.0-255,1484,276508,35,311385
22307,0.002842,74.125.200.0-255,4320,280828,35,311385
22308,0.002844,172.31.33.0-255,66,280894,35,311385
22309,0.002846,74.125.200.0-255,1484,282378,35,311385
22310,0.002899,172.31.33.0-255,66,282444,35,311385
22311,0.002909,74.125.200.0-255,1484,283928,35,311385
22312,0.002913,74.125.200.0-255,3602,287530,35,311385
22313,0.002915,172.31.33.0-255,66,287596,35,311385
22314,0.002917,74.125.200.0-255,1484,289080,35,311385
22315,0.002948,172.31.33.0-255,66,289146,35,311385
22316,0.002953,74.125.200.0-255,5738,294884,35,311385
22317,0.002969,74.125.200.0-255,4320,299204,35,311385
22318,0.002971,74.125.200.0-255,510,299714,35,311385
22319,0.002973,74.125.200.0-255,97,299811,35,311385
22320,0.00302,74.125.200.0-255,105,299916,35,311385
22321,0.003048,74.125.200.0-255,129,300045,35,311385
22322,0.003253,172.31.33.0-255,66,300111,35,311385
22323,0.00762,172.31.33.0-255,105,300216,35,311385
22324,0.007645,172.31.33.0-255,105,300321,35,311385
22325,0.00785,172.31.33.0-255,90,300411,35,311385
22326,0.007858,172.31.33.0-255,66,300477,35,311385
22327,0.009858,74.125.200.0-255,66,300543,35,311385
22328,0.009878,74.125.200.0-255,66,300609,35,311385
22329,0.010083,74.125.200.0-255,66,300675,35,311385
22330,0.010381,74.125.200.0-255,66,300741,35,311385
22331,0.010388,172.31.33.0-255,66,300807,35,311385
22332,0.030922,172.31.33.0-255,172,300979,35,311385
22333,0.030956,172.31.33.0-255,1107,302086,35,311385
22334,0.030993,172.31.33.0-255,1514,303600,35,311385
22335,0.030995,172.31.33.0-255,1514,305114,35,311385
22336,0.030999,172.31.33.0-255,1514,306628,35,311385
22337,0.031,172.31.33.0-255,1514,308142,35,311385
22338,0.031021,172.31.33.0-255,1514,309656,35,311385
22339,0.031023,172.31.33.0-255,1183,310839,35,311385
22340,0.032435,104.244.42.0-255,66,310905,35,311385
22341,0.032662,104.244.42.0-255,66,310971,35,311385
22342,0.032665,104.244.42.0-255,66,311037,35,311385
22343,0.032678,104.244.42.0-255,66,311103,35,311385
22344,0.033633,104.244.42.0-255,108,311211,35,311385
22345,0.03366,172.31.33.0-255,66,311277,35,311385
22346,0.043421,172.31.33.0-255,108,311385,35,311385
22347,0.0,172.217.194.0-255,153,153,35,137621
22348,1.3e-05,172.31.33.0-255,66,219,35,137621
22349,2e-05,172.217.194.0-255,1484,1703,35,137621
22350,2.5e-05,172.31.33.0-255,66,1769,35,137621
22351,3e-05,172.217.194.0-255,2902,4671,35,137621
22352,4e-05,172.31.33.0-255,66,4737,35,137621
22353,4.5e-05,172.217.194.0-255,2902,7639,35,137621
22354,4.8e-05,172.31.33.0-255,66,7705,35,137621
22355,8.2e-05,172.217.194.0-255,4320,12025,35,137621
22356,8.6e-05,172.31.33.0-255,66,12091,35,137621
22357,0.0001,172.31.33.0-255,66,12157,35,137621
22358,0.000134,172.217.194.0-255,5379,17536,35,137621
22359,0.000137,172.31.33.0-255,66,17602,35,137621
22360,0.000176,172.217.194.0-255,2902,20504,35,137621
22361,0.000178,172.31.33.0-255,66,20570,35,137621
22362,0.000181,172.217.194.0-255,1484,22054,35,137621
22363,0.000183,172.31.33.0-255,66,22120,35,137621
22364,0.000203,172.217.194.0-255,2902,25022,35,137621
22365,0.000206,172.31.33.0-255,66,25088,35,137621
22366,0.00022,172.31.33.0-255,66,25154,35,137621
22367,0.00026,172.31.33.0-255,66,25220,35,137621
22368,0.000264,172.217.194.0-255,2902,28122,35,137621
22369,0.000266,172.31.33.0-255,66,28188,35,137621
22370,0.000289,172.217.194.0-255,5738,33926,35,137621
22371,0.000295,172.31.33.0-255,66,33992,35,137621
22372,0.000298,172.217.194.0-255,1125,35117,35,137621
22373,0.0003,172.31.33.0-255,66,35183,35,137621
22374,0.000361,172.217.194.0-255,649,35832,35,137621
22375,0.000364,172.31.33.0-255,66,35898,35,137621
22376,0.0005,172.217.194.0-255,1484,37382,35,137621
22377,0.000506,172.217.194.0-255,2902,40284,35,137621
22378,0.00051,172.31.33.0-255,66,40350,35,137621
22379,0.000537,172.217.194.0-255,5738,46088,35,137621
22380,0.000539,172.31.33.0-255,66,46154,35,137621
22381,0.000546,172.217.194.0-255,7156,53310,35,137621
22382,0.000549,172.31.33.0-255,66,53376,35,137621
22383,0.000582,172.31.33.0-255,66,53442,35,137621
22384,0.00061,172.217.194.0-255,4320,57762,35,137621
22385,0.000612,172.31.33.0-255,66,57828,35,137621
22386,0.000617,172.217.194.0-255,2184,60012,35,137621
22387,0.000619,172.31.33.0-255,66,60078,35,137621
22388,0.000655,172.217.194.0-255,4320,64398,35,137621
22389,0.000658,172.31.33.0-255,66,64464,35,137621
22390,0.000664,172.217.194.0-255,5738,70202,35,137621
22391,0.000666,172.31.33.0-255,66,70268,35,137621
22392,0.000671,172.217.194.0-255,2902,73170,35,137621
22393,0.000677,172.31.33.0-255,66,73236,35,137621
22394,0.000713,172.31.33.0-255,66,73302,35,137621
22395,0.000728,172.31.33.0-255,66,73368,35,137621
22396,0.000732,172.217.194.0-255,2902,76270,35,137621
22397,0.000737,172.217.194.0-255,1484,77754,35,137621
22398,0.000741,172.31.33.0-255,66,77820,35,137621
22399,0.000771,172.217.194.0-255,2902,80722,35,137621
22400,0.000773,172.31.33.0-255,66,80788,35,137621
22401,0.000785,172.31.33.0-255,66,80854,35,137621
22402,0.000824,172.217.194.0-255,5738,86592,35,137621
22403,0.000842,172.31.33.0-255,66,86658,35,137621
22404,0.000879,172.31.33.0-255,66,86724,35,137621
22405,0.00089,172.31.33.0-255,66,86790,35,137621
22406,0.000914,172.31.33.0-255,66,86856,35,137621
22407,0.000932,172.31.33.0-255,66,86922,35,137621
22408,0.000936,172.217.194.0-255,2184,89106,35,137621
22409,0.000939,172.31.33.0-255,66,89172,35,137621
22410,0.000966,172.217.194.0-255,4320,93492,35,137621
22411,0.000968,172.31.33.0-255,66,93558,35,137621
22412,0.001017,172.31.33.0-255,66,93624,35,137621
22413,0.00103,172.31.33.0-255,66,93690,35,137621
22414,0.001062,172.31.33.0-255,66,93756,35,137621
22415,0.001104,172.31.33.0-255,66,93822,35,137621
22416,0.001108,172.217.194.0-255,2902,96724,35,137621
22417,0.00111,172.31.33.0-255,66,96790,35,137621
22418,0.001141,172.31.33.0-255,66,96856,35,137621
22419,0.001155,172.31.33.0-255,66,96922,35,137621
22420,0.001186,172.217.194.0-255,1484,98406,35,137621
22421,0.001198,172.31.33.0-255,66,98472,35,137621
22422,0.00123,172.31.33.0-255,66,98538,35,137621
22423,0.001283,172.217.194.0-255,1484,100022,35,137621
22424,0.001289,172.217.194.0-255,2902,102924,35,137621
22425,0.001292,172.31.33.0-255,66,102990,35,137621
22426,0.001324,172.217.194.0-255,5738,108728,35,137621
22427,0.001327,172.31.33.0-255,66,108794,35,137621
22428,0.001333,172.217.194.0-255,4320,113114,35,137621
22429,0.001335,172.31.33.0-255,66,113180,35,137621
22430,0.001368,172.31.33.0-255,66,113246,35,137621
22431,0.001382,172.31.33.0-255,66,113312,35,137621
22432,0.001425,172.217.194.0-255,1484,114796,35,137621
22433,0.001429,172.217.194.0-255,2902,117698,35,137621
22434,0.001436,172.31.33.0-255,66,117764,35,137621
22435,0.001443,172.217.194.0-255,5738,123502,35,137621
22436,0.001499,172.217.194.0-255,5738,129240,35,137621
22437,0.001567,172.217.194.0-255,7156,136396,35,137621
22438,0.001609,172.217.194.0-255,105,136501,35,137621
22439,0.00609,172.31.33.0-255,66,136567,35,137621
22440,0.017345,172.31.33.0-255,105,136672,35,137621
22441,0.019372,172.217.194.0-255,66,136738,35,137621
22442,0.055063,172.31.33.0-255,188,136926,35,137621
22443,0.055111,172.31.33.0-255,563,137489,35,137621
22444,0.05661,104.244.42.0-255,66,137555,35,137621
22445,0.056668,104.244.42.0-255,66,137621,35,137621
22446,0.0,172.31.33.0-255,105,105,35,276
22447,0.001793,157.240.7.0-255,105,210,35,276
22448,0.001806,172.31.33.0-255,66,276,35,276
22449,0.0,172.31.33.0-255,105,105,35,276
22450,0.001479,157.240.7.0-255,105,210,35,276
22451,0.001491,172.31.33.0-255,66,276,35,276
22452,0.0,172.31.33.0-255,105,105,35,276
22453,0.002062,157.240.7.0-255,105,210,35,276
22454,0.002073,172.31.33.0-255,66,276,35,276
22455,0.0,172.217.194.0-255,153,153,35,200290
22456,1.3e-05,172.31.33.0-255,66,219,35,200290
22457,2e-05,172.217.194.0-255,1484,1703,35,200290
22458,2.4e-05,172.31.33.0-255,66,1769,35,200290
22459,2.9e-05,172.217.194.0-255,2902,4671,35,200290
22460,3.8e-05,172.31.33.0-255,66,4737,35,200290
22461,4.5e-05,172.217.194.0-255,7156,11893,35,200290
22462,4.8e-05,172.31.33.0-255,66,11959,35,200290
22463,5.2e-05,172.217.194.0-255,1992,13951,35,200290
22464,5.5e-05,172.31.33.0-255,66,14017,35,200290
22465,0.00023,172.217.194.0-255,1484,15501,35,200290
22466,0.000235,172.31.33.0-255,66,15567,35,200290
22467,0.000241,172.217.194.0-255,2902,18469,35,200290
22468,0.000243,172.31.33.0-255,66,18535,35,200290
22469,0.000247,172.217.194.0-255,2902,21437,35,200290
22470,0.000254,172.31.33.0-255,66,21503,35,200290
22471,0.000283,172.217.194.0-255,2902,24405,35,200290
22472,0.000284,172.31.33.0-255,66,24471,35,200290
22473,0.000311,172.217.194.0-255,6797,31268,35,200290
22474,0.000313,172.31.33.0-255,66,31334,35,200290
22475,0.000338,172.217.194.0-255,7156,38490,35,200290
22476,0.000341,172.31.33.0-255,66,38556,35,200290
22477,0.000372,172.217.194.0-255,2902,41458,35,200290
22478,0.000374,172.31.33.0-255,66,41524,35,200290
22479,0.0004,172.217.194.0-255,6797,48321,35,200290
22480,0.000402,172.31.33.0-255,66,48387,35,200290
22481,0.000429,172.217.194.0-255,4320,52707,35,200290
22482,0.000431,172.31.33.0-255,66,52773,35,200290
22483,0.000453,172.217.194.0-255,5738,58511,35,200290
22484,0.000455,172.31.33.0-255,66,58577,35,200290
22485,0.000465,172.217.194.0-255,7108,65685,35,200290
22486,0.000467,172.31.33.0-255,66,65751,35,200290
22487,0.000469,172.217.194.0-255,99,65850,35,200290
22488,0.000726,172.217.194.0-255,364,66214,35,200290
22489,0.001024,172.31.33.0-255,66,66280,35,200290
22490,0.001225,172.217.194.0-255,1484,67764,35,200290
22491,0.001234,172.217.194.0-255,2902,70666,35,200290
22492,0.001238,172.31.33.0-255,66,70732,35,200290
22493,0.001245,172.217.194.0-255,5738,76470,35,200290
22494,0.001246,172.31.33.0-255,66,76536,35,200290
22495,0.001262,172.217.194.0-255,2902,79438,35,200290
22496,0.001264,172.31.33.0-255,66,79504,35,200290
22497,0.001302,172.31.33.0-255,66,79570,35,200290
22498,0.001312,172.31.33.0-255,66,79636,35,200290
22499,0.001804,172.217.194.0-255,1484,81120,35,200290
22500,0.001811,172.217.194.0-255,2902,84022,35,200290
22501,0.001815,172.31.33.0-255,66,84088,35,200290
22502,0.001821,172.217.194.0-255,5738,89826,35,200290
22503,0.001823,172.31.33.0-255,66,89892,35,200290
22504,0.001855,172.31.33.0-255,66,89958,35,200290
22505,0.001891,172.217.194.0-255,4320,94278,35,200290
22506,0.001893,172.31.33.0-255,66,94344,35,200290
22507,0.001929,172.31.33.0-255,66,94410,35,200290
22508,0.00269,172.217.194.0-255,1484,95894,35,200290
22509,0.002712,172.217.194.0-255,2902,98796,35,200290
22510,0.002716,172.31.33.0-255,66,98862,35,200290
22511,0.002723,172.217.194.0-255,5738,104600,35,200290
22512,0.002725,172.31.33.0-255,66,104666,35,200290
22513,0.002765,172.31.33.0-255,66,104732,35,200290
22514,0.00278,172.31.33.0-255,66,104798,35,200290
22515,0.003128,172.217.194.0-255,1484,106282,35,200290
22516,0.003131,172.217.194.0-255,1484,107766,35,200290
22517,0.003137,172.31.33.0-255,66,107832,35,200290
22518,0.00315,172.217.194.0-255,1484,109316,35,200290
22519,0.00316,172.217.194.0-255,5738,115054,35,200290
22520,0.003163,172.31.33.0-255,66,115120,35,200290
22521,0.003196,172.31.33.0-255,66,115186,35,200290
22522,0.003222,172.31.33.0-255,66,115252,35,200290
22523,0.003241,172.217.194.0-255,5020,120272,35,200290
22524,0.003244,172.217.194.0-255,2902,123174,35,200290
22525,0.003248,172.31.33.0-255,66,123240,35,200290
22526,0.003251,172.31.33.0-255,66,123306,35,200290
22527,0.003272,172.31.33.0-255,66,123372,35,200290
22528,0.003274,172.217.194.0-255,1484,124856,35,200290
22529,0.003277,172.217.194.0-255,1484,126340,35,200290
22530,0.003279,172.31.33.0-255,66,126406,35,200290
22531,0.003323,172.31.33.0-255,66,126472,35,200290
22532,0.003329,172.217.194.0-255,5020,131492,35,200290
22533,0.003331,172.31.33.0-255,66,131558,35,200290
22534,0.003748,172.217.194.0-255,1484,133042,35,200290
22535,0.003767,172.217.194.0-255,2902,135944,35,200290
22536,0.00377,172.31.33.0-255,66,136010,35,200290
22537,0.003796,172.217.194.0-255,5738,141748,35,200290
22538,0.003798,172.31.33.0-255,66,141814,35,200290
22539,0.003834,172.31.33.0-255,66,141880,35,200290
22540,0.003861,172.217.194.0-255,4320,146200,35,200290
22541,0.003864,172.31.33.0-255,66,146266,35,200290
22542,0.003878,172.31.33.0-255,66,146332,35,200290
22543,0.00388,172.217.194.0-255,766,147098,35,200290
22544,0.004594,172.31.33.0-255,66,147164,35,200290
22545,0.004876,172.217.194.0-255,1484,148648,35,200290
22546,0.004884,172.217.194.0-255,2902,151550,35,200290
22547,0.004887,172.31.33.0-255,66,151616,35,200290
22548,0.004915,172.217.194.0-255,4320,155936,35,200290
22549,0.004918,172.31.33.0-255,66,156002,35,200290
22550,0.004951,172.31.33.0-255,66,156068,35,200290
22551,0.004955,172.217.194.0-255,2902,158970,35,200290
22552,0.004956,172.31.33.0-255,66,159036,35,200290
22553,0.004959,172.217.194.0-255,1484,160520,35,200290
22554,0.00499,172.31.33.0-255,66,160586,35,200290
22555,0.005014,172.217.194.0-255,766,161352,35,200290
22556,0.005021,172.217.194.0-255,7156,168508,35,200290
22557,0.005023,172.31.33.0-255,66,168574,35,200290
22558,0.005027,172.217.194.0-255,2902,171476,35,200290
22559,0.005028,172.31.33.0-255,66,171542,35,200290
22560,0.005035,172.217.194.0-255,7156,178698,35,200290
22561,0.005037,172.31.33.0-255,66,178764,35,200290
22562,0.005074,172.217.194.0-255,4320,183084,35,200290
22563,0.005076,172.31.33.0-255,66,183150,35,200290
22564,0.005091,172.31.33.0-255,66,183216,35,200290
22565,0.005115,172.217.194.0-255,7156,190372,35,200290
22566,0.005118,172.31.33.0-255,66,190438,35,200290
22567,0.005143,172.31.33.0-255,66,190504,35,200290
22568,0.005176,172.217.194.0-255,5738,196242,35,200290
22569,0.005179,172.31.33.0-255,66,196308,35,200290
22570,0.005188,172.31.33.0-255,66,196374,35,200290
22571,0.005202,172.31.33.0-255,66,196440,35,200290
22572,0.005213,172.31.33.0-255,66,196506,35,200290
22573,0.005216,172.217.194.0-255,1386,197892,35,200290
22574,0.005238,172.217.194.0-255,105,197997,35,200290
22575,0.007462,172.31.33.0-255,66,198063,35,200290
22576,0.007498,172.31.33.0-255,105,198168,35,200290
22577,0.009739,172.217.194.0-255,66,198234,35,200290
22578,0.033127,172.31.33.0-255,172,198406,35,200290
22579,0.033155,172.31.33.0-255,1107,199513,35,200290
22580,0.033217,172.31.33.0-255,579,200092,35,200290
22581,0.034714,104.244.42.0-255,66,200158,35,200290
22582,0.034723,104.244.42.0-255,66,200224,35,200290
22583,0.034758,104.244.42.0-255,66,200290,35,200290
22584,0.0,172.253.118.0-255,153,153,35,307701
22585,2.2e-05,172.31.33.0-255,66,219,35,307701
22586,2.7e-05,172.253.118.0-255,1484,1703,35,307701
22587,3.1e-05,172.31.33.0-255,66,1769,35,307701
22588,3.5e-05,172.253.118.0-255,2902,4671,35,307701
22589,3.8e-05,172.31.33.0-255,66,4737,35,307701
22590,6.1e-05,172.253.118.0-255,7156,11893,35,307701
22591,6.3e-05,172.31.33.0-255,66,11959,35,307701
22592,6.6e-05,172.253.118.0-255,2107,14066,35,307701
22593,6.7e-05,172.31.33.0-255,66,14132,35,307701
22594,0.000375,172.253.118.0-255,1484,15616,35,307701
22595,0.000379,172.31.33.0-255,66,15682,35,307701
22596,0.000387,172.253.118.0-255,2902,18584,35,307701
22597,0.000389,172.31.33.0-255,66,18650,35,307701
22598,0.000424,172.253.118.0-255,4320,22970,35,307701
22599,0.000427,172.31.33.0-255,66,23036,35,307701
22600,0.000442,172.253.118.0-255,1484,24520,35,307701
22601,0.000444,172.31.33.0-255,66,24586,35,307701
22602,0.000447,172.253.118.0-255,1484,26070,35,307701
22603,0.000449,172.31.33.0-255,66,26136,35,307701
22604,0.000488,172.253.118.0-255,5379,31515,35,307701
22605,0.000492,172.31.33.0-255,66,31581,35,307701
22606,0.000568,172.253.118.0-255,1484,33065,35,307701
22607,0.000571,172.31.33.0-255,66,33131,35,307701
22608,0.000587,172.253.118.0-255,2902,36033,35,307701
22609,0.000589,172.31.33.0-255,66,36099,35,307701
22610,0.000615,172.253.118.0-255,5738,41837,35,307701
22611,0.000625,172.31.33.0-255,66,41903,35,307701
22612,0.000639,172.253.118.0-255,2902,44805,35,307701
22613,0.000641,172.31.33.0-255,66,44871,35,307701
22614,0.000671,172.31.33.0-255,66,44937,35,307701
22615,0.000712,172.253.118.0-255,1484,46421,35,307701
22616,0.000753,172.253.118.0-255,5738,52159,35,307701
22617,0.000758,172.31.33.0-255,66,52225,35,307701
22618,0.000775,172.253.118.0-255,2543,54768,35,307701
22619,0.000777,172.31.33.0-255,66,54834,35,307701
22620,0.00078,172.253.118.0-255,397,55231,35,307701
22621,0.000793,172.253.118.0-255,348,55579,35,307701
22622,0.001144,172.253.118.0-255,1484,57063,35,307701
22623,0.00115,172.31.33.0-255,66,57129,35,307701
22624,0.001154,172.253.118.0-255,2902,60031,35,307701
22625,0.001157,172.31.33.0-255,66,60097,35,307701
22626,0.001179,172.253.118.0-255,5738,65835,35,307701
22627,0.001182,172.31.33.0-255,66,65901,35,307701
22628,0.001207,172.31.33.0-255,66,65967,35,307701
22629,0.001224,172.253.118.0-255,2902,68869,35,307701
22630,0.001226,172.31.33.0-255,66,68935,35,307701
22631,0.001244,172.253.118.0-255,7156,76091,35,307701
22632,0.001247,172.31.33.0-255,66,76157,35,307701
22633,0.001253,172.253.118.0-255,4469,80626,35,307701
22634,0.001256,172.31.33.0-255,66,80692,35,307701
22635,0.0013,172.31.33.0-255,66,80758,35,307701
22636,0.001314,172.253.118.0-255,6797,87555,35,307701
22637,0.001316,172.31.33.0-255,66,87621,35,307701
22638,0.001348,172.253.118.0-255,1484,89105,35,307701
22639,0.00136,172.253.118.0-255,2902,92007,35,307701
22640,0.001362,172.31.33.0-255,66,92073,35,307701
22641,0.001391,172.253.118.0-255,5738,97811,35,307701
22642,0.001393,172.31.33.0-255,66,97877,35,307701
22643,0.001446,172.253.118.0-255,2902,100779,35,307701
22644,0.001448,172.31.33.0-255,66,100845,35,307701
22645,0.001466,172.253.118.0-255,3961,104806,35,307701
22646,0.001468,172.31.33.0-255,66,104872,35,307701
22647,0.001547,172.253.118.0-255,1484,106356,35,307701
22648,0.00157,172.253.118.0-255,2902,109258,35,307701
22649,0.001573,172.31.33.0-255,66,109324,35,307701
22650,0.001575,172.253.118.0-255,1484,110808,35,307701
22651,0.001592,172.253.118.0-255,2902,113710,35,307701
22652,0.001594,172.31.33.0-255,66,113776,35,307701
22653,0.001603,172.31.33.0-255,66,113842,35,307701
22654,0.001637,172.253.118.0-255,2902,116744,35,307701
22655,0.001639,172.31.33.0-255,66,116810,35,307701
22656,0.001656,172.253.118.0-255,7156,123966,35,307701
22657,0.001658,172.31.33.0-255,66,124032,35,307701
22658,0.001664,172.253.118.0-255,6438,130470,35,307701
22659,0.001667,172.31.33.0-255,66,130536,35,307701
22660,0.001861,172.253.118.0-255,1484,132020,35,307701
22661,0.001871,172.253.118.0-255,2902,134922,35,307701
22662,0.001875,172.31.33.0-255,66,134988,35,307701
22663,0.001877,172.253.118.0-255,1484,136472,35,307701
22664,0.001894,172.253.118.0-255,4320,140792,35,307701
22665,0.001897,172.31.33.0-255,66,140858,35,307701
22666,0.001912,172.253.118.0-255,1484,142342,35,307701
22667,0.001943,172.31.33.0-255,66,142408,35,307701
22668,0.001964,172.253.118.0-255,7156,149564,35,307701
22669,0.001966,172.31.33.0-255,66,149630,35,307701
22670,0.001984,172.253.118.0-255,7156,156786,35,307701
22671,0.001987,172.31.33.0-255,66,156852,35,307701
22672,0.001992,172.253.118.0-255,4320,161172,35,307701
22673,0.001994,172.31.33.0-255,66,161238,35,307701
22674,0.002014,172.253.118.0-255,4320,165558,35,307701
22675,0.002016,172.31.33.0-255,66,165624,35,307701
22676,0.00202,172.253.118.0-255,3602,169226,35,307701
22677,0.002022,172.31.33.0-255,66,169292,35,307701
22678,0.002101,172.253.118.0-255,1484,170776,35,307701
22679,0.002114,172.253.118.0-255,2902,173678,35,307701
22680,0.002116,172.31.33.0-255,66,173744,35,307701
22681,0.00212,172.253.118.0-255,1484,175228,35,307701
22682,0.002137,172.253.118.0-255,4320,179548,35,307701
22683,0.00214,172.31.33.0-255,66,179614,35,307701
22684,0.002171,172.31.33.0-255,66,179680,35,307701
22685,0.002187,172.31.33.0-255,66,179746,35,307701
22686,0.002356,172.253.118.0-255,1484,181230,35,307701
22687,0.002375,172.253.118.0-255,2902,184132,35,307701
22688,0.002378,172.31.33.0-255,66,184198,35,307701
22689,0.002384,172.253.118.0-255,5738,189936,35,307701
22690,0.002386,172.31.33.0-255,66,190002,35,307701
22691,0.002433,172.253.118.0-255,4320,194322,35,307701
22692,0.002436,172.31.33.0-255,66,194388,35,307701
22693,0.002438,172.253.118.0-255,1484,195872,35,307701
22694,0.002457,172.253.118.0-255,4320,200192,35,307701
22695,0.002459,172.31.33.0-255,66,200258,35,307701
22696,0.002479,172.253.118.0-255,5738,205996,35,307701
22697,0.002481,172.31.33.0-255,66,206062,35,307701
22698,0.002505,172.253.118.0-255,2902,208964,35,307701
22699,0.002507,172.31.33.0-255,66,209030,35,307701
22700,0.00252,172.253.118.0-255,4320,213350,35,307701
22701,0.002522,172.31.33.0-255,66,213416,35,307701
22702,0.002542,172.253.118.0-255,766,214182,35,307701
22703,0.002747,172.253.118.0-255,1484,215666,35,307701
22704,0.002752,172.31.33.0-255,66,215732,35,307701
22705,0.002757,172.253.118.0-255,2902,218634,35,307701
22706,0.00276,172.31.33.0-255,66,218700,35,307701
22707,0.002782,172.253.118.0-255,5738,224438,35,307701
22708,0.002786,172.31.33.0-255,66,224504,35,307701
22709,0.002788,172.253.118.0-255,1484,225988,35,307701
22710,0.002821,172.31.33.0-255,66,226054,35,307701
22711,0.002823,172.253.118.0-255,1484,227538,35,307701
22712,0.002843,172.253.118.0-255,7156,234694,35,307701
22713,0.002846,172.31.33.0-255,66,234760,35,307701
22714,0.002853,172.253.118.0-255,5020,239780,35,307701
22715,0.002855,172.31.33.0-255,66,239846,35,307701
22716,0.003004,172.253.118.0-255,1484,241330,35,307701
22717,0.003009,172.253.118.0-255,2902,244232,35,307701
22718,0.003014,172.31.33.0-255,66,244298,35,307701
22719,0.00302,172.253.118.0-255,5738,250036,35,307701
22720,0.003023,172.31.33.0-255,66,250102,35,307701
22721,0.003026,172.253.118.0-255,1484,251586,35,307701
22722,0.003048,172.253.118.0-255,2902,254488,35,307701
22723,0.003051,172.31.33.0-255,66,254554,35,307701
22724,0.003063,172.31.33.0-255,66,254620,35,307701
22725,0.003069,172.253.118.0-255,5738,260358,35,307701
22726,0.003071,172.31.33.0-255,66,260424,35,307701
22727,0.003075,172.253.118.0-255,2184,262608,35,307701
22728,0.003077,172.31.33.0-255,66,262674,35,307701
22729,0.003107,172.253.118.0-255,2902,265576,35,307701
22730,0.00311,172.31.33.0-255,66,265642,35,307701
22731,0.003129,172.253.118.0-255,1484,267126,35,307701
22732,0.003134,172.253.118.0-255,4320,271446,35,307701
22733,0.00314,172.31.33.0-255,66,271512,35,307701
22734,0.003145,172.253.118.0-255,2902,274414,35,307701
22735,0.003147,172.31.33.0-255,66,274480,35,307701
22736,0.003149,172.253.118.0-255,1484,275964,35,307701
22737,0.003178,172.253.118.0-255,7156,283120,35,307701
22738,0.003181,172.31.33.0-255,66,283186,35,307701
22739,0.003184,172.253.118.0-255,1484,284670,35,307701
22740,0.003201,172.253.118.0-255,4320,288990,35,307701
22741,0.003204,172.31.33.0-255,66,289056,35,307701
22742,0.003225,172.253.118.0-255,5738,294794,35,307701
22743,0.003228,172.31.33.0-255,66,294860,35,307701
22744,0.003231,172.253.118.0-255,1484,296344,35,307701
22745,0.003276,172.31.33.0-255,66,296410,35,307701
22746,0.003279,172.253.118.0-255,357,296767,35,307701
22747,0.003327,172.253.118.0-255,105,296872,35,307701
22748,0.006264,172.31.33.0-255,66,296938,35,307701
22749,0.006297,172.31.33.0-255,105,297043,35,307701
22750,0.008585,172.253.118.0-255,66,297109,35,307701
22751,0.03501,172.31.33.0-255,188,297297,35,307701
22752,0.035041,172.31.33.0-255,952,298249,35,307701
22753,0.035118,172.31.33.0-255,1514,299763,35,307701
22754,0.035119,172.31.33.0-255,1514,301277,35,307701
22755,0.035125,172.31.33.0-255,1514,302791,35,307701
22756,0.035127,172.31.33.0-255,1514,304305,35,307701
22757,0.035145,172.31.33.0-255,1514,305819,35,307701
22758,0.035147,172.31.33.0-255,1168,306987,35,307701
22759,0.036513,104.244.42.0-255,66,307053,35,307701
22760,0.036542,104.244.42.0-255,66,307119,35,307701
22761,0.036653,104.244.42.0-255,66,307185,35,307701
22762,0.036658,104.244.42.0-255,66,307251,35,307701
22763,0.039863,172.31.33.0-255,108,307359,35,307701
22764,0.041454,104.244.42.0-255,66,307425,35,307701
22765,0.041804,172.31.33.0-255,105,307530,35,307701
22766,0.043878,157.240.7.0-255,105,307635,35,307701
22767,0.0439,172.31.33.0-255,66,307701,35,307701
22768,0.0,172.217.194.0-255,146,146,35,207694
22769,2.3e-05,172.31.33.0-255,66,212,35,207694
22770,4.5e-05,172.217.194.0-255,1484,1696,35,207694
22771,4.9e-05,172.31.33.0-255,66,1762,35,207694
22772,5.4e-05,172.217.194.0-255,2902,4664,35,207694
22773,5.6e-05,172.31.33.0-255,66,4730,35,207694
22774,8.3e-05,172.217.194.0-255,5738,10468,35,207694
22775,8.7e-05,172.31.33.0-255,66,10534,35,207694
22776,0.000114,172.217.194.0-255,3422,13956,35,207694
22777,0.000117,172.31.33.0-255,66,14022,35,207694
22778,0.000863,172.217.194.0-255,1484,15506,35,207694
22779,0.000868,172.31.33.0-255,66,15572,35,207694
22780,0.000876,172.217.194.0-255,2902,18474,35,207694
22781,0.000878,172.31.33.0-255,66,18540,35,207694
22782,0.000887,172.217.194.0-255,5738,24278,35,207694
22783,0.00089,172.31.33.0-255,66,24344,35,207694
22784,0.000923,172.217.194.0-255,4320,28664,35,207694
22785,0.000925,172.31.33.0-255,66,28730,35,207694
22786,0.000947,172.217.194.0-255,6797,35527,35,207694
22787,0.00095,172.31.33.0-255,66,35593,35,207694
22788,0.00096,172.31.33.0-255,66,35659,35,207694
22789,0.000962,172.217.194.0-255,1484,37143,35,207694
22790,0.000964,172.31.33.0-255,66,37209,35,207694
22791,0.000996,172.31.33.0-255,66,37275,35,207694
22792,0.001016,172.217.194.0-255,2184,39459,35,207694
22793,0.001018,172.31.33.0-255,66,39525,35,207694
22794,0.00102,172.217.194.0-255,376,39901,35,207694
22795,0.001022,172.31.33.0-255,66,39967,35,207694
22796,0.001862,172.217.194.0-255,366,40333,35,207694
22797,0.001864,172.31.33.0-255,66,40399,35,207694
22798,0.002368,172.217.194.0-255,1484,41883,35,207694
22799,0.002393,172.217.194.0-255,1484,43367,35,207694
22800,0.002396,172.31.33.0-255,66,43433,35,207694
22801,0.002421,172.217.194.0-255,4320,47753,35,207694
22802,0.002424,172.31.33.0-255,66,47819,35,207694
22803,0.002427,172.217.194.0-255,1484,49303,35,207694
22804,0.00243,172.217.194.0-255,1484,50787,35,207694
22805,0.002432,172.31.33.0-255,66,50853,35,207694
22806,0.002481,172.217.194.0-255,7156,58009,35,207694
22807,0.002485,172.31.33.0-255,66,58075,35,207694
22808,0.002511,172.217.194.0-255,2902,60977,35,207694
22809,0.002515,172.31.33.0-255,66,61043,35,207694
22810,0.002526,172.31.33.0-255,66,61109,35,207694
22811,0.00253,172.217.194.0-255,3602,64711,35,207694
22812,0.002534,172.31.33.0-255,66,64777,35,207694
22813,0.002567,172.217.194.0-255,1484,66261,35,207694
22814,0.002573,172.217.194.0-255,2902,69163,35,207694
22815,0.002576,172.31.33.0-255,66,69229,35,207694
22816,0.002582,172.217.194.0-255,5738,74967,35,207694
22817,0.002585,172.31.33.0-255,66,75033,35,207694
22818,0.002591,172.217.194.0-255,7156,82189,35,207694
22819,0.002594,172.31.33.0-255,66,82255,35,207694
22820,0.002622,172.217.194.0-255,5738,87993,35,207694
22821,0.002627,172.31.33.0-255,66,88059,35,207694
22822,0.00267,172.31.33.0-255,66,88125,35,207694
22823,0.002684,172.31.33.0-255,66,88191,35,207694
22824,0.002736,172.31.33.0-255,66,88257,35,207694
22825,0.002766,172.217.194.0-255,1484,89741,35,207694
22826,0.00277,172.217.194.0-255,2902,92643,35,207694
22827,0.002774,172.31.33.0-255,66,92709,35,207694
22828,0.00278,172.217.194.0-255,5738,98447,35,207694
22829,0.002782,172.217.194.0-255,1484,99931,35,207694
22830,0.002785,172.31.33.0-255,66,99997,35,207694
22831,0.002808,172.217.194.0-255,4320,104317,35,207694
22832,0.002812,172.31.33.0-255,66,104383,35,207694
22833,0.002817,172.217.194.0-255,2902,107285,35,207694
22834,0.002819,172.31.33.0-255,66,107351,35,207694
22835,0.002854,172.31.33.0-255,66,107417,35,207694
22836,0.00286,172.217.194.0-255,5020,112437,35,207694
22837,0.002864,172.31.33.0-255,66,112503,35,207694
22838,0.002913,172.217.194.0-255,1484,113987,35,207694
22839,0.002917,172.217.194.0-255,1484,115471,35,207694
22840,0.002919,172.31.33.0-255,66,115537,35,207694
22841,0.002941,172.217.194.0-255,1484,117021,35,207694
22842,0.002948,172.217.194.0-255,5738,122759,35,207694
22843,0.00295,172.31.33.0-255,66,122825,35,207694
22844,0.002957,172.217.194.0-255,7156,129981,35,207694
22845,0.00296,172.31.33.0-255,66,130047,35,207694
22846,0.003,172.31.33.0-255,66,130113,35,207694
22847,0.003058,172.217.194.0-255,2184,132297,35,207694
22848,0.003061,172.31.33.0-255,66,132363,35,207694
22849,0.003135,172.217.194.0-255,1484,133847,35,207694
22850,0.00314,172.217.194.0-255,1484,135331,35,207694
22851,0.003143,172.31.33.0-255,66,135397,35,207694
22852,0.003154,172.217.194.0-255,1484,136881,35,207694
22853,0.003165,172.217.194.0-255,4320,141201,35,207694
22854,0.003167,172.31.33.0-255,66,141267,35,207694
22855,0.00318,172.217.194.0-255,1484,142751,35,207694
22856,0.003203,172.31.33.0-255,66,142817,35,207694
22857,0.003243,172.217.194.0-255,7156,149973,35,207694
22858,0.003247,172.31.33.0-255,66,150039,35,207694
22859,0.003281,172.217.194.0-255,3602,153641,35,207694
22860,0.003284,172.217.194.0-255,1484,155125,35,207694
22861,0.003286,172.31.33.0-255,66,155191,35,207694
22862,0.003286,172.217.194.0-255,1484,156675,35,207694
22863,0.00329,172.31.33.0-255,66,156741,35,207694
22864,0.003307,172.217.194.0-255,4320,161061,35,207694
22865,0.00331,172.31.33.0-255,66,161127,35,207694
22866,0.003313,172.217.194.0-255,1484,162611,35,207694
22867,0.003317,172.217.194.0-255,1484,164095,35,207694
22868,0.003318,172.31.33.0-255,66,164161,35,207694
22869,0.003322,172.217.194.0-255,1484,165645,35,207694
22870,0.003358,172.31.33.0-255,66,165711,35,207694
22871,0.003389,172.217.194.0-255,7156,172867,35,207694
22872,0.003392,172.31.33.0-255,66,172933,35,207694
22873,0.003395,172.217.194.0-255,1484,174417,35,207694
22874,0.0034,172.217.194.0-255,4320,178737,35,207694
22875,0.003402,172.31.33.0-255,66,178803,35,207694
22876,0.003405,172.217.194.0-255,766,179569,35,207694
22877,0.003462,172.217.194.0-255,2902,182471,35,207694
22878,0.003466,172.31.33.0-255,66,182537,35,207694
22879,0.003479,172.217.194.0-255,5738,188275,35,207694
22880,0.003482,172.31.33.0-255,66,188341,35,207694
22881,0.003517,172.31.33.0-255,66,188407,35,207694
22882,0.00353,172.31.33.0-255,66,188473,35,207694
22883,0.003545,172.31.33.0-255,66,188539,35,207694
22884,0.003569,172.217.194.0-255,6438,194977,35,207694
22885,0.003572,172.31.33.0-255,66,195043,35,207694
22886,0.003577,172.217.194.0-255,4320,199363,35,207694
22887,0.003579,172.31.33.0-255,66,199429,35,207694
22888,0.003621,172.31.33.0-255,66,199495,35,207694
22889,0.003627,172.217.194.0-255,4320,203815,35,207694
22890,0.00363,172.31.33.0-255,66,203881,35,207694
22891,0.003673,172.31.33.0-255,66,203947,35,207694
22892,0.003677,172.217.194.0-255,525,204472,35,207694
22893,0.00368,172.217.194.0-255,105,204577,35,207694
22894,0.005556,172.31.33.0-255,66,204643,35,207694
22895,0.005579,172.31.33.0-255,105,204748,35,207694
22896,0.007874,172.217.194.0-255,66,204814,35,207694
22897,0.041085,172.31.33.0-255,176,204990,35,207694
22898,0.041118,172.31.33.0-255,1107,206097,35,207694
22899,0.041183,172.31.33.0-255,1399,207496,35,207694
22900,0.042617,104.244.42.0-255,66,207562,35,207694
22901,0.042678,104.244.42.0-255,66,207628,35,207694
22902,0.042682,104.244.42.0-255,66,207694,35,207694
22903,0.0,74.125.24.0-255,153,153,35,264260
22904,3.8e-05,172.31.33.0-255,66,219,35,264260
22905,4.5e-05,74.125.24.0-255,1484,1703,35,264260
22906,5e-05,172.31.33.0-255,66,1769,35,264260
22907,5.4e-05,74.125.24.0-255,2902,4671,35,264260
22908,6.4e-05,172.31.33.0-255,66,4737,35,264260
22909,7.2e-05,74.125.24.0-255,7156,11893,35,264260
22910,7.5e-05,172.31.33.0-255,66,11959,35,264260
22911,7.9e-05,74.125.24.0-255,2065,14024,35,264260
22912,8.1e-05,172.31.33.0-255,66,14090,35,264260
22913,8.6e-05,74.125.24.0-255,2902,16992,35,264260
22914,8.8e-05,172.31.33.0-255,66,17058,35,264260
22915,0.000123,74.125.24.0-255,7156,24214,35,264260
22916,0.000126,172.31.33.0-255,66,24280,35,264260
22917,0.000143,172.31.33.0-255,66,24346,35,264260
22918,0.000177,74.125.24.0-255,7156,31502,35,264260
22919,0.000181,172.31.33.0-255,66,31568,35,264260
22920,0.000216,74.125.24.0-255,6438,38006,35,264260
22921,0.000218,172.31.33.0-255,66,38072,35,264260
22922,0.000684,74.125.24.0-255,1484,39556,35,264260
22923,0.000691,172.31.33.0-255,66,39622,35,264260
22924,0.000697,74.125.24.0-255,2902,42524,35,264260
22925,0.000699,172.31.33.0-255,66,42590,35,264260
22926,0.000712,74.125.24.0-255,5738,48328,35,264260
22927,0.000714,172.31.33.0-255,66,48394,35,264260
22928,0.000718,74.125.24.0-255,1484,49878,35,264260
22929,0.00072,172.31.33.0-255,66,49944,35,264260
22930,0.000754,74.125.24.0-255,5379,55323,35,264260
22931,0.000759,172.31.33.0-255,66,55389,35,264260
22932,0.000795,172.31.33.0-255,66,55455,35,264260
22933,0.000799,74.125.24.0-255,2543,57998,35,264260
22934,0.0008,172.31.33.0-255,66,58064,35,264260
22935,0.000844,74.125.24.0-255,646,58710,35,264260
22936,0.001311,74.125.24.0-255,1484,60194,35,264260
22937,0.001317,172.31.33.0-255,66,60260,35,264260
22938,0.001323,74.125.24.0-255,2902,63162,35,264260
22939,0.001325,172.31.33.0-255,66,63228,35,264260
22940,0.001341,74.125.24.0-255,1484,64712,35,264260
22941,0.001359,74.125.24.0-255,1484,66196,35,264260
22942,0.001362,172.31.33.0-255,66,66262,35,264260
22943,0.001367,74.125.24.0-255,4320,70582,35,264260
22944,0.001369,172.31.33.0-255,66,70648,35,264260
22945,0.001396,74.125.24.0-255,2902,73550,35,264260
22946,0.001398,172.31.33.0-255,66,73616,35,264260
22947,0.001408,172.31.33.0-255,66,73682,35,264260
22948,0.001438,74.125.24.0-255,2902,76584,35,264260
22949,0.00144,172.31.33.0-255,66,76650,35,264260
22950,0.001461,74.125.24.0-255,6438,83088,35,264260
22951,0.001464,172.31.33.0-255,66,83154,35,264260
22952,0.001761,74.125.24.0-255,1484,84638,35,264260
22953,0.001766,74.125.24.0-255,2902,87540,35,264260
22954,0.001769,172.31.33.0-255,66,87606,35,264260
22955,0.001772,74.125.24.0-255,1484,89090,35,264260
22956,0.001801,74.125.24.0-255,2902,91992,35,264260
22957,0.001804,172.31.33.0-255,66,92058,35,264260
22958,0.001828,74.125.24.0-255,2902,94960,35,264260
22959,0.00183,172.31.33.0-255,66,95026,35,264260
22960,0.001858,74.125.24.0-255,6797,101823,35,264260
22961,0.001861,172.31.33.0-255,66,101889,35,264260
22962,0.001872,172.31.33.0-255,66,101955,35,264260
22963,0.001908,172.31.33.0-255,66,102021,35,264260
22964,0.001919,172.31.33.0-255,66,102087,35,264260
22965,0.001946,74.125.24.0-255,1484,103571,35,264260
22966,0.001953,74.125.24.0-255,3602,107173,35,264260
22967,0.001955,172.31.33.0-255,66,107239,35,264260
22968,0.002541,74.125.24.0-255,1484,108723,35,264260
22969,0.002545,74.125.24.0-255,1484,110207,35,264260
22970,0.002547,172.31.33.0-255,66,110273,35,264260
22971,0.002568,74.125.24.0-255,1484,111757,35,264260
22972,0.002574,74.125.24.0-255,5738,117495,35,264260
22973,0.002576,172.31.33.0-255,66,117561,35,264260
22974,0.00258,74.125.24.0-255,2902,120463,35,264260
22975,0.002582,172.31.33.0-255,66,120529,35,264260
22976,0.002616,74.125.24.0-255,7156,127685,35,264260
22977,0.002619,172.31.33.0-255,66,127751,35,264260
22978,0.00263,172.31.33.0-255,66,127817,35,264260
22979,0.002638,74.125.24.0-255,2184,130001,35,264260
22980,0.00264,172.31.33.0-255,66,130067,35,264260
22981,0.002848,74.125.24.0-255,1484,131551,35,264260
22982,0.002852,74.125.24.0-255,2902,134453,35,264260
22983,0.002854,172.31.33.0-255,66,134519,35,264260
22984,0.002881,74.125.24.0-255,5738,140257,35,264260
22985,0.002883,172.31.33.0-255,66,140323,35,264260
22986,0.002909,74.125.24.0-255,7156,147479,35,264260
22987,0.002911,172.31.33.0-255,66,147545,35,264260
22988,0.002941,172.31.33.0-255,66,147611,35,264260
22989,0.002967,74.125.24.0-255,2902,150513,35,264260
22990,0.002969,172.31.33.0-255,66,150579,35,264260
22991,0.002999,172.31.33.0-255,66,150645,35,264260
22992,0.003025,74.125.24.0-255,3602,154247,35,264260
22993,0.003026,172.31.33.0-255,66,154313,35,264260
22994,0.003044,172.31.33.0-255,66,154379,35,264260
22995,0.003062,74.125.24.0-255,7156,161535,35,264260
22996,0.003065,172.31.33.0-255,66,161601,35,264260
22997,0.00307,74.125.24.0-255,5020,166621,35,264260
22998,0.003072,172.31.33.0-255,66,166687,35,264260
22999,0.003397,74.125.24.0-255,1484,168171,35,264260
23000,0.003411,74.125.24.0-255,2902,171073,35,264260
23001,0.003413,172.31.33.0-255,66,171139,35,264260
23002,0.003419,74.125.24.0-255,5738,176877,35,264260
23003,0.003422,172.31.33.0-255,66,176943,35,264260
23004,0.003462,74.125.24.0-255,7156,184099,35,264260
23005,0.003465,172.31.33.0-255,66,184165,35,264260
23006,0.003475,74.125.24.0-255,1484,185649,35,264260
23007,0.003506,172.31.33.0-255,66,185715,35,264260
23008,0.003509,74.125.24.0-255,2184,187899,35,264260
23009,0.003511,172.31.33.0-255,66,187965,35,264260
23010,0.003557,74.125.24.0-255,1484,189449,35,264260
23011,0.003569,74.125.24.0-255,2902,192351,35,264260
23012,0.003571,172.31.33.0-255,66,192417,35,264260
23013,0.003598,74.125.24.0-255,5738,198155,35,264260
23014,0.0036,172.31.33.0-255,66,198221,35,264260
23015,0.003605,74.125.24.0-255,4320,202541,35,264260
23016,0.003607,172.31.33.0-255,66,202607,35,264260
23017,0.003616,74.125.24.0-255,5738,208345,35,264260
23018,0.003618,172.31.33.0-255,66,208411,35,264260
23019,0.003643,74.125.24.0-255,4320,212731,35,264260
23020,0.003645,172.31.33.0-255,66,212797,35,264260
23021,0.00367,74.125.24.0-255,7156,219953,35,264260
23022,0.003672,172.31.33.0-255,66,220019,35,264260
23023,0.003676,74.125.24.0-255,2902,222921,35,264260
23024,0.003682,172.31.33.0-255,66,222987,35,264260
23025,0.003714,74.125.24.0-255,5020,228007,35,264260
23026,0.003716,172.31.33.0-255,66,228073,35,264260
23027,0.003733,74.125.24.0-255,5738,233811,35,264260
23028,0.003772,74.125.24.0-255,4320,238131,35,264260
23029,0.003774,74.125.24.0-255,766,238897,35,264260
23030,0.003777,74.125.24.0-255,1484,240381,35,264260
23031,0.003789,74.125.24.0-255,2902,243283,35,264260
23032,0.003807,74.125.24.0-255,2902,246185,35,264260
23033,0.003827,74.125.24.0-255,5738,251923,35,264260
23034,0.003837,74.125.24.0-255,2902,254825,35,264260
23035,0.003841,74.125.24.0-255,2902,257727,35,264260
23036,0.003876,74.125.24.0-255,105,257832,35,264260
23037,0.013021,74.125.24.0-255,105,257937,35,264260
23038,0.013045,172.31.33.0-255,78,258015,35,264260
23039,0.015496,172.31.33.0-255,105,258120,35,264260
23040,0.01749,74.125.24.0-255,66,258186,35,264260
23041,0.057445,172.31.33.0-255,198,258384,35,264260
23042,0.057479,172.31.33.0-255,909,259293,35,264260
23043,0.057576,172.31.33.0-255,1514,260807,35,264260
23044,0.057578,172.31.33.0-255,1514,262321,35,264260
23045,0.057582,172.31.33.0-255,1514,263835,35,264260
23046,0.057584,172.31.33.0-255,161,263996,35,264260
23047,0.058987,104.244.42.0-255,66,264062,35,264260
23048,0.05908,104.244.42.0-255,66,264128,35,264260
23049,0.05916,104.244.42.0-255,66,264194,35,264260
23050,0.059192,104.244.42.0-255,66,264260,35,264260
23051,0.0,172.31.33.0-255,105,105,35,276
23052,0.002339,157.240.7.0-255,105,210,35,276
23053,0.002351,172.31.33.0-255,66,276,35,276
23054,0.0,74.125.200.0-255,147,147,35,298623
23055,2.9e-05,172.31.33.0-255,66,213,35,298623
23056,3.5e-05,74.125.200.0-255,1484,1697,35,298623
23057,3.9e-05,172.31.33.0-255,66,1763,35,298623
23058,4.1e-05,74.125.200.0-255,1484,3247,35,298623
23059,4.3e-05,172.31.33.0-255,66,3313,35,298623
23060,7.6e-05,74.125.200.0-255,2902,6215,35,298623
23061,7.9e-05,172.31.33.0-255,66,6281,35,298623
23062,8.5e-05,74.125.200.0-255,5738,12019,35,298623
23063,8.7e-05,172.31.33.0-255,66,12085,35,298623
23064,0.000109,74.125.200.0-255,2029,14114,35,298623
23065,0.000111,172.31.33.0-255,66,14180,35,298623
23066,0.00022,74.125.200.0-255,1484,15664,35,298623
23067,0.000224,172.31.33.0-255,66,15730,35,298623
23068,0.000249,74.125.200.0-255,2902,18632,35,298623
23069,0.000253,172.31.33.0-255,66,18698,35,298623
23070,0.000257,74.125.200.0-255,2902,21600,35,298623
23071,0.000259,172.31.33.0-255,66,21666,35,298623
23072,0.000281,74.125.200.0-255,1484,23150,35,298623
23073,0.000284,172.31.33.0-255,66,23216,35,298623
23074,0.000314,172.31.33.0-255,66,23282,35,298623
23075,0.000342,74.125.200.0-255,1484,24766,35,298623
23076,0.000347,172.31.33.0-255,66,24832,35,298623
23077,0.000357,74.125.200.0-255,1484,26316,35,298623
23078,0.000359,172.31.33.0-255,66,26382,35,298623
23079,0.000368,74.125.200.0-255,4320,30702,35,298623
23080,0.00037,172.31.33.0-255,66,30768,35,298623
23081,0.0004,172.31.33.0-255,66,30834,35,298623
23082,0.000403,74.125.200.0-255,1125,31959,35,298623
23083,0.000405,172.31.33.0-255,66,32025,35,298623
23084,0.000459,74.125.200.0-255,1484,33509,35,298623
23085,0.000472,74.125.200.0-255,1484,34993,35,298623
23086,0.000474,172.31.33.0-255,66,35059,35,298623
23087,0.000498,74.125.200.0-255,1484,36543,35,298623
23088,0.000504,74.125.200.0-255,5738,42281,35,298623
23089,0.000506,172.31.33.0-255,66,42347,35,298623
23090,0.000511,74.125.200.0-255,2902,45249,35,298623
23091,0.000513,172.31.33.0-255,66,45315,35,298623
23092,0.000517,74.125.200.0-255,3961,49276,35,298623
23093,0.000519,172.31.33.0-255,66,49342,35,298623
23094,0.000546,74.125.200.0-255,645,49987,35,298623
23095,0.000698,172.31.33.0-255,66,50053,35,298623
23096,0.000812,74.125.200.0-255,1484,51537,35,298623
23097,0.00083,74.125.200.0-255,2902,54439,35,298623
23098,0.000833,172.31.33.0-255,66,54505,35,298623
23099,0.00086,74.125.200.0-255,4320,58825,35,298623
23100,0.000863,172.31.33.0-255,66,58891,35,298623
23101,0.00089,74.125.200.0-255,5738,64629,35,298623
23102,0.000893,172.31.33.0-255,66,64695,35,298623
23103,0.00092,74.125.200.0-255,1995,66690,35,298623
23104,0.000923,172.31.33.0-255,66,66756,35,298623
23105,0.001133,74.125.200.0-255,1484,68240,35,298623
23106,0.001153,74.125.200.0-255,2902,71142,35,298623
23107,0.001157,172.31.33.0-255,66,71208,35,298623
23108,0.001174,74.125.200.0-255,2902,74110,35,298623
23109,0.001176,172.31.33.0-255,66,74176,35,298623
23110,0.001182,74.125.200.0-255,4320,78496,35,298623
23111,0.001184,172.31.33.0-255,66,78562,35,298623
23112,0.001208,74.125.200.0-255,2902,81464,35,298623
23113,0.001212,172.31.33.0-255,66,81530,35,298623
23114,0.00125,74.125.200.0-255,5738,87268,35,298623
23115,0.001253,172.31.33.0-255,66,87334,35,298623
23116,0.001258,74.125.200.0-255,4320,91654,35,298623
23117,0.00126,172.31.33.0-255,66,91720,35,298623
23118,0.001287,172.31.33.0-255,66,91786,35,298623
23119,0.001361,74.125.200.0-255,1484,93270,35,298623
23120,0.001365,74.125.200.0-255,1484,94754,35,298623
23121,0.001367,172.31.33.0-255,66,94820,35,298623
23122,0.001393,74.125.200.0-255,1484,96304,35,298623
23123,0.001399,74.125.200.0-255,5738,102042,35,298623
23124,0.001401,172.31.33.0-255,66,102108,35,298623
23125,0.001421,74.125.200.0-255,1484,103592,35,298623
23126,0.001449,172.31.33.0-255,66,103658,35,298623
23127,0.001474,74.125.200.0-255,5738,109396,35,298623
23128,0.001477,172.31.33.0-255,66,109462,35,298623
23129,0.001509,172.31.33.0-255,66,109528,35,298623
23130,0.001535,74.125.200.0-255,1484,111012,35,298623
23131,0.001564,74.125.200.0-255,1484,112496,35,298623
23132,0.001568,172.31.33.0-255,66,112562,35,298623
23133,0.00162,172.31.33.0-255,66,112628,35,298623
23134,0.001647,74.125.200.0-255,2902,115530,35,298623
23135,0.001649,172.31.33.0-255,66,115596,35,298623
23136,0.001661,172.31.33.0-255,66,115662,35,298623
23137,0.001687,74.125.200.0-255,4320,119982,35,298623
23138,0.001689,172.31.33.0-255,66,120048,35,298623
23139,0.001692,74.125.200.0-255,1484,121532,35,298623
23140,0.00172,74.125.200.0-255,4320,125852,35,298623
23141,0.001724,74.125.200.0-255,4320,130172,35,298623
23142,0.001729,172.31.33.0-255,66,130238,35,298623
23143,0.001731,172.31.33.0-255,66,130304,35,298623
23144,0.001756,74.125.200.0-255,5738,136042,35,298623
23145,0.001758,172.31.33.0-255,66,136108,35,298623
23146,0.001761,74.125.200.0-255,766,136874,35,298623
23147,0.001797,74.125.200.0-255,1484,138358,35,298623
23148,0.0018,172.31.33.0-255,66,138424,35,298623
23149,0.001826,74.125.200.0-255,4320,142744,35,298623
23150,0.001828,172.31.33.0-255,66,142810,35,298623
23151,0.001832,74.125.200.0-255,2902,145712,35,298623
23152,0.001833,172.31.33.0-255,66,145778,35,298623
23153,0.001838,74.125.200.0-255,4320,150098,35,298623
23154,0.00184,172.31.33.0-255,66,150164,35,298623
23155,0.001877,172.31.33.0-255,66,150230,35,298623
23156,0.001883,74.125.200.0-255,5738,155968,35,298623
23157,0.001884,172.31.33.0-255,66,156034,35,298623
23158,0.001887,74.125.200.0-255,1484,157518,35,298623
23159,0.001921,74.125.200.0-255,5020,162538,35,298623
23160,0.001924,172.31.33.0-255,66,162604,35,298623
23161,0.002026,74.125.200.0-255,1484,164088,35,298623
23162,0.002039,74.125.200.0-255,2902,166990,35,298623
23163,0.002042,172.31.33.0-255,66,167056,35,298623
23164,0.00207,74.125.200.0-255,5738,172794,35,298623
23165,0.002072,172.31.33.0-255,66,172860,35,298623
23166,0.002077,74.125.200.0-255,4320,177180,35,298623
23167,0.002078,172.31.33.0-255,66,177246,35,298623
23168,0.002095,74.125.200.0-255,5738,182984,35,298623
23169,0.002097,172.31.33.0-255,66,183050,35,298623
23170,0.002126,74.125.200.0-255,7156,190206,35,298623
23171,0.002129,172.31.33.0-255,66,190272,35,298623
23172,0.002152,74.125.200.0-255,4320,194592,35,298623
23173,0.002155,172.31.33.0-255,66,194658,35,298623
23174,0.002158,74.125.200.0-255,2184,196842,35,298623
23175,0.00216,172.31.33.0-255,66,196908,35,298623
23176,0.002761,74.125.200.0-255,1484,198392,35,298623
23177,0.002766,74.125.200.0-255,2902,201294,35,298623
23178,0.002769,172.31.33.0-255,66,201360,35,298623
23179,0.002795,74.125.200.0-255,5738,207098,35,298623
23180,0.002798,172.31.33.0-255,66,207164,35,298623
23181,0.002823,74.125.200.0-255,5738,212902,35,298623
23182,0.002825,172.31.33.0-255,66,212968,35,298623
23183,0.002836,74.125.200.0-255,1484,214452,35,298623
23184,0.002854,74.125.200.0-255,7156,221608,35,298623
23185,0.002856,74.125.200.0-255,1484,223092,35,298623
23186,0.002859,172.31.33.0-255,66,223158,35,298623
23187,0.002884,74.125.200.0-255,4320,227478,35,298623
23188,0.002888,172.31.33.0-255,66,227544,35,298623
23189,0.002913,74.125.200.0-255,3602,231146,35,298623
23190,0.002915,172.31.33.0-255,66,231212,35,298623
23191,0.003102,74.125.200.0-255,1484,232696,35,298623
23192,0.003106,74.125.200.0-255,1484,234180,35,298623
23193,0.003109,172.31.33.0-255,66,234246,35,298623
23194,0.00312,74.125.200.0-255,1484,235730,35,298623
23195,0.003128,74.125.200.0-255,2902,238632,35,298623
23196,0.00313,172.31.33.0-255,66,238698,35,298623
23197,0.003156,74.125.200.0-255,2902,241600,35,298623
23198,0.003159,172.31.33.0-255,66,241666,35,298623
23199,0.003163,74.125.200.0-255,2902,244568,35,298623
23200,0.003165,172.31.33.0-255,66,244634,35,298623
23201,0.00317,74.125.200.0-255,4320,248954,35,298623
23202,0.003171,172.31.33.0-255,66,249020,35,298623
23203,0.003177,74.125.200.0-255,5738,254758,35,298623
23204,0.003182,172.31.33.0-255,66,254824,35,298623
23205,0.003204,74.125.200.0-255,2902,257726,35,298623
23206,0.003206,172.31.33.0-255,66,257792,35,298623
23207,0.003217,74.125.200.0-255,1484,259276,35,298623
23208,0.003221,172.31.33.0-255,66,259342,35,298623
23209,0.003256,74.125.200.0-255,7156,266498,35,298623
23210,0.003259,172.31.33.0-255,66,266564,35,298623
23211,0.003265,74.125.200.0-255,5738,272302,35,298623
23212,0.003267,172.31.33.0-255,66,272368,35,298623
23213,0.003273,74.125.200.0-255,7156,279524,35,298623
23214,0.003275,172.31.33.0-255,66,279590,35,298623
23215,0.003332,172.31.33.0-255,66,279656,35,298623
23216,0.003336,74.125.200.0-255,2902,282558,35,298623
23217,0.003338,172.31.33.0-255,66,282624,35,298623
23218,0.00336,74.125.200.0-255,5738,288362,35,298623
23219,0.003362,172.31.33.0-255,66,288428,35,298623
23220,0.003394,74.125.200.0-255,6814,295242,35,298623
23221,0.003396,172.31.33.0-255,66,295308,35,298623
23222,0.003399,74.125.200.0-255,97,295405,35,298623
23223,0.003402,74.125.200.0-255,105,295510,35,298623
23224,0.004309,172.31.33.0-255,66,295576,35,298623
23225,0.004346,172.31.33.0-255,105,295681,35,298623
23226,0.006912,74.125.200.0-255,66,295747,35,298623
23227,0.026238,172.31.33.0-255,172,295919,35,298623
23228,0.02629,172.31.33.0-255,1107,297026,35,298623
23229,0.026381,172.31.33.0-255,1399,298425,35,298623
23230,0.02781,104.244.42.0-255,66,298491,35,298623
23231,0.027854,104.244.42.0-255,66,298557,35,298623
23232,0.027953,104.244.42.0-255,66,298623,35,298623
23233,0.0,74.125.24.0-255,217,217,35,265198
23234,2.2e-05,172.31.33.0-255,66,283,35,265198
23235,2.8e-05,74.125.24.0-255,1484,1767,35,265198
23236,3.2e-05,172.31.33.0-255,66,1833,35,265198
23237,3.7e-05,74.125.24.0-255,4320,6153,35,265198
23238,4.5e-05,172.31.33.0-255,66,6219,35,265198
23239,5.2e-05,74.125.24.0-255,5738,11957,35,265198
23240,5.5e-05,172.31.33.0-255,66,12023,35,265198
23241,8.1e-05,74.125.24.0-255,1484,13507,35,265198
23242,8.6e-05,172.31.33.0-255,66,13573,35,265198
23243,8.9e-05,74.125.24.0-255,388,13961,35,265198
23244,9e-05,172.31.33.0-255,66,14027,35,265198
23245,0.000232,74.125.24.0-255,1484,15511,35,265198
23246,0.000235,172.31.33.0-255,66,15577,35,265198
23247,0.00024,74.125.24.0-255,2902,18479,35,265198
23248,0.000242,172.31.33.0-255,66,18545,35,265198
23249,0.000245,74.125.24.0-255,1484,20029,35,265198
23250,0.000247,172.31.33.0-255,66,20095,35,265198
23251,0.000282,74.125.24.0-255,4320,24415,35,265198
23252,0.000284,172.31.33.0-255,66,24481,35,265198
23253,0.00029,74.125.24.0-255,4320,28801,35,265198
23254,0.000292,172.31.33.0-255,66,28867,35,265198
23255,0.000315,74.125.24.0-255,2543,31410,35,265198
23256,0.000317,172.31.33.0-255,66,31476,35,265198
23257,0.000329,74.125.24.0-255,7156,38632,35,265198
23258,0.000331,172.31.33.0-255,66,38698,35,265198
23259,0.000338,74.125.24.0-255,5738,44436,35,265198
23260,0.00034,172.31.33.0-255,66,44502,35,265198
23261,0.000391,74.125.24.0-255,3961,48463,35,265198
23262,0.000395,172.31.33.0-255,66,48529,35,265198
23263,0.000808,74.125.24.0-255,1484,50013,35,265198
23264,0.000813,172.31.33.0-255,66,50079,35,265198
23265,0.000819,74.125.24.0-255,1484,51563,35,265198
23266,0.000836,74.125.24.0-255,1484,53047,35,265198
23267,0.000839,172.31.33.0-255,66,53113,35,265198
23268,0.000844,74.125.24.0-255,4320,57433,35,265198
23269,0.000846,172.31.33.0-255,66,57499,35,265198
23270,0.000875,74.125.24.0-255,1484,58983,35,265198
23271,0.000882,74.125.24.0-255,6797,65780,35,265198
23272,0.000885,172.31.33.0-255,66,65846,35,265198
23273,0.001165,74.125.24.0-255,1484,67330,35,265198
23274,0.001178,74.125.24.0-255,2902,70232,35,265198
23275,0.001183,172.31.33.0-255,66,70298,35,265198
23276,0.001188,74.125.24.0-255,1484,71782,35,265198
23277,0.001211,74.125.24.0-255,4320,76102,35,265198
23278,0.001215,172.31.33.0-255,66,76168,35,265198
23279,0.001221,74.125.24.0-255,5738,81906,35,265198
23280,0.001224,172.31.33.0-255,66,81972,35,265198
23281,0.001235,74.125.24.0-255,5738,87710,35,265198
23282,0.001237,172.31.33.0-255,66,87776,35,265198
23283,0.001274,74.125.24.0-255,7156,94932,35,265198
23284,0.001278,172.31.33.0-255,66,94998,35,265198
23285,0.001285,74.125.24.0-255,5020,100018,35,265198
23286,0.001288,172.31.33.0-255,66,100084,35,265198
23287,0.0013,74.125.24.0-255,5738,105822,35,265198
23288,0.001304,172.31.33.0-255,66,105888,35,265198
23289,0.001309,74.125.24.0-255,4320,110208,35,265198
23290,0.001312,172.31.33.0-255,66,110274,35,265198
23291,0.001355,172.31.33.0-255,66,110340,35,265198
23292,0.001374,172.31.33.0-255,66,110406,35,265198
23293,0.001386,172.31.33.0-255,66,110472,35,265198
23294,0.001431,172.31.33.0-255,66,110538,35,265198
23295,0.00156,74.125.24.0-255,1484,112022,35,265198
23296,0.001572,74.125.24.0-255,1484,113506,35,265198
23297,0.001574,172.31.33.0-255,66,113572,35,265198
23298,0.0016,74.125.24.0-255,1484,115056,35,265198
23299,0.001607,74.125.24.0-255,5738,120794,35,265198
23300,0.001609,172.31.33.0-255,66,120860,35,265198
23301,0.001635,74.125.24.0-255,4320,125180,35,265198
23302,0.001637,172.31.33.0-255,66,125246,35,265198
23303,0.00167,172.31.33.0-255,66,125312,35,265198
23304,0.00168,172.31.33.0-255,66,125378,35,265198
23305,0.001723,74.125.24.0-255,2184,127562,35,265198
23306,0.001725,172.31.33.0-255,66,127628,35,265198
23307,0.001751,74.125.24.0-255,2902,130530,35,265198
23308,0.001754,172.31.33.0-255,66,130596,35,265198
23309,0.001772,74.125.24.0-255,4320,134916,35,265198
23310,0.001775,172.31.33.0-255,66,134982,35,265198
23311,0.001797,74.125.24.0-255,1484,136466,35,265198
23312,0.0018,74.125.24.0-255,1484,137950,35,265198
23313,0.001802,172.31.33.0-255,66,138016,35,265198
23314,0.001827,74.125.24.0-255,7156,145172,35,265198
23315,0.001829,172.31.33.0-255,66,145238,35,265198
23316,0.00185,74.125.24.0-255,1484,146722,35,265198
23317,0.001862,172.31.33.0-255,66,146788,35,265198
23318,0.001893,74.125.24.0-255,5020,151808,35,265198
23319,0.001896,172.31.33.0-255,66,151874,35,265198
23320,0.001926,74.125.24.0-255,2902,154776,35,265198
23321,0.001928,172.31.33.0-255,66,154842,35,265198
23322,0.001944,74.125.24.0-255,2902,157744,35,265198
23323,0.001947,172.31.33.0-255,66,157810,35,265198
23324,0.001952,74.125.24.0-255,7156,164966,35,265198
23325,0.001954,172.31.33.0-255,66,165032,35,265198
23326,0.001992,74.125.24.0-255,1484,166516,35,265198
23327,0.002016,74.125.24.0-255,2902,169418,35,265198
23328,0.002019,172.31.33.0-255,66,169484,35,265198
23329,0.002025,74.125.24.0-255,5738,175222,35,265198
23330,0.002027,172.31.33.0-255,66,175288,35,265198
23331,0.002046,172.31.33.0-255,66,175354,35,265198
23332,0.002049,74.125.24.0-255,1484,176838,35,265198
23333,0.002052,74.125.24.0-255,1484,178322,35,265198
23334,0.002054,172.31.33.0-255,66,178388,35,265198
23335,0.002082,74.125.24.0-255,1484,179872,35,265198
23336,0.002087,74.125.24.0-255,5738,185610,35,265198
23337,0.002089,172.31.33.0-255,66,185676,35,265198
23338,0.002096,74.125.24.0-255,7156,192832,35,265198
23339,0.002098,172.31.33.0-255,66,192898,35,265198
23340,0.002117,74.125.24.0-255,5738,198636,35,265198
23341,0.002123,172.31.33.0-255,66,198702,35,265198
23342,0.002154,172.31.33.0-255,66,198768,35,265198
23343,0.002177,74.125.24.0-255,2184,200952,35,265198
23344,0.002179,172.31.33.0-255,66,201018,35,265198
23345,0.002731,74.125.24.0-255,1484,202502,35,265198
23346,0.002735,74.125.24.0-255,1484,203986,35,265198
23347,0.002737,172.31.33.0-255,66,204052,35,265198
23348,0.002759,74.125.24.0-255,1484,205536,35,265198
23349,0.002765,74.125.24.0-255,5738,211274,35,265198
23350,0.002767,172.31.33.0-255,66,211340,35,265198
23351,0.002792,74.125.24.0-255,7156,218496,35,265198
23352,0.002794,172.31.33.0-255,66,218562,35,265198
23353,0.002819,74.125.24.0-255,5738,224300,35,265198
23354,0.002822,172.31.33.0-255,66,224366,35,265198
23355,0.002833,74.125.24.0-255,4320,228686,35,265198
23356,0.00284,172.31.33.0-255,66,228752,35,265198
23357,0.002866,74.125.24.0-255,6438,235190,35,265198
23358,0.002869,172.31.33.0-255,66,235256,35,265198
23359,0.002875,74.125.24.0-255,5738,240994,35,265198
23360,0.002877,172.31.33.0-255,66,241060,35,265198
23361,0.002907,74.125.24.0-255,5738,246798,35,265198
23362,0.002909,172.31.33.0-255,66,246864,35,265198
23363,0.002915,74.125.24.0-255,5738,252602,35,265198
23364,0.002917,172.31.33.0-255,66,252668,35,265198
23365,0.00292,74.125.24.0-255,1484,254152,35,265198
23366,0.002966,172.31.33.0-255,66,254218,35,265198
23367,0.002977,172.31.33.0-255,66,254284,35,265198
23368,0.002998,74.125.24.0-255,1484,255768,35,265198
23369,0.003003,74.125.24.0-255,4320,260088,35,265198
23370,0.003006,172.31.33.0-255,66,260154,35,265198
23371,0.00304,172.31.33.0-255,66,260220,35,265198
23372,0.003075,172.31.33.0-255,66,260286,35,265198
23373,0.003079,74.125.24.0-255,2448,262734,35,265198
23374,0.003081,172.31.33.0-255,66,262800,35,265198
23375,0.003105,74.125.24.0-255,105,262905,35,265198
23376,0.011537,172.31.33.0-255,66,262971,35,265198
23377,0.011564,172.31.33.0-255,105,263076,35,265198
23378,0.013848,74.125.24.0-255,66,263142,35,265198
23379,0.047203,172.31.33.0-255,172,263314,35,265198
23380,0.047242,172.31.33.0-255,1107,264421,35,265198
23381,0.047264,172.31.33.0-255,579,265000,35,265198
23382,0.048742,104.244.42.0-255,66,265066,35,265198
23383,0.048793,104.244.42.0-255,66,265132,35,265198
23384,0.048796,104.244.42.0-255,66,265198,35,265198
23385,0.0,172.217.194.0-255,153,153,35,232494
23386,1.5e-05,172.31.33.0-255,66,219,35,232494
23387,2.2e-05,172.217.194.0-255,1484,1703,35,232494
23388,2.7e-05,172.31.33.0-255,66,1769,35,232494
23389,4e-05,172.217.194.0-255,2902,4671,35,232494
23390,4.3e-05,172.31.33.0-255,66,4737,35,232494
23391,5.1e-05,172.217.194.0-255,5738,10475,35,232494
23392,6.3e-05,172.31.33.0-255,66,10541,35,232494
23393,9.4e-05,172.217.194.0-255,1484,12025,35,232494
23394,9.7e-05,172.31.33.0-255,66,12091,35,232494
23395,0.000103,172.217.194.0-255,2008,14099,35,232494
23396,0.000105,172.31.33.0-255,66,14165,35,232494
23397,0.000108,172.217.194.0-255,1484,15649,35,232494
23398,0.000114,172.31.33.0-255,66,15715,35,232494
23399,0.000119,172.217.194.0-255,2902,18617,35,232494
23400,0.000122,172.31.33.0-255,66,18683,35,232494
23401,0.000129,172.217.194.0-255,5738,24421,35,232494
23402,0.000132,172.31.33.0-255,66,24487,35,232494
23403,0.000173,172.31.33.0-255,66,24553,35,232494
23404,0.00018,172.217.194.0-255,7156,31709,35,232494
23405,0.000183,172.31.33.0-255,66,31775,35,232494
23406,0.000208,172.217.194.0-255,2902,34677,35,232494
23407,0.00021,172.31.33.0-255,66,34743,35,232494
23408,0.000216,172.217.194.0-255,3961,38704,35,232494
23409,0.000218,172.31.33.0-255,66,38770,35,232494
23410,0.000228,172.217.194.0-255,4320,43090,35,232494
23411,0.000231,172.31.33.0-255,66,43156,35,232494
23412,0.000234,172.217.194.0-255,1484,44640,35,232494
23413,0.000236,172.31.33.0-255,66,44706,35,232494
23414,0.000277,172.31.33.0-255,66,44772,35,232494
23415,0.000281,172.217.194.0-255,2543,47315,35,232494
23416,0.000285,172.217.194.0-255,344,47659,35,232494
23417,0.000331,172.31.33.0-255,66,47725,35,232494
23418,0.000394,172.217.194.0-255,121,47846,35,232494
23419,0.00041,172.217.194.0-255,376,48222,35,232494
23420,0.000679,172.217.194.0-255,1484,49706,35,232494
23421,0.000692,172.217.194.0-255,1484,51190,35,232494
23422,0.000706,172.31.33.0-255,66,51256,35,232494
23423,0.00071,172.217.194.0-255,1484,52740,35,232494
23424,0.000717,172.217.194.0-255,5738,58478,35,232494
23425,0.000725,172.217.194.0-255,2902,61380,35,232494
23426,0.000737,172.217.194.0-255,2902,64282,35,232494
23427,0.000742,172.217.194.0-255,4320,68602,35,232494
23428,0.000746,172.31.33.0-255,66,68668,35,232494
23429,0.000768,172.217.194.0-255,2902,71570,35,232494
23430,0.000776,172.217.194.0-255,7156,78726,35,232494
23431,0.000796,172.217.194.0-255,3602,82328,35,232494
23432,0.000801,172.31.33.0-255,66,82394,35,232494
23433,0.001305,172.217.194.0-255,1484,83878,35,232494
23434,0.001325,172.217.194.0-255,2902,86780,35,232494
23435,0.001328,172.31.33.0-255,66,86846,35,232494
23436,0.001333,172.217.194.0-255,4320,91166,35,232494
23437,0.001337,172.31.33.0-255,66,91232,35,232494
23438,0.001362,172.217.194.0-255,1484,92716,35,232494
23439,0.001365,172.217.194.0-255,1484,94200,35,232494
23440,0.001375,172.31.33.0-255,66,94266,35,232494
23441,0.001401,172.217.194.0-255,7156,101422,35,232494
23442,0.001404,172.217.194.0-255,1484,102906,35,232494
23443,0.00144,172.31.33.0-255,66,102972,35,232494
23444,0.001449,172.31.33.0-255,66,103038,35,232494
23445,0.001781,172.217.194.0-255,1484,104522,35,232494
23446,0.001786,172.217.194.0-255,2902,107424,35,232494
23447,0.001789,172.31.33.0-255,66,107490,35,232494
23448,0.001818,172.217.194.0-255,5738,113228,35,232494
23449,0.00182,172.217.194.0-255,1484,114712,35,232494
23450,0.001857,172.31.33.0-255,66,114778,35,232494
23451,0.001865,172.217.194.0-255,2902,117680,35,232494
23452,0.001869,172.31.33.0-255,66,117746,35,232494
23453,0.001908,172.31.33.0-255,66,117812,35,232494
23454,0.001956,172.217.194.0-255,1484,119296,35,232494
23455,0.001976,172.217.194.0-255,2902,122198,35,232494
23456,0.001981,172.217.194.0-255,5738,127936,35,232494
23457,0.002027,172.217.194.0-255,5738,133674,35,232494
23458,0.002032,172.31.33.0-255,66,133740,35,232494
23459,0.002057,172.217.194.0-255,4320,138060,35,232494
23460,0.002063,172.217.194.0-255,5020,143080,35,232494
23461,0.002066,172.31.33.0-255,66,143146,35,232494
23462,0.002076,172.217.194.0-255,1484,144630,35,232494
23463,0.002094,172.217.194.0-255,4320,148950,35,232494
23464,0.002108,172.31.33.0-255,66,149016,35,232494
23465,0.002113,172.217.194.0-255,4320,153336,35,232494
23466,0.002117,172.31.33.0-255,66,153402,35,232494
23467,0.002136,172.217.194.0-255,5738,159140,35,232494
23468,0.002152,172.31.33.0-255,66,159206,35,232494
23469,0.002161,172.217.194.0-255,1484,160690,35,232494
23470,0.002208,172.217.194.0-255,2902,163592,35,232494
23471,0.002211,172.217.194.0-255,1484,165076,35,232494
23472,0.002222,172.31.33.0-255,66,165142,35,232494
23473,0.002227,172.217.194.0-255,2902,168044,35,232494
23474,0.002231,172.31.33.0-255,66,168110,35,232494
23475,0.002263,172.217.194.0-255,766,168876,35,232494
23476,0.002269,172.31.33.0-255,66,168942,35,232494
23477,0.002398,172.217.194.0-255,1484,170426,35,232494
23478,0.002413,172.217.194.0-255,1484,171910,35,232494
23479,0.002429,172.217.194.0-255,4320,176230,35,232494
23480,0.002432,172.217.194.0-255,2902,179132,35,232494
23481,0.002442,172.31.33.0-255,66,179198,35,232494
23482,0.002456,172.217.194.0-255,7156,186354,35,232494
23483,0.002458,172.217.194.0-255,1484,187838,35,232494
23484,0.002515,172.217.194.0-255,3602,191440,35,232494
23485,0.002543,172.217.194.0-255,4320,195760,35,232494
23486,0.002561,172.217.194.0-255,1484,197244,35,232494
23487,0.002576,172.217.194.0-255,4320,201564,35,232494
23488,0.002578,172.217.194.0-255,1484,203048,35,232494
23489,0.002627,172.217.194.0-255,4320,207368,35,232494
23490,0.002648,172.217.194.0-255,1484,208852,35,232494
23491,0.002707,172.217.194.0-255,5738,214590,35,232494
23492,0.002756,172.217.194.0-255,2184,216774,35,232494
23493,0.002773,172.217.194.0-255,2184,218958,35,232494
23494,0.002839,172.217.194.0-255,1484,220442,35,232494
23495,0.002844,172.217.194.0-255,5285,225727,35,232494
23496,0.002856,172.217.194.0-255,105,225832,35,232494
23497,0.007642,172.31.33.0-255,78,225910,35,232494
23498,0.007653,172.31.33.0-255,78,225988,35,232494
23499,0.007672,172.31.33.0-255,66,226054,35,232494
23500,0.009115,172.31.33.0-255,105,226159,35,232494
23501,0.011427,172.217.194.0-255,66,226225,35,232494
23502,0.036226,172.31.33.0-255,172,226397,35,232494
23503,0.036262,172.31.33.0-255,1107,227504,35,232494
23504,0.036335,172.31.33.0-255,1514,229018,35,232494
23505,0.036337,172.31.33.0-255,1514,230532,35,232494
23506,0.036342,172.31.33.0-255,1514,232046,35,232494
23507,0.036343,172.31.33.0-255,184,232230,35,232494
23508,0.037768,104.244.42.0-255,66,232296,35,232494
23509,0.037813,104.244.42.0-255,66,232362,35,232494
23510,0.037844,104.244.42.0-255,66,232428,35,232494
23511,0.037849,104.244.42.0-255,66,232494,35,232494
23512,0.0,74.125.24.0-255,153,153,35,215996
23513,2.9e-05,172.31.33.0-255,66,219,35,215996
23514,3.5e-05,74.125.24.0-255,1484,1703,35,215996
23515,4e-05,172.31.33.0-255,66,1769,35,215996
23516,4.4e-05,74.125.24.0-255,2902,4671,35,215996
23517,4.6e-05,172.31.33.0-255,66,4737,35,215996
23518,7.5e-05,74.125.24.0-255,7156,11893,35,215996
23519,7.7e-05,172.31.33.0-255,66,11959,35,215996
23520,8.1e-05,74.125.24.0-255,1993,13952,35,215996
23521,8.3e-05,172.31.33.0-255,66,14018,35,215996
23522,0.000295,74.125.24.0-255,1484,15502,35,215996
23523,0.000299,172.31.33.0-255,66,15568,35,215996
23524,0.000303,74.125.24.0-255,1484,17052,35,215996
23525,0.000306,172.31.33.0-255,66,17118,35,215996
23526,0.000323,74.125.24.0-255,1484,18602,35,215996
23527,0.000328,172.31.33.0-255,66,18668,35,215996
23528,0.000329,74.125.24.0-255,5738,24406,35,215996
23529,0.000332,172.31.33.0-255,66,24472,35,215996
23530,0.000348,74.125.24.0-255,6797,31269,35,215996
23531,0.000352,172.31.33.0-255,66,31335,35,215996
23532,0.001982,74.125.24.0-255,1484,32819,35,215996
23533,0.001989,172.31.33.0-255,66,32885,35,215996
23534,0.00201,74.125.24.0-255,2902,35787,35,215996
23535,0.002013,172.31.33.0-255,66,35853,35,215996
23536,0.002019,74.125.24.0-255,5738,41591,35,215996
23537,0.002021,172.31.33.0-255,66,41657,35,215996
23538,0.002028,74.125.24.0-255,6797,48454,35,215996
23539,0.00203,172.31.33.0-255,66,48520,35,215996
23540,0.002077,172.31.33.0-255,66,48586,35,215996
23541,0.002105,74.125.24.0-255,2902,51488,35,215996
23542,0.002109,172.31.33.0-255,66,51554,35,215996
23543,0.002128,74.125.24.0-255,4273,55827,35,215996
23544,0.002131,172.31.33.0-255,66,55893,35,215996
23545,0.002158,74.125.24.0-255,109,56002,35,215996
23546,0.002323,172.31.33.0-255,66,56068,35,215996
23547,0.002371,74.125.24.0-255,1484,57552,35,215996
23548,0.002378,74.125.24.0-255,2902,60454,35,215996
23549,0.002381,172.31.33.0-255,66,60520,35,215996
23550,0.002386,74.125.24.0-255,2902,63422,35,215996
23551,0.002388,172.31.33.0-255,66,63488,35,215996
23552,0.002404,74.125.24.0-255,2902,66390,35,215996
23553,0.002405,172.31.33.0-255,66,66456,35,215996
23554,0.002411,74.125.24.0-255,4320,70776,35,215996
23555,0.002413,172.31.33.0-255,66,70842,35,215996
23556,0.002415,74.125.24.0-255,1484,72326,35,215996
23557,0.002434,74.125.24.0-255,1484,73810,35,215996
23558,0.002437,172.31.33.0-255,66,73876,35,215996
23559,0.002454,74.125.24.0-255,7156,81032,35,215996
23560,0.002456,172.31.33.0-255,66,81098,35,215996
23561,0.002471,74.125.24.0-255,4320,85418,35,215996
23562,0.002473,172.31.33.0-255,66,85484,35,215996
23563,0.002478,74.125.24.0-255,5020,90504,35,215996
23564,0.00248,172.31.33.0-255,66,90570,35,215996
23565,0.002495,74.125.24.0-255,2902,93472,35,215996
23566,0.002498,172.31.33.0-255,66,93538,35,215996
23567,0.002538,172.31.33.0-255,66,93604,35,215996
23568,0.002544,74.125.24.0-255,7156,100760,35,215996
23569,0.002546,172.31.33.0-255,66,100826,35,215996
23570,0.002555,172.31.33.0-255,66,100892,35,215996
23571,0.002586,74.125.24.0-255,3602,104494,35,215996
23572,0.002588,172.31.33.0-255,66,104560,35,215996
23573,0.0026,172.31.33.0-255,66,104626,35,215996
23574,0.00264,172.31.33.0-255,66,104692,35,215996
23575,0.00266,172.31.33.0-255,66,104758,35,215996
23576,0.002677,74.125.24.0-255,2902,107660,35,215996
23577,0.002679,172.31.33.0-255,66,107726,35,215996
23578,0.00271,172.31.33.0-255,66,107792,35,215996
23579,0.002765,172.31.33.0-255,66,107858,35,215996
23580,0.002776,172.31.33.0-255,66,107924,35,215996
23581,0.002796,74.125.24.0-255,5738,113662,35,215996
23582,0.002798,172.31.33.0-255,66,113728,35,215996
23583,0.002804,74.125.24.0-255,4320,118048,35,215996
23584,0.002806,172.31.33.0-255,66,118114,35,215996
23585,0.002825,74.125.24.0-255,5738,123852,35,215996
23586,0.002828,172.31.33.0-255,66,123918,35,215996
23587,0.002837,172.31.33.0-255,66,123984,35,215996
23588,0.002899,172.31.33.0-255,66,124050,35,215996
23589,0.00293,172.31.33.0-255,66,124116,35,215996
23590,0.002933,74.125.24.0-255,1484,125600,35,215996
23591,0.002939,74.125.24.0-255,5020,130620,35,215996
23592,0.002941,172.31.33.0-255,66,130686,35,215996
23593,0.002972,74.125.24.0-255,1484,132170,35,215996
23594,0.002989,74.125.24.0-255,2902,135072,35,215996
23595,0.002992,172.31.33.0-255,66,135138,35,215996
23596,0.002998,74.125.24.0-255,5738,140876,35,215996
23597,0.003001,172.31.33.0-255,66,140942,35,215996
23598,0.003041,172.31.33.0-255,66,141008,35,215996
23599,0.003047,74.125.24.0-255,4320,145328,35,215996
23600,0.003049,172.31.33.0-255,66,145394,35,215996
23601,0.003065,74.125.24.0-255,4320,149714,35,215996
23602,0.003068,172.31.33.0-255,66,149780,35,215996
23603,0.003091,74.125.24.0-255,2184,151964,35,215996
23604,0.003094,172.31.33.0-255,66,152030,35,215996
23605,0.003272,74.125.24.0-255,1484,153514,35,215996
23606,0.003277,74.125.24.0-255,2902,156416,35,215996
23607,0.003281,172.31.33.0-255,66,156482,35,215996
23608,0.003287,74.125.24.0-255,4320,160802,35,215996
23609,0.003289,172.31.33.0-255,66,160868,35,215996
23610,0.003314,74.125.24.0-255,4320,165188,35,215996
23611,0.003318,172.31.33.0-255,66,165254,35,215996
23612,0.003333,74.125.24.0-255,4320,169574,35,215996
23613,0.003337,172.31.33.0-255,66,169640,35,215996
23614,0.003361,172.31.33.0-255,66,169706,35,215996
23615,0.003387,74.125.24.0-255,4320,174026,35,215996
23616,0.00339,172.31.33.0-255,66,174092,35,215996
23617,0.003395,74.125.24.0-255,2184,176276,35,215996
23618,0.003397,172.31.33.0-255,66,176342,35,215996
23619,0.003543,74.125.24.0-255,1484,177826,35,215996
23620,0.003559,74.125.24.0-255,2902,180728,35,215996
23621,0.003563,172.31.33.0-255,66,180794,35,215996
23622,0.003567,74.125.24.0-255,1484,182278,35,215996
23623,0.003587,74.125.24.0-255,4320,186598,35,215996
23624,0.003589,172.31.33.0-255,66,186664,35,215996
23625,0.003595,74.125.24.0-255,4320,190984,35,215996
23626,0.003597,172.31.33.0-255,66,191050,35,215996
23627,0.003612,74.125.24.0-255,2902,193952,35,215996
23628,0.003614,172.31.33.0-255,66,194018,35,215996
23629,0.00363,74.125.24.0-255,5738,199756,35,215996
23630,0.003633,172.31.33.0-255,66,199822,35,215996
23631,0.003667,172.31.33.0-255,66,199888,35,215996
23632,0.003673,74.125.24.0-255,3602,203490,35,215996
23633,0.003674,172.31.33.0-255,66,203556,35,215996
23634,0.003696,74.125.24.0-255,4320,207876,35,215996
23635,0.003699,172.31.33.0-255,66,207942,35,215996
23636,0.003736,172.31.33.0-255,66,208008,35,215996
23637,0.003742,74.125.24.0-255,4704,212712,35,215996
23638,0.003747,172.31.33.0-255,66,212778,35,215996
23639,0.003762,74.125.24.0-255,105,212883,35,215996
23640,0.005812,172.31.33.0-255,66,212949,35,215996
23641,0.005839,172.31.33.0-255,105,213054,35,215996
23642,0.007844,74.125.24.0-255,66,213120,35,215996
23643,0.032522,172.31.33.0-255,172,213292,35,215996
23644,0.032545,172.31.33.0-255,1107,214399,35,215996
23645,0.032581,172.31.33.0-255,1399,215798,35,215996
23646,0.034057,104.244.42.0-255,66,215864,35,215996
23647,0.034093,104.244.42.0-255,66,215930,35,215996
23648,0.034139,104.244.42.0-255,66,215996,35,215996
23649,0.0,172.31.33.0-255,105,105,35,276
23650,0.001769,157.240.7.0-255,105,210,35,276
23651,0.001779,172.31.33.0-255,66,276,35,276
23652,0.0,172.31.33.0-255,105,105,35,276
23653,0.001752,157.240.7.0-255,105,210,35,276
23654,0.001764,172.31.33.0-255,66,276,35,276
23655,0.0,74.125.24.0-255,153,153,35,155394
23656,2.1e-05,172.31.33.0-255,66,219,35,155394
23657,2.9e-05,74.125.24.0-255,1484,1703,35,155394
23658,3.4e-05,172.31.33.0-255,66,1769,35,155394
23659,4e-05,74.125.24.0-255,2902,4671,35,155394
23660,4.3e-05,172.31.33.0-255,66,4737,35,155394
23661,5.1e-05,74.125.24.0-255,7156,11893,35,155394
23662,5.3e-05,172.31.33.0-255,66,11959,35,155394
23663,5.9e-05,74.125.24.0-255,4930,16889,35,155394
23664,6.2e-05,172.31.33.0-255,66,16955,35,155394
23665,8.5e-05,74.125.24.0-255,2902,19857,35,155394
23666,8.7e-05,172.31.33.0-255,66,19923,35,155394
23667,0.000116,172.31.33.0-255,66,19989,35,155394
23668,0.000182,74.125.24.0-255,1484,21473,35,155394
23669,0.000185,172.31.33.0-255,66,21539,35,155394
23670,0.00019,74.125.24.0-255,2902,24441,35,155394
23671,0.000191,172.31.33.0-255,66,24507,35,155394
23672,0.000203,74.125.24.0-255,1484,25991,35,155394
23673,0.000205,172.31.33.0-255,66,26057,35,155394
23674,0.000223,74.125.24.0-255,2902,28959,35,155394
23675,0.000225,172.31.33.0-255,66,29025,35,155394
23676,0.000231,74.125.24.0-255,5738,34763,35,155394
23677,0.000233,172.31.33.0-255,66,34829,35,155394
23678,0.000255,74.125.24.0-255,3961,38790,35,155394
23679,0.000258,172.31.33.0-255,66,38856,35,155394
23680,0.000262,74.125.24.0-255,2902,41758,35,155394
23681,0.000263,172.31.33.0-255,66,41824,35,155394
23682,0.000287,172.31.33.0-255,66,41890,35,155394
23683,0.000325,74.125.24.0-255,395,42285,35,155394
23684,0.000328,172.31.33.0-255,66,42351,35,155394
23685,0.000388,74.125.24.0-255,349,42700,35,155394
23686,0.000693,74.125.24.0-255,1484,44184,35,155394
23687,0.000699,74.125.24.0-255,2902,47086,35,155394
23688,0.000704,172.31.33.0-255,66,47152,35,155394
23689,0.000708,172.31.33.0-255,66,47218,35,155394
23690,0.00072,74.125.24.0-255,5738,52956,35,155394
23691,0.000722,172.31.33.0-255,66,53022,35,155394
23692,0.000749,172.31.33.0-255,66,53088,35,155394
23693,0.000789,172.31.33.0-255,66,53154,35,155394
23694,0.001165,74.125.24.0-255,1484,54638,35,155394
23695,0.001171,74.125.24.0-255,2902,57540,35,155394
23696,0.001174,172.31.33.0-255,66,57606,35,155394
23697,0.00118,74.125.24.0-255,5738,63344,35,155394
23698,0.001182,172.31.33.0-255,66,63410,35,155394
23699,0.00122,172.31.33.0-255,66,63476,35,155394
23700,0.001231,172.31.33.0-255,66,63542,35,155394
23701,0.002255,74.125.24.0-255,1484,65026,35,155394
23702,0.002266,74.125.24.0-255,2902,67928,35,155394
23703,0.002271,172.31.33.0-255,66,67994,35,155394
23704,0.002279,74.125.24.0-255,5738,73732,35,155394
23705,0.002281,172.31.33.0-255,66,73798,35,155394
23706,0.002294,172.31.33.0-255,66,73864,35,155394
23707,0.002301,74.125.24.0-255,7156,81020,35,155394
23708,0.002303,172.31.33.0-255,66,81086,35,155394
23709,0.002333,74.125.24.0-255,1484,82570,35,155394
23710,0.00235,74.125.24.0-255,2184,84754,35,155394
23711,0.002352,172.31.33.0-255,66,84820,35,155394
23712,0.002757,74.125.24.0-255,1484,86304,35,155394
23713,0.00277,74.125.24.0-255,2902,89206,35,155394
23714,0.002774,172.31.33.0-255,66,89272,35,155394
23715,0.002779,74.125.24.0-255,2902,92174,35,155394
23716,0.002781,172.31.33.0-255,66,92240,35,155394
23717,0.002794,74.125.24.0-255,2902,95142,35,155394
23718,0.002797,172.31.33.0-255,66,95208,35,155394
23719,0.002801,74.125.24.0-255,2902,98110,35,155394
23720,0.002803,172.31.33.0-255,66,98176,35,155394
23721,0.002834,172.31.33.0-255,66,98242,35,155394
23722,0.002869,172.31.33.0-255,66,98308,35,155394
23723,0.002882,172.31.33.0-255,66,98374,35,155394
23724,0.002913,74.125.24.0-255,5738,104112,35,155394
23725,0.002916,172.31.33.0-255,66,104178,35,155394
23726,0.002923,74.125.24.0-255,7156,111334,35,155394
23727,0.002926,172.31.33.0-255,66,111400,35,155394
23728,0.002962,172.31.33.0-255,66,111466,35,155394
23729,0.002985,74.125.24.0-255,5020,116486,35,155394
23730,0.002987,172.31.33.0-255,66,116552,35,155394
23731,0.003,172.31.33.0-255,66,116618,35,155394
23732,0.003024,74.125.24.0-255,5738,122356,35,155394
23733,0.003027,172.31.33.0-255,66,122422,35,155394
23734,0.003041,172.31.33.0-255,66,122488,35,155394
23735,0.003064,74.125.24.0-255,766,123254,35,155394
23736,0.003079,172.31.33.0-255,66,123320,35,155394
23737,0.003083,74.125.24.0-255,1484,124804,35,155394
23738,0.003097,172.31.33.0-255,66,124870,35,155394
23739,0.00311,172.31.33.0-255,66,124936,35,155394
23740,0.00313,74.125.24.0-255,6438,131374,35,155394
23741,0.003133,172.31.33.0-255,66,131440,35,155394
23742,0.003139,74.125.24.0-255,4320,135760,35,155394
23743,0.003141,172.31.33.0-255,66,135826,35,155394
23744,0.003145,74.125.24.0-255,2902,138728,35,155394
23745,0.003148,172.31.33.0-255,66,138794,35,155394
23746,0.003154,74.125.24.0-255,5738,144532,35,155394
23747,0.003158,172.31.33.0-255,66,144598,35,155394
23748,0.003191,172.31.33.0-255,66,144664,35,155394
23749,0.003197,74.125.24.0-255,5738,150402,35,155394
23750,0.003199,172.31.33.0-255,66,150468,35,155394
23751,0.003241,74.125.24.0-255,4320,154788,35,155394
23752,0.003244,172.31.33.0-255,66,154854,35,155394
23753,0.003282,172.31.33.0-255,66,154920,35,155394
23754,0.003295,172.31.33.0-255,66,154986,35,155394
23755,0.003308,172.31.33.0-255,66,155052,35,155394
23756,0.003311,74.125.24.0-255,105,155157,35,155394
23757,0.01315,172.31.33.0-255,66,155223,35,155394
23758,0.013198,172.31.33.0-255,105,155328,35,155394
23759,0.015488,74.125.24.0-255,66,155394,35,155394
23760,0.0,172.31.33.0-255,66,66,35,66
23761,0.0,172.217.194.0-255,153,153,35,179109
23762,3e-05,172.31.33.0-255,66,219,35,179109
23763,3.8e-05,172.217.194.0-255,1484,1703,35,179109
23764,4.2e-05,172.31.33.0-255,66,1769,35,179109
23765,4.7e-05,172.217.194.0-255,2902,4671,35,179109
23766,4.9e-05,172.31.33.0-255,66,4737,35,179109
23767,5.4e-05,172.217.194.0-255,2902,7639,35,179109
23768,5.7e-05,172.31.33.0-255,66,7705,35,179109
23769,8e-05,172.217.194.0-255,2902,10607,35,179109
23770,8.3e-05,172.31.33.0-255,66,10673,35,179109
23771,8.6e-05,172.217.194.0-255,1484,12157,35,179109
23772,8.8e-05,172.31.33.0-255,66,12223,35,179109
23773,0.000116,172.31.33.0-255,66,12289,35,179109
23774,0.00012,172.217.194.0-255,2902,15191,35,179109
23775,0.000123,172.31.33.0-255,66,15257,35,179109
23776,0.000149,172.217.194.0-255,3961,19218,35,179109
23777,0.000152,172.31.33.0-255,66,19284,35,179109
23778,0.0002,172.217.194.0-255,1484,20768,35,179109
23779,0.000203,172.31.33.0-255,66,20834,35,179109
23780,0.000222,172.217.194.0-255,2902,23736,35,179109
23781,0.000225,172.31.33.0-255,66,23802,35,179109
23782,0.000231,172.217.194.0-255,4320,28122,35,179109
23783,0.000233,172.31.33.0-255,66,28188,35,179109
23784,0.000244,172.217.194.0-255,1484,29672,35,179109
23785,0.000246,172.31.33.0-255,66,29738,35,179109
23786,0.000259,172.217.194.0-255,2902,32640,35,179109
23787,0.000261,172.31.33.0-255,66,32706,35,179109
23788,0.000301,172.31.33.0-255,66,32772,35,179109
23789,0.000313,172.31.33.0-255,66,32838,35,179109
23790,0.000457,172.217.194.0-255,115,32953,35,179109
23791,0.000515,172.217.194.0-255,1484,34437,35,179109
23792,0.000519,172.31.33.0-255,66,34503,35,179109
23793,0.000525,172.217.194.0-255,2902,37405,35,179109
23794,0.000527,172.31.33.0-255,66,37471,35,179109
23795,0.000558,172.217.194.0-255,5738,43209,35,179109
23796,0.000562,172.31.33.0-255,66,43275,35,179109
23797,0.000567,172.217.194.0-255,2902,46177,35,179109
23798,0.000569,172.31.33.0-255,66,46243,35,179109
23799,0.000604,172.31.33.0-255,66,46309,35,179109
23800,0.000617,172.31.33.0-255,66,46375,35,179109
23801,0.000641,172.217.194.0-255,1081,47456,35,179109
23802,0.000813,172.217.194.0-255,1484,48940,35,179109
23803,0.000817,172.31.33.0-255,66,49006,35,179109
23804,0.000822,172.217.194.0-255,2902,51908,35,179109
23805,0.000825,172.31.33.0-255,66,51974,35,179109
23806,0.000829,172.217.194.0-255,2902,54876,35,179109
23807,0.000832,172.31.33.0-255,66,54942,35,179109
23808,0.00085,172.217.194.0-255,2902,57844,35,179109
23809,0.000869,172.31.33.0-255,66,57910,35,179109
23810,0.000884,172.31.33.0-255,66,57976,35,179109
23811,0.000888,172.217.194.0-255,2902,60878,35,179109
23812,0.00089,172.31.33.0-255,66,60944,35,179109
23813,0.000928,172.31.33.0-255,66,61010,35,179109
23814,0.002114,172.217.194.0-255,1484,62494,35,179109
23815,0.002124,172.217.194.0-255,2902,65396,35,179109
23816,0.002128,172.31.33.0-255,66,65462,35,179109
23817,0.002157,172.217.194.0-255,1484,66946,35,179109
23818,0.00217,172.217.194.0-255,4320,71266,35,179109
23819,0.002172,172.31.33.0-255,66,71332,35,179109
23820,0.002182,172.31.33.0-255,66,71398,35,179109
23821,0.002211,172.217.194.0-255,1484,72882,35,179109
23822,0.002234,172.31.33.0-255,66,72948,35,179109
23823,0.002252,172.217.194.0-255,2184,75132,35,179109
23824,0.002254,172.31.33.0-255,66,75198,35,179109
23825,0.002265,172.31.33.0-255,66,75264,35,179109
23826,0.00228,172.217.194.0-255,1484,76748,35,179109
23827,0.002286,172.217.194.0-255,7156,83904,35,179109
23828,0.002288,172.31.33.0-255,66,83970,35,179109
23829,0.00231,172.217.194.0-255,7156,91126,35,179109
23830,0.002311,172.31.33.0-255,66,91192,35,179109
23831,0.002336,172.217.194.0-255,4320,95512,35,179109
23832,0.002338,172.31.33.0-255,66,95578,35,179109
23833,0.002353,172.217.194.0-255,7156,102734,35,179109
23834,0.002355,172.31.33.0-255,66,102800,35,179109
23835,0.002369,172.217.194.0-255,3602,106402,35,179109
23836,0.002371,172.31.33.0-255,66,106468,35,179109
23837,0.002375,172.217.194.0-255,4320,110788,35,179109
23838,0.002377,172.31.33.0-255,66,110854,35,179109
23839,0.00239,172.217.194.0-255,5738,116592,35,179109
23840,0.002392,172.31.33.0-255,66,116658,35,179109
23841,0.002408,172.217.194.0-255,5738,122396,35,179109
23842,0.00241,172.31.33.0-255,66,122462,35,179109
23843,0.002432,172.217.194.0-255,6438,128900,35,179109
23844,0.002434,172.31.33.0-255,66,128966,35,179109
23845,0.002492,172.217.194.0-255,1484,130450,35,179109
23846,0.002496,172.217.194.0-255,2902,133352,35,179109
23847,0.002497,172.31.33.0-255,66,133418,35,179109
23848,0.002517,172.217.194.0-255,5738,139156,35,179109
23849,0.00252,172.31.33.0-255,66,139222,35,179109
23850,0.002523,172.217.194.0-255,2902,142124,35,179109
23851,0.002524,172.31.33.0-255,66,142190,35,179109
23852,0.002538,172.31.33.0-255,66,142256,35,179109
23853,0.002565,172.31.33.0-255,66,142322,35,179109
23854,0.002567,172.217.194.0-255,1484,143806,35,179109
23855,0.002578,172.217.194.0-255,2902,146708,35,179109
23856,0.00258,172.31.33.0-255,66,146774,35,179109
23857,0.002582,172.217.194.0-255,1484,148258,35,179109
23858,0.002605,172.217.194.0-255,7156,155414,35,179109
23859,0.002607,172.31.33.0-255,66,155480,35,179109
23860,0.002615,172.217.194.0-255,1484,156964,35,179109
23861,0.002628,172.217.194.0-255,2902,159866,35,179109
23862,0.00263,172.31.33.0-255,66,159932,35,179109
23863,0.002654,172.31.33.0-255,66,159998,35,179109
23864,0.002656,172.217.194.0-255,1484,161482,35,179109
23865,0.002658,172.31.33.0-255,78,161560,35,179109
23866,0.002663,172.217.194.0-255,5738,167298,35,179109
23867,0.002665,172.31.33.0-255,78,167376,35,179109
23868,0.002687,172.217.194.0-255,2184,169560,35,179109
23869,0.00269,172.31.33.0-255,66,169626,35,179109
23870,0.002699,172.31.33.0-255,66,169692,35,179109
23871,0.002708,172.31.33.0-255,66,169758,35,179109
23872,0.002761,172.31.33.0-255,66,169824,35,179109
23873,0.002773,172.31.33.0-255,66,169890,35,179109
23874,0.002808,172.31.33.0-255,66,169956,35,179109
23875,0.002813,172.217.194.0-255,5738,175694,35,179109
23876,0.002815,172.31.33.0-255,66,175760,35,179109
23877,0.002835,172.31.33.0-255,66,175826,35,179109
23878,0.002843,172.31.33.0-255,66,175892,35,179109
23879,0.002866,172.217.194.0-255,105,175997,35,179109
23880,0.012046,172.31.33.0-255,66,176063,35,179109
23881,0.012075,172.31.33.0-255,105,176168,35,179109
23882,0.014369,172.217.194.0-255,66,176234,35,179109
23883,0.051099,172.31.33.0-255,172,176406,35,179109
23884,0.051125,172.31.33.0-255,1107,177513,35,179109
23885,0.051158,172.31.33.0-255,1398,178911,35,179109
23886,0.052678,104.244.42.0-255,66,178977,35,179109
23887,0.052688,104.244.42.0-255,66,179043,35,179109
23888,0.052715,104.244.42.0-255,66,179109,35,179109
23889,0.0,172.217.194.0-255,152,152,35,232814
23890,1.5e-05,172.31.33.0-255,66,218,35,232814
23891,2.1e-05,172.217.194.0-255,1484,1702,35,232814
23892,2.4e-05,172.31.33.0-255,66,1768,35,232814
23893,2.9e-05,172.217.194.0-255,2902,4670,35,232814
23894,3.9e-05,172.31.33.0-255,66,4736,35,232814
23895,4.4e-05,172.217.194.0-255,2902,7638,35,232814
23896,4.6e-05,172.31.33.0-255,66,7704,35,232814
23897,7.7e-05,172.217.194.0-255,4320,12024,35,232814
23898,7.9e-05,172.31.33.0-255,66,12090,35,232814
23899,8.3e-05,172.217.194.0-255,2148,14238,35,232814
23900,8.5e-05,172.31.33.0-255,66,14304,35,232814
23901,0.000109,172.217.194.0-255,1484,15788,35,232814
23902,0.000111,172.31.33.0-255,66,15854,35,232814
23903,0.000115,172.217.194.0-255,2902,18756,35,232814
23904,0.000117,172.31.33.0-255,66,18822,35,232814
23905,0.00014,172.217.194.0-255,5738,24560,35,232814
23906,0.000142,172.31.33.0-255,66,24626,35,232814
23907,0.000171,172.217.194.0-255,6797,31423,35,232814
23908,0.000173,172.31.33.0-255,66,31489,35,232814
23909,0.000242,172.217.194.0-255,1484,32973,35,232814
23910,0.000245,172.31.33.0-255,66,33039,35,232814
23911,0.000249,172.217.194.0-255,2902,35941,35,232814
23912,0.000251,172.31.33.0-255,66,36007,35,232814
23913,0.000257,172.217.194.0-255,5738,41745,35,232814
23914,0.000259,172.31.33.0-255,66,41811,35,232814
23915,0.000315,172.217.194.0-255,5738,47549,35,232814
23916,0.000319,172.31.33.0-255,66,47615,35,232814
23917,0.000349,172.31.33.0-255,66,47681,35,232814
23918,0.00037,172.217.194.0-255,7156,54837,35,232814
23919,0.000373,172.31.33.0-255,66,54903,35,232814
23920,0.000396,172.217.194.0-255,2543,57446,35,232814
23921,0.000398,172.31.33.0-255,66,57512,35,232814
23922,0.000473,172.217.194.0-255,648,58160,35,232814
23923,0.000775,172.217.194.0-255,1484,59644,35,232814
23924,0.000779,172.31.33.0-255,66,59710,35,232814
23925,0.000784,172.217.194.0-255,2902,62612,35,232814
23926,0.000785,172.31.33.0-255,66,62678,35,232814
23927,0.000815,172.217.194.0-255,5738,68416,35,232814
23928,0.00082,172.31.33.0-255,66,68482,35,232814
23929,0.000854,172.217.194.0-255,5738,74220,35,232814
23930,0.000856,172.31.33.0-255,66,74286,35,232814
23931,0.000877,172.217.194.0-255,5738,80024,35,232814
23932,0.000879,172.31.33.0-255,66,80090,35,232814
23933,0.000896,172.31.33.0-255,66,80156,35,232814
23934,0.001083,172.217.194.0-255,1484,81640,35,232814
23935,0.001089,172.217.194.0-255,2902,84542,35,232814
23936,0.001091,172.31.33.0-255,66,84608,35,232814
23937,0.001119,172.217.194.0-255,5738,90346,35,232814
23938,0.001122,172.31.33.0-255,66,90412,35,232814
23939,0.001131,172.31.33.0-255,66,90478,35,232814
23940,0.001228,172.217.194.0-255,4320,94798,35,232814
23941,0.001232,172.31.33.0-255,66,94864,35,232814
23942,0.001265,172.31.33.0-255,66,94930,35,232814
23943,0.001993,172.217.194.0-255,1484,96414,35,232814
23944,0.002002,172.217.194.0-255,2902,99316,35,232814
23945,0.002006,172.31.33.0-255,66,99382,35,232814
23946,0.002011,172.217.194.0-255,1484,100866,35,232814
23947,0.002028,172.217.194.0-255,4320,105186,35,232814
23948,0.002029,172.31.33.0-255,66,105252,35,232814
23949,0.002036,172.217.194.0-255,5738,110990,35,232814
23950,0.002038,172.31.33.0-255,66,111056,35,232814
23951,0.002063,172.217.194.0-255,4320,115376,35,232814
23952,0.002068,172.31.33.0-255,66,115442,35,232814
23953,0.00209,172.217.194.0-255,5738,121180,35,232814
23954,0.002093,172.31.33.0-255,66,121246,35,232814
23955,0.002116,172.31.33.0-255,66,121312,35,232814
23956,0.00215,172.217.194.0-255,1484,122796,35,232814
23957,0.002155,172.217.194.0-255,2902,125698,35,232814
23958,0.002157,172.31.33.0-255,66,125764,35,232814
23959,0.002185,172.217.194.0-255,5738,131502,35,232814
23960,0.002187,172.31.33.0-255,66,131568,35,232814
23961,0.002193,172.217.194.0-255,5738,137306,35,232814
23962,0.002194,172.31.33.0-255,66,137372,35,232814
23963,0.002214,172.217.194.0-255,4320,141692,35,232814
23964,0.00222,172.31.33.0-255,66,141758,35,232814
23965,0.002258,172.31.33.0-255,66,141824,35,232814
23966,0.002294,172.217.194.0-255,1484,143308,35,232814
23967,0.002298,172.217.194.0-255,2902,146210,35,232814
23968,0.0023,172.31.33.0-255,66,146276,35,232814
23969,0.002305,172.217.194.0-255,4320,150596,35,232814
23970,0.002307,172.31.33.0-255,66,150662,35,232814
23971,0.00233,172.217.194.0-255,1484,152146,35,232814
23972,0.002341,172.31.33.0-255,66,152212,35,232814
23973,0.002363,172.217.194.0-255,1484,153696,35,232814
23974,0.002373,172.31.33.0-255,66,153762,35,232814
23975,0.002376,172.217.194.0-255,766,154528,35,232814
23976,0.00244,172.217.194.0-255,1484,156012,35,232814
23977,0.002442,172.31.33.0-255,66,156078,35,232814
23978,0.002447,172.217.194.0-255,2902,158980,35,232814
23979,0.002449,172.31.33.0-255,66,159046,35,232814
23980,0.002474,172.217.194.0-255,5738,164784,35,232814
23981,0.002477,172.31.33.0-255,66,164850,35,232814
23982,0.00252,172.31.33.0-255,66,164916,35,232814
23983,0.002523,172.217.194.0-255,2902,167818,35,232814
23984,0.002525,172.31.33.0-255,66,167884,35,232814
23985,0.002568,172.31.33.0-255,66,167950,35,232814
23986,0.002611,172.217.194.0-255,1484,169434,35,232814
23987,0.002615,172.217.194.0-255,2902,172336,35,232814
23988,0.002618,172.31.33.0-255,66,172402,35,232814
23989,0.002622,172.217.194.0-255,2902,175304,35,232814
23990,0.002624,172.31.33.0-255,66,175370,35,232814
23991,0.002645,172.217.194.0-255,2902,178272,35,232814
23992,0.002647,172.31.33.0-255,66,178338,35,232814
23993,0.002651,172.217.194.0-255,2902,181240,35,232814
23994,0.002657,172.31.33.0-255,66,181306,35,232814
23995,0.00266,172.217.194.0-255,1484,182790,35,232814
23996,0.002663,172.217.194.0-255,2902,185692,35,232814
23997,0.002665,172.31.33.0-255,66,185758,35,232814
23998,0.002692,172.217.194.0-255,7156,192914,35,232814
23999,0.002695,172.31.33.0-255,66,192980,35,232814
24000,0.002705,172.31.33.0-255,66,193046,35,232814
24001,0.002747,172.217.194.0-255,7156,200202,35,232814
24002,0.002749,172.31.33.0-255,66,200268,35,232814
24003,0.002772,172.217.194.0-255,7156,207424,35,232814
24004,0.002774,172.31.33.0-255,66,207490,35,232814
24005,0.002781,172.217.194.0-255,7156,214646,35,232814
24006,0.002783,172.31.33.0-255,66,214712,35,232814
24007,0.002813,172.31.33.0-255,66,214778,35,232814
24008,0.002822,172.31.33.0-255,66,214844,35,232814
24009,0.002829,172.217.194.0-255,7156,222000,35,232814
24010,0.002835,172.31.33.0-255,66,222066,35,232814
24011,0.002879,172.31.33.0-255,66,222132,35,232814
24012,0.002893,172.31.33.0-255,66,222198,35,232814
24013,0.002904,172.31.33.0-255,66,222264,35,232814
24014,0.002919,172.31.33.0-255,66,222330,35,232814
24015,0.002947,172.217.194.0-255,105,222435,35,232814
24016,0.014406,172.31.33.0-255,66,222501,35,232814
24017,0.014452,172.31.33.0-255,105,222606,35,232814
24018,0.01695,172.217.194.0-255,66,222672,35,232814
24019,0.047663,172.31.33.0-255,188,222860,35,232814
24020,0.047698,172.31.33.0-255,952,223812,35,232814
24021,0.047773,172.31.33.0-255,1514,225326,35,232814
24022,0.047794,172.31.33.0-255,1514,226840,35,232814
24023,0.047798,172.31.33.0-255,1514,228354,35,232814
24024,0.047814,172.31.33.0-255,1514,229868,35,232814
24025,0.047818,172.31.33.0-255,1514,231382,35,232814
24026,0.047819,172.31.33.0-255,1168,232550,35,232814
24027,0.049188,104.244.42.0-255,66,232616,35,232814
24028,0.049221,104.244.42.0-255,66,232682,35,232814
24029,0.049338,104.244.42.0-255,66,232748,35,232814
24030,0.049384,104.244.42.0-255,66,232814,35,232814
24031,0.0,172.217.194.0-255,153,153,35,231945
24032,2.4e-05,172.31.33.0-255,66,219,35,231945
24033,3e-05,172.217.194.0-255,1484,1703,35,231945
24034,3.5e-05,172.31.33.0-255,66,1769,35,231945
24035,3.9e-05,172.217.194.0-255,2902,4671,35,231945
24036,4.2e-05,172.31.33.0-255,66,4737,35,231945
24037,5.7e-05,172.217.194.0-255,7156,11893,35,231945
24038,6e-05,172.31.33.0-255,66,11959,35,231945
24039,9.8e-05,172.217.194.0-255,1964,13923,35,231945
24040,0.000101,172.31.33.0-255,66,13989,35,231945
24041,0.000105,172.217.194.0-255,1484,15473,35,231945
24042,0.000106,172.31.33.0-255,66,15539,35,231945
24043,0.000124,172.217.194.0-255,1484,17023,35,231945
24044,0.000128,172.31.33.0-255,66,17089,35,231945
24045,0.000135,172.217.194.0-255,7156,24245,35,231945
24046,0.000143,172.31.33.0-255,66,24311,35,231945
24047,0.000149,172.217.194.0-255,5738,30049,35,231945
24048,0.000151,172.31.33.0-255,66,30115,35,231945
24049,0.000178,172.217.194.0-255,1125,31240,35,231945
24050,0.000185,172.31.33.0-255,66,31306,35,231945
24051,0.00024,172.217.194.0-255,1484,32790,35,231945
24052,0.000243,172.31.33.0-255,66,32856,35,231945
24053,0.000248,172.217.194.0-255,2902,35758,35,231945
24054,0.000251,172.31.33.0-255,66,35824,35,231945
24055,0.000285,172.217.194.0-255,5738,41562,35,231945
24056,0.000289,172.31.33.0-255,66,41628,35,231945
24057,0.000302,172.31.33.0-255,66,41694,35,231945
24058,0.000332,172.217.194.0-255,3961,45655,35,231945
24059,0.000335,172.31.33.0-255,66,45721,35,231945
24060,0.000348,172.31.33.0-255,66,45787,35,231945
24061,0.000647,172.217.194.0-255,360,46147,35,231945
24062,0.00079,172.31.33.0-255,66,46213,35,231945
24063,0.000992,172.217.194.0-255,1484,47697,35,231945
24064,0.001,172.217.194.0-255,2902,50599,35,231945
24065,0.001003,172.31.33.0-255,66,50665,35,231945
24066,0.001023,172.217.194.0-255,5738,56403,35,231945
24067,0.001026,172.31.33.0-255,66,56469,35,231945
24068,0.00103,172.217.194.0-255,1484,57953,35,231945
24069,0.001057,172.31.33.0-255,66,58019,35,231945
24070,0.001067,172.31.33.0-255,66,58085,35,231945
24071,0.001094,172.217.194.0-255,2184,60269,35,231945
24072,0.001098,172.31.33.0-255,66,60335,35,231945
24073,0.002207,172.217.194.0-255,1484,61819,35,231945
24074,0.002213,172.217.194.0-255,2902,64721,35,231945
24075,0.002216,172.31.33.0-255,66,64787,35,231945
24076,0.002223,172.217.194.0-255,5738,70525,35,231945
24077,0.002224,172.31.33.0-255,66,70591,35,231945
24078,0.002273,172.217.194.0-255,5738,76329,35,231945
24079,0.002275,172.31.33.0-255,66,76395,35,231945
24080,0.002298,172.217.194.0-255,7156,83551,35,231945
24081,0.0023,172.31.33.0-255,66,83617,35,231945
24082,0.002308,172.31.33.0-255,66,83683,35,231945
24083,0.002316,172.217.194.0-255,2184,85867,35,231945
24084,0.002318,172.31.33.0-255,66,85933,35,231945
24085,0.002383,172.217.194.0-255,1484,87417,35,231945
24086,0.002398,172.217.194.0-255,2902,90319,35,231945
24087,0.0024,172.31.33.0-255,66,90385,35,231945
24088,0.002404,172.217.194.0-255,4320,94705,35,231945
24089,0.002406,172.31.33.0-255,66,94771,35,231945
24090,0.002435,172.217.194.0-255,1484,96255,35,231945
24091,0.00244,172.217.194.0-255,5738,101993,35,231945
24092,0.002442,172.31.33.0-255,66,102059,35,231945
24093,0.002444,172.217.194.0-255,1484,103543,35,231945
24094,0.002448,172.217.194.0-255,4320,107863,35,231945
24095,0.00245,172.31.33.0-255,66,107929,35,231945
24096,0.002474,172.217.194.0-255,4320,112249,35,231945
24097,0.002476,172.31.33.0-255,66,112315,35,231945
24098,0.002479,172.217.194.0-255,2902,115217,35,231945
24099,0.002481,172.31.33.0-255,66,115283,35,231945
24100,0.002517,172.217.194.0-255,1484,116767,35,231945
24101,0.002529,172.217.194.0-255,3602,120369,35,231945
24102,0.002531,172.31.33.0-255,66,120435,35,231945
24103,0.002618,172.217.194.0-255,2902,123337,35,231945
24104,0.00262,172.31.33.0-255,78,123415,35,231945
24105,0.002645,172.217.194.0-255,6438,129853,35,231945
24106,0.002647,172.31.33.0-255,78,129931,35,231945
24107,0.002649,172.217.194.0-255,1484,131415,35,231945
24108,0.002651,172.31.33.0-255,86,131501,35,231945
24109,0.00269,172.217.194.0-255,1484,132985,35,231945
24110,0.002692,172.31.33.0-255,86,133071,35,231945
24111,0.002698,172.217.194.0-255,5738,138809,35,231945
24112,0.0027,172.31.33.0-255,86,138895,35,231945
24113,0.002734,172.217.194.0-255,2902,141797,35,231945
24114,0.002736,172.31.33.0-255,86,141883,35,231945
24115,0.002739,172.217.194.0-255,2902,144785,35,231945
24116,0.002741,172.31.33.0-255,86,144871,35,231945
24117,0.002757,172.31.33.0-255,78,144949,35,231945
24118,0.002759,172.217.194.0-255,1484,146433,35,231945
24119,0.002761,172.31.33.0-255,66,146499,35,231945
24120,0.00278,172.31.33.0-255,66,146565,35,231945
24121,0.002782,172.217.194.0-255,1484,148049,35,231945
24122,0.002785,172.217.194.0-255,2902,150951,35,231945
24123,0.002787,172.31.33.0-255,66,151017,35,231945
24124,0.002791,172.217.194.0-255,4320,155337,35,231945
24125,0.002794,172.31.33.0-255,66,155403,35,231945
24126,0.002819,172.217.194.0-255,1484,156887,35,231945
24127,0.002833,172.217.194.0-255,7156,164043,35,231945
24128,0.002836,172.31.33.0-255,66,164109,35,231945
24129,0.002847,172.31.33.0-255,66,164175,35,231945
24130,0.00285,172.217.194.0-255,2184,166359,35,231945
24131,0.002852,172.31.33.0-255,66,166425,35,231945
24132,0.002924,172.217.194.0-255,1484,167909,35,231945
24133,0.002935,172.217.194.0-255,2902,170811,35,231945
24134,0.002938,172.31.33.0-255,66,170877,35,231945
24135,0.002959,172.217.194.0-255,5738,176615,35,231945
24136,0.002962,172.31.33.0-255,66,176681,35,231945
24137,0.002967,172.217.194.0-255,7156,183837,35,231945
24138,0.002969,172.31.33.0-255,66,183903,35,231945
24139,0.002999,172.217.194.0-255,2902,186805,35,231945
24140,0.003004,172.31.33.0-255,66,186871,35,231945
24141,0.00304,172.31.33.0-255,66,186937,35,231945
24142,0.003043,172.217.194.0-255,2184,189121,35,231945
24143,0.003045,172.31.33.0-255,66,189187,35,231945
24144,0.003094,172.217.194.0-255,1484,190671,35,231945
24145,0.003098,172.217.194.0-255,2902,193573,35,231945
24146,0.0031,172.31.33.0-255,66,193639,35,231945
24147,0.003105,172.217.194.0-255,5738,199377,35,231945
24148,0.003107,172.31.33.0-255,66,199443,35,231945
24149,0.003109,172.217.194.0-255,1484,200927,35,231945
24150,0.003133,172.217.194.0-255,7156,208083,35,231945
24151,0.003136,172.31.33.0-255,66,208149,35,231945
24152,0.003158,172.217.194.0-255,2902,211051,35,231945
24153,0.00316,172.31.33.0-255,66,211117,35,231945
24154,0.003187,172.31.33.0-255,66,211183,35,231945
24155,0.003192,172.217.194.0-255,5738,216921,35,231945
24156,0.003194,172.31.33.0-255,66,216987,35,231945
24157,0.003262,172.217.194.0-255,2184,219171,35,231945
24158,0.003335,172.217.194.0-255,105,219276,35,231945
24159,0.00493,172.217.194.0-255,1484,220760,35,231945
24160,0.004945,172.31.33.0-255,78,220838,35,231945
24161,0.004968,172.217.194.0-255,7156,227994,35,231945
24162,0.004971,172.31.33.0-255,78,228072,35,231945
24163,0.01072,172.31.33.0-255,105,228177,35,231945
24164,0.012971,172.217.194.0-255,66,228243,35,231945
24165,0.047906,172.31.33.0-255,172,228415,35,231945
24166,0.048056,172.31.33.0-255,1107,229522,35,231945
24167,0.048121,172.31.33.0-255,1514,231036,35,231945
24168,0.048123,172.31.33.0-255,711,231747,35,231945
24169,0.049425,104.244.42.0-255,66,231813,35,231945
24170,0.049553,104.244.42.0-255,66,231879,35,231945
24171,0.04966,104.244.42.0-255,66,231945,35,231945
24172,0.0,74.125.24.0-255,150,150,35,277105
24173,2.2e-05,172.31.33.0-255,66,216,35,277105
24174,2.8e-05,74.125.24.0-255,1484,1700,35,277105
24175,3.2e-05,172.31.33.0-255,66,1766,35,277105
24176,3.6e-05,74.125.24.0-255,2902,4668,35,277105
24177,4.5e-05,172.31.33.0-255,66,4734,35,277105
24178,5.1e-05,74.125.24.0-255,5738,10472,35,277105
24179,5.3e-05,172.31.33.0-255,66,10538,35,277105
24180,7.5e-05,74.125.24.0-255,1484,12022,35,277105
24181,7.7e-05,172.31.33.0-255,66,12088,35,277105
24182,8.2e-05,74.125.24.0-255,2044,14132,35,277105
24183,8.5e-05,172.31.33.0-255,66,14198,35,277105
24184,0.000113,74.125.24.0-255,4320,18518,35,277105
24185,0.000117,172.31.33.0-255,66,18584,35,277105
24186,0.000144,74.125.24.0-255,7156,25740,35,277105
24187,0.000147,172.31.33.0-255,66,25806,35,277105
24188,0.000163,172.31.33.0-255,66,25872,35,277105
24189,0.00019,74.125.24.0-255,1484,27356,35,277105
24190,0.000193,172.31.33.0-255,66,27422,35,277105
24191,0.000224,172.31.33.0-255,66,27488,35,277105
24192,0.000637,74.125.24.0-255,1484,28972,35,277105
24193,0.000642,172.31.33.0-255,66,29038,35,277105
24194,0.000648,74.125.24.0-255,2902,31940,35,277105
24195,0.00065,172.31.33.0-255,66,32006,35,277105
24196,0.000675,74.125.24.0-255,1484,33490,35,277105
24197,0.000678,172.31.33.0-255,66,33556,35,277105
24198,0.000683,74.125.24.0-255,2902,36458,35,277105
24199,0.000684,172.31.33.0-255,66,36524,35,277105
24200,0.000713,74.125.24.0-255,5738,42262,35,277105
24201,0.000716,172.31.33.0-255,66,42328,35,277105
24202,0.00072,74.125.24.0-255,2869,45197,35,277105
24203,0.000722,172.31.33.0-255,66,45263,35,277105
24204,0.001295,74.125.24.0-255,1484,46747,35,277105
24205,0.001305,74.125.24.0-255,2902,49649,35,277105
24206,0.001309,172.31.33.0-255,66,49715,35,277105
24207,0.001313,74.125.24.0-255,1484,51199,35,277105
24208,0.001325,74.125.24.0-255,1484,52683,35,277105
24209,0.001327,172.31.33.0-255,66,52749,35,277105
24210,0.00135,74.125.24.0-255,2902,55651,35,277105
24211,0.001352,172.31.33.0-255,66,55717,35,277105
24212,0.001357,74.125.24.0-255,5738,61455,35,277105
24213,0.001358,172.31.33.0-255,66,61521,35,277105
24214,0.00138,74.125.24.0-255,1484,63005,35,277105
24215,0.001399,74.125.24.0-255,4320,67325,35,277105
24216,0.001401,172.31.33.0-255,66,67391,35,277105
24217,0.001425,172.31.33.0-255,66,67457,35,277105
24218,0.001428,74.125.24.0-255,2184,69641,35,277105
24219,0.00143,172.31.33.0-255,66,69707,35,277105
24220,0.002881,74.125.24.0-255,1484,71191,35,277105
24221,0.002886,74.125.24.0-255,1484,72675,35,277105
24222,0.002889,172.31.33.0-255,66,72741,35,277105
24223,0.002912,74.125.24.0-255,1484,74225,35,277105
24224,0.002918,74.125.24.0-255,5738,79963,35,277105
24225,0.002921,172.31.33.0-255,66,80029,35,277105
24226,0.002924,74.125.24.0-255,1484,81513,35,277105
24227,0.002926,74.125.24.0-255,1484,82997,35,277105
24228,0.002928,172.31.33.0-255,66,83063,35,277105
24229,0.002961,172.31.33.0-255,66,83129,35,277105
24230,0.002974,74.125.24.0-255,1484,84613,35,277105
24231,0.002988,172.31.33.0-255,66,84679,35,277105
24232,0.002991,74.125.24.0-255,1484,86163,35,277105
24233,0.003014,74.125.24.0-255,2184,88347,35,277105
24234,0.003016,172.31.33.0-255,66,88413,35,277105
24235,0.00302,74.125.24.0-255,1484,89897,35,277105
24236,0.003022,74.125.24.0-255,1484,91381,35,277105
24237,0.003024,172.31.33.0-255,66,91447,35,277105
24238,0.003027,74.125.24.0-255,1484,92931,35,277105
24239,0.003067,172.31.33.0-255,66,92997,35,277105
24240,0.003072,74.125.24.0-255,5738,98735,35,277105
24241,0.003074,172.31.33.0-255,66,98801,35,277105
24242,0.003101,74.125.24.0-255,1484,100285,35,277105
24243,0.003127,172.31.33.0-255,66,100351,35,277105
24244,0.003316,74.125.24.0-255,1484,101835,35,277105
24245,0.003341,74.125.24.0-255,2902,104737,35,277105
24246,0.003345,172.31.33.0-255,66,104803,35,277105
24247,0.003348,74.125.24.0-255,1484,106287,35,277105
24248,0.003362,74.125.24.0-255,1484,107771,35,277105
24249,0.003364,172.31.33.0-255,66,107837,35,277105
24250,0.003389,74.125.24.0-255,7156,114993,35,277105
24251,0.003391,172.31.33.0-255,66,115059,35,277105
24252,0.003415,74.125.24.0-255,5738,120797,35,277105
24253,0.003418,172.31.33.0-255,66,120863,35,277105
24254,0.003436,74.125.24.0-255,1484,122347,35,277105
24255,0.003447,172.31.33.0-255,66,122413,35,277105
24256,0.00346,74.125.24.0-255,1484,123897,35,277105
24257,0.003482,74.125.24.0-255,2184,126081,35,277105
24258,0.003485,172.31.33.0-255,66,126147,35,277105
24259,0.003509,74.125.24.0-255,1484,127631,35,277105
24260,0.003524,74.125.24.0-255,2902,130533,35,277105
24261,0.003527,172.31.33.0-255,66,130599,35,277105
24262,0.003531,74.125.24.0-255,1484,132083,35,277105
24263,0.003553,74.125.24.0-255,4320,136403,35,277105
24264,0.003557,172.31.33.0-255,66,136469,35,277105
24265,0.003562,74.125.24.0-255,4320,140789,35,277105
24266,0.003564,172.31.33.0-255,66,140855,35,277105
24267,0.003592,74.125.24.0-255,5738,146593,35,277105
24268,0.003597,172.31.33.0-255,66,146659,35,277105
24269,0.003629,74.125.24.0-255,5738,152397,35,277105
24270,0.003633,172.31.33.0-255,66,152463,35,277105
24271,0.003651,74.125.24.0-255,5738,158201,35,277105
24272,0.003654,172.31.33.0-255,66,158267,35,277105
24273,0.003658,74.125.24.0-255,2184,160451,35,277105
24274,0.00366,172.31.33.0-255,66,160517,35,277105
24275,0.003665,74.125.24.0-255,5738,166255,35,277105
24276,0.003668,172.31.33.0-255,66,166321,35,277105
24277,0.00367,74.125.24.0-255,1484,167805,35,277105
24278,0.003673,74.125.24.0-255,1484,169289,35,277105
24279,0.003678,172.31.33.0-255,66,169355,35,277105
24280,0.003686,74.125.24.0-255,1484,170839,35,277105
24281,0.003705,74.125.24.0-255,1484,172323,35,277105
24282,0.003708,172.31.33.0-255,66,172389,35,277105
24283,0.003718,74.125.24.0-255,5738,178127,35,277105
24284,0.003721,172.31.33.0-255,66,178193,35,277105
24285,0.003723,74.125.24.0-255,5738,183931,35,277105
24286,0.003726,74.125.24.0-255,1484,185415,35,277105
24287,0.00373,172.31.33.0-255,66,185481,35,277105
24288,0.003767,74.125.24.0-255,1484,186965,35,277105
24289,0.00377,172.31.33.0-255,66,187031,35,277105
24290,0.003795,172.31.33.0-255,66,187097,35,277105
24291,0.003824,172.31.33.0-255,66,187163,35,277105
24292,0.00385,74.125.24.0-255,1484,188647,35,277105
24293,0.003856,74.125.24.0-255,5738,194385,35,277105
24294,0.00386,172.31.33.0-255,66,194451,35,277105
24295,0.003868,172.31.33.0-255,66,194517,35,277105
24296,0.003888,74.125.24.0-255,4320,198837,35,277105
24297,0.003896,172.31.33.0-255,66,198903,35,277105
24298,0.003901,74.125.24.0-255,3602,202505,35,277105
24299,0.003903,172.31.33.0-255,66,202571,35,277105
24300,0.003941,74.125.24.0-255,4320,206891,35,277105
24301,0.003945,172.31.33.0-255,66,206957,35,277105
24302,0.003982,172.31.33.0-255,66,207023,35,277105
24303,0.003999,172.31.33.0-255,66,207089,35,277105
24304,0.004003,74.125.24.0-255,3602,210691,35,277105
24305,0.004006,172.31.33.0-255,66,210757,35,277105
24306,0.004031,74.125.24.0-255,4320,215077,35,277105
24307,0.004034,172.31.33.0-255,66,215143,35,277105
24308,0.004061,74.125.24.0-255,5738,220881,35,277105
24309,0.004065,172.31.33.0-255,66,220947,35,277105
24310,0.004089,74.125.24.0-255,5738,226685,35,277105
24311,0.004092,172.31.33.0-255,66,226751,35,277105
24312,0.00412,74.125.24.0-255,7156,233907,35,277105
24313,0.004125,74.125.24.0-255,5738,239645,35,277105
24314,0.004128,172.31.33.0-255,66,239711,35,277105
24315,0.004131,172.31.33.0-255,66,239777,35,277105
24316,0.004215,74.125.24.0-255,1484,241261,35,277105
24317,0.00423,74.125.24.0-255,3602,244863,35,277105
24318,0.004233,172.31.33.0-255,66,244929,35,277105
24319,0.004281,74.125.24.0-255,1484,246413,35,277105
24320,0.004294,74.125.24.0-255,1484,247897,35,277105
24321,0.004297,172.31.33.0-255,66,247963,35,277105
24322,0.004302,74.125.24.0-255,2902,250865,35,277105
24323,0.004303,172.31.33.0-255,66,250931,35,277105
24324,0.004325,74.125.24.0-255,1484,252415,35,277105
24325,0.00434,74.125.24.0-255,1484,253899,35,277105
24326,0.004343,172.31.33.0-255,66,253965,35,277105
24327,0.004369,74.125.24.0-255,5738,259703,35,277105
24328,0.004372,172.31.33.0-255,66,259769,35,277105
24329,0.004378,74.125.24.0-255,5738,265507,35,277105
24330,0.00438,172.31.33.0-255,66,265573,35,277105
24331,0.004398,74.125.24.0-255,2902,268475,35,277105
24332,0.004405,172.31.33.0-255,66,268541,35,277105
24333,0.004428,74.125.24.0-255,4320,272861,35,277105
24334,0.00443,172.31.33.0-255,66,272927,35,277105
24335,0.004455,74.125.24.0-255,1618,274545,35,277105
24336,0.004458,172.31.33.0-255,66,274611,35,277105
24337,0.004461,74.125.24.0-255,97,274708,35,277105
24338,0.004481,74.125.24.0-255,105,274813,35,277105
24339,0.005111,172.31.33.0-255,66,274879,35,277105
24340,0.005138,172.31.33.0-255,105,274984,35,277105
24341,0.007387,74.125.24.0-255,66,275050,35,277105
24342,0.047499,172.31.33.0-255,172,275222,35,277105
24343,0.04753,172.31.33.0-255,1108,276330,35,277105
24344,0.047567,172.31.33.0-255,577,276907,35,277105
24345,0.049071,104.244.42.0-255,66,276973,35,277105
24346,0.049112,104.244.42.0-255,66,277039,35,277105
24347,0.049115,104.244.42.0-255,66,277105,35,277105
24348,0.0,74.125.130.0-255,153,153,35,351337
24349,2.3e-05,172.31.33.0-255,66,219,35,351337
24350,3.1e-05,74.125.130.0-255,1484,1703,35,351337
24351,3.6e-05,172.31.33.0-255,66,1769,35,351337
24352,4.2e-05,74.125.130.0-255,2902,4671,35,351337
24353,4.6e-05,172.31.33.0-255,66,4737,35,351337
24354,5.5e-05,74.125.130.0-255,5738,10475,35,351337
24355,5.8e-05,172.31.33.0-255,66,10541,35,351337
24356,6.3e-05,74.125.130.0-255,3473,14014,35,351337
24357,6.5e-05,172.31.33.0-255,66,14080,35,351337
24358,0.00034,74.125.130.0-255,1484,15564,35,351337
24359,0.000348,172.31.33.0-255,66,15630,35,351337
24360,0.000353,74.125.130.0-255,2902,18532,35,351337
24361,0.000356,172.31.33.0-255,66,18598,35,351337
24362,0.000381,74.125.130.0-255,5738,24336,35,351337
24363,0.000383,172.31.33.0-255,66,24402,35,351337
24364,0.000406,74.125.130.0-255,6797,31199,35,351337
24365,0.00041,172.31.33.0-255,66,31265,35,351337
24366,0.000428,74.125.130.0-255,1484,32749,35,351337
24367,0.00043,172.31.33.0-255,66,32815,35,351337
24368,0.000434,74.125.130.0-255,1484,34299,35,351337
24369,0.000436,172.31.33.0-255,66,34365,35,351337
24370,0.000452,74.125.130.0-255,1484,35849,35,351337
24371,0.000455,172.31.33.0-255,66,35915,35,351337
24372,0.00046,74.125.130.0-255,2902,38817,35,351337
24373,0.000462,172.31.33.0-255,66,38883,35,351337
24374,0.000482,74.125.130.0-255,2902,41785,35,351337
24375,0.000484,172.31.33.0-255,66,41851,35,351337
24376,0.000492,74.125.130.0-255,7156,49007,35,351337
24377,0.000495,172.31.33.0-255,66,49073,35,351337
24378,0.000499,74.125.130.0-255,2902,51975,35,351337
24379,0.000501,172.31.33.0-255,66,52041,35,351337
24380,0.000529,74.125.130.0-255,5738,57779,35,351337
24381,0.000533,172.31.33.0-255,66,57845,35,351337
24382,0.000536,74.125.130.0-255,1484,59329,35,351337
24383,0.000556,74.125.130.0-255,6438,65767,35,351337
24384,0.000559,172.31.33.0-255,66,65833,35,351337
24385,0.000562,74.125.130.0-255,379,66212,35,351337
24386,0.000711,74.125.130.0-255,365,66577,35,351337
24387,0.001066,172.31.33.0-255,66,66643,35,351337
24388,0.001088,74.125.130.0-255,1484,68127,35,351337
24389,0.001115,74.125.130.0-255,2902,71029,35,351337
24390,0.001119,172.31.33.0-255,66,71095,35,351337
24391,0.001122,74.125.130.0-255,1484,72579,35,351337
24392,0.001155,74.125.130.0-255,2902,75481,35,351337
24393,0.001159,172.31.33.0-255,66,75547,35,351337
24394,0.001175,74.125.130.0-255,2902,78449,35,351337
24395,0.001186,172.31.33.0-255,66,78515,35,351337
24396,0.001211,74.125.130.0-255,2902,81417,35,351337
24397,0.001214,172.31.33.0-255,66,81483,35,351337
24398,0.001217,74.125.130.0-255,1484,82967,35,351337
24399,0.001222,74.125.130.0-255,2902,85869,35,351337
24400,0.001224,172.31.33.0-255,66,85935,35,351337
24401,0.001231,74.125.130.0-255,5738,91673,35,351337
24402,0.001233,172.31.33.0-255,66,91739,35,351337
24403,0.001262,74.125.130.0-255,4320,96059,35,351337
24404,0.001265,172.31.33.0-255,66,96125,35,351337
24405,0.001285,74.125.130.0-255,2902,99027,35,351337
24406,0.001288,172.31.33.0-255,66,99093,35,351337
24407,0.001292,74.125.130.0-255,2184,101277,35,351337
24408,0.001294,172.31.33.0-255,66,101343,35,351337
24409,0.001414,74.125.130.0-255,1484,102827,35,351337
24410,0.001418,74.125.130.0-255,1484,104311,35,351337
24411,0.001421,172.31.33.0-255,66,104377,35,351337
24412,0.00144,74.125.130.0-255,1484,105861,35,351337
24413,0.001443,74.125.130.0-255,1484,107345,35,351337
24414,0.001446,172.31.33.0-255,66,107411,35,351337
24415,0.00145,74.125.130.0-255,2902,110313,35,351337
24416,0.001453,172.31.33.0-255,66,110379,35,351337
24417,0.001456,74.125.130.0-255,1484,111863,35,351337
24418,0.00148,74.125.130.0-255,4320,116183,35,351337
24419,0.001483,172.31.33.0-255,66,116249,35,351337
24420,0.001491,74.125.130.0-255,7156,123405,35,351337
24421,0.001493,172.31.33.0-255,66,123471,35,351337
24422,0.001505,74.125.130.0-255,2902,126373,35,351337
24423,0.001508,172.31.33.0-255,66,126439,35,351337
24424,0.00153,74.125.130.0-255,1484,127923,35,351337
24425,0.001556,172.31.33.0-255,66,127989,35,351337
24426,0.001854,74.125.130.0-255,1484,129473,35,351337
24427,0.001869,74.125.130.0-255,2902,132375,35,351337
24428,0.001873,172.31.33.0-255,66,132441,35,351337
24429,0.001892,74.125.130.0-255,2902,135343,35,351337
24430,0.001894,172.31.33.0-255,66,135409,35,351337
24431,0.001914,74.125.130.0-255,2902,138311,35,351337
24432,0.001917,172.31.33.0-255,66,138377,35,351337
24433,0.00192,74.125.130.0-255,1484,139861,35,351337
24434,0.001939,74.125.130.0-255,5738,145599,35,351337
24435,0.001941,172.31.33.0-255,66,145665,35,351337
24436,0.001946,74.125.130.0-255,2902,148567,35,351337
24437,0.001965,172.31.33.0-255,66,148633,35,351337
24438,0.001985,74.125.130.0-255,1484,150117,35,351337
24439,0.001992,74.125.130.0-255,5738,155855,35,351337
24440,0.001994,172.31.33.0-255,66,155921,35,351337
24441,0.002001,74.125.130.0-255,6438,162359,35,351337
24442,0.002003,172.31.33.0-255,66,162425,35,351337
24443,0.002169,74.125.130.0-255,1484,163909,35,351337
24444,0.002199,74.125.130.0-255,1484,165393,35,351337
24445,0.002203,172.31.33.0-255,66,165459,35,351337
24446,0.002208,74.125.130.0-255,2902,168361,35,351337
24447,0.00221,172.31.33.0-255,66,168427,35,351337
24448,0.002225,74.125.130.0-255,1484,169911,35,351337
24449,0.002239,74.125.130.0-255,4320,174231,35,351337
24450,0.002241,172.31.33.0-255,66,174297,35,351337
24451,0.002247,74.125.130.0-255,4320,178617,35,351337
24452,0.002249,172.31.33.0-255,66,178683,35,351337
24453,0.00228,74.125.130.0-255,5738,184421,35,351337
24454,0.002282,172.31.33.0-255,66,184487,35,351337
24455,0.002285,74.125.130.0-255,1484,185971,35,351337
24456,0.002303,74.125.130.0-255,2902,188873,35,351337
24457,0.002305,172.31.33.0-255,66,188939,35,351337
24458,0.002328,74.125.130.0-255,7156,196095,35,351337
24459,0.00233,172.31.33.0-255,66,196161,35,351337
24460,0.002333,74.125.130.0-255,766,196927,35,351337
24461,0.002681,172.31.33.0-255,66,196993,35,351337
24462,0.002942,74.125.130.0-255,1484,198477,35,351337
24463,0.00296,74.125.130.0-255,1484,199961,35,351337
24464,0.002964,172.31.33.0-255,66,200027,35,351337
24465,0.002979,74.125.130.0-255,1484,201511,35,351337
24466,0.002983,74.125.130.0-255,1484,202995,35,351337
24467,0.002985,172.31.33.0-255,66,203061,35,351337
24468,0.003007,74.125.130.0-255,4320,207381,35,351337
24469,0.00301,172.31.33.0-255,66,207447,35,351337
24470,0.003014,74.125.130.0-255,2902,210349,35,351337
24471,0.003016,172.31.33.0-255,66,210415,35,351337
24472,0.003044,74.125.130.0-255,4320,214735,35,351337
24473,0.003047,172.31.33.0-255,66,214801,35,351337
24474,0.003069,74.125.130.0-255,4320,219121,35,351337
24475,0.003072,172.31.33.0-255,66,219187,35,351337
24476,0.003094,74.125.130.0-255,5738,224925,35,351337
24477,0.003097,172.31.33.0-255,66,224991,35,351337
24478,0.003112,74.125.130.0-255,2902,227893,35,351337
24479,0.003115,172.31.33.0-255,66,227959,35,351337
24480,0.003156,74.125.130.0-255,2902,230861,35,351337
24481,0.00316,172.31.33.0-255,66,230927,35,351337
24482,0.003196,74.125.130.0-255,766,231693,35,351337
24483,0.003849,74.125.130.0-255,1484,233177,35,351337
24484,0.003856,172.31.33.0-255,66,233243,35,351337
24485,0.003861,74.125.130.0-255,1484,234727,35,351337
24486,0.003876,74.125.130.0-255,1484,236211,35,351337
24487,0.003878,172.31.33.0-255,66,236277,35,351337
24488,0.003884,74.125.130.0-255,4320,240597,35,351337
24489,0.003886,172.31.33.0-255,66,240663,35,351337
24490,0.003929,172.31.33.0-255,66,240729,35,351337
24491,0.003956,172.31.33.0-255,66,240795,35,351337
24492,0.003977,74.125.130.0-255,6438,247233,35,351337
24493,0.003979,172.31.33.0-255,66,247299,35,351337
24494,0.004001,74.125.130.0-255,7156,254455,35,351337
24495,0.004005,172.31.33.0-255,66,254521,35,351337
24496,0.004023,74.125.130.0-255,4320,258841,35,351337
24497,0.004025,172.31.33.0-255,66,258907,35,351337
24498,0.004052,74.125.130.0-255,4320,263227,35,351337
24499,0.004055,172.31.33.0-255,66,263293,35,351337
24500,0.004067,172.31.33.0-255,66,263359,35,351337
24501,0.004074,74.125.130.0-255,5738,269097,35,351337
24502,0.004077,172.31.33.0-255,66,269163,35,351337
24503,0.004118,74.125.130.0-255,2184,271347,35,351337
24504,0.004121,172.31.33.0-255,66,271413,35,351337
24505,0.004163,74.125.130.0-255,1484,272897,35,351337
24506,0.004182,74.125.130.0-255,2902,275799,35,351337
24507,0.004185,172.31.33.0-255,66,275865,35,351337
24508,0.004201,74.125.130.0-255,2902,278767,35,351337
24509,0.004204,172.31.33.0-255,66,278833,35,351337
24510,0.004227,74.125.130.0-255,2902,281735,35,351337
24511,0.004229,172.31.33.0-255,66,281801,35,351337
24512,0.004235,74.125.130.0-255,4320,286121,35,351337
24513,0.004238,172.31.33.0-255,66,286187,35,351337
24514,0.004243,74.125.130.0-255,2902,289089,35,351337
24515,0.004245,172.31.33.0-255,66,289155,35,351337
24516,0.004269,74.125.130.0-255,2902,292057,35,351337
24517,0.004271,172.31.33.0-255,66,292123,35,351337
24518,0.004274,74.125.130.0-255,1484,293607,35,351337
24519,0.004277,74.125.130.0-255,1484,295091,35,351337
24520,0.004279,172.31.33.0-255,66,295157,35,351337
24521,0.004283,74.125.130.0-255,1484,296641,35,351337
24522,0.0043,74.125.130.0-255,1484,298125,35,351337
24523,0.004302,172.31.33.0-255,66,298191,35,351337
24524,0.004314,74.125.130.0-255,1484,299675,35,351337
24525,0.004333,74.125.130.0-255,4320,303995,35,351337
24526,0.004336,172.31.33.0-255,66,304061,35,351337
24527,0.004367,74.125.130.0-255,2184,306245,35,351337
24528,0.004369,172.31.33.0-255,66,306311,35,351337
24529,0.004533,74.125.130.0-255,1484,307795,35,351337
24530,0.004537,74.125.130.0-255,1484,309279,35,351337
24531,0.004539,172.31.33.0-255,66,309345,35,351337
24532,0.004558,74.125.130.0-255,4320,313665,35,351337
24533,0.00456,172.31.33.0-255,66,313731,35,351337
24534,0.004565,74.125.130.0-255,2902,316633,35,351337
24535,0.004567,172.31.33.0-255,66,316699,35,351337
24536,0.004583,74.125.130.0-255,2902,319601,35,351337
24537,0.004586,172.31.33.0-255,66,319667,35,351337
24538,0.004588,74.125.130.0-255,1484,321151,35,351337
24539,0.004591,74.125.130.0-255,1484,322635,35,351337
24540,0.004593,172.31.33.0-255,66,322701,35,351337
24541,0.004621,74.125.130.0-255,5738,328439,35,351337
24542,0.004624,172.31.33.0-255,66,328505,35,351337
24543,0.004629,74.125.130.0-255,2902,331407,35,351337
24544,0.004631,172.31.33.0-255,66,331473,35,351337
24545,0.004634,74.125.130.0-255,1484,332957,35,351337
24546,0.004656,74.125.130.0-255,2902,335859,35,351337
24547,0.004658,172.31.33.0-255,66,335925,35,351337
24548,0.004671,74.125.130.0-255,1484,337409,35,351337
24549,0.004687,74.125.130.0-255,6438,343847,35,351337
24550,0.00469,172.31.33.0-255,66,343913,35,351337
24551,0.004717,172.31.33.0-255,66,343979,35,351337
24552,0.00476,74.125.130.0-255,2902,346881,35,351337
24553,0.004762,172.31.33.0-255,66,346947,35,351337
24554,0.004784,172.31.33.0-255,66,347013,35,351337
24555,0.004789,74.125.130.0-255,3916,350929,35,351337
24556,0.004791,172.31.33.0-255,66,350995,35,351337
24557,0.004811,74.125.130.0-255,105,351100,35,351337
24558,0.01367,172.31.33.0-255,66,351166,35,351337
24559,0.013722,172.31.33.0-255,105,351271,35,351337
24560,0.015965,74.125.130.0-255,66,351337,35,351337
24561,0.0,74.125.200.0-255,153,153,35,372567
24562,2.3e-05,172.31.33.0-255,66,219,35,372567
24563,3.1e-05,74.125.200.0-255,1484,1703,35,372567
24564,3.5e-05,172.31.33.0-255,66,1769,35,372567
24565,3.9e-05,74.125.200.0-255,1484,3253,35,372567
24566,4.2e-05,172.31.33.0-255,66,3319,35,372567
24567,5.5e-05,74.125.200.0-255,2902,6221,35,372567
24568,5.8e-05,172.31.33.0-255,66,6287,35,372567
24569,6.3e-05,74.125.200.0-255,1484,7771,35,372567
24570,6.5e-05,172.31.33.0-255,66,7837,35,372567
24571,0.000102,74.125.200.0-255,4320,12157,35,372567
24572,0.000106,172.31.33.0-255,66,12223,35,372567
24573,0.00011,74.125.200.0-255,2050,14273,35,372567
24574,0.000112,172.31.33.0-255,66,14339,35,372567
24575,0.000152,74.125.200.0-255,1484,15823,35,372567
24576,0.000155,172.31.33.0-255,66,15889,35,372567
24577,0.000161,74.125.200.0-255,2902,18791,35,372567
24578,0.000163,172.31.33.0-255,66,18857,35,372567
24579,0.000192,74.125.200.0-255,5738,24595,35,372567
24580,0.000195,172.31.33.0-255,66,24661,35,372567
24581,0.000218,74.125.200.0-255,5738,30399,35,372567
24582,0.00022,172.31.33.0-255,66,30465,35,372567
24583,0.000246,74.125.200.0-255,1125,31590,35,372567
24584,0.000248,172.31.33.0-255,66,31656,35,372567
24585,0.000252,74.125.200.0-255,1484,33140,35,372567
24586,0.000254,172.31.33.0-255,66,33206,35,372567
24587,0.00026,74.125.200.0-255,2902,36108,35,372567
24588,0.000261,172.31.33.0-255,66,36174,35,372567
24589,0.000273,74.125.200.0-255,5738,41912,35,372567
24590,0.000275,172.31.33.0-255,66,41978,35,372567
24591,0.000311,74.125.200.0-255,6797,48775,35,372567
24592,0.000314,172.31.33.0-255,66,48841,35,372567
24593,0.000422,74.125.200.0-255,1484,50325,35,372567
24594,0.000427,74.125.200.0-255,1484,51809,35,372567
24595,0.000447,74.125.200.0-255,2902,54711,35,372567
24596,0.00045,74.125.200.0-255,1484,56195,35,372567
24597,0.000465,74.125.200.0-255,4320,60515,35,372567
24598,0.000483,74.125.200.0-255,2902,63417,35,372567
24599,0.000511,74.125.200.0-255,2872,66289,35,372567
24600,0.000523,172.31.33.0-255,66,66355,35,372567
24601,0.000598,74.125.200.0-255,348,66703,35,372567
24602,0.000798,74.125.200.0-255,1484,68187,35,372567
24603,0.00081,172.31.33.0-255,66,68253,35,372567
24604,0.000816,74.125.200.0-255,2902,71155,35,372567
24605,0.000836,74.125.200.0-255,4320,75475,35,372567
24606,0.000851,74.125.200.0-255,1484,76959,35,372567
24607,0.000856,74.125.200.0-255,2902,79861,35,372567
24608,0.000869,172.31.33.0-255,66,79927,35,372567
24609,0.000899,74.125.200.0-255,3961,83888,35,372567
24610,0.000914,172.31.33.0-255,66,83954,35,372567
24611,0.001179,74.125.200.0-255,1484,85438,35,372567
24612,0.001201,74.125.200.0-255,2902,88340,35,372567
24613,0.001204,74.125.200.0-255,1484,89824,35,372567
24614,0.001218,74.125.200.0-255,2902,92726,35,372567
24615,0.001222,172.31.33.0-255,66,92792,35,372567
24616,0.001228,172.31.33.0-255,66,92858,35,372567
24617,0.001257,74.125.200.0-255,5738,98596,35,372567
24618,0.00127,74.125.200.0-255,2543,101139,35,372567
24619,0.001276,172.31.33.0-255,66,101205,35,372567
24620,0.002142,74.125.200.0-255,1484,102689,35,372567
24621,0.002154,74.125.200.0-255,2902,105591,35,372567
24622,0.002158,172.31.33.0-255,66,105657,35,372567
24623,0.002166,74.125.200.0-255,4320,109977,35,372567
24624,0.002243,74.125.200.0-255,7156,117133,35,372567
24625,0.002258,74.125.200.0-255,2902,120035,35,372567
24626,0.00226,74.125.200.0-255,1484,121519,35,372567
24627,0.002281,74.125.200.0-255,5020,126539,35,372567
24628,0.004613,74.125.200.0-255,1484,128023,35,372567
24629,0.004621,74.125.200.0-255,2902,130925,35,372567
24630,0.004624,74.125.200.0-255,1484,132409,35,372567
24631,0.004635,74.125.200.0-255,1484,133893,35,372567
24632,0.004647,74.125.200.0-255,1484,135377,35,372567
24633,0.004663,74.125.200.0-255,2902,138279,35,372567
24634,0.004676,74.125.200.0-255,4320,142599,35,372567
24635,0.004694,74.125.200.0-255,4320,146919,35,372567
24636,0.004697,74.125.200.0-255,1484,148403,35,372567
24637,0.00472,74.125.200.0-255,2902,151305,35,372567
24638,0.00473,74.125.200.0-255,2902,154207,35,372567
24639,0.004761,74.125.200.0-255,5738,159945,35,372567
24640,0.004764,74.125.200.0-255,766,160711,35,372567
24641,0.004922,74.125.200.0-255,1484,162195,35,372567
24642,0.004934,74.125.200.0-255,2902,165097,35,372567
24643,0.004955,74.125.200.0-255,5738,170835,35,372567
24644,0.004983,74.125.200.0-255,2902,173737,35,372567
24645,0.005017,74.125.200.0-255,4320,178057,35,372567
24646,0.005046,74.125.200.0-255,4320,182377,35,372567
24647,0.005059,74.125.200.0-255,2184,184561,35,372567
24648,0.005214,74.125.200.0-255,1484,186045,35,372567
24649,0.005226,74.125.200.0-255,2902,188947,35,372567
24650,0.005245,74.125.200.0-255,4320,193267,35,372567
24651,0.005249,74.125.200.0-255,2902,196169,35,372567
24652,0.005264,74.125.200.0-255,2902,199071,35,372567
24653,0.005289,74.125.200.0-255,1484,200555,35,372567
24654,0.005341,74.125.200.0-255,2902,203457,35,372567
24655,0.005356,74.125.200.0-255,2902,206359,35,372567
24656,0.005366,74.125.200.0-255,2184,208543,35,372567
24657,0.005432,74.125.200.0-255,1484,210027,35,372567
24658,0.005452,74.125.200.0-255,1484,211511,35,372567
24659,0.005466,74.125.200.0-255,1484,212995,35,372567
24660,0.005469,74.125.200.0-255,1484,214479,35,372567
24661,0.005488,74.125.200.0-255,4320,218799,35,372567
24662,0.005493,74.125.200.0-255,2902,221701,35,372567
24663,0.005528,74.125.200.0-255,4320,226021,35,372567
24664,0.005548,74.125.200.0-255,4320,230341,35,372567
24665,0.005561,74.125.200.0-255,1484,231825,35,372567
24666,0.005578,74.125.200.0-255,4320,236145,35,372567
24667,0.005598,74.125.200.0-255,4320,240465,35,372567
24668,0.005618,74.125.200.0-255,2184,242649,35,372567
24669,0.005851,74.125.200.0-255,1484,244133,35,372567
24670,0.005865,74.125.200.0-255,2902,247035,35,372567
24671,0.005892,74.125.200.0-255,5738,252773,35,372567
24672,0.005906,74.125.200.0-255,1484,254257,35,372567
24673,0.005943,74.125.200.0-255,4320,258577,35,372567
24674,0.005958,74.125.200.0-255,4320,262897,35,372567
24675,0.005962,74.125.200.0-255,1484,264381,35,372567
24676,0.005965,74.125.200.0-255,1484,265865,35,372567
24677,0.005982,74.125.200.0-255,1484,267349,35,372567
24678,0.005995,74.125.200.0-255,2902,270251,35,372567
24679,0.006009,74.125.200.0-255,2902,273153,35,372567
24680,0.006059,74.125.200.0-255,3602,276755,35,372567
24681,0.006126,74.125.200.0-255,1484,278239,35,372567
24682,0.006139,74.125.200.0-255,2902,281141,35,372567
24683,0.006201,74.125.200.0-255,5738,286879,35,372567
24684,0.006208,74.125.200.0-255,7156,294035,35,372567
24685,0.006244,74.125.200.0-255,4320,298355,35,372567
24686,0.006263,74.125.200.0-255,5020,303375,35,372567
24687,0.006269,74.125.200.0-255,5738,309113,35,372567
24688,0.00628,74.125.200.0-255,1484,310597,35,372567
24689,0.00629,74.125.200.0-255,2902,313499,35,372567
24690,0.006301,74.125.200.0-255,2902,316401,35,372567
24691,0.006319,74.125.200.0-255,4320,320721,35,372567
24692,0.006341,74.125.200.0-255,7156,327877,35,372567
24693,0.006357,74.125.200.0-255,2902,330779,35,372567
24694,0.00636,74.125.200.0-255,2902,333681,35,372567
24695,0.00638,74.125.200.0-255,1484,335165,35,372567
24696,0.006395,74.125.200.0-255,4320,339485,35,372567
24697,0.006414,74.125.200.0-255,3602,343087,35,372567
24698,0.006431,74.125.200.0-255,5738,348825,35,372567
24699,0.00644,74.125.200.0-255,1484,350309,35,372567
24700,0.006451,74.125.200.0-255,4320,354629,35,372567
24701,0.00646,74.125.200.0-255,1484,356113,35,372567
24702,0.006465,74.125.200.0-255,4320,360433,35,372567
24703,0.00648,74.125.200.0-255,1576,362009,35,372567
24704,0.006496,74.125.200.0-255,105,362114,35,372567
24705,0.009349,172.31.33.0-255,66,362180,35,372567
24706,0.015626,172.31.33.0-255,105,362285,35,372567
24707,0.01815,74.125.200.0-255,66,362351,35,372567
24708,0.051854,172.31.33.0-255,172,362523,35,372567
24709,0.051887,172.31.33.0-255,1107,363630,35,372567
24710,0.051982,172.31.33.0-255,1514,365144,35,372567
24711,0.051984,172.31.33.0-255,1514,366658,35,372567
24712,0.051985,172.31.33.0-255,1514,368172,35,372567
24713,0.051986,172.31.33.0-255,1514,369686,35,372567
24714,0.052014,172.31.33.0-255,1514,371200,35,372567
24715,0.052016,172.31.33.0-255,929,372129,35,372567
24716,0.053439,104.244.42.0-255,66,372195,35,372567
24717,0.053451,104.244.42.0-255,66,372261,35,372567
24718,0.053587,104.244.42.0-255,66,372327,35,372567
24719,0.053605,104.244.42.0-255,66,372393,35,372567
24720,0.054105,104.244.42.0-255,108,372501,35,372567
24721,0.054117,172.31.33.0-255,66,372567,35,372567
24722,0.0,172.31.33.0-255,105,105,35,276
24723,0.001773,157.240.7.0-255,105,210,35,276
24724,0.001781,172.31.33.0-255,66,276,35,276
24725,0.0,74.125.68.0-255,153,153,35,239125
24726,2.4e-05,172.31.33.0-255,66,219,35,239125
24727,3.2e-05,74.125.68.0-255,1484,1703,35,239125
24728,3.6e-05,172.31.33.0-255,66,1769,35,239125
24729,4.2e-05,74.125.68.0-255,2902,4671,35,239125
24730,4.5e-05,172.31.33.0-255,66,4737,35,239125
24731,5.4e-05,74.125.68.0-255,5738,10475,35,239125
24732,5.7e-05,172.31.33.0-255,66,10541,35,239125
24733,6.3e-05,74.125.68.0-255,3511,14052,35,239125
24734,6.6e-05,172.31.33.0-255,66,14118,35,239125
24735,8.8e-05,74.125.68.0-255,4320,18438,35,239125
24736,9.1e-05,172.31.33.0-255,66,18504,35,239125
24737,0.000122,172.31.33.0-255,66,18570,35,239125
24738,0.000127,74.125.68.0-255,2543,21113,35,239125
24739,0.000129,172.31.33.0-255,66,21179,35,239125
24740,0.000327,74.125.68.0-255,1484,22663,35,239125
24741,0.000333,172.31.33.0-255,66,22729,35,239125
24742,0.000338,74.125.68.0-255,2902,25631,35,239125
24743,0.000341,172.31.33.0-255,66,25697,35,239125
24744,0.000346,74.125.68.0-255,2902,28599,35,239125
24745,0.000348,172.31.33.0-255,66,28665,35,239125
24746,0.000372,74.125.68.0-255,2902,31567,35,239125
24747,0.000375,172.31.33.0-255,66,31633,35,239125
24748,0.000379,74.125.68.0-255,2902,34535,35,239125
24749,0.000381,172.31.33.0-255,66,34601,35,239125
24750,0.000387,74.125.68.0-255,3961,38562,35,239125
24751,0.00039,172.31.33.0-255,66,38628,35,239125
24752,0.000417,74.125.68.0-255,4320,42948,35,239125
24753,0.000419,172.31.33.0-255,66,43014,35,239125
24754,0.000439,74.125.68.0-255,4320,47334,35,239125
24755,0.000441,172.31.33.0-255,66,47400,35,239125
24756,0.000485,172.31.33.0-255,66,47466,35,239125
24757,0.000504,74.125.68.0-255,126,47592,35,239125
24758,0.001099,172.31.33.0-255,66,47658,35,239125
24759,0.001588,74.125.68.0-255,1484,49142,35,239125
24760,0.001605,74.125.68.0-255,1484,50626,35,239125
24761,0.00161,172.31.33.0-255,66,50692,35,239125
24762,0.001626,74.125.68.0-255,2902,53594,35,239125
24763,0.001628,172.31.33.0-255,66,53660,35,239125
24764,0.001671,74.125.68.0-255,2902,56562,35,239125
24765,0.001675,172.31.33.0-255,66,56628,35,239125
24766,0.001681,74.125.68.0-255,4320,60948,35,239125
24767,0.001683,172.31.33.0-255,66,61014,35,239125
24768,0.001711,74.125.68.0-255,2902,63916,35,239125
24769,0.001714,172.31.33.0-255,66,63982,35,239125
24770,0.001733,74.125.68.0-255,4320,68302,35,239125
24771,0.001735,172.31.33.0-255,66,68368,35,239125
24772,0.001771,172.31.33.0-255,66,68434,35,239125
24773,0.00181,74.125.68.0-255,5020,73454,35,239125
24774,0.001813,172.31.33.0-255,66,73520,35,239125
24775,0.002498,74.125.68.0-255,1484,75004,35,239125
24776,0.002506,74.125.68.0-255,2902,77906,35,239125
24777,0.00251,172.31.33.0-255,66,77972,35,239125
24778,0.002528,74.125.68.0-255,2902,80874,35,239125
24779,0.00253,172.31.33.0-255,66,80940,35,239125
24780,0.00255,74.125.68.0-255,1484,82424,35,239125
24781,0.002558,74.125.68.0-255,7156,89580,35,239125
24782,0.00256,172.31.33.0-255,66,89646,35,239125
24783,0.002577,74.125.68.0-255,1484,91130,35,239125
24784,0.002581,74.125.68.0-255,2902,94032,35,239125
24785,0.002583,172.31.33.0-255,66,94098,35,239125
24786,0.002624,172.31.33.0-255,66,94164,35,239125
24787,0.002627,74.125.68.0-255,766,94930,35,239125
24788,0.00264,74.125.68.0-255,1484,96414,35,239125
24789,0.002643,172.31.33.0-255,66,96480,35,239125
24790,0.002646,74.125.68.0-255,1484,97964,35,239125
24791,0.002664,74.125.68.0-255,2902,100866,35,239125
24792,0.002666,172.31.33.0-255,66,100932,35,239125
24793,0.002672,74.125.68.0-255,4320,105252,35,239125
24794,0.002675,172.31.33.0-255,66,105318,35,239125
24795,0.002679,74.125.68.0-255,2902,108220,35,239125
24796,0.002681,172.31.33.0-255,66,108286,35,239125
24797,0.002697,74.125.68.0-255,2902,111188,35,239125
24798,0.0027,172.31.33.0-255,66,111254,35,239125
24799,0.002731,74.125.68.0-255,7156,118410,35,239125
24800,0.002734,172.31.33.0-255,66,118476,35,239125
24801,0.002756,74.125.68.0-255,4320,122796,35,239125
24802,0.002758,172.31.33.0-255,66,122862,35,239125
24803,0.002765,74.125.68.0-255,6438,129300,35,239125
24804,0.002768,172.31.33.0-255,66,129366,35,239125
24805,0.002815,74.125.68.0-255,1484,130850,35,239125
24806,0.002837,74.125.68.0-255,1484,132334,35,239125
24807,0.00284,172.31.33.0-255,66,132400,35,239125
24808,0.00286,74.125.68.0-255,1484,133884,35,239125
24809,0.002862,74.125.68.0-255,1484,135368,35,239125
24810,0.002864,172.31.33.0-255,66,135434,35,239125
24811,0.00287,74.125.68.0-255,5738,141172,35,239125
24812,0.002872,172.31.33.0-255,66,141238,35,239125
24813,0.00289,74.125.68.0-255,2902,144140,35,239125
24814,0.002892,172.31.33.0-255,66,144206,35,239125
24815,0.002926,172.31.33.0-255,66,144272,35,239125
24816,0.002931,74.125.68.0-255,4320,148592,35,239125
24817,0.002934,172.31.33.0-255,66,148658,35,239125
24818,0.002976,74.125.68.0-255,4320,152978,35,239125
24819,0.002978,172.31.33.0-255,66,153044,35,239125
24820,0.003004,172.31.33.0-255,66,153110,35,239125
24821,0.003043,74.125.68.0-255,4320,157430,35,239125
24822,0.003046,172.31.33.0-255,66,157496,35,239125
24823,0.003074,172.31.33.0-255,66,157562,35,239125
24824,0.003079,74.125.68.0-255,5020,162582,35,239125
24825,0.003082,172.31.33.0-255,66,162648,35,239125
24826,0.003103,172.31.33.0-255,66,162714,35,239125
24827,0.003125,74.125.68.0-255,2902,165616,35,239125
24828,0.003127,172.31.33.0-255,66,165682,35,239125
24829,0.003179,172.31.33.0-255,66,165748,35,239125
24830,0.003193,172.31.33.0-255,66,165814,35,239125
24831,0.003217,172.31.33.0-255,66,165880,35,239125
24832,0.00324,74.125.68.0-255,5738,171618,35,239125
24833,0.003243,172.31.33.0-255,66,171684,35,239125
24834,0.00325,74.125.68.0-255,5738,177422,35,239125
24835,0.003252,172.31.33.0-255,66,177488,35,239125
24836,0.003284,74.125.68.0-255,7156,184644,35,239125
24837,0.003287,172.31.33.0-255,66,184710,35,239125
24838,0.003308,74.125.68.0-255,3602,188312,35,239125
24839,0.003311,172.31.33.0-255,66,188378,35,239125
24840,0.003323,172.31.33.0-255,66,188444,35,239125
24841,0.003334,172.31.33.0-255,66,188510,35,239125
24842,0.003386,172.31.33.0-255,66,188576,35,239125
24843,0.00339,74.125.68.0-255,2902,191478,35,239125
24844,0.003392,172.31.33.0-255,66,191544,35,239125
24845,0.003426,172.31.33.0-255,66,191610,35,239125
24846,0.003449,74.125.68.0-255,7156,198766,35,239125
24847,0.00349,74.125.68.0-255,3602,202368,35,239125
24848,0.00351,74.125.68.0-255,4320,206688,35,239125
24849,0.003525,74.125.68.0-255,5738,212426,35,239125
24850,0.003537,74.125.68.0-255,1484,213910,35,239125
24851,0.00355,74.125.68.0-255,2902,216812,35,239125
24852,0.003564,74.125.68.0-255,4320,221132,35,239125
24853,0.00358,74.125.68.0-255,2902,224034,35,239125
24854,0.003585,74.125.68.0-255,4320,228354,35,239125
24855,0.003587,74.125.68.0-255,322,228676,35,239125
24856,0.003675,74.125.68.0-255,105,228781,35,239125
24857,0.004408,172.31.33.0-255,66,228847,35,239125
24858,0.009962,172.31.33.0-255,105,228952,35,239125
24859,0.011864,74.125.68.0-255,66,229018,35,239125
24860,0.049114,172.31.33.0-255,172,229190,35,239125
24861,0.04915,172.31.33.0-255,1107,230297,35,239125
24862,0.049221,172.31.33.0-255,1514,231811,35,239125
24863,0.049224,172.31.33.0-255,1514,233325,35,239125
24864,0.049229,172.31.33.0-255,1514,234839,35,239125
24865,0.049231,172.31.33.0-255,1514,236353,35,239125
24866,0.04925,172.31.33.0-255,1514,237867,35,239125
24867,0.049251,172.31.33.0-255,928,238795,35,239125
24868,0.050664,104.244.42.0-255,66,238861,35,239125
24869,0.050735,104.244.42.0-255,66,238927,35,239125
24870,0.050791,104.244.42.0-255,66,238993,35,239125
24871,0.050825,104.244.42.0-255,66,239059,35,239125
24872,0.050828,104.244.42.0-255,66,239125,35,239125
24873,0.0,172.31.33.0-255,105,105,35,276
24874,0.001742,157.240.7.0-255,105,210,35,276
24875,0.001753,172.31.33.0-255,66,276,35,276
24876,0.0,74.125.24.0-255,153,153,35,244832
24877,1.5e-05,172.31.33.0-255,66,219,35,244832
24878,2.3e-05,74.125.24.0-255,1484,1703,35,244832
24879,2.7e-05,172.31.33.0-255,66,1769,35,244832
24880,3.2e-05,74.125.24.0-255,2902,4671,35,244832
24881,3.6e-05,172.31.33.0-255,66,4737,35,244832
24882,4.4e-05,74.125.24.0-255,7156,11893,35,244832
24883,4.7e-05,172.31.33.0-255,66,11959,35,244832
24884,5.1e-05,74.125.24.0-255,2048,14007,35,244832
24885,5.5e-05,172.31.33.0-255,66,14073,35,244832
24886,0.000103,74.125.24.0-255,1484,15557,35,244832
24887,0.000107,172.31.33.0-255,66,15623,35,244832
24888,0.000112,74.125.24.0-255,2902,18525,35,244832
24889,0.000114,172.31.33.0-255,66,18591,35,244832
24890,0.000143,74.125.24.0-255,5738,24329,35,244832
24891,0.000146,172.31.33.0-255,66,24395,35,244832
24892,0.000149,74.125.24.0-255,1484,25879,35,244832
24893,0.00015,172.31.33.0-255,66,25945,35,244832
24894,0.00017,74.125.24.0-255,5379,31324,35,244832
24895,0.000173,172.31.33.0-255,66,31390,35,244832
24896,0.000337,74.125.24.0-255,1484,32874,35,244832
24897,0.000342,172.31.33.0-255,66,32940,35,244832
24898,0.000346,74.125.24.0-255,1484,34424,35,244832
24899,0.000348,172.31.33.0-255,66,34490,35,244832
24900,0.000361,74.125.24.0-255,1484,35974,35,244832
24901,0.000364,172.31.33.0-255,66,36040,35,244832
24902,0.000382,74.125.24.0-255,2902,38942,35,244832
24903,0.000384,172.31.33.0-255,66,39008,35,244832
24904,0.000404,74.125.24.0-255,2902,41910,35,244832
24905,0.000406,172.31.33.0-255,66,41976,35,244832
24906,0.000412,74.125.24.0-255,4320,46296,35,244832
24907,0.000414,172.31.33.0-255,66,46362,35,244832
24908,0.000431,74.125.24.0-255,2902,49264,35,244832
24909,0.000434,172.31.33.0-255,66,49330,35,244832
24910,0.00046,172.31.33.0-255,66,49396,35,244832
24911,0.000467,74.125.24.0-255,6797,56193,35,244832
24912,0.000469,172.31.33.0-255,66,56259,35,244832
24913,0.000472,74.125.24.0-255,414,56673,35,244832
24914,0.000523,74.125.24.0-255,330,57003,35,244832
24915,0.000833,74.125.24.0-255,1484,58487,35,244832
24916,0.000837,172.31.33.0-255,66,58553,35,244832
24917,0.000842,74.125.24.0-255,2902,61455,35,244832
24918,0.000844,172.31.33.0-255,66,61521,35,244832
24919,0.00085,74.125.24.0-255,5738,67259,35,244832
24920,0.000851,172.31.33.0-255,66,67325,35,244832
24921,0.000855,74.125.24.0-255,2902,70227,35,244832
24922,0.000857,172.31.33.0-255,66,70293,35,244832
24923,0.000893,74.125.24.0-255,4320,74613,35,244832
24924,0.000895,172.31.33.0-255,66,74679,35,244832
24925,0.000918,74.125.24.0-255,5738,80417,35,244832
24926,0.00092,172.31.33.0-255,66,80483,35,244832
24927,0.000925,74.125.24.0-255,4320,84803,35,244832
24928,0.000927,172.31.33.0-255,66,84869,35,244832
24929,0.000973,74.125.24.0-255,6438,91307,35,244832
24930,0.000975,172.31.33.0-255,66,91373,35,244832
24931,0.001061,74.125.24.0-255,1484,92857,35,244832
24932,0.001073,74.125.24.0-255,2902,95759,35,244832
24933,0.001076,172.31.33.0-255,66,95825,35,244832
24934,0.00108,74.125.24.0-255,1484,97309,35,244832
24935,0.001095,74.125.24.0-255,4320,101629,35,244832
24936,0.001097,74.125.24.0-255,1484,103113,35,244832
24937,0.001101,172.31.33.0-255,66,103179,35,244832
24938,0.001132,172.31.33.0-255,66,103245,35,244832
24939,0.001143,172.31.33.0-255,66,103311,35,244832
24940,0.001191,74.125.24.0-255,2184,105495,35,244832
24941,0.001194,172.31.33.0-255,66,105561,35,244832
24942,0.001199,74.125.24.0-255,2902,108463,35,244832
24943,0.001201,172.31.33.0-255,66,108529,35,244832
24944,0.001206,74.125.24.0-255,2902,111431,35,244832
24945,0.00121,172.31.33.0-255,66,111497,35,244832
24946,0.001233,74.125.24.0-255,4320,115817,35,244832
24947,0.001236,172.31.33.0-255,66,115883,35,244832
24948,0.001248,172.31.33.0-255,66,115949,35,244832
24949,0.001261,74.125.24.0-255,1484,117433,35,244832
24950,0.001291,172.31.33.0-255,66,117499,35,244832
24951,0.001319,74.125.24.0-255,4320,121819,35,244832
24952,0.001321,172.31.33.0-255,66,121885,35,244832
24953,0.001342,74.125.24.0-255,1484,123369,35,244832
24954,0.001349,74.125.24.0-255,7156,130525,35,244832
24955,0.001352,172.31.33.0-255,66,130591,35,244832
24956,0.00139,172.31.33.0-255,66,130657,35,244832
24957,0.001397,74.125.24.0-255,5738,136395,35,244832
24958,0.0014,172.31.33.0-255,66,136461,35,244832
24959,0.001413,74.125.24.0-255,766,137227,35,244832
24960,0.001513,74.125.24.0-255,1484,138711,35,244832
24961,0.001517,172.31.33.0-255,66,138777,35,244832
24962,0.001536,74.125.24.0-255,2902,141679,35,244832
24963,0.001539,172.31.33.0-255,66,141745,35,244832
24964,0.001545,74.125.24.0-255,4320,146065,35,244832
24965,0.001548,172.31.33.0-255,66,146131,35,244832
24966,0.001571,74.125.24.0-255,1484,147615,35,244832
24967,0.001577,74.125.24.0-255,4320,151935,35,244832
24968,0.00158,172.31.33.0-255,66,152001,35,244832
24969,0.001606,172.31.33.0-255,66,152067,35,244832
24970,0.001618,172.31.33.0-255,66,152133,35,244832
24971,0.001669,74.125.24.0-255,1484,153617,35,244832
24972,0.001685,74.125.24.0-255,2902,156519,35,244832
24973,0.001687,172.31.33.0-255,66,156585,35,244832
24974,0.001693,74.125.24.0-255,2902,159487,35,244832
24975,0.001696,172.31.33.0-255,66,159553,35,244832
24976,0.00171,74.125.24.0-255,2902,162455,35,244832
24977,0.001729,172.31.33.0-255,66,162521,35,244832
24978,0.001737,172.31.33.0-255,66,162587,35,244832
24979,0.001742,74.125.24.0-255,2902,165489,35,244832
24980,0.001745,172.31.33.0-255,66,165555,35,244832
24981,0.001751,74.125.24.0-255,5738,171293,35,244832
24982,0.001754,172.31.33.0-255,66,171359,35,244832
24983,0.001776,74.125.24.0-255,5020,176379,35,244832
24984,0.001778,172.31.33.0-255,66,176445,35,244832
24985,0.001807,74.125.24.0-255,1484,177929,35,244832
24986,0.001821,74.125.24.0-255,2902,180831,35,244832
24987,0.001824,172.31.33.0-255,66,180897,35,244832
24988,0.001848,74.125.24.0-255,5738,186635,35,244832
24989,0.001851,172.31.33.0-255,66,186701,35,244832
24990,0.001854,74.125.24.0-255,1484,188185,35,244832
24991,0.001881,172.31.33.0-255,66,188251,35,244832
24992,0.001885,74.125.24.0-255,2902,191153,35,244832
24993,0.001888,172.31.33.0-255,66,191219,35,244832
24994,0.001908,172.31.33.0-255,66,191285,35,244832
24995,0.001967,74.125.24.0-255,1484,192769,35,244832
24996,0.001972,74.125.24.0-255,2902,195671,35,244832
24997,0.001975,172.31.33.0-255,66,195737,35,244832
24998,0.001978,74.125.24.0-255,1484,197221,35,244832
24999,0.001997,74.125.24.0-255,4320,201541,35,244832
25000,0.002,172.31.33.0-255,66,201607,35,244832
25001,0.002042,74.125.24.0-255,5738,207345,35,244832
25002,0.002044,172.31.33.0-255,66,207411,35,244832
25003,0.002071,74.125.24.0-255,7156,214567,35,244832
25004,0.002074,172.31.33.0-255,66,214633,35,244832
25005,0.002077,74.125.24.0-255,1484,216117,35,244832
25006,0.00208,74.125.24.0-255,1484,217601,35,244832
25007,0.002081,172.31.33.0-255,66,217667,35,244832
25008,0.002084,74.125.24.0-255,1484,219151,35,244832
25009,0.002089,74.125.24.0-255,2902,222053,35,244832
25010,0.002092,172.31.33.0-255,66,222119,35,244832
25011,0.002098,74.125.24.0-255,6438,228557,35,244832
25012,0.0021,172.31.33.0-255,66,228623,35,244832
25013,0.002111,172.31.33.0-255,66,228689,35,244832
25014,0.002114,74.125.24.0-255,1484,230173,35,244832
25015,0.002158,172.31.33.0-255,66,230239,35,244832
25016,0.00216,74.125.24.0-255,766,231005,35,244832
25017,0.002208,172.31.33.0-255,66,231071,35,244832
25018,0.002222,172.31.33.0-255,66,231137,35,244832
25019,0.002248,74.125.24.0-255,3031,234168,35,244832
25020,0.002251,172.31.33.0-255,66,234234,35,244832
25021,0.002254,74.125.24.0-255,97,234331,35,244832
25022,0.002325,74.125.24.0-255,105,234436,35,244832
25023,0.010636,74.125.24.0-255,105,234541,35,244832
25024,0.010656,172.31.33.0-255,78,234619,35,244832
25025,0.012893,172.31.33.0-255,105,234724,35,244832
25026,0.014817,74.125.24.0-255,66,234790,35,244832
25027,0.040522,172.31.33.0-255,172,234962,35,244832
25028,0.040552,172.31.33.0-255,1107,236069,35,244832
25029,0.040623,172.31.33.0-255,1514,237583,35,244832
25030,0.040625,172.31.33.0-255,1514,239097,35,244832
25031,0.040626,172.31.33.0-255,1514,240611,35,244832
25032,0.040628,172.31.33.0-255,1514,242125,35,244832
25033,0.040656,172.31.33.0-255,1514,243639,35,244832
25034,0.040662,172.31.33.0-255,929,244568,35,244832
25035,0.042119,104.244.42.0-255,66,244634,35,244832
25036,0.042131,104.244.42.0-255,66,244700,35,244832
25037,0.042193,104.244.42.0-255,66,244766,35,244832
25038,0.042199,104.244.42.0-255,66,244832,35,244832
25039,0.0,74.125.68.0-255,153,153,35,335030
25040,2.1e-05,172.31.33.0-255,66,219,35,335030
25041,2.8e-05,74.125.68.0-255,1484,1703,35,335030
25042,3.2e-05,172.31.33.0-255,66,1769,35,335030
25043,5.3e-05,74.125.68.0-255,2902,4671,35,335030
25044,5.5e-05,172.31.33.0-255,66,4737,35,335030
25045,5.9e-05,74.125.68.0-255,2902,7639,35,335030
25046,6.1e-05,172.31.33.0-255,66,7705,35,335030
25047,7.3e-05,74.125.68.0-255,1484,9189,35,335030
25048,7.5e-05,172.31.33.0-255,66,9255,35,335030
25049,8.1e-05,74.125.68.0-255,4830,14085,35,335030
25050,8.3e-05,172.31.33.0-255,66,14151,35,335030
25051,0.000115,74.125.68.0-255,2902,17053,35,335030
25052,0.000117,172.31.33.0-255,66,17119,35,335030
25053,0.000139,74.125.68.0-255,7156,24275,35,335030
25054,0.000141,172.31.33.0-255,66,24341,35,335030
25055,0.000165,74.125.68.0-255,1484,25825,35,335030
25056,0.000168,172.31.33.0-255,66,25891,35,335030
25057,0.000189,74.125.68.0-255,5379,31270,35,335030
25058,0.000191,172.31.33.0-255,66,31336,35,335030
25059,0.000334,74.125.68.0-255,1484,32820,35,335030
25060,0.000338,172.31.33.0-255,66,32886,35,335030
25061,0.000355,74.125.68.0-255,2902,35788,35,335030
25062,0.000358,172.31.33.0-255,66,35854,35,335030
25063,0.000364,74.125.68.0-255,5738,41592,35,335030
25064,0.000366,172.31.33.0-255,66,41658,35,335030
25065,0.000389,74.125.68.0-255,2902,44560,35,335030
25066,0.000391,172.31.33.0-255,66,44626,35,335030
25067,0.000407,74.125.68.0-255,3961,48587,35,335030
25068,0.000409,172.31.33.0-255,66,48653,35,335030
25069,0.000436,74.125.68.0-255,4320,52973,35,335030
25070,0.00044,172.31.33.0-255,66,53039,35,335030
25071,0.00045,74.125.68.0-255,4320,57359,35,335030
25072,0.000452,172.31.33.0-255,66,57425,35,335030
25073,0.00049,172.31.33.0-255,66,57491,35,335030
25074,0.000493,74.125.68.0-255,116,57607,35,335030
25075,0.000565,74.125.68.0-255,1484,59091,35,335030
25076,0.000568,172.31.33.0-255,66,59157,35,335030
25077,0.00059,74.125.68.0-255,2902,62059,35,335030
25078,0.000592,172.31.33.0-255,66,62125,35,335030
25079,0.000598,74.125.68.0-255,5738,67863,35,335030
25080,0.0006,172.31.33.0-255,66,67929,35,335030
25081,0.000621,74.125.68.0-255,1484,69413,35,335030
25082,0.00064,74.125.68.0-255,7156,76569,35,335030
25083,0.000643,172.31.33.0-255,66,76635,35,335030
25084,0.000648,74.125.68.0-255,2902,79537,35,335030
25085,0.000649,172.31.33.0-255,66,79603,35,335030
25086,0.000667,74.125.68.0-255,7156,86759,35,335030
25087,0.00067,172.31.33.0-255,66,86825,35,335030
25088,0.000675,74.125.68.0-255,5020,91845,35,335030
25089,0.000677,172.31.33.0-255,66,91911,35,335030
25090,0.000695,74.125.68.0-255,332,92243,35,335030
25091,0.000861,74.125.68.0-255,1484,93727,35,335030
25092,0.000864,172.31.33.0-255,66,93793,35,335030
25093,0.000884,74.125.68.0-255,2902,96695,35,335030
25094,0.000887,172.31.33.0-255,66,96761,35,335030
25095,0.000894,74.125.68.0-255,5738,102499,35,335030
25096,0.000895,172.31.33.0-255,66,102565,35,335030
25097,0.00092,74.125.68.0-255,2902,105467,35,335030
25098,0.000922,172.31.33.0-255,66,105533,35,335030
25099,0.000947,172.31.33.0-255,66,105599,35,335030
25100,0.000979,74.125.68.0-255,4320,109919,35,335030
25101,0.000982,172.31.33.0-255,66,109985,35,335030
25102,0.001003,74.125.68.0-255,6438,116423,35,335030
25103,0.001006,172.31.33.0-255,66,116489,35,335030
25104,0.001023,74.125.68.0-255,1484,117973,35,335030
25105,0.001046,74.125.68.0-255,2902,120875,35,335030
25106,0.001049,172.31.33.0-255,66,120941,35,335030
25107,0.00107,74.125.68.0-255,5738,126679,35,335030
25108,0.001073,172.31.33.0-255,66,126745,35,335030
25109,0.001078,74.125.68.0-255,4320,131065,35,335030
25110,0.001079,172.31.33.0-255,66,131131,35,335030
25111,0.001082,74.125.68.0-255,1484,132615,35,335030
25112,0.0011,74.125.68.0-255,4320,136935,35,335030
25113,0.001104,172.31.33.0-255,66,137001,35,335030
25114,0.001114,74.125.68.0-255,1484,138485,35,335030
25115,0.001139,172.31.33.0-255,66,138551,35,335030
25116,0.001143,74.125.68.0-255,2184,140735,35,335030
25117,0.001145,172.31.33.0-255,66,140801,35,335030
25118,0.001204,74.125.68.0-255,1484,142285,35,335030
25119,0.001217,74.125.68.0-255,2902,145187,35,335030
25120,0.00122,172.31.33.0-255,66,145253,35,335030
25121,0.001241,74.125.68.0-255,4320,149573,35,335030
25122,0.001243,172.31.33.0-255,66,149639,35,335030
25123,0.001293,172.31.33.0-255,66,149705,35,335030
25124,0.0013,74.125.68.0-255,7156,156861,35,335030
25125,0.001301,172.31.33.0-255,66,156927,35,335030
25126,0.00131,172.31.33.0-255,66,156993,35,335030
25127,0.001312,74.125.68.0-255,766,157759,35,335030
25128,0.001563,172.31.33.0-255,66,157825,35,335030
25129,0.001633,74.125.68.0-255,1484,159309,35,335030
25130,0.001641,74.125.68.0-255,2902,162211,35,335030
25131,0.001644,172.31.33.0-255,66,162277,35,335030
25132,0.00167,74.125.68.0-255,5738,168015,35,335030
25133,0.001672,172.31.33.0-255,66,168081,35,335030
25134,0.001706,172.31.33.0-255,66,168147,35,335030
25135,0.001716,172.31.33.0-255,66,168213,35,335030
25136,0.001745,74.125.68.0-255,5020,173233,35,335030
25137,0.001747,172.31.33.0-255,66,173299,35,335030
25138,0.001753,74.125.68.0-255,5738,179037,35,335030
25139,0.001755,172.31.33.0-255,66,179103,35,335030
25140,0.001783,74.125.68.0-255,4320,183423,35,335030
25141,0.001786,172.31.33.0-255,66,183489,35,335030
25142,0.00181,74.125.68.0-255,7156,190645,35,335030
25143,0.001813,172.31.33.0-255,66,190711,35,335030
25144,0.001823,172.31.33.0-255,66,190777,35,335030
25145,0.001838,74.125.68.0-255,4320,195097,35,335030
25146,0.00184,172.31.33.0-255,66,195163,35,335030
25147,0.001844,74.125.68.0-255,3602,198765,35,335030
25148,0.001846,172.31.33.0-255,66,198831,35,335030
25149,0.00194,74.125.68.0-255,1484,200315,35,335030
25150,0.001955,74.125.68.0-255,2902,203217,35,335030
25151,0.001958,172.31.33.0-255,66,203283,35,335030
25152,0.001971,74.125.68.0-255,4320,207603,35,335030
25153,0.001974,172.31.33.0-255,66,207669,35,335030
25154,0.001989,74.125.68.0-255,1484,209153,35,335030
25155,0.001993,74.125.68.0-255,2902,212055,35,335030
25156,0.001995,172.31.33.0-255,66,212121,35,335030
25157,0.002001,74.125.68.0-255,4320,216441,35,335030
25158,0.002002,172.31.33.0-255,66,216507,35,335030
25159,0.002022,74.125.68.0-255,5738,222245,35,335030
25160,0.002025,172.31.33.0-255,66,222311,35,335030
25161,0.002044,74.125.68.0-255,2902,225213,35,335030
25162,0.002046,172.31.33.0-255,66,225279,35,335030
25163,0.002049,74.125.68.0-255,1484,226763,35,335030
25164,0.002051,74.125.68.0-255,1484,228247,35,335030
25165,0.002052,172.31.33.0-255,66,228313,35,335030
25166,0.004058,74.125.68.0-255,2902,231215,35,335030
25167,0.004064,172.31.33.0-255,66,231281,35,335030
25168,0.004081,74.125.68.0-255,2902,234183,35,335030
25169,0.004083,172.31.33.0-255,66,234249,35,335030
25170,0.00608,74.125.68.0-255,5738,239987,35,335030
25171,0.006093,172.31.33.0-255,66,240053,35,335030
25172,0.008136,74.125.68.0-255,5738,245791,35,335030
25173,0.008153,172.31.33.0-255,66,245857,35,335030
25174,0.010181,74.125.68.0-255,5738,251595,35,335030
25175,0.010195,172.31.33.0-255,66,251661,35,335030
25176,0.012205,74.125.68.0-255,5738,257399,35,335030
25177,0.012211,172.31.33.0-255,66,257465,35,335030
25178,0.014236,74.125.68.0-255,5738,263203,35,335030
25179,0.014243,172.31.33.0-255,66,263269,35,335030
25180,0.016254,74.125.68.0-255,5738,269007,35,335030
25181,0.01626,172.31.33.0-255,66,269073,35,335030
25182,0.01827,74.125.68.0-255,5738,274811,35,335030
25183,0.018276,172.31.33.0-255,66,274877,35,335030
25184,0.020308,74.125.68.0-255,5738,280615,35,335030
25185,0.020314,172.31.33.0-255,66,280681,35,335030
25186,0.02232,74.125.68.0-255,5738,286419,35,335030
25187,0.022326,172.31.33.0-255,66,286485,35,335030
25188,0.024374,74.125.68.0-255,5738,292223,35,335030
25189,0.024383,172.31.33.0-255,66,292289,35,335030
25190,0.026396,74.125.68.0-255,5738,298027,35,335030
25191,0.026403,172.31.33.0-255,66,298093,35,335030
25192,0.028419,74.125.68.0-255,5738,303831,35,335030
25193,0.028425,172.31.33.0-255,66,303897,35,335030
25194,0.03046,74.125.68.0-255,5738,309635,35,335030
25195,0.030466,172.31.33.0-255,66,309701,35,335030
25196,0.032498,74.125.68.0-255,5738,315439,35,335030
25197,0.032517,172.31.33.0-255,66,315505,35,335030
25198,0.034532,74.125.68.0-255,5738,321243,35,335030
25199,0.034538,172.31.33.0-255,66,321309,35,335030
25200,0.036545,74.125.68.0-255,5738,327047,35,335030
25201,0.036551,172.31.33.0-255,66,327113,35,335030
25202,0.038572,74.125.68.0-255,5624,332737,35,335030
25203,0.038596,172.31.33.0-255,66,332803,35,335030
25204,0.038789,172.31.33.0-255,105,332908,35,335030
25205,0.04081,74.125.68.0-255,66,332974,35,335030
25206,0.053918,172.31.33.0-255,172,333146,35,335030
25207,0.053961,172.31.33.0-255,1107,334253,35,335030
25208,0.053988,172.31.33.0-255,579,334832,35,335030
25209,0.055504,104.244.42.0-255,66,334898,35,335030
25210,0.055515,104.244.42.0-255,66,334964,35,335030
25211,0.055519,104.244.42.0-255,66,335030,35,335030
25212,0.0,172.217.27.0-255,153,153,35,319847
25213,2e-05,172.31.33.0-255,66,219,35,319847
25214,2.7e-05,172.217.27.0-255,1484,1703,35,319847
25215,3e-05,172.31.33.0-255,66,1769,35,319847
25216,3.6e-05,172.217.27.0-255,2902,4671,35,319847
25217,3.9e-05,172.31.33.0-255,66,4737,35,319847
25218,5.2e-05,172.217.27.0-255,5738,10475,35,319847
25219,5.5e-05,172.31.33.0-255,66,10541,35,319847
25220,8e-05,172.217.27.0-255,3410,13951,35,319847
25221,8.2e-05,172.31.33.0-255,66,14017,35,319847
25222,0.000107,172.217.27.0-255,2902,16919,35,319847
25223,0.00011,172.31.33.0-255,66,16985,35,319847
25224,0.00013,172.217.27.0-255,1484,18469,35,319847
25225,0.000132,172.31.33.0-255,66,18535,35,319847
25226,0.000136,172.217.27.0-255,2902,21437,35,319847
25227,0.000138,172.31.33.0-255,66,21503,35,319847
25228,0.000147,172.217.27.0-255,4320,25823,35,319847
25229,0.000149,172.31.33.0-255,66,25889,35,319847
25230,0.000197,172.217.27.0-255,5379,31268,35,319847
25231,0.0002,172.31.33.0-255,66,31334,35,319847
25232,0.000399,172.217.27.0-255,1484,32818,35,319847
25233,0.000404,172.31.33.0-255,66,32884,35,319847
25234,0.00041,172.217.27.0-255,2902,35786,35,319847
25235,0.000412,172.31.33.0-255,66,35852,35,319847
25236,0.000422,172.217.27.0-255,5738,41590,35,319847
25237,0.000424,172.31.33.0-255,66,41656,35,319847
25238,0.000429,172.217.27.0-255,4320,45976,35,319847
25239,0.000432,172.31.33.0-255,66,46042,35,319847
25240,0.000465,172.217.27.0-255,5379,51421,35,319847
25241,0.000467,172.31.33.0-255,66,51487,35,319847
25242,0.000478,172.31.33.0-255,66,51553,35,319847
25243,0.000487,172.217.27.0-255,2543,54096,35,319847
25244,0.000504,172.217.27.0-255,393,54489,35,319847
25245,0.000518,172.31.33.0-255,66,54555,35,319847
25246,0.000903,172.217.27.0-255,115,54670,35,319847
25247,0.000944,172.31.33.0-255,66,54736,35,319847
25248,0.001011,172.217.27.0-255,1484,56220,35,319847
25249,0.001016,172.217.27.0-255,2902,59122,35,319847
25250,0.001019,172.31.33.0-255,66,59188,35,319847
25251,0.001022,172.217.27.0-255,1484,60672,35,319847
25252,0.001043,172.217.27.0-255,1484,62156,35,319847
25253,0.001045,172.31.33.0-255,66,62222,35,319847
25254,0.00105,172.217.27.0-255,4320,66542,35,319847
25255,0.001051,172.31.33.0-255,66,66608,35,319847
25256,0.001087,172.217.27.0-255,5379,71987,35,319847
25257,0.00109,172.31.33.0-255,66,72053,35,319847
25258,0.00112,172.217.27.0-255,5738,77791,35,319847
25259,0.001122,172.31.33.0-255,66,77857,35,319847
25260,0.001148,172.217.27.0-255,5738,83595,35,319847
25261,0.001151,172.31.33.0-255,66,83661,35,319847
25262,0.00117,172.217.27.0-255,5379,89040,35,319847
25263,0.001173,172.31.33.0-255,66,89106,35,319847
25264,0.001175,172.217.27.0-255,331,89437,35,319847
25265,0.001367,172.31.33.0-255,66,89503,35,319847
25266,0.001396,172.217.27.0-255,1484,90987,35,319847
25267,0.001401,172.217.27.0-255,2902,93889,35,319847
25268,0.001403,172.31.33.0-255,66,93955,35,319847
25269,0.001406,172.217.27.0-255,1484,95439,35,319847
25270,0.001429,172.217.27.0-255,4320,99759,35,319847
25271,0.001431,172.31.33.0-255,66,99825,35,319847
25272,0.001441,172.31.33.0-255,66,99891,35,319847
25273,0.001469,172.217.27.0-255,4320,104211,35,319847
25274,0.001471,172.31.33.0-255,66,104277,35,319847
25275,0.001512,172.217.27.0-255,2902,107179,35,319847
25276,0.001515,172.31.33.0-255,66,107245,35,319847
25277,0.001553,172.31.33.0-255,66,107311,35,319847
25278,0.001619,172.217.27.0-255,1484,108795,35,319847
25279,0.001623,172.217.27.0-255,1484,110279,35,319847
25280,0.001626,172.31.33.0-255,66,110345,35,319847
25281,0.001649,172.217.27.0-255,1484,111829,35,319847
25282,0.001656,172.217.27.0-255,5738,117567,35,319847
25283,0.001658,172.31.33.0-255,66,117633,35,319847
25284,0.001662,172.217.27.0-255,2902,120535,35,319847
25285,0.001688,172.217.27.0-255,2902,123437,35,319847
25286,0.001691,172.217.27.0-255,1484,124921,35,319847
25287,0.001693,172.217.27.0-255,1484,126405,35,319847
25288,0.001696,172.217.27.0-255,1484,127889,35,319847
25289,0.001706,172.31.33.0-255,66,127955,35,319847
25290,0.001715,172.217.27.0-255,1484,129439,35,319847
25291,0.001725,172.217.27.0-255,4320,133759,35,319847
25292,0.001746,172.31.33.0-255,66,133825,35,319847
25293,0.001787,172.217.27.0-255,5738,139563,35,319847
25294,0.001799,172.217.27.0-255,2184,141747,35,319847
25295,0.001808,172.31.33.0-255,66,141813,35,319847
25296,0.001928,172.217.27.0-255,1484,143297,35,319847
25297,0.001934,172.217.27.0-255,2902,146199,35,319847
25298,0.001937,172.31.33.0-255,66,146265,35,319847
25299,0.001942,172.217.27.0-255,2902,149167,35,319847
25300,0.001945,172.217.27.0-255,1484,150651,35,319847
25301,0.001969,172.217.27.0-255,2902,153553,35,319847
25302,0.001984,172.31.33.0-255,66,153619,35,319847
25303,0.002033,172.217.27.0-255,5020,158639,35,319847
25304,0.002047,172.31.33.0-255,66,158705,35,319847
25305,0.002872,172.217.27.0-255,1484,160189,35,319847
25306,0.002881,172.217.27.0-255,2902,163091,35,319847
25307,0.002885,172.31.33.0-255,66,163157,35,319847
25308,0.002916,172.217.27.0-255,1484,164641,35,319847
25309,0.002934,172.217.27.0-255,4320,168961,35,319847
25310,0.002936,172.31.33.0-255,66,169027,35,319847
25311,0.002943,172.217.27.0-255,7156,176183,35,319847
25312,0.002945,172.31.33.0-255,66,176249,35,319847
25313,0.002959,172.31.33.0-255,66,176315,35,319847
25314,0.002965,172.217.27.0-255,5738,182053,35,319847
25315,0.002967,172.31.33.0-255,66,182119,35,319847
25316,0.002987,172.217.27.0-255,2184,184303,35,319847
25317,0.002989,172.31.33.0-255,66,184369,35,319847
25318,0.003247,172.217.27.0-255,1484,185853,35,319847
25319,0.003259,172.217.27.0-255,1484,187337,35,319847
25320,0.003263,172.31.33.0-255,66,187403,35,319847
25321,0.003267,172.217.27.0-255,1484,188887,35,319847
25322,0.00327,172.217.27.0-255,1484,190371,35,319847
25323,0.003271,172.31.33.0-255,66,190437,35,319847
25324,0.003287,172.217.27.0-255,2902,193339,35,319847
25325,0.003289,172.31.33.0-255,66,193405,35,319847
25326,0.003296,172.217.27.0-255,1484,194889,35,319847
25327,0.003318,172.217.27.0-255,4320,199209,35,319847
25328,0.003323,172.217.27.0-255,4320,203529,35,319847
25329,0.003342,172.217.27.0-255,7156,210685,35,319847
25330,0.003418,172.217.27.0-255,1484,212169,35,319847
25331,0.003432,172.217.27.0-255,2902,215071,35,319847
25332,0.003445,172.217.27.0-255,4320,219391,35,319847
25333,0.003455,172.217.27.0-255,1484,220875,35,319847
25334,0.003491,172.217.27.0-255,1484,222359,35,319847
25335,0.003578,172.217.27.0-255,1484,223843,35,319847
25336,0.003592,172.217.27.0-255,2902,226745,35,319847
25337,0.003603,172.217.27.0-255,2902,229647,35,319847
25338,0.003622,172.217.27.0-255,2902,232549,35,319847
25339,0.003626,172.217.27.0-255,2902,235451,35,319847
25340,0.00363,172.217.27.0-255,4320,239771,35,319847
25341,0.003633,172.217.27.0-255,1484,241255,35,319847
25342,0.003646,172.217.27.0-255,5738,246993,35,319847
25343,0.003654,172.217.27.0-255,1484,248477,35,319847
25344,0.003669,172.217.27.0-255,2902,251379,35,319847
25345,0.003685,172.217.27.0-255,5020,256399,35,319847
25346,0.003719,172.217.27.0-255,1484,257883,35,319847
25347,0.003731,172.217.27.0-255,1484,259367,35,319847
25348,0.003746,172.217.27.0-255,1484,260851,35,319847
25349,0.003752,172.217.27.0-255,5738,266589,35,319847
25350,0.003764,172.217.27.0-255,1484,268073,35,319847
25351,0.003782,172.217.27.0-255,5738,273811,35,319847
25352,0.003788,172.217.27.0-255,5738,279549,35,319847
25353,0.003802,172.217.27.0-255,2902,282451,35,319847
25354,0.003817,172.217.27.0-255,2902,285353,35,319847
25355,0.003833,172.217.27.0-255,5020,290373,35,319847
25356,0.003867,172.217.27.0-255,2902,293275,35,319847
25357,0.003881,172.217.27.0-255,1484,294759,35,319847
25358,0.003887,172.217.27.0-255,5738,300497,35,319847
25359,0.003889,172.217.27.0-255,1484,301981,35,319847
25360,0.003901,172.217.27.0-255,2902,304883,35,319847
25361,0.003915,172.217.27.0-255,7156,312039,35,319847
25362,0.003966,172.217.27.0-255,5410,317449,35,319847
25363,0.003979,172.217.27.0-255,105,317554,35,319847
25364,0.006584,172.31.33.0-255,66,317620,35,319847
25365,0.008136,172.31.33.0-255,105,317725,35,319847
25366,0.009737,172.217.27.0-255,66,317791,35,319847
25367,0.03482,172.31.33.0-255,172,317963,35,319847
25368,0.034865,172.31.33.0-255,1107,319070,35,319847
25369,0.034916,172.31.33.0-255,579,319649,35,319847
25370,0.036358,104.244.42.0-255,66,319715,35,319847
25371,0.036501,104.244.42.0-255,66,319781,35,319847
25372,0.036505,104.244.42.0-255,66,319847,35,319847
25373,0.0,172.31.33.0-255,105,105,35,276
25374,0.001771,157.240.7.0-255,105,210,35,276
25375,0.001779,172.31.33.0-255,66,276,35,276
25376,0.0,172.217.194.0-255,153,153,35,186573
25377,3e-05,172.31.33.0-255,66,219,35,186573
25378,3.7e-05,172.217.194.0-255,1484,1703,35,186573
25379,4.1e-05,172.31.33.0-255,66,1769,35,186573
25380,4.6e-05,172.217.194.0-255,2902,4671,35,186573
25381,5.4e-05,172.31.33.0-255,66,4737,35,186573
25382,6.1e-05,172.217.194.0-255,7156,11893,35,186573
25383,6.4e-05,172.31.33.0-255,66,11959,35,186573
25384,0.000107,172.217.194.0-255,3428,15387,35,186573
25385,0.00011,172.31.33.0-255,66,15453,35,186573
25386,0.000115,172.217.194.0-255,4320,19773,35,186573
25387,0.000117,172.31.33.0-255,66,19839,35,186573
25388,0.000148,172.31.33.0-255,66,19905,35,186573
25389,0.000176,172.217.194.0-255,1484,21389,35,186573
25390,0.000179,172.31.33.0-255,66,21455,35,186573
25391,0.000182,172.217.194.0-255,1125,22580,35,186573
25392,0.000184,172.31.33.0-255,66,22646,35,186573
25393,0.000267,172.217.194.0-255,1484,24130,35,186573
25394,0.000272,172.31.33.0-255,66,24196,35,186573
25395,0.000275,172.217.194.0-255,1484,25680,35,186573
25396,0.000277,172.31.33.0-255,66,25746,35,186573
25397,0.000297,172.217.194.0-255,1484,27230,35,186573
25398,0.000302,172.31.33.0-255,66,27296,35,186573
25399,0.000307,172.217.194.0-255,5738,33034,35,186573
25400,0.00031,172.31.33.0-255,66,33100,35,186573
25401,0.000343,172.217.194.0-255,5738,38838,35,186573
25402,0.000346,172.31.33.0-255,66,38904,35,186573
25403,0.000384,172.31.33.0-255,66,38970,35,186573
25404,0.000388,172.31.33.0-255,66,39036,35,186573
25405,0.000391,172.217.194.0-255,382,39418,35,186573
25406,0.000617,172.217.194.0-255,363,39781,35,186573
25407,0.000654,172.217.194.0-255,1484,41265,35,186573
25408,0.000657,172.31.33.0-255,66,41331,35,186573
25409,0.000661,172.217.194.0-255,1484,42815,35,186573
25410,0.000679,172.217.194.0-255,2902,45717,35,186573
25411,0.000682,172.31.33.0-255,66,45783,35,186573
25412,0.000709,172.217.194.0-255,5738,51521,35,186573
25413,0.000712,172.31.33.0-255,66,51587,35,186573
25414,0.000739,172.217.194.0-255,4320,55907,35,186573
25415,0.000742,172.31.33.0-255,66,55973,35,186573
25416,0.000752,172.31.33.0-255,66,56039,35,186573
25417,0.000832,172.217.194.0-255,7156,63195,35,186573
25418,0.000837,172.31.33.0-255,66,63261,35,186573
25419,0.000863,172.217.194.0-255,2184,65445,35,186573
25420,0.000866,172.31.33.0-255,66,65511,35,186573
25421,0.00087,172.217.194.0-255,1484,66995,35,186573
25422,0.000874,172.217.194.0-255,2902,69897,35,186573
25423,0.000877,172.31.33.0-255,66,69963,35,186573
25424,0.000884,172.217.194.0-255,5738,75701,35,186573
25425,0.000886,172.31.33.0-255,66,75767,35,186573
25426,0.000896,172.31.33.0-255,66,75833,35,186573
25427,0.000936,172.31.33.0-255,66,75899,35,186573
25428,0.000963,172.217.194.0-255,3602,79501,35,186573
25429,0.000966,172.31.33.0-255,66,79567,35,186573
25430,0.001007,172.217.194.0-255,1484,81051,35,186573
25431,0.00102,172.217.194.0-255,2902,83953,35,186573
25432,0.001024,172.31.33.0-255,66,84019,35,186573
25433,0.001028,172.217.194.0-255,2902,86921,35,186573
25434,0.00103,172.31.33.0-255,66,86987,35,186573
25435,0.001055,172.217.194.0-255,2902,89889,35,186573
25436,0.001063,172.31.33.0-255,66,89955,35,186573
25437,0.001077,172.31.33.0-255,66,90021,35,186573
25438,0.001083,172.217.194.0-255,5738,95759,35,186573
25439,0.001087,172.31.33.0-255,66,95825,35,186573
25440,0.001121,172.217.194.0-255,2902,98727,35,186573
25441,0.001125,172.31.33.0-255,66,98793,35,186573
25442,0.001158,172.217.194.0-255,3602,102395,35,186573
25443,0.001161,172.31.33.0-255,66,102461,35,186573
25444,0.001168,172.217.194.0-255,7156,109617,35,186573
25445,0.001171,172.31.33.0-255,66,109683,35,186573
25446,0.001192,172.31.33.0-255,66,109749,35,186573
25447,0.001203,172.31.33.0-255,66,109815,35,186573
25448,0.001233,172.217.194.0-255,4320,114135,35,186573
25449,0.001236,172.31.33.0-255,66,114201,35,186573
25450,0.001261,172.217.194.0-255,2902,117103,35,186573
25451,0.001264,172.31.33.0-255,66,117169,35,186573
25452,0.001275,172.31.33.0-255,66,117235,35,186573
25453,0.001295,172.31.33.0-255,66,117301,35,186573
25454,0.001329,172.217.194.0-255,5738,123039,35,186573
25455,0.001332,172.31.33.0-255,66,123105,35,186573
25456,0.001362,172.217.194.0-255,3602,126707,35,186573
25457,0.001367,172.31.33.0-255,66,126773,35,186573
25458,0.001379,172.31.33.0-255,66,126839,35,186573
25459,0.001388,172.217.194.0-255,5738,132577,35,186573
25460,0.001391,172.31.33.0-255,66,132643,35,186573
25461,0.001427,172.31.33.0-255,66,132709,35,186573
25462,0.001465,172.217.194.0-255,1484,134193,35,186573
25463,0.001469,172.217.194.0-255,1484,135677,35,186573
25464,0.001472,172.31.33.0-255,66,135743,35,186573
25465,0.001494,172.217.194.0-255,1484,137227,35,186573
25466,0.001501,172.217.194.0-255,5738,142965,35,186573
25467,0.001505,172.31.33.0-255,66,143031,35,186573
25468,0.001573,172.31.33.0-255,66,143097,35,186573
25469,0.001585,172.31.33.0-255,66,143163,35,186573
25470,0.001611,172.217.194.0-255,1484,144647,35,186573
25471,0.001628,172.217.194.0-255,1484,146131,35,186573
25472,0.001632,172.31.33.0-255,66,146197,35,186573
25473,0.001659,172.217.194.0-255,1484,147681,35,186573
25474,0.001666,172.217.194.0-255,5738,153419,35,186573
25475,0.001669,172.31.33.0-255,66,153485,35,186573
25476,0.00168,172.31.33.0-255,66,153551,35,186573
25477,0.001693,172.217.194.0-255,2902,156453,35,186573
25478,0.001696,172.31.33.0-255,66,156519,35,186573
25479,0.001706,172.31.33.0-255,66,156585,35,186573
25480,0.001734,172.217.194.0-255,2184,158769,35,186573
25481,0.001738,172.31.33.0-255,66,158835,35,186573
25482,0.001743,172.217.194.0-255,4320,163155,35,186573
25483,0.001746,172.31.33.0-255,66,163221,35,186573
25484,0.001751,172.217.194.0-255,5738,168959,35,186573
25485,0.001754,172.31.33.0-255,66,169025,35,186573
25486,0.001788,172.31.33.0-255,66,169091,35,186573
25487,0.001815,172.31.33.0-255,66,169157,35,186573
25488,0.001846,172.217.194.0-255,3602,172759,35,186573
25489,0.00185,172.31.33.0-255,66,172825,35,186573
25490,0.001861,172.31.33.0-255,66,172891,35,186573
25491,0.001911,172.31.33.0-255,66,172957,35,186573
25492,0.001914,172.217.194.0-255,1484,174441,35,186573
25493,0.001917,172.217.194.0-255,1682,176123,35,186573
25494,0.00192,172.217.194.0-255,105,176228,35,186573
25495,0.00192,172.31.33.0-255,66,176294,35,186573
25496,0.003511,172.31.33.0-255,66,176360,35,186573
25497,0.003539,172.31.33.0-255,105,176465,35,186573
25498,0.005534,172.217.194.0-255,66,176531,35,186573
25499,0.046665,172.31.33.0-255,172,176703,35,186573
25500,0.046696,172.31.33.0-255,1107,177810,35,186573
25501,0.046744,172.31.33.0-255,1514,179324,35,186573
25502,0.046767,172.31.33.0-255,1514,180838,35,186573
25503,0.046771,172.31.33.0-255,1514,182352,35,186573
25504,0.046788,172.31.33.0-255,1514,183866,35,186573
25505,0.046799,172.31.33.0-255,1514,185380,35,186573
25506,0.0468,172.31.33.0-255,929,186309,35,186573
25507,0.048238,104.244.42.0-255,66,186375,35,186573
25508,0.048287,104.244.42.0-255,66,186441,35,186573
25509,0.048338,104.244.42.0-255,66,186507,35,186573
25510,0.048393,104.244.42.0-255,66,186573,35,186573
25511,0.0,74.125.24.0-255,290,290,35,248538
25512,2.8e-05,172.31.33.0-255,66,356,35,248538
25513,3.5e-05,74.125.24.0-255,1484,1840,35,248538
25514,3.8e-05,172.31.33.0-255,66,1906,35,248538
25515,4.4e-05,74.125.24.0-255,4320,6226,35,248538
25516,4.6e-05,172.31.33.0-255,66,6292,35,248538
25517,9.1e-05,172.31.33.0-255,66,6358,35,248538
25518,0.000101,172.31.33.0-255,66,6424,35,248538
25519,0.000137,74.125.24.0-255,5379,11803,35,248538
25520,0.000139,172.31.33.0-255,66,11869,35,248538
25521,0.000155,74.125.24.0-255,2902,14771,35,248538
25522,0.000158,172.31.33.0-255,66,14837,35,248538
25523,0.000178,74.125.24.0-255,2902,17739,35,248538
25524,0.00018,172.31.33.0-255,66,17805,35,248538
25525,0.00019,172.31.33.0-255,66,17871,35,248538
25526,0.00021,74.125.24.0-255,1125,18996,35,248538
25527,0.000212,172.31.33.0-255,66,19062,35,248538
25528,0.000469,74.125.24.0-255,1484,20546,35,248538
25529,0.000473,172.31.33.0-255,66,20612,35,248538
25530,0.000478,74.125.24.0-255,2902,23514,35,248538
25531,0.00048,172.31.33.0-255,66,23580,35,248538
25532,0.000483,74.125.24.0-255,1484,25064,35,248538
25533,0.000485,172.31.33.0-255,66,25130,35,248538
25534,0.000512,74.125.24.0-255,5738,30868,35,248538
25535,0.000515,172.31.33.0-255,66,30934,35,248538
25536,0.000547,74.125.24.0-255,5379,36313,35,248538
25537,0.00055,172.31.33.0-255,66,36379,35,248538
25538,0.000555,74.125.24.0-255,2902,39281,35,248538
25539,0.000557,172.31.33.0-255,66,39347,35,248538
25540,0.00057,74.125.24.0-255,2902,42249,35,248538
25541,0.000572,172.31.33.0-255,66,42315,35,248538
25542,0.000622,74.125.24.0-255,2902,45217,35,248538
25543,0.000624,172.31.33.0-255,66,45283,35,248538
25544,0.000651,172.31.33.0-255,66,45349,35,248538
25545,0.000667,74.125.24.0-255,5738,51087,35,248538
25546,0.00067,172.31.33.0-255,66,51153,35,248538
25547,0.000695,74.125.24.0-255,7156,58309,35,248538
25548,0.000699,172.31.33.0-255,66,58375,35,248538
25549,0.000704,74.125.24.0-255,3961,62336,35,248538
25550,0.000706,172.31.33.0-255,66,62402,35,248538
25551,0.001295,74.125.24.0-255,1484,63886,35,248538
25552,0.001301,172.31.33.0-255,66,63952,35,248538
25553,0.001309,74.125.24.0-255,2902,66854,35,248538
25554,0.001311,172.31.33.0-255,66,66920,35,248538
25555,0.001319,74.125.24.0-255,5738,72658,35,248538
25556,0.001321,172.31.33.0-255,66,72724,35,248538
25557,0.00136,172.31.33.0-255,66,72790,35,248538
25558,0.001383,172.31.33.0-255,66,72856,35,248538
25559,0.001492,74.125.24.0-255,1484,74340,35,248538
25560,0.001505,74.125.24.0-255,2902,77242,35,248538
25561,0.001529,74.125.24.0-255,5738,82980,35,248538
25562,0.001541,74.125.24.0-255,4320,87300,35,248538
25563,0.001578,74.125.24.0-255,7156,94456,35,248538
25564,0.001596,74.125.24.0-255,2902,97358,35,248538
25565,0.001599,74.125.24.0-255,766,98124,35,248538
25566,0.001602,74.125.24.0-255,1484,99608,35,248538
25567,0.001616,74.125.24.0-255,4320,103928,35,248538
25568,0.001635,74.125.24.0-255,5738,109666,35,248538
25569,0.00165,74.125.24.0-255,4320,113986,35,248538
25570,0.001661,74.125.24.0-255,1484,115470,35,248538
25571,0.001695,74.125.24.0-255,6438,121908,35,248538
25572,0.001838,74.125.24.0-255,1484,123392,35,248538
25573,0.001844,74.125.24.0-255,2902,126294,35,248538
25574,0.001862,74.125.24.0-255,5738,132032,35,248538
25575,0.001923,74.125.24.0-255,2902,134934,35,248538
25576,0.001965,74.125.24.0-255,4320,139254,35,248538
25577,0.001985,74.125.24.0-255,7156,146410,35,248538
25578,0.001991,74.125.24.0-255,5738,152148,35,248538
25579,0.002014,74.125.24.0-255,7156,159304,35,248538
25580,0.002017,74.125.24.0-255,1484,160788,35,248538
25581,0.002207,74.125.24.0-255,1484,162272,35,248538
25582,0.002224,74.125.24.0-255,2902,165174,35,248538
25583,0.002228,74.125.24.0-255,2902,168076,35,248538
25584,0.002243,74.125.24.0-255,2902,170978,35,248538
25585,0.002254,74.125.24.0-255,4320,175298,35,248538
25586,0.002275,74.125.24.0-255,4320,179618,35,248538
25587,0.0023,74.125.24.0-255,6438,186056,35,248538
25588,0.002358,74.125.24.0-255,1484,187540,35,248538
25589,0.002373,74.125.24.0-255,2902,190442,35,248538
25590,0.002393,74.125.24.0-255,5738,196180,35,248538
25591,0.002402,74.125.24.0-255,1484,197664,35,248538
25592,0.002458,74.125.24.0-255,1484,199148,35,248538
25593,0.002463,74.125.24.0-255,5738,204886,35,248538
25594,0.002465,74.125.24.0-255,1484,206370,35,248538
25595,0.002475,74.125.24.0-255,3602,209972,35,248538
25596,0.002509,74.125.24.0-255,2902,212874,35,248538
25597,0.002529,74.125.24.0-255,4320,217194,35,248538
25598,0.002532,74.125.24.0-255,2902,220096,35,248538
25599,0.002535,74.125.24.0-255,2902,222998,35,248538
25600,0.002557,74.125.24.0-255,2902,225900,35,248538
25601,0.002592,74.125.24.0-255,2902,228802,35,248538
25602,0.002597,74.125.24.0-255,5020,233822,35,248538
25603,0.002618,74.125.24.0-255,1484,235306,35,248538
25604,0.002634,74.125.24.0-255,7156,242462,35,248538
25605,0.002686,74.125.24.0-255,3485,245947,35,248538
25606,0.002711,74.125.24.0-255,105,246052,35,248538
25607,0.010056,172.31.33.0-255,66,246118,35,248538
25608,0.011947,74.125.24.0-255,105,246223,35,248538
25609,0.011957,172.31.33.0-255,78,246301,35,248538
25610,0.012177,172.31.33.0-255,105,246406,35,248538
25611,0.014535,74.125.24.0-255,66,246472,35,248538
25612,0.053473,172.31.33.0-255,182,246654,35,248538
25613,0.053519,172.31.33.0-255,1107,247761,35,248538
25614,0.053554,172.31.33.0-255,579,248340,35,248538
25615,0.055,104.244.42.0-255,66,248406,35,248538
25616,0.055091,104.244.42.0-255,66,248472,35,248538
25617,0.055093,104.244.42.0-255,66,248538,35,248538
25618,0.0,172.217.194.0-255,153,153,35,278585
25619,1.1e-05,172.31.33.0-255,66,219,35,278585
25620,1.7e-05,172.217.194.0-255,1484,1703,35,278585
25621,2.2e-05,172.31.33.0-255,66,1769,35,278585
25622,2.8e-05,172.217.194.0-255,2902,4671,35,278585
25623,3.9e-05,172.31.33.0-255,66,4737,35,278585
25624,4.7e-05,172.217.194.0-255,7156,11893,35,278585
25625,5.1e-05,172.31.33.0-255,66,11959,35,278585
25626,9.2e-05,172.31.33.0-255,66,12025,35,278585
25627,0.000131,172.31.33.0-255,66,12091,35,278585
25628,0.000136,172.217.194.0-255,2543,14634,35,278585
25629,0.000138,172.31.33.0-255,66,14700,35,278585
25630,0.000233,172.217.194.0-255,1484,16184,35,278585
25631,0.000237,172.31.33.0-255,66,16250,35,278585
25632,0.000243,172.217.194.0-255,2902,19152,35,278585
25633,0.000245,172.31.33.0-255,66,19218,35,278585
25634,0.000256,172.217.194.0-255,2902,22120,35,278585
25635,0.000259,172.31.33.0-255,66,22186,35,278585
25636,0.000301,172.217.194.0-255,2902,25088,35,278585
25637,0.000305,172.31.33.0-255,66,25154,35,278585
25638,0.00031,172.217.194.0-255,4320,29474,35,278585
25639,0.000312,172.31.33.0-255,66,29540,35,278585
25640,0.000325,172.31.33.0-255,66,29606,35,278585
25641,0.000332,172.217.194.0-255,7086,36692,35,278585
25642,0.000335,172.31.33.0-255,66,36758,35,278585
25643,0.000337,172.217.194.0-255,98,36856,35,278585
25644,0.000339,172.31.33.0-255,66,36922,35,278585
25645,0.000409,172.217.194.0-255,365,37287,35,278585
25646,0.000412,172.31.33.0-255,66,37353,35,278585
25647,0.000696,172.217.194.0-255,1484,38837,35,278585
25648,0.000714,172.217.194.0-255,2902,41739,35,278585
25649,0.000718,172.31.33.0-255,66,41805,35,278585
25650,0.000726,172.217.194.0-255,5738,47543,35,278585
25651,0.000728,172.31.33.0-255,66,47609,35,278585
25652,0.000826,172.217.194.0-255,217,47826,35,278585
25653,0.000828,172.217.194.0-255,1484,49310,35,278585
25654,0.000833,172.31.33.0-255,66,49376,35,278585
25655,0.000853,172.217.194.0-255,4320,53696,35,278585
25656,0.000857,172.217.194.0-255,4320,58016,35,278585
25657,0.000911,172.217.194.0-255,2902,60918,35,278585
25658,0.001136,172.217.194.0-255,1484,62402,35,278585
25659,0.001141,172.217.194.0-255,2902,65304,35,278585
25660,0.001158,172.217.194.0-255,4320,69624,35,278585
25661,0.001197,172.217.194.0-255,2902,72526,35,278585
25662,0.001211,172.217.194.0-255,5738,78264,35,278585
25663,0.001217,172.217.194.0-255,5738,84002,35,278585
25664,0.00123,172.217.194.0-255,1484,85486,35,278585
25665,0.001273,172.217.194.0-255,4320,89806,35,278585
25666,0.001292,172.217.194.0-255,5020,94826,35,278585
25667,0.001458,172.217.194.0-255,1484,96310,35,278585
25668,0.001464,172.217.194.0-255,2902,99212,35,278585
25669,0.001478,172.217.194.0-255,4320,103532,35,278585
25670,0.001487,172.217.194.0-255,1484,105016,35,278585
25671,0.001501,172.217.194.0-255,5738,110754,35,278585
25672,0.001526,172.217.194.0-255,7156,117910,35,278585
25673,0.001569,172.217.194.0-255,2184,120094,35,278585
25674,0.001653,172.217.194.0-255,1484,121578,35,278585
25675,0.001656,172.217.194.0-255,1484,123062,35,278585
25676,0.001667,172.217.194.0-255,1484,124546,35,278585
25677,0.001685,172.217.194.0-255,5738,130284,35,278585
25678,0.001716,172.217.194.0-255,5738,136022,35,278585
25679,0.001741,172.217.194.0-255,7156,143178,35,278585
25680,0.001747,172.217.194.0-255,5738,148916,35,278585
25681,0.001778,172.217.194.0-255,5020,153936,35,278585
25682,0.00195,172.217.194.0-255,1484,155420,35,278585
25683,0.001953,172.217.194.0-255,1484,156904,35,278585
25684,0.001964,172.217.194.0-255,1484,158388,35,278585
25685,0.00197,172.217.194.0-255,5738,164126,35,278585
25686,0.002093,172.217.194.0-255,5020,169146,35,278585
25687,0.002096,172.217.194.0-255,1484,170630,35,278585
25688,0.00211,172.217.194.0-255,2902,173532,35,278585
25689,0.002143,172.217.194.0-255,4320,177852,35,278585
25690,0.002158,172.217.194.0-255,1484,179336,35,278585
25691,0.002163,172.217.194.0-255,4320,183656,35,278585
25692,0.002183,172.217.194.0-255,2902,186558,35,278585
25693,0.002191,172.217.194.0-255,7156,193714,35,278585
25694,0.002254,172.217.194.0-255,2184,195898,35,278585
25695,0.002258,172.217.194.0-255,2902,198800,35,278585
25696,0.002304,172.217.194.0-255,1484,200284,35,278585
25697,0.002327,172.217.194.0-255,2902,203186,35,278585
25698,0.002339,172.217.194.0-255,5738,208924,35,278585
25699,0.002349,172.217.194.0-255,766,209690,35,278585
25700,0.002354,172.217.194.0-255,4320,214010,35,278585
25701,0.006531,172.31.33.0-255,66,214076,35,278585
25702,0.006542,172.31.33.0-255,66,214142,35,278585
25703,0.006558,172.31.33.0-255,66,214208,35,278585
25704,0.006562,172.31.33.0-255,66,214274,35,278585
25705,0.006565,172.31.33.0-255,66,214340,35,278585
25706,0.006568,172.31.33.0-255,66,214406,35,278585
25707,0.006572,172.31.33.0-255,66,214472,35,278585
25708,0.006575,172.31.33.0-255,66,214538,35,278585
25709,0.006578,172.31.33.0-255,66,214604,35,278585
25710,0.006581,172.31.33.0-255,66,214670,35,278585
25711,0.006584,172.31.33.0-255,66,214736,35,278585
25712,0.006587,172.31.33.0-255,66,214802,35,278585
25713,0.00659,172.31.33.0-255,66,214868,35,278585
25714,0.006593,172.31.33.0-255,66,214934,35,278585
25715,0.006597,172.31.33.0-255,66,215000,35,278585
25716,0.006599,172.31.33.0-255,66,215066,35,278585
25717,0.006602,172.31.33.0-255,66,215132,35,278585
25718,0.006605,172.31.33.0-255,66,215198,35,278585
25719,0.006609,172.31.33.0-255,66,215264,35,278585
25720,0.006611,172.31.33.0-255,66,215330,35,278585
25721,0.006615,172.31.33.0-255,66,215396,35,278585
25722,0.006618,172.31.33.0-255,66,215462,35,278585
25723,0.006621,172.31.33.0-255,66,215528,35,278585
25724,0.006625,172.31.33.0-255,66,215594,35,278585
25725,0.006627,172.31.33.0-255,66,215660,35,278585
25726,0.00663,172.31.33.0-255,66,215726,35,278585
25727,0.006634,172.31.33.0-255,66,215792,35,278585
25728,0.006637,172.31.33.0-255,66,215858,35,278585
25729,0.00664,172.31.33.0-255,66,215924,35,278585
25730,0.006643,172.31.33.0-255,66,215990,35,278585
25731,0.006647,172.31.33.0-255,66,216056,35,278585
25732,0.00665,172.31.33.0-255,66,216122,35,278585
25733,0.006653,172.31.33.0-255,66,216188,35,278585
25734,0.006656,172.31.33.0-255,66,216254,35,278585
25735,0.006659,172.31.33.0-255,66,216320,35,278585
25736,0.006663,172.31.33.0-255,66,216386,35,278585
25737,0.006665,172.31.33.0-255,66,216452,35,278585
25738,0.006668,172.31.33.0-255,66,216518,35,278585
25739,0.006672,172.31.33.0-255,66,216584,35,278585
25740,0.006675,172.31.33.0-255,66,216650,35,278585
25741,0.006678,172.31.33.0-255,66,216716,35,278585
25742,0.006682,172.31.33.0-255,66,216782,35,278585
25743,0.006685,172.31.33.0-255,66,216848,35,278585
25744,0.006688,172.31.33.0-255,66,216914,35,278585
25745,0.009008,172.217.194.0-255,5738,222652,35,278585
25746,0.009017,172.31.33.0-255,66,222718,35,278585
25747,0.011344,172.217.194.0-255,5738,228456,35,278585
25748,0.01135,172.31.33.0-255,66,228522,35,278585
25749,0.013669,172.217.194.0-255,5738,234260,35,278585
25750,0.01368,172.31.33.0-255,66,234326,35,278585
25751,0.015984,172.217.194.0-255,5738,240064,35,278585
25752,0.015991,172.31.33.0-255,66,240130,35,278585
25753,0.018336,172.217.194.0-255,5738,245868,35,278585
25754,0.018348,172.31.33.0-255,66,245934,35,278585
25755,0.020661,172.217.194.0-255,5738,251672,35,278585
25756,0.020668,172.31.33.0-255,66,251738,35,278585
25757,0.022965,172.217.194.0-255,5738,257476,35,278585
25758,0.022973,172.31.33.0-255,66,257542,35,278585
25759,0.025311,172.217.194.0-255,5738,263280,35,278585
25760,0.025329,172.31.33.0-255,66,263346,35,278585
25761,0.02765,172.217.194.0-255,5738,269084,35,278585
25762,0.02767,172.31.33.0-255,66,269150,35,278585
25763,0.029985,172.217.194.0-255,5738,274888,35,278585
25764,0.029994,172.31.33.0-255,66,274954,35,278585
25765,0.032322,172.217.194.0-255,1011,275965,35,278585
25766,0.032539,172.31.33.0-255,105,276070,35,278585
25767,0.032573,172.31.33.0-255,105,276175,35,278585
25768,0.032827,172.31.33.0-255,90,276265,35,278585
25769,0.032836,172.31.33.0-255,66,276331,35,278585
25770,0.034823,172.217.194.0-255,66,276397,35,278585
25771,0.034852,172.217.194.0-255,66,276463,35,278585
25772,0.035085,172.217.194.0-255,66,276529,35,278585
25773,0.035105,172.217.194.0-255,66,276595,35,278585
25774,0.035111,172.31.33.0-255,66,276661,35,278585
25775,0.035116,172.217.194.0-255,66,276727,35,278585
25776,0.059098,172.31.33.0-255,172,276899,35,278585
25777,0.059134,172.31.33.0-255,1108,278007,35,278585
25778,0.059203,172.31.33.0-255,578,278585,35,278585
25779,0.0,172.31.33.0-255,105,105,35,276
25780,0.001472,157.240.7.0-255,105,210,35,276
25781,0.001482,172.31.33.0-255,66,276,35,276
25782,0.0,172.31.33.0-255,105,105,35,276
25783,0.001773,157.240.7.0-255,105,210,35,276
25784,0.001785,172.31.33.0-255,66,276,35,276
25785,0.0,74.125.68.0-255,156,156,35,335456
25786,3e-05,172.31.33.0-255,66,222,35,335456
25787,3.6e-05,74.125.68.0-255,1484,1706,35,335456
25788,4e-05,172.31.33.0-255,66,1772,35,335456
25789,4.4e-05,74.125.68.0-255,2902,4674,35,335456
25790,4.7e-05,172.31.33.0-255,66,4740,35,335456
25791,5.8e-05,74.125.68.0-255,4320,9060,35,335456
25792,6e-05,172.31.33.0-255,66,9126,35,335456
25793,8.9e-05,74.125.68.0-255,5738,14864,35,335456
25794,9.1e-05,172.31.33.0-255,66,14930,35,335456
25795,0.00011,74.125.68.0-255,3471,18401,35,335456
25796,0.000112,172.31.33.0-255,66,18467,35,335456
25797,0.000118,74.125.68.0-255,4320,22787,35,335456
25798,0.00012,172.31.33.0-255,66,22853,35,335456
25799,0.000184,172.31.33.0-255,66,22919,35,335456
25800,0.000203,74.125.68.0-255,1484,24403,35,335456
25801,0.000205,172.31.33.0-255,66,24469,35,335456
25802,0.000221,74.125.68.0-255,2902,27371,35,335456
25803,0.000223,172.31.33.0-255,66,27437,35,335456
25804,0.00025,74.125.68.0-255,5738,33175,35,335456
25805,0.000253,172.31.33.0-255,66,33241,35,335456
25806,0.000259,74.125.68.0-255,4320,37561,35,335456
25807,0.000261,172.31.33.0-255,66,37627,35,335456
25808,0.000265,74.125.68.0-255,4320,41947,35,335456
25809,0.000269,172.31.33.0-255,66,42013,35,335456
25810,0.000278,74.125.68.0-255,1484,43497,35,335456
25811,0.00028,172.31.33.0-255,66,43563,35,335456
25812,0.000309,172.31.33.0-255,66,43629,35,335456
25813,0.000332,74.125.68.0-255,2902,46531,35,335456
25814,0.000335,172.31.33.0-255,66,46597,35,335456
25815,0.000339,74.125.68.0-255,2184,48781,35,335456
25816,0.00034,74.125.68.0-255,446,49227,35,335456
25817,0.000342,172.31.33.0-255,66,49293,35,335456
25818,0.000668,74.125.68.0-255,1484,50777,35,335456
25819,0.000672,172.31.33.0-255,66,50843,35,335456
25820,0.000691,74.125.68.0-255,2902,53745,35,335456
25821,0.000694,172.31.33.0-255,66,53811,35,335456
25822,0.000697,74.125.68.0-255,1484,55295,35,335456
25823,0.000722,74.125.68.0-255,4320,59615,35,335456
25824,0.000725,172.31.33.0-255,66,59681,35,335456
25825,0.000729,74.125.68.0-255,2902,62583,35,335456
25826,0.00073,172.31.33.0-255,66,62649,35,335456
25827,0.000735,74.125.68.0-255,4320,66969,35,335456
25828,0.000737,172.31.33.0-255,66,67035,35,335456
25829,0.00074,74.125.68.0-255,1484,68519,35,335456
25830,0.000767,74.125.68.0-255,7156,75675,35,335456
25831,0.00077,172.31.33.0-255,66,75741,35,335456
25832,0.000775,74.125.68.0-255,5738,81479,35,335456
25833,0.000776,172.31.33.0-255,66,81545,35,335456
25834,0.000818,74.125.68.0-255,2184,83729,35,335456
25835,0.000821,172.31.33.0-255,66,83795,35,335456
25836,0.001395,74.125.68.0-255,1484,85279,35,335456
25837,0.00142,74.125.68.0-255,2902,88181,35,335456
25838,0.001424,172.31.33.0-255,66,88247,35,335456
25839,0.001428,74.125.68.0-255,1484,89731,35,335456
25840,0.001456,74.125.68.0-255,2902,92633,35,335456
25841,0.001459,172.31.33.0-255,66,92699,35,335456
25842,0.001482,74.125.68.0-255,2902,95601,35,335456
25843,0.001484,172.31.33.0-255,66,95667,35,335456
25844,0.001486,74.125.68.0-255,1484,97151,35,335456
25845,0.001506,74.125.68.0-255,2902,100053,35,335456
25846,0.001507,172.31.33.0-255,66,100119,35,335456
25847,0.001525,74.125.68.0-255,1484,101603,35,335456
25848,0.001538,74.125.68.0-255,5738,107341,35,335456
25849,0.00154,172.31.33.0-255,66,107407,35,335456
25850,0.00156,74.125.68.0-255,1484,108891,35,335456
25851,0.001581,74.125.68.0-255,7156,116047,35,335456
25852,0.001583,172.31.33.0-255,66,116113,35,335456
25853,0.001585,74.125.68.0-255,1484,117597,35,335456
25854,0.001604,74.125.68.0-255,766,118363,35,335456
25855,0.001606,172.31.33.0-255,66,118429,35,335456
25856,0.001856,74.125.68.0-255,1484,119913,35,335456
25857,0.00187,74.125.68.0-255,1484,121397,35,335456
25858,0.001871,172.31.33.0-255,66,121463,35,335456
25859,0.001874,74.125.68.0-255,1484,122947,35,335456
25860,0.001891,74.125.68.0-255,1484,124431,35,335456
25861,0.001892,172.31.33.0-255,66,124497,35,335456
25862,0.001896,74.125.68.0-255,2902,127399,35,335456
25863,0.001898,172.31.33.0-255,66,127465,35,335456
25864,0.001918,74.125.68.0-255,2902,130367,35,335456
25865,0.001919,172.31.33.0-255,66,130433,35,335456
25866,0.001932,74.125.68.0-255,4320,134753,35,335456
25867,0.001937,172.31.33.0-255,66,134819,35,335456
25868,0.001957,74.125.68.0-255,5738,140557,35,335456
25869,0.001959,172.31.33.0-255,66,140623,35,335456
25870,0.001968,172.31.33.0-255,66,140689,35,335456
25871,0.001989,74.125.68.0-255,1484,142173,35,335456
25872,0.001991,74.125.68.0-255,766,142939,35,335456
25873,0.001993,172.31.33.0-255,66,143005,35,335456
25874,0.001996,74.125.68.0-255,1484,144489,35,335456
25875,0.002,74.125.68.0-255,4320,148809,35,335456
25876,0.002002,172.31.33.0-255,66,148875,35,335456
25877,0.002024,74.125.68.0-255,2902,151777,35,335456
25878,0.002026,172.31.33.0-255,66,151843,35,335456
25879,0.002053,74.125.68.0-255,7156,158999,35,335456
25880,0.002055,172.31.33.0-255,66,159065,35,335456
25881,0.002058,74.125.68.0-255,2902,161967,35,335456
25882,0.00206,172.31.33.0-255,66,162033,35,335456
25883,0.002062,74.125.68.0-255,1484,163517,35,335456
25884,0.002085,74.125.68.0-255,2902,166419,35,335456
25885,0.002087,172.31.33.0-255,66,166485,35,335456
25886,0.002091,74.125.68.0-255,4320,170805,35,335456
25887,0.002093,172.31.33.0-255,66,170871,35,335456
25888,0.002118,74.125.68.0-255,5738,176609,35,335456
25889,0.00212,172.31.33.0-255,66,176675,35,335456
25890,0.002122,74.125.68.0-255,766,177441,35,335456
25891,0.002157,74.125.68.0-255,1484,178925,35,335456
25892,0.002159,172.31.33.0-255,66,178991,35,335456
25893,0.002182,74.125.68.0-255,4320,183311,35,335456
25894,0.002184,172.31.33.0-255,66,183377,35,335456
25895,0.002187,74.125.68.0-255,1484,184861,35,335456
25896,0.002241,74.125.68.0-255,7156,192017,35,335456
25897,0.002243,172.31.33.0-255,66,192083,35,335456
25898,0.002247,74.125.68.0-255,4320,196403,35,335456
25899,0.002249,172.31.33.0-255,66,196469,35,335456
25900,0.002276,74.125.68.0-255,1484,197953,35,335456
25901,0.002283,74.125.68.0-255,7156,205109,35,335456
25902,0.002285,172.31.33.0-255,66,205175,35,335456
25903,0.002289,74.125.68.0-255,4320,209495,35,335456
25904,0.002291,172.31.33.0-255,66,209561,35,335456
25905,0.002336,74.125.68.0-255,2184,211745,35,335456
25906,0.002338,172.31.33.0-255,66,211811,35,335456
25907,0.002381,74.125.68.0-255,2902,214713,35,335456
25908,0.002383,172.31.33.0-255,66,214779,35,335456
25909,0.002386,74.125.68.0-255,1484,216263,35,335456
25910,0.002413,74.125.68.0-255,4320,220583,35,335456
25911,0.002415,172.31.33.0-255,66,220649,35,335456
25912,0.002435,74.125.68.0-255,1484,222133,35,335456
25913,0.002442,74.125.68.0-255,2902,225035,35,335456
25914,0.002444,172.31.33.0-255,66,225101,35,335456
25915,0.002473,172.31.33.0-255,66,225167,35,335456
25916,0.002479,74.125.68.0-255,7156,232323,35,335456
25917,0.002481,172.31.33.0-255,66,232389,35,335456
25918,0.002516,172.31.33.0-255,66,232455,35,335456
25919,0.002521,74.125.68.0-255,4320,236775,35,335456
25920,0.002523,172.31.33.0-255,66,236841,35,335456
25921,0.002552,74.125.68.0-255,5738,242579,35,335456
25922,0.002554,172.31.33.0-255,66,242645,35,335456
25923,0.002564,172.31.33.0-255,66,242711,35,335456
25924,0.002599,172.31.33.0-255,66,242777,35,335456
25925,0.002601,74.125.68.0-255,766,243543,35,335456
25926,0.002653,74.125.68.0-255,1484,245027,35,335456
25927,0.002655,172.31.33.0-255,66,245093,35,335456
25928,0.00268,74.125.68.0-255,2902,247995,35,335456
25929,0.002682,172.31.33.0-255,66,248061,35,335456
25930,0.002689,74.125.68.0-255,5738,253799,35,335456
25931,0.002691,172.31.33.0-255,66,253865,35,335456
25932,0.002722,74.125.68.0-255,7156,261021,35,335456
25933,0.002725,172.31.33.0-255,66,261087,35,335456
25934,0.002729,74.125.68.0-255,2902,263989,35,335456
25935,0.002731,172.31.33.0-255,66,264055,35,335456
25936,0.002737,74.125.68.0-255,4320,268375,35,335456
25937,0.002744,172.31.33.0-255,66,268441,35,335456
25938,0.002769,74.125.68.0-255,1484,269925,35,335456
25939,0.002788,74.125.68.0-255,2902,272827,35,335456
25940,0.00279,172.31.33.0-255,66,272893,35,335456
25941,0.002821,74.125.68.0-255,5020,277913,35,335456
25942,0.002824,172.31.33.0-255,66,277979,35,335456
25943,0.002827,74.125.68.0-255,1484,279463,35,335456
25944,0.00283,74.125.68.0-255,1484,280947,35,335456
25945,0.002832,172.31.33.0-255,66,281013,35,335456
25946,0.002841,74.125.68.0-255,5738,286751,35,335456
25947,0.002844,172.31.33.0-255,66,286817,35,335456
25948,0.002873,74.125.68.0-255,7156,293973,35,335456
25949,0.002877,172.31.33.0-255,66,294039,35,335456
25950,0.002879,74.125.68.0-255,1484,295523,35,335456
25951,0.002884,74.125.68.0-255,2902,298425,35,335456
25952,0.002886,172.31.33.0-255,66,298491,35,335456
25953,0.00289,74.125.68.0-255,4320,302811,35,335456
25954,0.002892,172.31.33.0-255,66,302877,35,335456
25955,0.002895,74.125.68.0-255,1484,304361,35,335456
25956,0.00293,74.125.68.0-255,7156,311517,35,335456
25957,0.002933,172.31.33.0-255,66,311583,35,335456
25958,0.002939,74.125.68.0-255,5020,316603,35,335456
25959,0.002941,172.31.33.0-255,66,316669,35,335456
25960,0.002961,74.125.68.0-255,2902,319571,35,335456
25961,0.002963,172.31.33.0-255,66,319637,35,335456
25962,0.002986,74.125.68.0-255,1484,321121,35,335456
25963,0.00302,172.31.33.0-255,66,321187,35,335456
25964,0.003024,74.125.68.0-255,2902,324089,35,335456
25965,0.003025,172.31.33.0-255,66,324155,35,335456
25966,0.003078,74.125.68.0-255,6412,330567,35,335456
25967,0.003081,172.31.33.0-255,66,330633,35,335456
25968,0.003097,74.125.68.0-255,105,330738,35,335456
25969,0.012819,172.31.33.0-255,101,330839,35,335456
25970,0.014247,172.31.33.0-255,105,330944,35,335456
25971,0.015341,74.125.68.0-255,66,331010,35,335456
25972,0.016758,74.125.68.0-255,66,331076,35,335456
25973,0.054533,172.31.33.0-255,172,331248,35,335456
25974,0.054569,172.31.33.0-255,1108,332356,35,335456
25975,0.054615,172.31.33.0-255,1514,333870,35,335456
25976,0.054617,172.31.33.0-255,1388,335258,35,335456
25977,0.056112,104.244.42.0-255,66,335324,35,335456
25978,0.056121,104.244.42.0-255,66,335390,35,335456
25979,0.056197,104.244.42.0-255,66,335456,35,335456
25980,0.0,172.217.194.0-255,152,152,35,186494
25981,2.2e-05,172.31.33.0-255,66,218,35,186494
25982,4.3e-05,172.217.194.0-255,1484,1702,35,186494
25983,4.7e-05,172.31.33.0-255,66,1768,35,186494
25984,5e-05,172.217.194.0-255,1484,3252,35,186494
25985,5.2e-05,172.31.33.0-255,66,3318,35,186494
25986,6.4e-05,172.217.194.0-255,1484,4802,35,186494
25987,6.6e-05,172.31.33.0-255,66,4868,35,186494
25988,8e-05,172.217.194.0-255,4320,9188,35,186494
25989,8.2e-05,172.31.33.0-255,66,9254,35,186494
25990,9.5e-05,172.217.194.0-255,2902,12156,35,186494
25991,9.6e-05,172.31.33.0-255,66,12222,35,186494
25992,0.0001,172.217.194.0-255,1992,14214,35,186494
25993,0.000102,172.31.33.0-255,66,14280,35,186494
25994,0.000174,172.217.194.0-255,1484,15764,35,186494
25995,0.000177,172.31.33.0-255,66,15830,35,186494
25996,0.000195,172.217.194.0-255,1484,17314,35,186494
25997,0.000197,172.31.33.0-255,66,17380,35,186494
25998,0.000214,172.217.194.0-255,1484,18864,35,186494
25999,0.000216,172.31.33.0-255,66,18930,35,186494
26000,0.000221,172.217.194.0-255,4320,23250,35,186494
26001,0.000223,172.31.33.0-255,66,23316,35,186494
26002,0.000244,172.217.194.0-255,1484,24800,35,186494
26003,0.000246,172.31.33.0-255,66,24866,35,186494
26004,0.000264,172.217.194.0-255,4320,29186,35,186494
26005,0.000268,172.31.33.0-255,66,29252,35,186494
26006,0.000283,172.217.194.0-255,2902,32154,35,186494
26007,0.000287,172.31.33.0-255,66,32220,35,186494
26008,0.000293,172.31.33.0-255,66,32286,35,186494
26009,0.000296,172.217.194.0-255,1484,33770,35,186494
26010,0.000297,172.31.33.0-255,66,33836,35,186494
26011,0.000316,172.217.194.0-255,1484,35320,35,186494
26012,0.000368,172.217.194.0-255,5020,40340,35,186494
26013,0.000372,172.31.33.0-255,66,40406,35,186494
26014,0.002953,172.217.194.0-255,1484,41890,35,186494
26015,0.002961,172.217.194.0-255,1484,43374,35,186494
26016,0.002965,172.31.33.0-255,66,43440,35,186494
26017,0.002976,172.217.194.0-255,1484,44924,35,186494
26018,0.002978,172.217.194.0-255,1484,46408,35,186494
26019,0.00298,172.31.33.0-255,66,46474,35,186494
26020,0.002995,172.217.194.0-255,4320,50794,35,186494
26021,0.002997,172.31.33.0-255,66,50860,35,186494
26022,0.003013,172.217.194.0-255,4320,55180,35,186494
26023,0.003015,172.31.33.0-255,66,55246,35,186494
26024,0.003028,172.217.194.0-255,1484,56730,35,186494
26025,0.003045,172.217.194.0-255,1416,58146,35,186494
26026,0.003046,172.31.33.0-255,66,58212,35,186494
26027,0.0044,172.217.194.0-255,1484,59696,35,186494
26028,0.004465,172.217.194.0-255,1484,61180,35,186494
26029,0.004469,172.31.33.0-255,66,61246,35,186494
26030,0.004484,172.217.194.0-255,2902,64148,35,186494
26031,0.004486,172.31.33.0-255,66,64214,35,186494
26032,0.0045,172.217.194.0-255,4320,68534,35,186494
26033,0.004502,172.31.33.0-255,66,68600,35,186494
26034,0.004512,172.217.194.0-255,1484,70084,35,186494
26035,0.004545,172.217.194.0-255,4320,74404,35,186494
26036,0.004548,172.31.33.0-255,66,74470,35,186494
26037,0.004566,172.217.194.0-255,7156,81626,35,186494
26038,0.00457,172.31.33.0-255,66,81692,35,186494
26039,0.004596,172.217.194.0-255,2902,84594,35,186494
26040,0.004598,172.31.33.0-255,66,84660,35,186494
26041,0.004623,172.31.33.0-255,66,84726,35,186494
26042,0.005137,172.217.194.0-255,1484,86210,35,186494
26043,0.005152,172.217.194.0-255,2902,89112,35,186494
26044,0.005155,172.31.33.0-255,66,89178,35,186494
26045,0.005159,172.217.194.0-255,1484,90662,35,186494
26046,0.005176,172.217.194.0-255,4320,94982,35,186494
26047,0.005179,172.31.33.0-255,66,95048,35,186494
26048,0.005182,172.217.194.0-255,1484,96532,35,186494
26049,0.005209,172.31.33.0-255,66,96598,35,186494
26050,0.005212,172.217.194.0-255,1484,98082,35,186494
26051,0.005264,172.217.194.0-255,4320,102402,35,186494
26052,0.005267,172.31.33.0-255,66,102468,35,186494
26053,0.005295,172.31.33.0-255,66,102534,35,186494
26054,0.005308,172.31.33.0-255,66,102600,35,186494
26055,0.005328,172.217.194.0-255,4320,106920,35,186494
26056,0.005331,172.31.33.0-255,66,106986,35,186494
26057,0.005355,172.217.194.0-255,2902,109888,35,186494
26058,0.005357,172.31.33.0-255,66,109954,35,186494
26059,0.005377,172.217.194.0-255,6438,116392,35,186494
26060,0.005379,172.31.33.0-255,66,116458,35,186494
26061,0.005622,172.217.194.0-255,1484,117942,35,186494
26062,0.005653,172.217.194.0-255,2902,120844,35,186494
26063,0.005657,172.31.33.0-255,66,120910,35,186494
26064,0.005661,172.217.194.0-255,2902,123812,35,186494
26065,0.005663,172.31.33.0-255,66,123878,35,186494
26066,0.005676,172.217.194.0-255,2902,126780,35,186494
26067,0.005678,172.31.33.0-255,66,126846,35,186494
26068,0.005683,172.217.194.0-255,4320,131166,35,186494
26069,0.005685,172.31.33.0-255,66,131232,35,186494
26070,0.005705,172.217.194.0-255,5738,136970,35,186494
26071,0.005707,172.31.33.0-255,66,137036,35,186494
26072,0.00572,172.217.194.0-255,1484,138520,35,186494
26073,0.005745,172.31.33.0-255,66,138586,35,186494
26074,0.005758,172.217.194.0-255,1484,140070,35,186494
26075,0.005784,172.31.33.0-255,66,140136,35,186494
26076,0.005794,172.31.33.0-255,66,140202,35,186494
26077,0.00585,172.31.33.0-255,66,140268,35,186494
26078,0.005875,172.31.33.0-255,66,140334,35,186494
26079,0.005894,172.217.194.0-255,6438,146772,35,186494
26080,0.005896,172.31.33.0-255,66,146838,35,186494
26081,0.00591,172.217.194.0-255,5738,152576,35,186494
26082,0.005913,172.31.33.0-255,66,152642,35,186494
26083,0.005949,172.31.33.0-255,66,152708,35,186494
26084,0.005973,172.31.33.0-255,66,152774,35,186494
26085,0.006001,172.217.194.0-255,1484,154258,35,186494
26086,0.006033,172.31.33.0-255,66,154324,35,186494
26087,0.006063,172.31.33.0-255,66,154390,35,186494
26088,0.006075,172.31.33.0-255,66,154456,35,186494
26089,0.006086,172.31.33.0-255,66,154522,35,186494
26090,0.006129,172.31.33.0-255,66,154588,35,186494
26091,0.006144,172.31.33.0-255,66,154654,35,186494
26092,0.006213,172.217.194.0-255,1484,156138,35,186494
26093,0.00623,172.217.194.0-255,2902,159040,35,186494
26094,0.006234,172.31.33.0-255,66,159106,35,186494
26095,0.006238,172.217.194.0-255,2902,162008,35,186494
26096,0.006241,172.31.33.0-255,66,162074,35,186494
26097,0.006265,172.217.194.0-255,4320,166394,35,186494
26098,0.006268,172.31.33.0-255,66,166460,35,186494
26099,0.006299,172.217.194.0-255,4320,170780,35,186494
26100,0.006302,172.31.33.0-255,66,170846,35,186494
26101,0.006318,172.217.194.0-255,1484,172330,35,186494
26102,0.006324,172.217.194.0-255,7156,179486,35,186494
26103,0.006327,172.31.33.0-255,66,179552,35,186494
26104,0.006347,172.217.194.0-255,3655,183207,35,186494
26105,0.006349,172.31.33.0-255,66,183273,35,186494
26106,0.006383,172.217.194.0-255,105,183378,35,186494
26107,0.007708,172.31.33.0-255,66,183444,35,186494
26108,0.007732,172.31.33.0-255,105,183549,35,186494
26109,0.010205,172.217.194.0-255,66,183615,35,186494
26110,0.032336,172.31.33.0-255,176,183791,35,186494
26111,0.032356,172.31.33.0-255,1107,184898,35,186494
26112,0.032402,172.31.33.0-255,1398,186296,35,186494
26113,0.033879,104.244.42.0-255,66,186362,35,186494
26114,0.033924,104.244.42.0-255,66,186428,35,186494
26115,0.033978,104.244.42.0-255,66,186494,35,186494
26116,0.0,74.125.24.0-255,146,146,35,139036
26117,0.000114,172.31.33.0-255,66,212,35,139036
26118,0.000121,74.125.24.0-255,1484,1696,35,139036
26119,0.000126,172.31.33.0-255,66,1762,35,139036
26120,0.000131,74.125.24.0-255,2902,4664,35,139036
26121,0.000133,172.31.33.0-255,66,4730,35,139036
26122,0.000139,74.125.24.0-255,5738,10468,35,139036
26123,0.000141,172.31.33.0-255,66,10534,35,139036
26124,0.000176,74.125.24.0-255,3502,14036,35,139036
26125,0.000179,172.31.33.0-255,66,14102,35,139036
26126,0.000226,74.125.24.0-255,1484,15586,35,139036
26127,0.000229,172.31.33.0-255,66,15652,35,139036
26128,0.000246,74.125.24.0-255,2902,18554,35,139036
26129,0.000249,172.31.33.0-255,66,18620,35,139036
26130,0.000295,74.125.24.0-255,2902,21522,35,139036
26131,0.000298,172.31.33.0-255,66,21588,35,139036
26132,0.000314,74.125.24.0-255,7156,28744,35,139036
26133,0.000317,172.31.33.0-255,66,28810,35,139036
26134,0.000467,74.125.24.0-255,5738,34548,35,139036
26135,0.000472,172.31.33.0-255,66,34614,35,139036
26136,0.000486,74.125.24.0-255,2543,37157,35,139036
26137,0.000489,172.31.33.0-255,66,37223,35,139036
26138,0.000613,172.31.33.0-255,66,37289,35,139036
26139,0.000796,172.31.33.0-255,66,37355,35,139036
26140,0.000826,172.31.33.0-255,66,37421,35,139036
26141,0.001063,74.125.24.0-255,1484,38905,35,139036
26142,0.001068,172.31.33.0-255,66,38971,35,139036
26143,0.00109,74.125.24.0-255,2902,41873,35,139036
26144,0.001094,172.31.33.0-255,66,41939,35,139036
26145,0.001127,172.31.33.0-255,66,42005,35,139036
26146,0.001351,74.125.24.0-255,5738,47743,35,139036
26147,0.001357,172.31.33.0-255,66,47809,35,139036
26148,0.00138,172.31.33.0-255,66,47875,35,139036
26149,0.001873,74.125.24.0-255,1484,49359,35,139036
26150,0.001892,74.125.24.0-255,2902,52261,35,139036
26151,0.001896,172.31.33.0-255,66,52327,35,139036
26152,0.001927,74.125.24.0-255,5738,58065,35,139036
26153,0.001929,172.31.33.0-255,66,58131,35,139036
26154,0.002022,74.125.24.0-255,4320,62451,35,139036
26155,0.002027,172.31.33.0-255,66,62517,35,139036
26156,0.002048,172.31.33.0-255,66,62583,35,139036
26157,0.002231,74.125.24.0-255,5738,68321,35,139036
26158,0.002235,172.31.33.0-255,66,68387,35,139036
26159,0.002325,74.125.24.0-255,1484,69871,35,139036
26160,0.002343,74.125.24.0-255,3602,73473,35,139036
26161,0.002345,172.31.33.0-255,66,73539,35,139036
26162,0.002412,74.125.24.0-255,5738,79277,35,139036
26163,0.002415,172.31.33.0-255,66,79343,35,139036
26164,0.002436,74.125.24.0-255,7156,86499,35,139036
26165,0.002438,172.31.33.0-255,66,86565,35,139036
26166,0.002624,74.125.24.0-255,7156,93721,35,139036
26167,0.002628,172.31.33.0-255,66,93787,35,139036
26168,0.002657,172.31.33.0-255,66,93853,35,139036
26169,0.00296,74.125.24.0-255,4320,98173,35,139036
26170,0.002963,172.31.33.0-255,66,98239,35,139036
26171,0.002989,172.31.33.0-255,66,98305,35,139036
26172,0.003013,74.125.24.0-255,5738,104043,35,139036
26173,0.003016,172.31.33.0-255,66,104109,35,139036
26174,0.003309,74.125.24.0-255,1484,105593,35,139036
26175,0.003328,74.125.24.0-255,7156,112749,35,139036
26176,0.003331,172.31.33.0-255,66,112815,35,139036
26177,0.00336,172.31.33.0-255,66,112881,35,139036
26178,0.003395,172.31.33.0-255,66,112947,35,139036
26179,0.003412,74.125.24.0-255,2884,115831,35,139036
26180,0.003414,172.31.33.0-255,66,115897,35,139036
26181,0.00393,172.31.33.0-255,66,115963,35,139036
26182,0.003983,172.31.33.0-255,66,116029,35,139036
26183,0.004,74.125.24.0-255,4320,120349,35,139036
26184,0.004003,172.31.33.0-255,66,120415,35,139036
26185,0.004334,74.125.24.0-255,4320,124735,35,139036
26186,0.004338,172.31.33.0-255,66,124801,35,139036
26187,0.004362,172.31.33.0-255,66,124867,35,139036
26188,0.004403,74.125.24.0-255,7156,132023,35,139036
26189,0.004406,172.31.33.0-255,66,132089,35,139036
26190,0.004433,172.31.33.0-255,66,132155,35,139036
26191,0.00445,172.31.33.0-255,66,132221,35,139036
26192,0.004489,172.31.33.0-255,66,132287,35,139036
26193,0.005187,74.125.24.0-255,4320,136607,35,139036
26194,0.005192,172.31.33.0-255,66,136673,35,139036
26195,0.005235,172.31.33.0-255,66,136739,35,139036
26196,0.005325,172.31.33.0-255,66,136805,35,139036
26197,0.006016,172.31.33.0-255,105,136910,35,139036
26198,0.008337,74.125.24.0-255,66,136976,35,139036
26199,0.050989,172.31.33.0-255,176,137152,35,139036
26200,0.052519,104.244.42.0-255,66,137218,35,139036
26201,0.056244,172.31.33.0-255,1108,138326,35,139036
26202,0.056577,172.31.33.0-255,578,138904,35,139036
26203,0.057834,104.244.42.0-255,66,138970,35,139036
26204,0.058124,104.244.42.0-255,66,139036,35,139036
26205,0.0,172.31.33.0-255,105,105,35,276
26206,0.002135,157.240.7.0-255,105,210,35,276
26207,0.002148,172.31.33.0-255,66,276,35,276
26208,0.0,172.31.33.0-255,66,66,35,66
26209,0.0,172.31.33.0-255,105,105,35,276
26210,0.001754,157.240.7.0-255,105,210,35,276
26211,0.001767,172.31.33.0-255,66,276,35,276
26212,0.0,172.31.33.0-255,105,105,35,276
26213,0.00208,157.240.7.0-255,105,210,35,276
26214,0.002091,172.31.33.0-255,66,276,35,276
26215,0.0,74.125.200.0-255,153,153,35,309521
26216,2.2e-05,172.31.33.0-255,66,219,35,309521
26217,2.8e-05,74.125.200.0-255,1484,1703,35,309521
26218,3e-05,172.31.33.0-255,66,1769,35,309521
26219,3.3e-05,74.125.200.0-255,1484,3253,35,309521
26220,3.6e-05,172.31.33.0-255,66,3319,35,309521
26221,6.3e-05,74.125.200.0-255,1484,4803,35,309521
26222,6.5e-05,172.31.33.0-255,66,4869,35,309521
26223,7.2e-05,74.125.200.0-255,5738,10607,35,309521
26224,7.3e-05,172.31.33.0-255,66,10673,35,309521
26225,7.8e-05,74.125.200.0-255,2902,13575,35,309521
26226,7.9e-05,172.31.33.0-255,66,13641,35,309521
26227,0.0001,74.125.200.0-255,3448,17089,35,309521
26228,0.000103,172.31.33.0-255,66,17155,35,309521
26229,0.000105,74.125.200.0-255,1484,18639,35,309521
26230,0.000107,172.31.33.0-255,66,18705,35,309521
26231,0.000134,172.31.33.0-255,66,18771,35,309521
26232,0.000154,74.125.200.0-255,3961,22732,35,309521
26233,0.000157,172.31.33.0-255,66,22798,35,309521
26234,0.000243,74.125.200.0-255,1484,24282,35,309521
26235,0.000246,172.31.33.0-255,66,24348,35,309521
26236,0.000266,74.125.200.0-255,2902,27250,35,309521
26237,0.000269,172.31.33.0-255,66,27316,35,309521
26238,0.000274,74.125.200.0-255,4320,31636,35,309521
26239,0.000277,172.31.33.0-255,66,31702,35,309521
26240,0.000291,74.125.200.0-255,1484,33186,35,309521
26241,0.000293,172.31.33.0-255,66,33252,35,309521
26242,0.000352,74.125.200.0-255,4320,37572,35,309521
26243,0.000356,172.31.33.0-255,66,37638,35,309521
26244,0.000383,172.31.33.0-255,66,37704,35,309521
26245,0.000394,172.31.33.0-255,66,37770,35,309521
26246,0.000414,74.125.200.0-255,677,38447,35,309521
26247,0.000416,172.31.33.0-255,66,38513,35,309521
26248,0.00058,74.125.200.0-255,1484,39997,35,309521
26249,0.000583,172.31.33.0-255,66,40063,35,309521
26250,0.000596,74.125.200.0-255,2902,42965,35,309521
26251,0.000599,172.31.33.0-255,66,43031,35,309521
26252,0.000621,74.125.200.0-255,5738,48769,35,309521
26253,0.000625,172.31.33.0-255,66,48835,35,309521
26254,0.000643,74.125.200.0-255,4320,53155,35,309521
26255,0.000645,172.31.33.0-255,66,53221,35,309521
26256,0.000651,74.125.200.0-255,4320,57541,35,309521
26257,0.000652,172.31.33.0-255,66,57607,35,309521
26258,0.000668,74.125.200.0-255,1125,58732,35,309521
26259,0.00067,172.31.33.0-255,66,58798,35,309521
26260,0.000705,172.31.33.0-255,66,58864,35,309521
26261,0.000723,74.125.200.0-255,2543,61407,35,309521
26262,0.000726,172.31.33.0-255,66,61473,35,309521
26263,0.001184,74.125.200.0-255,1484,62957,35,309521
26264,0.001189,172.31.33.0-255,66,63023,35,309521
26265,0.001197,74.125.200.0-255,2902,65925,35,309521
26266,0.001199,172.31.33.0-255,66,65991,35,309521
26267,0.001216,74.125.200.0-255,5738,71729,35,309521
26268,0.001218,172.31.33.0-255,66,71795,35,309521
26269,0.00124,74.125.200.0-255,4320,76115,35,309521
26270,0.001242,172.31.33.0-255,66,76181,35,309521
26271,0.00127,74.125.200.0-255,5738,81919,35,309521
26272,0.001274,74.125.200.0-255,1484,83403,35,309521
26273,0.00129,74.125.200.0-255,2902,86305,35,309521
26274,0.001328,74.125.200.0-255,2902,89207,35,309521
26275,0.001342,74.125.200.0-255,2902,92109,35,309521
26276,0.00139,74.125.200.0-255,3602,95711,35,309521
26277,0.001503,74.125.200.0-255,1484,97195,35,309521
26278,0.001508,74.125.200.0-255,1484,98679,35,309521
26279,0.001521,74.125.200.0-255,1484,100163,35,309521
26280,0.001535,74.125.200.0-255,4320,104483,35,309521
26281,0.00155,74.125.200.0-255,1484,105967,35,309521
26282,0.001555,74.125.200.0-255,7156,113123,35,309521
26283,0.001581,74.125.200.0-255,1484,114607,35,309521
26284,0.001591,74.125.200.0-255,2902,117509,35,309521
26285,0.00163,74.125.200.0-255,5738,123247,35,309521
26286,0.001633,74.125.200.0-255,2902,126149,35,309521
26287,0.001651,74.125.200.0-255,3602,129751,35,309521
26288,0.001848,74.125.200.0-255,1484,131235,35,309521
26289,0.00186,74.125.200.0-255,1484,132719,35,309521
26290,0.00187,74.125.200.0-255,1484,134203,35,309521
26291,0.001887,74.125.200.0-255,2902,137105,35,309521
26292,0.001903,74.125.200.0-255,1484,138589,35,309521
26293,0.001916,74.125.200.0-255,2902,141491,35,309521
26294,0.001939,74.125.200.0-255,4320,145811,35,309521
26295,0.001948,74.125.200.0-255,1484,147295,35,309521
26296,0.001962,74.125.200.0-255,7156,154451,35,309521
26297,0.00199,74.125.200.0-255,2902,157353,35,309521
26298,0.002008,74.125.200.0-255,6438,163791,35,309521
26299,0.002105,74.125.200.0-255,1484,165275,35,309521
26300,0.002117,74.125.200.0-255,2902,168177,35,309521
26301,0.002125,172.31.33.0-255,66,168243,35,309521
26302,0.002136,74.125.200.0-255,5738,173981,35,309521
26303,0.002141,74.125.200.0-255,2902,176883,35,309521
26304,0.002151,172.31.33.0-255,66,176949,35,309521
26305,0.002168,74.125.200.0-255,1484,178433,35,309521
26306,0.002203,74.125.200.0-255,7156,185589,35,309521
26307,0.002205,172.31.33.0-255,66,185655,35,309521
26308,0.00221,172.31.33.0-255,66,185721,35,309521
26309,0.002224,74.125.200.0-255,3602,189323,35,309521
26310,0.002228,172.31.33.0-255,66,189389,35,309521
26311,0.002235,74.125.200.0-255,2902,192291,35,309521
26312,0.002242,172.31.33.0-255,66,192357,35,309521
26313,0.002261,172.31.33.0-255,66,192423,35,309521
26314,0.002274,74.125.200.0-255,4320,196743,35,309521
26315,0.002292,172.31.33.0-255,66,196809,35,309521
26316,0.002304,172.31.33.0-255,66,196875,35,309521
26317,0.002311,74.125.200.0-255,1484,198359,35,309521
26318,0.002322,74.125.200.0-255,1484,199843,35,309521
26319,0.002324,74.125.200.0-255,1484,201327,35,309521
26320,0.002325,172.31.33.0-255,66,201393,35,309521
26321,0.002326,74.125.200.0-255,1484,202877,35,309521
26322,0.002328,172.31.33.0-255,78,202955,35,309521
26323,0.002332,172.31.33.0-255,66,203021,35,309521
26324,0.00235,74.125.200.0-255,3602,206623,35,309521
26325,0.002354,172.31.33.0-255,66,206689,35,309521
26326,0.002391,74.125.200.0-255,1484,208173,35,309521
26327,0.002393,74.125.200.0-255,1484,209657,35,309521
26328,0.002396,74.125.200.0-255,1484,211141,35,309521
26329,0.002397,172.31.33.0-255,66,211207,35,309521
26330,0.002427,74.125.200.0-255,7156,218363,35,309521
26331,0.00243,74.125.200.0-255,1484,219847,35,309521
26332,0.002445,74.125.200.0-255,1484,221331,35,309521
26333,0.00245,172.31.33.0-255,66,221397,35,309521
26334,0.00246,74.125.200.0-255,4320,225717,35,309521
26335,0.002465,172.31.33.0-255,66,225783,35,309521
26336,0.002488,74.125.200.0-255,2902,228685,35,309521
26337,0.002493,172.31.33.0-255,66,228751,35,309521
26338,0.002503,74.125.200.0-255,3602,232353,35,309521
26339,0.002506,74.125.200.0-255,1484,233837,35,309521
26340,0.002507,172.31.33.0-255,66,233903,35,309521
26341,0.002509,74.125.200.0-255,2902,236805,35,309521
26342,0.002525,172.31.33.0-255,66,236871,35,309521
26343,0.00253,74.125.200.0-255,1484,238355,35,309521
26344,0.002534,74.125.200.0-255,2902,241257,35,309521
26345,0.002536,74.125.200.0-255,1484,242741,35,309521
26346,0.002537,172.31.33.0-255,66,242807,35,309521
26347,0.002559,74.125.200.0-255,2902,245709,35,309521
26348,0.002573,172.31.33.0-255,66,245775,35,309521
26349,0.002575,74.125.200.0-255,5738,251513,35,309521
26350,0.002585,172.31.33.0-255,66,251579,35,309521
26351,0.002588,74.125.200.0-255,1484,253063,35,309521
26352,0.002595,74.125.200.0-255,7156,260219,35,309521
26353,0.002597,74.125.200.0-255,1484,261703,35,309521
26354,0.0026,172.31.33.0-255,66,261769,35,309521
26355,0.00262,74.125.200.0-255,1484,263253,35,309521
26356,0.002624,74.125.200.0-255,2184,265437,35,309521
26357,0.002627,74.125.200.0-255,1484,266921,35,309521
26358,0.002629,172.31.33.0-255,66,266987,35,309521
26359,0.002677,74.125.200.0-255,7156,274143,35,309521
26360,0.00268,74.125.200.0-255,1484,275627,35,309521
26361,0.002681,172.31.33.0-255,66,275693,35,309521
26362,0.002682,74.125.200.0-255,1484,277177,35,309521
26363,0.002691,172.31.33.0-255,66,277243,35,309521
26364,0.002717,172.31.33.0-255,66,277309,35,309521
26365,0.002717,74.125.200.0-255,4320,281629,35,309521
26366,0.00272,172.31.33.0-255,66,281695,35,309521
26367,0.002755,74.125.200.0-255,2902,284597,35,309521
26368,0.002766,172.31.33.0-255,66,284663,35,309521
26369,0.002802,74.125.200.0-255,5738,290401,35,309521
26370,0.002812,172.31.33.0-255,66,290467,35,309521
26371,0.002829,74.125.200.0-255,7156,297623,35,309521
26372,0.002839,74.125.200.0-255,912,298535,35,309521
26373,0.002841,172.31.33.0-255,66,298601,35,309521
26374,0.002873,74.125.200.0-255,105,298706,35,309521
26375,0.004193,172.31.33.0-255,66,298772,35,309521
26376,0.004214,172.31.33.0-255,105,298877,35,309521
26377,0.006418,74.125.200.0-255,66,298943,35,309521
26378,0.021614,172.31.33.0-255,172,299115,35,309521
26379,0.021641,172.31.33.0-255,1107,300222,35,309521
26380,0.021691,172.31.33.0-255,1514,301736,35,309521
26381,0.021692,172.31.33.0-255,1514,303250,35,309521
26382,0.021693,172.31.33.0-255,1514,304764,35,309521
26383,0.021698,172.31.33.0-255,1514,306278,35,309521
26384,0.021699,172.31.33.0-255,1514,307792,35,309521
26385,0.0217,172.31.33.0-255,1183,308975,35,309521
26386,0.023097,104.244.42.0-255,66,309041,35,309521
26387,0.023125,104.244.42.0-255,66,309107,35,309521
26388,0.023211,104.244.42.0-255,66,309173,35,309521
26389,0.023215,104.244.42.0-255,66,309239,35,309521
26390,0.02388,104.244.42.0-255,108,309347,35,309521
26391,0.023903,172.31.33.0-255,66,309413,35,309521
26392,0.036686,172.31.33.0-255,108,309521,35,309521
26393,0.0,172.217.194.0-255,153,153,35,189449
26394,2.3e-05,172.31.33.0-255,66,219,35,189449
26395,3e-05,172.217.194.0-255,1484,1703,35,189449
26396,3.4e-05,172.31.33.0-255,66,1769,35,189449
26397,3.8e-05,172.217.194.0-255,2902,4671,35,189449
26398,4.7e-05,172.31.33.0-255,66,4737,35,189449
26399,5.1e-05,172.217.194.0-255,2902,7639,35,189449
26400,5.3e-05,172.31.33.0-255,66,7705,35,189449
26401,8.1e-05,172.217.194.0-255,4320,12025,35,189449
26402,8.4e-05,172.31.33.0-255,66,12091,35,189449
26403,8.8e-05,172.217.194.0-255,2130,14221,35,189449
26404,9e-05,172.31.33.0-255,66,14287,35,189449
26405,0.000115,172.217.194.0-255,2902,17189,35,189449
26406,0.000118,172.31.33.0-255,66,17255,35,189449
26407,0.000143,172.217.194.0-255,4320,21575,35,189449
26408,0.000146,172.31.33.0-255,66,21641,35,189449
26409,0.000156,172.31.33.0-255,66,21707,35,189449
26410,0.000181,172.217.194.0-255,1125,22832,35,189449
26411,0.000184,172.31.33.0-255,66,22898,35,189449
26412,0.000363,172.217.194.0-255,1484,24382,35,189449
26413,0.000367,172.31.33.0-255,66,24448,35,189449
26414,0.000373,172.217.194.0-255,2902,27350,35,189449
26415,0.000376,172.31.33.0-255,66,27416,35,189449
26416,0.000409,172.217.194.0-255,5738,33154,35,189449
26417,0.000414,172.31.33.0-255,66,33220,35,189449
26418,0.000442,172.217.194.0-255,6797,40017,35,189449
26419,0.000445,172.31.33.0-255,66,40083,35,189449
26420,0.00072,172.217.194.0-255,1484,41567,35,189449
26421,0.000724,172.31.33.0-255,66,41633,35,189449
26422,0.000731,172.217.194.0-255,2902,44535,35,189449
26423,0.000733,172.31.33.0-255,66,44601,35,189449
26424,0.000742,172.217.194.0-255,1484,46085,35,189449
26425,0.000766,172.217.194.0-255,4320,50405,35,189449
26426,0.000768,172.31.33.0-255,66,50471,35,189449
26427,0.000779,172.31.33.0-255,66,50537,35,189449
26428,0.000814,172.217.194.0-255,3961,54498,35,189449
26429,0.000818,172.31.33.0-255,66,54564,35,189449
26430,0.000828,172.31.33.0-255,66,54630,35,189449
26431,0.000855,172.217.194.0-255,648,55278,35,189449
26432,0.000933,172.217.194.0-255,1484,56762,35,189449
26433,0.000937,172.31.33.0-255,66,56828,35,189449
26434,0.000942,172.217.194.0-255,2902,59730,35,189449
26435,0.000944,172.31.33.0-255,66,59796,35,189449
26436,0.000976,172.217.194.0-255,5738,65534,35,189449
26437,0.00098,172.31.33.0-255,66,65600,35,189449
26438,0.000986,172.217.194.0-255,7156,72756,35,189449
26439,0.000988,172.31.33.0-255,66,72822,35,189449
26440,0.001024,172.217.194.0-255,5738,78560,35,189449
26441,0.001028,172.31.33.0-255,66,78626,35,189449
26442,0.001038,172.31.33.0-255,66,78692,35,189449
26443,0.00104,172.217.194.0-255,201,78893,35,189449
26444,0.001069,172.217.194.0-255,1484,80377,35,189449
26445,0.001072,172.31.33.0-255,66,80443,35,189449
26446,0.001077,172.217.194.0-255,2902,83345,35,189449
26447,0.001079,172.31.33.0-255,66,83411,35,189449
26448,0.001107,172.217.194.0-255,2902,86313,35,189449
26449,0.00111,172.31.33.0-255,66,86379,35,189449
26450,0.001131,172.217.194.0-255,4320,90699,35,189449
26451,0.001156,172.31.33.0-255,66,90765,35,189449
26452,0.001159,172.31.33.0-255,66,90831,35,189449
26453,0.001197,172.31.33.0-255,66,90897,35,189449
26454,0.002561,172.217.194.0-255,1484,92381,35,189449
26455,0.002568,172.217.194.0-255,2902,95283,35,189449
26456,0.002571,172.31.33.0-255,66,95349,35,189449
26457,0.002596,172.217.194.0-255,5738,101087,35,189449
26458,0.002598,172.31.33.0-255,66,101153,35,189449
26459,0.002622,172.217.194.0-255,1484,102637,35,189449
26460,0.002643,172.217.194.0-255,7156,109793,35,189449
26461,0.002645,172.31.33.0-255,66,109859,35,189449
26462,0.002668,172.217.194.0-255,2902,112761,35,189449
26463,0.00267,172.31.33.0-255,66,112827,35,189449
26464,0.00268,172.31.33.0-255,66,112893,35,189449
26465,0.003052,172.217.194.0-255,1484,114377,35,189449
26466,0.00307,172.217.194.0-255,2902,117279,35,189449
26467,0.003073,172.31.33.0-255,66,117345,35,189449
26468,0.003078,172.217.194.0-255,2902,120247,35,189449
26469,0.00308,172.31.33.0-255,66,120313,35,189449
26470,0.003102,172.217.194.0-255,2902,123215,35,189449
26471,0.003104,172.31.33.0-255,66,123281,35,189449
26472,0.003109,172.217.194.0-255,4320,127601,35,189449
26473,0.00311,172.31.33.0-255,66,127667,35,189449
26474,0.003135,172.31.33.0-255,66,127733,35,189449
26475,0.003138,172.217.194.0-255,1484,129217,35,189449
26476,0.00314,172.217.194.0-255,1484,130701,35,189449
26477,0.003141,172.31.33.0-255,66,130767,35,189449
26478,0.003183,172.31.33.0-255,66,130833,35,189449
26479,0.00319,172.217.194.0-255,1484,132317,35,189449
26480,0.00321,172.217.194.0-255,2902,135219,35,189449
26481,0.003212,172.31.33.0-255,66,135285,35,189449
26482,0.003217,172.217.194.0-255,5738,141023,35,189449
26483,0.003219,172.31.33.0-255,66,141089,35,189449
26484,0.003256,172.31.33.0-255,66,141155,35,189449
26485,0.003276,172.217.194.0-255,4320,145475,35,189449
26486,0.003278,172.31.33.0-255,66,145541,35,189449
26487,0.003301,172.31.33.0-255,66,145607,35,189449
26488,0.003313,172.31.33.0-255,66,145673,35,189449
26489,0.003356,172.31.33.0-255,66,145739,35,189449
26490,0.003366,172.31.33.0-255,66,145805,35,189449
26491,0.00337,172.217.194.0-255,2902,148707,35,189449
26492,0.003372,172.31.33.0-255,66,148773,35,189449
26493,0.003422,172.217.194.0-255,5738,154511,35,189449
26494,0.003423,172.217.194.0-255,1484,155995,35,189449
26495,0.003452,172.217.194.0-255,1484,157479,35,189449
26496,0.003464,172.31.33.0-255,66,157545,35,189449
26497,0.003467,172.31.33.0-255,66,157611,35,189449
26498,0.00347,172.31.33.0-255,66,157677,35,189449
26499,0.003474,172.217.194.0-255,2184,159861,35,189449
26500,0.003477,172.31.33.0-255,66,159927,35,189449
26501,0.003564,172.217.194.0-255,1484,161411,35,189449
26502,0.003586,172.217.194.0-255,1484,162895,35,189449
26503,0.00359,172.31.33.0-255,66,162961,35,189449
26504,0.003609,172.217.194.0-255,4320,167281,35,189449
26505,0.003611,172.31.33.0-255,66,167347,35,189449
26506,0.003614,172.217.194.0-255,1484,168831,35,189449
26507,0.003646,172.31.33.0-255,66,168897,35,189449
26508,0.003681,172.31.33.0-255,66,168963,35,189449
26509,0.003693,172.31.33.0-255,66,169029,35,189449
26510,0.003746,172.31.33.0-255,66,169095,35,189449
26511,0.003753,172.217.194.0-255,4320,173415,35,189449
26512,0.003754,172.31.33.0-255,66,173481,35,189449
26513,0.003758,172.217.194.0-255,1484,174965,35,189449
26514,0.003777,172.31.33.0-255,66,175031,35,189449
26515,0.003809,172.217.194.0-255,3868,178899,35,189449
26516,0.003812,172.31.33.0-255,66,178965,35,189449
26517,0.003815,172.217.194.0-255,105,179070,35,189449
26518,0.00556,172.31.33.0-255,66,179136,35,189449
26519,0.005625,172.31.33.0-255,105,179241,35,189449
26520,0.008135,172.217.194.0-255,66,179307,35,189449
26521,0.044967,172.31.33.0-255,188,179495,35,189449
26522,0.045012,172.31.33.0-255,952,180447,35,189449
26523,0.045095,172.31.33.0-255,1514,181961,35,189449
26524,0.045097,172.31.33.0-255,1514,183475,35,189449
26525,0.045102,172.31.33.0-255,1514,184989,35,189449
26526,0.045103,172.31.33.0-255,1514,186503,35,189449
26527,0.045129,172.31.33.0-255,1514,188017,35,189449
26528,0.04513,172.31.33.0-255,1168,189185,35,189449
26529,0.046526,104.244.42.0-255,66,189251,35,189449
26530,0.046555,104.244.42.0-255,66,189317,35,189449
26531,0.046675,104.244.42.0-255,66,189383,35,189449
26532,0.046681,104.244.42.0-255,66,189449,35,189449
26533,0.0,172.217.194.0-255,162,162,35,117990
26534,2.1e-05,172.31.33.0-255,66,228,35,117990
26535,2.9e-05,172.217.194.0-255,1484,1712,35,117990
26536,3.3e-05,172.31.33.0-255,66,1778,35,117990
26537,3.9e-05,172.217.194.0-255,2902,4680,35,117990
26538,4.2e-05,172.31.33.0-255,66,4746,35,117990
26539,4.7e-05,172.217.194.0-255,2902,7648,35,117990
26540,5e-05,172.31.33.0-255,66,7714,35,117990
26541,7.3e-05,172.217.194.0-255,4320,12034,35,117990
26542,7.7e-05,172.31.33.0-255,66,12100,35,117990
26543,8.8e-05,172.31.33.0-255,66,12166,35,117990
26544,0.000113,172.217.194.0-255,3400,15566,35,117990
26545,0.000116,172.31.33.0-255,66,15632,35,117990
26546,0.000131,172.31.33.0-255,66,15698,35,117990
26547,0.000178,172.31.33.0-255,66,15764,35,117990
26548,0.000212,172.31.33.0-255,66,15830,35,117990
26549,0.000232,172.217.194.0-255,1437,17267,35,117990
26550,0.000235,172.31.33.0-255,66,17333,35,117990
26551,0.000268,172.217.194.0-255,99,17432,35,117990
26552,0.000271,172.31.33.0-255,66,17498,35,117990
26553,0.000372,172.217.194.0-255,1484,18982,35,117990
26554,0.000376,172.31.33.0-255,66,19048,35,117990
26555,0.000382,172.217.194.0-255,2902,21950,35,117990
26556,0.000385,172.31.33.0-255,66,22016,35,117990
26557,0.000391,172.217.194.0-255,4320,26336,35,117990
26558,0.000394,172.31.33.0-255,66,26402,35,117990
26559,0.000419,172.217.194.0-255,1484,27886,35,117990
26560,0.000423,172.31.33.0-255,66,27952,35,117990
26561,0.000439,172.31.33.0-255,66,28018,35,117990
26562,0.000468,172.31.33.0-255,66,28084,35,117990
26563,0.000499,172.217.194.0-255,2184,30268,35,117990
26564,0.000504,172.31.33.0-255,66,30334,35,117990
26565,0.000517,172.31.33.0-255,66,30400,35,117990
26566,0.000531,172.31.33.0-255,66,30466,35,117990
26567,0.00058,172.31.33.0-255,66,30532,35,117990
26568,0.000766,172.217.194.0-255,1484,32016,35,117990
26569,0.000773,172.217.194.0-255,2902,34918,35,117990
26570,0.000777,172.31.33.0-255,66,34984,35,117990
26571,0.000781,172.217.194.0-255,2902,37886,35,117990
26572,0.000784,172.31.33.0-255,66,37952,35,117990
26573,0.000799,172.217.194.0-255,2902,40854,35,117990
26574,0.000802,172.31.33.0-255,66,40920,35,117990
26575,0.000807,172.217.194.0-255,5738,46658,35,117990
26576,0.00081,172.31.33.0-255,66,46724,35,117990
26577,0.000833,172.217.194.0-255,2902,49626,35,117990
26578,0.000836,172.31.33.0-255,66,49692,35,117990
26579,0.000848,172.31.33.0-255,66,49758,35,117990
26580,0.000853,172.217.194.0-255,5020,54778,35,117990
26581,0.000855,172.31.33.0-255,66,54844,35,117990
26582,0.000917,172.217.194.0-255,1484,56328,35,117990
26583,0.000922,172.217.194.0-255,2902,59230,35,117990
26584,0.000924,172.31.33.0-255,66,59296,35,117990
26585,0.000944,172.217.194.0-255,5738,65034,35,117990
26586,0.000948,172.31.33.0-255,66,65100,35,117990
26587,0.000951,172.217.194.0-255,1484,66584,35,117990
26588,0.000975,172.31.33.0-255,66,66650,35,117990
26589,0.001012,172.217.194.0-255,4320,70970,35,117990
26590,0.001016,172.31.33.0-255,66,71036,35,117990
26591,0.001049,172.31.33.0-255,66,71102,35,117990
26592,0.001358,172.217.194.0-255,1484,72586,35,117990
26593,0.001366,172.217.194.0-255,2902,75488,35,117990
26594,0.001369,172.31.33.0-255,66,75554,35,117990
26595,0.001396,172.217.194.0-255,5738,81292,35,117990
26596,0.001399,172.31.33.0-255,66,81358,35,117990
26597,0.001403,172.217.194.0-255,2902,84260,35,117990
26598,0.001405,172.31.33.0-255,66,84326,35,117990
26599,0.001418,172.217.194.0-255,2902,87228,35,117990
26600,0.00142,172.31.33.0-255,66,87294,35,117990
26601,0.001445,172.217.194.0-255,7156,94450,35,117990
26602,0.001448,172.31.33.0-255,66,94516,35,117990
26603,0.001472,172.31.33.0-255,66,94582,35,117990
26604,0.001512,172.217.194.0-255,5738,100320,35,117990
26605,0.001516,172.31.33.0-255,66,100386,35,117990
26606,0.001537,172.217.194.0-255,5738,106124,35,117990
26607,0.00154,172.31.33.0-255,66,106190,35,117990
26608,0.001556,172.31.33.0-255,66,106256,35,117990
26609,0.001582,172.31.33.0-255,66,106322,35,117990
26610,0.001621,172.31.33.0-255,66,106388,35,117990
26611,0.001639,172.31.33.0-255,66,106454,35,117990
26612,0.00165,172.31.33.0-255,66,106520,35,117990
26613,0.001676,172.217.194.0-255,2902,109422,35,117990
26614,0.001678,172.31.33.0-255,66,109488,35,117990
26615,0.00174,172.31.33.0-255,66,109554,35,117990
26616,0.001763,172.217.194.0-255,5020,114574,35,117990
26617,0.001766,172.31.33.0-255,66,114640,35,117990
26618,0.001788,172.31.33.0-255,66,114706,35,117990
26619,0.001806,172.31.33.0-255,66,114772,35,117990
26620,0.001808,172.217.194.0-255,105,114877,35,117990
26621,0.003837,172.31.33.0-255,66,114943,35,117990
26622,0.003873,172.31.33.0-255,105,115048,35,117990
26623,0.006059,172.217.194.0-255,66,115114,35,117990
26624,0.053481,172.31.33.0-255,172,115286,35,117990
26625,0.053564,172.31.33.0-255,1107,116393,35,117990
26626,0.053852,172.31.33.0-255,1399,117792,35,117990
26627,0.055037,104.244.42.0-255,66,117858,35,117990
26628,0.055124,104.244.42.0-255,66,117924,35,117990
26629,0.055401,104.244.42.0-255,66,117990,35,117990
26630,0.0,172.31.33.0-255,105,105,35,276
26631,0.001477,157.240.7.0-255,105,210,35,276
26632,0.00149,172.31.33.0-255,66,276,35,276
26633,0.0,172.217.24.0-255,153,153,35,268281
26634,3.3e-05,172.31.33.0-255,66,219,35,268281
26635,4.1e-05,172.217.24.0-255,1484,1703,35,268281
26636,4.6e-05,172.31.33.0-255,66,1769,35,268281
26637,5.1e-05,172.217.24.0-255,2902,4671,35,268281
26638,6.1e-05,172.31.33.0-255,66,4737,35,268281
26639,6.9e-05,172.217.24.0-255,7156,11893,35,268281
26640,7.2e-05,172.31.33.0-255,66,11959,35,268281
26641,7.6e-05,172.217.24.0-255,2902,14861,35,268281
26642,7.9e-05,172.31.33.0-255,66,14927,35,268281
26643,0.000101,172.31.33.0-255,66,14993,35,268281
26644,0.000109,172.217.24.0-255,1484,16477,35,268281
26645,0.000111,172.31.33.0-255,66,16543,35,268281
26646,0.000114,172.217.24.0-255,1484,18027,35,268281
26647,0.000116,172.31.33.0-255,66,18093,35,268281
26648,0.000149,172.217.24.0-255,1484,19577,35,268281
26649,0.000152,172.31.33.0-255,66,19643,35,268281
26650,0.000156,172.217.24.0-255,1484,21127,35,268281
26651,0.000157,172.31.33.0-255,66,21193,35,268281
26652,0.000182,172.217.24.0-255,1125,22318,35,268281
26653,0.000185,172.31.33.0-255,66,22384,35,268281
26654,0.000311,172.217.24.0-255,1484,23868,35,268281
26655,0.000315,172.31.33.0-255,66,23934,35,268281
26656,0.000319,172.217.24.0-255,1484,25418,35,268281
26657,0.000321,172.31.33.0-255,66,25484,35,268281
26658,0.000326,172.217.24.0-255,2902,28386,35,268281
26659,0.000329,172.31.33.0-255,66,28452,35,268281
26660,0.000339,172.217.24.0-255,2902,31354,35,268281
26661,0.000341,172.31.33.0-255,66,31420,35,268281
26662,0.000373,172.217.24.0-255,2902,34322,35,268281
26663,0.000376,172.31.33.0-255,66,34388,35,268281
26664,0.000392,172.31.33.0-255,66,34454,35,268281
26665,0.000445,172.217.24.0-255,4320,38774,35,268281
26666,0.000449,172.31.33.0-255,66,38840,35,268281
26667,0.000479,172.217.24.0-255,4286,43126,35,268281
26668,0.000482,172.31.33.0-255,66,43192,35,268281
26669,0.001068,172.217.24.0-255,115,43307,35,268281
26670,0.001253,172.217.24.0-255,1484,44791,35,268281
26671,0.001259,172.31.33.0-255,66,44857,35,268281
26672,0.001265,172.217.24.0-255,2902,47759,35,268281
26673,0.001267,172.31.33.0-255,66,47825,35,268281
26674,0.00128,172.217.24.0-255,5738,53563,35,268281
26675,0.001282,172.31.33.0-255,66,53629,35,268281
26676,0.001321,172.31.33.0-255,66,53695,35,268281
26677,0.001348,172.217.24.0-255,2543,56238,35,268281
26678,0.001351,172.31.33.0-255,66,56304,35,268281
26679,0.001361,172.31.33.0-255,66,56370,35,268281
26680,0.001364,172.217.24.0-255,1125,57495,35,268281
26681,0.001773,172.217.24.0-255,1484,58979,35,268281
26682,0.001776,172.31.33.0-255,66,59045,35,268281
26683,0.001793,172.217.24.0-255,2902,61947,35,268281
26684,0.001795,172.31.33.0-255,66,62013,35,268281
26685,0.001813,172.217.24.0-255,4320,66333,35,268281
26686,0.001816,172.31.33.0-255,66,66399,35,268281
26687,0.001839,172.217.24.0-255,1484,67883,35,268281
26688,0.001845,172.217.24.0-255,5738,73621,35,268281
26689,0.001847,172.31.33.0-255,66,73687,35,268281
26690,0.001855,172.217.24.0-255,7156,80843,35,268281
26691,0.001856,172.31.33.0-255,66,80909,35,268281
26692,0.001884,172.217.24.0-255,2902,83811,35,268281
26693,0.001886,172.31.33.0-255,66,83877,35,268281
26694,0.001915,172.31.33.0-255,66,83943,35,268281
26695,0.001937,172.217.24.0-255,1484,85427,35,268281
26696,0.001941,172.217.24.0-255,2902,88329,35,268281
26697,0.001943,172.31.33.0-255,66,88395,35,268281
26698,0.001968,172.217.24.0-255,5738,94133,35,268281
26699,0.001971,172.31.33.0-255,66,94199,35,268281
26700,0.001975,172.217.24.0-255,2902,97101,35,268281
26701,0.001977,172.31.33.0-255,66,97167,35,268281
26702,0.001991,172.217.24.0-255,1484,98651,35,268281
26703,0.003908,172.217.24.0-255,1484,100135,35,268281
26704,0.003913,172.31.33.0-255,66,100201,35,268281
26705,0.003946,172.217.24.0-255,2902,103103,35,268281
26706,0.003949,172.31.33.0-255,66,103169,35,268281
26707,0.005862,172.217.24.0-255,2902,106071,35,268281
26708,0.005866,172.31.33.0-255,66,106137,35,268281
26709,0.005887,172.217.24.0-255,2902,109039,35,268281
26710,0.005889,172.31.33.0-255,66,109105,35,268281
26711,0.007859,172.217.24.0-255,5738,114843,35,268281
26712,0.007866,172.31.33.0-255,66,114909,35,268281
26713,0.009815,172.217.24.0-255,5738,120647,35,268281
26714,0.009821,172.31.33.0-255,66,120713,35,268281
26715,0.011764,172.217.24.0-255,4320,125033,35,268281
26716,0.011769,172.31.33.0-255,66,125099,35,268281
26717,0.011795,172.217.24.0-255,1484,126583,35,268281
26718,0.013723,172.217.24.0-255,4320,130903,35,268281
26719,0.013733,172.31.33.0-255,66,130969,35,268281
26720,0.015693,172.217.24.0-255,5738,136707,35,268281
26721,0.015702,172.31.33.0-255,66,136773,35,268281
26722,0.01765,172.217.24.0-255,5738,142511,35,268281
26723,0.017656,172.31.33.0-255,66,142577,35,268281
26724,0.019614,172.217.24.0-255,5738,148315,35,268281
26725,0.019619,172.31.33.0-255,66,148381,35,268281
26726,0.02157,172.217.24.0-255,5738,154119,35,268281
26727,0.021576,172.31.33.0-255,66,154185,35,268281
26728,0.022708,172.31.33.0-255,167,154352,35,268281
26729,0.022739,172.31.33.0-255,1109,155461,35,268281
26730,0.022771,172.31.33.0-255,1514,156975,35,268281
26731,0.022772,172.31.33.0-255,336,157311,35,268281
26732,0.023516,172.217.24.0-255,1484,158795,35,268281
26733,0.023534,172.217.24.0-255,4320,163115,35,268281
26734,0.023539,172.31.33.0-255,66,163181,35,268281
26735,0.024262,104.244.42.0-255,66,163247,35,268281
26736,0.024318,104.244.42.0-255,66,163313,35,268281
26737,0.024322,104.244.42.0-255,66,163379,35,268281
26738,0.025479,172.217.24.0-255,4320,167699,35,268281
26739,0.025485,172.31.33.0-255,66,167765,35,268281
26740,0.025516,172.217.24.0-255,1484,169249,35,268281
26741,0.027449,172.217.24.0-255,4320,173569,35,268281
26742,0.027454,172.31.33.0-255,66,173635,35,268281
26743,0.029392,172.217.24.0-255,5738,179373,35,268281
26744,0.029396,172.31.33.0-255,66,179439,35,268281
26745,0.031364,172.217.24.0-255,5738,185177,35,268281
26746,0.031369,172.31.33.0-255,66,185243,35,268281
26747,0.033309,172.217.24.0-255,5738,190981,35,268281
26748,0.033315,172.31.33.0-255,66,191047,35,268281
26749,0.035268,172.217.24.0-255,2902,193949,35,268281
26750,0.035273,172.31.33.0-255,66,194015,35,268281
26751,0.035308,172.217.24.0-255,2902,196917,35,268281
26752,0.035311,172.31.33.0-255,66,196983,35,268281
26753,0.037239,172.217.24.0-255,2902,199885,35,268281
26754,0.037243,172.31.33.0-255,66,199951,35,268281
26755,0.037277,172.217.24.0-255,2902,202853,35,268281
26756,0.037281,172.31.33.0-255,66,202919,35,268281
26757,0.039186,172.217.24.0-255,2902,205821,35,268281
26758,0.039191,172.31.33.0-255,66,205887,35,268281
26759,0.039219,172.217.24.0-255,2902,208789,35,268281
26760,0.039222,172.31.33.0-255,66,208855,35,268281
26761,0.04118,172.217.24.0-255,2902,211757,35,268281
26762,0.041184,172.31.33.0-255,66,211823,35,268281
26763,0.041218,172.217.24.0-255,2902,214725,35,268281
26764,0.041221,172.31.33.0-255,66,214791,35,268281
26765,0.043127,172.217.24.0-255,2902,217693,35,268281
26766,0.043132,172.31.33.0-255,66,217759,35,268281
26767,0.043161,172.217.24.0-255,2902,220661,35,268281
26768,0.043164,172.31.33.0-255,66,220727,35,268281
26769,0.045084,172.217.24.0-255,2902,223629,35,268281
26770,0.045089,172.31.33.0-255,66,223695,35,268281
26771,0.045127,172.217.24.0-255,2902,226597,35,268281
26772,0.045131,172.31.33.0-255,66,226663,35,268281
26773,0.047049,172.217.24.0-255,2902,229565,35,268281
26774,0.047054,172.31.33.0-255,66,229631,35,268281
26775,0.047087,172.217.24.0-255,2902,232533,35,268281
26776,0.04709,172.31.33.0-255,66,232599,35,268281
26777,0.049028,172.217.24.0-255,2902,235501,35,268281
26778,0.049033,172.31.33.0-255,66,235567,35,268281
26779,0.049068,172.217.24.0-255,2902,238469,35,268281
26780,0.049071,172.31.33.0-255,66,238535,35,268281
26781,0.050975,172.217.24.0-255,2902,241437,35,268281
26782,0.05098,172.31.33.0-255,66,241503,35,268281
26783,0.051016,172.217.24.0-255,2902,244405,35,268281
26784,0.05102,172.31.33.0-255,66,244471,35,268281
26785,0.052921,172.217.24.0-255,2902,247373,35,268281
26786,0.052927,172.31.33.0-255,66,247439,35,268281
26787,0.052961,172.217.24.0-255,2902,250341,35,268281
26788,0.052965,172.31.33.0-255,66,250407,35,268281
26789,0.054883,172.217.24.0-255,2902,253309,35,268281
26790,0.054888,172.31.33.0-255,66,253375,35,268281
26791,0.054923,172.217.24.0-255,2902,256277,35,268281
26792,0.054926,172.31.33.0-255,66,256343,35,268281
26793,0.05684,172.217.24.0-255,2902,259245,35,268281
26794,0.056845,172.31.33.0-255,66,259311,35,268281
26795,0.056872,172.217.24.0-255,1484,260795,35,268281
26796,0.056883,172.217.24.0-255,1484,262279,35,268281
26797,0.056885,172.31.33.0-255,66,262345,35,268281
26798,0.058825,172.217.24.0-255,2902,265247,35,268281
26799,0.05883,172.31.33.0-255,66,265313,35,268281
26800,0.058863,172.217.24.0-255,2902,268215,35,268281
26801,0.058867,172.31.33.0-255,66,268281,35,268281
26802,0.0,172.31.33.0-255,105,105,35,276
26803,0.002068,157.240.7.0-255,105,210,35,276
26804,0.002078,172.31.33.0-255,66,276,35,276
26805,0.0,172.217.194.0-255,147,147,35,203486
26806,2.4e-05,172.31.33.0-255,66,213,35,203486
26807,3.1e-05,172.217.194.0-255,1484,1697,35,203486
26808,3.5e-05,172.31.33.0-255,66,1763,35,203486
26809,4.1e-05,172.217.194.0-255,2902,4665,35,203486
26810,4.5e-05,172.31.33.0-255,66,4731,35,203486
26811,5.4e-05,172.217.194.0-255,7156,11887,35,203486
26812,5.7e-05,172.31.33.0-255,66,11953,35,203486
26813,6.9e-05,172.31.33.0-255,66,12019,35,203486
26814,9.6e-05,172.217.194.0-255,4320,16339,35,203486
26815,9.9e-05,172.31.33.0-255,66,16405,35,203486
26816,0.000122,172.217.194.0-255,6797,23202,35,203486
26817,0.000125,172.31.33.0-255,66,23268,35,203486
26818,0.000173,172.217.194.0-255,1484,24752,35,203486
26819,0.000175,172.31.33.0-255,66,24818,35,203486
26820,0.00018,172.217.194.0-255,2902,27720,35,203486
26821,0.000183,172.31.33.0-255,66,27786,35,203486
26822,0.000199,172.217.194.0-255,4320,32106,35,203486
26823,0.000202,172.31.33.0-255,66,32172,35,203486
26824,0.000222,172.217.194.0-255,1484,33656,35,203486
26825,0.000261,172.217.194.0-255,4320,37976,35,203486
26826,0.000265,172.31.33.0-255,66,38042,35,203486
26827,0.000269,172.31.33.0-255,66,38108,35,203486
26828,0.000302,172.31.33.0-255,66,38174,35,203486
26829,0.000314,172.31.33.0-255,66,38240,35,203486
26830,0.000317,172.217.194.0-255,115,38355,35,203486
26831,0.000319,172.31.33.0-255,66,38421,35,203486
26832,0.000338,172.217.194.0-255,380,38801,35,203486
26833,0.000341,172.31.33.0-255,66,38867,35,203486
26834,0.000654,172.217.194.0-255,1484,40351,35,203486
26835,0.000662,172.217.194.0-255,2902,43253,35,203486
26836,0.000666,172.31.33.0-255,66,43319,35,203486
26837,0.000672,172.217.194.0-255,4320,47639,35,203486
26838,0.000675,172.31.33.0-255,66,47705,35,203486
26839,0.000702,172.217.194.0-255,1484,49189,35,203486
26840,0.000717,172.31.33.0-255,66,49255,35,203486
26841,0.000729,172.31.33.0-255,66,49321,35,203486
26842,0.000952,172.217.194.0-255,1484,50805,35,203486
26843,0.000958,172.217.194.0-255,2902,53707,35,203486
26844,0.000962,172.31.33.0-255,66,53773,35,203486
26845,0.000966,172.217.194.0-255,1484,55257,35,203486
26846,0.000983,172.217.194.0-255,4320,59577,35,203486
26847,0.000985,172.31.33.0-255,66,59643,35,203486
26848,0.001008,172.217.194.0-255,1484,61127,35,203486
26849,0.001026,172.217.194.0-255,7156,68283,35,203486
26850,0.00103,172.217.194.0-255,2902,71185,35,203486
26851,0.001034,172.31.33.0-255,66,71251,35,203486
26852,0.001036,172.31.33.0-255,66,71317,35,203486
26853,0.001054,172.217.194.0-255,7156,78473,35,203486
26854,0.001057,172.31.33.0-255,66,78539,35,203486
26855,0.001062,172.217.194.0-255,5020,83559,35,203486
26856,0.001065,172.31.33.0-255,66,83625,35,203486
26857,0.001128,172.217.194.0-255,1484,85109,35,203486
26858,0.001134,172.217.194.0-255,2902,88011,35,203486
26859,0.001137,172.31.33.0-255,66,88077,35,203486
26860,0.001158,172.217.194.0-255,2902,90979,35,203486
26861,0.001161,172.31.33.0-255,66,91045,35,203486
26862,0.001166,172.217.194.0-255,4320,95365,35,203486
26863,0.001168,172.31.33.0-255,66,95431,35,203486
26864,0.001171,172.217.194.0-255,1484,96915,35,203486
26865,0.001199,172.217.194.0-255,7156,104071,35,203486
26866,0.001202,172.31.33.0-255,66,104137,35,203486
26867,0.001206,172.217.194.0-255,1484,105621,35,203486
26868,0.001235,172.31.33.0-255,66,105687,35,203486
26869,0.001267,172.217.194.0-255,1484,107171,35,203486
26870,0.001289,172.217.194.0-255,2902,110073,35,203486
26871,0.001292,172.31.33.0-255,66,110139,35,203486
26872,0.001298,172.217.194.0-255,5738,115877,35,203486
26873,0.001301,172.31.33.0-255,66,115943,35,203486
26874,0.00137,172.31.33.0-255,66,116009,35,203486
26875,0.001438,172.217.194.0-255,4320,120329,35,203486
26876,0.001443,172.217.194.0-255,2902,123231,35,203486
26877,0.001494,172.31.33.0-255,66,123297,35,203486
26878,0.001505,172.217.194.0-255,7156,130453,35,203486
26879,0.001507,172.217.194.0-255,766,131219,35,203486
26880,0.001521,172.217.194.0-255,5738,136957,35,203486
26881,0.001524,172.31.33.0-255,66,137023,35,203486
26882,0.001557,172.31.33.0-255,66,137089,35,203486
26883,0.001598,172.31.33.0-255,66,137155,35,203486
26884,0.001607,172.217.194.0-255,2902,140057,35,203486
26885,0.001609,172.217.194.0-255,766,140823,35,203486
26886,0.00162,172.31.33.0-255,66,140889,35,203486
26887,0.001637,172.217.194.0-255,2902,143791,35,203486
26888,0.001643,172.217.194.0-255,4320,148111,35,203486
26889,0.001648,172.217.194.0-255,4320,152431,35,203486
26890,0.001661,172.31.33.0-255,66,152497,35,203486
26891,0.001672,172.217.194.0-255,4320,156817,35,203486
26892,0.001677,172.31.33.0-255,66,156883,35,203486
26893,0.001715,172.31.33.0-255,66,156949,35,203486
26894,0.00172,172.217.194.0-255,2902,159851,35,203486
26895,0.001724,172.31.33.0-255,66,159917,35,203486
26896,0.001741,172.217.194.0-255,5020,164937,35,203486
26897,0.001789,172.217.194.0-255,2184,167121,35,203486
26898,0.001792,172.31.33.0-255,66,167187,35,203486
26899,0.001797,172.31.33.0-255,66,167253,35,203486
26900,0.001809,172.217.194.0-255,1484,168737,35,203486
26901,0.001813,172.217.194.0-255,2902,171639,35,203486
26902,0.001839,172.217.194.0-255,5738,177377,35,203486
26903,0.001852,172.217.194.0-255,1484,178861,35,203486
26904,0.001861,172.31.33.0-255,66,178927,35,203486
26905,0.001912,172.31.33.0-255,66,178993,35,203486
26906,0.001917,172.31.33.0-255,66,179059,35,203486
26907,0.001926,172.217.194.0-255,2184,181243,35,203486
26908,0.00195,172.217.194.0-255,4320,185563,35,203486
26909,0.001954,172.217.194.0-255,2902,188465,35,203486
26910,0.001973,172.31.33.0-255,66,188531,35,203486
26911,0.001995,172.217.194.0-255,7156,195687,35,203486
26912,0.002007,172.217.194.0-255,2423,198110,35,203486
26913,0.00201,172.217.194.0-255,105,198215,35,203486
26914,0.002023,172.217.194.0-255,129,198344,35,203486
26915,0.00203,172.31.33.0-255,66,198410,35,203486
26916,0.016878,172.31.33.0-255,105,198515,35,203486
26917,0.016936,172.31.33.0-255,105,198620,35,203486
26918,0.017351,172.31.33.0-255,90,198710,35,203486
26919,0.017359,172.31.33.0-255,66,198776,35,203486
26920,0.01919,172.217.194.0-255,66,198842,35,203486
26921,0.019216,172.217.194.0-255,66,198908,35,203486
26922,0.019664,172.217.194.0-255,66,198974,35,203486
26923,0.019693,172.217.194.0-255,66,199040,35,203486
26924,0.019703,172.31.33.0-255,66,199106,35,203486
26925,0.055383,172.31.33.0-255,172,199278,35,203486
26926,0.055421,172.31.33.0-255,1108,200386,35,203486
26927,0.055507,172.31.33.0-255,1514,201900,35,203486
26928,0.055509,172.31.33.0-255,1388,203288,35,203486
26929,0.056937,104.244.42.0-255,66,203354,35,203486
26930,0.056975,104.244.42.0-255,66,203420,35,203486
26931,0.057075,104.244.42.0-255,66,203486,35,203486
26932,0.0,172.31.33.0-255,105,105,35,276
26933,0.001795,157.240.7.0-255,105,210,35,276
26934,0.001807,172.31.33.0-255,66,276,35,276
26935,0.0,74.125.24.0-255,152,152,35,333700
26936,2.1e-05,172.31.33.0-255,66,218,35,333700
26937,2.8e-05,74.125.24.0-255,1484,1702,35,333700
26938,3.3e-05,172.31.33.0-255,66,1768,35,333700
26939,3.8e-05,74.125.24.0-255,2902,4670,35,333700
26940,4e-05,172.31.33.0-255,66,4736,35,333700
26941,4.3e-05,74.125.24.0-255,1484,6220,35,333700
26942,4.5e-05,172.31.33.0-255,66,6286,35,333700
26943,7.4e-05,74.125.24.0-255,5738,12024,35,333700
26944,7.7e-05,172.31.33.0-255,66,12090,35,333700
26945,8.1e-05,74.125.24.0-255,2110,14200,35,333700
26946,8.2e-05,172.31.33.0-255,66,14266,35,333700
26947,0.000321,74.125.24.0-255,1484,15750,35,333700
26948,0.000327,172.31.33.0-255,66,15816,35,333700
26949,0.000333,74.125.24.0-255,2902,18718,35,333700
26950,0.000335,172.31.33.0-255,66,18784,35,333700
26951,0.000342,74.125.24.0-255,5738,24522,35,333700
26952,0.000344,172.31.33.0-255,66,24588,35,333700
26953,0.000362,74.125.24.0-255,6797,31385,35,333700
26954,0.000365,172.31.33.0-255,66,31451,35,333700
26955,0.000405,74.125.24.0-255,7156,38607,35,333700
26956,0.000409,172.31.33.0-255,66,38673,35,333700
26957,0.000416,74.125.24.0-255,4320,42993,35,333700
26958,0.000418,172.31.33.0-255,66,43059,35,333700
26959,0.000464,74.125.24.0-255,2902,45961,35,333700
26960,0.000468,172.31.33.0-255,66,46027,35,333700
26961,0.000486,74.125.24.0-255,2543,48570,35,333700
26962,0.000494,172.31.33.0-255,66,48636,35,333700
26963,0.000747,74.125.24.0-255,1484,50120,35,333700
26964,0.000751,172.31.33.0-255,66,50186,35,333700
26965,0.00076,74.125.24.0-255,2902,53088,35,333700
26966,0.000762,172.31.33.0-255,66,53154,35,333700
26967,0.000767,74.125.24.0-255,2902,56056,35,333700
26968,0.000789,74.125.24.0-255,7156,63212,35,333700
26969,0.000816,74.125.24.0-255,2543,65755,35,333700
26970,0.000875,74.125.24.0-255,1484,67239,35,333700
26971,0.00088,74.125.24.0-255,2902,70141,35,333700
26972,0.000892,74.125.24.0-255,1484,71625,35,333700
26973,0.000907,74.125.24.0-255,4320,75945,35,333700
26974,0.000922,74.125.24.0-255,2902,78847,35,333700
26975,0.000938,74.125.24.0-255,5379,84226,35,333700
26976,0.000944,74.125.24.0-255,4320,88546,35,333700
26977,0.000959,74.125.24.0-255,4320,92866,35,333700
26978,0.000965,74.125.24.0-255,4320,97186,35,333700
26979,0.00098,74.125.24.0-255,2543,99729,35,333700
26980,0.001032,74.125.24.0-255,1484,101213,35,333700
26981,0.001038,74.125.24.0-255,2902,104115,35,333700
26982,0.001051,74.125.24.0-255,1484,105599,35,333700
26983,0.001066,74.125.24.0-255,4320,109919,35,333700
26984,0.001085,74.125.24.0-255,4320,114239,35,333700
26985,0.001101,74.125.24.0-255,2574,116813,35,333700
26986,0.001313,74.125.24.0-255,1484,118297,35,333700
26987,0.00132,74.125.24.0-255,2902,121199,35,333700
26988,0.00134,74.125.24.0-255,5738,126937,35,333700
26989,0.001414,74.125.24.0-255,2902,129839,35,333700
26990,0.00142,74.125.24.0-255,5738,135577,35,333700
26991,0.001425,74.125.24.0-255,5020,140597,35,333700
26992,0.001524,74.125.24.0-255,1484,142081,35,333700
26993,0.001534,74.125.24.0-255,1484,143565,35,333700
26994,0.001546,74.125.24.0-255,1484,145049,35,333700
26995,0.001552,74.125.24.0-255,5738,150787,35,333700
26996,0.001564,74.125.24.0-255,2902,153689,35,333700
26997,0.001588,74.125.24.0-255,2902,156591,35,333700
26998,0.001603,74.125.24.0-255,4320,160911,35,333700
26999,0.001627,74.125.24.0-255,1484,162395,35,333700
27000,0.001642,74.125.24.0-255,2184,164579,35,333700
27001,0.001647,74.125.24.0-255,4320,168899,35,333700
27002,0.00169,74.125.24.0-255,5738,174637,35,333700
27003,0.00171,74.125.24.0-255,7156,181793,35,333700
27004,0.001739,74.125.24.0-255,6438,188231,35,333700
27005,0.00182,74.125.24.0-255,1484,189715,35,333700
27006,0.00185,74.125.24.0-255,2902,192617,35,333700
27007,0.001866,74.125.24.0-255,5738,198355,35,333700
27008,0.001885,74.125.24.0-255,5738,204093,35,333700
27009,0.001899,74.125.24.0-255,7156,211249,35,333700
27010,0.00194,74.125.24.0-255,2902,214151,35,333700
27011,0.002003,74.125.24.0-255,7156,221307,35,333700
27012,0.002042,74.125.24.0-255,2902,224209,35,333700
27013,0.002155,74.125.24.0-255,1484,225693,35,333700
27014,0.002167,74.125.24.0-255,2902,228595,35,333700
27015,0.00217,74.125.24.0-255,1484,230079,35,333700
27016,0.002184,74.125.24.0-255,4320,234399,35,333700
27017,0.00219,74.125.24.0-255,5738,240137,35,333700
27018,0.002205,74.125.24.0-255,2902,243039,35,333700
27019,0.00225,74.125.24.0-255,2902,245941,35,333700
27020,0.007165,172.31.33.0-255,66,246007,35,333700
27021,0.009516,74.125.24.0-255,5738,251745,35,333700
27022,0.009525,172.31.33.0-255,66,251811,35,333700
27023,0.011828,74.125.24.0-255,5738,257549,35,333700
27024,0.012283,172.31.33.0-255,66,257615,35,333700
27025,0.014645,74.125.24.0-255,5738,263353,35,333700
27026,0.014667,172.31.33.0-255,66,263419,35,333700
27027,0.017019,74.125.24.0-255,5738,269157,35,333700
27028,0.017026,172.31.33.0-255,66,269223,35,333700
27029,0.019348,74.125.24.0-255,5738,274961,35,333700
27030,0.019354,172.31.33.0-255,66,275027,35,333700
27031,0.021717,74.125.24.0-255,5738,280765,35,333700
27032,0.021726,172.31.33.0-255,66,280831,35,333700
27033,0.024027,74.125.24.0-255,5738,286569,35,333700
27034,0.024033,172.31.33.0-255,66,286635,35,333700
27035,0.026338,74.125.24.0-255,5738,292373,35,333700
27036,0.026344,172.31.33.0-255,66,292439,35,333700
27037,0.028731,74.125.24.0-255,5738,298177,35,333700
27038,0.02875,172.31.33.0-255,66,298243,35,333700
27039,0.031121,74.125.24.0-255,5738,303981,35,333700
27040,0.031142,172.31.33.0-255,66,304047,35,333700
27041,0.033517,74.125.24.0-255,5738,309785,35,333700
27042,0.033534,172.31.33.0-255,66,309851,35,333700
27043,0.035863,74.125.24.0-255,5738,315589,35,333700
27044,0.035877,172.31.33.0-255,66,315655,35,333700
27045,0.038214,74.125.24.0-255,5738,321393,35,333700
27046,0.03822,172.31.33.0-255,66,321459,35,333700
27047,0.040555,74.125.24.0-255,5180,326639,35,333700
27048,0.040561,172.31.33.0-255,66,326705,35,333700
27049,0.040773,172.31.33.0-255,105,326810,35,333700
27050,0.043083,74.125.24.0-255,66,326876,35,333700
27051,0.057746,172.31.33.0-255,172,327048,35,333700
27052,0.057784,172.31.33.0-255,1109,328157,35,333700
27053,0.057876,172.31.33.0-255,1514,329671,35,333700
27054,0.057878,172.31.33.0-255,1514,331185,35,333700
27055,0.057883,172.31.33.0-255,1514,332699,35,333700
27056,0.057884,172.31.33.0-255,803,333502,35,333700
27057,0.059287,104.244.42.0-255,66,333568,35,333700
27058,0.059397,104.244.42.0-255,66,333634,35,333700
27059,0.059438,104.244.42.0-255,66,333700,35,333700
27060,0.0,172.31.33.0-255,105,105,35,276
27061,0.001765,157.240.7.0-255,105,210,35,276
27062,0.001774,172.31.33.0-255,66,276,35,276
27063,0.0,172.31.33.0-255,105,105,35,276
27064,0.001775,157.240.7.0-255,105,210,35,276
27065,0.001787,172.31.33.0-255,66,276,35,276
27066,0.0,172.31.33.0-255,105,105,35,276
27067,0.001479,157.240.7.0-255,105,210,35,276
27068,0.001491,172.31.33.0-255,66,276,35,276
27069,0.0,104.244.42.0-255,66,66,35,66
27070,0.0,172.31.33.0-255,105,105,35,276
27071,0.001761,157.240.7.0-255,105,210,35,276
27072,0.00177,172.31.33.0-255,66,276,35,276
27073,0.0,172.31.33.0-255,105,105,35,276
27074,0.001784,157.240.7.0-255,105,210,35,276
27075,0.0018,172.31.33.0-255,66,276,35,276
27076,0.0,172.31.33.0-255,105,105,35,286213
27077,0.001444,157.240.7.0-255,105,210,35,286213
27078,0.001453,172.31.33.0-255,66,276,35,286213
27079,0.057082,172.253.118.0-255,153,429,35,286213
27080,0.057104,172.31.33.0-255,66,495,35,286213
27081,0.057121,172.253.118.0-255,1484,1979,35,286213
27082,0.057125,172.31.33.0-255,66,2045,35,286213
27083,0.057137,172.253.118.0-255,1484,3529,35,286213
27084,0.057139,172.31.33.0-255,66,3595,35,286213
27085,0.057156,172.253.118.0-255,1484,5079,35,286213
27086,0.057158,172.31.33.0-255,66,5145,35,286213
27087,0.057164,172.253.118.0-255,5738,10883,35,286213
27088,0.057166,172.31.33.0-255,66,10949,35,286213
27089,0.057185,172.253.118.0-255,3583,14532,35,286213
27090,0.057187,172.31.33.0-255,66,14598,35,286213
27091,0.057297,172.253.118.0-255,1484,16082,35,286213
27092,0.057301,172.31.33.0-255,66,16148,35,286213
27093,0.057313,172.253.118.0-255,2902,19050,35,286213
27094,0.057315,172.31.33.0-255,66,19116,35,286213
27095,0.057343,172.253.118.0-255,5738,24854,35,286213
27096,0.057346,172.31.33.0-255,66,24920,35,286213
27097,0.057353,172.253.118.0-255,5738,30658,35,286213
27098,0.057354,172.31.33.0-255,66,30724,35,286213
27099,0.05738,172.253.118.0-255,2902,33626,35,286213
27100,0.057383,172.31.33.0-255,66,33692,35,286213
27101,0.057412,172.31.33.0-255,66,33758,35,286213
27102,0.05742,172.253.118.0-255,7156,40914,35,286213
27103,0.057422,172.31.33.0-255,66,40980,35,286213
27104,0.057465,172.253.118.0-255,4320,45300,35,286213
27105,0.057469,172.31.33.0-255,66,45366,35,286213
27106,0.057494,172.31.33.0-255,66,45432,35,286213
27107,0.057497,172.253.118.0-255,432,45864,35,286213
27108,0.057499,172.31.33.0-255,66,45930,35,286213
27109,0.057544,172.253.118.0-255,1484,47414,35,286213
27110,0.05756,172.253.118.0-255,2902,50316,35,286213
27111,0.057564,172.31.33.0-255,66,50382,35,286213
27112,0.057583,172.253.118.0-255,1484,51866,35,286213
27113,0.05759,172.253.118.0-255,7156,59022,35,286213
27114,0.057592,172.31.33.0-255,66,59088,35,286213
27115,0.057597,172.253.118.0-255,3657,62745,35,286213
27116,0.0576,172.31.33.0-255,66,62811,35,286213
27117,0.057975,172.253.118.0-255,1484,64295,35,286213
27118,0.057982,172.253.118.0-255,2902,67197,35,286213
27119,0.057985,172.31.33.0-255,66,67263,35,286213
27120,0.057998,172.253.118.0-255,2902,70165,35,286213
27121,0.058,172.31.33.0-255,66,70231,35,286213
27122,0.058015,172.253.118.0-255,2902,73133,35,286213
27123,0.058017,172.31.33.0-255,66,73199,35,286213
27124,0.05802,172.253.118.0-255,1484,74683,35,286213
27125,0.058054,172.31.33.0-255,66,74749,35,286213
27126,0.058065,172.31.33.0-255,66,74815,35,286213
27127,0.058474,172.253.118.0-255,1484,76299,35,286213
27128,0.05848,172.253.118.0-255,2902,79201,35,286213
27129,0.058484,172.31.33.0-255,66,79267,35,286213
27130,0.058487,172.253.118.0-255,1484,80751,35,286213
27131,0.058506,172.253.118.0-255,4320,85071,35,286213
27132,0.058507,172.31.33.0-255,66,85137,35,286213
27133,0.058512,172.253.118.0-255,4320,89457,35,286213
27134,0.058514,172.31.33.0-255,66,89523,35,286213
27135,0.05853,172.253.118.0-255,2902,92425,35,286213
27136,0.058532,172.31.33.0-255,66,92491,35,286213
27137,0.058541,172.31.33.0-255,66,92557,35,286213
27138,0.058562,172.253.118.0-255,4320,96877,35,286213
27139,0.058563,172.31.33.0-255,66,96943,35,286213
27140,0.058567,172.253.118.0-255,2184,99127,35,286213
27141,0.058568,172.31.33.0-255,66,99193,35,286213
27142,0.058724,172.253.118.0-255,1484,100677,35,286213
27143,0.058728,172.253.118.0-255,2902,103579,35,286213
27144,0.058729,172.31.33.0-255,66,103645,35,286213
27145,0.058748,172.253.118.0-255,5738,109383,35,286213
27146,0.05875,172.31.33.0-255,66,109449,35,286213
27147,0.058753,172.253.118.0-255,2902,112351,35,286213
27148,0.058754,172.31.33.0-255,66,112417,35,286213
27149,0.058767,172.253.118.0-255,1484,113901,35,286213
27150,0.058788,172.253.118.0-255,5738,119639,35,286213
27151,0.05879,172.31.33.0-255,66,119705,35,286213
27152,0.058807,172.253.118.0-255,5738,125443,35,286213
27153,0.058809,172.31.33.0-255,66,125509,35,286213
27154,0.058844,172.253.118.0-255,4320,129829,35,286213
27155,0.058846,172.31.33.0-255,66,129895,35,286213
27156,0.058857,172.253.118.0-255,2902,132797,35,286213
27157,0.058859,172.31.33.0-255,66,132863,35,286213
27158,0.05886,172.253.118.0-255,766,133629,35,286213
27159,0.059016,172.253.118.0-255,1484,135113,35,286213
27160,0.059018,172.31.33.0-255,66,135179,35,286213
27161,0.059041,172.253.118.0-255,2902,138081,35,286213
27162,0.059043,172.31.33.0-255,66,138147,35,286213
27163,0.059062,172.253.118.0-255,5738,143885,35,286213
27164,0.059064,172.31.33.0-255,66,143951,35,286213
27165,0.059067,172.253.118.0-255,2902,146853,35,286213
27166,0.059069,172.31.33.0-255,66,146919,35,286213
27167,0.059085,172.253.118.0-255,7156,154075,35,286213
27168,0.059087,172.31.33.0-255,66,154141,35,286213
27169,0.059105,172.253.118.0-255,1484,155625,35,286213
27170,0.059126,172.31.33.0-255,66,155691,35,286213
27171,0.05914,172.253.118.0-255,766,156457,35,286213
27172,0.059159,172.253.118.0-255,1484,157941,35,286213
27173,0.05916,172.31.33.0-255,66,158007,35,286213
27174,0.059177,172.253.118.0-255,2902,160909,35,286213
27175,0.059179,172.31.33.0-255,66,160975,35,286213
27176,0.059191,172.253.118.0-255,5738,166713,35,286213
27177,0.059193,172.31.33.0-255,66,166779,35,286213
27178,0.059204,172.253.118.0-255,1484,168263,35,286213
27179,0.059215,172.253.118.0-255,1484,169747,35,286213
27180,0.059216,172.31.33.0-255,66,169813,35,286213
27181,0.059236,172.253.118.0-255,7156,176969,35,286213
27182,0.059237,172.31.33.0-255,66,177035,35,286213
27183,0.059272,172.253.118.0-255,5738,182773,35,286213
27184,0.059274,172.31.33.0-255,66,182839,35,286213
27185,0.059299,172.31.33.0-255,66,182905,35,286213
27186,0.059303,172.253.118.0-255,2902,185807,35,286213
27187,0.059304,172.31.33.0-255,66,185873,35,286213
27188,0.059332,172.253.118.0-255,4320,190193,35,286213
27189,0.059334,172.31.33.0-255,66,190259,35,286213
27190,0.059336,172.253.118.0-255,1484,191743,35,286213
27191,0.059358,172.253.118.0-255,7156,198899,35,286213
27192,0.05936,172.31.33.0-255,66,198965,35,286213
27193,0.059366,172.253.118.0-255,7156,206121,35,286213
27194,0.059368,172.31.33.0-255,66,206187,35,286213
27195,0.059379,172.253.118.0-255,1484,207671,35,286213
27196,0.059381,172.253.118.0-255,1484,209155,35,286213
27197,0.059383,172.31.33.0-255,66,209221,35,286213
27198,0.059413,172.253.118.0-255,2902,212123,35,286213
27199,0.059414,172.31.33.0-255,66,212189,35,286213
27200,0.059434,172.253.118.0-255,5020,217209,35,286213
27201,0.059436,172.31.33.0-255,66,217275,35,286213
27202,0.059638,172.253.118.0-255,1484,218759,35,286213
27203,0.05965,172.253.118.0-255,2902,221661,35,286213
27204,0.059652,172.31.33.0-255,66,221727,35,286213
27205,0.059663,172.253.118.0-255,1484,223211,35,286213
27206,0.059684,172.253.118.0-255,4320,227531,35,286213
27207,0.059686,172.31.33.0-255,66,227597,35,286213
27208,0.059692,172.253.118.0-255,7156,234753,35,286213
27209,0.059694,172.31.33.0-255,66,234819,35,286213
27210,0.059709,172.253.118.0-255,5738,240557,35,286213
27211,0.059711,172.31.33.0-255,66,240623,35,286213
27212,0.059722,172.253.118.0-255,1484,242107,35,286213
27213,0.059737,172.253.118.0-255,7156,249263,35,286213
27214,0.059739,172.31.33.0-255,66,249329,35,286213
27215,0.059753,172.253.118.0-255,2184,251513,35,286213
27216,0.059754,172.31.33.0-255,66,251579,35,286213
27217,0.059832,172.253.118.0-255,1484,253063,35,286213
27218,0.059835,172.253.118.0-255,1484,254547,35,286213
27219,0.059837,172.31.33.0-255,66,254613,35,286213
27220,0.059845,172.253.118.0-255,1484,256097,35,286213
27221,0.059859,172.253.118.0-255,4320,260417,35,286213
27222,0.059861,172.31.33.0-255,66,260483,35,286213
27223,0.059881,172.253.118.0-255,1484,261967,35,286213
27224,0.059886,172.253.118.0-255,5738,267705,35,286213
27225,0.059888,172.31.33.0-255,66,267771,35,286213
27226,0.059892,172.253.118.0-255,4320,272091,35,286213
27227,0.059894,172.31.33.0-255,66,272157,35,286213
27228,0.059913,172.31.33.0-255,66,272223,35,286213
27229,0.059915,172.253.118.0-255,1484,273707,35,286213
27230,0.05993,172.253.118.0-255,5020,278727,35,286213
27231,0.059932,172.31.33.0-255,66,278793,35,286213
27232,0.059935,172.253.118.0-255,2902,281695,35,286213
27233,0.059937,172.31.33.0-255,66,281761,35,286213
27234,0.059959,172.253.118.0-255,4320,286081,35,286213
27235,0.059962,172.31.33.0-255,66,286147,35,286213
27236,0.059999,172.31.33.0-255,66,286213,35,286213
27237,0.0,172.217.194.0-255,152,152,35,237885
27238,2.4e-05,172.31.33.0-255,66,218,35,237885
27239,3.1e-05,172.217.194.0-255,1484,1702,35,237885
27240,3.6e-05,172.31.33.0-255,66,1768,35,237885
27241,4.2e-05,172.217.194.0-255,2902,4670,35,237885
27242,4.5e-05,172.31.33.0-255,66,4736,35,237885
27243,5.4e-05,172.217.194.0-255,7156,11892,35,237885
27244,5.7e-05,172.31.33.0-255,66,11958,35,237885
27245,6.1e-05,172.217.194.0-255,2095,14053,35,237885
27246,6.5e-05,172.31.33.0-255,66,14119,35,237885
27247,9e-05,172.217.194.0-255,4320,18439,35,237885
27248,9.3e-05,172.31.33.0-255,66,18505,35,237885
27249,9.8e-05,172.217.194.0-255,2902,21407,35,237885
27250,0.0001,172.31.33.0-255,66,21473,35,237885
27251,0.000114,172.217.194.0-255,2902,24375,35,237885
27252,0.000116,172.31.33.0-255,66,24441,35,237885
27253,0.000154,172.217.194.0-255,4320,28761,35,237885
27254,0.000156,172.31.33.0-255,66,28827,35,237885
27255,0.000176,172.217.194.0-255,2543,31370,35,237885
27256,0.000178,172.31.33.0-255,66,31436,35,237885
27257,0.000198,172.217.194.0-255,5738,37174,35,237885
27258,0.000201,172.31.33.0-255,66,37240,35,237885
27259,0.000206,172.217.194.0-255,4320,41560,35,237885
27260,0.000208,172.31.33.0-255,66,41626,35,237885
27261,0.00023,172.217.194.0-255,2902,44528,35,237885
27262,0.000232,172.31.33.0-255,66,44594,35,237885
27263,0.000267,172.217.194.0-255,3961,48555,35,237885
27264,0.000269,172.31.33.0-255,66,48621,35,237885
27265,0.001446,172.217.194.0-255,1484,50105,35,237885
27266,0.001452,172.31.33.0-255,66,50171,35,237885
27267,0.00146,172.217.194.0-255,2902,53073,35,237885
27268,0.001463,172.31.33.0-255,66,53139,35,237885
27269,0.001468,172.217.194.0-255,4320,57459,35,237885
27270,0.00147,172.31.33.0-255,66,57525,35,237885
27271,0.001489,172.217.194.0-255,1484,59009,35,237885
27272,0.0015,172.31.33.0-255,66,59075,35,237885
27273,0.001512,172.217.194.0-255,1125,60200,35,237885
27274,0.001547,172.217.194.0-255,5738,65938,35,237885
27275,0.00155,172.31.33.0-255,66,66004,35,237885
27276,0.001568,172.31.33.0-255,66,66070,35,237885
27277,0.001575,172.217.194.0-255,7156,73226,35,237885
27278,0.001577,172.31.33.0-255,66,73292,35,237885
27279,0.001606,172.217.194.0-255,7156,80448,35,237885
27280,0.001608,172.31.33.0-255,66,80514,35,237885
27281,0.001612,172.217.194.0-255,3124,83638,35,237885
27282,0.001615,172.31.33.0-255,66,83704,35,237885
27283,0.001696,172.217.194.0-255,1484,85188,35,237885
27284,0.001711,172.217.194.0-255,2902,88090,35,237885
27285,0.001713,172.31.33.0-255,66,88156,35,237885
27286,0.001733,172.217.194.0-255,5738,93894,35,237885
27287,0.001735,172.31.33.0-255,66,93960,35,237885
27288,0.001741,172.217.194.0-255,5738,99698,35,237885
27289,0.001743,172.31.33.0-255,66,99764,35,237885
27290,0.001761,172.217.194.0-255,7156,106920,35,237885
27291,0.001764,172.31.33.0-255,66,106986,35,237885
27292,0.001766,172.217.194.0-255,1484,108470,35,237885
27293,0.00182,172.31.33.0-255,66,108536,35,237885
27294,0.001838,172.217.194.0-255,5738,114274,35,237885
27295,0.001839,172.31.33.0-255,66,114340,35,237885
27296,0.001859,172.217.194.0-255,7156,121496,35,237885
27297,0.001862,172.31.33.0-255,66,121562,35,237885
27298,0.001864,172.217.194.0-255,1484,123046,35,237885
27299,0.001897,172.31.33.0-255,66,123112,35,237885
27300,0.001904,172.217.194.0-255,6438,129550,35,237885
27301,0.001906,172.31.33.0-255,66,129616,35,237885
27302,0.002124,172.217.194.0-255,1484,131100,35,237885
27303,0.002138,172.217.194.0-255,2902,134002,35,237885
27304,0.002141,172.31.33.0-255,66,134068,35,237885
27305,0.002174,172.217.194.0-255,5738,139806,35,237885
27306,0.002177,172.31.33.0-255,66,139872,35,237885
27307,0.002206,172.31.33.0-255,66,139938,35,237885
27308,0.002216,172.31.33.0-255,66,140004,35,237885
27309,0.002235,172.217.194.0-255,1484,141488,35,237885
27310,0.002238,172.217.194.0-255,766,142254,35,237885
27311,0.00224,172.31.33.0-255,66,142320,35,237885
27312,0.002328,172.217.194.0-255,1484,143804,35,237885
27313,0.002341,172.217.194.0-255,1484,145288,35,237885
27314,0.002342,172.31.33.0-255,66,145354,35,237885
27315,0.002354,172.217.194.0-255,1484,146838,35,237885
27316,0.002368,172.217.194.0-255,5738,152576,35,237885
27317,0.00237,172.31.33.0-255,66,152642,35,237885
27318,0.002385,172.217.194.0-255,1484,154126,35,237885
27319,0.002409,172.31.33.0-255,66,154192,35,237885
27320,0.002412,172.217.194.0-255,1484,155676,35,237885
27321,0.002415,172.217.194.0-255,1484,157160,35,237885
27322,0.002416,172.31.33.0-255,66,157226,35,237885
27323,0.002423,172.217.194.0-255,5738,162964,35,237885
27324,0.002425,172.31.33.0-255,66,163030,35,237885
27325,0.002446,172.217.194.0-255,1484,164514,35,237885
27326,0.00245,172.217.194.0-255,2184,166698,35,237885
27327,0.002452,172.31.33.0-255,66,166764,35,237885
27328,0.00261,172.217.194.0-255,1484,168248,35,237885
27329,0.002626,172.217.194.0-255,2902,171150,35,237885
27330,0.002629,172.31.33.0-255,66,171216,35,237885
27331,0.002633,172.217.194.0-255,2902,174118,35,237885
27332,0.002635,172.31.33.0-255,66,174184,35,237885
27333,0.002647,172.217.194.0-255,2902,177086,35,237885
27334,0.002649,172.31.33.0-255,66,177152,35,237885
27335,0.002653,172.217.194.0-255,2902,180054,35,237885
27336,0.002655,172.31.33.0-255,66,180120,35,237885
27337,0.002679,172.217.194.0-255,5738,185858,35,237885
27338,0.002681,172.31.33.0-255,66,185924,35,237885
27339,0.00271,172.217.194.0-255,5738,191662,35,237885
27340,0.002713,172.31.33.0-255,66,191728,35,237885
27341,0.002734,172.31.33.0-255,66,191794,35,237885
27342,0.002773,172.217.194.0-255,1484,193278,35,237885
27343,0.002797,172.217.194.0-255,2902,196180,35,237885
27344,0.002799,172.31.33.0-255,66,196246,35,237885
27345,0.002818,172.217.194.0-255,4320,200566,35,237885
27346,0.00282,172.31.33.0-255,66,200632,35,237885
27347,0.002825,172.217.194.0-255,4320,204952,35,237885
27348,0.002827,172.31.33.0-255,66,205018,35,237885
27349,0.002841,172.217.194.0-255,4320,209338,35,237885
27350,0.002843,172.31.33.0-255,66,209404,35,237885
27351,0.002868,172.31.33.0-255,66,209470,35,237885
27352,0.002878,172.217.194.0-255,4320,213790,35,237885
27353,0.002881,172.31.33.0-255,66,213856,35,237885
27354,0.002899,172.217.194.0-255,1484,215340,35,237885
27355,0.002928,172.31.33.0-255,66,215406,35,237885
27356,0.002937,172.31.33.0-255,66,215472,35,237885
27357,0.003002,172.31.33.0-255,66,215538,35,237885
27358,0.003005,172.217.194.0-255,1484,217022,35,237885
27359,0.003037,172.31.33.0-255,66,217088,35,237885
27360,0.003041,172.217.194.0-255,2184,219272,35,237885
27361,0.003043,172.31.33.0-255,66,219338,35,237885
27362,0.003077,172.217.194.0-255,2902,222240,35,237885
27363,0.00308,172.31.33.0-255,66,222306,35,237885
27364,0.003112,172.31.33.0-255,66,222372,35,237885
27365,0.003132,172.217.194.0-255,4320,226692,35,237885
27366,0.003134,172.31.33.0-255,66,226758,35,237885
27367,0.003136,172.217.194.0-255,626,227384,35,237885
27368,0.00316,172.217.194.0-255,105,227489,35,237885
27369,0.012061,172.217.194.0-255,105,227594,35,237885
27370,0.012082,172.31.33.0-255,78,227672,35,237885
27371,0.01636,172.31.33.0-255,105,227777,35,237885
27372,0.018613,172.217.194.0-255,66,227843,35,237885
27373,0.04482,172.31.33.0-255,172,228015,35,237885
27374,0.044852,172.31.33.0-255,1107,229122,35,237885
27375,0.044928,172.31.33.0-255,1514,230636,35,237885
27376,0.04493,172.31.33.0-255,1514,232150,35,237885
27377,0.044931,172.31.33.0-255,1514,233664,35,237885
27378,0.044932,172.31.33.0-255,1514,235178,35,237885
27379,0.044933,172.31.33.0-255,1514,236692,35,237885
27380,0.044962,172.31.33.0-255,929,237621,35,237885
27381,0.046345,104.244.42.0-255,66,237687,35,237885
27382,0.046448,104.244.42.0-255,66,237753,35,237885
27383,0.04649,104.244.42.0-255,66,237819,35,237885
27384,0.046495,104.244.42.0-255,66,237885,35,237885
27385,0.0,172.31.33.0-255,66,66,35,66
27386,0.0,172.217.194.0-255,152,152,35,237695
27387,2.1e-05,172.31.33.0-255,66,218,35,237695
27388,2.8e-05,172.217.194.0-255,1484,1702,35,237695
27389,3.2e-05,172.31.33.0-255,66,1768,35,237695
27390,3.9e-05,172.217.194.0-255,2902,4670,35,237695
27391,5e-05,172.31.33.0-255,66,4736,35,237695
27392,5.8e-05,172.217.194.0-255,7156,11892,35,237695
27393,6.1e-05,172.31.33.0-255,66,11958,35,237695
27394,6.5e-05,172.217.194.0-255,2044,14002,35,237695
27395,6.8e-05,172.31.33.0-255,66,14068,35,237695
27396,8e-05,172.31.33.0-255,66,14134,35,237695
27397,9.9e-05,172.217.194.0-255,2902,17036,35,237695
27398,0.000102,172.31.33.0-255,66,17102,35,237695
27399,0.000114,172.217.194.0-255,5379,22481,35,237695
27400,0.000118,172.31.33.0-255,66,22547,35,237695
27401,0.000121,172.217.194.0-255,1484,24031,35,237695
27402,0.000123,172.31.33.0-255,66,24097,35,237695
27403,0.00015,172.217.194.0-255,4320,28417,35,237695
27404,0.000153,172.31.33.0-255,66,28483,35,237695
27405,0.000157,172.217.194.0-255,2902,31385,35,237695
27406,0.000159,172.31.33.0-255,66,31451,35,237695
27407,0.000199,172.31.33.0-255,66,31517,35,237695
27408,0.000791,172.217.194.0-255,1484,33001,35,237695
27409,0.000796,172.31.33.0-255,66,33067,35,237695
27410,0.000802,172.217.194.0-255,2902,35969,35,237695
27411,0.000805,172.31.33.0-255,66,36035,35,237695
27412,0.000817,172.217.194.0-255,5738,41773,35,237695
27413,0.000819,172.31.33.0-255,66,41839,35,237695
27414,0.000848,172.217.194.0-255,1484,43323,35,237695
27415,0.000851,172.31.33.0-255,66,43389,35,237695
27416,0.000893,172.31.33.0-255,66,43455,35,237695
27417,0.0009,172.217.194.0-255,7156,50611,35,237695
27418,0.000902,172.31.33.0-255,66,50677,35,237695
27419,0.000928,172.217.194.0-255,2902,53579,35,237695
27420,0.000931,172.31.33.0-255,66,53645,35,237695
27421,0.000959,172.31.33.0-255,66,53711,35,237695
27422,0.000982,172.217.194.0-255,2184,55895,35,237695
27423,0.000985,172.31.33.0-255,66,55961,35,237695
27424,0.001643,172.217.194.0-255,1484,57445,35,237695
27425,0.001652,172.217.194.0-255,2902,60347,35,237695
27426,0.001656,172.31.33.0-255,66,60413,35,237695
27427,0.001663,172.217.194.0-255,5738,66151,35,237695
27428,0.001665,172.31.33.0-255,66,66217,35,237695
27429,0.001668,172.217.194.0-255,1484,67701,35,237695
27430,0.0017,172.217.194.0-255,4320,72021,35,237695
27431,0.001702,172.31.33.0-255,66,72087,35,237695
27432,0.001707,172.217.194.0-255,4320,76407,35,237695
27433,0.001709,172.31.33.0-255,66,76473,35,237695
27434,0.001744,172.31.33.0-255,66,76539,35,237695
27435,0.001749,172.217.194.0-255,4655,81194,35,237695
27436,0.001751,172.31.33.0-255,66,81260,35,237695
27437,0.002052,172.217.194.0-255,1484,82744,35,237695
27438,0.002069,172.217.194.0-255,2902,85646,35,237695
27439,0.002073,172.31.33.0-255,66,85712,35,237695
27440,0.00208,172.217.194.0-255,4320,90032,35,237695
27441,0.002081,172.31.33.0-255,66,90098,35,237695
27442,0.002098,172.217.194.0-255,1484,91582,35,237695
27443,0.002104,172.217.194.0-255,5738,97320,35,237695
27444,0.002106,172.31.33.0-255,66,97386,35,237695
27445,0.00211,172.217.194.0-255,2902,100288,35,237695
27446,0.002112,172.31.33.0-255,66,100354,35,237695
27447,0.002158,172.31.33.0-255,66,100420,35,237695
27448,0.00216,172.217.194.0-255,766,101186,35,237695
27449,0.002265,172.217.194.0-255,1484,102670,35,237695
27450,0.002267,172.31.33.0-255,66,102736,35,237695
27451,0.002271,172.217.194.0-255,2902,105638,35,237695
27452,0.002273,172.31.33.0-255,66,105704,35,237695
27453,0.002293,172.217.194.0-255,5738,111442,35,237695
27454,0.002295,172.31.33.0-255,66,111508,35,237695
27455,0.002297,172.217.194.0-255,1484,112992,35,237695
27456,0.002333,172.31.33.0-255,66,113058,35,237695
27457,0.002351,172.217.194.0-255,4320,117378,35,237695
27458,0.002353,172.31.33.0-255,66,117444,35,237695
27459,0.002385,172.31.33.0-255,66,117510,35,237695
27460,0.002395,172.31.33.0-255,66,117576,35,237695
27461,0.002412,172.217.194.0-255,7156,124732,35,237695
27462,0.002414,172.31.33.0-255,66,124798,35,237695
27463,0.002428,172.31.33.0-255,66,124864,35,237695
27464,0.002466,172.217.194.0-255,2902,127766,35,237695
27465,0.002469,172.31.33.0-255,66,127832,35,237695
27466,0.002501,172.31.33.0-255,66,127898,35,237695
27467,0.002563,172.31.33.0-255,66,127964,35,237695
27468,0.002567,172.217.194.0-255,3602,131566,35,237695
27469,0.002569,172.31.33.0-255,66,131632,35,237695
27470,0.002571,172.217.194.0-255,1484,133116,35,237695
27471,0.002575,172.217.194.0-255,2902,136018,35,237695
27472,0.002583,172.31.33.0-255,66,136084,35,237695
27473,0.002588,172.217.194.0-255,4320,140404,35,237695
27474,0.00259,172.31.33.0-255,66,140470,35,237695
27475,0.002622,172.217.194.0-255,1484,141954,35,237695
27476,0.002627,172.217.194.0-255,4320,146274,35,237695
27477,0.00263,172.31.33.0-255,66,146340,35,237695
27478,0.002635,172.217.194.0-255,5738,152078,35,237695
27479,0.002637,172.31.33.0-255,66,152144,35,237695
27480,0.00264,172.217.194.0-255,1484,153628,35,237695
27481,0.002666,172.217.194.0-255,5738,159366,35,237695
27482,0.00267,172.31.33.0-255,66,159432,35,237695
27483,0.002673,172.217.194.0-255,1484,160916,35,237695
27484,0.002706,172.217.194.0-255,5020,165936,35,237695
27485,0.002709,172.31.33.0-255,66,166002,35,237695
27486,0.002712,172.217.194.0-255,1484,167486,35,237695
27487,0.002715,172.217.194.0-255,2902,170388,35,237695
27488,0.002717,172.31.33.0-255,66,170454,35,237695
27489,0.002721,172.217.194.0-255,2902,173356,35,237695
27490,0.002723,172.31.33.0-255,66,173422,35,237695
27491,0.002725,172.217.194.0-255,1484,174906,35,237695
27492,0.002761,172.217.194.0-255,7156,182062,35,237695
27493,0.002764,172.31.33.0-255,66,182128,35,237695
27494,0.002769,172.217.194.0-255,4320,186448,35,237695
27495,0.002772,172.31.33.0-255,66,186514,35,237695
27496,0.002804,172.217.194.0-255,4320,190834,35,237695
27497,0.002807,172.31.33.0-255,66,190900,35,237695
27498,0.00281,172.217.194.0-255,1484,192384,35,237695
27499,0.002816,172.217.194.0-255,5738,198122,35,237695
27500,0.002818,172.31.33.0-255,66,198188,35,237695
27501,0.002838,172.217.194.0-255,2184,200372,35,237695
27502,0.00284,172.31.33.0-255,66,200438,35,237695
27503,0.003298,172.217.194.0-255,1484,201922,35,237695
27504,0.003301,172.217.194.0-255,1484,203406,35,237695
27505,0.003304,172.31.33.0-255,66,203472,35,237695
27506,0.003328,172.217.194.0-255,1484,204956,35,237695
27507,0.003333,172.217.194.0-255,5738,210694,35,237695
27508,0.003335,172.31.33.0-255,66,210760,35,237695
27509,0.003338,172.217.194.0-255,1484,212244,35,237695
27510,0.003373,172.31.33.0-255,66,212310,35,237695
27511,0.003375,172.217.194.0-255,1484,213794,35,237695
27512,0.003379,172.217.194.0-255,1484,215278,35,237695
27513,0.003382,172.31.33.0-255,66,215344,35,237695
27514,0.003453,172.31.33.0-255,66,215410,35,237695
27515,0.003469,172.217.194.0-255,1484,216894,35,237695
27516,0.003473,172.217.194.0-255,2902,219796,35,237695
27517,0.003476,172.31.33.0-255,66,219862,35,237695
27518,0.00348,172.217.194.0-255,2902,222764,35,237695
27519,0.003482,172.31.33.0-255,66,222830,35,237695
27520,0.003502,172.217.194.0-255,2902,225732,35,237695
27521,0.003505,172.31.33.0-255,66,225798,35,237695
27522,0.003519,172.31.33.0-255,66,225864,35,237695
27523,0.003546,172.217.194.0-255,4320,230184,35,237695
27524,0.003549,172.31.33.0-255,66,230250,35,237695
27525,0.003553,172.217.194.0-255,3179,233429,35,237695
27526,0.003555,172.31.33.0-255,66,233495,35,237695
27527,0.003558,172.217.194.0-255,97,233592,35,237695
27528,0.003586,172.217.194.0-255,105,233697,35,237695
27529,0.007541,172.31.33.0-255,66,233763,35,237695
27530,0.007579,172.31.33.0-255,105,233868,35,237695
27531,0.010134,172.217.194.0-255,66,233934,35,237695
27532,0.03364,172.31.33.0-255,172,234106,35,237695
27533,0.033671,172.31.33.0-255,1108,235214,35,237695
27534,0.033737,172.31.33.0-255,1514,236728,35,237695
27535,0.033758,172.31.33.0-255,769,237497,35,237695
27536,0.035237,104.244.42.0-255,66,237563,35,237695
27537,0.035257,104.244.42.0-255,66,237629,35,237695
27538,0.0353,104.244.42.0-255,66,237695,35,237695
27539,0.0,172.31.33.0-255,105,105,35,276
27540,0.001764,157.240.7.0-255,105,210,35,276
27541,0.001774,172.31.33.0-255,66,276,35,276
27542,0.0,74.125.200.0-255,146,146,35,256247
27543,2.2e-05,172.31.33.0-255,66,212,35,256247
27544,2.9e-05,74.125.200.0-255,1484,1696,35,256247
27545,3.3e-05,172.31.33.0-255,66,1762,35,256247
27546,3.7e-05,74.125.200.0-255,1484,3246,35,256247
27547,4.1e-05,172.31.33.0-255,66,3312,35,256247
27548,6.4e-05,74.125.200.0-255,1484,4796,35,256247
27549,6.7e-05,172.31.33.0-255,66,4862,35,256247
27550,7.5e-05,74.125.200.0-255,5738,10600,35,256247
27551,7.7e-05,172.31.33.0-255,66,10666,35,256247
27552,8.2e-05,74.125.200.0-255,3511,14177,35,256247
27553,8.5e-05,172.31.33.0-255,66,14243,35,256247
27554,0.000111,74.125.200.0-255,4320,18563,35,256247
27555,0.000114,172.31.33.0-255,66,18629,35,256247
27556,0.000119,74.125.200.0-255,2902,21531,35,256247
27557,0.000121,172.31.33.0-255,66,21597,35,256247
27558,0.00014,74.125.200.0-255,7156,28753,35,256247
27559,0.000142,172.31.33.0-255,66,28819,35,256247
27560,0.000147,74.125.200.0-255,2543,31362,35,256247
27561,0.000149,172.31.33.0-255,66,31428,35,256247
27562,0.000226,74.125.200.0-255,1484,32912,35,256247
27563,0.00023,172.31.33.0-255,66,32978,35,256247
27564,0.000235,74.125.200.0-255,2902,35880,35,256247
27565,0.000237,172.31.33.0-255,66,35946,35,256247
27566,0.000268,74.125.200.0-255,5738,41684,35,256247
27567,0.000272,172.31.33.0-255,66,41750,35,256247
27568,0.000276,74.125.200.0-255,2902,44652,35,256247
27569,0.000278,172.31.33.0-255,66,44718,35,256247
27570,0.000293,74.125.200.0-255,2902,47620,35,256247
27571,0.000295,172.31.33.0-255,66,47686,35,256247
27572,0.000303,74.125.200.0-255,7156,54842,35,256247
27573,0.000305,172.31.33.0-255,66,54908,35,256247
27574,0.00033,74.125.200.0-255,2902,57810,35,256247
27575,0.000333,172.31.33.0-255,66,57876,35,256247
27576,0.000374,172.31.33.0-255,66,57942,35,256247
27577,0.000377,74.125.200.0-255,363,58305,35,256247
27578,0.000379,172.31.33.0-255,66,58371,35,256247
27579,0.000408,74.125.200.0-255,130,58501,35,256247
27580,0.000411,172.31.33.0-255,66,58567,35,256247
27581,0.000477,74.125.200.0-255,1484,60051,35,256247
27582,0.000481,172.31.33.0-255,66,60117,35,256247
27583,0.00053,74.125.200.0-255,2902,63019,35,256247
27584,0.000534,172.31.33.0-255,66,63085,35,256247
27585,0.000537,74.125.200.0-255,1484,64569,35,256247
27586,0.000554,74.125.200.0-255,2902,67471,35,256247
27587,0.000557,172.31.33.0-255,66,67537,35,256247
27588,0.000604,74.125.200.0-255,5738,73275,35,256247
27589,0.000607,172.31.33.0-255,66,73341,35,256247
27590,0.000609,74.125.200.0-255,1484,74825,35,256247
27591,0.000614,74.125.200.0-255,2902,77727,35,256247
27592,0.000617,172.31.33.0-255,66,77793,35,256247
27593,0.000623,74.125.200.0-255,5738,83531,35,256247
27594,0.000626,172.31.33.0-255,66,83597,35,256247
27595,0.00066,172.31.33.0-255,66,83663,35,256247
27596,0.000677,74.125.200.0-255,766,84429,35,256247
27597,0.00071,74.125.200.0-255,1766,86195,35,256247
27598,0.000713,172.31.33.0-255,66,86261,35,256247
27599,0.000719,74.125.200.0-255,4320,90581,35,256247
27600,0.000722,172.31.33.0-255,66,90647,35,256247
27601,0.000748,74.125.200.0-255,4320,94967,35,256247
27602,0.000751,172.31.33.0-255,66,95033,35,256247
27603,0.000757,74.125.200.0-255,5738,100771,35,256247
27604,0.00076,172.31.33.0-255,66,100837,35,256247
27605,0.000804,74.125.200.0-255,1484,102321,35,256247
27606,0.000844,74.125.200.0-255,1484,103805,35,256247
27607,0.000849,172.31.33.0-255,66,103871,35,256247
27608,0.000854,74.125.200.0-255,2902,106773,35,256247
27609,0.000856,172.31.33.0-255,66,106839,35,256247
27610,0.000892,74.125.200.0-255,1484,108323,35,256247
27611,0.000898,74.125.200.0-255,2902,111225,35,256247
27612,0.000901,172.31.33.0-255,66,111291,35,256247
27613,0.000927,74.125.200.0-255,5738,117029,35,256247
27614,0.00093,172.31.33.0-255,66,117095,35,256247
27615,0.00095,74.125.200.0-255,2184,119279,35,256247
27616,0.000972,172.31.33.0-255,66,119345,35,256247
27617,0.001127,74.125.200.0-255,1484,120829,35,256247
27618,0.001197,74.125.200.0-255,1484,122313,35,256247
27619,0.001201,172.31.33.0-255,66,122379,35,256247
27620,0.001207,74.125.200.0-255,2902,125281,35,256247
27621,0.001209,172.31.33.0-255,66,125347,35,256247
27622,0.001222,74.125.200.0-255,2902,128249,35,256247
27623,0.001224,172.31.33.0-255,66,128315,35,256247
27624,0.001251,74.125.200.0-255,2902,131217,35,256247
27625,0.001254,172.31.33.0-255,66,131283,35,256247
27626,0.00126,74.125.200.0-255,5738,137021,35,256247
27627,0.001262,172.31.33.0-255,66,137087,35,256247
27628,0.00127,74.125.200.0-255,7156,144243,35,256247
27629,0.001303,172.31.33.0-255,66,144309,35,256247
27630,0.001313,172.31.33.0-255,66,144375,35,256247
27631,0.001502,74.125.200.0-255,1484,145859,35,256247
27632,0.001508,74.125.200.0-255,2902,148761,35,256247
27633,0.001512,172.31.33.0-255,66,148827,35,256247
27634,0.001516,74.125.200.0-255,1484,150311,35,256247
27635,0.001535,74.125.200.0-255,4320,154631,35,256247
27636,0.00154,74.125.200.0-255,2902,157533,35,256247
27637,0.001545,172.31.33.0-255,66,157599,35,256247
27638,0.001563,74.125.200.0-255,4320,161919,35,256247
27639,0.001584,172.31.33.0-255,66,161985,35,256247
27640,0.001596,74.125.200.0-255,5738,167723,35,256247
27641,0.001615,172.31.33.0-255,66,167789,35,256247
27642,0.001627,74.125.200.0-255,6438,174227,35,256247
27643,0.001638,74.125.200.0-255,1484,175711,35,256247
27644,0.00164,172.31.33.0-255,66,175777,35,256247
27645,0.001655,74.125.200.0-255,5738,181515,35,256247
27646,0.001679,172.31.33.0-255,66,181581,35,256247
27647,0.001691,74.125.200.0-255,1484,183065,35,256247
27648,0.001697,172.31.33.0-255,66,183131,35,256247
27649,0.00173,172.31.33.0-255,66,183197,35,256247
27650,0.001767,74.125.200.0-255,5020,188217,35,256247
27651,0.001777,74.125.200.0-255,5738,193955,35,256247
27652,0.001782,172.31.33.0-255,66,194021,35,256247
27653,0.001839,74.125.200.0-255,5738,199759,35,256247
27654,0.001864,74.125.200.0-255,4320,204079,35,256247
27655,0.001869,172.31.33.0-255,66,204145,35,256247
27656,0.001879,74.125.200.0-255,4320,208465,35,256247
27657,0.001884,172.31.33.0-255,66,208531,35,256247
27658,0.001931,172.31.33.0-255,66,208597,35,256247
27659,0.001958,74.125.200.0-255,4320,212917,35,256247
27660,0.001963,172.31.33.0-255,66,212983,35,256247
27661,0.001973,74.125.200.0-255,2184,215167,35,256247
27662,0.00199,74.125.200.0-255,7156,222323,35,256247
27663,0.001998,172.31.33.0-255,66,222389,35,256247
27664,0.00203,172.31.33.0-255,66,222455,35,256247
27665,0.002044,74.125.200.0-255,2902,225357,35,256247
27666,0.002053,172.31.33.0-255,66,225423,35,256247
27667,0.002061,74.125.200.0-255,2902,228325,35,256247
27668,0.002065,172.31.33.0-255,66,228391,35,256247
27669,0.002089,172.31.33.0-255,66,228457,35,256247
27670,0.002135,74.125.200.0-255,4320,232777,35,256247
27671,0.002153,74.125.200.0-255,1484,234261,35,256247
27672,0.002161,172.31.33.0-255,66,234327,35,256247
27673,0.002179,172.31.33.0-255,66,234393,35,256247
27674,0.002202,74.125.200.0-255,1484,235877,35,256247
27675,0.002238,74.125.200.0-255,5738,241615,35,256247
27676,0.002252,74.125.200.0-255,5738,247353,35,256247
27677,0.002255,74.125.200.0-255,1484,248837,35,256247
27678,0.002262,172.31.33.0-255,66,248903,35,256247
27679,0.002272,74.125.200.0-255,2723,251626,35,256247
27680,0.002277,172.31.33.0-255,66,251692,35,256247
27681,0.004453,74.125.200.0-255,136,251828,35,256247
27682,0.018019,172.31.33.0-255,66,251894,35,256247
27683,0.018069,172.31.33.0-255,105,251999,35,256247
27684,0.020261,74.125.200.0-255,66,252065,35,256247
27685,0.059297,172.31.33.0-255,172,252237,35,256247
27686,0.059329,172.31.33.0-255,1108,253345,35,256247
27687,0.059399,172.31.33.0-255,1514,254859,35,256247
27688,0.059401,172.31.33.0-255,1388,256247,35,256247
27689,0.0,172.217.194.0-255,153,153,35,252259
27690,1.6e-05,172.31.33.0-255,66,219,35,252259
27691,2.3e-05,172.217.194.0-255,1484,1703,35,252259
27692,2.7e-05,172.31.33.0-255,66,1769,35,252259
27693,3.2e-05,172.217.194.0-255,2902,4671,35,252259
27694,3.5e-05,172.31.33.0-255,66,4737,35,252259
27695,3.8e-05,172.217.194.0-255,1484,6221,35,252259
27696,4e-05,172.31.33.0-255,66,6287,35,252259
27697,6.7e-05,172.217.194.0-255,5738,12025,35,252259
27698,7e-05,172.31.33.0-255,66,12091,35,252259
27699,7.3e-05,172.217.194.0-255,2029,14120,35,252259
27700,7.5e-05,172.31.33.0-255,66,14186,35,252259
27701,0.000382,172.217.194.0-255,1484,15670,35,252259
27702,0.000388,172.31.33.0-255,66,15736,35,252259
27703,0.000393,172.217.194.0-255,2902,18638,35,252259
27704,0.000395,172.31.33.0-255,66,18704,35,252259
27705,0.000424,172.217.194.0-255,5738,24442,35,252259
27706,0.000427,172.31.33.0-255,66,24508,35,252259
27707,0.000433,172.217.194.0-255,6797,31305,35,252259
27708,0.000435,172.31.33.0-255,66,31371,35,252259
27709,0.000441,172.217.194.0-255,7156,38527,35,252259
27710,0.000444,172.31.33.0-255,66,38593,35,252259
27711,0.000484,172.31.33.0-255,66,38659,35,252259
27712,0.000504,172.217.194.0-255,4320,42979,35,252259
27713,0.000507,172.31.33.0-255,66,43045,35,252259
27714,0.000517,172.31.33.0-255,66,43111,35,252259
27715,0.000532,172.217.194.0-255,1093,44204,35,252259
27716,0.000534,172.31.33.0-255,66,44270,35,252259
27717,0.000693,172.217.194.0-255,1484,45754,35,252259
27718,0.000699,172.31.33.0-255,66,45820,35,252259
27719,0.000715,172.217.194.0-255,2902,48722,35,252259
27720,0.000718,172.31.33.0-255,66,48788,35,252259
27721,0.000723,172.217.194.0-255,5738,54526,35,252259
27722,0.000725,172.31.33.0-255,66,54592,35,252259
27723,0.000751,172.217.194.0-255,1484,56076,35,252259
27724,0.000757,172.217.194.0-255,2902,58978,35,252259
27725,0.000759,172.31.33.0-255,66,59044,35,252259
27726,0.000765,172.217.194.0-255,5738,64782,35,252259
27727,0.000766,172.31.33.0-255,66,64848,35,252259
27728,0.000777,172.217.194.0-255,1484,66332,35,252259
27729,0.000794,172.217.194.0-255,5738,72070,35,252259
27730,0.000796,172.31.33.0-255,66,72136,35,252259
27731,0.000818,172.217.194.0-255,5738,77874,35,252259
27732,0.000821,172.31.33.0-255,66,77940,35,252259
27733,0.000823,172.217.194.0-255,766,78706,35,252259
27734,0.000825,172.217.194.0-255,380,79086,35,252259
27735,0.000919,172.217.194.0-255,1484,80570,35,252259
27736,0.000922,172.31.33.0-255,66,80636,35,252259
27737,0.000927,172.217.194.0-255,2902,83538,35,252259
27738,0.000928,172.31.33.0-255,66,83604,35,252259
27739,0.000946,172.217.194.0-255,5738,89342,35,252259
27740,0.000948,172.31.33.0-255,66,89408,35,252259
27741,0.000986,172.31.33.0-255,66,89474,35,252259
27742,0.000989,172.217.194.0-255,1484,90958,35,252259
27743,0.001017,172.31.33.0-255,66,91024,35,252259
27744,0.001255,172.217.194.0-255,1484,92508,35,252259
27745,0.00126,172.217.194.0-255,1484,93992,35,252259
27746,0.001263,172.31.33.0-255,66,94058,35,252259
27747,0.001285,172.217.194.0-255,1484,95542,35,252259
27748,0.001291,172.217.194.0-255,5738,101280,35,252259
27749,0.001293,172.31.33.0-255,66,101346,35,252259
27750,0.001298,172.217.194.0-255,2902,104248,35,252259
27751,0.001299,172.31.33.0-255,66,104314,35,252259
27752,0.00132,172.31.33.0-255,66,104380,35,252259
27753,0.001357,172.217.194.0-255,5738,110118,35,252259
27754,0.00136,172.31.33.0-255,66,110184,35,252259
27755,0.001383,172.217.194.0-255,5020,115204,35,252259
27756,0.001386,172.31.33.0-255,66,115270,35,252259
27757,0.001948,172.217.194.0-255,1484,116754,35,252259
27758,0.001957,172.217.194.0-255,2902,119656,35,252259
27759,0.00196,172.31.33.0-255,66,119722,35,252259
27760,0.001967,172.217.194.0-255,5738,125460,35,252259
27761,0.001969,172.31.33.0-255,66,125526,35,252259
27762,0.002009,172.31.33.0-255,66,125592,35,252259
27763,0.002041,172.31.33.0-255,66,125658,35,252259
27764,0.002062,172.217.194.0-255,2184,127842,35,252259
27765,0.002064,172.31.33.0-255,66,127908,35,252259
27766,0.00253,172.217.194.0-255,1484,129392,35,252259
27767,0.002536,172.217.194.0-255,2902,132294,35,252259
27768,0.00254,172.31.33.0-255,66,132360,35,252259
27769,0.002545,172.217.194.0-255,2902,135262,35,252259
27770,0.002547,172.31.33.0-255,66,135328,35,252259
27771,0.002561,172.217.194.0-255,2902,138230,35,252259
27772,0.002563,172.31.33.0-255,66,138296,35,252259
27773,0.002573,172.217.194.0-255,1484,139780,35,252259
27774,0.002593,172.31.33.0-255,66,139846,35,252259
27775,0.002614,172.217.194.0-255,1484,141330,35,252259
27776,0.002634,172.31.33.0-255,66,141396,35,252259
27777,0.002852,172.217.194.0-255,1484,142880,35,252259
27778,0.002865,172.217.194.0-255,2902,145782,35,252259
27779,0.002866,172.31.33.0-255,66,145848,35,252259
27780,0.002872,172.217.194.0-255,4320,150168,35,252259
27781,0.002874,172.31.33.0-255,66,150234,35,252259
27782,0.002884,172.217.194.0-255,1484,151718,35,252259
27783,0.002888,172.217.194.0-255,2902,154620,35,252259
27784,0.00289,172.31.33.0-255,66,154686,35,252259
27785,0.002908,172.217.194.0-255,2902,157588,35,252259
27786,0.00291,172.31.33.0-255,66,157654,35,252259
27787,0.00293,172.217.194.0-255,5738,163392,35,252259
27788,0.002932,172.31.33.0-255,66,163458,35,252259
27789,0.002958,172.31.33.0-255,66,163524,35,252259
27790,0.002975,172.217.194.0-255,766,164290,35,252259
27791,0.002982,172.217.194.0-255,7156,171446,35,252259
27792,0.002983,172.31.33.0-255,66,171512,35,252259
27793,0.003009,172.31.33.0-255,66,171578,35,252259
27794,0.003028,172.217.194.0-255,5738,177316,35,252259
27795,0.00303,172.31.33.0-255,66,177382,35,252259
27796,0.00305,172.31.33.0-255,66,177448,35,252259
27797,0.003069,172.217.194.0-255,1484,178932,35,252259
27798,0.003071,172.217.194.0-255,766,179698,35,252259
27799,0.003073,172.31.33.0-255,66,179764,35,252259
27800,0.003107,172.217.194.0-255,1484,181248,35,252259
27801,0.003125,172.217.194.0-255,2902,184150,35,252259
27802,0.003128,172.31.33.0-255,66,184216,35,252259
27803,0.003132,172.217.194.0-255,2902,187118,35,252259
27804,0.003134,172.31.33.0-255,66,187184,35,252259
27805,0.003148,172.217.194.0-255,2902,190086,35,252259
27806,0.00315,172.31.33.0-255,66,190152,35,252259
27807,0.003152,172.217.194.0-255,1484,191636,35,252259
27808,0.003172,172.31.33.0-255,66,191702,35,252259
27809,0.003191,172.217.194.0-255,4320,196022,35,252259
27810,0.003193,172.31.33.0-255,66,196088,35,252259
27811,0.003199,172.217.194.0-255,7156,203244,35,252259
27812,0.003202,172.31.33.0-255,66,203310,35,252259
27813,0.003216,172.217.194.0-255,2184,205494,35,252259
27814,0.003218,172.31.33.0-255,66,205560,35,252259
27815,0.003237,172.217.194.0-255,4320,209880,35,252259
27816,0.003239,172.31.33.0-255,66,209946,35,252259
27817,0.003257,172.217.194.0-255,2902,212848,35,252259
27818,0.003259,172.31.33.0-255,66,212914,35,252259
27819,0.003269,172.31.33.0-255,66,212980,35,252259
27820,0.003286,172.217.194.0-255,5738,218718,35,252259
27821,0.003289,172.31.33.0-255,66,218784,35,252259
27822,0.003301,172.217.194.0-255,4320,223104,35,252259
27823,0.003303,172.31.33.0-255,66,223170,35,252259
27824,0.003306,172.217.194.0-255,1484,224654,35,252259
27825,0.003328,172.217.194.0-255,7156,231810,35,252259
27826,0.003331,172.31.33.0-255,66,231876,35,252259
27827,0.003353,172.217.194.0-255,6438,238314,35,252259
27828,0.003356,172.31.33.0-255,66,238380,35,252259
27829,0.003358,172.217.194.0-255,1484,239864,35,252259
27830,0.003369,172.31.33.0-255,66,239930,35,252259
27831,0.00341,172.217.194.0-255,1484,241414,35,252259
27832,0.003437,172.31.33.0-255,66,241480,35,252259
27833,0.00344,172.217.194.0-255,105,241585,35,252259
27834,0.011666,172.31.33.0-255,66,241651,35,252259
27835,0.011717,172.31.33.0-255,105,241756,35,252259
27836,0.014007,172.217.194.0-255,66,241822,35,252259
27837,0.05083,172.31.33.0-255,171,241993,35,252259
27838,0.050862,172.31.33.0-255,1131,243124,35,252259
27839,0.050924,172.31.33.0-255,1514,244638,35,252259
27840,0.050926,172.31.33.0-255,1514,246152,35,252259
27841,0.050931,172.31.33.0-255,1514,247666,35,252259
27842,0.050932,172.31.33.0-255,1514,249180,35,252259
27843,0.050952,172.31.33.0-255,1514,250694,35,252259
27844,0.050953,172.31.33.0-255,1301,251995,35,252259
27845,0.052374,104.244.42.0-255,66,252061,35,252259
27846,0.052442,104.244.42.0-255,66,252127,35,252259
27847,0.05252,104.244.42.0-255,66,252193,35,252259
27848,0.052524,104.244.42.0-255,66,252259,35,252259
27849,0.0,172.217.194.0-255,153,153,35,272096
27850,2.2e-05,172.31.33.0-255,66,219,35,272096
27851,2.8e-05,172.217.194.0-255,1484,1703,35,272096
27852,3.2e-05,172.31.33.0-255,66,1769,35,272096
27853,3.6e-05,172.217.194.0-255,2902,4671,35,272096
27854,3.8e-05,172.31.33.0-255,66,4737,35,272096
27855,6.4e-05,172.217.194.0-255,5738,10475,35,272096
27856,6.6e-05,172.31.33.0-255,66,10541,35,272096
27857,8.9e-05,172.217.194.0-255,7156,17697,35,272096
27858,9.3e-05,172.31.33.0-255,66,17763,35,272096
27859,0.000116,172.217.194.0-255,6273,24036,35,272096
27860,0.000119,172.31.33.0-255,66,24102,35,272096
27861,0.000125,172.217.194.0-255,6797,30899,35,272096
27862,0.000126,172.31.33.0-255,66,30965,35,272096
27863,0.000165,172.217.194.0-255,1484,32449,35,272096
27864,0.000168,172.31.33.0-255,66,32515,35,272096
27865,0.000173,172.217.194.0-255,2902,35417,35,272096
27866,0.000175,172.31.33.0-255,66,35483,35,272096
27867,0.000181,172.217.194.0-255,4320,39803,35,272096
27868,0.000183,172.31.33.0-255,66,39869,35,272096
27869,0.000197,172.217.194.0-255,1484,41353,35,272096
27870,0.000199,172.31.33.0-255,66,41419,35,272096
27871,0.000203,172.217.194.0-255,2902,44321,35,272096
27872,0.000205,172.31.33.0-255,66,44387,35,272096
27873,0.000228,172.217.194.0-255,4320,48707,35,272096
27874,0.000231,172.31.33.0-255,66,48773,35,272096
27875,0.00025,172.217.194.0-255,2902,51675,35,272096
27876,0.000252,172.31.33.0-255,66,51741,35,272096
27877,0.000274,172.217.194.0-255,5738,57479,35,272096
27878,0.000277,172.31.33.0-255,66,57545,35,272096
27879,0.000298,172.217.194.0-255,2902,60447,35,272096
27880,0.000301,172.31.33.0-255,66,60513,35,272096
27881,0.000322,172.217.194.0-255,5331,65844,35,272096
27882,0.000334,172.31.33.0-255,66,65910,35,272096
27883,0.000419,172.217.194.0-255,98,66008,35,272096
27884,0.000438,172.217.194.0-255,364,66372,35,272096
27885,0.000615,172.217.194.0-255,1484,67856,35,272096
27886,0.000621,172.217.194.0-255,2902,70758,35,272096
27887,0.000623,172.31.33.0-255,66,70824,35,272096
27888,0.000623,172.217.194.0-255,1484,72308,35,272096
27889,0.000628,172.31.33.0-255,66,72374,35,272096
27890,0.000645,172.217.194.0-255,4320,76694,35,272096
27891,0.000655,172.31.33.0-255,66,76760,35,272096
27892,0.000658,172.217.194.0-255,1484,78244,35,272096
27893,0.000687,172.31.33.0-255,66,78310,35,272096
27894,0.000691,172.217.194.0-255,1484,79794,35,272096
27895,0.000735,172.217.194.0-255,7156,86950,35,272096
27896,0.00074,172.31.33.0-255,66,87016,35,272096
27897,0.000756,172.217.194.0-255,2184,89200,35,272096
27898,0.000765,172.31.33.0-255,66,89266,35,272096
27899,0.000769,172.217.194.0-255,1484,90750,35,272096
27900,0.000795,172.217.194.0-255,2902,93652,35,272096
27901,0.000798,172.217.194.0-255,1484,95136,35,272096
27902,0.000802,172.31.33.0-255,66,95202,35,272096
27903,0.000819,172.217.194.0-255,4320,99522,35,272096
27904,0.000822,172.217.194.0-255,1484,101006,35,272096
27905,0.000827,172.31.33.0-255,66,101072,35,272096
27906,0.000855,172.31.33.0-255,66,101138,35,272096
27907,0.000895,172.217.194.0-255,4320,105458,35,272096
27908,0.0009,172.31.33.0-255,66,105524,35,272096
27909,0.000909,172.217.194.0-255,4320,109844,35,272096
27910,0.000912,172.31.33.0-255,66,109910,35,272096
27911,0.000931,172.217.194.0-255,2184,112094,35,272096
27912,0.000939,172.31.33.0-255,66,112160,35,272096
27913,0.000946,172.217.194.0-255,5738,117898,35,272096
27914,0.000952,172.31.33.0-255,66,117964,35,272096
27915,0.000982,172.217.194.0-255,2184,120148,35,272096
27916,0.000985,172.31.33.0-255,66,120214,35,272096
27917,0.001035,172.31.33.0-255,101,120315,35,272096
27918,0.001432,172.217.194.0-255,1484,121799,35,272096
27919,0.001438,172.217.194.0-255,2902,124701,35,272096
27920,0.001441,172.31.33.0-255,66,124767,35,272096
27921,0.001459,172.217.194.0-255,4320,129087,35,272096
27922,0.001463,172.31.33.0-255,66,129153,35,272096
27923,0.001469,172.217.194.0-255,1484,130637,35,272096
27924,0.001509,172.31.33.0-255,66,130703,35,272096
27925,0.001515,172.217.194.0-255,2902,133605,35,272096
27926,0.001518,172.31.33.0-255,66,133671,35,272096
27927,0.00155,172.217.194.0-255,7156,140827,35,272096
27928,0.001561,172.31.33.0-255,66,140893,35,272096
27929,0.001571,172.217.194.0-255,3602,144495,35,272096
27930,0.001575,172.31.33.0-255,66,144561,35,272096
27931,0.001598,172.217.194.0-255,1484,146045,35,272096
27932,0.001616,172.217.194.0-255,2902,148947,35,272096
27933,0.001622,172.31.33.0-255,66,149013,35,272096
27934,0.001641,172.217.194.0-255,5738,154751,35,272096
27935,0.001645,172.31.33.0-255,66,154817,35,272096
27936,0.001672,172.217.194.0-255,7156,161973,35,272096
27937,0.001682,172.31.33.0-255,66,162039,35,272096
27938,0.001689,172.217.194.0-255,2902,164941,35,272096
27939,0.001704,172.217.194.0-255,7156,172097,35,272096
27940,0.001704,172.31.33.0-255,66,172163,35,272096
27941,0.001709,172.31.33.0-255,66,172229,35,272096
27942,0.001726,172.217.194.0-255,4320,176549,35,272096
27943,0.001731,172.31.33.0-255,66,176615,35,272096
27944,0.001731,172.217.194.0-255,3602,180217,35,272096
27945,0.001734,172.31.33.0-255,66,180283,35,272096
27946,0.001735,172.217.194.0-255,2902,183185,35,272096
27947,0.001749,172.31.33.0-255,66,183251,35,272096
27948,0.001783,172.31.33.0-255,66,183317,35,272096
27949,0.001796,172.31.33.0-255,66,183383,35,272096
27950,0.001848,172.217.194.0-255,1484,184867,35,272096
27951,0.001861,172.217.194.0-255,2902,187769,35,272096
27952,0.001863,172.31.33.0-255,66,187835,35,272096
27953,0.001881,172.217.194.0-255,4320,192155,35,272096
27954,0.001891,172.31.33.0-255,66,192221,35,272096
27955,0.001894,172.217.194.0-255,1484,193705,35,272096
27956,0.001925,172.217.194.0-255,2902,196607,35,272096
27957,0.001932,172.31.33.0-255,66,196673,35,272096
27958,0.001958,172.31.33.0-255,66,196739,35,272096
27959,0.001965,172.217.194.0-255,766,197505,35,272096
27960,0.00197,172.31.33.0-255,66,197571,35,272096
27961,0.002039,172.217.194.0-255,1484,199055,35,272096
27962,0.002056,172.217.194.0-255,2902,201957,35,272096
27963,0.00206,172.31.33.0-255,66,202023,35,272096
27964,0.00208,172.217.194.0-255,5738,207761,35,272096
27965,0.002087,172.31.33.0-255,66,207827,35,272096
27966,0.002097,172.217.194.0-255,7156,214983,35,272096
27967,0.002102,172.31.33.0-255,66,215049,35,272096
27968,0.002113,172.217.194.0-255,2902,217951,35,272096
27969,0.002124,172.217.194.0-255,1484,219435,35,272096
27970,0.002126,172.31.33.0-255,66,219501,35,272096
27971,0.002149,172.217.194.0-255,766,220267,35,272096
27972,0.002165,172.31.33.0-255,66,220333,35,272096
27973,0.002232,172.217.194.0-255,1484,221817,35,272096
27974,0.002237,172.217.194.0-255,2902,224719,35,272096
27975,0.002241,172.31.33.0-255,66,224785,35,272096
27976,0.002263,172.217.194.0-255,5738,230523,35,272096
27977,0.002284,172.217.194.0-255,7156,237679,35,272096
27978,0.002331,172.217.194.0-255,5738,243417,35,272096
27979,0.002338,172.217.194.0-255,6438,249855,35,272096
27980,0.002345,172.217.194.0-255,7156,257011,35,272096
27981,0.002381,172.217.194.0-255,5738,262749,35,272096
27982,0.002432,172.217.194.0-255,105,262854,35,272096
27983,0.003561,172.217.194.0-255,66,262920,35,272096
27984,0.007182,172.31.33.0-255,66,262986,35,272096
27985,0.008536,172.31.33.0-255,105,263091,35,272096
27986,0.011087,172.217.194.0-255,66,263157,35,272096
27987,0.036166,172.31.33.0-255,172,263329,35,272096
27988,0.036194,172.31.33.0-255,1108,264437,35,272096
27989,0.036255,172.31.33.0-255,1514,265951,35,272096
27990,0.036257,172.31.33.0-255,1514,267465,35,272096
27991,0.036262,172.31.33.0-255,1514,268979,35,272096
27992,0.036263,172.31.33.0-255,1514,270493,35,272096
27993,0.036289,172.31.33.0-255,1273,271766,35,272096
27994,0.037739,104.244.42.0-255,66,271832,35,272096
27995,0.037746,104.244.42.0-255,66,271898,35,272096
27996,0.037831,104.244.42.0-255,66,271964,35,272096
27997,0.037833,104.244.42.0-255,66,272030,35,272096
27998,0.037882,104.244.42.0-255,66,272096,35,272096
27999,0.0,74.125.68.0-255,143,143,35,313268
28000,3.1e-05,172.31.33.0-255,66,209,35,313268
28001,8e-05,74.125.68.0-255,1484,1693,35,313268
28002,8.6e-05,172.31.33.0-255,66,1759,35,313268
28003,0.000102,74.125.68.0-255,1484,3243,35,313268
28004,0.000105,172.31.33.0-255,66,3309,35,313268
28005,0.000111,74.125.68.0-255,2902,6211,35,313268
28006,0.000114,172.31.33.0-255,66,6277,35,313268
28007,0.000142,74.125.68.0-255,5738,12015,35,313268
28008,0.000146,172.31.33.0-255,66,12081,35,313268
28009,0.000163,74.125.68.0-255,2055,14136,35,313268
28010,0.000165,172.31.33.0-255,66,14202,35,313268
28011,0.000169,74.125.68.0-255,2902,17104,35,313268
28012,0.000172,172.31.33.0-255,66,17170,35,313268
28013,0.000191,74.125.68.0-255,7156,24326,35,313268
28014,0.000194,172.31.33.0-255,66,24392,35,313268
28015,0.00022,74.125.68.0-255,1484,25876,35,313268
28016,0.000223,172.31.33.0-255,66,25942,35,313268
28017,0.000227,74.125.68.0-255,2902,28844,35,313268
28018,0.000229,172.31.33.0-255,66,28910,35,313268
28019,0.000252,74.125.68.0-255,2543,31453,35,313268
28020,0.000255,172.31.33.0-255,66,31519,35,313268
28021,0.000369,74.125.68.0-255,1484,33003,35,313268
28022,0.000374,172.31.33.0-255,66,33069,35,313268
28023,0.000387,74.125.68.0-255,2902,35971,35,313268
28024,0.000391,172.31.33.0-255,66,36037,35,313268
28025,0.000394,74.125.68.0-255,2902,38939,35,313268
28026,0.000398,172.31.33.0-255,66,39005,35,313268
28027,0.00042,74.125.68.0-255,2902,41907,35,313268
28028,0.000424,172.31.33.0-255,66,41973,35,313268
28029,0.000428,74.125.68.0-255,2902,44875,35,313268
28030,0.00043,172.31.33.0-255,66,44941,35,313268
28031,0.000436,74.125.68.0-255,3961,48902,35,313268
28032,0.000439,172.31.33.0-255,66,48968,35,313268
28033,0.000457,74.125.68.0-255,5738,54706,35,313268
28034,0.00046,172.31.33.0-255,66,54772,35,313268
28035,0.000484,74.125.68.0-255,2902,57674,35,313268
28036,0.000487,172.31.33.0-255,66,57740,35,313268
28037,0.000491,74.125.68.0-255,2902,60642,35,313268
28038,0.000494,172.31.33.0-255,66,60708,35,313268
28039,0.00053,74.125.68.0-255,2902,63610,35,313268
28040,0.000533,172.31.33.0-255,66,63676,35,313268
28041,0.000605,74.125.68.0-255,1484,65160,35,313268
28042,0.000639,74.125.68.0-255,1436,66596,35,313268
28043,0.000645,172.31.33.0-255,66,66662,35,313268
28044,0.000803,74.125.68.0-255,110,66772,35,313268
28045,0.000862,172.31.33.0-255,66,66838,35,313268
28046,0.000898,74.125.68.0-255,1484,68322,35,313268
28047,0.000908,74.125.68.0-255,2902,71224,35,313268
28048,0.000911,172.31.33.0-255,66,71290,35,313268
28049,0.000934,74.125.68.0-255,4320,75610,35,313268
28050,0.000937,172.31.33.0-255,66,75676,35,313268
28051,0.000952,74.125.68.0-255,5738,81414,35,313268
28052,0.000955,172.31.33.0-255,66,81480,35,313268
28053,0.000976,74.125.68.0-255,2902,84382,35,313268
28054,0.000979,172.31.33.0-255,66,84448,35,313268
28055,0.00099,172.31.33.0-255,66,84514,35,313268
28056,0.001033,172.31.33.0-255,66,84580,35,313268
28057,0.001075,74.125.68.0-255,2902,87482,35,313268
28058,0.001078,172.31.33.0-255,66,87548,35,313268
28059,0.001099,74.125.68.0-255,1750,89298,35,313268
28060,0.001102,172.31.33.0-255,66,89364,35,313268
28061,0.001109,74.125.68.0-255,5738,95102,35,313268
28062,0.001111,172.31.33.0-255,66,95168,35,313268
28063,0.001133,172.31.33.0-255,66,95234,35,313268
28064,0.001153,74.125.68.0-255,1484,96718,35,313268
28065,0.001169,172.31.33.0-255,66,96784,35,313268
28066,0.001739,74.125.68.0-255,1484,98268,35,313268
28067,0.001756,74.125.68.0-255,1484,99752,35,313268
28068,0.00176,172.31.33.0-255,66,99818,35,313268
28069,0.001774,74.125.68.0-255,2902,102720,35,313268
28070,0.001777,172.31.33.0-255,66,102786,35,313268
28071,0.001807,74.125.68.0-255,5738,108524,35,313268
28072,0.001809,172.31.33.0-255,66,108590,35,313268
28073,0.001814,74.125.68.0-255,2902,111492,35,313268
28074,0.001816,172.31.33.0-255,66,111558,35,313268
28075,0.00184,74.125.68.0-255,5738,117296,35,313268
28076,0.001843,172.31.33.0-255,66,117362,35,313268
28077,0.001862,74.125.68.0-255,4320,121682,35,313268
28078,0.001864,172.31.33.0-255,66,121748,35,313268
28079,0.001871,74.125.68.0-255,7156,128904,35,313268
28080,0.001873,172.31.33.0-255,66,128970,35,313268
28081,0.001918,74.125.68.0-255,2184,131154,35,313268
28082,0.001921,172.31.33.0-255,66,131220,35,313268
28083,0.001936,74.125.68.0-255,1484,132704,35,313268
28084,0.001947,74.125.68.0-255,1484,134188,35,313268
28085,0.001949,172.31.33.0-255,66,134254,35,313268
28086,0.001954,74.125.68.0-255,4320,138574,35,313268
28087,0.001956,172.31.33.0-255,66,138640,35,313268
28088,0.001978,74.125.68.0-255,5738,144378,35,313268
28089,0.00198,172.31.33.0-255,66,144444,35,313268
28090,0.002017,172.31.33.0-255,66,144510,35,313268
28091,0.002022,74.125.68.0-255,4320,148830,35,313268
28092,0.002023,172.31.33.0-255,66,148896,35,313268
28093,0.002067,74.125.68.0-255,5020,153916,35,313268
28094,0.00207,172.31.33.0-255,66,153982,35,313268
28095,0.002194,74.125.68.0-255,1484,155466,35,313268
28096,0.002222,74.125.68.0-255,2902,158368,35,313268
28097,0.002226,172.31.33.0-255,66,158434,35,313268
28098,0.002231,74.125.68.0-255,4320,162754,35,313268
28099,0.002233,172.31.33.0-255,66,162820,35,313268
28100,0.002275,172.31.33.0-255,66,162886,35,313268
28101,0.002277,74.125.68.0-255,7156,170042,35,313268
28102,0.002279,172.31.33.0-255,66,170108,35,313268
28103,0.002307,172.31.33.0-255,66,170174,35,313268
28104,0.002311,74.125.68.0-255,766,170940,35,313268
28105,0.002372,74.125.68.0-255,1484,172424,35,313268
28106,0.002376,172.31.33.0-255,66,172490,35,313268
28107,0.002392,74.125.68.0-255,2902,175392,35,313268
28108,0.002396,172.31.33.0-255,66,175458,35,313268
28109,0.002399,74.125.68.0-255,1484,176942,35,313268
28110,0.002421,74.125.68.0-255,4320,181262,35,313268
28111,0.002424,172.31.33.0-255,66,181328,35,313268
28112,0.002428,74.125.68.0-255,2902,184230,35,313268
28113,0.002436,172.31.33.0-255,66,184296,35,313268
28114,0.00244,74.125.68.0-255,2902,187198,35,313268
28115,0.002443,172.31.33.0-255,66,187264,35,313268
28116,0.002469,74.125.68.0-255,1484,188748,35,313268
28117,0.002473,74.125.68.0-255,1484,190232,35,313268
28118,0.002475,172.31.33.0-255,66,190298,35,313268
28119,0.002479,74.125.68.0-255,1484,191782,35,313268
28120,0.002498,74.125.68.0-255,2902,194684,35,313268
28121,0.002501,172.31.33.0-255,66,194750,35,313268
28122,0.002504,74.125.68.0-255,1484,196234,35,313268
28123,0.002508,74.125.68.0-255,1484,197718,35,313268
28124,0.002512,172.31.33.0-255,66,197784,35,313268
28125,0.00254,74.125.68.0-255,2902,200686,35,313268
28126,0.002544,172.31.33.0-255,66,200752,35,313268
28127,0.002561,74.125.68.0-255,4320,205072,35,313268
28128,0.002563,172.31.33.0-255,66,205138,35,313268
28129,0.002582,74.125.68.0-255,766,205904,35,313268
28130,0.002751,74.125.68.0-255,1484,207388,35,313268
28131,0.002756,172.31.33.0-255,66,207454,35,313268
28132,0.002773,74.125.68.0-255,2902,210356,35,313268
28133,0.002776,172.31.33.0-255,66,210422,35,313268
28134,0.002789,74.125.68.0-255,1484,211906,35,313268
28135,0.002805,74.125.68.0-255,2902,214808,35,313268
28136,0.002808,172.31.33.0-255,66,214874,35,313268
28137,0.002842,74.125.68.0-255,7156,222030,35,313268
28138,0.002847,172.31.33.0-255,66,222096,35,313268
28139,0.002879,172.31.33.0-255,66,222162,35,313268
28140,0.002902,172.31.33.0-255,66,222228,35,313268
28141,0.002906,74.125.68.0-255,766,222994,35,313268
28142,0.002991,74.125.68.0-255,1484,224478,35,313268
28143,0.002996,172.31.33.0-255,66,224544,35,313268
28144,0.003001,74.125.68.0-255,2902,227446,35,313268
28145,0.003004,172.31.33.0-255,66,227512,35,313268
28146,0.003056,74.125.68.0-255,5738,233250,35,313268
28147,0.003061,172.31.33.0-255,66,233316,35,313268
28148,0.003066,74.125.68.0-255,2902,236218,35,313268
28149,0.003068,172.31.33.0-255,66,236284,35,313268
28150,0.003086,74.125.68.0-255,4320,240604,35,313268
28151,0.003089,172.31.33.0-255,66,240670,35,313268
28152,0.003116,74.125.68.0-255,7156,247826,35,313268
28153,0.003119,172.31.33.0-255,66,247892,35,313268
28154,0.003124,74.125.68.0-255,4320,252212,35,313268
28155,0.003126,172.31.33.0-255,66,252278,35,313268
28156,0.00314,74.125.68.0-255,4320,256598,35,313268
28157,0.003142,172.31.33.0-255,66,256664,35,313268
28158,0.003145,74.125.68.0-255,766,257430,35,313268
28159,0.0032,74.125.68.0-255,7156,264586,35,313268
28160,0.003204,172.31.33.0-255,66,264652,35,313268
28161,0.003225,74.125.68.0-255,4320,268972,35,313268
28162,0.003229,172.31.33.0-255,66,269038,35,313268
28163,0.003234,74.125.68.0-255,5738,274776,35,313268
28164,0.003236,172.31.33.0-255,66,274842,35,313268
28165,0.003275,74.125.68.0-255,7156,281998,35,313268
28166,0.003278,172.31.33.0-255,66,282064,35,313268
28167,0.003292,74.125.68.0-255,2902,284966,35,313268
28168,0.003294,172.31.33.0-255,66,285032,35,313268
28169,0.003298,74.125.68.0-255,2902,287934,35,313268
28170,0.003299,172.31.33.0-255,66,288000,35,313268
28171,0.003302,74.125.68.0-255,1484,289484,35,313268
28172,0.003306,74.125.68.0-255,2184,291668,35,313268
28173,0.003308,172.31.33.0-255,66,291734,35,313268
28174,0.003313,74.125.68.0-255,5738,297472,35,313268
28175,0.003316,172.31.33.0-255,66,297538,35,313268
28176,0.003342,74.125.68.0-255,4320,301858,35,313268
28177,0.003345,172.31.33.0-255,66,301924,35,313268
28178,0.003347,74.125.68.0-255,1484,303408,35,313268
28179,0.003357,172.31.33.0-255,66,303474,35,313268
28180,0.003386,74.125.68.0-255,7156,310630,35,313268
28181,0.003388,172.31.33.0-255,66,310696,35,313268
28182,0.003391,74.125.68.0-255,847,311543,35,313268
28183,0.003438,74.125.68.0-255,105,311648,35,313268
28184,0.008419,172.31.33.0-255,66,311714,35,313268
28185,0.008452,172.31.33.0-255,105,311819,35,313268
28186,0.010692,74.125.68.0-255,66,311885,35,313268
28187,0.042515,172.31.33.0-255,172,312057,35,313268
28188,0.042545,172.31.33.0-255,1079,313136,35,313268
28189,0.044041,104.244.42.0-255,66,313202,35,313268
28190,0.044178,104.244.42.0-255,66,313268,35,313268
28191,0.0,172.217.194.0-255,153,153,35,229417
28192,3.1e-05,172.31.33.0-255,66,219,35,229417
28193,3.7e-05,172.217.194.0-255,1484,1703,35,229417
28194,4.1e-05,172.31.33.0-255,66,1769,35,229417
28195,4.5e-05,172.217.194.0-255,2902,4671,35,229417
28196,4.7e-05,172.31.33.0-255,66,4737,35,229417
28197,5.1e-05,172.217.194.0-255,2902,7639,35,229417
28198,5.3e-05,172.31.33.0-255,66,7705,35,229417
28199,7.3e-05,172.217.194.0-255,2902,10607,35,229417
28200,7.5e-05,172.31.33.0-255,66,10673,35,229417
28201,0.000105,172.31.33.0-255,66,10739,35,229417
28202,0.00011,172.217.194.0-255,4320,15059,35,229417
28203,0.000111,172.31.33.0-255,66,15125,35,229417
28204,0.000138,172.31.33.0-255,66,15191,35,229417
28205,0.000165,172.217.194.0-255,1484,16675,35,229417
28206,0.000167,172.31.33.0-255,66,16741,35,229417
28207,0.000192,172.217.194.0-255,1484,18225,35,229417
28208,0.000195,172.31.33.0-255,66,18291,35,229417
28209,0.000199,172.217.194.0-255,2902,21193,35,229417
28210,0.000201,172.31.33.0-255,66,21259,35,229417
28211,0.000219,172.217.194.0-255,5738,26997,35,229417
28212,0.000221,172.31.33.0-255,66,27063,35,229417
28213,0.00024,172.217.194.0-255,1484,28547,35,229417
28214,0.000241,172.31.33.0-255,66,28613,35,229417
28215,0.000266,172.31.33.0-255,66,28679,35,229417
28216,0.000276,172.31.33.0-255,66,28745,35,229417
28217,0.000292,172.217.194.0-255,363,29108,35,229417
28218,0.000294,172.31.33.0-255,66,29174,35,229417
28219,0.00054,172.217.194.0-255,1484,30658,35,229417
28220,0.000558,172.217.194.0-255,2902,33560,35,229417
28221,0.000561,172.31.33.0-255,66,33626,35,229417
28222,0.000585,172.217.194.0-255,5738,39364,35,229417
28223,0.000588,172.31.33.0-255,66,39430,35,229417
28224,0.000617,172.217.194.0-255,2902,42332,35,229417
28225,0.000619,172.31.33.0-255,66,42398,35,229417
28226,0.000648,172.31.33.0-255,66,42464,35,229417
28227,0.000667,172.31.33.0-255,66,42530,35,229417
28228,0.000687,172.217.194.0-255,2184,44714,35,229417
28229,0.00069,172.31.33.0-255,66,44780,35,229417
28230,0.00106,172.217.194.0-255,1484,46264,35,229417
28231,0.001067,172.217.194.0-255,2902,49166,35,229417
28232,0.00107,172.31.33.0-255,66,49232,35,229417
28233,0.001076,172.217.194.0-255,5738,54970,35,229417
28234,0.001078,172.31.33.0-255,66,55036,35,229417
28235,0.001081,172.217.194.0-255,1484,56520,35,229417
28236,0.0011,172.217.194.0-255,7156,63676,35,229417
28237,0.001103,172.31.33.0-255,66,63742,35,229417
28238,0.00112,172.217.194.0-255,1484,65226,35,229417
28239,0.001143,172.31.33.0-255,66,65292,35,229417
28240,0.001163,172.217.194.0-255,5020,70312,35,229417
28241,0.001165,172.31.33.0-255,66,70378,35,229417
28242,0.001511,172.217.194.0-255,1484,71862,35,229417
28243,0.001531,172.217.194.0-255,2902,74764,35,229417
28244,0.001535,172.31.33.0-255,66,74830,35,229417
28245,0.00155,172.217.194.0-255,1484,76314,35,229417
28246,0.001563,172.217.194.0-255,4320,80634,35,229417
28247,0.001565,172.31.33.0-255,66,80700,35,229417
28248,0.001572,172.217.194.0-255,7156,87856,35,229417
28249,0.001573,172.31.33.0-255,66,87922,35,229417
28250,0.00159,172.217.194.0-255,5738,93660,35,229417
28251,0.001592,172.31.33.0-255,66,93726,35,229417
28252,0.001601,172.31.33.0-255,66,93792,35,229417
28253,0.001615,172.217.194.0-255,2184,95976,35,229417
28254,0.001617,172.31.33.0-255,66,96042,35,229417
28255,0.001819,172.217.194.0-255,1484,97526,35,229417
28256,0.001821,172.217.194.0-255,1484,99010,35,229417
28257,0.001823,172.31.33.0-255,66,99076,35,229417
28258,0.001836,172.217.194.0-255,1484,100560,35,229417
28259,0.00184,172.217.194.0-255,2902,103462,35,229417
28260,0.001842,172.31.33.0-255,66,103528,35,229417
28261,0.001851,172.217.194.0-255,2902,106430,35,229417
28262,0.001853,172.31.33.0-255,66,106496,35,229417
28263,0.001864,172.217.194.0-255,1484,107980,35,229417
28264,0.001887,172.31.33.0-255,66,108046,35,229417
28265,0.001893,172.217.194.0-255,5738,113784,35,229417
28266,0.001895,172.31.33.0-255,66,113850,35,229417
28267,0.001903,172.217.194.0-255,1484,115334,35,229417
28268,0.001937,172.217.194.0-255,1484,116818,35,229417
28269,0.001938,172.31.33.0-255,66,116884,35,229417
28270,0.001954,172.217.194.0-255,2184,119068,35,229417
28271,0.001956,172.31.33.0-255,66,119134,35,229417
28272,0.00223,172.217.194.0-255,1484,120618,35,229417
28273,0.002241,172.217.194.0-255,1484,122102,35,229417
28274,0.002243,172.31.33.0-255,66,122168,35,229417
28275,0.002257,172.217.194.0-255,1484,123652,35,229417
28276,0.002271,172.217.194.0-255,5738,129390,35,229417
28277,0.002273,172.31.33.0-255,66,129456,35,229417
28278,0.002289,172.217.194.0-255,4320,133776,35,229417
28279,0.002291,172.31.33.0-255,66,133842,35,229417
28280,0.002318,172.31.33.0-255,66,133908,35,229417
28281,0.002323,172.217.194.0-255,5738,139646,35,229417
28282,0.002325,172.31.33.0-255,66,139712,35,229417
28283,0.00236,172.217.194.0-255,2902,142614,35,229417
28284,0.002362,172.31.33.0-255,66,142680,35,229417
28285,0.002375,172.217.194.0-255,7156,149836,35,229417
28286,0.002377,172.31.33.0-255,66,149902,35,229417
28287,0.002394,172.31.33.0-255,66,149968,35,229417
28288,0.002411,172.217.194.0-255,2902,152870,35,229417
28289,0.002412,172.31.33.0-255,66,152936,35,229417
28290,0.002464,172.217.194.0-255,7156,160092,35,229417
28291,0.002515,172.217.194.0-255,7156,167248,35,229417
28292,0.002517,172.217.194.0-255,766,168014,35,229417
28293,0.002611,172.217.194.0-255,1484,169498,35,229417
28294,0.002623,172.217.194.0-255,5738,175236,35,229417
28295,0.002656,172.217.194.0-255,6438,181674,35,229417
28296,0.002662,172.217.194.0-255,7156,188830,35,229417
28297,0.002679,172.217.194.0-255,4320,193150,35,229417
28298,0.002699,172.217.194.0-255,5020,198170,35,229417
28299,0.002701,172.217.194.0-255,1484,199654,35,229417
28300,0.002713,172.217.194.0-255,4320,203974,35,229417
28301,0.002727,172.217.194.0-255,2902,206876,35,229417
28302,0.00273,172.217.194.0-255,2902,209778,35,229417
28303,0.002739,172.217.194.0-255,1484,211262,35,229417
28304,0.002743,172.217.194.0-255,4320,215582,35,229417
28305,0.002745,172.217.194.0-255,1484,217066,35,229417
28306,0.002758,172.217.194.0-255,1484,218550,35,229417
28307,0.002771,172.217.194.0-255,4617,223167,35,229417
28308,0.002773,172.217.194.0-255,97,223264,35,229417
28309,0.002805,172.217.194.0-255,105,223369,35,229417
28310,0.005248,172.31.33.0-255,66,223435,35,229417
28311,0.007681,172.31.33.0-255,105,223540,35,229417
28312,0.010268,172.217.194.0-255,66,223606,35,229417
28313,0.036067,172.31.33.0-255,172,223778,35,229417
28314,0.036093,172.31.33.0-255,1108,224886,35,229417
28315,0.036152,172.31.33.0-255,1514,226400,35,229417
28316,0.036153,172.31.33.0-255,1514,227914,35,229417
28317,0.036173,172.31.33.0-255,1239,229153,35,229417
28318,0.037633,104.244.42.0-255,66,229219,35,229417
28319,0.037641,104.244.42.0-255,66,229285,35,229417
28320,0.037725,104.244.42.0-255,66,229351,35,229417
28321,0.037729,104.244.42.0-255,66,229417,35,229417
28322,0.0,172.217.194.0-255,143,143,35,217064
28323,2.1e-05,172.31.33.0-255,66,209,35,217064
28324,2.8e-05,172.217.194.0-255,1484,1693,35,217064
28325,3.2e-05,172.31.33.0-255,66,1759,35,217064
28326,3.7e-05,172.217.194.0-255,2902,4661,35,217064
28327,4e-05,172.31.33.0-255,66,4727,35,217064
28328,4.3e-05,172.217.194.0-255,1484,6211,35,217064
28329,4.6e-05,172.31.33.0-255,66,6277,35,217064
28330,5.1e-05,172.217.194.0-255,2902,9179,35,217064
28331,5.4e-05,172.31.33.0-255,66,9245,35,217064
28332,7.7e-05,172.217.194.0-255,4320,13565,35,217064
28333,8e-05,172.31.33.0-255,66,13631,35,217064
28334,9.7e-05,172.217.194.0-255,2011,15642,35,217064
28335,9.9e-05,172.31.33.0-255,66,15708,35,217064
28336,0.000112,172.31.33.0-255,66,15774,35,217064
28337,0.000131,172.217.194.0-255,4320,20094,35,217064
28338,0.000134,172.31.33.0-255,66,20160,35,217064
28339,0.000137,172.217.194.0-255,1125,21285,35,217064
28340,0.000139,172.31.33.0-255,66,21351,35,217064
28341,0.000173,172.217.194.0-255,1484,22835,35,217064
28342,0.000176,172.31.33.0-255,66,22901,35,217064
28343,0.000181,172.217.194.0-255,4320,27221,35,217064
28344,0.000184,172.31.33.0-255,66,27287,35,217064
28345,0.000215,172.31.33.0-255,66,27353,35,217064
28346,0.00023,172.217.194.0-255,2902,30255,35,217064
28347,0.000233,172.31.33.0-255,66,30321,35,217064
28348,0.000271,172.31.33.0-255,66,30387,35,217064
28349,0.000275,172.217.194.0-255,2499,32886,35,217064
28350,0.000278,172.31.33.0-255,66,32952,35,217064
28351,0.000368,172.217.194.0-255,363,33315,35,217064
28352,0.000471,172.217.194.0-255,1484,34799,35,217064
28353,0.000477,172.31.33.0-255,66,34865,35,217064
28354,0.000483,172.217.194.0-255,2902,37767,35,217064
28355,0.000486,172.31.33.0-255,66,37833,35,217064
28356,0.000492,172.217.194.0-255,5738,43571,35,217064
28357,0.000495,172.31.33.0-255,66,43637,35,217064
28358,0.000529,172.31.33.0-255,66,43703,35,217064
28359,0.000552,172.217.194.0-255,1484,45187,35,217064
28360,0.000574,172.217.194.0-255,7156,52343,35,217064
28361,0.000578,172.31.33.0-255,66,52409,35,217064
28362,0.000596,172.217.194.0-255,2184,54593,35,217064
28363,0.000599,172.31.33.0-255,66,54659,35,217064
28364,0.000632,172.217.194.0-255,1484,56143,35,217064
28365,0.000649,172.217.194.0-255,2902,59045,35,217064
28366,0.000654,172.31.33.0-255,66,59111,35,217064
28367,0.000675,172.217.194.0-255,5738,64849,35,217064
28368,0.000683,172.31.33.0-255,66,64915,35,217064
28369,0.000708,172.217.194.0-255,1484,66399,35,217064
28370,0.000765,172.31.33.0-255,66,66465,35,217064
28371,0.000777,172.217.194.0-255,1484,67949,35,217064
28372,0.000824,172.31.33.0-255,66,68015,35,217064
28373,0.000836,172.217.194.0-255,1484,69499,35,217064
28374,0.000842,172.217.194.0-255,2902,72401,35,217064
28375,0.000864,172.217.194.0-255,5738,78139,35,217064
28376,0.00087,172.217.194.0-255,4320,82459,35,217064
28377,0.000885,172.217.194.0-255,4320,86779,35,217064
28378,0.00089,172.31.33.0-255,66,86845,35,217064
28379,0.000911,172.217.194.0-255,2902,89747,35,217064
28380,0.000941,172.31.33.0-255,66,89813,35,217064
28381,0.000996,172.217.194.0-255,1484,91297,35,217064
28382,0.001,172.217.194.0-255,1484,92781,35,217064
28383,0.001018,172.217.194.0-255,1484,94265,35,217064
28384,0.001023,172.217.194.0-255,2902,97167,35,217064
28385,0.001027,172.31.33.0-255,66,97233,35,217064
28386,0.001045,172.217.194.0-255,2902,100135,35,217064
28387,0.001048,172.217.194.0-255,1484,101619,35,217064
28388,0.001069,172.217.194.0-255,5738,107357,35,217064
28389,0.001083,172.31.33.0-255,66,107423,35,217064
28390,0.00109,172.217.194.0-255,5738,113161,35,217064
28391,0.001096,172.217.194.0-255,4320,117481,35,217064
28392,0.001101,172.31.33.0-255,66,117547,35,217064
28393,0.001111,172.217.194.0-255,2902,120449,35,217064
28394,0.001128,172.217.194.0-255,3602,124051,35,217064
28395,0.001147,172.217.194.0-255,5738,129789,35,217064
28396,0.001163,172.217.194.0-255,5738,135527,35,217064
28397,0.001166,172.217.194.0-255,1484,137011,35,217064
28398,0.001171,172.31.33.0-255,66,137077,35,217064
28399,0.001227,172.217.194.0-255,2902,139979,35,217064
28400,0.00123,172.31.33.0-255,66,140045,35,217064
28401,0.001236,172.31.33.0-255,66,140111,35,217064
28402,0.001268,172.217.194.0-255,2902,143013,35,217064
28403,0.001276,172.31.33.0-255,66,143079,35,217064
28404,0.001301,172.31.33.0-255,66,143145,35,217064
28405,0.001323,172.217.194.0-255,5738,148883,35,217064
28406,0.001355,172.31.33.0-255,66,148949,35,217064
28407,0.001364,172.217.194.0-255,1484,150433,35,217064
28408,0.001366,172.217.194.0-255,1484,151917,35,217064
28409,0.001372,172.31.33.0-255,66,151983,35,217064
28410,0.001381,172.217.194.0-255,1484,153467,35,217064
28411,0.001385,172.217.194.0-255,2902,156369,35,217064
28412,0.001401,172.217.194.0-255,2902,159271,35,217064
28413,0.001428,172.31.33.0-255,66,159337,35,217064
28414,0.001435,172.217.194.0-255,5738,165075,35,217064
28415,0.001451,172.217.194.0-255,4320,169395,35,217064
28416,0.001454,172.31.33.0-255,66,169461,35,217064
28417,0.001503,172.217.194.0-255,2902,172363,35,217064
28418,0.001507,172.217.194.0-255,2184,174547,35,217064
28419,0.001577,172.217.194.0-255,1484,176031,35,217064
28420,0.001581,172.217.194.0-255,2902,178933,35,217064
28421,0.001584,172.217.194.0-255,2902,181835,35,217064
28422,0.001589,172.217.194.0-255,4320,186155,35,217064
28423,0.001591,172.217.194.0-255,1484,187639,35,217064
28424,0.001594,172.31.33.0-255,66,187705,35,217064
28425,0.001603,172.31.33.0-255,66,187771,35,217064
28426,0.001621,172.217.194.0-255,7156,194927,35,217064
28427,0.001674,172.31.33.0-255,66,194993,35,217064
28428,0.001692,172.217.194.0-255,6438,201431,35,217064
28429,0.00176,172.217.194.0-255,5117,206548,35,217064
28430,0.001762,172.217.194.0-255,105,206653,35,217064
28431,0.001767,172.31.33.0-255,66,206719,35,217064
28432,0.001782,172.31.33.0-255,66,206785,35,217064
28433,0.005592,172.31.33.0-255,105,206890,35,217064
28434,0.007651,172.217.194.0-255,66,206956,35,217064
28435,0.047867,172.31.33.0-255,172,207128,35,217064
28436,0.047912,172.31.33.0-255,1107,208235,35,217064
28437,0.047992,172.31.33.0-255,1514,209749,35,217064
28438,0.047994,172.31.33.0-255,1514,211263,35,217064
28439,0.048,172.31.33.0-255,1514,212777,35,217064
28440,0.048001,172.31.33.0-255,1514,214291,35,217064
28441,0.048022,172.31.33.0-255,1514,215805,35,217064
28442,0.048028,172.31.33.0-255,929,216734,35,217064
28443,0.049428,104.244.42.0-255,66,216800,35,217064
28444,0.049447,104.244.42.0-255,66,216866,35,217064
28445,0.049612,104.244.42.0-255,66,216932,35,217064
28446,0.049617,104.244.42.0-255,66,216998,35,217064
28447,0.049621,104.244.42.0-255,66,217064,35,217064
28448,0.0,172.31.33.0-255,105,105,35,276
28449,0.001783,157.240.7.0-255,105,210,35,276
28450,0.001796,172.31.33.0-255,66,276,35,276
28451,0.0,172.31.33.0-255,105,105,35,276
28452,0.001767,157.240.7.0-255,105,210,35,276
28453,0.001781,172.31.33.0-255,66,276,35,276
28454,0.0,74.125.130.0-255,153,153,35,352329
28455,1.6e-05,172.31.33.0-255,66,219,35,352329
28456,2.3e-05,74.125.130.0-255,1484,1703,35,352329
28457,2.7e-05,172.31.33.0-255,66,1769,35,352329
28458,3.3e-05,74.125.130.0-255,2902,4671,35,352329
28459,3.7e-05,172.31.33.0-255,66,4737,35,352329
28460,6.3e-05,74.125.130.0-255,7156,11893,35,352329
28461,6.6e-05,172.31.33.0-255,66,11959,35,352329
28462,0.000102,74.125.130.0-255,2064,14023,35,352329
28463,0.000105,172.31.33.0-255,66,14089,35,352329
28464,0.000658,74.125.130.0-255,1484,15573,35,352329
28465,0.000664,172.31.33.0-255,66,15639,35,352329
28466,0.000673,74.125.130.0-255,2902,18541,35,352329
28467,0.000676,172.31.33.0-255,66,18607,35,352329
28468,0.00068,74.125.130.0-255,1484,20091,35,352329
28469,0.000682,172.31.33.0-255,66,20157,35,352329
28470,0.000708,74.125.130.0-255,4320,24477,35,352329
28471,0.000711,172.31.33.0-255,66,24543,35,352329
28472,0.000715,74.125.130.0-255,1484,26027,35,352329
28473,0.000716,172.31.33.0-255,66,26093,35,352329
28474,0.000743,74.125.130.0-255,5379,31472,35,352329
28475,0.000746,172.31.33.0-255,66,31538,35,352329
28476,0.000769,74.125.130.0-255,5738,37276,35,352329
28477,0.000772,172.31.33.0-255,66,37342,35,352329
28478,0.000797,74.125.130.0-255,2902,40244,35,352329
28479,0.0008,172.31.33.0-255,66,40310,35,352329
28480,0.00083,74.125.130.0-255,4320,44630,35,352329
28481,0.000834,172.31.33.0-255,66,44696,35,352329
28482,0.000846,172.31.33.0-255,66,44762,35,352329
28483,0.000868,74.125.130.0-255,7156,51918,35,352329
28484,0.000871,172.31.33.0-255,66,51984,35,352329
28485,0.000893,74.125.130.0-255,2184,54168,35,352329
28486,0.000895,172.31.33.0-255,66,54234,35,352329
28487,0.000898,74.125.130.0-255,411,54645,35,352329
28488,0.001091,74.125.130.0-255,1484,56129,35,352329
28489,0.001097,172.31.33.0-255,66,56195,35,352329
28490,0.001118,74.125.130.0-255,2902,59097,35,352329
28491,0.001121,172.31.33.0-255,66,59163,35,352329
28492,0.001142,74.125.130.0-255,4320,63483,35,352329
28493,0.001145,172.31.33.0-255,66,63549,35,352329
28494,0.001156,74.125.130.0-255,1484,65033,35,352329
28495,0.001169,74.125.130.0-255,1484,66517,35,352329
28496,0.001171,172.31.33.0-255,66,66583,35,352329
28497,0.001178,74.125.130.0-255,4320,70903,35,352329
28498,0.001181,172.31.33.0-255,66,70969,35,352329
28499,0.001207,74.125.130.0-255,7156,78125,35,352329
28500,0.00121,172.31.33.0-255,66,78191,35,352329
28501,0.001227,74.125.130.0-255,1484,79675,35,352329
28502,0.001232,74.125.130.0-255,2902,82577,35,352329
28503,0.001234,172.31.33.0-255,66,82643,35,352329
28504,0.001261,74.125.130.0-255,1484,84127,35,352329
28505,0.001276,74.125.130.0-255,5020,89147,35,352329
28506,0.001279,172.31.33.0-255,66,89213,35,352329
28507,0.001504,74.125.130.0-255,1484,90697,35,352329
28508,0.001512,74.125.130.0-255,2902,93599,35,352329
28509,0.001517,172.31.33.0-255,66,93665,35,352329
28510,0.001522,74.125.130.0-255,2902,96567,35,352329
28511,0.001525,172.31.33.0-255,66,96633,35,352329
28512,0.001528,74.125.130.0-255,1484,98117,35,352329
28513,0.00155,74.125.130.0-255,2902,101019,35,352329
28514,0.001553,172.31.33.0-255,66,101085,35,352329
28515,0.001564,172.31.33.0-255,66,101151,35,352329
28516,0.001581,74.125.130.0-255,5738,106889,35,352329
28517,0.001583,172.31.33.0-255,66,106955,35,352329
28518,0.001603,74.125.130.0-255,4320,111275,35,352329
28519,0.001605,172.31.33.0-255,66,111341,35,352329
28520,0.001627,74.125.130.0-255,2902,114243,35,352329
28521,0.00163,172.31.33.0-255,66,114309,35,352329
28522,0.001632,74.125.130.0-255,766,115075,35,352329
28523,0.001661,74.125.130.0-255,1484,116559,35,352329
28524,0.001663,172.31.33.0-255,66,116625,35,352329
28525,0.001679,74.125.130.0-255,2902,119527,35,352329
28526,0.001682,172.31.33.0-255,66,119593,35,352329
28527,0.001701,74.125.130.0-255,5738,125331,35,352329
28528,0.001705,172.31.33.0-255,66,125397,35,352329
28529,0.001719,74.125.130.0-255,1484,126881,35,352329
28530,0.001765,172.31.33.0-255,66,126947,35,352329
28531,0.001769,74.125.130.0-255,1484,128431,35,352329
28532,0.001794,172.31.33.0-255,66,128497,35,352329
28533,0.001809,74.125.130.0-255,1484,129981,35,352329
28534,0.001814,74.125.130.0-255,2184,132165,35,352329
28535,0.001816,172.31.33.0-255,66,132231,35,352329
28536,0.002391,74.125.130.0-255,1484,133715,35,352329
28537,0.002412,74.125.130.0-255,2902,136617,35,352329
28538,0.002417,172.31.33.0-255,66,136683,35,352329
28539,0.002424,74.125.130.0-255,4320,141003,35,352329
28540,0.002427,172.31.33.0-255,66,141069,35,352329
28541,0.002439,74.125.130.0-255,1484,142553,35,352329
28542,0.002442,74.125.130.0-255,1484,144037,35,352329
28543,0.002444,172.31.33.0-255,66,144103,35,352329
28544,0.002472,74.125.130.0-255,5738,149841,35,352329
28545,0.002475,172.31.33.0-255,66,149907,35,352329
28546,0.002488,74.125.130.0-255,1484,151391,35,352329
28547,0.002511,74.125.130.0-255,7156,158547,35,352329
28548,0.002514,172.31.33.0-255,66,158613,35,352329
28549,0.002531,74.125.130.0-255,1484,160097,35,352329
28550,0.002553,74.125.130.0-255,6438,166535,35,352329
28551,0.002556,172.31.33.0-255,66,166601,35,352329
28552,0.002646,74.125.130.0-255,1484,168085,35,352329
28553,0.002661,74.125.130.0-255,2902,170987,35,352329
28554,0.002665,172.31.33.0-255,66,171053,35,352329
28555,0.002673,74.125.130.0-255,5738,176791,35,352329
28556,0.002676,172.31.33.0-255,66,176857,35,352329
28557,0.002703,74.125.130.0-255,1484,178341,35,352329
28558,0.002727,74.125.130.0-255,2902,181243,35,352329
28559,0.00273,172.31.33.0-255,66,181309,35,352329
28560,0.002734,74.125.130.0-255,1484,182793,35,352329
28561,0.002779,74.125.130.0-255,5738,188531,35,352329
28562,0.002782,172.31.33.0-255,66,188597,35,352329
28563,0.002838,74.125.130.0-255,7156,195753,35,352329
28564,0.002841,172.31.33.0-255,66,195819,35,352329
28565,0.002852,172.31.33.0-255,66,195885,35,352329
28566,0.002887,172.31.33.0-255,66,195951,35,352329
28567,0.002897,74.125.130.0-255,2902,198853,35,352329
28568,0.002899,172.31.33.0-255,66,198919,35,352329
28569,0.002931,74.125.130.0-255,7156,206075,35,352329
28570,0.002934,172.31.33.0-255,66,206141,35,352329
28571,0.00294,74.125.130.0-255,4320,210461,35,352329
28572,0.002942,172.31.33.0-255,66,210527,35,352329
28573,0.00296,74.125.130.0-255,7156,217683,35,352329
28574,0.002963,172.31.33.0-255,66,217749,35,352329
28575,0.00298,74.125.130.0-255,766,218515,35,352329
28576,0.003016,74.125.130.0-255,1484,219999,35,352329
28577,0.00302,172.31.33.0-255,66,220065,35,352329
28578,0.003039,74.125.130.0-255,1484,221549,35,352329
28579,0.003055,74.125.130.0-255,2902,224451,35,352329
28580,0.003058,172.31.33.0-255,66,224517,35,352329
28581,0.003063,74.125.130.0-255,2902,227419,35,352329
28582,0.003065,172.31.33.0-255,66,227485,35,352329
28583,0.00308,74.125.130.0-255,2902,230387,35,352329
28584,0.003082,172.31.33.0-255,66,230453,35,352329
28585,0.00311,74.125.130.0-255,7156,237609,35,352329
28586,0.003113,172.31.33.0-255,66,237675,35,352329
28587,0.003144,172.31.33.0-255,66,237741,35,352329
28588,0.003149,74.125.130.0-255,2902,240643,35,352329
28589,0.003151,172.31.33.0-255,66,240709,35,352329
28590,0.003178,74.125.130.0-255,3602,244311,35,352329
28591,0.003196,172.31.33.0-255,66,244377,35,352329
28592,0.003265,74.125.130.0-255,1484,245861,35,352329
28593,0.003279,74.125.130.0-255,1484,247345,35,352329
28594,0.003282,172.31.33.0-255,66,247411,35,352329
28595,0.003285,74.125.130.0-255,1484,248895,35,352329
28596,0.00331,74.125.130.0-255,2902,251797,35,352329
28597,0.003313,172.31.33.0-255,66,251863,35,352329
28598,0.003317,74.125.130.0-255,2902,254765,35,352329
28599,0.00332,172.31.33.0-255,66,254831,35,352329
28600,0.003348,74.125.130.0-255,4320,259151,35,352329
28601,0.003351,172.31.33.0-255,66,259217,35,352329
28602,0.003355,74.125.130.0-255,1484,260701,35,352329
28603,0.003388,74.125.130.0-255,1484,262185,35,352329
28604,0.003391,172.31.33.0-255,66,262251,35,352329
28605,0.00341,74.125.130.0-255,2902,265153,35,352329
28606,0.003412,172.31.33.0-255,66,265219,35,352329
28607,0.003416,74.125.130.0-255,1484,266703,35,352329
28608,0.00343,74.125.130.0-255,1484,268187,35,352329
28609,0.003435,172.31.33.0-255,66,268253,35,352329
28610,0.003447,74.125.130.0-255,1484,269737,35,352329
28611,0.003462,74.125.130.0-255,2902,272639,35,352329
28612,0.00347,172.31.33.0-255,66,272705,35,352329
28613,0.003489,74.125.130.0-255,4320,277025,35,352329
28614,0.003499,172.31.33.0-255,66,277091,35,352329
28615,0.003511,74.125.130.0-255,2184,279275,35,352329
28616,0.003519,74.125.130.0-255,7156,286431,35,352329
28617,0.003524,172.31.33.0-255,66,286497,35,352329
28618,0.003533,74.125.130.0-255,1484,287981,35,352329
28619,0.003556,74.125.130.0-255,7156,295137,35,352329
28620,0.003562,74.125.130.0-255,4320,299457,35,352329
28621,0.003566,74.125.130.0-255,2902,302359,35,352329
28622,0.003581,74.125.130.0-255,2902,305261,35,352329
28623,0.003599,74.125.130.0-255,4320,309581,35,352329
28624,0.003614,172.31.33.0-255,66,309647,35,352329
28625,0.003617,74.125.130.0-255,1484,311131,35,352329
28626,0.003619,74.125.130.0-255,1484,312615,35,352329
28627,0.003622,74.125.130.0-255,766,313381,35,352329
28628,0.003633,172.31.33.0-255,66,313447,35,352329
28629,0.00367,74.125.130.0-255,1484,314931,35,352329
28630,0.003684,74.125.130.0-255,2902,317833,35,352329
28631,0.003701,74.125.130.0-255,1484,319317,35,352329
28632,0.003703,172.31.33.0-255,66,319383,35,352329
28633,0.003721,74.125.130.0-255,2902,322285,35,352329
28634,0.003729,172.31.33.0-255,66,322351,35,352329
28635,0.003737,74.125.130.0-255,1484,323835,35,352329
28636,0.00375,74.125.130.0-255,4320,328155,35,352329
28637,0.003753,74.125.130.0-255,1484,329639,35,352329
28638,0.003772,172.31.33.0-255,66,329705,35,352329
28639,0.003784,74.125.130.0-255,4320,334025,35,352329
28640,0.003798,74.125.130.0-255,1484,335509,35,352329
28641,0.003803,74.125.130.0-255,2902,338411,35,352329
28642,0.003817,74.125.130.0-255,3197,341608,35,352329
28643,0.00382,74.125.130.0-255,97,341705,35,352329
28644,0.003826,172.31.33.0-255,66,341771,35,352329
28645,0.003896,74.125.130.0-255,105,341876,35,352329
28646,0.01812,172.31.33.0-255,66,341942,35,352329
28647,0.027617,172.31.33.0-255,105,342047,35,352329
28648,0.030101,74.125.130.0-255,66,342113,35,352329
28649,0.038673,172.31.33.0-255,172,342285,35,352329
28650,0.038702,172.31.33.0-255,1107,343392,35,352329
28651,0.038763,172.31.33.0-255,1514,344906,35,352329
28652,0.038765,172.31.33.0-255,1514,346420,35,352329
28653,0.038769,172.31.33.0-255,1514,347934,35,352329
28654,0.03877,172.31.33.0-255,1514,349448,35,352329
28655,0.038788,172.31.33.0-255,1514,350962,35,352329
28656,0.038793,172.31.33.0-255,929,351891,35,352329
28657,0.040244,104.244.42.0-255,66,351957,35,352329
28658,0.040291,104.244.42.0-255,66,352023,35,352329
28659,0.040345,104.244.42.0-255,66,352089,35,352329
28660,0.040378,104.244.42.0-255,66,352155,35,352329
28661,0.040823,104.244.42.0-255,108,352263,35,352329
28662,0.040833,172.31.33.0-255,66,352329,35,352329
28663,0.0,172.31.33.0-255,105,105,35,276
28664,0.002164,157.240.7.0-255,105,210,35,276
28665,0.002176,172.31.33.0-255,66,276,35,276
28666,0.0,74.125.68.0-255,143,143,35,321672
28667,2.9e-05,172.31.33.0-255,66,209,35,321672
28668,3.6e-05,74.125.68.0-255,1484,1693,35,321672
28669,4.1e-05,172.31.33.0-255,66,1759,35,321672
28670,5.3e-05,74.125.68.0-255,2902,4661,35,321672
28671,5.6e-05,172.31.33.0-255,66,4727,35,321672
28672,6e-05,74.125.68.0-255,1484,6211,35,321672
28673,6.2e-05,172.31.33.0-255,66,6277,35,321672
28674,8.9e-05,74.125.68.0-255,2902,9179,35,321672
28675,9.6e-05,172.31.33.0-255,66,9245,35,321672
28676,0.000103,74.125.68.0-255,2902,12147,35,321672
28677,0.000104,172.31.33.0-255,66,12213,35,321672
28678,0.000132,74.125.68.0-255,3512,15725,35,321672
28679,0.000141,172.31.33.0-255,66,15791,35,321672
28680,0.00018,74.125.68.0-255,5738,21529,35,321672
28681,0.000184,172.31.33.0-255,66,21595,35,321672
28682,0.000191,74.125.68.0-255,7156,28751,35,321672
28683,0.000193,172.31.33.0-255,66,28817,35,321672
28684,0.000196,74.125.68.0-255,1484,30301,35,321672
28685,0.000205,172.31.33.0-255,66,30367,35,321672
28686,0.000231,74.125.68.0-255,1125,31492,35,321672
28687,0.000233,172.31.33.0-255,66,31558,35,321672
28688,0.000372,74.125.68.0-255,1484,33042,35,321672
28689,0.000376,172.31.33.0-255,66,33108,35,321672
28690,0.000381,74.125.68.0-255,2902,36010,35,321672
28691,0.000384,172.31.33.0-255,66,36076,35,321672
28692,0.00041,74.125.68.0-255,5738,41814,35,321672
28693,0.000413,172.31.33.0-255,66,41880,35,321672
28694,0.000444,74.125.68.0-255,5738,47618,35,321672
28695,0.000447,172.31.33.0-255,66,47684,35,321672
28696,0.000474,74.125.68.0-255,1125,48809,35,321672
28697,0.000477,172.31.33.0-255,66,48875,35,321672
28698,0.00048,74.125.68.0-255,1484,50359,35,321672
28699,0.000484,74.125.68.0-255,2902,53261,35,321672
28700,0.000486,172.31.33.0-255,66,53327,35,321672
28701,0.000494,74.125.68.0-255,1484,54811,35,321672
28702,0.00052,74.125.68.0-255,4320,59131,35,321672
28703,0.000523,172.31.33.0-255,66,59197,35,321672
28704,0.000527,74.125.68.0-255,2902,62099,35,321672
28705,0.000529,172.31.33.0-255,66,62165,35,321672
28706,0.000539,74.125.68.0-255,4235,66400,35,321672
28707,0.000541,172.31.33.0-255,66,66466,35,321672
28708,0.000544,74.125.68.0-255,130,66596,35,321672
28709,0.00057,74.125.68.0-255,349,66945,35,321672
28710,0.000722,172.31.33.0-255,66,67011,35,321672
28711,0.000857,74.125.68.0-255,1484,68495,35,321672
28712,0.000866,74.125.68.0-255,1484,69979,35,321672
28713,0.000869,172.31.33.0-255,66,70045,35,321672
28714,0.000895,74.125.68.0-255,1484,71529,35,321672
28715,0.000901,74.125.68.0-255,5738,77267,35,321672
28716,0.000904,172.31.33.0-255,66,77333,35,321672
28717,0.000933,74.125.68.0-255,7156,84489,35,321672
28718,0.000936,172.31.33.0-255,66,84555,35,321672
28719,0.000943,74.125.68.0-255,5738,90293,35,321672
28720,0.000945,172.31.33.0-255,66,90359,35,321672
28721,0.000973,74.125.68.0-255,2902,93261,35,321672
28722,0.000976,172.31.33.0-255,66,93327,35,321672
28723,0.000989,172.31.33.0-255,66,93393,35,321672
28724,0.001452,74.125.68.0-255,1484,94877,35,321672
28725,0.001457,74.125.68.0-255,1484,96361,35,321672
28726,0.001461,172.31.33.0-255,66,96427,35,321672
28727,0.001487,74.125.68.0-255,1484,97911,35,321672
28728,0.001493,74.125.68.0-255,5738,103649,35,321672
28729,0.001495,172.31.33.0-255,66,103715,35,321672
28730,0.001534,172.31.33.0-255,66,103781,35,321672
28731,0.001594,172.31.33.0-255,66,103847,35,321672
28732,0.001707,74.125.68.0-255,1484,105331,35,321672
28733,0.001723,74.125.68.0-255,2902,108233,35,321672
28734,0.001725,172.31.33.0-255,66,108299,35,321672
28735,0.001747,74.125.68.0-255,5738,114037,35,321672
28736,0.001749,172.31.33.0-255,66,114103,35,321672
28737,0.001772,74.125.68.0-255,4320,118423,35,321672
28738,0.001774,172.31.33.0-255,66,118489,35,321672
28739,0.001796,74.125.68.0-255,5738,124227,35,321672
28740,0.001798,172.31.33.0-255,66,124293,35,321672
28741,0.001808,172.31.33.0-255,66,124359,35,321672
28742,0.001832,74.125.68.0-255,1484,125843,35,321672
28743,0.001836,74.125.68.0-255,2184,128027,35,321672
28744,0.001837,172.31.33.0-255,66,128093,35,321672
28745,0.002015,74.125.68.0-255,1484,129577,35,321672
28746,0.002018,74.125.68.0-255,1484,131061,35,321672
28747,0.00202,172.31.33.0-255,66,131127,35,321672
28748,0.00204,74.125.68.0-255,1484,132611,35,321672
28749,0.002045,74.125.68.0-255,5738,138349,35,321672
28750,0.002047,172.31.33.0-255,66,138415,35,321672
28751,0.002075,74.125.68.0-255,7156,145571,35,321672
28752,0.002077,172.31.33.0-255,66,145637,35,321672
28753,0.002111,74.125.68.0-255,1484,147121,35,321672
28754,0.002126,74.125.68.0-255,4320,151441,35,321672
28755,0.002128,172.31.33.0-255,66,151507,35,321672
28756,0.002143,74.125.68.0-255,2902,154409,35,321672
28757,0.002145,172.31.33.0-255,66,154475,35,321672
28758,0.002168,74.125.68.0-255,4320,158795,35,321672
28759,0.00217,172.31.33.0-255,66,158861,35,321672
28760,0.002182,74.125.68.0-255,3602,162463,35,321672
28761,0.002187,172.31.33.0-255,66,162529,35,321672
28762,0.002217,74.125.68.0-255,4320,166849,35,321672
28763,0.002219,172.31.33.0-255,66,166915,35,321672
28764,0.002221,74.125.68.0-255,1484,168399,35,321672
28765,0.002242,74.125.68.0-255,2902,171301,35,321672
28766,0.002244,172.31.33.0-255,66,171367,35,321672
28767,0.002254,74.125.68.0-255,1484,172851,35,321672
28768,0.00227,74.125.68.0-255,4320,177171,35,321672
28769,0.002273,172.31.33.0-255,66,177237,35,321672
28770,0.002278,74.125.68.0-255,5738,182975,35,321672
28771,0.00228,172.31.33.0-255,66,183041,35,321672
28772,0.002313,74.125.68.0-255,7156,190197,35,321672
28773,0.002316,172.31.33.0-255,66,190263,35,321672
28774,0.002319,74.125.68.0-255,2902,193165,35,321672
28775,0.002321,172.31.33.0-255,66,193231,35,321672
28776,0.002326,74.125.68.0-255,3602,196833,35,321672
28777,0.002328,172.31.33.0-255,66,196899,35,321672
28778,0.002673,74.125.68.0-255,1484,198383,35,321672
28779,0.002691,74.125.68.0-255,1484,199867,35,321672
28780,0.002693,172.31.33.0-255,66,199933,35,321672
28781,0.002717,74.125.68.0-255,2902,202835,35,321672
28782,0.002719,172.31.33.0-255,66,202901,35,321672
28783,0.002723,74.125.68.0-255,2902,205803,35,321672
28784,0.002725,172.31.33.0-255,66,205869,35,321672
28785,0.002756,74.125.68.0-255,5738,211607,35,321672
28786,0.002758,172.31.33.0-255,66,211673,35,321672
28787,0.00278,74.125.68.0-255,2902,214575,35,321672
28788,0.002782,172.31.33.0-255,66,214641,35,321672
28789,0.002785,74.125.68.0-255,1484,216125,35,321672
28790,0.00279,74.125.68.0-255,4320,220445,35,321672
28791,0.002792,172.31.33.0-255,66,220511,35,321672
28792,0.002796,74.125.68.0-255,4320,224831,35,321672
28793,0.002798,172.31.33.0-255,66,224897,35,321672
28794,0.002801,74.125.68.0-255,1484,226381,35,321672
28795,0.002803,74.125.68.0-255,1484,227865,35,321672
28796,0.002829,74.125.68.0-255,2902,230767,35,321672
28797,0.002831,74.125.68.0-255,766,231533,35,321672
28798,0.002942,74.125.68.0-255,1484,233017,35,321672
28799,0.002959,74.125.68.0-255,2902,235919,35,321672
28800,0.002972,74.125.68.0-255,2902,238821,35,321672
28801,0.002983,74.125.68.0-255,2902,241723,35,321672
28802,0.003005,74.125.68.0-255,5738,247461,35,321672
28803,0.00301,74.125.68.0-255,4320,251781,35,321672
28804,0.003026,74.125.68.0-255,2902,254683,35,321672
28805,0.003031,74.125.68.0-255,5738,260421,35,321672
28806,0.003046,74.125.68.0-255,1484,261905,35,321672
28807,0.00305,74.125.68.0-255,3602,265507,35,321672
28808,0.003109,74.125.68.0-255,2902,268409,35,321672
28809,0.003139,74.125.68.0-255,4320,272729,35,321672
28810,0.003164,74.125.68.0-255,7156,279885,35,321672
28811,0.003167,74.125.68.0-255,1484,281369,35,321672
28812,0.003169,74.125.68.0-255,1484,282853,35,321672
28813,0.003171,74.125.68.0-255,1484,284337,35,321672
28814,0.003194,74.125.68.0-255,6438,290775,35,321672
28815,0.003205,74.125.68.0-255,1484,292259,35,321672
28816,0.003223,74.125.68.0-255,2902,295161,35,321672
28817,0.003245,74.125.68.0-255,5738,300899,35,321672
28818,0.003247,74.125.68.0-255,1484,302383,35,321672
28819,0.003269,74.125.68.0-255,2902,305285,35,321672
28820,0.003286,74.125.68.0-255,2902,308187,35,321672
28821,0.003325,74.125.68.0-255,2902,311089,35,321672
28822,0.003364,74.125.68.0-255,2902,313991,35,321672
28823,0.003367,74.125.68.0-255,1484,315475,35,321672
28824,0.003437,74.125.68.0-255,1475,316950,35,321672
28825,0.003456,74.125.68.0-255,105,317055,35,321672
28826,0.005663,172.31.33.0-255,66,317121,35,321672
28827,0.007816,172.31.33.0-255,105,317226,35,321672
28828,0.010083,74.125.68.0-255,66,317292,35,321672
28829,0.046198,172.31.33.0-255,172,317464,35,321672
28830,0.046227,172.31.33.0-255,1108,318572,35,321672
28831,0.046284,172.31.33.0-255,1514,320086,35,321672
28832,0.0463,172.31.33.0-255,1388,321474,35,321672
28833,0.04775,104.244.42.0-255,66,321540,35,321672
28834,0.047783,104.244.42.0-255,66,321606,35,321672
28835,0.047842,104.244.42.0-255,66,321672,35,321672
28836,0.0,74.125.130.0-255,148,148,35,270215
28837,3e-05,172.31.33.0-255,66,214,35,270215
28838,5.6e-05,74.125.130.0-255,1484,1698,35,270215
28839,6.1e-05,172.31.33.0-255,66,1764,35,270215
28840,6.5e-05,74.125.130.0-255,2902,4666,35,270215
28841,6.7e-05,172.31.33.0-255,66,4732,35,270215
28842,0.000106,74.125.130.0-255,5738,10470,35,270215
28843,0.000108,172.31.33.0-255,66,10536,35,270215
28844,0.000113,74.125.130.0-255,3472,14008,35,270215
28845,0.000115,172.31.33.0-255,66,14074,35,270215
28846,0.000163,74.125.130.0-255,1484,15558,35,270215
28847,0.000168,172.31.33.0-255,66,15624,35,270215
28848,0.000171,74.125.130.0-255,1484,17108,35,270215
28849,0.000172,172.31.33.0-255,66,17174,35,270215
28850,0.000203,74.125.130.0-255,1484,18658,35,270215
28851,0.000207,172.31.33.0-255,66,18724,35,270215
28852,0.000211,74.125.130.0-255,4320,23044,35,270215
28853,0.000214,172.31.33.0-255,66,23110,35,270215
28854,0.000224,74.125.130.0-255,5738,28848,35,270215
28855,0.000226,172.31.33.0-255,66,28914,35,270215
28856,0.000251,74.125.130.0-255,3961,32875,35,270215
28857,0.000257,172.31.33.0-255,66,32941,35,270215
28858,0.000262,74.125.130.0-255,4320,37261,35,270215
28859,0.000264,172.31.33.0-255,66,37327,35,270215
28860,0.000302,172.31.33.0-255,66,37393,35,270215
28861,0.000305,74.125.130.0-255,1125,38518,35,270215
28862,0.000307,172.31.33.0-255,66,38584,35,270215
28863,0.0005,74.125.130.0-255,1484,40068,35,270215
28864,0.000504,172.31.33.0-255,66,40134,35,270215
28865,0.000531,74.125.130.0-255,2902,43036,35,270215
28866,0.000534,172.31.33.0-255,66,43102,35,270215
28867,0.00054,74.125.130.0-255,5738,48840,35,270215
28868,0.000541,172.31.33.0-255,66,48906,35,270215
28869,0.00055,74.125.130.0-255,2902,51808,35,270215
28870,0.000552,172.31.33.0-255,66,51874,35,270215
28871,0.000576,74.125.130.0-255,3961,55835,35,270215
28872,0.000579,172.31.33.0-255,66,55901,35,270215
28873,0.000585,74.125.130.0-255,647,56548,35,270215
28874,0.000705,172.31.33.0-255,66,56614,35,270215
28875,0.000746,74.125.130.0-255,1484,58098,35,270215
28876,0.000752,74.125.130.0-255,2902,61000,35,270215
28877,0.000755,172.31.33.0-255,66,61066,35,270215
28878,0.00076,74.125.130.0-255,5738,66804,35,270215
28879,0.000763,172.31.33.0-255,66,66870,35,270215
28880,0.000772,74.125.130.0-255,4320,71190,35,270215
28881,0.000774,172.31.33.0-255,66,71256,35,270215
28882,0.000797,74.125.130.0-255,1484,72740,35,270215
28883,0.000819,74.125.130.0-255,3961,76701,35,270215
28884,0.000822,172.31.33.0-255,66,76767,35,270215
28885,0.000838,172.31.33.0-255,66,76833,35,270215
28886,0.000863,74.125.130.0-255,2543,79376,35,270215
28887,0.000866,172.31.33.0-255,66,79442,35,270215
28888,0.001988,74.125.130.0-255,1484,80926,35,270215
28889,0.001996,74.125.130.0-255,2902,83828,35,270215
28890,0.002,172.31.33.0-255,66,83894,35,270215
28891,0.002004,74.125.130.0-255,1484,85378,35,270215
28892,0.002026,74.125.130.0-255,4320,89698,35,270215
28893,0.002028,172.31.33.0-255,66,89764,35,270215
28894,0.002034,74.125.130.0-255,4320,94084,35,270215
28895,0.002036,172.31.33.0-255,66,94150,35,270215
28896,0.002057,74.125.130.0-255,5738,99888,35,270215
28897,0.00206,172.31.33.0-255,66,99954,35,270215
28898,0.002084,74.125.130.0-255,2902,102856,35,270215
28899,0.002085,172.31.33.0-255,66,102922,35,270215
28900,0.002111,74.125.130.0-255,1484,104406,35,270215
28901,0.002114,74.125.130.0-255,1484,105890,35,270215
28902,0.002116,172.31.33.0-255,66,105956,35,270215
28903,0.004091,74.125.130.0-255,2902,108858,35,270215
28904,0.004093,172.31.33.0-255,66,108924,35,270215
28905,0.004118,74.125.130.0-255,2902,111826,35,270215
28906,0.00412,172.31.33.0-255,66,111892,35,270215
28907,0.006105,74.125.130.0-255,2902,114794,35,270215
28908,0.00611,172.31.33.0-255,66,114860,35,270215
28909,0.00614,74.125.130.0-255,2902,117762,35,270215
28910,0.006143,172.31.33.0-255,66,117828,35,270215
28911,0.008126,74.125.130.0-255,2902,120730,35,270215
28912,0.008132,172.31.33.0-255,66,120796,35,270215
28913,0.008157,74.125.130.0-255,2902,123698,35,270215
28914,0.008159,172.31.33.0-255,66,123764,35,270215
28915,0.010141,74.125.130.0-255,2902,126666,35,270215
28916,0.010148,172.31.33.0-255,66,126732,35,270215
28917,0.010178,74.125.130.0-255,2902,129634,35,270215
28918,0.01018,172.31.33.0-255,66,129700,35,270215
28919,0.012171,74.125.130.0-255,2902,132602,35,270215
28920,0.012178,172.31.33.0-255,66,132668,35,270215
28921,0.012217,74.125.130.0-255,2902,135570,35,270215
28922,0.012221,172.31.33.0-255,66,135636,35,270215
28923,0.014203,74.125.130.0-255,2902,138538,35,270215
28924,0.014213,172.31.33.0-255,66,138604,35,270215
28925,0.014255,74.125.130.0-255,2902,141506,35,270215
28926,0.014259,172.31.33.0-255,66,141572,35,270215
28927,0.016226,74.125.130.0-255,2902,144474,35,270215
28928,0.016232,172.31.33.0-255,66,144540,35,270215
28929,0.016263,74.125.130.0-255,1484,146024,35,270215
28930,0.01628,74.125.130.0-255,1484,147508,35,270215
28931,0.016283,172.31.33.0-255,66,147574,35,270215
28932,0.018256,74.125.130.0-255,2902,150476,35,270215
28933,0.018262,172.31.33.0-255,66,150542,35,270215
28934,0.018294,74.125.130.0-255,2902,153444,35,270215
28935,0.018297,172.31.33.0-255,66,153510,35,270215
28936,0.020272,74.125.130.0-255,2902,156412,35,270215
28937,0.020278,172.31.33.0-255,66,156478,35,270215
28938,0.020311,74.125.130.0-255,2902,159380,35,270215
28939,0.020314,172.31.33.0-255,66,159446,35,270215
28940,0.022324,74.125.130.0-255,5738,165184,35,270215
28941,0.022331,172.31.33.0-255,66,165250,35,270215
28942,0.024361,74.125.130.0-255,5738,170988,35,270215
28943,0.024367,172.31.33.0-255,66,171054,35,270215
28944,0.026382,74.125.130.0-255,4320,175374,35,270215
28945,0.026388,172.31.33.0-255,66,175440,35,270215
28946,0.026422,74.125.130.0-255,1484,176924,35,270215
28947,0.028411,74.125.130.0-255,4320,181244,35,270215
28948,0.028416,172.31.33.0-255,66,181310,35,270215
28949,0.029161,172.31.33.0-255,172,181482,35,270215
28950,0.02919,172.31.33.0-255,1079,182561,35,270215
28951,0.030442,74.125.130.0-255,5738,188299,35,270215
28952,0.030448,172.31.33.0-255,66,188365,35,270215
28953,0.030693,104.244.42.0-255,66,188431,35,270215
28954,0.030748,104.244.42.0-255,66,188497,35,270215
28955,0.032496,74.125.130.0-255,5738,194235,35,270215
28956,0.032502,172.31.33.0-255,66,194301,35,270215
28957,0.03453,74.125.130.0-255,5738,200039,35,270215
28958,0.034536,172.31.33.0-255,66,200105,35,270215
28959,0.036554,74.125.130.0-255,5738,205843,35,270215
28960,0.036559,172.31.33.0-255,66,205909,35,270215
28961,0.038593,74.125.130.0-255,5738,211647,35,270215
28962,0.0386,172.31.33.0-255,66,211713,35,270215
28963,0.040616,74.125.130.0-255,5738,217451,35,270215
28964,0.040622,172.31.33.0-255,66,217517,35,270215
28965,0.042642,74.125.130.0-255,2902,220419,35,270215
28966,0.042646,172.31.33.0-255,66,220485,35,270215
28967,0.042674,74.125.130.0-255,2902,223387,35,270215
28968,0.042677,172.31.33.0-255,66,223453,35,270215
28969,0.044668,74.125.130.0-255,2902,226355,35,270215
28970,0.044672,172.31.33.0-255,66,226421,35,270215
28971,0.044706,74.125.130.0-255,2902,229323,35,270215
28972,0.04472,172.31.33.0-255,66,229389,35,270215
28973,0.046689,74.125.130.0-255,2902,232291,35,270215
28974,0.046697,172.31.33.0-255,66,232357,35,270215
28975,0.046795,74.125.130.0-255,2902,235259,35,270215
28976,0.046799,172.31.33.0-255,66,235325,35,270215
28977,0.048747,74.125.130.0-255,1484,236809,35,270215
28978,0.048811,74.125.130.0-255,4320,241129,35,270215
28979,0.048819,172.31.33.0-255,66,241195,35,270215
28980,0.050876,74.125.130.0-255,5738,246933,35,270215
28981,0.050893,172.31.33.0-255,66,246999,35,270215
28982,0.052979,74.125.130.0-255,5738,252737,35,270215
28983,0.052997,172.31.33.0-255,66,252803,35,270215
28984,0.055021,74.125.130.0-255,5738,258541,35,270215
28985,0.055033,172.31.33.0-255,66,258607,35,270215
28986,0.05707,74.125.130.0-255,5738,264345,35,270215
28987,0.057087,172.31.33.0-255,66,264411,35,270215
28988,0.059107,74.125.130.0-255,5738,270149,35,270215
28989,0.059113,172.31.33.0-255,66,270215,35,270215
28990,0.0,172.217.194.0-255,150,150,35,289198
28991,2.2e-05,172.31.33.0-255,66,216,35,289198
28992,2.8e-05,172.217.194.0-255,1484,1700,35,289198
28993,3.2e-05,172.31.33.0-255,66,1766,35,289198
28994,3.6e-05,172.217.194.0-255,2902,4668,35,289198
28995,3.8e-05,172.31.33.0-255,66,4734,35,289198
28996,7e-05,172.217.194.0-255,7156,11890,35,289198
28997,7.3e-05,172.31.33.0-255,66,11956,35,289198
28998,7.6e-05,172.217.194.0-255,2045,14001,35,289198
28999,7.9e-05,172.31.33.0-255,66,14067,35,289198
29000,0.000212,172.217.194.0-255,1484,15551,35,289198
29001,0.000216,172.31.33.0-255,66,15617,35,289198
29002,0.00022,172.217.194.0-255,2902,18519,35,289198
29003,0.000223,172.31.33.0-255,66,18585,35,289198
29004,0.000244,172.217.194.0-255,5738,24323,35,289198
29005,0.000247,172.31.33.0-255,66,24389,35,289198
29006,0.000294,172.217.194.0-255,4320,28709,35,289198
29007,0.000298,172.31.33.0-255,66,28775,35,289198
29008,0.000322,172.217.194.0-255,2543,31318,35,289198
29009,0.000324,172.31.33.0-255,66,31384,35,289198
29010,0.000517,172.217.194.0-255,1484,32868,35,289198
29011,0.000521,172.31.33.0-255,66,32934,35,289198
29012,0.000529,172.217.194.0-255,2902,35836,35,289198
29013,0.000531,172.31.33.0-255,66,35902,35,289198
29014,0.000544,172.217.194.0-255,4320,40222,35,289198
29015,0.000546,172.31.33.0-255,66,40288,35,289198
29016,0.000575,172.217.194.0-255,1484,41772,35,289198
29017,0.000578,172.31.33.0-255,66,41838,35,289198
29018,0.000586,172.217.194.0-255,6797,48635,35,289198
29019,0.000588,172.31.33.0-255,66,48701,35,289198
29020,0.001229,172.217.194.0-255,1484,50185,35,289198
29021,0.001235,172.31.33.0-255,66,50251,35,289198
29022,0.001241,172.217.194.0-255,2902,53153,35,289198
29023,0.001243,172.31.33.0-255,66,53219,35,289198
29024,0.001247,172.217.194.0-255,2902,56121,35,289198
29025,0.001254,172.31.33.0-255,66,56187,35,289198
29026,0.001265,172.217.194.0-255,2902,59089,35,289198
29027,0.001267,172.31.33.0-255,66,59155,35,289198
29028,0.001304,172.31.33.0-255,66,59221,35,289198
29029,0.001472,172.217.194.0-255,1484,60705,35,289198
29030,0.001488,172.217.194.0-255,2902,63607,35,289198
29031,0.00149,172.31.33.0-255,66,63673,35,289198
29032,0.001493,172.217.194.0-255,1484,65157,35,289198
29033,0.001518,172.217.194.0-255,4320,69477,35,289198
29034,0.00152,172.31.33.0-255,66,69543,35,289198
29035,0.001545,172.217.194.0-255,1484,71027,35,289198
29036,0.001558,172.217.194.0-255,5379,76406,35,289198
29037,0.00156,172.31.33.0-255,66,76472,35,289198
29038,0.001907,172.217.194.0-255,1484,77956,35,289198
29039,0.001925,172.217.194.0-255,2902,80858,35,289198
29040,0.001928,172.31.33.0-255,66,80924,35,289198
29041,0.001944,172.217.194.0-255,4320,85244,35,289198
29042,0.001946,172.31.33.0-255,66,85310,35,289198
29043,0.001969,172.217.194.0-255,1484,86794,35,289198
29044,0.001991,172.217.194.0-255,4320,91114,35,289198
29045,0.001993,172.31.33.0-255,66,91180,35,289198
29046,0.002016,172.217.194.0-255,2543,93723,35,289198
29047,0.002018,172.31.33.0-255,66,93789,35,289198
29048,0.002124,172.217.194.0-255,1484,95273,35,289198
29049,0.002144,172.217.194.0-255,2902,98175,35,289198
29050,0.002146,172.31.33.0-255,66,98241,35,289198
29051,0.002152,172.217.194.0-255,5738,103979,35,289198
29052,0.002154,172.31.33.0-255,66,104045,35,289198
29053,0.0022,172.217.194.0-255,6130,110175,35,289198
29054,0.002202,172.31.33.0-255,66,110241,35,289198
29055,0.002717,172.217.194.0-255,1484,111725,35,289198
29056,0.002736,172.217.194.0-255,2902,114627,35,289198
29057,0.002738,172.31.33.0-255,66,114693,35,289198
29058,0.002742,172.217.194.0-255,2902,117595,35,289198
29059,0.002744,172.31.33.0-255,66,117661,35,289198
29060,0.002764,172.217.194.0-255,2902,120563,35,289198
29061,0.002766,172.31.33.0-255,66,120629,35,289198
29062,0.002776,172.217.194.0-255,5738,126367,35,289198
29063,0.002779,172.31.33.0-255,66,126433,35,289198
29064,0.002808,172.217.194.0-255,1823,128256,35,289198
29065,0.00281,172.31.33.0-255,66,128322,35,289198
29066,0.003602,172.217.194.0-255,1484,129806,35,289198
29067,0.003616,172.217.194.0-255,2902,132708,35,289198
29068,0.003618,172.31.33.0-255,66,132774,35,289198
29069,0.003621,172.217.194.0-255,1484,134258,35,289198
29070,0.003644,172.217.194.0-255,4320,138578,35,289198
29071,0.003646,172.31.33.0-255,66,138644,35,289198
29072,0.00365,172.217.194.0-255,4320,142964,35,289198
29073,0.003652,172.31.33.0-255,66,143030,35,289198
29074,0.003672,172.31.33.0-255,66,143096,35,289198
29075,0.003678,172.217.194.0-255,7156,150252,35,289198
29076,0.00368,172.31.33.0-255,66,150318,35,289198
29077,0.003707,172.217.194.0-255,3602,153920,35,289198
29078,0.003709,172.31.33.0-255,66,153986,35,289198
29079,0.004637,172.217.194.0-255,1484,155470,35,289198
29080,0.004648,172.217.194.0-255,2902,158372,35,289198
29081,0.004651,172.31.33.0-255,66,158438,35,289198
29082,0.004671,172.217.194.0-255,5738,164176,35,289198
29083,0.004674,172.31.33.0-255,66,164242,35,289198
29084,0.004699,172.217.194.0-255,7156,171398,35,289198
29085,0.004701,172.31.33.0-255,66,171464,35,289198
29086,0.004728,172.217.194.0-255,4320,175784,35,289198
29087,0.00473,172.31.33.0-255,66,175850,35,289198
29088,0.004758,172.31.33.0-255,66,175916,35,289198
29089,0.004777,172.217.194.0-255,2184,178100,35,289198
29090,0.004779,172.31.33.0-255,66,178166,35,289198
29091,0.005163,172.217.194.0-255,1484,179650,35,289198
29092,0.005169,172.217.194.0-255,1484,181134,35,289198
29093,0.005173,172.31.33.0-255,66,181200,35,289198
29094,0.00519,172.217.194.0-255,1484,182684,35,289198
29095,0.005195,172.217.194.0-255,2902,185586,35,289198
29096,0.005198,172.31.33.0-255,66,185652,35,289198
29097,0.005221,172.217.194.0-255,2902,188554,35,289198
29098,0.005224,172.31.33.0-255,66,188620,35,289198
29099,0.00523,172.217.194.0-255,5738,194358,35,289198
29100,0.005233,172.31.33.0-255,66,194424,35,289198
29101,0.00527,172.31.33.0-255,66,194490,35,289198
29102,0.005275,172.217.194.0-255,5020,199510,35,289198
29103,0.005278,172.31.33.0-255,66,199576,35,289198
29104,0.005824,172.217.194.0-255,1484,201060,35,289198
29105,0.005828,172.217.194.0-255,1484,202544,35,289198
29106,0.005831,172.31.33.0-255,66,202610,35,289198
29107,0.005854,172.217.194.0-255,1484,204094,35,289198
29108,0.005859,172.217.194.0-255,4320,208414,35,289198
29109,0.005861,172.31.33.0-255,66,208480,35,289198
29110,0.005883,172.217.194.0-255,1484,209964,35,289198
29111,0.005891,172.217.194.0-255,4320,214284,35,289198
29112,0.005894,172.31.33.0-255,66,214350,35,289198
29113,0.0059,172.217.194.0-255,5738,220088,35,289198
29114,0.005902,172.31.33.0-255,66,220154,35,289198
29115,0.005927,172.217.194.0-255,5738,225892,35,289198
29116,0.00593,172.31.33.0-255,66,225958,35,289198
29117,0.00594,172.31.33.0-255,66,226024,35,289198
29118,0.006459,172.217.194.0-255,1484,227508,35,289198
29119,0.006471,172.217.194.0-255,2902,230410,35,289198
29120,0.006474,172.31.33.0-255,66,230476,35,289198
29121,0.006501,172.217.194.0-255,5738,236214,35,289198
29122,0.006504,172.31.33.0-255,66,236280,35,289198
29123,0.006536,172.31.33.0-255,66,236346,35,289198
29124,0.006561,172.217.194.0-255,4320,240666,35,289198
29125,0.006564,172.31.33.0-255,66,240732,35,289198
29126,0.006598,172.31.33.0-255,66,240798,35,289198
29127,0.007084,172.217.194.0-255,1484,242282,35,289198
29128,0.007091,172.217.194.0-255,2902,245184,35,289198
29129,0.007095,172.31.33.0-255,66,245250,35,289198
29130,0.007099,172.217.194.0-255,1484,246734,35,289198
29131,0.007127,172.217.194.0-255,4320,251054,35,289198
29132,0.00713,172.31.33.0-255,66,251120,35,289198
29133,0.00714,172.31.33.0-255,66,251186,35,289198
29134,0.007172,172.217.194.0-255,2902,254088,35,289198
29135,0.007175,172.31.33.0-255,66,254154,35,289198
29136,0.007183,172.31.33.0-255,66,254220,35,289198
29137,0.007205,172.217.194.0-255,2184,256404,35,289198
29138,0.007207,172.31.33.0-255,66,256470,35,289198
29139,0.007624,172.217.194.0-255,1484,257954,35,289198
29140,0.00764,172.217.194.0-255,2902,260856,35,289198
29141,0.007644,172.31.33.0-255,66,260922,35,289198
29142,0.007649,172.217.194.0-255,2902,263824,35,289198
29143,0.00765,172.31.33.0-255,66,263890,35,289198
29144,0.007682,172.217.194.0-255,2902,266792,35,289198
29145,0.007685,172.31.33.0-255,66,266858,35,289198
29146,0.007703,172.31.33.0-255,66,266924,35,289198
29147,0.007713,172.31.33.0-255,66,266990,35,289198
29148,0.008937,172.217.194.0-255,1484,268474,35,289198
29149,0.008959,172.217.194.0-255,2902,271376,35,289198
29150,0.008964,172.31.33.0-255,66,271442,35,289198
29151,0.008971,172.217.194.0-255,5738,277180,35,289198
29152,0.008972,172.31.33.0-255,66,277246,35,289198
29153,0.008983,172.217.194.0-255,2902,280148,35,289198
29154,0.008985,172.31.33.0-255,66,280214,35,289198
29155,0.009017,172.217.194.0-255,1484,281698,35,289198
29156,0.009029,172.31.33.0-255,66,281764,35,289198
29157,0.009035,172.217.194.0-255,4151,285915,35,289198
29158,0.009037,172.31.33.0-255,66,285981,35,289198
29159,0.009091,172.217.194.0-255,105,286086,35,289198
29160,0.00928,172.31.33.0-255,66,286152,35,289198
29161,0.009306,172.31.33.0-255,105,286257,35,289198
29162,0.011811,172.217.194.0-255,66,286323,35,289198
29163,0.028739,172.31.33.0-255,172,286495,35,289198
29164,0.028764,172.31.33.0-255,1108,287603,35,289198
29165,0.028823,172.31.33.0-255,1397,289000,35,289198
29166,0.030562,104.244.42.0-255,66,289066,35,289198
29167,0.03057,104.244.42.0-255,66,289132,35,289198
29168,0.030618,104.244.42.0-255,66,289198,35,289198
29169,0.0,172.31.33.0-255,105,105,35,276
29170,0.00175,157.240.7.0-255,105,210,35,276
29171,0.001759,172.31.33.0-255,66,276,35,276
29172,0.0,172.31.33.0-255,234,234,35,300
29173,0.008108,74.125.24.0-255,66,300,35,300
29174,0.0,172.31.33.0-255,105,105,35,276
29175,0.001491,157.240.7.0-255,105,210,35,276
29176,0.001508,172.31.33.0-255,66,276,35,276
29177,0.0,172.217.194.0-255,146,146,35,138772
29178,2.5e-05,172.31.33.0-255,66,212,35,138772
29179,3.1e-05,172.217.194.0-255,1484,1696,35,138772
29180,3.5e-05,172.31.33.0-255,66,1762,35,138772
29181,3.9e-05,172.217.194.0-255,2902,4664,35,138772
29182,4.1e-05,172.31.33.0-255,66,4730,35,138772
29183,4.4e-05,172.217.194.0-255,1484,6214,35,138772
29184,4.5e-05,172.31.33.0-255,66,6280,35,138772
29185,7.7e-05,172.217.194.0-255,5738,12018,35,138772
29186,8.1e-05,172.217.194.0-255,4916,16934,35,138772
29187,8.2e-05,172.31.33.0-255,66,17000,35,138772
29188,8.5e-05,172.31.33.0-255,66,17066,35,138772
29189,0.000117,172.31.33.0-255,66,17132,35,138772
29190,0.000166,172.217.194.0-255,7156,24288,35,138772
29191,0.00017,172.31.33.0-255,66,24354,35,138772
29192,0.000191,172.217.194.0-255,5738,30092,35,138772
29193,0.000193,172.31.33.0-255,66,30158,35,138772
29194,0.000206,172.31.33.0-255,66,30224,35,138772
29195,0.000211,172.217.194.0-255,7053,37277,35,138772
29196,0.000214,172.31.33.0-255,66,37343,35,138772
29197,0.00042,172.217.194.0-255,113,37456,35,138772
29198,0.000424,172.31.33.0-255,66,37522,35,138772
29199,0.000526,172.217.194.0-255,1484,39006,35,138772
29200,0.000531,172.31.33.0-255,66,39072,35,138772
29201,0.000535,172.217.194.0-255,2902,41974,35,138772
29202,0.000537,172.217.194.0-255,1484,43458,35,138772
29203,0.00054,172.31.33.0-255,66,43524,35,138772
29204,0.000543,172.31.33.0-255,66,43590,35,138772
29205,0.000553,172.217.194.0-255,4320,47910,35,138772
29206,0.000555,172.31.33.0-255,66,47976,35,138772
29207,0.000573,172.217.194.0-255,6797,54773,35,138772
29208,0.000577,172.31.33.0-255,66,54839,35,138772
29209,0.000603,172.217.194.0-255,7156,61995,35,138772
29210,0.000607,172.31.33.0-255,66,62061,35,138772
29211,0.000641,172.31.33.0-255,66,62127,35,138772
29212,0.000818,172.217.194.0-255,1484,63611,35,138772
29213,0.000825,172.217.194.0-255,2902,66513,35,138772
29214,0.000831,172.31.33.0-255,66,66579,35,138772
29215,0.000841,172.217.194.0-255,5738,72317,35,138772
29216,0.000844,172.31.33.0-255,66,72383,35,138772
29217,0.000879,172.31.33.0-255,66,72449,35,138772
29218,0.000891,172.31.33.0-255,66,72515,35,138772
29219,0.00092,172.217.194.0-255,2902,75417,35,138772
29220,0.000923,172.31.33.0-255,66,75483,35,138772
29221,0.000956,172.31.33.0-255,66,75549,35,138772
29222,0.000969,172.31.33.0-255,66,75615,35,138772
29223,0.000975,172.217.194.0-255,5738,81353,35,138772
29224,0.000978,172.31.33.0-255,66,81419,35,138772
29225,0.001,172.217.194.0-255,6438,87857,35,138772
29226,0.001005,172.31.33.0-255,66,87923,35,138772
29227,0.001102,172.217.194.0-255,1484,89407,35,138772
29228,0.001109,172.217.194.0-255,2902,92309,35,138772
29229,0.001112,172.31.33.0-255,66,92375,35,138772
29230,0.001115,172.217.194.0-255,1484,93859,35,138772
29231,0.001132,172.217.194.0-255,4320,98179,35,138772
29232,0.001134,172.31.33.0-255,66,98245,35,138772
29233,0.001192,172.217.194.0-255,4320,102565,35,138772
29234,0.001197,172.31.33.0-255,66,102631,35,138772
29235,0.001221,172.31.33.0-255,66,102697,35,138772
29236,0.001234,172.31.33.0-255,66,102763,35,138772
29237,0.001251,172.31.33.0-255,66,102829,35,138772
29238,0.00127,172.31.33.0-255,66,102895,35,138772
29239,0.001295,172.217.194.0-255,3602,106497,35,138772
29240,0.001298,172.31.33.0-255,66,106563,35,138772
29241,0.001385,172.217.194.0-255,1484,108047,35,138772
29242,0.00139,172.217.194.0-255,1484,109531,35,138772
29243,0.001398,172.31.33.0-255,66,109597,35,138772
29244,0.001403,172.217.194.0-255,1484,111081,35,138772
29245,0.001409,172.217.194.0-255,5738,116819,35,138772
29246,0.001425,172.31.33.0-255,66,116885,35,138772
29247,0.001449,172.31.33.0-255,66,116951,35,138772
29248,0.001481,172.217.194.0-255,2902,119853,35,138772
29249,0.001485,172.31.33.0-255,66,119919,35,138772
29250,0.001522,172.31.33.0-255,66,119985,35,138772
29251,0.001536,172.217.194.0-255,4320,124305,35,138772
29252,0.001541,172.31.33.0-255,66,124371,35,138772
29253,0.001567,172.217.194.0-255,5738,130109,35,138772
29254,0.001575,172.31.33.0-255,66,130175,35,138772
29255,0.001587,172.31.33.0-255,66,130241,35,138772
29256,0.001611,172.31.33.0-255,66,130307,35,138772
29257,0.001655,172.31.33.0-255,66,130373,35,138772
29258,0.001669,172.31.33.0-255,66,130439,35,138772
29259,0.001696,172.217.194.0-255,5738,136177,35,138772
29260,0.001701,172.31.33.0-255,66,136243,35,138772
29261,0.001754,172.31.33.0-255,66,136309,35,138772
29262,0.001795,172.31.33.0-255,66,136375,35,138772
29263,0.001812,172.217.194.0-255,105,136480,35,138772
29264,0.001821,172.31.33.0-255,66,136546,35,138772
29265,0.003222,172.31.33.0-255,105,136651,35,138772
29266,0.00551,172.217.194.0-255,66,136717,35,138772
29267,0.048282,172.31.33.0-255,172,136889,35,138772
29268,0.048311,172.31.33.0-255,1108,137997,35,138772
29269,0.048356,172.31.33.0-255,577,138574,35,138772
29270,0.049806,104.244.42.0-255,66,138640,35,138772
29271,0.04984,104.244.42.0-255,66,138706,35,138772
29272,0.049883,104.244.42.0-255,66,138772,35,138772
29273,0.0,74.125.68.0-255,226,226,35,153094
29274,2.9e-05,172.31.33.0-255,66,292,35,153094
29275,3.6e-05,74.125.68.0-255,1484,1776,35,153094
29276,4.1e-05,172.31.33.0-255,66,1842,35,153094
29277,6.1e-05,74.125.68.0-255,2902,4744,35,153094
29278,7e-05,172.31.33.0-255,66,4810,35,153094
29279,0.000185,74.125.68.0-255,5738,10548,35,153094
29280,0.000192,172.31.33.0-255,66,10614,35,153094
29281,0.000408,74.125.68.0-255,3467,14081,35,153094
29282,0.000413,172.31.33.0-255,66,14147,35,153094
29283,0.000552,74.125.68.0-255,5738,19885,35,153094
29284,0.000559,172.31.33.0-255,66,19951,35,153094
29285,0.000587,74.125.68.0-255,5738,25689,35,153094
29286,0.000592,172.31.33.0-255,66,25755,35,153094
29287,0.001019,74.125.68.0-255,4320,30075,35,153094
29288,0.001026,172.31.33.0-255,66,30141,35,153094
29289,0.002022,74.125.68.0-255,2501,32642,35,153094
29290,0.002025,172.31.33.0-255,66,32708,35,153094
29291,0.002057,74.125.68.0-255,2902,35610,35,153094
29292,0.00206,172.31.33.0-255,66,35676,35,153094
29293,0.002082,74.125.68.0-255,1464,37140,35,153094
29294,0.002085,172.31.33.0-255,66,37206,35,153094
29295,0.002233,74.125.68.0-255,2902,40108,35,153094
29296,0.002236,172.31.33.0-255,66,40174,35,153094
29297,0.002263,74.125.68.0-255,4741,44915,35,153094
29298,0.002266,172.31.33.0-255,66,44981,35,153094
29299,0.002554,74.125.68.0-255,7156,52137,35,153094
29300,0.002561,172.31.33.0-255,66,52203,35,153094
29301,0.002594,74.125.68.0-255,7156,59359,35,153094
29302,0.002661,172.31.33.0-255,66,59425,35,153094
29303,0.003135,74.125.68.0-255,7156,66581,35,153094
29304,0.00314,172.31.33.0-255,66,66647,35,153094
29305,0.003151,74.125.68.0-255,1484,68131,35,153094
29306,0.003158,172.31.33.0-255,66,68197,35,153094
29307,0.003484,74.125.68.0-255,5738,73935,35,153094
29308,0.003489,172.31.33.0-255,66,74001,35,153094
29309,0.003674,74.125.68.0-255,4320,78321,35,153094
29310,0.003829,172.31.33.0-255,66,78387,35,153094
29311,0.004148,74.125.68.0-255,2902,81289,35,153094
29312,0.004154,172.31.33.0-255,66,81355,35,153094
29313,0.004269,74.125.68.0-255,5738,87093,35,153094
29314,0.004287,74.125.68.0-255,2902,89995,35,153094
29315,0.004517,74.125.68.0-255,2902,92897,35,153094
29316,0.004585,74.125.68.0-255,4320,97217,35,153094
29317,0.005247,74.125.68.0-255,7156,104373,35,153094
29318,0.005267,74.125.68.0-255,7156,111529,35,153094
29319,0.005759,74.125.68.0-255,4320,115849,35,153094
29320,0.009228,172.31.33.0-255,66,115915,35,153094
29321,0.011276,172.31.33.0-255,66,115981,35,153094
29322,0.011352,74.125.68.0-255,4320,120301,35,153094
29323,0.011357,172.31.33.0-255,66,120367,35,153094
29324,0.011396,172.31.33.0-255,66,120433,35,153094
29325,0.011608,172.31.33.0-255,66,120499,35,153094
29326,0.011639,74.125.68.0-255,5738,126237,35,153094
29327,0.011643,172.31.33.0-255,66,126303,35,153094
29328,0.011859,172.31.33.0-255,66,126369,35,153094
29329,0.011902,172.31.33.0-255,66,126435,35,153094
29330,0.012222,172.31.33.0-255,66,126501,35,153094
29331,0.012253,74.125.68.0-255,7156,133657,35,153094
29332,0.012257,172.31.33.0-255,66,133723,35,153094
29333,0.012534,74.125.68.0-255,4320,138043,35,153094
29334,0.012537,172.31.33.0-255,66,138109,35,153094
29335,0.012616,172.31.33.0-255,66,138175,35,153094
29336,0.01329,74.125.68.0-255,4320,142495,35,153094
29337,0.013296,172.31.33.0-255,66,142561,35,153094
29338,0.013347,172.31.33.0-255,66,142627,35,153094
29339,0.013507,172.31.33.0-255,66,142693,35,153094
29340,0.013549,172.31.33.0-255,66,142759,35,153094
29341,0.013993,74.125.68.0-255,7156,149915,35,153094
29342,0.013999,172.31.33.0-255,66,149981,35,153094
29343,0.014055,172.31.33.0-255,66,150047,35,153094
29344,0.014538,172.31.33.0-255,105,150152,35,153094
29345,0.016491,74.125.68.0-255,66,150218,35,153094
29346,0.033993,172.31.33.0-255,172,150390,35,153094
29347,0.034021,172.31.33.0-255,1108,151498,35,153094
29348,0.034093,172.31.33.0-255,1398,152896,35,153094
29349,0.035497,104.244.42.0-255,66,152962,35,153094
29350,0.035598,104.244.42.0-255,66,153028,35,153094
29351,0.035606,104.244.42.0-255,66,153094,35,153094
29352,0.0,172.31.33.0-255,105,105,35,276
29353,0.001769,157.240.7.0-255,105,210,35,276
29354,0.001778,172.31.33.0-255,66,276,35,276
29355,0.0,74.125.24.0-255,153,153,35,216757
29356,1.7e-05,172.31.33.0-255,66,219,35,216757
29357,2.4e-05,74.125.24.0-255,1484,1703,35,216757
29358,2.8e-05,172.31.33.0-255,66,1769,35,216757
29359,3.5e-05,74.125.24.0-255,2902,4671,35,216757
29360,3.8e-05,172.31.33.0-255,66,4737,35,216757
29361,4.6e-05,74.125.24.0-255,7156,11893,35,216757
29362,4.8e-05,172.31.33.0-255,66,11959,35,216757
29363,5.2e-05,74.125.24.0-255,2093,14052,35,216757
29364,5.6e-05,172.31.33.0-255,66,14118,35,216757
29365,9.3e-05,172.31.33.0-255,66,14184,35,216757
29366,0.000111,74.125.24.0-255,1484,15668,35,216757
29367,0.000113,172.31.33.0-255,66,15734,35,216757
29368,0.000128,74.125.24.0-255,5379,21113,35,216757
29369,0.000131,172.31.33.0-255,66,21179,35,216757
29370,0.000177,74.125.24.0-255,1484,22663,35,216757
29371,0.000179,172.31.33.0-255,66,22729,35,216757
29372,0.000184,74.125.24.0-255,2902,25631,35,216757
29373,0.000186,172.31.33.0-255,66,25697,35,216757
29374,0.000192,74.125.24.0-255,5738,31435,35,216757
29375,0.000194,172.31.33.0-255,66,31501,35,216757
29376,0.000198,74.125.24.0-255,1484,32985,35,216757
29377,0.000199,172.31.33.0-255,66,33051,35,216757
29378,0.000225,172.31.33.0-255,66,33117,35,216757
29379,0.000236,172.31.33.0-255,66,33183,35,216757
29380,0.000273,74.125.24.0-255,2476,35659,35,216757
29381,0.000276,172.31.33.0-255,66,35725,35,216757
29382,0.000279,74.125.24.0-255,136,35861,35,216757
29383,0.000281,172.31.33.0-255,66,35927,35,216757
29384,0.000517,74.125.24.0-255,1484,37411,35,216757
29385,0.000531,74.125.24.0-255,1484,38895,35,216757
29386,0.000536,172.31.33.0-255,66,38961,35,216757
29387,0.000559,74.125.24.0-255,1484,40445,35,216757
29388,0.000566,74.125.24.0-255,5738,46183,35,216757
29389,0.000569,172.31.33.0-255,66,46249,35,216757
29390,0.000576,74.125.24.0-255,7156,53405,35,216757
29391,0.000579,172.31.33.0-255,66,53471,35,216757
29392,0.000604,74.125.24.0-255,5738,59209,35,216757
29393,0.000607,172.31.33.0-255,66,59275,35,216757
29394,0.000637,172.31.33.0-255,66,59341,35,216757
29395,0.000642,74.125.24.0-255,3302,62643,35,216757
29396,0.000644,172.31.33.0-255,66,62709,35,216757
29397,0.000674,172.31.33.0-255,66,62775,35,216757
29398,0.000701,172.31.33.0-255,66,62841,35,216757
29399,0.000713,172.31.33.0-255,66,62907,35,216757
29400,0.000717,74.125.24.0-255,2184,65091,35,216757
29401,0.000719,172.31.33.0-255,66,65157,35,216757
29402,0.000778,74.125.24.0-255,1484,66641,35,216757
29403,0.000792,74.125.24.0-255,2902,69543,35,216757
29404,0.000796,172.31.33.0-255,66,69609,35,216757
29405,0.00082,74.125.24.0-255,5738,75347,35,216757
29406,0.000824,172.31.33.0-255,66,75413,35,216757
29407,0.000835,172.31.33.0-255,66,75479,35,216757
29408,0.00088,74.125.24.0-255,4320,79799,35,216757
29409,0.000883,172.31.33.0-255,66,79865,35,216757
29410,0.000913,172.31.33.0-255,66,79931,35,216757
29411,0.000928,172.31.33.0-255,66,79997,35,216757
29412,0.000932,74.125.24.0-255,2902,82899,35,216757
29413,0.000935,172.31.33.0-255,66,82965,35,216757
29414,0.000957,74.125.24.0-255,5738,88703,35,216757
29415,0.00096,172.31.33.0-255,66,88769,35,216757
29416,0.000978,74.125.24.0-255,7156,95925,35,216757
29417,0.000981,172.31.33.0-255,66,95991,35,216757
29418,0.000998,74.125.24.0-255,2184,98175,35,216757
29419,0.001002,172.31.33.0-255,66,98241,35,216757
29420,0.001075,74.125.24.0-255,1484,99725,35,216757
29421,0.001079,74.125.24.0-255,1484,101209,35,216757
29422,0.001081,172.31.33.0-255,66,101275,35,216757
29423,0.0011,74.125.24.0-255,1484,102759,35,216757
29424,0.001107,74.125.24.0-255,5738,108497,35,216757
29425,0.001109,172.31.33.0-255,66,108563,35,216757
29426,0.001151,172.31.33.0-255,66,108629,35,216757
29427,0.001192,74.125.24.0-255,2902,111531,35,216757
29428,0.001194,172.31.33.0-255,66,111597,35,216757
29429,0.001221,172.31.33.0-255,66,111663,35,216757
29430,0.002149,74.125.24.0-255,1484,113147,35,216757
29431,0.002156,74.125.24.0-255,2902,116049,35,216757
29432,0.00216,172.31.33.0-255,66,116115,35,216757
29433,0.002164,74.125.24.0-255,1484,117599,35,216757
29434,0.002185,74.125.24.0-255,4320,121919,35,216757
29435,0.002188,172.31.33.0-255,66,121985,35,216757
29436,0.002193,74.125.24.0-255,4320,126305,35,216757
29437,0.002195,172.31.33.0-255,66,126371,35,216757
29438,0.002209,74.125.24.0-255,1484,127855,35,216757
29439,0.002227,172.31.33.0-255,66,127921,35,216757
29440,0.00223,74.125.24.0-255,1484,129405,35,216757
29441,0.002253,74.125.24.0-255,3602,133007,35,216757
29442,0.002255,172.31.33.0-255,66,133073,35,216757
29443,0.002274,74.125.24.0-255,4320,137393,35,216757
29444,0.002276,172.31.33.0-255,66,137459,35,216757
29445,0.002298,74.125.24.0-255,1484,138943,35,216757
29446,0.002303,74.125.24.0-255,4320,143263,35,216757
29447,0.002305,172.31.33.0-255,66,143329,35,216757
29448,0.00231,74.125.24.0-255,2902,146231,35,216757
29449,0.002312,172.31.33.0-255,66,146297,35,216757
29450,0.002334,172.31.33.0-255,66,146363,35,216757
29451,0.002339,74.125.24.0-255,2902,149265,35,216757
29452,0.00234,172.31.33.0-255,66,149331,35,216757
29453,0.002377,172.31.33.0-255,66,149397,35,216757
29454,0.002598,74.125.24.0-255,1484,150881,35,216757
29455,0.002619,74.125.24.0-255,2902,153783,35,216757
29456,0.002623,172.31.33.0-255,66,153849,35,216757
29457,0.00263,74.125.24.0-255,5738,159587,35,216757
29458,0.002632,172.31.33.0-255,66,159653,35,216757
29459,0.002634,74.125.24.0-255,1484,161137,35,216757
29460,0.00266,74.125.24.0-255,5738,166875,35,216757
29461,0.002663,172.31.33.0-255,66,166941,35,216757
29462,0.00267,74.125.24.0-255,5738,172679,35,216757
29463,0.002672,172.31.33.0-255,66,172745,35,216757
29464,0.002693,172.31.33.0-255,66,172811,35,216757
29465,0.002697,74.125.24.0-255,2184,174995,35,216757
29466,0.002699,172.31.33.0-255,66,175061,35,216757
29467,0.002734,74.125.24.0-255,1484,176545,35,216757
29468,0.002748,74.125.24.0-255,2902,179447,35,216757
29469,0.00275,172.31.33.0-255,66,179513,35,216757
29470,0.002772,74.125.24.0-255,5738,185251,35,216757
29471,0.002774,172.31.33.0-255,66,185317,35,216757
29472,0.002806,74.125.24.0-255,7156,192473,35,216757
29473,0.002811,172.31.33.0-255,66,192539,35,216757
29474,0.002837,74.125.24.0-255,5738,198277,35,216757
29475,0.00284,172.31.33.0-255,66,198343,35,216757
29476,0.00285,172.31.33.0-255,66,198409,35,216757
29477,0.002853,74.125.24.0-255,1484,199893,35,216757
29478,0.002897,172.31.33.0-255,66,199959,35,216757
29479,0.002902,74.125.24.0-255,4320,204279,35,216757
29480,0.002904,172.31.33.0-255,66,204345,35,216757
29481,0.00291,74.125.24.0-255,4978,209323,35,216757
29482,0.002913,172.31.33.0-255,66,209389,35,216757
29483,0.002943,74.125.24.0-255,105,209494,35,216757
29484,0.00299,74.125.24.0-255,129,209623,35,216757
29485,0.011721,74.125.24.0-255,129,209752,35,216757
29486,0.011739,172.31.33.0-255,78,209830,35,216757
29487,0.01248,172.31.33.0-255,105,209935,35,216757
29488,0.012514,172.31.33.0-255,105,210040,35,216757
29489,0.012746,172.31.33.0-255,90,210130,35,216757
29490,0.012755,172.31.33.0-255,66,210196,35,216757
29491,0.014795,74.125.24.0-255,66,210262,35,216757
29492,0.014813,74.125.24.0-255,66,210328,35,216757
29493,0.015026,74.125.24.0-255,66,210394,35,216757
29494,0.015043,74.125.24.0-255,66,210460,35,216757
29495,0.015054,172.31.33.0-255,66,210526,35,216757
29496,0.058596,172.31.33.0-255,172,210698,35,216757
29497,0.058623,172.31.33.0-255,1108,211806,35,216757
29498,0.058684,172.31.33.0-255,1514,213320,35,216757
29499,0.058686,172.31.33.0-255,1514,214834,35,216757
29500,0.05869,172.31.33.0-255,1514,216348,35,216757
29501,0.058691,172.31.33.0-255,409,216757,35,216757
29502,0.0,172.31.33.0-255,105,105,35,276
29503,0.001806,157.240.7.0-255,105,210,35,276
29504,0.001818,172.31.33.0-255,66,276,35,276
29505,0.0,172.31.33.0-255,105,105,35,276
29506,0.001737,157.240.7.0-255,105,210,35,276
29507,0.001749,172.31.33.0-255,66,276,35,276
29508,0.0,172.31.33.0-255,105,105,35,276
29509,0.001829,157.240.7.0-255,105,210,35,276
29510,0.001843,172.31.33.0-255,66,276,35,276
29511,0.0,74.125.200.0-255,152,152,35,219230
29512,2.1e-05,172.31.33.0-255,66,218,35,219230
29513,2.9e-05,74.125.200.0-255,1484,1702,35,219230
29514,3.3e-05,172.31.33.0-255,66,1768,35,219230
29515,3.9e-05,74.125.200.0-255,2902,4670,35,219230
29516,4.2e-05,172.31.33.0-255,66,4736,35,219230
29517,4.9e-05,74.125.200.0-255,5738,10474,35,219230
29518,5.2e-05,172.31.33.0-255,66,10540,35,219230
29519,8.9e-05,172.31.33.0-255,66,10606,35,219230
29520,9.2e-05,74.125.200.0-255,1484,12090,35,219230
29521,9.4e-05,172.31.33.0-255,66,12156,35,219230
29522,0.00012,172.31.33.0-255,66,12222,35,219230
29523,0.000123,74.125.200.0-255,1125,13347,35,219230
29524,0.000125,172.31.33.0-255,66,13413,35,219230
29525,0.000176,74.125.200.0-255,1484,14897,35,219230
29526,0.000179,172.31.33.0-255,66,14963,35,219230
29527,0.000182,74.125.200.0-255,1484,16447,35,219230
29528,0.000184,172.31.33.0-255,66,16513,35,219230
29529,0.000201,74.125.200.0-255,1484,17997,35,219230
29530,0.000203,172.31.33.0-255,66,18063,35,219230
29531,0.00021,74.125.200.0-255,5738,23801,35,219230
29532,0.000212,172.31.33.0-255,66,23867,35,219230
29533,0.000237,74.125.200.0-255,7156,31023,35,219230
29534,0.000239,172.31.33.0-255,66,31089,35,219230
29535,0.000263,74.125.200.0-255,5738,36827,35,219230
29536,0.000266,172.31.33.0-255,66,36893,35,219230
29537,0.000296,172.31.33.0-255,66,36959,35,219230
29538,0.000341,74.125.200.0-255,132,37091,35,219230
29539,0.000343,172.31.33.0-255,66,37157,35,219230
29540,0.00069,74.125.200.0-255,1484,38641,35,219230
29541,0.000697,74.125.200.0-255,2902,41543,35,219230
29542,0.000701,172.31.33.0-255,66,41609,35,219230
29543,0.000704,74.125.200.0-255,1484,43093,35,219230
29544,0.000727,74.125.200.0-255,4320,47413,35,219230
29545,0.000729,172.31.33.0-255,66,47479,35,219230
29546,0.000736,74.125.200.0-255,7156,54635,35,219230
29547,0.000738,172.31.33.0-255,66,54701,35,219230
29548,0.000756,74.125.200.0-255,5738,60439,35,219230
29549,0.000758,172.31.33.0-255,66,60505,35,219230
29550,0.000803,172.31.33.0-255,66,60571,35,219230
29551,0.000815,74.125.200.0-255,2902,63473,35,219230
29552,0.000817,172.31.33.0-255,66,63539,35,219230
29553,0.000847,172.31.33.0-255,66,63605,35,219230
29554,0.000854,74.125.200.0-255,7156,70761,35,219230
29555,0.000856,172.31.33.0-255,66,70827,35,219230
29556,0.000892,74.125.200.0-255,5738,76565,35,219230
29557,0.000894,172.31.33.0-255,66,76631,35,219230
29558,0.000925,172.31.33.0-255,66,76697,35,219230
29559,0.000928,74.125.200.0-255,1484,78181,35,219230
29560,0.000959,172.31.33.0-255,66,78247,35,219230
29561,0.000963,74.125.200.0-255,4320,82567,35,219230
29562,0.000966,172.31.33.0-255,66,82633,35,219230
29563,0.000995,74.125.200.0-255,2184,84817,35,219230
29564,0.000997,172.31.33.0-255,66,84883,35,219230
29565,0.00112,74.125.200.0-255,1484,86367,35,219230
29566,0.001137,74.125.200.0-255,2902,89269,35,219230
29567,0.00114,172.31.33.0-255,66,89335,35,219230
29568,0.001144,74.125.200.0-255,2902,92237,35,219230
29569,0.001146,172.31.33.0-255,66,92303,35,219230
29570,0.001157,74.125.200.0-255,1484,93787,35,219230
29571,0.001163,74.125.200.0-255,4320,98107,35,219230
29572,0.001165,172.31.33.0-255,66,98173,35,219230
29573,0.001177,74.125.200.0-255,1484,99657,35,219230
29574,0.0012,74.125.200.0-255,5738,105395,35,219230
29575,0.001203,172.31.33.0-255,66,105461,35,219230
29576,0.001226,74.125.200.0-255,5738,111199,35,219230
29577,0.001228,172.31.33.0-255,66,111265,35,219230
29578,0.001232,74.125.200.0-255,4320,115585,35,219230
29579,0.001234,172.31.33.0-255,66,115651,35,219230
29580,0.001247,74.125.200.0-255,1484,117135,35,219230
29581,0.001261,74.125.200.0-255,2184,119319,35,219230
29582,0.001263,172.31.33.0-255,66,119385,35,219230
29583,0.001294,74.125.200.0-255,1484,120869,35,219230
29584,0.001306,74.125.200.0-255,2902,123771,35,219230
29585,0.001308,172.31.33.0-255,66,123837,35,219230
29586,0.001338,74.125.200.0-255,5738,129575,35,219230
29587,0.00134,172.31.33.0-255,66,129641,35,219230
29588,0.001351,74.125.200.0-255,2902,132543,35,219230
29589,0.001353,172.31.33.0-255,66,132609,35,219230
29590,0.00138,172.31.33.0-255,66,132675,35,219230
29591,0.001391,172.31.33.0-255,66,132741,35,219230
29592,0.001406,74.125.200.0-255,766,133507,35,219230
29593,0.001408,74.125.200.0-255,1484,134991,35,219230
29594,0.00141,172.31.33.0-255,66,135057,35,219230
29595,0.001414,74.125.200.0-255,2902,137959,35,219230
29596,0.001416,172.31.33.0-255,66,138025,35,219230
29597,0.001439,74.125.200.0-255,5738,143763,35,219230
29598,0.001441,172.31.33.0-255,66,143829,35,219230
29599,0.001484,74.125.200.0-255,5738,149567,35,219230
29600,0.001486,172.31.33.0-255,66,149633,35,219230
29601,0.001535,74.125.200.0-255,4320,153953,35,219230
29602,0.001538,172.31.33.0-255,66,154019,35,219230
29603,0.001549,172.31.33.0-255,66,154085,35,219230
29604,0.001553,74.125.200.0-255,3602,157687,35,219230
29605,0.001555,172.31.33.0-255,66,157753,35,219230
29606,0.001559,74.125.200.0-255,4320,162073,35,219230
29607,0.001561,172.31.33.0-255,66,162139,35,219230
29608,0.001571,172.31.33.0-255,66,162205,35,219230
29609,0.001576,74.125.200.0-255,5738,167943,35,219230
29610,0.001577,172.31.33.0-255,66,168009,35,219230
29611,0.001583,74.125.200.0-255,7156,175165,35,219230
29612,0.001625,74.125.200.0-255,6438,181603,35,219230
29613,0.001632,74.125.200.0-255,7156,188759,35,219230
29614,0.001662,74.125.200.0-255,4320,193079,35,219230
29615,0.001703,74.125.200.0-255,1484,194563,35,219230
29616,0.001717,74.125.200.0-255,4320,198883,35,219230
29617,0.001744,74.125.200.0-255,1484,200367,35,219230
29618,0.001776,74.125.200.0-255,5738,206105,35,219230
29619,0.001814,74.125.200.0-255,2902,209007,35,219230
29620,0.001837,74.125.200.0-255,2902,211909,35,219230
29621,0.001865,74.125.200.0-255,6699,218608,35,219230
29622,0.001868,74.125.200.0-255,97,218705,35,219230
29623,0.001944,74.125.200.0-255,105,218810,35,219230
29624,0.009713,172.31.33.0-255,66,218876,35,219230
29625,0.010179,74.125.200.0-255,105,218981,35,219230
29626,0.010186,172.31.33.0-255,78,219059,35,219230
29627,0.018936,172.31.33.0-255,105,219164,35,219230
29628,0.021165,74.125.200.0-255,66,219230,35,219230
29629,0.0,172.31.33.0-255,105,105,35,276
29630,0.001483,157.240.7.0-255,105,210,35,276
29631,0.001494,172.31.33.0-255,66,276,35,276
29632,0.0,74.125.68.0-255,153,153,35,368093
29633,1.5e-05,172.31.33.0-255,66,219,35,368093
29634,2.2e-05,74.125.68.0-255,1484,1703,35,368093
29635,2.6e-05,172.31.33.0-255,66,1769,35,368093
29636,3.2e-05,74.125.68.0-255,2902,4671,35,368093
29637,3.5e-05,172.31.33.0-255,66,4737,35,368093
29638,3.8e-05,74.125.68.0-255,1484,6221,35,368093
29639,4.1e-05,172.31.33.0-255,66,6287,35,368093
29640,4.5e-05,74.125.68.0-255,1484,7771,35,368093
29641,4.7e-05,172.31.33.0-255,66,7837,35,368093
29642,7.1e-05,74.125.68.0-255,1484,9321,35,368093
29643,7.3e-05,172.31.33.0-255,66,9387,35,368093
29644,7.6e-05,74.125.68.0-255,1484,10871,35,368093
29645,7.8e-05,172.31.33.0-255,66,10937,35,368093
29646,9.6e-05,74.125.68.0-255,4875,15812,35,368093
29647,9.8e-05,172.31.33.0-255,66,15878,35,368093
29648,0.000104,74.125.68.0-255,5738,21616,35,368093
29649,0.000106,172.31.33.0-255,66,21682,35,368093
29650,0.00013,74.125.68.0-255,7156,28838,35,368093
29651,0.000132,172.31.33.0-255,66,28904,35,368093
29652,0.000155,74.125.68.0-255,2543,31447,35,368093
29653,0.000156,172.31.33.0-255,66,31513,35,368093
29654,0.000214,74.125.68.0-255,1484,32997,35,368093
29655,0.000217,172.31.33.0-255,66,33063,35,368093
29656,0.00023,74.125.68.0-255,1484,34547,35,368093
29657,0.000233,172.31.33.0-255,66,34613,35,368093
29658,0.000245,74.125.68.0-255,1484,36097,35,368093
29659,0.000247,172.31.33.0-255,66,36163,35,368093
29660,0.000251,74.125.68.0-255,2902,39065,35,368093
29661,0.000253,172.31.33.0-255,66,39131,35,368093
29662,0.000257,74.125.68.0-255,2902,42033,35,368093
29663,0.000259,172.31.33.0-255,66,42099,35,368093
29664,0.000279,74.125.68.0-255,1484,43583,35,368093
29665,0.0003,74.125.68.0-255,7156,50739,35,368093
29666,0.000302,172.31.33.0-255,66,50805,35,368093
29667,0.000321,74.125.68.0-255,2543,53348,35,368093
29668,0.000323,172.31.33.0-255,66,53414,35,368093
29669,0.000328,74.125.68.0-255,4320,57734,35,368093
29670,0.00033,172.31.33.0-255,66,57800,35,368093
29671,0.000341,74.125.68.0-255,2902,60702,35,368093
29672,0.000344,172.31.33.0-255,66,60768,35,368093
29673,0.000367,74.125.68.0-255,2902,63670,35,368093
29674,0.000369,172.31.33.0-255,66,63736,35,368093
29675,0.000372,74.125.68.0-255,2850,66586,35,368093
29676,0.000374,172.31.33.0-255,66,66652,35,368093
29677,0.000377,74.125.68.0-255,117,66769,35,368093
29678,0.000466,74.125.68.0-255,1484,68253,35,368093
29679,0.000469,172.31.33.0-255,66,68319,35,368093
29680,0.000486,74.125.68.0-255,2902,71221,35,368093
29681,0.000488,172.31.33.0-255,66,71287,35,368093
29682,0.000493,74.125.68.0-255,2902,74189,35,368093
29683,0.000494,172.31.33.0-255,66,74255,35,368093
29684,0.000497,74.125.68.0-255,1484,75739,35,368093
29685,0.000517,74.125.68.0-255,2902,78641,35,368093
29686,0.00052,172.31.33.0-255,66,78707,35,368093
29687,0.000524,74.125.68.0-255,2902,81609,35,368093
29688,0.000525,172.31.33.0-255,66,81675,35,368093
29689,0.000544,74.125.68.0-255,5738,87413,35,368093
29690,0.000546,172.31.33.0-255,66,87479,35,368093
29691,0.000551,74.125.68.0-255,5738,93217,35,368093
29692,0.000553,172.31.33.0-255,66,93283,35,368093
29693,0.000556,74.125.68.0-255,1484,94767,35,368093
29694,0.000581,74.125.68.0-255,5738,100505,35,368093
29695,0.000584,172.31.33.0-255,66,100571,35,368093
29696,0.000597,74.125.68.0-255,1484,102055,35,368093
29697,0.000612,74.125.68.0-255,5020,107075,35,368093
29698,0.000614,172.31.33.0-255,66,107141,35,368093
29699,0.000618,74.125.68.0-255,2902,110043,35,368093
29700,0.00062,172.31.33.0-255,66,110109,35,368093
29701,0.000636,74.125.68.0-255,4320,114429,35,368093
29702,0.000638,172.31.33.0-255,66,114495,35,368093
29703,0.000641,74.125.68.0-255,1484,115979,35,368093
29704,0.000661,74.125.68.0-255,2225,118204,35,368093
29705,0.000664,172.31.33.0-255,66,118270,35,368093
29706,0.000692,74.125.68.0-255,2902,121172,35,368093
29707,0.000695,172.31.33.0-255,66,121238,35,368093
29708,0.000717,74.125.68.0-255,4320,125558,35,368093
29709,0.000721,172.31.33.0-255,66,125624,35,368093
29710,0.000758,74.125.68.0-255,4320,129944,35,368093
29711,0.00076,172.31.33.0-255,66,130010,35,368093
29712,0.000783,74.125.68.0-255,4320,134330,35,368093
29713,0.000786,172.31.33.0-255,66,134396,35,368093
29714,0.000792,74.125.68.0-255,5738,140134,35,368093
29715,0.000794,172.31.33.0-255,66,140200,35,368093
29716,0.000801,74.125.68.0-255,7156,147356,35,368093
29717,0.000803,172.31.33.0-255,66,147422,35,368093
29718,0.000808,74.125.68.0-255,5020,152442,35,368093
29719,0.00081,172.31.33.0-255,66,152508,35,368093
29720,0.001244,74.125.68.0-255,1484,153992,35,368093
29721,0.001249,74.125.68.0-255,2902,156894,35,368093
29722,0.001252,172.31.33.0-255,66,156960,35,368093
29723,0.001258,74.125.68.0-255,4320,161280,35,368093
29724,0.00126,172.31.33.0-255,66,161346,35,368093
29725,0.001273,74.125.68.0-255,1484,162830,35,368093
29726,0.001279,74.125.68.0-255,5738,168568,35,368093
29727,0.001281,172.31.33.0-255,66,168634,35,368093
29728,0.001295,74.125.68.0-255,1484,170118,35,368093
29729,0.001312,74.125.68.0-255,2902,173020,35,368093
29730,0.001315,172.31.33.0-255,66,173086,35,368093
29731,0.001336,172.31.33.0-255,66,173152,35,368093
29732,0.001364,74.125.68.0-255,2184,175336,35,368093
29733,0.001367,172.31.33.0-255,66,175402,35,368093
29734,0.001456,74.125.68.0-255,1484,176886,35,368093
29735,0.001485,74.125.68.0-255,1484,178370,35,368093
29736,0.001488,172.31.33.0-255,66,178436,35,368093
29737,0.001509,74.125.68.0-255,1484,179920,35,368093
29738,0.001515,74.125.68.0-255,5738,185658,35,368093
29739,0.001517,172.31.33.0-255,66,185724,35,368093
29740,0.00152,74.125.68.0-255,1484,187208,35,368093
29741,0.001534,74.125.68.0-255,4320,191528,35,368093
29742,0.001536,172.31.33.0-255,66,191594,35,368093
29743,0.001564,74.125.68.0-255,5738,197332,35,368093
29744,0.001566,172.31.33.0-255,66,197398,35,368093
29745,0.001579,172.31.33.0-255,66,197464,35,368093
29746,0.001602,74.125.68.0-255,1484,198948,35,368093
29747,0.001605,74.125.68.0-255,2902,201850,35,368093
29748,0.001609,74.125.68.0-255,4320,206170,35,368093
29749,0.001613,172.31.33.0-255,66,206236,35,368093
29750,0.001616,172.31.33.0-255,66,206302,35,368093
29751,0.001623,74.125.68.0-255,1484,207786,35,368093
29752,0.001629,74.125.68.0-255,5738,213524,35,368093
29753,0.001631,172.31.33.0-255,66,213590,35,368093
29754,0.00166,74.125.68.0-255,7156,220746,35,368093
29755,0.001663,172.31.33.0-255,66,220812,35,368093
29756,0.001701,74.125.68.0-255,7156,227968,35,368093
29757,0.001704,172.31.33.0-255,66,228034,35,368093
29758,0.00172,74.125.68.0-255,5020,233054,35,368093
29759,0.001722,172.31.33.0-255,66,233120,35,368093
29760,0.001729,74.125.68.0-255,7156,240276,35,368093
29761,0.001731,172.31.33.0-255,66,240342,35,368093
29762,0.001759,74.125.68.0-255,5738,246080,35,368093
29763,0.001761,172.31.33.0-255,66,246146,35,368093
29764,0.001767,74.125.68.0-255,5738,251884,35,368093
29765,0.001769,172.31.33.0-255,66,251950,35,368093
29766,0.001782,74.125.68.0-255,1484,253434,35,368093
29767,0.001812,172.31.33.0-255,66,253500,35,368093
29768,0.001839,74.125.68.0-255,1484,254984,35,368093
29769,0.001843,74.125.68.0-255,2902,257886,35,368093
29770,0.001845,172.31.33.0-255,66,257952,35,368093
29771,0.00187,74.125.68.0-255,4320,262272,35,368093
29772,0.001872,172.31.33.0-255,66,262338,35,368093
29773,0.001891,74.125.68.0-255,1484,263822,35,368093
29774,0.001895,74.125.68.0-255,4320,268142,35,368093
29775,0.001897,172.31.33.0-255,66,268208,35,368093
29776,0.00192,74.125.68.0-255,5738,273946,35,368093
29777,0.001923,172.31.33.0-255,66,274012,35,368093
29778,0.001934,172.31.33.0-255,66,274078,35,368093
29779,0.001937,74.125.68.0-255,2184,276262,35,368093
29780,0.001939,172.31.33.0-255,66,276328,35,368093
29781,0.002278,74.125.68.0-255,1484,277812,35,368093
29782,0.002294,74.125.68.0-255,1484,279296,35,368093
29783,0.002297,172.31.33.0-255,66,279362,35,368093
29784,0.002301,74.125.68.0-255,2902,282264,35,368093
29785,0.002303,172.31.33.0-255,66,282330,35,368093
29786,0.002331,74.125.68.0-255,4320,286650,35,368093
29787,0.002333,172.31.33.0-255,66,286716,35,368093
29788,0.002343,74.125.68.0-255,1484,288200,35,368093
29789,0.002346,74.125.68.0-255,1484,289684,35,368093
29790,0.002348,172.31.33.0-255,66,289750,35,368093
29791,0.002351,74.125.68.0-255,1484,291234,35,368093
29792,0.002353,74.125.68.0-255,1484,292718,35,368093
29793,0.002354,172.31.33.0-255,66,292784,35,368093
29794,0.002357,74.125.68.0-255,1484,294268,35,368093
29795,0.002379,74.125.68.0-255,1484,295752,35,368093
29796,0.002381,172.31.33.0-255,66,295818,35,368093
29797,0.002404,74.125.68.0-255,4320,300138,35,368093
29798,0.002406,172.31.33.0-255,66,300204,35,368093
29799,0.002409,74.125.68.0-255,1484,301688,35,368093
29800,0.002412,74.125.68.0-255,2902,304590,35,368093
29801,0.002413,172.31.33.0-255,66,304656,35,368093
29802,0.002417,74.125.68.0-255,4320,308976,35,368093
29803,0.002419,172.31.33.0-255,66,309042,35,368093
29804,0.002434,74.125.68.0-255,1484,310526,35,368093
29805,0.002436,74.125.68.0-255,766,311292,35,368093
29806,0.002438,172.31.33.0-255,66,311358,35,368093
29807,0.002455,74.125.68.0-255,1484,312842,35,368093
29808,0.002458,74.125.68.0-255,1484,314326,35,368093
29809,0.00246,172.31.33.0-255,66,314392,35,368093
29810,0.002479,74.125.68.0-255,2902,317294,35,368093
29811,0.002481,172.31.33.0-255,66,317360,35,368093
29812,0.002485,74.125.68.0-255,2902,320262,35,368093
29813,0.002487,172.31.33.0-255,66,320328,35,368093
29814,0.002505,74.125.68.0-255,7156,327484,35,368093
29815,0.002507,172.31.33.0-255,66,327550,35,368093
29816,0.00251,74.125.68.0-255,2902,330452,35,368093
29817,0.002512,172.31.33.0-255,66,330518,35,368093
29818,0.002536,74.125.68.0-255,1484,332002,35,368093
29819,0.002538,74.125.68.0-255,1484,333486,35,368093
29820,0.00254,172.31.33.0-255,66,333552,35,368093
29821,0.002553,74.125.68.0-255,2902,336454,35,368093
29822,0.002554,172.31.33.0-255,66,336520,35,368093
29823,0.002583,74.125.68.0-255,5738,342258,35,368093
29824,0.002586,172.31.33.0-255,66,342324,35,368093
29825,0.002588,74.125.68.0-255,1484,343808,35,368093
29826,0.002591,74.125.68.0-255,2184,345992,35,368093
29827,0.002592,172.31.33.0-255,66,346058,35,368093
29828,0.002644,74.125.68.0-255,1484,347542,35,368093
29829,0.002666,74.125.68.0-255,1484,349026,35,368093
29830,0.002669,172.31.33.0-255,66,349092,35,368093
29831,0.002672,74.125.68.0-255,1484,350576,35,368093
29832,0.002688,74.125.68.0-255,2902,353478,35,368093
29833,0.00269,172.31.33.0-255,66,353544,35,368093
29834,0.002725,74.125.68.0-255,4099,357643,35,368093
29835,0.002728,172.31.33.0-255,66,357709,35,368093
29836,0.002793,74.125.68.0-255,105,357814,35,368093
29837,0.012824,172.31.33.0-255,66,357880,35,368093
29838,0.01287,172.31.33.0-255,105,357985,35,368093
29839,0.014869,74.125.68.0-255,66,358051,35,368093
29840,0.048972,172.31.33.0-255,172,358223,35,368093
29841,0.049005,172.31.33.0-255,1107,359330,35,368093
29842,0.049078,172.31.33.0-255,1514,360844,35,368093
29843,0.04908,172.31.33.0-255,1514,362358,35,368093
29844,0.049081,172.31.33.0-255,1514,363872,35,368093
29845,0.049082,172.31.33.0-255,1514,365386,35,368093
29846,0.049114,172.31.33.0-255,1514,366900,35,368093
29847,0.049115,172.31.33.0-255,929,367829,35,368093
29848,0.050514,104.244.42.0-255,66,367895,35,368093
29849,0.050556,104.244.42.0-255,66,367961,35,368093
29850,0.050665,104.244.42.0-255,66,368027,35,368093
29851,0.05067,104.244.42.0-255,66,368093,35,368093
29852,0.0,74.125.130.0-255,298,298,35,364664
29853,3e-05,172.31.33.0-255,66,364,35,364664
29854,3.7e-05,74.125.130.0-255,1484,1848,35,364664
29855,4.2e-05,172.31.33.0-255,66,1914,35,364664
29856,5.4e-05,74.125.130.0-255,4320,6234,35,364664
29857,5.7e-05,172.31.33.0-255,66,6300,35,364664
29858,6e-05,74.125.130.0-255,1484,7784,35,364664
29859,6.3e-05,172.31.33.0-255,66,7850,35,364664
29860,6.7e-05,74.125.130.0-255,2902,10752,35,364664
29861,6.9e-05,172.31.33.0-255,66,10818,35,364664
29862,0.000105,74.125.130.0-255,6218,17036,35,364664
29863,0.000109,172.31.33.0-255,66,17102,35,364664
29864,0.000112,74.125.130.0-255,1484,18586,35,364664
29865,0.000114,172.31.33.0-255,66,18652,35,364664
29866,0.000118,74.125.130.0-255,2902,21554,35,364664
29867,0.000119,172.31.33.0-255,66,21620,35,364664
29868,0.000147,74.125.130.0-255,2902,24522,35,364664
29869,0.00015,172.31.33.0-255,66,24588,35,364664
29870,0.000178,74.125.130.0-255,2902,27490,35,364664
29871,0.000182,172.31.33.0-255,66,27556,35,364664
29872,0.00021,74.125.130.0-255,3961,31517,35,364664
29873,0.000214,172.31.33.0-255,66,31583,35,364664
29874,0.000354,74.125.130.0-255,1484,33067,35,364664
29875,0.000358,172.31.33.0-255,66,33133,35,364664
29876,0.000376,74.125.130.0-255,2902,36035,35,364664
29877,0.000378,172.31.33.0-255,66,36101,35,364664
29878,0.000406,74.125.130.0-255,5738,41839,35,364664
29879,0.000409,172.31.33.0-255,66,41905,35,364664
29880,0.000412,74.125.130.0-255,1484,43389,35,364664
29881,0.000416,172.31.33.0-255,66,43455,35,364664
29882,0.000446,74.125.130.0-255,2902,46357,35,364664
29883,0.000449,172.31.33.0-255,66,46423,35,364664
29884,0.000453,74.125.130.0-255,2543,48966,35,364664
29885,0.000463,172.31.33.0-255,66,49032,35,364664
29886,0.000479,74.125.130.0-255,2902,51934,35,364664
29887,0.000484,74.125.130.0-255,2902,54836,35,364664
29888,0.000484,172.31.33.0-255,66,54902,35,364664
29889,0.000488,172.31.33.0-255,66,54968,35,364664
29890,0.000498,74.125.130.0-255,4320,59288,35,364664
29891,0.000505,172.31.33.0-255,66,59354,35,364664
29892,0.000535,74.125.130.0-255,5738,65092,35,364664
29893,0.000539,172.31.33.0-255,66,65158,35,364664
29894,0.000577,74.125.130.0-255,1437,66595,35,364664
29895,0.000591,74.125.130.0-255,377,66972,35,364664
29896,0.000604,172.31.33.0-255,66,67038,35,364664
29897,0.000831,74.125.130.0-255,1484,68522,35,364664
29898,0.000838,74.125.130.0-255,2902,71424,35,364664
29899,0.000841,172.31.33.0-255,66,71490,35,364664
29900,0.000866,74.125.130.0-255,5738,77228,35,364664
29901,0.000881,74.125.130.0-255,7156,84384,35,364664
29902,0.000916,74.125.130.0-255,5738,90122,35,364664
29903,0.000956,74.125.130.0-255,2184,92306,35,364664
29904,0.001386,74.125.130.0-255,1484,93790,35,364664
29905,0.001393,74.125.130.0-255,2902,96692,35,364664
29906,0.001402,74.125.130.0-255,1484,98176,35,364664
29907,0.001423,74.125.130.0-255,2902,101078,35,364664
29908,0.001434,74.125.130.0-255,4320,105398,35,364664
29909,0.001443,74.125.130.0-255,1484,106882,35,364664
29910,0.001465,74.125.130.0-255,4320,111202,35,364664
29911,0.001483,74.125.130.0-255,4320,115522,35,364664
29912,0.001499,74.125.130.0-255,4320,119842,35,364664
29913,0.001515,74.125.130.0-255,5738,125580,35,364664
29914,0.001517,74.125.130.0-255,766,126346,35,364664
29915,0.001681,74.125.130.0-255,1484,127830,35,364664
29916,0.001695,74.125.130.0-255,1484,129314,35,364664
29917,0.001704,74.125.130.0-255,1484,130798,35,364664
29918,0.001712,74.125.130.0-255,1484,132282,35,364664
29919,0.001722,74.125.130.0-255,2902,135184,35,364664
29920,0.001731,74.125.130.0-255,2902,138086,35,364664
29921,0.001743,74.125.130.0-255,2902,140988,35,364664
29922,0.001763,74.125.130.0-255,1484,142472,35,364664
29923,0.001815,74.125.130.0-255,2902,145374,35,364664
29924,0.001827,74.125.130.0-255,5020,150394,35,364664
29925,0.001896,74.125.130.0-255,1484,151878,35,364664
29926,0.001908,74.125.130.0-255,2902,154780,35,364664
29927,0.001925,74.125.130.0-255,4320,159100,35,364664
29928,0.001954,74.125.130.0-255,5738,164838,35,364664
29929,0.001967,74.125.130.0-255,2902,167740,35,364664
29930,0.001972,74.125.130.0-255,5738,173478,35,364664
29931,0.00198,74.125.130.0-255,1484,174962,35,364664
29932,0.001997,74.125.130.0-255,5738,180700,35,364664
29933,0.002025,74.125.130.0-255,1484,182184,35,364664
29934,0.00204,74.125.130.0-255,2184,184368,35,364664
29935,0.002112,74.125.130.0-255,1484,185852,35,364664
29936,0.002134,74.125.130.0-255,2902,188754,35,364664
29937,0.002146,74.125.130.0-255,1484,190238,35,364664
29938,0.002159,74.125.130.0-255,4320,194558,35,364664
29939,0.002162,74.125.130.0-255,1484,196042,35,364664
29940,0.002178,74.125.130.0-255,1484,197526,35,364664
29941,0.002182,74.125.130.0-255,4320,201846,35,364664
29942,0.002184,74.125.130.0-255,1484,203330,35,364664
29943,0.002217,74.125.130.0-255,2902,206232,35,364664
29944,0.002274,74.125.130.0-255,5738,211970,35,364664
29945,0.002289,74.125.130.0-255,5020,216990,35,364664
29946,0.002336,74.125.130.0-255,2902,219892,35,364664
29947,0.002372,74.125.130.0-255,7156,227048,35,364664
29948,0.002375,74.125.130.0-255,2902,229950,35,364664
29949,0.00238,74.125.130.0-255,5020,234970,35,364664
29950,0.002429,74.125.130.0-255,1484,236454,35,364664
29951,0.002439,74.125.130.0-255,2902,239356,35,364664
29952,0.002448,74.125.130.0-255,1484,240840,35,364664
29953,0.002463,74.125.130.0-255,4320,245160,35,364664
29954,0.002465,74.125.130.0-255,1484,246644,35,364664
29955,0.00248,74.125.130.0-255,1484,248128,35,364664
29956,0.002483,74.125.130.0-255,2902,251030,35,364664
29957,0.002491,74.125.130.0-255,1484,252514,35,364664
29958,0.002509,74.125.130.0-255,4320,256834,35,364664
29959,0.002514,74.125.130.0-255,2902,259736,35,364664
29960,0.002529,74.125.130.0-255,4320,264056,35,364664
29961,0.002539,74.125.130.0-255,2902,266958,35,364664
29962,0.002567,74.125.130.0-255,2184,269142,35,364664
29963,0.002656,74.125.130.0-255,1484,270626,35,364664
29964,0.002674,74.125.130.0-255,1484,272110,35,364664
29965,0.002686,74.125.130.0-255,2902,275012,35,364664
29966,0.002706,74.125.130.0-255,4320,279332,35,364664
29967,0.00272,74.125.130.0-255,1484,280816,35,364664
29968,0.002724,74.125.130.0-255,4320,285136,35,364664
29969,0.002738,74.125.130.0-255,7156,292292,35,364664
29970,0.002774,74.125.130.0-255,4320,296612,35,364664
29971,0.002792,74.125.130.0-255,6438,303050,35,364664
29972,0.002875,74.125.130.0-255,1484,304534,35,364664
29973,0.002889,74.125.130.0-255,2902,307436,35,364664
29974,0.002919,74.125.130.0-255,5738,313174,35,364664
29975,0.002937,74.125.130.0-255,7156,320330,35,364664
29976,0.002962,74.125.130.0-255,4320,324650,35,364664
29977,0.002975,74.125.130.0-255,4320,328970,35,364664
29978,0.002977,74.125.130.0-255,1484,330454,35,364664
29979,0.002998,74.125.130.0-255,6438,336892,35,364664
29980,0.003028,74.125.130.0-255,1484,338376,35,364664
29981,0.003041,74.125.130.0-255,2902,341278,35,364664
29982,0.003044,74.125.130.0-255,1484,342762,35,364664
29983,0.00306,74.125.130.0-255,2902,345664,35,364664
29984,0.003068,74.125.130.0-255,1484,347148,35,364664
29985,0.003071,74.125.130.0-255,1484,348632,35,364664
29986,0.003128,74.125.130.0-255,2902,351534,35,364664
29987,0.003141,74.125.130.0-255,2580,354114,35,364664
29988,0.003163,74.125.130.0-255,105,354219,35,364664
29989,0.003748,172.31.33.0-255,66,354285,35,364664
29990,0.012997,172.31.33.0-255,105,354390,35,364664
29991,0.014965,74.125.130.0-255,66,354456,35,364664
29992,0.053421,172.31.33.0-255,188,354644,35,364664
29993,0.053448,172.31.33.0-255,952,355596,35,364664
29994,0.05349,172.31.33.0-255,1514,357110,35,364664
29995,0.053492,172.31.33.0-255,1514,358624,35,364664
29996,0.053497,172.31.33.0-255,1514,360138,35,364664
29997,0.053498,172.31.33.0-255,1514,361652,35,364664
29998,0.053515,172.31.33.0-255,1514,363166,35,364664
29999,0.053516,172.31.33.0-255,1168,364334,35,364664
30000,0.054948,104.244.42.0-255,66,364400,35,364664
30001,0.05496,104.244.42.0-255,66,364466,35,364664
30002,0.055005,104.244.42.0-255,66,364532,35,364664
30003,0.055056,104.244.42.0-255,66,364598,35,364664
30004,0.05506,104.244.42.0-255,66,364664,35,364664
30005,0.0,172.31.33.0-255,105,105,35,276
30006,0.002039,157.240.7.0-255,105,210,35,276
30007,0.002051,172.31.33.0-255,66,276,35,276
30008,0.0,172.31.33.0-255,105,105,35,276
30009,0.001781,157.240.7.0-255,105,210,35,276
30010,0.001791,172.31.33.0-255,66,276,35,276
30011,0.0,172.31.33.0-255,105,105,35,276
30012,0.001463,157.240.7.0-255,105,210,35,276
30013,0.001473,172.31.33.0-255,66,276,35,276
30014,0.0,74.125.200.0-255,153,153,35,359118
30015,2.3e-05,172.31.33.0-255,66,219,35,359118
30016,3e-05,74.125.200.0-255,1484,1703,35,359118
30017,3.5e-05,172.31.33.0-255,66,1769,35,359118
30018,4.1e-05,74.125.200.0-255,2902,4671,35,359118
30019,4.5e-05,172.31.33.0-255,66,4737,35,359118
30020,7.6e-05,74.125.200.0-255,5738,10475,35,359118
30021,8e-05,172.31.33.0-255,66,10541,35,359118
30022,8.5e-05,74.125.200.0-255,3495,14036,35,359118
30023,8.7e-05,172.31.33.0-255,66,14102,35,359118
30024,9.1e-05,74.125.200.0-255,1484,15586,35,359118
30025,9.3e-05,172.31.33.0-255,66,15652,35,359118
30026,0.000111,74.125.200.0-255,2902,18554,35,359118
30027,0.000113,172.31.33.0-255,66,18620,35,359118
30028,0.000146,74.125.200.0-255,7156,25776,35,359118
30029,0.000149,172.31.33.0-255,66,25842,35,359118
30030,0.00018,74.125.200.0-255,5379,31221,35,359118
30031,0.000183,172.31.33.0-255,66,31287,35,359118
30032,0.000726,74.125.200.0-255,1484,32771,35,359118
30033,0.000731,172.31.33.0-255,66,32837,35,359118
30034,0.000738,74.125.200.0-255,2902,35739,35,359118
30035,0.00074,172.31.33.0-255,66,35805,35,359118
30036,0.000769,74.125.200.0-255,5738,41543,35,359118
30037,0.000771,172.31.33.0-255,66,41609,35,359118
30038,0.000783,74.125.200.0-255,1484,43093,35,359118
30039,0.000785,172.31.33.0-255,66,43159,35,359118
30040,0.000816,74.125.200.0-255,6797,49956,35,359118
30041,0.000818,172.31.33.0-255,66,50022,35,359118
30042,0.000828,172.31.33.0-255,66,50088,35,359118
30043,0.000863,74.125.200.0-255,2902,52990,35,359118
30044,0.000866,172.31.33.0-255,66,53056,35,359118
30045,0.00088,74.125.200.0-255,1484,54540,35,359118
30046,0.000895,74.125.200.0-255,1484,56024,35,359118
30047,0.000898,172.31.33.0-255,66,56090,35,359118
30048,0.00091,74.125.200.0-255,1394,57484,35,359118
30049,0.00094,74.125.200.0-255,132,57616,35,359118
30050,0.001017,74.125.200.0-255,1484,59100,35,359118
30051,0.00102,172.31.33.0-255,66,59166,35,359118
30052,0.00104,74.125.200.0-255,2902,62068,35,359118
30053,0.001044,172.31.33.0-255,66,62134,35,359118
30054,0.001046,74.125.200.0-255,1484,63618,35,359118
30055,0.001065,74.125.200.0-255,4320,67938,35,359118
30056,0.001068,172.31.33.0-255,66,68004,35,359118
30057,0.001085,74.125.200.0-255,4320,72324,35,359118
30058,0.001088,172.31.33.0-255,66,72390,35,359118
30059,0.001117,172.31.33.0-255,66,72456,35,359118
30060,0.001122,74.125.200.0-255,5738,78194,35,359118
30061,0.001124,172.31.33.0-255,66,78260,35,359118
30062,0.001162,74.125.200.0-255,2902,81162,35,359118
30063,0.001164,172.31.33.0-255,66,81228,35,359118
30064,0.001182,74.125.200.0-255,2184,83412,35,359118
30065,0.001184,172.31.33.0-255,66,83478,35,359118
30066,0.001496,74.125.200.0-255,1484,84962,35,359118
30067,0.001502,74.125.200.0-255,1484,86446,35,359118
30068,0.001506,172.31.33.0-255,66,86512,35,359118
30069,0.001518,74.125.200.0-255,1484,87996,35,359118
30070,0.00154,74.125.200.0-255,2902,90898,35,359118
30071,0.001542,172.31.33.0-255,66,90964,35,359118
30072,0.001559,74.125.200.0-255,2902,93866,35,359118
30073,0.001561,172.31.33.0-255,66,93932,35,359118
30074,0.001599,74.125.200.0-255,2902,96834,35,359118
30075,0.001601,172.31.33.0-255,66,96900,35,359118
30076,0.001611,74.125.200.0-255,1484,98384,35,359118
30077,0.001644,74.125.200.0-255,1484,99868,35,359118
30078,0.001646,172.31.33.0-255,66,99934,35,359118
30079,0.001664,74.125.200.0-255,2902,102836,35,359118
30080,0.001666,172.31.33.0-255,66,102902,35,359118
30081,0.001681,74.125.200.0-255,2902,105804,35,359118
30082,0.001682,172.31.33.0-255,66,105870,35,359118
30083,0.001701,74.125.200.0-255,2902,108772,35,359118
30084,0.001703,172.31.33.0-255,66,108838,35,359118
30085,0.001705,74.125.200.0-255,1484,110322,35,359118
30086,0.001744,74.125.200.0-255,2902,113224,35,359118
30087,0.001747,172.31.33.0-255,66,113290,35,359118
30088,0.001766,74.125.200.0-255,5020,118310,35,359118
30089,0.001768,172.31.33.0-255,66,118376,35,359118
30090,0.001893,74.125.200.0-255,1484,119860,35,359118
30091,0.001943,74.125.200.0-255,1484,121344,35,359118
30092,0.001946,172.31.33.0-255,66,121410,35,359118
30093,0.001949,74.125.200.0-255,1484,122894,35,359118
30094,0.001962,74.125.200.0-255,1484,124378,35,359118
30095,0.001964,172.31.33.0-255,66,124444,35,359118
30096,0.001981,74.125.200.0-255,5738,130182,35,359118
30097,0.001983,172.31.33.0-255,66,130248,35,359118
30098,0.001985,74.125.200.0-255,1484,131732,35,359118
30099,0.002016,74.125.200.0-255,1484,133216,35,359118
30100,0.002019,172.31.33.0-255,66,133282,35,359118
30101,0.002042,74.125.200.0-255,7156,140438,35,359118
30102,0.002044,172.31.33.0-255,66,140504,35,359118
30103,0.002047,74.125.200.0-255,1484,141988,35,359118
30104,0.002062,74.125.200.0-255,2902,144890,35,359118
30105,0.002065,172.31.33.0-255,66,144956,35,359118
30106,0.002092,172.31.33.0-255,66,145022,35,359118
30107,0.00254,74.125.200.0-255,1484,146506,35,359118
30108,0.00256,74.125.200.0-255,1484,147990,35,359118
30109,0.002564,172.31.33.0-255,66,148056,35,359118
30110,0.002587,74.125.200.0-255,2902,150958,35,359118
30111,0.002589,172.31.33.0-255,66,151024,35,359118
30112,0.002601,74.125.200.0-255,1484,152508,35,359118
30113,0.002617,74.125.200.0-255,4320,156828,35,359118
30114,0.00262,172.31.33.0-255,66,156894,35,359118
30115,0.002623,74.125.200.0-255,1484,158378,35,359118
30116,0.002627,74.125.200.0-255,2902,161280,35,359118
30117,0.002628,172.31.33.0-255,66,161346,35,359118
30118,0.00265,74.125.200.0-255,2902,164248,35,359118
30119,0.002652,172.31.33.0-255,66,164314,35,359118
30120,0.002667,74.125.200.0-255,2902,167216,35,359118
30121,0.00267,172.31.33.0-255,66,167282,35,359118
30122,0.00269,74.125.200.0-255,2902,170184,35,359118
30123,0.002692,172.31.33.0-255,66,170250,35,359118
30124,0.002698,74.125.200.0-255,4320,174570,35,359118
30125,0.002699,172.31.33.0-255,66,174636,35,359118
30126,0.002702,74.125.200.0-255,1484,176120,35,359118
30127,0.002723,74.125.200.0-255,2902,179022,35,359118
30128,0.002725,172.31.33.0-255,66,179088,35,359118
30129,0.002741,74.125.200.0-255,766,179854,35,359118
30130,0.003184,74.125.200.0-255,1484,181338,35,359118
30131,0.003189,172.31.33.0-255,66,181404,35,359118
30132,0.003194,74.125.200.0-255,2902,184306,35,359118
30133,0.003196,172.31.33.0-255,66,184372,35,359118
30134,0.003211,74.125.200.0-255,1484,185856,35,359118
30135,0.003244,74.125.200.0-255,2902,188758,35,359118
30136,0.003246,172.31.33.0-255,66,188824,35,359118
30137,0.00325,74.125.200.0-255,1484,190308,35,359118
30138,0.00327,74.125.200.0-255,4320,194628,35,359118
30139,0.003272,172.31.33.0-255,66,194694,35,359118
30140,0.003278,74.125.200.0-255,4320,199014,35,359118
30141,0.003279,172.31.33.0-255,66,199080,35,359118
30142,0.003282,74.125.200.0-255,1484,200564,35,359118
30143,0.003309,74.125.200.0-255,4320,204884,35,359118
30144,0.003311,74.125.200.0-255,1484,206368,35,359118
30145,0.003313,74.125.200.0-255,1484,207852,35,359118
30146,0.003317,172.31.33.0-255,66,207918,35,359118
30147,0.003324,172.31.33.0-255,66,207984,35,359118
30148,0.003331,74.125.200.0-255,5738,213722,35,359118
30149,0.003333,172.31.33.0-255,66,213788,35,359118
30150,0.003359,74.125.200.0-255,6438,220226,35,359118
30151,0.003361,172.31.33.0-255,66,220292,35,359118
30152,0.003364,74.125.200.0-255,1484,221776,35,359118
30153,0.003367,74.125.200.0-255,1484,223260,35,359118
30154,0.003369,172.31.33.0-255,66,223326,35,359118
30155,0.003403,74.125.200.0-255,5738,229064,35,359118
30156,0.003406,172.31.33.0-255,66,229130,35,359118
30157,0.003413,74.125.200.0-255,7156,236286,35,359118
30158,0.003414,172.31.33.0-255,66,236352,35,359118
30159,0.003417,74.125.200.0-255,1484,237836,35,359118
30160,0.003419,74.125.200.0-255,1484,239320,35,359118
30161,0.00342,172.31.33.0-255,66,239386,35,359118
30162,0.003436,74.125.200.0-255,2902,242288,35,359118
30163,0.003438,172.31.33.0-255,66,242354,35,359118
30164,0.003461,74.125.200.0-255,2902,245256,35,359118
30165,0.003464,172.31.33.0-255,66,245322,35,359118
30166,0.003476,74.125.200.0-255,1484,246806,35,359118
30167,0.003479,74.125.200.0-255,1484,248290,35,359118
30168,0.003481,172.31.33.0-255,66,248356,35,359118
30169,0.003484,74.125.200.0-255,766,249122,35,359118
30170,0.00354,74.125.200.0-255,1484,250606,35,359118
30171,0.003543,172.31.33.0-255,66,250672,35,359118
30172,0.00356,74.125.200.0-255,2902,253574,35,359118
30173,0.003563,172.31.33.0-255,66,253640,35,359118
30174,0.003605,74.125.200.0-255,1484,255124,35,359118
30175,0.003628,74.125.200.0-255,2902,258026,35,359118
30176,0.003631,172.31.33.0-255,66,258092,35,359118
30177,0.00364,172.31.33.0-255,66,258158,35,359118
30178,0.00365,172.31.33.0-255,66,258224,35,359118
30179,0.003674,74.125.200.0-255,1484,259708,35,359118
30180,0.003688,74.125.200.0-255,5020,264728,35,359118
30181,0.00369,172.31.33.0-255,66,264794,35,359118
30182,0.003714,74.125.200.0-255,1484,266278,35,359118
30183,0.003727,74.125.200.0-255,1484,267762,35,359118
30184,0.00373,172.31.33.0-255,66,267828,35,359118
30185,0.003735,74.125.200.0-255,4320,272148,35,359118
30186,0.003737,172.31.33.0-255,66,272214,35,359118
30187,0.003751,74.125.200.0-255,1484,273698,35,359118
30188,0.003765,74.125.200.0-255,2902,276600,35,359118
30189,0.003767,172.31.33.0-255,66,276666,35,359118
30190,0.003788,74.125.200.0-255,4320,280986,35,359118
30191,0.003791,172.31.33.0-255,66,281052,35,359118
30192,0.003797,74.125.200.0-255,5738,286790,35,359118
30193,0.003799,172.31.33.0-255,66,286856,35,359118
30194,0.003805,74.125.200.0-255,5738,292594,35,359118
30195,0.003807,172.31.33.0-255,66,292660,35,359118
30196,0.003839,74.125.200.0-255,6438,299098,35,359118
30197,0.003842,172.31.33.0-255,66,299164,35,359118
30198,0.003848,74.125.200.0-255,5738,304902,35,359118
30199,0.00385,172.31.33.0-255,66,304968,35,359118
30200,0.003867,74.125.200.0-255,2902,307870,35,359118
30201,0.003869,172.31.33.0-255,66,307936,35,359118
30202,0.003892,172.31.33.0-255,66,308002,35,359118
30203,0.003895,74.125.200.0-255,1484,309486,35,359118
30204,0.003934,74.125.200.0-255,5738,315224,35,359118
30205,0.003936,172.31.33.0-255,66,315290,35,359118
30206,0.003954,74.125.200.0-255,6438,321728,35,359118
30207,0.003957,172.31.33.0-255,66,321794,35,359118
30208,0.003961,74.125.200.0-255,2902,324696,35,359118
30209,0.003962,172.31.33.0-255,66,324762,35,359118
30210,0.003966,74.125.200.0-255,1484,326246,35,359118
30211,0.003983,74.125.200.0-255,2902,329148,35,359118
30212,0.003985,172.31.33.0-255,66,329214,35,359118
30213,0.003988,74.125.200.0-255,1484,330698,35,359118
30214,0.004006,74.125.200.0-255,5738,336436,35,359118
30215,0.004009,172.31.33.0-255,66,336502,35,359118
30216,0.004024,74.125.200.0-255,1484,337986,35,359118
30217,0.004034,74.125.200.0-255,2902,340888,35,359118
30218,0.004036,172.31.33.0-255,66,340954,35,359118
30219,0.00405,74.125.200.0-255,7156,348110,35,359118
30220,0.004052,172.31.33.0-255,66,348176,35,359118
30221,0.004062,74.125.200.0-255,308,348484,35,359118
30222,0.004064,74.125.200.0-255,97,348581,35,359118
30223,0.004135,74.125.200.0-255,105,348686,35,359118
30224,0.013332,74.125.200.0-255,105,348791,35,359118
30225,0.013349,172.31.33.0-255,78,348869,35,359118
30226,0.014065,172.31.33.0-255,105,348974,35,359118
30227,0.016319,74.125.200.0-255,66,349040,35,359118
30228,0.039202,172.31.33.0-255,208,349248,35,359118
30229,0.039239,172.31.33.0-255,1107,350355,35,359118
30230,0.039325,172.31.33.0-255,1514,351869,35,359118
30231,0.039327,172.31.33.0-255,1514,353383,35,359118
30232,0.039332,172.31.33.0-255,1514,354897,35,359118
30233,0.039334,172.31.33.0-255,1514,356411,35,359118
30234,0.039352,172.31.33.0-255,1514,357925,35,359118
30235,0.039353,172.31.33.0-255,929,358854,35,359118
30236,0.040749,104.244.42.0-255,66,358920,35,359118
30237,0.040781,104.244.42.0-255,66,358986,35,359118
30238,0.040903,104.244.42.0-255,66,359052,35,359118
30239,0.040954,104.244.42.0-255,66,359118,35,359118
30240,0.0,74.125.68.0-255,153,153,35,375843
30241,2e-05,172.31.33.0-255,66,219,35,375843
30242,2.7e-05,74.125.68.0-255,1484,1703,35,375843
30243,3.2e-05,172.31.33.0-255,66,1769,35,375843
30244,4.4e-05,74.125.68.0-255,2902,4671,35,375843
30245,4.8e-05,172.31.33.0-255,66,4737,35,375843
30246,5.6e-05,74.125.68.0-255,7156,11893,35,375843
30247,5.9e-05,172.31.33.0-255,66,11959,35,375843
30248,6.3e-05,74.125.68.0-255,1993,13952,35,375843
30249,6.5e-05,172.31.33.0-255,66,14018,35,375843
30250,0.000236,74.125.68.0-255,1484,15502,35,375843
30251,0.000242,172.31.33.0-255,66,15568,35,375843
30252,0.000247,74.125.68.0-255,2902,18470,35,375843
30253,0.00025,172.31.33.0-255,66,18536,35,375843
30254,0.00028,74.125.68.0-255,5738,24274,35,375843
30255,0.000282,172.31.33.0-255,66,24340,35,375843
30256,0.000325,74.125.68.0-255,4320,28660,35,375843
30257,0.000328,172.31.33.0-255,66,28726,35,375843
30258,0.000367,74.125.68.0-255,2543,31269,35,375843
30259,0.00037,172.31.33.0-255,66,31335,35,375843
30260,0.000445,74.125.68.0-255,1484,32819,35,375843
30261,0.000448,172.31.33.0-255,66,32885,35,375843
30262,0.000476,74.125.68.0-255,2902,35787,35,375843
30263,0.000479,172.31.33.0-255,66,35853,35,375843
30264,0.000482,74.125.68.0-255,1484,37337,35,375843
30265,0.000485,172.31.33.0-255,66,37403,35,375843
30266,0.00049,74.125.68.0-255,2902,40305,35,375843
30267,0.000492,172.31.33.0-255,66,40371,35,375843
30268,0.000522,74.125.68.0-255,5738,46109,35,375843
30269,0.000525,172.31.33.0-255,66,46175,35,375843
30270,0.000528,74.125.68.0-255,1484,47659,35,375843
30271,0.000531,172.31.33.0-255,66,47725,35,375843
30272,0.000555,74.125.68.0-255,2543,50268,35,375843
30273,0.000559,172.31.33.0-255,66,50334,35,375843
30274,0.000592,74.125.68.0-255,5738,56072,35,375843
30275,0.000595,172.31.33.0-255,66,56138,35,375843
30276,0.000632,74.125.68.0-255,7156,63294,35,375843
30277,0.000636,172.31.33.0-255,66,63360,35,375843
30278,0.00064,74.125.68.0-255,2857,66217,35,375843
30279,0.000642,172.31.33.0-255,66,66283,35,375843
30280,0.000669,74.125.68.0-255,109,66392,35,375843
30281,0.000774,74.125.68.0-255,1484,67876,35,375843
30282,0.000778,172.31.33.0-255,66,67942,35,375843
30283,0.00081,74.125.68.0-255,2902,70844,35,375843
30284,0.000813,172.31.33.0-255,66,70910,35,375843
30285,0.00082,74.125.68.0-255,5738,76648,35,375843
30286,0.000822,172.31.33.0-255,66,76714,35,375843
30287,0.000828,74.125.68.0-255,4320,81034,35,375843
30288,0.000831,172.31.33.0-255,66,81100,35,375843
30289,0.000866,74.125.68.0-255,5738,86838,35,375843
30290,0.000869,172.31.33.0-255,66,86904,35,375843
30291,0.000873,74.125.68.0-255,1484,88388,35,375843
30292,0.000909,172.31.33.0-255,66,88454,35,375843
30293,0.000913,74.125.68.0-255,2184,90638,35,375843
30294,0.000915,172.31.33.0-255,66,90704,35,375843
30295,0.001023,74.125.68.0-255,329,91033,35,375843
30296,0.001289,74.125.68.0-255,1484,92517,35,375843
30297,0.001295,172.31.33.0-255,66,92583,35,375843
30298,0.001302,74.125.68.0-255,2902,95485,35,375843
30299,0.001304,172.31.33.0-255,66,95551,35,375843
30300,0.001326,74.125.68.0-255,5738,101289,35,375843
30301,0.001329,172.31.33.0-255,66,101355,35,375843
30302,0.001353,74.125.68.0-255,7156,108511,35,375843
30303,0.001355,172.31.33.0-255,66,108577,35,375843
30304,0.001408,74.125.68.0-255,1484,110061,35,375843
30305,0.001412,74.125.68.0-255,1484,111545,35,375843
30306,0.001415,172.31.33.0-255,66,111611,35,375843
30307,0.001441,74.125.68.0-255,1484,113095,35,375843
30308,0.001446,74.125.68.0-255,4320,117415,35,375843
30309,0.001449,172.31.33.0-255,66,117481,35,375843
30310,0.001482,74.125.68.0-255,5738,123219,35,375843
30311,0.001486,172.31.33.0-255,66,123285,35,375843
30312,0.001514,74.125.68.0-255,2184,125469,35,375843
30313,0.001517,172.31.33.0-255,66,125535,35,375843
30314,0.00194,74.125.68.0-255,1484,127019,35,375843
30315,0.001969,74.125.68.0-255,2902,129921,35,375843
30316,0.001975,172.31.33.0-255,66,129987,35,375843
30317,0.001981,74.125.68.0-255,4320,134307,35,375843
30318,0.001984,172.31.33.0-255,66,134373,35,375843
30319,0.002024,74.125.68.0-255,4320,138693,35,375843
30320,0.002027,172.31.33.0-255,66,138759,35,375843
30321,0.002055,74.125.68.0-255,4320,143079,35,375843
30322,0.002058,172.31.33.0-255,66,143145,35,375843
30323,0.002064,74.125.68.0-255,5738,148883,35,375843
30324,0.002067,172.31.33.0-255,66,148949,35,375843
30325,0.002073,74.125.68.0-255,5738,154687,35,375843
30326,0.002076,172.31.33.0-255,66,154753,35,375843
30327,0.002118,74.125.68.0-255,1484,156237,35,375843
30328,0.002134,74.125.68.0-255,2902,159139,35,375843
30329,0.002137,172.31.33.0-255,66,159205,35,375843
30330,0.00214,74.125.68.0-255,766,159971,35,375843
30331,0.002424,74.125.68.0-255,1484,161455,35,375843
30332,0.002426,172.31.33.0-255,66,161521,35,375843
30333,0.002449,74.125.68.0-255,1484,163005,35,375843
30334,0.002451,74.125.68.0-255,1484,164489,35,375843
30335,0.002453,172.31.33.0-255,66,164555,35,375843
30336,0.00247,74.125.68.0-255,2902,167457,35,375843
30337,0.002472,172.31.33.0-255,66,167523,35,375843
30338,0.002495,74.125.68.0-255,4320,171843,35,375843
30339,0.002497,172.31.33.0-255,66,171909,35,375843
30340,0.002513,74.125.68.0-255,1484,173393,35,375843
30341,0.002516,74.125.68.0-255,1484,174877,35,375843
30342,0.002518,172.31.33.0-255,66,174943,35,375843
30343,0.002558,74.125.68.0-255,4320,179263,35,375843
30344,0.002561,172.31.33.0-255,66,179329,35,375843
30345,0.002584,74.125.68.0-255,2902,182231,35,375843
30346,0.002586,172.31.33.0-255,66,182297,35,375843
30347,0.002588,74.125.68.0-255,1484,183781,35,375843
30348,0.002591,74.125.68.0-255,1484,185265,35,375843
30349,0.002593,172.31.33.0-255,66,185331,35,375843
30350,0.002624,74.125.68.0-255,5738,191069,35,375843
30351,0.002626,172.31.33.0-255,66,191135,35,375843
30352,0.00263,74.125.68.0-255,2902,194037,35,375843
30353,0.002632,172.31.33.0-255,66,194103,35,375843
30354,0.002634,74.125.68.0-255,766,194869,35,375843
30355,0.002684,74.125.68.0-255,1484,196353,35,375843
30356,0.002686,172.31.33.0-255,66,196419,35,375843
30357,0.00271,74.125.68.0-255,1484,197903,35,375843
30358,0.00272,74.125.68.0-255,1484,199387,35,375843
30359,0.002722,172.31.33.0-255,66,199453,35,375843
30360,0.002746,74.125.68.0-255,1484,200937,35,375843
30361,0.002752,74.125.68.0-255,5738,206675,35,375843
30362,0.002754,172.31.33.0-255,66,206741,35,375843
30363,0.002759,74.125.68.0-255,4320,211061,35,375843
30364,0.002781,74.125.68.0-255,5738,216799,35,375843
30365,0.002797,74.125.68.0-255,1484,218283,35,375843
30366,0.002816,74.125.68.0-255,1484,219767,35,375843
30367,0.002818,74.125.68.0-255,766,220533,35,375843
30368,0.002855,74.125.68.0-255,2902,223435,35,375843
30369,0.002869,74.125.68.0-255,2902,226337,35,375843
30370,0.002871,74.125.68.0-255,1484,227821,35,375843
30371,0.002887,74.125.68.0-255,2902,230723,35,375843
30372,0.002912,74.125.68.0-255,5738,236461,35,375843
30373,0.002917,74.125.68.0-255,4320,240781,35,375843
30374,0.002919,74.125.68.0-255,1484,242265,35,375843
30375,0.002943,74.125.68.0-255,5738,248003,35,375843
30376,0.002951,74.125.68.0-255,1484,249487,35,375843
30377,0.002961,74.125.68.0-255,1484,250971,35,375843
30378,0.002972,74.125.68.0-255,2902,253873,35,375843
30379,0.003006,74.125.68.0-255,2184,256057,35,375843
30380,0.003019,74.125.68.0-255,2902,258959,35,375843
30381,0.003034,74.125.68.0-255,1484,260443,35,375843
30382,0.003049,74.125.68.0-255,5738,266181,35,375843
30383,0.003054,74.125.68.0-255,4320,270501,35,375843
30384,0.003071,74.125.68.0-255,4320,274821,35,375843
30385,0.003111,74.125.68.0-255,3602,278423,35,375843
30386,0.003159,74.125.68.0-255,4320,282743,35,375843
30387,0.003178,74.125.68.0-255,1484,284227,35,375843
30388,0.003193,74.125.68.0-255,4320,288547,35,375843
30389,0.003236,74.125.68.0-255,4320,292867,35,375843
30390,0.003253,74.125.68.0-255,4320,297187,35,375843
30391,0.003265,74.125.68.0-255,2902,300089,35,375843
30392,0.003283,74.125.68.0-255,5738,305827,35,375843
30393,0.00333,74.125.68.0-255,6438,312265,35,375843
30394,0.003334,74.125.68.0-255,2902,315167,35,375843
30395,0.003336,74.125.68.0-255,1484,316651,35,375843
30396,0.003368,74.125.68.0-255,4320,320971,35,375843
30397,0.003385,74.125.68.0-255,1484,322455,35,375843
30398,0.003396,74.125.68.0-255,4320,326775,35,375843
30399,0.003413,74.125.68.0-255,1484,328259,35,375843
30400,0.00343,74.125.68.0-255,4320,332579,35,375843
30401,0.003433,74.125.68.0-255,1484,334063,35,375843
30402,0.003453,74.125.68.0-255,5738,339801,35,375843
30403,0.003466,74.125.68.0-255,1484,341285,35,375843
30404,0.00348,74.125.68.0-255,5020,346305,35,375843
30405,0.004085,74.125.68.0-255,1484,347789,35,375843
30406,0.004101,74.125.68.0-255,2902,350691,35,375843
30407,0.00412,74.125.68.0-255,2902,353593,35,375843
30408,0.004135,74.125.68.0-255,2902,356495,35,375843
30409,0.004137,74.125.68.0-255,1484,357979,35,375843
30410,0.004142,74.125.68.0-255,2902,360881,35,375843
30411,0.004153,74.125.68.0-255,1484,362365,35,375843
30412,0.004172,74.125.68.0-255,4320,366685,35,375843
30413,0.004189,74.125.68.0-255,2902,369587,35,375843
30414,0.004238,74.125.68.0-255,3038,372625,35,375843
30415,0.004241,74.125.68.0-255,105,372730,35,375843
30416,0.009256,172.31.33.0-255,66,372796,35,375843
30417,0.012041,172.31.33.0-255,105,372901,35,375843
30418,0.014019,74.125.68.0-255,66,372967,35,375843
30419,0.051332,172.31.33.0-255,172,373139,35,375843
30420,0.051365,172.31.33.0-255,1107,374246,35,375843
30421,0.051438,172.31.33.0-255,1399,375645,35,375843
30422,0.052883,104.244.42.0-255,66,375711,35,375843
30423,0.052892,104.244.42.0-255,66,375777,35,375843
30424,0.052941,104.244.42.0-255,66,375843,35,375843
30425,0.0,172.217.194.0-255,219,219,35,204171
30426,2.6e-05,172.31.33.0-255,66,285,35,204171
30427,3.2e-05,172.217.194.0-255,1484,1769,35,204171
30428,3.6e-05,172.31.33.0-255,66,1835,35,204171
30429,4.1e-05,172.217.194.0-255,4320,6155,35,204171
30430,4.4e-05,172.31.33.0-255,66,6221,35,204171
30431,9.8e-05,172.31.33.0-255,66,6287,35,204171
30432,0.000118,172.217.194.0-255,4320,10607,35,204171
30433,0.00012,172.31.33.0-255,66,10673,35,204171
30434,0.000144,172.217.194.0-255,4320,14993,35,204171
30435,0.000146,172.31.33.0-255,66,15059,35,204171
30436,0.000151,172.217.194.0-255,4320,19379,35,204171
30437,0.000154,172.31.33.0-255,66,19445,35,204171
30438,0.000173,172.217.194.0-255,4320,23765,35,204171
30439,0.000175,172.31.33.0-255,66,23831,35,204171
30440,0.000202,172.31.33.0-255,66,23897,35,204171
30441,0.000211,172.217.194.0-255,5379,29276,35,204171
30442,0.000213,172.31.33.0-255,66,29342,35,204171
30443,0.000254,172.31.33.0-255,66,29408,35,204171
30444,0.000276,172.217.194.0-255,6797,36205,35,204171
30445,0.000279,172.31.33.0-255,66,36271,35,204171
30446,0.000282,172.217.194.0-255,379,36650,35,204171
30447,0.000283,172.31.33.0-255,66,36716,35,204171
30448,0.000324,172.217.194.0-255,365,37081,35,204171
30449,0.000327,172.31.33.0-255,66,37147,35,204171
30450,0.000417,172.217.194.0-255,1484,38631,35,204171
30451,0.000421,172.31.33.0-255,66,38697,35,204171
30452,0.000442,172.217.194.0-255,2902,41599,35,204171
30453,0.000447,172.217.194.0-255,4320,45919,35,204171
30454,0.000448,172.31.33.0-255,66,45985,35,204171
30455,0.000451,172.31.33.0-255,66,46051,35,204171
30456,0.000465,172.217.194.0-255,1484,47535,35,204171
30457,0.000469,172.217.194.0-255,1484,49019,35,204171
30458,0.000472,172.31.33.0-255,66,49085,35,204171
30459,0.000506,172.31.33.0-255,66,49151,35,204171
30460,0.000513,172.217.194.0-255,7156,56307,35,204171
30461,0.000515,172.31.33.0-255,66,56373,35,204171
30462,0.000539,172.217.194.0-255,3602,59975,35,204171
30463,0.000542,172.31.33.0-255,66,60041,35,204171
30464,0.000603,172.217.194.0-255,1484,61525,35,204171
30465,0.000621,172.217.194.0-255,2902,64427,35,204171
30466,0.000624,172.31.33.0-255,66,64493,35,204171
30467,0.000629,172.217.194.0-255,4320,68813,35,204171
30468,0.000632,172.31.33.0-255,66,68879,35,204171
30469,0.000643,172.217.194.0-255,1484,70363,35,204171
30470,0.000654,172.31.33.0-255,66,70429,35,204171
30471,0.0007,172.217.194.0-255,1484,71913,35,204171
30472,0.000739,172.31.33.0-255,66,71979,35,204171
30473,0.000808,172.217.194.0-255,1484,73463,35,204171
30474,0.000813,172.217.194.0-255,2902,76365,35,204171
30475,0.000816,172.31.33.0-255,66,76431,35,204171
30476,0.000836,172.217.194.0-255,2902,79333,35,204171
30477,0.000839,172.31.33.0-255,66,79399,35,204171
30478,0.000851,172.217.194.0-255,2902,82301,35,204171
30479,0.000854,172.31.33.0-255,66,82367,35,204171
30480,0.000893,172.31.33.0-255,66,82433,35,204171
30481,0.000896,172.217.194.0-255,1484,83917,35,204171
30482,0.000918,172.31.33.0-255,66,83983,35,204171
30483,0.001277,172.217.194.0-255,1484,85467,35,204171
30484,0.001289,172.217.194.0-255,2902,88369,35,204171
30485,0.001293,172.31.33.0-255,66,88435,35,204171
30486,0.001296,172.217.194.0-255,1484,89919,35,204171
30487,0.001313,172.217.194.0-255,4320,94239,35,204171
30488,0.001316,172.31.33.0-255,66,94305,35,204171
30489,0.001322,172.217.194.0-255,5738,100043,35,204171
30490,0.001324,172.31.33.0-255,66,100109,35,204171
30491,0.001361,172.31.33.0-255,66,100175,35,204171
30492,0.001366,172.217.194.0-255,5020,105195,35,204171
30493,0.001369,172.31.33.0-255,66,105261,35,204171
30494,0.001419,172.217.194.0-255,5738,110999,35,204171
30495,0.001423,172.31.33.0-255,66,111065,35,204171
30496,0.001435,172.31.33.0-255,66,111131,35,204171
30497,0.001445,172.31.33.0-255,66,111197,35,204171
30498,0.001464,172.217.194.0-255,2902,114099,35,204171
30499,0.001467,172.31.33.0-255,66,114165,35,204171
30500,0.001484,172.217.194.0-255,2184,116349,35,204171
30501,0.001486,172.31.33.0-255,66,116415,35,204171
30502,0.001505,172.217.194.0-255,5738,122153,35,204171
30503,0.001507,172.31.33.0-255,66,122219,35,204171
30504,0.001525,172.217.194.0-255,5738,127957,35,204171
30505,0.001528,172.31.33.0-255,66,128023,35,204171
30506,0.001566,172.217.194.0-255,7156,135179,35,204171
30507,0.00157,172.31.33.0-255,66,135245,35,204171
30508,0.001582,172.31.33.0-255,66,135311,35,204171
30509,0.001584,172.217.194.0-255,766,136077,35,204171
30510,0.001804,172.217.194.0-255,1484,137561,35,204171
30511,0.00181,172.31.33.0-255,66,137627,35,204171
30512,0.001832,172.217.194.0-255,2902,140529,35,204171
30513,0.001836,172.31.33.0-255,66,140595,35,204171
30514,0.001841,172.217.194.0-255,4320,144915,35,204171
30515,0.001843,172.31.33.0-255,66,144981,35,204171
30516,0.001847,172.217.194.0-255,1484,146465,35,204171
30517,0.001874,172.217.194.0-255,7156,153621,35,204171
30518,0.001878,172.31.33.0-255,66,153687,35,204171
30519,0.001907,172.31.33.0-255,66,153753,35,204171
30520,0.001935,172.31.33.0-255,66,153819,35,204171
30521,0.001938,172.217.194.0-255,1484,155303,35,204171
30522,0.001942,172.217.194.0-255,2902,158205,35,204171
30523,0.001944,172.31.33.0-255,66,158271,35,204171
30524,0.001946,172.217.194.0-255,1484,159755,35,204171
30525,0.001967,172.217.194.0-255,4320,164075,35,204171
30526,0.001969,172.31.33.0-255,66,164141,35,204171
30527,0.00198,172.31.33.0-255,66,164207,35,204171
30528,0.001998,172.217.194.0-255,4320,168527,35,204171
30529,0.002001,172.31.33.0-255,66,168593,35,204171
30530,0.002013,172.31.33.0-255,66,168659,35,204171
30531,0.002039,172.217.194.0-255,766,169425,35,204171
30532,0.002043,172.217.194.0-255,1484,170909,35,204171
30533,0.002045,172.31.33.0-255,66,170975,35,204171
30534,0.00205,172.217.194.0-255,2902,173877,35,204171
30535,0.002052,172.31.33.0-255,66,173943,35,204171
30536,0.002057,172.217.194.0-255,5738,179681,35,204171
30537,0.00206,172.31.33.0-255,66,179747,35,204171
30538,0.002076,172.217.194.0-255,4320,184067,35,204171
30539,0.002079,172.31.33.0-255,66,184133,35,204171
30540,0.002103,172.31.33.0-255,66,184199,35,204171
30541,0.002108,172.217.194.0-255,4320,188519,35,204171
30542,0.00211,172.31.33.0-255,66,188585,35,204171
30543,0.002126,172.217.194.0-255,5738,194323,35,204171
30544,0.002129,172.31.33.0-255,66,194389,35,204171
30545,0.002168,172.217.194.0-255,4320,198709,35,204171
30546,0.002171,172.31.33.0-255,66,198775,35,204171
30547,0.002205,172.31.33.0-255,66,198841,35,204171
30548,0.00226,172.217.194.0-255,3539,202380,35,204171
30549,0.002265,172.31.33.0-255,66,202446,35,204171
30550,0.002268,172.217.194.0-255,105,202551,35,204171
30551,0.011812,172.31.33.0-255,66,202617,35,204171
30552,0.011844,172.31.33.0-255,105,202722,35,204171
30553,0.014074,172.217.194.0-255,66,202788,35,204171
30554,0.049951,172.31.33.0-255,172,202960,35,204171
30555,0.049979,172.31.33.0-255,1079,204039,35,204171
30556,0.051485,104.244.42.0-255,66,204105,35,204171
30557,0.051516,104.244.42.0-255,66,204171,35,204171
30558,0.0,74.125.24.0-255,146,146,35,219747
30559,3.5e-05,172.31.33.0-255,66,212,35,219747
30560,4.1e-05,74.125.24.0-255,1484,1696,35,219747
30561,4.5e-05,172.31.33.0-255,66,1762,35,219747
30562,5.7e-05,74.125.24.0-255,2902,4664,35,219747
30563,6e-05,172.31.33.0-255,66,4730,35,219747
30564,6.9e-05,74.125.24.0-255,7156,11886,35,219747
30565,7.3e-05,172.31.33.0-255,66,11952,35,219747
30566,7.7e-05,74.125.24.0-255,2058,14010,35,219747
30567,8e-05,172.31.33.0-255,66,14076,35,219747
30568,0.000111,74.125.24.0-255,2902,16978,35,219747
30569,0.000115,172.31.33.0-255,66,17044,35,219747
30570,0.00012,74.125.24.0-255,2902,19946,35,219747
30571,0.000123,172.31.33.0-255,66,20012,35,219747
30572,0.000141,74.125.24.0-255,4320,24332,35,219747
30573,0.000145,172.31.33.0-255,66,24398,35,219747
30574,0.000156,74.125.24.0-255,6797,31195,35,219747
30575,0.00016,172.31.33.0-255,66,31261,35,219747
30576,0.000231,74.125.24.0-255,1484,32745,35,219747
30577,0.000234,172.31.33.0-255,66,32811,35,219747
30578,0.000263,74.125.24.0-255,2902,35713,35,219747
30579,0.000267,172.31.33.0-255,66,35779,35,219747
30580,0.000273,74.125.24.0-255,5738,41517,35,219747
30581,0.000276,172.31.33.0-255,66,41583,35,219747
30582,0.000322,172.31.33.0-255,66,41649,35,219747
30583,0.000334,172.31.33.0-255,66,41715,35,219747
30584,0.000363,74.125.24.0-255,1419,43134,35,219747
30585,0.000367,172.31.33.0-255,66,43200,35,219747
30586,0.000532,74.125.24.0-255,383,43583,35,219747
30587,0.000537,172.31.33.0-255,66,43649,35,219747
30588,0.00061,74.125.24.0-255,1484,45133,35,219747
30589,0.000614,172.31.33.0-255,66,45199,35,219747
30590,0.00062,74.125.24.0-255,2902,48101,35,219747
30591,0.000623,172.31.33.0-255,66,48167,35,219747
30592,0.000627,74.125.24.0-255,2902,51069,35,219747
30593,0.000634,172.31.33.0-255,66,51135,35,219747
30594,0.000661,74.125.24.0-255,2902,54037,35,219747
30595,0.000666,172.31.33.0-255,66,54103,35,219747
30596,0.000667,74.125.24.0-255,6797,60900,35,219747
30597,0.000671,172.31.33.0-255,66,60966,35,219747
30598,0.000706,74.125.24.0-255,7156,68122,35,219747
30599,0.00071,172.31.33.0-255,66,68188,35,219747
30600,0.000716,74.125.24.0-255,5738,73926,35,219747
30601,0.000718,172.31.33.0-255,66,73992,35,219747
30602,0.000751,74.125.24.0-255,3961,77953,35,219747
30603,0.000754,172.31.33.0-255,66,78019,35,219747
30604,0.001175,74.125.24.0-255,1484,79503,35,219747
30605,0.001181,172.31.33.0-255,66,79569,35,219747
30606,0.001191,74.125.24.0-255,2902,82471,35,219747
30607,0.001194,172.31.33.0-255,66,82537,35,219747
30608,0.001207,74.125.24.0-255,5738,88275,35,219747
30609,0.001211,172.31.33.0-255,66,88341,35,219747
30610,0.001221,172.31.33.0-255,66,88407,35,219747
30611,0.001229,74.125.24.0-255,7156,95563,35,219747
30612,0.001231,172.31.33.0-255,66,95629,35,219747
30613,0.001259,74.125.24.0-255,2902,98531,35,219747
30614,0.001263,172.31.33.0-255,66,98597,35,219747
30615,0.001269,74.125.24.0-255,5020,103617,35,219747
30616,0.001272,172.31.33.0-255,66,103683,35,219747
30617,0.001522,74.125.24.0-255,1484,105167,35,219747
30618,0.00153,74.125.24.0-255,2902,108069,35,219747
30619,0.001534,172.31.33.0-255,66,108135,35,219747
30620,0.001578,74.125.24.0-255,1484,109619,35,219747
30621,0.001597,74.125.24.0-255,4320,113939,35,219747
30622,0.001601,172.31.33.0-255,66,114005,35,219747
30623,0.001619,172.31.33.0-255,66,114071,35,219747
30624,0.001632,172.31.33.0-255,66,114137,35,219747
30625,0.001666,74.125.24.0-255,5020,119157,35,219747
30626,0.001671,172.31.33.0-255,66,119223,35,219747
30627,0.001678,74.125.24.0-255,5738,124961,35,219747
30628,0.001681,172.31.33.0-255,66,125027,35,219747
30629,0.001685,74.125.24.0-255,2902,127929,35,219747
30630,0.001687,172.31.33.0-255,66,127995,35,219747
30631,0.001726,172.31.33.0-255,66,128061,35,219747
30632,0.001737,172.31.33.0-255,66,128127,35,219747
30633,0.001762,74.125.24.0-255,1484,129611,35,219747
30634,0.001779,74.125.24.0-255,2902,132513,35,219747
30635,0.001781,172.31.33.0-255,66,132579,35,219747
30636,0.001784,74.125.24.0-255,1484,134063,35,219747
30637,0.001804,74.125.24.0-255,4320,138383,35,219747
30638,0.001807,172.31.33.0-255,66,138449,35,219747
30639,0.001834,172.31.33.0-255,66,138515,35,219747
30640,0.00186,74.125.24.0-255,4320,142835,35,219747
30641,0.001863,172.31.33.0-255,66,142901,35,219747
30642,0.001873,172.31.33.0-255,66,142967,35,219747
30643,0.001883,74.125.24.0-255,5020,147987,35,219747
30644,0.001885,172.31.33.0-255,66,148053,35,219747
30645,0.00189,74.125.24.0-255,5738,153791,35,219747
30646,0.001893,172.31.33.0-255,66,153857,35,219747
30647,0.001906,172.31.33.0-255,66,153923,35,219747
30648,0.001929,74.125.24.0-255,4320,158243,35,219747
30649,0.001932,172.31.33.0-255,66,158309,35,219747
30650,0.001942,172.31.33.0-255,66,158375,35,219747
30651,0.00198,172.31.33.0-255,66,158441,35,219747
30652,0.001992,172.31.33.0-255,66,158507,35,219747
30653,0.001998,74.125.24.0-255,7156,165663,35,219747
30654,0.002,172.31.33.0-255,66,165729,35,219747
30655,0.002024,74.125.24.0-255,2184,167913,35,219747
30656,0.002027,172.31.33.0-255,66,167979,35,219747
30657,0.002033,74.125.24.0-255,7156,175135,35,219747
30658,0.002035,172.31.33.0-255,66,175201,35,219747
30659,0.002042,74.125.24.0-255,7156,182357,35,219747
30660,0.002044,172.31.33.0-255,66,182423,35,219747
30661,0.002046,74.125.24.0-255,1484,183907,35,219747
30662,0.002113,74.125.24.0-255,4320,188227,35,219747
30663,0.002116,172.31.33.0-255,66,188293,35,219747
30664,0.002148,172.31.33.0-255,66,188359,35,219747
30665,0.002152,74.125.24.0-255,2902,191261,35,219747
30666,0.002153,172.31.33.0-255,66,191327,35,219747
30667,0.002156,74.125.24.0-255,1484,192811,35,219747
30668,0.002169,172.31.33.0-255,66,192877,35,219747
30669,0.002187,74.125.24.0-255,1484,194361,35,219747
30670,0.002227,172.31.33.0-255,66,194427,35,219747
30671,0.002425,74.125.24.0-255,1484,195911,35,219747
30672,0.002439,74.125.24.0-255,2902,198813,35,219747
30673,0.002442,172.31.33.0-255,66,198879,35,219747
30674,0.002446,74.125.24.0-255,2902,201781,35,219747
30675,0.002448,172.31.33.0-255,66,201847,35,219747
30676,0.002467,74.125.24.0-255,2902,204749,35,219747
30677,0.002473,74.125.24.0-255,1484,206233,35,219747
30678,0.002502,74.125.24.0-255,2902,209135,35,219747
30679,0.002506,74.125.24.0-255,4052,213187,35,219747
30680,0.002562,74.125.24.0-255,105,213292,35,219747
30681,0.004336,172.31.33.0-255,66,213358,35,219747
30682,0.006421,172.31.33.0-255,105,213463,35,219747
30683,0.008377,74.125.24.0-255,66,213529,35,219747
30684,0.034901,172.31.33.0-255,172,213701,35,219747
30685,0.03493,172.31.33.0-255,1108,214809,35,219747
30686,0.034988,172.31.33.0-255,1514,216323,35,219747
30687,0.035009,172.31.33.0-255,1514,217837,35,219747
30688,0.035013,172.31.33.0-255,1514,219351,35,219747
30689,0.035028,172.31.33.0-255,132,219483,35,219747
30690,0.036394,104.244.42.0-255,66,219549,35,219747
30691,0.036421,104.244.42.0-255,66,219615,35,219747
30692,0.03654,104.244.42.0-255,66,219681,35,219747
30693,0.036542,104.244.42.0-255,66,219747,35,219747
30694,0.0,172.31.33.0-255,105,105,35,276
30695,0.00181,157.240.7.0-255,105,210,35,276
30696,0.001818,172.31.33.0-255,66,276,35,276
