,TIME,SRC,PACKET_SIZE,CUMULATIVE_PACKET_SIZE,PAGE_NUMBER,TOTAL_PACKET_SIZE
0,0.0,172.217.194.0-255,153,153,23,173239
1,2.9e-05,172.31.33.0-255,66,219,23,173239
2,3.5e-05,172.217.194.0-255,1484,1703,23,173239
3,3.9e-05,172.31.33.0-255,66,1769,23,173239
4,4.3e-05,172.217.194.0-255,2902,4671,23,173239
5,5.2e-05,172.31.33.0-255,66,4737,23,173239
6,5.6e-05,172.217.194.0-255,2902,7639,23,173239
7,5.9e-05,172.31.33.0-255,66,7705,23,173239
8,8e-05,172.217.194.0-255,2902,10607,23,173239
9,8.3e-05,172.31.33.0-255,66,10673,23,173239
10,9.7e-05,172.217.194.0-255,3438,14111,23,173239
11,0.000103,172.31.33.0-255,66,14177,23,173239
12,0.000181,172.217.194.0-255,1484,15661,23,173239
13,0.000185,172.31.33.0-255,66,15727,23,173239
14,0.000189,172.217.194.0-255,2902,18629,23,173239
15,0.000191,172.31.33.0-255,66,18695,23,173239
16,0.000194,172.217.194.0-255,1484,20179,23,173239
17,0.000195,172.31.33.0-255,66,20245,23,173239
18,0.000227,172.217.194.0-255,4320,24565,23,173239
19,0.00023,172.31.33.0-255,66,24631,23,173239
20,0.000249,172.217.194.0-255,7156,31787,23,173239
21,0.000251,172.31.33.0-255,66,31853,23,173239
22,0.000274,172.217.194.0-255,6797,38650,23,173239
23,0.000277,172.31.33.0-255,66,38716,23,173239
24,0.000288,172.31.33.0-255,66,38782,23,173239
25,0.000323,172.217.194.0-255,4320,43102,23,173239
26,0.000326,172.31.33.0-255,66,43168,23,173239
27,0.000358,172.31.33.0-255,66,43234,23,173239
28,0.000361,172.217.194.0-255,98,43332,23,173239
29,0.000363,172.31.33.0-255,66,43398,23,173239
30,0.000387,172.217.194.0-255,1484,44882,23,173239
31,0.000393,172.217.194.0-255,2902,47784,23,173239
32,0.000396,172.31.33.0-255,66,47850,23,173239
33,0.000401,172.217.194.0-255,2902,50752,23,173239
34,0.000402,172.31.33.0-255,66,50818,23,173239
35,0.000421,172.217.194.0-255,1484,52302,23,173239
36,0.000426,172.217.194.0-255,4320,56622,23,173239
37,0.00043,172.31.33.0-255,66,56688,23,173239
38,0.000455,172.217.194.0-255,7156,63844,23,173239
39,0.000458,172.31.33.0-255,66,63910,23,173239
40,0.000485,172.217.194.0-255,7156,71066,23,173239
41,0.000488,172.31.33.0-255,66,71132,23,173239
42,0.000523,172.217.194.0-255,6737,77869,23,173239
43,0.000526,172.31.33.0-255,66,77935,23,173239
44,0.000798,172.217.194.0-255,1484,79419,23,173239
45,0.000803,172.217.194.0-255,2902,82321,23,173239
46,0.000805,172.31.33.0-255,66,82387,23,173239
47,0.000811,172.217.194.0-255,4320,86707,23,173239
48,0.000813,172.31.33.0-255,66,86773,23,173239
49,0.000816,172.217.194.0-255,1484,88257,23,173239
50,0.00084,172.217.194.0-255,7156,95413,23,173239
51,0.000843,172.31.33.0-255,66,95479,23,173239
52,0.000873,172.31.33.0-255,66,95545,23,173239
53,0.000904,172.217.194.0-255,5738,101283,23,173239
54,0.000907,172.31.33.0-255,66,101349,23,173239
55,0.000909,172.217.194.0-255,766,102115,23,173239
56,0.001111,172.31.33.0-255,66,102181,23,173239
57,0.001421,172.217.194.0-255,1484,103665,23,173239
58,0.00143,172.217.194.0-255,2902,106567,23,173239
59,0.001433,172.31.33.0-255,66,106633,23,173239
60,0.001438,172.217.194.0-255,2902,109535,23,173239
61,0.001439,172.31.33.0-255,66,109601,23,173239
62,0.001457,172.217.194.0-255,2902,112503,23,173239
63,0.001463,172.31.33.0-255,66,112569,23,173239
64,0.001502,172.31.33.0-255,66,112635,23,173239
65,0.001513,172.31.33.0-255,66,112701,23,173239
66,0.001516,172.217.194.0-255,2184,114885,23,173239
67,0.001518,172.31.33.0-255,66,114951,23,173239
68,0.001559,172.217.194.0-255,1484,116435,23,173239
69,0.001562,172.217.194.0-255,1484,117919,23,173239
70,0.001565,172.31.33.0-255,66,117985,23,173239
71,0.00159,172.217.194.0-255,1484,119469,23,173239
72,0.001596,172.217.194.0-255,5738,125207,23,173239
73,0.001598,172.31.33.0-255,66,125273,23,173239
74,0.001601,172.217.194.0-255,1484,126757,23,173239
75,0.001634,172.31.33.0-255,66,126823,23,173239
76,0.001644,172.31.33.0-255,66,126889,23,173239
77,0.001661,172.217.194.0-255,1484,128373,23,173239
78,0.001682,172.31.33.0-255,66,128439,23,173239
79,0.001721,172.31.33.0-255,66,128505,23,173239
80,0.001729,172.31.33.0-255,66,128571,23,173239
81,0.001788,172.217.194.0-255,1484,130055,23,173239
82,0.001792,172.217.194.0-255,2902,132957,23,173239
83,0.001793,172.31.33.0-255,66,133023,23,173239
84,0.001798,172.217.194.0-255,5738,138761,23,173239
85,0.0018,172.31.33.0-255,66,138827,23,173239
86,0.001815,172.31.33.0-255,66,138893,23,173239
87,0.001824,172.31.33.0-255,66,138959,23,173239
88,0.001826,172.217.194.0-255,766,139725,23,173239
89,0.001889,172.217.194.0-255,1484,141209,23,173239
90,0.00189,172.31.33.0-255,66,141275,23,173239
91,0.001894,172.217.194.0-255,2902,144177,23,173239
92,0.001896,172.31.33.0-255,66,144243,23,173239
93,0.001915,172.217.194.0-255,5738,149981,23,173239
94,0.00192,172.31.33.0-255,66,150047,23,173239
95,0.001944,172.31.33.0-255,66,150113,23,173239
96,0.001965,172.217.194.0-255,2902,153015,23,173239
97,0.001967,172.31.33.0-255,66,153081,23,173239
98,0.001969,172.217.194.0-255,1484,154565,23,173239
99,0.001994,172.31.33.0-255,66,154631,23,173239
100,0.002013,172.217.194.0-255,6438,161069,23,173239
101,0.002015,172.31.33.0-255,66,161135,23,173239
102,0.002025,172.31.33.0-255,66,161201,23,173239
103,0.002052,172.217.194.0-255,2902,164103,23,173239
104,0.002054,172.31.33.0-255,66,164169,23,173239
105,0.00209,172.31.33.0-255,66,164235,23,173239
106,0.00212,172.31.33.0-255,66,164301,23,173239
107,0.002128,172.31.33.0-255,66,164367,23,173239
108,0.002157,172.31.33.0-255,66,164433,23,173239
109,0.002182,172.217.194.0-255,766,165199,23,173239
110,0.002196,172.31.33.0-255,66,165265,23,173239
111,0.002229,172.31.33.0-255,66,165331,23,173239
112,0.002244,172.31.33.0-255,66,165397,23,173239
113,0.002266,172.217.194.0-255,4320,169717,23,173239
114,0.002267,172.31.33.0-255,66,169783,23,173239
115,0.002289,172.217.194.0-255,3114,172897,23,173239
116,0.002291,172.31.33.0-255,66,172963,23,173239
117,0.002293,172.217.194.0-255,105,173068,23,173239
118,0.008196,172.31.33.0-255,66,173134,23,173239
119,0.00822,172.31.33.0-255,105,173239,23,173239
120,0.0,172.31.33.0-255,297,297,23,363
121,0.0015,104.244.42.0-255,66,363,23,363
122,0.0,74.125.130.0-255,153,153,23,183903
123,3e-05,172.31.33.0-255,66,219,23,183903
124,3.7e-05,74.125.130.0-255,1484,1703,23,183903
125,4e-05,172.31.33.0-255,66,1769,23,183903
126,4.5e-05,74.125.130.0-255,2902,4671,23,183903
127,4.7e-05,172.31.33.0-255,66,4737,23,183903
128,7e-05,74.125.130.0-255,2902,7639,23,183903
129,7.2e-05,172.31.33.0-255,66,7705,23,183903
130,7.6e-05,74.125.130.0-255,1484,9189,23,183903
131,7.7e-05,172.31.33.0-255,66,9255,23,183903
132,9.1e-05,74.125.130.0-255,2902,12157,23,183903
133,9.3e-05,172.31.33.0-255,66,12223,23,183903
134,0.000109,74.125.130.0-255,1484,13707,23,183903
135,0.000111,172.31.33.0-255,66,13773,23,183903
136,0.000127,74.125.130.0-255,2067,15840,23,183903
137,0.00013,172.31.33.0-255,66,15906,23,183903
138,0.000134,74.125.130.0-255,4320,20226,23,183903
139,0.000136,172.31.33.0-255,66,20292,23,183903
140,0.000175,74.125.130.0-255,5738,26030,23,183903
141,0.000178,172.31.33.0-255,66,26096,23,183903
142,0.000218,74.125.130.0-255,4320,30416,23,183903
143,0.00022,172.31.33.0-255,66,30482,23,183903
144,0.000236,74.125.130.0-255,1125,31607,23,183903
145,0.000238,172.31.33.0-255,66,31673,23,183903
146,0.000407,74.125.130.0-255,1484,33157,23,183903
147,0.000411,172.31.33.0-255,66,33223,23,183903
148,0.000415,74.125.130.0-255,1484,34707,23,183903
149,0.000417,172.31.33.0-255,66,34773,23,183903
150,0.00043,74.125.130.0-255,1484,36257,23,183903
151,0.000432,172.31.33.0-255,66,36323,23,183903
152,0.000449,74.125.130.0-255,1484,37807,23,183903
153,0.000451,172.31.33.0-255,66,37873,23,183903
154,0.000454,74.125.130.0-255,1484,39357,23,183903
155,0.000475,74.125.130.0-255,4320,43677,23,183903
156,0.000478,172.31.33.0-255,66,43743,23,183903
157,0.000481,74.125.130.0-255,1484,45227,23,183903
158,0.000524,74.125.130.0-255,2902,48129,23,183903
159,0.000528,172.31.33.0-255,66,48195,23,183903
160,0.000545,74.125.130.0-255,6797,54992,23,183903
161,0.000549,172.31.33.0-255,66,55058,23,183903
162,0.000581,74.125.130.0-255,5738,60796,23,183903
163,0.000584,172.31.33.0-255,66,60862,23,183903
164,0.000607,74.125.130.0-255,4320,65182,23,183903
165,0.00061,172.31.33.0-255,66,65248,23,183903
166,0.000613,74.125.130.0-255,1377,66625,23,183903
167,0.000615,74.125.130.0-255,119,66744,23,183903
168,0.000746,172.31.33.0-255,66,66810,23,183903
169,0.000749,74.125.130.0-255,1484,68294,23,183903
170,0.000771,74.125.130.0-255,2902,71196,23,183903
171,0.000774,172.31.33.0-255,66,71262,23,183903
172,0.000803,74.125.130.0-255,4320,75582,23,183903
173,0.000805,172.31.33.0-255,66,75648,23,183903
174,0.000825,74.125.130.0-255,4320,79968,23,183903
175,0.000827,172.31.33.0-255,66,80034,23,183903
176,0.000845,74.125.130.0-255,4320,84354,23,183903
177,0.000848,172.31.33.0-255,66,84420,23,183903
178,0.000869,74.125.130.0-255,2902,87322,23,183903
179,0.000872,172.31.33.0-255,66,87388,23,183903
180,0.000895,74.125.130.0-255,7156,94544,23,183903
181,0.000898,172.31.33.0-255,66,94610,23,183903
182,0.000901,74.125.130.0-255,1484,96094,23,183903
183,0.000933,74.125.130.0-255,2902,98996,23,183903
184,0.000935,172.31.33.0-255,66,99062,23,183903
185,0.000969,74.125.130.0-255,2184,101246,23,183903
186,0.000973,172.31.33.0-255,66,101312,23,183903
187,0.001083,74.125.130.0-255,1484,102796,23,183903
188,0.001099,74.125.130.0-255,2902,105698,23,183903
189,0.001102,172.31.33.0-255,66,105764,23,183903
190,0.001122,74.125.130.0-255,5738,111502,23,183903
191,0.001124,172.31.33.0-255,66,111568,23,183903
192,0.001129,74.125.130.0-255,2902,114470,23,183903
193,0.001131,172.31.33.0-255,66,114536,23,183903
194,0.001155,74.125.130.0-255,4320,118856,23,183903
195,0.001158,172.31.33.0-255,66,118922,23,183903
196,0.001199,74.125.130.0-255,5738,124660,23,183903
197,0.001203,172.31.33.0-255,66,124726,23,183903
198,0.00121,74.125.130.0-255,1484,126210,23,183903
199,0.001228,74.125.130.0-255,5738,131948,23,183903
200,0.001231,172.31.33.0-255,66,132014,23,183903
201,0.001235,74.125.130.0-255,2291,134305,23,183903
202,0.001237,172.31.33.0-255,66,134371,23,183903
203,0.001578,74.125.130.0-255,1484,135855,23,183903
204,0.001601,74.125.130.0-255,2902,138757,23,183903
205,0.001605,172.31.33.0-255,66,138823,23,183903
206,0.001625,74.125.130.0-255,5738,144561,23,183903
207,0.001628,172.31.33.0-255,66,144627,23,183903
208,0.00165,74.125.130.0-255,5738,150365,23,183903
209,0.001653,172.31.33.0-255,66,150431,23,183903
210,0.001675,74.125.130.0-255,7156,157587,23,183903
211,0.001678,172.31.33.0-255,66,157653,23,183903
212,0.001694,74.125.130.0-255,2902,160555,23,183903
213,0.001697,172.31.33.0-255,66,160621,23,183903
214,0.001719,172.31.33.0-255,66,160687,23,183903
215,0.003671,74.125.130.0-255,5738,166425,23,183903
216,0.003677,172.31.33.0-255,66,166491,23,183903
217,0.00563,74.125.130.0-255,5738,172229,23,183903
218,0.005634,172.31.33.0-255,66,172295,23,183903
219,0.007582,74.125.130.0-255,5738,178033,23,183903
220,0.007589,172.31.33.0-255,66,178099,23,183903
221,0.009553,74.125.130.0-255,5738,183837,23,183903
222,0.009563,172.31.33.0-255,66,183903,23,183903
223,0.0,74.125.24.0-255,153,153,23,160624
224,2e-05,172.31.33.0-255,66,219,23,160624
225,2.8e-05,74.125.24.0-255,1484,1703,23,160624
226,3.2e-05,172.31.33.0-255,66,1769,23,160624
227,3.7e-05,74.125.24.0-255,2902,4671,23,160624
228,4e-05,172.31.33.0-255,66,4737,23,160624
229,4.8e-05,74.125.24.0-255,7156,11893,23,160624
230,5.1e-05,172.31.33.0-255,66,11959,23,160624
231,5.5e-05,74.125.24.0-255,2049,14008,23,160624
232,5.8e-05,172.31.33.0-255,66,14074,23,160624
233,0.000248,74.125.24.0-255,1484,15558,23,160624
234,0.000256,172.31.33.0-255,66,15624,23,160624
235,0.000262,74.125.24.0-255,2902,18526,23,160624
236,0.000265,172.31.33.0-255,66,18592,23,160624
237,0.000271,74.125.24.0-255,5738,24330,23,160624
238,0.000273,172.31.33.0-255,66,24396,23,160624
239,0.000313,74.125.24.0-255,2902,27298,23,160624
240,0.000315,172.31.33.0-255,66,27364,23,160624
241,0.00033,74.125.24.0-255,4320,31684,23,160624
242,0.000333,172.31.33.0-255,66,31750,23,160624
243,0.000359,74.125.24.0-255,5379,37129,23,160624
244,0.000361,172.31.33.0-255,66,37195,23,160624
245,0.000374,172.31.33.0-255,66,37261,23,160624
246,0.000428,172.31.33.0-255,66,37327,23,160624
247,0.000446,74.125.24.0-255,2902,40229,23,160624
248,0.000448,172.31.33.0-255,66,40295,23,160624
249,0.000466,74.125.24.0-255,4320,44615,23,160624
250,0.000468,172.31.33.0-255,66,44681,23,160624
251,0.00048,74.125.24.0-255,1125,45806,23,160624
252,0.000482,172.31.33.0-255,66,45872,23,160624
253,0.000502,74.125.24.0-255,646,46518,23,160624
254,0.000628,74.125.24.0-255,1484,48002,23,160624
255,0.000634,74.125.24.0-255,2902,50904,23,160624
256,0.00068,172.31.33.0-255,66,50970,23,160624
257,0.000687,74.125.24.0-255,5738,56708,23,160624
258,0.000691,74.125.24.0-255,4320,61028,23,160624
259,0.000702,74.125.24.0-255,2543,63571,23,160624
260,0.000705,172.31.33.0-255,66,63637,23,160624
261,0.000722,74.125.24.0-255,1484,65121,23,160624
262,0.000729,172.31.33.0-255,66,65187,23,160624
263,0.000756,74.125.24.0-255,1484,66671,23,160624
264,0.000761,74.125.24.0-255,2543,69214,23,160624
265,0.000773,172.31.33.0-255,66,69280,23,160624
266,0.000971,74.125.24.0-255,1484,70764,23,160624
267,0.000976,74.125.24.0-255,2902,73666,23,160624
268,0.000999,74.125.24.0-255,5738,79404,23,160624
269,0.001008,172.31.33.0-255,66,79470,23,160624
270,0.001027,74.125.24.0-255,2902,82372,23,160624
271,0.001031,172.31.33.0-255,66,82438,23,160624
272,0.001044,74.125.24.0-255,5738,88176,23,160624
273,0.001057,74.125.24.0-255,4320,92496,23,160624
274,0.001065,172.31.33.0-255,66,92562,23,160624
275,0.001089,74.125.24.0-255,2902,95464,23,160624
276,0.001094,172.31.33.0-255,66,95530,23,160624
277,0.001119,172.31.33.0-255,66,95596,23,160624
278,0.002153,74.125.24.0-255,1484,97080,23,160624
279,0.00216,74.125.24.0-255,2902,99982,23,160624
280,0.002165,172.31.33.0-255,66,100048,23,160624
281,0.002172,74.125.24.0-255,5738,105786,23,160624
282,0.0022,74.125.24.0-255,2902,108688,23,160624
283,0.002334,74.125.24.0-255,1484,110172,23,160624
284,0.002338,74.125.24.0-255,1484,111656,23,160624
285,0.002359,74.125.24.0-255,2902,114558,23,160624
286,0.002382,74.125.24.0-255,5738,120296,23,160624
287,0.002398,74.125.24.0-255,4320,124616,23,160624
288,0.002412,74.125.24.0-255,7156,131772,23,160624
289,0.002415,74.125.24.0-255,1484,133256,23,160624
290,0.002448,74.125.24.0-255,2184,135440,23,160624
291,0.002472,74.125.24.0-255,1484,136924,23,160624
292,0.002498,74.125.24.0-255,2902,139826,23,160624
293,0.002562,74.125.24.0-255,5020,144846,23,160624
294,0.002631,74.125.24.0-255,5738,150584,23,160624
295,0.002678,74.125.24.0-255,5020,155604,23,160624
296,0.0027,74.125.24.0-255,5020,160624,23,160624
297,0.0,74.125.200.0-255,153,153,23,326115
298,2.8e-05,172.31.33.0-255,66,219,23,326115
299,3.5e-05,74.125.200.0-255,1484,1703,23,326115
300,3.9e-05,172.31.33.0-255,66,1769,23,326115
301,4.2e-05,74.125.200.0-255,1484,3253,23,326115
302,4.3e-05,172.31.33.0-255,66,3319,23,326115
303,5.4e-05,74.125.200.0-255,2902,6221,23,326115
304,5.7e-05,172.31.33.0-255,66,6287,23,326115
305,6.2e-05,74.125.200.0-255,5738,12025,23,326115
306,6.5e-05,172.31.33.0-255,66,12091,23,326115
307,9.5e-05,74.125.200.0-255,6308,18399,23,326115
308,9.7e-05,172.31.33.0-255,66,18465,23,326115
309,0.0001,74.125.200.0-255,1484,19949,23,326115
310,0.000102,172.31.33.0-255,66,20015,23,326115
311,0.000128,74.125.200.0-255,5738,25753,23,326115
312,0.00013,172.31.33.0-255,66,25819,23,326115
313,0.000134,74.125.200.0-255,2902,28721,23,326115
314,0.00014,172.31.33.0-255,66,28787,23,326115
315,0.000166,74.125.200.0-255,2543,31330,23,326115
316,0.000169,172.31.33.0-255,66,31396,23,326115
317,0.000191,74.125.200.0-255,5738,37134,23,326115
318,0.000194,172.31.33.0-255,66,37200,23,326115
319,0.000201,74.125.200.0-255,5738,42938,23,326115
320,0.000203,172.31.33.0-255,66,43004,23,326115
321,0.00023,74.125.200.0-255,1484,44488,23,326115
322,0.000232,172.31.33.0-255,66,44554,23,326115
323,0.000237,74.125.200.0-255,3961,48515,23,326115
324,0.000239,172.31.33.0-255,66,48581,23,326115
325,0.000309,74.125.200.0-255,1484,50065,23,326115
326,0.000312,172.31.33.0-255,66,50131,23,326115
327,0.00034,74.125.200.0-255,2902,53033,23,326115
328,0.000343,172.31.33.0-255,66,53099,23,326115
329,0.000347,74.125.200.0-255,2902,56001,23,326115
330,0.000351,74.125.200.0-255,4320,60321,23,326115
331,0.000351,172.31.33.0-255,66,60387,23,326115
332,0.000355,172.31.33.0-255,66,60453,23,326115
333,0.000386,74.125.200.0-255,2902,63355,23,326115
334,0.000389,172.31.33.0-255,66,63421,23,326115
335,0.000414,74.125.200.0-255,3123,66544,23,326115
336,0.000417,172.31.33.0-255,66,66610,23,326115
337,0.000481,74.125.200.0-255,1484,68094,23,326115
338,0.000501,74.125.200.0-255,2902,70996,23,326115
339,0.000504,172.31.33.0-255,66,71062,23,326115
340,0.000533,74.125.200.0-255,5738,76800,23,326115
341,0.000536,172.31.33.0-255,66,76866,23,326115
342,0.000543,74.125.200.0-255,6797,83663,23,326115
343,0.000544,172.31.33.0-255,66,83729,23,326115
344,0.000573,74.125.200.0-255,7156,90885,23,326115
345,0.000578,172.31.33.0-255,66,90951,23,326115
346,0.000611,172.31.33.0-255,66,91017,23,326115
347,0.001054,74.125.200.0-255,1484,92501,23,326115
348,0.001061,74.125.200.0-255,1484,93985,23,326115
349,0.001065,172.31.33.0-255,66,94051,23,326115
350,0.001095,74.125.200.0-255,1484,95535,23,326115
351,0.001098,74.125.200.0-255,1484,97019,23,326115
352,0.0011,172.31.33.0-255,66,97085,23,326115
353,0.001105,74.125.200.0-255,2902,99987,23,326115
354,0.001107,172.31.33.0-255,66,100053,23,326115
355,0.001112,74.125.200.0-255,2902,102955,23,326115
356,0.001114,172.31.33.0-255,66,103021,23,326115
357,0.001131,74.125.200.0-255,2902,105923,23,326115
358,0.001134,172.31.33.0-255,66,105989,23,326115
359,0.001147,74.125.200.0-255,7156,113145,23,326115
360,0.001149,172.31.33.0-255,66,113211,23,326115
361,0.001189,74.125.200.0-255,1484,114695,23,326115
362,0.001215,74.125.200.0-255,7156,121851,23,326115
363,0.001219,172.31.33.0-255,66,121917,23,326115
364,0.001225,74.125.200.0-255,3602,125519,23,326115
365,0.001227,172.31.33.0-255,66,125585,23,326115
366,0.001255,74.125.200.0-255,1484,127069,23,326115
367,0.001261,74.125.200.0-255,2902,129971,23,326115
368,0.001264,172.31.33.0-255,66,130037,23,326115
369,0.001299,74.125.200.0-255,5738,135775,23,326115
370,0.001303,172.31.33.0-255,66,135841,23,326115
371,0.001309,74.125.200.0-255,4320,140161,23,326115
372,0.00131,172.31.33.0-255,66,140227,23,326115
373,0.001317,74.125.200.0-255,5738,145965,23,326115
374,0.00132,172.31.33.0-255,66,146031,23,326115
375,0.001357,172.31.33.0-255,66,146097,23,326115
376,0.001361,74.125.200.0-255,2184,148281,23,326115
377,0.001364,172.31.33.0-255,66,148347,23,326115
378,0.001418,74.125.200.0-255,1484,149831,23,326115
379,0.001435,74.125.200.0-255,2902,152733,23,326115
380,0.001438,172.31.33.0-255,66,152799,23,326115
381,0.001442,74.125.200.0-255,1484,154283,23,326115
382,0.001467,74.125.200.0-255,2902,157185,23,326115
383,0.001471,172.31.33.0-255,66,157251,23,326115
384,0.001477,74.125.200.0-255,5738,162989,23,326115
385,0.00148,172.31.33.0-255,66,163055,23,326115
386,0.001515,172.31.33.0-255,66,163121,23,326115
387,0.00154,74.125.200.0-255,1484,164605,23,326115
388,0.001547,74.125.200.0-255,4320,168925,23,326115
389,0.001549,172.31.33.0-255,66,168991,23,326115
390,0.001583,74.125.200.0-255,3602,172593,23,326115
391,0.001587,172.31.33.0-255,66,172659,23,326115
392,0.0016,172.31.33.0-255,66,172725,23,326115
393,0.001613,172.31.33.0-255,66,172791,23,326115
394,0.001674,172.31.33.0-255,66,172857,23,326115
395,0.001695,74.125.200.0-255,1484,174341,23,326115
396,0.001706,74.125.200.0-255,1484,175825,23,326115
397,0.001708,172.31.33.0-255,66,175891,23,326115
398,0.001732,74.125.200.0-255,4320,180211,23,326115
399,0.001735,172.31.33.0-255,66,180277,23,326115
400,0.001739,74.125.200.0-255,4320,184597,23,326115
401,0.001741,172.31.33.0-255,66,184663,23,326115
402,0.001777,74.125.200.0-255,4320,188983,23,326115
403,0.00178,172.31.33.0-255,66,189049,23,326115
404,0.001786,74.125.200.0-255,5738,194787,23,326115
405,0.001788,172.31.33.0-255,66,194853,23,326115
406,0.001795,74.125.200.0-255,7156,202009,23,326115
407,0.001797,172.31.33.0-255,66,202075,23,326115
408,0.001802,74.125.200.0-255,5020,207095,23,326115
409,0.001804,172.31.33.0-255,66,207161,23,326115
410,0.001937,74.125.200.0-255,1484,208645,23,326115
411,0.001952,74.125.200.0-255,2902,211547,23,326115
412,0.001954,172.31.33.0-255,66,211613,23,326115
413,0.001988,74.125.200.0-255,5738,217351,23,326115
414,0.00199,172.31.33.0-255,66,217417,23,326115
415,0.002028,172.31.33.0-255,66,217483,23,326115
416,0.002048,74.125.200.0-255,1484,218967,23,326115
417,0.002064,74.125.200.0-255,5738,224705,23,326115
418,0.002077,74.125.200.0-255,3602,228307,23,326115
419,0.002117,74.125.200.0-255,4320,232627,23,326115
420,0.002133,74.125.200.0-255,7156,239783,23,326115
421,0.002138,74.125.200.0-255,5738,245521,23,326115
422,0.002145,74.125.200.0-255,7156,252677,23,326115
423,0.002147,74.125.200.0-255,1484,254161,23,326115
424,0.002181,74.125.200.0-255,4320,258481,23,326115
425,0.002195,74.125.200.0-255,5738,264219,23,326115
426,0.002201,74.125.200.0-255,5738,269957,23,326115
427,0.002221,74.125.200.0-255,7156,277113,23,326115
428,0.002251,74.125.200.0-255,1484,278597,23,326115
429,0.002311,74.125.200.0-255,1484,280081,23,326115
430,0.002326,74.125.200.0-255,2902,282983,23,326115
431,0.002337,74.125.200.0-255,1484,284467,23,326115
432,0.002351,74.125.200.0-255,4320,288787,23,326115
433,0.002362,74.125.200.0-255,2902,291689,23,326115
434,0.002379,74.125.200.0-255,1484,293173,23,326115
435,0.002394,74.125.200.0-255,2902,296075,23,326115
436,0.002408,74.125.200.0-255,5738,301813,23,326115
437,0.002414,74.125.200.0-255,5738,307551,23,326115
438,0.002433,74.125.200.0-255,5020,312571,23,326115
439,0.002453,74.125.200.0-255,1484,314055,23,326115
440,0.002462,74.125.200.0-255,1484,315539,23,326115
441,0.002485,74.125.200.0-255,2902,318441,23,326115
442,0.002504,74.125.200.0-255,1484,319925,23,326115
443,0.002506,74.125.200.0-255,1484,321409,23,326115
444,0.002508,74.125.200.0-255,1484,322893,23,326115
445,0.002527,74.125.200.0-255,1484,324377,23,326115
446,0.002542,74.125.200.0-255,1462,325839,23,326115
447,0.002562,74.125.200.0-255,105,325944,23,326115
448,0.006783,172.31.33.0-255,66,326010,23,326115
449,0.009233,172.31.33.0-255,105,326115,23,326115
450,0.0,74.125.24.0-255,297,297,23,316041
451,2.6e-05,172.31.33.0-255,66,363,23,316041
452,3.2e-05,74.125.24.0-255,1484,1847,23,316041
453,3.6e-05,172.31.33.0-255,66,1913,23,316041
454,4.2e-05,74.125.24.0-255,4320,6233,23,316041
455,4.5e-05,172.31.33.0-255,66,6299,23,316041
456,4.8e-05,74.125.24.0-255,1484,7783,23,316041
457,5e-05,172.31.33.0-255,66,7849,23,316041
458,8.4e-05,172.31.33.0-255,66,7915,23,316041
459,8.9e-05,74.125.24.0-255,2902,10817,23,316041
460,9.2e-05,172.31.33.0-255,66,10883,23,316041
461,0.000126,172.31.33.0-255,66,10949,23,316041
462,0.000296,74.125.24.0-255,1484,12433,23,316041
463,0.0003,172.31.33.0-255,66,12499,23,316041
464,0.000306,74.125.24.0-255,2902,15401,23,316041
465,0.000309,172.31.33.0-255,66,15467,23,316041
466,0.000315,74.125.24.0-255,5738,21205,23,316041
467,0.000318,172.31.33.0-255,66,21271,23,316041
468,0.000355,74.125.24.0-255,5738,27009,23,316041
469,0.000358,172.31.33.0-255,66,27075,23,316041
470,0.000376,74.125.24.0-255,3961,31036,23,316041
471,0.000379,172.31.33.0-255,66,31102,23,316041
472,0.000414,74.125.24.0-255,7156,38258,23,316041
473,0.000418,172.31.33.0-255,66,38324,23,316041
474,0.00044,74.125.24.0-255,7106,45430,23,316041
475,0.000444,172.31.33.0-255,66,45496,23,316041
476,0.000455,74.125.24.0-255,345,45841,23,316041
477,0.000458,172.31.33.0-255,66,45907,23,316041
478,0.000761,74.125.24.0-255,1484,47391,23,316041
479,0.000766,172.31.33.0-255,66,47457,23,316041
480,0.00077,74.125.24.0-255,1484,48941,23,316041
481,0.000784,74.125.24.0-255,1484,50425,23,316041
482,0.000791,74.125.24.0-255,5738,56163,23,316041
483,0.000797,172.31.33.0-255,66,56229,23,316041
484,0.000819,74.125.24.0-255,7156,63385,23,316041
485,0.000824,172.31.33.0-255,66,63451,23,316041
486,0.000839,74.125.24.0-255,5738,69189,23,316041
487,0.000848,172.31.33.0-255,66,69255,23,316041
488,0.000869,74.125.24.0-255,5738,74993,23,316041
489,0.000877,172.31.33.0-255,66,75059,23,316041
490,0.000886,74.125.24.0-255,5020,80079,23,316041
491,0.000892,172.31.33.0-255,66,80145,23,316041
492,0.001652,74.125.24.0-255,1484,81629,23,316041
493,0.001663,74.125.24.0-255,2902,84531,23,316041
494,0.001668,172.31.33.0-255,66,84597,23,316041
495,0.001677,74.125.24.0-255,5738,90335,23,316041
496,0.001691,74.125.24.0-255,1484,91819,23,316041
497,0.001884,74.125.24.0-255,1484,93303,23,316041
498,0.00189,74.125.24.0-255,1484,94787,23,316041
499,0.001902,74.125.24.0-255,1484,96271,23,316041
500,0.001905,74.125.24.0-255,1484,97755,23,316041
501,0.00193,74.125.24.0-255,4320,102075,23,316041
502,0.001941,74.125.24.0-255,7156,109231,23,316041
503,0.001954,74.125.24.0-255,1484,110715,23,316041
504,0.002028,74.125.24.0-255,6438,117153,23,316041
505,0.002533,74.125.24.0-255,1484,118637,23,316041
506,0.00255,74.125.24.0-255,2902,121539,23,316041
507,0.002564,74.125.24.0-255,4320,125859,23,316041
508,0.002593,74.125.24.0-255,1484,127343,23,316041
509,0.002598,74.125.24.0-255,2902,130245,23,316041
510,0.002601,74.125.24.0-255,1484,131729,23,316041
511,0.002625,74.125.24.0-255,1484,133213,23,316041
512,0.00263,74.125.24.0-255,2902,136115,23,316041
513,0.002632,74.125.24.0-255,1484,137599,23,316041
514,0.00266,74.125.24.0-255,4320,141919,23,316041
515,0.00269,74.125.24.0-255,4320,146239,23,316041
516,0.002695,74.125.24.0-255,4320,150559,23,316041
517,0.002698,74.125.24.0-255,766,151325,23,316041
518,0.003235,172.31.33.0-255,66,151391,23,316041
519,0.003394,74.125.24.0-255,1484,152875,23,316041
520,0.0034,74.125.24.0-255,2902,155777,23,316041
521,0.003412,172.31.33.0-255,66,155843,23,316041
522,0.003413,74.125.24.0-255,2902,158745,23,316041
523,0.003416,172.31.33.0-255,66,158811,23,316041
524,0.003423,74.125.24.0-255,2902,161713,23,316041
525,0.003427,74.125.24.0-255,2902,164615,23,316041
526,0.003429,172.31.33.0-255,66,164681,23,316041
527,0.003434,172.31.33.0-255,66,164747,23,316041
528,0.003458,74.125.24.0-255,4320,169067,23,316041
529,0.003464,172.31.33.0-255,66,169133,23,316041
530,0.003469,172.31.33.0-255,66,169199,23,316041
531,0.00352,74.125.24.0-255,4320,173519,23,316041
532,0.003532,172.31.33.0-255,66,173585,23,316041
533,0.003538,74.125.24.0-255,3602,177187,23,316041
534,0.003545,172.31.33.0-255,66,177253,23,316041
535,0.003981,74.125.24.0-255,1484,178737,23,316041
536,0.003986,74.125.24.0-255,2902,181639,23,316041
537,0.003989,172.31.33.0-255,66,181705,23,316041
538,0.003993,74.125.24.0-255,1484,183189,23,316041
539,0.004013,74.125.24.0-255,4320,187509,23,316041
540,0.004023,74.125.24.0-255,1484,188993,23,316041
541,0.004024,172.31.33.0-255,66,189059,23,316041
542,0.004049,74.125.24.0-255,5738,194797,23,316041
543,0.004055,172.31.33.0-255,66,194863,23,316041
544,0.004069,74.125.24.0-255,5738,200601,23,316041
545,0.004072,74.125.24.0-255,1484,202085,23,316041
546,0.004077,172.31.33.0-255,66,202151,23,316041
547,0.004095,74.125.24.0-255,7156,209307,23,316041
548,0.004106,172.31.33.0-255,66,209373,23,316041
549,0.004107,74.125.24.0-255,2184,211557,23,316041
550,0.004111,172.31.33.0-255,66,211623,23,316041
551,0.005038,74.125.24.0-255,1484,213107,23,316041
552,0.005058,74.125.24.0-255,2902,216009,23,316041
553,0.005061,172.31.33.0-255,66,216075,23,316041
554,0.005066,74.125.24.0-255,2902,218977,23,316041
555,0.005079,74.125.24.0-255,2902,221879,23,316041
556,0.005083,74.125.24.0-255,4320,226199,23,316041
557,0.005097,74.125.24.0-255,5738,231937,23,316041
558,0.005124,74.125.24.0-255,4320,236257,23,316041
559,0.005899,74.125.24.0-255,1484,237741,23,316041
560,0.005912,74.125.24.0-255,2902,240643,23,316041
561,0.005933,74.125.24.0-255,5738,246381,23,316041
562,0.005935,74.125.24.0-255,1484,247865,23,316041
563,0.00595,74.125.24.0-255,2902,250767,23,316041
564,0.005968,74.125.24.0-255,4320,255087,23,316041
565,0.00598,74.125.24.0-255,5738,260825,23,316041
566,0.005998,74.125.24.0-255,1484,262309,23,316041
567,0.006143,74.125.24.0-255,1484,263793,23,316041
568,0.006149,74.125.24.0-255,2902,266695,23,316041
569,0.006167,74.125.24.0-255,4320,271015,23,316041
570,0.006178,74.125.24.0-255,1484,272499,23,316041
571,0.00619,74.125.24.0-255,2902,275401,23,316041
572,0.006248,74.125.24.0-255,4320,279721,23,316041
573,0.006263,74.125.24.0-255,4320,284041,23,316041
574,0.00628,74.125.24.0-255,2184,286225,23,316041
575,0.006325,74.125.24.0-255,2902,289127,23,316041
576,0.00633,74.125.24.0-255,4320,293447,23,316041
577,0.006333,74.125.24.0-255,1484,294931,23,316041
578,0.006366,74.125.24.0-255,7156,302087,23,316041
579,0.006408,74.125.24.0-255,1484,303571,23,316041
580,0.006428,74.125.24.0-255,5738,309309,23,316041
581,0.006443,74.125.24.0-255,6293,315602,23,316041
582,0.006446,74.125.24.0-255,97,315699,23,316041
583,0.006489,74.125.24.0-255,105,315804,23,316041
584,0.006725,172.31.33.0-255,66,315870,23,316041
585,0.007697,172.31.33.0-255,105,315975,23,316041
586,0.009957,74.125.24.0-255,66,316041,23,316041
587,0.0,172.31.33.0-255,105,105,23,276
588,0.001507,157.240.7.0-255,105,210,23,276
589,0.001521,172.31.33.0-255,66,276,23,276
590,0.0,172.31.33.0-255,105,105,23,918
591,4.2e-05,172.31.33.0-255,105,210,23,918
592,0.000247,172.31.33.0-255,90,300,23,918
593,0.000256,172.31.33.0-255,66,366,23,918
594,0.000418,172.31.33.0-255,90,456,23,918
595,0.000424,172.31.33.0-255,66,522,23,918
596,0.002528,172.253.118.0-255,66,588,23,918
597,0.002548,172.253.118.0-255,66,654,23,918
598,0.002564,172.31.33.0-255,66,720,23,918
599,0.002674,74.125.68.0-255,66,786,23,918
600,0.002688,74.125.68.0-255,66,852,23,918
601,0.002699,172.31.33.0-255,66,918,23,918
602,0.0,172.217.194.0-255,143,143,23,181263
603,3.4e-05,172.31.33.0-255,66,209,23,181263
604,4e-05,172.217.194.0-255,1484,1693,23,181263
605,4.4e-05,172.31.33.0-255,66,1759,23,181263
606,5.5e-05,172.217.194.0-255,2902,4661,23,181263
607,5.8e-05,172.31.33.0-255,66,4727,23,181263
608,6.5e-05,172.217.194.0-255,5738,10465,23,181263
609,6.8e-05,172.31.33.0-255,66,10531,23,181263
610,9e-05,172.217.194.0-255,1484,12015,23,181263
611,9.3e-05,172.31.33.0-255,66,12081,23,181263
612,0.000101,172.217.194.0-255,7156,19237,23,181263
613,0.000103,172.31.33.0-255,66,19303,23,181263
614,0.000134,172.217.194.0-255,1984,21287,23,181263
615,0.000137,172.31.33.0-255,66,21353,23,181263
616,0.000149,172.31.33.0-255,66,21419,23,181263
617,0.000201,172.217.194.0-255,1484,22903,23,181263
618,0.000205,172.31.33.0-255,66,22969,23,181263
619,0.000209,172.217.194.0-255,1484,24453,23,181263
620,0.000211,172.31.33.0-255,66,24519,23,181263
621,0.00024,172.217.194.0-255,1484,26003,23,181263
622,0.000248,172.31.33.0-255,66,26069,23,181263
623,0.000254,172.217.194.0-255,5738,31807,23,181263
624,0.000257,172.31.33.0-255,66,31873,23,181263
625,0.000263,172.217.194.0-255,6797,38670,23,181263
626,0.000266,172.31.33.0-255,66,38736,23,181263
627,0.00036,172.217.194.0-255,2902,41638,23,181263
628,0.000364,172.31.33.0-255,66,41704,23,181263
629,0.000407,172.31.33.0-255,66,41770,23,181263
630,0.000677,172.217.194.0-255,1484,43254,23,181263
631,0.000682,172.217.194.0-255,2902,46156,23,181263
632,0.000683,172.31.33.0-255,66,46222,23,181263
633,0.000703,172.31.33.0-255,66,46288,23,181263
634,0.000707,172.217.194.0-255,5738,52026,23,181263
635,0.000717,172.31.33.0-255,66,52092,23,181263
636,0.000755,172.31.33.0-255,66,52158,23,181263
637,0.000784,172.217.194.0-255,2543,54701,23,181263
638,0.0008,172.31.33.0-255,66,54767,23,181263
639,0.000829,172.217.194.0-255,1484,56251,23,181263
640,0.000834,172.217.194.0-255,2902,59153,23,181263
641,0.000842,172.31.33.0-255,66,59219,23,181263
642,0.000888,172.217.194.0-255,5738,64957,23,181263
643,0.000895,172.31.33.0-255,66,65023,23,181263
644,0.00091,172.31.33.0-255,66,65089,23,181263
645,0.000927,172.217.194.0-255,1484,66573,23,181263
646,0.000944,172.31.33.0-255,66,66639,23,181263
647,0.000964,172.217.194.0-255,4320,70959,23,181263
648,0.000967,172.31.33.0-255,66,71025,23,181263
649,0.000973,172.217.194.0-255,5738,76763,23,181263
650,0.000979,172.217.194.0-255,5738,82501,23,181263
651,0.000984,172.31.33.0-255,66,82567,23,181263
652,0.001002,172.217.194.0-255,5738,88305,23,181263
653,0.001011,172.31.33.0-255,66,88371,23,181263
654,0.001015,172.31.33.0-255,66,88437,23,181263
655,0.001054,172.217.194.0-255,2184,90621,23,181263
656,0.001058,172.217.194.0-255,2902,93523,23,181263
657,0.00106,172.31.33.0-255,66,93589,23,181263
658,0.001065,172.31.33.0-255,66,93655,23,181263
659,0.00108,172.217.194.0-255,5738,99393,23,181263
660,0.001095,172.31.33.0-255,66,99459,23,181263
661,0.001101,172.217.194.0-255,1484,100943,23,181263
662,0.001106,172.217.194.0-255,2902,103845,23,181263
663,0.00111,172.31.33.0-255,66,103911,23,181263
664,0.001156,172.31.33.0-255,66,103977,23,181263
665,0.001158,172.217.194.0-255,5738,109715,23,181263
666,0.001171,172.31.33.0-255,66,109781,23,181263
667,0.001179,172.217.194.0-255,4739,114520,23,181263
668,0.001184,172.31.33.0-255,66,114586,23,181263
669,0.001281,172.217.194.0-255,1484,116070,23,181263
670,0.0013,172.217.194.0-255,2902,118972,23,181263
671,0.001307,172.217.194.0-255,5738,124710,23,181263
672,0.001309,172.31.33.0-255,66,124776,23,181263
673,0.001315,172.31.33.0-255,66,124842,23,181263
674,0.001317,172.217.194.0-255,1484,126326,23,181263
675,0.001349,172.31.33.0-255,66,126392,23,181263
676,0.001373,172.217.194.0-255,4320,130712,23,181263
677,0.001376,172.31.33.0-255,66,130778,23,181263
678,0.001413,172.31.33.0-255,66,130844,23,181263
679,0.001423,172.217.194.0-255,1484,132328,23,181263
680,0.001445,172.217.194.0-255,2902,135230,23,181263
681,0.001448,172.31.33.0-255,66,135296,23,181263
682,0.00145,172.217.194.0-255,5738,141034,23,181263
683,0.001452,172.31.33.0-255,66,141100,23,181263
684,0.001501,172.31.33.0-255,66,141166,23,181263
685,0.001522,172.217.194.0-255,1484,142650,23,181263
686,0.001547,172.31.33.0-255,66,142716,23,181263
687,0.001573,172.217.194.0-255,1484,144200,23,181263
688,0.001592,172.217.194.0-255,2902,147102,23,181263
689,0.001599,172.31.33.0-255,66,147168,23,181263
690,0.001627,172.217.194.0-255,5738,152906,23,181263
691,0.001635,172.217.194.0-255,7156,160062,23,181263
692,0.001639,172.31.33.0-255,66,160128,23,181263
693,0.001702,172.217.194.0-255,2184,162312,23,181263
694,0.001702,172.31.33.0-255,66,162378,23,181263
695,0.001712,172.217.194.0-255,1484,163862,23,181263
696,0.001713,172.31.33.0-255,66,163928,23,181263
697,0.001719,172.217.194.0-255,2902,166830,23,181263
698,0.001739,172.31.33.0-255,66,166896,23,181263
699,0.00174,172.217.194.0-255,5738,172634,23,181263
700,0.001742,172.217.194.0-255,1484,174118,23,181263
701,0.001754,172.31.33.0-255,66,174184,23,181263
702,0.001794,172.31.33.0-255,66,174250,23,181263
703,0.001798,172.31.33.0-255,66,174316,23,181263
704,0.00185,172.31.33.0-255,66,174382,23,181263
705,0.001901,172.31.33.0-255,66,174448,23,181263
706,0.001906,172.31.33.0-255,66,174514,23,181263
707,0.001932,172.217.194.0-255,3602,178116,23,181263
708,0.001943,172.31.33.0-255,66,178182,23,181263
709,0.001954,172.31.33.0-255,66,178248,23,181263
710,0.001958,172.31.33.0-255,66,178314,23,181263
711,0.001984,172.217.194.0-255,2607,180921,23,181263
712,0.001987,172.217.194.0-255,105,181026,23,181263
713,0.002001,172.31.33.0-255,66,181092,23,181263
714,0.003393,172.31.33.0-255,105,181197,23,181263
715,0.005903,172.217.194.0-255,66,181263,23,181263
716,0.0,172.31.33.0-255,105,105,23,1377
717,8.1e-05,172.31.33.0-255,105,210,23,1377
718,0.000147,172.31.33.0-255,105,315,23,1377
719,0.00041,172.31.33.0-255,90,405,23,1377
720,0.000421,172.31.33.0-255,66,471,23,1377
721,0.000817,172.31.33.0-255,90,561,23,1377
722,0.000825,172.31.33.0-255,66,627,23,1377
723,0.00104,172.31.33.0-255,90,717,23,1377
724,0.001047,172.31.33.0-255,66,783,23,1377
725,0.002651,74.125.24.0-255,66,849,23,1377
726,0.002682,74.125.24.0-255,66,915,23,1377
727,0.002705,172.31.33.0-255,66,981,23,1377
728,0.003074,172.217.194.0-255,66,1047,23,1377
729,0.003091,172.217.194.0-255,66,1113,23,1377
730,0.003103,172.31.33.0-255,66,1179,23,1377
731,0.003608,172.217.194.0-255,66,1245,23,1377
732,0.003626,172.217.194.0-255,66,1311,23,1377
733,0.00364,172.31.33.0-255,66,1377,23,1377
734,0.0,172.31.33.0-255,105,105,23,918
735,8.6e-05,172.31.33.0-255,105,210,23,918
736,0.000322,172.31.33.0-255,90,300,23,918
737,0.000333,172.31.33.0-255,66,366,23,918
738,0.000556,172.31.33.0-255,90,456,23,918
739,0.000564,172.31.33.0-255,66,522,23,918
740,0.002789,74.125.24.0-255,66,588,23,918
741,0.002821,74.125.24.0-255,66,654,23,918
742,0.002845,172.31.33.0-255,66,720,23,918
743,0.002919,172.217.194.0-255,66,786,23,918
744,0.002938,172.217.194.0-255,66,852,23,918
745,0.002951,172.31.33.0-255,66,918,23,918
746,0.0,74.125.200.0-255,155,155,23,282168
747,2.9e-05,172.31.33.0-255,66,221,23,282168
748,3.6e-05,74.125.200.0-255,1484,1705,23,282168
749,3.9e-05,172.31.33.0-255,66,1771,23,282168
750,4.4e-05,74.125.200.0-255,2902,4673,23,282168
751,5.4e-05,172.31.33.0-255,66,4739,23,282168
752,7.2e-05,74.125.200.0-255,1484,6223,23,282168
753,7.4e-05,172.31.33.0-255,66,6289,23,282168
754,0.000104,74.125.200.0-255,5738,12027,23,282168
755,0.000107,172.31.33.0-255,66,12093,23,282168
756,0.000113,74.125.200.0-255,7156,19249,23,282168
757,0.000115,172.31.33.0-255,66,19315,23,282168
758,0.000146,74.125.200.0-255,654,19969,23,282168
759,0.000148,172.31.33.0-255,66,20035,23,282168
760,0.000153,74.125.200.0-255,4320,24355,23,282168
761,0.000155,172.31.33.0-255,66,24421,23,282168
762,0.000167,74.125.200.0-255,5738,30159,23,282168
763,0.000169,172.31.33.0-255,66,30225,23,282168
764,0.000171,74.125.200.0-255,1125,31350,23,282168
765,0.000175,172.31.33.0-255,66,31416,23,282168
766,0.000261,74.125.200.0-255,1484,32900,23,282168
767,0.000265,172.31.33.0-255,66,32966,23,282168
768,0.000292,74.125.200.0-255,2902,35868,23,282168
769,0.000294,172.31.33.0-255,66,35934,23,282168
770,0.000301,74.125.200.0-255,5738,41672,23,282168
771,0.000303,172.31.33.0-255,66,41738,23,282168
772,0.000331,74.125.200.0-255,6797,48535,23,282168
773,0.000334,172.31.33.0-255,66,48601,23,282168
774,0.000361,74.125.200.0-255,7156,55757,23,282168
775,0.000364,172.31.33.0-255,66,55823,23,282168
776,0.000367,74.125.200.0-255,1484,57307,23,282168
777,0.000368,172.31.33.0-255,66,57373,23,282168
778,0.000397,74.125.200.0-255,7156,64529,23,282168
779,0.000405,172.31.33.0-255,66,64595,23,282168
780,0.000418,74.125.200.0-255,1399,65994,23,282168
781,0.000435,74.125.200.0-255,131,66125,23,282168
782,0.000532,74.125.200.0-255,1484,67609,23,282168
783,0.000535,172.31.33.0-255,66,67675,23,282168
784,0.000541,74.125.200.0-255,2902,70577,23,282168
785,0.000542,172.31.33.0-255,66,70643,23,282168
786,0.000545,74.125.200.0-255,1484,72127,23,282168
787,0.000576,74.125.200.0-255,4320,76447,23,282168
788,0.00058,172.31.33.0-255,66,76513,23,282168
789,0.000597,172.31.33.0-255,66,76579,23,282168
790,0.000626,74.125.200.0-255,5020,81599,23,282168
791,0.000626,172.31.33.0-255,66,81665,23,282168
792,0.000628,172.31.33.0-255,66,81731,23,282168
793,0.000654,74.125.200.0-255,348,82079,23,282168
794,0.000675,74.125.200.0-255,1484,83563,23,282168
795,0.000678,172.31.33.0-255,66,83629,23,282168
796,0.000691,74.125.200.0-255,1484,85113,23,282168
797,0.000713,74.125.200.0-255,2902,88015,23,282168
798,0.000715,172.31.33.0-255,66,88081,23,282168
799,0.000726,172.31.33.0-255,66,88147,23,282168
800,0.000736,74.125.200.0-255,2902,91049,23,282168
801,0.000738,172.31.33.0-255,66,91115,23,282168
802,0.00081,172.31.33.0-255,66,91181,23,282168
803,0.000813,74.125.200.0-255,766,91947,23,282168
804,0.000833,74.125.200.0-255,1484,93431,23,282168
805,0.000835,172.31.33.0-255,66,93497,23,282168
806,0.00084,74.125.200.0-255,2902,96399,23,282168
807,0.000841,172.31.33.0-255,66,96465,23,282168
808,0.000844,74.125.200.0-255,1484,97949,23,282168
809,0.000871,74.125.200.0-255,4320,102269,23,282168
810,0.000873,172.31.33.0-255,66,102335,23,282168
811,0.000884,172.31.33.0-255,66,102401,23,282168
812,0.000911,172.31.33.0-255,66,102467,23,282168
813,0.000933,74.125.200.0-255,1484,103951,23,282168
814,0.000938,74.125.200.0-255,5020,108971,23,282168
815,0.000941,172.31.33.0-255,66,109037,23,282168
816,0.001045,74.125.200.0-255,1484,110521,23,282168
817,0.001049,74.125.200.0-255,1484,112005,23,282168
818,0.001051,172.31.33.0-255,66,112071,23,282168
819,0.001078,74.125.200.0-255,1484,113555,23,282168
820,0.001084,74.125.200.0-255,5738,119293,23,282168
821,0.001086,172.31.33.0-255,66,119359,23,282168
822,0.00109,74.125.200.0-255,2902,122261,23,282168
823,0.001093,172.31.33.0-255,66,122327,23,282168
824,0.001094,74.125.200.0-255,4320,126647,23,282168
825,0.001096,172.31.33.0-255,66,126713,23,282168
826,0.001128,74.125.200.0-255,2902,129615,23,282168
827,0.001128,172.31.33.0-255,66,129681,23,282168
828,0.001135,172.31.33.0-255,66,129747,23,282168
829,0.001165,74.125.200.0-255,5020,134767,23,282168
830,0.001168,172.31.33.0-255,66,134833,23,282168
831,0.001372,74.125.200.0-255,1484,136317,23,282168
832,0.001388,74.125.200.0-255,2902,139219,23,282168
833,0.001393,172.31.33.0-255,66,139285,23,282168
834,0.001427,74.125.200.0-255,5738,145023,23,282168
835,0.001429,172.31.33.0-255,66,145089,23,282168
836,0.001436,74.125.200.0-255,7156,152245,23,282168
837,0.001438,172.31.33.0-255,66,152311,23,282168
838,0.001456,74.125.200.0-255,1484,153795,23,282168
839,0.001464,74.125.200.0-255,7156,160951,23,282168
840,0.001466,172.31.33.0-255,66,161017,23,282168
841,0.001487,74.125.200.0-255,2902,163919,23,282168
842,0.001489,172.31.33.0-255,66,163985,23,282168
843,0.001495,74.125.200.0-255,5020,169005,23,282168
844,0.001497,172.31.33.0-255,66,169071,23,282168
845,0.001551,74.125.200.0-255,1484,170555,23,282168
846,0.00156,74.125.200.0-255,1484,172039,23,282168
847,0.001563,172.31.33.0-255,66,172105,23,282168
848,0.001592,74.125.200.0-255,1484,173589,23,282168
849,0.001597,74.125.200.0-255,2902,176491,23,282168
850,0.0016,74.125.200.0-255,4320,180811,23,282168
851,0.0016,172.31.33.0-255,66,180877,23,282168
852,0.001604,172.31.33.0-255,66,180943,23,282168
853,0.001637,172.31.33.0-255,66,181009,23,282168
854,0.001647,172.31.33.0-255,66,181075,23,282168
855,0.001665,74.125.200.0-255,1484,182559,23,282168
856,0.001692,172.31.33.0-255,66,182625,23,282168
857,0.001696,74.125.200.0-255,4320,186945,23,282168
858,0.001698,172.31.33.0-255,66,187011,23,282168
859,0.001725,74.125.200.0-255,5738,192749,23,282168
860,0.001728,172.31.33.0-255,66,192815,23,282168
861,0.001759,74.125.200.0-255,4320,197135,23,282168
862,0.001762,172.31.33.0-255,66,197201,23,282168
863,0.001768,74.125.200.0-255,5738,202939,23,282168
864,0.00177,172.31.33.0-255,66,203005,23,282168
865,0.001791,74.125.200.0-255,6438,209443,23,282168
866,0.001793,172.31.33.0-255,66,209509,23,282168
867,0.001849,74.125.200.0-255,1484,210993,23,282168
868,0.001873,74.125.200.0-255,2902,213895,23,282168
869,0.001876,172.31.33.0-255,66,213961,23,282168
870,0.001882,74.125.200.0-255,5738,219699,23,282168
871,0.001883,172.31.33.0-255,66,219765,23,282168
872,0.00191,74.125.200.0-255,1484,221249,23,282168
873,0.001915,74.125.200.0-255,2902,224151,23,282168
874,0.001917,172.31.33.0-255,66,224217,23,282168
875,0.00192,74.125.200.0-255,1484,225701,23,282168
876,0.001948,74.125.200.0-255,4320,230021,23,282168
877,0.001952,172.31.33.0-255,66,230087,23,282168
878,0.001956,74.125.200.0-255,2902,232989,23,282168
879,0.001958,172.31.33.0-255,66,233055,23,282168
880,0.001963,74.125.200.0-255,4320,237375,23,282168
881,0.001964,172.31.33.0-255,66,237441,23,282168
882,0.001997,74.125.200.0-255,6438,243879,23,282168
883,0.002,172.31.33.0-255,66,243945,23,282168
884,0.002457,74.125.200.0-255,1484,245429,23,282168
885,0.002465,74.125.200.0-255,2902,248331,23,282168
886,0.00247,172.31.33.0-255,66,248397,23,282168
887,0.002477,74.125.200.0-255,2902,251299,23,282168
888,0.002479,172.31.33.0-255,66,251365,23,282168
889,0.002519,74.125.200.0-255,2902,254267,23,282168
890,0.002522,172.31.33.0-255,66,254333,23,282168
891,0.00253,74.125.200.0-255,5738,260071,23,282168
892,0.002532,172.31.33.0-255,66,260137,23,282168
893,0.002549,74.125.200.0-255,7156,267293,23,282168
894,0.002551,172.31.33.0-255,66,267359,23,282168
895,0.002566,172.31.33.0-255,66,267425,23,282168
896,0.00257,74.125.200.0-255,1484,268909,23,282168
897,0.002593,74.125.200.0-255,1484,270393,23,282168
898,0.002596,172.31.33.0-255,66,270459,23,282168
899,0.005127,74.125.200.0-255,5738,276197,23,282168
900,0.005144,172.31.33.0-255,66,276263,23,282168
901,0.007697,74.125.200.0-255,5738,282001,23,282168
902,0.007705,172.31.33.0-255,66,282067,23,282168
903,0.009727,172.31.33.0-255,101,282168,23,282168
904,0.0,172.217.194.0-255,152,152,23,223012
905,1.9e-05,172.31.33.0-255,66,218,23,223012
906,2.7e-05,172.217.194.0-255,1484,1702,23,223012
907,3.1e-05,172.31.33.0-255,66,1768,23,223012
908,4.3e-05,172.217.194.0-255,2902,4670,23,223012
909,4.6e-05,172.31.33.0-255,66,4736,23,223012
910,5.4e-05,172.217.194.0-255,7156,11892,23,223012
911,5.8e-05,172.31.33.0-255,66,11958,23,223012
912,0.000104,172.31.33.0-255,66,12024,23,223012
913,0.000141,172.217.194.0-255,2902,14926,23,223012
914,0.000144,172.31.33.0-255,66,14992,23,223012
915,0.000173,172.31.33.0-255,66,15058,23,223012
916,0.00044,172.217.194.0-255,1484,16542,23,223012
917,0.000445,172.31.33.0-255,66,16608,23,223012
918,0.000451,172.217.194.0-255,2902,19510,23,223012
919,0.000452,172.31.33.0-255,66,19576,23,223012
920,0.000473,172.217.194.0-255,5738,25314,23,223012
921,0.000479,172.31.33.0-255,66,25380,23,223012
922,0.000502,172.217.194.0-255,4320,29700,23,223012
923,0.000504,172.31.33.0-255,66,29766,23,223012
924,0.000527,172.31.33.0-255,66,29832,23,223012
925,0.000538,172.31.33.0-255,66,29898,23,223012
926,0.000541,172.217.194.0-255,676,30574,23,223012
927,0.000542,172.31.33.0-255,66,30640,23,223012
928,0.001055,172.217.194.0-255,1484,32124,23,223012
929,0.00106,172.31.33.0-255,66,32190,23,223012
930,0.001067,172.217.194.0-255,2902,35092,23,223012
931,0.001069,172.31.33.0-255,66,35158,23,223012
932,0.001079,172.217.194.0-255,5738,40896,23,223012
933,0.001081,172.31.33.0-255,66,40962,23,223012
934,0.001121,172.217.194.0-255,5738,46700,23,223012
935,0.001123,172.31.33.0-255,66,46766,23,223012
936,0.001149,172.217.194.0-255,4320,51086,23,223012
937,0.001151,172.31.33.0-255,66,51152,23,223012
938,0.001166,172.31.33.0-255,66,51218,23,223012
939,0.001169,172.217.194.0-255,2184,53402,23,223012
940,0.001171,172.31.33.0-255,66,53468,23,223012
941,0.001963,172.217.194.0-255,1484,54952,23,223012
942,0.001971,172.217.194.0-255,2902,57854,23,223012
943,0.001974,172.31.33.0-255,66,57920,23,223012
944,0.001981,172.217.194.0-255,4320,62240,23,223012
945,0.001983,172.31.33.0-255,66,62306,23,223012
946,0.002006,172.217.194.0-255,1484,63790,23,223012
947,0.002011,172.217.194.0-255,5738,69528,23,223012
948,0.002013,172.31.33.0-255,66,69594,23,223012
949,0.002041,172.217.194.0-255,7156,76750,23,223012
950,0.002043,172.31.33.0-255,66,76816,23,223012
951,0.002049,172.217.194.0-255,5738,82554,23,223012
952,0.00205,172.31.33.0-255,66,82620,23,223012
953,0.002078,172.217.194.0-255,5020,87640,23,223012
954,0.00208,172.31.33.0-255,66,87706,23,223012
955,0.002557,172.217.194.0-255,1484,89190,23,223012
956,0.00256,172.217.194.0-255,1484,90674,23,223012
957,0.002563,172.31.33.0-255,66,90740,23,223012
958,0.002585,172.217.194.0-255,1484,92224,23,223012
959,0.002591,172.217.194.0-255,5738,97962,23,223012
960,0.002593,172.31.33.0-255,66,98028,23,223012
961,0.002618,172.217.194.0-255,2902,100930,23,223012
962,0.002621,172.31.33.0-255,66,100996,23,223012
963,0.002651,172.31.33.0-255,66,101062,23,223012
964,0.00266,172.31.33.0-255,66,101128,23,223012
965,0.002675,172.217.194.0-255,2184,103312,23,223012
966,0.00268,172.31.33.0-255,66,103378,23,223012
967,0.002707,172.217.194.0-255,1484,104862,23,223012
968,0.002722,172.217.194.0-255,2902,107764,23,223012
969,0.002724,172.31.33.0-255,66,107830,23,223012
970,0.002748,172.217.194.0-255,4320,112150,23,223012
971,0.00275,172.31.33.0-255,66,112216,23,223012
972,0.00278,172.31.33.0-255,66,112282,23,223012
973,0.002809,172.31.33.0-255,66,112348,23,223012
974,0.002832,172.217.194.0-255,6438,118786,23,223012
975,0.002834,172.31.33.0-255,66,118852,23,223012
976,0.002836,172.217.194.0-255,1484,120336,23,223012
977,0.002862,172.217.194.0-255,2902,123238,23,223012
978,0.002865,172.31.33.0-255,66,123304,23,223012
979,0.00287,172.217.194.0-255,5738,129042,23,223012
980,0.002872,172.31.33.0-255,66,129108,23,223012
981,0.002939,172.31.33.0-255,66,129174,23,223012
982,0.002954,172.31.33.0-255,66,129240,23,223012
983,0.002956,172.217.194.0-255,766,130006,23,223012
984,0.003242,172.217.194.0-255,1484,131490,23,223012
985,0.003244,172.31.33.0-255,66,131556,23,223012
986,0.003266,172.217.194.0-255,2902,134458,23,223012
987,0.003267,172.31.33.0-255,66,134524,23,223012
988,0.003271,172.217.194.0-255,1484,136008,23,223012
989,0.003287,172.217.194.0-255,4320,140328,23,223012
990,0.003289,172.31.33.0-255,66,140394,23,223012
991,0.003331,172.31.33.0-255,66,140460,23,223012
992,0.003336,172.217.194.0-255,5738,146198,23,223012
993,0.003338,172.31.33.0-255,66,146264,23,223012
994,0.003373,172.217.194.0-255,5738,152002,23,223012
995,0.003379,172.31.33.0-255,66,152068,23,223012
996,0.003383,172.217.194.0-255,2184,154252,23,223012
997,0.003385,172.31.33.0-255,66,154318,23,223012
998,0.003389,172.217.194.0-255,2902,157220,23,223012
999,0.003392,172.217.194.0-255,1484,158704,23,223012
1000,0.003401,172.31.33.0-255,66,158770,23,223012
1001,0.003417,172.217.194.0-255,2902,161672,23,223012
1002,0.003421,172.31.33.0-255,66,161738,23,223012
1003,0.003424,172.217.194.0-255,2902,164640,23,223012
1004,0.003431,172.31.33.0-255,66,164706,23,223012
1005,0.003437,172.217.194.0-255,4320,169026,23,223012
1006,0.003439,172.31.33.0-255,66,169092,23,223012
1007,0.003472,172.217.194.0-255,2902,171994,23,223012
1008,0.003475,172.31.33.0-255,66,172060,23,223012
1009,0.003479,172.217.194.0-255,4320,176380,23,223012
1010,0.003482,172.31.33.0-255,66,176446,23,223012
1011,0.003484,172.217.194.0-255,1484,177930,23,223012
1012,0.003512,172.217.194.0-255,5738,183668,23,223012
1013,0.003515,172.31.33.0-255,66,183734,23,223012
1014,0.003558,172.217.194.0-255,1484,185218,23,223012
1015,0.003575,172.217.194.0-255,5020,190238,23,223012
1016,0.003578,172.217.194.0-255,1484,191722,23,223012
1017,0.003582,172.31.33.0-255,66,191788,23,223012
1018,0.003603,172.217.194.0-255,5738,197526,23,223012
1019,0.003607,172.31.33.0-255,66,197592,23,223012
1020,0.003648,172.31.33.0-255,66,197658,23,223012
1021,0.003658,172.31.33.0-255,66,197724,23,223012
1022,0.003669,172.217.194.0-255,7156,204880,23,223012
1023,0.003671,172.31.33.0-255,66,204946,23,223012
1024,0.003732,172.31.33.0-255,66,205012,23,223012
1025,0.00375,172.31.33.0-255,66,205078,23,223012
1026,0.003752,172.217.194.0-255,766,205844,23,223012
1027,0.003782,172.31.33.0-255,66,205910,23,223012
1028,0.003807,172.217.194.0-255,4320,210230,23,223012
1029,0.00381,172.31.33.0-255,66,210296,23,223012
1030,0.003844,172.217.194.0-255,2902,213198,23,223012
1031,0.003862,172.217.194.0-255,1484,214682,23,223012
1032,0.003867,172.31.33.0-255,66,214748,23,223012
1033,0.003873,172.217.194.0-255,1484,216232,23,223012
1034,0.003901,172.217.194.0-255,6438,222670,23,223012
1035,0.003955,172.217.194.0-255,105,222775,23,223012
1036,0.003966,172.31.33.0-255,66,222841,23,223012
1037,0.006116,172.31.33.0-255,105,222946,23,223012
1038,0.008409,172.217.194.0-255,66,223012,23,223012
1039,0.0,172.217.194.0-255,156,156,23,222794
1040,2.4e-05,172.31.33.0-255,66,222,23,222794
1041,3.1e-05,172.217.194.0-255,1484,1706,23,222794
1042,3.5e-05,172.31.33.0-255,66,1772,23,222794
1043,4.1e-05,172.217.194.0-255,2902,4674,23,222794
1044,4.4e-05,172.31.33.0-255,66,4740,23,222794
1045,5e-05,172.217.194.0-255,7156,11896,23,222794
1046,5.3e-05,172.31.33.0-255,66,11962,23,222794
1047,8.4e-05,172.217.194.0-255,4320,16282,23,222794
1048,8.7e-05,172.31.33.0-255,66,16348,23,222794
1049,0.000111,172.217.194.0-255,4794,21142,23,222794
1050,0.000114,172.31.33.0-255,66,21208,23,222794
1051,0.000125,172.31.33.0-255,66,21274,23,222794
1052,0.000147,172.217.194.0-255,1484,22758,23,222794
1053,0.000149,172.31.33.0-255,66,22824,23,222794
1054,0.000153,172.217.194.0-255,2902,25726,23,222794
1055,0.000156,172.31.33.0-255,66,25792,23,222794
1056,0.000159,172.217.194.0-255,2902,28694,23,222794
1057,0.000161,172.31.33.0-255,66,28760,23,222794
1058,0.000184,172.217.194.0-255,2902,31662,23,222794
1059,0.000187,172.31.33.0-255,66,31728,23,222794
1060,0.000192,172.217.194.0-255,4320,36048,23,222794
1061,0.000194,172.31.33.0-255,66,36114,23,222794
1062,0.000229,172.217.194.0-255,2543,38657,23,222794
1063,0.000232,172.31.33.0-255,66,38723,23,222794
1064,0.000395,172.217.194.0-255,1484,40207,23,222794
1065,0.000401,172.31.33.0-255,66,40273,23,222794
1066,0.000406,172.217.194.0-255,2902,43175,23,222794
1067,0.000408,172.31.33.0-255,66,43241,23,222794
1068,0.000414,172.217.194.0-255,5738,48979,23,222794
1069,0.000416,172.31.33.0-255,66,49045,23,222794
1070,0.000461,172.217.194.0-255,6797,55842,23,222794
1071,0.000465,172.31.33.0-255,66,55908,23,222794
1072,0.000467,172.217.194.0-255,645,56553,23,222794
1073,0.000798,172.31.33.0-255,66,56619,23,222794
1074,0.001142,172.217.194.0-255,1484,58103,23,222794
1075,0.001179,172.217.194.0-255,2902,61005,23,222794
1076,0.001183,172.31.33.0-255,66,61071,23,222794
1077,0.00119,172.217.194.0-255,5738,66809,23,222794
1078,0.001192,172.31.33.0-255,66,66875,23,222794
1079,0.001198,172.217.194.0-255,7156,74031,23,222794
1080,0.0012,172.31.33.0-255,66,74097,23,222794
1081,0.001212,172.31.33.0-255,66,74163,23,222794
1082,0.00123,172.217.194.0-255,1484,75647,23,222794
1083,0.001234,172.217.194.0-255,2184,77831,23,222794
1084,0.001236,172.31.33.0-255,66,77897,23,222794
1085,0.001609,172.217.194.0-255,1484,79381,23,222794
1086,0.001617,172.217.194.0-255,2902,82283,23,222794
1087,0.001621,172.31.33.0-255,66,82349,23,222794
1088,0.001624,172.217.194.0-255,1484,83833,23,222794
1089,0.00164,172.217.194.0-255,4320,88153,23,222794
1090,0.001642,172.31.33.0-255,66,88219,23,222794
1091,0.001683,172.31.33.0-255,66,88285,23,222794
1092,0.001689,172.217.194.0-255,7156,95441,23,222794
1093,0.001691,172.31.33.0-255,66,95507,23,222794
1094,0.001708,172.217.194.0-255,1484,96991,23,222794
1095,0.001723,172.217.194.0-255,2184,99175,23,222794
1096,0.001724,172.31.33.0-255,66,99241,23,222794
1097,0.001742,172.217.194.0-255,2902,102143,23,222794
1098,0.001744,172.31.33.0-255,66,102209,23,222794
1099,0.001747,172.217.194.0-255,1484,103693,23,222794
1100,0.00176,172.217.194.0-255,2902,106595,23,222794
1101,0.001761,172.31.33.0-255,66,106661,23,222794
1102,0.001774,172.217.194.0-255,2902,109563,23,222794
1103,0.001776,172.31.33.0-255,66,109629,23,222794
1104,0.001782,172.217.194.0-255,5738,115367,23,222794
1105,0.001784,172.31.33.0-255,66,115433,23,222794
1106,0.001814,172.31.33.0-255,66,115499,23,222794
1107,0.00183,172.217.194.0-255,2902,118401,23,222794
1108,0.001832,172.31.33.0-255,66,118467,23,222794
1109,0.001856,172.217.194.0-255,6438,124905,23,222794
1110,0.001858,172.31.33.0-255,66,124971,23,222794
1111,0.00206,172.217.194.0-255,1484,126455,23,222794
1112,0.002075,172.217.194.0-255,2902,129357,23,222794
1113,0.002078,172.31.33.0-255,66,129423,23,222794
1114,0.002098,172.217.194.0-255,5738,135161,23,222794
1115,0.002101,172.31.33.0-255,66,135227,23,222794
1116,0.002117,172.217.194.0-255,4320,139547,23,222794
1117,0.002119,172.31.33.0-255,66,139613,23,222794
1118,0.00214,172.31.33.0-255,66,139679,23,222794
1119,0.002149,172.31.33.0-255,66,139745,23,222794
1120,0.002169,172.217.194.0-255,2184,141929,23,222794
1121,0.002171,172.31.33.0-255,66,141995,23,222794
1122,0.002271,172.217.194.0-255,1484,143479,23,222794
1123,0.002283,172.217.194.0-255,2902,146381,23,222794
1124,0.002286,172.31.33.0-255,66,146447,23,222794
1125,0.002291,172.217.194.0-255,4320,150767,23,222794
1126,0.002293,172.31.33.0-255,66,150833,23,222794
1127,0.002313,172.217.194.0-255,1484,152317,23,222794
1128,0.002319,172.217.194.0-255,5738,158055,23,222794
1129,0.002321,172.31.33.0-255,66,158121,23,222794
1130,0.002343,172.217.194.0-255,7156,165277,23,222794
1131,0.002345,172.31.33.0-255,66,165343,23,222794
1132,0.002356,172.31.33.0-255,66,165409,23,222794
1133,0.002515,172.217.194.0-255,1484,166893,23,222794
1134,0.002528,172.217.194.0-255,2902,169795,23,222794
1135,0.00253,172.31.33.0-255,66,169861,23,222794
1136,0.002571,172.217.194.0-255,4320,174181,23,222794
1137,0.002574,172.31.33.0-255,66,174247,23,222794
1138,0.002576,172.217.194.0-255,1484,175731,23,222794
1139,0.002579,172.217.194.0-255,1484,177215,23,222794
1140,0.002581,172.31.33.0-255,66,177281,23,222794
1141,0.002593,172.217.194.0-255,2902,180183,23,222794
1142,0.002595,172.31.33.0-255,66,180249,23,222794
1143,0.00263,172.31.33.0-255,66,180315,23,222794
1144,0.002643,172.31.33.0-255,66,180381,23,222794
1145,0.002647,172.217.194.0-255,2902,183283,23,222794
1146,0.002649,172.31.33.0-255,66,183349,23,222794
1147,0.002671,172.217.194.0-255,4320,187669,23,222794
1148,0.002673,172.31.33.0-255,66,187735,23,222794
1149,0.002682,172.31.33.0-255,66,187801,23,222794
1150,0.002701,172.31.33.0-255,66,187867,23,222794
1151,0.002721,172.217.194.0-255,2184,190051,23,222794
1152,0.002723,172.31.33.0-255,66,190117,23,222794
1153,0.002729,172.217.194.0-255,5738,195855,23,222794
1154,0.002731,172.31.33.0-255,66,195921,23,222794
1155,0.00276,172.31.33.0-255,66,195987,23,222794
1156,0.002771,172.31.33.0-255,66,196053,23,222794
1157,0.002809,172.217.194.0-255,7156,203209,23,222794
1158,0.002812,172.31.33.0-255,66,203275,23,222794
1159,0.002846,172.31.33.0-255,66,203341,23,222794
1160,0.002849,172.217.194.0-255,1484,204825,23,222794
1161,0.002854,172.217.194.0-255,4320,209145,23,222794
1162,0.002856,172.31.33.0-255,66,209211,23,222794
1163,0.002875,172.217.194.0-255,2184,211395,23,222794
1164,0.002878,172.31.33.0-255,66,211461,23,222794
1165,0.002883,172.217.194.0-255,5738,217199,23,222794
1166,0.002922,172.217.194.0-255,3602,220801,23,222794
1167,0.002945,172.217.194.0-255,1484,222285,23,222794
1168,0.002984,172.217.194.0-255,105,222390,23,222794
1169,0.003195,172.31.33.0-255,66,222456,23,222794
1170,0.003645,172.31.33.0-255,101,222557,23,222794
1171,0.005275,172.31.33.0-255,105,222662,23,222794
1172,0.005962,172.217.194.0-255,66,222728,23,222794
1173,0.007636,172.217.194.0-255,66,222794,23,222794
1174,0.0,172.31.33.0-255,105,105,23,276
1175,0.001941,157.240.7.0-255,105,210,23,276
1176,0.001954,172.31.33.0-255,66,276,23,276
1177,0.0,172.31.33.0-255,105,105,23,918
1178,3e-05,172.31.33.0-255,105,210,23,918
1179,0.00023,172.31.33.0-255,90,300,23,918
1180,0.000241,172.31.33.0-255,66,366,23,918
1181,0.00056,172.31.33.0-255,90,456,23,918
1182,0.000568,172.31.33.0-255,66,522,23,918
1183,0.002388,74.125.68.0-255,66,588,23,918
1184,0.002416,74.125.68.0-255,66,654,23,918
1185,0.002439,172.31.33.0-255,66,720,23,918
1186,0.003269,74.125.24.0-255,66,786,23,918
1187,0.003286,74.125.24.0-255,66,852,23,918
1188,0.003299,172.31.33.0-255,66,918,23,918
1189,0.0,172.31.33.0-255,105,105,23,459
1190,0.000211,172.31.33.0-255,90,195,23,459
1191,0.00022,172.31.33.0-255,66,261,23,459
1192,0.002744,74.125.130.0-255,66,327,23,459
1193,0.002759,74.125.130.0-255,66,393,23,459
1194,0.00277,172.31.33.0-255,66,459,23,459
1195,0.0,172.31.33.0-255,105,105,23,459
1196,0.000145,172.31.33.0-255,90,195,23,459
1197,0.000154,172.31.33.0-255,66,261,23,459
1198,0.002163,74.125.200.0-255,66,327,23,459
1199,0.00219,74.125.200.0-255,66,393,23,459
1200,0.002209,172.31.33.0-255,66,459,23,459
1201,0.0,172.31.33.0-255,105,105,23,276
1202,0.001877,157.240.7.0-255,105,210,23,276
1203,0.001886,172.31.33.0-255,66,276,23,276
1204,0.0,172.217.194.0-255,160,160,23,213204
1205,2.9e-05,172.31.33.0-255,66,226,23,213204
1206,3.5e-05,172.217.194.0-255,1484,1710,23,213204
1207,3.9e-05,172.31.33.0-255,66,1776,23,213204
1208,4.4e-05,172.217.194.0-255,2902,4678,23,213204
1209,5.5e-05,172.31.33.0-255,66,4744,23,213204
1210,8.6e-05,172.217.194.0-255,7156,11900,23,213204
1211,9e-05,172.31.33.0-255,66,11966,23,213204
1212,9.5e-05,172.217.194.0-255,3478,15444,23,213204
1213,9.7e-05,172.31.33.0-255,66,15510,23,213204
1214,0.000144,172.31.33.0-255,66,15576,23,213204
1215,0.000148,172.217.194.0-255,2543,18119,23,213204
1216,0.00015,172.31.33.0-255,66,18185,23,213204
1217,0.000237,172.217.194.0-255,1484,19669,23,213204
1218,0.00024,172.31.33.0-255,66,19735,23,213204
1219,0.000243,172.217.194.0-255,1484,21219,23,213204
1220,0.000246,172.31.33.0-255,66,21285,23,213204
1221,0.000268,172.217.194.0-255,1484,22769,23,213204
1222,0.000272,172.31.33.0-255,66,22835,23,213204
1223,0.000278,172.217.194.0-255,5738,28573,23,213204
1224,0.000281,172.31.33.0-255,66,28639,23,213204
1225,0.000288,172.217.194.0-255,6797,35436,23,213204
1226,0.000292,172.31.33.0-255,66,35502,23,213204
1227,0.000323,172.217.194.0-255,4320,39822,23,213204
1228,0.000328,172.31.33.0-255,66,39888,23,213204
1229,0.000368,172.31.33.0-255,66,39954,23,213204
1230,0.000373,172.217.194.0-255,2543,42497,23,213204
1231,0.000375,172.31.33.0-255,66,42563,23,213204
1232,0.000921,172.217.194.0-255,645,43208,23,213204
1233,0.000927,172.31.33.0-255,66,43274,23,213204
1234,0.001014,172.217.194.0-255,1484,44758,23,213204
1235,0.001022,172.217.194.0-255,2902,47660,23,213204
1236,0.001026,172.31.33.0-255,66,47726,23,213204
1237,0.001032,172.217.194.0-255,5738,53464,23,213204
1238,0.001035,172.31.33.0-255,66,53530,23,213204
1239,0.001079,172.31.33.0-255,66,53596,23,213204
1240,0.00109,172.31.33.0-255,66,53662,23,213204
1241,0.001677,172.217.194.0-255,1484,55146,23,213204
1242,0.001686,172.217.194.0-255,2902,58048,23,213204
1243,0.001689,172.31.33.0-255,66,58114,23,213204
1244,0.001722,172.217.194.0-255,1484,59598,23,213204
1245,0.001741,172.217.194.0-255,4320,63918,23,213204
1246,0.001743,172.31.33.0-255,66,63984,23,213204
1247,0.001754,172.31.33.0-255,66,64050,23,213204
1248,0.001766,172.31.33.0-255,66,64116,23,213204
1249,0.001769,172.217.194.0-255,766,64882,23,213204
1250,0.001825,172.217.194.0-255,1484,66366,23,213204
1251,0.001828,172.31.33.0-255,66,66432,23,213204
1252,0.001831,172.217.194.0-255,1484,67916,23,213204
1253,0.001851,172.217.194.0-255,1484,69400,23,213204
1254,0.001853,172.31.33.0-255,66,69466,23,213204
1255,0.001858,172.217.194.0-255,4320,73786,23,213204
1256,0.001859,172.31.33.0-255,66,73852,23,213204
1257,0.001888,172.217.194.0-255,1484,75336,23,213204
1258,0.001899,172.31.33.0-255,66,75402,23,213204
1259,0.001923,172.217.194.0-255,1484,76886,23,213204
1260,0.001931,172.31.33.0-255,66,76952,23,213204
1261,0.001934,172.217.194.0-255,2184,79136,23,213204
1262,0.001936,172.31.33.0-255,66,79202,23,213204
1263,0.001976,172.217.194.0-255,2902,82104,23,213204
1264,0.00198,172.31.33.0-255,66,82170,23,213204
1265,0.00199,172.217.194.0-255,2902,85072,23,213204
1266,0.001993,172.31.33.0-255,66,85138,23,213204
1267,0.002012,172.217.194.0-255,4320,89458,23,213204
1268,0.002014,172.31.33.0-255,66,89524,23,213204
1269,0.00202,172.217.194.0-255,7156,96680,23,213204
1270,0.002022,172.31.33.0-255,66,96746,23,213204
1271,0.00205,172.217.194.0-255,4320,101066,23,213204
1272,0.002052,172.31.33.0-255,66,101132,23,213204
1273,0.00207,172.31.33.0-255,66,101198,23,213204
1274,0.002163,172.217.194.0-255,1484,102682,23,213204
1275,0.002168,172.217.194.0-255,2902,105584,23,213204
1276,0.002171,172.31.33.0-255,66,105650,23,213204
1277,0.002201,172.217.194.0-255,5738,111388,23,213204
1278,0.002204,172.31.33.0-255,66,111454,23,213204
1279,0.00221,172.217.194.0-255,5738,117192,23,213204
1280,0.002213,172.31.33.0-255,66,117258,23,213204
1281,0.002219,172.217.194.0-255,1484,118742,23,213204
1282,0.002253,172.31.33.0-255,66,118808,23,213204
1283,0.002282,172.217.194.0-255,5020,123828,23,213204
1284,0.002285,172.31.33.0-255,66,123894,23,213204
1285,0.002379,172.217.194.0-255,1484,125378,23,213204
1286,0.002385,172.217.194.0-255,2902,128280,23,213204
1287,0.002388,172.31.33.0-255,66,128346,23,213204
1288,0.002391,172.217.194.0-255,1484,129830,23,213204
1289,0.002421,172.31.33.0-255,66,129896,23,213204
1290,0.00246,172.31.33.0-255,66,129962,23,213204
1291,0.002463,172.217.194.0-255,1484,131446,23,213204
1292,0.002488,172.217.194.0-255,6438,137884,23,213204
1293,0.002491,172.31.33.0-255,66,137950,23,213204
1294,0.002647,172.217.194.0-255,1484,139434,23,213204
1295,0.002653,172.217.194.0-255,2902,142336,23,213204
1296,0.002656,172.31.33.0-255,66,142402,23,213204
1297,0.002663,172.217.194.0-255,5738,148140,23,213204
1298,0.002665,172.31.33.0-255,66,148206,23,213204
1299,0.002668,172.217.194.0-255,1484,149690,23,213204
1300,0.002706,172.31.33.0-255,66,149756,23,213204
1301,0.002709,172.217.194.0-255,1484,151240,23,213204
1302,0.002757,172.31.33.0-255,66,151306,23,213204
1303,0.002784,172.217.194.0-255,6438,157744,23,213204
1304,0.002787,172.31.33.0-255,66,157810,23,213204
1305,0.002797,172.31.33.0-255,66,157876,23,213204
1306,0.002818,172.31.33.0-255,66,157942,23,213204
1307,0.002879,172.217.194.0-255,1484,159426,23,213204
1308,0.002884,172.217.194.0-255,2902,162328,23,213204
1309,0.002887,172.31.33.0-255,66,162394,23,213204
1310,0.002893,172.217.194.0-255,5738,168132,23,213204
1311,0.002895,172.31.33.0-255,66,168198,23,213204
1312,0.002921,172.217.194.0-255,5738,173936,23,213204
1313,0.002923,172.31.33.0-255,66,174002,23,213204
1314,0.002955,172.217.194.0-255,7156,181158,23,213204
1315,0.002958,172.31.33.0-255,66,181224,23,213204
1316,0.002984,172.31.33.0-255,66,181290,23,213204
1317,0.003026,172.217.194.0-255,1484,182774,23,213204
1318,0.00303,172.217.194.0-255,2902,185676,23,213204
1319,0.003033,172.31.33.0-255,66,185742,23,213204
1320,0.00306,172.217.194.0-255,5738,191480,23,213204
1321,0.003062,172.31.33.0-255,66,191546,23,213204
1322,0.003068,172.217.194.0-255,5738,197284,23,213204
1323,0.00307,172.31.33.0-255,66,197350,23,213204
1324,0.0031,172.217.194.0-255,7156,204506,23,213204
1325,0.003103,172.31.33.0-255,66,204572,23,213204
1326,0.003106,172.217.194.0-255,1484,206056,23,213204
1327,0.00314,172.31.33.0-255,66,206122,23,213204
1328,0.003166,172.217.194.0-255,3602,209724,23,213204
1329,0.003171,172.217.194.0-255,3006,212730,23,213204
1330,0.003172,172.217.194.0-255,105,212835,23,213204
1331,0.003177,172.31.33.0-255,66,212901,23,213204
1332,0.00318,172.31.33.0-255,66,212967,23,213204
1333,0.004668,172.31.33.0-255,66,213033,23,213204
1334,0.004697,172.31.33.0-255,105,213138,23,213204
1335,0.006961,172.217.194.0-255,66,213204,23,213204
1336,0.0,172.217.194.0-255,157,157,23,209225
1337,2.3e-05,172.31.33.0-255,66,223,23,209225
1338,3e-05,172.217.194.0-255,1484,1707,23,209225
1339,3.5e-05,172.31.33.0-255,66,1773,23,209225
1340,4e-05,172.217.194.0-255,2902,4675,23,209225
1341,4.3e-05,172.31.33.0-255,66,4741,23,209225
1342,6.8e-05,172.217.194.0-255,2902,7643,23,209225
1343,7.1e-05,172.31.33.0-255,66,7709,23,209225
1344,0.000103,172.217.194.0-255,2902,10611,23,209225
1345,0.000106,172.31.33.0-255,66,10677,23,209225
1346,0.000111,172.217.194.0-255,2902,13579,23,209225
1347,0.000113,172.31.33.0-255,66,13645,23,209225
1348,0.000119,172.217.194.0-255,3515,17160,23,209225
1349,0.000121,172.31.33.0-255,66,17226,23,209225
1350,0.000131,172.31.33.0-255,66,17292,23,209225
1351,0.000136,172.217.194.0-255,4320,21612,23,209225
1352,0.000139,172.31.33.0-255,66,21678,23,209225
1353,0.000171,172.217.194.0-255,1125,22803,23,209225
1354,0.000173,172.31.33.0-255,66,22869,23,209225
1355,0.000255,172.217.194.0-255,1484,24353,23,209225
1356,0.000258,172.31.33.0-255,66,24419,23,209225
1357,0.000263,172.217.194.0-255,2902,27321,23,209225
1358,0.000265,172.31.33.0-255,66,27387,23,209225
1359,0.000269,172.217.194.0-255,2902,30289,23,209225
1360,0.000271,172.31.33.0-255,66,30355,23,209225
1361,0.000292,172.217.194.0-255,2902,33257,23,209225
1362,0.000294,172.31.33.0-255,66,33323,23,209225
1363,0.0003,172.217.194.0-255,5738,39061,23,209225
1364,0.000302,172.31.33.0-255,66,39127,23,209225
1365,0.000348,172.217.194.0-255,7156,46283,23,209225
1366,0.000351,172.31.33.0-255,66,46349,23,209225
1367,0.000374,172.217.194.0-255,5379,51728,23,209225
1368,0.000376,172.31.33.0-255,66,51794,23,209225
1369,0.000379,172.217.194.0-255,1484,53278,23,209225
1370,0.000397,172.217.194.0-255,4261,57539,23,209225
1371,0.000399,172.31.33.0-255,66,57605,23,209225
1372,0.000435,172.217.194.0-255,388,57993,23,209225
1373,0.000504,172.217.194.0-255,1484,59477,23,209225
1374,0.000508,172.31.33.0-255,66,59543,23,209225
1375,0.000513,172.217.194.0-255,2902,62445,23,209225
1376,0.000515,172.31.33.0-255,66,62511,23,209225
1377,0.000546,172.217.194.0-255,5738,68249,23,209225
1378,0.00055,172.31.33.0-255,66,68315,23,209225
1379,0.000556,172.217.194.0-255,5738,74053,23,209225
1380,0.000558,172.31.33.0-255,66,74119,23,209225
1381,0.000569,172.31.33.0-255,66,74185,23,209225
1382,0.000587,172.217.194.0-255,4320,78505,23,209225
1383,0.00059,172.31.33.0-255,66,78571,23,209225
1384,0.000595,172.217.194.0-255,5020,83591,23,209225
1385,0.000598,172.31.33.0-255,66,83657,23,209225
1386,0.000999,172.217.194.0-255,1484,85141,23,209225
1387,0.001006,172.217.194.0-255,2902,88043,23,209225
1388,0.00101,172.31.33.0-255,66,88109,23,209225
1389,0.001014,172.217.194.0-255,1484,89593,23,209225
1390,0.001033,172.217.194.0-255,4320,93913,23,209225
1391,0.001035,172.31.33.0-255,66,93979,23,209225
1392,0.001041,172.217.194.0-255,4320,98299,23,209225
1393,0.001043,172.31.33.0-255,66,98365,23,209225
1394,0.001057,172.217.194.0-255,1484,99849,23,209225
1395,0.001069,172.31.33.0-255,66,99915,23,209225
1396,0.001085,172.217.194.0-255,2902,102817,23,209225
1397,0.001087,172.31.33.0-255,66,102883,23,209225
1398,0.001093,172.217.194.0-255,5020,107903,23,209225
1399,0.001095,172.31.33.0-255,66,107969,23,209225
1400,0.001136,172.217.194.0-255,1484,109453,23,209225
1401,0.00114,172.217.194.0-255,2902,112355,23,209225
1402,0.001143,172.31.33.0-255,66,112421,23,209225
1403,0.001165,172.217.194.0-255,5738,118159,23,209225
1404,0.001167,172.31.33.0-255,66,118225,23,209225
1405,0.001171,172.217.194.0-255,1484,119709,23,209225
1406,0.001199,172.31.33.0-255,66,119775,23,209225
1407,0.001212,172.31.33.0-255,66,119841,23,209225
1408,0.00125,172.217.194.0-255,7156,126997,23,209225
1409,0.001259,172.31.33.0-255,66,127063,23,209225
1410,0.001264,172.217.194.0-255,2902,129965,23,209225
1411,0.001266,172.31.33.0-255,66,130031,23,209225
1412,0.001282,172.217.194.0-255,5738,135769,23,209225
1413,0.001284,172.31.33.0-255,66,135835,23,209225
1414,0.001336,172.31.33.0-255,66,135901,23,209225
1415,0.001357,172.217.194.0-255,5738,141639,23,209225
1416,0.00136,172.31.33.0-255,66,141705,23,209225
1417,0.001362,172.217.194.0-255,766,142471,23,209225
1418,0.001809,172.217.194.0-255,1484,143955,23,209225
1419,0.001814,172.31.33.0-255,66,144021,23,209225
1420,0.00182,172.217.194.0-255,2902,146923,23,209225
1421,0.001822,172.31.33.0-255,66,146989,23,209225
1422,0.001829,172.217.194.0-255,5738,152727,23,209225
1423,0.001831,172.31.33.0-255,66,152793,23,209225
1424,0.00185,172.217.194.0-255,2902,155695,23,209225
1425,0.001852,172.31.33.0-255,66,155761,23,209225
1426,0.001867,172.217.194.0-255,7156,162917,23,209225
1427,0.00187,172.31.33.0-255,66,162983,23,209225
1428,0.001878,172.217.194.0-255,7156,170139,23,209225
1429,0.00188,172.31.33.0-255,66,170205,23,209225
1430,0.001899,172.217.194.0-255,4320,174525,23,209225
1431,0.001902,172.31.33.0-255,66,174591,23,209225
1432,0.001906,172.217.194.0-255,2184,176775,23,209225
1433,0.001908,172.31.33.0-255,66,176841,23,209225
1434,0.001949,172.217.194.0-255,2902,179743,23,209225
1435,0.001952,172.31.33.0-255,66,179809,23,209225
1436,0.001959,172.217.194.0-255,4320,184129,23,209225
1437,0.001961,172.31.33.0-255,66,184195,23,209225
1438,0.001964,172.217.194.0-255,1484,185679,23,209225
1439,0.001994,172.217.194.0-255,7156,192835,23,209225
1440,0.002001,172.31.33.0-255,66,192901,23,209225
1441,0.002022,172.31.33.0-255,66,192967,23,209225
1442,0.002065,172.31.33.0-255,66,193033,23,209225
1443,0.002084,172.31.33.0-255,66,193099,23,209225
1444,0.002098,172.31.33.0-255,66,193165,23,209225
1445,0.004173,172.217.194.0-255,5738,198903,23,209225
1446,0.004191,172.31.33.0-255,66,198969,23,209225
1447,0.006257,172.217.194.0-255,4320,203289,23,209225
1448,0.006261,172.31.33.0-255,66,203355,23,209225
1449,0.006277,172.217.194.0-255,1484,204839,23,209225
1450,0.008355,172.217.194.0-255,4320,209159,23,209225
1451,0.008368,172.31.33.0-255,66,209225,23,209225
1452,0.0,172.217.194.0-255,153,153,23,174244
1453,1.7e-05,172.31.33.0-255,66,219,23,174244
1454,3.8e-05,172.217.194.0-255,1484,1703,23,174244
1455,4.2e-05,172.31.33.0-255,66,1769,23,174244
1456,4.7e-05,172.217.194.0-255,2902,4671,23,174244
1457,5e-05,172.31.33.0-255,66,4737,23,174244
1458,9.3e-05,172.217.194.0-255,4320,9057,23,174244
1459,9.6e-05,172.31.33.0-255,66,9123,23,174244
1460,0.000106,172.31.33.0-255,66,9189,23,174244
1461,0.000146,172.31.33.0-255,66,9255,23,174244
1462,0.000185,172.217.194.0-255,1484,10739,23,174244
1463,0.000187,172.31.33.0-255,66,10805,23,174244
1464,0.000191,172.217.194.0-255,2902,13707,23,174244
1465,0.000193,172.31.33.0-255,66,13773,23,174244
1466,0.000214,172.217.194.0-255,5738,19511,23,174244
1467,0.00022,172.31.33.0-255,66,19577,23,174244
1468,0.000224,172.217.194.0-255,2902,22479,23,174244
1469,0.000226,172.31.33.0-255,66,22545,23,174244
1470,0.000253,172.217.194.0-255,4320,26865,23,174244
1471,0.000255,172.31.33.0-255,66,26931,23,174244
1472,0.000281,172.217.194.0-255,5738,32669,23,174244
1473,0.000283,172.31.33.0-255,66,32735,23,174244
1474,0.000297,172.31.33.0-255,66,32801,23,174244
1475,0.0003,172.217.194.0-255,677,33478,23,174244
1476,0.000302,172.31.33.0-255,66,33544,23,174244
1477,0.000348,172.217.194.0-255,1484,35028,23,174244
1478,0.00035,172.31.33.0-255,66,35094,23,174244
1479,0.000356,172.217.194.0-255,4320,39414,23,174244
1480,0.000358,172.31.33.0-255,66,39480,23,174244
1481,0.000371,172.217.194.0-255,1484,40964,23,174244
1482,0.00041,172.31.33.0-255,66,41030,23,174244
1483,0.000413,172.217.194.0-255,576,41606,23,174244
1484,0.000554,172.217.194.0-255,1484,43090,23,174244
1485,0.000558,172.31.33.0-255,66,43156,23,174244
1486,0.000563,172.217.194.0-255,2902,46058,23,174244
1487,0.000565,172.31.33.0-255,66,46124,23,174244
1488,0.000593,172.217.194.0-255,5738,51862,23,174244
1489,0.000595,172.31.33.0-255,66,51928,23,174244
1490,0.000624,172.217.194.0-255,1484,53412,23,174244
1491,0.000644,172.217.194.0-255,5379,58791,23,174244
1492,0.000647,172.31.33.0-255,66,58857,23,174244
1493,0.001176,172.217.194.0-255,1484,60341,23,174244
1494,0.001181,172.217.194.0-255,2902,63243,23,174244
1495,0.001184,172.31.33.0-255,66,63309,23,174244
1496,0.00119,172.217.194.0-255,4320,67629,23,174244
1497,0.001191,172.31.33.0-255,66,67695,23,174244
1498,0.001215,172.217.194.0-255,7156,74851,23,174244
1499,0.001217,172.31.33.0-255,66,74917,23,174244
1500,0.001238,172.217.194.0-255,1484,76401,23,174244
1501,0.001254,172.217.194.0-255,4320,80721,23,174244
1502,0.001257,172.31.33.0-255,66,80787,23,174244
1503,0.0013,172.31.33.0-255,66,80853,23,174244
1504,0.00149,172.217.194.0-255,1484,82337,23,174244
1505,0.001507,172.217.194.0-255,2902,85239,23,174244
1506,0.00151,172.31.33.0-255,66,85305,23,174244
1507,0.001515,172.217.194.0-255,5738,91043,23,174244
1508,0.001517,172.31.33.0-255,66,91109,23,174244
1509,0.001545,172.31.33.0-255,66,91175,23,174244
1510,0.001548,172.217.194.0-255,1484,92659,23,174244
1511,0.001607,172.217.194.0-255,4320,96979,23,174244
1512,0.00161,172.31.33.0-255,66,97045,23,174244
1513,0.001627,172.217.194.0-255,5020,102065,23,174244
1514,0.001629,172.31.33.0-255,66,102131,23,174244
1515,0.001669,172.217.194.0-255,1484,103615,23,174244
1516,0.001681,172.217.194.0-255,2902,106517,23,174244
1517,0.001683,172.31.33.0-255,66,106583,23,174244
1518,0.001714,172.217.194.0-255,5738,112321,23,174244
1519,0.001716,172.31.33.0-255,66,112387,23,174244
1520,0.001719,172.217.194.0-255,1484,113871,23,174244
1521,0.001741,172.217.194.0-255,7156,121027,23,174244
1522,0.001744,172.31.33.0-255,66,121093,23,174244
1523,0.001768,172.217.194.0-255,5738,126831,23,174244
1524,0.00177,172.31.33.0-255,66,126897,23,174244
1525,0.00178,172.31.33.0-255,66,126963,23,174244
1526,0.001914,172.217.194.0-255,1484,128447,23,174244
1527,0.001925,172.217.194.0-255,1484,129931,23,174244
1528,0.001927,172.31.33.0-255,66,129997,23,174244
1529,0.001952,172.217.194.0-255,1484,131481,23,174244
1530,0.001957,172.217.194.0-255,5738,137219,23,174244
1531,0.001963,172.217.194.0-255,7156,144375,23,174244
1532,0.001968,172.31.33.0-255,66,144441,23,174244
1533,0.00197,172.31.33.0-255,66,144507,23,174244
1534,0.001989,172.217.194.0-255,2902,147409,23,174244
1535,0.001991,172.31.33.0-255,66,147475,23,174244
1536,0.002017,172.217.194.0-255,4320,151795,23,174244
1537,0.002021,172.31.33.0-255,66,151861,23,174244
1538,0.002051,172.31.33.0-255,66,151927,23,174244
1539,0.002074,172.217.194.0-255,1484,153411,23,174244
1540,0.002079,172.217.194.0-255,2902,156313,23,174244
1541,0.00208,172.31.33.0-255,66,156379,23,174244
1542,0.00211,172.217.194.0-255,5738,162117,23,174244
1543,0.002113,172.31.33.0-255,66,162183,23,174244
1544,0.002133,172.31.33.0-255,66,162249,23,174244
1545,0.002193,172.31.33.0-255,66,162315,23,174244
1546,0.002207,172.31.33.0-255,66,162381,23,174244
1547,0.002233,172.217.194.0-255,7156,169537,23,174244
1548,0.002235,172.31.33.0-255,66,169603,23,174244
1549,0.002277,172.31.33.0-255,66,169669,23,174244
1550,0.002287,172.31.33.0-255,66,169735,23,174244
1551,0.002326,172.31.33.0-255,66,169801,23,174244
1552,0.002336,172.31.33.0-255,66,169867,23,174244
1553,0.00238,172.31.33.0-255,66,169933,23,174244
1554,0.002428,172.31.33.0-255,66,169999,23,174244
1555,0.002438,172.31.33.0-255,66,170065,23,174244
1556,0.002492,172.31.33.0-255,66,170131,23,174244
1557,0.002496,172.217.194.0-255,3771,173902,23,174244
1558,0.002498,172.31.33.0-255,66,173968,23,174244
1559,0.0025,172.217.194.0-255,105,174073,23,174244
1560,0.009156,172.31.33.0-255,66,174139,23,174244
1561,0.009189,172.31.33.0-255,105,174244,23,174244
1562,0.0,74.125.24.0-255,153,153,23,289103
1563,2e-05,172.31.33.0-255,66,219,23,289103
1564,2.5e-05,74.125.24.0-255,1484,1703,23,289103
1565,3e-05,172.31.33.0-255,66,1769,23,289103
1566,3.3e-05,74.125.24.0-255,2902,4671,23,289103
1567,3.6e-05,172.31.33.0-255,66,4737,23,289103
1568,6.6e-05,74.125.24.0-255,1484,6221,23,289103
1569,6.8e-05,172.31.33.0-255,66,6287,23,289103
1570,8.4e-05,74.125.24.0-255,5738,12025,23,289103
1571,8.7e-05,172.31.33.0-255,66,12091,23,289103
1572,9e-05,74.125.24.0-255,2902,14993,23,289103
1573,9.1e-05,172.31.33.0-255,66,15059,23,289103
1574,0.000122,172.31.33.0-255,66,15125,23,289103
1575,0.000142,74.125.24.0-255,2543,17668,23,289103
1576,0.000145,172.31.33.0-255,66,17734,23,289103
1577,0.00016,74.125.24.0-255,2902,20636,23,289103
1578,0.000162,172.31.33.0-255,66,20702,23,289103
1579,0.000181,74.125.24.0-255,2902,23604,23,289103
1580,0.000183,172.31.33.0-255,66,23670,23,289103
1581,0.000196,74.125.24.0-255,4320,27990,23,289103
1582,0.000198,172.31.33.0-255,66,28056,23,289103
1583,0.0002,74.125.24.0-255,1484,29540,23,289103
1584,0.000202,172.31.33.0-255,66,29606,23,289103
1585,0.000237,172.31.33.0-255,66,29672,23,289103
1586,0.000261,74.125.24.0-255,1484,31156,23,289103
1587,0.000265,172.31.33.0-255,66,31222,23,289103
1588,0.00027,74.125.24.0-255,1484,32706,23,289103
1589,0.000272,172.31.33.0-255,66,32772,23,289103
1590,0.000296,172.31.33.0-255,66,32838,23,289103
1591,0.000351,74.125.24.0-255,131,32969,23,289103
1592,0.000429,74.125.24.0-255,1484,34453,23,289103
1593,0.000432,172.31.33.0-255,66,34519,23,289103
1594,0.000435,74.125.24.0-255,1484,36003,23,289103
1595,0.000462,74.125.24.0-255,1484,37487,23,289103
1596,0.000465,172.31.33.0-255,66,37553,23,289103
1597,0.000467,74.125.24.0-255,1484,39037,23,289103
1598,0.000484,74.125.24.0-255,2902,41939,23,289103
1599,0.000487,172.31.33.0-255,66,42005,23,289103
1600,0.000509,74.125.24.0-255,5738,47743,23,289103
1601,0.000513,172.31.33.0-255,66,47809,23,289103
1602,0.000514,74.125.24.0-255,7156,54965,23,289103
1603,0.000516,172.31.33.0-255,66,55031,23,289103
1604,0.000542,172.31.33.0-255,66,55097,23,289103
1605,0.000545,74.125.24.0-255,1404,56501,23,289103
1606,0.000929,172.31.33.0-255,66,56567,23,289103
1607,0.000984,74.125.24.0-255,1484,58051,23,289103
1608,0.000994,74.125.24.0-255,2902,60953,23,289103
1609,0.000997,172.31.33.0-255,66,61019,23,289103
1610,0.001001,74.125.24.0-255,1484,62503,23,289103
1611,0.001018,74.125.24.0-255,4320,66823,23,289103
1612,0.00102,172.31.33.0-255,66,66889,23,289103
1613,0.001031,74.125.24.0-255,1484,68373,23,289103
1614,0.001059,172.31.33.0-255,66,68439,23,289103
1615,0.001092,74.125.24.0-255,2902,71341,23,289103
1616,0.001096,172.31.33.0-255,66,71407,23,289103
1617,0.001121,172.31.33.0-255,66,71473,23,289103
1618,0.001409,74.125.24.0-255,1484,72957,23,289103
1619,0.001415,74.125.24.0-255,2902,75859,23,289103
1620,0.001419,172.31.33.0-255,66,75925,23,289103
1621,0.001425,74.125.24.0-255,2902,78827,23,289103
1622,0.001427,172.31.33.0-255,66,78893,23,289103
1623,0.00144,74.125.24.0-255,2902,81795,23,289103
1624,0.001442,172.31.33.0-255,66,81861,23,289103
1625,0.001453,74.125.24.0-255,1484,83345,23,289103
1626,0.001469,74.125.24.0-255,4320,87665,23,289103
1627,0.001472,172.31.33.0-255,66,87731,23,289103
1628,0.001494,74.125.24.0-255,7156,94887,23,289103
1629,0.001496,172.31.33.0-255,66,94953,23,289103
1630,0.0015,74.125.24.0-255,1484,96437,23,289103
1631,0.001522,74.125.24.0-255,2902,99339,23,289103
1632,0.001525,172.31.33.0-255,66,99405,23,289103
1633,0.001547,74.125.24.0-255,6438,105843,23,289103
1634,0.00155,172.31.33.0-255,66,105909,23,289103
1635,0.001597,74.125.24.0-255,1484,107393,23,289103
1636,0.001611,74.125.24.0-255,2902,110295,23,289103
1637,0.001613,172.31.33.0-255,66,110361,23,289103
1638,0.001631,74.125.24.0-255,5738,116099,23,289103
1639,0.001634,172.31.33.0-255,66,116165,23,289103
1640,0.001649,74.125.24.0-255,1484,117649,23,289103
1641,0.001662,74.125.24.0-255,4320,121969,23,289103
1642,0.001664,172.31.33.0-255,66,122035,23,289103
1643,0.001686,74.125.24.0-255,7156,129191,23,289103
1644,0.001688,172.31.33.0-255,66,129257,23,289103
1645,0.001725,74.125.24.0-255,1484,130741,23,289103
1646,0.001745,172.31.33.0-255,66,130807,23,289103
1647,0.001862,74.125.24.0-255,1484,132291,23,289103
1648,0.001874,74.125.24.0-255,1484,133775,23,289103
1649,0.001875,172.31.33.0-255,66,133841,23,289103
1650,0.00189,74.125.24.0-255,1484,135325,23,289103
1651,0.001894,74.125.24.0-255,1484,136809,23,289103
1652,0.001897,172.31.33.0-255,66,136875,23,289103
1653,0.001917,74.125.24.0-255,4320,141195,23,289103
1654,0.001921,172.31.33.0-255,66,141261,23,289103
1655,0.001926,74.125.24.0-255,4320,145581,23,289103
1656,0.001929,172.31.33.0-255,66,145647,23,289103
1657,0.001959,172.31.33.0-255,66,145713,23,289103
1658,0.001964,74.125.24.0-255,5738,151451,23,289103
1659,0.001967,172.31.33.0-255,66,151517,23,289103
1660,0.001971,74.125.24.0-255,2902,154419,23,289103
1661,0.001974,172.31.33.0-255,66,154485,23,289103
1662,0.001991,74.125.24.0-255,2184,156669,23,289103
1663,0.001994,172.31.33.0-255,66,156735,23,289103
1664,0.002165,74.125.24.0-255,1484,158219,23,289103
1665,0.002169,74.125.24.0-255,1484,159703,23,289103
1666,0.002172,172.31.33.0-255,66,159769,23,289103
1667,0.002183,74.125.24.0-255,1484,161253,23,289103
1668,0.002198,74.125.24.0-255,5738,166991,23,289103
1669,0.002202,172.31.33.0-255,66,167057,23,289103
1670,0.002221,74.125.24.0-255,2902,169959,23,289103
1671,0.002224,172.31.33.0-255,66,170025,23,289103
1672,0.002251,74.125.24.0-255,7156,177181,23,289103
1673,0.002254,172.31.33.0-255,66,177247,23,289103
1674,0.002273,74.125.24.0-255,4320,181567,23,289103
1675,0.002276,172.31.33.0-255,66,181633,23,289103
1676,0.002304,172.31.33.0-255,66,181699,23,289103
1677,0.002336,172.31.33.0-255,66,181765,23,289103
1678,0.002366,74.125.24.0-255,7156,188921,23,289103
1679,0.00237,172.31.33.0-255,66,188987,23,289103
1680,0.002383,172.31.33.0-255,66,189053,23,289103
1681,0.002404,74.125.24.0-255,2184,191237,23,289103
1682,0.002407,172.31.33.0-255,66,191303,23,289103
1683,0.002418,74.125.24.0-255,1484,192787,23,289103
1684,0.002432,74.125.24.0-255,2902,195689,23,289103
1685,0.002435,172.31.33.0-255,66,195755,23,289103
1686,0.002441,74.125.24.0-255,4320,200075,23,289103
1687,0.002443,172.31.33.0-255,66,200141,23,289103
1688,0.002454,74.125.24.0-255,1484,201625,23,289103
1689,0.00246,74.125.24.0-255,5738,207363,23,289103
1690,0.002462,172.31.33.0-255,66,207429,23,289103
1691,0.002481,74.125.24.0-255,4320,211749,23,289103
1692,0.002484,172.31.33.0-255,66,211815,23,289103
1693,0.002491,74.125.24.0-255,5738,217553,23,289103
1694,0.002494,172.31.33.0-255,66,217619,23,289103
1695,0.002512,74.125.24.0-255,5738,223357,23,289103
1696,0.002515,172.31.33.0-255,66,223423,23,289103
1697,0.002519,74.125.24.0-255,2184,225607,23,289103
1698,0.002521,172.31.33.0-255,66,225673,23,289103
1699,0.002544,74.125.24.0-255,2902,228575,23,289103
1700,0.002547,172.31.33.0-255,66,228641,23,289103
1701,0.002567,74.125.24.0-255,5738,234379,23,289103
1702,0.00257,172.31.33.0-255,66,234445,23,289103
1703,0.002587,74.125.24.0-255,1484,235929,23,289103
1704,0.002608,74.125.24.0-255,2902,238831,23,289103
1705,0.002611,172.31.33.0-255,66,238897,23,289103
1706,0.00263,74.125.24.0-255,5738,244635,23,289103
1707,0.002633,172.31.33.0-255,66,244701,23,289103
1708,0.002659,74.125.24.0-255,2902,247603,23,289103
1709,0.002662,172.31.33.0-255,66,247669,23,289103
1710,0.002675,172.31.33.0-255,66,247735,23,289103
1711,0.002678,74.125.24.0-255,1484,249219,23,289103
1712,0.002681,74.125.24.0-255,1484,250703,23,289103
1713,0.002684,172.31.33.0-255,66,250769,23,289103
1714,0.002687,74.125.24.0-255,1484,252253,23,289103
1715,0.002738,74.125.24.0-255,5738,257991,23,289103
1716,0.002741,172.31.33.0-255,66,258057,23,289103
1717,0.002761,74.125.24.0-255,5738,263795,23,289103
1718,0.002765,172.31.33.0-255,66,263861,23,289103
1719,0.002778,172.31.33.0-255,66,263927,23,289103
1720,0.002794,74.125.24.0-255,1484,265411,23,289103
1721,0.002799,74.125.24.0-255,5738,271149,23,289103
1722,0.002801,172.31.33.0-255,66,271215,23,289103
1723,0.002804,74.125.24.0-255,2184,273399,23,289103
1724,0.002806,172.31.33.0-255,66,273465,23,289103
1725,0.002834,74.125.24.0-255,1484,274949,23,289103
1726,0.002846,74.125.24.0-255,2902,277851,23,289103
1727,0.002848,172.31.33.0-255,66,277917,23,289103
1728,0.002865,74.125.24.0-255,1484,279401,23,289103
1729,0.002886,74.125.24.0-255,4320,283721,23,289103
1730,0.00289,172.31.33.0-255,66,283787,23,289103
1731,0.002913,74.125.24.0-255,1484,285271,23,289103
1732,0.00293,74.125.24.0-255,3424,288695,23,289103
1733,0.002932,172.31.33.0-255,66,288761,23,289103
1734,0.002971,74.125.24.0-255,105,288866,23,289103
1735,0.004192,172.31.33.0-255,66,288932,23,289103
1736,0.004215,172.31.33.0-255,105,289037,23,289103
1737,0.006601,74.125.24.0-255,66,289103,23,289103
1738,0.0,74.125.24.0-255,143,143,23,160329
1739,2.1e-05,172.31.33.0-255,66,209,23,160329
1740,2.6e-05,74.125.24.0-255,1484,1693,23,160329
1741,2.9e-05,172.31.33.0-255,66,1759,23,160329
1742,3.3e-05,74.125.24.0-255,2902,4661,23,160329
1743,3.5e-05,172.31.33.0-255,66,4727,23,160329
1744,5.2e-05,74.125.24.0-255,2902,7629,23,160329
1745,5.5e-05,172.31.33.0-255,66,7695,23,160329
1746,7.9e-05,74.125.24.0-255,4320,12015,23,160329
1747,8.2e-05,172.31.33.0-255,66,12081,23,160329
1748,8.5e-05,74.125.24.0-255,1955,14036,23,160329
1749,8.8e-05,172.31.33.0-255,66,14102,23,160329
1750,9.3e-05,74.125.24.0-255,5738,19840,23,160329
1751,9.7e-05,172.31.33.0-255,66,19906,23,160329
1752,0.000129,74.125.24.0-255,5738,25644,23,160329
1753,0.000133,172.31.33.0-255,66,25710,23,160329
1754,0.000143,172.31.33.0-255,66,25776,23,160329
1755,0.000175,172.31.33.0-255,66,25842,23,160329
1756,0.000217,172.31.33.0-255,66,25908,23,160329
1757,0.000223,74.125.24.0-255,5692,31600,23,160329
1758,0.000224,172.31.33.0-255,66,31666,23,160329
1759,0.000444,74.125.24.0-255,341,32007,23,160329
1760,0.000448,172.31.33.0-255,66,32073,23,160329
1761,0.000639,74.125.24.0-255,1484,33557,23,160329
1762,0.000643,172.31.33.0-255,66,33623,23,160329
1763,0.000646,74.125.24.0-255,1484,35107,23,160329
1764,0.000648,172.31.33.0-255,66,35173,23,160329
1765,0.00067,74.125.24.0-255,1484,36657,23,160329
1766,0.000673,172.31.33.0-255,66,36723,23,160329
1767,0.000679,74.125.24.0-255,5738,42461,23,160329
1768,0.000681,172.31.33.0-255,66,42527,23,160329
1769,0.000695,172.31.33.0-255,66,42593,23,160329
1770,0.000721,74.125.24.0-255,4320,46913,23,160329
1771,0.000726,172.31.33.0-255,66,46979,23,160329
1772,0.000731,172.31.33.0-255,66,47045,23,160329
1773,0.002559,74.125.24.0-255,1484,48529,23,160329
1774,0.002567,74.125.24.0-255,2902,51431,23,160329
1775,0.002571,172.31.33.0-255,66,51497,23,160329
1776,0.002576,74.125.24.0-255,2902,54399,23,160329
1777,0.002577,172.31.33.0-255,66,54465,23,160329
1778,0.002597,74.125.24.0-255,2902,57367,23,160329
1779,0.002599,172.31.33.0-255,66,57433,23,160329
1780,0.002603,74.125.24.0-255,4320,61753,23,160329
1781,0.002604,172.31.33.0-255,66,61819,23,160329
1782,0.002623,74.125.24.0-255,4320,66139,23,160329
1783,0.002625,172.31.33.0-255,66,66205,23,160329
1784,0.002655,74.125.24.0-255,7156,73361,23,160329
1785,0.002657,172.31.33.0-255,66,73427,23,160329
1786,0.002706,172.31.33.0-255,66,73493,23,160329
1787,0.003158,74.125.24.0-255,1484,74977,23,160329
1788,0.003162,74.125.24.0-255,2902,77879,23,160329
1789,0.003164,172.31.33.0-255,66,77945,23,160329
1790,0.003168,74.125.24.0-255,4320,82265,23,160329
1791,0.00317,172.31.33.0-255,66,82331,23,160329
1792,0.003185,74.125.24.0-255,1484,83815,23,160329
1793,0.003189,74.125.24.0-255,4320,88135,23,160329
1794,0.00319,172.31.33.0-255,66,88201,23,160329
1795,0.003213,172.31.33.0-255,66,88267,23,160329
1796,0.003221,172.31.33.0-255,66,88333,23,160329
1797,0.003256,74.125.24.0-255,5738,94071,23,160329
1798,0.003258,172.31.33.0-255,66,94137,23,160329
1799,0.003275,74.125.24.0-255,7156,101293,23,160329
1800,0.003277,172.31.33.0-255,66,101359,23,160329
1801,0.003309,172.31.33.0-255,66,101425,23,160329
1802,0.003318,172.31.33.0-255,66,101491,23,160329
1803,0.00332,74.125.24.0-255,1484,102975,23,160329
1804,0.003324,74.125.24.0-255,2902,105877,23,160329
1805,0.003325,172.31.33.0-255,66,105943,23,160329
1806,0.003357,74.125.24.0-255,5738,111681,23,160329
1807,0.003359,172.31.33.0-255,66,111747,23,160329
1808,0.003361,74.125.24.0-255,1484,113231,23,160329
1809,0.00339,172.31.33.0-255,66,113297,23,160329
1810,0.003395,74.125.24.0-255,5738,119035,23,160329
1811,0.003397,172.31.33.0-255,66,119101,23,160329
1812,0.00342,74.125.24.0-255,2902,122003,23,160329
1813,0.003422,172.31.33.0-255,66,122069,23,160329
1814,0.003432,74.125.24.0-255,2902,124971,23,160329
1815,0.003434,172.31.33.0-255,66,125037,23,160329
1816,0.003472,172.31.33.0-255,66,125103,23,160329
1817,0.003495,74.125.24.0-255,2184,127287,23,160329
1818,0.003497,172.31.33.0-255,66,127353,23,160329
1819,0.003508,172.31.33.0-255,66,127419,23,160329
1820,0.003534,172.31.33.0-255,66,127485,23,160329
1821,0.003536,74.125.24.0-255,1484,128969,23,160329
1822,0.003581,172.31.33.0-255,66,129035,23,160329
1823,0.003653,172.31.33.0-255,66,129101,23,160329
1824,0.003655,74.125.24.0-255,1484,130585,23,160329
1825,0.003665,172.31.33.0-255,66,130651,23,160329
1826,0.003691,74.125.24.0-255,6438,137089,23,160329
1827,0.003694,172.31.33.0-255,66,137155,23,160329
1828,0.003699,74.125.24.0-255,4320,141475,23,160329
1829,0.0037,172.31.33.0-255,66,141541,23,160329
1830,0.003735,172.31.33.0-255,66,141607,23,160329
1831,0.003739,74.125.24.0-255,2184,143791,23,160329
1832,0.00374,172.31.33.0-255,66,143857,23,160329
1833,0.003774,172.31.33.0-255,66,143923,23,160329
1834,0.003804,172.31.33.0-255,66,143989,23,160329
1835,0.003814,172.31.33.0-255,66,144055,23,160329
1836,0.003837,74.125.24.0-255,1484,145539,23,160329
1837,0.00384,74.125.24.0-255,2902,148441,23,160329
1838,0.003842,172.31.33.0-255,66,148507,23,160329
1839,0.003847,74.125.24.0-255,5738,154245,23,160329
1840,0.003848,172.31.33.0-255,66,154311,23,160329
1841,0.003857,74.125.24.0-255,5676,159987,23,160329
1842,0.003859,172.31.33.0-255,66,160053,23,160329
1843,0.003894,74.125.24.0-255,105,160158,23,160329
1844,0.008702,172.31.33.0-255,66,160224,23,160329
1845,0.008726,172.31.33.0-255,105,160329,23,160329
1846,0.0,74.125.130.0-255,156,156,23,387565
1847,1.3e-05,172.31.33.0-255,66,222,23,387565
1848,5.1e-05,74.125.130.0-255,1484,1706,23,387565
1849,5.5e-05,172.31.33.0-255,66,1772,23,387565
1850,5.8e-05,74.125.130.0-255,1484,3256,23,387565
1851,6e-05,172.31.33.0-255,66,3322,23,387565
1852,7.4e-05,74.125.130.0-255,1484,4806,23,387565
1853,7.7e-05,172.31.33.0-255,66,4872,23,387565
1854,8.8e-05,74.125.130.0-255,1484,6356,23,387565
1855,9e-05,172.31.33.0-255,66,6422,23,387565
1856,0.000118,74.125.130.0-255,2902,9324,23,387565
1857,0.00012,172.31.33.0-255,66,9390,23,387565
1858,0.000123,74.125.130.0-255,1484,10874,23,387565
1859,0.000124,172.31.33.0-255,66,10940,23,387565
1860,0.000137,74.125.130.0-255,1484,12424,23,387565
1861,0.000139,172.31.33.0-255,66,12490,23,387565
1862,0.000151,74.125.130.0-255,1484,13974,23,387565
1863,0.000153,172.31.33.0-255,66,14040,23,387565
1864,0.000195,74.125.130.0-255,3375,17415,23,387565
1865,0.000197,172.31.33.0-255,66,17481,23,387565
1866,0.000223,74.125.130.0-255,4320,21801,23,387565
1867,0.000226,172.31.33.0-255,66,21867,23,387565
1868,0.000228,74.125.130.0-255,1484,23351,23,387565
1869,0.00023,172.31.33.0-255,66,23417,23,387565
1870,0.000244,74.125.130.0-255,2902,26319,23,387565
1871,0.000246,172.31.33.0-255,66,26385,23,387565
1872,0.000272,74.125.130.0-255,4320,30705,23,387565
1873,0.000274,172.31.33.0-255,66,30771,23,387565
1874,0.000277,74.125.130.0-255,1125,31896,23,387565
1875,0.000278,172.31.33.0-255,66,31962,23,387565
1876,0.000337,74.125.130.0-255,1484,33446,23,387565
1877,0.000339,172.31.33.0-255,66,33512,23,387565
1878,0.000352,74.125.130.0-255,2902,36414,23,387565
1879,0.000354,172.31.33.0-255,66,36480,23,387565
1880,0.000381,74.125.130.0-255,5738,42218,23,387565
1881,0.000383,172.31.33.0-255,66,42284,23,387565
1882,0.000387,74.125.130.0-255,2902,45186,23,387565
1883,0.000389,172.31.33.0-255,66,45252,23,387565
1884,0.000392,74.125.130.0-255,1484,46736,23,387565
1885,0.000414,74.125.130.0-255,2543,49279,23,387565
1886,0.000416,172.31.33.0-255,66,49345,23,387565
1887,0.000491,74.125.130.0-255,1484,50829,23,387565
1888,0.000508,74.125.130.0-255,2902,53731,23,387565
1889,0.000515,172.31.33.0-255,66,53797,23,387565
1890,0.00052,74.125.130.0-255,2902,56699,23,387565
1891,0.000522,172.31.33.0-255,66,56765,23,387565
1892,0.000537,74.125.130.0-255,2902,59667,23,387565
1893,0.000539,172.31.33.0-255,66,59733,23,387565
1894,0.000543,74.125.130.0-255,2902,62635,23,387565
1895,0.000545,172.31.33.0-255,66,62701,23,387565
1896,0.000548,74.125.130.0-255,1484,64185,23,387565
1897,0.000567,74.125.130.0-255,2543,66728,23,387565
1898,0.000569,74.125.130.0-255,379,67107,23,387565
1899,0.000587,172.31.33.0-255,66,67173,23,387565
1900,0.000603,74.125.130.0-255,364,67537,23,387565
1901,0.000943,74.125.130.0-255,1484,69021,23,387565
1902,0.000947,172.31.33.0-255,66,69087,23,387565
1903,0.00096,74.125.130.0-255,2902,71989,23,387565
1904,0.000962,172.31.33.0-255,66,72055,23,387565
1905,0.000977,74.125.130.0-255,4320,76375,23,387565
1906,0.00098,172.31.33.0-255,66,76441,23,387565
1907,0.001003,74.125.130.0-255,1484,77925,23,387565
1908,0.00101,74.125.130.0-255,7156,85081,23,387565
1909,0.001012,172.31.33.0-255,66,85147,23,387565
1910,0.001031,74.125.130.0-255,1484,86631,23,387565
1911,0.00105,172.31.33.0-255,66,86697,23,387565
1912,0.001069,74.125.130.0-255,4320,91017,23,387565
1913,0.001072,172.31.33.0-255,66,91083,23,387565
1914,0.00109,74.125.130.0-255,2184,93267,23,387565
1915,0.001092,172.31.33.0-255,66,93333,23,387565
1916,0.001359,74.125.130.0-255,1484,94817,23,387565
1917,0.001396,74.125.130.0-255,2902,97719,23,387565
1918,0.0014,172.31.33.0-255,66,97785,23,387565
1919,0.001407,74.125.130.0-255,4320,102105,23,387565
1920,0.001409,172.31.33.0-255,66,102171,23,387565
1921,0.001446,172.31.33.0-255,66,102237,23,387565
1922,0.001461,74.125.130.0-255,1484,103721,23,387565
1923,0.001481,172.31.33.0-255,66,103787,23,387565
1924,0.001485,74.125.130.0-255,2902,106689,23,387565
1925,0.001487,172.31.33.0-255,66,106755,23,387565
1926,0.001503,74.125.130.0-255,3602,110357,23,387565
1927,0.001506,172.31.33.0-255,66,110423,23,387565
1928,0.001822,74.125.130.0-255,1484,111907,23,387565
1929,0.001854,74.125.130.0-255,1484,113391,23,387565
1930,0.001858,172.31.33.0-255,66,113457,23,387565
1931,0.00188,74.125.130.0-255,1484,114941,23,387565
1932,0.001883,74.125.130.0-255,1484,116425,23,387565
1933,0.001885,172.31.33.0-255,66,116491,23,387565
1934,0.00189,74.125.130.0-255,2902,119393,23,387565
1935,0.001892,172.31.33.0-255,66,119459,23,387565
1936,0.001897,74.125.130.0-255,2902,122361,23,387565
1937,0.0019,172.31.33.0-255,66,122427,23,387565
1938,0.001929,74.125.130.0-255,4320,126747,23,387565
1939,0.001931,172.31.33.0-255,66,126813,23,387565
1940,0.001948,74.125.130.0-255,4320,131133,23,387565
1941,0.001951,172.31.33.0-255,66,131199,23,387565
1942,0.001986,74.125.130.0-255,1484,132683,23,387565
1943,0.001998,74.125.130.0-255,1484,134167,23,387565
1944,0.002001,172.31.33.0-255,66,134233,23,387565
1945,0.002007,74.125.130.0-255,4320,138553,23,387565
1946,0.002009,172.31.33.0-255,66,138619,23,387565
1947,0.002033,74.125.130.0-255,1484,140103,23,387565
1948,0.002058,74.125.130.0-255,5020,145123,23,387565
1949,0.002061,172.31.33.0-255,66,145189,23,387565
1950,0.002169,74.125.130.0-255,1484,146673,23,387565
1951,0.002187,74.125.130.0-255,1484,148157,23,387565
1952,0.002191,172.31.33.0-255,66,148223,23,387565
1953,0.002223,74.125.130.0-255,2902,151125,23,387565
1954,0.002226,172.31.33.0-255,66,151191,23,387565
1955,0.002243,74.125.130.0-255,2902,154093,23,387565
1956,0.002245,172.31.33.0-255,66,154159,23,387565
1957,0.002298,74.125.130.0-255,2902,157061,23,387565
1958,0.002302,172.31.33.0-255,66,157127,23,387565
1959,0.002319,74.125.130.0-255,1484,158611,23,387565
1960,0.002332,74.125.130.0-255,2902,161513,23,387565
1961,0.002334,172.31.33.0-255,66,161579,23,387565
1962,0.002392,74.125.130.0-255,2902,164481,23,387565
1963,0.002396,172.31.33.0-255,66,164547,23,387565
1964,0.002402,74.125.130.0-255,2902,167449,23,387565
1965,0.002404,172.31.33.0-255,66,167515,23,387565
1966,0.00241,74.125.130.0-255,4320,171835,23,387565
1967,0.002412,172.31.33.0-255,66,171901,23,387565
1968,0.002418,74.125.130.0-255,5738,177639,23,387565
1969,0.002443,74.125.130.0-255,2184,179823,23,387565
1970,0.002586,74.125.130.0-255,1484,181307,23,387565
1971,0.0026,74.125.130.0-255,2902,184209,23,387565
1972,0.002617,74.125.130.0-255,2902,187111,23,387565
1973,0.002627,74.125.130.0-255,1484,188595,23,387565
1974,0.002645,74.125.130.0-255,2902,191497,23,387565
1975,0.002665,74.125.130.0-255,2902,194399,23,387565
1976,0.002668,74.125.130.0-255,1484,195883,23,387565
1977,0.002691,74.125.130.0-255,1484,197367,23,387565
1978,0.002703,74.125.130.0-255,2902,200269,23,387565
1979,0.002707,74.125.130.0-255,2902,203171,23,387565
1980,0.00272,74.125.130.0-255,1484,204655,23,387565
1981,0.002739,74.125.130.0-255,1484,206139,23,387565
1982,0.002749,74.125.130.0-255,1484,207623,23,387565
1983,0.002808,74.125.130.0-255,1484,209107,23,387565
1984,0.002821,74.125.130.0-255,1484,210591,23,387565
1985,0.002856,74.125.130.0-255,1484,212075,23,387565
1986,0.002887,74.125.130.0-255,2184,214259,23,387565
1987,0.003205,74.125.130.0-255,1484,215743,23,387565
1988,0.003214,74.125.130.0-255,2902,218645,23,387565
1989,0.003228,74.125.130.0-255,4320,222965,23,387565
1990,0.003247,74.125.130.0-255,1484,224449,23,387565
1991,0.003285,74.125.130.0-255,5738,230187,23,387565
1992,0.003299,74.125.130.0-255,5738,235925,23,387565
1993,0.003316,74.125.130.0-255,2184,238109,23,387565
1994,0.003402,74.125.130.0-255,1484,239593,23,387565
1995,0.003419,74.125.130.0-255,2902,242495,23,387565
1996,0.003429,74.125.130.0-255,1484,243979,23,387565
1997,0.003449,74.125.130.0-255,4320,248299,23,387565
1998,0.003466,74.125.130.0-255,2902,251201,23,387565
1999,0.003489,74.125.130.0-255,4320,255521,23,387565
2000,0.003496,74.125.130.0-255,7156,262677,23,387565
2001,0.003507,74.125.130.0-255,1484,264161,23,387565
2002,0.003514,74.125.130.0-255,5738,269899,23,387565
2003,0.00353,74.125.130.0-255,2184,272083,23,387565
2004,0.003537,74.125.130.0-255,5738,277821,23,387565
2005,0.003554,74.125.130.0-255,2902,280723,23,387565
2006,0.00356,74.125.130.0-255,5738,286461,23,387565
2007,0.003563,74.125.130.0-255,1484,287945,23,387565
2008,0.003617,74.125.130.0-255,1484,289429,23,387565
2009,0.003619,74.125.130.0-255,1484,290913,23,387565
2010,0.003625,74.125.130.0-255,5738,296651,23,387565
2011,0.003628,74.125.130.0-255,1484,298135,23,387565
2012,0.003634,74.125.130.0-255,4320,302455,23,387565
2013,0.003648,74.125.130.0-255,2902,305357,23,387565
2014,0.00365,74.125.130.0-255,766,306123,23,387565
2015,0.003688,74.125.130.0-255,1484,307607,23,387565
2016,0.003706,74.125.130.0-255,1484,309091,23,387565
2017,0.003727,74.125.130.0-255,2902,311993,23,387565
2018,0.003748,74.125.130.0-255,5738,317731,23,387565
2019,0.003763,74.125.130.0-255,1484,319215,23,387565
2020,0.003766,74.125.130.0-255,1484,320699,23,387565
2021,0.003783,74.125.130.0-255,1484,322183,23,387565
2022,0.003787,74.125.130.0-255,2902,325085,23,387565
2023,0.003803,74.125.130.0-255,2902,327987,23,387565
2024,0.003806,74.125.130.0-255,1484,329471,23,387565
2025,0.003829,74.125.130.0-255,7156,336627,23,387565
2026,0.003859,74.125.130.0-255,4320,340947,23,387565
2027,0.003879,74.125.130.0-255,5020,345967,23,387565
2028,0.003915,74.125.130.0-255,4320,350287,23,387565
2029,0.003934,74.125.130.0-255,4320,354607,23,387565
2030,0.00394,74.125.130.0-255,4320,358927,23,387565
2031,0.003959,74.125.130.0-255,5738,364665,23,387565
2032,0.003965,74.125.130.0-255,5738,370403,23,387565
2033,0.003981,74.125.130.0-255,3602,374005,23,387565
2034,0.004,74.125.130.0-255,1484,375489,23,387565
2035,0.004003,74.125.130.0-255,1484,376973,23,387565
2036,0.004019,74.125.130.0-255,2902,379875,23,387565
2037,0.004038,74.125.130.0-255,4320,384195,23,387565
2038,0.004054,74.125.130.0-255,1484,385679,23,387565
2039,0.004058,74.125.130.0-255,1610,387289,23,387565
2040,0.004124,74.125.130.0-255,105,387394,23,387565
2041,0.006773,172.31.33.0-255,66,387460,23,387565
2042,0.008917,172.31.33.0-255,105,387565,23,387565
2043,0.0,172.31.33.0-255,105,105,23,276
2044,0.002048,157.240.7.0-255,105,210,23,276
2045,0.002059,172.31.33.0-255,66,276,23,276
2046,0.0,74.125.130.0-255,153,153,23,182844
2047,2.1e-05,172.31.33.0-255,66,219,23,182844
2048,2.8e-05,74.125.130.0-255,1484,1703,23,182844
2049,3.3e-05,172.31.33.0-255,66,1769,23,182844
2050,3.9e-05,74.125.130.0-255,2902,4671,23,182844
2051,4.2e-05,172.31.33.0-255,66,4737,23,182844
2052,4.6e-05,74.125.130.0-255,1484,6221,23,182844
2053,4.8e-05,172.31.33.0-255,66,6287,23,182844
2054,7.6e-05,74.125.130.0-255,5738,12025,23,182844
2055,7.8e-05,172.31.33.0-255,66,12091,23,182844
2056,8.2e-05,74.125.130.0-255,1957,14048,23,182844
2057,8.4e-05,172.31.33.0-255,66,14114,23,182844
2058,0.000211,74.125.130.0-255,1484,15598,23,182844
2059,0.000216,172.31.33.0-255,66,15664,23,182844
2060,0.000237,74.125.130.0-255,2902,18566,23,182844
2061,0.00024,172.31.33.0-255,66,18632,23,182844
2062,0.000261,74.125.130.0-255,5738,24370,23,182844
2063,0.000263,172.31.33.0-255,66,24436,23,182844
2064,0.000267,74.125.130.0-255,2902,27338,23,182844
2065,0.000269,172.31.33.0-255,66,27404,23,182844
2066,0.000324,74.125.130.0-255,5379,32783,23,182844
2067,0.000327,172.31.33.0-255,66,32849,23,182844
2068,0.000363,74.125.130.0-255,4320,37169,23,182844
2069,0.000366,172.31.33.0-255,66,37235,23,182844
2070,0.000384,74.125.130.0-255,1484,38719,23,182844
2071,0.000386,172.31.33.0-255,66,38785,23,182844
2072,0.000389,74.125.130.0-255,1484,40269,23,182844
2073,0.000391,172.31.33.0-255,66,40335,23,182844
2074,0.000413,74.125.130.0-255,1484,41819,23,182844
2075,0.000416,172.31.33.0-255,66,41885,23,182844
2076,0.000441,74.125.130.0-255,6797,48682,23,182844
2077,0.000444,172.31.33.0-255,66,48748,23,182844
2078,0.001064,74.125.130.0-255,1484,50232,23,182844
2079,0.001076,74.125.130.0-255,2902,53134,23,182844
2080,0.001081,172.31.33.0-255,66,53200,23,182844
2081,0.001086,74.125.130.0-255,1484,54684,23,182844
2082,0.001106,74.125.130.0-255,5738,60422,23,182844
2083,0.001109,172.31.33.0-255,66,60488,23,182844
2084,0.001124,74.125.130.0-255,1484,61972,23,182844
2085,0.001146,172.31.33.0-255,66,62038,23,182844
2086,0.001152,74.125.130.0-255,4320,66358,23,182844
2087,0.001154,172.31.33.0-255,66,66424,23,182844
2088,0.001187,74.125.130.0-255,5738,72162,23,182844
2089,0.00119,172.31.33.0-255,66,72228,23,182844
2090,0.001197,74.125.130.0-255,3123,75351,23,182844
2091,0.001199,172.31.33.0-255,66,75417,23,182844
2092,0.001217,74.125.130.0-255,4320,79737,23,182844
2093,0.001219,172.31.33.0-255,66,79803,23,182844
2094,0.001223,74.125.130.0-255,1484,81287,23,182844
2095,0.001226,74.125.130.0-255,1484,82771,23,182844
2096,0.001228,172.31.33.0-255,66,82837,23,182844
2097,0.001246,74.125.130.0-255,1484,84321,23,182844
2098,0.001253,74.125.130.0-255,5738,90059,23,182844
2099,0.001256,172.31.33.0-255,66,90125,23,182844
2100,0.001281,74.125.130.0-255,2543,92668,23,182844
2101,0.001285,172.31.33.0-255,66,92734,23,182844
2102,0.0016,74.125.130.0-255,1484,94218,23,182844
2103,0.001609,74.125.130.0-255,2902,97120,23,182844
2104,0.001614,172.31.33.0-255,66,97186,23,182844
2105,0.001637,74.125.130.0-255,5738,102924,23,182844
2106,0.00164,172.31.33.0-255,66,102990,23,182844
2107,0.001645,74.125.130.0-255,2902,105892,23,182844
2108,0.001647,172.31.33.0-255,66,105958,23,182844
2109,0.001663,74.125.130.0-255,4320,110278,23,182844
2110,0.001666,172.31.33.0-255,66,110344,23,182844
2111,0.001683,74.125.130.0-255,2902,113246,23,182844
2112,0.001686,172.31.33.0-255,66,113312,23,182844
2113,0.001723,172.31.33.0-255,66,113378,23,182844
2114,0.001765,74.125.130.0-255,3602,116980,23,182844
2115,0.001769,172.31.33.0-255,66,117046,23,182844
2116,0.001893,74.125.130.0-255,1484,118530,23,182844
2117,0.001908,74.125.130.0-255,2902,121432,23,182844
2118,0.001911,172.31.33.0-255,66,121498,23,182844
2119,0.00193,74.125.130.0-255,1484,122982,23,182844
2120,0.001945,74.125.130.0-255,4320,127302,23,182844
2121,0.001948,172.31.33.0-255,66,127368,23,182844
2122,0.001952,74.125.130.0-255,2902,130270,23,182844
2123,0.001955,172.31.33.0-255,66,130336,23,182844
2124,0.00196,74.125.130.0-255,4320,134656,23,182844
2125,0.001963,172.31.33.0-255,66,134722,23,182844
2126,0.001995,172.31.33.0-255,66,134788,23,182844
2127,0.002,74.125.130.0-255,4320,139108,23,182844
2128,0.002002,172.31.33.0-255,66,139174,23,182844
2129,0.002036,74.125.130.0-255,1484,140658,23,182844
2130,0.002054,74.125.130.0-255,2184,142842,23,182844
2131,0.002056,172.31.33.0-255,66,142908,23,182844
2132,0.002177,74.125.130.0-255,1484,144392,23,182844
2133,0.002191,74.125.130.0-255,2902,147294,23,182844
2134,0.002194,172.31.33.0-255,66,147360,23,182844
2135,0.002209,74.125.130.0-255,2902,150262,23,182844
2136,0.002211,172.31.33.0-255,66,150328,23,182844
2137,0.002223,74.125.130.0-255,2902,153230,23,182844
2138,0.002225,172.31.33.0-255,66,153296,23,182844
2139,0.00225,74.125.130.0-255,2902,156198,23,182844
2140,0.002253,172.31.33.0-255,66,156264,23,182844
2141,0.002264,74.125.130.0-255,5738,162002,23,182844
2142,0.002267,172.31.33.0-255,66,162068,23,182844
2143,0.002282,74.125.130.0-255,2902,164970,23,182844
2144,0.002284,172.31.33.0-255,66,165036,23,182844
2145,0.004488,74.125.130.0-255,2902,167938,23,182844
2146,0.004495,172.31.33.0-255,66,168004,23,182844
2147,0.004512,74.125.130.0-255,2902,170906,23,182844
2148,0.004515,172.31.33.0-255,66,170972,23,182844
2149,0.006726,74.125.130.0-255,2902,173874,23,182844
2150,0.006733,172.31.33.0-255,66,173940,23,182844
2151,0.006754,74.125.130.0-255,2902,176842,23,182844
2152,0.006756,172.31.33.0-255,66,176908,23,182844
2153,0.008972,74.125.130.0-255,2902,179810,23,182844
2154,0.00898,172.31.33.0-255,66,179876,23,182844
2155,0.009,74.125.130.0-255,2902,182778,23,182844
2156,0.009002,172.31.33.0-255,66,182844,23,182844
2157,0.0,172.31.33.0-255,105,105,23,918
2158,5.3e-05,172.31.33.0-255,105,210,23,918
2159,0.000307,172.31.33.0-255,90,300,23,918
2160,0.000318,172.31.33.0-255,66,366,23,918
2161,0.000502,172.31.33.0-255,90,456,23,918
2162,0.000509,172.31.33.0-255,66,522,23,918
2163,0.002542,74.125.200.0-255,66,588,23,918
2164,0.002568,74.125.200.0-255,66,654,23,918
2165,0.002589,172.31.33.0-255,66,720,23,918
2166,0.002795,74.125.24.0-255,66,786,23,918
2167,0.002809,74.125.24.0-255,66,852,23,918
2168,0.002821,172.31.33.0-255,66,918,23,918
2169,0.0,74.125.200.0-255,146,146,23,326143
2170,2.6e-05,172.31.33.0-255,66,212,23,326143
2171,3.1e-05,74.125.200.0-255,1484,1696,23,326143
2172,3.6e-05,172.31.33.0-255,66,1762,23,326143
2173,4e-05,74.125.200.0-255,2902,4664,23,326143
2174,5e-05,172.31.33.0-255,66,4730,23,326143
2175,7.9e-05,74.125.200.0-255,7156,11886,23,326143
2176,8.2e-05,74.125.200.0-255,1995,13881,23,326143
2177,8.3e-05,172.31.33.0-255,66,13947,23,326143
2178,8.6e-05,172.31.33.0-255,66,14013,23,326143
2179,0.000111,74.125.200.0-255,2902,16915,23,326143
2180,0.000114,172.31.33.0-255,66,16981,23,326143
2181,0.000142,74.125.200.0-255,5738,22719,23,326143
2182,0.000145,172.31.33.0-255,66,22785,23,326143
2183,0.000151,74.125.200.0-255,7156,29941,23,326143
2184,0.000153,172.31.33.0-255,66,30007,23,326143
2185,0.00018,74.125.200.0-255,2902,32909,23,326143
2186,0.000183,172.31.33.0-255,66,32975,23,326143
2187,0.00022,172.31.33.0-255,66,33041,23,326143
2188,0.000224,74.125.200.0-255,2902,35943,23,326143
2189,0.000225,172.31.33.0-255,66,36009,23,326143
2190,0.000251,74.125.200.0-255,766,36775,23,326143
2191,0.000254,172.31.33.0-255,66,36841,23,326143
2192,0.000258,74.125.200.0-255,4320,41161,23,326143
2193,0.000261,172.31.33.0-255,66,41227,23,326143
2194,0.000263,74.125.200.0-255,1484,42711,23,326143
2195,0.000265,172.31.33.0-255,66,42777,23,326143
2196,0.000298,74.125.200.0-255,4320,47097,23,326143
2197,0.000301,172.31.33.0-255,66,47163,23,326143
2198,0.000308,74.125.200.0-255,7105,54268,23,326143
2199,0.00031,172.31.33.0-255,66,54334,23,326143
2200,0.000312,74.125.200.0-255,347,54681,23,326143
2201,0.000457,74.125.200.0-255,1484,56165,23,326143
2202,0.00046,172.31.33.0-255,66,56231,23,326143
2203,0.000465,74.125.200.0-255,2902,59133,23,326143
2204,0.000467,172.31.33.0-255,66,59199,23,326143
2205,0.000499,74.125.200.0-255,5738,64937,23,326143
2206,0.000502,172.31.33.0-255,66,65003,23,326143
2207,0.000507,74.125.200.0-255,2902,67905,23,326143
2208,0.000509,172.31.33.0-255,66,67971,23,326143
2209,0.00055,172.31.33.0-255,66,68037,23,326143
2210,0.000556,74.125.200.0-255,4320,72357,23,326143
2211,0.000559,172.31.33.0-255,66,72423,23,326143
2212,0.000596,74.125.200.0-255,2902,75325,23,326143
2213,0.0006,172.31.33.0-255,66,75391,23,326143
2214,0.000618,74.125.200.0-255,2543,77934,23,326143
2215,0.000621,172.31.33.0-255,66,78000,23,326143
2216,0.00145,74.125.200.0-255,1484,79484,23,326143
2217,0.00151,74.125.200.0-255,1484,80968,23,326143
2218,0.001516,172.31.33.0-255,66,81034,23,326143
2219,0.001558,74.125.200.0-255,1484,82518,23,326143
2220,0.00158,74.125.200.0-255,2902,85420,23,326143
2221,0.001584,172.31.33.0-255,66,85486,23,326143
2222,0.001611,74.125.200.0-255,4320,89806,23,326143
2223,0.001613,172.31.33.0-255,66,89872,23,326143
2224,0.001639,74.125.200.0-255,5738,95610,23,326143
2225,0.001641,172.31.33.0-255,66,95676,23,326143
2226,0.001684,74.125.200.0-255,1484,97160,23,326143
2227,0.001712,74.125.200.0-255,2902,100062,23,326143
2228,0.001714,172.31.33.0-255,66,100128,23,326143
2229,0.001799,74.125.200.0-255,1484,101612,23,326143
2230,0.001816,74.125.200.0-255,1484,103096,23,326143
2231,0.001818,172.31.33.0-255,66,103162,23,326143
2232,0.001838,74.125.200.0-255,1484,104646,23,326143
2233,0.001843,74.125.200.0-255,4320,108966,23,326143
2234,0.001845,172.31.33.0-255,66,109032,23,326143
2235,0.001866,74.125.200.0-255,1484,110516,23,326143
2236,0.00187,74.125.200.0-255,2184,112700,23,326143
2237,0.001872,172.31.33.0-255,66,112766,23,326143
2238,0.002246,74.125.200.0-255,1484,114250,23,326143
2239,0.002265,74.125.200.0-255,2902,117152,23,326143
2240,0.002267,172.31.33.0-255,66,117218,23,326143
2241,0.002293,74.125.200.0-255,4320,121538,23,326143
2242,0.002295,172.31.33.0-255,66,121604,23,326143
2243,0.002298,74.125.200.0-255,1484,123088,23,326143
2244,0.002319,74.125.200.0-255,7156,130244,23,326143
2245,0.002321,172.31.33.0-255,66,130310,23,326143
2246,0.002325,74.125.200.0-255,2902,133212,23,326143
2247,0.002327,172.31.33.0-255,66,133278,23,326143
2248,0.00233,74.125.200.0-255,1484,134762,23,326143
2249,0.002343,74.125.200.0-255,1484,136246,23,326143
2250,0.002344,172.31.33.0-255,66,136312,23,326143
2251,0.002368,74.125.200.0-255,4320,140632,23,326143
2252,0.00237,172.31.33.0-255,66,140698,23,326143
2253,0.002389,74.125.200.0-255,5738,146436,23,326143
2254,0.002391,172.31.33.0-255,66,146502,23,326143
2255,0.002393,74.125.200.0-255,766,147268,23,326143
2256,0.002554,74.125.200.0-255,1484,148752,23,326143
2257,0.002556,172.31.33.0-255,66,148818,23,326143
2258,0.002573,74.125.200.0-255,1484,150302,23,326143
2259,0.002577,74.125.200.0-255,2902,153204,23,326143
2260,0.00258,172.31.33.0-255,66,153270,23,326143
2261,0.002582,74.125.200.0-255,1484,154754,23,326143
2262,0.002603,74.125.200.0-255,1484,156238,23,326143
2263,0.002605,172.31.33.0-255,66,156304,23,326143
2264,0.00261,74.125.200.0-255,2902,159206,23,326143
2265,0.002612,172.31.33.0-255,66,159272,23,326143
2266,0.002637,74.125.200.0-255,1484,160756,23,326143
2267,0.002639,74.125.200.0-255,1484,162240,23,326143
2268,0.002642,172.31.33.0-255,66,162306,23,326143
2269,0.002648,74.125.200.0-255,7156,169462,23,326143
2270,0.002651,172.31.33.0-255,66,169528,23,326143
2271,0.002679,74.125.200.0-255,4320,173848,23,326143
2272,0.002681,172.31.33.0-255,66,173914,23,326143
2273,0.002707,172.31.33.0-255,66,173980,23,326143
2274,0.002738,74.125.200.0-255,1484,175464,23,326143
2275,0.002752,74.125.200.0-255,2902,178366,23,326143
2276,0.002754,172.31.33.0-255,66,178432,23,326143
2277,0.002757,74.125.200.0-255,1484,179916,23,326143
2278,0.00276,74.125.200.0-255,1484,181400,23,326143
2279,0.002762,172.31.33.0-255,66,181466,23,326143
2280,0.002779,74.125.200.0-255,2902,184368,23,326143
2281,0.002782,172.31.33.0-255,66,184434,23,326143
2282,0.002809,74.125.200.0-255,2902,187336,23,326143
2283,0.002811,172.31.33.0-255,66,187402,23,326143
2284,0.002814,74.125.200.0-255,1484,188886,23,326143
2285,0.002818,74.125.200.0-255,1484,190370,23,326143
2286,0.00282,172.31.33.0-255,66,190436,23,326143
2287,0.002842,74.125.200.0-255,2902,193338,23,326143
2288,0.002845,172.31.33.0-255,66,193404,23,326143
2289,0.00285,74.125.200.0-255,4320,197724,23,326143
2290,0.002852,172.31.33.0-255,66,197790,23,326143
2291,0.002885,172.31.33.0-255,66,197856,23,326143
2292,0.002888,74.125.200.0-255,766,198622,23,326143
2293,0.002891,74.125.200.0-255,1484,200106,23,326143
2294,0.002893,172.31.33.0-255,66,200172,23,326143
2295,0.002915,74.125.200.0-255,2902,203074,23,326143
2296,0.002918,172.31.33.0-255,66,203140,23,326143
2297,0.002921,74.125.200.0-255,1484,204624,23,326143
2298,0.00294,74.125.200.0-255,2902,207526,23,326143
2299,0.002943,172.31.33.0-255,66,207592,23,326143
2300,0.002953,74.125.200.0-255,5738,213330,23,326143
2301,0.002955,172.31.33.0-255,66,213396,23,326143
2302,0.002985,74.125.200.0-255,7156,220552,23,326143
2303,0.002987,74.125.200.0-255,1484,222036,23,326143
2304,0.00299,172.31.33.0-255,78,222114,23,326143
2305,0.002995,74.125.200.0-255,4320,226434,23,326143
2306,0.003025,74.125.200.0-255,2902,229336,23,326143
2307,0.003043,74.125.200.0-255,6438,235774,23,326143
2308,0.003046,74.125.200.0-255,1484,237258,23,326143
2309,0.00308,74.125.200.0-255,5738,242996,23,326143
2310,0.003097,74.125.200.0-255,7156,250152,23,326143
2311,0.0031,74.125.200.0-255,1484,251636,23,326143
2312,0.003133,74.125.200.0-255,1484,253120,23,326143
2313,0.003149,74.125.200.0-255,7156,260276,23,326143
2314,0.003173,74.125.200.0-255,6438,266714,23,326143
2315,0.003176,74.125.200.0-255,1484,268198,23,326143
2316,0.003204,74.125.200.0-255,7156,275354,23,326143
2317,0.003206,74.125.200.0-255,1484,276838,23,326143
2318,0.003209,172.31.33.0-255,78,276916,23,326143
2319,0.003215,74.125.200.0-255,4320,281236,23,326143
2320,0.003218,172.31.33.0-255,78,281314,23,326143
2321,0.003236,74.125.200.0-255,2902,284216,23,326143
2322,0.003261,74.125.200.0-255,2902,287118,23,326143
2323,0.003297,74.125.200.0-255,4320,291438,23,326143
2324,0.003308,74.125.200.0-255,1484,292922,23,326143
2325,0.003378,74.125.200.0-255,4320,297242,23,326143
2326,0.003404,74.125.200.0-255,4320,301562,23,326143
2327,0.003448,74.125.200.0-255,5738,307300,23,326143
2328,0.00345,74.125.200.0-255,1484,308784,23,326143
2329,0.003467,74.125.200.0-255,3602,312386,23,326143
2330,0.00349,74.125.200.0-255,1484,313870,23,326143
2331,0.003505,74.125.200.0-255,4320,318190,23,326143
2332,0.003508,74.125.200.0-255,1484,319674,23,326143
2333,0.00354,74.125.200.0-255,5738,325412,23,326143
2334,0.003543,74.125.200.0-255,455,325867,23,326143
2335,0.003601,74.125.200.0-255,105,325972,23,326143
2336,0.005831,172.31.33.0-255,66,326038,23,326143
2337,0.007909,172.31.33.0-255,105,326143,23,326143
2338,0.0,74.125.24.0-255,291,291,23,114022
2339,2.2e-05,172.31.33.0-255,66,357,23,114022
2340,2.7e-05,74.125.24.0-255,1484,1841,23,114022
2341,3.1e-05,172.31.33.0-255,66,1907,23,114022
2342,3.3e-05,74.125.24.0-255,1484,3391,23,114022
2343,3.5e-05,172.31.33.0-255,66,3457,23,114022
2344,6e-05,74.125.24.0-255,2902,6359,23,114022
2345,6.2e-05,172.31.33.0-255,66,6425,23,114022
2346,6.5e-05,74.125.24.0-255,1484,7909,23,114022
2347,6.6e-05,172.31.33.0-255,66,7975,23,114022
2348,0.000101,74.125.24.0-255,2902,10877,23,114022
2349,0.000104,172.31.33.0-255,66,10943,23,114022
2350,0.000118,74.125.24.0-255,3277,14220,23,114022
2351,0.000121,172.31.33.0-255,66,14286,23,114022
2352,0.000173,74.125.24.0-255,1484,15770,23,114022
2353,0.000175,172.31.33.0-255,66,15836,23,114022
2354,0.000187,74.125.24.0-255,2902,18738,23,114022
2355,0.000189,172.31.33.0-255,66,18804,23,114022
2356,0.000192,74.125.24.0-255,1484,20288,23,114022
2357,0.000193,172.31.33.0-255,66,20354,23,114022
2358,0.000214,74.125.24.0-255,4320,24674,23,114022
2359,0.000216,172.31.33.0-255,66,24740,23,114022
2360,0.000264,74.125.24.0-255,6797,31537,23,114022
2361,0.000267,172.31.33.0-255,66,31603,23,114022
2362,0.000303,74.125.24.0-255,1484,33087,23,114022
2363,0.000305,172.31.33.0-255,66,33153,23,114022
2364,0.000325,74.125.24.0-255,2902,36055,23,114022
2365,0.000327,172.31.33.0-255,66,36121,23,114022
2366,0.000332,74.125.24.0-255,2902,39023,23,114022
2367,0.000336,172.31.33.0-255,66,39089,23,114022
2368,0.000347,74.125.24.0-255,2902,41991,23,114022
2369,0.000349,172.31.33.0-255,66,42057,23,114022
2370,0.000352,74.125.24.0-255,1484,43541,23,114022
2371,0.000376,74.125.24.0-255,5379,48920,23,114022
2372,0.000378,172.31.33.0-255,66,48986,23,114022
2373,0.00114,74.125.24.0-255,1484,50470,23,114022
2374,0.001149,74.125.24.0-255,2902,53372,23,114022
2375,0.001152,172.31.33.0-255,66,53438,23,114022
2376,0.001189,74.125.24.0-255,4320,57758,23,114022
2377,0.001191,172.31.33.0-255,66,57824,23,114022
2378,0.001209,74.125.24.0-255,1484,59308,23,114022
2379,0.001217,74.125.24.0-255,6797,66105,23,114022
2380,0.001219,172.31.33.0-255,66,66171,23,114022
2381,0.001262,172.31.33.0-255,66,66237,23,114022
2382,0.001285,74.125.24.0-255,2543,68780,23,114022
2383,0.001288,172.31.33.0-255,66,68846,23,114022
2384,0.001323,74.125.24.0-255,2902,71748,23,114022
2385,0.001326,172.31.33.0-255,66,71814,23,114022
2386,0.001339,74.125.24.0-255,4320,76134,23,114022
2387,0.001341,172.31.33.0-255,66,76200,23,114022
2388,0.001352,74.125.24.0-255,1484,77684,23,114022
2389,0.001354,74.125.24.0-255,1484,79168,23,114022
2390,0.001356,172.31.33.0-255,66,79234,23,114022
2391,0.001378,172.31.33.0-255,66,79300,23,114022
2392,0.001411,172.31.33.0-255,66,79366,23,114022
2393,0.001446,74.125.24.0-255,3487,82853,23,114022
2394,0.001448,172.31.33.0-255,66,82919,23,114022
2395,0.001451,74.125.24.0-255,1484,84403,23,114022
2396,0.001465,74.125.24.0-255,2902,87305,23,114022
2397,0.001466,172.31.33.0-255,66,87371,23,114022
2398,0.001487,172.31.33.0-255,66,87437,23,114022
2399,0.001518,74.125.24.0-255,2902,90339,23,114022
2400,0.00152,172.31.33.0-255,66,90405,23,114022
2401,0.001542,74.125.24.0-255,7156,97561,23,114022
2402,0.001544,172.31.33.0-255,66,97627,23,114022
2403,0.001554,172.31.33.0-255,66,97693,23,114022
2404,0.0016,74.125.24.0-255,4655,102348,23,114022
2405,0.005561,172.31.33.0-255,66,102414,23,114022
2406,0.007542,74.125.24.0-255,5738,108152,23,114022
2407,0.007548,172.31.33.0-255,66,108218,23,114022
2408,0.009537,74.125.24.0-255,5738,113956,23,114022
2409,0.009544,172.31.33.0-255,66,114022,23,114022
2410,0.0,172.217.194.0-255,153,153,23,155642
2411,2.5e-05,172.31.33.0-255,66,219,23,155642
2412,3.2e-05,172.217.194.0-255,1484,1703,23,155642
2413,3.5e-05,172.31.33.0-255,66,1769,23,155642
2414,3.9e-05,172.217.194.0-255,2902,4671,23,155642
2415,4.3e-05,172.31.33.0-255,66,4737,23,155642
2416,4.6e-05,172.217.194.0-255,1484,6221,23,155642
2417,4.8e-05,172.31.33.0-255,66,6287,23,155642
2418,7.6e-05,172.217.194.0-255,5738,12025,23,155642
2419,8e-05,172.31.33.0-255,66,12091,23,155642
2420,8.4e-05,172.217.194.0-255,2048,14139,23,155642
2421,8.6e-05,172.31.33.0-255,66,14205,23,155642
2422,0.000184,172.217.194.0-255,1484,15689,23,155642
2423,0.000193,172.31.33.0-255,66,15755,23,155642
2424,0.000198,172.217.194.0-255,2902,18657,23,155642
2425,0.000201,172.31.33.0-255,66,18723,23,155642
2426,0.000207,172.217.194.0-255,5738,24461,23,155642
2427,0.00021,172.31.33.0-255,66,24527,23,155642
2428,0.000225,172.217.194.0-255,1484,26011,23,155642
2429,0.000227,172.31.33.0-255,66,26077,23,155642
2430,0.000257,172.217.194.0-255,5379,31456,23,155642
2431,0.00026,172.31.33.0-255,66,31522,23,155642
2432,0.000266,172.217.194.0-255,7156,38678,23,155642
2433,0.000268,172.31.33.0-255,66,38744,23,155642
2434,0.000302,172.217.194.0-255,1484,40228,23,155642
2435,0.000306,172.217.194.0-255,2902,43130,23,155642
2436,0.000307,172.31.33.0-255,66,43196,23,155642
2437,0.000311,172.217.194.0-255,5738,48934,23,155642
2438,0.000312,172.31.33.0-255,66,49000,23,155642
2439,0.000316,172.31.33.0-255,66,49066,23,155642
2440,0.000327,172.217.194.0-255,1484,50550,23,155642
2441,0.00033,172.31.33.0-255,66,50616,23,155642
2442,0.000367,172.31.33.0-255,66,50682,23,155642
2443,0.00037,172.217.194.0-255,1484,52166,23,155642
2444,0.000375,172.217.194.0-255,2184,54350,23,155642
2445,0.000377,172.31.33.0-255,66,54416,23,155642
2446,0.000416,172.217.194.0-255,680,55096,23,155642
2447,0.000674,172.217.194.0-255,1484,56580,23,155642
2448,0.000681,172.31.33.0-255,66,56646,23,155642
2449,0.000686,172.217.194.0-255,2902,59548,23,155642
2450,0.000689,172.31.33.0-255,66,59614,23,155642
2451,0.000726,172.217.194.0-255,5738,65352,23,155642
2452,0.000729,172.31.33.0-255,66,65418,23,155642
2453,0.000755,172.217.194.0-255,5738,71156,23,155642
2454,0.000762,172.31.33.0-255,66,71222,23,155642
2455,0.000775,172.217.194.0-255,4320,75542,23,155642
2456,0.000778,172.31.33.0-255,66,75608,23,155642
2457,0.000812,172.31.33.0-255,66,75674,23,155642
2458,0.000817,172.217.194.0-255,4320,79994,23,155642
2459,0.00082,172.31.33.0-255,66,80060,23,155642
2460,0.000822,172.217.194.0-255,766,80826,23,155642
2461,0.001214,172.31.33.0-255,66,80892,23,155642
2462,0.001973,172.217.194.0-255,1484,82376,23,155642
2463,0.001983,172.217.194.0-255,2902,85278,23,155642
2464,0.001988,172.31.33.0-255,66,85344,23,155642
2465,0.001996,172.217.194.0-255,5738,91082,23,155642
2466,0.001998,172.31.33.0-255,66,91148,23,155642
2467,0.002004,172.217.194.0-255,5738,96886,23,155642
2468,0.002006,172.31.33.0-255,66,96952,23,155642
2469,0.00204,172.31.33.0-255,66,97018,23,155642
2470,0.002068,172.217.194.0-255,4320,101338,23,155642
2471,0.00207,172.31.33.0-255,66,101404,23,155642
2472,0.002076,172.217.194.0-255,5020,106424,23,155642
2473,0.002078,172.31.33.0-255,66,106490,23,155642
2474,0.002205,172.217.194.0-255,1484,107974,23,155642
2475,0.002211,172.217.194.0-255,2902,110876,23,155642
2476,0.002215,172.31.33.0-255,66,110942,23,155642
2477,0.002222,172.217.194.0-255,5738,116680,23,155642
2478,0.002224,172.31.33.0-255,66,116746,23,155642
2479,0.002251,172.31.33.0-255,66,116812,23,155642
2480,0.00226,172.217.194.0-255,4320,121132,23,155642
2481,0.002262,172.31.33.0-255,66,121198,23,155642
2482,0.002273,172.31.33.0-255,66,121264,23,155642
2483,0.002293,172.217.194.0-255,1484,122748,23,155642
2484,0.002297,172.217.194.0-255,766,123514,23,155642
2485,0.002299,172.31.33.0-255,66,123580,23,155642
2486,0.002344,172.217.194.0-255,1484,125064,23,155642
2487,0.00236,172.217.194.0-255,2902,127966,23,155642
2488,0.002363,172.31.33.0-255,66,128032,23,155642
2489,0.002366,172.217.194.0-255,1484,129516,23,155642
2490,0.002382,172.217.194.0-255,4320,133836,23,155642
2491,0.002384,172.31.33.0-255,66,133902,23,155642
2492,0.00239,172.217.194.0-255,4320,138222,23,155642
2493,0.002392,172.31.33.0-255,66,138288,23,155642
2494,0.002425,172.31.33.0-255,66,138354,23,155642
2495,0.002437,172.31.33.0-255,66,138420,23,155642
2496,0.002461,172.217.194.0-255,2902,141322,23,155642
2497,0.002464,172.31.33.0-255,66,141388,23,155642
2498,0.002495,172.31.33.0-255,66,141454,23,155642
2499,0.002586,172.31.33.0-255,66,141520,23,155642
2500,0.002604,172.217.194.0-255,2184,143704,23,155642
2501,0.002608,172.31.33.0-255,66,143770,23,155642
2502,0.005155,172.217.194.0-255,2902,146672,23,155642
2503,0.00516,172.31.33.0-255,66,146738,23,155642
2504,0.00518,172.217.194.0-255,2902,149640,23,155642
2505,0.005182,172.31.33.0-255,66,149706,23,155642
2506,0.007764,172.217.194.0-255,2902,152608,23,155642
2507,0.00777,172.31.33.0-255,66,152674,23,155642
2508,0.007815,172.217.194.0-255,2902,155576,23,155642
2509,0.007819,172.31.33.0-255,66,155642,23,155642
2510,0.0,172.31.33.0-255,105,105,23,459
2511,0.000125,172.31.33.0-255,90,195,23,459
2512,0.000135,172.31.33.0-255,66,261,23,459
2513,0.002269,172.217.194.0-255,66,327,23,459
2514,0.002287,172.217.194.0-255,66,393,23,459
2515,0.0023,172.31.33.0-255,66,459,23,459
2516,0.0,172.31.33.0-255,105,105,23,276
2517,0.001784,157.240.7.0-255,105,210,23,276
2518,0.001794,172.31.33.0-255,66,276,23,276
2519,0.0,172.217.194.0-255,152,152,23,165458
2520,3.4e-05,172.31.33.0-255,66,218,23,165458
2521,4.3e-05,172.217.194.0-255,1484,1702,23,165458
2522,4.7e-05,172.31.33.0-255,66,1768,23,165458
2523,5.2e-05,172.217.194.0-255,2902,4670,23,165458
2524,5.4e-05,172.31.33.0-255,66,4736,23,165458
2525,6.8e-05,172.217.194.0-255,7156,11892,23,165458
2526,7e-05,172.31.33.0-255,66,11958,23,165458
2527,9.7e-05,172.217.194.0-255,2041,13999,23,165458
2528,0.000104,172.31.33.0-255,66,14065,23,165458
2529,0.000262,172.217.194.0-255,1484,15549,23,165458
2530,0.000267,172.31.33.0-255,66,15615,23,165458
2531,0.000272,172.217.194.0-255,2902,18517,23,165458
2532,0.000275,172.31.33.0-255,66,18583,23,165458
2533,0.000281,172.217.194.0-255,4320,22903,23,165458
2534,0.000288,172.31.33.0-255,66,22969,23,165458
2535,0.000317,172.217.194.0-255,1484,24453,23,165458
2536,0.000325,172.31.33.0-255,66,24519,23,165458
2537,0.000333,172.217.194.0-255,6797,31316,23,165458
2538,0.000335,172.31.33.0-255,66,31382,23,165458
2539,0.000896,172.217.194.0-255,1484,32866,23,165458
2540,0.000902,172.31.33.0-255,66,32932,23,165458
2541,0.000927,172.217.194.0-255,2902,35834,23,165458
2542,0.00093,172.31.33.0-255,66,35900,23,165458
2543,0.000936,172.217.194.0-255,5738,41638,23,165458
2544,0.000938,172.31.33.0-255,66,41704,23,165458
2545,0.000945,172.217.194.0-255,6797,48501,23,165458
2546,0.000947,172.31.33.0-255,66,48567,23,165458
2547,0.001001,172.31.33.0-255,66,48633,23,165458
2548,0.001032,172.217.194.0-255,5379,54012,23,165458
2549,0.001035,172.31.33.0-255,66,54078,23,165458
2550,0.001976,172.217.194.0-255,648,54726,23,165458
2551,0.002014,172.217.194.0-255,1484,56210,23,165458
2552,0.002018,172.31.33.0-255,66,56276,23,165458
2553,0.002024,172.217.194.0-255,4320,60596,23,165458
2554,0.002026,172.31.33.0-255,66,60662,23,165458
2555,0.002061,172.31.33.0-255,66,60728,23,165458
2556,0.002071,172.31.33.0-255,66,60794,23,165458
2557,0.002106,172.217.194.0-255,2902,63696,23,165458
2558,0.002109,172.31.33.0-255,66,63762,23,165458
2559,0.002134,172.217.194.0-255,5020,68782,23,165458
2560,0.002136,172.31.33.0-255,66,68848,23,165458
2561,0.002368,172.217.194.0-255,1484,70332,23,165458
2562,0.002385,172.217.194.0-255,2902,73234,23,165458
2563,0.002387,172.31.33.0-255,66,73300,23,165458
2564,0.002392,172.217.194.0-255,5738,79038,23,165458
2565,0.002394,172.31.33.0-255,66,79104,23,165458
2566,0.002434,172.217.194.0-255,7156,86260,23,165458
2567,0.002437,172.31.33.0-255,66,86326,23,165458
2568,0.002462,172.217.194.0-255,4320,90646,23,165458
2569,0.002464,172.31.33.0-255,66,90712,23,165458
2570,0.002476,172.31.33.0-255,66,90778,23,165458
2571,0.002502,172.31.33.0-255,66,90844,23,165458
2572,0.002515,172.31.33.0-255,66,90910,23,165458
2573,0.002557,172.31.33.0-255,66,90976,23,165458
2574,0.002668,172.217.194.0-255,1484,92460,23,165458
2575,0.002671,172.217.194.0-255,1484,93944,23,165458
2576,0.002673,172.31.33.0-255,66,94010,23,165458
2577,0.002687,172.217.194.0-255,1484,95494,23,165458
2578,0.002697,172.217.194.0-255,5738,101232,23,165458
2579,0.002699,172.31.33.0-255,66,101298,23,165458
2580,0.002738,172.217.194.0-255,1484,102782,23,165458
2581,0.002765,172.31.33.0-255,66,102848,23,165458
2582,0.00278,172.31.33.0-255,66,102914,23,165458
2583,0.002843,172.217.194.0-255,1484,104398,23,165458
2584,0.002856,172.217.194.0-255,2902,107300,23,165458
2585,0.002858,172.31.33.0-255,66,107366,23,165458
2586,0.002872,172.217.194.0-255,2902,110268,23,165458
2587,0.002878,172.31.33.0-255,66,110334,23,165458
2588,0.002903,172.217.194.0-255,2902,113236,23,165458
2589,0.002906,172.31.33.0-255,66,113302,23,165458
2590,0.002912,172.217.194.0-255,7156,120458,23,165458
2591,0.002914,172.31.33.0-255,66,120524,23,165458
2592,0.002934,172.31.33.0-255,66,120590,23,165458
2593,0.00294,172.217.194.0-255,5738,126328,23,165458
2594,0.002942,172.31.33.0-255,66,126394,23,165458
2595,0.002969,172.31.33.0-255,66,126460,23,165458
2596,0.002991,172.31.33.0-255,66,126526,23,165458
2597,0.003004,172.217.194.0-255,4320,130846,23,165458
2598,0.003022,172.31.33.0-255,66,130912,23,165458
2599,0.003023,172.31.33.0-255,66,130978,23,165458
2600,0.003031,172.217.194.0-255,4320,135298,23,165458
2601,0.003035,172.31.33.0-255,66,135364,23,165458
2602,0.003039,172.217.194.0-255,4320,139684,23,165458
2603,0.003041,172.31.33.0-255,66,139750,23,165458
2604,0.003073,172.31.33.0-255,66,139816,23,165458
2605,0.003088,172.31.33.0-255,66,139882,23,165458
2606,0.00313,172.31.33.0-255,66,139948,23,165458
2607,0.003143,172.31.33.0-255,66,140014,23,165458
2608,0.003145,172.217.194.0-255,1484,141498,23,165458
2609,0.003201,172.31.33.0-255,66,141564,23,165458
2610,0.003237,172.217.194.0-255,3602,145166,23,165458
2611,0.00324,172.31.33.0-255,66,145232,23,165458
2612,0.003258,172.31.33.0-255,66,145298,23,165458
2613,0.003266,172.217.194.0-255,7156,152454,23,165458
2614,0.003268,172.31.33.0-255,66,152520,23,165458
2615,0.003271,172.217.194.0-255,1484,154004,23,165458
2616,0.003273,172.31.33.0-255,78,154082,23,165458
2617,0.003292,172.217.194.0-255,5020,159102,23,165458
2618,0.003336,172.31.33.0-255,66,159168,23,165458
2619,0.003337,172.31.33.0-255,66,159234,23,165458
2620,0.003371,172.217.194.0-255,6053,165287,23,165458
2621,0.003375,172.31.33.0-255,66,165353,23,165458
2622,0.003377,172.217.194.0-255,105,165458,23,165458
2623,0.0,172.31.33.0-255,105,105,23,918
2624,0.000113,172.31.33.0-255,105,210,23,918
2625,0.000324,172.31.33.0-255,90,300,23,918
2626,0.000334,172.31.33.0-255,66,366,23,918
2627,0.000527,172.31.33.0-255,90,456,23,918
2628,0.000534,172.31.33.0-255,66,522,23,918
2629,0.002715,74.125.24.0-255,66,588,23,918
2630,0.002905,74.125.24.0-255,66,654,23,918
2631,0.002911,74.125.24.0-255,66,720,23,918
2632,0.002925,172.31.33.0-255,66,786,23,918
2633,0.00364,74.125.24.0-255,66,852,23,918
2634,0.003643,172.31.33.0-255,66,918,23,918
2635,0.0,172.217.194.0-255,146,146,23,215711
2636,2.3e-05,172.31.33.0-255,66,212,23,215711
2637,3.1e-05,172.217.194.0-255,1484,1696,23,215711
2638,3.5e-05,172.31.33.0-255,66,1762,23,215711
2639,4.8e-05,172.217.194.0-255,2902,4664,23,215711
2640,5.1e-05,172.31.33.0-255,66,4730,23,215711
2641,6.1e-05,172.217.194.0-255,7156,11886,23,215711
2642,6.4e-05,172.31.33.0-255,66,11952,23,215711
2643,8.4e-05,172.31.33.0-255,66,12018,23,215711
2644,0.000104,172.217.194.0-255,2543,14561,23,215711
2645,0.000111,172.31.33.0-255,66,14627,23,215711
2646,0.000117,172.217.194.0-255,2902,17529,23,215711
2647,0.000119,172.31.33.0-255,66,17595,23,215711
2648,0.000161,172.217.194.0-255,7156,24751,23,215711
2649,0.000164,172.31.33.0-255,66,24817,23,215711
2650,0.000172,172.217.194.0-255,6797,31614,23,215711
2651,0.000174,172.31.33.0-255,66,31680,23,215711
2652,0.000393,172.217.194.0-255,1484,33164,23,215711
2653,0.000398,172.31.33.0-255,66,33230,23,215711
2654,0.000405,172.217.194.0-255,2902,36132,23,215711
2655,0.000408,172.31.33.0-255,66,36198,23,215711
2656,0.000419,172.217.194.0-255,2902,39100,23,215711
2657,0.000421,172.31.33.0-255,66,39166,23,215711
2658,0.000447,172.217.194.0-255,2902,42068,23,215711
2659,0.000454,172.31.33.0-255,66,42134,23,215711
2660,0.000462,172.217.194.0-255,5738,47872,23,215711
2661,0.000464,172.31.33.0-255,66,47938,23,215711
2662,0.000499,172.217.194.0-255,1704,49642,23,215711
2663,0.000502,172.31.33.0-255,66,49708,23,215711
2664,0.000513,172.31.33.0-255,66,49774,23,215711
2665,0.000528,172.31.33.0-255,66,49840,23,215711
2666,0.000706,172.217.194.0-255,1484,51324,23,215711
2667,0.000713,172.217.194.0-255,2902,54226,23,215711
2668,0.000717,172.31.33.0-255,66,54292,23,215711
2669,0.000753,172.217.194.0-255,5738,60030,23,215711
2670,0.000756,172.31.33.0-255,66,60096,23,215711
2671,0.000765,172.217.194.0-255,6797,66893,23,215711
2672,0.000767,172.31.33.0-255,66,66959,23,215711
2673,0.000912,172.217.194.0-255,1484,68443,23,215711
2674,0.000919,172.217.194.0-255,2902,71345,23,215711
2675,0.000922,172.31.33.0-255,66,71411,23,215711
2676,0.000926,172.217.194.0-255,1484,72895,23,215711
2677,0.000954,172.217.194.0-255,4320,77215,23,215711
2678,0.000957,172.31.33.0-255,66,77281,23,215711
2679,0.000965,172.217.194.0-255,7156,84437,23,215711
2680,0.000968,172.31.33.0-255,66,84503,23,215711
2681,0.000999,172.217.194.0-255,5738,90241,23,215711
2682,0.001002,172.31.33.0-255,66,90307,23,215711
2683,0.001018,172.31.33.0-255,66,90373,23,215711
2684,0.001022,172.217.194.0-255,2184,92557,23,215711
2685,0.001025,172.31.33.0-255,66,92623,23,215711
2686,0.001496,172.217.194.0-255,1484,94107,23,215711
2687,0.001501,172.217.194.0-255,2902,97009,23,215711
2688,0.001504,172.31.33.0-255,66,97075,23,215711
2689,0.00151,172.217.194.0-255,4320,101395,23,215711
2690,0.001512,172.31.33.0-255,66,101461,23,215711
2691,0.001527,172.217.194.0-255,1484,102945,23,215711
2692,0.001533,172.217.194.0-255,5738,108683,23,215711
2693,0.001535,172.31.33.0-255,66,108749,23,215711
2694,0.001559,172.217.194.0-255,1484,110233,23,215711
2695,0.001569,172.31.33.0-255,66,110299,23,215711
2696,0.001627,172.31.33.0-255,66,110365,23,215711
2697,0.001646,172.217.194.0-255,5020,115385,23,215711
2698,0.001648,172.31.33.0-255,66,115451,23,215711
2699,0.001662,172.31.33.0-255,66,115517,23,215711
2700,0.001668,172.217.194.0-255,7156,122673,23,215711
2701,0.00167,172.31.33.0-255,66,122739,23,215711
2702,0.001713,172.31.33.0-255,66,122805,23,215711
2703,0.001739,172.217.194.0-255,6438,129243,23,215711
2704,0.001742,172.31.33.0-255,66,129309,23,215711
2705,0.001754,172.217.194.0-255,1484,130793,23,215711
2706,0.001763,172.217.194.0-255,4320,135113,23,215711
2707,0.001765,172.31.33.0-255,66,135179,23,215711
2708,0.001795,172.217.194.0-255,6438,141617,23,215711
2709,0.001798,172.31.33.0-255,66,141683,23,215711
2710,0.001819,172.217.194.0-255,2902,144585,23,215711
2711,0.001821,172.31.33.0-255,66,144651,23,215711
2712,0.001835,172.31.33.0-255,66,144717,23,215711
2713,0.001852,172.217.194.0-255,2902,147619,23,215711
2714,0.001854,172.31.33.0-255,66,147685,23,215711
2715,0.001887,172.217.194.0-255,1484,149169,23,215711
2716,0.001897,172.217.194.0-255,1484,150653,23,215711
2717,0.001919,172.217.194.0-255,4320,154973,23,215711
2718,0.001938,172.217.194.0-255,4320,159293,23,215711
2719,0.00196,172.217.194.0-255,7156,166449,23,215711
2720,0.001992,172.217.194.0-255,7156,173605,23,215711
2721,0.00203,172.217.194.0-255,766,174371,23,215711
2722,0.002043,172.217.194.0-255,5738,180109,23,215711
2723,0.002098,172.217.194.0-255,4320,184429,23,215711
2724,0.002172,172.217.194.0-255,2902,187331,23,215711
2725,0.002204,172.217.194.0-255,7156,194487,23,215711
2726,0.002218,172.217.194.0-255,766,195253,23,215711
2727,0.00225,172.217.194.0-255,7156,202409,23,215711
2728,0.002277,172.217.194.0-255,5738,208147,23,215711
2729,0.002288,172.217.194.0-255,1484,209631,23,215711
2730,0.002294,172.217.194.0-255,5738,215369,23,215711
2731,0.002315,172.217.194.0-255,105,215474,23,215711
2732,0.002622,172.31.33.0-255,66,215540,23,215711
2733,0.004736,172.31.33.0-255,105,215645,23,215711
2734,0.007271,172.217.194.0-255,66,215711,23,215711
2735,0.0,172.253.118.0-255,143,143,23,111123
2736,3e-05,172.31.33.0-255,66,209,23,111123
2737,3.7e-05,172.253.118.0-255,1484,1693,23,111123
2738,4.1e-05,172.31.33.0-255,66,1759,23,111123
2739,4.6e-05,172.253.118.0-255,2902,4661,23,111123
2740,4.9e-05,172.31.33.0-255,66,4727,23,111123
2741,6.6e-05,172.253.118.0-255,1484,6211,23,111123
2742,6.9e-05,172.31.33.0-255,66,6277,23,111123
2743,9.5e-05,172.253.118.0-255,5738,12015,23,111123
2744,9.8e-05,172.31.33.0-255,66,12081,23,111123
2745,0.000101,172.253.118.0-255,2058,14139,23,111123
2746,0.000103,172.31.33.0-255,66,14205,23,111123
2747,0.000404,172.253.118.0-255,1484,15689,23,111123
2748,0.000409,172.31.33.0-255,66,15755,23,111123
2749,0.000417,172.253.118.0-255,2902,18657,23,111123
2750,0.000419,172.31.33.0-255,66,18723,23,111123
2751,0.000444,172.253.118.0-255,5738,24461,23,111123
2752,0.000446,172.31.33.0-255,66,24527,23,111123
2753,0.000469,172.253.118.0-255,5738,30265,23,111123
2754,0.000472,172.31.33.0-255,66,30331,23,111123
2755,0.000492,172.253.118.0-255,1125,31456,23,111123
2756,0.000495,172.31.33.0-255,66,31522,23,111123
2757,0.000641,172.253.118.0-255,1484,33006,23,111123
2758,0.000645,172.31.33.0-255,66,33072,23,111123
2759,0.00065,172.253.118.0-255,2902,35974,23,111123
2760,0.000652,172.31.33.0-255,66,36040,23,111123
2761,0.000655,172.253.118.0-255,1484,37524,23,111123
2762,0.000658,172.31.33.0-255,66,37590,23,111123
2763,0.00068,172.253.118.0-255,4320,41910,23,111123
2764,0.000683,172.31.33.0-255,66,41976,23,111123
2765,0.000687,172.253.118.0-255,2902,44878,23,111123
2766,0.000688,172.31.33.0-255,66,44944,23,111123
2767,0.000722,172.31.33.0-255,66,45010,23,111123
2768,0.000733,172.31.33.0-255,66,45076,23,111123
2769,0.000751,172.253.118.0-255,448,45524,23,111123
2770,0.00079,172.253.118.0-255,329,45853,23,111123
2771,0.001187,172.253.118.0-255,1484,47337,23,111123
2772,0.001194,172.31.33.0-255,66,47403,23,111123
2773,0.001199,172.253.118.0-255,2902,50305,23,111123
2774,0.0012,172.31.33.0-255,66,50371,23,111123
2775,0.001206,172.253.118.0-255,5738,56109,23,111123
2776,0.001207,172.31.33.0-255,66,56175,23,111123
2777,0.001222,172.253.118.0-255,1484,57659,23,111123
2778,0.001235,172.253.118.0-255,4320,61979,23,111123
2779,0.001237,172.31.33.0-255,66,62045,23,111123
2780,0.001247,172.253.118.0-255,4320,66365,23,111123
2781,0.001249,172.31.33.0-255,66,66431,23,111123
2782,0.001279,172.253.118.0-255,4320,70751,23,111123
2783,0.001281,172.31.33.0-255,66,70817,23,111123
2784,0.001304,172.31.33.0-255,66,70883,23,111123
2785,0.001886,172.253.118.0-255,1484,72367,23,111123
2786,0.001889,172.253.118.0-255,1484,73851,23,111123
2787,0.001891,172.31.33.0-255,66,73917,23,111123
2788,0.001909,172.253.118.0-255,1484,75401,23,111123
2789,0.001915,172.253.118.0-255,5738,81139,23,111123
2790,0.001918,172.31.33.0-255,66,81205,23,111123
2791,0.00193,172.253.118.0-255,1484,82689,23,111123
2792,0.001953,172.31.33.0-255,66,82755,23,111123
2793,0.001986,172.253.118.0-255,7156,89911,23,111123
2794,0.001989,172.31.33.0-255,66,89977,23,111123
2795,0.002006,172.253.118.0-255,3602,93579,23,111123
2796,0.002009,172.31.33.0-255,66,93645,23,111123
2797,0.00426,172.253.118.0-255,1484,95129,23,111123
2798,0.00432,172.253.118.0-255,4320,99449,23,111123
2799,0.004325,172.31.33.0-255,66,99515,23,111123
2800,0.006637,172.253.118.0-255,5738,105253,23,111123
2801,0.006647,172.31.33.0-255,66,105319,23,111123
2802,0.008972,172.253.118.0-255,5738,111057,23,111123
2803,0.008978,172.31.33.0-255,66,111123,23,111123
2804,0.0,172.217.194.0-255,152,152,23,237188
2805,2.3e-05,172.31.33.0-255,66,218,23,237188
2806,3.7e-05,172.217.194.0-255,1484,1702,23,237188
2807,4.2e-05,172.31.33.0-255,66,1768,23,237188
2808,4.5e-05,172.217.194.0-255,1484,3252,23,237188
2809,4.7e-05,172.31.33.0-255,66,3318,23,237188
2810,6.6e-05,172.217.194.0-255,1484,4802,23,237188
2811,6.9e-05,172.31.33.0-255,66,4868,23,237188
2812,7.6e-05,172.217.194.0-255,7156,12024,23,237188
2813,7.9e-05,172.31.33.0-255,66,12090,23,237188
2814,0.00012,172.217.194.0-255,1484,13574,23,237188
2815,0.000123,172.31.33.0-255,66,13640,23,237188
2816,0.000152,172.31.33.0-255,66,13706,23,237188
2817,0.000159,172.217.194.0-255,5738,19444,23,237188
2818,0.000161,172.31.33.0-255,66,19510,23,237188
2819,0.000197,172.217.194.0-255,4320,23830,23,237188
2820,0.0002,172.31.33.0-255,66,23896,23,237188
2821,0.00023,172.31.33.0-255,66,23962,23,237188
2822,0.000247,172.217.194.0-255,766,24728,23,237188
2823,0.000249,172.31.33.0-255,66,24794,23,237188
2824,0.000274,172.217.194.0-255,1484,26278,23,237188
2825,0.000278,172.31.33.0-255,66,26344,23,237188
2826,0.000283,172.217.194.0-255,2902,29246,23,237188
2827,0.000286,172.31.33.0-255,66,29312,23,237188
2828,0.000315,172.217.194.0-255,5738,35050,23,237188
2829,0.000319,172.31.33.0-255,66,35116,23,237188
2830,0.000348,172.217.194.0-255,1484,36600,23,237188
2831,0.000351,172.31.33.0-255,66,36666,23,237188
2832,0.000373,172.217.194.0-255,5668,42334,23,237188
2833,0.000377,172.31.33.0-255,66,42400,23,237188
2834,0.000379,172.217.194.0-255,365,42765,23,237188
2835,0.000461,172.217.194.0-255,1484,44249,23,237188
2836,0.000464,172.31.33.0-255,66,44315,23,237188
2837,0.000469,172.217.194.0-255,1484,45799,23,237188
2838,0.000483,172.217.194.0-255,1484,47283,23,237188
2839,0.000485,172.31.33.0-255,66,47349,23,237188
2840,0.000492,172.217.194.0-255,5738,53087,23,237188
2841,0.000494,172.31.33.0-255,66,53153,23,237188
2842,0.0005,172.217.194.0-255,5738,58891,23,237188
2843,0.000505,172.31.33.0-255,66,58957,23,237188
2844,0.000534,172.31.33.0-255,66,59023,23,237188
2845,0.000561,172.217.194.0-255,1484,60507,23,237188
2846,0.000578,172.217.194.0-255,3602,64109,23,237188
2847,0.000581,172.31.33.0-255,66,64175,23,237188
2848,0.001103,172.217.194.0-255,1484,65659,23,237188
2849,0.001111,172.217.194.0-255,2902,68561,23,237188
2850,0.001115,172.31.33.0-255,66,68627,23,237188
2851,0.001135,172.217.194.0-255,5738,74365,23,237188
2852,0.001138,172.31.33.0-255,66,74431,23,237188
2853,0.001159,172.217.194.0-255,7156,81587,23,237188
2854,0.001161,172.31.33.0-255,66,81653,23,237188
2855,0.00118,172.217.194.0-255,5738,87391,23,237188
2856,0.001182,172.31.33.0-255,66,87457,23,237188
2857,0.001219,172.31.33.0-255,66,87523,23,237188
2858,0.001966,172.217.194.0-255,1484,89007,23,237188
2859,0.001986,172.217.194.0-255,2902,91909,23,237188
2860,0.00199,172.31.33.0-255,66,91975,23,237188
2861,0.001996,172.217.194.0-255,5738,97713,23,237188
2862,0.001997,172.31.33.0-255,66,97779,23,237188
2863,0.002016,172.217.194.0-255,7156,104935,23,237188
2864,0.002018,172.31.33.0-255,66,105001,23,237188
2865,0.002026,172.217.194.0-255,1484,106485,23,237188
2866,0.002063,172.217.194.0-255,1484,107969,23,237188
2867,0.002065,172.31.33.0-255,66,108035,23,237188
2868,0.002087,172.31.33.0-255,66,108101,23,237188
2869,0.0021,172.217.194.0-255,3602,111703,23,237188
2870,0.002102,172.31.33.0-255,66,111769,23,237188
2871,0.002126,172.217.194.0-255,1484,113253,23,237188
2872,0.002128,172.217.194.0-255,1484,114737,23,237188
2873,0.00213,172.31.33.0-255,66,114803,23,237188
2874,0.002144,172.217.194.0-255,1484,116287,23,237188
2875,0.00216,172.217.194.0-255,5738,122025,23,237188
2876,0.002161,172.31.33.0-255,66,122091,23,237188
2877,0.002178,172.217.194.0-255,4320,126411,23,237188
2878,0.002179,172.31.33.0-255,66,126477,23,237188
2879,0.002197,172.217.194.0-255,4320,130797,23,237188
2880,0.002199,172.31.33.0-255,66,130863,23,237188
2881,0.002227,172.217.194.0-255,5738,136601,23,237188
2882,0.002229,172.31.33.0-255,66,136667,23,237188
2883,0.002248,172.31.33.0-255,66,136733,23,237188
2884,0.002812,172.217.194.0-255,1484,138217,23,237188
2885,0.002817,172.217.194.0-255,1484,139701,23,237188
2886,0.00282,172.31.33.0-255,66,139767,23,237188
2887,0.002838,172.217.194.0-255,1484,141251,23,237188
2888,0.002843,172.217.194.0-255,5738,146989,23,237188
2889,0.002846,172.31.33.0-255,66,147055,23,237188
2890,0.00285,172.217.194.0-255,2902,149957,23,237188
2891,0.002852,172.31.33.0-255,66,150023,23,237188
2892,0.002886,172.31.33.0-255,66,150089,23,237188
2893,0.002889,172.217.194.0-255,1484,151573,23,237188
2894,0.002905,172.217.194.0-255,2902,154475,23,237188
2895,0.002908,172.31.33.0-255,66,154541,23,237188
2896,0.002934,172.217.194.0-255,6438,160979,23,237188
2897,0.002937,172.31.33.0-255,66,161045,23,237188
2898,0.00303,172.217.194.0-255,1484,162529,23,237188
2899,0.003048,172.217.194.0-255,2902,165431,23,237188
2900,0.003051,172.31.33.0-255,66,165497,23,237188
2901,0.003053,172.217.194.0-255,1484,166981,23,237188
2902,0.003072,172.217.194.0-255,4320,171301,23,237188
2903,0.003075,172.31.33.0-255,66,171367,23,237188
2904,0.003079,172.217.194.0-255,2902,174269,23,237188
2905,0.00308,172.31.33.0-255,66,174335,23,237188
2906,0.003107,172.31.33.0-255,66,174401,23,237188
2907,0.003114,172.217.194.0-255,7156,181557,23,237188
2908,0.003116,172.31.33.0-255,66,181623,23,237188
2909,0.003145,172.217.194.0-255,6438,188061,23,237188
2910,0.003148,172.31.33.0-255,66,188127,23,237188
2911,0.003158,172.31.33.0-255,66,188193,23,237188
2912,0.003212,172.31.33.0-255,66,188259,23,237188
2913,0.003234,172.31.33.0-255,66,188325,23,237188
2914,0.003237,172.217.194.0-255,1484,189809,23,237188
2915,0.003253,172.217.194.0-255,5738,195547,23,237188
2916,0.003255,172.31.33.0-255,66,195613,23,237188
2917,0.003292,172.31.33.0-255,66,195679,23,237188
2918,0.003302,172.31.33.0-255,66,195745,23,237188
2919,0.003313,172.217.194.0-255,2902,198647,23,237188
2920,0.003315,172.31.33.0-255,66,198713,23,237188
2921,0.003333,172.217.194.0-255,4320,203033,23,237188
2922,0.003335,172.31.33.0-255,66,203099,23,237188
2923,0.00335,172.217.194.0-255,3602,206701,23,237188
2924,0.003352,172.31.33.0-255,66,206767,23,237188
2925,0.003371,172.217.194.0-255,5738,212505,23,237188
2926,0.003373,172.31.33.0-255,66,212571,23,237188
2927,0.003387,172.217.194.0-255,2902,215473,23,237188
2928,0.003389,172.31.33.0-255,66,215539,23,237188
2929,0.0034,172.217.194.0-255,2902,218441,23,237188
2930,0.003402,172.31.33.0-255,66,218507,23,237188
2931,0.003424,172.31.33.0-255,66,218573,23,237188
2932,0.00345,172.217.194.0-255,5020,223593,23,237188
2933,0.003453,172.31.33.0-255,66,223659,23,237188
2934,0.003456,172.217.194.0-255,2902,226561,23,237188
2935,0.003458,172.31.33.0-255,66,226627,23,237188
2936,0.003461,172.217.194.0-255,1484,228111,23,237188
2937,0.003464,172.217.194.0-255,1484,229595,23,237188
2938,0.003466,172.31.33.0-255,78,229673,23,237188
2939,0.003481,172.31.33.0-255,66,229739,23,237188
2940,0.003495,172.31.33.0-255,66,229805,23,237188
2941,0.003497,172.217.194.0-255,1484,231289,23,237188
2942,0.003502,172.217.194.0-255,5491,236780,23,237188
2943,0.003505,172.217.194.0-255,105,236885,23,237188
2944,0.003509,172.31.33.0-255,66,236951,23,237188
2945,0.004804,172.31.33.0-255,66,237017,23,237188
2946,0.004828,172.31.33.0-255,105,237122,23,237188
2947,0.007056,172.217.194.0-255,66,237188,23,237188
2948,0.0,74.125.130.0-255,296,296,23,208603
2949,2.8e-05,172.31.33.0-255,66,362,23,208603
2950,3.6e-05,74.125.130.0-255,1484,1846,23,208603
2951,3.9e-05,172.31.33.0-255,66,1912,23,208603
2952,4.2e-05,74.125.130.0-255,1484,3396,23,208603
2953,4.5e-05,172.31.33.0-255,66,3462,23,208603
2954,8e-05,74.125.130.0-255,2902,6364,23,208603
2955,8.4e-05,74.125.130.0-255,2902,9266,23,208603
2956,8.5e-05,172.31.33.0-255,66,9332,23,208603
2957,8.9e-05,172.31.33.0-255,66,9398,23,208603
2958,0.000112,74.125.130.0-255,4320,13718,23,208603
2959,0.000119,172.31.33.0-255,66,13784,23,208603
2960,0.000153,74.125.130.0-255,1831,15615,23,208603
2961,0.000156,172.31.33.0-255,66,15681,23,208603
2962,0.000159,74.125.130.0-255,1484,17165,23,208603
2963,0.000161,172.31.33.0-255,66,17231,23,208603
2964,0.000184,74.125.130.0-255,1484,18715,23,208603
2965,0.000186,172.31.33.0-255,66,18781,23,208603
2966,0.000193,74.125.130.0-255,7156,25937,23,208603
2967,0.000195,172.31.33.0-255,66,26003,23,208603
2968,0.000238,172.31.33.0-255,66,26069,23,208603
2969,0.000245,74.125.130.0-255,5738,31807,23,208603
2970,0.000247,172.31.33.0-255,66,31873,23,208603
2971,0.000278,74.125.130.0-255,4320,36193,23,208603
2972,0.000281,172.31.33.0-255,66,36259,23,208603
2973,0.000285,74.125.130.0-255,3602,39861,23,208603
2974,0.000287,172.31.33.0-255,66,39927,23,208603
2975,0.000363,74.125.130.0-255,1484,41411,23,208603
2976,0.000366,172.31.33.0-255,66,41477,23,208603
2977,0.000386,74.125.130.0-255,2902,44379,23,208603
2978,0.000388,74.125.130.0-255,1484,45863,23,208603
2979,0.00039,172.31.33.0-255,66,45929,23,208603
2980,0.000418,74.125.130.0-255,4320,50249,23,208603
2981,0.000421,172.31.33.0-255,66,50315,23,208603
2982,0.000424,74.125.130.0-255,1484,51799,23,208603
2983,0.000428,74.125.130.0-255,2902,54701,23,208603
2984,0.00043,172.31.33.0-255,66,54767,23,208603
2985,0.000476,74.125.130.0-255,2833,57600,23,208603
2986,0.000479,172.31.33.0-255,66,57666,23,208603
2987,0.000632,74.125.130.0-255,1484,59150,23,208603
2988,0.000637,74.125.130.0-255,1484,60634,23,208603
2989,0.000641,172.31.33.0-255,66,60700,23,208603
2990,0.000658,74.125.130.0-255,1484,62184,23,208603
2991,0.000664,74.125.130.0-255,4320,66504,23,208603
2992,0.000666,172.31.33.0-255,66,66570,23,208603
2993,0.000692,74.125.130.0-255,1484,68054,23,208603
2994,0.000698,74.125.130.0-255,7156,75210,23,208603
2995,0.000701,172.31.33.0-255,66,75276,23,208603
2996,0.000738,172.31.33.0-255,66,75342,23,208603
2997,0.000764,74.125.130.0-255,2483,77825,23,208603
2998,0.000766,172.31.33.0-255,66,77891,23,208603
2999,0.00099,74.125.130.0-255,1484,79375,23,208603
3000,0.00101,74.125.130.0-255,1484,80859,23,208603
3001,0.001014,172.31.33.0-255,66,80925,23,208603
3002,0.001018,74.125.130.0-255,1484,82409,23,208603
3003,0.00104,74.125.130.0-255,1484,83893,23,208603
3004,0.001043,172.31.33.0-255,66,83959,23,208603
3005,0.001049,74.125.130.0-255,5738,89697,23,208603
3006,0.001051,172.31.33.0-255,66,89763,23,208603
3007,0.001087,172.31.33.0-255,66,89829,23,208603
3008,0.001098,172.31.33.0-255,66,89895,23,208603
3009,0.001131,74.125.130.0-255,3602,93497,23,208603
3010,0.001134,172.31.33.0-255,66,93563,23,208603
3011,0.001214,74.125.130.0-255,1484,95047,23,208603
3012,0.001233,74.125.130.0-255,2902,97949,23,208603
3013,0.001236,172.31.33.0-255,66,98015,23,208603
3014,0.00124,74.125.130.0-255,1484,99499,23,208603
3015,0.001267,74.125.130.0-255,4320,103819,23,208603
3016,0.001271,172.31.33.0-255,66,103885,23,208603
3017,0.001278,74.125.130.0-255,7156,111041,23,208603
3018,0.00128,172.31.33.0-255,66,111107,23,208603
3019,0.001317,172.31.33.0-255,66,111173,23,208603
3020,0.001323,74.125.130.0-255,5738,116911,23,208603
3021,0.001325,172.31.33.0-255,66,116977,23,208603
3022,0.001371,74.125.130.0-255,2184,119161,23,208603
3023,0.001376,172.31.33.0-255,66,119227,23,208603
3024,0.001508,74.125.130.0-255,1484,120711,23,208603
3025,0.001526,74.125.130.0-255,2902,123613,23,208603
3026,0.001531,172.31.33.0-255,66,123679,23,208603
3027,0.001534,74.125.130.0-255,1484,125163,23,208603
3028,0.001558,74.125.130.0-255,4320,129483,23,208603
3029,0.00156,172.31.33.0-255,66,129549,23,208603
3030,0.001565,74.125.130.0-255,4320,133869,23,208603
3031,0.001567,172.31.33.0-255,66,133935,23,208603
3032,0.0016,74.125.130.0-255,7156,141091,23,208603
3033,0.001603,172.31.33.0-255,66,141157,23,208603
3034,0.001614,172.31.33.0-255,66,141223,23,208603
3035,0.001984,74.125.130.0-255,1484,142707,23,208603
3036,0.002001,74.125.130.0-255,2902,145609,23,208603
3037,0.002025,74.125.130.0-255,5738,151347,23,208603
3038,0.002041,74.125.130.0-255,4320,155667,23,208603
3039,0.002052,74.125.130.0-255,2902,158569,23,208603
3040,0.00207,74.125.130.0-255,1484,160053,23,208603
3041,0.002127,74.125.130.0-255,2902,162955,23,208603
3042,0.002217,74.125.130.0-255,1484,164439,23,208603
3043,0.002222,74.125.130.0-255,5020,169459,23,208603
3044,0.002236,74.125.130.0-255,1484,170943,23,208603
3045,0.002253,74.125.130.0-255,4320,175263,23,208603
3046,0.002271,74.125.130.0-255,2902,178165,23,208603
3047,0.002299,74.125.130.0-255,2902,181067,23,208603
3048,0.002421,74.125.130.0-255,1484,182551,23,208603
3049,0.002435,74.125.130.0-255,2902,185453,23,208603
3050,0.002477,74.125.130.0-255,4320,189773,23,208603
3051,0.002497,74.125.130.0-255,2902,192675,23,208603
3052,0.002508,74.125.130.0-255,2902,195577,23,208603
3053,0.002536,74.125.130.0-255,5738,201315,23,208603
3054,0.002553,74.125.130.0-255,4320,205635,23,208603
3055,0.002573,74.125.130.0-255,2902,208537,23,208603
3056,0.008549,172.31.33.0-255,66,208603,23,208603
3057,0.0,172.31.33.0-255,105,105,23,918
3058,7.8e-05,172.31.33.0-255,105,210,23,918
3059,0.000279,172.31.33.0-255,90,300,23,918
3060,0.000289,172.31.33.0-255,66,366,23,918
3061,0.000429,172.31.33.0-255,90,456,23,918
3062,0.000436,172.31.33.0-255,66,522,23,918
3063,0.002733,172.217.194.0-255,66,588,23,918
3064,0.002748,172.217.194.0-255,66,654,23,918
3065,0.00276,172.31.33.0-255,66,720,23,918
3066,0.002782,74.125.130.0-255,66,786,23,918
3067,0.00279,74.125.130.0-255,66,852,23,918
3068,0.002793,172.31.33.0-255,66,918,23,918
3069,0.0,216.58.203.0-255,153,153,23,248309
3070,2.9e-05,172.31.33.0-255,66,219,23,248309
3071,3.5e-05,216.58.203.0-255,1484,1703,23,248309
3072,3.9e-05,172.31.33.0-255,66,1769,23,248309
3073,4.4e-05,216.58.203.0-255,2902,4671,23,248309
3074,4.6e-05,172.31.33.0-255,66,4737,23,248309
3075,5e-05,216.58.203.0-255,4320,9057,23,248309
3076,5.3e-05,172.31.33.0-255,66,9123,23,248309
3077,6.9e-05,216.58.203.0-255,1484,10607,23,248309
3078,7.1e-05,172.31.33.0-255,66,10673,23,248309
3079,8.5e-05,216.58.203.0-255,2902,13575,23,248309
3080,8.7e-05,172.31.33.0-255,66,13641,23,248309
3081,0.00011,216.58.203.0-255,7156,20797,23,248309
3082,0.000113,172.31.33.0-255,66,20863,23,248309
3083,0.000131,216.58.203.0-255,3477,24340,23,248309
3084,0.000134,172.31.33.0-255,66,24406,23,248309
3085,0.000137,216.58.203.0-255,1484,25890,23,248309
3086,0.000138,172.31.33.0-255,66,25956,23,248309
3087,0.000162,216.58.203.0-255,5379,31335,23,248309
3088,0.000165,172.31.33.0-255,66,31401,23,248309
3089,0.00022,216.58.203.0-255,1484,32885,23,248309
3090,0.000222,172.31.33.0-255,66,32951,23,248309
3091,0.000236,216.58.203.0-255,1484,34435,23,248309
3092,0.00024,172.31.33.0-255,66,34501,23,248309
3093,0.00025,216.58.203.0-255,2902,37403,23,248309
3094,0.000252,172.31.33.0-255,66,37469,23,248309
3095,0.000257,216.58.203.0-255,5738,43207,23,248309
3096,0.000259,172.31.33.0-255,66,43273,23,248309
3097,0.000304,172.31.33.0-255,66,43339,23,248309
3098,0.000314,172.31.33.0-255,66,43405,23,248309
3099,0.00058,216.58.203.0-255,351,43756,23,248309
3100,0.000682,172.31.33.0-255,66,43822,23,248309
3101,0.000715,216.58.203.0-255,391,44213,23,248309
3102,0.000739,172.31.33.0-255,66,44279,23,248309
3103,0.000836,216.58.203.0-255,1484,45763,23,248309
3104,0.000843,216.58.203.0-255,1484,47247,23,248309
3105,0.000846,172.31.33.0-255,66,47313,23,248309
3106,0.000864,216.58.203.0-255,1484,48797,23,248309
3107,0.000872,216.58.203.0-255,5738,54535,23,248309
3108,0.000874,172.31.33.0-255,66,54601,23,248309
3109,0.0009,216.58.203.0-255,5738,60339,23,248309
3110,0.000903,172.31.33.0-255,66,60405,23,248309
3111,0.000929,172.31.33.0-255,66,60471,23,248309
3112,0.000939,172.31.33.0-255,66,60537,23,248309
3113,0.001474,216.58.203.0-255,1484,62021,23,248309
3114,0.001481,216.58.203.0-255,2902,64923,23,248309
3115,0.001484,172.31.33.0-255,66,64989,23,248309
3116,0.001489,216.58.203.0-255,4320,69309,23,248309
3117,0.001491,172.31.33.0-255,66,69375,23,248309
3118,0.001503,216.58.203.0-255,1484,70859,23,248309
3119,0.001514,216.58.203.0-255,5738,76597,23,248309
3120,0.001516,172.31.33.0-255,66,76663,23,248309
3121,0.001525,216.58.203.0-255,1484,78147,23,248309
3122,0.001534,172.31.33.0-255,66,78213,23,248309
3123,0.001562,216.58.203.0-255,1484,79697,23,248309
3124,0.001572,216.58.203.0-255,4320,84017,23,248309
3125,0.001573,172.31.33.0-255,66,84083,23,248309
3126,0.001588,216.58.203.0-255,6438,90521,23,248309
3127,0.00159,172.31.33.0-255,66,90587,23,248309
3128,0.001598,172.31.33.0-255,66,90653,23,248309
3129,0.001623,216.58.203.0-255,4320,94973,23,248309
3130,0.001624,172.31.33.0-255,66,95039,23,248309
3131,0.001635,172.31.33.0-255,66,95105,23,248309
3132,0.001653,216.58.203.0-255,3602,98707,23,248309
3133,0.001655,172.31.33.0-255,66,98773,23,248309
3134,0.001723,216.58.203.0-255,1484,100257,23,248309
3135,0.001727,216.58.203.0-255,2902,103159,23,248309
3136,0.001729,172.31.33.0-255,66,103225,23,248309
3137,0.001737,216.58.203.0-255,1484,104709,23,248309
3138,0.001753,216.58.203.0-255,4320,109029,23,248309
3139,0.001754,172.31.33.0-255,66,109095,23,248309
3140,0.001788,216.58.203.0-255,1484,110579,23,248309
3141,0.001809,216.58.203.0-255,5738,116317,23,248309
3142,0.001811,172.31.33.0-255,66,116383,23,248309
3143,0.001814,216.58.203.0-255,2902,119285,23,248309
3144,0.001815,172.31.33.0-255,66,119351,23,248309
3145,0.001818,216.58.203.0-255,1484,120835,23,248309
3146,0.001823,216.58.203.0-255,7156,127991,23,248309
3147,0.001825,172.31.33.0-255,66,128057,23,248309
3148,0.001827,216.58.203.0-255,1484,129541,23,248309
3149,0.001831,216.58.203.0-255,3602,133143,23,248309
3150,0.001833,172.31.33.0-255,66,133209,23,248309
3151,0.002087,216.58.203.0-255,1484,134693,23,248309
3152,0.002101,216.58.203.0-255,2902,137595,23,248309
3153,0.002103,172.31.33.0-255,66,137661,23,248309
3154,0.002106,216.58.203.0-255,2902,140563,23,248309
3155,0.002108,172.31.33.0-255,66,140629,23,248309
3156,0.002121,216.58.203.0-255,4320,144949,23,248309
3157,0.002123,172.31.33.0-255,66,145015,23,248309
3158,0.002151,172.31.33.0-255,66,145081,23,248309
3159,0.00217,216.58.203.0-255,5738,150819,23,248309
3160,0.002172,172.31.33.0-255,66,150885,23,248309
3161,0.002189,216.58.203.0-255,7156,158041,23,248309
3162,0.002191,172.31.33.0-255,66,158107,23,248309
3163,0.002206,216.58.203.0-255,4320,162427,23,248309
3164,0.002208,172.31.33.0-255,66,162493,23,248309
3165,0.002237,172.31.33.0-255,66,162559,23,248309
3166,0.002246,216.58.203.0-255,5738,168297,23,248309
3167,0.002248,172.31.33.0-255,66,168363,23,248309
3168,0.002253,216.58.203.0-255,7156,175519,23,248309
3169,0.002255,172.31.33.0-255,66,175585,23,248309
3170,0.002282,172.31.33.0-255,66,175651,23,248309
3171,0.002305,216.58.203.0-255,1484,177135,23,248309
3172,0.002327,216.58.203.0-255,2902,180037,23,248309
3173,0.002328,172.31.33.0-255,66,180103,23,248309
3174,0.002333,216.58.203.0-255,4320,184423,23,248309
3175,0.002334,172.31.33.0-255,66,184489,23,248309
3176,0.002345,216.58.203.0-255,1484,185973,23,248309
3177,0.002368,216.58.203.0-255,7156,193129,23,248309
3178,0.00237,172.31.33.0-255,66,193195,23,248309
3179,0.00239,216.58.203.0-255,5738,198933,23,248309
3180,0.002392,172.31.33.0-255,66,198999,23,248309
3181,0.002398,216.58.203.0-255,7156,206155,23,248309
3182,0.0024,172.31.33.0-255,66,206221,23,248309
3183,0.002416,216.58.203.0-255,1484,207705,23,248309
3184,0.002418,172.31.33.0-255,78,207783,23,248309
3185,0.002424,216.58.203.0-255,7156,214939,23,248309
3186,0.002426,172.31.33.0-255,78,215017,23,248309
3187,0.00244,216.58.203.0-255,7156,222173,23,248309
3188,0.002442,172.31.33.0-255,78,222251,23,248309
3189,0.002456,216.58.203.0-255,2184,224435,23,248309
3190,0.002458,172.31.33.0-255,66,224501,23,248309
3191,0.002487,172.31.33.0-255,66,224567,23,248309
3192,0.002507,172.31.33.0-255,66,224633,23,248309
3193,0.00251,216.58.203.0-255,1484,226117,23,248309
3194,0.002514,216.58.203.0-255,4320,230437,23,248309
3195,0.002516,172.31.33.0-255,66,230503,23,248309
3196,0.00255,172.31.33.0-255,66,230569,23,248309
3197,0.002603,172.31.33.0-255,66,230635,23,248309
3198,0.00262,216.58.203.0-255,5020,235655,23,248309
3199,0.002622,172.31.33.0-255,66,235721,23,248309
3200,0.002642,172.31.33.0-255,66,235787,23,248309
3201,0.00265,172.31.33.0-255,66,235853,23,248309
3202,0.002655,216.58.203.0-255,7156,243009,23,248309
3203,0.002657,172.31.33.0-255,66,243075,23,248309
3204,0.002661,216.58.203.0-255,2902,245977,23,248309
3205,0.002663,172.31.33.0-255,66,246043,23,248309
3206,0.002666,216.58.203.0-255,1858,247901,23,248309
3207,0.002668,172.31.33.0-255,66,247967,23,248309
3208,0.002696,216.58.203.0-255,105,248072,23,248309
3209,0.007699,172.31.33.0-255,66,248138,23,248309
3210,0.007721,172.31.33.0-255,105,248243,23,248309
3211,0.009422,216.58.203.0-255,66,248309,23,248309
3212,0.0,74.125.24.0-255,150,150,23,113644
3213,2.4e-05,172.31.33.0-255,66,216,23,113644
3214,3.1e-05,74.125.24.0-255,1484,1700,23,113644
3215,3.5e-05,172.31.33.0-255,66,1766,23,113644
3216,4.1e-05,74.125.24.0-255,2902,4668,23,113644
3217,4.4e-05,172.31.33.0-255,66,4734,23,113644
3218,5.2e-05,74.125.24.0-255,5738,10472,23,113644
3219,5.7e-05,172.31.33.0-255,66,10538,23,113644
3220,7.7e-05,74.125.24.0-255,2902,13440,23,113644
3221,8e-05,172.31.33.0-255,66,13506,23,113644
3222,0.000102,74.125.24.0-255,676,14182,23,113644
3223,0.000105,172.31.33.0-255,66,14248,23,113644
3224,0.000134,74.125.24.0-255,1484,15732,23,113644
3225,0.000137,172.31.33.0-255,66,15798,23,113644
3226,0.000158,74.125.24.0-255,2902,18700,23,113644
3227,0.000161,172.31.33.0-255,66,18766,23,113644
3228,0.000186,74.125.24.0-255,5738,24504,23,113644
3229,0.000189,74.125.24.0-255,2902,27406,23,113644
3230,0.000191,74.125.24.0-255,1484,28890,23,113644
3231,0.000195,172.31.33.0-255,66,28956,23,113644
3232,0.000197,172.31.33.0-255,66,29022,23,113644
3233,0.0002,172.31.33.0-255,66,29088,23,113644
3234,0.000215,74.125.24.0-255,2543,31631,23,113644
3235,0.000217,172.31.33.0-255,66,31697,23,113644
3236,0.000232,74.125.24.0-255,2902,34599,23,113644
3237,0.000235,172.31.33.0-255,66,34665,23,113644
3238,0.000254,74.125.24.0-255,1484,36149,23,113644
3239,0.000257,172.31.33.0-255,66,36215,23,113644
3240,0.000263,74.125.24.0-255,5738,41953,23,113644
3241,0.000266,172.31.33.0-255,66,42019,23,113644
3242,0.000288,74.125.24.0-255,6797,48816,23,113644
3243,0.000291,172.31.33.0-255,66,48882,23,113644
3244,0.000521,74.125.24.0-255,1484,50366,23,113644
3245,0.000527,74.125.24.0-255,1484,51850,23,113644
3246,0.000531,172.31.33.0-255,66,51916,23,113644
3247,0.000567,74.125.24.0-255,1484,53400,23,113644
3248,0.000574,74.125.24.0-255,5738,59138,23,113644
3249,0.000577,172.31.33.0-255,66,59204,23,113644
3250,0.000584,74.125.24.0-255,5738,64942,23,113644
3251,0.000586,172.31.33.0-255,66,65008,23,113644
3252,0.000627,74.125.24.0-255,1705,66713,23,113644
3253,0.00063,172.31.33.0-255,66,66779,23,113644
3254,0.000715,74.125.24.0-255,1484,68263,23,113644
3255,0.000721,74.125.24.0-255,2902,71165,23,113644
3256,0.000724,172.31.33.0-255,66,71231,23,113644
3257,0.000727,74.125.24.0-255,1484,72715,23,113644
3258,0.000746,74.125.24.0-255,4320,77035,23,113644
3259,0.000748,172.31.33.0-255,66,77101,23,113644
3260,0.000764,74.125.24.0-255,1484,78585,23,113644
3261,0.000789,172.31.33.0-255,66,78651,23,113644
3262,0.000813,74.125.24.0-255,3961,82612,23,113644
3263,0.000816,172.31.33.0-255,66,82678,23,113644
3264,0.000827,172.31.33.0-255,66,82744,23,113644
3265,0.001763,74.125.24.0-255,1484,84228,23,113644
3266,0.001772,74.125.24.0-255,2902,87130,23,113644
3267,0.001776,172.31.33.0-255,66,87196,23,113644
3268,0.001801,74.125.24.0-255,4320,91516,23,113644
3269,0.001803,172.31.33.0-255,66,91582,23,113644
3270,0.001825,74.125.24.0-255,1484,93066,23,113644
3271,0.001834,172.31.33.0-255,66,93132,23,113644
3272,0.001851,74.125.24.0-255,4320,97452,23,113644
3273,0.001853,172.31.33.0-255,66,97518,23,113644
3274,0.001888,172.31.33.0-255,66,97584,23,113644
3275,0.004429,74.125.24.0-255,4320,101904,23,113644
3276,0.004435,172.31.33.0-255,66,101970,23,113644
3277,0.004452,74.125.24.0-255,1484,103454,23,113644
3278,0.007016,74.125.24.0-255,4320,107774,23,113644
3279,0.007021,172.31.33.0-255,66,107840,23,113644
3280,0.009561,74.125.24.0-255,5738,113578,23,113644
3281,0.009569,172.31.33.0-255,66,113644,23,113644
3282,0.0,172.217.194.0-255,143,143,23,162398
3283,2.6e-05,172.31.33.0-255,66,209,23,162398
3284,3.2e-05,172.217.194.0-255,1484,1693,23,162398
3285,3.6e-05,172.31.33.0-255,66,1759,23,162398
3286,4e-05,172.217.194.0-255,2902,4661,23,162398
3287,4.2e-05,172.31.33.0-255,66,4727,23,162398
3288,5.4e-05,172.217.194.0-255,5738,10465,23,162398
3289,5.6e-05,172.31.33.0-255,66,10531,23,162398
3290,9.4e-05,172.217.194.0-255,3478,14009,23,162398
3291,9.7e-05,172.31.33.0-255,66,14075,23,162398
3292,0.0001,172.217.194.0-255,1484,15559,23,162398
3293,0.000101,172.31.33.0-255,66,15625,23,162398
3294,0.000123,172.217.194.0-255,2902,18527,23,162398
3295,0.000126,172.31.33.0-255,66,18593,23,162398
3296,0.000131,172.217.194.0-255,5738,24331,23,162398
3297,0.000133,172.31.33.0-255,66,24397,23,162398
3298,0.000156,172.217.194.0-255,4320,28717,23,162398
3299,0.000158,172.31.33.0-255,66,28783,23,162398
3300,0.000166,172.217.194.0-255,2543,31326,23,162398
3301,0.000168,172.31.33.0-255,66,31392,23,162398
3302,0.00023,172.217.194.0-255,1484,32876,23,162398
3303,0.000235,172.31.33.0-255,66,32942,23,162398
3304,0.000239,172.217.194.0-255,2902,35844,23,162398
3305,0.000241,172.31.33.0-255,66,35910,23,162398
3306,0.000244,172.217.194.0-255,1484,37394,23,162398
3307,0.000246,172.31.33.0-255,66,37460,23,162398
3308,0.000282,172.217.194.0-255,4320,41780,23,162398
3309,0.000286,172.31.33.0-255,66,41846,23,162398
3310,0.000304,172.31.33.0-255,66,41912,23,162398
3311,0.000315,172.31.33.0-255,66,41978,23,162398
3312,0.000339,172.217.194.0-255,648,42626,23,162398
3313,0.000464,172.217.194.0-255,1484,44110,23,162398
3314,0.000468,172.31.33.0-255,66,44176,23,162398
3315,0.000473,172.217.194.0-255,2902,47078,23,162398
3316,0.000476,172.31.33.0-255,66,47144,23,162398
3317,0.000487,172.217.194.0-255,5738,52882,23,162398
3318,0.000489,172.31.33.0-255,66,52948,23,162398
3319,0.000492,172.217.194.0-255,1484,54432,23,162398
3320,0.000537,172.31.33.0-255,66,54498,23,162398
3321,0.000579,172.31.33.0-255,66,54564,23,162398
3322,0.001197,172.217.194.0-255,1484,56048,23,162398
3323,0.001207,172.217.194.0-255,2902,58950,23,162398
3324,0.001211,172.31.33.0-255,66,59016,23,162398
3325,0.001218,172.217.194.0-255,5738,64754,23,162398
3326,0.00122,172.31.33.0-255,66,64820,23,162398
3327,0.001238,172.31.33.0-255,66,64886,23,162398
3328,0.001263,172.217.194.0-255,4320,69206,23,162398
3329,0.001272,172.31.33.0-255,66,69272,23,162398
3330,0.001284,172.31.33.0-255,66,69338,23,162398
3331,0.001485,172.217.194.0-255,1484,70822,23,162398
3332,0.001493,172.217.194.0-255,2902,73724,23,162398
3333,0.001498,172.31.33.0-255,66,73790,23,162398
3334,0.001504,172.217.194.0-255,5738,79528,23,162398
3335,0.001506,172.31.33.0-255,66,79594,23,162398
3336,0.001524,172.217.194.0-255,4320,83914,23,162398
3337,0.001526,172.31.33.0-255,66,83980,23,162398
3338,0.001564,172.31.33.0-255,66,84046,23,162398
3339,0.001614,172.31.33.0-255,66,84112,23,162398
3340,0.001645,172.217.194.0-255,2184,86296,23,162398
3341,0.001653,172.31.33.0-255,66,86362,23,162398
3342,0.001664,172.31.33.0-255,66,86428,23,162398
3343,0.001669,172.217.194.0-255,5738,92166,23,162398
3344,0.001672,172.31.33.0-255,66,92232,23,162398
3345,0.001701,172.31.33.0-255,66,92298,23,162398
3346,0.001716,172.217.194.0-255,2184,94482,23,162398
3347,0.001722,172.31.33.0-255,66,94548,23,162398
3348,0.001725,172.217.194.0-255,1484,96032,23,162398
3349,0.001728,172.217.194.0-255,1484,97516,23,162398
3350,0.001731,172.31.33.0-255,66,97582,23,162398
3351,0.001765,172.217.194.0-255,1484,99066,23,162398
3352,0.001771,172.217.194.0-255,5738,104804,23,162398
3353,0.001773,172.31.33.0-255,66,104870,23,162398
3354,0.001786,172.31.33.0-255,66,104936,23,162398
3355,0.001802,172.31.33.0-255,66,105002,23,162398
3356,0.001864,172.217.194.0-255,1484,106486,23,162398
3357,0.001868,172.217.194.0-255,1484,107970,23,162398
3358,0.00187,172.31.33.0-255,66,108036,23,162398
3359,0.001885,172.217.194.0-255,1484,109520,23,162398
3360,0.001891,172.217.194.0-255,5738,115258,23,162398
3361,0.001894,172.31.33.0-255,66,115324,23,162398
3362,0.001946,172.31.33.0-255,66,115390,23,162398
3363,0.001959,172.31.33.0-255,66,115456,23,162398
3364,0.002052,172.217.194.0-255,1484,116940,23,162398
3365,0.002057,172.217.194.0-255,2902,119842,23,162398
3366,0.002061,172.31.33.0-255,66,119908,23,162398
3367,0.002067,172.217.194.0-255,5738,125646,23,162398
3368,0.002069,172.31.33.0-255,66,125712,23,162398
3369,0.002107,172.31.33.0-255,66,125778,23,162398
3370,0.002119,172.31.33.0-255,66,125844,23,162398
3371,0.002142,172.217.194.0-255,2184,128028,23,162398
3372,0.002145,172.31.33.0-255,66,128094,23,162398
3373,0.002173,172.31.33.0-255,66,128160,23,162398
3374,0.00221,172.31.33.0-255,66,128226,23,162398
3375,0.00223,172.217.194.0-255,5020,133246,23,162398
3376,0.002234,172.31.33.0-255,66,133312,23,162398
3377,0.002242,172.217.194.0-255,7156,140468,23,162398
3378,0.002245,172.31.33.0-255,66,140534,23,162398
3379,0.002293,172.31.33.0-255,66,140600,23,162398
3380,0.002298,172.217.194.0-255,4320,144920,23,162398
3381,0.0023,172.31.33.0-255,66,144986,23,162398
3382,0.004503,172.217.194.0-255,5738,150724,23,162398
3383,0.004516,172.31.33.0-255,66,150790,23,162398
3384,0.006786,172.217.194.0-255,5738,156528,23,162398
3385,0.006795,172.31.33.0-255,66,156594,23,162398
3386,0.009043,172.217.194.0-255,5738,162332,23,162398
3387,0.009057,172.31.33.0-255,66,162398,23,162398
3388,0.0,74.125.24.0-255,146,146,23,238958
3389,3e-05,172.31.33.0-255,66,212,23,238958
3390,3.7e-05,74.125.24.0-255,1484,1696,23,238958
3391,4.1e-05,172.31.33.0-255,66,1762,23,238958
3392,4.5e-05,74.125.24.0-255,2902,4664,23,238958
3393,4.8e-05,172.31.33.0-255,66,4730,23,238958
3394,8.2e-05,74.125.24.0-255,2902,7632,23,238958
3395,8.5e-05,172.31.33.0-255,66,7698,23,238958
3396,9.1e-05,74.125.24.0-255,4320,12018,23,238958
3397,9.3e-05,172.31.33.0-255,66,12084,23,238958
3398,0.000109,74.125.24.0-255,1484,13568,23,238958
3399,0.000112,172.31.33.0-255,66,13634,23,238958
3400,0.000137,172.31.33.0-255,66,13700,23,238958
3401,0.000143,74.125.24.0-255,5738,19438,23,238958
3402,0.000145,172.31.33.0-255,66,19504,23,238958
3403,0.000177,74.125.24.0-255,3961,23465,23,238958
3404,0.00018,172.31.33.0-255,66,23531,23,238958
3405,0.000343,74.125.24.0-255,1484,25015,23,238958
3406,0.000348,74.125.24.0-255,2902,27917,23,238958
3407,0.00035,172.31.33.0-255,66,27983,23,238958
3408,0.000355,172.31.33.0-255,66,28049,23,238958
3409,0.000372,74.125.24.0-255,5738,33787,23,238958
3410,0.000375,172.31.33.0-255,66,33853,23,238958
3411,0.000399,74.125.24.0-255,2902,36755,23,238958
3412,0.000403,172.31.33.0-255,66,36821,23,238958
3413,0.000427,74.125.24.0-255,5379,42200,23,238958
3414,0.00043,172.31.33.0-255,66,42266,23,238958
3415,0.000442,172.31.33.0-255,66,42332,23,238958
3416,0.00045,74.125.24.0-255,7110,49442,23,238958
3417,0.000452,172.31.33.0-255,66,49508,23,238958
3418,0.00047,74.125.24.0-255,109,49617,23,238958
3419,0.000638,74.125.24.0-255,1484,51101,23,238958
3420,0.000642,172.31.33.0-255,66,51167,23,238958
3421,0.000646,74.125.24.0-255,1484,52651,23,238958
3422,0.000662,74.125.24.0-255,1484,54135,23,238958
3423,0.000665,172.31.33.0-255,66,54201,23,238958
3424,0.000672,74.125.24.0-255,5738,59939,23,238958
3425,0.000674,172.31.33.0-255,66,60005,23,238958
3426,0.000678,74.125.24.0-255,1484,61489,23,238958
3427,0.000731,74.125.24.0-255,5738,67227,23,238958
3428,0.000734,172.31.33.0-255,66,67293,23,238958
3429,0.000757,74.125.24.0-255,3961,71254,23,238958
3430,0.00076,172.31.33.0-255,66,71320,23,238958
3431,0.000767,74.125.24.0-255,7156,78476,23,238958
3432,0.000769,172.31.33.0-255,66,78542,23,238958
3433,0.000808,74.125.24.0-255,1484,80026,23,238958
3434,0.00083,74.125.24.0-255,3961,83987,23,238958
3435,0.000834,172.31.33.0-255,66,84053,23,238958
3436,0.000883,74.125.24.0-255,1484,85537,23,238958
3437,0.000908,74.125.24.0-255,2902,88439,23,238958
3438,0.000912,172.31.33.0-255,66,88505,23,238958
3439,0.000919,74.125.24.0-255,5738,94243,23,238958
3440,0.000922,172.31.33.0-255,66,94309,23,238958
3441,0.000934,172.31.33.0-255,66,94375,23,238958
3442,0.000966,74.125.24.0-255,1484,95859,23,238958
3443,0.000991,172.31.33.0-255,66,95925,23,238958
3444,0.001086,74.125.24.0-255,1484,97409,23,238958
3445,0.001101,74.125.24.0-255,2902,100311,23,238958
3446,0.001105,172.31.33.0-255,66,100377,23,238958
3447,0.001113,74.125.24.0-255,5738,106115,23,238958
3448,0.001115,172.31.33.0-255,66,106181,23,238958
3449,0.001147,172.31.33.0-255,66,106247,23,238958
3450,0.001158,172.31.33.0-255,66,106313,23,238958
3451,0.001193,74.125.24.0-255,2184,108497,23,238958
3452,0.001196,172.31.33.0-255,66,108563,23,238958
3453,0.001889,74.125.24.0-255,1484,110047,23,238958
3454,0.001897,74.125.24.0-255,2902,112949,23,238958
3455,0.001902,172.31.33.0-255,66,113015,23,238958
3456,0.001906,74.125.24.0-255,1484,114499,23,238958
3457,0.001924,74.125.24.0-255,4320,118819,23,238958
3458,0.001926,172.31.33.0-255,66,118885,23,238958
3459,0.001929,74.125.24.0-255,1484,120369,23,238958
3460,0.001952,172.31.33.0-255,66,120435,23,238958
3461,0.001972,74.125.24.0-255,4320,124755,23,238958
3462,0.001974,172.31.33.0-255,66,124821,23,238958
3463,0.001996,74.125.24.0-255,6438,131259,23,238958
3464,0.001999,172.31.33.0-255,66,131325,23,238958
3465,0.002014,74.125.24.0-255,1484,132809,23,238958
3466,0.002031,74.125.24.0-255,2902,135711,23,238958
3467,0.002033,172.31.33.0-255,66,135777,23,238958
3468,0.002039,74.125.24.0-255,5738,141515,23,238958
3469,0.002041,172.31.33.0-255,66,141581,23,238958
3470,0.002066,74.125.24.0-255,2902,144483,23,238958
3471,0.002068,172.31.33.0-255,66,144549,23,238958
3472,0.002096,172.31.33.0-255,66,144615,23,238958
3473,0.002102,74.125.24.0-255,7156,151771,23,238958
3474,0.002104,172.31.33.0-255,66,151837,23,238958
3475,0.002126,74.125.24.0-255,1484,153321,23,238958
3476,0.002149,172.31.33.0-255,66,153387,23,238958
3477,0.002176,172.31.33.0-255,66,153453,23,238958
3478,0.002181,74.125.24.0-255,4320,157773,23,238958
3479,0.002182,172.31.33.0-255,66,157839,23,238958
3480,0.002204,172.31.33.0-255,66,157905,23,238958
3481,0.002229,74.125.24.0-255,1484,159389,23,238958
3482,0.002249,172.31.33.0-255,66,159455,23,238958
3483,0.002269,74.125.24.0-255,5738,165193,23,238958
3484,0.002271,172.31.33.0-255,66,165259,23,238958
3485,0.002281,172.31.33.0-255,66,165325,23,238958
3486,0.002297,74.125.24.0-255,5738,171063,23,238958
3487,0.002299,172.31.33.0-255,66,171129,23,238958
3488,0.002301,74.125.24.0-255,766,171895,23,238958
3489,0.002519,74.125.24.0-255,1484,173379,23,238958
3490,0.002521,172.31.33.0-255,66,173445,23,238958
3491,0.002571,74.125.24.0-255,2902,176347,23,238958
3492,0.002573,172.31.33.0-255,66,176413,23,238958
3493,0.002578,74.125.24.0-255,5738,182151,23,238958
3494,0.002581,172.31.33.0-255,66,182217,23,238958
3495,0.002586,74.125.24.0-255,5738,187955,23,238958
3496,0.002588,172.31.33.0-255,66,188021,23,238958
3497,0.002593,74.125.24.0-255,7156,195177,23,238958
3498,0.002595,172.31.33.0-255,66,195243,23,238958
3499,0.002622,74.125.24.0-255,5738,200981,23,238958
3500,0.002623,172.31.33.0-255,66,201047,23,238958
3501,0.002628,74.125.24.0-255,5020,206067,23,238958
3502,0.00263,172.31.33.0-255,66,206133,23,238958
3503,0.002642,74.125.24.0-255,4320,210453,23,238958
3504,0.002644,172.31.33.0-255,66,210519,23,238958
3505,0.002659,74.125.24.0-255,1484,212003,23,238958
3506,0.00268,74.125.24.0-255,4320,216323,23,238958
3507,0.002682,172.31.33.0-255,66,216389,23,238958
3508,0.0027,74.125.24.0-255,2902,219291,23,238958
3509,0.002702,172.31.33.0-255,66,219357,23,238958
3510,0.002712,172.31.33.0-255,66,219423,23,238958
3511,0.002716,74.125.24.0-255,4320,223743,23,238958
3512,0.002717,172.31.33.0-255,66,223809,23,238958
3513,0.002738,74.125.24.0-255,6438,230247,23,238958
3514,0.00274,172.31.33.0-255,66,230313,23,238958
3515,0.002762,74.125.24.0-255,4320,234633,23,238958
3516,0.002763,172.31.33.0-255,66,234699,23,238958
3517,0.002794,172.31.33.0-255,66,234765,23,238958
3518,0.002804,172.31.33.0-255,66,234831,23,238958
3519,0.002838,74.125.24.0-255,2902,237733,23,238958
3520,0.00284,172.31.33.0-255,66,237799,23,238958
3521,0.002861,172.31.33.0-255,66,237865,23,238958
3522,0.002863,74.125.24.0-255,97,237962,23,238958
3523,0.002865,74.125.24.0-255,105,238067,23,238958
3524,0.002897,74.125.24.0-255,129,238196,23,238958
3525,0.004821,172.31.33.0-255,105,238301,23,238958
3526,0.004845,172.31.33.0-255,105,238406,23,238958
3527,0.005091,172.31.33.0-255,90,238496,23,238958
3528,0.0051,172.31.33.0-255,66,238562,23,238958
3529,0.007091,74.125.24.0-255,66,238628,23,238958
3530,0.007097,74.125.24.0-255,66,238694,23,238958
3531,0.007308,74.125.24.0-255,66,238760,23,238958
3532,0.007345,74.125.24.0-255,66,238826,23,238958
3533,0.007349,172.31.33.0-255,66,238892,23,238958
3534,0.007364,74.125.24.0-255,66,238958,23,238958
3535,0.0,172.31.33.0-255,105,105,23,918
3536,0.000123,172.31.33.0-255,105,210,23,918
3537,0.000356,172.31.33.0-255,90,300,23,918
3538,0.000364,172.31.33.0-255,66,366,23,918
3539,0.000546,172.31.33.0-255,90,456,23,918
3540,0.000552,172.31.33.0-255,66,522,23,918
3541,0.002637,172.217.194.0-255,66,588,23,918
3542,0.002651,172.217.194.0-255,66,654,23,918
3543,0.002659,172.31.33.0-255,66,720,23,918
3544,0.00281,74.125.24.0-255,66,786,23,918
3545,0.002817,74.125.24.0-255,66,852,23,918
3546,0.002822,172.31.33.0-255,66,918,23,918
3547,0.0,172.217.194.0-255,150,150,23,269746
3548,2.2e-05,172.31.33.0-255,66,216,23,269746
3549,2.9e-05,172.217.194.0-255,1484,1700,23,269746
3550,3.3e-05,172.31.33.0-255,66,1766,23,269746
3551,3.6e-05,172.217.194.0-255,1484,3250,23,269746
3552,3.8e-05,172.31.33.0-255,66,3316,23,269746
3553,6.2e-05,172.217.194.0-255,1484,4800,23,269746
3554,6.5e-05,172.31.33.0-255,66,4866,23,269746
3555,7.1e-05,172.217.194.0-255,5738,10604,23,269746
3556,7.3e-05,172.31.33.0-255,66,10670,23,269746
3557,9.8e-05,172.31.33.0-255,66,10736,23,269746
3558,0.000113,172.217.194.0-255,4792,15528,23,269746
3559,0.000115,172.31.33.0-255,66,15594,23,269746
3560,0.000122,172.217.194.0-255,6797,22391,23,269746
3561,0.000124,172.31.33.0-255,66,22457,23,269746
3562,0.000163,172.217.194.0-255,1484,23941,23,269746
3563,0.000166,172.31.33.0-255,66,24007,23,269746
3564,0.000169,172.217.194.0-255,1484,25491,23,269746
3565,0.000171,172.31.33.0-255,66,25557,23,269746
3566,0.000187,172.217.194.0-255,1484,27041,23,269746
3567,0.000189,172.31.33.0-255,66,27107,23,269746
3568,0.000196,172.217.194.0-255,5738,32845,23,269746
3569,0.000197,172.31.33.0-255,66,32911,23,269746
3570,0.000203,172.217.194.0-255,5738,38649,23,269746
3571,0.000205,172.31.33.0-255,66,38715,23,269746
3572,0.000224,172.217.194.0-255,1125,39840,23,269746
3573,0.000226,172.31.33.0-255,66,39906,23,269746
3574,0.000238,172.31.33.0-255,66,39972,23,269746
3575,0.000256,172.217.194.0-255,5738,45710,23,269746
3576,0.000258,172.31.33.0-255,66,45776,23,269746
3577,0.000262,172.217.194.0-255,2833,48609,23,269746
3578,0.000264,172.31.33.0-255,66,48675,23,269746
3579,0.000266,172.217.194.0-255,99,48774,23,269746
3580,0.000393,172.217.194.0-255,363,49137,23,269746
3581,0.000602,172.217.194.0-255,1484,50621,23,269746
3582,0.000607,172.31.33.0-255,66,50687,23,269746
3583,0.000613,172.217.194.0-255,2902,53589,23,269746
3584,0.000614,172.31.33.0-255,66,53655,23,269746
3585,0.00062,172.217.194.0-255,5738,59393,23,269746
3586,0.000622,172.31.33.0-255,66,59459,23,269746
3587,0.000658,172.31.33.0-255,66,59525,23,269746
3588,0.000666,172.217.194.0-255,7156,66681,23,269746
3589,0.000668,172.31.33.0-255,66,66747,23,269746
3590,0.000681,172.217.194.0-255,3602,70349,23,269746
3591,0.000685,172.31.33.0-255,66,70415,23,269746
3592,0.001123,172.217.194.0-255,1484,71899,23,269746
3593,0.001129,172.217.194.0-255,2902,74801,23,269746
3594,0.001132,172.31.33.0-255,66,74867,23,269746
3595,0.001155,172.217.194.0-255,5738,80605,23,269746
3596,0.001158,172.31.33.0-255,66,80671,23,269746
3597,0.001162,172.217.194.0-255,2902,83573,23,269746
3598,0.001164,172.31.33.0-255,66,83639,23,269746
3599,0.001196,172.31.33.0-255,66,83705,23,269746
3600,0.001201,172.217.194.0-255,5738,89443,23,269746
3601,0.001203,172.31.33.0-255,66,89509,23,269746
3602,0.001242,172.217.194.0-255,5020,94529,23,269746
3603,0.001244,172.31.33.0-255,66,94595,23,269746
3604,0.001265,172.217.194.0-255,5738,100333,23,269746
3605,0.001267,172.31.33.0-255,66,100399,23,269746
3606,0.001284,172.217.194.0-255,7156,107555,23,269746
3607,0.001286,172.31.33.0-255,66,107621,23,269746
3608,0.001318,172.217.194.0-255,7156,114777,23,269746
3609,0.00132,172.31.33.0-255,66,114843,23,269746
3610,0.001336,172.217.194.0-255,7156,121999,23,269746
3611,0.001338,172.31.33.0-255,66,122065,23,269746
3612,0.001344,172.217.194.0-255,6438,128503,23,269746
3613,0.001347,172.31.33.0-255,66,128569,23,269746
3614,0.001382,172.217.194.0-255,5738,134307,23,269746
3615,0.001385,172.31.33.0-255,66,134373,23,269746
3616,0.001405,172.217.194.0-255,1484,135857,23,269746
3617,0.001416,172.31.33.0-255,66,135923,23,269746
3618,0.001422,172.217.194.0-255,4320,140243,23,269746
3619,0.001424,172.31.33.0-255,66,140309,23,269746
3620,0.001442,172.217.194.0-255,7156,147465,23,269746
3621,0.001446,172.31.33.0-255,66,147531,23,269746
3622,0.001466,172.217.194.0-255,5738,153269,23,269746
3623,0.001468,172.31.33.0-255,66,153335,23,269746
3624,0.001471,172.217.194.0-255,766,154101,23,269746
3625,0.001535,172.217.194.0-255,1484,155585,23,269746
3626,0.001538,172.31.33.0-255,66,155651,23,269746
3627,0.00156,172.217.194.0-255,2902,158553,23,269746
3628,0.001562,172.31.33.0-255,66,158619,23,269746
3629,0.001568,172.217.194.0-255,5738,164357,23,269746
3630,0.00157,172.31.33.0-255,66,164423,23,269746
3631,0.001572,172.217.194.0-255,1484,165907,23,269746
3632,0.001594,172.217.194.0-255,1484,167391,23,269746
3633,0.001596,172.31.33.0-255,66,167457,23,269746
3634,0.001614,172.31.33.0-255,66,167523,23,269746
3635,0.00163,172.217.194.0-255,2902,170425,23,269746
3636,0.001632,172.31.33.0-255,66,170491,23,269746
3637,0.001643,172.31.33.0-255,66,170557,23,269746
3638,0.001678,172.217.194.0-255,1484,172041,23,269746
3639,0.001698,172.217.194.0-255,2902,174943,23,269746
3640,0.001701,172.31.33.0-255,66,175009,23,269746
3641,0.001704,172.217.194.0-255,1484,176493,23,269746
3642,0.001723,172.217.194.0-255,4320,180813,23,269746
3643,0.001726,172.31.33.0-255,66,180879,23,269746
3644,0.001736,172.217.194.0-255,5738,186617,23,269746
3645,0.001738,172.31.33.0-255,66,186683,23,269746
3646,0.001744,172.217.194.0-255,7156,193839,23,269746
3647,0.001746,172.31.33.0-255,66,193905,23,269746
3648,0.001788,172.31.33.0-255,66,193971,23,269746
3649,0.001808,172.217.194.0-255,2184,196155,23,269746
3650,0.00181,172.31.33.0-255,66,196221,23,269746
3651,0.001843,172.217.194.0-255,1484,197705,23,269746
3652,0.001859,172.217.194.0-255,2902,200607,23,269746
3653,0.001862,172.31.33.0-255,66,200673,23,269746
3654,0.001868,172.217.194.0-255,5738,206411,23,269746
3655,0.00187,172.31.33.0-255,66,206477,23,269746
3656,0.001873,172.217.194.0-255,1484,207961,23,269746
3657,0.001887,172.217.194.0-255,4320,212281,23,269746
3658,0.001891,172.31.33.0-255,66,212347,23,269746
3659,0.0019,172.217.194.0-255,5738,218085,23,269746
3660,0.001902,172.31.33.0-255,66,218151,23,269746
3661,0.001917,172.217.194.0-255,7156,225307,23,269746
3662,0.001919,172.31.33.0-255,66,225373,23,269746
3663,0.001946,172.217.194.0-255,5020,230393,23,269746
3664,0.001949,172.31.33.0-255,66,230459,23,269746
3665,0.001973,172.217.194.0-255,1484,231943,23,269746
3666,0.001988,172.217.194.0-255,2902,234845,23,269746
3667,0.001991,172.31.33.0-255,66,234911,23,269746
3668,0.001996,172.217.194.0-255,5738,240649,23,269746
3669,0.001998,172.31.33.0-255,66,240715,23,269746
3670,0.002061,172.31.33.0-255,66,240781,23,269746
3671,0.002071,172.31.33.0-255,66,240847,23,269746
3672,0.002073,172.217.194.0-255,1484,242331,23,269746
3673,0.002106,172.31.33.0-255,66,242397,23,269746
3674,0.002128,172.31.33.0-255,66,242463,23,269746
3675,0.002133,172.217.194.0-255,5738,248201,23,269746
3676,0.002136,172.31.33.0-255,66,248267,23,269746
3677,0.002159,172.217.194.0-255,5020,253287,23,269746
3678,0.002162,172.31.33.0-255,66,253353,23,269746
3679,0.002179,172.217.194.0-255,2902,256255,23,269746
3680,0.002182,172.31.33.0-255,66,256321,23,269746
3681,0.002227,172.31.33.0-255,66,256387,23,269746
3682,0.002234,172.217.194.0-255,7156,263543,23,269746
3683,0.002236,172.31.33.0-255,66,263609,23,269746
3684,0.002263,172.217.194.0-255,5795,269404,23,269746
3685,0.002267,172.31.33.0-255,66,269470,23,269746
3686,0.002269,172.217.194.0-255,105,269575,23,269746
3687,0.009525,172.31.33.0-255,66,269641,23,269746
3688,0.009566,172.31.33.0-255,105,269746,23,269746
3689,0.0,172.217.194.0-255,146,146,23,183755
3690,2.7e-05,172.31.33.0-255,66,212,23,183755
3691,3.2e-05,172.217.194.0-255,1484,1696,23,183755
3692,3.6e-05,172.31.33.0-255,66,1762,23,183755
3693,4.1e-05,172.217.194.0-255,2902,4664,23,183755
3694,5e-05,172.31.33.0-255,66,4730,23,183755
3695,5.2e-05,172.217.194.0-255,1484,6214,23,183755
3696,5.4e-05,172.31.33.0-255,66,6280,23,183755
3697,8.3e-05,172.217.194.0-255,4320,10600,23,183755
3698,8.6e-05,172.31.33.0-255,66,10666,23,183755
3699,0.00011,172.217.194.0-255,4882,15548,23,183755
3700,0.000113,172.31.33.0-255,66,15614,23,183755
3701,0.000125,172.31.33.0-255,66,15680,23,183755
3702,0.000151,172.217.194.0-255,3961,19641,23,183755
3703,0.000155,172.31.33.0-255,66,19707,23,183755
3704,0.000229,172.217.194.0-255,1484,21191,23,183755
3705,0.000233,172.31.33.0-255,66,21257,23,183755
3706,0.000237,172.217.194.0-255,1484,22741,23,183755
3707,0.000239,172.31.33.0-255,66,22807,23,183755
3708,0.000259,172.217.194.0-255,1484,24291,23,183755
3709,0.000262,172.31.33.0-255,66,24357,23,183755
3710,0.000268,172.217.194.0-255,5738,30095,23,183755
3711,0.00027,172.31.33.0-255,66,30161,23,183755
3712,0.000309,172.31.33.0-255,66,30227,23,183755
3713,0.000337,172.217.194.0-255,2543,32770,23,183755
3714,0.00034,172.31.33.0-255,66,32836,23,183755
3715,0.000351,172.31.33.0-255,66,32902,23,183755
3716,0.00049,172.217.194.0-255,119,33021,23,183755
3717,0.000494,172.31.33.0-255,66,33087,23,183755
3718,0.000734,172.217.194.0-255,1484,34571,23,183755
3719,0.000741,172.217.194.0-255,2902,37473,23,183755
3720,0.000744,172.31.33.0-255,66,37539,23,183755
3721,0.000755,172.217.194.0-255,1484,39023,23,183755
3722,0.000772,172.217.194.0-255,1484,40507,23,183755
3723,0.000774,172.31.33.0-255,66,40573,23,183755
3724,0.000779,172.217.194.0-255,4320,44893,23,183755
3725,0.00078,172.31.33.0-255,66,44959,23,183755
3726,0.000783,172.217.194.0-255,1484,46443,23,183755
3727,0.00081,172.217.194.0-255,7156,53599,23,183755
3728,0.000812,172.31.33.0-255,66,53665,23,183755
3729,0.000852,172.31.33.0-255,66,53731,23,183755
3730,0.000885,172.31.33.0-255,66,53797,23,183755
3731,0.000916,172.217.194.0-255,4320,58117,23,183755
3732,0.000919,172.31.33.0-255,66,58183,23,183755
3733,0.00093,172.31.33.0-255,66,58249,23,183755
3734,0.000947,172.31.33.0-255,66,58315,23,183755
3735,0.000984,172.31.33.0-255,66,58381,23,183755
3736,0.000994,172.31.33.0-255,66,58447,23,183755
3737,0.001028,172.31.33.0-255,66,58513,23,183755
3738,0.001031,172.217.194.0-255,1484,59997,23,183755
3739,0.001035,172.217.194.0-255,2902,62899,23,183755
3740,0.001037,172.31.33.0-255,66,62965,23,183755
3741,0.001097,172.217.194.0-255,5738,68703,23,183755
3742,0.001101,172.31.33.0-255,66,68769,23,183755
3743,0.001114,172.31.33.0-255,66,68835,23,183755
3744,0.001119,172.217.194.0-255,4320,73155,23,183755
3745,0.001121,172.31.33.0-255,66,73221,23,183755
3746,0.001148,172.217.194.0-255,6438,79659,23,183755
3747,0.001152,172.31.33.0-255,66,79725,23,183755
3748,0.00148,172.217.194.0-255,1484,81209,23,183755
3749,0.001486,172.217.194.0-255,2902,84111,23,183755
3750,0.001492,172.31.33.0-255,66,84177,23,183755
3751,0.001495,172.217.194.0-255,1484,85661,23,183755
3752,0.001519,172.217.194.0-255,4320,89981,23,183755
3753,0.001521,172.31.33.0-255,66,90047,23,183755
3754,0.001527,172.217.194.0-255,5738,95785,23,183755
3755,0.001529,172.31.33.0-255,66,95851,23,183755
3756,0.001559,172.217.194.0-255,7156,103007,23,183755
3757,0.001561,172.31.33.0-255,66,103073,23,183755
3758,0.001573,172.31.33.0-255,66,103139,23,183755
3759,0.001898,172.217.194.0-255,1484,104623,23,183755
3760,0.001901,172.217.194.0-255,1484,106107,23,183755
3761,0.001903,172.31.33.0-255,66,106173,23,183755
3762,0.001934,172.217.194.0-255,1484,107657,23,183755
3763,0.00194,172.217.194.0-255,5738,113395,23,183755
3764,0.001944,172.31.33.0-255,66,113461,23,183755
3765,0.00198,172.217.194.0-255,2902,116363,23,183755
3766,0.002008,172.217.194.0-255,5738,122101,23,183755
3767,0.002028,172.217.194.0-255,5020,127121,23,183755
3768,0.002035,172.217.194.0-255,7156,134277,23,183755
3769,0.002054,172.217.194.0-255,4320,138597,23,183755
3770,0.002068,172.217.194.0-255,4320,142917,23,183755
3771,0.002109,172.217.194.0-255,1484,144401,23,183755
3772,0.002113,172.217.194.0-255,2902,147303,23,183755
3773,0.002125,172.217.194.0-255,2902,150205,23,183755
3774,0.002138,172.217.194.0-255,2902,153107,23,183755
3775,0.002151,172.217.194.0-255,4320,157427,23,183755
3776,0.002215,172.217.194.0-255,4320,161747,23,183755
3777,0.002298,172.217.194.0-255,1484,163231,23,183755
3778,0.002412,172.217.194.0-255,1484,164715,23,183755
3779,0.002417,172.217.194.0-255,2902,167617,23,183755
3780,0.002433,172.217.194.0-255,5738,173355,23,183755
3781,0.00248,172.217.194.0-255,4320,177675,23,183755
3782,0.002506,172.217.194.0-255,1484,179159,23,183755
3783,0.002525,172.217.194.0-255,4320,183479,23,183755
3784,0.002604,172.217.194.0-255,105,183584,23,183755
3785,0.006249,172.31.33.0-255,66,183650,23,183755
3786,0.008484,172.31.33.0-255,105,183755,23,183755
3787,0.0,74.125.200.0-255,152,152,23,191940
3788,1.9e-05,172.31.33.0-255,66,218,23,191940
3789,3.2e-05,74.125.200.0-255,1484,1702,23,191940
3790,4e-05,172.31.33.0-255,66,1768,23,191940
3791,4.5e-05,74.125.200.0-255,2902,4670,23,191940
3792,5e-05,172.31.33.0-255,66,4736,23,191940
3793,6.7e-05,74.125.200.0-255,2902,7638,23,191940
3794,7e-05,172.31.33.0-255,66,7704,23,191940
3795,9e-05,74.125.200.0-255,4320,12024,23,191940
3796,9.4e-05,172.31.33.0-255,66,12090,23,191940
3797,0.000141,172.31.33.0-255,66,12156,23,191940
3798,0.000218,74.125.200.0-255,2902,15058,23,191940
3799,0.000221,172.31.33.0-255,66,15124,23,191940
3800,0.00025,74.125.200.0-255,6797,21921,23,191940
3801,0.000254,172.31.33.0-255,66,21987,23,191940
3802,0.000305,74.125.200.0-255,2902,24889,23,191940
3803,0.000309,172.31.33.0-255,66,24955,23,191940
3804,0.000331,74.125.200.0-255,2902,27857,23,191940
3805,0.000335,172.31.33.0-255,66,27923,23,191940
3806,0.000358,74.125.200.0-255,4320,32243,23,191940
3807,0.000362,172.31.33.0-255,66,32309,23,191940
3808,0.000375,74.125.200.0-255,2902,35211,23,191940
3809,0.000381,172.31.33.0-255,66,35277,23,191940
3810,0.000416,74.125.200.0-255,2902,38179,23,191940
3811,0.00042,172.31.33.0-255,66,38245,23,191940
3812,0.00045,172.31.33.0-255,66,38311,23,191940
3813,0.000556,74.125.200.0-255,2902,41213,23,191940
3814,0.00056,172.31.33.0-255,66,41279,23,191940
3815,0.000584,74.125.200.0-255,2855,44134,23,191940
3816,0.000587,172.31.33.0-255,66,44200,23,191940
3817,0.00059,74.125.200.0-255,111,44311,23,191940
3818,0.000593,74.125.200.0-255,329,44640,23,191940
3819,0.000652,74.125.200.0-255,2902,47542,23,191940
3820,0.000655,172.31.33.0-255,66,47608,23,191940
3821,0.000682,74.125.200.0-255,2902,50510,23,191940
3822,0.000686,172.31.33.0-255,66,50576,23,191940
3823,0.000686,74.125.200.0-255,4320,54896,23,191940
3824,0.000689,172.31.33.0-255,66,54962,23,191940
3825,0.000716,74.125.200.0-255,1484,56446,23,191940
3826,0.000738,74.125.200.0-255,7156,63602,23,191940
3827,0.000741,172.31.33.0-255,66,63668,23,191940
3828,0.000811,74.125.200.0-255,7156,70824,23,191940
3829,0.000814,172.31.33.0-255,66,70890,23,191940
3830,0.000838,74.125.200.0-255,1484,72374,23,191940
3831,0.000887,74.125.200.0-255,4320,76694,23,191940
3832,0.00089,172.31.33.0-255,66,76760,23,191940
3833,0.000912,74.125.200.0-255,2184,78944,23,191940
3834,0.000916,172.31.33.0-255,66,79010,23,191940
3835,0.001005,74.125.200.0-255,1484,80494,23,191940
3836,0.001026,74.125.200.0-255,2902,83396,23,191940
3837,0.001029,172.31.33.0-255,66,83462,23,191940
3838,0.001035,74.125.200.0-255,4320,87782,23,191940
3839,0.001037,172.31.33.0-255,66,87848,23,191940
3840,0.00105,74.125.200.0-255,1484,89332,23,191940
3841,0.001093,74.125.200.0-255,4320,93652,23,191940
3842,0.001096,172.31.33.0-255,66,93718,23,191940
3843,0.00113,172.31.33.0-255,66,93784,23,191940
3844,0.001207,74.125.200.0-255,5738,99522,23,191940
3845,0.00121,172.31.33.0-255,66,99588,23,191940
3846,0.001259,74.125.200.0-255,5020,104608,23,191940
3847,0.001262,172.31.33.0-255,66,104674,23,191940
3848,0.001347,74.125.200.0-255,1484,106158,23,191940
3849,0.001369,74.125.200.0-255,2902,109060,23,191940
3850,0.001373,172.31.33.0-255,66,109126,23,191940
3851,0.00138,74.125.200.0-255,5738,114864,23,191940
3852,0.001382,172.31.33.0-255,66,114930,23,191940
3853,0.001423,74.125.200.0-255,1484,116414,23,191940
3854,0.001434,74.125.200.0-255,1484,117898,23,191940
3855,0.001436,172.31.33.0-255,66,117964,23,191940
3856,0.001464,74.125.200.0-255,7156,125120,23,191940
3857,0.001467,172.31.33.0-255,66,125186,23,191940
3858,0.001527,172.31.33.0-255,66,125252,23,191940
3859,0.001552,74.125.200.0-255,3602,128854,23,191940
3860,0.001554,172.31.33.0-255,66,128920,23,191940
3861,0.001641,74.125.200.0-255,1484,130404,23,191940
3862,0.001658,74.125.200.0-255,2902,133306,23,191940
3863,0.00166,172.31.33.0-255,66,133372,23,191940
3864,0.001685,74.125.200.0-255,5738,139110,23,191940
3865,0.001688,172.31.33.0-255,66,139176,23,191940
3866,0.001741,74.125.200.0-255,5738,144914,23,191940
3867,0.001743,172.31.33.0-255,66,144980,23,191940
3868,0.001771,74.125.200.0-255,7156,152136,23,191940
3869,0.001773,172.31.33.0-255,66,152202,23,191940
3870,0.001851,74.125.200.0-255,2902,155104,23,191940
3871,0.001853,172.31.33.0-255,66,155170,23,191940
3872,0.001876,172.31.33.0-255,66,155236,23,191940
3873,0.001967,74.125.200.0-255,1484,156720,23,191940
3874,0.001978,74.125.200.0-255,2902,159622,23,191940
3875,0.001981,172.31.33.0-255,66,159688,23,191940
3876,0.001983,74.125.200.0-255,1484,161172,23,191940
3877,0.002001,74.125.200.0-255,2902,164074,23,191940
3878,0.002004,172.31.33.0-255,66,164140,23,191940
3879,0.002029,74.125.200.0-255,4320,168460,23,191940
3880,0.002031,172.31.33.0-255,66,168526,23,191940
3881,0.002051,74.125.200.0-255,1484,170010,23,191940
3882,0.002087,74.125.200.0-255,4320,174330,23,191940
3883,0.00209,172.31.33.0-255,66,174396,23,191940
3884,0.002121,172.31.33.0-255,66,174462,23,191940
3885,0.002198,74.125.200.0-255,1484,175946,23,191940
3886,0.004142,74.125.200.0-255,4320,180266,23,191940
3887,0.004145,172.31.33.0-255,66,180332,23,191940
3888,0.006165,74.125.200.0-255,5738,186070,23,191940
3889,0.006171,172.31.33.0-255,66,186136,23,191940
3890,0.008194,74.125.200.0-255,5738,191874,23,191940
3891,0.0082,172.31.33.0-255,66,191940,23,191940
3892,0.0,172.31.33.0-255,105,105,23,276
3893,0.001764,157.240.7.0-255,105,210,23,276
3894,0.001775,172.31.33.0-255,66,276,23,276
3895,0.0,172.31.33.0-255,105,105,23,459
3896,0.000213,172.31.33.0-255,90,195,23,459
3897,0.000222,172.31.33.0-255,66,261,23,459
3898,0.002484,74.125.130.0-255,66,327,23,459
3899,0.002497,74.125.130.0-255,66,393,23,459
3900,0.002506,172.31.33.0-255,66,459,23,459
3901,0.0,74.125.24.0-255,153,153,23,171382
3902,1.9e-05,172.31.33.0-255,66,219,23,171382
3903,2.4e-05,74.125.24.0-255,1484,1703,23,171382
3904,2.8e-05,172.31.33.0-255,66,1769,23,171382
3905,6e-05,74.125.24.0-255,2902,4671,23,171382
3906,6.3e-05,172.31.33.0-255,66,4737,23,171382
3907,6.7e-05,74.125.24.0-255,4320,9057,23,171382
3908,6.9e-05,172.31.33.0-255,66,9123,23,171382
3909,0.000125,172.31.33.0-255,66,9189,23,171382
3910,0.000135,172.31.33.0-255,66,9255,23,171382
3911,0.000139,74.125.24.0-255,4320,13575,23,171382
3912,0.000141,172.31.33.0-255,66,13641,23,171382
3913,0.000186,172.31.33.0-255,66,13707,23,171382
3914,0.000189,74.125.24.0-255,766,14473,23,171382
3915,0.000191,172.31.33.0-255,66,14539,23,171382
3916,0.000234,74.125.24.0-255,1484,16023,23,171382
3917,0.000237,172.31.33.0-255,66,16089,23,171382
3918,0.000263,74.125.24.0-255,2902,18991,23,171382
3919,0.000267,172.31.33.0-255,66,19057,23,171382
3920,0.000273,74.125.24.0-255,5738,24795,23,171382
3921,0.000275,172.31.33.0-255,66,24861,23,171382
3922,0.000319,74.125.24.0-255,7122,31983,23,171382
3923,0.000322,172.31.33.0-255,66,32049,23,171382
3924,0.000359,74.125.24.0-255,7156,39205,23,171382
3925,0.000363,172.31.33.0-255,66,39271,23,171382
3926,0.000368,74.125.24.0-255,5738,45009,23,171382
3927,0.000372,172.31.33.0-255,66,45075,23,171382
3928,0.000425,172.31.33.0-255,66,45141,23,171382
3929,0.000426,74.125.24.0-255,5379,50520,23,171382
3930,0.000429,172.31.33.0-255,66,50586,23,171382
3931,0.000674,74.125.24.0-255,1484,52070,23,171382
3932,0.00068,74.125.24.0-255,2902,54972,23,171382
3933,0.000683,172.31.33.0-255,66,55038,23,171382
3934,0.000724,74.125.24.0-255,5738,60776,23,171382
3935,0.000727,172.31.33.0-255,66,60842,23,171382
3936,0.000733,74.125.24.0-255,4320,65162,23,171382
3937,0.000734,172.31.33.0-255,66,65228,23,171382
3938,0.000751,74.125.24.0-255,2902,68130,23,171382
3939,0.000754,172.31.33.0-255,66,68196,23,171382
3940,0.00076,74.125.24.0-255,5738,73934,23,171382
3941,0.000767,172.31.33.0-255,66,74000,23,171382
3942,0.0008,172.31.33.0-255,66,74066,23,171382
3943,0.000805,74.125.24.0-255,2184,76250,23,171382
3944,0.000807,172.31.33.0-255,66,76316,23,171382
3945,0.000862,74.125.24.0-255,1484,77800,23,171382
3946,0.000876,74.125.24.0-255,2902,80702,23,171382
3947,0.000879,172.31.33.0-255,66,80768,23,171382
3948,0.000904,74.125.24.0-255,4320,85088,23,171382
3949,0.000908,172.31.33.0-255,66,85154,23,171382
3950,0.00092,74.125.24.0-255,1484,86638,23,171382
3951,0.000935,172.31.33.0-255,66,86704,23,171382
3952,0.00094,74.125.24.0-255,4320,91024,23,171382
3953,0.000942,172.31.33.0-255,66,91090,23,171382
3954,0.000964,74.125.24.0-255,2902,93992,23,171382
3955,0.000967,172.31.33.0-255,66,94058,23,171382
3956,0.00099,74.125.24.0-255,5738,99796,23,171382
3957,0.000993,172.31.33.0-255,66,99862,23,171382
3958,0.001033,172.31.33.0-255,66,99928,23,171382
3959,0.001035,74.125.24.0-255,1484,101412,23,171382
3960,0.001096,172.31.33.0-255,66,101478,23,171382
3961,0.001125,74.125.24.0-255,1484,102962,23,171382
3962,0.001128,74.125.24.0-255,2184,105146,23,171382
3963,0.001131,172.31.33.0-255,66,105212,23,171382
3964,0.001157,74.125.24.0-255,1484,106696,23,171382
3965,0.001174,74.125.24.0-255,2902,109598,23,171382
3966,0.001176,172.31.33.0-255,66,109664,23,171382
3967,0.001182,74.125.24.0-255,4320,113984,23,171382
3968,0.001183,172.31.33.0-255,66,114050,23,171382
3969,0.001204,74.125.24.0-255,1484,115534,23,171382
3970,0.001212,172.31.33.0-255,66,115600,23,171382
3971,0.001249,74.125.24.0-255,2902,118502,23,171382
3972,0.001253,172.31.33.0-255,66,118568,23,171382
3973,0.001288,172.31.33.0-255,66,118634,23,171382
3974,0.001308,74.125.24.0-255,1484,120118,23,171382
3975,0.001326,74.125.24.0-255,2902,123020,23,171382
3976,0.001328,172.31.33.0-255,66,123086,23,171382
3977,0.001333,74.125.24.0-255,5738,128824,23,171382
3978,0.001335,172.31.33.0-255,66,128890,23,171382
3979,0.001372,172.31.33.0-255,66,128956,23,171382
3980,0.001404,172.31.33.0-255,66,129022,23,171382
3981,0.001426,74.125.24.0-255,6438,135460,23,171382
3982,0.001429,172.31.33.0-255,66,135526,23,171382
3983,0.00144,172.31.33.0-255,66,135592,23,171382
3984,0.001474,172.31.33.0-255,66,135658,23,171382
3985,0.001502,74.125.24.0-255,5020,140678,23,171382
3986,0.001505,172.31.33.0-255,66,140744,23,171382
3987,0.001525,172.31.33.0-255,66,140810,23,171382
3988,0.001534,172.31.33.0-255,66,140876,23,171382
3989,0.001575,74.125.24.0-255,4320,145196,23,171382
3990,0.001578,172.31.33.0-255,66,145262,23,171382
3991,0.00162,172.31.33.0-255,66,145328,23,171382
3992,0.001626,74.125.24.0-255,7156,152484,23,171382
3993,0.001628,172.31.33.0-255,66,152550,23,171382
3994,0.001659,172.31.33.0-255,66,152616,23,171382
3995,0.001692,74.125.24.0-255,4320,156936,23,171382
3996,0.001696,172.31.33.0-255,66,157002,23,171382
3997,0.001731,172.31.33.0-255,66,157068,23,171382
3998,0.00194,74.125.24.0-255,1484,158552,23,171382
3999,0.001952,74.125.24.0-255,2902,161454,23,171382
4000,0.001955,172.31.33.0-255,66,161520,23,171382
4001,0.00196,74.125.24.0-255,2902,164422,23,171382
4002,0.001962,172.31.33.0-255,66,164488,23,171382
4003,0.001985,74.125.24.0-255,2902,167390,23,171382
4004,0.001988,172.31.33.0-255,66,167456,23,171382
4005,0.002017,74.125.24.0-255,3518,170974,23,171382
4006,0.00202,172.31.33.0-255,66,171040,23,171382
4007,0.002051,74.125.24.0-255,105,171145,23,171382
4008,0.006722,172.31.33.0-255,66,171211,23,171382
4009,0.006745,172.31.33.0-255,105,171316,23,171382
4010,0.009005,74.125.24.0-255,66,171382,23,171382
4011,0.0,172.31.33.0-255,105,105,23,918
4012,6.9e-05,172.31.33.0-255,105,210,23,918
4013,0.000315,172.31.33.0-255,90,300,23,918
4014,0.000323,172.31.33.0-255,66,366,23,918
4015,0.000524,172.31.33.0-255,90,456,23,918
4016,0.000531,172.31.33.0-255,66,522,23,918
4017,0.002667,172.217.194.0-255,66,588,23,918
4018,0.002694,172.217.194.0-255,66,654,23,918
4019,0.002714,172.31.33.0-255,66,720,23,918
4020,0.002828,74.125.24.0-255,66,786,23,918
4021,0.002845,74.125.24.0-255,66,852,23,918
4022,0.002859,172.31.33.0-255,66,918,23,918
4023,0.0,172.253.118.0-255,153,153,23,183841
4024,3e-05,172.31.33.0-255,66,219,23,183841
4025,3.6e-05,172.253.118.0-255,1484,1703,23,183841
4026,4e-05,172.31.33.0-255,66,1769,23,183841
4027,4.2e-05,172.253.118.0-255,1484,3253,23,183841
4028,4.5e-05,172.31.33.0-255,66,3319,23,183841
4029,5e-05,172.253.118.0-255,2902,6221,23,183841
4030,5.2e-05,172.31.33.0-255,66,6287,23,183841
4031,5.7e-05,172.253.118.0-255,5738,12025,23,183841
4032,5.9e-05,172.31.33.0-255,66,12091,23,183841
4033,7.8e-05,172.253.118.0-255,2022,14113,23,183841
4034,8e-05,172.31.33.0-255,66,14179,23,183841
4035,0.000223,172.253.118.0-255,1484,15663,23,183841
4036,0.000228,172.31.33.0-255,66,15729,23,183841
4037,0.000233,172.253.118.0-255,2902,18631,23,183841
4038,0.000235,172.31.33.0-255,66,18697,23,183841
4039,0.000258,172.253.118.0-255,5738,24435,23,183841
4040,0.000261,172.31.33.0-255,66,24501,23,183841
4041,0.000287,172.253.118.0-255,6797,31298,23,183841
4042,0.000291,172.31.33.0-255,66,31364,23,183841
4043,0.000443,172.253.118.0-255,1484,32848,23,183841
4044,0.000447,172.31.33.0-255,66,32914,23,183841
4045,0.000452,172.253.118.0-255,2902,35816,23,183841
4046,0.000454,172.31.33.0-255,66,35882,23,183841
4047,0.00048,172.253.118.0-255,5738,41620,23,183841
4048,0.000483,172.31.33.0-255,66,41686,23,183841
4049,0.000502,172.253.118.0-255,2902,44588,23,183841
4050,0.000505,172.31.33.0-255,66,44654,23,183841
4051,0.00053,172.253.118.0-255,4320,48974,23,183841
4052,0.000532,172.31.33.0-255,66,49040,23,183841
4053,0.000547,172.253.118.0-255,6797,55837,23,183841
4054,0.00055,172.31.33.0-255,66,55903,23,183841
4055,0.000555,172.253.118.0-255,5738,61641,23,183841
4056,0.000557,172.31.33.0-255,66,61707,23,183841
4057,0.00059,172.253.118.0-255,4289,65996,23,183841
4058,0.000594,172.31.33.0-255,66,66062,23,183841
4059,0.000623,172.253.118.0-255,349,66411,23,183841
4060,0.000733,172.31.33.0-255,66,66477,23,183841
4061,0.000838,172.253.118.0-255,1484,67961,23,183841
4062,0.000855,172.253.118.0-255,2902,70863,23,183841
4063,0.000858,172.31.33.0-255,66,70929,23,183841
4064,0.000885,172.253.118.0-255,5738,76667,23,183841
4065,0.000888,172.31.33.0-255,66,76733,23,183841
4066,0.0009,172.31.33.0-255,66,76799,23,183841
4067,0.000928,172.253.118.0-255,7156,83955,23,183841
4068,0.000932,172.31.33.0-255,66,84021,23,183841
4069,0.00095,172.253.118.0-255,3602,87623,23,183841
4070,0.000953,172.31.33.0-255,66,87689,23,183841
4071,0.001359,172.253.118.0-255,1484,89173,23,183841
4072,0.001368,172.253.118.0-255,2902,92075,23,183841
4073,0.001373,172.31.33.0-255,66,92141,23,183841
4074,0.001397,172.253.118.0-255,5738,97879,23,183841
4075,0.001399,172.31.33.0-255,66,97945,23,183841
4076,0.001403,172.253.118.0-255,2902,100847,23,183841
4077,0.001404,172.31.33.0-255,66,100913,23,183841
4078,0.001428,172.253.118.0-255,7156,108069,23,183841
4079,0.001429,172.31.33.0-255,66,108135,23,183841
4080,0.001447,172.253.118.0-255,2902,111037,23,183841
4081,0.001449,172.31.33.0-255,66,111103,23,183841
4082,0.001473,172.31.33.0-255,66,111169,23,183841
4083,0.001492,172.253.118.0-255,766,111935,23,183841
4084,0.001669,172.31.33.0-255,66,112001,23,183841
4085,0.001722,172.253.118.0-255,1484,113485,23,183841
4086,0.001734,172.253.118.0-255,1484,114969,23,183841
4087,0.001737,172.31.33.0-255,66,115035,23,183841
4088,0.001754,172.253.118.0-255,1484,116519,23,183841
4089,0.001758,172.253.118.0-255,4320,120839,23,183841
4090,0.00176,172.31.33.0-255,66,120905,23,183841
4091,0.001773,172.253.118.0-255,1484,122389,23,183841
4092,0.001792,172.253.118.0-255,7156,129545,23,183841
4093,0.001794,172.31.33.0-255,66,129611,23,183841
4094,0.001806,172.253.118.0-255,4320,133931,23,183841
4095,0.001808,172.31.33.0-255,66,133997,23,183841
4096,0.001828,172.253.118.0-255,5738,139735,23,183841
4097,0.00183,172.31.33.0-255,66,139801,23,183841
4098,0.001852,172.253.118.0-255,1484,141285,23,183841
4099,0.00187,172.253.118.0-255,5020,146305,23,183841
4100,0.001873,172.31.33.0-255,66,146371,23,183841
4101,0.002157,172.253.118.0-255,1484,147855,23,183841
4102,0.002175,172.253.118.0-255,2902,150757,23,183841
4103,0.002178,172.31.33.0-255,66,150823,23,183841
4104,0.002181,172.253.118.0-255,1484,152307,23,183841
4105,0.0022,172.253.118.0-255,4320,156627,23,183841
4106,0.002202,172.31.33.0-255,66,156693,23,183841
4107,0.002234,172.253.118.0-255,2902,159595,23,183841
4108,0.002235,172.31.33.0-255,66,159661,23,183841
4109,0.002268,172.253.118.0-255,7156,166817,23,183841
4110,0.002271,172.31.33.0-255,66,166883,23,183841
4111,0.002282,172.31.33.0-255,66,166949,23,183841
4112,0.002284,172.253.118.0-255,766,167715,23,183841
4113,0.002462,172.31.33.0-255,66,167781,23,183841
4114,0.004498,172.253.118.0-255,4320,172101,23,183841
4115,0.004504,172.31.33.0-255,66,172167,23,183841
4116,0.00469,172.253.118.0-255,1484,173651,23,183841
4117,0.006749,172.253.118.0-255,4320,177971,23,183841
4118,0.006754,172.31.33.0-255,66,178037,23,183841
4119,0.008993,172.253.118.0-255,5738,183775,23,183841
4120,0.008998,172.31.33.0-255,66,183841,23,183841
4121,0.0,172.31.33.0-255,105,105,23,918
4122,0.000114,172.31.33.0-255,105,210,23,918
4123,0.000324,172.31.33.0-255,90,300,23,918
4124,0.000335,172.31.33.0-255,66,366,23,918
4125,0.000694,172.31.33.0-255,90,456,23,918
4126,0.000702,172.31.33.0-255,66,522,23,918
4127,0.002732,74.125.200.0-255,66,588,23,918
4128,0.002763,74.125.200.0-255,66,654,23,918
4129,0.002785,172.31.33.0-255,66,720,23,918
4130,0.003061,172.217.194.0-255,66,786,23,918
4131,0.003076,172.217.194.0-255,66,852,23,918
4132,0.003088,172.31.33.0-255,66,918,23,918
4133,0.0,74.125.130.0-255,143,143,23,238423
4134,2.7e-05,172.31.33.0-255,66,209,23,238423
4135,3.4e-05,74.125.130.0-255,1484,1693,23,238423
4136,3.8e-05,172.31.33.0-255,66,1759,23,238423
4137,5.3e-05,74.125.130.0-255,2902,4661,23,238423
4138,5.5e-05,172.31.33.0-255,66,4727,23,238423
4139,5.8e-05,74.125.130.0-255,1484,6211,23,238423
4140,6.1e-05,172.31.33.0-255,66,6277,23,238423
4141,8.9e-05,74.125.130.0-255,4320,10597,23,238423
4142,9.1e-05,172.31.33.0-255,66,10663,23,238423
4143,9.5e-05,74.125.130.0-255,2902,13565,23,238423
4144,9.7e-05,172.31.33.0-255,66,13631,23,238423
4145,0.0001,74.125.130.0-255,1484,15115,23,238423
4146,0.000102,172.31.33.0-255,66,15181,23,238423
4147,0.000122,74.125.130.0-255,2021,17202,23,238423
4148,0.000125,172.31.33.0-255,66,17268,23,238423
4149,0.00013,74.125.130.0-255,2902,20170,23,238423
4150,0.000132,172.31.33.0-255,66,20236,23,238423
4151,0.000145,74.125.130.0-255,4320,24556,23,238423
4152,0.000149,172.31.33.0-255,66,24622,23,238423
4153,0.00017,74.125.130.0-255,1484,26106,23,238423
4154,0.000172,172.31.33.0-255,66,26172,23,238423
4155,0.000176,74.125.130.0-255,2902,29074,23,238423
4156,0.000179,172.31.33.0-255,66,29140,23,238423
4157,0.000193,74.125.130.0-255,2543,31683,23,238423
4158,0.000196,172.31.33.0-255,66,31749,23,238423
4159,0.000322,74.125.130.0-255,1484,33233,23,238423
4160,0.000327,172.31.33.0-255,66,33299,23,238423
4161,0.000332,74.125.130.0-255,2902,36201,23,238423
4162,0.000334,172.31.33.0-255,66,36267,23,238423
4163,0.000356,74.125.130.0-255,4320,40587,23,238423
4164,0.000359,172.31.33.0-255,66,40653,23,238423
4165,0.000365,74.125.130.0-255,5738,46391,23,238423
4166,0.000368,172.31.33.0-255,66,46457,23,238423
4167,0.000389,74.125.130.0-255,1484,47941,23,238423
4168,0.000419,172.31.33.0-255,66,48007,23,238423
4169,0.000422,74.125.130.0-255,1484,49491,23,238423
4170,0.00044,74.125.130.0-255,5738,55229,23,238423
4171,0.000443,172.31.33.0-255,66,55295,23,238423
4172,0.000463,74.125.130.0-255,2834,58129,23,238423
4173,0.000465,172.31.33.0-255,66,58195,23,238423
4174,0.000602,74.125.130.0-255,364,58559,23,238423
4175,0.000719,74.125.130.0-255,1484,60043,23,238423
4176,0.000724,172.31.33.0-255,66,60109,23,238423
4177,0.000744,74.125.130.0-255,2902,63011,23,238423
4178,0.000747,172.31.33.0-255,66,63077,23,238423
4179,0.000753,74.125.130.0-255,5738,68815,23,238423
4180,0.000756,172.31.33.0-255,66,68881,23,238423
4181,0.000775,74.125.130.0-255,7156,76037,23,238423
4182,0.000778,172.31.33.0-255,66,76103,23,238423
4183,0.000796,74.125.130.0-255,2902,79005,23,238423
4184,0.000798,172.31.33.0-255,66,79071,23,238423
4185,0.00083,172.31.33.0-255,66,79137,23,238423
4186,0.000847,74.125.130.0-255,1484,80621,23,238423
4187,0.000861,74.125.130.0-255,3602,84223,23,238423
4188,0.00087,172.31.33.0-255,66,84289,23,238423
4189,0.000963,74.125.130.0-255,1484,85773,23,238423
4190,0.000977,74.125.130.0-255,2902,88675,23,238423
4191,0.000981,172.31.33.0-255,66,88741,23,238423
4192,0.001009,74.125.130.0-255,4320,93061,23,238423
4193,0.001011,172.31.33.0-255,66,93127,23,238423
4194,0.001017,74.125.130.0-255,5738,98865,23,238423
4195,0.001019,172.31.33.0-255,66,98931,23,238423
4196,0.00104,74.125.130.0-255,1484,100415,23,238423
4197,0.001052,74.125.130.0-255,2902,103317,23,238423
4198,0.001056,172.31.33.0-255,66,103383,23,238423
4199,0.00107,74.125.130.0-255,7156,110539,23,238423
4200,0.001073,172.31.33.0-255,66,110605,23,238423
4201,0.001077,74.125.130.0-255,4320,114925,23,238423
4202,0.001079,172.31.33.0-255,66,114991,23,238423
4203,0.001104,74.125.130.0-255,3602,118593,23,238423
4204,0.001108,172.31.33.0-255,66,118659,23,238423
4205,0.001165,74.125.130.0-255,1484,120143,23,238423
4206,0.001178,74.125.130.0-255,2902,123045,23,238423
4207,0.001182,172.31.33.0-255,66,123111,23,238423
4208,0.001204,74.125.130.0-255,5738,128849,23,238423
4209,0.001207,172.31.33.0-255,66,128915,23,238423
4210,0.001211,74.125.130.0-255,2902,131817,23,238423
4211,0.001213,172.31.33.0-255,66,131883,23,238423
4212,0.001237,74.125.130.0-255,4320,136203,23,238423
4213,0.00124,172.31.33.0-255,66,136269,23,238423
4214,0.00125,172.31.33.0-255,66,136335,23,238423
4215,0.001256,74.125.130.0-255,4320,140655,23,238423
4216,0.001258,172.31.33.0-255,66,140721,23,238423
4217,0.001314,74.125.130.0-255,3602,144323,23,238423
4218,0.001317,172.31.33.0-255,66,144389,23,238423
4219,0.001437,74.125.130.0-255,1484,145873,23,238423
4220,0.001441,74.125.130.0-255,1484,147357,23,238423
4221,0.001443,172.31.33.0-255,66,147423,23,238423
4222,0.001458,74.125.130.0-255,1484,148907,23,238423
4223,0.001461,74.125.130.0-255,1484,150391,23,238423
4224,0.001463,172.31.33.0-255,66,150457,23,238423
4225,0.001467,74.125.130.0-255,2902,153359,23,238423
4226,0.001468,172.31.33.0-255,66,153425,23,238423
4227,0.001491,74.125.130.0-255,5738,159163,23,238423
4228,0.001494,172.31.33.0-255,66,159229,23,238423
4229,0.001505,74.125.130.0-255,1484,160713,23,238423
4230,0.001522,74.125.130.0-255,7156,167869,23,238423
4231,0.001525,172.31.33.0-255,66,167935,23,238423
4232,0.001545,74.125.130.0-255,5738,173673,23,238423
4233,0.001548,172.31.33.0-255,66,173739,23,238423
4234,0.00156,74.125.130.0-255,4320,178059,23,238423
4235,0.001562,172.31.33.0-255,66,178125,23,238423
4236,0.001565,74.125.130.0-255,766,178891,23,238423
4237,0.00175,172.31.33.0-255,66,178957,23,238423
4238,0.001799,74.125.130.0-255,1484,180441,23,238423
4239,0.001816,74.125.130.0-255,2902,183343,23,238423
4240,0.001819,172.31.33.0-255,66,183409,23,238423
4241,0.001839,74.125.130.0-255,5738,189147,23,238423
4242,0.001841,172.31.33.0-255,66,189213,23,238423
4243,0.001874,74.125.130.0-255,2902,192115,23,238423
4244,0.001876,172.31.33.0-255,66,192181,23,238423
4245,0.001902,172.31.33.0-255,66,192247,23,238423
4246,0.001924,74.125.130.0-255,4320,196567,23,238423
4247,0.001927,172.31.33.0-255,66,196633,23,238423
4248,0.001958,172.31.33.0-255,66,196699,23,238423
4249,0.001996,172.31.33.0-255,66,196765,23,238423
4250,0.002014,74.125.130.0-255,4320,201085,23,238423
4251,0.002016,172.31.33.0-255,66,201151,23,238423
4252,0.002022,74.125.130.0-255,5738,206889,23,238423
4253,0.002024,172.31.33.0-255,66,206955,23,238423
4254,0.00203,74.125.130.0-255,7156,214111,23,238423
4255,0.002032,172.31.33.0-255,66,214177,23,238423
4256,0.002055,74.125.130.0-255,3602,217779,23,238423
4257,0.002056,172.31.33.0-255,66,217845,23,238423
4258,0.002098,74.125.130.0-255,1484,219329,23,238423
4259,0.002103,74.125.130.0-255,2902,222231,23,238423
4260,0.002105,172.31.33.0-255,66,222297,23,238423
4261,0.002121,74.125.130.0-255,1484,223781,23,238423
4262,0.004206,74.125.130.0-255,2902,226683,23,238423
4263,0.004213,172.31.33.0-255,66,226749,23,238423
4264,0.004231,74.125.130.0-255,1484,228233,23,238423
4265,0.006302,74.125.130.0-255,4320,232553,23,238423
4266,0.006308,172.31.33.0-255,66,232619,23,238423
4267,0.008409,74.125.130.0-255,5738,238357,23,238423
4268,0.008415,172.31.33.0-255,66,238423,23,238423
4269,0.0,172.31.33.0-255,105,105,23,276
4270,0.002067,157.240.7.0-255,105,210,23,276
4271,0.002078,172.31.33.0-255,66,276,23,276
4272,0.0,74.125.68.0-255,153,153,23,329094
4273,1.2e-05,172.31.33.0-255,66,219,23,329094
4274,1.8e-05,74.125.68.0-255,1484,1703,23,329094
4275,2.2e-05,172.31.33.0-255,66,1769,23,329094
4276,3.8e-05,74.125.68.0-255,2902,4671,23,329094
4277,4.1e-05,172.31.33.0-255,66,4737,23,329094
4278,6.5e-05,74.125.68.0-255,4320,9057,23,329094
4279,6.8e-05,172.31.33.0-255,66,9123,23,329094
4280,7.3e-05,74.125.68.0-255,4867,13990,23,329094
4281,7.5e-05,172.31.33.0-255,66,14056,23,329094
4282,0.000112,74.125.68.0-255,4320,18376,23,329094
4283,0.000114,172.31.33.0-255,66,18442,23,329094
4284,0.000132,74.125.68.0-255,5738,24180,23,329094
4285,0.000134,172.31.33.0-255,66,24246,23,329094
4286,0.000157,74.125.68.0-255,1484,25730,23,329094
4287,0.000159,172.31.33.0-255,66,25796,23,329094
4288,0.000174,74.125.68.0-255,5379,31175,23,329094
4289,0.000177,172.31.33.0-255,66,31241,23,329094
4290,0.00023,74.125.68.0-255,1484,32725,23,329094
4291,0.000233,172.31.33.0-255,66,32791,23,329094
4292,0.000246,74.125.68.0-255,2902,35693,23,329094
4293,0.000249,172.31.33.0-255,66,35759,23,329094
4294,0.000251,74.125.68.0-255,1484,37243,23,329094
4295,0.000253,172.31.33.0-255,66,37309,23,329094
4296,0.000277,74.125.68.0-255,2902,40211,23,329094
4297,0.00028,172.31.33.0-255,66,40277,23,329094
4298,0.000285,74.125.68.0-255,5738,46015,23,329094
4299,0.000287,172.31.33.0-255,66,46081,23,329094
4300,0.000309,74.125.68.0-255,5379,51460,23,329094
4301,0.000312,172.31.33.0-255,66,51526,23,329094
4302,0.000325,74.125.68.0-255,2902,54428,23,329094
4303,0.000327,172.31.33.0-255,66,54494,23,329094
4304,0.000341,74.125.68.0-255,2902,57396,23,329094
4305,0.000358,74.125.68.0-255,4320,61716,23,329094
4306,0.000372,74.125.68.0-255,3961,65677,23,329094
4307,0.000386,74.125.68.0-255,410,66087,23,329094
4308,0.00044,74.125.68.0-255,333,66420,23,329094
4309,0.00045,172.31.33.0-255,66,66486,23,329094
4310,0.000658,74.125.68.0-255,1484,67970,23,329094
4311,0.000662,74.125.68.0-255,1484,69454,23,329094
4312,0.000666,172.31.33.0-255,66,69520,23,329094
4313,0.000675,74.125.68.0-255,1484,71004,23,329094
4314,0.000687,74.125.68.0-255,2902,73906,23,329094
4315,0.000697,74.125.68.0-255,1484,75390,23,329094
4316,0.000709,172.31.33.0-255,66,75456,23,329094
4317,0.000723,74.125.68.0-255,2902,78358,23,329094
4318,0.000741,74.125.68.0-255,6797,85155,23,329094
4319,0.000747,74.125.68.0-255,7156,92311,23,329094
4320,0.00075,172.31.33.0-255,66,92377,23,329094
4321,0.000755,172.31.33.0-255,66,92443,23,329094
4322,0.000763,74.125.68.0-255,2902,95345,23,329094
4323,0.000774,74.125.68.0-255,2902,98247,23,329094
4324,0.000788,74.125.68.0-255,2543,100790,23,329094
4325,0.000793,172.31.33.0-255,66,100856,23,329094
4326,0.001261,74.125.68.0-255,1484,102340,23,329094
4327,0.001268,74.125.68.0-255,2902,105242,23,329094
4328,0.001272,172.31.33.0-255,66,105308,23,329094
4329,0.001276,74.125.68.0-255,1484,106792,23,329094
4330,0.001288,74.125.68.0-255,1484,108276,23,329094
4331,0.001299,74.125.68.0-255,1484,109760,23,329094
4332,0.001319,74.125.68.0-255,5738,115498,23,329094
4333,0.001343,74.125.68.0-255,1484,116982,23,329094
4334,0.001364,74.125.68.0-255,7156,124138,23,329094
4335,0.001377,74.125.68.0-255,1484,125622,23,329094
4336,0.001386,74.125.68.0-255,1484,127106,23,329094
4337,0.001395,74.125.68.0-255,1484,128590,23,329094
4338,0.001411,74.125.68.0-255,5738,134328,23,329094
4339,0.001425,74.125.68.0-255,766,135094,23,329094
4340,0.00147,74.125.68.0-255,1484,136578,23,329094
4341,0.001476,74.125.68.0-255,2902,139480,23,329094
4342,0.001497,74.125.68.0-255,1484,140964,23,329094
4343,0.0015,74.125.68.0-255,1484,142448,23,329094
4344,0.00151,74.125.68.0-255,1484,143932,23,329094
4345,0.001513,74.125.68.0-255,1484,145416,23,329094
4346,0.001533,74.125.68.0-255,4320,149736,23,329094
4347,0.00154,74.125.68.0-255,7156,156892,23,329094
4348,0.001589,74.125.68.0-255,3602,160494,23,329094
4349,0.001674,74.125.68.0-255,1484,161978,23,329094
4350,0.001689,74.125.68.0-255,2902,164880,23,329094
4351,0.001692,74.125.68.0-255,1484,166364,23,329094
4352,0.001711,74.125.68.0-255,4320,170684,23,329094
4353,0.001735,74.125.68.0-255,4320,175004,23,329094
4354,0.001786,74.125.68.0-255,2902,177906,23,329094
4355,0.001875,74.125.68.0-255,1484,179390,23,329094
4356,0.001888,74.125.68.0-255,1484,180874,23,329094
4357,0.001897,74.125.68.0-255,1484,182358,23,329094
4358,0.001915,74.125.68.0-255,5738,188096,23,329094
4359,0.001939,74.125.68.0-255,1484,189580,23,329094
4360,0.001977,74.125.68.0-255,1484,191064,23,329094
4361,0.002004,74.125.68.0-255,1484,192548,23,329094
4362,0.002007,74.125.68.0-255,2184,194732,23,329094
4363,0.002052,74.125.68.0-255,1484,196216,23,329094
4364,0.002065,74.125.68.0-255,2902,199118,23,329094
4365,0.002078,74.125.68.0-255,2902,202020,23,329094
4366,0.00209,74.125.68.0-255,2902,204922,23,329094
4367,0.002092,74.125.68.0-255,1484,206406,23,329094
4368,0.002111,74.125.68.0-255,2902,209308,23,329094
4369,0.002133,74.125.68.0-255,5738,215046,23,329094
4370,0.002203,74.125.68.0-255,7156,222202,23,329094
4371,0.00222,74.125.68.0-255,5020,227222,23,329094
4372,0.002222,74.125.68.0-255,1484,228706,23,329094
4373,0.002239,74.125.68.0-255,5738,234444,23,329094
4374,0.002266,74.125.68.0-255,5738,240182,23,329094
4375,0.002269,74.125.68.0-255,766,240948,23,329094
4376,0.002322,74.125.68.0-255,1484,242432,23,329094
4377,0.002342,74.125.68.0-255,1484,243916,23,329094
4378,0.002357,74.125.68.0-255,1484,245400,23,329094
4379,0.002361,74.125.68.0-255,2902,248302,23,329094
4380,0.002377,74.125.68.0-255,1484,249786,23,329094
4381,0.002381,74.125.68.0-255,2902,252688,23,329094
4382,0.00239,74.125.68.0-255,1484,254172,23,329094
4383,0.002404,74.125.68.0-255,4320,258492,23,329094
4384,0.002407,74.125.68.0-255,1484,259976,23,329094
4385,0.002425,74.125.68.0-255,2902,262878,23,329094
4386,0.002427,74.125.68.0-255,1484,264362,23,329094
4387,0.002439,74.125.68.0-255,1484,265846,23,329094
4388,0.002454,74.125.68.0-255,4320,270166,23,329094
4389,0.002457,74.125.68.0-255,2902,273068,23,329094
4390,0.002472,74.125.68.0-255,2184,275252,23,329094
4391,0.002515,74.125.68.0-255,1484,276736,23,329094
4392,0.002526,74.125.68.0-255,2902,279638,23,329094
4393,0.002543,74.125.68.0-255,1484,281122,23,329094
4394,0.002545,74.125.68.0-255,1484,282606,23,329094
4395,0.002547,74.125.68.0-255,1484,284090,23,329094
4396,0.002559,74.125.68.0-255,1484,285574,23,329094
4397,0.002571,74.125.68.0-255,2902,288476,23,329094
4398,0.002579,74.125.68.0-255,1484,289960,23,329094
4399,0.002607,74.125.68.0-255,2902,292862,23,329094
4400,0.002626,74.125.68.0-255,7156,300018,23,329094
4401,0.002653,74.125.68.0-255,2902,302920,23,329094
4402,0.002675,74.125.68.0-255,4320,307240,23,329094
4403,0.002708,74.125.68.0-255,4320,311560,23,329094
4404,0.002734,74.125.68.0-255,2902,314462,23,329094
4405,0.00274,74.125.68.0-255,5738,320200,23,329094
4406,0.002753,74.125.68.0-255,1484,321684,23,329094
4407,0.002773,74.125.68.0-255,1484,323168,23,329094
4408,0.002784,74.125.68.0-255,2902,326070,23,329094
4409,0.002825,74.125.68.0-255,2748,328818,23,329094
4410,0.002852,74.125.68.0-255,105,328923,23,329094
4411,0.005295,172.31.33.0-255,66,328989,23,329094
4412,0.007813,172.31.33.0-255,105,329094,23,329094
4413,0.0,172.217.160.0-255,153,153,23,244962
4414,3.3e-05,172.31.33.0-255,66,219,23,244962
4415,4.1e-05,172.217.160.0-255,1484,1703,23,244962
4416,4.6e-05,172.31.33.0-255,66,1769,23,244962
4417,5e-05,172.217.160.0-255,2902,4671,23,244962
4418,6e-05,172.31.33.0-255,66,4737,23,244962
4419,6.7e-05,172.217.160.0-255,7156,11893,23,244962
4420,6.9e-05,172.31.33.0-255,66,11959,23,244962
4421,7.2e-05,172.217.160.0-255,2022,13981,23,244962
4422,7.5e-05,172.31.33.0-255,66,14047,23,244962
4423,9.9e-05,172.217.160.0-255,2902,16949,23,244962
4424,0.000102,172.31.33.0-255,66,17015,23,244962
4425,0.000113,172.217.160.0-255,4320,21335,23,244962
4426,0.000116,172.31.33.0-255,66,21401,23,244962
4427,0.000157,172.31.33.0-255,66,21467,23,244962
4428,0.00016,172.217.160.0-255,1125,22592,23,244962
4429,0.000163,172.31.33.0-255,66,22658,23,244962
4430,0.000277,172.217.160.0-255,1484,24142,23,244962
4431,0.000281,172.31.33.0-255,66,24208,23,244962
4432,0.000286,172.217.160.0-255,2902,27110,23,244962
4433,0.000288,172.31.33.0-255,66,27176,23,244962
4434,0.000291,172.217.160.0-255,1484,28660,23,244962
4435,0.000299,172.31.33.0-255,66,28726,23,244962
4436,0.000326,172.217.160.0-255,4320,33046,23,244962
4437,0.000334,172.31.33.0-255,66,33112,23,244962
4438,0.000342,172.217.160.0-255,6797,39909,23,244962
4439,0.000344,172.31.33.0-255,66,39975,23,244962
4440,0.000351,172.217.160.0-255,7156,47131,23,244962
4441,0.000354,172.31.33.0-255,66,47197,23,244962
4442,0.00039,172.217.160.0-255,7156,54353,23,244962
4443,0.000395,172.31.33.0-255,66,54419,23,244962
4444,0.000398,172.217.160.0-255,2813,57232,23,244962
4445,0.000401,172.31.33.0-255,66,57298,23,244962
4446,0.000713,172.217.160.0-255,406,57704,23,244962
4447,0.00082,172.31.33.0-255,66,57770,23,244962
4448,0.000873,172.217.160.0-255,1484,59254,23,244962
4449,0.000892,172.217.160.0-255,2902,62156,23,244962
4450,0.000895,172.31.33.0-255,66,62222,23,244962
4451,0.000902,172.217.160.0-255,5738,67960,23,244962
4452,0.000905,172.31.33.0-255,66,68026,23,244962
4453,0.000917,172.217.160.0-255,4320,72346,23,244962
4454,0.00092,172.31.33.0-255,66,72412,23,244962
4455,0.00096,172.31.33.0-255,66,72478,23,244962
4456,0.000966,172.217.160.0-255,4320,76798,23,244962
4457,0.000968,172.31.33.0-255,66,76864,23,244962
4458,0.001001,172.217.160.0-255,5379,82243,23,244962
4459,0.001004,172.31.33.0-255,66,82309,23,244962
4460,0.001095,172.217.160.0-255,1484,83793,23,244962
4461,0.001099,172.217.160.0-255,1484,85277,23,244962
4462,0.001102,172.31.33.0-255,66,85343,23,244962
4463,0.001134,172.217.160.0-255,1484,86827,23,244962
4464,0.001141,172.217.160.0-255,5738,92565,23,244962
4465,0.001144,172.31.33.0-255,66,92631,23,244962
4466,0.00115,172.217.160.0-255,5738,98369,23,244962
4467,0.001152,172.31.33.0-255,66,98435,23,244962
4468,0.001172,172.31.33.0-255,66,98501,23,244962
4469,0.001179,172.217.160.0-255,5020,103521,23,244962
4470,0.001181,172.31.33.0-255,66,103587,23,244962
4471,0.001185,172.217.160.0-255,1484,105071,23,244962
4472,0.001217,172.217.160.0-255,4320,109391,23,244962
4473,0.001224,172.31.33.0-255,66,109457,23,244962
4474,0.00123,172.31.33.0-255,66,109523,23,244962
4475,0.001243,172.217.160.0-255,7156,116679,23,244962
4476,0.001246,172.31.33.0-255,66,116745,23,244962
4477,0.001273,172.217.160.0-255,2902,119647,23,244962
4478,0.001276,172.31.33.0-255,66,119713,23,244962
4479,0.001306,172.217.160.0-255,5020,124733,23,244962
4480,0.001309,172.31.33.0-255,66,124799,23,244962
4481,0.001319,172.31.33.0-255,66,124865,23,244962
4482,0.001344,172.31.33.0-255,66,124931,23,244962
4483,0.001366,172.217.160.0-255,1484,126415,23,244962
4484,0.001374,172.217.160.0-255,6438,132853,23,244962
4485,0.001383,172.31.33.0-255,66,132919,23,244962
4486,0.001419,172.217.160.0-255,4320,137239,23,244962
4487,0.001423,172.31.33.0-255,66,137305,23,244962
4488,0.001455,172.217.160.0-255,2902,140207,23,244962
4489,0.001459,172.31.33.0-255,66,140273,23,244962
4490,0.001477,172.31.33.0-255,66,140339,23,244962
4491,0.001484,172.217.160.0-255,5738,146077,23,244962
4492,0.001487,172.31.33.0-255,66,146143,23,244962
4493,0.00153,172.31.33.0-255,66,146209,23,244962
4494,0.001737,172.217.160.0-255,1484,147693,23,244962
4495,0.001742,172.217.160.0-255,2902,150595,23,244962
4496,0.001746,172.31.33.0-255,66,150661,23,244962
4497,0.001753,172.217.160.0-255,1484,152145,23,244962
4498,0.001773,172.217.160.0-255,4320,156465,23,244962
4499,0.001777,172.31.33.0-255,66,156531,23,244962
4500,0.00178,172.217.160.0-255,1484,158015,23,244962
4501,0.001783,172.217.160.0-255,2902,160917,23,244962
4502,0.001786,172.31.33.0-255,66,160983,23,244962
4503,0.001801,172.217.160.0-255,4320,165303,23,244962
4504,0.001804,172.31.33.0-255,66,165369,23,244962
4505,0.001815,172.31.33.0-255,66,165435,23,244962
4506,0.001818,172.217.160.0-255,1484,166919,23,244962
4507,0.001843,172.217.160.0-255,2902,169821,23,244962
4508,0.001851,172.31.33.0-255,66,169887,23,244962
4509,0.001855,172.217.160.0-255,2184,172071,23,244962
4510,0.001857,172.31.33.0-255,66,172137,23,244962
4511,0.001911,172.217.160.0-255,1484,173621,23,244962
4512,0.001914,172.217.160.0-255,1484,175105,23,244962
4513,0.001917,172.31.33.0-255,66,175171,23,244962
4514,0.001942,172.217.160.0-255,1484,176655,23,244962
4515,0.001947,172.217.160.0-255,4320,180975,23,244962
4516,0.00195,172.31.33.0-255,66,181041,23,244962
4517,0.001953,172.217.160.0-255,1484,182525,23,244962
4518,0.001956,172.217.160.0-255,1484,184009,23,244962
4519,0.001958,172.31.33.0-255,66,184075,23,244962
4520,0.002011,172.217.160.0-255,1484,185559,23,244962
4521,0.002012,172.31.33.0-255,66,185625,23,244962
4522,0.002013,172.217.160.0-255,1484,187109,23,244962
4523,0.002015,172.217.160.0-255,1484,188593,23,244962
4524,0.002017,172.31.33.0-255,66,188659,23,244962
4525,0.002082,172.217.160.0-255,3602,192261,23,244962
4526,0.002085,172.31.33.0-255,66,192327,23,244962
4527,0.002091,172.217.160.0-255,4320,196647,23,244962
4528,0.002093,172.31.33.0-255,66,196713,23,244962
4529,0.002106,172.217.160.0-255,7156,203869,23,244962
4530,0.002109,172.31.33.0-255,66,203935,23,244962
4531,0.002121,172.31.33.0-255,66,204001,23,244962
4532,0.002153,172.217.160.0-255,4320,208321,23,244962
4533,0.002156,172.31.33.0-255,66,208387,23,244962
4534,0.002173,172.31.33.0-255,66,208453,23,244962
4535,0.002209,172.31.33.0-255,66,208519,23,244962
4536,0.002227,172.31.33.0-255,66,208585,23,244962
4537,0.002258,172.31.33.0-255,66,208651,23,244962
4538,0.002279,172.217.160.0-255,6438,215089,23,244962
4539,0.002283,172.31.33.0-255,66,215155,23,244962
4540,0.00231,172.217.160.0-255,4320,219475,23,244962
4541,0.002314,172.31.33.0-255,66,219541,23,244962
4542,0.00232,172.217.160.0-255,5738,225279,23,244962
4543,0.002322,172.31.33.0-255,66,225345,23,244962
4544,0.002325,172.217.160.0-255,1484,226829,23,244962
4545,0.002371,172.31.33.0-255,66,226895,23,244962
4546,0.002401,172.217.160.0-255,4320,231215,23,244962
4547,0.002404,172.31.33.0-255,66,231281,23,244962
4548,0.002437,172.31.33.0-255,66,231347,23,244962
4549,0.002859,172.217.160.0-255,1484,232831,23,244962
4550,0.002865,172.217.160.0-255,2902,235733,23,244962
4551,0.002869,172.31.33.0-255,66,235799,23,244962
4552,0.002879,172.217.160.0-255,2902,238701,23,244962
4553,0.002886,172.31.33.0-255,66,238767,23,244962
4554,0.00291,172.217.160.0-255,4320,243087,23,244962
4555,0.002913,172.31.33.0-255,66,243153,23,244962
4556,0.002916,172.217.160.0-255,1467,244620,23,244962
4557,0.002958,172.217.160.0-255,105,244725,23,244962
4558,0.002963,172.31.33.0-255,66,244791,23,244962
4559,0.003685,172.31.33.0-255,105,244896,23,244962
4560,0.00531,172.217.160.0-255,66,244962,23,244962
4561,0.0,172.31.33.0-255,105,105,23,276
4562,0.001877,157.240.7.0-255,105,210,23,276
4563,0.001885,172.31.33.0-255,66,276,23,276
4564,0.0,74.125.68.0-255,162,162,23,407862
4565,1.4e-05,172.31.33.0-255,66,228,23,407862
4566,3.6e-05,74.125.68.0-255,1484,1712,23,407862
4567,5.4e-05,172.31.33.0-255,66,1778,23,407862
4568,6e-05,74.125.68.0-255,2902,4680,23,407862
4569,6.2e-05,172.31.33.0-255,66,4746,23,407862
4570,8.6e-05,74.125.68.0-255,7156,11902,23,407862
4571,8.9e-05,172.31.33.0-255,66,11968,23,407862
4572,0.000133,74.125.68.0-255,1957,13925,23,407862
4573,0.000136,172.31.33.0-255,66,13991,23,407862
4574,0.000228,74.125.68.0-255,1484,15475,23,407862
4575,0.000232,172.31.33.0-255,66,15541,23,407862
4576,0.00025,74.125.68.0-255,2902,18443,23,407862
4577,0.000254,172.31.33.0-255,66,18509,23,407862
4578,0.00028,74.125.68.0-255,4320,22829,23,407862
4579,0.000284,172.31.33.0-255,66,22895,23,407862
4580,0.000307,74.125.68.0-255,5738,28633,23,407862
4581,0.000311,172.31.33.0-255,66,28699,23,407862
4582,0.000328,74.125.68.0-255,2543,31242,23,407862
4583,0.00033,172.31.33.0-255,66,31308,23,407862
4584,0.000357,74.125.68.0-255,2902,34210,23,407862
4585,0.000361,172.31.33.0-255,66,34276,23,407862
4586,0.000378,74.125.68.0-255,2902,37178,23,407862
4587,0.00038,172.31.33.0-255,66,37244,23,407862
4588,0.000397,74.125.68.0-255,1484,38728,23,407862
4589,0.0004,172.31.33.0-255,66,38794,23,407862
4590,0.000406,74.125.68.0-255,5738,44532,23,407862
4591,0.000408,172.31.33.0-255,66,44598,23,407862
4592,0.000424,74.125.68.0-255,1484,46082,23,407862
4593,0.000426,172.31.33.0-255,66,46148,23,407862
4594,0.000449,74.125.68.0-255,2543,48691,23,407862
4595,0.000452,172.31.33.0-255,66,48757,23,407862
4596,0.000488,74.125.68.0-255,1484,50241,23,407862
4597,0.000492,74.125.68.0-255,1484,51725,23,407862
4598,0.000495,172.31.33.0-255,66,51791,23,407862
4599,0.000515,74.125.68.0-255,1484,53275,23,407862
4600,0.00052,74.125.68.0-255,5738,59013,23,407862
4601,0.000523,172.31.33.0-255,66,59079,23,407862
4602,0.00058,74.125.68.0-255,6797,65876,23,407862
4603,0.000584,172.31.33.0-255,66,65942,23,407862
4604,0.000588,74.125.68.0-255,414,66356,23,407862
4605,0.00102,172.31.33.0-255,66,66422,23,407862
4606,0.001248,74.125.68.0-255,329,66751,23,407862
4607,0.001301,74.125.68.0-255,1484,68235,23,407862
4608,0.001306,172.31.33.0-255,66,68301,23,407862
4609,0.001311,74.125.68.0-255,1484,69785,23,407862
4610,0.001325,74.125.68.0-255,1484,71269,23,407862
4611,0.001328,172.31.33.0-255,66,71335,23,407862
4612,0.001334,74.125.68.0-255,4320,75655,23,407862
4613,0.001336,172.31.33.0-255,66,75721,23,407862
4614,0.001354,74.125.68.0-255,1484,77205,23,407862
4615,0.001359,74.125.68.0-255,2902,80107,23,407862
4616,0.001361,172.31.33.0-255,66,80173,23,407862
4617,0.001365,74.125.68.0-255,1484,81657,23,407862
4618,0.001391,74.125.68.0-255,2902,84559,23,407862
4619,0.001394,172.31.33.0-255,66,84625,23,407862
4620,0.001405,172.31.33.0-255,66,84691,23,407862
4621,0.001408,74.125.68.0-255,1484,86175,23,407862
4622,0.001452,74.125.68.0-255,4320,90495,23,407862
4623,0.001456,172.31.33.0-255,66,90561,23,407862
4624,0.001476,74.125.68.0-255,2184,92745,23,407862
4625,0.001479,172.31.33.0-255,66,92811,23,407862
4626,0.001562,74.125.68.0-255,1484,94295,23,407862
4627,0.001569,74.125.68.0-255,2902,97197,23,407862
4628,0.001572,172.31.33.0-255,66,97263,23,407862
4629,0.001595,74.125.68.0-255,5738,103001,23,407862
4630,0.001598,172.31.33.0-255,66,103067,23,407862
4631,0.001602,74.125.68.0-255,2902,105969,23,407862
4632,0.001604,172.31.33.0-255,66,106035,23,407862
4633,0.001642,74.125.68.0-255,7156,113191,23,407862
4634,0.001645,172.31.33.0-255,66,113257,23,407862
4635,0.001665,74.125.68.0-255,2902,116159,23,407862
4636,0.001667,172.31.33.0-255,66,116225,23,407862
4637,0.001671,74.125.68.0-255,1484,117709,23,407862
4638,0.001674,74.125.68.0-255,2902,120611,23,407862
4639,0.001676,172.31.33.0-255,66,120677,23,407862
4640,0.001707,74.125.68.0-255,1484,122161,23,407862
4641,0.00171,74.125.68.0-255,1484,123645,23,407862
4642,0.001712,172.31.33.0-255,66,123711,23,407862
4643,0.001729,74.125.68.0-255,1484,125195,23,407862
4644,0.001754,74.125.68.0-255,2184,127379,23,407862
4645,0.001758,172.31.33.0-255,66,127445,23,407862
4646,0.001946,74.125.68.0-255,1484,128929,23,407862
4647,0.001965,74.125.68.0-255,2902,131831,23,407862
4648,0.00197,172.31.33.0-255,66,131897,23,407862
4649,0.001986,74.125.68.0-255,2902,134799,23,407862
4650,0.001989,172.31.33.0-255,66,134865,23,407862
4651,0.002003,74.125.68.0-255,1484,136349,23,407862
4652,0.00201,74.125.68.0-255,7156,143505,23,407862
4653,0.002013,172.31.33.0-255,66,143571,23,407862
4654,0.00203,74.125.68.0-255,4320,147891,23,407862
4655,0.002033,172.31.33.0-255,66,147957,23,407862
4656,0.002062,74.125.68.0-255,4320,152277,23,407862
4657,0.002065,172.31.33.0-255,66,152343,23,407862
4658,0.002071,74.125.68.0-255,4320,156663,23,407862
4659,0.002073,172.31.33.0-255,66,156729,23,407862
4660,0.002078,74.125.68.0-255,5020,161749,23,407862
4661,0.002081,172.31.33.0-255,66,161815,23,407862
4662,0.002293,74.125.68.0-255,1484,163299,23,407862
4663,0.0024,74.125.68.0-255,1484,164783,23,407862
4664,0.002404,172.31.33.0-255,66,164849,23,407862
4665,0.002417,74.125.68.0-255,1484,166333,23,407862
4666,0.002435,74.125.68.0-255,2902,169235,23,407862
4667,0.002438,172.31.33.0-255,66,169301,23,407862
4668,0.002454,74.125.68.0-255,1484,170785,23,407862
4669,0.002458,74.125.68.0-255,2902,173687,23,407862
4670,0.00246,172.31.33.0-255,66,173753,23,407862
4671,0.002478,74.125.68.0-255,4320,178073,23,407862
4672,0.002481,172.31.33.0-255,66,178139,23,407862
4673,0.002501,74.125.68.0-255,7156,185295,23,407862
4674,0.002503,172.31.33.0-255,66,185361,23,407862
4675,0.002519,74.125.68.0-255,1484,186845,23,407862
4676,0.002523,74.125.68.0-255,2902,189747,23,407862
4677,0.002524,172.31.33.0-255,66,189813,23,407862
4678,0.002558,74.125.68.0-255,2902,192715,23,407862
4679,0.002561,172.31.33.0-255,66,192781,23,407862
4680,0.002574,74.125.68.0-255,1484,194265,23,407862
4681,0.002603,74.125.68.0-255,2184,196449,23,407862
4682,0.002607,172.31.33.0-255,66,196515,23,407862
4683,0.003048,74.125.68.0-255,1484,197999,23,407862
4684,0.003073,74.125.68.0-255,2902,200901,23,407862
4685,0.003078,172.31.33.0-255,66,200967,23,407862
4686,0.003101,74.125.68.0-255,4320,205287,23,407862
4687,0.003106,172.31.33.0-255,66,205353,23,407862
4688,0.003122,74.125.68.0-255,4320,209673,23,407862
4689,0.003126,172.31.33.0-255,66,209739,23,407862
4690,0.003139,74.125.68.0-255,1484,211223,23,407862
4691,0.003156,74.125.68.0-255,1484,212707,23,407862
4692,0.003159,172.31.33.0-255,66,212773,23,407862
4693,0.003182,74.125.68.0-255,5738,218511,23,407862
4694,0.003185,172.31.33.0-255,66,218577,23,407862
4695,0.003189,74.125.68.0-255,2902,221479,23,407862
4696,0.003191,172.31.33.0-255,66,221545,23,407862
4697,0.003236,74.125.68.0-255,4320,225865,23,407862
4698,0.003241,172.31.33.0-255,66,225931,23,407862
4699,0.003261,74.125.68.0-255,5020,230951,23,407862
4700,0.003265,172.31.33.0-255,66,231017,23,407862
4701,0.003285,74.125.68.0-255,4320,235337,23,407862
4702,0.003288,172.31.33.0-255,66,235403,23,407862
4703,0.003358,74.125.68.0-255,5738,241141,23,407862
4704,0.003365,172.31.33.0-255,66,241207,23,407862
4705,0.003368,74.125.68.0-255,1484,242691,23,407862
4706,0.003373,74.125.68.0-255,2902,245593,23,407862
4707,0.003376,172.31.33.0-255,66,245659,23,407862
4708,0.00338,74.125.68.0-255,2902,248561,23,407862
4709,0.003383,172.31.33.0-255,66,248627,23,407862
4710,0.003404,74.125.68.0-255,1484,250111,23,407862
4711,0.00341,74.125.68.0-255,5738,255849,23,407862
4712,0.003413,172.31.33.0-255,66,255915,23,407862
4713,0.003435,74.125.68.0-255,4320,260235,23,407862
4714,0.003438,172.31.33.0-255,66,260301,23,407862
4715,0.003441,74.125.68.0-255,1484,261785,23,407862
4716,0.003461,74.125.68.0-255,3602,265387,23,407862
4717,0.003464,172.31.33.0-255,66,265453,23,407862
4718,0.003556,74.125.68.0-255,1484,266937,23,407862
4719,0.003571,74.125.68.0-255,1484,268421,23,407862
4720,0.003575,172.31.33.0-255,66,268487,23,407862
4721,0.003601,74.125.68.0-255,1484,269971,23,407862
4722,0.003652,74.125.68.0-255,2902,272873,23,407862
4723,0.003656,172.31.33.0-255,66,272939,23,407862
4724,0.003667,74.125.68.0-255,1484,274423,23,407862
4725,0.003689,74.125.68.0-255,1484,275907,23,407862
4726,0.003692,172.31.33.0-255,66,275973,23,407862
4727,0.003724,74.125.68.0-255,1484,277457,23,407862
4728,0.003736,74.125.68.0-255,1484,278941,23,407862
4729,0.00374,172.31.33.0-255,66,279007,23,407862
4730,0.00376,74.125.68.0-255,4320,283327,23,407862
4731,0.003764,172.31.33.0-255,66,283393,23,407862
4732,0.003788,74.125.68.0-255,2902,286295,23,407862
4733,0.003792,172.31.33.0-255,66,286361,23,407862
4734,0.003797,74.125.68.0-255,2902,289263,23,407862
4735,0.0038,172.31.33.0-255,66,289329,23,407862
4736,0.003812,74.125.68.0-255,1484,290813,23,407862
4737,0.003817,74.125.68.0-255,2902,293715,23,407862
4738,0.00382,172.31.33.0-255,66,293781,23,407862
4739,0.00384,74.125.68.0-255,5738,299519,23,407862
4740,0.003845,172.31.33.0-255,66,299585,23,407862
4741,0.003847,74.125.68.0-255,766,300351,23,407862
4742,0.003909,74.125.68.0-255,1484,301835,23,407862
4743,0.003914,172.31.33.0-255,66,301901,23,407862
4744,0.003933,74.125.68.0-255,1484,303385,23,407862
4745,0.003951,74.125.68.0-255,2902,306287,23,407862
4746,0.003954,172.31.33.0-255,66,306353,23,407862
4747,0.003958,74.125.68.0-255,1484,307837,23,407862
4748,0.00398,74.125.68.0-255,4320,312157,23,407862
4749,0.003984,172.31.33.0-255,66,312223,23,407862
4750,0.003987,74.125.68.0-255,1484,313707,23,407862
4751,0.00399,74.125.68.0-255,1484,315191,23,407862
4752,0.003992,172.31.33.0-255,66,315257,23,407862
4753,0.003995,74.125.68.0-255,1484,316741,23,407862
4754,0.004015,74.125.68.0-255,1484,318225,23,407862
4755,0.004019,172.31.33.0-255,66,318291,23,407862
4756,0.004023,74.125.68.0-255,2902,321193,23,407862
4757,0.004027,172.31.33.0-255,66,321259,23,407862
4758,0.004057,74.125.68.0-255,5738,326997,23,407862
4759,0.004061,172.31.33.0-255,66,327063,23,407862
4760,0.004066,74.125.68.0-255,2902,329965,23,407862
4761,0.004068,172.31.33.0-255,66,330031,23,407862
4762,0.004085,74.125.68.0-255,4320,334351,23,407862
4763,0.004088,172.31.33.0-255,66,334417,23,407862
4764,0.004091,74.125.68.0-255,766,335183,23,407862
4765,0.004114,74.125.68.0-255,1484,336667,23,407862
4766,0.004118,172.31.33.0-255,66,336733,23,407862
4767,0.004136,74.125.68.0-255,1484,338217,23,407862
4768,0.004155,74.125.68.0-255,2902,341119,23,407862
4769,0.004159,172.31.33.0-255,66,341185,23,407862
4770,0.004185,74.125.68.0-255,5738,346923,23,407862
4771,0.004189,172.31.33.0-255,66,346989,23,407862
4772,0.004208,74.125.68.0-255,2902,349891,23,407862
4773,0.004211,172.31.33.0-255,66,349957,23,407862
4774,0.004233,74.125.68.0-255,2902,352859,23,407862
4775,0.004237,172.31.33.0-255,66,352925,23,407862
4776,0.004244,74.125.68.0-255,7156,360081,23,407862
4777,0.004247,172.31.33.0-255,66,360147,23,407862
4778,0.004249,74.125.68.0-255,1484,361631,23,407862
4779,0.004282,74.125.68.0-255,2902,364533,23,407862
4780,0.004286,172.31.33.0-255,66,364599,23,407862
4781,0.0043,74.125.68.0-255,4320,368919,23,407862
4782,0.004303,172.31.33.0-255,66,368985,23,407862
4783,0.004306,74.125.68.0-255,766,369751,23,407862
4784,0.00434,74.125.68.0-255,1484,371235,23,407862
4785,0.004344,172.31.33.0-255,66,371301,23,407862
4786,0.004378,74.125.68.0-255,2902,374203,23,407862
4787,0.004382,172.31.33.0-255,66,374269,23,407862
4788,0.004385,74.125.68.0-255,1484,375753,23,407862
4789,0.004401,74.125.68.0-255,1484,377237,23,407862
4790,0.004403,172.31.33.0-255,66,377303,23,407862
4791,0.004408,74.125.68.0-255,4320,381623,23,407862
4792,0.004411,172.31.33.0-255,66,381689,23,407862
4793,0.004448,74.125.68.0-255,5738,387427,23,407862
4794,0.004453,172.31.33.0-255,66,387493,23,407862
4795,0.004468,74.125.68.0-255,2902,390395,23,407862
4796,0.00447,172.31.33.0-255,66,390461,23,407862
4797,0.00448,172.31.33.0-255,66,390527,23,407862
4798,0.004499,74.125.68.0-255,1484,392011,23,407862
4799,0.004511,74.125.68.0-255,2184,394195,23,407862
4800,0.004514,172.31.33.0-255,66,394261,23,407862
4801,0.004533,74.125.68.0-255,4320,398581,23,407862
4802,0.004536,172.31.33.0-255,66,398647,23,407862
4803,0.004552,74.125.68.0-255,5738,404385,23,407862
4804,0.004555,172.31.33.0-255,66,404451,23,407862
4805,0.004617,74.125.68.0-255,3003,407454,23,407862
4806,0.004622,172.31.33.0-255,66,407520,23,407862
4807,0.004637,74.125.68.0-255,105,407625,23,407862
4808,0.006956,172.31.33.0-255,66,407691,23,407862
4809,0.006993,172.31.33.0-255,105,407796,23,407862
4810,0.009233,74.125.68.0-255,66,407862,23,407862
4811,0.0,172.31.33.0-255,297,297,23,363
4812,0.001564,104.244.42.0-255,66,363,23,363
4813,0.0,172.31.33.0-255,105,105,23,276
4814,0.001857,157.240.7.0-255,105,210,23,276
4815,0.001868,172.31.33.0-255,66,276,23,276
4816,0.0,74.125.24.0-255,153,153,23,271790
4817,2.7e-05,172.31.33.0-255,66,219,23,271790
4818,3.4e-05,74.125.24.0-255,1484,1703,23,271790
4819,3.7e-05,172.31.33.0-255,66,1769,23,271790
4820,4.2e-05,74.125.24.0-255,2902,4671,23,271790
4821,4.5e-05,172.31.33.0-255,66,4737,23,271790
4822,5e-05,74.125.24.0-255,4320,9057,23,271790
4823,5.4e-05,172.31.33.0-255,66,9123,23,271790
4824,7.3e-05,74.125.24.0-255,2902,12025,23,271790
4825,7.6e-05,172.31.33.0-255,66,12091,23,271790
4826,0.0001,74.125.24.0-255,1974,14065,23,271790
4827,0.000103,172.31.33.0-255,66,14131,23,271790
4828,0.000125,74.125.24.0-255,2902,17033,23,271790
4829,0.000128,172.31.33.0-255,66,17099,23,271790
4830,0.00015,74.125.24.0-255,7156,24255,23,271790
4831,0.000152,172.31.33.0-255,66,24321,23,271790
4832,0.000202,74.125.24.0-255,2902,27223,23,271790
4833,0.000205,172.31.33.0-255,66,27289,23,271790
4834,0.000223,74.125.24.0-255,3961,31250,23,271790
4835,0.000227,172.31.33.0-255,66,31316,23,271790
4836,0.000291,74.125.24.0-255,1484,32800,23,271790
4837,0.000295,172.31.33.0-255,66,32866,23,271790
4838,0.000301,74.125.24.0-255,2902,35768,23,271790
4839,0.000303,172.31.33.0-255,66,35834,23,271790
4840,0.00033,74.125.24.0-255,5738,41572,23,271790
4841,0.000334,172.31.33.0-255,66,41638,23,271790
4842,0.000366,172.31.33.0-255,66,41704,23,271790
4843,0.000383,74.125.24.0-255,1125,42829,23,271790
4844,0.000386,172.31.33.0-255,66,42895,23,271790
4845,0.0004,172.31.33.0-255,66,42961,23,271790
4846,0.000432,74.125.24.0-255,1459,44420,23,271790
4847,0.000436,74.125.24.0-255,107,44527,23,271790
4848,0.000439,172.31.33.0-255,66,44593,23,271790
4849,0.00051,74.125.24.0-255,332,44925,23,271790
4850,0.000825,172.31.33.0-255,66,44991,23,271790
4851,0.001002,74.125.24.0-255,1484,46475,23,271790
4852,0.001011,74.125.24.0-255,1484,47959,23,271790
4853,0.001015,172.31.33.0-255,66,48025,23,271790
4854,0.001036,74.125.24.0-255,1484,49509,23,271790
4855,0.001042,74.125.24.0-255,5738,55247,23,271790
4856,0.001045,172.31.33.0-255,66,55313,23,271790
4857,0.001062,74.125.24.0-255,7156,62469,23,271790
4858,0.001065,172.31.33.0-255,66,62535,23,271790
4859,0.001093,74.125.24.0-255,5738,68273,23,271790
4860,0.001096,172.31.33.0-255,66,68339,23,271790
4861,0.001107,172.31.33.0-255,66,68405,23,271790
4862,0.001127,74.125.24.0-255,2184,70589,23,271790
4863,0.00113,172.31.33.0-255,66,70655,23,271790
4864,0.001263,74.125.24.0-255,1484,72139,23,271790
4865,0.001271,74.125.24.0-255,2902,75041,23,271790
4866,0.001275,172.31.33.0-255,66,75107,23,271790
4867,0.001297,74.125.24.0-255,5738,80845,23,271790
4868,0.0013,172.31.33.0-255,66,80911,23,271790
4869,0.001305,74.125.24.0-255,2902,83813,23,271790
4870,0.001307,172.31.33.0-255,66,83879,23,271790
4871,0.001327,172.31.33.0-255,66,83945,23,271790
4872,0.001341,172.31.33.0-255,66,84011,23,271790
4873,0.001379,74.125.24.0-255,2902,86913,23,271790
4874,0.001383,172.31.33.0-255,66,86979,23,271790
4875,0.001389,74.125.24.0-255,4320,91299,23,271790
4876,0.001391,172.31.33.0-255,66,91365,23,271790
4877,0.001394,74.125.24.0-255,1484,92849,23,271790
4878,0.001411,74.125.24.0-255,7156,100005,23,271790
4879,0.001487,74.125.24.0-255,3602,103607,23,271790
4880,0.001492,74.125.24.0-255,4320,107927,23,271790
4881,0.001505,74.125.24.0-255,1484,109411,23,271790
4882,0.001529,74.125.24.0-255,4320,113731,23,271790
4883,0.001574,74.125.24.0-255,2184,115915,23,271790
4884,0.00215,74.125.24.0-255,1484,117399,23,271790
4885,0.002154,74.125.24.0-255,2902,120301,23,271790
4886,0.002179,74.125.24.0-255,5738,126039,23,271790
4887,0.002182,74.125.24.0-255,1484,127523,23,271790
4888,0.002202,74.125.24.0-255,5738,133261,23,271790
4889,0.002221,74.125.24.0-255,7156,140417,23,271790
4890,0.002234,74.125.24.0-255,7156,147573,23,271790
4891,0.00225,74.125.24.0-255,2184,149757,23,271790
4892,0.002499,74.125.24.0-255,1484,151241,23,271790
4893,0.002502,74.125.24.0-255,1484,152725,23,271790
4894,0.002515,74.125.24.0-255,1484,154209,23,271790
4895,0.002522,74.125.24.0-255,5738,159947,23,271790
4896,0.002573,74.125.24.0-255,4320,164267,23,271790
4897,0.002578,74.125.24.0-255,4320,168587,23,271790
4898,0.002604,74.125.24.0-255,5738,174325,23,271790
4899,0.002614,74.125.24.0-255,766,175091,23,271790
4900,0.002825,74.125.24.0-255,1484,176575,23,271790
4901,0.002829,74.125.24.0-255,1484,178059,23,271790
4902,0.00284,74.125.24.0-255,1484,179543,23,271790
4903,0.002842,74.125.24.0-255,1484,181027,23,271790
4904,0.002861,74.125.24.0-255,2902,183929,23,271790
4905,0.002863,74.125.24.0-255,1484,185413,23,271790
4906,0.002882,74.125.24.0-255,2902,188315,23,271790
4907,0.002908,74.125.24.0-255,7156,195471,23,271790
4908,0.002931,74.125.24.0-255,5020,200491,23,271790
4909,0.003315,74.125.24.0-255,1484,201975,23,271790
4910,0.003326,74.125.24.0-255,1484,203459,23,271790
4911,0.00334,74.125.24.0-255,1484,204943,23,271790
4912,0.003344,74.125.24.0-255,2902,207845,23,271790
4913,0.003367,74.125.24.0-255,2902,210747,23,271790
4914,0.003403,74.125.24.0-255,2902,213649,23,271790
4915,0.004655,74.125.24.0-255,1484,215133,23,271790
4916,0.00466,74.125.24.0-255,2902,218035,23,271790
4917,0.004675,74.125.24.0-255,4320,222355,23,271790
4918,0.004686,74.125.24.0-255,1484,223839,23,271790
4919,0.004705,74.125.24.0-255,7156,230995,23,271790
4920,0.004722,74.125.24.0-255,5738,236733,23,271790
4921,0.004725,74.125.24.0-255,1484,238217,23,271790
4922,0.004744,74.125.24.0-255,5738,243955,23,271790
4923,0.004762,74.125.24.0-255,2902,246857,23,271790
4924,0.004778,74.125.24.0-255,5020,251877,23,271790
4925,0.004784,74.125.24.0-255,4320,256197,23,271790
4926,0.004841,74.125.24.0-255,5020,261217,23,271790
4927,0.004859,74.125.24.0-255,5738,266955,23,271790
4928,0.004874,74.125.24.0-255,1484,268439,23,271790
4929,0.004891,74.125.24.0-255,3075,271514,23,271790
4930,0.00492,74.125.24.0-255,105,271619,23,271790
4931,0.005125,172.31.33.0-255,66,271685,23,271790
4932,0.007818,172.31.33.0-255,105,271790,23,271790
4933,0.0,172.217.194.0-255,153,153,23,171020
4934,2.3e-05,172.31.33.0-255,66,219,23,171020
4935,2.9e-05,172.217.194.0-255,1484,1703,23,171020
4936,3.3e-05,172.31.33.0-255,66,1769,23,171020
4937,4.4e-05,172.217.194.0-255,2902,4671,23,171020
4938,4.8e-05,172.31.33.0-255,66,4737,23,171020
4939,7.6e-05,172.217.194.0-255,5738,10475,23,171020
4940,8e-05,172.31.33.0-255,66,10541,23,171020
4941,0.000102,172.217.194.0-255,3428,13969,23,171020
4942,0.000105,172.31.33.0-255,66,14035,23,171020
4943,0.000177,172.217.194.0-255,1484,15519,23,171020
4944,0.000182,172.31.33.0-255,66,15585,23,171020
4945,0.000186,172.217.194.0-255,2902,18487,23,171020
4946,0.000188,172.31.33.0-255,66,18553,23,171020
4947,0.000193,172.217.194.0-255,2902,21455,23,171020
4948,0.000195,172.31.33.0-255,66,21521,23,171020
4949,0.000227,172.217.194.0-255,2902,24423,23,171020
4950,0.00023,172.31.33.0-255,66,24489,23,171020
4951,0.000237,172.217.194.0-255,7156,31645,23,171020
4952,0.000239,172.31.33.0-255,66,31711,23,171020
4953,0.000263,172.217.194.0-255,6797,38508,23,171020
4954,0.000268,172.31.33.0-255,66,38574,23,171020
4955,0.000286,172.31.33.0-255,66,38640,23,171020
4956,0.000328,172.31.33.0-255,66,38706,23,171020
4957,0.000332,172.217.194.0-255,98,38804,23,171020
4958,0.000334,172.31.33.0-255,66,38870,23,171020
4959,0.000419,172.217.194.0-255,1484,40354,23,171020
4960,0.000423,172.31.33.0-255,66,40420,23,171020
4961,0.000429,172.217.194.0-255,2902,43322,23,171020
4962,0.000431,172.31.33.0-255,66,43388,23,171020
4963,0.000444,172.217.194.0-255,5738,49126,23,171020
4964,0.000447,172.31.33.0-255,66,49192,23,171020
4965,0.000451,172.217.194.0-255,2902,52094,23,171020
4966,0.000456,172.31.33.0-255,66,52160,23,171020
4967,0.000481,172.217.194.0-255,4320,56480,23,171020
4968,0.000484,172.31.33.0-255,66,56546,23,171020
4969,0.000498,172.31.33.0-255,66,56612,23,171020
4970,0.000525,172.217.194.0-255,4320,60932,23,171020
4971,0.000529,172.31.33.0-255,66,60998,23,171020
4972,0.000533,172.217.194.0-255,2481,63479,23,171020
4973,0.000535,172.31.33.0-255,66,63545,23,171020
4974,0.000706,172.217.194.0-255,1484,65029,23,171020
4975,0.000706,172.31.33.0-255,101,65130,23,171020
4976,0.00071,172.217.194.0-255,1484,66614,23,171020
4977,0.000713,172.31.33.0-255,66,66680,23,171020
4978,0.000728,172.217.194.0-255,1484,68164,23,171020
4979,0.000735,172.217.194.0-255,5738,73902,23,171020
4980,0.000738,172.31.33.0-255,66,73968,23,171020
4981,0.000743,172.217.194.0-255,2902,76870,23,171020
4982,0.000745,172.31.33.0-255,66,76936,23,171020
4983,0.000787,172.31.33.0-255,66,77002,23,171020
4984,0.000826,172.217.194.0-255,4320,81322,23,171020
4985,0.00083,172.31.33.0-255,66,81388,23,171020
4986,0.00086,172.217.194.0-255,6438,87826,23,171020
4987,0.000866,172.31.33.0-255,66,87892,23,171020
4988,0.000885,172.31.33.0-255,66,87958,23,171020
4989,0.000896,172.31.33.0-255,66,88024,23,171020
4990,0.000933,172.31.33.0-255,66,88090,23,171020
4991,0.000973,172.217.194.0-255,5020,93110,23,171020
4992,0.000978,172.31.33.0-255,66,93176,23,171020
4993,0.000987,172.31.33.0-255,66,93242,23,171020
4994,0.000997,172.31.33.0-255,66,93308,23,171020
4995,0.001024,172.217.194.0-255,4320,97628,23,171020
4996,0.001028,172.31.33.0-255,66,97694,23,171020
4997,0.001066,172.217.194.0-255,6438,104132,23,171020
4998,0.00107,172.31.33.0-255,66,104198,23,171020
4999,0.001083,172.31.33.0-255,66,104264,23,171020
5000,0.001095,172.31.33.0-255,66,104330,23,171020
5001,0.001136,172.217.194.0-255,7156,111486,23,171020
5002,0.00114,172.31.33.0-255,66,111552,23,171020
5003,0.001148,172.217.194.0-255,2184,113736,23,171020
5004,0.00115,172.31.33.0-255,66,113802,23,171020
5005,0.001338,172.217.194.0-255,1484,115286,23,171020
5006,0.001343,172.217.194.0-255,1484,116770,23,171020
5007,0.001346,172.31.33.0-255,66,116836,23,171020
5008,0.001375,172.217.194.0-255,1484,118320,23,171020
5009,0.001398,172.217.194.0-255,5738,124058,23,171020
5010,0.001401,172.31.33.0-255,66,124124,23,171020
5011,0.001407,172.217.194.0-255,5738,129862,23,171020
5012,0.001409,172.31.33.0-255,66,129928,23,171020
5013,0.001479,172.31.33.0-255,66,129994,23,171020
5014,0.001485,172.217.194.0-255,5020,135014,23,171020
5015,0.001486,172.31.33.0-255,66,135080,23,171020
5016,0.001489,172.217.194.0-255,1484,136564,23,171020
5017,0.001511,172.217.194.0-255,2902,139466,23,171020
5018,0.001514,172.31.33.0-255,66,139532,23,171020
5019,0.001519,172.217.194.0-255,5738,145270,23,171020
5020,0.001521,172.31.33.0-255,66,145336,23,171020
5021,0.001559,172.31.33.0-255,66,145402,23,171020
5022,0.001588,172.217.194.0-255,2902,148304,23,171020
5023,0.001591,172.31.33.0-255,66,148370,23,171020
5024,0.00163,172.31.33.0-255,66,148436,23,171020
5025,0.001636,172.217.194.0-255,7156,155592,23,171020
5026,0.001639,172.31.33.0-255,66,155658,23,171020
5027,0.001656,172.217.194.0-255,5738,161396,23,171020
5028,0.001659,172.31.33.0-255,66,161462,23,171020
5029,0.001711,172.31.33.0-255,66,161528,23,171020
5030,0.001713,172.217.194.0-255,766,162294,23,171020
5031,0.001718,172.217.194.0-255,4320,166614,23,171020
5032,0.00172,172.31.33.0-255,66,166680,23,171020
5033,0.001763,172.31.33.0-255,66,166746,23,171020
5034,0.001799,172.31.33.0-255,66,166812,23,171020
5035,0.001828,172.217.194.0-255,3602,170414,23,171020
5036,0.001831,172.31.33.0-255,66,170480,23,171020
5037,0.001847,172.31.33.0-255,66,170546,23,171020
5038,0.00186,172.31.33.0-255,66,170612,23,171020
5039,0.001901,172.31.33.0-255,66,170678,23,171020
5040,0.001905,172.217.194.0-255,105,170783,23,171020
5041,0.00277,172.217.194.0-255,66,170849,23,171020
5042,0.007785,172.31.33.0-255,105,170954,23,171020
5043,0.009857,172.217.194.0-255,66,171020,23,171020
5044,0.0,74.125.68.0-255,143,143,23,272887
5045,2.4e-05,172.31.33.0-255,66,209,23,272887
5046,3e-05,74.125.68.0-255,1484,1693,23,272887
5047,3.4e-05,172.31.33.0-255,66,1759,23,272887
5048,5.4e-05,74.125.68.0-255,2902,4661,23,272887
5049,5.7e-05,172.31.33.0-255,66,4727,23,272887
5050,6.3e-05,74.125.68.0-255,4320,9047,23,272887
5051,6.6e-05,172.31.33.0-255,66,9113,23,272887
5052,9.9e-05,74.125.68.0-255,2902,12015,23,272887
5053,0.000102,172.31.33.0-255,66,12081,23,272887
5054,0.000106,74.125.68.0-255,1990,14071,23,272887
5055,0.000109,172.31.33.0-255,66,14137,23,272887
5056,0.000112,74.125.68.0-255,2902,17039,23,272887
5057,0.000115,172.31.33.0-255,66,17105,23,272887
5058,0.00012,74.125.68.0-255,4320,21425,23,272887
5059,0.000123,172.31.33.0-255,66,21491,23,272887
5060,0.000154,74.125.68.0-255,2902,24393,23,272887
5061,0.000157,172.31.33.0-255,66,24459,23,272887
5062,0.000162,74.125.68.0-255,2902,27361,23,272887
5063,0.000164,172.31.33.0-255,66,27427,23,272887
5064,0.000172,74.125.68.0-255,3961,31388,23,272887
5065,0.000175,172.31.33.0-255,66,31454,23,272887
5066,0.000235,74.125.68.0-255,1484,32938,23,272887
5067,0.000239,172.31.33.0-255,66,33004,23,272887
5068,0.000243,74.125.68.0-255,2902,35906,23,272887
5069,0.000246,172.31.33.0-255,66,35972,23,272887
5070,0.000248,74.125.68.0-255,1484,37456,23,272887
5071,0.000251,172.31.33.0-255,66,37522,23,272887
5072,0.000285,74.125.68.0-255,4320,41842,23,272887
5073,0.00029,172.31.33.0-255,66,41908,23,272887
5074,0.000301,172.31.33.0-255,66,41974,23,272887
5075,0.000343,172.31.33.0-255,66,42040,23,272887
5076,0.000349,74.125.68.0-255,5020,47060,23,272887
5077,0.000352,172.31.33.0-255,66,47126,23,272887
5078,0.000354,74.125.68.0-255,429,47555,23,272887
5079,0.000477,74.125.68.0-255,1484,49039,23,272887
5080,0.000481,172.31.33.0-255,66,49105,23,272887
5081,0.0005,74.125.68.0-255,2902,52007,23,272887
5082,0.000503,172.31.33.0-255,66,52073,23,272887
5083,0.000533,74.125.68.0-255,5738,57811,23,272887
5084,0.000537,172.31.33.0-255,66,57877,23,272887
5085,0.000545,74.125.68.0-255,7156,65033,23,272887
5086,0.000547,172.31.33.0-255,66,65099,23,272887
5087,0.000584,74.125.68.0-255,2902,68001,23,272887
5088,0.000587,172.31.33.0-255,66,68067,23,272887
5089,0.0006,172.31.33.0-255,66,68133,23,272887
5090,0.000604,74.125.68.0-255,2184,70317,23,272887
5091,0.000607,172.31.33.0-255,66,70383,23,272887
5092,0.00061,74.125.68.0-255,344,70727,23,272887
5093,0.000958,74.125.68.0-255,1484,72211,23,272887
5094,0.000962,172.31.33.0-255,66,72277,23,272887
5095,0.000966,74.125.68.0-255,1484,73761,23,272887
5096,0.000985,74.125.68.0-255,1484,75245,23,272887
5097,0.000988,172.31.33.0-255,66,75311,23,272887
5098,0.000994,74.125.68.0-255,5738,81049,23,272887
5099,0.000996,172.31.33.0-255,66,81115,23,272887
5100,0.001032,74.125.68.0-255,7156,88271,23,272887
5101,0.001037,74.125.68.0-255,4320,92591,23,272887
5102,0.001037,172.31.33.0-255,66,92657,23,272887
5103,0.00104,172.31.33.0-255,66,92723,23,272887
5104,0.001076,172.31.33.0-255,66,92789,23,272887
5105,0.00108,74.125.68.0-255,2184,94973,23,272887
5106,0.001084,172.31.33.0-255,66,95039,23,272887
5107,0.001506,74.125.68.0-255,1484,96523,23,272887
5108,0.001527,74.125.68.0-255,2902,99425,23,272887
5109,0.001531,172.31.33.0-255,66,99491,23,272887
5110,0.001537,74.125.68.0-255,5738,105229,23,272887
5111,0.001539,172.31.33.0-255,66,105295,23,272887
5112,0.001585,172.31.33.0-255,66,105361,23,272887
5113,0.001591,74.125.68.0-255,5738,111099,23,272887
5114,0.001593,172.31.33.0-255,66,111165,23,272887
5115,0.001617,74.125.68.0-255,5738,116903,23,272887
5116,0.001624,172.31.33.0-255,66,116969,23,272887
5117,0.001628,74.125.68.0-255,2184,119153,23,272887
5118,0.00163,172.31.33.0-255,66,119219,23,272887
5119,0.001874,74.125.68.0-255,1484,120703,23,272887
5120,0.001881,74.125.68.0-255,2902,123605,23,272887
5121,0.001885,172.31.33.0-255,66,123671,23,272887
5122,0.001898,74.125.68.0-255,2902,126573,23,272887
5123,0.001904,172.31.33.0-255,66,126639,23,272887
5124,0.001915,74.125.68.0-255,2902,129541,23,272887
5125,0.001917,172.31.33.0-255,66,129607,23,272887
5126,0.001924,74.125.68.0-255,2902,132509,23,272887
5127,0.001926,172.31.33.0-255,66,132575,23,272887
5128,0.001941,74.125.68.0-255,4320,136895,23,272887
5129,0.001946,172.31.33.0-255,66,136961,23,272887
5130,0.001961,74.125.68.0-255,5738,142699,23,272887
5131,0.001962,172.31.33.0-255,66,142765,23,272887
5132,0.001975,172.31.33.0-255,66,142831,23,272887
5133,0.001998,74.125.68.0-255,1484,144315,23,272887
5134,0.002025,172.31.33.0-255,66,144381,23,272887
5135,0.002029,74.125.68.0-255,4320,148701,23,272887
5136,0.002031,172.31.33.0-255,66,148767,23,272887
5137,0.00206,74.125.68.0-255,7156,155923,23,272887
5138,0.002062,172.31.33.0-255,66,155989,23,272887
5139,0.002082,172.31.33.0-255,66,156055,23,272887
5140,0.002085,74.125.68.0-255,2184,158239,23,272887
5141,0.002087,172.31.33.0-255,66,158305,23,272887
5142,0.002161,74.125.68.0-255,1484,159789,23,272887
5143,0.002166,74.125.68.0-255,2902,162691,23,272887
5144,0.002167,172.31.33.0-255,66,162757,23,272887
5145,0.002191,74.125.68.0-255,5738,168495,23,272887
5146,0.002193,172.31.33.0-255,66,168561,23,272887
5147,0.002241,172.31.33.0-255,66,168627,23,272887
5148,0.002246,74.125.68.0-255,4320,172947,23,272887
5149,0.002248,172.31.33.0-255,66,173013,23,272887
5150,0.00229,74.125.68.0-255,2902,175915,23,272887
5151,0.002292,172.31.33.0-255,66,175981,23,272887
5152,0.002315,74.125.68.0-255,3602,179583,23,272887
5153,0.002317,172.31.33.0-255,66,179649,23,272887
5154,0.002321,74.125.68.0-255,4320,183969,23,272887
5155,0.002323,172.31.33.0-255,66,184035,23,272887
5156,0.002347,74.125.68.0-255,2902,186937,23,272887
5157,0.002349,172.31.33.0-255,66,187003,23,272887
5158,0.002356,74.125.68.0-255,2902,189905,23,272887
5159,0.002358,172.31.33.0-255,66,189971,23,272887
5160,0.002362,74.125.68.0-255,4320,194291,23,272887
5161,0.002364,172.31.33.0-255,66,194357,23,272887
5162,0.002397,74.125.68.0-255,5738,200095,23,272887
5163,0.002399,172.31.33.0-255,66,200161,23,272887
5164,0.00242,74.125.68.0-255,2902,203063,23,272887
5165,0.002422,172.31.33.0-255,66,203129,23,272887
5166,0.002428,74.125.68.0-255,7156,210285,23,272887
5167,0.00243,172.31.33.0-255,66,210351,23,272887
5168,0.002438,172.31.33.0-255,66,210417,23,272887
5169,0.002443,74.125.68.0-255,5738,216155,23,272887
5170,0.002446,74.125.68.0-255,1484,217639,23,272887
5171,0.002449,172.31.33.0-255,66,217705,23,272887
5172,0.002473,74.125.68.0-255,5738,223443,23,272887
5173,0.002475,172.31.33.0-255,66,223509,23,272887
5174,0.002514,172.31.33.0-255,66,223575,23,272887
5175,0.002561,172.31.33.0-255,66,223641,23,272887
5176,0.002565,74.125.68.0-255,2902,226543,23,272887
5177,0.002566,172.31.33.0-255,66,226609,23,272887
5178,0.002599,172.31.33.0-255,66,226675,23,272887
5179,0.002604,74.125.68.0-255,5738,232413,23,272887
5180,0.002606,172.31.33.0-255,66,232479,23,272887
5181,0.002609,74.125.68.0-255,1484,233963,23,272887
5182,0.002639,74.125.68.0-255,5020,238983,23,272887
5183,0.002641,172.31.33.0-255,66,239049,23,272887
5184,0.002644,74.125.68.0-255,2902,241951,23,272887
5185,0.002646,172.31.33.0-255,66,242017,23,272887
5186,0.002649,74.125.68.0-255,2902,244919,23,272887
5187,0.002651,172.31.33.0-255,66,244985,23,272887
5188,0.00267,74.125.68.0-255,1484,246469,23,272887
5189,0.002689,74.125.68.0-255,2902,249371,23,272887
5190,0.002691,172.31.33.0-255,66,249437,23,272887
5191,0.00272,74.125.68.0-255,4320,253757,23,272887
5192,0.002723,172.31.33.0-255,66,253823,23,272887
5193,0.002726,74.125.68.0-255,2902,256725,23,272887
5194,0.002728,172.31.33.0-255,66,256791,23,272887
5195,0.00273,74.125.68.0-255,1484,258275,23,272887
5196,0.002765,172.31.33.0-255,66,258341,23,272887
5197,0.002767,74.125.68.0-255,766,259107,23,272887
5198,0.002769,74.125.68.0-255,1484,260591,23,272887
5199,0.002771,172.31.33.0-255,66,260657,23,272887
5200,0.002794,74.125.68.0-255,5738,266395,23,272887
5201,0.002796,172.31.33.0-255,66,266461,23,272887
5202,0.002823,74.125.68.0-255,5738,272199,23,272887
5203,0.002825,172.31.33.0-255,66,272265,23,272887
5204,0.002827,74.125.68.0-255,346,272611,23,272887
5205,0.002844,74.125.68.0-255,105,272716,23,272887
5206,0.008727,172.31.33.0-255,66,272782,23,272887
5207,0.008754,172.31.33.0-255,105,272887,23,272887
5208,0.0,172.31.33.0-255,105,105,23,459
5209,0.000155,172.31.33.0-255,90,195,23,459
5210,0.000162,172.31.33.0-255,66,261,23,459
5211,0.001869,172.217.27.0-255,66,327,23,459
5212,0.001877,172.217.27.0-255,66,393,23,459
5213,0.001884,172.31.33.0-255,66,459,23,459
5214,0.0,172.31.33.0-255,105,105,23,276
5215,0.001772,157.240.7.0-255,105,210,23,276
5216,0.001781,172.31.33.0-255,66,276,23,276
5217,0.0,74.125.24.0-255,298,298,23,162106
5218,2e-05,172.31.33.0-255,66,364,23,162106
5219,2.6e-05,74.125.24.0-255,1484,1848,23,162106
5220,2.9e-05,172.31.33.0-255,66,1914,23,162106
5221,4.4e-05,74.125.24.0-255,4320,6234,23,162106
5222,4.7e-05,172.31.33.0-255,66,6300,23,162106
5223,7.7e-05,74.125.24.0-255,4320,10620,23,162106
5224,8e-05,172.31.33.0-255,66,10686,23,162106
5225,0.000106,74.125.24.0-255,4595,15281,23,162106
5226,0.000109,172.31.33.0-255,66,15347,23,162106
5227,0.000131,74.125.24.0-255,7156,22503,23,162106
5228,0.000134,172.31.33.0-255,66,22569,23,162106
5229,0.00015,74.125.24.0-255,1484,24053,23,162106
5230,0.000152,172.31.33.0-255,66,24119,23,162106
5231,0.000183,74.125.24.0-255,5738,29857,23,162106
5232,0.000186,172.31.33.0-255,66,29923,23,162106
5233,0.000202,74.125.24.0-255,1125,31048,23,162106
5234,0.000205,172.31.33.0-255,66,31114,23,162106
5235,0.000329,74.125.24.0-255,1484,32598,23,162106
5236,0.000333,172.31.33.0-255,66,32664,23,162106
5237,0.000338,74.125.24.0-255,2902,35566,23,162106
5238,0.000341,172.31.33.0-255,66,35632,23,162106
5239,0.000362,74.125.24.0-255,5738,41370,23,162106
5240,0.000365,172.31.33.0-255,66,41436,23,162106
5241,0.000389,74.125.24.0-255,2902,44338,23,162106
5242,0.000391,172.31.33.0-255,66,44404,23,162106
5243,0.000412,172.31.33.0-255,66,44470,23,162106
5244,0.000432,74.125.24.0-255,5738,50208,23,162106
5245,0.000435,172.31.33.0-255,66,50274,23,162106
5246,0.000455,74.125.24.0-255,5738,56012,23,162106
5247,0.000457,172.31.33.0-255,66,56078,23,162106
5248,0.00046,74.125.24.0-255,1439,57517,23,162106
5249,0.000462,74.125.24.0-255,107,57624,23,162106
5250,0.000546,74.125.24.0-255,1484,59108,23,162106
5251,0.00055,172.31.33.0-255,66,59174,23,162106
5252,0.000554,74.125.24.0-255,2902,62076,23,162106
5253,0.000556,172.31.33.0-255,66,62142,23,162106
5254,0.000561,74.125.24.0-255,5738,67880,23,162106
5255,0.000563,172.31.33.0-255,66,67946,23,162106
5256,0.00059,74.125.24.0-255,6797,74743,23,162106
5257,0.000593,172.31.33.0-255,66,74809,23,162106
5258,0.000606,74.125.24.0-255,2902,77711,23,162106
5259,0.000608,172.31.33.0-255,66,77777,23,162106
5260,0.000632,74.125.24.0-255,4320,82097,23,162106
5261,0.000634,172.31.33.0-255,66,82163,23,162106
5262,0.000644,172.31.33.0-255,66,82229,23,162106
5263,0.000676,74.125.24.0-255,1125,83354,23,162106
5264,0.00089,172.31.33.0-255,66,83420,23,162106
5265,0.001702,74.125.24.0-255,1484,84904,23,162106
5266,0.001713,74.125.24.0-255,2902,87806,23,162106
5267,0.001717,172.31.33.0-255,66,87872,23,162106
5268,0.001724,74.125.24.0-255,5738,93610,23,162106
5269,0.001727,172.31.33.0-255,66,93676,23,162106
5270,0.00173,74.125.24.0-255,1484,95160,23,162106
5271,0.001771,172.31.33.0-255,66,95226,23,162106
5272,0.001777,74.125.24.0-255,7156,102382,23,162106
5273,0.001779,172.31.33.0-255,66,102448,23,162106
5274,0.001807,74.125.24.0-255,3602,106050,23,162106
5275,0.001811,172.31.33.0-255,66,106116,23,162106
5276,0.001879,74.125.24.0-255,1484,107600,23,162106
5277,0.001894,74.125.24.0-255,2902,110502,23,162106
5278,0.001898,172.31.33.0-255,66,110568,23,162106
5279,0.001905,74.125.24.0-255,5738,116306,23,162106
5280,0.001907,172.31.33.0-255,66,116372,23,162106
5281,0.001955,172.31.33.0-255,66,116438,23,162106
5282,0.001978,74.125.24.0-255,1484,117922,23,162106
5283,0.001994,172.31.33.0-255,66,117988,23,162106
5284,0.002009,172.31.33.0-255,66,118054,23,162106
5285,0.002053,172.31.33.0-255,66,118120,23,162106
5286,0.002088,74.125.24.0-255,4320,122440,23,162106
5287,0.002092,172.31.33.0-255,66,122506,23,162106
5288,0.002122,172.31.33.0-255,66,122572,23,162106
5289,0.002156,172.31.33.0-255,66,122638,23,162106
5290,0.002173,74.125.24.0-255,1484,124122,23,162106
5291,0.002194,74.125.24.0-255,7156,131278,23,162106
5292,0.002212,172.31.33.0-255,66,131344,23,162106
5293,0.002299,172.31.33.0-255,66,131410,23,162106
5294,0.002391,74.125.24.0-255,3602,135012,23,162106
5295,0.002427,74.125.24.0-255,5738,140750,23,162106
5296,0.002596,74.125.24.0-255,7156,147906,23,162106
5297,0.002653,74.125.24.0-255,5738,153644,23,162106
5298,0.002689,172.31.33.0-255,66,153710,23,162106
5299,0.002714,172.31.33.0-255,66,153776,23,162106
5300,0.002736,74.125.24.0-255,3602,157378,23,162106
5301,0.002739,74.125.24.0-255,1484,158862,23,162106
5302,0.002759,74.125.24.0-255,2902,161764,23,162106
5303,0.002769,74.125.24.0-255,105,161869,23,162106
5304,0.002784,172.31.33.0-255,66,161935,23,162106
5305,0.004599,172.31.33.0-255,105,162040,23,162106
5306,0.00692,74.125.24.0-255,66,162106,23,162106
5307,0.0,172.31.33.0-255,105,105,23,276
5308,0.001614,157.240.7.0-255,105,210,23,276
5309,0.001628,172.31.33.0-255,66,276,23,276
5310,0.0,172.253.118.0-255,153,153,23,184982
5311,2.5e-05,172.31.33.0-255,66,219,23,184982
5312,3.1e-05,172.253.118.0-255,1484,1703,23,184982
5313,3.5e-05,172.31.33.0-255,66,1769,23,184982
5314,4.1e-05,172.253.118.0-255,2902,4671,23,184982
5315,4.4e-05,172.31.33.0-255,66,4737,23,184982
5316,4.8e-05,172.253.118.0-255,2902,7639,23,184982
5317,5.1e-05,172.31.33.0-255,66,7705,23,184982
5318,0.000106,172.253.118.0-255,6236,13941,23,184982
5319,0.00011,172.31.33.0-255,66,14007,23,184982
5320,0.000258,172.253.118.0-255,1484,15491,23,184982
5321,0.000262,172.31.33.0-255,66,15557,23,184982
5322,0.000288,172.253.118.0-255,2902,18459,23,184982
5323,0.000292,172.31.33.0-255,66,18525,23,184982
5324,0.000299,172.253.118.0-255,5738,24263,23,184982
5325,0.000302,172.31.33.0-255,66,24329,23,184982
5326,0.000306,172.253.118.0-255,2902,27231,23,184982
5327,0.000308,172.31.33.0-255,66,27297,23,184982
5328,0.000332,172.253.118.0-255,3961,31258,23,184982
5329,0.000336,172.31.33.0-255,66,31324,23,184982
5330,0.000357,172.253.118.0-255,7156,38480,23,184982
5331,0.000361,172.31.33.0-255,66,38546,23,184982
5332,0.000365,172.253.118.0-255,2902,41448,23,184982
5333,0.000367,172.31.33.0-255,66,41514,23,184982
5334,0.000409,172.253.118.0-255,6797,48311,23,184982
5335,0.000413,172.31.33.0-255,66,48377,23,184982
5336,0.000453,172.253.118.0-255,1484,49861,23,184982
5337,0.000458,172.31.33.0-255,66,49927,23,184982
5338,0.000471,172.253.118.0-255,2902,52829,23,184982
5339,0.000473,172.31.33.0-255,66,52895,23,184982
5340,0.000502,172.253.118.0-255,5738,58633,23,184982
5341,0.000505,172.31.33.0-255,66,58699,23,184982
5342,0.000518,172.253.118.0-255,4320,63019,23,184982
5343,0.00052,172.31.33.0-255,66,63085,23,184982
5344,0.000542,172.253.118.0-255,2856,65941,23,184982
5345,0.000545,172.31.33.0-255,66,66007,23,184982
5346,0.000623,172.253.118.0-255,109,66116,23,184982
5347,0.000822,172.31.33.0-255,66,66182,23,184982
5348,0.000835,172.253.118.0-255,1484,67666,23,184982
5349,0.000852,172.253.118.0-255,2902,70568,23,184982
5350,0.000855,172.31.33.0-255,66,70634,23,184982
5351,0.00086,172.253.118.0-255,2902,73536,23,184982
5352,0.000862,172.31.33.0-255,66,73602,23,184982
5353,0.0009,172.253.118.0-255,2902,76504,23,184982
5354,0.000903,172.31.33.0-255,66,76570,23,184982
5355,0.000919,172.253.118.0-255,4320,80890,23,184982
5356,0.000921,172.31.33.0-255,66,80956,23,184982
5357,0.000925,172.253.118.0-255,2543,83499,23,184982
5358,0.000926,172.31.33.0-255,66,83565,23,184982
5359,0.000951,172.253.118.0-255,4320,87885,23,184982
5360,0.000953,172.31.33.0-255,66,87951,23,184982
5361,0.000968,172.253.118.0-255,7156,95107,23,184982
5362,0.00097,172.31.33.0-255,66,95173,23,184982
5363,0.000975,172.253.118.0-255,5379,100552,23,184982
5364,0.000978,172.31.33.0-255,66,100618,23,184982
5365,0.001666,172.253.118.0-255,1484,102102,23,184982
5366,0.001674,172.253.118.0-255,2902,105004,23,184982
5367,0.001678,172.31.33.0-255,66,105070,23,184982
5368,0.001681,172.253.118.0-255,1484,106554,23,184982
5369,0.001717,172.253.118.0-255,2902,109456,23,184982
5370,0.00172,172.31.33.0-255,66,109522,23,184982
5371,0.001737,172.253.118.0-255,2902,112424,23,184982
5372,0.001739,172.31.33.0-255,66,112490,23,184982
5373,0.001745,172.253.118.0-255,7156,119646,23,184982
5374,0.001747,172.31.33.0-255,66,119712,23,184982
5375,0.001766,172.253.118.0-255,1484,121196,23,184982
5376,0.001785,172.253.118.0-255,2902,124098,23,184982
5377,0.001787,172.31.33.0-255,66,124164,23,184982
5378,0.001806,172.253.118.0-255,4320,128484,23,184982
5379,0.001808,172.31.33.0-255,66,128550,23,184982
5380,0.001819,172.253.118.0-255,1484,130034,23,184982
5381,0.001823,172.253.118.0-255,2902,132936,23,184982
5382,0.001826,172.31.33.0-255,66,133002,23,184982
5383,0.001847,172.253.118.0-255,2184,135186,23,184982
5384,0.00185,172.31.33.0-255,66,135252,23,184982
5385,0.001939,172.253.118.0-255,1484,136736,23,184982
5386,0.001954,172.253.118.0-255,2902,139638,23,184982
5387,0.001957,172.31.33.0-255,66,139704,23,184982
5388,0.001983,172.253.118.0-255,1484,141188,23,184982
5389,0.001994,172.253.118.0-255,2902,144090,23,184982
5390,0.001996,172.31.33.0-255,66,144156,23,184982
5391,0.002011,172.253.118.0-255,1484,145640,23,184982
5392,0.002026,172.253.118.0-255,4320,149960,23,184982
5393,0.002029,172.31.33.0-255,66,150026,23,184982
5394,0.002035,172.253.118.0-255,4320,154346,23,184982
5395,0.002037,172.31.33.0-255,66,154412,23,184982
5396,0.002051,172.253.118.0-255,1484,155896,23,184982
5397,0.002067,172.253.118.0-255,5738,161634,23,184982
5398,0.00207,172.31.33.0-255,66,161700,23,184982
5399,0.002088,172.253.118.0-255,7156,168856,23,184982
5400,0.002091,172.31.33.0-255,66,168922,23,184982
5401,0.004155,172.253.118.0-255,5738,174660,23,184982
5402,0.004161,172.31.33.0-255,66,174726,23,184982
5403,0.006207,172.253.118.0-255,4320,179046,23,184982
5404,0.006212,172.31.33.0-255,66,179112,23,184982
5405,0.006238,172.253.118.0-255,1484,180596,23,184982
5406,0.008233,172.253.118.0-255,4320,184916,23,184982
5407,0.00824,172.31.33.0-255,66,184982,23,184982
5408,0.0,74.125.68.0-255,338,338,23,288692
5409,2.7e-05,172.31.33.0-255,66,404,23,288692
5410,3.4e-05,74.125.68.0-255,1484,1888,23,288692
5411,3.8e-05,172.31.33.0-255,66,1954,23,288692
5412,7.5e-05,74.125.68.0-255,4320,6274,23,288692
5413,7.8e-05,172.31.33.0-255,66,6340,23,288692
5414,8.3e-05,74.125.68.0-255,4320,10660,23,288692
5415,8.5e-05,172.31.33.0-255,66,10726,23,288692
5416,0.000107,74.125.68.0-255,1484,12210,23,288692
5417,0.000109,172.31.33.0-255,66,12276,23,288692
5418,0.000149,172.31.33.0-255,66,12342,23,288692
5419,0.000152,74.125.68.0-255,1484,13826,23,288692
5420,0.000154,172.31.33.0-255,66,13892,23,288692
5421,0.000188,74.125.68.0-255,7156,21048,23,288692
5422,0.000191,172.31.33.0-255,66,21114,23,288692
5423,0.000215,74.125.68.0-255,2543,23657,23,288692
5424,0.000217,172.31.33.0-255,66,23723,23,288692
5425,0.000281,74.125.68.0-255,1484,25207,23,288692
5426,0.000284,172.31.33.0-255,66,25273,23,288692
5427,0.000289,74.125.68.0-255,2902,28175,23,288692
5428,0.000291,172.31.33.0-255,66,28241,23,288692
5429,0.000321,74.125.68.0-255,5738,33979,23,288692
5430,0.000324,172.31.33.0-255,66,34045,23,288692
5431,0.000371,74.125.68.0-255,2902,36947,23,288692
5432,0.000374,172.31.33.0-255,66,37013,23,288692
5433,0.000401,74.125.68.0-255,4320,41333,23,288692
5434,0.000405,172.31.33.0-255,66,41399,23,288692
5435,0.00041,74.125.68.0-255,4320,45719,23,288692
5436,0.000413,172.31.33.0-255,66,45785,23,288692
5437,0.000439,74.125.68.0-255,4320,50105,23,288692
5438,0.000446,172.31.33.0-255,66,50171,23,288692
5439,0.00045,74.125.68.0-255,1484,51655,23,288692
5440,0.000454,74.125.68.0-255,1484,53139,23,288692
5441,0.000456,172.31.33.0-255,66,53205,23,288692
5442,0.000479,74.125.68.0-255,1484,54689,23,288692
5443,0.000484,74.125.68.0-255,3602,58291,23,288692
5444,0.000486,172.31.33.0-255,66,58357,23,288692
5445,0.000493,74.125.68.0-255,361,58718,23,288692
5446,0.00055,74.125.68.0-255,130,58848,23,288692
5447,0.000567,74.125.68.0-255,349,59197,23,288692
5448,0.000722,172.31.33.0-255,66,59263,23,288692
5449,0.001322,74.125.68.0-255,1484,60747,23,288692
5450,0.00133,74.125.68.0-255,2902,63649,23,288692
5451,0.001334,172.31.33.0-255,66,63715,23,288692
5452,0.001341,74.125.68.0-255,5738,69453,23,288692
5453,0.001343,172.31.33.0-255,66,69519,23,288692
5454,0.001364,74.125.68.0-255,7156,76675,23,288692
5455,0.001367,172.31.33.0-255,66,76741,23,288692
5456,0.001408,172.31.33.0-255,66,76807,23,288692
5457,0.001436,172.31.33.0-255,66,76873,23,288692
5458,0.002349,74.125.68.0-255,1484,78357,23,288692
5459,0.002363,74.125.68.0-255,1484,79841,23,288692
5460,0.002365,172.31.33.0-255,66,79907,23,288692
5461,0.002384,74.125.68.0-255,1484,81391,23,288692
5462,0.002387,74.125.68.0-255,1484,82875,23,288692
5463,0.002388,172.31.33.0-255,66,82941,23,288692
5464,0.002392,74.125.68.0-255,2902,85843,23,288692
5465,0.002393,172.31.33.0-255,66,85909,23,288692
5466,0.002407,74.125.68.0-255,1484,87393,23,288692
5467,0.002429,74.125.68.0-255,2902,90295,23,288692
5468,0.002431,172.31.33.0-255,66,90361,23,288692
5469,0.002434,74.125.68.0-255,1484,91845,23,288692
5470,0.002438,74.125.68.0-255,4320,96165,23,288692
5471,0.00244,172.31.33.0-255,66,96231,23,288692
5472,0.002489,172.31.33.0-255,66,96297,23,288692
5473,0.002492,74.125.68.0-255,1484,97781,23,288692
5474,0.002494,74.125.68.0-255,766,98547,23,288692
5475,0.002496,172.31.33.0-255,66,98613,23,288692
5476,0.002719,74.125.68.0-255,1484,100097,23,288692
5477,0.002734,74.125.68.0-255,1484,101581,23,288692
5478,0.002736,172.31.33.0-255,66,101647,23,288692
5479,0.002748,74.125.68.0-255,1484,103131,23,288692
5480,0.002757,74.125.68.0-255,4320,107451,23,288692
5481,0.00276,172.31.33.0-255,66,107517,23,288692
5482,0.002784,74.125.68.0-255,2902,110419,23,288692
5483,0.002786,172.31.33.0-255,66,110485,23,288692
5484,0.002788,74.125.68.0-255,1484,111969,23,288692
5485,0.002791,74.125.68.0-255,1484,113453,23,288692
5486,0.002792,172.31.33.0-255,66,113519,23,288692
5487,0.002796,74.125.68.0-255,4320,117839,23,288692
5488,0.002804,172.31.33.0-255,66,117905,23,288692
5489,0.002808,74.125.68.0-255,2902,120807,23,288692
5490,0.00281,172.31.33.0-255,66,120873,23,288692
5491,0.002843,74.125.68.0-255,2902,123775,23,288692
5492,0.002845,172.31.33.0-255,66,123841,23,288692
5493,0.002849,74.125.68.0-255,4320,128161,23,288692
5494,0.002851,172.31.33.0-255,66,128227,23,288692
5495,0.002875,74.125.68.0-255,2902,131129,23,288692
5496,0.002877,172.31.33.0-255,66,131195,23,288692
5497,0.002888,74.125.68.0-255,2184,133379,23,288692
5498,0.002893,172.31.33.0-255,66,133445,23,288692
5499,0.003005,74.125.68.0-255,1484,134929,23,288692
5500,0.003019,74.125.68.0-255,1484,136413,23,288692
5501,0.003021,172.31.33.0-255,66,136479,23,288692
5502,0.003025,74.125.68.0-255,2902,139381,23,288692
5503,0.003027,172.31.33.0-255,66,139447,23,288692
5504,0.003087,74.125.68.0-255,5738,145185,23,288692
5505,0.00309,172.31.33.0-255,66,145251,23,288692
5506,0.003096,74.125.68.0-255,7156,152407,23,288692
5507,0.003098,172.31.33.0-255,66,152473,23,288692
5508,0.003118,74.125.68.0-255,2902,155375,23,288692
5509,0.00312,172.31.33.0-255,66,155441,23,288692
5510,0.003136,74.125.68.0-255,5738,161179,23,288692
5511,0.003138,172.31.33.0-255,66,161245,23,288692
5512,0.003147,74.125.68.0-255,6438,167683,23,288692
5513,0.003149,172.31.33.0-255,66,167749,23,288692
5514,0.003407,74.125.68.0-255,1484,169233,23,288692
5515,0.003424,74.125.68.0-255,2902,172135,23,288692
5516,0.003426,172.31.33.0-255,66,172201,23,288692
5517,0.003431,74.125.68.0-255,4320,176521,23,288692
5518,0.003433,172.31.33.0-255,66,176587,23,288692
5519,0.003463,74.125.68.0-255,5738,182325,23,288692
5520,0.003465,172.31.33.0-255,66,182391,23,288692
5521,0.003469,74.125.68.0-255,2902,185293,23,288692
5522,0.003471,172.31.33.0-255,66,185359,23,288692
5523,0.003509,172.31.33.0-255,66,185425,23,288692
5524,0.003513,74.125.68.0-255,4320,189745,23,288692
5525,0.003515,172.31.33.0-255,66,189811,23,288692
5526,0.003539,74.125.68.0-255,3602,193413,23,288692
5527,0.003541,172.31.33.0-255,66,193479,23,288692
5528,0.003711,74.125.68.0-255,1484,194963,23,288692
5529,0.003723,74.125.68.0-255,1484,196447,23,288692
5530,0.003725,172.31.33.0-255,66,196513,23,288692
5531,0.003737,74.125.68.0-255,1484,197997,23,288692
5532,0.003752,74.125.68.0-255,1484,199481,23,288692
5533,0.003754,172.31.33.0-255,66,199547,23,288692
5534,0.003756,74.125.68.0-255,1484,201031,23,288692
5535,0.003789,74.125.68.0-255,4320,205351,23,288692
5536,0.003792,172.31.33.0-255,66,205417,23,288692
5537,0.003803,74.125.68.0-255,1484,206901,23,288692
5538,0.003816,172.31.33.0-255,66,206967,23,288692
5539,0.003847,172.31.33.0-255,66,207033,23,288692
5540,0.00385,74.125.68.0-255,2184,209217,23,288692
5541,0.003852,172.31.33.0-255,66,209283,23,288692
5542,0.003856,74.125.68.0-255,2902,212185,23,288692
5543,0.003857,172.31.33.0-255,66,212251,23,288692
5544,0.003867,74.125.68.0-255,4320,216571,23,288692
5545,0.003869,172.31.33.0-255,66,216637,23,288692
5546,0.003897,74.125.68.0-255,2902,219539,23,288692
5547,0.003899,172.31.33.0-255,66,219605,23,288692
5548,0.003909,172.31.33.0-255,66,219671,23,288692
5549,0.003917,74.125.68.0-255,2902,222573,23,288692
5550,0.00392,172.31.33.0-255,66,222639,23,288692
5551,0.003956,172.31.33.0-255,66,222705,23,288692
5552,0.00396,74.125.68.0-255,2184,224889,23,288692
5553,0.003961,172.31.33.0-255,66,224955,23,288692
5554,0.004015,74.125.68.0-255,1484,226439,23,288692
5555,0.004019,74.125.68.0-255,1484,227923,23,288692
5556,0.004022,172.31.33.0-255,66,227989,23,288692
5557,0.004056,74.125.68.0-255,1484,229473,23,288692
5558,0.004062,74.125.68.0-255,5738,235211,23,288692
5559,0.004065,172.31.33.0-255,66,235277,23,288692
5560,0.00407,74.125.68.0-255,5738,241015,23,288692
5561,0.004073,172.31.33.0-255,66,241081,23,288692
5562,0.004116,172.31.33.0-255,66,241147,23,288692
5563,0.004119,74.125.68.0-255,1484,242631,23,288692
5564,0.004149,74.125.68.0-255,3602,246233,23,288692
5565,0.004153,172.31.33.0-255,66,246299,23,288692
5566,0.004244,74.125.68.0-255,1484,247783,23,288692
5567,0.004251,74.125.68.0-255,2902,250685,23,288692
5568,0.004255,172.31.33.0-255,66,250751,23,288692
5569,0.004261,74.125.68.0-255,5738,256489,23,288692
5570,0.004263,172.31.33.0-255,66,256555,23,288692
5571,0.004297,74.125.68.0-255,5738,262293,23,288692
5572,0.004302,172.31.33.0-255,66,262359,23,288692
5573,0.004309,74.125.68.0-255,7156,269515,23,288692
5574,0.004311,172.31.33.0-255,66,269581,23,288692
5575,0.004418,172.31.33.0-255,66,269647,23,288692
5576,0.004431,172.31.33.0-255,66,269713,23,288692
5577,0.004442,74.125.68.0-255,4320,274033,23,288692
5578,0.004445,172.31.33.0-255,66,274099,23,288692
5579,0.004462,74.125.68.0-255,766,274865,23,288692
5580,0.004467,172.31.33.0-255,66,274931,23,288692
5581,0.004491,74.125.68.0-255,4320,279251,23,288692
5582,0.004494,172.31.33.0-255,66,279317,23,288692
5583,0.004506,74.125.68.0-255,5738,285055,23,288692
5584,0.00451,172.31.33.0-255,66,285121,23,288692
5585,0.004536,74.125.68.0-255,3163,288284,23,288692
5586,0.00454,172.31.33.0-255,66,288350,23,288692
5587,0.004565,74.125.68.0-255,105,288455,23,288692
5588,0.007521,172.31.33.0-255,66,288521,23,288692
5589,0.007544,172.31.33.0-255,105,288626,23,288692
5590,0.009818,74.125.68.0-255,66,288692,23,288692
5591,0.0,74.125.130.0-255,146,146,23,184857
5592,2e-05,172.31.33.0-255,66,212,23,184857
5593,2.6e-05,74.125.130.0-255,1484,1696,23,184857
5594,3e-05,172.31.33.0-255,66,1762,23,184857
5595,3.4e-05,74.125.130.0-255,2902,4664,23,184857
5596,3.6e-05,172.31.33.0-255,66,4730,23,184857
5597,5.8e-05,74.125.130.0-255,4320,9050,23,184857
5598,6e-05,172.31.33.0-255,66,9116,23,184857
5599,8e-05,74.125.130.0-255,4817,13933,23,184857
5600,8.2e-05,172.31.33.0-255,66,13999,23,184857
5601,0.000108,74.125.130.0-255,5738,19737,23,184857
5602,0.00011,172.31.33.0-255,66,19803,23,184857
5603,0.000138,74.125.130.0-255,1484,21287,23,184857
5604,0.000141,172.31.33.0-255,66,21353,23,184857
5605,0.000163,74.125.130.0-255,5738,27091,23,184857
5606,0.000165,172.31.33.0-255,66,27157,23,184857
5607,0.000183,74.125.130.0-255,1484,28641,23,184857
5608,0.000185,172.31.33.0-255,66,28707,23,184857
5609,0.000202,74.125.130.0-255,2543,31250,23,184857
5610,0.000204,172.31.33.0-255,66,31316,23,184857
5611,0.000357,74.125.130.0-255,1484,32800,23,184857
5612,0.000361,172.31.33.0-255,66,32866,23,184857
5613,0.000378,74.125.130.0-255,2902,35768,23,184857
5614,0.000381,172.31.33.0-255,66,35834,23,184857
5615,0.000409,74.125.130.0-255,1484,37318,23,184857
5616,0.000412,172.31.33.0-255,66,37384,23,184857
5617,0.00043,74.125.130.0-255,2902,40286,23,184857
5618,0.000433,172.31.33.0-255,66,40352,23,184857
5619,0.000455,74.125.130.0-255,4320,44672,23,184857
5620,0.000459,172.31.33.0-255,66,44738,23,184857
5621,0.000496,74.125.130.0-255,3961,48699,23,184857
5622,0.000499,172.31.33.0-255,66,48765,23,184857
5623,0.000518,74.125.130.0-255,4320,53085,23,184857
5624,0.000521,172.31.33.0-255,66,53151,23,184857
5625,0.000524,74.125.130.0-255,1484,54635,23,184857
5626,0.000553,172.31.33.0-255,66,54701,23,184857
5627,0.000572,74.125.130.0-255,2834,57535,23,184857
5628,0.000575,172.31.33.0-255,66,57601,23,184857
5629,0.000634,74.125.130.0-255,364,57965,23,184857
5630,0.00096,172.31.33.0-255,66,58031,23,184857
5631,0.001031,74.125.130.0-255,1484,59515,23,184857
5632,0.001046,74.125.130.0-255,2902,62417,23,184857
5633,0.001049,172.31.33.0-255,66,62483,23,184857
5634,0.001054,74.125.130.0-255,4320,66803,23,184857
5635,0.001055,172.31.33.0-255,66,66869,23,184857
5636,0.001085,74.125.130.0-255,5738,72607,23,184857
5637,0.001088,172.31.33.0-255,66,72673,23,184857
5638,0.001104,74.125.130.0-255,1484,74157,23,184857
5639,0.001129,172.31.33.0-255,66,74223,23,184857
5640,0.001162,74.125.130.0-255,4320,78543,23,184857
5641,0.001165,172.31.33.0-255,66,78609,23,184857
5642,0.001183,74.125.130.0-255,2902,81511,23,184857
5643,0.001185,172.31.33.0-255,66,81577,23,184857
5644,0.001202,74.125.130.0-255,2902,84479,23,184857
5645,0.001205,172.31.33.0-255,66,84545,23,184857
5646,0.001239,172.31.33.0-255,66,84611,23,184857
5647,0.001328,74.125.130.0-255,2902,87513,23,184857
5648,0.001332,172.31.33.0-255,66,87579,23,184857
5649,0.001371,172.31.33.0-255,66,87645,23,184857
5650,0.001475,74.125.130.0-255,7156,94801,23,184857
5651,0.00148,172.31.33.0-255,66,94867,23,184857
5652,0.001507,172.31.33.0-255,66,94933,23,184857
5653,0.001562,74.125.130.0-255,1484,96417,23,184857
5654,0.001577,74.125.130.0-255,2902,99319,23,184857
5655,0.001581,172.31.33.0-255,66,99385,23,184857
5656,0.001588,74.125.130.0-255,2902,102287,23,184857
5657,0.001592,172.31.33.0-255,66,102353,23,184857
5658,0.001615,74.125.130.0-255,2902,105255,23,184857
5659,0.001618,172.31.33.0-255,66,105321,23,184857
5660,0.001624,74.125.130.0-255,4320,109641,23,184857
5661,0.001626,172.31.33.0-255,66,109707,23,184857
5662,0.001649,172.31.33.0-255,66,109773,23,184857
5663,0.0017,74.125.130.0-255,5738,115511,23,184857
5664,0.001704,172.31.33.0-255,66,115577,23,184857
5665,0.001726,74.125.130.0-255,5020,120597,23,184857
5666,0.001729,172.31.33.0-255,66,120663,23,184857
5667,0.001858,74.125.130.0-255,1484,122147,23,184857
5668,0.001864,74.125.130.0-255,1484,123631,23,184857
5669,0.001868,172.31.33.0-255,66,123697,23,184857
5670,0.001887,74.125.130.0-255,1484,125181,23,184857
5671,0.001894,74.125.130.0-255,5738,130919,23,184857
5672,0.001897,172.31.33.0-255,66,130985,23,184857
5673,0.001903,74.125.130.0-255,5738,136723,23,184857
5674,0.001906,172.31.33.0-255,66,136789,23,184857
5675,0.001929,74.125.130.0-255,7156,143945,23,184857
5676,0.001932,172.31.33.0-255,66,144011,23,184857
5677,0.001971,74.125.130.0-255,4320,148331,23,184857
5678,0.001974,172.31.33.0-255,66,148397,23,184857
5679,0.001998,74.125.130.0-255,6438,154835,23,184857
5680,0.002001,172.31.33.0-255,66,154901,23,184857
5681,0.002055,172.31.33.0-255,66,154967,23,184857
5682,0.002105,74.125.130.0-255,5738,160705,23,184857
5683,0.002109,172.31.33.0-255,66,160771,23,184857
5684,0.002146,172.31.33.0-255,66,160837,23,184857
5685,0.002219,74.125.130.0-255,2902,163739,23,184857
5686,0.002224,172.31.33.0-255,66,163805,23,184857
5687,0.002262,172.31.33.0-255,66,163871,23,184857
5688,0.002365,74.125.130.0-255,4320,168191,23,184857
5689,0.00237,172.31.33.0-255,66,168257,23,184857
5690,0.002402,172.31.33.0-255,66,168323,23,184857
5691,0.002479,74.125.130.0-255,5738,174061,23,184857
5692,0.002483,172.31.33.0-255,66,174127,23,184857
5693,0.002524,172.31.33.0-255,66,174193,23,184857
5694,0.002643,74.125.130.0-255,5738,179931,23,184857
5695,0.002648,172.31.33.0-255,66,179997,23,184857
5696,0.002687,172.31.33.0-255,66,180063,23,184857
5697,0.002733,172.31.33.0-255,66,180129,23,184857
5698,0.002933,74.125.130.0-255,4320,184449,23,184857
5699,0.002938,172.31.33.0-255,66,184515,23,184857
5700,0.00297,172.31.33.0-255,66,184581,23,184857
5701,0.002995,74.125.130.0-255,105,184686,23,184857
5702,0.009476,172.31.33.0-255,66,184752,23,184857
5703,0.009515,172.31.33.0-255,105,184857,23,184857
5704,0.0,172.31.33.0-255,105,105,23,918
5705,0.000118,172.31.33.0-255,105,210,23,918
5706,0.000336,172.31.33.0-255,90,300,23,918
5707,0.000344,172.31.33.0-255,66,366,23,918
5708,0.000716,172.31.33.0-255,90,456,23,918
5709,0.000724,172.31.33.0-255,66,522,23,918
5710,0.002906,74.125.68.0-255,66,588,23,918
5711,0.00293,74.125.68.0-255,66,654,23,918
5712,0.002948,172.31.33.0-255,66,720,23,918
5713,0.003504,74.125.24.0-255,66,786,23,918
5714,0.00373,74.125.24.0-255,66,852,23,918
5715,0.003742,172.31.33.0-255,66,918,23,918
5716,0.0,104.244.42.0-255,66,66,23,66
5717,0.0,172.31.33.0-255,105,105,23,918
5718,6.3e-05,172.31.33.0-255,105,210,23,918
5719,0.000336,172.31.33.0-255,90,300,23,918
5720,0.000344,172.31.33.0-255,66,366,23,918
5721,0.000534,172.31.33.0-255,90,456,23,918
5722,0.000543,172.31.33.0-255,66,522,23,918
5723,0.002584,74.125.24.0-255,66,588,23,918
5724,0.002596,74.125.24.0-255,66,654,23,918
5725,0.002605,172.31.33.0-255,66,720,23,918
5726,0.003138,74.125.24.0-255,66,786,23,918
5727,0.003143,74.125.24.0-255,66,852,23,918
5728,0.003147,172.31.33.0-255,66,918,23,918
5729,0.0,172.31.33.0-255,105,105,23,276
5730,0.00156,157.240.7.0-255,105,210,23,276
5731,0.001575,172.31.33.0-255,66,276,23,276
5732,0.0,74.125.24.0-255,143,143,23,181450
5733,2e-05,172.31.33.0-255,66,209,23,181450
5734,2.6e-05,74.125.24.0-255,1484,1693,23,181450
5735,3e-05,172.31.33.0-255,66,1759,23,181450
5736,4.3e-05,74.125.24.0-255,2902,4661,23,181450
5737,4.7e-05,172.31.33.0-255,66,4727,23,181450
5738,5.3e-05,74.125.24.0-255,5738,10465,23,181450
5739,5.6e-05,172.31.33.0-255,66,10531,23,181450
5740,7.8e-05,74.125.24.0-255,1484,12015,23,181450
5741,8e-05,172.31.33.0-255,66,12081,23,181450
5742,8.3e-05,74.125.24.0-255,1484,13565,23,181450
5743,8.5e-05,172.31.33.0-255,66,13631,23,181450
5744,8.8e-05,74.125.24.0-255,573,14204,23,181450
5745,9.1e-05,172.31.33.0-255,66,14270,23,181450
5746,9.4e-05,74.125.24.0-255,1484,15754,23,181450
5747,9.6e-05,172.31.33.0-255,66,15820,23,181450
5748,0.000131,74.125.24.0-255,4320,20140,23,181450
5749,0.000135,172.31.33.0-255,66,20206,23,181450
5750,0.000147,172.31.33.0-255,66,20272,23,181450
5751,0.000149,74.125.24.0-255,1125,21397,23,181450
5752,0.000151,172.31.33.0-255,66,21463,23,181450
5753,0.00058,74.125.24.0-255,1484,22947,23,181450
5754,0.000586,172.31.33.0-255,66,23013,23,181450
5755,0.000591,74.125.24.0-255,2902,25915,23,181450
5756,0.000594,172.31.33.0-255,66,25981,23,181450
5757,0.000596,74.125.24.0-255,1484,27465,23,181450
5758,0.000598,172.31.33.0-255,66,27531,23,181450
5759,0.000641,74.125.24.0-255,4320,31851,23,181450
5760,0.000645,172.31.33.0-255,66,31917,23,181450
5761,0.000653,74.125.24.0-255,6797,38714,23,181450
5762,0.000655,172.31.33.0-255,66,38780,23,181450
5763,0.000667,172.31.33.0-255,66,38846,23,181450
5764,0.000698,74.125.24.0-255,2902,41748,23,181450
5765,0.000702,172.31.33.0-255,66,41814,23,181450
5766,0.000707,74.125.24.0-255,2822,44636,23,181450
5767,0.00071,172.31.33.0-255,66,44702,23,181450
5768,0.000727,74.125.24.0-255,1484,46186,23,181450
5769,0.000733,74.125.24.0-255,2902,49088,23,181450
5770,0.000736,172.31.33.0-255,66,49154,23,181450
5771,0.000741,74.125.24.0-255,5738,54892,23,181450
5772,0.000744,172.31.33.0-255,66,54958,23,181450
5773,0.000783,172.31.33.0-255,66,55024,23,181450
5774,0.000811,74.125.24.0-255,4320,59344,23,181450
5775,0.000814,172.31.33.0-255,66,59410,23,181450
5776,0.00085,172.31.33.0-255,66,59476,23,181450
5777,0.000882,74.125.24.0-255,1794,61270,23,181450
5778,0.000886,172.31.33.0-255,66,61336,23,181450
5779,0.000891,74.125.24.0-255,2902,64238,23,181450
5780,0.000894,172.31.33.0-255,66,64304,23,181450
5781,0.0009,74.125.24.0-255,7156,71460,23,181450
5782,0.000903,172.31.33.0-255,66,71526,23,181450
5783,0.000946,74.125.24.0-255,5738,77264,23,181450
5784,0.000947,172.31.33.0-255,66,77330,23,181450
5785,0.000951,172.31.33.0-255,66,77396,23,181450
5786,0.00096,74.125.24.0-255,5738,83134,23,181450
5787,0.000962,172.31.33.0-255,66,83200,23,181450
5788,0.000965,74.125.24.0-255,766,83966,23,181450
5789,0.001007,74.125.24.0-255,1484,85450,23,181450
5790,0.001011,172.31.33.0-255,66,85516,23,181450
5791,0.001037,74.125.24.0-255,2902,88418,23,181450
5792,0.001041,172.31.33.0-255,66,88484,23,181450
5793,0.001047,74.125.24.0-255,5738,94222,23,181450
5794,0.001049,172.31.33.0-255,66,94288,23,181450
5795,0.001068,172.31.33.0-255,66,94354,23,181450
5796,0.001079,172.31.33.0-255,66,94420,23,181450
5797,0.001107,74.125.24.0-255,2184,96604,23,181450
5798,0.00111,172.31.33.0-255,66,96670,23,181450
5799,0.001134,74.125.24.0-255,1484,98154,23,181450
5800,0.001139,74.125.24.0-255,2902,101056,23,181450
5801,0.001143,172.31.33.0-255,66,101122,23,181450
5802,0.00119,74.125.24.0-255,5738,106860,23,181450
5803,0.001193,172.31.33.0-255,66,106926,23,181450
5804,0.001205,172.31.33.0-255,66,106992,23,181450
5805,0.001253,172.31.33.0-255,66,107058,23,181450
5806,0.00128,74.125.24.0-255,1484,108542,23,181450
5807,0.001285,74.125.24.0-255,2902,111444,23,181450
5808,0.001288,172.31.33.0-255,66,111510,23,181450
5809,0.001294,74.125.24.0-255,5738,117248,23,181450
5810,0.001296,172.31.33.0-255,66,117314,23,181450
5811,0.001337,172.31.33.0-255,66,117380,23,181450
5812,0.001343,74.125.24.0-255,7156,124536,23,181450
5813,0.001345,172.31.33.0-255,66,124602,23,181450
5814,0.00139,74.125.24.0-255,3602,128204,23,181450
5815,0.001393,172.31.33.0-255,66,128270,23,181450
5816,0.001517,74.125.24.0-255,1484,129754,23,181450
5817,0.001531,74.125.24.0-255,2902,132656,23,181450
5818,0.001534,172.31.33.0-255,66,132722,23,181450
5819,0.001546,74.125.24.0-255,4320,137042,23,181450
5820,0.001548,172.31.33.0-255,66,137108,23,181450
5821,0.001565,74.125.24.0-255,1484,138592,23,181450
5822,0.001577,74.125.24.0-255,2902,141494,23,181450
5823,0.001579,172.31.33.0-255,66,141560,23,181450
5824,0.001618,172.31.33.0-255,66,141626,23,181450
5825,0.001631,74.125.24.0-255,1484,143110,23,181450
5826,0.00164,74.125.24.0-255,4320,147430,23,181450
5827,0.001642,172.31.33.0-255,66,147496,23,181450
5828,0.001652,172.31.33.0-255,66,147562,23,181450
5829,0.001685,172.31.33.0-255,66,147628,23,181450
5830,0.001701,172.31.33.0-255,66,147694,23,181450
5831,0.001712,172.31.33.0-255,66,147760,23,181450
5832,0.001715,74.125.24.0-255,2902,150662,23,181450
5833,0.001717,172.31.33.0-255,66,150728,23,181450
5834,0.001748,74.125.24.0-255,7156,157884,23,181450
5835,0.001753,172.31.33.0-255,66,157950,23,181450
5836,0.001763,172.31.33.0-255,66,158016,23,181450
5837,0.001788,74.125.24.0-255,5020,163036,23,181450
5838,0.00179,172.31.33.0-255,66,163102,23,181450
5839,0.001792,74.125.24.0-255,1484,164586,23,181450
5840,0.001811,74.125.24.0-255,2902,167488,23,181450
5841,0.001814,172.31.33.0-255,66,167554,23,181450
5842,0.001818,74.125.24.0-255,4320,171874,23,181450
5843,0.00182,172.31.33.0-255,66,171940,23,181450
5844,0.001845,74.125.24.0-255,1484,173424,23,181450
5845,0.001881,172.31.33.0-255,66,173490,23,181450
5846,0.001901,74.125.24.0-255,4320,177810,23,181450
5847,0.001903,172.31.33.0-255,66,177876,23,181450
5848,0.001911,172.31.33.0-255,66,177942,23,181450
5849,0.001921,172.31.33.0-255,66,178008,23,181450
5850,0.00195,74.125.24.0-255,1484,179492,23,181450
5851,0.001953,172.31.33.0-255,66,179558,23,181450
5852,0.001994,172.31.33.0-255,66,179624,23,181450
5853,0.001996,74.125.24.0-255,1484,181108,23,181450
5854,0.002028,172.31.33.0-255,66,181174,23,181450
5855,0.00203,74.125.24.0-255,105,181279,23,181450
5856,0.007984,172.31.33.0-255,66,181345,23,181450
5857,0.008008,172.31.33.0-255,105,181450,23,181450
5858,0.0,74.125.24.0-255,226,226,23,38812
5859,2e-05,172.31.33.0-255,66,292,23,38812
5860,2.7e-05,74.125.24.0-255,1484,1776,23,38812
5861,3.1e-05,172.31.33.0-255,66,1842,23,38812
5862,5.8e-05,74.125.24.0-255,4320,6162,23,38812
5863,6.5e-05,172.31.33.0-255,66,6228,23,38812
5864,0.000248,74.125.24.0-255,5738,11966,23,38812
5865,0.000255,172.31.33.0-255,66,12032,23,38812
5866,0.0005,74.125.24.0-255,1990,14022,23,38812
5867,0.000505,172.31.33.0-255,66,14088,23,38812
5868,0.000604,172.31.33.0-255,66,14154,23,38812
5869,0.001039,74.125.24.0-255,7048,21202,23,38812
5870,0.001045,172.31.33.0-255,66,21268,23,38812
5871,0.00364,74.125.24.0-255,5738,27006,23,38812
5872,0.003645,172.31.33.0-255,66,27072,23,38812
5873,0.006243,74.125.24.0-255,5738,32810,23,38812
5874,0.006249,172.31.33.0-255,66,32876,23,38812
5875,0.008842,74.125.24.0-255,2902,35778,23,38812
5876,0.008853,172.31.33.0-255,66,35844,23,38812
5877,0.008883,74.125.24.0-255,2902,38746,23,38812
5878,0.008886,172.31.33.0-255,66,38812,23,38812
5879,0.0,74.125.200.0-255,155,155,23,395631
5880,2.4e-05,172.31.33.0-255,66,221,23,395631
5881,3.9e-05,74.125.200.0-255,1484,1705,23,395631
5882,4.9e-05,172.31.33.0-255,66,1771,23,395631
5883,5.4e-05,74.125.200.0-255,2902,4673,23,395631
5884,5.7e-05,172.31.33.0-255,66,4739,23,395631
5885,9e-05,74.125.200.0-255,7156,11895,23,395631
5886,9.3e-05,172.31.33.0-255,66,11961,23,395631
5887,9.5e-05,74.125.200.0-255,644,12605,23,395631
5888,9.7e-05,172.31.33.0-255,66,12671,23,395631
5889,0.000129,74.125.200.0-255,1484,14155,23,395631
5890,0.000131,172.31.33.0-255,66,14221,23,395631
5891,0.000149,74.125.200.0-255,2902,17123,23,395631
5892,0.000152,172.31.33.0-255,66,17189,23,395631
5893,0.000155,74.125.200.0-255,1484,18673,23,395631
5894,0.000156,172.31.33.0-255,66,18739,23,395631
5895,0.000159,74.125.200.0-255,1484,20223,23,395631
5896,0.000161,172.31.33.0-255,66,20289,23,395631
5897,0.000199,74.125.200.0-255,1484,21773,23,395631
5898,0.000202,172.31.33.0-255,66,21839,23,395631
5899,0.000208,74.125.200.0-255,5738,27577,23,395631
5900,0.00021,172.31.33.0-255,66,27643,23,395631
5901,0.000218,74.125.200.0-255,2543,30186,23,395631
5902,0.000221,172.31.33.0-255,66,30252,23,395631
5903,0.000259,74.125.200.0-255,2902,33154,23,395631
5904,0.000263,172.31.33.0-255,66,33220,23,395631
5905,0.00027,74.125.200.0-255,7156,40376,23,395631
5906,0.000273,172.31.33.0-255,66,40442,23,395631
5907,0.000284,74.125.200.0-255,4320,44762,23,395631
5908,0.000287,172.31.33.0-255,66,44828,23,395631
5909,0.000326,74.125.200.0-255,2543,47371,23,395631
5910,0.000329,172.31.33.0-255,66,47437,23,395631
5911,0.000716,74.125.200.0-255,1484,48921,23,395631
5912,0.000727,74.125.200.0-255,2902,51823,23,395631
5913,0.000731,172.31.33.0-255,66,51889,23,395631
5914,0.000765,74.125.200.0-255,5738,57627,23,395631
5915,0.000769,172.31.33.0-255,66,57693,23,395631
5916,0.000774,74.125.200.0-255,2902,60595,23,395631
5917,0.000776,172.31.33.0-255,66,60661,23,395631
5918,0.000788,74.125.200.0-255,3961,64622,23,395631
5919,0.000791,172.31.33.0-255,66,64688,23,395631
5920,0.000823,74.125.200.0-255,7156,71844,23,395631
5921,0.000834,172.31.33.0-255,66,71910,23,395631
5922,0.000841,74.125.200.0-255,4320,76230,23,395631
5923,0.000843,172.31.33.0-255,66,76296,23,395631
5924,0.00088,74.125.200.0-255,4320,80616,23,395631
5925,0.000884,172.31.33.0-255,66,80682,23,395631
5926,0.000888,74.125.200.0-255,2729,83411,23,395631
5927,0.00089,172.31.33.0-255,66,83477,23,395631
5928,0.00113,74.125.200.0-255,1484,84961,23,395631
5929,0.001136,74.125.200.0-255,1484,86445,23,395631
5930,0.00114,172.31.33.0-255,66,86511,23,395631
5931,0.001171,74.125.200.0-255,1484,87995,23,395631
5932,0.001177,74.125.200.0-255,5738,93733,23,395631
5933,0.00118,172.31.33.0-255,66,93799,23,395631
5934,0.001183,74.125.200.0-255,1484,95283,23,395631
5935,0.001186,74.125.200.0-255,2902,98185,23,395631
5936,0.00119,172.31.33.0-255,66,98251,23,395631
5937,0.001223,74.125.200.0-255,2543,100794,23,395631
5938,0.001227,172.31.33.0-255,66,100860,23,395631
5939,0.001292,74.125.200.0-255,1484,102344,23,395631
5940,0.001314,74.125.200.0-255,2902,105246,23,395631
5941,0.001316,172.31.33.0-255,66,105312,23,395631
5942,0.00134,74.125.200.0-255,4320,109632,23,395631
5943,0.001342,172.31.33.0-255,66,109698,23,395631
5944,0.001345,74.125.200.0-255,1484,111182,23,395631
5945,0.001369,74.125.200.0-255,7156,118338,23,395631
5946,0.001371,172.31.33.0-255,66,118404,23,395631
5947,0.001375,74.125.200.0-255,2902,121306,23,395631
5948,0.001376,172.31.33.0-255,66,121372,23,395631
5949,0.00138,74.125.200.0-255,2902,124274,23,395631
5950,0.001382,172.31.33.0-255,66,124340,23,395631
5951,0.001406,74.125.200.0-255,1484,125824,23,395631
5952,0.001413,74.125.200.0-255,7156,132980,23,395631
5953,0.001415,172.31.33.0-255,66,133046,23,395631
5954,0.001423,74.125.200.0-255,1484,134530,23,395631
5955,0.001426,74.125.200.0-255,766,135296,23,395631
5956,0.001431,172.31.33.0-255,66,135362,23,395631
5957,0.002232,74.125.200.0-255,1484,136846,23,395631
5958,0.002251,74.125.200.0-255,1484,138330,23,395631
5959,0.002253,172.31.33.0-255,66,138396,23,395631
5960,0.002256,74.125.200.0-255,1484,139880,23,395631
5961,0.002275,74.125.200.0-255,1484,141364,23,395631
5962,0.002277,172.31.33.0-255,66,141430,23,395631
5963,0.002279,74.125.200.0-255,1484,142914,23,395631
5964,0.00232,74.125.200.0-255,1484,144398,23,395631
5965,0.002322,172.31.33.0-255,66,144464,23,395631
5966,0.002344,74.125.200.0-255,2902,147366,23,395631
5967,0.002346,172.31.33.0-255,66,147432,23,395631
5968,0.002382,74.125.200.0-255,4320,151752,23,395631
5969,0.002384,172.31.33.0-255,66,151818,23,395631
5970,0.002387,74.125.200.0-255,1484,153302,23,395631
5971,0.002406,74.125.200.0-255,2902,156204,23,395631
5972,0.002408,172.31.33.0-255,66,156270,23,395631
5973,0.00241,74.125.200.0-255,1484,157754,23,395631
5974,0.002425,74.125.200.0-255,2902,160656,23,395631
5975,0.002427,172.31.33.0-255,66,160722,23,395631
5976,0.002445,74.125.200.0-255,1484,162206,23,395631
5977,0.002448,74.125.200.0-255,2902,165108,23,395631
5978,0.00245,172.31.33.0-255,66,165174,23,395631
5979,0.002475,74.125.200.0-255,4320,169494,23,395631
5980,0.002477,172.31.33.0-255,66,169560,23,395631
5981,0.002479,74.125.200.0-255,766,170326,23,395631
5982,0.002601,74.125.200.0-255,1484,171810,23,395631
5983,0.002602,172.31.33.0-255,66,171876,23,395631
5984,0.002605,74.125.200.0-255,1484,173360,23,395631
5985,0.002624,74.125.200.0-255,1484,174844,23,395631
5986,0.002626,172.31.33.0-255,66,174910,23,395631
5987,0.002631,74.125.200.0-255,5738,180648,23,395631
5988,0.002633,172.31.33.0-255,66,180714,23,395631
5989,0.002656,74.125.200.0-255,5738,186452,23,395631
5990,0.002658,172.31.33.0-255,66,186518,23,395631
5991,0.002676,74.125.200.0-255,1484,188002,23,395631
5992,0.002685,172.31.33.0-255,66,188068,23,395631
5993,0.002703,74.125.200.0-255,5738,193806,23,395631
5994,0.002705,172.31.33.0-255,66,193872,23,395631
5995,0.002708,74.125.200.0-255,2184,196056,23,395631
5996,0.00271,172.31.33.0-255,66,196122,23,395631
5997,0.002735,74.125.200.0-255,1484,197606,23,395631
5998,0.00276,172.31.33.0-255,66,197672,23,395631
5999,0.002787,74.125.200.0-255,2902,200574,23,395631
6000,0.002789,172.31.33.0-255,66,200640,23,395631
6001,0.002839,74.125.200.0-255,1484,202124,23,395631
6002,0.002849,74.125.200.0-255,2902,205026,23,395631
6003,0.002851,172.31.33.0-255,66,205092,23,395631
6004,0.002873,74.125.200.0-255,4320,209412,23,395631
6005,0.002875,172.31.33.0-255,66,209478,23,395631
6006,0.002877,74.125.200.0-255,1484,210962,23,395631
6007,0.002897,74.125.200.0-255,1484,212446,23,395631
6008,0.002899,172.31.33.0-255,66,212512,23,395631
6009,0.002901,74.125.200.0-255,1484,213996,23,395631
6010,0.002955,74.125.200.0-255,5738,219734,23,395631
6011,0.002957,172.31.33.0-255,66,219800,23,395631
6012,0.00296,74.125.200.0-255,2184,221984,23,395631
6013,0.002961,172.31.33.0-255,66,222050,23,395631
6014,0.002984,74.125.200.0-255,1484,223534,23,395631
6015,0.003005,74.125.200.0-255,2902,226436,23,395631
6016,0.003007,172.31.33.0-255,66,226502,23,395631
6017,0.00303,74.125.200.0-255,4320,230822,23,395631
6018,0.003032,172.31.33.0-255,66,230888,23,395631
6019,0.003067,74.125.200.0-255,1484,232372,23,395631
6020,0.003076,172.31.33.0-255,66,232438,23,395631
6021,0.003095,74.125.200.0-255,1484,233922,23,395631
6022,0.003113,74.125.200.0-255,5738,239660,23,395631
6023,0.003116,172.31.33.0-255,66,239726,23,395631
6024,0.003139,74.125.200.0-255,2902,242628,23,395631
6025,0.003141,172.31.33.0-255,66,242694,23,395631
6026,0.003147,74.125.200.0-255,5020,247714,23,395631
6027,0.003149,172.31.33.0-255,66,247780,23,395631
6028,0.003199,74.125.200.0-255,1484,249264,23,395631
6029,0.003214,74.125.200.0-255,2902,252166,23,395631
6030,0.003217,172.31.33.0-255,66,252232,23,395631
6031,0.00322,74.125.200.0-255,1484,253716,23,395631
6032,0.003246,74.125.200.0-255,4320,258036,23,395631
6033,0.003249,172.31.33.0-255,66,258102,23,395631
6034,0.003254,74.125.200.0-255,4320,262422,23,395631
6035,0.003256,172.31.33.0-255,66,262488,23,395631
6036,0.003258,74.125.200.0-255,1484,263972,23,395631
6037,0.003288,74.125.200.0-255,2902,266874,23,395631
6038,0.00329,172.31.33.0-255,66,266940,23,395631
6039,0.003309,74.125.200.0-255,4320,271260,23,395631
6040,0.003312,172.31.33.0-255,66,271326,23,395631
6041,0.003314,74.125.200.0-255,1484,272810,23,395631
6042,0.003342,74.125.200.0-255,2902,275712,23,395631
6043,0.003345,172.31.33.0-255,66,275778,23,395631
6044,0.003348,74.125.200.0-255,2902,278680,23,395631
6045,0.003351,172.31.33.0-255,66,278746,23,395631
6046,0.003353,74.125.200.0-255,1484,280230,23,395631
6047,0.003395,74.125.200.0-255,4320,284550,23,395631
6048,0.003399,172.31.33.0-255,66,284616,23,395631
6049,0.003423,74.125.200.0-255,2184,286800,23,395631
6050,0.003427,172.31.33.0-255,66,286866,23,395631
6051,0.003432,74.125.200.0-255,4320,291186,23,395631
6052,0.003437,172.31.33.0-255,66,291252,23,395631
6053,0.003453,74.125.200.0-255,2902,294154,23,395631
6054,0.003456,172.31.33.0-255,66,294220,23,395631
6055,0.003462,74.125.200.0-255,1484,295704,23,395631
6056,0.003484,74.125.200.0-255,2902,298606,23,395631
6057,0.003487,172.31.33.0-255,66,298672,23,395631
6058,0.00349,74.125.200.0-255,1484,300156,23,395631
6059,0.003492,74.125.200.0-255,1484,301640,23,395631
6060,0.003494,172.31.33.0-255,66,301706,23,395631
6061,0.003531,74.125.200.0-255,2902,304608,23,395631
6062,0.003534,74.125.200.0-255,1484,306092,23,395631
6063,0.003535,172.31.33.0-255,66,306158,23,395631
6064,0.003535,74.125.200.0-255,1484,307642,23,395631
6065,0.003539,172.31.33.0-255,66,307708,23,395631
6066,0.003551,74.125.200.0-255,1484,309192,23,395631
6067,0.003566,74.125.200.0-255,2902,312094,23,395631
6068,0.003568,172.31.33.0-255,66,312160,23,395631
6069,0.003607,74.125.200.0-255,5020,317180,23,395631
6070,0.003609,172.31.33.0-255,66,317246,23,395631
6071,0.003648,74.125.200.0-255,1484,318730,23,395631
6072,0.003664,74.125.200.0-255,2902,321632,23,395631
6073,0.003667,172.31.33.0-255,66,321698,23,395631
6074,0.003685,74.125.200.0-255,4320,326018,23,395631
6075,0.003691,172.31.33.0-255,66,326084,23,395631
6076,0.003714,74.125.200.0-255,1484,327568,23,395631
6077,0.003718,74.125.200.0-255,2902,330470,23,395631
6078,0.003721,172.31.33.0-255,66,330536,23,395631
6079,0.003726,74.125.200.0-255,4320,334856,23,395631
6080,0.003728,172.31.33.0-255,66,334922,23,395631
6081,0.003755,74.125.200.0-255,2902,337824,23,395631
6082,0.003761,172.31.33.0-255,66,337890,23,395631
6083,0.003793,74.125.200.0-255,5738,343628,23,395631
6084,0.003796,172.31.33.0-255,66,343694,23,395631
6085,0.00381,74.125.200.0-255,2902,346596,23,395631
6086,0.003816,172.31.33.0-255,66,346662,23,395631
6087,0.003843,74.125.200.0-255,5020,351682,23,395631
6088,0.003846,172.31.33.0-255,66,351748,23,395631
6089,0.003895,74.125.200.0-255,1484,353232,23,395631
6090,0.003914,74.125.200.0-255,2902,356134,23,395631
6091,0.003917,172.31.33.0-255,66,356200,23,395631
6092,0.00395,74.125.200.0-255,1484,357684,23,395631
6093,0.003966,74.125.200.0-255,4320,362004,23,395631
6094,0.003969,172.31.33.0-255,66,362070,23,395631
6095,0.003972,74.125.200.0-255,1484,363554,23,395631
6096,0.003994,74.125.200.0-255,2902,366456,23,395631
6097,0.003997,172.31.33.0-255,66,366522,23,395631
6098,0.004001,74.125.200.0-255,1484,368006,23,395631
6099,0.004027,74.125.200.0-255,4320,372326,23,395631
6100,0.004029,172.31.33.0-255,66,372392,23,395631
6101,0.004034,74.125.200.0-255,2902,375294,23,395631
6102,0.004036,172.31.33.0-255,66,375360,23,395631
6103,0.004039,74.125.200.0-255,1484,376844,23,395631
6104,0.00406,74.125.200.0-255,2902,379746,23,395631
6105,0.004062,172.31.33.0-255,66,379812,23,395631
6106,0.004066,74.125.200.0-255,2902,382714,23,395631
6107,0.004072,172.31.33.0-255,66,382780,23,395631
6108,0.004101,74.125.200.0-255,5020,387800,23,395631
6109,0.004104,172.31.33.0-255,66,387866,23,395631
6110,0.004153,74.125.200.0-255,5738,393604,23,395631
6111,0.004156,172.31.33.0-255,66,393670,23,395631
6112,0.004182,74.125.200.0-255,1553,395223,23,395631
6113,0.004185,172.31.33.0-255,66,395289,23,395631
6114,0.004188,74.125.200.0-255,105,395394,23,395631
6115,0.005642,172.31.33.0-255,66,395460,23,395631
6116,0.005665,172.31.33.0-255,105,395565,23,395631
6117,0.007739,74.125.200.0-255,66,395631,23,395631
6118,0.0,172.31.33.0-255,105,105,23,918
6119,6.3e-05,172.31.33.0-255,105,210,23,918
6120,0.000325,172.31.33.0-255,90,300,23,918
6121,0.000335,172.31.33.0-255,66,366,23,918
6122,0.000535,172.31.33.0-255,90,456,23,918
6123,0.000543,172.31.33.0-255,66,522,23,918
6124,0.002817,74.125.200.0-255,66,588,23,918
6125,0.002848,74.125.200.0-255,66,654,23,918
6126,0.002871,172.31.33.0-255,66,720,23,918
6127,0.002875,74.125.200.0-255,66,786,23,918
6128,0.002896,74.125.200.0-255,66,852,23,918
6129,0.002908,172.31.33.0-255,66,918,23,918
6130,0.0,172.31.33.0-255,105,105,23,276
6131,0.001474,157.240.7.0-255,105,210,23,276
6132,0.00148,172.31.33.0-255,66,276,23,276
6133,0.0,172.31.33.0-255,105,105,23,918
6134,7.1e-05,172.31.33.0-255,105,210,23,918
6135,0.000258,172.31.33.0-255,90,300,23,918
6136,0.000267,172.31.33.0-255,66,366,23,918
6137,0.000615,172.31.33.0-255,90,456,23,918
6138,0.000623,172.31.33.0-255,66,522,23,918
6139,0.00227,172.217.194.0-255,66,588,23,918
6140,0.002302,172.217.194.0-255,66,654,23,918
6141,0.002325,172.31.33.0-255,66,720,23,918
6142,0.002517,172.217.24.0-255,66,786,23,918
6143,0.002536,172.217.24.0-255,66,852,23,918
6144,0.002549,172.31.33.0-255,66,918,23,918
6145,0.0,74.125.24.0-255,156,156,23,218557
6146,2.8e-05,172.31.33.0-255,66,222,23,218557
6147,3.5e-05,74.125.24.0-255,1484,1706,23,218557
6148,4e-05,172.31.33.0-255,66,1772,23,218557
6149,5.1e-05,74.125.24.0-255,2902,4674,23,218557
6150,5.4e-05,172.31.33.0-255,66,4740,23,218557
6151,6.2e-05,74.125.24.0-255,7156,11896,23,218557
6152,6.5e-05,172.31.33.0-255,66,11962,23,218557
6153,0.000117,74.125.24.0-255,2020,13982,23,218557
6154,0.000121,172.31.33.0-255,66,14048,23,218557
6155,0.000124,74.125.24.0-255,1484,15532,23,218557
6156,0.000126,172.31.33.0-255,66,15598,23,218557
6157,0.000157,74.125.24.0-255,2902,18500,23,218557
6158,0.000161,172.31.33.0-255,66,18566,23,218557
6159,0.000168,74.125.24.0-255,5738,24304,23,218557
6160,0.00017,172.31.33.0-255,66,24370,23,218557
6161,0.000209,74.125.24.0-255,6797,31167,23,218557
6162,0.000212,172.31.33.0-255,66,31233,23,218557
6163,0.000264,74.125.24.0-255,1484,32717,23,218557
6164,0.000268,172.31.33.0-255,66,32783,23,218557
6165,0.000297,74.125.24.0-255,2902,35685,23,218557
6166,0.0003,172.31.33.0-255,66,35751,23,218557
6167,0.000307,74.125.24.0-255,5738,41489,23,218557
6168,0.00031,172.31.33.0-255,66,41555,23,218557
6169,0.000327,172.31.33.0-255,66,41621,23,218557
6170,0.000361,74.125.24.0-255,5379,47000,23,218557
6171,0.000365,172.31.33.0-255,66,47066,23,218557
6172,0.000377,172.31.33.0-255,66,47132,23,218557
6173,0.000379,74.125.24.0-255,428,47560,23,218557
6174,0.000381,172.31.33.0-255,66,47626,23,218557
6175,0.000506,74.125.24.0-255,346,47972,23,218557
6176,0.000758,74.125.24.0-255,1484,49456,23,218557
6177,0.000764,172.31.33.0-255,66,49522,23,218557
6178,0.000768,74.125.24.0-255,1484,51006,23,218557
6179,0.00079,74.125.24.0-255,1484,52490,23,218557
6180,0.000793,172.31.33.0-255,66,52556,23,218557
6181,0.000799,74.125.24.0-255,5738,58294,23,218557
6182,0.000801,172.31.33.0-255,66,58360,23,218557
6183,0.000813,74.125.24.0-255,7156,65516,23,218557
6184,0.000817,172.31.33.0-255,66,65582,23,218557
6185,0.000832,172.31.33.0-255,66,65648,23,218557
6186,0.000851,74.125.24.0-255,2902,68550,23,218557
6187,0.000855,172.31.33.0-255,66,68616,23,218557
6188,0.000864,74.125.24.0-255,2184,70800,23,218557
6189,0.000866,172.31.33.0-255,66,70866,23,218557
6190,0.000913,74.125.24.0-255,1484,72350,23,218557
6191,0.00092,74.125.24.0-255,2902,75252,23,218557
6192,0.000923,172.31.33.0-255,66,75318,23,218557
6193,0.000929,74.125.24.0-255,5738,81056,23,218557
6194,0.000931,172.31.33.0-255,66,81122,23,218557
6195,0.000956,172.31.33.0-255,66,81188,23,218557
6196,0.00099,74.125.24.0-255,2902,84090,23,218557
6197,0.000993,172.31.33.0-255,66,84156,23,218557
6198,0.001005,172.31.33.0-255,66,84222,23,218557
6199,0.001016,74.125.24.0-255,4320,88542,23,218557
6200,0.001019,172.31.33.0-255,66,88608,23,218557
6201,0.001021,74.125.24.0-255,5738,94346,23,218557
6202,0.001023,172.31.33.0-255,66,94412,23,218557
6203,0.001028,74.125.24.0-255,2902,97314,23,218557
6204,0.001031,172.31.33.0-255,66,97380,23,218557
6205,0.001071,172.31.33.0-255,66,97446,23,218557
6206,0.001086,172.31.33.0-255,66,97512,23,218557
6207,0.001138,74.125.24.0-255,1484,98996,23,218557
6208,0.00115,74.125.24.0-255,2902,101898,23,218557
6209,0.001154,172.31.33.0-255,66,101964,23,218557
6210,0.001159,74.125.24.0-255,2902,104866,23,218557
6211,0.001161,172.31.33.0-255,66,104932,23,218557
6212,0.001191,74.125.24.0-255,2902,107834,23,218557
6213,0.001194,172.31.33.0-255,66,107900,23,218557
6214,0.001213,172.31.33.0-255,66,107966,23,218557
6215,0.001265,172.31.33.0-255,66,108032,23,218557
6216,0.001295,74.125.24.0-255,2184,110216,23,218557
6217,0.001299,172.31.33.0-255,66,110282,23,218557
6218,0.002058,74.125.24.0-255,1484,111766,23,218557
6219,0.002066,74.125.24.0-255,2902,114668,23,218557
6220,0.00207,172.31.33.0-255,66,114734,23,218557
6221,0.002096,74.125.24.0-255,5738,120472,23,218557
6222,0.002099,172.31.33.0-255,66,120538,23,218557
6223,0.002104,74.125.24.0-255,4320,124858,23,218557
6224,0.002106,172.31.33.0-255,66,124924,23,218557
6225,0.002139,172.31.33.0-255,66,124990,23,218557
6226,0.002145,74.125.24.0-255,5738,130728,23,218557
6227,0.002146,172.31.33.0-255,66,130794,23,218557
6228,0.002166,74.125.24.0-255,2184,132978,23,218557
6229,0.002172,172.31.33.0-255,66,133044,23,218557
6230,0.002349,74.125.24.0-255,1484,134528,23,218557
6231,0.002356,74.125.24.0-255,2902,137430,23,218557
6232,0.002359,172.31.33.0-255,66,137496,23,218557
6233,0.002363,74.125.24.0-255,1484,138980,23,218557
6234,0.002388,74.125.24.0-255,4320,143300,23,218557
6235,0.002391,172.31.33.0-255,66,143366,23,218557
6236,0.002428,172.31.33.0-255,66,143432,23,218557
6237,0.002432,74.125.24.0-255,1484,144916,23,218557
6238,0.002455,74.125.24.0-255,4320,149236,23,218557
6239,0.002457,172.31.33.0-255,66,149302,23,218557
6240,0.002483,74.125.24.0-255,5020,154322,23,218557
6241,0.002484,172.31.33.0-255,66,154388,23,218557
6242,0.002494,172.31.33.0-255,66,154454,23,218557
6243,0.002504,74.125.24.0-255,7156,161610,23,218557
6244,0.002505,172.31.33.0-255,66,161676,23,218557
6245,0.002515,172.31.33.0-255,66,161742,23,218557
6246,0.002521,74.125.24.0-255,6438,168180,23,218557
6247,0.002523,172.31.33.0-255,66,168246,23,218557
6248,0.002541,74.125.24.0-255,4320,172566,23,218557
6249,0.002547,172.31.33.0-255,66,172632,23,218557
6250,0.002574,74.125.24.0-255,4320,176952,23,218557
6251,0.002576,172.31.33.0-255,66,177018,23,218557
6252,0.002585,172.31.33.0-255,66,177084,23,218557
6253,0.002596,172.31.33.0-255,66,177150,23,218557
6254,0.002599,74.125.24.0-255,1484,178634,23,218557
6255,0.002605,74.125.24.0-255,6438,185072,23,218557
6256,0.002606,172.31.33.0-255,66,185138,23,218557
6257,0.002608,74.125.24.0-255,1484,186622,23,218557
6258,0.002655,172.31.33.0-255,66,186688,23,218557
6259,0.002676,74.125.24.0-255,1484,188172,23,218557
6260,0.002681,74.125.24.0-255,5738,193910,23,218557
6261,0.002683,172.31.33.0-255,66,193976,23,218557
6262,0.002686,74.125.24.0-255,2902,196878,23,218557
6263,0.002688,172.31.33.0-255,66,196944,23,218557
6264,0.002714,172.31.33.0-255,66,197010,23,218557
6265,0.002723,74.125.24.0-255,7156,204166,23,218557
6266,0.002725,172.31.33.0-255,66,204232,23,218557
6267,0.002784,172.31.33.0-255,66,204298,23,218557
6268,0.00279,74.125.24.0-255,6438,210736,23,218557
6269,0.002792,172.31.33.0-255,66,210802,23,218557
6270,0.002806,74.125.24.0-255,1484,212286,23,218557
6271,0.002829,74.125.24.0-255,5929,218215,23,218557
6272,0.002831,172.31.33.0-255,66,218281,23,218557
6273,0.002834,74.125.24.0-255,105,218386,23,218557
6274,0.008854,172.31.33.0-255,66,218452,23,218557
6275,0.008877,172.31.33.0-255,105,218557,23,218557
6276,0.0,172.31.33.0-255,163,163,23,229
6277,0.007672,74.125.200.0-255,66,229,23,229
6278,0.0,74.125.68.0-255,156,156,23,285772
6279,1.3e-05,172.31.33.0-255,66,222,23,285772
6280,1.9e-05,74.125.68.0-255,1484,1706,23,285772
6281,2.3e-05,172.31.33.0-255,66,1772,23,285772
6282,3.5e-05,74.125.68.0-255,2902,4674,23,285772
6283,3.8e-05,172.31.33.0-255,66,4740,23,285772
6284,4.1e-05,74.125.68.0-255,1484,6224,23,285772
6285,4.3e-05,172.31.33.0-255,66,6290,23,285772
6286,4.8e-05,74.125.68.0-255,2902,9192,23,285772
6287,5.1e-05,172.31.33.0-255,66,9258,23,285772
6288,8.6e-05,74.125.68.0-255,6275,15533,23,285772
6289,8.8e-05,172.31.33.0-255,66,15599,23,285772
6290,9.2e-05,74.125.68.0-255,2902,18501,23,285772
6291,9.4e-05,172.31.33.0-255,66,18567,23,285772
6292,0.000139,74.125.68.0-255,5738,24305,23,285772
6293,0.000141,172.31.33.0-255,66,24371,23,285772
6294,0.000171,74.125.68.0-255,5738,30109,23,285772
6295,0.000173,172.31.33.0-255,66,30175,23,285772
6296,0.000176,74.125.68.0-255,1125,31300,23,285772
6297,0.000178,172.31.33.0-255,66,31366,23,285772
6298,0.000264,74.125.68.0-255,1484,32850,23,285772
6299,0.000267,172.31.33.0-255,66,32916,23,285772
6300,0.000292,74.125.68.0-255,2902,35818,23,285772
6301,0.000295,172.31.33.0-255,66,35884,23,285772
6302,0.000301,74.125.68.0-255,5738,41622,23,285772
6303,0.000303,172.31.33.0-255,66,41688,23,285772
6304,0.000308,74.125.68.0-255,5738,47426,23,285772
6305,0.00031,172.31.33.0-255,66,47492,23,285772
6306,0.000332,74.125.68.0-255,1484,48976,23,285772
6307,0.000334,172.31.33.0-255,66,49042,23,285772
6308,0.000337,74.125.68.0-255,1484,50526,23,285772
6309,0.000339,172.31.33.0-255,66,50592,23,285772
6310,0.000382,172.31.33.0-255,66,50658,23,285772
6311,0.000387,74.125.68.0-255,2477,53135,23,285772
6312,0.000388,172.31.33.0-255,66,53201,23,285772
6313,0.00041,74.125.68.0-255,136,53337,23,285772
6314,0.000468,74.125.68.0-255,1484,54821,23,285772
6315,0.000472,172.31.33.0-255,66,54887,23,285772
6316,0.000495,74.125.68.0-255,2902,57789,23,285772
6317,0.000497,172.31.33.0-255,66,57855,23,285772
6318,0.000502,74.125.68.0-255,4320,62175,23,285772
6319,0.000504,172.31.33.0-255,66,62241,23,285772
6320,0.000534,172.31.33.0-255,66,62307,23,285772
6321,0.000538,74.125.68.0-255,2902,65209,23,285772
6322,0.00054,172.31.33.0-255,66,65275,23,285772
6323,0.000574,74.125.68.0-255,4320,69595,23,285772
6324,0.000576,172.31.33.0-255,66,69661,23,285772
6325,0.000586,172.31.33.0-255,66,69727,23,285772
6326,0.000588,74.125.68.0-255,766,70493,23,285772
6327,0.00072,74.125.68.0-255,1484,71977,23,285772
6328,0.000724,172.31.33.0-255,66,72043,23,285772
6329,0.000727,74.125.68.0-255,1484,73527,23,285772
6330,0.000746,74.125.68.0-255,1484,75011,23,285772
6331,0.000748,172.31.33.0-255,66,75077,23,285772
6332,0.000754,74.125.68.0-255,4320,79397,23,285772
6333,0.000756,172.31.33.0-255,66,79463,23,285772
6334,0.000782,74.125.68.0-255,5738,85201,23,285772
6335,0.000785,172.31.33.0-255,66,85267,23,285772
6336,0.000819,74.125.68.0-255,7156,92423,23,285772
6337,0.000821,172.31.33.0-255,66,92489,23,285772
6338,0.000825,74.125.68.0-255,1484,93973,23,285772
6339,0.000853,74.125.68.0-255,7156,101129,23,285772
6340,0.000855,172.31.33.0-255,66,101195,23,285772
6341,0.000861,74.125.68.0-255,3602,104797,23,285772
6342,0.000862,172.31.33.0-255,66,104863,23,285772
6343,0.001053,74.125.68.0-255,1484,106347,23,285772
6344,0.00106,74.125.68.0-255,2902,109249,23,285772
6345,0.001063,172.31.33.0-255,66,109315,23,285772
6346,0.001066,74.125.68.0-255,1484,110799,23,285772
6347,0.001094,74.125.68.0-255,4320,115119,23,285772
6348,0.001097,172.31.33.0-255,66,115185,23,285772
6349,0.001104,74.125.68.0-255,4320,119505,23,285772
6350,0.001106,172.31.33.0-255,66,119571,23,285772
6351,0.001136,74.125.68.0-255,5738,125309,23,285772
6352,0.001138,172.31.33.0-255,66,125375,23,285772
6353,0.001151,172.31.33.0-255,66,125441,23,285772
6354,0.001155,74.125.68.0-255,2184,127625,23,285772
6355,0.001157,172.31.33.0-255,66,127691,23,285772
6356,0.001231,74.125.68.0-255,1484,129175,23,285772
6357,0.001249,74.125.68.0-255,2902,132077,23,285772
6358,0.001252,172.31.33.0-255,66,132143,23,285772
6359,0.001259,74.125.68.0-255,4320,136463,23,285772
6360,0.001261,172.31.33.0-255,66,136529,23,285772
6361,0.001299,172.31.33.0-255,66,136595,23,285772
6362,0.001302,74.125.68.0-255,1484,138079,23,285772
6363,0.00133,74.125.68.0-255,5738,143817,23,285772
6364,0.001333,172.31.33.0-255,66,143883,23,285772
6365,0.001343,172.31.33.0-255,66,143949,23,285772
6366,0.00137,74.125.68.0-255,3602,147551,23,285772
6367,0.001372,172.31.33.0-255,66,147617,23,285772
6368,0.001378,74.125.68.0-255,4320,151937,23,285772
6369,0.001381,172.31.33.0-255,66,152003,23,285772
6370,0.001411,74.125.68.0-255,5738,157741,23,285772
6371,0.001414,172.31.33.0-255,66,157807,23,285772
6372,0.001434,74.125.68.0-255,4320,162127,23,285772
6373,0.001435,172.31.33.0-255,66,162193,23,285772
6374,0.001448,172.31.33.0-255,66,162259,23,285772
6375,0.001452,74.125.68.0-255,4320,166579,23,285772
6376,0.001455,172.31.33.0-255,66,166645,23,285772
6377,0.001483,74.125.68.0-255,766,167411,23,285772
6378,0.001489,74.125.68.0-255,5738,173149,23,285772
6379,0.001491,172.31.33.0-255,66,173215,23,285772
6380,0.001528,172.31.33.0-255,66,173281,23,285772
6381,0.001535,74.125.68.0-255,7156,180437,23,285772
6382,0.001537,172.31.33.0-255,66,180503,23,285772
6383,0.001562,74.125.68.0-255,4320,184823,23,285772
6384,0.001564,172.31.33.0-255,66,184889,23,285772
6385,0.00157,74.125.68.0-255,6438,191327,23,285772
6386,0.001573,172.31.33.0-255,66,191393,23,285772
6387,0.00165,74.125.68.0-255,1484,192877,23,285772
6388,0.001666,74.125.68.0-255,2902,195779,23,285772
6389,0.001668,172.31.33.0-255,66,195845,23,285772
6390,0.001689,74.125.68.0-255,5738,201583,23,285772
6391,0.001692,172.31.33.0-255,66,201649,23,285772
6392,0.001709,74.125.68.0-255,1484,203133,23,285772
6393,0.001739,172.31.33.0-255,66,203199,23,285772
6394,0.001758,172.31.33.0-255,66,203265,23,285772
6395,0.001762,74.125.68.0-255,3602,206867,23,285772
6396,0.001764,172.31.33.0-255,66,206933,23,285772
6397,0.001769,74.125.68.0-255,4320,211253,23,285772
6398,0.001771,172.31.33.0-255,66,211319,23,285772
6399,0.001833,172.31.33.0-255,66,211385,23,285772
6400,0.001857,74.125.68.0-255,1484,212869,23,285772
6401,0.001863,74.125.68.0-255,4320,217189,23,285772
6402,0.001865,172.31.33.0-255,66,217255,23,285772
6403,0.00187,74.125.68.0-255,2902,220157,23,285772
6404,0.001871,172.31.33.0-255,66,220223,23,285772
6405,0.001897,172.31.33.0-255,66,220289,23,285772
6406,0.001903,74.125.68.0-255,5738,226027,23,285772
6407,0.001905,172.31.33.0-255,66,226093,23,285772
6408,0.001936,172.31.33.0-255,66,226159,23,285772
6409,0.001942,74.125.68.0-255,5738,231897,23,285772
6410,0.001945,172.31.33.0-255,66,231963,23,285772
6411,0.001985,74.125.68.0-255,7156,239119,23,285772
6412,0.001988,172.31.33.0-255,66,239185,23,285772
6413,0.002016,74.125.68.0-255,6438,245623,23,285772
6414,0.002019,172.31.33.0-255,66,245689,23,285772
6415,0.00212,74.125.68.0-255,1484,247173,23,285772
6416,0.002133,74.125.68.0-255,2902,250075,23,285772
6417,0.002136,172.31.33.0-255,66,250141,23,285772
6418,0.002163,74.125.68.0-255,5738,255879,23,285772
6419,0.002165,172.31.33.0-255,66,255945,23,285772
6420,0.002169,74.125.68.0-255,2902,258847,23,285772
6421,0.00217,172.31.33.0-255,66,258913,23,285772
6422,0.002175,74.125.68.0-255,4320,263233,23,285772
6423,0.002177,172.31.33.0-255,66,263299,23,285772
6424,0.002219,172.31.33.0-255,66,263365,23,285772
6425,0.002223,74.125.68.0-255,2902,266267,23,285772
6426,0.002225,172.31.33.0-255,66,266333,23,285772
6427,0.002228,74.125.68.0-255,1484,267817,23,285772
6428,0.002231,74.125.68.0-255,1484,269301,23,285772
6429,0.002232,172.31.33.0-255,66,269367,23,285772
6430,0.002265,74.125.68.0-255,2184,271551,23,285772
6431,0.002268,172.31.33.0-255,66,271617,23,285772
6432,0.002271,74.125.68.0-255,1484,273101,23,285772
6433,0.002274,74.125.68.0-255,1484,274585,23,285772
6434,0.002276,172.31.33.0-255,66,274651,23,285772
6435,0.002278,74.125.68.0-255,1484,276135,23,285772
6436,0.002282,74.125.68.0-255,4320,280455,23,285772
6437,0.002285,172.31.33.0-255,66,280521,23,285772
6438,0.002289,74.125.68.0-255,2902,283423,23,285772
6439,0.002293,74.125.68.0-255,1484,284907,23,285772
6440,0.002296,172.31.33.0-255,66,284973,23,285772
6441,0.002313,74.125.68.0-255,360,285333,23,285772
6442,0.002316,172.31.33.0-255,66,285399,23,285772
6443,0.002318,74.125.68.0-255,97,285496,23,285772
6444,0.002369,74.125.68.0-255,105,285601,23,285772
6445,0.009182,172.31.33.0-255,66,285667,23,285772
6446,0.00922,172.31.33.0-255,105,285772,23,285772
6447,0.0,172.217.194.0-255,152,152,23,243962
6448,2.6e-05,172.31.33.0-255,66,218,23,243962
6449,3.2e-05,172.217.194.0-255,1484,1702,23,243962
6450,3.6e-05,172.31.33.0-255,66,1768,23,243962
6451,4.2e-05,172.217.194.0-255,2902,4670,23,243962
6452,4.4e-05,172.31.33.0-255,66,4736,23,243962
6453,7.6e-05,172.217.194.0-255,5738,10474,23,243962
6454,7.9e-05,172.31.33.0-255,66,10540,23,243962
6455,0.000108,172.31.33.0-255,66,10606,23,243962
6456,0.000145,172.217.194.0-255,5738,16344,23,243962
6457,0.000148,172.31.33.0-255,66,16410,23,243962
6458,0.000168,172.217.194.0-255,3961,20371,23,243962
6459,0.000173,172.31.33.0-255,66,20437,23,243962
6460,0.000226,172.217.194.0-255,1484,21921,23,243962
6461,0.00023,172.31.33.0-255,66,21987,23,243962
6462,0.000235,172.217.194.0-255,2902,24889,23,243962
6463,0.000238,172.31.33.0-255,66,24955,23,243962
6464,0.000268,172.217.194.0-255,5738,30693,23,243962
6465,0.000272,172.31.33.0-255,66,30759,23,243962
6466,0.000309,172.31.33.0-255,66,30825,23,243962
6467,0.000319,172.31.33.0-255,66,30891,23,243962
6468,0.000363,172.217.194.0-255,1705,32596,23,243962
6469,0.000367,172.31.33.0-255,66,32662,23,243962
6470,0.000405,172.217.194.0-255,1484,34146,23,243962
6471,0.000408,172.31.33.0-255,66,34212,23,243962
6472,0.000413,172.217.194.0-255,2902,37114,23,243962
6473,0.000415,172.31.33.0-255,66,37180,23,243962
6474,0.000421,172.217.194.0-255,4320,41500,23,243962
6475,0.000423,172.31.33.0-255,66,41566,23,243962
6476,0.00044,172.217.194.0-255,1484,43050,23,243962
6477,0.000447,172.217.194.0-255,2902,45952,23,243962
6478,0.000449,172.31.33.0-255,66,46018,23,243962
6479,0.000475,172.217.194.0-255,3412,49430,23,243962
6480,0.000478,172.31.33.0-255,66,49496,23,243962
6481,0.000534,172.217.194.0-255,1484,50980,23,243962
6482,0.000549,172.217.194.0-255,2902,53882,23,243962
6483,0.000552,172.31.33.0-255,66,53948,23,243962
6484,0.000558,172.217.194.0-255,5738,59686,23,243962
6485,0.00056,172.31.33.0-255,66,59752,23,243962
6486,0.000618,172.217.194.0-255,6797,66549,23,243962
6487,0.000621,172.31.33.0-255,66,66615,23,243962
6488,0.000795,172.217.194.0-255,1484,68099,23,243962
6489,0.000799,172.217.194.0-255,1484,69583,23,243962
6490,0.000803,172.31.33.0-255,66,69649,23,243962
6491,0.000822,172.217.194.0-255,1484,71133,23,243962
6492,0.000839,172.217.194.0-255,1484,72617,23,243962
6493,0.000842,172.31.33.0-255,66,72683,23,243962
6494,0.000863,172.217.194.0-255,4320,77003,23,243962
6495,0.000866,172.31.33.0-255,66,77069,23,243962
6496,0.00087,172.217.194.0-255,2902,79971,23,243962
6497,0.000872,172.31.33.0-255,66,80037,23,243962
6498,0.000876,172.217.194.0-255,4320,84357,23,243962
6499,0.000878,172.31.33.0-255,66,84423,23,243962
6500,0.000932,172.31.33.0-255,66,84489,23,243962
6501,0.000937,172.217.194.0-255,4320,88809,23,243962
6502,0.000939,172.31.33.0-255,66,88875,23,243962
6503,0.000968,172.217.194.0-255,3602,92477,23,243962
6504,0.000971,172.31.33.0-255,66,92543,23,243962
6505,0.001043,172.217.194.0-255,1484,94027,23,243962
6506,0.001049,172.217.194.0-255,2902,96929,23,243962
6507,0.001052,172.31.33.0-255,66,96995,23,243962
6508,0.001059,172.217.194.0-255,4320,101315,23,243962
6509,0.001061,172.31.33.0-255,66,101381,23,243962
6510,0.001073,172.217.194.0-255,1484,102865,23,243962
6511,0.0011,172.217.194.0-255,5738,108603,23,243962
6512,0.001103,172.31.33.0-255,66,108669,23,243962
6513,0.001127,172.217.194.0-255,7156,115825,23,243962
6514,0.00113,172.31.33.0-255,66,115891,23,243962
6515,0.00114,172.31.33.0-255,66,115957,23,243962
6516,0.001168,172.217.194.0-255,2184,118141,23,243962
6517,0.001171,172.31.33.0-255,66,118207,23,243962
6518,0.001308,172.217.194.0-255,1484,119691,23,243962
6519,0.001315,172.217.194.0-255,2902,122593,23,243962
6520,0.001319,172.31.33.0-255,66,122659,23,243962
6521,0.001322,172.217.194.0-255,1484,124143,23,243962
6522,0.001344,172.217.194.0-255,4320,128463,23,243962
6523,0.001347,172.31.33.0-255,66,128529,23,243962
6524,0.001354,172.217.194.0-255,7156,135685,23,243962
6525,0.001356,172.31.33.0-255,66,135751,23,243962
6526,0.001391,172.217.194.0-255,5738,141489,23,243962
6527,0.001395,172.31.33.0-255,66,141555,23,243962
6528,0.001405,172.31.33.0-255,66,141621,23,243962
6529,0.001476,172.217.194.0-255,1484,143105,23,243962
6530,0.001479,172.217.194.0-255,1484,144589,23,243962
6531,0.001482,172.31.33.0-255,66,144655,23,243962
6532,0.0015,172.217.194.0-255,1484,146139,23,243962
6533,0.001505,172.217.194.0-255,5738,151877,23,243962
6534,0.001507,172.31.33.0-255,66,151943,23,243962
6535,0.001525,172.217.194.0-255,4320,156263,23,243962
6536,0.001527,172.31.33.0-255,66,156329,23,243962
6537,0.001549,172.217.194.0-255,5738,162067,23,243962
6538,0.001551,172.31.33.0-255,66,162133,23,243962
6539,0.001555,172.217.194.0-255,2902,165035,23,243962
6540,0.001557,172.31.33.0-255,66,165101,23,243962
6541,0.001575,172.31.33.0-255,66,165167,23,243962
6542,0.001578,172.217.194.0-255,2184,167351,23,243962
6543,0.00158,172.31.33.0-255,66,167417,23,243962
6544,0.001612,172.217.194.0-255,4320,171737,23,243962
6545,0.001615,172.31.33.0-255,66,171803,23,243962
6546,0.001645,172.31.33.0-255,66,171869,23,243962
6547,0.001649,172.217.194.0-255,2902,174771,23,243962
6548,0.00165,172.31.33.0-255,66,174837,23,243962
6549,0.001655,172.217.194.0-255,4320,179157,23,243962
6550,0.001656,172.31.33.0-255,66,179223,23,243962
6551,0.001665,172.31.33.0-255,66,179289,23,243962
6552,0.001688,172.217.194.0-255,2184,181473,23,243962
6553,0.00169,172.31.33.0-255,66,181539,23,243962
6554,0.001757,172.217.194.0-255,1484,183023,23,243962
6555,0.001768,172.217.194.0-255,2902,185925,23,243962
6556,0.00177,172.31.33.0-255,66,185991,23,243962
6557,0.001791,172.217.194.0-255,5738,191729,23,243962
6558,0.001793,172.31.33.0-255,66,191795,23,243962
6559,0.001817,172.31.33.0-255,66,191861,23,243962
6560,0.00183,172.217.194.0-255,4320,196181,23,243962
6561,0.001832,172.31.33.0-255,66,196247,23,243962
6562,0.001842,172.31.33.0-255,66,196313,23,243962
6563,0.001884,172.217.194.0-255,1484,197797,23,243962
6564,0.001887,172.217.194.0-255,1484,199281,23,243962
6565,0.001889,172.31.33.0-255,66,199347,23,243962
6566,0.001908,172.217.194.0-255,1484,200831,23,243962
6567,0.001913,172.217.194.0-255,5738,206569,23,243962
6568,0.001915,172.31.33.0-255,66,206635,23,243962
6569,0.001946,172.31.33.0-255,66,206701,23,243962
6570,0.001961,172.217.194.0-255,1484,208185,23,243962
6571,0.001977,172.217.194.0-255,2902,211087,23,243962
6572,0.001981,172.31.33.0-255,66,211153,23,243962
6573,0.001991,172.217.194.0-255,7156,218309,23,243962
6574,0.001993,172.31.33.0-255,66,218375,23,243962
6575,0.00202,172.31.33.0-255,66,218441,23,243962
6576,0.00203,172.31.33.0-255,66,218507,23,243962
6577,0.002043,172.217.194.0-255,1484,219991,23,243962
6578,0.00206,172.217.194.0-255,4320,224311,23,243962
6579,0.002064,172.31.33.0-255,66,224377,23,243962
6580,0.00209,172.31.33.0-255,66,224443,23,243962
6581,0.002108,172.217.194.0-255,3602,228045,23,243962
6582,0.002111,172.31.33.0-255,66,228111,23,243962
6583,0.002116,172.217.194.0-255,7156,235267,23,243962
6584,0.002118,172.31.33.0-255,66,235333,23,243962
6585,0.002138,172.31.33.0-255,66,235399,23,243962
6586,0.002158,172.217.194.0-255,3602,239001,23,243962
6587,0.00216,172.31.33.0-255,66,239067,23,243962
6588,0.002165,172.217.194.0-255,4320,243387,23,243962
6589,0.002167,172.31.33.0-255,66,243453,23,243962
6590,0.002186,172.31.33.0-255,66,243519,23,243962
6591,0.002188,172.217.194.0-255,105,243624,23,243962
6592,0.003065,172.31.33.0-255,101,243725,23,243962
6593,0.00426,172.31.33.0-255,105,243830,23,243962
6594,0.005471,172.217.194.0-255,66,243896,23,243962
6595,0.006644,172.217.194.0-255,66,243962,23,243962
6596,0.0,216.58.221.0-255,165,165,23,356779
6597,3.1e-05,172.31.33.0-255,66,231,23,356779
6598,3.8e-05,216.58.221.0-255,1484,1715,23,356779
6599,4.1e-05,172.31.33.0-255,66,1781,23,356779
6600,4.6e-05,216.58.221.0-255,2902,4683,23,356779
6601,5.4e-05,172.31.33.0-255,66,4749,23,356779
6602,6e-05,216.58.221.0-255,7156,11905,23,356779
6603,6.3e-05,172.31.33.0-255,66,11971,23,356779
6604,9.1e-05,216.58.221.0-255,1983,13954,23,356779
6605,9.3e-05,172.31.33.0-255,66,14020,23,356779
6606,0.000116,216.58.221.0-255,2902,16922,23,356779
6607,0.000119,172.31.33.0-255,66,16988,23,356779
6608,0.000124,216.58.221.0-255,5738,22726,23,356779
6609,0.000127,172.31.33.0-255,66,22792,23,356779
6610,0.000149,216.58.221.0-255,1484,24276,23,356779
6611,0.000151,172.31.33.0-255,66,24342,23,356779
6612,0.000159,216.58.221.0-255,6797,31139,23,356779
6613,0.000162,172.31.33.0-255,66,31205,23,356779
6614,0.000316,216.58.221.0-255,1484,32689,23,356779
6615,0.000321,172.31.33.0-255,66,32755,23,356779
6616,0.000326,216.58.221.0-255,2902,35657,23,356779
6617,0.000328,172.31.33.0-255,66,35723,23,356779
6618,0.000333,216.58.221.0-255,2902,38625,23,356779
6619,0.000335,172.31.33.0-255,66,38691,23,356779
6620,0.000364,216.58.221.0-255,2902,41593,23,356779
6621,0.000367,172.31.33.0-255,66,41659,23,356779
6622,0.000375,216.58.221.0-255,6797,48456,23,356779
6623,0.000377,172.31.33.0-255,66,48522,23,356779
6624,0.000581,216.58.221.0-255,1484,50006,23,356779
6625,0.000586,172.31.33.0-255,66,50072,23,356779
6626,0.000591,216.58.221.0-255,2902,52974,23,356779
6627,0.000593,172.31.33.0-255,66,53040,23,356779
6628,0.000622,216.58.221.0-255,4320,57360,23,356779
6629,0.000625,172.31.33.0-255,66,57426,23,356779
6630,0.000631,216.58.221.0-255,5738,63164,23,356779
6631,0.00064,172.31.33.0-255,66,63230,23,356779
6632,0.000646,216.58.221.0-255,1484,64714,23,356779
6633,0.000668,216.58.221.0-255,1125,65839,23,356779
6634,0.000676,172.31.33.0-255,66,65905,23,356779
6635,0.000771,216.58.221.0-255,395,66300,23,356779
6636,0.000788,172.31.33.0-255,66,66366,23,356779
6637,0.00101,216.58.221.0-255,113,66479,23,356779
6638,0.001115,216.58.221.0-255,1484,67963,23,356779
6639,0.001119,172.31.33.0-255,66,68029,23,356779
6640,0.001124,216.58.221.0-255,1484,69513,23,356779
6641,0.00114,216.58.221.0-255,1484,70997,23,356779
6642,0.001142,172.31.33.0-255,66,71063,23,356779
6643,0.001148,216.58.221.0-255,5738,76801,23,356779
6644,0.00115,172.31.33.0-255,66,76867,23,356779
6645,0.001161,216.58.221.0-255,4320,81187,23,356779
6646,0.001185,216.58.221.0-255,2543,83730,23,356779
6647,0.001203,216.58.221.0-255,5738,89468,23,356779
6648,0.001215,216.58.221.0-255,1484,90952,23,356779
6649,0.00122,216.58.221.0-255,5738,96690,23,356779
6650,0.001268,216.58.221.0-255,4227,100917,23,356779
6651,0.00131,216.58.221.0-255,4320,105237,23,356779
6652,0.00133,216.58.221.0-255,5738,110975,23,356779
6653,0.001369,216.58.221.0-255,6128,117103,23,356779
6654,0.001449,216.58.221.0-255,1484,118587,23,356779
6655,0.00146,216.58.221.0-255,1484,120071,23,356779
6656,0.001475,216.58.221.0-255,1484,121555,23,356779
6657,0.001478,216.58.221.0-255,2902,124457,23,356779
6658,0.001482,216.58.221.0-255,2902,127359,23,356779
6659,0.001492,216.58.221.0-255,1484,128843,23,356779
6660,0.001517,216.58.221.0-255,4320,133163,23,356779
6661,0.001527,216.58.221.0-255,1825,134988,23,356779
6662,0.001565,216.58.221.0-255,1484,136472,23,356779
6663,0.001581,216.58.221.0-255,2902,139374,23,356779
6664,0.001586,216.58.221.0-255,5738,145112,23,356779
6665,0.001613,216.58.221.0-255,5738,150850,23,356779
6666,0.00163,216.58.221.0-255,7156,158006,23,356779
6667,0.001636,216.58.221.0-255,7156,165162,23,356779
6668,0.001667,216.58.221.0-255,3602,168764,23,356779
6669,0.002133,216.58.221.0-255,1484,170248,23,356779
6670,0.002144,216.58.221.0-255,2902,173150,23,356779
6671,0.002161,216.58.221.0-255,4320,177470,23,356779
6672,0.002176,216.58.221.0-255,1484,178954,23,356779
6673,0.002179,216.58.221.0-255,2902,181856,23,356779
6674,0.002197,216.58.221.0-255,7156,189012,23,356779
6675,0.002201,216.58.221.0-255,4320,193332,23,356779
6676,0.002224,216.58.221.0-255,7156,200488,23,356779
6677,0.002226,216.58.221.0-255,1484,201972,23,356779
6678,0.002228,216.58.221.0-255,766,202738,23,356779
6679,0.002268,216.58.221.0-255,1484,204222,23,356779
6680,0.002282,216.58.221.0-255,2902,207124,23,356779
6681,0.002284,216.58.221.0-255,1484,208608,23,356779
6682,0.002303,216.58.221.0-255,4320,212928,23,356779
6683,0.002316,216.58.221.0-255,1484,214412,23,356779
6684,0.002328,216.58.221.0-255,5738,220150,23,356779
6685,0.002342,216.58.221.0-255,5738,225888,23,356779
6686,0.002346,216.58.221.0-255,4320,230208,23,356779
6687,0.002356,216.58.221.0-255,4320,234528,23,356779
6688,0.002367,216.58.221.0-255,2184,236712,23,356779
6689,0.002408,216.58.221.0-255,1484,238196,23,356779
6690,0.002427,216.58.221.0-255,2902,241098,23,356779
6691,0.002445,216.58.221.0-255,4320,245418,23,356779
6692,0.002449,216.58.221.0-255,2902,248320,23,356779
6693,0.002474,216.58.221.0-255,5738,254058,23,356779
6694,0.002493,216.58.221.0-255,2902,256960,23,356779
6695,0.002512,216.58.221.0-255,7156,264116,23,356779
6696,0.002527,216.58.221.0-255,6438,270554,23,356779
6697,0.002581,216.58.221.0-255,1484,272038,23,356779
6698,0.002584,216.58.221.0-255,1484,273522,23,356779
6699,0.002592,216.58.221.0-255,1484,275006,23,356779
6700,0.002595,216.58.221.0-255,1484,276490,23,356779
6701,0.002606,216.58.221.0-255,4320,280810,23,356779
6702,0.002668,216.58.221.0-255,2184,282994,23,356779
6703,0.002684,216.58.221.0-255,2902,285896,23,356779
6704,0.002695,216.58.221.0-255,1484,287380,23,356779
6705,0.002697,216.58.221.0-255,1484,288864,23,356779
6706,0.00272,216.58.221.0-255,7156,296020,23,356779
6707,0.002725,216.58.221.0-255,4320,300340,23,356779
6708,0.002741,216.58.221.0-255,4320,304660,23,356779
6709,0.002841,216.58.221.0-255,4320,308980,23,356779
6710,0.002892,216.58.221.0-255,4320,313300,23,356779
6711,0.002897,216.58.221.0-255,5738,319038,23,356779
6712,0.00293,216.58.221.0-255,1484,320522,23,356779
6713,0.002947,216.58.221.0-255,2902,323424,23,356779
6714,0.002953,216.58.221.0-255,5738,329162,23,356779
6715,0.002976,216.58.221.0-255,5738,334900,23,356779
6716,0.002998,216.58.221.0-255,7156,342056,23,356779
6717,0.003007,216.58.221.0-255,2184,344240,23,356779
6718,0.003034,216.58.221.0-255,7156,351396,23,356779
6719,0.003037,216.58.221.0-255,2902,354298,23,356779
6720,0.003086,216.58.221.0-255,2104,356402,23,356779
6721,0.003113,216.58.221.0-255,105,356507,23,356779
6722,0.00669,172.31.33.0-255,66,356573,23,356779
6723,0.008834,172.31.33.0-255,101,356674,23,356779
6724,0.009384,172.31.33.0-255,105,356779,23,356779
6725,0.0,74.125.200.0-255,153,153,23,115568
6726,3.3e-05,172.31.33.0-255,66,219,23,115568
6727,4e-05,74.125.200.0-255,1484,1703,23,115568
6728,4.4e-05,172.31.33.0-255,66,1769,23,115568
6729,4.9e-05,74.125.200.0-255,2902,4671,23,115568
6730,5.1e-05,172.31.33.0-255,66,4737,23,115568
6731,5.6e-05,74.125.200.0-255,4320,9057,23,115568
6732,5.9e-05,172.31.33.0-255,66,9123,23,115568
6733,9.6e-05,74.125.200.0-255,4848,13971,23,115568
6734,0.0001,172.31.33.0-255,66,14037,23,115568
6735,0.000147,74.125.200.0-255,1484,15521,23,115568
6736,0.00015,172.31.33.0-255,66,15587,23,115568
6737,0.000166,74.125.200.0-255,2902,18489,23,115568
6738,0.000168,172.31.33.0-255,66,18555,23,115568
6739,0.000204,74.125.200.0-255,1484,20039,23,115568
6740,0.000207,172.31.33.0-255,66,20105,23,115568
6741,0.000237,74.125.200.0-255,2902,23007,23,115568
6742,0.00024,172.31.33.0-255,66,23073,23,115568
6743,0.000261,74.125.200.0-255,1484,24557,23,115568
6744,0.000263,172.31.33.0-255,66,24623,23,115568
6745,0.000281,74.125.200.0-255,2902,27525,23,115568
6746,0.000284,172.31.33.0-255,66,27591,23,115568
6747,0.000307,74.125.200.0-255,3961,31552,23,115568
6748,0.000311,172.31.33.0-255,66,31618,23,115568
6749,0.000465,74.125.200.0-255,1484,33102,23,115568
6750,0.000471,172.31.33.0-255,66,33168,23,115568
6751,0.000485,74.125.200.0-255,2902,36070,23,115568
6752,0.000489,172.31.33.0-255,66,36136,23,115568
6753,0.000513,74.125.200.0-255,2902,39038,23,115568
6754,0.000517,172.31.33.0-255,66,39104,23,115568
6755,0.000522,74.125.200.0-255,4320,43424,23,115568
6756,0.000524,172.31.33.0-255,66,43490,23,115568
6757,0.000552,74.125.200.0-255,4320,47810,23,115568
6758,0.000555,172.31.33.0-255,66,47876,23,115568
6759,0.000574,74.125.200.0-255,2543,50419,23,115568
6760,0.000577,172.31.33.0-255,66,50485,23,115568
6761,0.000584,74.125.200.0-255,7156,57641,23,115568
6762,0.000586,172.31.33.0-255,66,57707,23,115568
6763,0.00063,172.31.33.0-255,66,57773,23,115568
6764,0.000729,74.125.200.0-255,109,57882,23,115568
6765,0.000851,172.31.33.0-255,66,57948,23,115568
6766,0.001063,74.125.200.0-255,1484,59432,23,115568
6767,0.001095,74.125.200.0-255,2902,62334,23,115568
6768,0.0011,172.31.33.0-255,66,62400,23,115568
6769,0.001104,74.125.200.0-255,1484,63884,23,115568
6770,0.001131,74.125.200.0-255,2902,66786,23,115568
6771,0.001134,172.31.33.0-255,66,66852,23,115568
6772,0.001157,74.125.200.0-255,2902,69754,23,115568
6773,0.001161,172.31.33.0-255,66,69820,23,115568
6774,0.001181,74.125.200.0-255,4320,74140,23,115568
6775,0.001184,172.31.33.0-255,66,74206,23,115568
6776,0.001224,74.125.200.0-255,1484,75690,23,115568
6777,0.001246,74.125.200.0-255,2902,78592,23,115568
6778,0.001248,172.31.33.0-255,66,78658,23,115568
6779,0.001313,74.125.200.0-255,4320,82978,23,115568
6780,0.001316,172.31.33.0-255,66,83044,23,115568
6781,0.001369,74.125.200.0-255,1484,84528,23,115568
6782,0.001425,74.125.200.0-255,2902,87430,23,115568
6783,0.00143,172.31.33.0-255,66,87496,23,115568
6784,0.00148,74.125.200.0-255,1484,88980,23,115568
6785,0.001505,74.125.200.0-255,1484,90464,23,115568
6786,0.001508,172.31.33.0-255,66,90530,23,115568
6787,0.001563,74.125.200.0-255,1484,92014,23,115568
6788,0.001599,74.125.200.0-255,766,92780,23,115568
6789,0.001601,172.31.33.0-255,66,92846,23,115568
6790,0.001996,74.125.200.0-255,330,93176,23,115568
6791,0.003523,74.125.200.0-255,1484,94660,23,115568
6792,0.003525,172.31.33.0-255,66,94726,23,115568
6793,0.003635,74.125.200.0-255,2902,97628,23,115568
6794,0.003639,172.31.33.0-255,66,97694,23,115568
6795,0.005544,74.125.200.0-255,2902,100596,23,115568
6796,0.005547,172.31.33.0-255,66,100662,23,115568
6797,0.005656,74.125.200.0-255,2902,103564,23,115568
6798,0.005659,172.31.33.0-255,66,103630,23,115568
6799,0.007656,74.125.200.0-255,2902,106532,23,115568
6800,0.007662,172.31.33.0-255,66,106598,23,115568
6801,0.007681,74.125.200.0-255,1484,108082,23,115568
6802,0.007698,74.125.200.0-255,1484,109566,23,115568
6803,0.007702,172.31.33.0-255,66,109632,23,115568
6804,0.009693,74.125.200.0-255,2902,112534,23,115568
6805,0.009701,172.31.33.0-255,66,112600,23,115568
6806,0.009724,74.125.200.0-255,2902,115502,23,115568
6807,0.009727,172.31.33.0-255,66,115568,23,115568
6808,0.0,172.31.33.0-255,105,105,23,276
6809,0.001591,157.240.7.0-255,105,210,23,276
6810,0.001602,172.31.33.0-255,66,276,23,276
6811,0.0,74.125.200.0-255,374,374,23,43879
6812,1.8e-05,172.31.33.0-255,66,440,23,43879
6813,2.5e-05,74.125.200.0-255,1484,1924,23,43879
6814,2.9e-05,172.31.33.0-255,66,1990,23,43879
6815,6.4e-05,74.125.200.0-255,4320,6310,23,43879
6816,6.7e-05,172.31.33.0-255,66,6376,23,43879
6817,0.000229,74.125.200.0-255,2902,9278,23,43879
6818,0.000235,172.31.33.0-255,66,9344,23,43879
6819,0.000346,74.125.200.0-255,4320,13664,23,43879
6820,0.000351,172.31.33.0-255,66,13730,23,43879
6821,0.000519,172.31.33.0-255,66,13796,23,43879
6822,0.000536,74.125.200.0-255,366,14162,23,43879
6823,0.000538,172.31.33.0-255,66,14228,23,43879
6824,0.00086,74.125.200.0-255,2902,17130,23,43879
6825,0.000866,172.31.33.0-255,66,17196,23,43879
6826,0.000891,74.125.200.0-255,5379,22575,23,43879
6827,0.000894,172.31.33.0-255,66,22641,23,43879
6828,0.001198,172.31.33.0-255,66,22707,23,43879
6829,0.002268,74.125.200.0-255,2902,25609,23,43879
6830,0.002273,172.31.33.0-255,66,25675,23,43879
6831,0.003434,74.125.200.0-255,1484,27159,23,43879
6832,0.003437,172.31.33.0-255,66,27225,23,43879
6833,0.003453,74.125.200.0-255,1484,28709,23,43879
6834,0.003455,172.31.33.0-255,66,28775,23,43879
6835,0.004512,74.125.200.0-255,2902,31677,23,43879
6836,0.004517,172.31.33.0-255,66,31743,23,43879
6837,0.005679,74.125.200.0-255,1484,33227,23,43879
6838,0.005686,172.31.33.0-255,66,33293,23,43879
6839,0.005705,74.125.200.0-255,1484,34777,23,43879
6840,0.005708,172.31.33.0-255,66,34843,23,43879
6841,0.006756,74.125.200.0-255,2902,37745,23,43879
6842,0.006761,172.31.33.0-255,66,37811,23,43879
6843,0.007931,74.125.200.0-255,1484,39295,23,43879
6844,0.007937,172.31.33.0-255,66,39361,23,43879
6845,0.007957,74.125.200.0-255,1484,40845,23,43879
6846,0.007959,172.31.33.0-255,66,40911,23,43879
6847,0.009004,74.125.200.0-255,2902,43813,23,43879
6848,0.00901,172.31.33.0-255,66,43879,23,43879
6849,0.0,74.125.68.0-255,177,177,23,325733
6850,2.3e-05,172.31.33.0-255,66,243,23,325733
6851,2.9e-05,74.125.68.0-255,1484,1727,23,325733
6852,3.3e-05,172.31.33.0-255,66,1793,23,325733
6853,6.5e-05,74.125.68.0-255,2902,4695,23,325733
6854,6.8e-05,172.31.33.0-255,66,4761,23,325733
6855,7.5e-05,74.125.68.0-255,7156,11917,23,325733
6856,7.7e-05,172.31.33.0-255,66,11983,23,325733
6857,0.000105,74.125.68.0-255,4320,16303,23,325733
6858,0.00011,172.31.33.0-255,66,16369,23,325733
6859,0.000132,74.125.68.0-255,3374,19743,23,325733
6860,0.000135,172.31.33.0-255,66,19809,23,325733
6861,0.000145,172.31.33.0-255,66,19875,23,325733
6862,0.000172,74.125.68.0-255,2543,22418,23,325733
6863,0.000175,172.31.33.0-255,66,22484,23,325733
6864,0.000258,74.125.68.0-255,1484,23968,23,325733
6865,0.000262,172.31.33.0-255,66,24034,23,325733
6866,0.000281,74.125.68.0-255,1484,25518,23,325733
6867,0.000283,172.31.33.0-255,66,25584,23,325733
6868,0.000302,74.125.68.0-255,1484,27068,23,325733
6869,0.000306,172.31.33.0-255,66,27134,23,325733
6870,0.000311,74.125.68.0-255,4320,31454,23,325733
6871,0.000313,172.31.33.0-255,66,31520,23,325733
6872,0.000317,74.125.68.0-255,1484,33004,23,325733
6873,0.00032,172.31.33.0-255,66,33070,23,325733
6874,0.000358,172.31.33.0-255,66,33136,23,325733
6875,0.000363,74.125.68.0-255,4320,37456,23,325733
6876,0.000365,172.31.33.0-255,66,37522,23,325733
6877,0.000388,74.125.68.0-255,2902,40424,23,325733
6878,0.00039,172.31.33.0-255,66,40490,23,325733
6879,0.000427,74.125.68.0-255,345,40835,23,325733
6880,0.000431,172.31.33.0-255,66,40901,23,325733
6881,0.000493,74.125.68.0-255,1484,42385,23,325733
6882,0.000497,172.31.33.0-255,66,42451,23,325733
6883,0.000524,74.125.68.0-255,2902,45353,23,325733
6884,0.000527,172.31.33.0-255,66,45419,23,325733
6885,0.000532,74.125.68.0-255,2902,48321,23,325733
6886,0.000534,172.31.33.0-255,66,48387,23,325733
6887,0.000566,74.125.68.0-255,4320,52707,23,325733
6888,0.000569,172.31.33.0-255,66,52773,23,325733
6889,0.000582,74.125.68.0-255,2902,55675,23,325733
6890,0.000589,172.31.33.0-255,66,55741,23,325733
6891,0.000611,74.125.68.0-255,6797,62538,23,325733
6892,0.000614,172.31.33.0-255,66,62604,23,325733
6893,0.000618,74.125.68.0-255,2902,65506,23,325733
6894,0.00062,172.31.33.0-255,66,65572,23,325733
6895,0.000659,74.125.68.0-255,2902,68474,23,325733
6896,0.000662,172.31.33.0-255,66,68540,23,325733
6897,0.00069,74.125.68.0-255,6797,75337,23,325733
6898,0.000693,172.31.33.0-255,66,75403,23,325733
6899,0.000893,74.125.68.0-255,1484,76887,23,325733
6900,0.000916,74.125.68.0-255,2902,79789,23,325733
6901,0.000919,172.31.33.0-255,66,79855,23,325733
6902,0.000923,74.125.68.0-255,1484,81339,23,325733
6903,0.000949,74.125.68.0-255,4320,85659,23,325733
6904,0.000952,172.31.33.0-255,66,85725,23,325733
6905,0.000957,74.125.68.0-255,5738,91463,23,325733
6906,0.000959,172.31.33.0-255,66,91529,23,325733
6907,0.000962,74.125.68.0-255,1484,93013,23,325733
6908,0.001002,74.125.68.0-255,5738,98751,23,325733
6909,0.001005,172.31.33.0-255,66,98817,23,325733
6910,0.001018,172.31.33.0-255,66,98883,23,325733
6911,0.001194,74.125.68.0-255,1484,100367,23,325733
6912,0.001198,74.125.68.0-255,1484,101851,23,325733
6913,0.001202,172.31.33.0-255,66,101917,23,325733
6914,0.001224,74.125.68.0-255,1484,103401,23,325733
6915,0.00123,74.125.68.0-255,5738,109139,23,325733
6916,0.001232,172.31.33.0-255,66,109205,23,325733
6917,0.001265,172.31.33.0-255,66,109271,23,325733
6918,0.00127,74.125.68.0-255,4320,113591,23,325733
6919,0.001272,172.31.33.0-255,66,113657,23,325733
6920,0.001297,74.125.68.0-255,5738,119395,23,325733
6921,0.0013,172.31.33.0-255,66,119461,23,325733
6922,0.001309,74.125.68.0-255,5020,124481,23,325733
6923,0.001312,172.31.33.0-255,66,124547,23,325733
6924,0.001338,74.125.68.0-255,5738,130285,23,325733
6925,0.001341,172.31.33.0-255,66,130351,23,325733
6926,0.001345,74.125.68.0-255,4320,134671,23,325733
6927,0.001347,172.31.33.0-255,66,134737,23,325733
6928,0.001369,74.125.68.0-255,5738,140475,23,325733
6929,0.001372,172.31.33.0-255,66,140541,23,325733
6930,0.001384,74.125.68.0-255,1484,142025,23,325733
6931,0.001399,74.125.68.0-255,2902,144927,23,325733
6932,0.001402,172.31.33.0-255,66,144993,23,325733
6933,0.001435,74.125.68.0-255,7156,152149,23,325733
6934,0.001438,172.31.33.0-255,66,152215,23,325733
6935,0.001443,74.125.68.0-255,4320,156535,23,325733
6936,0.001445,172.31.33.0-255,66,156601,23,325733
6937,0.001484,74.125.68.0-255,2902,159503,23,325733
6938,0.001487,172.31.33.0-255,66,159569,23,325733
6939,0.001526,172.31.33.0-255,66,159635,23,325733
6940,0.001534,172.31.33.0-255,66,159701,23,325733
6941,0.001539,74.125.68.0-255,5738,165439,23,325733
6942,0.001542,172.31.33.0-255,66,165505,23,325733
6943,0.001565,74.125.68.0-255,2184,167689,23,325733
6944,0.001568,172.31.33.0-255,66,167755,23,325733
6945,0.001594,74.125.68.0-255,2902,170657,23,325733
6946,0.001597,172.31.33.0-255,66,170723,23,325733
6947,0.001601,74.125.68.0-255,2902,173625,23,325733
6948,0.001602,172.31.33.0-255,66,173691,23,325733
6949,0.001629,74.125.68.0-255,2902,176593,23,325733
6950,0.001632,172.31.33.0-255,66,176659,23,325733
6951,0.001643,74.125.68.0-255,7156,183815,23,325733
6952,0.001646,172.31.33.0-255,66,183881,23,325733
6953,0.001668,74.125.68.0-255,4320,188201,23,325733
6954,0.00167,172.31.33.0-255,66,188267,23,325733
6955,0.001697,74.125.68.0-255,7156,195423,23,325733
6956,0.0017,172.31.33.0-255,66,195489,23,325733
6957,0.001704,74.125.68.0-255,2902,198391,23,325733
6958,0.001706,172.31.33.0-255,66,198457,23,325733
6959,0.001746,172.31.33.0-255,66,198523,23,325733
6960,0.00175,74.125.68.0-255,2902,201425,23,325733
6961,0.001752,172.31.33.0-255,66,201491,23,325733
6962,0.001811,172.31.33.0-255,66,201557,23,325733
6963,0.001842,74.125.68.0-255,5738,207295,23,325733
6964,0.001845,172.31.33.0-255,66,207361,23,325733
6965,0.001855,172.31.33.0-255,66,207427,23,325733
6966,0.002081,74.125.68.0-255,1484,208911,23,325733
6967,0.002085,74.125.68.0-255,1484,210395,23,325733
6968,0.002088,172.31.33.0-255,66,210461,23,325733
6969,0.002113,74.125.68.0-255,1484,211945,23,325733
6970,0.002117,74.125.68.0-255,4320,216265,23,325733
6971,0.00212,172.31.33.0-255,66,216331,23,325733
6972,0.002146,74.125.68.0-255,1484,217815,23,325733
6973,0.002152,74.125.68.0-255,7156,224971,23,325733
6974,0.002155,172.31.33.0-255,66,225037,23,325733
6975,0.002166,74.125.68.0-255,1484,226521,23,325733
6976,0.002184,74.125.68.0-255,5738,232259,23,325733
6977,0.002188,172.31.33.0-255,66,232325,23,325733
6978,0.002204,74.125.68.0-255,1484,233809,23,325733
6979,0.002237,74.125.68.0-255,4320,238129,23,325733
6980,0.00224,172.31.33.0-255,66,238195,23,325733
6981,0.002257,74.125.68.0-255,3602,241797,23,325733
6982,0.00226,172.31.33.0-255,66,241863,23,325733
6983,0.002309,74.125.68.0-255,1484,243347,23,325733
6984,0.002325,74.125.68.0-255,2902,246249,23,325733
6985,0.002328,172.31.33.0-255,66,246315,23,325733
6986,0.002338,74.125.68.0-255,1484,247799,23,325733
6987,0.002354,74.125.68.0-255,4320,252119,23,325733
6988,0.002358,172.31.33.0-255,66,252185,23,325733
6989,0.002383,74.125.68.0-255,4320,256505,23,325733
6990,0.002386,172.31.33.0-255,66,256571,23,325733
6991,0.00239,74.125.68.0-255,2902,259473,23,325733
6992,0.002392,172.31.33.0-255,66,259539,23,325733
6993,0.002424,74.125.68.0-255,2902,262441,23,325733
6994,0.002427,172.31.33.0-255,66,262507,23,325733
6995,0.002432,74.125.68.0-255,4320,266827,23,325733
6996,0.002434,172.31.33.0-255,66,266893,23,325733
6997,0.002436,74.125.68.0-255,1484,268377,23,325733
6998,0.002439,74.125.68.0-255,1484,269861,23,325733
6999,0.00244,172.31.33.0-255,66,269927,23,325733
7000,0.002445,74.125.68.0-255,4320,274247,23,325733
7001,0.002447,172.31.33.0-255,66,274313,23,325733
7002,0.002471,74.125.68.0-255,1484,275797,23,325733
7003,0.002474,74.125.68.0-255,766,276563,23,325733
7004,0.002476,172.31.33.0-255,66,276629,23,325733
7005,0.002544,74.125.68.0-255,1484,278113,23,325733
7006,0.002558,74.125.68.0-255,1484,279597,23,325733
7007,0.00256,172.31.33.0-255,66,279663,23,325733
7008,0.002584,74.125.68.0-255,1484,281147,23,325733
7009,0.002589,74.125.68.0-255,4320,285467,23,325733
7010,0.002592,172.31.33.0-255,66,285533,23,325733
7011,0.002617,74.125.68.0-255,5738,291271,23,325733
7012,0.002619,172.31.33.0-255,66,291337,23,325733
7013,0.002624,74.125.68.0-255,4320,295657,23,325733
7014,0.002626,172.31.33.0-255,66,295723,23,325733
7015,0.002651,74.125.68.0-255,1484,297207,23,325733
7016,0.002665,74.125.68.0-255,2902,300109,23,325733
7017,0.002668,172.31.33.0-255,66,300175,23,325733
7018,0.002671,74.125.68.0-255,1484,301659,23,325733
7019,0.002673,74.125.68.0-255,1484,303143,23,325733
7020,0.002675,172.31.33.0-255,66,303209,23,325733
7021,0.002679,74.125.68.0-255,4320,307529,23,325733
7022,0.002681,172.31.33.0-255,66,307595,23,325733
7023,0.002689,74.125.68.0-255,1484,309079,23,325733
7024,0.002723,74.125.68.0-255,2184,311263,23,325733
7025,0.002726,172.31.33.0-255,66,311329,23,325733
7026,0.002778,74.125.68.0-255,1484,312813,23,325733
7027,0.002789,74.125.68.0-255,1484,314297,23,325733
7028,0.002792,172.31.33.0-255,66,314363,23,325733
7029,0.002818,74.125.68.0-255,1484,315847,23,325733
7030,0.002823,74.125.68.0-255,5738,321585,23,325733
7031,0.002826,172.31.33.0-255,66,321651,23,325733
7032,0.00283,74.125.68.0-255,2902,324553,23,325733
7033,0.002831,172.31.33.0-255,66,324619,23,325733
7034,0.002834,74.125.68.0-255,675,325294,23,325733
7035,0.002857,74.125.68.0-255,97,325391,23,325733
7036,0.002909,74.125.68.0-255,105,325496,23,325733
7037,0.003208,172.31.33.0-255,66,325562,23,325733
7038,0.003231,172.31.33.0-255,105,325667,23,325733
7039,0.005525,74.125.68.0-255,66,325733,23,325733
7040,0.0,74.125.24.0-255,143,143,23,145046
7041,1.2e-05,172.31.33.0-255,66,209,23,145046
7042,1.9e-05,74.125.24.0-255,1484,1693,23,145046
7043,2.2e-05,172.31.33.0-255,66,1759,23,145046
7044,2.8e-05,74.125.24.0-255,2902,4661,23,145046
7045,3e-05,172.31.33.0-255,66,4727,23,145046
7046,4.3e-05,74.125.24.0-255,7156,11883,23,145046
7047,4.6e-05,172.31.33.0-255,66,11949,23,145046
7048,5e-05,74.125.24.0-255,2027,13976,23,145046
7049,5.2e-05,172.31.33.0-255,66,14042,23,145046
7050,9.2e-05,74.125.24.0-255,4320,18362,23,145046
7051,9.8e-05,172.31.33.0-255,66,18428,23,145046
7052,0.000129,74.125.24.0-255,7156,25584,23,145046
7053,0.000131,172.31.33.0-255,66,25650,23,145046
7054,0.000148,74.125.24.0-255,7156,32806,23,145046
7055,0.000151,172.31.33.0-255,66,32872,23,145046
7056,0.000155,74.125.24.0-255,2902,35774,23,145046
7057,0.000157,172.31.33.0-255,66,35840,23,145046
7058,0.000196,172.31.33.0-255,66,35906,23,145046
7059,0.000221,74.125.24.0-255,1484,37390,23,145046
7060,0.000223,172.31.33.0-255,66,37456,23,145046
7061,0.000227,74.125.24.0-255,2902,40358,23,145046
7062,0.000229,172.31.33.0-255,66,40424,23,145046
7063,0.000235,74.125.24.0-255,5738,46162,23,145046
7064,0.000237,172.31.33.0-255,66,46228,23,145046
7065,0.000306,172.31.33.0-255,66,46294,23,145046
7066,0.000318,172.31.33.0-255,66,46360,23,145046
7067,0.000364,172.31.33.0-255,66,46426,23,145046
7068,0.000469,74.125.24.0-255,1484,47910,23,145046
7069,0.000474,74.125.24.0-255,2902,50812,23,145046
7070,0.000477,172.31.33.0-255,66,50878,23,145046
7071,0.000505,74.125.24.0-255,5738,56616,23,145046
7072,0.000507,172.31.33.0-255,66,56682,23,145046
7073,0.000513,74.125.24.0-255,7156,63838,23,145046
7074,0.000516,172.31.33.0-255,66,63904,23,145046
7075,0.000551,172.31.33.0-255,66,63970,23,145046
7076,0.000555,74.125.24.0-255,2184,66154,23,145046
7077,0.000557,172.31.33.0-255,66,66220,23,145046
7078,0.000607,74.125.24.0-255,1484,67704,23,145046
7079,0.000638,74.125.24.0-255,2902,70606,23,145046
7080,0.000642,172.31.33.0-255,66,70672,23,145046
7081,0.000648,74.125.24.0-255,5738,76410,23,145046
7082,0.00065,172.31.33.0-255,66,76476,23,145046
7083,0.000687,172.31.33.0-255,66,76542,23,145046
7084,0.000725,172.31.33.0-255,66,76608,23,145046
7085,0.001192,74.125.24.0-255,1484,78092,23,145046
7086,0.001198,74.125.24.0-255,2902,80994,23,145046
7087,0.001201,172.31.33.0-255,66,81060,23,145046
7088,0.001231,74.125.24.0-255,5738,86798,23,145046
7089,0.001233,172.31.33.0-255,66,86864,23,145046
7090,0.001238,74.125.24.0-255,4320,91184,23,145046
7091,0.00124,172.31.33.0-255,66,91250,23,145046
7092,0.001279,172.31.33.0-255,66,91316,23,145046
7093,0.00129,172.31.33.0-255,66,91382,23,145046
7094,0.001433,74.125.24.0-255,1484,92866,23,145046
7095,0.00144,74.125.24.0-255,2902,95768,23,145046
7096,0.001442,172.31.33.0-255,66,95834,23,145046
7097,0.001449,74.125.24.0-255,5738,101572,23,145046
7098,0.00145,172.31.33.0-255,66,101638,23,145046
7099,0.001471,74.125.24.0-255,5738,107376,23,145046
7100,0.001472,172.31.33.0-255,66,107442,23,145046
7101,0.001508,172.31.33.0-255,66,107508,23,145046
7102,0.001546,172.31.33.0-255,66,107574,23,145046
7103,0.001569,172.31.33.0-255,66,107640,23,145046
7104,0.001578,172.31.33.0-255,66,107706,23,145046
7105,0.001649,172.31.33.0-255,66,107772,23,145046
7106,0.001674,74.125.24.0-255,2902,110674,23,145046
7107,0.001676,172.31.33.0-255,66,110740,23,145046
7108,0.001695,172.31.33.0-255,66,110806,23,145046
7109,0.001697,74.125.24.0-255,766,111572,23,145046
7110,0.001717,74.125.24.0-255,4320,115892,23,145046
7111,0.00172,172.31.33.0-255,66,115958,23,145046
7112,0.001746,74.125.24.0-255,5738,121696,23,145046
7113,0.001749,172.31.33.0-255,66,121762,23,145046
7114,0.001755,74.125.24.0-255,7156,128918,23,145046
7115,0.001757,172.31.33.0-255,66,128984,23,145046
7116,0.00179,74.125.24.0-255,4320,133304,23,145046
7117,0.001807,172.31.33.0-255,66,133370,23,145046
7118,0.00181,172.31.33.0-255,66,133436,23,145046
7119,0.001849,74.125.24.0-255,2184,135620,23,145046
7120,0.001852,172.31.33.0-255,66,135686,23,145046
7121,0.00187,172.31.33.0-255,66,135752,23,145046
7122,0.001875,74.125.24.0-255,5020,140772,23,145046
7123,0.001877,172.31.33.0-255,66,140838,23,145046
7124,0.001892,172.31.33.0-255,66,140904,23,145046
7125,0.001935,172.31.33.0-255,66,140970,23,145046
7126,0.001939,74.125.24.0-255,3602,144572,23,145046
7127,0.001941,172.31.33.0-255,66,144638,23,145046
7128,0.001957,172.31.33.0-255,66,144704,23,145046
7129,0.001983,74.125.24.0-255,105,144809,23,145046
7130,0.005876,172.31.33.0-255,66,144875,23,145046
7131,0.00591,172.31.33.0-255,105,144980,23,145046
7132,0.008237,74.125.24.0-255,66,145046,23,145046
7133,0.0,74.125.24.0-255,155,155,23,143435
7134,2.1e-05,172.31.33.0-255,66,221,23,143435
7135,2.8e-05,74.125.24.0-255,1484,1705,23,143435
7136,3.3e-05,172.31.33.0-255,66,1771,23,143435
7137,4.5e-05,74.125.24.0-255,2902,4673,23,143435
7138,4.9e-05,172.31.33.0-255,66,4739,23,143435
7139,8e-05,74.125.24.0-255,7156,11895,23,143435
7140,8.3e-05,172.31.33.0-255,66,11961,23,143435
7141,8.8e-05,74.125.24.0-255,1994,13955,23,143435
7142,9e-05,172.31.33.0-255,66,14021,23,143435
7143,0.000104,172.31.33.0-255,66,14087,23,143435
7144,0.000137,74.125.24.0-255,5379,19466,23,143435
7145,0.00014,172.31.33.0-255,66,19532,23,143435
7146,0.000144,74.125.24.0-255,2902,22434,23,143435
7147,0.000146,172.31.33.0-255,66,22500,23,143435
7148,0.000178,74.125.24.0-255,2902,25402,23,143435
7149,0.000181,172.31.33.0-255,66,25468,23,143435
7150,0.000193,172.31.33.0-255,66,25534,23,143435
7151,0.000621,74.125.24.0-255,1484,27018,23,143435
7152,0.000624,172.31.33.0-255,66,27084,23,143435
7153,0.000628,74.125.24.0-255,1484,28568,23,143435
7154,0.00063,172.31.33.0-255,66,28634,23,143435
7155,0.000657,74.125.24.0-255,1484,30118,23,143435
7156,0.000659,172.31.33.0-255,66,30184,23,143435
7157,0.000665,74.125.24.0-255,5738,35922,23,143435
7158,0.000667,172.31.33.0-255,66,35988,23,143435
7159,0.000671,74.125.24.0-255,2902,38890,23,143435
7160,0.000673,172.31.33.0-255,66,38956,23,143435
7161,0.000726,172.31.33.0-255,66,39022,23,143435
7162,0.000769,74.125.24.0-255,4320,43342,23,143435
7163,0.000771,172.31.33.0-255,66,43408,23,143435
7164,0.000788,74.125.24.0-255,1705,45113,23,143435
7165,0.00079,172.31.33.0-255,66,45179,23,143435
7166,0.000823,172.31.33.0-255,66,45245,23,143435
7167,0.000856,172.31.33.0-255,66,45311,23,143435
7168,0.001522,74.125.24.0-255,1484,46795,23,143435
7169,0.001537,74.125.24.0-255,2902,49697,23,143435
7170,0.001539,172.31.33.0-255,66,49763,23,143435
7171,0.001559,74.125.24.0-255,5738,55501,23,143435
7172,0.001562,172.31.33.0-255,66,55567,23,143435
7173,0.001586,172.31.33.0-255,66,55633,23,143435
7174,0.00161,74.125.24.0-255,4320,59953,23,143435
7175,0.001612,172.31.33.0-255,66,60019,23,143435
7176,0.001621,172.31.33.0-255,66,60085,23,143435
7177,0.001647,74.125.24.0-255,2184,62269,23,143435
7178,0.00165,172.31.33.0-255,66,62335,23,143435
7179,0.001736,74.125.24.0-255,1484,63819,23,143435
7180,0.001753,74.125.24.0-255,2902,66721,23,143435
7181,0.001757,172.31.33.0-255,66,66787,23,143435
7182,0.001763,74.125.24.0-255,5738,72525,23,143435
7183,0.001765,172.31.33.0-255,66,72591,23,143435
7184,0.001784,74.125.24.0-255,5738,78329,23,143435
7185,0.00179,172.31.33.0-255,66,78395,23,143435
7186,0.001815,74.125.24.0-255,7156,85551,23,143435
7187,0.001818,172.31.33.0-255,66,85617,23,143435
7188,0.001832,172.31.33.0-255,66,85683,23,143435
7189,0.002392,74.125.24.0-255,1484,87167,23,143435
7190,0.002399,74.125.24.0-255,2902,90069,23,143435
7191,0.002404,172.31.33.0-255,66,90135,23,143435
7192,0.00241,74.125.24.0-255,2902,93037,23,143435
7193,0.002411,172.31.33.0-255,66,93103,23,143435
7194,0.002434,74.125.24.0-255,2902,96005,23,143435
7195,0.002437,172.31.33.0-255,66,96071,23,143435
7196,0.002441,74.125.24.0-255,2902,98973,23,143435
7197,0.002443,172.31.33.0-255,66,99039,23,143435
7198,0.002482,172.31.33.0-255,66,99105,23,143435
7199,0.002493,172.31.33.0-255,66,99171,23,143435
7200,0.002828,74.125.24.0-255,1484,100655,23,143435
7201,0.002835,74.125.24.0-255,2902,103557,23,143435
7202,0.002838,172.31.33.0-255,66,103623,23,143435
7203,0.002846,74.125.24.0-255,5738,109361,23,143435
7204,0.002848,172.31.33.0-255,66,109427,23,143435
7205,0.002895,172.31.33.0-255,66,109493,23,143435
7206,0.002906,172.31.33.0-255,66,109559,23,143435
7207,0.002909,74.125.24.0-255,766,110325,23,143435
7208,0.002937,74.125.24.0-255,1484,111809,23,143435
7209,0.002939,172.31.33.0-255,66,111875,23,143435
7210,0.002944,74.125.24.0-255,2902,114777,23,143435
7211,0.002947,172.31.33.0-255,66,114843,23,143435
7212,0.002952,74.125.24.0-255,4320,119163,23,143435
7213,0.002954,172.31.33.0-255,66,119229,23,143435
7214,0.002976,74.125.24.0-255,1484,120713,23,143435
7215,0.002979,74.125.24.0-255,1484,122197,23,143435
7216,0.002981,172.31.33.0-255,66,122263,23,143435
7217,0.003032,172.31.33.0-255,66,122329,23,143435
7218,0.003044,172.31.33.0-255,66,122395,23,143435
7219,0.003085,74.125.24.0-255,4320,126715,23,143435
7220,0.003087,172.31.33.0-255,66,126781,23,143435
7221,0.003132,172.31.33.0-255,66,126847,23,143435
7222,0.003145,172.31.33.0-255,66,126913,23,143435
7223,0.003157,172.31.33.0-255,66,126979,23,143435
7224,0.003292,74.125.24.0-255,1484,128463,23,143435
7225,0.003296,74.125.24.0-255,1484,129947,23,143435
7226,0.003301,172.31.33.0-255,66,130013,23,143435
7227,0.00331,74.125.24.0-255,1484,131497,23,143435
7228,0.003322,74.125.24.0-255,5738,137235,23,143435
7229,0.003324,172.31.33.0-255,66,137301,23,143435
7230,0.003327,74.125.24.0-255,1484,138785,23,143435
7231,0.003372,172.31.33.0-255,66,138851,23,143435
7232,0.00339,172.31.33.0-255,66,138917,23,143435
7233,0.00344,172.31.33.0-255,66,138983,23,143435
7234,0.003465,74.125.24.0-255,1484,140467,23,143435
7235,0.003477,172.31.33.0-255,66,140533,23,143435
7236,0.003494,172.31.33.0-255,66,140599,23,143435
7237,0.003533,172.31.33.0-255,66,140665,23,143435
7238,0.003548,172.31.33.0-255,66,140731,23,143435
7239,0.003574,74.125.24.0-255,2195,142926,23,143435
7240,0.003577,172.31.33.0-255,66,142992,23,143435
7241,0.00358,74.125.24.0-255,105,143097,23,143435
7242,0.003917,172.31.33.0-255,101,143198,23,143435
7243,0.00544,172.31.33.0-255,105,143303,23,143435
7244,0.005923,74.125.24.0-255,66,143369,23,143435
7245,0.007449,74.125.24.0-255,66,143435,23,143435
7246,0.0,74.125.68.0-255,150,150,23,330839
7247,1.7e-05,172.31.33.0-255,66,216,23,330839
7248,2.3e-05,74.125.68.0-255,1484,1700,23,330839
7249,2.7e-05,172.31.33.0-255,66,1766,23,330839
7250,3e-05,74.125.68.0-255,1484,3250,23,330839
7251,3.2e-05,172.31.33.0-255,66,3316,23,330839
7252,5.7e-05,74.125.68.0-255,1484,4800,23,330839
7253,6.3e-05,172.31.33.0-255,66,4866,23,330839
7254,6.9e-05,74.125.68.0-255,4320,9186,23,330839
7255,7.1e-05,172.31.33.0-255,66,9252,23,330839
7256,9.9e-05,74.125.68.0-255,7156,16408,23,330839
7257,0.000102,172.31.33.0-255,66,16474,23,330839
7258,0.000114,74.125.68.0-255,2020,18494,23,330839
7259,0.000116,172.31.33.0-255,66,18560,23,330839
7260,0.000123,74.125.68.0-255,2902,21462,23,330839
7261,0.000125,172.31.33.0-255,66,21528,23,330839
7262,0.000167,172.31.33.0-255,66,21594,23,330839
7263,0.000461,74.125.68.0-255,1484,23078,23,330839
7264,0.000466,172.31.33.0-255,66,23144,23,330839
7265,0.000471,74.125.68.0-255,2902,26046,23,330839
7266,0.000473,172.31.33.0-255,66,26112,23,330839
7267,0.000498,74.125.68.0-255,5738,31850,23,330839
7268,0.000501,172.31.33.0-255,66,31916,23,330839
7269,0.000505,74.125.68.0-255,2902,34818,23,330839
7270,0.000507,172.31.33.0-255,66,34884,23,330839
7271,0.000509,74.125.68.0-255,1484,36368,23,330839
7272,0.000511,172.31.33.0-255,66,36434,23,330839
7273,0.000539,74.125.68.0-255,2543,38977,23,330839
7274,0.000542,172.31.33.0-255,66,39043,23,330839
7275,0.000567,74.125.68.0-255,4320,43363,23,330839
7276,0.000569,172.31.33.0-255,66,43429,23,330839
7277,0.000598,74.125.68.0-255,4320,47749,23,330839
7278,0.0006,172.31.33.0-255,66,47815,23,330839
7279,0.000632,172.31.33.0-255,66,47881,23,330839
7280,0.000942,74.125.68.0-255,110,47991,23,330839
7281,0.000982,172.31.33.0-255,66,48057,23,330839
7282,0.001042,74.125.68.0-255,1484,49541,23,330839
7283,0.00106,74.125.68.0-255,2902,52443,23,330839
7284,0.001062,172.31.33.0-255,66,52509,23,330839
7285,0.001065,74.125.68.0-255,1484,53993,23,330839
7286,0.00109,74.125.68.0-255,2902,56895,23,330839
7287,0.001092,172.31.33.0-255,66,56961,23,330839
7288,0.001097,74.125.68.0-255,2902,59863,23,330839
7289,0.001098,172.31.33.0-255,66,59929,23,330839
7290,0.00113,74.125.68.0-255,5738,65667,23,330839
7291,0.001132,172.31.33.0-255,66,65733,23,330839
7292,0.001138,74.125.68.0-255,5738,71471,23,330839
7293,0.001139,172.31.33.0-255,66,71537,23,330839
7294,0.00115,74.125.68.0-255,7156,78693,23,330839
7295,0.001152,172.31.33.0-255,66,78759,23,330839
7296,0.001181,74.125.68.0-255,3867,82626,23,330839
7297,0.001184,172.31.33.0-255,66,82692,23,330839
7298,0.001544,74.125.68.0-255,1484,84176,23,330839
7299,0.001552,74.125.68.0-255,2902,87078,23,330839
7300,0.001556,172.31.33.0-255,66,87144,23,330839
7301,0.001587,74.125.68.0-255,4320,91464,23,330839
7302,0.00159,172.31.33.0-255,66,91530,23,330839
7303,0.001596,74.125.68.0-255,5738,97268,23,330839
7304,0.001597,172.31.33.0-255,66,97334,23,330839
7305,0.001609,74.125.68.0-255,1484,98818,23,330839
7306,0.001641,172.31.33.0-255,66,98884,23,330839
7307,0.001646,74.125.68.0-255,4320,103204,23,330839
7308,0.001648,172.31.33.0-255,66,103270,23,330839
7309,0.001684,74.125.68.0-255,3602,106872,23,330839
7310,0.001686,172.31.33.0-255,66,106938,23,330839
7311,0.001742,74.125.68.0-255,1484,108422,23,330839
7312,0.001746,74.125.68.0-255,1484,109906,23,330839
7313,0.001748,172.31.33.0-255,66,109972,23,330839
7314,0.001771,74.125.68.0-255,1484,111456,23,330839
7315,0.001778,74.125.68.0-255,5738,117194,23,330839
7316,0.00178,172.31.33.0-255,66,117260,23,330839
7317,0.001783,74.125.68.0-255,1484,118744,23,330839
7318,0.001804,74.125.68.0-255,5738,124482,23,330839
7319,0.001806,172.31.33.0-255,66,124548,23,330839
7320,0.001832,74.125.68.0-255,4320,128868,23,330839
7321,0.001834,172.31.33.0-255,66,128934,23,330839
7322,0.001865,172.31.33.0-255,66,129000,23,330839
7323,0.001887,74.125.68.0-255,2184,131184,23,330839
7324,0.00189,172.31.33.0-255,66,131250,23,330839
7325,0.001939,74.125.68.0-255,2902,134152,23,330839
7326,0.001942,172.31.33.0-255,66,134218,23,330839
7327,0.001947,74.125.68.0-255,4320,138538,23,330839
7328,0.001949,172.31.33.0-255,66,138604,23,330839
7329,0.002009,172.31.33.0-255,66,138670,23,330839
7330,0.002014,74.125.68.0-255,4320,142990,23,330839
7331,0.002016,172.31.33.0-255,66,143056,23,330839
7332,0.002032,74.125.68.0-255,1484,144540,23,330839
7333,0.002039,74.125.68.0-255,7156,151696,23,330839
7334,0.002044,172.31.33.0-255,66,151762,23,330839
7335,0.002053,74.125.68.0-255,1484,153246,23,330839
7336,0.002071,74.125.68.0-255,3602,156848,23,330839
7337,0.002073,172.31.33.0-255,66,156914,23,330839
7338,0.00211,74.125.68.0-255,1484,158398,23,330839
7339,0.002113,74.125.68.0-255,1484,159882,23,330839
7340,0.002115,172.31.33.0-255,66,159948,23,330839
7341,0.00214,74.125.68.0-255,1484,161432,23,330839
7342,0.002143,74.125.68.0-255,1484,162916,23,330839
7343,0.002145,172.31.33.0-255,66,162982,23,330839
7344,0.002149,74.125.68.0-255,2902,165884,23,330839
7345,0.002151,172.31.33.0-255,66,165950,23,330839
7346,0.002169,74.125.68.0-255,4320,170270,23,330839
7347,0.002174,172.31.33.0-255,66,170336,23,330839
7348,0.002189,74.125.68.0-255,1484,171820,23,330839
7349,0.002195,74.125.68.0-255,5738,177558,23,330839
7350,0.002197,172.31.33.0-255,66,177624,23,330839
7351,0.002221,74.125.68.0-255,4320,181944,23,330839
7352,0.002223,172.31.33.0-255,66,182010,23,330839
7353,0.002226,74.125.68.0-255,1484,183494,23,330839
7354,0.002256,172.31.33.0-255,66,183560,23,330839
7355,0.002563,74.125.68.0-255,1484,185044,23,330839
7356,0.002569,74.125.68.0-255,2902,187946,23,330839
7357,0.002573,172.31.33.0-255,66,188012,23,330839
7358,0.002617,74.125.68.0-255,5738,193750,23,330839
7359,0.00262,172.31.33.0-255,66,193816,23,330839
7360,0.002629,74.125.68.0-255,5738,199554,23,330839
7361,0.002639,172.31.33.0-255,66,199620,23,330839
7362,0.002645,74.125.68.0-255,7156,206776,23,330839
7363,0.002648,172.31.33.0-255,66,206842,23,330839
7364,0.002651,74.125.68.0-255,2902,209744,23,330839
7365,0.002653,172.31.33.0-255,66,209810,23,330839
7366,0.002669,74.125.68.0-255,5738,215548,23,330839
7367,0.002671,172.31.33.0-255,66,215614,23,330839
7368,0.002702,74.125.68.0-255,2184,217798,23,330839
7369,0.002704,172.31.33.0-255,66,217864,23,330839
7370,0.002731,74.125.68.0-255,1484,219348,23,330839
7371,0.002743,74.125.68.0-255,1484,220832,23,330839
7372,0.002745,172.31.33.0-255,66,220898,23,330839
7373,0.002748,74.125.68.0-255,1484,222382,23,330839
7374,0.002768,74.125.68.0-255,2902,225284,23,330839
7375,0.00277,172.31.33.0-255,66,225350,23,330839
7376,0.002775,74.125.68.0-255,5738,231088,23,330839
7377,0.002777,172.31.33.0-255,66,231154,23,330839
7378,0.0028,74.125.68.0-255,4320,235474,23,330839
7379,0.002802,172.31.33.0-255,66,235540,23,330839
7380,0.002828,74.125.68.0-255,4320,239860,23,330839
7381,0.00283,172.31.33.0-255,66,239926,23,330839
7382,0.002834,74.125.68.0-255,2902,242828,23,330839
7383,0.002836,172.31.33.0-255,78,242906,23,330839
7384,0.002839,74.125.68.0-255,1484,244390,23,330839
7385,0.00285,172.31.33.0-255,78,244468,23,330839
7386,0.002854,74.125.68.0-255,2902,247370,23,330839
7387,0.002858,172.31.33.0-255,66,247436,23,330839
7388,0.00286,74.125.68.0-255,1484,248920,23,330839
7389,0.002866,74.125.68.0-255,3602,252522,23,330839
7390,0.002868,172.31.33.0-255,66,252588,23,330839
7391,0.00304,74.125.68.0-255,1484,254072,23,330839
7392,0.003046,74.125.68.0-255,2902,256974,23,330839
7393,0.00305,172.31.33.0-255,66,257040,23,330839
7394,0.00308,74.125.68.0-255,4320,261360,23,330839
7395,0.003083,172.31.33.0-255,66,261426,23,330839
7396,0.003087,74.125.68.0-255,2902,264328,23,330839
7397,0.003089,172.31.33.0-255,66,264394,23,330839
7398,0.003114,74.125.68.0-255,5738,270132,23,330839
7399,0.003121,172.31.33.0-255,66,270198,23,330839
7400,0.003127,74.125.68.0-255,5738,275936,23,330839
7401,0.00313,172.31.33.0-255,66,276002,23,330839
7402,0.003137,74.125.68.0-255,7156,283158,23,330839
7403,0.003139,172.31.33.0-255,66,283224,23,330839
7404,0.003164,74.125.68.0-255,3602,286826,23,330839
7405,0.003167,172.31.33.0-255,66,286892,23,330839
7406,0.003511,74.125.68.0-255,1484,288376,23,330839
7407,0.003516,74.125.68.0-255,1484,289860,23,330839
7408,0.003519,172.31.33.0-255,66,289926,23,330839
7409,0.003525,74.125.68.0-255,2902,292828,23,330839
7410,0.003527,172.31.33.0-255,66,292894,23,330839
7411,0.00353,74.125.68.0-255,1484,294378,23,330839
7412,0.003569,172.31.33.0-255,66,294444,23,330839
7413,0.003574,74.125.68.0-255,4320,298764,23,330839
7414,0.003577,172.31.33.0-255,66,298830,23,330839
7415,0.003587,74.125.68.0-255,5738,304568,23,330839
7416,0.003589,172.31.33.0-255,66,304634,23,330839
7417,0.003656,172.31.33.0-255,66,304700,23,330839
7418,0.003667,172.31.33.0-255,66,304766,23,330839
7419,0.003675,74.125.68.0-255,2902,307668,23,330839
7420,0.003677,172.31.33.0-255,66,307734,23,330839
7421,0.003713,172.31.33.0-255,66,307800,23,330839
7422,0.00372,74.125.68.0-255,5738,313538,23,330839
7423,0.003722,172.31.33.0-255,66,313604,23,330839
7424,0.00375,74.125.68.0-255,3602,317206,23,330839
7425,0.003753,172.31.33.0-255,66,317272,23,330839
7426,0.003776,74.125.68.0-255,1484,318756,23,330839
7427,0.00378,74.125.68.0-255,2902,321658,23,330839
7428,0.003785,172.31.33.0-255,66,321724,23,330839
7429,0.003812,74.125.68.0-255,5738,327462,23,330839
7430,0.003815,172.31.33.0-255,66,327528,23,330839
7431,0.00382,74.125.68.0-255,3140,330668,23,330839
7432,0.003823,172.31.33.0-255,66,330734,23,330839
7433,0.003853,74.125.68.0-255,105,330839,23,330839
7434,0.0,172.217.194.0-255,163,163,23,215884
7435,1.3e-05,172.31.33.0-255,66,229,23,215884
7436,2e-05,172.217.194.0-255,1484,1713,23,215884
7437,2.4e-05,172.31.33.0-255,66,1779,23,215884
7438,2.9e-05,172.217.194.0-255,2902,4681,23,215884
7439,3.2e-05,172.31.33.0-255,66,4747,23,215884
7440,3.9e-05,172.217.194.0-255,7156,11903,23,215884
7441,4.2e-05,172.31.33.0-255,66,11969,23,215884
7442,7.7e-05,172.31.33.0-255,66,12035,23,215884
7443,0.000106,172.31.33.0-255,66,12101,23,215884
7444,0.00011,172.217.194.0-255,2543,14644,23,215884
7445,0.000112,172.31.33.0-255,66,14710,23,215884
7446,0.000146,172.217.194.0-255,1484,16194,23,215884
7447,0.000149,172.31.33.0-255,66,16260,23,215884
7448,0.000169,172.217.194.0-255,2902,19162,23,215884
7449,0.000171,172.31.33.0-255,66,19228,23,215884
7450,0.000174,172.217.194.0-255,1484,20712,23,215884
7451,0.000175,172.31.33.0-255,66,20778,23,215884
7452,0.000197,172.217.194.0-255,4320,25098,23,215884
7453,0.000199,172.31.33.0-255,66,25164,23,215884
7454,0.000206,172.217.194.0-255,7156,32320,23,215884
7455,0.000207,172.31.33.0-255,66,32386,23,215884
7456,0.000212,172.217.194.0-255,2902,35288,23,215884
7457,0.000214,172.31.33.0-255,66,35354,23,215884
7458,0.000255,172.31.33.0-255,66,35420,23,215884
7459,0.000259,172.217.194.0-255,2498,37918,23,215884
7460,0.000261,172.31.33.0-255,66,37984,23,215884
7461,0.000264,172.217.194.0-255,98,38082,23,215884
7462,0.000265,172.31.33.0-255,66,38148,23,215884
7463,0.000348,172.217.194.0-255,1484,39632,23,215884
7464,0.000361,172.217.194.0-255,2902,42534,23,215884
7465,0.000384,172.217.194.0-255,5738,48272,23,215884
7466,0.000439,172.31.33.0-255,66,48338,23,215884
7467,0.000454,172.217.194.0-255,1484,49822,23,215884
7468,0.00047,172.217.194.0-255,5738,55560,23,215884
7469,0.000481,172.31.33.0-255,66,55626,23,215884
7470,0.000496,172.217.194.0-255,6154,61780,23,215884
7471,0.00051,172.31.33.0-255,66,61846,23,215884
7472,0.00061,172.217.194.0-255,1484,63330,23,215884
7473,0.000617,172.217.194.0-255,2902,66232,23,215884
7474,0.000628,172.217.194.0-255,1484,67716,23,215884
7475,0.000641,172.217.194.0-255,4320,72036,23,215884
7476,0.00065,172.31.33.0-255,66,72102,23,215884
7477,0.000658,172.217.194.0-255,2902,75004,23,215884
7478,0.000664,172.31.33.0-255,66,75070,23,215884
7479,0.000676,172.217.194.0-255,7156,82226,23,215884
7480,0.000697,172.31.33.0-255,66,82292,23,215884
7481,0.000739,172.217.194.0-255,5738,88030,23,215884
7482,0.000745,172.31.33.0-255,66,88096,23,215884
7483,0.00076,172.217.194.0-255,4320,92416,23,215884
7484,0.000772,172.217.194.0-255,3602,96018,23,215884
7485,0.000791,172.31.33.0-255,66,96084,23,215884
7486,0.001011,172.217.194.0-255,1484,97568,23,215884
7487,0.001016,172.217.194.0-255,1484,99052,23,215884
7488,0.001026,172.217.194.0-255,1484,100536,23,215884
7489,0.001039,172.217.194.0-255,5738,106274,23,215884
7490,0.001047,172.31.33.0-255,66,106340,23,215884
7491,0.001092,172.31.33.0-255,66,106406,23,215884
7492,0.00111,172.217.194.0-255,5738,112144,23,215884
7493,0.001121,172.31.33.0-255,66,112210,23,215884
7494,0.001211,172.31.33.0-255,66,112276,23,215884
7495,0.001244,172.31.33.0-255,66,112342,23,215884
7496,0.001275,172.217.194.0-255,5738,118080,23,215884
7497,0.001281,172.31.33.0-255,66,118146,23,215884
7498,0.001317,172.217.194.0-255,7156,125302,23,215884
7499,0.001322,172.217.194.0-255,3602,128904,23,215884
7500,0.001328,172.31.33.0-255,66,128970,23,215884
7501,0.001408,172.217.194.0-255,1484,130454,23,215884
7502,0.001414,172.217.194.0-255,2902,133356,23,215884
7503,0.001425,172.31.33.0-255,66,133422,23,215884
7504,0.001438,172.217.194.0-255,5738,139160,23,215884
7505,0.001457,172.217.194.0-255,5738,144898,23,215884
7506,0.00147,172.31.33.0-255,66,144964,23,215884
7507,0.001482,172.217.194.0-255,7156,152120,23,215884
7508,0.00168,172.217.194.0-255,1484,153604,23,215884
7509,0.001686,172.217.194.0-255,2902,156506,23,215884
7510,0.001706,172.217.194.0-255,5738,162244,23,215884
7511,0.001708,172.217.194.0-255,1484,163728,23,215884
7512,0.001721,172.217.194.0-255,2902,166630,23,215884
7513,0.001779,172.217.194.0-255,2184,168814,23,215884
7514,0.001888,172.217.194.0-255,1484,170298,23,215884
7515,0.001894,172.217.194.0-255,2902,173200,23,215884
7516,0.001899,172.217.194.0-255,5738,178938,23,215884
7517,0.001915,172.217.194.0-255,7156,186094,23,215884
7518,0.001937,172.217.194.0-255,3602,189696,23,215884
7519,0.001949,172.217.194.0-255,2902,192598,23,215884
7520,0.00196,172.217.194.0-255,1484,194082,23,215884
7521,0.001975,172.217.194.0-255,7156,201238,23,215884
7522,0.001999,172.217.194.0-255,2902,204140,23,215884
7523,0.002006,172.217.194.0-255,7156,211296,23,215884
7524,0.002113,172.217.194.0-255,4320,215616,23,215884
7525,0.002163,172.217.194.0-255,97,215713,23,215884
7526,0.002164,172.217.194.0-255,105,215818,23,215884
7527,0.004307,172.31.33.0-255,66,215884,23,215884
7528,0.0,172.217.194.0-255,153,153,23,253102
7529,3e-05,172.31.33.0-255,66,219,23,253102
7530,3.7e-05,172.217.194.0-255,1484,1703,23,253102
7531,4.1e-05,172.31.33.0-255,66,1769,23,253102
7532,4.6e-05,172.217.194.0-255,2902,4671,23,253102
7533,5.7e-05,172.31.33.0-255,66,4737,23,253102
7534,6e-05,172.217.194.0-255,1484,6221,23,253102
7535,6.2e-05,172.31.33.0-255,66,6287,23,253102
7536,0.000123,172.217.194.0-255,2902,9189,23,253102
7537,0.000128,172.31.33.0-255,66,9255,23,253102
7538,0.000147,172.217.194.0-255,4895,14150,23,253102
7539,0.00015,172.31.33.0-255,66,14216,23,253102
7540,0.000462,172.217.194.0-255,1484,15700,23,253102
7541,0.000467,172.31.33.0-255,66,15766,23,253102
7542,0.000477,172.217.194.0-255,2902,18668,23,253102
7543,0.00048,172.31.33.0-255,66,18734,23,253102
7544,0.000492,172.217.194.0-255,5738,24472,23,253102
7545,0.000494,172.31.33.0-255,66,24538,23,253102
7546,0.000529,172.217.194.0-255,6797,31335,23,253102
7547,0.000533,172.31.33.0-255,66,31401,23,253102
7548,0.000541,172.217.194.0-255,7156,38557,23,253102
7549,0.000543,172.31.33.0-255,66,38623,23,253102
7550,0.000551,172.217.194.0-255,5738,44361,23,253102
7551,0.000553,172.31.33.0-255,66,44427,23,253102
7552,0.000607,172.31.33.0-255,66,44493,23,253102
7553,0.00062,172.31.33.0-255,66,44559,23,253102
7554,0.000624,172.217.194.0-255,337,44896,23,253102
7555,0.000626,172.31.33.0-255,66,44962,23,253102
7556,0.00063,172.217.194.0-255,121,45083,23,253102
7557,0.000632,172.31.33.0-255,66,45149,23,253102
7558,0.000786,172.217.194.0-255,1484,46633,23,253102
7559,0.000792,172.217.194.0-255,1484,48117,23,253102
7560,0.0008,172.31.33.0-255,66,48183,23,253102
7561,0.000811,172.217.194.0-255,1484,49667,23,253102
7562,0.000824,172.217.194.0-255,5738,55405,23,253102
7563,0.000827,172.217.194.0-255,1484,56889,23,253102
7564,0.000848,172.217.194.0-255,7156,64045,23,253102
7565,0.000871,172.217.194.0-255,5738,69783,23,253102
7566,0.000899,172.217.194.0-255,5738,75521,23,253102
7567,0.000903,172.31.33.0-255,66,75587,23,253102
7568,0.000914,172.217.194.0-255,4320,79907,23,253102
7569,0.000941,172.31.33.0-255,66,79973,23,253102
7570,0.000972,172.217.194.0-255,4320,84293,23,253102
7571,0.001064,172.31.33.0-255,66,84359,23,253102
7572,0.001077,172.217.194.0-255,4320,88679,23,253102
7573,0.001105,172.217.194.0-255,6438,95117,23,253102
7574,0.001114,172.31.33.0-255,66,95183,23,253102
7575,0.00116,172.217.194.0-255,1484,96667,23,253102
7576,0.001166,172.217.194.0-255,2902,99569,23,253102
7577,0.00117,172.217.194.0-255,2902,102471,23,253102
7578,0.001176,172.31.33.0-255,66,102537,23,253102
7579,0.001186,172.217.194.0-255,2902,105439,23,253102
7580,0.001191,172.217.194.0-255,2902,108341,23,253102
7581,0.001204,172.31.33.0-255,66,108407,23,253102
7582,0.001234,172.217.194.0-255,7156,115563,23,253102
7583,0.001252,172.217.194.0-255,3602,119165,23,253102
7584,0.001268,172.217.194.0-255,2902,122067,23,253102
7585,0.001281,172.31.33.0-255,66,122133,23,253102
7586,0.001323,172.217.194.0-255,2902,125035,23,253102
7587,0.001328,172.217.194.0-255,5738,130773,23,253102
7588,0.001346,172.217.194.0-255,3602,134375,23,253102
7589,0.001356,172.31.33.0-255,66,134441,23,253102
7590,0.001367,172.217.194.0-255,382,134823,23,253102
7591,0.001409,172.217.194.0-255,1484,136307,23,253102
7592,0.001414,172.217.194.0-255,4320,140627,23,253102
7593,0.001419,172.217.194.0-255,4320,144947,23,253102
7594,0.001429,172.217.194.0-255,1484,146431,23,253102
7595,0.001433,172.31.33.0-255,66,146497,23,253102
7596,0.001443,172.217.194.0-255,5738,152235,23,253102
7597,0.001448,172.31.33.0-255,66,152301,23,253102
7598,0.001473,172.217.194.0-255,5738,158039,23,253102
7599,0.00148,172.217.194.0-255,7156,165195,23,253102
7600,0.001501,172.217.194.0-255,3602,168797,23,253102
7601,0.001521,172.31.33.0-255,66,168863,23,253102
7602,0.001528,172.217.194.0-255,1484,170347,23,253102
7603,0.001531,172.217.194.0-255,1484,171831,23,253102
7604,0.00155,172.217.194.0-255,1484,173315,23,253102
7605,0.001555,172.217.194.0-255,5738,179053,23,253102
7606,0.001558,172.217.194.0-255,1484,180537,23,253102
7607,0.001561,172.31.33.0-255,66,180603,23,253102
7608,0.001617,172.217.194.0-255,766,181369,23,253102
7609,0.001619,172.31.33.0-255,66,181435,23,253102
7610,0.001645,172.217.194.0-255,1484,182919,23,253102
7611,0.001648,172.217.194.0-255,1484,184403,23,253102
7612,0.001663,172.217.194.0-255,1484,185887,23,253102
7613,0.001669,172.217.194.0-255,5738,191625,23,253102
7614,0.001703,172.217.194.0-255,2902,194527,23,253102
7615,0.001708,172.31.33.0-255,66,194593,23,253102
7616,0.001734,172.217.194.0-255,766,195359,23,253102
7617,0.001736,172.217.194.0-255,1484,196843,23,253102
7618,0.00174,172.217.194.0-255,2902,199745,23,253102
7619,0.001756,172.31.33.0-255,66,199811,23,253102
7620,0.001758,172.217.194.0-255,1484,201295,23,253102
7621,0.001793,172.217.194.0-255,5738,207033,23,253102
7622,0.001803,172.31.33.0-255,66,207099,23,253102
7623,0.001814,172.217.194.0-255,5738,212837,23,253102
7624,0.001824,172.31.33.0-255,66,212903,23,253102
7625,0.001832,172.217.194.0-255,4320,217223,23,253102
7626,0.001854,172.217.194.0-255,2184,219407,23,253102
7627,0.001863,172.31.33.0-255,66,219473,23,253102
7628,0.002055,172.217.194.0-255,1484,220957,23,253102
7629,0.00206,172.217.194.0-255,1484,222441,23,253102
7630,0.002065,172.31.33.0-255,66,222507,23,253102
7631,0.002072,172.217.194.0-255,1484,223991,23,253102
7632,0.002078,172.217.194.0-255,5738,229729,23,253102
7633,0.002081,172.217.194.0-255,1484,231213,23,253102
7634,0.002089,172.31.33.0-255,66,231279,23,253102
7635,0.002104,172.217.194.0-255,5738,237017,23,253102
7636,0.002143,172.217.194.0-255,2184,239201,23,253102
7637,0.002166,172.31.33.0-255,66,239267,23,253102
7638,0.002205,172.217.194.0-255,1484,240751,23,253102
7639,0.00221,172.217.194.0-255,2902,243653,23,253102
7640,0.002228,172.217.194.0-255,4320,247973,23,253102
7641,0.002239,172.217.194.0-255,1484,249457,23,253102
7642,0.002245,172.217.194.0-255,3140,252597,23,253102
7643,0.002247,172.217.194.0-255,97,252694,23,253102
7644,0.002258,172.31.33.0-255,66,252760,23,253102
7645,0.002288,172.217.194.0-255,105,252865,23,253102
7646,0.005011,172.31.33.0-255,66,252931,23,253102
7647,0.005057,172.31.33.0-255,105,253036,23,253102
7648,0.007407,172.217.194.0-255,66,253102,23,253102
7649,0.0,172.31.33.0-255,105,105,23,459
7650,0.000216,172.31.33.0-255,90,195,23,459
7651,0.000224,172.31.33.0-255,66,261,23,459
7652,0.002494,74.125.24.0-255,66,327,23,459
7653,0.00252,74.125.24.0-255,66,393,23,459
7654,0.002539,172.31.33.0-255,66,459,23,459
7655,0.0,172.31.33.0-255,105,105,23,918
7656,9.5e-05,172.31.33.0-255,105,210,23,918
7657,0.000274,172.31.33.0-255,90,300,23,918
7658,0.000284,172.31.33.0-255,66,366,23,918
7659,0.000498,172.31.33.0-255,90,456,23,918
7660,0.000507,172.31.33.0-255,66,522,23,918
7661,0.001865,172.217.160.0-255,66,588,23,918
7662,0.00188,172.217.160.0-255,66,654,23,918
7663,0.001892,172.31.33.0-255,66,720,23,918
7664,0.002515,74.125.68.0-255,66,786,23,918
7665,0.002521,74.125.68.0-255,66,852,23,918
7666,0.002524,172.31.33.0-255,66,918,23,918
7667,0.0,172.217.194.0-255,153,153,23,247771
7668,2.8e-05,172.31.33.0-255,66,219,23,247771
7669,3.5e-05,172.217.194.0-255,1484,1703,23,247771
7670,3.9e-05,172.31.33.0-255,66,1769,23,247771
7671,4.3e-05,172.217.194.0-255,2902,4671,23,247771
7672,4.5e-05,172.31.33.0-255,66,4737,23,247771
7673,5.1e-05,172.217.194.0-255,7156,11893,23,247771
7674,5.3e-05,172.31.33.0-255,66,11959,23,247771
7675,7.1e-05,172.217.194.0-255,2049,14008,23,247771
7676,7.3e-05,172.31.33.0-255,66,14074,23,247771
7677,9.2e-05,172.217.194.0-255,2902,16976,23,247771
7678,9.4e-05,172.31.33.0-255,66,17042,23,247771
7679,9.9e-05,172.217.194.0-255,2902,19944,23,247771
7680,0.000101,172.31.33.0-255,66,20010,23,247771
7681,0.000116,172.217.194.0-255,4320,24330,23,247771
7682,0.000118,172.31.33.0-255,66,24396,23,247771
7683,0.000121,172.217.194.0-255,1484,25880,23,247771
7684,0.000122,172.31.33.0-255,66,25946,23,247771
7685,0.000144,172.217.194.0-255,5379,31325,23,247771
7686,0.000147,172.31.33.0-255,66,31391,23,247771
7687,0.000231,172.217.194.0-255,1484,32875,23,247771
7688,0.000234,172.31.33.0-255,66,32941,23,247771
7689,0.000253,172.217.194.0-255,2902,35843,23,247771
7690,0.000256,172.31.33.0-255,66,35909,23,247771
7691,0.00026,172.217.194.0-255,5738,41647,23,247771
7692,0.000262,172.31.33.0-255,66,41713,23,247771
7693,0.000276,172.217.194.0-255,2902,44615,23,247771
7694,0.000278,172.31.33.0-255,66,44681,23,247771
7695,0.000295,172.217.194.0-255,3961,48642,23,247771
7696,0.000298,172.31.33.0-255,66,48708,23,247771
7697,0.000328,172.217.194.0-255,7156,55864,23,247771
7698,0.000331,172.31.33.0-255,66,55930,23,247771
7699,0.000336,172.217.194.0-255,5738,61668,23,247771
7700,0.000339,172.31.33.0-255,66,61734,23,247771
7701,0.000354,172.217.194.0-255,1484,63218,23,247771
7702,0.000391,172.217.194.0-255,2543,65761,23,247771
7703,0.000394,172.31.33.0-255,66,65827,23,247771
7704,0.000556,172.217.194.0-255,645,66472,23,247771
7705,0.000665,172.217.194.0-255,1484,67956,23,247771
7706,0.000668,172.31.33.0-255,66,68022,23,247771
7707,0.000673,172.217.194.0-255,2902,70924,23,247771
7708,0.000676,172.31.33.0-255,66,70990,23,247771
7709,0.000694,172.217.194.0-255,1484,72474,23,247771
7710,0.00071,172.217.194.0-255,2902,75376,23,247771
7711,0.000712,172.31.33.0-255,66,75442,23,247771
7712,0.000722,172.31.33.0-255,66,75508,23,247771
7713,0.000751,172.31.33.0-255,66,75574,23,247771
7714,0.000774,172.217.194.0-255,7156,82730,23,247771
7715,0.000777,172.31.33.0-255,66,82796,23,247771
7716,0.000779,172.217.194.0-255,766,83562,23,247771
7717,0.000914,172.31.33.0-255,66,83628,23,247771
7718,0.000986,172.217.194.0-255,1484,85112,23,247771
7719,0.000993,172.217.194.0-255,2902,88014,23,247771
7720,0.000996,172.31.33.0-255,66,88080,23,247771
7721,0.001008,172.217.194.0-255,2902,90982,23,247771
7722,0.00101,172.31.33.0-255,66,91048,23,247771
7723,0.001024,172.217.194.0-255,2902,93950,23,247771
7724,0.001026,172.31.33.0-255,66,94016,23,247771
7725,0.00108,172.31.33.0-255,66,94082,23,247771
7726,0.001091,172.31.33.0-255,66,94148,23,247771
7727,0.001162,172.217.194.0-255,1484,95632,23,247771
7728,0.001166,172.217.194.0-255,1484,97116,23,247771
7729,0.001168,172.31.33.0-255,66,97182,23,247771
7730,0.001187,172.217.194.0-255,1484,98666,23,247771
7731,0.001193,172.217.194.0-255,5738,104404,23,247771
7732,0.001195,172.31.33.0-255,66,104470,23,247771
7733,0.00122,172.31.33.0-255,66,104536,23,247771
7734,0.001236,172.217.194.0-255,1484,106020,23,247771
7735,0.00125,172.217.194.0-255,1484,107504,23,247771
7736,0.001252,172.31.33.0-255,66,107570,23,247771
7737,0.001279,172.31.33.0-255,66,107636,23,247771
7738,0.001433,172.217.194.0-255,1484,109120,23,247771
7739,0.00144,172.217.194.0-255,2902,112022,23,247771
7740,0.001444,172.31.33.0-255,66,112088,23,247771
7741,0.001448,172.217.194.0-255,1484,113572,23,247771
7742,0.001465,172.217.194.0-255,2902,116474,23,247771
7743,0.00147,172.31.33.0-255,66,116540,23,247771
7744,0.001476,172.217.194.0-255,7156,123696,23,247771
7745,0.001478,172.31.33.0-255,66,123762,23,247771
7746,0.001491,172.217.194.0-255,1484,125246,23,247771
7747,0.001506,172.217.194.0-255,1484,126730,23,247771
7748,0.001508,172.31.33.0-255,66,126796,23,247771
7749,0.001535,172.31.33.0-255,66,126862,23,247771
7750,0.001554,172.217.194.0-255,1484,128346,23,247771
7751,0.001583,172.217.194.0-255,1484,129830,23,247771
7752,0.001585,172.31.33.0-255,66,129896,23,247771
7753,0.001599,172.217.194.0-255,1484,131380,23,247771
7754,0.001604,172.217.194.0-255,4320,135700,23,247771
7755,0.001606,172.31.33.0-255,66,135766,23,247771
7756,0.001617,172.217.194.0-255,1484,137250,23,247771
7757,0.001623,172.217.194.0-255,5738,142988,23,247771
7758,0.001625,172.31.33.0-255,66,143054,23,247771
7759,0.001652,172.31.33.0-255,66,143120,23,247771
7760,0.001668,172.217.194.0-255,1484,144604,23,247771
7761,0.001673,172.217.194.0-255,5020,149624,23,247771
7762,0.001674,172.31.33.0-255,66,149690,23,247771
7763,0.001881,172.217.194.0-255,1484,151174,23,247771
7764,0.001896,172.217.194.0-255,2902,154076,23,247771
7765,0.001897,172.31.33.0-255,66,154142,23,247771
7766,0.001916,172.217.194.0-255,5738,159880,23,247771
7767,0.001918,172.31.33.0-255,66,159946,23,247771
7768,0.001929,172.217.194.0-255,7156,167102,23,247771
7769,0.001931,172.31.33.0-255,66,167168,23,247771
7770,0.001964,172.31.33.0-255,66,167234,23,247771
7771,0.001968,172.217.194.0-255,2184,169418,23,247771
7772,0.001969,172.31.33.0-255,66,169484,23,247771
7773,0.002515,172.217.194.0-255,1484,170968,23,247771
7774,0.002521,172.217.194.0-255,2902,173870,23,247771
7775,0.002524,172.31.33.0-255,66,173936,23,247771
7776,0.002527,172.217.194.0-255,1484,175420,23,247771
7777,0.002544,172.217.194.0-255,4320,179740,23,247771
7778,0.002547,172.31.33.0-255,66,179806,23,247771
7779,0.002586,172.31.33.0-255,66,179872,23,247771
7780,0.002637,172.31.33.0-255,66,179938,23,247771
7781,0.002639,172.217.194.0-255,1484,181422,23,247771
7782,0.002642,172.217.194.0-255,1484,182906,23,247771
7783,0.002644,172.31.33.0-255,66,182972,23,247771
7784,0.002661,172.217.194.0-255,5020,187992,23,247771
7785,0.002663,172.31.33.0-255,66,188058,23,247771
7786,0.002668,172.217.194.0-255,7156,195214,23,247771
7787,0.00267,172.31.33.0-255,66,195280,23,247771
7788,0.002672,172.217.194.0-255,1484,196764,23,247771
7789,0.002674,172.217.194.0-255,1484,198248,23,247771
7790,0.002675,172.31.33.0-255,66,198314,23,247771
7791,0.002707,172.31.33.0-255,66,198380,23,247771
7792,0.002711,172.217.194.0-255,5738,204118,23,247771
7793,0.002714,172.217.194.0-255,1484,205602,23,247771
7794,0.002715,172.217.194.0-255,766,206368,23,247771
7795,0.002752,172.217.194.0-255,1484,207852,23,247771
7796,0.002773,172.217.194.0-255,2902,210754,23,247771
7797,0.002804,172.217.194.0-255,1484,212238,23,247771
7798,0.002808,172.217.194.0-255,2902,215140,23,247771
7799,0.002817,172.217.194.0-255,2902,218042,23,247771
7800,0.002841,172.217.194.0-255,4320,222362,23,247771
7801,0.002875,172.217.194.0-255,5738,228100,23,247771
7802,0.002906,172.217.194.0-255,7156,235256,23,247771
7803,0.002908,172.217.194.0-255,1484,236740,23,247771
7804,0.002918,172.217.194.0-255,1484,238224,23,247771
7805,0.002948,172.217.194.0-255,6438,244662,23,247771
7806,0.002951,172.217.194.0-255,2767,247429,23,247771
7807,0.002996,172.217.194.0-255,105,247534,23,247771
7808,0.003599,172.31.33.0-255,66,247600,23,247771
7809,0.005597,172.31.33.0-255,105,247705,23,247771
7810,0.008143,172.217.194.0-255,66,247771,23,247771
7811,0.0,74.125.68.0-255,153,153,23,362301
7812,3.2e-05,172.31.33.0-255,66,219,23,362301
7813,3.9e-05,74.125.68.0-255,1484,1703,23,362301
7814,4.3e-05,172.31.33.0-255,66,1769,23,362301
7815,4.8e-05,74.125.68.0-255,2902,4671,23,362301
7816,5.1e-05,172.31.33.0-255,66,4737,23,362301
7817,6.8e-05,74.125.68.0-255,1484,6221,23,362301
7818,7e-05,172.31.33.0-255,66,6287,23,362301
7819,8.7e-05,74.125.68.0-255,2902,9189,23,362301
7820,9e-05,172.31.33.0-255,66,9255,23,362301
7821,0.000112,74.125.68.0-255,2902,12157,23,362301
7822,0.000115,172.31.33.0-255,66,12223,23,362301
7823,0.00013,74.125.68.0-255,2013,14236,23,362301
7824,0.000132,172.31.33.0-255,66,14302,23,362301
7825,0.000152,74.125.68.0-255,5738,20040,23,362301
7826,0.000156,172.31.33.0-255,66,20106,23,362301
7827,0.00018,74.125.68.0-255,5738,25844,23,362301
7828,0.000183,172.31.33.0-255,66,25910,23,362301
7829,0.000218,74.125.68.0-255,2902,28812,23,362301
7830,0.00022,172.31.33.0-255,66,28878,23,362301
7831,0.000237,74.125.68.0-255,2543,31421,23,362301
7832,0.000239,172.31.33.0-255,66,31487,23,362301
7833,0.000344,74.125.68.0-255,1484,32971,23,362301
7834,0.000348,172.31.33.0-255,66,33037,23,362301
7835,0.000359,74.125.68.0-255,1484,34521,23,362301
7836,0.000361,172.31.33.0-255,66,34587,23,362301
7837,0.000384,74.125.68.0-255,2902,37489,23,362301
7838,0.000387,172.31.33.0-255,66,37555,23,362301
7839,0.000405,74.125.68.0-255,4320,41875,23,362301
7840,0.000408,172.31.33.0-255,66,41941,23,362301
7841,0.000419,74.125.68.0-255,1484,43425,23,362301
7842,0.000421,172.31.33.0-255,66,43491,23,362301
7843,0.000424,74.125.68.0-255,1484,44975,23,362301
7844,0.000428,74.125.68.0-255,2902,47877,23,362301
7845,0.00043,172.31.33.0-255,66,47943,23,362301
7846,0.000458,74.125.68.0-255,1484,49427,23,362301
7847,0.000474,74.125.68.0-255,2543,51970,23,362301
7848,0.000476,172.31.33.0-255,66,52036,23,362301
7849,0.00048,74.125.68.0-255,2902,54938,23,362301
7850,0.000482,172.31.33.0-255,66,55004,23,362301
7851,0.000493,74.125.68.0-255,1484,56488,23,362301
7852,0.000517,74.125.68.0-255,2902,59390,23,362301
7853,0.00052,172.31.33.0-255,66,59456,23,362301
7854,0.00054,74.125.68.0-255,5738,65194,23,362301
7855,0.000542,172.31.33.0-255,66,65260,23,362301
7856,0.000571,74.125.68.0-255,1432,66692,23,362301
7857,0.00074,172.31.33.0-255,66,66758,23,362301
7858,0.000754,74.125.68.0-255,114,66872,23,362301
7859,0.000759,172.31.33.0-255,66,66938,23,362301
7860,0.000924,74.125.68.0-255,1484,68422,23,362301
7861,0.000953,74.125.68.0-255,2902,71324,23,362301
7862,0.000957,172.31.33.0-255,66,71390,23,362301
7863,0.000963,74.125.68.0-255,5738,77128,23,362301
7864,0.000965,172.31.33.0-255,66,77194,23,362301
7865,0.000969,74.125.68.0-255,2902,80096,23,362301
7866,0.00097,172.31.33.0-255,66,80162,23,362301
7867,0.000991,74.125.68.0-255,3961,84123,23,362301
7868,0.000994,172.31.33.0-255,66,84189,23,362301
7869,0.001013,74.125.68.0-255,1484,85673,23,362301
7870,0.001034,74.125.68.0-255,7156,92829,23,362301
7871,0.001036,172.31.33.0-255,66,92895,23,362301
7872,0.001042,74.125.68.0-255,2902,95797,23,362301
7873,0.001044,172.31.33.0-255,66,95863,23,362301
7874,0.001066,74.125.68.0-255,1484,97347,23,362301
7875,0.001083,74.125.68.0-255,3961,101308,23,362301
7876,0.001085,172.31.33.0-255,66,101374,23,362301
7877,0.001785,74.125.68.0-255,1484,102858,23,362301
7878,0.001803,74.125.68.0-255,2902,105760,23,362301
7879,0.001807,172.31.33.0-255,66,105826,23,362301
7880,0.001841,74.125.68.0-255,2902,108728,23,362301
7881,0.001843,172.31.33.0-255,66,108794,23,362301
7882,0.001858,74.125.68.0-255,2902,111696,23,362301
7883,0.00186,172.31.33.0-255,66,111762,23,362301
7884,0.001872,74.125.68.0-255,2902,114664,23,362301
7885,0.001874,172.31.33.0-255,66,114730,23,362301
7886,0.001895,74.125.68.0-255,4320,119050,23,362301
7887,0.001898,172.31.33.0-255,66,119116,23,362301
7888,0.001901,74.125.68.0-255,2902,122018,23,362301
7889,0.001903,172.31.33.0-255,66,122084,23,362301
7890,0.001917,74.125.68.0-255,4320,126404,23,362301
7891,0.001919,172.31.33.0-255,66,126470,23,362301
7892,0.001933,74.125.68.0-255,2902,129372,23,362301
7893,0.001935,172.31.33.0-255,66,129438,23,362301
7894,0.001948,74.125.68.0-255,2902,132340,23,362301
7895,0.00195,172.31.33.0-255,66,132406,23,362301
7896,0.001969,74.125.68.0-255,1484,133890,23,362301
7897,0.001972,74.125.68.0-255,1484,135374,23,362301
7898,0.001973,172.31.33.0-255,66,135440,23,362301
7899,0.001988,74.125.68.0-255,766,136206,23,362301
7900,0.002134,74.125.68.0-255,1484,137690,23,362301
7901,0.002136,172.31.33.0-255,66,137756,23,362301
7902,0.002167,74.125.68.0-255,2902,140658,23,362301
7903,0.002169,172.31.33.0-255,66,140724,23,362301
7904,0.002185,74.125.68.0-255,1484,142208,23,362301
7905,0.002194,74.125.68.0-255,1484,143692,23,362301
7906,0.002196,172.31.33.0-255,66,143758,23,362301
7907,0.002218,74.125.68.0-255,1484,145242,23,362301
7908,0.002232,74.125.68.0-255,2902,148144,23,362301
7909,0.002234,172.31.33.0-255,66,148210,23,362301
7910,0.002236,74.125.68.0-255,1484,149694,23,362301
7911,0.002272,74.125.68.0-255,5738,155432,23,362301
7912,0.002274,172.31.33.0-255,66,155498,23,362301
7913,0.002296,172.31.33.0-255,66,155564,23,362301
7914,0.002309,74.125.68.0-255,1484,157048,23,362301
7915,0.002347,172.31.33.0-255,66,157114,23,362301
7916,0.002349,74.125.68.0-255,1484,158598,23,362301
7917,0.002369,172.31.33.0-255,66,158664,23,362301
7918,0.002373,74.125.68.0-255,2902,161566,23,362301
7919,0.002375,172.31.33.0-255,66,161632,23,362301
7920,0.002397,74.125.68.0-255,2902,164534,23,362301
7921,0.002399,172.31.33.0-255,66,164600,23,362301
7922,0.002401,74.125.68.0-255,1484,166084,23,362301
7923,0.002427,74.125.68.0-255,2902,168986,23,362301
7924,0.002429,172.31.33.0-255,66,169052,23,362301
7925,0.00246,74.125.68.0-255,4320,173372,23,362301
7926,0.002463,172.31.33.0-255,66,173438,23,362301
7927,0.002466,74.125.68.0-255,1484,174922,23,362301
7928,0.002468,74.125.68.0-255,766,175688,23,362301
7929,0.002471,172.31.33.0-255,66,175754,23,362301
7930,0.002568,74.125.68.0-255,1484,177238,23,362301
7931,0.002582,74.125.68.0-255,1484,178722,23,362301
7932,0.002587,172.31.33.0-255,66,178788,23,362301
7933,0.002596,74.125.68.0-255,1484,180272,23,362301
7934,0.0026,74.125.68.0-255,2902,183174,23,362301
7935,0.002602,172.31.33.0-255,66,183240,23,362301
7936,0.002614,74.125.68.0-255,2902,186142,23,362301
7937,0.002616,172.31.33.0-255,66,186208,23,362301
7938,0.002623,74.125.68.0-255,7156,193364,23,362301
7939,0.002625,172.31.33.0-255,66,193430,23,362301
7940,0.002653,74.125.68.0-255,4320,197750,23,362301
7941,0.002657,172.31.33.0-255,66,197816,23,362301
7942,0.002684,172.31.33.0-255,66,197882,23,362301
7943,0.0027,74.125.68.0-255,1484,199366,23,362301
7944,0.002715,74.125.68.0-255,2184,201550,23,362301
7945,0.002718,172.31.33.0-255,66,201616,23,362301
7946,0.002764,74.125.68.0-255,1484,203100,23,362301
7947,0.002782,74.125.68.0-255,1484,204584,23,362301
7948,0.002785,172.31.33.0-255,66,204650,23,362301
7949,0.002823,74.125.68.0-255,2902,207552,23,362301
7950,0.002826,172.31.33.0-255,66,207618,23,362301
7951,0.002843,74.125.68.0-255,1484,209102,23,362301
7952,0.002852,74.125.68.0-255,2902,212004,23,362301
7953,0.002854,172.31.33.0-255,66,212070,23,362301
7954,0.002871,74.125.68.0-255,4320,216390,23,362301
7955,0.002874,172.31.33.0-255,66,216456,23,362301
7956,0.002879,74.125.68.0-255,5738,222194,23,362301
7957,0.002881,172.31.33.0-255,66,222260,23,362301
7958,0.002885,74.125.68.0-255,2902,225162,23,362301
7959,0.002887,172.31.33.0-255,66,225228,23,362301
7960,0.002907,74.125.68.0-255,4320,229548,23,362301
7961,0.00291,172.31.33.0-255,66,229614,23,362301
7962,0.002915,74.125.68.0-255,5738,235352,23,362301
7963,0.002917,172.31.33.0-255,66,235418,23,362301
7964,0.002934,74.125.68.0-255,766,236184,23,362301
7965,0.00297,74.125.68.0-255,2902,239086,23,362301
7966,0.002974,172.31.33.0-255,66,239152,23,362301
7967,0.002994,74.125.68.0-255,2902,242054,23,362301
7968,0.002997,172.31.33.0-255,66,242120,23,362301
7969,0.003,74.125.68.0-255,1484,243604,23,362301
7970,0.003003,74.125.68.0-255,1484,245088,23,362301
7971,0.003004,172.31.33.0-255,66,245154,23,362301
7972,0.003008,74.125.68.0-255,2902,248056,23,362301
7973,0.00301,172.31.33.0-255,66,248122,23,362301
7974,0.003013,74.125.68.0-255,1484,249606,23,362301
7975,0.003015,74.125.68.0-255,1484,251090,23,362301
7976,0.003017,172.31.33.0-255,66,251156,23,362301
7977,0.003078,172.31.33.0-255,66,251222,23,362301
7978,0.003081,74.125.68.0-255,1484,252706,23,362301
7979,0.003084,74.125.68.0-255,1484,254190,23,362301
7980,0.003086,172.31.33.0-255,66,254256,23,362301
7981,0.00311,74.125.68.0-255,4320,258576,23,362301
7982,0.003113,172.31.33.0-255,66,258642,23,362301
7983,0.003116,74.125.68.0-255,1484,260126,23,362301
7984,0.003133,74.125.68.0-255,1484,261610,23,362301
7985,0.003136,172.31.33.0-255,66,261676,23,362301
7986,0.003154,74.125.68.0-255,766,262442,23,362301
7987,0.003192,74.125.68.0-255,1484,263926,23,362301
7988,0.003195,172.31.33.0-255,66,263992,23,362301
7989,0.0032,74.125.68.0-255,4320,268312,23,362301
7990,0.003202,172.31.33.0-255,66,268378,23,362301
7991,0.003224,74.125.68.0-255,1484,269862,23,362301
7992,0.003239,74.125.68.0-255,1484,271346,23,362301
7993,0.003241,172.31.33.0-255,66,271412,23,362301
7994,0.003263,74.125.68.0-255,5738,277150,23,362301
7995,0.003266,172.31.33.0-255,66,277216,23,362301
7996,0.003269,74.125.68.0-255,1484,278700,23,362301
7997,0.003293,172.31.33.0-255,66,278766,23,362301
7998,0.003297,74.125.68.0-255,2902,281668,23,362301
7999,0.003299,172.31.33.0-255,66,281734,23,362301
8000,0.003301,74.125.68.0-255,1484,283218,23,362301
8001,0.003318,74.125.68.0-255,2902,286120,23,362301
8002,0.003321,172.31.33.0-255,66,286186,23,362301
8003,0.003324,74.125.68.0-255,2184,288370,23,362301
8004,0.003326,172.31.33.0-255,66,288436,23,362301
8005,0.003425,74.125.68.0-255,1484,289920,23,362301
8006,0.00343,74.125.68.0-255,1484,291404,23,362301
8007,0.003433,172.31.33.0-255,66,291470,23,362301
8008,0.003453,74.125.68.0-255,1484,292954,23,362301
8009,0.003458,74.125.68.0-255,4320,297274,23,362301
8010,0.003461,172.31.33.0-255,66,297340,23,362301
8011,0.003483,74.125.68.0-255,1484,298824,23,362301
8012,0.003488,74.125.68.0-255,2902,301726,23,362301
8013,0.003492,172.31.33.0-255,66,301792,23,362301
8014,0.003504,74.125.68.0-255,4320,306112,23,362301
8015,0.003507,172.31.33.0-255,66,306178,23,362301
8016,0.003511,74.125.68.0-255,2902,309080,23,362301
8017,0.003513,172.31.33.0-255,66,309146,23,362301
8018,0.003537,74.125.68.0-255,2902,312048,23,362301
8019,0.00354,172.31.33.0-255,66,312114,23,362301
8020,0.003543,74.125.68.0-255,1484,313598,23,362301
8021,0.003566,74.125.68.0-255,5738,319336,23,362301
8022,0.00357,172.31.33.0-255,66,319402,23,362301
8023,0.003574,74.125.68.0-255,2902,322304,23,362301
8024,0.003577,172.31.33.0-255,66,322370,23,362301
8025,0.003608,74.125.68.0-255,3602,325972,23,362301
8026,0.003612,172.31.33.0-255,66,326038,23,362301
8027,0.003615,74.125.68.0-255,1484,327522,23,362301
8028,0.003619,74.125.68.0-255,1484,329006,23,362301
8029,0.00362,172.31.33.0-255,66,329072,23,362301
8030,0.003635,74.125.68.0-255,1484,330556,23,362301
8031,0.003667,74.125.68.0-255,4320,334876,23,362301
8032,0.003671,172.31.33.0-255,66,334942,23,362301
8033,0.003689,74.125.68.0-255,1484,336426,23,362301
8034,0.003693,74.125.68.0-255,1484,337910,23,362301
8035,0.003695,172.31.33.0-255,66,337976,23,362301
8036,0.0037,74.125.68.0-255,2902,340878,23,362301
8037,0.003703,172.31.33.0-255,66,340944,23,362301
8038,0.003717,74.125.68.0-255,5738,346682,23,362301
8039,0.00372,172.31.33.0-255,66,346748,23,362301
8040,0.003724,74.125.68.0-255,1484,348232,23,362301
8041,0.003739,74.125.68.0-255,1484,349716,23,362301
8042,0.003742,172.31.33.0-255,66,349782,23,362301
8043,0.003747,74.125.68.0-255,4320,354102,23,362301
8044,0.00375,172.31.33.0-255,66,354168,23,362301
8045,0.003765,74.125.68.0-255,1484,355652,23,362301
8046,0.003778,74.125.68.0-255,2184,357836,23,362301
8047,0.003781,172.31.33.0-255,66,357902,23,362301
8048,0.003803,74.125.68.0-255,3894,361796,23,362301
8049,0.003806,172.31.33.0-255,66,361862,23,362301
8050,0.003809,74.125.68.0-255,97,361959,23,362301
8051,0.003922,74.125.68.0-255,105,362064,23,362301
8052,0.005524,172.31.33.0-255,66,362130,23,362301
8053,0.005565,172.31.33.0-255,105,362235,23,362301
8054,0.007566,74.125.68.0-255,66,362301,23,362301
8055,0.0,172.31.33.0-255,105,105,23,918
8056,4.7e-05,172.31.33.0-255,105,210,23,918
8057,0.000263,172.31.33.0-255,90,300,23,918
8058,0.00027,172.31.33.0-255,66,366,23,918
8059,0.000454,172.31.33.0-255,90,456,23,918
8060,0.000462,172.31.33.0-255,66,522,23,918
8061,0.0028,74.125.130.0-255,66,588,23,918
8062,0.002827,74.125.130.0-255,66,654,23,918
8063,0.002846,172.31.33.0-255,66,720,23,918
8064,0.002884,74.125.24.0-255,66,786,23,918
8065,0.002899,74.125.24.0-255,66,852,23,918
8066,0.00291,172.31.33.0-255,66,918,23,918
8067,0.0,172.31.33.0-255,105,105,23,276
8068,0.002072,157.240.7.0-255,105,210,23,276
8069,0.002086,172.31.33.0-255,66,276,23,276
8070,0.0,172.31.33.0-255,105,105,23,459
8071,0.000192,172.31.33.0-255,90,195,23,459
8072,0.000202,172.31.33.0-255,66,261,23,459
8073,0.002436,74.125.130.0-255,66,327,23,459
8074,0.002458,74.125.130.0-255,66,393,23,459
8075,0.002473,172.31.33.0-255,66,459,23,459
8076,0.0,74.125.68.0-255,145,145,23,59361
8077,1.8e-05,172.31.33.0-255,66,211,23,59361
8078,2.5e-05,74.125.68.0-255,1484,1695,23,59361
8079,2.9e-05,172.31.33.0-255,66,1761,23,59361
8080,3.5e-05,74.125.68.0-255,2902,4663,23,59361
8081,3.9e-05,172.31.33.0-255,66,4729,23,59361
8082,4.7e-05,74.125.68.0-255,7156,11885,23,59361
8083,5e-05,172.31.33.0-255,66,11951,23,59361
8084,0.000237,74.125.68.0-255,2029,13980,23,59361
8085,0.000243,172.31.33.0-255,66,14046,23,59361
8086,0.000313,74.125.68.0-255,2902,16948,23,59361
8087,0.000317,172.31.33.0-255,66,17014,23,59361
8088,0.00042,74.125.68.0-255,5738,22752,23,59361
8089,0.000425,172.31.33.0-255,66,22818,23,59361
8090,0.000442,74.125.68.0-255,1484,24302,23,59361
8091,0.000445,172.31.33.0-255,66,24368,23,59361
8092,0.000703,172.31.33.0-255,66,24434,23,59361
8093,0.000719,74.125.68.0-255,3961,28395,23,59361
8094,0.000721,172.31.33.0-255,66,28461,23,59361
8095,0.001262,74.125.68.0-255,5738,34199,23,59361
8096,0.001268,172.31.33.0-255,66,34265,23,59361
8097,0.0013,172.31.33.0-255,66,34331,23,59361
8098,0.002213,74.125.68.0-255,2902,37233,23,59361
8099,0.002216,172.31.33.0-255,66,37299,23,59361
8100,0.002257,172.31.33.0-255,66,37365,23,59361
8101,0.00316,74.125.68.0-255,2902,40267,23,59361
8102,0.003163,172.31.33.0-255,66,40333,23,59361
8103,0.003192,172.31.33.0-255,66,40399,23,59361
8104,0.003211,74.125.68.0-255,4320,44719,23,59361
8105,0.004114,74.125.68.0-255,1484,46203,23,59361
8106,0.004153,74.125.68.0-255,1484,47687,23,59361
8107,0.004484,172.31.33.0-255,66,47753,23,59361
8108,0.006847,74.125.68.0-255,1484,49237,23,59361
8109,0.006871,74.125.68.0-255,4320,53557,23,59361
8110,0.006875,172.31.33.0-255,66,53623,23,59361
8111,0.009254,74.125.68.0-255,5738,59361,23,59361
8112,0.0,74.125.68.0-255,153,153,23,350767
8113,3.3e-05,172.31.33.0-255,66,219,23,350767
8114,4e-05,74.125.68.0-255,1484,1703,23,350767
8115,4.5e-05,172.31.33.0-255,66,1769,23,350767
8116,5e-05,74.125.68.0-255,2902,4671,23,350767
8117,5.3e-05,172.31.33.0-255,66,4737,23,350767
8118,5.7e-05,74.125.68.0-255,2902,7639,23,350767
8119,6e-05,172.31.33.0-255,66,7705,23,350767
8120,8.1e-05,74.125.68.0-255,4320,12025,23,350767
8121,8.3e-05,172.31.33.0-255,66,12091,23,350767
8122,8.8e-05,74.125.68.0-255,2018,14109,23,350767
8123,9e-05,172.31.33.0-255,66,14175,23,350767
8124,9.4e-05,74.125.68.0-255,2902,17077,23,350767
8125,9.6e-05,172.31.33.0-255,66,17143,23,350767
8126,0.000121,74.125.68.0-255,7156,24299,23,350767
8127,0.000124,172.31.33.0-255,66,24365,23,350767
8128,0.000128,74.125.68.0-255,2902,27267,23,350767
8129,0.00013,172.31.33.0-255,66,27333,23,350767
8130,0.000146,74.125.68.0-255,2902,30235,23,350767
8131,0.000148,172.31.33.0-255,66,30301,23,350767
8132,0.000166,74.125.68.0-255,1125,31426,23,350767
8133,0.000168,172.31.33.0-255,66,31492,23,350767
8134,0.000258,74.125.68.0-255,1484,32976,23,350767
8135,0.000261,172.31.33.0-255,66,33042,23,350767
8136,0.000266,74.125.68.0-255,2902,35944,23,350767
8137,0.000268,172.31.33.0-255,66,36010,23,350767
8138,0.000279,74.125.68.0-255,2902,38912,23,350767
8139,0.000282,172.31.33.0-255,66,38978,23,350767
8140,0.0003,74.125.68.0-255,2902,41880,23,350767
8141,0.000302,172.31.33.0-255,66,41946,23,350767
8142,0.000318,74.125.68.0-255,1484,43430,23,350767
8143,0.000321,172.31.33.0-255,66,43496,23,350767
8144,0.000327,74.125.68.0-255,5738,49234,23,350767
8145,0.00033,172.31.33.0-255,66,49300,23,350767
8146,0.000355,74.125.68.0-255,3961,53261,23,350767
8147,0.000357,172.31.33.0-255,66,53327,23,350767
8148,0.000361,74.125.68.0-255,2902,56229,23,350767
8149,0.000363,172.31.33.0-255,66,56295,23,350767
8150,0.000402,74.125.68.0-255,2902,59197,23,350767
8151,0.000409,172.31.33.0-255,66,59263,23,350767
8152,0.000428,74.125.68.0-255,7071,66334,23,350767
8153,0.00043,74.125.68.0-255,412,66746,23,350767
8154,0.000431,172.31.33.0-255,66,66812,23,350767
8155,0.000548,74.125.68.0-255,1484,68296,23,350767
8156,0.000552,172.31.33.0-255,66,68362,23,350767
8157,0.000555,74.125.68.0-255,1484,69846,23,350767
8158,0.000566,74.125.68.0-255,1484,71330,23,350767
8159,0.00057,74.125.68.0-255,2902,74232,23,350767
8160,0.000575,172.31.33.0-255,66,74298,23,350767
8161,0.000588,74.125.68.0-255,2902,77200,23,350767
8162,0.000597,172.31.33.0-255,66,77266,23,350767
8163,0.000625,74.125.68.0-255,2902,80168,23,350767
8164,0.000628,172.31.33.0-255,66,80234,23,350767
8165,0.000649,74.125.68.0-255,5738,85972,23,350767
8166,0.000659,172.31.33.0-255,66,86038,23,350767
8167,0.00068,172.31.33.0-255,66,86104,23,350767
8168,0.000685,74.125.68.0-255,1484,87588,23,350767
8169,0.000698,74.125.68.0-255,5020,92608,23,350767
8170,0.000702,172.31.33.0-255,66,92674,23,350767
8171,0.000823,74.125.68.0-255,1484,94158,23,350767
8172,0.00084,74.125.68.0-255,1484,95642,23,350767
8173,0.000843,172.31.33.0-255,66,95708,23,350767
8174,0.000848,74.125.68.0-255,2902,98610,23,350767
8175,0.000855,172.31.33.0-255,66,98676,23,350767
8176,0.000893,74.125.68.0-255,1484,100160,23,350767
8177,0.000912,74.125.68.0-255,2902,103062,23,350767
8178,0.000919,172.31.33.0-255,66,103128,23,350767
8179,0.000928,74.125.68.0-255,1484,104612,23,350767
8180,0.000942,74.125.68.0-255,2902,107514,23,350767
8181,0.000945,172.31.33.0-255,66,107580,23,350767
8182,0.000958,74.125.68.0-255,4320,111900,23,350767
8183,0.000968,172.31.33.0-255,66,111966,23,350767
8184,0.00097,74.125.68.0-255,6438,118404,23,350767
8185,0.000971,172.31.33.0-255,66,118470,23,350767
8186,0.000983,172.31.33.0-255,66,118536,23,350767
8187,0.001019,74.125.68.0-255,1484,120020,23,350767
8188,0.001035,74.125.68.0-255,2902,122922,23,350767
8189,0.001039,172.31.33.0-255,66,122988,23,350767
8190,0.001055,74.125.68.0-255,2902,125890,23,350767
8191,0.001059,74.125.68.0-255,2902,128792,23,350767
8192,0.001066,172.31.33.0-255,66,128858,23,350767
8193,0.001073,74.125.68.0-255,1484,130342,23,350767
8194,0.0011,74.125.68.0-255,5738,136080,23,350767
8195,0.001106,172.31.33.0-255,66,136146,23,350767
8196,0.001183,172.31.33.0-255,66,136212,23,350767
8197,0.001187,74.125.68.0-255,2902,139114,23,350767
8198,0.001193,172.31.33.0-255,66,139180,23,350767
8199,0.001206,74.125.68.0-255,5738,144918,23,350767
8200,0.001215,74.125.68.0-255,1484,146402,23,350767
8201,0.001215,172.31.33.0-255,66,146468,23,350767
8202,0.001254,172.31.33.0-255,66,146534,23,350767
8203,0.001254,74.125.68.0-255,1484,148018,23,350767
8204,0.00127,74.125.68.0-255,5020,153038,23,350767
8205,0.001273,172.31.33.0-255,66,153104,23,350767
8206,0.001686,74.125.68.0-255,1484,154588,23,350767
8207,0.00169,172.31.33.0-255,66,154654,23,350767
8208,0.001707,74.125.68.0-255,2902,157556,23,350767
8209,0.00171,172.31.33.0-255,66,157622,23,350767
8210,0.001724,74.125.68.0-255,2902,160524,23,350767
8211,0.001738,74.125.68.0-255,2902,163426,23,350767
8212,0.001753,74.125.68.0-255,2902,166328,23,350767
8213,0.001764,74.125.68.0-255,4320,170648,23,350767
8214,0.001779,74.125.68.0-255,5738,176386,23,350767
8215,0.001798,74.125.68.0-255,4320,180706,23,350767
8216,0.001853,74.125.68.0-255,4320,185026,23,350767
8217,0.00187,74.125.68.0-255,2184,187210,23,350767
8218,0.001876,74.125.68.0-255,7156,194366,23,350767
8219,0.001878,74.125.68.0-255,1484,195850,23,350767
8220,0.001904,74.125.68.0-255,2902,198752,23,350767
8221,0.001922,74.125.68.0-255,2902,201654,23,350767
8222,0.001942,74.125.68.0-255,2902,204556,23,350767
8223,0.001949,74.125.68.0-255,5738,210294,23,350767
8224,0.001954,74.125.68.0-255,4320,214614,23,350767
8225,0.001966,74.125.68.0-255,2902,217516,23,350767
8226,0.002006,74.125.68.0-255,5020,222536,23,350767
8227,0.002013,74.125.68.0-255,5738,228274,23,350767
8228,0.002015,74.125.68.0-255,1484,229758,23,350767
8229,0.002095,74.125.68.0-255,7156,236914,23,350767
8230,0.00211,74.125.68.0-255,2902,239816,23,350767
8231,0.00213,74.125.68.0-255,3602,243418,23,350767
8232,0.002152,74.125.68.0-255,1484,244902,23,350767
8233,0.002167,74.125.68.0-255,2902,247804,23,350767
8234,0.002188,74.125.68.0-255,5738,253542,23,350767
8235,0.002194,74.125.68.0-255,7156,260698,23,350767
8236,0.002202,74.125.68.0-255,7156,267854,23,350767
8237,0.002208,74.125.68.0-255,4320,272174,23,350767
8238,0.002225,74.125.68.0-255,4320,276494,23,350767
8239,0.002251,74.125.68.0-255,766,277260,23,350767
8240,0.002273,74.125.68.0-255,1484,278744,23,350767
8241,0.002289,74.125.68.0-255,4320,283064,23,350767
8242,0.002294,74.125.68.0-255,4320,287384,23,350767
8243,0.002313,74.125.68.0-255,4320,291704,23,350767
8244,0.002329,74.125.68.0-255,5738,297442,23,350767
8245,0.002345,74.125.68.0-255,4320,301762,23,350767
8246,0.00235,74.125.68.0-255,4320,306082,23,350767
8247,0.002363,74.125.68.0-255,2902,308984,23,350767
8248,0.002389,74.125.68.0-255,2184,311168,23,350767
8249,0.002409,74.125.68.0-255,1484,312652,23,350767
8250,0.002411,74.125.68.0-255,1484,314136,23,350767
8251,0.002413,74.125.68.0-255,1484,315620,23,350767
8252,0.002417,172.31.33.0-255,78,315698,23,350767
8253,0.00242,74.125.68.0-255,1484,317182,23,350767
8254,0.002422,74.125.68.0-255,1484,318666,23,350767
8255,0.002427,74.125.68.0-255,5738,324404,23,350767
8256,0.002429,74.125.68.0-255,1484,325888,23,350767
8257,0.002432,74.125.68.0-255,2902,328790,23,350767
8258,0.002434,74.125.68.0-255,1484,330274,23,350767
8259,0.002475,74.125.68.0-255,1484,331758,23,350767
8260,0.002478,74.125.68.0-255,1484,333242,23,350767
8261,0.002495,74.125.68.0-255,3602,336844,23,350767
8262,0.002506,74.125.68.0-255,1484,338328,23,350767
8263,0.002514,74.125.68.0-255,1484,339812,23,350767
8264,0.002524,74.125.68.0-255,2902,342714,23,350767
8265,0.002555,74.125.68.0-255,1484,344198,23,350767
8266,0.002569,74.125.68.0-255,1484,345682,23,350767
8267,0.002588,74.125.68.0-255,4320,350002,23,350767
8268,0.00259,74.125.68.0-255,489,350491,23,350767
8269,0.002591,74.125.68.0-255,105,350596,23,350767
8270,0.00616,172.31.33.0-255,66,350662,23,350767
8271,0.007762,172.31.33.0-255,105,350767,23,350767
8272,0.0,172.31.33.0-255,105,105,23,918
8273,6.2e-05,172.31.33.0-255,105,210,23,918
8274,0.000284,172.31.33.0-255,90,300,23,918
8275,0.000294,172.31.33.0-255,66,366,23,918
8276,0.000469,172.31.33.0-255,90,456,23,918
8277,0.000476,172.31.33.0-255,66,522,23,918
8278,0.002213,172.253.118.0-255,66,588,23,918
8279,0.002243,172.253.118.0-255,66,654,23,918
8280,0.002266,172.31.33.0-255,66,720,23,918
8281,0.00279,74.125.130.0-255,66,786,23,918
8282,0.002807,74.125.130.0-255,66,852,23,918
8283,0.00282,172.31.33.0-255,66,918,23,918
8284,0.0,172.31.33.0-255,105,105,23,276
8285,0.001873,157.240.7.0-255,105,210,23,276
8286,0.001883,172.31.33.0-255,66,276,23,276
8287,0.0,172.217.194.0-255,153,153,23,175900
8288,2.2e-05,172.31.33.0-255,66,219,23,175900
8289,2.8e-05,172.217.194.0-255,1484,1703,23,175900
8290,3.1e-05,172.31.33.0-255,66,1769,23,175900
8291,5.1e-05,172.217.194.0-255,2902,4671,23,175900
8292,5.4e-05,172.31.33.0-255,66,4737,23,175900
8293,5.8e-05,172.217.194.0-255,2902,7639,23,175900
8294,6e-05,172.31.33.0-255,66,7705,23,175900
8295,8.3e-05,172.217.194.0-255,4320,12025,23,175900
8296,8.5e-05,172.31.33.0-255,66,12091,23,175900
8297,8.9e-05,172.217.194.0-255,2902,14993,23,175900
8298,9.1e-05,172.31.33.0-255,66,15059,23,175900
8299,0.000114,172.31.33.0-255,66,15125,23,175900
8300,0.000133,172.217.194.0-255,5738,20863,23,175900
8301,0.000135,172.31.33.0-255,66,20929,23,175900
8302,0.000148,172.217.194.0-255,1125,22054,23,175900
8303,0.00015,172.31.33.0-255,66,22120,23,175900
8304,0.000162,172.217.194.0-255,1484,23604,23,175900
8305,0.000164,172.31.33.0-255,66,23670,23,175900
8306,0.000179,172.217.194.0-255,2902,26572,23,175900
8307,0.000181,172.31.33.0-255,66,26638,23,175900
8308,0.000186,172.217.194.0-255,5738,32376,23,175900
8309,0.000188,172.31.33.0-255,66,32442,23,175900
8310,0.000235,172.31.33.0-255,66,32508,23,175900
8311,0.000261,172.217.194.0-255,2902,35410,23,175900
8312,0.000263,172.31.33.0-255,66,35476,23,175900
8313,0.000284,172.217.194.0-255,7112,42588,23,175900
8314,0.000287,172.31.33.0-255,66,42654,23,175900
8315,0.000398,172.217.194.0-255,362,43016,23,175900
8316,0.000401,172.31.33.0-255,66,43082,23,175900
8317,0.000592,172.217.194.0-255,1484,44566,23,175900
8318,0.000597,172.217.194.0-255,2902,47468,23,175900
8319,0.0006,172.31.33.0-255,66,47534,23,175900
8320,0.000621,172.217.194.0-255,5738,53272,23,175900
8321,0.000623,172.31.33.0-255,66,53338,23,175900
8322,0.000626,172.217.194.0-255,1484,54822,23,175900
8323,0.000654,172.31.33.0-255,66,54888,23,175900
8324,0.000665,172.31.33.0-255,66,54954,23,175900
8325,0.001049,172.217.194.0-255,1484,56438,23,175900
8326,0.001058,172.217.194.0-255,2902,59340,23,175900
8327,0.001062,172.31.33.0-255,66,59406,23,175900
8328,0.001068,172.217.194.0-255,5738,65144,23,175900
8329,0.00107,172.31.33.0-255,66,65210,23,175900
8330,0.001088,172.217.194.0-255,4320,69530,23,175900
8331,0.001091,172.31.33.0-255,66,69596,23,175900
8332,0.001114,172.31.33.0-255,66,69662,23,175900
8333,0.001124,172.31.33.0-255,66,69728,23,175900
8334,0.001272,172.217.194.0-255,1484,71212,23,175900
8335,0.001293,172.217.194.0-255,2902,74114,23,175900
8336,0.001297,172.31.33.0-255,66,74180,23,175900
8337,0.001324,172.217.194.0-255,4320,78500,23,175900
8338,0.001327,172.31.33.0-255,66,78566,23,175900
8339,0.001337,172.31.33.0-255,66,78632,23,175900
8340,0.001379,172.31.33.0-255,66,78698,23,175900
8341,0.001436,172.217.194.0-255,1484,80182,23,175900
8342,0.001441,172.217.194.0-255,2902,83084,23,175900
8343,0.001443,172.31.33.0-255,66,83150,23,175900
8344,0.001448,172.217.194.0-255,2902,86052,23,175900
8345,0.001449,172.31.33.0-255,66,86118,23,175900
8346,0.001461,172.217.194.0-255,2902,89020,23,175900
8347,0.001463,172.31.33.0-255,66,89086,23,175900
8348,0.001487,172.217.194.0-255,4320,93406,23,175900
8349,0.001488,172.31.33.0-255,66,93472,23,175900
8350,0.001511,172.31.33.0-255,66,93538,23,175900
8351,0.001523,172.217.194.0-255,5738,99276,23,175900
8352,0.001525,172.31.33.0-255,66,99342,23,175900
8353,0.001538,172.217.194.0-255,6438,105780,23,175900
8354,0.00154,172.31.33.0-255,66,105846,23,175900
8355,0.001551,172.31.33.0-255,66,105912,23,175900
8356,0.001605,172.31.33.0-255,66,105978,23,175900
8357,0.001633,172.217.194.0-255,3602,109580,23,175900
8358,0.001634,172.31.33.0-255,66,109646,23,175900
8359,0.001703,172.217.194.0-255,1484,111130,23,175900
8360,0.001707,172.217.194.0-255,2902,114032,23,175900
8361,0.001708,172.31.33.0-255,66,114098,23,175900
8362,0.001728,172.217.194.0-255,4320,118418,23,175900
8363,0.00173,172.31.33.0-255,66,118484,23,175900
8364,0.001757,172.31.33.0-255,66,118550,23,175900
8365,0.001805,172.217.194.0-255,4320,122870,23,175900
8366,0.001808,172.31.33.0-255,66,122936,23,175900
8367,0.001832,172.31.33.0-255,66,123002,23,175900
8368,0.002379,172.217.194.0-255,1484,124486,23,175900
8369,0.002389,172.217.194.0-255,1484,125970,23,175900
8370,0.002391,172.31.33.0-255,66,126036,23,175900
8371,0.002403,172.217.194.0-255,1484,127520,23,175900
8372,0.002408,172.217.194.0-255,5738,133258,23,175900
8373,0.00241,172.31.33.0-255,66,133324,23,175900
8374,0.002448,172.31.33.0-255,66,133390,23,175900
8375,0.002457,172.31.33.0-255,66,133456,23,175900
8376,0.002474,172.217.194.0-255,766,134222,23,175900
8377,0.002541,172.217.194.0-255,1484,135706,23,175900
8378,0.002542,172.31.33.0-255,66,135772,23,175900
8379,0.002546,172.217.194.0-255,2902,138674,23,175900
8380,0.002548,172.31.33.0-255,66,138740,23,175900
8381,0.002577,172.217.194.0-255,5738,144478,23,175900
8382,0.002579,172.31.33.0-255,66,144544,23,175900
8383,0.002597,172.217.194.0-255,5738,150282,23,175900
8384,0.002598,172.31.33.0-255,66,150348,23,175900
8385,0.002622,172.217.194.0-255,4320,154668,23,175900
8386,0.002623,172.31.33.0-255,66,154734,23,175900
8387,0.002634,172.31.33.0-255,66,154800,23,175900
8388,0.002638,172.217.194.0-255,2902,157702,23,175900
8389,0.00264,172.31.33.0-255,66,157768,23,175900
8390,0.002673,172.31.33.0-255,66,157834,23,175900
8391,0.002685,172.31.33.0-255,66,157900,23,175900
8392,0.002688,172.217.194.0-255,1484,159384,23,175900
8393,0.002716,172.217.194.0-255,6438,165822,23,175900
8394,0.002718,172.31.33.0-255,66,165888,23,175900
8395,0.002727,172.31.33.0-255,66,165954,23,175900
8396,0.002764,172.31.33.0-255,66,166020,23,175900
8397,0.002782,172.217.194.0-255,1484,167504,23,175900
8398,0.002784,172.217.194.0-255,1484,168988,23,175900
8399,0.002786,172.31.33.0-255,66,169054,23,175900
8400,0.002792,172.217.194.0-255,6438,175492,23,175900
8401,0.002794,172.31.33.0-255,66,175558,23,175900
8402,0.002841,172.31.33.0-255,66,175624,23,175900
8403,0.002844,172.217.194.0-255,105,175729,23,175900
8404,0.007839,172.31.33.0-255,66,175795,23,175900
8405,0.007863,172.31.33.0-255,105,175900,23,175900
8406,0.0,74.125.24.0-255,153,153,23,180210
8407,1.3e-05,172.31.33.0-255,66,219,23,180210
8408,2e-05,74.125.24.0-255,1484,1703,23,180210
8409,2.3e-05,172.31.33.0-255,66,1769,23,180210
8410,5.7e-05,74.125.24.0-255,2902,4671,23,180210
8411,5.9e-05,172.31.33.0-255,66,4737,23,180210
8412,6.5e-05,74.125.24.0-255,4320,9057,23,180210
8413,6.7e-05,172.31.33.0-255,66,9123,23,180210
8414,8.9e-05,74.125.24.0-255,7156,16279,23,180210
8415,9.1e-05,172.31.33.0-255,66,16345,23,180210
8416,0.000119,74.125.24.0-255,1997,18342,23,180210
8417,0.000121,172.31.33.0-255,66,18408,23,180210
8418,0.000132,172.31.33.0-255,66,18474,23,180210
8419,0.000158,74.125.24.0-255,3961,22435,23,180210
8420,0.00016,172.31.33.0-255,66,22501,23,180210
8421,0.000198,74.125.24.0-255,4320,26821,23,180210
8422,0.000201,172.31.33.0-255,66,26887,23,180210
8423,0.000206,74.125.24.0-255,2902,29789,23,180210
8424,0.000208,172.31.33.0-255,66,29855,23,180210
8425,0.00023,74.125.24.0-255,2902,32757,23,180210
8426,0.000232,172.31.33.0-255,66,32823,23,180210
8427,0.000236,74.125.24.0-255,1484,34307,23,180210
8428,0.000241,172.31.33.0-255,66,34373,23,180210
8429,0.000288,172.31.33.0-255,66,34439,23,180210
8430,0.000297,172.31.33.0-255,66,34505,23,180210
8431,0.000302,74.125.24.0-255,2815,37320,23,180210
8432,0.000303,172.31.33.0-255,66,37386,23,180210
8433,0.000347,74.125.24.0-255,132,37518,23,180210
8434,0.00035,172.31.33.0-255,66,37584,23,180210
8435,0.000429,74.125.24.0-255,1484,39068,23,180210
8436,0.000435,74.125.24.0-255,2902,41970,23,180210
8437,0.000438,172.31.33.0-255,66,42036,23,180210
8438,0.000453,74.125.24.0-255,5738,47774,23,180210
8439,0.000455,172.31.33.0-255,66,47840,23,180210
8440,0.000463,74.125.24.0-255,2902,50742,23,180210
8441,0.000465,172.31.33.0-255,66,50808,23,180210
8442,0.000503,74.125.24.0-255,4320,55128,23,180210
8443,0.000505,172.31.33.0-255,66,55194,23,180210
8444,0.000546,172.31.33.0-255,66,55260,23,180210
8445,0.000552,74.125.24.0-255,5639,60899,23,180210
8446,0.000554,172.31.33.0-255,66,60965,23,180210
8447,0.000605,74.125.24.0-255,1484,62449,23,180210
8448,0.000623,74.125.24.0-255,2902,65351,23,180210
8449,0.000626,172.31.33.0-255,66,65417,23,180210
8450,0.000629,74.125.24.0-255,1484,66901,23,180210
8451,0.000653,74.125.24.0-255,4320,71221,23,180210
8452,0.000655,172.31.33.0-255,66,71287,23,180210
8453,0.00066,74.125.24.0-255,4320,75607,23,180210
8454,0.000662,172.31.33.0-255,66,75673,23,180210
8455,0.000705,172.31.33.0-255,66,75739,23,180210
8456,0.000716,172.31.33.0-255,66,75805,23,180210
8457,0.00076,172.31.33.0-255,66,75871,23,180210
8458,0.000778,172.31.33.0-255,66,75937,23,180210
8459,0.000782,74.125.24.0-255,3602,79539,23,180210
8460,0.000784,172.31.33.0-255,66,79605,23,180210
8461,0.000941,74.125.24.0-255,1484,81089,23,180210
8462,0.000946,74.125.24.0-255,2902,83991,23,180210
8463,0.00095,172.31.33.0-255,66,84057,23,180210
8464,0.000979,74.125.24.0-255,5738,89795,23,180210
8465,0.000981,172.31.33.0-255,66,89861,23,180210
8466,0.000988,74.125.24.0-255,7156,97017,23,180210
8467,0.00099,172.31.33.0-255,66,97083,23,180210
8468,0.001011,74.125.24.0-255,1484,98567,23,180210
8469,0.001045,172.31.33.0-255,66,98633,23,180210
8470,0.001049,74.125.24.0-255,2184,100817,23,180210
8471,0.001051,172.31.33.0-255,66,100883,23,180210
8472,0.001105,172.31.33.0-255,66,100949,23,180210
8473,0.001127,74.125.24.0-255,2902,103851,23,180210
8474,0.001129,172.31.33.0-255,66,103917,23,180210
8475,0.001156,172.31.33.0-255,66,103983,23,180210
8476,0.001174,74.125.24.0-255,6438,110421,23,180210
8477,0.001177,172.31.33.0-255,66,110487,23,180210
8478,0.001182,74.125.24.0-255,4320,114807,23,180210
8479,0.001183,172.31.33.0-255,66,114873,23,180210
8480,0.001219,172.31.33.0-255,66,114939,23,180210
8481,0.001238,172.31.33.0-255,66,115005,23,180210
8482,0.001241,74.125.24.0-255,766,115771,23,180210
8483,0.001289,74.125.24.0-255,1484,117255,23,180210
8484,0.001293,74.125.24.0-255,2902,120157,23,180210
8485,0.001297,172.31.33.0-255,66,120223,23,180210
8486,0.001304,172.31.33.0-255,66,120289,23,180210
8487,0.00131,74.125.24.0-255,5738,126027,23,180210
8488,0.001312,172.31.33.0-255,66,126093,23,180210
8489,0.001351,172.31.33.0-255,66,126159,23,180210
8490,0.001357,74.125.24.0-255,5738,131897,23,180210
8491,0.001359,172.31.33.0-255,66,131963,23,180210
8492,0.00138,74.125.24.0-255,2902,134865,23,180210
8493,0.001382,172.31.33.0-255,66,134931,23,180210
8494,0.001386,74.125.24.0-255,2184,137115,23,180210
8495,0.001392,172.31.33.0-255,66,137181,23,180210
8496,0.001428,74.125.24.0-255,2902,140083,23,180210
8497,0.001431,172.31.33.0-255,66,140149,23,180210
8498,0.001436,74.125.24.0-255,4320,144469,23,180210
8499,0.001438,172.31.33.0-255,66,144535,23,180210
8500,0.001458,74.125.24.0-255,4320,148855,23,180210
8501,0.00146,172.31.33.0-255,66,148921,23,180210
8502,0.001483,74.125.24.0-255,4320,153241,23,180210
8503,0.001485,172.31.33.0-255,66,153307,23,180210
8504,0.001498,74.125.24.0-255,2902,156209,23,180210
8505,0.001504,172.31.33.0-255,66,156275,23,180210
8506,0.001534,172.31.33.0-255,66,156341,23,180210
8507,0.001537,74.125.24.0-255,2902,159243,23,180210
8508,0.001539,172.31.33.0-255,66,159309,23,180210
8509,0.001568,74.125.24.0-255,2902,162211,23,180210
8510,0.001574,74.125.24.0-255,7156,169367,23,180210
8511,0.001609,74.125.24.0-255,2902,172269,23,180210
8512,0.001613,172.31.33.0-255,66,172335,23,180210
8513,0.001616,172.31.33.0-255,66,172401,23,180210
8514,0.001618,172.31.33.0-255,66,172467,23,180210
8515,0.001673,172.31.33.0-255,66,172533,23,180210
8516,0.001675,172.31.33.0-255,66,172599,23,180210
8517,0.001676,172.31.33.0-255,66,172665,23,180210
8518,0.001712,172.31.33.0-255,66,172731,23,180210
8519,0.001721,172.31.33.0-255,66,172797,23,180210
8520,0.001728,74.125.24.0-255,7071,179868,23,180210
8521,0.001729,172.31.33.0-255,66,179934,23,180210
8522,0.001759,74.125.24.0-255,105,180039,23,180210
8523,0.009872,172.31.33.0-255,66,180105,23,180210
8524,0.009908,172.31.33.0-255,105,180210,23,180210
8525,0.0,172.217.27.0-255,147,147,23,289611
8526,2.2e-05,172.31.33.0-255,66,213,23,289611
8527,2.8e-05,172.217.27.0-255,1484,1697,23,289611
8528,3.3e-05,172.31.33.0-255,66,1763,23,289611
8529,3.8e-05,172.217.27.0-255,2902,4665,23,289611
8530,4.8e-05,172.31.33.0-255,66,4731,23,289611
8531,5.6e-05,172.217.27.0-255,7156,11887,23,289611
8532,5.9e-05,172.31.33.0-255,66,11953,23,289611
8533,0.0001,172.217.27.0-255,2022,13975,23,289611
8534,0.000103,172.31.33.0-255,66,14041,23,289611
8535,0.000299,172.217.27.0-255,1484,15525,23,289611
8536,0.000304,172.31.33.0-255,66,15591,23,289611
8537,0.000311,172.217.27.0-255,2902,18493,23,289611
8538,0.000313,172.31.33.0-255,66,18559,23,289611
8539,0.00035,172.217.27.0-255,5738,24297,23,289611
8540,0.000353,172.31.33.0-255,66,24363,23,289611
8541,0.000358,172.217.27.0-255,2902,27265,23,289611
8542,0.00036,172.31.33.0-255,66,27331,23,289611
8543,0.000366,172.217.27.0-255,3961,31292,23,289611
8544,0.000368,172.31.33.0-255,66,31358,23,289611
8545,0.000692,172.217.27.0-255,1484,32842,23,289611
8546,0.000698,172.31.33.0-255,66,32908,23,289611
8547,0.000704,172.217.27.0-255,2902,35810,23,289611
8548,0.000706,172.31.33.0-255,66,35876,23,289611
8549,0.000716,172.217.27.0-255,4320,40196,23,289611
8550,0.000718,172.31.33.0-255,66,40262,23,289611
8551,0.000744,172.217.27.0-255,1484,41746,23,289611
8552,0.000746,172.31.33.0-255,66,41812,23,289611
8553,0.000759,172.31.33.0-255,66,41878,23,289611
8554,0.000771,172.31.33.0-255,66,41944,23,289611
8555,0.000796,172.217.27.0-255,3961,45905,23,289611
8556,0.000798,172.31.33.0-255,66,45971,23,289611
8557,0.000892,172.217.27.0-255,392,46363,23,289611
8558,0.00112,172.31.33.0-255,66,46429,23,289611
8559,0.001311,172.217.27.0-255,114,46543,23,289611
8560,0.001428,172.217.27.0-255,1484,48027,23,289611
8561,0.001434,172.31.33.0-255,66,48093,23,289611
8562,0.00144,172.217.27.0-255,2902,50995,23,289611
8563,0.001442,172.31.33.0-255,66,51061,23,289611
8564,0.001445,172.217.27.0-255,1484,52545,23,289611
8565,0.001482,172.217.27.0-255,4320,56865,23,289611
8566,0.001485,172.31.33.0-255,66,56931,23,289611
8567,0.001491,172.217.27.0-255,4320,61251,23,289611
8568,0.001493,172.31.33.0-255,66,61317,23,289611
8569,0.001498,172.217.27.0-255,5379,66696,23,289611
8570,0.0015,172.31.33.0-255,66,66762,23,289611
8571,0.001511,172.31.33.0-255,66,66828,23,289611
8572,0.001515,172.217.27.0-255,2543,69371,23,289611
8573,0.001518,172.31.33.0-255,66,69437,23,289611
8574,0.001793,172.217.27.0-255,1484,70921,23,289611
8575,0.001801,172.217.27.0-255,2902,73823,23,289611
8576,0.001805,172.31.33.0-255,66,73889,23,289611
8577,0.001832,172.217.27.0-255,2902,76791,23,289611
8578,0.001834,172.31.33.0-255,66,76857,23,289611
8579,0.001839,172.217.27.0-255,4320,81177,23,289611
8580,0.001841,172.31.33.0-255,66,81243,23,289611
8581,0.001913,172.31.33.0-255,66,81309,23,289611
8582,0.001927,172.31.33.0-255,66,81375,23,289611
8583,0.002123,172.217.27.0-255,1484,82859,23,289611
8584,0.00213,172.217.27.0-255,2902,85761,23,289611
8585,0.002133,172.31.33.0-255,66,85827,23,289611
8586,0.002138,172.217.27.0-255,2902,88729,23,289611
8587,0.00214,172.31.33.0-255,66,88795,23,289611
8588,0.002162,172.217.27.0-255,2902,91697,23,289611
8589,0.002163,172.31.33.0-255,66,91763,23,289611
8590,0.002179,172.31.33.0-255,66,91829,23,289611
8591,0.002208,172.217.27.0-255,1484,93313,23,289611
8592,0.002218,172.31.33.0-255,66,93379,23,289611
8593,0.002222,172.217.27.0-255,2184,95563,23,289611
8594,0.002224,172.31.33.0-255,66,95629,23,289611
8595,0.003231,172.217.27.0-255,1484,97113,23,289611
8596,0.003249,172.217.27.0-255,2902,100015,23,289611
8597,0.003269,172.217.27.0-255,5738,105753,23,289611
8598,0.003285,172.217.27.0-255,4320,110073,23,289611
8599,0.003304,172.217.27.0-255,5738,115811,23,289611
8600,0.003327,172.217.27.0-255,2902,118713,23,289611
8601,0.003351,172.217.27.0-255,2184,120897,23,289611
8602,0.00342,172.217.27.0-255,1484,122381,23,289611
8603,0.003423,172.217.27.0-255,1484,123865,23,289611
8604,0.003432,172.217.27.0-255,1484,125349,23,289611
8605,0.003434,172.217.27.0-255,1484,126833,23,289611
8606,0.003452,172.217.27.0-255,2902,129735,23,289611
8607,0.003455,172.217.27.0-255,1484,131219,23,289611
8608,0.003469,172.217.27.0-255,1484,132703,23,289611
8609,0.003472,172.217.27.0-255,1484,134187,23,289611
8610,0.003489,172.217.27.0-255,2902,137089,23,289611
8611,0.003493,172.217.27.0-255,2902,139991,23,289611
8612,0.003497,172.217.27.0-255,4320,144311,23,289611
8613,0.003508,172.217.27.0-255,1484,145795,23,289611
8614,0.003524,172.217.27.0-255,7156,152951,23,289611
8615,0.003539,172.217.27.0-255,2184,155135,23,289611
8616,0.003621,172.217.27.0-255,1484,156619,23,289611
8617,0.003637,172.217.27.0-255,2902,159521,23,289611
8618,0.003641,172.217.27.0-255,2902,162423,23,289611
8619,0.003655,172.217.27.0-255,2902,165325,23,289611
8620,0.003666,172.217.27.0-255,7156,172481,23,289611
8621,0.003712,172.217.27.0-255,4320,176801,23,289611
8622,0.003716,172.217.27.0-255,2184,178985,23,289611
8623,0.003735,172.217.27.0-255,5738,184723,23,289611
8624,0.00378,172.217.27.0-255,4320,189043,23,289611
8625,0.003824,172.217.27.0-255,2902,191945,23,289611
8626,0.003839,172.217.27.0-255,2184,194129,23,289611
8627,0.003842,172.217.27.0-255,1484,195613,23,289611
8628,0.003845,172.217.27.0-255,2902,198515,23,289611
8629,0.003849,172.217.27.0-255,2902,201417,23,289611
8630,0.003851,172.217.27.0-255,1484,202901,23,289611
8631,0.003873,172.217.27.0-255,2902,205803,23,289611
8632,0.003884,172.217.27.0-255,2902,208705,23,289611
8633,0.003895,172.217.27.0-255,1484,210189,23,289611
8634,0.003915,172.217.27.0-255,7156,217345,23,289611
8635,0.003955,172.217.27.0-255,766,218111,23,289611
8636,0.004043,172.217.27.0-255,1484,219595,23,289611
8637,0.004048,172.217.27.0-255,2902,222497,23,289611
8638,0.004057,172.217.27.0-255,1484,223981,23,289611
8639,0.004071,172.217.27.0-255,4320,228301,23,289611
8640,0.004093,172.217.27.0-255,2902,231203,23,289611
8641,0.004121,172.217.27.0-255,5738,236941,23,289611
8642,0.004166,172.217.27.0-255,5020,241961,23,289611
8643,0.004246,172.217.27.0-255,1484,243445,23,289611
8644,0.00425,172.217.27.0-255,2902,246347,23,289611
8645,0.004263,172.217.27.0-255,1484,247831,23,289611
8646,0.004276,172.217.27.0-255,2902,250733,23,289611
8647,0.004285,172.217.27.0-255,1484,252217,23,289611
8648,0.004312,172.217.27.0-255,7156,259373,23,289611
8649,0.004314,172.217.27.0-255,1484,260857,23,289611
8650,0.004317,172.217.27.0-255,1484,262341,23,289611
8651,0.004331,172.217.27.0-255,1484,263825,23,289611
8652,0.004337,172.217.27.0-255,5738,269563,23,289611
8653,0.004364,172.217.27.0-255,6438,276001,23,289611
8654,0.004392,172.217.27.0-255,7156,283157,23,289611
8655,0.004421,172.217.27.0-255,6283,289440,23,289611
8656,0.00444,172.217.27.0-255,105,289545,23,289611
8657,0.005039,172.31.33.0-255,66,289611,23,289611
8658,0.0,74.125.24.0-255,155,155,23,273755
8659,1e-05,172.31.33.0-255,66,221,23,273755
8660,2.4e-05,74.125.24.0-255,1484,1705,23,273755
8661,2.9e-05,172.31.33.0-255,66,1771,23,273755
8662,3.4e-05,74.125.24.0-255,2902,4673,23,273755
8663,3.7e-05,172.31.33.0-255,66,4739,23,273755
8664,7.1e-05,74.125.24.0-255,7156,11895,23,273755
8665,7.4e-05,172.31.33.0-255,66,11961,23,273755
8666,7.8e-05,74.125.24.0-255,3441,15402,23,273755
8667,8e-05,172.31.33.0-255,66,15468,23,273755
8668,0.000101,74.125.24.0-255,4320,19788,23,273755
8669,0.000103,172.31.33.0-255,66,19854,23,273755
8670,0.000114,172.31.33.0-255,66,19920,23,273755
8671,0.00014,172.31.33.0-255,66,19986,23,273755
8672,0.000181,74.125.24.0-255,5738,25724,23,273755
8673,0.000184,172.31.33.0-255,66,25790,23,273755
8674,0.000213,172.31.33.0-255,66,25856,23,273755
8675,0.000225,74.125.24.0-255,4320,30176,23,273755
8676,0.000228,172.31.33.0-255,66,30242,23,273755
8677,0.000245,74.125.24.0-255,4298,34540,23,273755
8678,0.000247,172.31.33.0-255,66,34606,23,273755
8679,0.00028,74.125.24.0-255,1484,36090,23,273755
8680,0.000282,172.31.33.0-255,66,36156,23,273755
8681,0.000286,74.125.24.0-255,2902,39058,23,273755
8682,0.000289,172.31.33.0-255,66,39124,23,273755
8683,0.000291,74.125.24.0-255,1484,40608,23,273755
8684,0.000293,172.31.33.0-255,66,40674,23,273755
8685,0.000307,74.125.24.0-255,4320,44994,23,273755
8686,0.000309,172.31.33.0-255,66,45060,23,273755
8687,0.000326,74.125.24.0-255,4320,49380,23,273755
8688,0.000399,74.125.24.0-255,5738,55118,23,273755
8689,0.000413,74.125.24.0-255,5302,60420,23,273755
8690,0.00045,172.31.33.0-255,66,60486,23,273755
8691,0.000534,74.125.24.0-255,1484,61970,23,273755
8692,0.000537,74.125.24.0-255,1484,63454,23,273755
8693,0.000549,74.125.24.0-255,1484,64938,23,273755
8694,0.000555,74.125.24.0-255,5738,70676,23,273755
8695,0.000569,172.31.33.0-255,66,70742,23,273755
8696,0.00058,74.125.24.0-255,2902,73644,23,273755
8697,0.000592,172.31.33.0-255,66,73710,23,273755
8698,0.000602,74.125.24.0-255,5738,79448,23,273755
8699,0.000614,74.125.24.0-255,2902,82350,23,273755
8700,0.000633,74.125.24.0-255,4320,86670,23,273755
8701,0.000637,172.31.33.0-255,66,86736,23,273755
8702,0.000642,172.31.33.0-255,66,86802,23,273755
8703,0.000656,74.125.24.0-255,4320,91122,23,273755
8704,0.00067,74.125.24.0-255,3602,94724,23,273755
8705,0.000676,172.31.33.0-255,66,94790,23,273755
8706,0.00134,74.125.24.0-255,1484,96274,23,273755
8707,0.001347,74.125.24.0-255,2902,99176,23,273755
8708,0.001351,172.31.33.0-255,66,99242,23,273755
8709,0.001369,74.125.24.0-255,5738,104980,23,273755
8710,0.001385,74.125.24.0-255,2902,107882,23,273755
8711,0.001416,74.125.24.0-255,1484,109366,23,273755
8712,0.001442,74.125.24.0-255,4320,113686,23,273755
8713,0.001458,74.125.24.0-255,5020,118706,23,273755
8714,0.001518,74.125.24.0-255,1484,120190,23,273755
8715,0.001536,74.125.24.0-255,2902,123092,23,273755
8716,0.001539,74.125.24.0-255,2902,125994,23,273755
8717,0.001556,74.125.24.0-255,2902,128896,23,273755
8718,0.001566,74.125.24.0-255,1484,130380,23,273755
8719,0.001592,74.125.24.0-255,1484,131864,23,273755
8720,0.001605,74.125.24.0-255,2902,134766,23,273755
8721,0.001617,74.125.24.0-255,6438,141204,23,273755
8722,0.001645,74.125.24.0-255,4320,145524,23,273755
8723,0.00169,74.125.24.0-255,7156,152680,23,273755
8724,0.001713,74.125.24.0-255,4320,157000,23,273755
8725,0.001812,74.125.24.0-255,5738,162738,23,273755
8726,0.001852,74.125.24.0-255,1484,164222,23,273755
8727,0.001869,74.125.24.0-255,2902,167124,23,273755
8728,0.001875,74.125.24.0-255,5738,172862,23,273755
8729,0.001899,74.125.24.0-255,4320,177182,23,273755
8730,0.001918,74.125.24.0-255,2902,180084,23,273755
8731,0.001957,74.125.24.0-255,4320,184404,23,273755
8732,0.001972,74.125.24.0-255,3602,188006,23,273755
8733,0.002104,74.125.24.0-255,1484,189490,23,273755
8734,0.002112,74.125.24.0-255,2902,192392,23,273755
8735,0.002117,74.125.24.0-255,4320,196712,23,273755
8736,0.002129,74.125.24.0-255,1484,198196,23,273755
8737,0.002149,74.125.24.0-255,5738,203934,23,273755
8738,0.002172,74.125.24.0-255,7156,211090,23,273755
8739,0.00218,74.125.24.0-255,7156,218246,23,273755
8740,0.00219,74.125.24.0-255,1484,219730,23,273755
8741,0.002213,74.125.24.0-255,2184,221914,23,273755
8742,0.002752,74.125.24.0-255,1484,223398,23,273755
8743,0.002765,74.125.24.0-255,2902,226300,23,273755
8744,0.002785,74.125.24.0-255,2902,229202,23,273755
8745,0.002799,74.125.24.0-255,4320,233522,23,273755
8746,0.002814,74.125.24.0-255,5738,239260,23,273755
8747,0.002817,74.125.24.0-255,1484,240744,23,273755
8748,0.002832,74.125.24.0-255,1484,242228,23,273755
8749,0.002835,74.125.24.0-255,1484,243712,23,273755
8750,0.002854,74.125.24.0-255,4320,248032,23,273755
8751,0.002878,74.125.24.0-255,1484,249516,23,273755
8752,0.002881,74.125.24.0-255,1484,251000,23,273755
8753,0.002884,74.125.24.0-255,2902,253902,23,273755
8754,0.00289,74.125.24.0-255,4320,258222,23,273755
8755,0.002901,74.125.24.0-255,1484,259706,23,273755
8756,0.002955,74.125.24.0-255,766,260472,23,273755
8757,0.003058,74.125.24.0-255,1484,261956,23,273755
8758,0.003071,74.125.24.0-255,2902,264858,23,273755
8759,0.003085,74.125.24.0-255,5738,270596,23,273755
8760,0.003131,74.125.24.0-255,2817,273413,23,273755
8761,0.003176,74.125.24.0-255,105,273518,23,273755
8762,0.005114,172.31.33.0-255,66,273584,23,273755
8763,0.007146,172.31.33.0-255,105,273689,23,273755
8764,0.009686,74.125.24.0-255,66,273755,23,273755
8765,0.0,74.125.130.0-255,143,143,23,382130
8766,2.8e-05,172.31.33.0-255,66,209,23,382130
8767,3.5e-05,74.125.130.0-255,1484,1693,23,382130
8768,4e-05,172.31.33.0-255,66,1759,23,382130
8769,5.8e-05,74.125.130.0-255,2902,4661,23,382130
8770,6e-05,172.31.33.0-255,66,4727,23,382130
8771,7.4e-05,74.125.130.0-255,1484,6211,23,382130
8772,7.6e-05,172.31.33.0-255,66,6277,23,382130
8773,9.9e-05,74.125.130.0-255,2902,9179,23,382130
8774,0.000101,172.31.33.0-255,66,9245,23,382130
8775,0.000119,74.125.130.0-255,4320,13565,23,382130
8776,0.000121,172.31.33.0-255,66,13631,23,382130
8777,0.000138,74.125.130.0-255,572,14203,23,382130
8778,0.000141,172.31.33.0-255,66,14269,23,382130
8779,0.000408,74.125.130.0-255,1484,15753,23,382130
8780,0.000414,172.31.33.0-255,66,15819,23,382130
8781,0.000419,74.125.130.0-255,2902,18721,23,382130
8782,0.000422,172.31.33.0-255,66,18787,23,382130
8783,0.000444,74.125.130.0-255,2902,21689,23,382130
8784,0.000447,172.31.33.0-255,66,21755,23,382130
8785,0.000463,74.125.130.0-255,2902,24657,23,382130
8786,0.000466,172.31.33.0-255,66,24723,23,382130
8787,0.00047,74.125.130.0-255,2902,27625,23,382130
8788,0.000472,172.31.33.0-255,66,27691,23,382130
8789,0.000476,74.125.130.0-255,3961,31652,23,382130
8790,0.000479,172.31.33.0-255,66,31718,23,382130
8791,0.000516,74.125.130.0-255,1484,33202,23,382130
8792,0.000521,172.31.33.0-255,66,33268,23,382130
8793,0.00053,74.125.130.0-255,7156,40424,23,382130
8794,0.000533,172.31.33.0-255,66,40490,23,382130
8795,0.000538,74.125.130.0-255,4320,44810,23,382130
8796,0.000541,172.31.33.0-255,66,44876,23,382130
8797,0.00057,74.125.130.0-255,5738,50614,23,382130
8798,0.000573,172.31.33.0-255,66,50680,23,382130
8799,0.000577,74.125.130.0-255,2902,53582,23,382130
8800,0.000579,172.31.33.0-255,66,53648,23,382130
8801,0.000583,74.125.130.0-255,4320,57968,23,382130
8802,0.000585,172.31.33.0-255,66,58034,23,382130
8803,0.00063,74.125.130.0-255,4320,62354,23,382130
8804,0.000633,172.31.33.0-255,66,62420,23,382130
8805,0.000661,74.125.130.0-255,3880,66300,23,382130
8806,0.000663,172.31.33.0-255,66,66366,23,382130
8807,0.000928,74.125.130.0-255,398,66764,23,382130
8808,0.001096,74.125.130.0-255,1484,68248,23,382130
8809,0.001101,172.31.33.0-255,66,68314,23,382130
8810,0.001107,74.125.130.0-255,2902,71216,23,382130
8811,0.001108,172.31.33.0-255,66,71282,23,382130
8812,0.001132,74.125.130.0-255,4320,75602,23,382130
8813,0.001135,172.31.33.0-255,66,75668,23,382130
8814,0.001146,74.125.130.0-255,1484,77152,23,382130
8815,0.001164,74.125.130.0-255,7156,84308,23,382130
8816,0.001166,172.31.33.0-255,66,84374,23,382130
8817,0.001171,74.125.130.0-255,4320,88694,23,382130
8818,0.001172,172.31.33.0-255,66,88760,23,382130
8819,0.00119,74.125.130.0-255,5738,94498,23,382130
8820,0.001192,172.31.33.0-255,66,94564,23,382130
8821,0.001208,74.125.130.0-255,1484,96048,23,382130
8822,0.001222,74.125.130.0-255,5020,101068,23,382130
8823,0.001225,172.31.33.0-255,66,101134,23,382130
8824,0.001617,74.125.130.0-255,1484,102618,23,382130
8825,0.001624,74.125.130.0-255,2902,105520,23,382130
8826,0.001627,172.31.33.0-255,66,105586,23,382130
8827,0.001643,74.125.130.0-255,1484,107070,23,382130
8828,0.001658,74.125.130.0-255,4320,111390,23,382130
8829,0.00166,172.31.33.0-255,66,111456,23,382130
8830,0.001663,74.125.130.0-255,1484,112940,23,382130
8831,0.001683,172.31.33.0-255,66,113006,23,382130
8832,0.001704,74.125.130.0-255,1484,114490,23,382130
8833,0.001717,74.125.130.0-255,7156,121646,23,382130
8834,0.00172,172.31.33.0-255,66,121712,23,382130
8835,0.001729,74.125.130.0-255,2902,124614,23,382130
8836,0.001731,172.31.33.0-255,66,124680,23,382130
8837,0.001734,74.125.130.0-255,2184,126864,23,382130
8838,0.001736,172.31.33.0-255,66,126930,23,382130
8839,0.001799,74.125.130.0-255,1484,128414,23,382130
8840,0.001812,74.125.130.0-255,1484,129898,23,382130
8841,0.001813,172.31.33.0-255,66,129964,23,382130
8842,0.001824,74.125.130.0-255,1484,131448,23,382130
8843,0.001839,74.125.130.0-255,4320,135768,23,382130
8844,0.001841,172.31.33.0-255,66,135834,23,382130
8845,0.00187,74.125.130.0-255,1484,137318,23,382130
8846,0.001885,74.125.130.0-255,1484,138802,23,382130
8847,0.001887,172.31.33.0-255,66,138868,23,382130
8848,0.001898,74.125.130.0-255,1484,140352,23,382130
8849,0.001912,74.125.130.0-255,5738,146090,23,382130
8850,0.001914,172.31.33.0-255,66,146156,23,382130
8851,0.001933,74.125.130.0-255,2902,149058,23,382130
8852,0.001935,172.31.33.0-255,66,149124,23,382130
8853,0.001952,74.125.130.0-255,4320,153444,23,382130
8854,0.001954,172.31.33.0-255,66,153510,23,382130
8855,0.001974,74.125.130.0-255,5738,159248,23,382130
8856,0.001976,172.31.33.0-255,66,159314,23,382130
8857,0.001979,74.125.130.0-255,2184,161498,23,382130
8858,0.001981,172.31.33.0-255,66,161564,23,382130
8859,0.002059,74.125.130.0-255,1484,163048,23,382130
8860,0.002074,74.125.130.0-255,2902,165950,23,382130
8861,0.002076,172.31.33.0-255,66,166016,23,382130
8862,0.002095,74.125.130.0-255,5738,171754,23,382130
8863,0.002097,172.31.33.0-255,66,171820,23,382130
8864,0.00214,74.125.130.0-255,4320,176140,23,382130
8865,0.002142,172.31.33.0-255,66,176206,23,382130
8866,0.002166,172.31.33.0-255,66,176272,23,382130
8867,0.002189,74.125.130.0-255,1484,177756,23,382130
8868,0.002214,172.31.33.0-255,66,177822,23,382130
8869,0.002228,74.125.130.0-255,766,178588,23,382130
8870,0.00228,74.125.130.0-255,1484,180072,23,382130
8871,0.002282,172.31.33.0-255,66,180138,23,382130
8872,0.002295,74.125.130.0-255,1484,181622,23,382130
8873,0.002311,74.125.130.0-255,1484,183106,23,382130
8874,0.002313,172.31.33.0-255,66,183172,23,382130
8875,0.002323,74.125.130.0-255,2902,186074,23,382130
8876,0.002326,172.31.33.0-255,66,186140,23,382130
8877,0.002328,74.125.130.0-255,1484,187624,23,382130
8878,0.002351,74.125.130.0-255,4320,191944,23,382130
8879,0.002353,172.31.33.0-255,66,192010,23,382130
8880,0.002368,74.125.130.0-255,2902,194912,23,382130
8881,0.00237,172.31.33.0-255,66,194978,23,382130
8882,0.002376,74.125.130.0-255,7156,202134,23,382130
8883,0.002378,172.31.33.0-255,66,202200,23,382130
8884,0.0024,74.125.130.0-255,1484,203684,23,382130
8885,0.002404,74.125.130.0-255,4320,208004,23,382130
8886,0.002406,172.31.33.0-255,66,208070,23,382130
8887,0.002411,74.125.130.0-255,5020,213090,23,382130
8888,0.002413,172.31.33.0-255,66,213156,23,382130
8889,0.002556,74.125.130.0-255,1484,214640,23,382130
8890,0.00257,74.125.130.0-255,1484,216124,23,382130
8891,0.002572,172.31.33.0-255,66,216190,23,382130
8892,0.002587,74.125.130.0-255,1484,217674,23,382130
8893,0.002592,74.125.130.0-255,4320,221994,23,382130
8894,0.002594,172.31.33.0-255,66,222060,23,382130
8895,0.002631,74.125.130.0-255,4320,226380,23,382130
8896,0.002633,172.31.33.0-255,66,226446,23,382130
8897,0.002653,74.125.130.0-255,1484,227930,23,382130
8898,0.002658,74.125.130.0-255,5738,233668,23,382130
8899,0.00266,172.31.33.0-255,66,233734,23,382130
8900,0.002662,74.125.130.0-255,1484,235218,23,382130
8901,0.002666,74.125.130.0-255,4320,239538,23,382130
8902,0.002668,172.31.33.0-255,66,239604,23,382130
8903,0.002672,74.125.130.0-255,4320,243924,23,382130
8904,0.002674,172.31.33.0-255,66,243990,23,382130
8905,0.002676,74.125.130.0-255,1484,245474,23,382130
8906,0.002689,74.125.130.0-255,2184,247658,23,382130
8907,0.002691,172.31.33.0-255,66,247724,23,382130
8908,0.002773,74.125.130.0-255,1484,249208,23,382130
8909,0.002793,74.125.130.0-255,2902,252110,23,382130
8910,0.002795,172.31.33.0-255,66,252176,23,382130
8911,0.002814,74.125.130.0-255,5738,257914,23,382130
8912,0.002815,172.31.33.0-255,66,257980,23,382130
8913,0.002843,74.125.130.0-255,1484,259464,23,382130
8914,0.002851,74.125.130.0-255,1484,260948,23,382130
8915,0.002852,172.31.33.0-255,66,261014,23,382130
8916,0.002875,172.31.33.0-255,66,261080,23,382130
8917,0.002877,74.125.130.0-255,1484,262564,23,382130
8918,0.002896,74.125.130.0-255,7156,269720,23,382130
8919,0.002898,172.31.33.0-255,66,269786,23,382130
8920,0.002915,74.125.130.0-255,3602,273388,23,382130
8921,0.002917,172.31.33.0-255,66,273454,23,382130
8922,0.003064,74.125.130.0-255,1484,274938,23,382130
8923,0.003079,74.125.130.0-255,2902,277840,23,382130
8924,0.003081,172.31.33.0-255,66,277906,23,382130
8925,0.003089,74.125.130.0-255,1484,279390,23,382130
8926,0.003102,74.125.130.0-255,2902,282292,23,382130
8927,0.003104,172.31.33.0-255,66,282358,23,382130
8928,0.003106,74.125.130.0-255,1484,283842,23,382130
8929,0.003123,74.125.130.0-255,4320,288162,23,382130
8930,0.003125,172.31.33.0-255,66,288228,23,382130
8931,0.00315,74.125.130.0-255,7156,295384,23,382130
8932,0.003152,172.31.33.0-255,66,295450,23,382130
8933,0.00317,74.125.130.0-255,4320,299770,23,382130
8934,0.003172,172.31.33.0-255,66,299836,23,382130
8935,0.003174,74.125.130.0-255,1484,301320,23,382130
8936,0.003189,74.125.130.0-255,2902,304222,23,382130
8937,0.003191,172.31.33.0-255,66,304288,23,382130
8938,0.003223,74.125.130.0-255,3602,307890,23,382130
8939,0.003225,172.31.33.0-255,66,307956,23,382130
8940,0.003312,74.125.130.0-255,1484,309440,23,382130
8941,0.00333,74.125.130.0-255,1484,310924,23,382130
8942,0.003332,172.31.33.0-255,66,310990,23,382130
8943,0.003347,74.125.130.0-255,2902,313892,23,382130
8944,0.003349,172.31.33.0-255,66,313958,23,382130
8945,0.003367,74.125.130.0-255,5738,319696,23,382130
8946,0.003369,172.31.33.0-255,66,319762,23,382130
8947,0.003373,74.125.130.0-255,2902,322664,23,382130
8948,0.003375,172.31.33.0-255,66,322730,23,382130
8949,0.003395,74.125.130.0-255,1484,324214,23,382130
8950,0.003398,74.125.130.0-255,2902,327116,23,382130
8951,0.0034,172.31.33.0-255,66,327182,23,382130
8952,0.003403,74.125.130.0-255,1484,328666,23,382130
8953,0.003417,74.125.130.0-255,2902,331568,23,382130
8954,0.003419,172.31.33.0-255,66,331634,23,382130
8955,0.003423,74.125.130.0-255,4320,335954,23,382130
8956,0.003425,172.31.33.0-255,66,336020,23,382130
8957,0.003445,74.125.130.0-255,2902,338922,23,382130
8958,0.003447,172.31.33.0-255,66,338988,23,382130
8959,0.003457,74.125.130.0-255,1484,340472,23,382130
8960,0.003476,74.125.130.0-255,4320,344792,23,382130
8961,0.003478,172.31.33.0-255,66,344858,23,382130
8962,0.00349,74.125.130.0-255,766,345624,23,382130
8963,0.003509,172.31.33.0-255,66,345690,23,382130
8964,0.003512,74.125.130.0-255,1484,347174,23,382130
8965,0.003548,74.125.130.0-255,1484,348658,23,382130
8966,0.00355,172.31.33.0-255,66,348724,23,382130
8967,0.003562,74.125.130.0-255,4320,353044,23,382130
8968,0.003564,172.31.33.0-255,66,353110,23,382130
8969,0.003581,74.125.130.0-255,5738,358848,23,382130
8970,0.003583,172.31.33.0-255,66,358914,23,382130
8971,0.0036,74.125.130.0-255,5738,364652,23,382130
8972,0.003602,172.31.33.0-255,66,364718,23,382130
8973,0.003622,74.125.130.0-255,6438,371156,23,382130
8974,0.003624,172.31.33.0-255,66,371222,23,382130
8975,0.003669,74.125.130.0-255,5738,376960,23,382130
8976,0.003671,172.31.33.0-255,66,377026,23,382130
8977,0.003689,74.125.130.0-255,4762,381788,23,382130
8978,0.003691,172.31.33.0-255,66,381854,23,382130
8979,0.003702,74.125.130.0-255,105,381959,23,382130
8980,0.008512,172.31.33.0-255,66,382025,23,382130
8981,0.008535,172.31.33.0-255,105,382130,23,382130
8982,0.0,172.217.194.0-255,155,155,23,135400
8983,1.8e-05,172.31.33.0-255,66,221,23,135400
8984,2.4e-05,172.217.194.0-255,1484,1705,23,135400
8985,2.8e-05,172.31.33.0-255,66,1771,23,135400
8986,3.3e-05,172.217.194.0-255,2902,4673,23,135400
8987,3.6e-05,172.31.33.0-255,66,4739,23,135400
8988,4.3e-05,172.217.194.0-255,7156,11895,23,135400
8989,4.5e-05,172.31.33.0-255,66,11961,23,135400
8990,6.2e-05,172.217.194.0-255,1484,13445,23,135400
8991,6.4e-05,172.31.33.0-255,66,13511,23,135400
8992,0.000104,172.31.33.0-255,66,13577,23,135400
8993,0.000108,172.217.194.0-255,2543,16120,23,135400
8994,0.00011,172.31.33.0-255,66,16186,23,135400
8995,0.000136,172.217.194.0-255,2902,19088,23,135400
8996,0.000139,172.31.33.0-255,66,19154,23,135400
8997,0.000143,172.217.194.0-255,2902,22056,23,135400
8998,0.000145,172.31.33.0-255,66,22122,23,135400
8999,0.000161,172.217.194.0-255,4320,26442,23,135400
9000,0.000163,172.31.33.0-255,66,26508,23,135400
9001,0.000176,172.31.33.0-255,66,26574,23,135400
9002,0.000218,172.217.194.0-255,4320,30894,23,135400
9003,0.000221,172.31.33.0-255,66,30960,23,135400
9004,0.000244,172.31.33.0-255,66,31026,23,135400
9005,0.000549,172.217.194.0-255,98,31124,23,135400
9006,0.000553,172.31.33.0-255,66,31190,23,135400
9007,0.000624,172.217.194.0-255,1484,32674,23,135400
9008,0.000627,172.31.33.0-255,66,32740,23,135400
9009,0.000633,172.217.194.0-255,2902,35642,23,135400
9010,0.000635,172.31.33.0-255,66,35708,23,135400
9011,0.000661,172.217.194.0-255,5738,41446,23,135400
9012,0.000666,172.31.33.0-255,66,41512,23,135400
9013,0.000672,172.217.194.0-255,6797,48309,23,135400
9014,0.000674,172.31.33.0-255,66,48375,23,135400
9015,0.000739,172.217.194.0-255,1484,49859,23,135400
9016,0.000753,172.217.194.0-255,2902,52761,23,135400
9017,0.000758,172.31.33.0-255,66,52827,23,135400
9018,0.000779,172.217.194.0-255,5738,58565,23,135400
9019,0.000782,172.31.33.0-255,66,58631,23,135400
9020,0.000789,172.217.194.0-255,6797,65428,23,135400
9021,0.000792,172.31.33.0-255,66,65494,23,135400
9022,0.001599,172.217.194.0-255,1484,66978,23,135400
9023,0.001608,172.217.194.0-255,2902,69880,23,135400
9024,0.001611,172.31.33.0-255,66,69946,23,135400
9025,0.001616,172.217.194.0-255,1484,71430,23,135400
9026,0.001635,172.217.194.0-255,4320,75750,23,135400
9027,0.001637,172.31.33.0-255,66,75816,23,135400
9028,0.001643,172.217.194.0-255,5738,81554,23,135400
9029,0.001645,172.31.33.0-255,66,81620,23,135400
9030,0.001671,172.217.194.0-255,7156,88776,23,135400
9031,0.001674,172.31.33.0-255,66,88842,23,135400
9032,0.001698,172.31.33.0-255,66,88908,23,135400
9033,0.001702,172.217.194.0-255,766,89674,23,135400
9034,0.001715,172.217.194.0-255,1484,91158,23,135400
9035,0.001717,172.31.33.0-255,66,91224,23,135400
9036,0.001721,172.217.194.0-255,2902,94126,23,135400
9037,0.001723,172.31.33.0-255,66,94192,23,135400
9038,0.001734,172.217.194.0-255,1484,95676,23,135400
9039,0.001739,172.217.194.0-255,4320,99996,23,135400
9040,0.00174,172.31.33.0-255,66,100062,23,135400
9041,0.001772,172.31.33.0-255,66,100128,23,135400
9042,0.001785,172.217.194.0-255,1484,101612,23,135400
9043,0.00179,172.217.194.0-255,4320,105932,23,135400
9044,0.001792,172.31.33.0-255,66,105998,23,135400
9045,0.001832,172.31.33.0-255,66,106064,23,135400
9046,0.001848,172.31.33.0-255,66,106130,23,135400
9047,0.001856,172.31.33.0-255,66,106196,23,135400
9048,0.001916,172.31.33.0-255,66,106262,23,135400
9049,0.001949,172.31.33.0-255,66,106328,23,135400
9050,0.001955,172.217.194.0-255,5020,111348,23,135400
9051,0.001957,172.31.33.0-255,66,111414,23,135400
9052,0.00199,172.31.33.0-255,66,111480,23,135400
9053,0.001997,172.217.194.0-255,1484,112964,23,135400
9054,0.002015,172.31.33.0-255,66,113030,23,135400
9055,0.002037,172.31.33.0-255,66,113096,23,135400
9056,0.002048,172.31.33.0-255,66,113162,23,135400
9057,0.002073,172.217.194.0-255,1484,114646,23,135400
9058,0.002106,172.31.33.0-255,66,114712,23,135400
9059,0.002116,172.31.33.0-255,66,114778,23,135400
9060,0.002137,172.31.33.0-255,66,114844,23,135400
9061,0.002141,172.217.194.0-255,4320,119164,23,135400
9062,0.002143,172.31.33.0-255,66,119230,23,135400
9063,0.002168,172.31.33.0-255,66,119296,23,135400
9064,0.002192,172.217.194.0-255,4320,123616,23,135400
9065,0.002194,172.31.33.0-255,66,123682,23,135400
9066,0.002219,172.31.33.0-255,66,123748,23,135400
9067,0.002247,172.31.33.0-255,66,123814,23,135400
9068,0.00229,172.217.194.0-255,5738,129552,23,135400
9069,0.002292,172.31.33.0-255,66,129618,23,135400
9070,0.002324,172.31.33.0-255,66,129684,23,135400
9071,0.002329,172.217.194.0-255,5374,135058,23,135400
9072,0.002331,172.31.33.0-255,66,135124,23,135400
9073,0.002333,172.217.194.0-255,105,135229,23,135400
9074,0.007506,172.31.33.0-255,66,135295,23,135400
9075,0.007537,172.31.33.0-255,105,135400,23,135400
9076,0.0,172.31.33.0-255,105,105,23,276
9077,0.002057,157.240.7.0-255,105,210,23,276
9078,0.002068,172.31.33.0-255,66,276,23,276
9079,0.0,172.217.194.0-255,298,298,23,210710
9080,2.2e-05,172.31.33.0-255,66,364,23,210710
9081,2.8e-05,172.217.194.0-255,1484,1848,23,210710
9082,3.1e-05,172.31.33.0-255,66,1914,23,210710
9083,3.8e-05,172.217.194.0-255,4320,6234,23,210710
9084,4e-05,172.31.33.0-255,66,6300,23,210710
9085,4.7e-05,172.217.194.0-255,7156,13456,23,210710
9086,5e-05,172.31.33.0-255,66,13522,23,210710
9087,7.2e-05,172.217.194.0-255,442,13964,23,210710
9088,7.4e-05,172.31.33.0-255,66,14030,23,210710
9089,0.000103,172.217.194.0-255,1484,15514,23,210710
9090,0.000105,172.31.33.0-255,66,15580,23,210710
9091,0.000126,172.217.194.0-255,4320,19900,23,210710
9092,0.000128,172.31.33.0-255,66,19966,23,210710
9093,0.000154,172.217.194.0-255,5738,25704,23,210710
9094,0.000156,172.31.33.0-255,66,25770,23,210710
9095,0.000177,172.217.194.0-255,4320,30090,23,210710
9096,0.000179,172.31.33.0-255,66,30156,23,210710
9097,0.000182,172.217.194.0-255,1125,31281,23,210710
9098,0.000184,172.31.33.0-255,66,31347,23,210710
9099,0.000196,172.31.33.0-255,66,31413,23,210710
9100,0.0002,172.217.194.0-255,3961,35374,23,210710
9101,0.000202,172.31.33.0-255,66,35440,23,210710
9102,0.000363,172.217.194.0-255,1484,36924,23,210710
9103,0.000368,172.31.33.0-255,66,36990,23,210710
9104,0.000373,172.217.194.0-255,2902,39892,23,210710
9105,0.000374,172.31.33.0-255,66,39958,23,210710
9106,0.000377,172.217.194.0-255,1484,41442,23,210710
9107,0.000379,172.31.33.0-255,66,41508,23,210710
9108,0.000406,172.217.194.0-255,4320,45828,23,210710
9109,0.000409,172.31.33.0-255,66,45894,23,210710
9110,0.000415,172.217.194.0-255,6797,52691,23,210710
9111,0.000417,172.31.33.0-255,66,52757,23,210710
9112,0.00045,172.217.194.0-255,4902,57659,23,210710
9113,0.000453,172.31.33.0-255,66,57725,23,210710
9114,0.000475,172.217.194.0-255,5738,63463,23,210710
9115,0.000478,172.31.33.0-255,66,63529,23,210710
9116,0.000504,172.217.194.0-255,7156,70685,23,210710
9117,0.000506,172.31.33.0-255,66,70751,23,210710
9118,0.000521,172.217.194.0-255,5379,76130,23,210710
9119,0.000523,172.31.33.0-255,66,76196,23,210710
9120,0.000559,172.217.194.0-255,4320,80516,23,210710
9121,0.000561,172.31.33.0-255,66,80582,23,210710
9122,0.000583,172.217.194.0-255,6797,87379,23,210710
9123,0.000585,172.31.33.0-255,66,87445,23,210710
9124,0.000767,172.217.194.0-255,1484,88929,23,210710
9125,0.000772,172.217.194.0-255,1484,90413,23,210710
9126,0.000774,172.31.33.0-255,66,90479,23,210710
9127,0.000792,172.217.194.0-255,1484,91963,23,210710
9128,0.000798,172.217.194.0-255,5738,97701,23,210710
9129,0.0008,172.31.33.0-255,66,97767,23,210710
9130,0.000803,172.217.194.0-255,1484,99251,23,210710
9131,0.000834,172.31.33.0-255,66,99317,23,210710
9132,0.000862,172.217.194.0-255,7156,106473,23,210710
9133,0.000865,172.31.33.0-255,66,106539,23,210710
9134,0.000878,172.217.194.0-255,4841,111380,23,210710
9135,0.000881,172.31.33.0-255,66,111446,23,210710
9136,0.000895,172.217.194.0-255,5738,117184,23,210710
9137,0.000898,172.31.33.0-255,66,117250,23,210710
9138,0.000929,172.217.194.0-255,7156,124406,23,210710
9139,0.000932,172.31.33.0-255,66,124472,23,210710
9140,0.000942,172.31.33.0-255,66,124538,23,210710
9141,0.00097,172.31.33.0-255,66,124604,23,210710
9142,0.00099,172.217.194.0-255,766,125370,23,210710
9143,0.001002,172.31.33.0-255,66,125436,23,210710
9144,0.001032,172.217.194.0-255,5738,131174,23,210710
9145,0.001034,172.31.33.0-255,66,131240,23,210710
9146,0.001053,172.31.33.0-255,66,131306,23,210710
9147,0.001072,172.31.33.0-255,66,131372,23,210710
9148,0.001181,172.217.194.0-255,1484,132856,23,210710
9149,0.001186,172.217.194.0-255,2902,135758,23,210710
9150,0.001188,172.31.33.0-255,66,135824,23,210710
9151,0.001192,172.217.194.0-255,1484,137308,23,210710
9152,0.001212,172.217.194.0-255,4320,141628,23,210710
9153,0.001215,172.31.33.0-255,66,141694,23,210710
9154,0.001221,172.217.194.0-255,7156,148850,23,210710
9155,0.001223,172.31.33.0-255,66,148916,23,210710
9156,0.001286,172.31.33.0-255,66,148982,23,210710
9157,0.00129,172.217.194.0-255,2184,151166,23,210710
9158,0.001292,172.31.33.0-255,66,151232,23,210710
9159,0.001336,172.217.194.0-255,1484,152716,23,210710
9160,0.00134,172.217.194.0-255,1484,154200,23,210710
9161,0.001342,172.31.33.0-255,66,154266,23,210710
9162,0.00136,172.217.194.0-255,1484,155750,23,210710
9163,0.001366,172.217.194.0-255,5738,161488,23,210710
9164,0.001368,172.31.33.0-255,66,161554,23,210710
9165,0.001374,172.217.194.0-255,7156,168710,23,210710
9166,0.001376,172.31.33.0-255,66,168776,23,210710
9167,0.001422,172.31.33.0-255,66,168842,23,210710
9168,0.001435,172.217.194.0-255,2902,171744,23,210710
9169,0.001437,172.31.33.0-255,66,171810,23,210710
9170,0.001468,172.31.33.0-255,66,171876,23,210710
9171,0.001473,172.217.194.0-255,2902,174778,23,210710
9172,0.001475,172.31.33.0-255,66,174844,23,210710
9173,0.001509,172.31.33.0-255,66,174910,23,210710
9174,0.001522,172.217.194.0-255,1484,176394,23,210710
9175,0.001526,172.217.194.0-255,2902,179296,23,210710
9176,0.00153,172.31.33.0-255,66,179362,23,210710
9177,0.00155,172.217.194.0-255,5738,185100,23,210710
9178,0.001553,172.31.33.0-255,66,185166,23,210710
9179,0.00158,172.31.33.0-255,66,185232,23,210710
9180,0.001589,172.31.33.0-255,66,185298,23,210710
9181,0.00163,172.217.194.0-255,2184,187482,23,210710
9182,0.001632,172.31.33.0-255,66,187548,23,210710
9183,0.001668,172.217.194.0-255,2902,190450,23,210710
9184,0.001672,172.31.33.0-255,66,190516,23,210710
9185,0.001692,172.217.194.0-255,4320,194836,23,210710
9186,0.001702,172.31.33.0-255,66,194902,23,210710
9187,0.001704,172.31.33.0-255,66,194968,23,210710
9188,0.001756,172.31.33.0-255,66,195034,23,210710
9189,0.001762,172.217.194.0-255,5020,200054,23,210710
9190,0.001763,172.31.33.0-255,66,200120,23,210710
9191,0.001784,172.217.194.0-255,7156,207276,23,210710
9192,0.001786,172.31.33.0-255,66,207342,23,210710
9193,0.001825,172.31.33.0-255,66,207408,23,210710
9194,0.001828,172.217.194.0-255,1484,208892,23,210710
9195,0.001831,172.217.194.0-255,1484,210376,23,210710
9196,0.001833,172.31.33.0-255,66,210442,23,210710
9197,0.001879,172.31.33.0-255,66,210508,23,210710
9198,0.001882,172.217.194.0-255,97,210605,23,210710
9199,0.001884,172.217.194.0-255,105,210710,23,210710
9200,0.0,74.125.130.0-255,156,156,23,334404
9201,3.1e-05,172.31.33.0-255,66,222,23,334404
9202,3.6e-05,74.125.130.0-255,1484,1706,23,334404
9203,4e-05,172.31.33.0-255,66,1772,23,334404
9204,4.4e-05,74.125.130.0-255,2902,4674,23,334404
9205,4.8e-05,172.31.33.0-255,66,4740,23,334404
9206,6.8e-05,74.125.130.0-255,5738,10478,23,334404
9207,7.1e-05,172.31.33.0-255,66,10544,23,334404
9208,0.000121,74.125.130.0-255,3373,13917,23,334404
9209,0.000125,172.31.33.0-255,66,13983,23,334404
9210,0.000244,74.125.130.0-255,1484,15467,23,334404
9211,0.000248,172.31.33.0-255,66,15533,23,334404
9212,0.000253,74.125.130.0-255,2902,18435,23,334404
9213,0.000256,172.31.33.0-255,66,18501,23,334404
9214,0.000277,74.125.130.0-255,2902,21403,23,334404
9215,0.000279,172.31.33.0-255,66,21469,23,334404
9216,0.000284,74.125.130.0-255,4320,25789,23,334404
9217,0.000286,172.31.33.0-255,66,25855,23,334404
9218,0.000341,172.31.33.0-255,66,25921,23,334404
9219,0.000346,74.125.130.0-255,5738,31659,23,334404
9220,0.000349,172.31.33.0-255,66,31725,23,334404
9221,0.000364,74.125.130.0-255,4320,36045,23,334404
9222,0.000367,172.31.33.0-255,66,36111,23,334404
9223,0.000373,74.125.130.0-255,5738,41849,23,334404
9224,0.000377,172.31.33.0-255,66,41915,23,334404
9225,0.000407,74.125.130.0-255,2902,44817,23,334404
9226,0.00041,172.31.33.0-255,66,44883,23,334404
9227,0.00042,172.31.33.0-255,66,44949,23,334404
9228,0.000423,74.125.130.0-255,766,45715,23,334404
9229,0.000425,172.31.33.0-255,66,45781,23,334404
9230,0.000456,74.125.130.0-255,646,46427,23,334404
9231,0.000604,74.125.130.0-255,1484,47911,23,334404
9232,0.000607,172.31.33.0-255,66,47977,23,334404
9233,0.000611,74.125.130.0-255,1484,49461,23,334404
9234,0.000621,74.125.130.0-255,1484,50945,23,334404
9235,0.000624,172.31.33.0-255,66,51011,23,334404
9236,0.00063,74.125.130.0-255,4320,55331,23,334404
9237,0.000633,172.31.33.0-255,66,55397,23,334404
9238,0.000656,74.125.130.0-255,1484,56881,23,334404
9239,0.000674,74.125.130.0-255,7156,64037,23,334404
9240,0.000678,172.31.33.0-255,66,64103,23,334404
9241,0.000683,74.125.130.0-255,5738,69841,23,334404
9242,0.000685,172.31.33.0-255,66,69907,23,334404
9243,0.000716,74.125.130.0-255,7156,77063,23,334404
9244,0.000718,172.31.33.0-255,66,77129,23,334404
9245,0.000722,74.125.130.0-255,3602,80731,23,334404
9246,0.000724,172.31.33.0-255,66,80797,23,334404
9247,0.000827,74.125.130.0-255,1484,82281,23,334404
9248,0.000839,74.125.130.0-255,2902,85183,23,334404
9249,0.000842,172.31.33.0-255,66,85249,23,334404
9250,0.000862,74.125.130.0-255,5738,90987,23,334404
9251,0.000865,172.31.33.0-255,66,91053,23,334404
9252,0.000867,74.125.130.0-255,1484,92537,23,334404
9253,0.000885,74.125.130.0-255,2902,95439,23,334404
9254,0.000888,172.31.33.0-255,66,95505,23,334404
9255,0.000893,74.125.130.0-255,5738,101243,23,334404
9256,0.000895,172.31.33.0-255,66,101309,23,334404
9257,0.000937,172.31.33.0-255,66,101375,23,334404
9258,0.000941,74.125.130.0-255,2184,103559,23,334404
9259,0.000944,172.31.33.0-255,66,103625,23,334404
9260,0.001013,74.125.130.0-255,1484,105109,23,334404
9261,0.001028,74.125.130.0-255,1484,106593,23,334404
9262,0.001031,172.31.33.0-255,66,106659,23,334404
9263,0.001044,74.125.130.0-255,2902,109561,23,334404
9264,0.001048,172.31.33.0-255,66,109627,23,334404
9265,0.00107,74.125.130.0-255,5738,115365,23,334404
9266,0.001073,172.31.33.0-255,66,115431,23,334404
9267,0.001098,74.125.130.0-255,2902,118333,23,334404
9268,0.001101,172.31.33.0-255,66,118399,23,334404
9269,0.001113,74.125.130.0-255,5738,124137,23,334404
9270,0.001115,172.31.33.0-255,66,124203,23,334404
9271,0.001118,74.125.130.0-255,1484,125687,23,334404
9272,0.001152,172.31.33.0-255,66,125753,23,334404
9273,0.001156,74.125.130.0-255,3602,129355,23,334404
9274,0.001158,172.31.33.0-255,66,129421,23,334404
9275,0.001201,74.125.130.0-255,1484,130905,23,334404
9276,0.001221,74.125.130.0-255,2902,133807,23,334404
9277,0.001224,172.31.33.0-255,66,133873,23,334404
9278,0.001226,74.125.130.0-255,1484,135357,23,334404
9279,0.001244,74.125.130.0-255,4320,139677,23,334404
9280,0.001247,172.31.33.0-255,66,139743,23,334404
9281,0.001251,74.125.130.0-255,2902,142645,23,334404
9282,0.001253,172.31.33.0-255,66,142711,23,334404
9283,0.001267,74.125.130.0-255,4320,147031,23,334404
9284,0.00127,172.31.33.0-255,66,147097,23,334404
9285,0.001284,74.125.130.0-255,4320,151417,23,334404
9286,0.001287,172.31.33.0-255,66,151483,23,334404
9287,0.001312,74.125.130.0-255,7156,158639,23,334404
9288,0.001315,172.31.33.0-255,66,158705,23,334404
9289,0.001339,74.125.130.0-255,5020,163725,23,334404
9290,0.001341,172.31.33.0-255,66,163791,23,334404
9291,0.001405,74.125.130.0-255,1484,165275,23,334404
9292,0.001419,74.125.130.0-255,1484,166759,23,334404
9293,0.001421,172.31.33.0-255,66,166825,23,334404
9294,0.001433,74.125.130.0-255,1484,168309,23,334404
9295,0.001437,74.125.130.0-255,4320,172629,23,334404
9296,0.00144,172.31.33.0-255,66,172695,23,334404
9297,0.001461,74.125.130.0-255,5738,178433,23,334404
9298,0.001464,172.31.33.0-255,66,178499,23,334404
9299,0.001498,172.31.33.0-255,66,178565,23,334404
9300,0.001517,74.125.130.0-255,2902,181467,23,334404
9301,0.001519,172.31.33.0-255,66,181533,23,334404
9302,0.001523,74.125.130.0-255,4320,185853,23,334404
9303,0.001525,172.31.33.0-255,66,185919,23,334404
9304,0.001548,74.125.130.0-255,3602,189521,23,334404
9305,0.001551,172.31.33.0-255,66,189587,23,334404
9306,0.001699,74.125.130.0-255,1484,191071,23,334404
9307,0.001717,74.125.130.0-255,2902,193973,23,334404
9308,0.001721,172.31.33.0-255,66,194039,23,334404
9309,0.001744,74.125.130.0-255,5738,199777,23,334404
9310,0.001751,74.125.130.0-255,4320,204097,23,334404
9311,0.001753,74.125.130.0-255,1484,205581,23,334404
9312,0.001756,172.31.33.0-255,66,205647,23,334404
9313,0.001759,172.31.33.0-255,66,205713,23,334404
9314,0.001772,74.125.130.0-255,4320,210033,23,334404
9315,0.001775,172.31.33.0-255,66,210099,23,334404
9316,0.001798,172.31.33.0-255,66,210165,23,334404
9317,0.001814,74.125.130.0-255,1484,211649,23,334404
9318,0.001818,74.125.130.0-255,2184,213833,23,334404
9319,0.00182,172.31.33.0-255,66,213899,23,334404
9320,0.001976,74.125.130.0-255,1484,215383,23,334404
9321,0.001981,74.125.130.0-255,1484,216867,23,334404
9322,0.001984,172.31.33.0-255,66,216933,23,334404
9323,0.002008,74.125.130.0-255,1484,218417,23,334404
9324,0.002012,74.125.130.0-255,2902,221319,23,334404
9325,0.002014,172.31.33.0-255,66,221385,23,334404
9326,0.002019,74.125.130.0-255,4320,225705,23,334404
9327,0.00202,172.31.33.0-255,66,225771,23,334404
9328,0.002048,74.125.130.0-255,5738,231509,23,334404
9329,0.002052,172.31.33.0-255,66,231575,23,334404
9330,0.002069,74.125.130.0-255,2902,234477,23,334404
9331,0.002072,172.31.33.0-255,66,234543,23,334404
9332,0.002077,74.125.130.0-255,2902,237445,23,334404
9333,0.002078,172.31.33.0-255,66,237511,23,334404
9334,0.002111,74.125.130.0-255,4320,241831,23,334404
9335,0.002116,172.31.33.0-255,66,241897,23,334404
9336,0.002142,172.31.33.0-255,66,241963,23,334404
9337,0.002147,74.125.130.0-255,4320,246283,23,334404
9338,0.002149,172.31.33.0-255,66,246349,23,334404
9339,0.002186,74.125.130.0-255,4320,250669,23,334404
9340,0.002192,172.31.33.0-255,66,250735,23,334404
9341,0.002195,172.31.33.0-255,66,250801,23,334404
9342,0.002214,74.125.130.0-255,5738,256539,23,334404
9343,0.002217,172.31.33.0-255,66,256605,23,334404
9344,0.002243,74.125.130.0-255,6438,263043,23,334404
9345,0.002247,172.31.33.0-255,66,263109,23,334404
9346,0.002259,172.31.33.0-255,66,263175,23,334404
9347,0.002262,74.125.130.0-255,1484,264659,23,334404
9348,0.002264,74.125.130.0-255,1484,266143,23,334404
9349,0.002267,172.31.33.0-255,66,266209,23,334404
9350,0.002269,74.125.130.0-255,1484,267693,23,334404
9351,0.002272,74.125.130.0-255,1484,269177,23,334404
9352,0.002274,172.31.33.0-255,66,269243,23,334404
9353,0.002327,74.125.130.0-255,7156,276399,23,334404
9354,0.002331,172.31.33.0-255,66,276465,23,334404
9355,0.002334,74.125.130.0-255,2902,279367,23,334404
9356,0.002336,172.31.33.0-255,66,279433,23,334404
9357,0.002341,74.125.130.0-255,4320,283753,23,334404
9358,0.002343,172.31.33.0-255,66,283819,23,334404
9359,0.002362,74.125.130.0-255,766,284585,23,334404
9360,0.002394,74.125.130.0-255,1484,286069,23,334404
9361,0.002397,172.31.33.0-255,66,286135,23,334404
9362,0.002401,74.125.130.0-255,2902,289037,23,334404
9363,0.002403,172.31.33.0-255,66,289103,23,334404
9364,0.002405,74.125.130.0-255,1484,290587,23,334404
9365,0.002428,74.125.130.0-255,2902,293489,23,334404
9366,0.00243,172.31.33.0-255,66,293555,23,334404
9367,0.002434,74.125.130.0-255,2902,296457,23,334404
9368,0.002435,172.31.33.0-255,66,296523,23,334404
9369,0.002449,74.125.130.0-255,2902,299425,23,334404
9370,0.002452,74.125.130.0-255,2902,302327,23,334404
9371,0.002455,172.31.33.0-255,66,302393,23,334404
9372,0.002457,172.31.33.0-255,66,302459,23,334404
9373,0.002472,74.125.130.0-255,2902,305361,23,334404
9374,0.002474,172.31.33.0-255,66,305427,23,334404
9375,0.002477,74.125.130.0-255,1484,306911,23,334404
9376,0.002479,74.125.130.0-255,1484,308395,23,334404
9377,0.002481,172.31.33.0-255,66,308461,23,334404
9378,0.002484,74.125.130.0-255,2902,311363,23,334404
9379,0.002486,172.31.33.0-255,66,311429,23,334404
9380,0.002488,74.125.130.0-255,1484,312913,23,334404
9381,0.00249,74.125.130.0-255,1484,314397,23,334404
9382,0.002492,172.31.33.0-255,66,314463,23,334404
9383,0.002507,74.125.130.0-255,1484,315947,23,334404
9384,0.00252,74.125.130.0-255,3602,319549,23,334404
9385,0.002524,172.31.33.0-255,66,319615,23,334404
9386,0.002542,74.125.130.0-255,5738,325353,23,334404
9387,0.002545,74.125.130.0-255,1484,326837,23,334404
9388,0.002549,172.31.33.0-255,66,326903,23,334404
9389,0.002563,74.125.130.0-255,1484,328387,23,334404
9390,0.002565,74.125.130.0-255,1484,329871,23,334404
9391,0.002571,172.31.33.0-255,66,329937,23,334404
9392,0.002587,74.125.130.0-255,2902,332839,23,334404
9393,0.002595,172.31.33.0-255,66,332905,23,334404
9394,0.002601,74.125.130.0-255,1157,334062,23,334404
9395,0.002653,74.125.130.0-255,105,334167,23,334404
9396,0.00347,172.31.33.0-255,66,334233,23,334404
9397,0.003528,172.31.33.0-255,105,334338,23,334404
9398,0.005709,74.125.130.0-255,66,334404,23,334404
9399,0.0,74.125.68.0-255,152,152,23,81283
9400,2.2e-05,172.31.33.0-255,66,218,23,81283
9401,2.9e-05,74.125.68.0-255,1484,1702,23,81283
9402,3.2e-05,172.31.33.0-255,66,1768,23,81283
9403,5.7e-05,74.125.68.0-255,2902,4670,23,81283
9404,6.1e-05,172.31.33.0-255,66,4736,23,81283
9405,9.2e-05,74.125.68.0-255,1484,6220,23,81283
9406,9.4e-05,172.31.33.0-255,66,6286,23,81283
9407,0.00011,74.125.68.0-255,4320,10606,23,81283
9408,0.000112,172.31.33.0-255,66,10672,23,81283
9409,0.000222,74.125.68.0-255,3430,14102,23,81283
9410,0.000226,172.31.33.0-255,66,14168,23,81283
9411,0.000297,74.125.68.0-255,1484,15652,23,81283
9412,0.000299,172.31.33.0-255,66,15718,23,81283
9413,0.000332,172.31.33.0-255,66,15784,23,81283
9414,0.000544,74.125.68.0-255,5379,21163,23,81283
9415,0.000548,172.31.33.0-255,66,21229,23,81283
9416,0.000655,74.125.68.0-255,4320,25549,23,81283
9417,0.000659,172.31.33.0-255,66,25615,23,81283
9418,0.000697,172.31.33.0-255,66,25681,23,81283
9419,0.001045,74.125.68.0-255,4320,30001,23,81283
9420,0.001049,172.31.33.0-255,66,30067,23,81283
9421,0.001077,172.31.33.0-255,66,30133,23,81283
9422,0.001384,74.125.68.0-255,5738,35871,23,81283
9423,0.001391,172.31.33.0-255,66,35937,23,81283
9424,0.001416,74.125.68.0-255,134,36071,23,81283
9425,0.001419,172.31.33.0-255,66,36137,23,81283
9426,0.001531,172.31.33.0-255,66,36203,23,81283
9427,0.00157,172.31.33.0-255,66,36269,23,81283
9428,0.002107,74.125.68.0-255,7156,43425,23,81283
9429,0.002113,172.31.33.0-255,66,43491,23,81283
9430,0.002184,172.31.33.0-255,66,43557,23,81283
9431,0.002226,172.31.33.0-255,66,43623,23,81283
9432,0.003099,172.31.33.0-255,66,43689,23,81283
9433,0.003133,172.31.33.0-255,66,43755,23,81283
9434,0.005031,74.125.68.0-255,4320,48075,23,81283
9435,0.005046,74.125.68.0-255,2902,50977,23,81283
9436,0.005187,74.125.68.0-255,2902,53879,23,81283
9437,0.005249,74.125.68.0-255,4320,58199,23,81283
9438,0.006232,74.125.68.0-255,5738,63937,23,81283
9439,0.006243,74.125.68.0-255,1484,65421,23,81283
9440,0.006483,74.125.68.0-255,5738,71159,23,81283
9441,0.007364,74.125.68.0-255,2902,74061,23,81283
9442,0.00773,74.125.68.0-255,7156,81217,23,81283
9443,0.007901,172.31.33.0-255,66,81283,23,81283
9444,0.0,74.125.130.0-255,153,153,23,280981
9445,8.1e-05,172.31.33.0-255,66,219,23,280981
9446,8.8e-05,74.125.130.0-255,1484,1703,23,280981
9447,9.2e-05,172.31.33.0-255,66,1769,23,280981
9448,9.8e-05,74.125.130.0-255,2902,4671,23,280981
9449,0.0001,172.31.33.0-255,66,4737,23,280981
9450,0.000106,74.125.130.0-255,7156,11893,23,280981
9451,0.000109,172.31.33.0-255,66,11959,23,280981
9452,0.000113,74.125.130.0-255,1995,13954,23,280981
9453,0.000116,172.31.33.0-255,66,14020,23,280981
9454,0.00012,74.125.130.0-255,2902,16922,23,280981
9455,0.000124,172.31.33.0-255,66,16988,23,280981
9456,0.000128,74.125.130.0-255,2902,19890,23,280981
9457,0.00013,172.31.33.0-255,66,19956,23,280981
9458,0.000152,74.125.130.0-255,4320,24276,23,280981
9459,0.000155,172.31.33.0-255,66,24342,23,280981
9460,0.000162,74.125.130.0-255,6797,31139,23,280981
9461,0.000164,172.31.33.0-255,66,31205,23,280981
9462,0.000291,74.125.130.0-255,1484,32689,23,280981
9463,0.000295,172.31.33.0-255,66,32755,23,280981
9464,0.000301,74.125.130.0-255,2902,35657,23,280981
9465,0.000303,172.31.33.0-255,66,35723,23,280981
9466,0.000324,74.125.130.0-255,4320,40043,23,280981
9467,0.000327,172.31.33.0-255,66,40109,23,280981
9468,0.000338,74.125.130.0-255,1484,41593,23,280981
9469,0.000342,172.31.33.0-255,66,41659,23,280981
9470,0.000365,172.31.33.0-255,66,41725,23,280981
9471,0.000372,74.125.130.0-255,7156,48881,23,280981
9472,0.000375,172.31.33.0-255,66,48947,23,280981
9473,0.000424,172.31.33.0-255,66,49013,23,280981
9474,0.001408,74.125.130.0-255,645,49658,23,280981
9475,0.001443,74.125.130.0-255,1484,51142,23,280981
9476,0.001447,172.31.33.0-255,66,51208,23,280981
9477,0.001454,74.125.130.0-255,4320,55528,23,280981
9478,0.001456,172.31.33.0-255,66,55594,23,280981
9479,0.001485,74.125.130.0-255,5738,61332,23,280981
9480,0.001488,172.31.33.0-255,66,61398,23,280981
9481,0.001507,74.125.130.0-255,2902,64300,23,280981
9482,0.001509,172.31.33.0-255,66,64366,23,280981
9483,0.001541,172.31.33.0-255,66,64432,23,280981
9484,0.00155,172.31.33.0-255,66,64498,23,280981
9485,0.001572,74.125.130.0-255,2184,66682,23,280981
9486,0.001574,172.31.33.0-255,66,66748,23,280981
9487,0.001657,74.125.130.0-255,1484,68232,23,280981
9488,0.001669,74.125.130.0-255,2902,71134,23,280981
9489,0.001672,172.31.33.0-255,66,71200,23,280981
9490,0.001676,74.125.130.0-255,2902,74102,23,280981
9491,0.001678,172.31.33.0-255,66,74168,23,280981
9492,0.001692,74.125.130.0-255,2902,77070,23,280981
9493,0.001694,172.31.33.0-255,66,77136,23,280981
9494,0.001706,74.125.130.0-255,1484,78620,23,280981
9495,0.001725,74.125.130.0-255,2902,81522,23,280981
9496,0.001727,172.31.33.0-255,66,81588,23,280981
9497,0.001731,74.125.130.0-255,2902,84490,23,280981
9498,0.001733,172.31.33.0-255,66,84556,23,280981
9499,0.001747,74.125.130.0-255,4320,88876,23,280981
9500,0.001749,172.31.33.0-255,66,88942,23,280981
9501,0.001769,74.125.130.0-255,4320,93262,23,280981
9502,0.001771,172.31.33.0-255,66,93328,23,280981
9503,0.001776,74.125.130.0-255,2902,96230,23,280981
9504,0.001778,172.31.33.0-255,66,96296,23,280981
9505,0.001799,74.125.130.0-255,5020,101316,23,280981
9506,0.001801,172.31.33.0-255,66,101382,23,280981
9507,0.00187,74.125.130.0-255,1484,102866,23,280981
9508,0.001875,74.125.130.0-255,2902,105768,23,280981
9509,0.001878,172.31.33.0-255,66,105834,23,280981
9510,0.001882,74.125.130.0-255,2902,108736,23,280981
9511,0.001884,172.31.33.0-255,66,108802,23,280981
9512,0.001897,74.125.130.0-255,1484,110286,23,280981
9513,0.001916,74.125.130.0-255,2902,113188,23,280981
9514,0.001919,172.31.33.0-255,66,113254,23,280981
9515,0.001951,74.125.130.0-255,2902,116156,23,280981
9516,0.001954,172.31.33.0-255,66,116222,23,280981
9517,0.00197,74.125.130.0-255,1484,117706,23,280981
9518,0.001981,74.125.130.0-255,1484,119190,23,280981
9519,0.001983,172.31.33.0-255,66,119256,23,280981
9520,0.002,74.125.130.0-255,2902,122158,23,280981
9521,0.002004,172.31.33.0-255,66,122224,23,280981
9522,0.002023,74.125.130.0-255,2902,125126,23,280981
9523,0.002025,172.31.33.0-255,66,125192,23,280981
9524,0.002042,74.125.130.0-255,2902,128094,23,280981
9525,0.002044,172.31.33.0-255,66,128160,23,280981
9526,0.002064,74.125.130.0-255,1484,129644,23,280981
9527,0.002067,74.125.130.0-255,1484,131128,23,280981
9528,0.00207,172.31.33.0-255,66,131194,23,280981
9529,0.00209,74.125.130.0-255,5020,136214,23,280981
9530,0.002092,172.31.33.0-255,66,136280,23,280981
9531,0.002132,74.125.130.0-255,1484,137764,23,280981
9532,0.002136,74.125.130.0-255,1484,139248,23,280981
9533,0.002138,172.31.33.0-255,66,139314,23,280981
9534,0.002148,74.125.130.0-255,1484,140798,23,280981
9535,0.002151,74.125.130.0-255,1484,142282,23,280981
9536,0.002153,172.31.33.0-255,66,142348,23,280981
9537,0.002178,74.125.130.0-255,4320,146668,23,280981
9538,0.002181,172.31.33.0-255,66,146734,23,280981
9539,0.002186,74.125.130.0-255,4320,151054,23,280981
9540,0.002188,172.31.33.0-255,66,151120,23,280981
9541,0.002199,74.125.130.0-255,2902,154022,23,280981
9542,0.002201,172.31.33.0-255,66,154088,23,280981
9543,0.002215,74.125.130.0-255,1484,155572,23,280981
9544,0.00222,74.125.130.0-255,4320,159892,23,280981
9545,0.002222,172.31.33.0-255,66,159958,23,280981
9546,0.00225,74.125.130.0-255,5738,165696,23,280981
9547,0.002252,172.31.33.0-255,66,165762,23,280981
9548,0.002257,74.125.130.0-255,5020,170782,23,280981
9549,0.002259,172.31.33.0-255,66,170848,23,280981
9550,0.002457,74.125.130.0-255,1484,172332,23,280981
9551,0.002504,74.125.130.0-255,2902,175234,23,280981
9552,0.002507,172.31.33.0-255,66,175300,23,280981
9553,0.002529,74.125.130.0-255,5738,181038,23,280981
9554,0.002531,172.31.33.0-255,66,181104,23,280981
9555,0.002533,74.125.130.0-255,1484,182588,23,280981
9556,0.002546,74.125.130.0-255,1484,184072,23,280981
9557,0.002548,172.31.33.0-255,66,184138,23,280981
9558,0.002552,74.125.130.0-255,4320,188458,23,280981
9559,0.002554,172.31.33.0-255,66,188524,23,280981
9560,0.002562,172.31.33.0-255,66,188590,23,280981
9561,0.002564,74.125.130.0-255,1484,190074,23,280981
9562,0.002569,74.125.130.0-255,4320,194394,23,280981
9563,0.00257,172.31.33.0-255,66,194460,23,280981
9564,0.002598,74.125.130.0-255,5020,199480,23,280981
9565,0.0026,172.31.33.0-255,66,199546,23,280981
9566,0.002613,172.31.33.0-255,66,199612,23,280981
9567,0.002621,172.31.33.0-255,66,199678,23,280981
9568,0.002623,74.125.130.0-255,1484,201162,23,280981
9569,0.002627,74.125.130.0-255,2902,204064,23,280981
9570,0.002629,172.31.33.0-255,66,204130,23,280981
9571,0.002638,172.31.33.0-255,66,204196,23,280981
9572,0.002641,74.125.130.0-255,4320,208516,23,280981
9573,0.002643,172.31.33.0-255,66,208582,23,280981
9574,0.002678,74.125.130.0-255,1484,210066,23,280981
9575,0.002698,74.125.130.0-255,1484,211550,23,280981
9576,0.002701,172.31.33.0-255,66,211616,23,280981
9577,0.002703,74.125.130.0-255,1484,213100,23,280981
9578,0.002711,172.31.33.0-255,66,213166,23,280981
9579,0.002716,74.125.130.0-255,5738,218904,23,280981
9580,0.002718,172.31.33.0-255,66,218970,23,280981
9581,0.002721,74.125.130.0-255,2902,221872,23,280981
9582,0.002723,172.31.33.0-255,66,221938,23,280981
9583,0.002726,74.125.130.0-255,2902,224840,23,280981
9584,0.002728,172.31.33.0-255,66,224906,23,280981
9585,0.002755,74.125.130.0-255,5020,229926,23,280981
9586,0.002758,172.31.33.0-255,66,229992,23,280981
9587,0.002767,172.31.33.0-255,66,230058,23,280981
9588,0.002781,74.125.130.0-255,7156,237214,23,280981
9589,0.002783,172.31.33.0-255,66,237280,23,280981
9590,0.002805,74.125.130.0-255,4320,241600,23,280981
9591,0.002807,172.31.33.0-255,66,241666,23,280981
9592,0.002817,172.31.33.0-255,66,241732,23,280981
9593,0.002832,74.125.130.0-255,4320,246052,23,280981
9594,0.002834,172.31.33.0-255,66,246118,23,280981
9595,0.002856,74.125.130.0-255,6438,252556,23,280981
9596,0.002858,172.31.33.0-255,66,252622,23,280981
9597,0.002867,172.31.33.0-255,66,252688,23,280981
9598,0.002904,172.31.33.0-255,66,252754,23,280981
9599,0.002909,74.125.130.0-255,5738,258492,23,280981
9600,0.002911,172.31.33.0-255,66,258558,23,280981
9601,0.00293,74.125.130.0-255,7156,265714,23,280981
9602,0.002932,172.31.33.0-255,66,265780,23,280981
9603,0.002939,74.125.130.0-255,7156,272936,23,280981
9604,0.00294,172.31.33.0-255,66,273002,23,280981
9605,0.002965,74.125.130.0-255,4320,277322,23,280981
9606,0.002967,172.31.33.0-255,66,277388,23,280981
9607,0.002977,172.31.33.0-255,66,277454,23,280981
9608,0.00298,74.125.130.0-255,2902,280356,23,280981
9609,0.002982,172.31.33.0-255,66,280422,23,280981
9610,0.003003,172.31.33.0-255,66,280488,23,280981
9611,0.003005,74.125.130.0-255,151,280639,23,280981
9612,0.003097,74.125.130.0-255,105,280744,23,280981
9613,0.004523,172.31.33.0-255,66,280810,23,280981
9614,0.004559,172.31.33.0-255,105,280915,23,280981
9615,0.006811,74.125.130.0-255,66,280981,23,280981
9616,0.0,172.31.33.0-255,105,105,23,918
9617,0.000109,172.31.33.0-255,105,210,23,918
9618,0.000366,172.31.33.0-255,90,300,23,918
9619,0.000375,172.31.33.0-255,66,366,23,918
9620,0.000561,172.31.33.0-255,90,456,23,918
9621,0.000569,172.31.33.0-255,66,522,23,918
9622,0.002659,74.125.68.0-255,66,588,23,918
9623,0.002694,74.125.68.0-255,66,654,23,918
9624,0.002703,172.31.33.0-255,66,720,23,918
9625,0.002814,74.125.24.0-255,66,786,23,918
9626,0.002843,74.125.24.0-255,66,852,23,918
9627,0.002846,172.31.33.0-255,66,918,23,918
9628,0.0,172.31.33.0-255,105,105,23,459
9629,0.00022,172.31.33.0-255,90,195,23,459
9630,0.000231,172.31.33.0-255,66,261,23,459
9631,0.002466,74.125.24.0-255,66,327,23,459
9632,0.002482,74.125.24.0-255,66,393,23,459
9633,0.002494,172.31.33.0-255,66,459,23,459
9634,0.0,172.31.33.0-255,105,105,23,1443
9635,6.1e-05,172.31.33.0-255,105,210,23,1443
9636,0.000112,172.31.33.0-255,105,315,23,1443
9637,0.000334,172.31.33.0-255,90,405,23,1443
9638,0.000344,172.31.33.0-255,66,471,23,1443
9639,0.000554,172.31.33.0-255,90,561,23,1443
9640,0.000561,172.31.33.0-255,66,627,23,1443
9641,0.00089,172.31.33.0-255,90,717,23,1443
9642,0.000897,172.31.33.0-255,66,783,23,1443
9643,0.002359,172.217.194.0-255,66,849,23,1443
9644,0.002378,172.217.194.0-255,66,915,23,1443
9645,0.002392,172.31.33.0-255,66,981,23,1443
9646,0.002601,74.125.24.0-255,66,1047,23,1443
9647,0.002607,74.125.24.0-255,66,1113,23,1443
9648,0.002611,172.31.33.0-255,66,1179,23,1443
9649,0.003133,74.125.24.0-255,66,1245,23,1443
9650,0.00315,74.125.24.0-255,66,1311,23,1443
9651,0.003154,172.31.33.0-255,66,1377,23,1443
9652,0.003157,74.125.24.0-255,66,1443,23,1443
9653,0.0,74.125.24.0-255,298,298,23,270904
9654,1.6e-05,172.31.33.0-255,66,364,23,270904
9655,2.2e-05,74.125.24.0-255,1484,1848,23,270904
9656,2.6e-05,172.31.33.0-255,66,1914,23,270904
9657,3.1e-05,74.125.24.0-255,2902,4816,23,270904
9658,3.4e-05,172.31.33.0-255,66,4882,23,270904
9659,3.8e-05,74.125.24.0-255,2902,7784,23,270904
9660,4.7e-05,172.31.33.0-255,66,7850,23,270904
9661,6.3e-05,74.125.24.0-255,2902,10752,23,270904
9662,6.6e-05,172.31.33.0-255,66,10818,23,270904
9663,7.6e-05,74.125.24.0-255,7156,17974,23,270904
9664,7.8e-05,172.31.33.0-255,66,18040,23,270904
9665,0.000103,74.125.24.0-255,6104,24144,23,270904
9666,0.000109,172.31.33.0-255,66,24210,23,270904
9667,0.000115,74.125.24.0-255,6797,31007,23,270904
9668,0.000117,172.31.33.0-255,66,31073,23,270904
9669,0.000158,74.125.24.0-255,1484,32557,23,270904
9670,0.00016,172.31.33.0-255,66,32623,23,270904
9671,0.000164,74.125.24.0-255,2902,35525,23,270904
9672,0.000166,172.31.33.0-255,66,35591,23,270904
9673,0.000182,74.125.24.0-255,2902,38493,23,270904
9674,0.000184,172.31.33.0-255,66,38559,23,270904
9675,0.000188,74.125.24.0-255,2902,41461,23,270904
9676,0.00019,172.31.33.0-255,66,41527,23,270904
9677,0.000221,74.125.24.0-255,4320,45847,23,270904
9678,0.000224,172.31.33.0-255,66,45913,23,270904
9679,0.000228,74.125.24.0-255,4320,50233,23,270904
9680,0.00023,172.31.33.0-255,66,50299,23,270904
9681,0.000257,74.125.24.0-255,7156,57455,23,270904
9682,0.000259,172.31.33.0-255,66,57521,23,270904
9683,0.00028,74.125.24.0-255,4320,61841,23,270904
9684,0.000282,172.31.33.0-255,66,61907,23,270904
9685,0.000288,74.125.24.0-255,3602,65509,23,270904
9686,0.000291,74.125.24.0-255,360,65869,23,270904
9687,0.000362,74.125.24.0-255,131,66000,23,270904
9688,0.000491,172.31.33.0-255,66,66066,23,270904
9689,0.000602,74.125.24.0-255,1484,67550,23,270904
9690,0.00062,74.125.24.0-255,2902,70452,23,270904
9691,0.000631,172.31.33.0-255,66,70518,23,270904
9692,0.000638,74.125.24.0-255,1484,72002,23,270904
9693,0.00066,74.125.24.0-255,2902,74904,23,270904
9694,0.000676,74.125.24.0-255,5738,80642,23,270904
9695,0.00069,172.31.33.0-255,66,80708,23,270904
9696,0.000708,74.125.24.0-255,7156,87864,23,270904
9697,0.000726,172.31.33.0-255,66,87930,23,270904
9698,0.000768,74.125.24.0-255,1887,89817,23,270904
9699,0.000775,172.31.33.0-255,66,89883,23,270904
9700,0.001431,74.125.24.0-255,1484,91367,23,270904
9701,0.00144,74.125.24.0-255,2902,94269,23,270904
9702,0.001444,172.31.33.0-255,66,94335,23,270904
9703,0.001474,74.125.24.0-255,5738,100073,23,270904
9704,0.001501,74.125.24.0-255,2902,102975,23,270904
9705,0.001527,74.125.24.0-255,1484,104459,23,270904
9706,0.001543,74.125.24.0-255,4320,108779,23,270904
9707,0.001569,74.125.24.0-255,5020,113799,23,270904
9708,0.001758,74.125.24.0-255,1484,115283,23,270904
9709,0.001764,74.125.24.0-255,2902,118185,23,270904
9710,0.001777,74.125.24.0-255,5738,123923,23,270904
9711,0.001798,74.125.24.0-255,5738,129661,23,270904
9712,0.001812,74.125.24.0-255,7156,136817,23,270904
9713,0.001833,74.125.24.0-255,2902,139719,23,270904
9714,0.002008,74.125.24.0-255,1484,141203,23,270904
9715,0.002014,74.125.24.0-255,2902,144105,23,270904
9716,0.002017,74.125.24.0-255,1484,145589,23,270904
9717,0.002038,74.125.24.0-255,4320,149909,23,270904
9718,0.002041,74.125.24.0-255,1484,151393,23,270904
9719,0.002075,74.125.24.0-255,2902,154295,23,270904
9720,0.002077,74.125.24.0-255,1484,155779,23,270904
9721,0.002112,74.125.24.0-255,766,156545,23,270904
9722,0.00238,74.125.24.0-255,1484,158029,23,270904
9723,0.002387,74.125.24.0-255,2902,160931,23,270904
9724,0.002412,74.125.24.0-255,5738,166669,23,270904
9725,0.00243,74.125.24.0-255,4320,170989,23,270904
9726,0.002476,74.125.24.0-255,1484,172473,23,270904
9727,0.002494,74.125.24.0-255,6438,178911,23,270904
9728,0.002497,74.125.24.0-255,1484,180395,23,270904
9729,0.002501,74.125.24.0-255,2902,183297,23,270904
9730,0.002518,74.125.24.0-255,2902,186199,23,270904
9731,0.002552,74.125.24.0-255,4320,190519,23,270904
9732,0.002557,74.125.24.0-255,3602,194121,23,270904
9733,0.002561,74.125.24.0-255,4320,198441,23,270904
9734,0.002579,74.125.24.0-255,2902,201343,23,270904
9735,0.002591,74.125.24.0-255,4320,205663,23,270904
9736,0.002623,74.125.24.0-255,2902,208565,23,270904
9737,0.002663,74.125.24.0-255,5738,214303,23,270904
9738,0.002706,74.125.24.0-255,6438,220741,23,270904
9739,0.002798,74.125.24.0-255,5020,225761,23,270904
9740,0.002804,74.125.24.0-255,5738,231499,23,270904
9741,0.002845,74.125.24.0-255,1484,232983,23,270904
9742,0.002859,74.125.24.0-255,2902,235885,23,270904
9743,0.002876,74.125.24.0-255,5738,241623,23,270904
9744,0.002902,74.125.24.0-255,4320,245943,23,270904
9745,0.002921,74.125.24.0-255,2902,248845,23,270904
9746,0.002925,74.125.24.0-255,2902,251747,23,270904
9747,0.002928,74.125.24.0-255,2902,254649,23,270904
9748,0.002948,74.125.24.0-255,2184,256833,23,270904
9749,0.002975,74.125.24.0-255,2902,259735,23,270904
9750,0.002992,74.125.24.0-255,2902,262637,23,270904
9751,0.003006,74.125.24.0-255,2902,265539,23,270904
9752,0.003033,74.125.24.0-255,2902,268441,23,270904
9753,0.003059,74.125.24.0-255,2292,270733,23,270904
9754,0.003062,74.125.24.0-255,105,270838,23,270904
9755,0.008714,172.31.33.0-255,66,270904,23,270904
9756,0.0,172.31.33.0-255,105,105,23,459
9757,0.000182,172.31.33.0-255,90,195,23,459
9758,0.00019,172.31.33.0-255,66,261,23,459
9759,0.00246,172.217.194.0-255,66,327,23,459
9760,0.002473,172.217.194.0-255,66,393,23,459
9761,0.002483,172.31.33.0-255,66,459,23,459
